"chr1","115986","116130","JH378105","47885237","47885382","23","47769251","GGCTGGGCGTGGTGGCTCATGCCTGTAATCCCAGCACTATGGGAAGCTGAGGCGGGCAGATCACAAGGTCAGGAGTTCAAGACCAGCCTGATCAACATGGAGAAGCCCCATCTCTACTAAAAATACAAAATTAGCCGGGCGTGAT","GGCTGGGCGCGGTGGCTCACGCCTGTAATCCCAGCACTTTGGGAGGCCGAGATGGGTGGATCACGAGGTAAAGAGATCGAGACCATCCTGGTCAACATGGTGAAACCCCGTCTCTACTAAAAATACAAAAATTAGCTGGGCATGGT"
"chr1","116588","116646","JH378213","5190098","5190153","18","5073510","TAATGGCGCCTGTGATCCCAGCTCCTCAGGAGGCTGAGGCAGGAGAATCGTTTGAAACC","GCGGCCGTAATTCCAGCTACTCGGGAGGCTGAGGCAGGAGAATCGCCTCAAATTGG"
"chr1","2273311","2273602","JH378257","294971","295263","48","1978340","ACGCCTGTAATCTCAGCACTTTGGGAGGCCAAGGCGGGCGGATCACAAGGTCAGGAGATCAAGACCATCCTGGCTAACGTGGTGAAACCCCGTCTCTACTAAAAAAAATACAAAAAAATTAGCTGGGTGTGGTGGCGGGCACCTGTAGTCCCAGCTACTTGGGAGGCTGAGGCAGGAGAATCGCTTGAACCTGGAAGGCGGAGGTTGTGGTGGGCCGAGATCGCACCATTGCACTCCAGCCTGGGTAACAAGAGCAAAACTCCATCTCAGGGGAAAAAAAAAAAAAAGCAAA","ACATCTGTAATCCCAGCACTTTGGGAGGCCGAGGCAGGTGGATCACGAGGTCAAGAGATCGAGACCATCCTGATCAACATGGTGAAACCCCGTCTCTACTAAAAATACAAAATAATTAGCTGGGCATGGTGGCGTGTGCCTGTAATCCCAGCTACTCAGGAGGCTGAGGCAGGAGAATTGCCTGAAACCAGGAGGCGGAGGTTGCAGTGAGCCGAGATCGCGCCATTGCACTCCAGCCTGGGTAACAAGAATGAAACTCTGTCTCAAAAAAAAAAAAAAAAAAAAGAAAGAAA"
"chr1","6058435","6058729","JH378245","3312448","3312742","39","2745987","GGCCGGGTGCAGTGGCTCACGCCTGTAATTCCAAAACTTTGGAAGGCTGGGGCAGGTGTATCATGAGGTCCGGAGTTCGAGACCAGCCTAGCCAACATGGTAAAACCCCATCTCTACTAAAAGTACAAAAATTAGCCAGGCGTGGTGGCGAGTGCCTGTAATCCCAGCTACTTGGGAGGCTGAGGCAGGAGAATCGCTTGAAACCGGAAGGCAGAGGTTGTAGTGAGCCAAGATCACGCCACTGCACTCCAGCCTGGGTGAAAGAGGAAAACTCCGTCTCAAGAAGAAAAAAAAA","GGCCAGTCGTGGTGGCTCTCGCCTGTAATCCCAGCACTTCGGGAGGCTGAGGCAGGCAGATCATGAGGTCAGGAGTTTGAGACCAGCCTGGCCAATATGGTGAAACCCCGTCTCTACTAAAAATACAAAAATTAGCTGGACATGGTGGTGGGCGCCTGTAATCCCAGCTACTTGGGAGGCTGAGGCAGGACAATCGCTTGAAACCTGAAGGCGGAGGTTGCAGTGAGCCAAGATCATGCCACTGCACTCCAGCCTGGGCGAAAGAGTAAAACTCCGTCTCAAAAAAAAAAAGAAA"
"chr1","6264538","6264836","JH378127","10024758","10025055","40","3760220","GGCCGGGCGCGGTGGCTCACGCCTGCAATCCCAGCACTTTGGGAGGCCAAGGCAGGTGGATCACGAGGTCAGCAGTTTCAGACCAGCCTGATCAATATGGTGAAACCCCATCTCCACTAAAAATACAAAAAAATTAGCTGGGCGTGGTGGCGGGCACCTGTAATCCCAGCGACTTGGGAGGCTGAGGCAGGAGAATCACTTGAAACCAGAAGGCAGAGGTTGCAGTGAGCCGAGATTGCACCACTGCCTTCTAGCCTGGGCAATAAGACCAAAACTCCGTCTCAAAAAAAAAAAACAAA","GGCCGGGCGCGGTGGCTCAAGCCTGTAATCCCAGCACTTTGGGAGGCCGAGGCGGGTGGATCACGAGGTCAAGAGATCGAGACCATCCTGGTCAACATGGTGAAACCCCGTCTCTACTAAAAATACAAAAAATTAGCTGGGCATGGTGGCGTGTGCCTGTAATCCCAGCTACTCAGGAGGCTGAGGCAGGAGAATTGCCTGAGACCAGGAGGCGGAGGTTGCAGTGAGCCGAGATCGCGCCATTGCACTCCAGCCTGGATAACAAGAGCGAAACTCCGTCTCAAAAAAAAAAAAAAAA"
"chr1","6388913","6389158","JH378135","1397577","1397847","61","4991336","GGCCAGGCGCAGTGGCTAATGCCTGTAATCCCAGCACTTTGGGAGGCTGAGGTGGGTGGATCACAAGGTCAGAAGTTTGAGACCAGCCTGGCCAACATCCCAGTTACTTGGGAGGCTGAGGCAGGAGAGTCGCTTGAAACCAGAAGACAGAGGTTGCATTGAGCTGAGATTGCACCACTGTACTCCAGCCTGGGCAACAAGAGTGAAACTCTGTCTCAAAAAAAAAAAAAAAAAGAAAGAAAGAAA","GGGTGGGCACAGTGGCTCACGCCTGTAATCCCAACACTTTAGGAGGCCAAGGCAGGCGGATCATGAGGTCAGGAGTTTAAGACCAGCCTGGCCAACATGTAGCCTCGTATTGGGTCCCTATAATCCCAGCTACTTGAGAGGCTGAGGCAGGAGGATCGCTTGAAACCGGAAGGTAGAGGTTGCAGTGAGCTGAGATCGTGCTGCTGCACTCCAGCCTGGGCAACAAGAGCGAAACTCTATCTCAAAAAAAAAAAAAAAAAAAAAAAAAAAA"
"chr1","7902253","7902612","JH378110","20343307","20343641","80","12441054","GGCTGGGCGCGGTGTCTCACGCCTGTAATCCCAGCACTTTGGGAGGCCGAGGCAGGTGGATCACGAGGTCAGCAGTTCAAGACCAACCTGACTAACATAGTGAAACCCTGTCTCCACCAAAAATACAAAAAAATTAGCTGAGCATGGTGGCGGGAGCCTGTAATCCTAGCGACTAGGGAGGCTGAGGCAGGAGAATCACTTGAAATTGGAAGGCAGAGGTTGCAGTAAGCCGAGATTGTGCCACTGCACTCTAGCCTGGGCAATAAGAGAAAAACTATGTCTAAATAAATAAATAAATAAATAAATAAAACAAAATAAATAAGTACGAATAAAACTTAAAACATAAATGACTAAAAAAAA","CTGGGTGCAGTGGCTCATGTCTGTAATCCCAGCACTTTGGGAGGCTGAGGCAGGTGGATCATGAGGTCAGGAGTTCGAGACCAGCCTGATCCAACATGATGAAACCCCATCTCTACTGAAATACAAAAATTAGCCAGGCATGGTGGCAGGCTTTTGTAATCCCAACTACTCTGAAGGCTGAGGGAGGAGAATCACTTGAAACTGGAAGGCAGAGGTTGCAGTGAGCTGAGATTGCACCCACTGCACTCCAGCCTAGGCAACAAGAGTGAAACTCTGTCTCAAAAAAAACAAAAACAAAAACAAAAACAAAAAACAAACAAACAAACAAAAAAACA"
"chr1","10658064","10658358","JH378164","8983183","8983477","44","1674881","GGGCATGGTGGCTCACACCTGTAATCCCAGCACTTTGGGAGGCCGAGGTGGGTGAATCACAAGGTCAGGGGTTCGAGAGCAGTCTGGCCAACATGGTAAAACCCCGTCTGTACTAAAAATACAAAAATTAGCCAGGTGTGGTAGCGGGCACCTGTAATCCCAACTACTTGGGAGGCCGAGGCAGGAGAATCACTGGAAACCGGAAGGCGGAGATTGCTGTGAGCCGAGATTGTGCCACTGCACTCCAGCCTGGGAAATAAGAGCAAAACTCAGTCTCAAAAAAAAAAAAAAAAAA","CGGGCACGGTGGCTCATGCCTGTAATCCCAGCACTTTGGGAGGCTAAGGTGGGTGGATCATGAGGCCAGGAGTTTGAGATCAGCCTGGCCAACATGGTGAAATCCTGTCTCCACTAAAAATATAAAAATTAGCCAGACGTGGTAGCAGGCACCTGTAATCCCAGCTGCTCGGGAGGCTGAGGCAGGAGAATCACTTGAAACTGGAAGGGGGAGGTTGTAGTGAGCCGAGATTGCACCACCGCACTCCAGCCTGGGCAAAAGAGTGAAACTCCATTTAAAAAAAAAAAAAAAAAAA"
"chr1","10705159","10705455","JH378257","294971","295263","45","10410188","TGGCTCACACCTGTAATCTCAGCACTTTGGGAGACCGATGGGGGCCAGATCACAAGGTCAAGAGATTGAGACCATCCTGGCCAACATGGTGAAACCCCGTCCCTACTAAAAATGGAAAAATTAGCTGGGGATGGTGGCGGGTGCCTGGAATCCCAGCTATCCAGGAGGCTGAGGCAGGAGAATCACTTGAAACCAGGAGGCAGAGGTTGCAATGAGCCGAGATCGCACCATTGCACTCCAGCCTGGGCGACAAGAGCAAAACTCTGTCTCAAAAAACAAAACAAAACAAAAAAAAAA","ACATCTGTAATCCCAGCACTTTGGGAGGCCGAGGCAGGTGGATCACGAGGTCAAGAGATCGAGACCATCCTGATCAACATGGTGAAACCCCGTCTCTACTAAAAATACAAAATAATTAGCTGGGCATGGTGGCGTGTGCCTGTAATCCCAGCTACTCAGGAGGCTGAGGCAGGAGAATTGCCTGAAACCAGGAGGCGGAGGTTGCAGTGAGCCGAGATCGCGCCATTGCACTCCAGCCTGGGTAACAAGAATGAAACTCTGTCTCAAAAAAAAAAAAAAAAAAAAGAAAGAAA"
"chr1","10939635","10939924","JH378217","248242","248529","52","10691393","GGCTGGGCACGGTGGCTCACACCTGTAATTCCAGCACTTTGGGAGGCCGAGGTGGGTGGATCATGAGGTCAGGAGTTCGAGACCAGCCTGGCCAACATAGTGAAACCCCATCTCTACTAAAAATACAAAAAATTAGCTGAGCGTGGTGGCGGGCACCTGTAATCCCAGCTACTCGGGAGGCTGAGGCAGGAGAATTGCTTGAAATCAGGAGGCAGATCACACCACTGCACTCCAACCCGGGCAGGTAGAGCCAAACTCCACTCTACTAAAAAAAAAAAAAGAAAGAAAAA","GCTGGGCATGGTGGCTCACGCCTGTAATCCCAGCACTTTGGGAGGCCGAGGCGGGTGGATCATTGAGGTCAAGAGATCGAGACCATCCTGGTCAACATGGTAAAACCCTGTCTCTACTAAAAATACAAAACATTAGCTGGGCATGGTGGTGCGTGCCTGTAATCCCAGCTACTCAGGAGGCTGAGGCAGGAGAATTGCCGTGAGCCGAGATCGCGCCATTGCACTCCAGCCTGGGTAACAAGAGCGAAACTCTGTCTCAAAAAAAAAAAAAAGAAGAAGAAGAAGAAA"
"chr1","11133695","11133865","JH378124","5290980","5291152","33","5842715","TTAGCTGGGTGTGGTTGCGGGCGCCTGTAATCCCAACTACTTGGGAGGCTGAGGCAGGAGAATCGCTTAAAACCGGAAGGCGGAGGTTGCAGGGAGCCGAGATCATGCCACTGCATTCCAGCCTGAGTGAAAGAGCGAAACTCTGTCTCAAAACAGAAAAAGAAAAAAAGA","TAGCTGGGCATGGTGGCAAGAGCCTGTAATCCCAGCTACTGGGGAGGCTGAGGCAGGAGAATCGCTTGAAATTGGAAGGCAAAGGTTGCAGTGACCAGAGATTGTGCCACTGCACTTCAGCCTGGGCAACAAGAGTGAAACTCTGTCTCAAAAGTAAAAATAAAAAAATAAAA"
"chr1","11340545","11340839","JH378127","10024758","10025055","39","1315787","GCCGGGCGCAGTGGCTCAGCCTGTAATCCCAGCACTTTGGGAGGCCAAGGCGGGTGAATCACGAGGTCAGGAGTTCAAGACCAGCCTGGCCAACATGGTGAAACCCTGTCTCCACCAAAAATACAAAAATTAGCTGGGCATGGTGGCGTGTGCCTGTAATCCCAGCTACTCAGGAGGCTGAGGCAGAACTGCTTGAAGCGGGACTTAGGAGGTGGAGGTTGCGGTGAGCCGAGACCACGCCATTGAACTCCAGCCTGGGCAACAAGAGTAAAACTGTCTCCAAAAAAAAAAAAAA","GGCCGGGCGCGGTGGCTCAAGCCTGTAATCCCAGCACTTTGGGAGGCCGAGGCGGGTGGATCACGAGGTCAAGAGATCGAGACCATCCTGGTCAACATGGTGAAACCCCGTCTCTACTAAAAATACAAAAAATTAGCTGGGCATGGTGGCGTGTGCCTGTAATCCCAGCTACTCAGGAGGCTGAGGCAGGAGAATTGCCTGAGACCAGGAGGCGGAGGTTGCAGTGAGCCGAGATCGCGCCATTGCACTCCAGCCTGGATAACAAGAGCGAAACTCCGTCTCAAAAAAAAAAAAAAAA"
"chr1","11434785","11435075","JH378151","1290971","1291257","44","10143814","GGCCCGGCATGGTGGCTCTTGCCTGTAATCCCAGCACTTTGGGAGGCCAAGACAGGTGGATCACGAGGTCAGGAGTTCGAGACCAGCATGGCCAACATGGTAAAAACCCTGTCGCTACTAAAAATACAGAAAAATTAGCCGGGCATGTTGGCAGGCACCTATAATCCCAGCTACTTGGGAGGCTGAGTGAAGAGAATCGCTGGAAACTGGGAGGTGGAAGTTGCAGTGAGCCGAGATCGCACCACTGCACTCCAGCCTGGGCAACAAGAGTAAGACTCCATCTCAAAAAAA","GGCCAGGTCCAGTGGCTCATGCCTATAATCCCAGCACTTTGGGAGGCTGAGGCAGGAGGATCACTAGGTCAAGAGATCGAGACCAGCGTGGCCAACATGGTGAAACCTTGTCTCTACTAAAAATACAAAAATTAGCTGGGCATGGTGGCAGGCACTGTAATCCCAGCTACTCAGGAGGCTGAGGCAGGAGAATCTCTTGAATCTGGAAGGCAGAGGTTACAGTGAGCCGAGATCACACCACTGCACTCCAGCCTGGGCAAAAGAGTGAGACTCTGTCTCAAAAAAAA"
"chr1","11522623","11522892","JH378300","522382","522652","52","11000241","GCCAAGCGTAGTGGCTCATGCCTGTAATCCCAGCACTTTAGGAGGCCGAAGTGTGTGGATCACAAGGTCAGGAGTTCAAGATCAGCTTGGCCAACATGATGAAACTCCATCTCTACTAAAAATACAAAAATTAGCCGGGTGTGGGGTCACACGCCCTGTAATTCTAGCTACTCGGGAGGCGGAGGTTGTGGTGAGCTGAGATCACGCCACTGCTCTCCAGCCTGGGCAACAAGAACGAGACTCCATCTCAAAAAGAAAAAAAAAAAAAAA","GGCCGGGCACGGTGGCTCACGCCTGTAATCCCAGCACTTCGGGAGGCTGAGGCGGGTGGATCGCGAGGTCAAGAGATCGAGACCATCTTGGTCAACATGGTGAAACCCCGTCTCTACGAAAAATACAAAAATTAGCTGGGCATGGTGGCGGGTGCCTGTAATCCCAGCTACTCAGGAGGCGGAGGTTGCGGTGAGCCGAGATCGCGCCATTGCACTCCAGCCTGGGTAACAAGAGCAAAACTCTGACTCAAAAAAAAAAAAAAAAAAAAAA"
"chr1","11864449","11864746","JH378160","9491908","9492202","43","2372541","GGCTGGGCATGGTGGCTCATGCCTGTAATCTTAGCACTTTGGGAGGCCTAGATGGGCAGATCACATGAGGTCAGAAGTTCGAGACCAGCCTGGCCAACATGGTAAAGCCCCGCCTCTACTAAAAATACAAAAATTAGCCAGGTATGGTGGCGTGCACCTGTAATCCCAGCTATTTGGGACGCTGAGGCAGGAGAATCGCTTGAAACCAGAAGGTGGAGGTTGCCGTGAGCTGTGATCATACCACAGCACTCCAGCCTAGGCAACAAGAGCGCAACTCCATCTCAAAACAAACAAAAAA","GGCTGGGTGTGGTGGTTCACGCCTGTAATCTCAGCACTTTGAAAGGCCTAGCCAGGCAGATCACAAGGTCAGGAGTTTGAGACCAGCCTGGCCAACATAGTGAAACCCCATCTCTACTAAAAATACAAAAATTAGCCCAGTGTGGTGGCTGGCACCTGTAATCCCAGCTATTTGGGAGGCTGAGGCAGGAGAATTGCTTGAAACTGGAAAGTGGAGGTTGCAGTGAGCCGAGATCACGCTGCTGCACTCCAGCCTGGGCAACAAGAGTGAAACTCCATCTCAAAAAACAAAAAAA"
"chr1","15599198","15599509","JH378182","4696933","4697238","42","10902265","GCCGGGCACAGTGGCTCACGCCTGAAATCCCAGCACTTTGGGAGGCTGAGGCAGGCAGATCACGAGGTCAAGAGATGGAGACCATCCTGGCCAATATGGTGAAACCCCATCTCTGCTAAAAAATACAAAAAATTAGCTGAGTGTGGTGGTGTGTGCCTGTAGTCCCAGCTACTCTGGAAGCTGAGGCAGGATAATCGCTTGAAATCGGGAAGCCGAGGTTGCAGTGAGCCGAGATCGCGCCACTGCACTTCAGCCTGGGCAACAAGAGCAAAACTCTGTCTCAAAACAAAAACAAAGAAACAAACAAAAAAA","GCCAAGCGCGGTGGCTCAAGCCTGTAATCCCAGCACTTTGGGAGGCCGAGGCAGGCGGATCACGAGGTCAAGAGATCGAGACCATCCTGGTCAACATGGTGAAACCCTGTCTCTACTAAAAATACAAAACATTAGCTGGGCATGGTGGCGCGTGCCTGTAATCCCAGCTACTCAGGAGGCTGAGGCAGGAGAATTGCCTGAAACCAGGAGGCGGAGGTTGCGGTGAGCCGAGATCGCGCCATTGCACTCCAGCCTGGGTAACAAGAGCGAAACTCCGTCTCAAAAAAAAAAAAAAAAAAAAAAAAA"
"chr1","17280432","17280699","JH378300","522382","522652","33","16758050","GGCCAGGCGCGGTGGCTGACACCTGTAATCCCAGCACTTTGGGAGGCTGAGGCAGGTGGATCACGAGGTCAGGAGATGGAGACCATCCTGGCTAACATGGTGAAACCCTATCTCTATAAAAATACAAAAATTAGCTGGGTGTGGTGGCGGGCACCTGTAATCCCAGCTACTCGGGAGGCAGAGGTTGCGGTGAGCCAAGATTGCACCATTGCACTCCAGCCCGGGCAACAAGAGCAAAACTTCGTCTCAAAAAAAAAAGAAAAAAAAA","GGCCGGGCACGGTGGCTCACGCCTGTAATCCCAGCACTTCGGGAGGCTGAGGCGGGTGGATCGCGAGGTCAAGAGATCGAGACCATCTTGGTCAACATGGTGAAACCCCGTCTCTACGAAAAATACAAAAATTAGCTGGGCATGGTGGCGGGTGCCTGTAATCCCAGCTACTCAGGAGGCGGAGGTTGCGGTGAGCCGAGATCGCGCCATTGCACTCCAGCCTGGGTAACAAGAGCAAAACTCTGACTCAAAAAAAAAAAAAAAAAAAAAA"
"chr1","17292361","17292446","JH378222","5812451","5812511","31","11479910","CCTGTAATCCCAGCTACTTGACAGGCTGAGGTAGGAGAATCGCTTGAACCTGATGGCGGCTGCAGGTTGCAGTGAGCCAAGATTGC","ATCTCAGCTACTTGGGAGGCTGAGGCAGGAGAATCCCTTGAAACCGGTAGGTGGAGGTTGC"
"chr1","17704088","17704364","JH378300","1082016","1082293","56","16622072","GTAATCCCAGCATTTTGGGAGGCTGAGGCAGGTGGATCACGAGATCAGGAGTTTGAGACCAGCCTGACCAACATGGTGAAATCTGGTCTCTACTAAAAAAAAAAAAAATACAAAAATTAGCCAGGCGTGGTGGTGGGCGCCTGTAATCCCAGCTACTCAGGAGGCTGAGGCAGAAGAATCCCTTGAAACCGGAAGGTGGAGGTTGCAGTAAGCCGAGATTGCCCCACTCCTGGTCAACAAGAGTGAAACTACCTTTAAAAAAAAAAAAAAAAAAGAA","CTGTAATCTCAGCACTTTGGGAGGCCAAGGTTGATGGATCACGAGGTCAGGAGTTTGAGACCAGTCTGGCCAACATGGTGAAACCCTGTCTCTACAAAAAAATACAAAAATTAGCCAGGCATGGTGGCAGGCACTTGTAATCCCAGCTACTCGGGAGGCTAAGGCAGGAGAAGCACTTGAAACTGGAAGGCGGAGGTTGCAGTGAGCTGAGATCATGCCACTGCACTCCAGCCTGGGCAAAGGAGCGAAACTCCATCTCAAAAAAAAAAAAAAAGAAA"
"chr1","18572153","18572423","JH378214","2331537","2331805","36","16240616","GGCCAGGCGCGGTGGCTCACACCTGTAATCCCAGCACTTTGGGAAGCCGAGGTGAGTGGATCACAAGGTCAGGAGTTTGAGACCAGCCTGGCCAACATGGTGAAACCCTGTCTCTACTTAAAATACAAAAATTAGATGGGCATGGTGGCAGGCGCCTGTAATCCTAGCTACTTAGGAGGCTGAGGCAGGAGAATCACTTGAAACCGGAAGGTGAAGGTTGCAGTAAGCCAAGATTGTGCCACTGCACTCCAACCTGGGCAAAAGAGCAAAA","GGCCTGGCATGGTGGCTCACACCTGTAATCCCAGCACTTTGGGAGACCAAGGTGGGCGATCATAAGGTCAAGCGTTCAAGATCAGCCTGGCCAACATGGTGAAACCCTGCCTCTACTAAAAATACAAAAATTTGCTGGGCATGGTGGCGGGCACCTGTAATCCCAACTACTCAGGAGGCTGAGGCAGGAGAATCACTTGAAACCTGAAGGTGGAGGTTGCAGTGAGCCGAGATCGCGCCATTGCACTCCAACCTGGGTAACGAGTGAAA"
"chr1","18628059","18628340","JH378127","10024758","10025055","44","8603301","GGCCGGGCGCAGTGGCTCACGCCTATAATCCCAGCACTTTGGGAGGCCGAGGCGGGAGGATCACGAGGTCAGGAGTTCGAGACCAGCCTGGCCAACATGGTGAAACCCCGTCTCTACTAAAAATACAAAAAGTAGCCGGGCGTGATGGCGGACGCCTGTAATCCCAGCTACTCAGGAGACTGAGGCAGGAGAATCGCTTGAATCAGGGAGGCGGAGGTTGCAGGGAGCGGAGACTCCAGCCTGGGCAAGAAGAGTGAAACTCCGTCTTAAAAAAATAAATAA","GGCCGGGCGCGGTGGCTCAAGCCTGTAATCCCAGCACTTTGGGAGGCCGAGGCGGGTGGATCACGAGGTCAAGAGATCGAGACCATCCTGGTCAACATGGTGAAACCCCGTCTCTACTAAAAATACAAAAAATTAGCTGGGCATGGTGGCGTGTGCCTGTAATCCCAGCTACTCAGGAGGCTGAGGCAGGAGAATTGCCTGAGACCAGGAGGCGGAGGTTGCAGTGAGCCGAGATCGCGCCATTGCACTCCAGCCTGGATAACAAGAGCGAAACTCCGTCTCAAAAAAAAAAAAAAAA"
"chr1","18793810","18794096","JH378151","1290971","1291257","43","17502839","GGCCGGGCACTGTGGCTCATGCCTGTAATCCCAGCAGTTTGGGAGGCTGAGGCGGACGGATCACGAGGTCAGGAGTTTGAGACCAGCCTGGCCAACACGGTGAAACCCCATCTCTACTAAAAATACAAAAATTAACTGGACATGGTGGTGGGTGCCTGTAATCCCAGCTACTCGGGAGGCTGAGGCAAGATAATCGCATGAAGTCGGAAGGCAGAGGTTGCAGTGAGCCACGATCGCACCACTGCACTCCAGCCTGGGCAAAAGAGGGGAACAACGTCTCAAAAGAA","GGCCAGGTCCAGTGGCTCATGCCTATAATCCCAGCACTTTGGGAGGCTGAGGCAGGAGGATCACTAGGTCAAGAGATCGAGACCAGCGTGGCCAACATGGTGAAACCTTGTCTCTACTAAAAATACAAAAATTAGCTGGGCATGGTGGCAGGCACTGTAATCCCAGCTACTCAGGAGGCTGAGGCAGGAGAATCTCTTGAATCTGGAAGGCAGAGGTTACAGTGAGCCGAGATCACACCACTGCACTCCAGCCTGGGCAAAAGAGTGAGACTCTGTCTCAAAAAAAA"
"chr1","22018082","22018382","JH378257","739639","739933","49","21278443","GGCCGGGCACAGGGGCTCACACCTGTAATCCCAGCACTTTGGGACGCAGAGGCGGGCGGCTCACAAGGCTAGGAGTTCAAGACCAGCCTGTCCAGTATGTAGAACTCCATCTCTACTAAAAATACACACACACACAAATTAGCTGGGCCTGGTGGCACGCGCCTGTAATCCCAGCTACTCAGGAGGCTGATGCAGTAGAACCGCTTGAACCTGCAAAGCAGAGGTTGCAGTGAGCCGAGATCACGCCATTGCACTCCAGCCTGGGCAACAAGAGTGAAACTCCGTCTCAAAAAAAAAGAAA","GGCCGGTCGCAGTGGCTCACGCCTGTAATCCCAGCACTTTGGGAGGCCGAGGCGGGTGGATCACGAAGGTCAAGAGATCGAGACCATCCTGGTCAACATGGCGAAACCCTGTCTCTACTAAAATTACCAAAAAAATTAGCTGGGCGTGGTGGCTCGTGCCTGTAATCCCAGCTACTCAGGAGGCTGAGGCAGGAGAATTGCCTGACCCAGAAGGCAGAGGTTGCGGTGAGCCGAGATCGCGCCATTGCACTCCAGCCTGGGTAACAAGAGTGAAACTGTCTCAAAAAAAAAAAAA"
"chr1","23564880","23565164","JH378257","155958","156242","48","23408922","GACCAGGTGTGGTGGCTCATGCGTGTAATCCCAGCACTTTGGGAGGCCGAGGAGGGCAGATTATGAGGTCAGGAGTTCAAGATCAGCCTGGCCAACATGAGAAACCCCATAACTACTAAAAATAGAAAAAATAGCTGGGCGTGGTGGTGGGCACCTATAATCCCAGCTACTTGGGAGGCTGAGGCAGTAGAATCACTTGAAATAGGAACGTGGAAGTTGCAGTGAGCTGAGATTGTGCCACTGCACTGCAACTTGGGCAGCAAGAGTGAAACTGTCTCAGAAAAA","GGCCAGGCACGGTGGCTCATGCCAGTAATCACAGCACTTTGGGAGGCTGAGGTGGGCGGATCATGAGGTCAGGAGTTCAAGACCAGCCTGACCAGCATGGTGAAACCCCATCTCTACTAAAAATAAAAAAATTAGCTGGGCGTGGTCACAGGTTCCTGTAATCCCAGCTACTTGGGAGGCTGAGGCAGGACAATCGCTTGAAACCGGAAGGCAGAGGTTGCAGTGAGCTGAGATTGCGCCATTGCGCTCCAGCTTGGGCGAAAGAGTGAAACTCCATCTCAAAAA"
"chr1","24880099","24880369","JH378107","6629710","6629970","58","18250389","GCCGGGCATGGTGGCTCATGCCTCTAATCCCAGCACTTTGGGGGGCTGAGGTGGGCAGATCATGAGGTCAGGAGTTCAAGACCAGCCTGGCCAACACGGTGAAACCGTGTCTCAACTAAAAATACAAAAATTAGCCAGGCATGGTGGTATGCGCCTGTAATCTCAGCTACTCAGGAGGCAGAGGTTGCAGTGAGCCGACATCGTCCNNNNNNNNNNTCAAGACCAGCCTGGCCAACACGGTGAAACCGTGTCTCAACTAAAAATACAAAAA","GCCAGGCATGGTGGCTCACGCCTGTAATCCCAGCACTTTGGGAGGCTAAGGCGGGTAGATCACCGAGGTCAGGAGTTCAAGACCAGCCTGGCCAACATGGTGAAACCCTGTCTCTACTAAAAATACCAAAATTAGCCAGGCATGGTGGCCTGTAATCCCAGCTACTTGAGGCTGAGGCAGGAAGTTGCAGTGAGCTGAGATTGTGCCAATGCACATTCCAGCCTGGGCAACAAGAGCGAGACTCGGTCTCAAAAAAAAAAA"
"chr1","25818375","25818680","JH378106","12647150","12647453","56","13171225","GGCTGGGCGCGGTGGCTCACGCCTATAATCCCAGCACTTTGGGAGGCCAAGGAGGGCGGATAACGAGGTCAGGAGTTTGAGCCAGCCTCGTTAACATGGTGAAAATCCGTCTCTACTAAAAATACTATATATATATATACAGCCAGATATGGTGGTGGGTGCCTGTAATCCCAGCTACTTGGGAGATTGAAGCAGGAGAATCTCTCAAAACTGGAAGGCGGAGGTTGCAGTGAGCTGGGATCGCACCACTGACCTCCAGCCTGGACAACAAGAGTGAAACTCCGTAAAAAAAAAAAAAAAAAAAAA","GGCCGGGCGCGGTGGCTCAAGCCTGTAATCCCAGCACTTTGGGAGGCCGAGGCGGGTGGATCACGAGGTCAAGAGATCGAGACCATCCTGGTCAACATGGTGAAACCCTGTCTCTACTAAAAATACTAAAAATTAACTGGGCATGGTGGCGTGTGCCTGTAATCCCAGCTACTCAGGAGGCTGAGGCAGGAGAATTTCCTGAAACCAGGAGGCGGAGGTTGCGGTGAGCCGAGATCGCGCCATTGCACTCCAGCCTGGGTAACAAGAGCAAAACTCCGTCTCAAAAAAAAAAAAAAAAAAAAAA"
"chr1","26453946","26454276","AGCE01149172","369","683","61","26453577","GGCTGAGTGCAGTGGCTCACACCTGTAATCCCAGCACTTTGGGAGGCCAAGGCAGGCAGATCAGAAGGTCAGGAGTTCAAGACCAGCCTGCCCAGCATGGTGAAATCCCATCTCTACTAAAAATACAAAAATTAGCCAGGCGTGGTGGTCTCTCTACTAAAAATACAAAAATTAGCCAGGCGTGGTGGTGGGCACCTGTAATCCCAGCTACTCAGGAGGCTGAGGCAGGAGAATTGCTTGAAACTGGAAGGTGGAGGTTACAGTGAGCTGAGATCTTGCCACTGCACTCCAGCCTGGGCAACAAGAGTGAAACTCCATCTAAAAAAAAAAA","GGCTGGATGCAGTAGTACACGCCTGTAATCCCAGCACTATGGGAGGCTGAGGTGGGCAGATCATGAGGTCAGGAGTTCAAGACCAGCTTGCTAACATGGTGAAAGCCCGTCTGTACTAAAATACAAAAATAAGCCAGGTGTGGGGTACTGAAATACAAAAATTACAGGTGGCGGCCTGTAATCCCAGCTACTCAGGAGGCTGAGGCAGGAGAATTGCTTGAAACCAGAAGGCGGAGGTTGCAGTGGCCCGAGATCCCATCACTGCACTCCAGCCTGGGTAACAAGAGTGAAACTCTGTCTTAAAAAAAAAAAAAA"
"chr1","28568495","28568673","JH378150","16479013","16479192","35","12089482","GGCTGAGTGTGGTGGTTCATGCCCGTTATCCAGCACTTTGGGAGGCTGAGTCAGGTGGATCACGAGGTCAGGAGTTTGAGACCAACCTCACTAACATGGTGAAACCTTGCCTTTACTAAAAATACAAAAATTAGCTGGGTATGGTGGCAGGCCTTGTAATCCCAGCTGCTCAGGAGGCT","GGCTGGGCACGGTGACTCACGCTTGTAATTCCAGCACTTTGGGAGGCTGAGGCGGGTGGATCACGAGGTCAAGAGATCGAGACCGTCCTGGCCAACATGGTGAAACCCCATCTCTACTAAAAATACAAAAATTAGCCGGGCATGGTGGCAGGTGCCTGTAATCCCAGCTACTTGGGAGGC"
"chr1","32576748","32577054","JH378120","4029777","4030079","49","28546971","GGCCAGGCGCGGTGGCTCACGCCTGTAATCCCAGCACTTTGGGAGCCAGAGACGGGTGGATCACGAGGTCAGGAATTCAAGAACAGCCTGGCCAACATGGTGAAACCCTGTCTCTACTAAAAATACAAAAATCAGTCAGATGTGGTGGCACGCCTGTAATCCCCGCTACTCGGGAGACTGAGGCAGGAGAATCGCTTGAAACTGGAAGGCAGAGGTTGCAATGAGCTATCACACCACTGCACTCCAGCCTGAGTGAAAGAGCAAAACTCTGTCTCAAAAATAAAAATAAATTAAAAAATAAAATAAA","GGCCAGGAGCGGTGGCTCATGCCTGTAATCCCAGCACTTTGGGAGGATGAGGAGGGCAGATCACGAGGTCAGGAGATCAAGACCAGCCTGGCCAACATGGTGAAACCCCATCTCTACTAAAAACACAAAAATTATCCAGGTGTGGTGACAGGCGCCTATAATCCCAGCTACTCGGGAGGCTGAGGCCAGAGAATCACTTGAAACTGGAAGGCAGAGTTGCAGTGAGCCGAGATCACACCATTGCACTCCAGACTGGGTGAAAGAGCGAAACTCTGTATCCAAAAAAAAGAAAAAAAAAAAAAA"
"chr1","32740763","32741064","JH378129","7783178","7783478","41","24957585","GGCCAGGTGTGGTGGCTCACACCTGTAATCCCAGCAATTTGGGAGGCCAAGGTGGGCAGATCACGAGGTCAGGAGTTCAAGACCAGCCTGGCCAACATGGTGAAACTCGTCTCTACTAAAAATACAGACATTAGCCGGGCAATGGTGGCAGGCGCCTGTAATCCCAGCGACTCGGGAGGCTGAGTCAGGAGAATTGCTTGAAATCAGAAGGCGGAGGTTGCAGTGAGCGGAGATCGGGCCACTGCACTCCAGCCTGAGCAACAAGAGTGAAACTGTCTCAAAAAAAAAAAGAAGAAGAAGAA","GGCCGGGCGCGGTGGCTCAAGCCTGTAATCCCAGCACTTTGGGAGGCCGAGGTGGGTGGATCACGAGGTCAAGAGATCGAGACCATCCTGGTCAACATGGTGAAACCCTGTCTCTACTAAAAATACTAAACATTAGCTGGGCATGGTGGCGCATGCCTGTAATCCCAGCTACTCAGGAGGCTGAGGCAGGAGAATTGCATGAAACCAGGAGGCGGAGGTTGCGGTGAGCCGAGATCGTGCCATTGCACTCCAGCCTGGGCAACAAGAGTGAAACTCCGTCTCAAAAAAAAAAAAAAAAGAA"
"chr1","34521717","34522013","JH378257","155958","156242","62","34365759","GCCAGGCACGGTGGCTCATGCCTGTATTCCCAGCACTTTGGGAGGCAGAGGCGGGCAGATCATGAGGTCAGGAGTTTGAGACCAGCCTGGCCAAGAGACCAGCATGGCTAATATGGTGAAACCCCATCTCTACTAAAAATACAAAATTAGATGGGAGTGGTGGCGCATGCCTATAATCCCAGTTACTCGGGAGACTGAGGCAGGAGAATCACTTGAACCTGGAAGGCAGAGGTTGTGGTGAGCCGAGATTGCATCATTGCACTCCAGCCTGGGCAACGAGAGCAAAACTCCATTTTA","GGCCAGGCACGGTGGCTCATGCCAGTAATCACAGCACTTTGGGAGGCTGAGGTGGGCGGATCATGAGGTCAGGAGTTCAAGACCAGCCTGACCAGCATGGTGAAACCCCATCTCTACTAAAAATAAAAAAATTAGCTGGGCGTGGTCACAGGTTCCTGTAATCCCAGCTACTTGGGAGGCTGAGGCAGGACAATCGCTTGAAACCGGAAGGCAGAGGTTGCAGTGAGCTGAGATTGCGCCATTGCGCTCCAGCTTGGGCGAAAGAGTGAAACTCCATCTCAAAAA"
"chr1","37507736","37508043","JH378154","84041","84351","49","37423695","GGCCAGGCGCAGAGGCTCAAGCCTGTAATCCCAGCATTTTGGGAGGCCGAGGCGGGTGGATCATGAGGTCAGGAGTTTGAGACCAGCCTGACCAACATGGTGAAACCCCATCTCTACTAAAAGTACAAAAATTAGTCGGACATGCCAGTGGGCGCTTGTAATCCCAGCTTCTCGGGAGGCTGAGGCAGGAGAACCGCTGAAGCCAGAAGACAGGTTGCAGTGAGCCGAGATTGTGCCACTGCATTCCAGCCTGGGCAAAAAGAGCAAGACTCCATCTCAGAAAAAAAAGGGAAAAAAAAAAAAAAAAA","GGCCAGGCGCAGTGGCTCAAGCCTGTAATCCCAGCACTTTGGGAGGCCAAGGCAGGTGGATCACGAGGTCAAGAGATCGAGACCATCCTGGTCAACATGGTGAAACCCCGTCTCCACTAAAAATACAAAAATCAGCTGGGCATGGTGGCGCATGCTTGTAATCCCAGCTACTCAGGAGGCTGAGGCAGGAGAATTGCCTGAAACCAGGAGGCGGAGGTTGCGGTGAGCCGAGATCGAGCCATTGCACTCCAGCCTGGGTAACAAGAGCAAAACTCCATCTCAAAAAAAACAAAAACAAAAAACAAAAAAAA"
"chr1","41203017","41203349","JH378116","27615727","27616051","56","13587290","GGCCGGGCGCGGTGACTCACGCCTGTAATCTCAGCACTTTGGGAGGCCAAGGCGGGTGGATCCTGACGTCAGGAGTTGGAGACTAGCCTGGTCAACATGGTGAAACCCTGTCTCTACCAAAAAATACAAAAATTAGCTGGGCATGGTGGCAGGTGTCTATAATCGCAGCTACTCGGGAAGCTGAGCCAGGTGTATTGCTTGAAACCAGAAGTCAGAGTTTGCAGGGAGTGGAGATCGTGCCATTGCACTCCAGCCTGGGCGAAAGAGTCAAACTCTGTCTCAAATTAAATAAATAAATAAATAAATAAATAAATAAATAAATAAATAAATAAA","GGCCGGGCGCGGTGGCTCAAGCCTGTAATCCCAGCACTTTGGGAGGCGAGGCGGGGGGATCACGAGGTCAACAGATCGAGACCATCCTGGTCAACATGGTGAAACCCTGTCTCTACTAAAAATACAAAAAATTAGCTGGGCATGGTGGCGTGTGCCTGTAATCCCAGCTACTCAGGAGGCTGAGGCAGGAGAATTGCCTGAAACCAAGAGGCGGAGGTTGCGGTGAGCCAAGATCGCGCCATTGCACTCCAGCCTGGGTAACAAGAGCGAAACTCCTTCCCAAAATAAATAAATAAATAAATAAATAAATAAATAAATAAATAAA"
"chr1","45031387","45031705","JH378322","329261","329580","60","44702126","GGCTGGGCACGGTGGTTCACGTCTGTAATCCTAGCATTTGGGAGGCCGAAGTAGGTGGATCATGAGGTCAGGAGTTCAAGACCAGCCTGACCAATATGGTGAAACCCCGTTTCTACTAAAAAAAAAAAAAAAATACAAAAATTAGCTGAGTACGGTGGCAGGTCCTGTAATCTCAGCTACTTGGCAGGCTGAGGCAGGAGAATCACTTGAAGCTGGTTAGCAGAGGTTGCAGTGAGCCGAGATCATGCCCCTGCGACTTCAGCCTGGGCTACAGAACGAGACTCTGTCTCAAAAAAAAAAAAAAAAAAAAAGAAAGAAA","GGCCGGGTGCGGTGGCTCAAGCCTGTAATCCCAGCACTTTGGGAGGCCGAGGCAGGTGAATCACACGGACAAGAGATTGAGACCATCCTGGTCAACATGGTGAAACCCCGTCTCTACTAAAAAAAAAAAAAAAAAAAAAATTAGCTGGGCATGGCGGCGCGTGCCTGTAATCCCAGCTACTCAGGAGGCTGAGGCAGGAGAATTGCCTGAAACCAGGAGGCGGAGGTTGCGGTGAGCCGAGATCATGCCATTGCACTCCAGCCTGGGTAACAAGAGCGAAACTCCGTCTCAAAAAAAAAAAAAAGAAAGAAAGAAAGAAA"
"chr1","45823870","45824176","JH378176","1335842","1336152","43","44488028","GGCAGGGTGCGGTGGCTCATGCCTGTAATCCCAGTGCTTTGGGAGGCTAAGGCGGGTGGATCATGAGGTCAGGAGTTCGAGAGCAGCCTGGCCAATGTGGTGAAACCCCATCTCTACTAAAAACACAAAAATTAGCCGGGCGTAGTGGTGGGCACCTGTAATCCCAGCAACTTGGGAGGCTGAGGCAGGAGAATCACTTGAAATGGGAAGGCGGAGGTTGCAGTGAGCCGAGATCCTGCCACTGCACTCCAGCATGGGCAAAAGAGTAAAACTCTGTCTCAAAAAATAAATAAATAAGTAAATAAAA","GGCTGGGTGCAGTGGCTCATCTCTGTAATCCCAGCACTTTGGGAGGTTGAGGAGGGCGGATCATGAGGTCAGGAGTTCGAGACCAGCCTGGCCAATGTGGTAAAACCCCATCTCTACTAAAAATACAAAAGTTAGCTGGGCGCAGTGGCGGGCACCTGTAATTCCAGCTACTTGGGAGGCTGAGGCAGGAGAATCACTTGAAACCGGAAGGCAGAGGTTTCAGTGAACCGAGATCACGCCATTACACTCCAGCCTGGGCGAAAAGAGCAAAACTCCATCTCAAAACAAAACAAAACGAAAAAAAAAAAAAA"
"chr1","46187063","46187370","JH378114","25103281","25103591","49","21083782","CTGGGCGCGGCGGCTCATGCCTGTAATCTCAGCACTTTAGGAGGCTGAGGCAGGCGGATCACGAAGTCAGGAGTTTGAGAGCAGCCTAGCCAACATGTTGAAACCCCATCTCTAATAAAAATACAAAAATTAGCCAGGCATGGTGGCAGGCCCCTATAATCCCAGGTACTAGGGAGGCTGAGGCAGGAGAATCGCTTGGAACTAGAAGGCGGAGGTGGCAGTGAGACAAGATTGCGCCACTGCACTCCAGCCTGGGCAACAAGAGTGAAACTCTATCTCAAAAAAAAAAAAAAAAAAAGAAAAGAAAA","GGCTGGGTGCAGTGGCTCACGCCTGTCATTCCAGCACTTGGAGAGGCTGAGGTGGGTGGATCACAAGGTCAGGAATTTGAGACCAGTCTGACCAACATGGTGAAACCGCACCTCTACTAAAAATACAAAAGTTAGCCAGGCATGGTGGCAGGCACCTGTAATCCCAGCTACTTGGGAGGCTGAGACAGGAGAATCGCTTGAAACCCGAAGGTGGAGGTTGCAGTGAGTCAAGATCACACCACTGCACTCCAGCCTGGGCAAAAAGAGCAAAACTCTGTCTCAACCAAAAAAAAAAAAAAAAGAGAAAGAAA"
"chr1","46247727","46248015","JH378151","9107602","9107893","39","37140125","GGCCAGGCACGGTAGTTCACACCTGTAATCTCAGCACTTTGGGAGGCCGAGGTGGGCAGATCACTAGGTCAGGAGTTCGAGACCAGACTAGCCAACATAGCGAAACCCTGTCTCTACTAAAAATACAAAAATCAGCCAGGCGTGATGGCGGGCACCTGTAATCCCAGCTACTCCAGAGGCAGGAGAATCGCTTGAAACCAGAAGGCAGAGGTTGCAGTGAGCCAAGATCACACCACTGCACTCCAGCCTGGGCAAAAGAGCAAAACTCCGTCTCAGAAAAAAAAAAAAA","GGCCGGGCACTGTGGCTCACGCCTGTAATCTCAGCAATTTGGGAGGCCAAGGCGGGTGGATCACAAGGTCAGGAGTTTGAGACCAGCCTGGCCAACTGGTGAAACCCGTCTCTACTAAAAATACAAAAATTAGCCAAGCATGGTGGCGGGCACCTGCAATCCCAGCTACTCAGGAAACTGAGGCAGGAGAATTGCTTAAAACCAGAAGGCAGAGTTTGCAGTGAGCCAAGATGGTGCCACTGCACTCCAGCCTGGGCAAAAGAGCAAAACTCCGTCTCAAAAAAAACAAAAA"
"chr1","49066347","49066649","JH378110","13883859","13884149","42","35182488","GGCCAGTCACGGTGGCTAACGCCTGTAATCCCAGCACTTTAGGAGGCTGAGGTGGGTGGATTACGAGGTCAGGAGTTCGAGATCAGCCTGGTCAACATGGTGAAACCCCATCACTACTAAAAATACAAAAATCAGCTGGGCATGGTGGTGGGCAACTGTAATCCCAGCTACTTGGGAGGCTGAGGCAGGAGAATCACTTGAAACCGGAAGGCAGAGGTTGCAGTGAGCCGAGATCACACCACTGCACTGCAGCCTGGGCAACAAGGGTGAAACTCTGTCTTAAAAAAATAAAATAAAATAAAA","GTGCGGTGGTTCACACCTGTAATCCCAGCACTTTGGGAGGCCAAGGTGGGTGGATCACGAGGTCAGGAGTTCAAGATCAGCCTGGCCAACATGATGAAACCCCATCTCTACTCAAACTACAAAAATTAGCCCGGCATGGTGGTAGATGCCTGTAATCCCAGCTACTTGGGAGGCTGAGGCAGGAGAATCCCTTGAAACCGGAAGGCAGAGGCTGCAGTGACCCGAGATACCACCACTGCACTCCAGCCTGGGCAACAAGAGTGAAACTCTGTCTCAAAAAAAAAAAAAAAA"
"chr1","49664868","49665174","JH378114","37512577","37512883","47","12152291","GGCCAGGTGTGGTGCCTCATGTGTGTAATCCTAGTACTTTGGGAGGCTGAAGTGGGTGGATCATGAGGTCAGGAGTTTGAGACCAGCGTGGCCAACATGGTGAAACCCTGTCTCTACTAAAATTACAAAAATTAGCTGGGCGTGGTGGTGGGTGCCTGTAATCCCAGCTACTGGGGAGGCCGAGGCAGGAGAATCACTTGAAACTGGAAGGCAGAAGTTGCAGTGACCCAAGATCGTGCCACTGCACTCCAGCTTGGGCAACAGAGTGAAACTCCTCTACAAAAAAAAAAAAAAAAAGAAATAGAAA","GCCGGACATGGTGGCTCATGCCTGTAATCCCAGCACTTTGGGAGGCCAAAGTGGGTGGGTCTATGAGGTCAGGAGTTTGAGACCAGCCTGGCCAACATAGTGAAAGTCTGTCTCTACTAAAAATACAAAAATTAGCTGGGTGTGGTGGTAGGTGCCTGTAATCCCAGCTTCTTGGAAGGCTGAGGCAGGAGAATCACTTGAAACTGGAAGGCGGAAGTTGCAGTGAGCTGAGATCATGCCACTGCACTCCATCCTGGCCAACAAGAGTGAAATTCTGTCTCTAAATAAATAAATAAATAAGAAAATA"
"chr1","51173754","51174061","JH378106","12647150","12647453","53","38526604","GGCCAGGCGTGGTGGCTCATGCCTGTAATCCCAGCACTTTGGGAGGCCAAGGCGGATGAATCACGAGGTCAGAAGTTCGAGACCAGCTTGGCCAACAAGGCAAAACCCTGTTTCTACCAAAAATACAAAAATTAGCCGGGCGTGGTGGCAGGTGCCTCTAATTCCAGCTACTTGGGAGGCTGAAGCAGGAGAATCGCTTGAACCCAGGAAGGTAGAGGTTACAGTGAGCCGAGATTGCATCACTGCATTCCAACCTGAGAGACAGAACAAGAACAAGACTCTGTCTCAAAAAAAAAAAAAAAAAAAAA","GGCCGGGCGCGGTGGCTCAAGCCTGTAATCCCAGCACTTTGGGAGGCCGAGGCGGGTGGATCACGAGGTCAAGAGATCGAGACCATCCTGGTCAACATGGTGAAACCCTGTCTCTACTAAAAATACTAAAAATTAACTGGGCATGGTGGCGTGTGCCTGTAATCCCAGCTACTCAGGAGGCTGAGGCAGGAGAATTTCCTGAAACCAGGAGGCGGAGGTTGCGGTGAGCCGAGATCGCGCCATTGCACTCCAGCCTGGGTAACAAGAGCAAAACTCCGTCTCAAAAAAAAAAAAAAAAAAAAAA"
"chr1","53609325","53609626","JH378249","3737189","3737485","47","49872136","GGCTGGGCACGGTGGCTCATGCCTGTAATCCCAGCGCTTTGGGAGGCTAAGGCAGGCAGATCACGAGGTCAGGAGTTCGAAACCAACCTGGCCAATATGGTGAAACCCCGTCTCTGTTAAAAATACAAAAATTAGCAGGGCCTGGTGGCCGGTACCTGTACTCCCTGCTACTTTGGGAGGCTGAGGCAGGAGAATCACTTGAAACAGGAAGGTGGAGGTTGCAGTGAGCGGAGATCGTGCCACTCCACTGCAGCCTGGGCAAAAGACCGAAACTCTGTCTCAAAGGGAAAAAAAAAAAAGAA","GGCCAGGCACGGTGGCTCACGCCTGTAATCCTAGCACTTGGGGGACTGAGGCAGGCAGATCACGAGTTCAGGAGTTCAAGACCAGCCTGGCCAATATGGTGACACCCTGTCTTTACTAAAAATACAAAAATTAGCTGGGCATGGTGGCAGGCACCTGTAGTCCCAGCTACTCAGGAGGCTGAAGCAGAAGAATCACTTGAAACTGAAAGGCAGAGGTTGCAGTGAGCCGAGATCACACCACTGTACTCCAGCCTGGGCAAAAGAATGAAACTCCGTCTCAAAAAAAAAAAAAAAAGA"
"chr1","54855414","54855702","JH378125","4105726","4106015","43","50749688","GGCCAAGTGCAGTGGCTCACGCCTGTAATCCCAGCACTTTGGGAGGCCGAGGTGGGCGGACCACAATGTCAGGAGTTTGAGACCAACCTGGCCAGCATGGTGAGACCCTGTCTCTACTAAAAATACAAAAATTAGCCAGGCGTGGTGTTGGGCGCCTGTAATCCCAGCTACTCCGGAACCTGAAGCAGGAGAATCACTTGAAACCGGAAGGCGGAGGTTGCAGTAAGCCGAGATCGCGCCACTGCACTACAGCCTGGGTGAAAGAGTGAAACTCCGTCTCAAAAAAAAA","GGCCGGGTGTGGTGGCTCACGCCTGTAATCCCAGCACTTTGGGAGGCCGAGGTGGGCAAATCGCAAGATCAGGAGTTCGAGACCATCCTGGCCAACACGGCGAAACCCTGTCTCTACTAAAAATACAAAAATTAGCCAGGCATGGTGGTGGGCGCCTGTAATCCTAGCTATTTGGGAGGCTGAAGTAGGAGAATCGCTTAAAACTGGAAGGCAGAGGTTGTAGTGAGCCGAGATCATGCCACCGTACTCCAGAGCCTGGGTGAGAGAGTGAAGCTCTGTCTCAAAACAAA"
"chr1","55499962","55500000","JH378108","25093204","25093240","20","30406758","CCCAACTACTCAAGAAGCTGAGTCAGGAGAATCGTTTGA","GGAAGCTGAGGCAGCAGAATCACTTGAGATTAGAAGG"
"chr1","62629430","62629728","JH378123","21576066","21576366","49","41053364","GGCTGAGCACGGTGACTTACACATGTAATCCCAGCACTTTGAGGGGGCTGAGGCAGGTAGATCACAAGGTCAGGAGTTCAAGACCACAGGGCCAACATGGTAAAACCCTGTCTCTACTAAAAATGCAGAAATTAGCTGGGTATGGTGACGGGCGCTTGCAATCCCAGCTACTTGGAAGGCTGAGGCAGAATTGCTTGAACCTGGAAGGCGGAGGTTGCAGTGAGCCAACATCACACCACTACACTCCAGCCTGGGCAACAAGAGTGAAATGCTGTCTCAAAAAAAAAAAAAAAAAAAAA","GGCTGGGCACGGTGACTCACACCTGTAATCCCAACATTTTGGGAGGCTGAGGCAGGCAGATTACAAGGTCAGGAGTTCAGGACCAGCCTGGCCAGCATGGTGAAACCCTGTCTCTACTAAAAACACAAAAATTAGCTGGGCATGATGGTGAGCACTTGTAATCCCAGCTACTCGGGAGGCTGAGGCAGCAGAATAGCTTGAAACTGGAAGGTAGAGGTTGCAGTGAGCTGAGATCACGCCATTGCACTGCAGCCTGGGCAACAAGAGCAAAACTCCATCTCAAAAAAAAAAAAAACAAAAA"
"chr1","62709233","62709548","JH378125","4344553","4344853","48","58364680","GGCCAGGCACGGTGGCTCATGCCTGTAATCCCAGCTGAGGGATTTTGGGAGGCTGAGGTGGGCAGATCATGAGGTCAGGAGTTCAAGATCAGCCTGGCCAACATGGTGAAACCCCATCTCTACTAAAAATACAAAAAAATTAGCTGGGCATGGTGGTGGGCACCTGTAATCCCAGCTACTCGGGAGGCTGAGGCAGGAGAATCGCTTGAAACTGGAAAGCGGGGGTTGCAGTGAGCTGAGATCATGCCACGGCACCCCAGCCTGGGCAAGAAGAATGAAACTCCGTCTCAAAAAAGAAAGAAAGAAAGAAAGAAAA","GCTGGGTGTGGTGGCTCACACCTGTAATCCCAGCACTTTGGAAGGCCAAGGTGGGCGGATCATGAGGTCAGGAGTTCGAGACCAGCCTGGCCAACACAGTGAAACCCCATCTCTACTAAAAATAAAAAAAATTAGCTGGGCATGGTGGTGTGCACCTGTAATCCCAGCTACTTGGGAGGCTGAGGTAGGAGAATCGCTTGAAACTGGAAAGCCGAGGTTGCAGTGAGTAGAGATCGCGCCACTGCACTCCAGCCTGAGCAACAAAAGCATAACTCCGTCTCAAAAAAAAAAAAAAAAAAAA"
"chr1","63080744","63080957","JH378282","2787430","2787634","40","60293314","GGCAGGGCGCAGTGGCTCACTCCTGTAATCCTAGCACTTTGGGAGGCTGAGGCGGGAAGATCACGAGGTTAGGAGTTCAAGACCAGCCTGGCCAACATGTTGAAACCCCGTCTCTACTAAAAATACAAAAATTCGCCGGGCATGGTGGTGGGTACCTGTAATCCCAGCTACTCAGAAGGCTGAGTCAGGAGAATTGCTTAAAACCAGAAGGTGG","GCCAGGTGCAGTGGCTCACACCTGTAATCCCAGCACTTTGGGAGGCCAAGGCAGGTGGATGACTGAGGTTAGGAGTTGGAGACCAGCCTGGACAACATGGTGAAATTCCGTCTCTACTAAAAATACAAAAACTAGCTGGGCATGGTGGCAGGCGCCTGTAATCCCAGGTACTCAGGAGGCTGAGGCAGGAGAATTACTTGAACCC"
"chr1","63260269","63260561","JH378225","680389","680687","41","62579880","GGCACGATGGCTCATGCCAGTAACCCCAGCACTTTGGGAGGCCGAGGCAGGCAGATCACGAGGTCAGGAGTTCAAGACCAGCCTGGCCAACATGGTGAACCCCTGTCTCTACTAAAAATGCAAAATTAGCTGGGTGTGGTGGTGGACACCTGGAATCCCAGCTACTTGGCAGGCTGAGGCAGGAGAATCACTTGAAACTGGAAGGCGGAGGTTGCAATGAGCCAAGATCGCGCCACTGCACTCCAGCCTGGGCAACAAGAGTAAAACTCCATCTCCAAAGGAAAAAAAAAAAA","GCCAGGCATGGAAGCTCATGCCTGTAATCCCAGCACTTTGGGAGACTGAGGCAGGCAGATCACTAAGTCAAGAGTTCAAGACTGACCTGGTCAACATGGTGAAACCCCATCTCTACTAAAAATGCAAAAATTAGCCAGGGGTGGTGGCGGTCACCTGTAATCCAAGCTACTCTGGAGGCGGAGGCAGGAGAATCACTTGAAACCGGAAGGCGGAGGTTGTAGTGAGCCAAGACCACGCCACTGCACTCCAGCCTGGGCAATAAGAGTAAAACTCCGTCTCAAAAAGAAAAAAAAAAAAA"
"chr1","63995627","63995934","JH378116","13794467","13794778","45","50201160","GGCTGGGCGTGGTGGCTCACGCCTGTAATCCCAGCACTTTGGGAGGCCGAGGTGGGTGGATCACAAGGTCAGGTGTTCGAGACCAGGCTGGCCAACATTGTGAAATCCCATCTCTACTAAAAATACAAAAAATTAGCTGGGGGTGGTGACAGGTGCCTGTAATCGCAGCTCGGGAGGCTGGGGCAGGAGAATCATTTGAATCCAGGAGGCAGAGGACGCAGTAAGCTGAGATTGCACCATTGCACTCCAGCCTGGGAAACAAGAGCAAAACTCCACCTCAAAAAAAAAAAAAAAAAAAAAAAAAAAAA","GCCGGGCGCGGTGGCTCAAGCCTGTAATCCCAGCACTTTGGGAGGCCGAGGTGGGTGGATCACTAGGTCAAGAAATCGAGACCATCCCGGTCAACATAGTGAAACCCCGTCTCTACTAAAAATACAAAAAAATTAGCTGGGCATGGTGGCGCGTGCCTGTAATCCCAGCTACTCAGGAGGCTGAGGCAGGAGAATTGCCTGAAACCAGGAGGCGGAGGTTGCGGTGAGCCGAGATTGCGCCATTGCACTCCAGCCTGGGTAACAAGAGCGAAACTCCGCCTCAAAAAAAAAAAAAAAAAAACAAAAACAAAA"
"chr1","63999214","63999515","JH378148","3009466","3009760","39","60989748","GGCTGGGCGCAGTGGCTCATGCCTGTAATCCCAGCAATTTGGGAGGCCGAGGCGGGTGGATCACGAGGTCAGGAGTTAGAGACCAGCCTGGCCAACATGGTGAAACCCCGTGTCTACTAAAAATACAAAAAATTAGCCAGGAGTGGTGGCGGGTGCCTATAATCCCAGCTACTCGGGAGCCCGAGGCAGGAGAATCCTTTGAAACCGGAAGGCAGAGGTTGCAGTGAGCTGAGATCATGCCACTGTACTCCAGCCTGAGCAACAAGAGCAAAACTCCATCTCAATGAAAGAAAGAAAGAGAG","GGCCAGGTGTGGTGGCTCACGCCTGTAATCCCAGCACTTTGGGAGGCCGAGGCAGGTGGATGATGAGGTCAGGAGTTCGAGACCAGCCTGGCCAAAATGGTGAAACCCTGTCTCTACTAAAAATACAAAAAAATTAGCCAGGCGTGGTGGCATGCGCCTATAATCCCAGCTACTCAGGAGGCTAAGGCAGGAGAATCACTTGAAACCAGAAGGCAGAGGTTGCAGTGAACTGAGATCACGCCACTGCACTCCAGCCTGGGCAACAAGAGCAAAACTCCATCTCAAAAAATAAAAA"
"chr1","64501402","64501688","JH378113","3770451","3770739","38","60730951","GGCCGAGCGCGGTGGCTCATGCCTGTAATCCCAGCACTTTGGGAGGCCGAGGCGGGCGGATCACAAGGTCAGGAATTCAAGAACAGCCTGGCCAACATGGTGAAACCCCATCTCTGTTGAAAACACACACACAAAAATTAGACAGGCATGGTGGCGGGTGCCTGTAATCCCAGCTACTGGGGAGGCTGAGGCTGGAGAATCGCTTGAAACCAGGAGGCGGAGGCTGCAGTGAGCTGAGATCGAGCTATTGCACTCTAGCCTGGGCTACAAGAGTGAAACTCCATTTC","GGCCAGGTGTGGTGGCTCATGCCTGTAATCCCAGAGCTTTAGGAGGCCAAGGTGGGCAGATCATTGGTCACCAGGAGTTCAAGAACGGCCTGGCCAACATGGCGAAACCCTGTCTCTGCTAAAAACACACACAAAAATTAGCCAGGTGTGGTGGCGGGTGCCTGTAATCCCAGCTACTGGGGAGGTTGAGGCTGGAGAATCGCTTGAAACCAAGAGGCGGAGGCTGCAGTGGGCTGAGATTGTGCTATTGCACTCTAGCCTGGGCAACAAGAGTGAAACTCTGTCTCAA"
"chr1","64791397","64791553","JH378126","25560714","25560871","25","39230683","GCGCCTGTAGTCCCAGCTACTCGGGAGGCTGAGGCAGGAGAATCGCTTGAAACTGGGAGGTGGAGGTTGCAGTGAGACTAGATCGCGCCATTGCACTCTAGCCTGGGCAACAAGAACGAAACTCCATCTCAAAAAAAAAAAAAAAAAAAAAAAAAAA","GCACCTGCAATCCCAGTTACTTGGGAGGCTCAGACAGGAGAATCTCTTGAAACTGGGAGACGGAGGTTGCAGTGAGCCGAGATCATGTCGTTGCACTCCAGCCTGGGCAACAAGAGCAAAGCTCTGTCTCAAAAAAAAAAAAAAAAAAAGAAGAAGAA"
"chr1","65041537","65041847","JH378123","11664205","11664513","43","53377332","GGCCAGGTGTGGTGGCTCACACCAGTAATCCCAGCACTTTGGGAGGCCAAGGCAGGTGGCGTATGAGGTCAGGAGTTTGAGACCAGCCTGGCCAACATGGTGAAACCCTGTCTCTATTAAAAATACAAAAATTAGCCAGGTGTGGTGGCAGGTACCTGTGATCTCAGCTACTCAGGAGGCTGAGGCAGGAGAAGTGCTTGAAACAGGAAGGTGGGGGTTGCAATGAGCTGAGATTGCACCACTGGACTCCAGCCTGGGCAACAAGAGTGAAACTCCATCTCAAAAAAAAAAAAAAAAAAAAAAAAAAAAAA","GCCAGGTGCCGTGGTTCACACCTGTAATCCCAGCACTTTGGGAGGCCGAGGCAGGTGGATCATGAGGTCAGGAGTTCGAGACCAACCTAGCCAACCTGGTGAAATCCTGTCTCTACTAAAAGTACAAAAATTAGCTGGGCATGGTGGTAGATGCCTGTAATCCTAGCTACTTAGAAGGCTGAGGCAGGAGAATAGCTTGAAACTGGGAGGTGGAGGTTGCAGTAAGCAGAGATTGCACCACTGCACTACAGCCTGGGCAAAAGAGTGAAACTCTATCTCAAAAAAAAAAAAAAGAAAAAAAGAAAGAAA"
"chr1","65769732","65770043","JH378209","3195862","3196167","48","62573870","GCCGGGCGCAGTGGCTCATACCTGTAATCACAGCACTTTGGGAGGCCAAGGTGGGCGGATCATGAGGTCAAGAGATCAAGACCATCCTGGCCAACATGGTGAAACTCCATCTCTACTAAAAAATACAAAAATTAGCTGGGCGTGGGGGCGTGCGCCTGTATTCCCAATCCCAGCTACTCGGGAGGTTGAGGCAGGAGAATCACTTGAACCCAGAAAGTGGAGGTTGCAGTGAGCCAAGATTATACCACTGCACTCCAGCCTGAGCAACAAGAGTAAAAGTCTGTCTCCAAAAAAAAAAAAAAAAAAAAAAAA","GCCGGGTGCGGTGGCTCAGGCCTGTAATCCCAGCACTTTGGGAGGCCGAGGGGGGTGGATCACGAGGTCAAGAGATCGAGACCATCCTGGTCAACATGGTAAAACCCCGTCTCTACTAAAAATACTAAAAATTAGCTGGGTATGGTGGCGTGTGCCTGTAATCCCAGCTACTCAGGAGGCTGAGGCAGGAGAATTGCCTGAAACCAGGAGGCGGAGGTTGCGGTGAGCCGAGATTGCGCCATTGCACTCCAGCCTGGGCAACAAGAGCGAAACTCCGTCTCGGAAAAAAAAAAAAAAAAAAAAAAA"
"chr1","66604046","66604139","JH378116","38743069","38743164","21","27860977","GGAAGGCCAAGGTTGCAGTGAGCCGAGATCACACCACTGCACTCCAGCCTGAGTGATAAGAGCAAAACTCCACCAAAAAAAAAAAAAGAGGAAA","GAAAGCAGAGGTTGCGGTGAACCGAGATCGCACCACTGCACTCCAGACTGGGCAACAAGAGCAAAAACTCCGTCTTTAAAAAAAAAAAAAAAAAAA"
"chr1","67615662","67615819","JH378127","18614282","18614439","27","49001380","GGCCGGGAGTGGTGACTCATGCCTGTAATCCCAGCACTTTGGGAAACCGCGGCAGGCAGATCATGAGGTCAGGGTTCCAGACCAGCTTGACCAACATGGTGAAACCCTGTCTCTACCTAAAATACAAAAATTAGCCGGGTGTGGTGGCGGGCGCCTGT","GGCCGGGTGCGGTGGCTTATGCCTGTAATCCCAGCACTTTGGGAGGCTGAGGTGGGTGGATCATGAGGTCAGGAGTTCGAGAATAGCCTGGCCAACATGGCGAAACCCTGTCTCTACTAAAAATACAAAAATTAGTCAGGCGTGGTGGCAGGTGCCTG"
"chr1","69350858","69351188","JH378176","1335842","1336152","63","68015016","GGCTGCATGCAGTAGCTCACACCTGTAATCCTAGCACTTTGGGAGGCTGAGGCGGGTGGATCACAAGGTCAAGAGTTCGAGACCAGCCTGGCCAACATGGCAAAACCCCCTCTCTACTAAAAATACAAAAATTAGCCAGACGTGGTGGCGGGCACCTGTAATCCCAGCTACTTGGGAGGCTGAGACAGGAGAATTGCTTGAAACCGGAAGGCAGAGGTTGCAGTGAGCCAAGATCGTGCCACTGGACTCCAGCCTGGGTGAAAGCAAAACTCCATCTCTCTACTAAAAACACACACACACACACACAAAAAAAAAAAAAAAAAAAAAAAAA","GGCTGGGTGCAGTGGCTCATCTCTGTAATCCCAGCACTTTGGGAGGTTGAGGAGGGCGGATCATGAGGTCAGGAGTTCGAGACCAGCCTGGCCAATGTGGTAAAACCCCATCTCTACTAAAAATACAAAAGTTAGCTGGGCGCAGTGGCGGGCACCTGTAATTCCAGCTACTTGGGAGGCTGAGGCAGGAGAATCACTTGAAACCGGAAGGCAGAGGTTTCAGTGAACCGAGATCACGCCATTACACTCCAGCCTGGGCGAAAAGAGCAAAACTCCATCTCAAAACAAAACAAAACGAAAAAAAAAAAAAA"
"chr1","71143635","71143943","JH378321","537646","537948","48","70605989","GGCCGGGTACCATGGCTCATGCCTGTAATCCCAGTACTTTGGGAGTCCGAGGTGGGTGGATCACGAGGTCAGGAGTTTGAGACCAGCCTGACCAACATGGTGAAACCATGTCTCTACTAAAAATACAAAAATCAGCCAGGCGTGGTGGTGGGTGCCTATAGTCCCAGTTACTTGGGCGGCTGAGGCAGGAGAATCACTTGAAACCGGAGGGCAGAGGTTGCAGTGAGCCAAGATCACACCACTGCACTCCAGCCTAGGCAACAAGAGCGAAACTCCTTCTCAAAACCTCAACAAAACAAAACAAAAAAA","GGCCAGGTGTGGTGGCTCACACCTGTAATCCCAGCATTTTGGGAGGCCAAGGCGGGTGGATCATGATATCAGGAGTTCAAGACCAGCCTGGCCAACATGGTGAAACCCTGTCTGTACTAAAAATACACAAATTAGCCAGGCGTGGTGGTGACTGCCTGTAATCCTAGTTACTTGGGAGGCTGAGGCAGGAGAATCGCTTGAAACCAGAAGGCAGAGGTTTCAGTGAGCCAACACCTTACCACTGCACTCCAGCCTGGGCAACAAGAGTGAAACTCTTGTCTCAGAAAAAAAAAAAAAAAAAAA"
"chr1","71432831","71433146","JH378137","12880677","12880985","59","58552154","CAGGTGCAGTGGCTCATGCCTGTAATCCCAGCACTCTGGGAGGCCGAGGCAGGTGGATCACGAGGTCAGGAGTTTGAGATGAGCCTGTCCAAGTTGGTGAAGCCCCGTCTCTACTAAAAATACGAAAATTAGCCGAGCGTGGTGGTGCACACCTGTAGTCCCAGCTACTTTGGAGGCTGAGGCAGGAGAATCACTTGAACCAGGAAGGCAGAGGTTGCGGTGAGCTGAGATGGTGCCTGTGCACTCCAGCACGGGCAACAAGGCAACAGGAGCGAAACTCCATCTCAAAAAAAAAAAGAAAGAAAGAAAGAAGAAA","GGCTGGACGCGGTGGCTCACGTCTGTAATCCCAGCACTTTGGGAGGCCGAGGCGGGTGGATCAAGAGGTCAAGAGATTGAGACCATCCTGGTCAACATGGTGAAACCCCGTCTCTACTAAAAATACAAAAATTAGCTGGGCATGGTGGCACGTGCCTGTAATCCCAGCTACTCAGGAGGCTGAGGCAGGAGAATTGCCTGAAACCAGGAGGCGGAGGTTGCGGTGAGCCTAGATCGTGCCATTGCACTCCAGCCTGGGTAACAAGAGCGAAACTCCGTCTCAAAAAAAAAAAAAAAGAAAAAAGAAAAA"
"chr1","74270483","74270781","JH378148","3009466","3009760","52","71261017","GGCCAGGCACGGTGGCTCATGTGAGCCTGTAATCCCAGCAATTTGGGGCCAAGTCGGGTGGATCATGAGGTCAGCAGTTCGAGACCAGCCTGACCAACATGGTGAAACCCTGTCTCTACTAAAAATACAAAAAAATTAGCTTGGCGTGGGGGCGGGCACCTGTAATCCCAGTGACTTGGGAGGCTGAGGCAGAAGAATCGCTTGAAACTGAAAGGCAGAGGTTGCAGTGATCCAAGATTGCACTGCTACACTCTAGTCTGGGCAATAAGAGCAAAACTCCGTCTAAAAAAAAAAAAGAA","GGCCAGGTGTGGTGGCTCACGCCTGTAATCCCAGCACTTTGGGAGGCCGAGGCAGGTGGATGATGAGGTCAGGAGTTCGAGACCAGCCTGGCCAAAATGGTGAAACCCTGTCTCTACTAAAAATACAAAAAAATTAGCCAGGCGTGGTGGCATGCGCCTATAATCCCAGCTACTCAGGAGGCTAAGGCAGGAGAATCACTTGAAACCAGAAGGCAGAGGTTGCAGTGAACTGAGATCACGCCACTGCACTCCAGCCTGGGCAACAAGAGCAAAACTCCATCTCAAAAAATAAAAA"
"chr1","80574094","80574403","JH378125","2068457","2068768","44","78505637","GGCCAAGCACGGTGGCTCACACCTGTAATCCCAGCACTTTGGGCGGCTGAGGCAGTTGGATCACGAGGTCAGGAGTTCGAGACCAGTCTGGCCGACATGGTGAAACCTTATCTCTACTAAAAATACAAATATTAGCTGGGCATGGTGGCGAGCGCCTGTAATCCCAGCTACTCCGGAGGCTGAGGCAGGAAAATTGCTTGAAACTGGAAAGTGGAGGTTGCAGTGAGCTGAGATTGTACCACTGCACTCCACCTTGGGCAACAGAGCAAGACTGCATCTCGGAAAAAAAAAAAAAAAATTAAAAAAAAAA","GGCCAGGTTCAGTGGCTCACACCTGTAATCCCAGCACTTTGGGAGGCAGAGGTGGGTGGATCACAAGGTCAGGAGTTCGAGACCAGCCTGGCCAAGATTGTGAAATCCCGTCTCTATTAAAAATACAAAAATTAGCTGGGCATGGTGGTGGGGTGCCTGTAATCCCAGCTACTCAGGAAGCTGAGGCAGGATAATTGCTTGAAACCGGAAAGCAGAGGTTTCAGTGAGCTGAGATCACACCACTGCACTCCAGCTTGGGAAACAGGAGCAAAACTCCACCTCAAAAAAAAAAAAAAAAAAAAAAAAAAAAAA"
"chr1","81594867","81595175","JH378125","2068457","2068768","54","79526410","GGCCGGGGTGTGGGGGGTGCTCACACCTGTAATCCCAGCACTTTGGGAGGCTGAGGCGGGTGGATCATGAGGTCAGGAGTTTGAGACTATCCTGGCCAACATGGTAAAACCCCATTTCTACTAAAAATACAAAAATTAGCCACGCATGGGGTGCCTGTAATCCCAGTTACTCGGCAGGCTGAGGCAGGAGAATCGCTTGAAACCAGAATGCAGAGGTTACAGTGAGCCGAGATCACAACACTGCACTCTGGCCTGGACAAAAGAGCAAAACTCCATCTCAAAAAAAAAAAAAAAAAAGAAGAAGAAGAA","GGCCAGGTTCAGTGGCTCACACCTGTAATCCCAGCACTTTGGGAGGCAGAGGTGGGTGGATCACAAGGTCAGGAGTTCGAGACCAGCCTGGCCAAGATTGTGAAATCCCGTCTCTATTAAAAATACAAAAATTAGCTGGGCATGGTGGTGGGGTGCCTGTAATCCCAGCTACTCAGGAAGCTGAGGCAGGATAATTGCTTGAAACCGGAAAGCAGAGGTTTCAGTGAGCTGAGATCACACCACTGCACTCCAGCTTGGGAAACAGGAGCAAAACTCCACCTCAAAAAAAAAAAAAAAAAAAAAAAAAAAAAA"
"chr1","87598036","87598320","JH378110","13883859","13884149","55","73714177","GCAGTGGCTCAGGCCTGTAATCCCAGCACTTTGGGAGGCCGAGGCGGGTGGATCACGAGGACAGGAATTCGAGACCAGCCTGGCAAAAATGGTGAAACCCCATCTCTACTCAAAAAAATACAAAAAATTAGCCGGACGTGGTACGGTGGGCCCCTGTAATCCCAGCTACTCAGGAGGCTGCGGCAGGAGAATCGCTTGAAACCGGAAGGCAGAGGTTGCAGTGAGATCGCGCCATTGCACTCTGGGAAACAAGTGTGAAAGTCCGTCAAAAGAAAAAAAAAAAAA","GTGCGGTGGTTCACACCTGTAATCCCAGCACTTTGGGAGGCCAAGGTGGGTGGATCACGAGGTCAGGAGTTCAAGATCAGCCTGGCCAACATGATGAAACCCCATCTCTACTCAAACTACAAAAATTAGCCCGGCATGGTGGTAGATGCCTGTAATCCCAGCTACTTGGGAGGCTGAGGCAGGAGAATCCCTTGAAACCGGAAGGCAGAGGCTGCAGTGACCCGAGATACCACCACTGCACTCCAGCCTGGGCAACAAGAGTGAAACTCTGTCTCAAAAAAAAAAAAAAAA"
"chr1","87630386","87630668","JH378245","3312448","3312742","55","84317938","GACCAGGCGTGGTGGCTCACGCCTATAATGCCAACACTTCGGGAGGCCGAGGCAGGCAGATCATGAGGTCAGGAGTTCGAGACCATGGCCAACATAGTGAAACCCCATCTCTATTAAAAATACAAAAAAAATTAGCTGGGTATGGTAATAGGTGCCTGTAATCCCAGCTACTCAGGAGGCTGAGGCAGGGAAACCGGAATGTGGAGGTTGCAGTGAGCCAAGCTTGTGCCACTGCACTCCAGCCTGGGTGAAAGAACGAAACTCCATCTTGGGGGAAAAAAAA","GGCCAGTCGTGGTGGCTCTCGCCTGTAATCCCAGCACTTCGGGAGGCTGAGGCAGGCAGATCATGAGGTCAGGAGTTTGAGACCAGCCTGGCCAATATGGTGAAACCCCGTCTCTACTAAAAATACAAAAATTAGCTGGACATGGTGGTGGGCGCCTGTAATCCCAGCTACTTGGGAGGCTGAGGCAGGACAATCGCTTGAAACCTGAAGGCGGAGGTTGCAGTGAGCCAAGATCATGCCACTGCACTCCAGCCTGGGCGAAAGAGTAAAACTCCGTCTCAAAAAAAAAAAGAAA"
"chr1","88953281","88953544","JH378300","878349","878611","44","88074932","GGCTGGGCACGGTGCTCACGCCTGTAATCCCAACACTTTGGGAGGCTGAGGCAGGCAGATTAAGAGGTCAGGAGTTCGAGAACAGCCTGACCAACATGGTGATACCCCATCTCTACTAAAAATACAAAAATTAGCCAGGCATGGTGGCAGGCGCCTGTAATCCCAGCTACTCAGGTGGCAGAGGCAGGAGAATCGTTTGAACCTGGCAGGTGGAGGTTGCAGTGAGCCAAGATCACACTCCTGTACTCCAGCCCGGGCAAAGAG","CTGGGCGCGGTGGCTCATGACTGTAATCCCAGCACTTTGGGAGGCCGAGGCAGGCAGATCACAAGGTCAGGAGCTGGAGACCAGCCTGGCTAACATGGTGAAACCCTGTCTCTACTAAAAATACAAAAATTAGCCGGGTGTGGTAGCAGGCACCTGTAATCCCTGCTGCTCGGGAGGCTGAAGCAGGAGAATCGCTTGAAACTGGAAGGTGGAGGTTGCAGTGAGCTGAGATTCCACGATTGCACTCCAGCCTGGGCGAAAGA"
"chr1","89806914","89807217","JH378145","15857815","15858117","46","73949099","GGCTGGGCAAGGTGGCTCATGACTATAATCCCAGCACCTTGGGAGGCCAAGATGGGTGGATCACAATGTCATGAGTTCAAGACCAGCCTGGCCAACACGGTGAAACACCGTCTCTAATAAAAATACAAAAATTAGCTGGGTGTGGTGGCGGGCACCTGTAATCCCAATTACTTGGGTAGCTGAGGCAGGAGAATCACTTGGAACTGGAAGGTGGAGGTTGCGGTGAGCTGAGATTGTGCCACTGCACTCCAGCCTGGGTGAAAGAGGGAAAATCCTTCTCAAAAAAAAAAAAAAAAAAAAAAAA","CTGGGCAAGGTGGCTCACGCCTATAATTCCAGCACTTTGGGAGGTCAAGGTGGGCAGATCACAAGGTCAGGACTTGGAGAGCAGCCTGGCCAACATGGTGTAACCCTGTGTCTACTAAAAATACAAAAATTAGCTGGGTGTAGGAGTGGGCACCTGTAATCCCAGCTACTCGGGAGGCTGAGGCAGGAGAATCGCTTGAAACTGGAAGGTAGAGGTTGCAATGAGCCGAGATTGTGCCACTGTACTCCAGCCTGGGCAACAGAGCAAAACTCCATCTCAAATAAAAAAAAAAAAAAAAAAAAA"
"chr1","92054799","92055062","JH378110","42889343","42889608","56","49165456","GTAATGCCAGCATGTCAGGAGGCCGAGCGGGCGGATTGCAAAGTCAGGAGTTTAAGACCTGCCTGGCCAACATGGTGAAATCTGGTCTCTACCAAAAATAAAAAAATTAGCCGGGCGTGGTGGTGGACGCCTGTAATCCCAGCTCCTCGGGAGGCTGAGGCAAGGGAATCATTTGAAACTGGAAGGTGGAGGTTGCAGTGAGCCCATATGGTACCACTGTGCTCCAGCCTGGGTGGAAGAGCGAGATTCTGTCTCAAAAATAAA","TGAAATCCCAGCACTTTGGAAGCCGAGGTGGGTGGATCACAAGGTCAGGAGTTCAAGACAGCCTAGTTAACATGGTGAAACCCCGTCTCTACCAAAAATACAAAAATTAGTCGGGCATGGTGGTGGGCACCTGTAATCCCAGCTACTCGGGAGACTGAGGCAAGAGAATTGCTTAAAACCAGAAGGTGAAGGTTGCATTGAGCCGTGATTGCCACTGCACTCCAGCCTGGGTGAAAGAGCAAAACTCTATCTCAAAAATAAATAAA"
"chr1","92073541","92073617","JH378120","24864698","24864766","26","67208843","TCGCTTGAAACCAGGAGGTGGAGGTTGCAGTGAGTCAAGATCGCGCTATTGCATTCCAGCCCAAGCAACAAGAGCAA","AGATTCTCTTGAAACCGGAAGGCGGAGGTTGCAGTGAGCCGAGATTGCGCCACTGCACTCCAGCCAGGG"
"chr1","92925898","92926107","JH378115","15568332","15568546","45","77357566","AACACAGTAAAACGTCATCTCTACTAAAAATACAAAAATTACCCGGGTATGGTGGCAGCTGCCTGTAATCCCAGCTACTTGGGAGGCTGAGGCAGGAGAATCACTTGAAACCAGAAGGTGGAGGTTGCAGCGAGTTGAGATTGCGCCAGGCCACTCCGTCCTGGGCGAAAGAGCAAAACTCCGTCTCAAAACAAAATAAAAAACAAAAAA","ACATGGTGAAACCCTATCTCTATTAAAAATACAAAAATTAGCCAGGCATGGTGGCGGGCACCTGTAATCCCAGCTACTTGGGAGGCTGAGGCAGGAGAATCACTTGAAACTGGAAGGCAGATGTTGCAGTGGGCTGAGATCATAGCACTGGACTCCAGCCTGGGCAACAAGAGCTAAACTCCATCTCAAAAAAAAAAAAAAAAAGAAAAAAAAAA"
"chr1","95068666","95068733","JH378134","16871382","16871454","29","78197284","AGATAAGAAATTTGAAAATTGCATGCCAACATAGTAAAAACACGTGTCTTCTAAAAATACAAAAACTA","GAGCCGAGATTGTGCCATTGCACTCCAGCCTGGGTAACAAGAGCGAAACTCCGTCTCAAAAAAAAAAAAAAAA"
"chr1","99099593","99099900","JH378107","46009365","46009670","48","53090228","GGCCGGGGGAGGTGACTCACGCCTGTAATCCCAACACTTGGGGAGGCTGTGGTTGGTGGATCATGAGGTCAGGAGTTCGAGACCATCCTTGCCAACATGGTGAAAACTCGTCTCTACTAAAAATACAAAAATTAGCCAGGTGTGGTGGCGGGCACCTGTAATTCCACCTACTTGGGAGGCTGAAGCAGGAGAATCGCTTGAAACCGGGAGGCAGAGGTTACAGTGAGCTGAGATTGTGCCACTGCACTCCAGCCTGGGCAAGAAGAGCAAAACTCCATCTCAAAAATAAAAATAAAAATAAAAATAAA","GGCCGGGCGTGGTGGCTCACGCCTGTAATCCCAGCACTTTGGGAGGCCAAGGCAGGTGGATCACGAGGTCAAGAGGTCGAGACCATCCTGGTCAACATGGTGAAACCCCGTCTCTGCTAAAAATACAAAAATTAGCTGGGCATGGTGGCACGTGCCTGTAATCCCAGCTACTCAGGAGGCTGAGGCAGGAGAATTGCCTGAAACCAGGAGGCGGAGGTTGCGGTGAGCCGAGATTGCGCCATTGCACTCCAGCCTGGGTAACAAGAGCGAAACTCCGTCTCAAAAAAAAAAAAAAAAAAAAAAAAA"
"chr1","99260435","99260727","JH378127","10024758","10025055","42","89235677","GGCTGGGCACGGTGGCTCAGGCCTGTAATTCCAGCACTTTGGGACGCTGAGGCGGGTGGATCACGAGGTCAGGAGTTCAAGAACAGCCTGGCCAACATAGTGAAACCACATCTCTATTAAAAACACAAAAATTAGATGCGCAGGTGGCAGCGCCTGTAATCCCAGCTACTCAGGAGGCTGAAGTAGGAGAATCACTTGAAACCGGAAGGCAGAGGTTGCAGTGAGCTGAGATCGCACCACTGCACTCCAGCCTAGGTTAAAGACCGAAACTCCGTCTCAAAAAAAAAAAAAAA","GGCCGGGCGCGGTGGCTCAAGCCTGTAATCCCAGCACTTTGGGAGGCCGAGGCGGGTGGATCACGAGGTCAAGAGATCGAGACCATCCTGGTCAACATGGTGAAACCCCGTCTCTACTAAAAATACAAAAAATTAGCTGGGCATGGTGGCGTGTGCCTGTAATCCCAGCTACTCAGGAGGCTGAGGCAGGAGAATTGCCTGAGACCAGGAGGCGGAGGTTGCAGTGAGCCGAGATCGCGCCATTGCACTCCAGCCTGGATAACAAGAGCGAAACTCCGTCTCAAAAAAAAAAAAAAAA"
"chr1","99814955","99815264","JH378225","2864156","2864458","47","96950799","GGCCCAGTGCAGTGGCTCACACCTATAATCCCAGAACTTTGGGAGGCCGAGGCAGATGGATCACGAAGTCAGGAGTTCGAGACCAGCCTGGCCAACATGGCAAAACCCCGTCTCTACCAAAAATACAAAAATTAGCCAGGTGTGGTGGCTGGCCCCTGTAATCCCAGCTACTCGGGAGGCTGAGGCAGAAGAATCGCTTGAATCTCAGAGGCAGAGGTCGCAGTGAGCTGAGATCATGCCATTGCACTCCACCCTGGGCAACAAGAGCAAGACTCAGTCTCACAAAAAAAAAAAAAGAAAAGAAAGAAAA","GGTATGGTGGCTCATACCTGTAATCCCAGCAGTTTGGGAGGTCGAGGCAGGTGGATCATGAGGTCAGGAGTTCAAGACCAGCCTGGTCAACATGGTGAAACCCCATCTCTACTAAAAATGCAAAAATCAGCCGGGTGTGGTGGCGGGTGCCTGTAATCCCAGCTACTCAGGAAGCTGAGGCAGCAGACTCGCTTGAAGCCGGAGGCAGAGGTTGCAGTGAGCCGAGATCGTGTCACGGCACTCCAGCCTGGGCAATAAGAGCAAAACTATGTCAAAAAAAAAAAAAAAGAAAGAGAAAGAAAA"
"chr1","99815453","99815763","JH378225","2864156","2864458","49","96951297","GGCCCAGTGCAGTGGCTCACACCTATAATCCCAGAACTTTGGGAGGCCGAGGCAGATGGATCACGAAGTCAGGAGTTCGAGACCAGCCTGGCCAACATGGCAAAACCCCGTCTCTACCAAAAATACAAAAATTAGCCAGGTGTGGTGGCTGGCCCCTGTAATCCCAGCTACTCGGGAGGCTGAGGCAGAAGAATCGCTTGAATCTCAGAGGCAGAGGTCGCAGTGAGCTGAGATCATGCCATTGCACTCCACCCTGGGCAACAAGAGCAAGACTCAGTCTAACAAAAAAAGAAAAGAAAGAAAGAAGAAAA","GGTATGGTGGCTCATACCTGTAATCCCAGCAGTTTGGGAGGTCGAGGCAGGTGGATCATGAGGTCAGGAGTTCAAGACCAGCCTGGTCAACATGGTGAAACCCCATCTCTACTAAAAATGCAAAAATCAGCCGGGTGTGGTGGCGGGTGCCTGTAATCCCAGCTACTCAGGAAGCTGAGGCAGCAGACTCGCTTGAAGCCGGAGGCAGAGGTTGCAGTGAGCCGAGATCGTGTCACGGCACTCCAGCCTGGGCAATAAGAGCAAAACTATGTCAAAAAAAAAAAAAAAGAAAGAGAAAGAAAA"
"chr1","101217706","101217788","JH378105","47884425","47884510","17","53333281","GCGGAGGATGGAGTGAGCCAAGATCACACCACTGCACTCCAGCCTAGGTGACAAGAGTGAAACTCCCTCAAGAAAGAAAGAAA","CGGAGGTTGCGGTGAGCCGAGATCGCGCCATTGCACTCCAGCCTGGGTAACAAGAGTGAAACTCCGTCTCAAAAAAAAAAAAAAAA"
"chr1","102823341","102823612","JH378223","38539","38830","69","102784802","CCAGGCACAGTGGCTCATGTCTGTAATCCCAGCACCGTGGGAGGTCGAGGTGGGTGGATCACGTAAGACCAGGAGTTTGAGACCAGCCTGGCCAACATGGTGAAATCCCATCTCTACTAAAAATACCAAAAAACAAAATTAGTTGGGCATGGTGGCGGGCGCATGCTACTGTGGAGGCTGAGGCAGGAGAATTGCTTGATACTGGCAGGTGGAGGTTGCAGTGAGCCTGGGCAATGAGAGCAAAACTCCGTCTCAAAAATAAAAAAAATAAA","GGCTGGGCACAGTGGCTCATGCTTGTAATTCTAGCACTTTGGGAGGCCAAGGTGGGCAGATCACGAAGTCAGGAGTTTGAGACCAGGCTGGCCAACATGGTGAAACCCTCGTCTCTACTAAAAATACAAAAACAAAATTAGCCAGCATGGTGGCAGATGCCTGTACTCGGGAGGCTGAGGCAGGAAAATCGCTTGAAACCGGGAGGCAGAGGTTGCAGTGAGCTGAGATTGTGCCACTGTACTCCAGCCTGGGCAACAAGAGCAAAACTCCATCTCAAAAAAAAAAAATAAA"
"chr1","103243429","103243738","JH378107","46009365","46009670","38","57234064","GGCCGGGCATGGTGGCTCACGCCTGTAATCCCAGCACTTTGGGAGGCCGAGGCGGGCAGATCACGAGGTCAGGAGTTTGAGACCAGTCTGGCCAACATGGTGAAACCCCGTTTCTACTAAAAATACAAAAATTAGCCAGGCATGGTGGCAGGCACCTGTAATCCCAGCTACTCGGGAGGCTGAGGCAGGAGAATCTCTTGAAACCAGAAGGCGGAGGTTGCAGTGAGCTGAGATCGCATCACTGCACTCCAGGCTGGGCAAGAAAAGCGAAACTCCATCTCAAACAAAAAAAAAAAAGAAAGAAAAGAAA","GGCCGGGCGTGGTGGCTCACGCCTGTAATCCCAGCACTTTGGGAGGCCAAGGCAGGTGGATCACGAGGTCAAGAGGTCGAGACCATCCTGGTCAACATGGTGAAACCCCGTCTCTGCTAAAAATACAAAAATTAGCTGGGCATGGTGGCACGTGCCTGTAATCCCAGCTACTCAGGAGGCTGAGGCAGGAGAATTGCCTGAAACCAGGAGGCGGAGGTTGCGGTGAGCCGAGATTGCGCCATTGCACTCCAGCCTGGGTAACAAGAGCGAAACTCCGTCTCAAAAAAAAAAAAAAAAAAAAAAAAA"
"chr1","105395986","105396226","JH378114","20985078","20985319","37","84410908","GGCCAGGTGCGGTGGCTCACGCCTGTAATCCCAGCAGTTCGGGAGGCCGAGGTGGGCGGATCACGAGGTCAGGAGTTTGAGATCAGCCTGGCCAACATGATGAAACTCCGTCTCTACTAAAAATACAAAAATTAGCTGGGCATGGTGGTGCTTGCCTGTAATCCCAGTTACTCGGGAGGCTGAAGCAGGAGAATCACTTGAAACCAGAAGGCAGTGGTTGCAGTGAGCCAAGATCGCACCA","GGCTGGGCACGGTGACTCACGCCTGTAATCCCAGCACTTTGGGAGGCCAAGGTGGGCAGATCACAAGGTCAGGAGTTCGAGACCAGCCTAGCCAATACGGTGAAACCCTGTCTCTACTAAAAATACAAAAATTATCTGGGCATGATGGCGCCTGCCTGTAGTCCCAGCTACTAGGGAGGCTGAGGCAGGAGAATCGCTTGAAACTGGGAGGCAGAAGTTGCAGTGAGCCGAGATTGGGCCAC"
"chr1","105400238","105400442","JH378173","72299","72499","46","105327939","CGGCNNNNNNNNNNGAAACCCCATCTCTACTAAAAATACAAAAATTAGCTGGCGTGGTGGTGCTTGCCTGTAATCCCAGTTACTCGGGAGGCTGAAGCAGGAGAATCACTTGAAACCAGAAGGCAGTGGTTGCAGTGAGCCAAGATCGCACCATTGCACTCCAGCCTGGGCAACAAGAGTGAAATTCTGTCTCAAAAAAAAAAAA","GTGAAACCCCGTCTCTACTAAAAATACAAAAAAATTAGTCAGGTGTGGTGACAGGTGCCTGTAATCCCAACTGCTCAGGAGGCTAAGGCAGGAGAATCACTTGAAACTGGGAGGCAGAGGTTGCAGTGAGCCAAGATCACATCATTGCACTCCAGCCTGGGGAACAAGAGTAAAACTCCATCTCAAAAAAAAAAAACAAAA"
"chr1","110233462","110233765","JH378107","46009365","46009670","43","64224097","GGTCAGGCATGGAGGCTCATGCCTGTAATCCCAGCACTTTGGGAGACCAAAGTGGGTGGATCACAAGGTCAGGAGTTCAAGACCAGCCTGGCCAACATGGTGAAACCTCGTCACTACTAAAAATACAAAAATTATCCGGGCATGGTGGCAGGCACCTGTAATCCCAGATACTCGGGAGACTGAGGCAGGAGAATCACTTGAACTGGAGGAGGAGGTTGCAGTGAGCCGAGATTGCACCATTGCACTCCAGCCTGGGCAACAAGTGTGAAACTCTGTCTCAAAAATAAAGAAAATAAAAAATAAA","GGCCGGGCGTGGTGGCTCACGCCTGTAATCCCAGCACTTTGGGAGGCCAAGGCAGGTGGATCACGAGGTCAAGAGGTCGAGACCATCCTGGTCAACATGGTGAAACCCCGTCTCTGCTAAAAATACAAAAATTAGCTGGGCATGGTGGCACGTGCCTGTAATCCCAGCTACTCAGGAGGCTGAGGCAGGAGAATTGCCTGAAACCAGGAGGCGGAGGTTGCGGTGAGCCGAGATTGCGCCATTGCACTCCAGCCTGGGTAACAAGAGCGAAACTCCGTCTCAAAAAAAAAAAAAAAAAAAAAAAAA"
"chr1","114748941","114749228","JH378119","21729384","21729670","41","93019557","GCCAGGTGCAGTGGCTCGTGCCTGAAATCCCGACACTTTGGGAGGCCAAGGTGGGTGGATCACGAGGTCAGGAGTTTGAGACCAGCCTGGCCAACATGGTGAAACCCCATCTCTACTAAAAATACAAAAAATCAGCCGAGCATGGTGGCAGGCGCCTGTAATCCCAGCTTCTCGGGAAGCTGAGGCAGGAGAATCACTTGAAACTGGAAGATGGAGGTTGCAGTGAGCTGAGATTGCACCACTGCACTCCAGCCTACGCAACAAGAGCGAAACTCTGTCGAAAGAAAA","GGCTGGGCGCAGTGGCTCACGCTTGTAATCCCAGCACTTTGGGAGGTCGAGGTGGGTGGATCACAAGGTCAGGAGTTCAAGACCAGCCTGGCCAACATGGTGAAACCCCGTCTCTGCTAAAAATAGAAAAATTAGCAAAGCATGGTGGCAGGCGCCTGTAATCACAGCTACTCGGGAAGCTGAGGCAGGAGAATCACTTGAAACTGAAAGGTAGAGGTTGCAGTGAGCCGACATCACCACCACTGCACTCCAGCCTGGGCGACAAGAGCGAAACTTCATCTAAAAAA"
"chr1","117484854","117485149","JH378148","3009466","3009760","34","114475388","GGCTGGGCGCGGTGGCTAACGCCTGTAATCCCAGCACTTTGGGAGGCCGAGGCAGGTGGATCACGAGGTCAGGAGTCTGAGACCAGCCTGACCAACATGATGAAACCCCGTCTCTACTAAAAATACAAAAATTAGCCAGGCATGGTGGCGCAGGCCTGTAATCTCAGCTACTCAGGAGGCTGAGGCAGGAGAATCACTTGAAACCAGAAGGTGGAGGTTGCAGTTAGCCGAGATCGCGCCACTGCACTCCAGCCTGGGCAACAAGAGCAAAACTCCATCTCGAACAAACAAACAAA","GGCCAGGTGTGGTGGCTCACGCCTGTAATCCCAGCACTTTGGGAGGCCGAGGCAGGTGGATGATGAGGTCAGGAGTTCGAGACCAGCCTGGCCAAAATGGTGAAACCCTGTCTCTACTAAAAATACAAAAAAATTAGCCAGGCGTGGTGGCATGCGCCTATAATCCCAGCTACTCAGGAGGCTAAGGCAGGAGAATCACTTGAAACCAGAAGGCAGAGGTTGCAGTGAACTGAGATCACGCCACTGCACTCCAGCCTGGGCAACAAGAGCAAAACTCCATCTCAAAAAATAAAAA"
"chr1","120009378","120009468","JH378262","3050363","3050459","28","116959015","TTGGGAGGCTGAGGCAGGAGAATCACTTGCAACTGGGAGGCGGAGGTTGCAGTGACCGAGATTGTGCCATTGCACTCCAGCTTGGGGAACA","GAGGCTGAGGCACAAGAATTGCTTGGACCCTGGGAGGCGGGGGTCGCAGTGAGCTGAGATAGTGTCACTGCACTCCTGCTTGGGTGACAGTGAGACT"
"chr1","120165300","120165592","JH378148","3009466","3009760","53","117155834","GCCAGGTGTGGTGGCTCACGCCTGTAATCCTAGCACTTTGGGAGGCCAAGGTGGGCGGATCACGAGATCAGGAGTTCGAGACAAGCCTGGCCAACATGGCGAAACCCTGTCTCTCCTAAAAATACAAAAATAAGCCAGGTGTGGTGGCGGGCGCCTGTAATCCCAGCTACTTGGGAGGCAGGTTCACTGCAACCTTTGAACCTGGAGGTGGAGGTTGCAGTGAACTGAGATCGTGCCACTGCACTCCAGTCTAGGTGACAAGAGCAAGATCAGGTCTCAAAAATGAAAAAAAA","GGCCAGGTGTGGTGGCTCACGCCTGTAATCCCAGCACTTTGGGAGGCCGAGGCAGGTGGATGATGAGGTCAGGAGTTCGAGACCAGCCTGGCCAAAATGGTGAAACCCTGTCTCTACTAAAAATACAAAAAAATTAGCCAGGCGTGGTGGCATGCGCCTATAATCCCAGCTACTCAGGAGGCTAAGGCAGGAGAATCACTTGAAACCAGAAGGCAGAGGTTGCAGTGAACTGAGATCACGCCACTGCACTCCAGCCTGGGCAACAAGAGCAAAACTCCATCTCAAAAAATAAAAA"
"chr1","120451781","120452053","JH378119","86732","87007","60","120365049","CCAGCATTTTGGGAAGCCATGGCAGGTGGATCACCAGGGGTCAGGAGTTTGAGACCAGCTGGCCACATGGTGAAACCTTGTCTCTACTAAAAAGTACCAAAAATTAGCCGAGTGTAGTGGCAGGTGCCTGTAATCCCAGCTGCTCAGGAGGCTGAGACAGGAGAATTGCTTCCACCAGGGNNNNNNNNNNTGAGCTGAGATCGCGCCATTGCACTCCAGCCTGGGCAACAAGAGTGAAACACTGTCTCAAAAAAAAAAAAAAAAAAAAAAAAA","CACTTTGGGAGGCCGAGGCAGGTGGATCACGAGGTCAAGAGATCGAGACCATCCTGGTCAACATGGTGAAACCCCATCTCTACTAAAAATACAAAAAATTAGCTGGGCATGGTGGCGTGTGCCTGTAATCCCAGCTACTCAGGAGGCTGAGGCAGGAGAATTGCCTGAAACCAGGAGGCGGAGGTTGCGGTGAGCCGAGATCATGCCATTGCACTCCAGCCTGGGTAACAAGAGCTAAACTCCGTCTCAAAAAAAAAAAAAAAAAAAAAAACAAAA"
"chr1","121154684","121154938","JH378106","28970354","28970606","51","92184330","GGCCGGGTGCAGAGGCTCACACCTGTAATCCCAGCACTTTGGAAGGCCAAGACAGGCGAATCACAAAGTCAGAAGTTCGGGACCAGCCTGGTCAACATGGTGAAACCCCGTCTCTACTAAAAATACAAAAATGAGCCGGGCATGGTGGTGGGCTCCTGTAGTCCCAGCTACTCGGGAGGCTGAGGCAGGAGAGTCATTCGAACCCAAAAAGCAGAGATTGCAGTGAACCGAGACCGCGCCAGTGCACTCCAGCCT","GGCCAGAGGTGGTGGCTCATGCCTGTAATCCTAGCACTTTGGGAGGCTGAGGCAGGTGAATCACGAGGTCAGGAGTTTAAGACCAGCCTGGCTAACATGATGAAACCCCGTCTCTACTAAAAATACAAAAATTAGCTGTGCATAGTGGTGGGAACCTGTAATTGCAGCTACTTGGGAAGCTGAGGAAGGAGAATCACTTGAAACTGGAAGGCAGAGGTTGCAGTGAGCCAAGATAGTGCCATTGCACTCCAGC"
"chr2","403289","403595","JH378113","18649350","18649646","41","18246061","GGCCAGGCACAGCGGCTCATGCCTGTCATCCCAGCACTTTAGAACGCCGAGGTGGGCAGATCACAAGGTCAGGAGTTCGAGACCAGGCTGGGTCAACATGGTGAAACCCCGTCTCTATTTAAAAACAAACTACAAAAATTAGCCAGGCGTGGTGGCGGACACCTGTAATCCCAGCTACTGGGGAGGCTGAGGCAGGAAAATCGCTTAAAACTGGAAGGCAGAGGTTGCAGTGAGCTGAGATTGCGCCACTGCACTCCAGCCTGGGTGAAAGAGCAAAACTCCATCTCAAAGAAAAAAAAAAAAAGAA","GGCCAGGCACAGTGGCTCACGCCTGTAATCCCAGCACTTTCGGAGGCCAAGGTGGGCAGATCACAAGGTCAGGAGTTCGAGACCAGCCTGGTCAACATGGTGAAACCCTGTCTCAACTAAAAATCCAAAAATTAGCCAGGTGTGGTGGTGGGCACCTGTAATCCCAGCTATCAGGGAGGCTGAGGCAGGAGGATTGCTTGAAACTGGAAGGCAGCGGTTACAGTGAGCCAAGATGGAGCCACTGCACTCCAGCCTGGGTGAAAGAGCAAAACTCCATCTCAAAATAAATAAATAAAA"
"chr2","1896715","1897009","JH378169","11824133","11824434","49","9927418","GCTGGGTGCAGTGGCTCGTGTAATCCCAGTACTTTTGGAGGCCGAGGCGGGCAGATCACAAAGTCAGGAGTTCGAGACCAGCCTGGCCAACATGGGAAAACCATGTCTCTACTAAAAATACAAAAATTAGCCAGACGTGGTGGCGCATGCCTGCAATCCCAGCTACTCAGGGACTGAGACAGAAGAATCGCTCGAACGCAGAAAGCAGAGGTTGCAGTGAGCTGAGATCGCGCCACTACACTCCAGCCTGGGCAACAAGAGCAAAACTCTGTCTCAAAAAATAAAAAAAAAAAAA","GGCTGGGCACAGTGGCTCAAGCCTGTAATCCCAGCACTTTGGGAGGCCGAGGCTGGCAGATCATGATGTCAGGAGTTCAAGGCCAGCCTGATCAACATGGTGAAACCCTGTCTCTACTAAAAATACAAAAATTAGCCAGGCATGGTGGCAGGTGCCTGTAATCCCAGCTACTCCAGAGGCTGAGGCAGGAGAATTGCTTGAAACCAGAAGGCGAAGGTTGCAGTGAGCTGAGATTGCACCACTGCACTCCAACCTGGGCAAAAGAGCAAAACTCCATCTCAAAAAAAAAAAGAAAAGTAAAA"
"chr2","3298076","3298356","JH378151","5590079","5590358","48","2292003","GCCGGGTGTGGTGGCTCATGCCTGTAACCCCAGCACTTTGGGAGGCTGAGACCGGCAGATCACAAGGTCAGGAGTTCAAGAACAGCCTGGCCAACATGGTGAAACTCTGTCTCTACTAAAAATACAAAAATTAGCCGAGCAGTGGTGGCAGCACCTGTAATCCCAGCTTCTCAGGAGGCTGAAGCAGGAGGATGGCTTGAAGCCAGGAGGCAGAGGCTGCAGTGAGCTGAGATTGCGCCATTGCATTCCAACCTGGGCAACAAGAGTGAAACCCCATCTCA","GGCCAGGCGCAGTGGCTCATGCCTGTAATCCCAGCACTTTGGGGGGCCAAGTTGGGCAGATCACAAGGTCAGGAGTTCGAGACCAGCCTGGCTAACATGGTGAAATCCCATCTCTACTAAAAATACAAACATTAGCCAGGTATGGTGGCGGGCACTTGTAATCCCAGCTACTCAGGAGGCTGAGACAGGAGAATCGCTTGAAACCGGAAGGCAGAGGCTGCAGCGAGCTGAGACGGCACCACTGCACTCCAGACTGGGCAAGAGAGTAAAACTCCATCTC"
"chr2","6715190","6715499","JH378140","1530714","1531009","44","5184476","GGCGGGGCGCAGTGGCTCACGCCTGTAATCCCAGCACTTTGGGAGGCCAGGGAGGGCAGATCATGAGGTCAGGAGTTCAAGACCAGCCTGGCCAACATGGTGAAAACCCGTTTCTACTAAAAATACGAAAATTAGCCAGGCGTTGTGGTGGGAGCCTGTAATCCCAGTTACTCGGGAGGCTGAGGCAGGAGAATCGCTTGAAACCAGAAGGCAGAGGTTGTGGTGAGTCGAGATCACGCCACTGCACTGCACTCCAGCCTGGGCGAAAGAGCAAAACTCCGTCTCAAAAAAAAAAAAGCCACAGAAAAGA","GGTGGGGTGCAGTGGCTCAAGACTATAATCCCAGCACTTTGGGAGGCCACGGCGGGCAGATCATGAGGTCAGGAGTTCGAGACCAGCATGGCCAACATGGTGAAACCCTGTCTCTACTAAAAATACAAAAATGAGCCCAGCATGGTGGTGGGCACCTGTAATCCCAGCTACTCAGGAGGCTGAGGCAGGAGAATCGCTTGAAACTGGAAGGCAGAGGTTGTGGTGAGCTGAGATCATGCCACTGCACCCTAGCCTGGGCCAAAGAGCAAAACTCCATCTCAAAGAAAAAGAAAAAA"
"chr2","7332976","7333274","JH378205","1510121","1510420","46","5822855","GCCAGATGTGGTGGCTCACGCCTGTAATCCCAGTACTTTGGGAGGCCGAGGTGGGCAGATGAGGTCAGGAGTTCGAGACCAGCCTGGCCAACATGGTGAAAACCCATTTCTACTAAAAATACAAACATTAGCCAGGCAGGGTGGAGGGCACCTGTAAGCCCAGCTACTCGGGAGACCGAGGCAGGAGAATCGCTTGAAAGTGGAAGGCGGAGGTTACAGTGAGCTGAGATCGTGCCACTGCATTCCAGCTTGGGTGAAAGAACGAAATTCTGTCTCAAAAAAAAAAAAAAAAAAAGAAA","GGCTGGACGTGGTGGCTCACACCTGTAATCCCAGCACTTTGGGAGGCCAAGGTGGGCAGATCACGAGGTCAGGAGTTCGAGAACAGCCTGGCCAACATGGTGAAACCCCATCTCTACTAAAAATACGAAAATTAGCTGGGCGTGCTGGCGAGCACCTGTAATCCCAGCTACTCGGGAGGCTGGGGCAGGAGAATCACTTGAAACCGGAAGGCAGAGTTTGCAGTGAGCTGAGATCGTGCCATTGCACTCCAGCCTGGGCGACAGGAGTGAAATTCTGTCTCAAAAAGAAAAGAAAAGAAA"
"chr2","9332664","9332964","JH378123","21576066","21576366","39","12243402","GCTGCGCAAGGTGGCTCACGCCTGTAATCCCAACATTTTGGGAGGCTGAGGCGGGGGAATCACGAGGTCAGGAGTTCTAGACCAGACTGGCCTACATAGTGAAACCCTGTCTCTACTAAAAATACAAAAATTAGCTGGGCGTGGTGGTGGGTGTCTGTAACCCCAGCTACTTGGGAGGCTGAGGCAGGAGAATTGCTTGAAACTGGAAGGTGGAGGTTGCAGTGAGCCGAGATCCCACCATAGCACTCCAGCCTGGGCAACAAAAGCAAAACTCCATCTCAGAAAAAGAAAAAAAAAAAAA","GGCTGGGCACGGTGACTCACACCTGTAATCCCAACATTTTGGGAGGCTGAGGCAGGCAGATTACAAGGTCAGGAGTTCAGGACCAGCCTGGCCAGCATGGTGAAACCCTGTCTCTACTAAAAACACAAAAATTAGCTGGGCATGATGGTGAGCACTTGTAATCCCAGCTACTCGGGAGGCTGAGGCAGCAGAATAGCTTGAAACTGGAAGGTAGAGGTTGCAGTGAGCTGAGATCACGCCATTGCACTGCAGCCTGGGCAACAAGAGCAAAACTCCATCTCAAAAAAAAAAAAAACAAAAA"
"chr2","11233804","11234096","JH378141","15686973","15687263","42","4453169","GGCTGTGCGCAGTGGCTCATGCCTGTAATTCCAGCACTTTGGGAGGCCAAGGCAGGTGGATCACGAGGTCAGGAGTTTGAGACCAGCCTGGCCAAGATGGTGAAACCTCATTTCTACTAAAAATACAAAAATTAGCCAGGCATGGTGACGGACGCCTGTAGTTCCAGCTACTCGGGAGGCTGAGGCAGGAGAATCGCTTGAATACGGGAGGCGGAGGTTGGAGTGAGCCGAGATCATGCTACTGCTCTCCAGCCTGGGCAACAAGAGCAAAACTTCATCTTAAAAAAAAAAAA","GGCTGGGCACAGGCTCGTGTCTGTATTCCCAGCACTTTGGGAGACCAAGGCAGGTGGATCACAAGGTCAGGAGATTGAGACGAGGCTGGCCAACATGGCAAAACCCCATCTCTACTAAAAGTACAAAAATTAACCAGGCATAGTGACGGACATCTGTAATCCCAGCTACTAGGGAAGCTGAGGCAGGAGAATCGCTTGAAACTGGGAGGTGGGGGTTGCAGTGAGCCAAGATCATGCCACTGCACTCTAGCCTGGGCAATAAGAGCAATACTCTATCTGAAAAAAAACAAA"
"chr2","12371485","12371788","JH378190","1325792","1326096","43","11045693","GGCCAGGCACAGTGGCTCATGCCTGTAATCCCAACACTTTGGGAGGCCGAGGCGGGTGGAACACGAGGTCAGGAGTTCGAGACCAGCCTGGCCAATATGGTGAAACCCTGTCTCTACTAAAAATACAAAAATTAGGTGGGTGCAGTGGTGGGCACCTGTAATACCAGCTATTCGGGAGGCTGAGGCAGGAGAATTGCTTGAAACCGTAAGGCAGAGGTTGCAACGAGCCGAAATCATGCCACTACACTCCAGCCTGGACAAAAGAGCAAAACTCTTTCTCTCAAAAAAAAATAATAATAATAAA","GCCAGGCACGGTGGCTCACGCCTGTAATCCCAGCATTTTGGGAGGCCGAGGCAGGCGGATCATGAGGTCAGGAGTTCGAGACCAGCCTGGCCAACATGGTGAAACCCTGTCTCCACTAAAAATACAAAAATTAGCTGGCTGTGGTGGTTGGCACCTGTAATCCCAGCTACATGGGAATCTGAGGCAGAAGAATTGCTTGAAACCAGAAGGCAGAGGTTGCAGTGAGCCAAGATCATGCCACTACACTCAAGCCTGGATGAAAGAGTGAAACTCTGTCTCAAAAAAAAAAAAAAAAAAAAAAAAAA"
"chr2","13812379","13812677","JH378169","11824133","11824434","42","1988246","GGCTGGGCACGGTGGCTCATGCCTGTAATCCCAGCACTTTGGGAGGCCAAGGCGGGCAGATCACAGGGTCAGGAGTTCGAGACCAGCCTGGCCAACATGGTGAAACCCCATCACTACTAAAAATACCAAAATTAGCCAGGCATTGCGGGCACCTGTAATTTCAGCTACTCAGGAGGCTGAGGCAGGAGAATTGCTTGAAACCAGAAGGCAAAGGTTGCAGTGAGCCGAGATCACGCCACTGCACTCCAACCTGGGTGATAGAGCTTGAGACTCCGTCTCAAAAAAAAAAAAAAGAAAAA","GGCTGGGCACAGTGGCTCAAGCCTGTAATCCCAGCACTTTGGGAGGCCGAGGCTGGCAGATCATGATGTCAGGAGTTCAAGGCCAGCCTGATCAACATGGTGAAACCCTGTCTCTACTAAAAATACAAAAATTAGCCAGGCATGGTGGCAGGTGCCTGTAATCCCAGCTACTCCAGAGGCTGAGGCAGGAGAATTGCTTGAAACCAGAAGGCGAAGGTTGCAGTGAGCTGAGATTGCACCACTGCACTCCAACCTGGGCAAAAGAGCAAAACTCCATCTCAAAAAAAAAAAGAAAAGTAAAA"
"chr2","13965121","13965274","JH378146","591208","591357","39","13373913","GCCCGGTGCAGTGGCTCACGCCTGTAATCCCAGTGACTTGGGAGGCTGAGACAGGAGAATCGCTTGAAACCAGAAGGTGGAGGTTGCAGTGAGCCGAGATCGTGCCACTGCACTCCAGCCTGGGCAAGATTCTGTCTCAAAAAAGAAAGAAAGA","TGGTGGCGCGTGCCTGTAATCCCAGCTACTCAGGAGGCTGAGGCAGGAGAGTCGCTTGAAACCAGAGGCAGAGGTTGCAGTGAGCTGAGATCACACCAGTGCACTCCAGCCTGGGCAACAAGAGTGTAACTCCATCTAAAAAAAAAAAAA"
"chr2","13965571","13965583","JH378272","2083837","2083868","21","11881734","ACAAAAAGTCAAA","CCAGCCTGGGAAACATGATGAAACTTCATCTC"
"chr2","14413364","14413653","JH378170","939520","939798","50","13473844","GCCGGGCACAGCGGCTCACGCCTGTAATCCCAACACTTTGGGAGGCTGAGGCAGGTGGATCATGAGGTCAGGAGTTCGAGACCAGCCTGGGCAACATGGTGAAACACCATCTCTACTAAAAAATACAAAAATTAGCTGGGTGTAGTGGCGGGCGCCTGTAATCCCAGCTACTCAGGAGGCTGAGGCAGGAGAATCACTTGAAATCAGAAGGCAGGGGTTGATCGCGCCACTGCACTTTAGCCTGGGCAAAAGAGAGGAAACTCTATCTCAAAAAAAAAAAAATAAAAAAA","GCCGGGCATGGTGGCTCACGCCTGTAATCCCAGCACTTTGGGAGGCCGAGGCGGGTAGATCATGCGGTCAAGAGATCAAGACCATCCTGGTCAACATGGTGAAACCCCATCTCTACTAAAAATACAAAAATTAGCTGGGCATGGTGGCGTGTGTCTGTAATCCCAGCTACTCAGGAGGCTGAGGCAGGAGGCAGAGGTTGCGGTGAGCCGAGATCGCGCCATTGCACTCCAGCCTGGGTAACGAGAGCGAAACTCTGTCTCAAAAAAAAAAAAAAAAAA"
"chr2","14842350","14842642","JH378245","3312448","3312742","42","11529902","GGCCGAGCGCGGTGGCTCATGCCTGTAATCCCAGCTCTTTGGGAGGCTGAGGTGGGCGGATCACGAGGTCAGGAGTTTGAGACCAGTCTGGCCAACACAGTGAAACCCTGTCTCTACTAAAAATATGAAAATTAGCTGGGCATGGTAGTGGGCGCCTGTAATCGCCGCTACTCGGGAGGCTGAGGCAGGAGAATCACTTGAATCCAAGAGGCAGAGATTGCAGTTAGCTGAGATCACGCCACTGCACTTCAGCCTGGGCAACGAGAGAAACTCCATCTCAAAAAAAAAAAAAA","GGCCAGTCGTGGTGGCTCTCGCCTGTAATCCCAGCACTTCGGGAGGCTGAGGCAGGCAGATCATGAGGTCAGGAGTTTGAGACCAGCCTGGCCAATATGGTGAAACCCCGTCTCTACTAAAAATACAAAAATTAGCTGGACATGGTGGTGGGCGCCTGTAATCCCAGCTACTTGGGAGGCTGAGGCAGGACAATCGCTTGAAACCTGAAGGCGGAGGTTGCAGTGAGCCAAGATCATGCCACTGCACTCCAGCCTGGGCGAAAGAGTAAAACTCCGTCTCAAAAAAAAAAAGAAA"
"chr2","14953010","14953298","JH378151","9107602","9107893","47","5845408","GGCCAGGCGCGGTGGCTCACTCCTGTAATCTCAGCACTTTGGGAGGCCAAGCCAGGCGGATCACAAGGTCAGGAGTTTCAGACCAGCCTGGCCAACATGGCCCTGTCTCTACTAAAATTACAAAAATTAGCCAGGTGTAGTGGCGGGTGCCTGTAATCCCAGCTACTCGGGAGGCTGAGACAGGAGAATCACTTGAACCTAGCAGGCGGAGGTTGCAAAGAGCCGAGATTGTGCCATTGCACTCCAACCTGGGCAACAAGAGCAAGACTCTGTCTCAAAATAAAAAAAA","GGCCGGGCACTGTGGCTCACGCCTGTAATCTCAGCAATTTGGGAGGCCAAGGCGGGTGGATCACAAGGTCAGGAGTTTGAGACCAGCCTGGCCAACTGGTGAAACCCGTCTCTACTAAAAATACAAAAATTAGCCAAGCATGGTGGCGGGCACCTGCAATCCCAGCTACTCAGGAAACTGAGGCAGGAGAATTGCTTAAAACCAGAAGGCAGAGTTTGCAGTGAGCCAAGATGGTGCCACTGCACTCCAGCCTGGGCAAAAGAGCAAAACTCCGTCTCAAAAAAAACAAAAA"
"chr2","16732164","16732440","JH378106","48879996","48880280","48","32147832","GGCCAGGCACGGTGGCTCACGCCTGTAATCCCAGCACTTTGGGAGGCCAAGGCGGGTGGATCACGAGGTCAGCAGTTCGAGACCAGCCTGAACAACATGGTGAAACCCTGTCTCTCCTAAAAATACAAAAAAATTAGCTGGGCGTGGTGGCAGGCACCTGTAATCCCAGCTACTTGGGAGGCTGAGGCAAGAGAATCACTTGAAACTGAAAGGCGGAGGTTGCACTCTAGCCTGGGCAACAAGAGCAAAACTCCATCTCAGAAAATAAATAAATAAA","GGCCGGGCGCGGTGGCTCAAGCCTGTAATCCCAGCACTTTGGGAGGCCGAGGCAGGTGGATCACAAGGTCAAGAGATCAAGACCATCCTGGTCAACATGGTGAAACCCCGTCTCTACTAAAAAATACAAAAAATTAGCTGGGCATGGTGGCAGTTGCCTGTAATCCCAGCTACTTGGGAGACTAAAACCCAAGAATCAATTGAACCTGAAGGCAGAGGTTGCACTCCAGCCTGGGTAACAAGAGCGAAACTCCGTCTCAAAAAAAAAAAAAAAGAAAATTAAAAA"
"chr2","18912033","18912328","JH378108","50208845","50209139","44","31296812","GCCAGGTGCGGTGGCTCACGCCTGTAATCCCAGCACCTTGGGAGGCCAAGGCGGGCAGATCACGAGCTCAGGAGTTTGAGACAGCCTGACCAACACAGTGAAACCCCATCTCTACCAAAAATACAAAAATTAGCCAGGCACGGTGGCAGGCACCTGTAATCCCAGCTACTTGGGAGATTGAGGCAGGAGGATCGCTTGAAACCAGAAGGCAGAGGTTGCAGTGGGCCAACATCGCACCACTGGACTCCAGCCTGGGCAACAGAGTGAGACTCCGTCTCAAAAAAAAAAAAAAAAAA","GGCCAGGTATAGTGGCTTACGCCTGTAACCCCAGCACTTTGGGAGGCCAAGGTGGGCAGATCATGAGGCCAGGAGTTCAAGACCAGCCTGGTCAACATGATGAAACCCCATCTCTACTAAAAATACAAAAATTAGCCAGGCATGGTGGCAGGTGCCTGTAATCCCAGCTACTTGGAAGGCTGAGGCAGGAGAATCACTTGAAATCGGAAGGTGGAGGTTGCAGTGAGCCAAGGTCGCACCACTGTACTCCAGCCTGGACGACACAGTGAAACTCTGTCTCAAAAAAAAAAAAAAA"
"chr2","19166618","19166798","JH378192","5406761","5406913","70","13759857","AAATTAGCCAGGCGTGGTGGTGGGCTACTGGGGAGGCTGAGACTGGAAAATCGCTTGAAACGGTGGGAGGATGGGGATGTGGGGAGGTGGGGGGAGGGGGGCCGGAGGGGCGGAGGTTGCAGTGAGCCCAGATCGCGCCACTTCACTGCAGCCTCCGCGAAAGAGCGAAACTCCTTCTCAA","TTAGCCAGGCGTGGTGGCGGGTGCCTGTAATCCCAGCTACTTGGAAGGCTGAAGCAGGAGAATCGCTTGAAACCAGGAGGTGGAGGTTGCAGTGAGCTGACATCGTGCCATTGTACTCCAGCCTGGGCAACAAGAGTGAGACTCCATCTCAAA"
"chr2","20467217","20467504","JH378189","5898223","5898514","48","14568994","GGCAGGGCGTGGTGGCTCATGCCTGTAATCCCAACACTTTAGGGGGCCAAGGTGGGCAGATCACGAGGTCAGGAGCTGGAGACCAGCCTGGCCAACATGGTAAAACCCCATCTCTACTGAAAACACAAAAATTAGCCAGATATGGTGGCGGGCACCTGTAACTCCAGCTACTCAGGAGGCTGAGGTAGGAGAATTGCTTGAAACTGGAAGGCAGAGGTTGCAGTGAGCCAAGATTGTGCCACTGCACTCCAGCCTGGATGACAGTAAAATTTTGTCTCAGAAAAAAAA","GGCCAGGTGCAGTGGCTTACACCTGTAATTCCATGACTTTGGGAGGCTGAGGCGGGCAGATCACGAGGTCAGGAGTTGGAGACCAGCCTGGGCAACATGGTGAAACCCCATCTCTACTAAAAATACAAAAATTAGCCTGGTGTGGTGGCAGGCATCTGTAAACCCAGCTACTTGGGAGGCTGAGGCAGGAGAATTGCTTGAAACTGGAAGGTGGAGATTGTAGTGAGCCGAGATCGTGCCACTGCACTCCAGCCTAGATGAAAGAGTGAAACTCTGTCTTAAAAAAAAAAAA"
"chr2","21504845","21505141","JH378146","17525689","17525983","31","3979156","GGCCGGGCACGGTGGCTCACGACTGTAATCCCAGCACTTTGGGAGACCGAGGCGGATGGATCACGAGGTCAAGAGATCAAGACCATCCTGGCCAACATGGTGAAACCCCGTCTCTACTAAAAATACAAAAAATTAGCTGAGTGTGGTGGCGCCTGCCTGTAGTCCCAGCTACTTAGGAGGCTGAAGCAGGAGAATCGCTTGAAATCAGAAGGCAGAGGTTGCAGTGAGCCAAGACTGCAACACTGCACTCCAGCCTGGGCAACAAGAGCGAAACTCTGTCTCAAGAAAAAAAAAAAA","GCCAGGCGCGGTGGCTCAAGCCTGTAATCCCAGCACTTTGGGAGGCCAAGGCGGGTGGATCACGAGATCAAGAGATCGAGACCATCCTGGTCAACATGGTGAAACCCCGTCTCTACTAAAAATACAAAAAATTAGCTGAGCATGGTGGCGTGTGCCTGTAATCCCAGCTACTCAGGAGGCTGAGGCAGGAGAATTGCCTGAAACCAGGAGGCAGAGGTTGCAGCGAGCCGAGATTGCACCATTGCACTCCAGCCTGGGTAACAAGAGCGAAACTCCGTCTCAAAAAAAAAATAAA"
"chr2","22394768","22395014","JH378140","14368734","14368986","55","8026034","AGCACTGAGAGGCTGAGGCAGGCGGATCACAAGGAGTTCGAGACCAACTTGGCCAAAGTAGTGAAACCCCACTAATACAAAAATTAGCCAGGCATGGTGGCAGGTGCCTGTAATCCCAGCTACTCAGGAGGCTGAGGCAGGAGAATCGCTTGAAACTGGAAGGCGGAGGATCTCGTGAGCCGAGATCACGCCACTGTACACCGACCTGGGTGAAAGAACGAAACTCCATCTCAAAAATAAAATAAAA","GAGGCTGAGGTGGGAGGATCAGGAGGTCAGGAGTTCGAGACCAGCCTGGCCAACATGGTGAAACCCCATCTCTACTAAAAATACAAAAATTAGCCGGGCGTGGTGGCGGATGCCTGTAATCCCAGCTACTCAGGAGGGTGAGGCAAGAGAATCGCTTGAAACTGGAAAGCGGAGATTCCAGTGAGCTGAGATCACGCCAATGCACTCTAGCCTAGGCGAAAGAGCAAAACTCCGTCTCTAAATAAATAAAAAA"
"chr2","22792248","22792509","JH378185","920965","921227","47","21871283","GGCCAGTCATGGTGGCGCATGCCTGTAATCCCAACACTTTAGGAGGCCAAGGCAGGTGGATTACAAGGTCAGGAGTTCGAGCCCAGCCTGGCCAACATGGTGAAACCCCGTCTCTACTAAAAATACAAAAATTAGTAGGCATGATGGCAGGCGCCTCTAATCCCAGCTACTTGAGAGGCTGAGACAGGAGAATTGCTCGAAACCGGAAGGTGGAGCTTGCAGTGACCCGAGATCACACCACCGCACTCCAGCCTGGGCAACA","GGCCAGGTACAATGTCTCACGCCTGTAATCCCAGCACTTTGGGAGGCAGAGGCAGGCGGATCACAAGGTCAGGAGTTCGAGACCAGCTTGGCCAACATGGTGAAAACCTGTGTCTACTGAAAATATGAAAATTAGCCAGGCATGGTGGTGGGCATCTGTAATCCCAGCTACTCAGGAGGCTGAGGCAGGAGAATCGCTTGAAACCGTTAAGGCAGAGGTTGCAGTGAGCCAAGATCATGCCACTGCACTCCAGCCTGGGCAAC"
"chr2","32389114","32389399","JH378151","9107602","9107893","43","23281512","GCCAGGCACAGTGGCTCATGCCTGTAATCCCAGCACTTTGGGAGGCCAAGGTGGGTGGATCACAAGGTCAGGAGTTTGAGACTAGCCTGGCCAACATGGTGAAACACCGTCTCTACTAAAATTACAAAAATTAGCCGGGCATGGTGGCAGGCGCCTGTAATCCCAGCTACTTGGGAAGCTGAGGCAGGAGATTTGTTTGAACCTGGAAGGCAGAGGTGTAGTGAGCCGAGATTGTGCCATTGCATTCCAGTCTGGGCAAGCGAAACTTCATCTTAAAAAAAAAAAA","GGCCGGGCACTGTGGCTCACGCCTGTAATCTCAGCAATTTGGGAGGCCAAGGCGGGTGGATCACAAGGTCAGGAGTTTGAGACCAGCCTGGCCAACTGGTGAAACCCGTCTCTACTAAAAATACAAAAATTAGCCAAGCATGGTGGCGGGCACCTGCAATCCCAGCTACTCAGGAAACTGAGGCAGGAGAATTGCTTAAAACCAGAAGGCAGAGTTTGCAGTGAGCCAAGATGGTGCCACTGCACTCCAGCCTGGGCAAAAGAGCAAAACTCCGTCTCAAAAAAAACAAAAA"
"chr2","34566258","34566558","JH378106","12647150","12647453","39","21919108","GCCGGGCATGGTAGCTCATGCCTGTAATCCCAGCACTTTGGGAGGCCAAGGCGGGTGGATCACAAGGTCAGGAGTTTGAGACCAGCCTGACCAACATGGTGAAACCCCGTCTCTACTAAAAATACAAAAATTAACTAGGCGTGGTGGTGTGAACCTGTAATCCCAGCTACTTGGGAGGCTGAGGCAGGAGCATTGCTTGAACCAGGCAGGCGGAGGTTGTGGTGAGCCGAGATTGCGCCACTGCACTCCAGCCTAGGCAACAAGAGCGAAACTCTGTCTCAAAAACAAACAAACAGAAAAA","GGCCGGGCGCGGTGGCTCAAGCCTGTAATCCCAGCACTTTGGGAGGCCGAGGCGGGTGGATCACGAGGTCAAGAGATCGAGACCATCCTGGTCAACATGGTGAAACCCTGTCTCTACTAAAAATACTAAAAATTAACTGGGCATGGTGGCGTGTGCCTGTAATCCCAGCTACTCAGGAGGCTGAGGCAGGAGAATTTCCTGAAACCAGGAGGCGGAGGTTGCGGTGAGCCGAGATCGCGCCATTGCACTCCAGCCTGGGTAACAAGAGCAAAACTCCGTCTCAAAAAAAAAAAAAAAAAAAAAA"
"chr2","35482447","35482749","JH378106","12647150","12647453","41","22835297","GGCTGGGTGCAGTAGCTCACGCCTGTAATCCTAGCACTTTGGGAAGCTGAGGCTGGTGGATCTCAAGGTCACGAGTTCGAGACCAGCCTGGCCAACCTGGTGAAACCCCATCTCTACTAAAAATACAAAAATTAGCCTGGCGTGGTGGCGGGTGCCTGTAATCCCAGCTACTCGGGAGGCTGAGGCAGGAGAATCTCTTGAAACCGGAAGGCAGAAGTTGCAGTGAGCTGAGATCTAGCCATTGCACTCCAGCCTGGGCGAAAGAGCAAAACTCCCTCTAAAAAAAAAAAAAAAAAAAAAAAA","GGCCGGGCGCGGTGGCTCAAGCCTGTAATCCCAGCACTTTGGGAGGCCGAGGCGGGTGGATCACGAGGTCAAGAGATCGAGACCATCCTGGTCAACATGGTGAAACCCTGTCTCTACTAAAAATACTAAAAATTAACTGGGCATGGTGGCGTGTGCCTGTAATCCCAGCTACTCAGGAGGCTGAGGCAGGAGAATTTCCTGAAACCAGGAGGCGGAGGTTGCGGTGAGCCGAGATCGCGCCATTGCACTCCAGCCTGGGTAACAAGAGCAAAACTCCGTCTCAAAAAAAAAAAAAAAAAAAAAA"
"chr2","35624242","35624556","JH378165","12389091","12389397","53","23235151","GGCTGCGTGCAGTGGCTCACACCTGTAATCCCAGCACTTTGGGAGGCCGAGGCAGGCGGATCACGAGGTGGGGAGTTCAAGACCAGCCTGACCAACATGGTGAAACCCCGTCTCTATTAAAAATACAAAAAAAAAAAAAAAAAAATTAGTTGGGTGTGGTGGTGGGCACCTGTAATCCCAGCTACTTGAGAAGCTGAGGCAGGAGACTCACTTGAAACCAGAAGGCGGAGGTTGCAGTGAGCTGAGGTTGCGCCACCGCACTACACCCTGGGCAACAAGAGTAAAACTCCATCTCAAAAAAATAAAATAAATAAA","GGCCGGGCGCAGTGGCTCAAGCCTGTAATCCCAGCACTTTGGGAGGCCGAGGCGGGTGGATCACAAGGTCAAGAGATCGAGACCATCCTGGTCAACATGGTGAAACCCCGTCTCTACTAAAAATACAAAAAAAAAAAAAAAAAATTAGCTGGGCATGGTAGTGCGTGCCTGTAATCCCAGCTACTCAGGAGGCTGAGGCAGGAGAATTGCCTGAAACCAGGAGGCGGAGGTTGCGGTGAGCCGAGATCGCGCCATTGCACTCCAGCCTGGGTAACAAGAGCGAAACTCCGTCTCAAAAAAAAAAAAA"
"chr2","36038801","36039079","JH378108","50208845","50209139","49","14170044","GACCGGGTATGGTGGCTTATGCCTATAACCCCAGCACTTTGGGAGGCCAAGACAGGCAGATCACAAGGTCAGAAGTTCGAGACCAGTCTGGCCAACATGGTGAAACCCCATCTCTACTGAAAATACAAAACTTAGCTAGGCATGGTGGCGGGCGCCTGTAATCCCAGCTATTTGGTAGGCTGAGGCAGGAGAATCGCTTGAAACCAGAAGGCGGAGGTTGCAGTGAGCCGAGACCACACCACTAAAGAACAAAACTCTCTCTCAAAAAAAAAAAAAAAA","GGCCAGGTATAGTGGCTTACGCCTGTAACCCCAGCACTTTGGGAGGCCAAGGTGGGCAGATCATGAGGCCAGGAGTTCAAGACCAGCCTGGTCAACATGATGAAACCCCATCTCTACTAAAAATACAAAAATTAGCCAGGCATGGTGGCAGGTGCCTGTAATCCCAGCTACTTGGAAGGCTGAGGCAGGAGAATCACTTGAAATCGGAAGGTGGAGGTTGCAGTGAGCCAAGGTCGCACCACTGTACTCCAGCCTGGACGACACAGTGAAACTCTGTCTCAAAAAAAAAAAAAAA"
"chr2","36782707","36782999","JH378262","3286510","3286805","45","33496197","GGCTGGGCATGGTGGCTCATGCCTATAATCCCAGCATTTTGGAAGGCCAAGGCAGGGAGATCACGAGGTCAGGAGTTCGAGAACAGCCTGGCCAACATGGTGAAACTCCGTCTCTACTAAAAATACAAAAAATTAGCCAGGTATGGTGGTGCACGCCTGTAATCCCAGCTACTAAGGAGGCTGAGGCAGGTGAATCGCTTGAAACCGGGAGGCGAAGGCTGCAGTGAGCTGACATTCTGACATTGCACTCCAGGCTGGGCAACAAGAGCAAAACTCCGTCTCAATGAAATAAA","GGCTGGGCTCGGTGGCTCACGCCTGTAATCCCAGCACATTGGGAAGCCAAGGCAGGCAGATCACGAGGTCAGGAGTTCGAGACCAGCCTGGCCAACATGGTGAAACCCCGTCTCTACTAAAAATACAAAATTAGCCGGGAGTGGTGGCAGACGCCTGAAGTCCCAGCTACTAGGAAGGCTGAGGCAGGAGAATCGCTTGAAACCGGAAGGCGGGGGCATTGCGGTGAGCCGAGATTCCGCCACTGCACTCCAACCTGGGCAACAAGAGCGAAACTCTGTCTCAAACACACACAAAA"
"chr2","37450255","37450574","JH378176","1335842","1336152","53","36114413","GGCCAGGCGCAGCGGCTCATACCTGTAATCCCAGCACTTTGAGAGATCGAGGCGGGTGGATCATGAGGTCAGGAGTTCGAGACCAGCCTGGCCAAGATGGTGAAACCTCATCTCTACTAAAAATACAAAAATTAGCCAGGTGTGGTGGTGGGCACCTGTAATCCCAGCTACTCGGGAGGCTGAGGCAGGAGAATCACTTGAAGTGGGGAGGCAGAGGTTGCAGGGAGCCGAGATCGCACCACTGTGCTCCAGCCTGGGCAACAAGAGTGAAACTCCGTCTCTCAAAAACAAACAAACAAACAAACAAACAAACAAACAAA","GGCTGGGTGCAGTGGCTCATCTCTGTAATCCCAGCACTTTGGGAGGTTGAGGAGGGCGGATCATGAGGTCAGGAGTTCGAGACCAGCCTGGCCAATGTGGTAAAACCCCATCTCTACTAAAAATACAAAAGTTAGCTGGGCGCAGTGGCGGGCACCTGTAATTCCAGCTACTTGGGAGGCTGAGGCAGGAGAATCACTTGAAACCGGAAGGCAGAGGTTTCAGTGAACCGAGATCACGCCATTACACTCCAGCCTGGGCGAAAAGAGCAAAACTCCATCTCAAAACAAAACAAAACGAAAAAAAAAAAAAA"
"chr2","39236455","39236747","JH378199","3403770","3404056","39","35832685","GGCCAGGCGTGGTGGCTAACACCTGTAATCCCAGCACTTTGGGAGGCCAAGGTCGGCAGATCACAAGGTCAGGAGTTCAAGACCAGCCTGGCCAACATGGTGAAACCCTGTCTCTAGTAAAAATAAAAACATTAGCTGGGTGTGGTGGCGCGTGCCTGTAATCCCAACTACTCAGGAGGCTGAGGCAGGAGAATCACTTGAAACTGGAAGTCAGAGGTTGTGGTGAGCCGAAATCGCACCACTGCACTCCAGCCTGGTCGACAAGAGCAAAACTCTGTCTCAAAGAAAAAAAA","GCCAGGAGTGGTGGCTCACACCTGTAATCCCAGCACTTAGGGAGGCCAAGGTGGACGGATCATGAGGTCAGGAGTTCGAGACCAGCCTGACCAACATGGTGAAACTCCATCTCTACTAAAAATACAAAATTAGCTGGGCATGGTGCCACGTGCCTATAATCCCAACTACTCGGGAGGCTGAGGCAGGAGAATCACTTGAAACTGGGAGACAGAGGTTGCAGTGAGCCGAGATCACACTGTTGCACTCCAGCCTGGGCAACAAAAGCAAAACTCTGTCTCAAAAAAAA"
"chr2","41413747","41414016","JH378322","644589","644866","50","40769158","GGCCAGGCACGGTGGCTCACGCCTGTAATCTCAGCACTTTGGGAGGCCAAGGTGGGCAGATCATGAGGTCAGAAATTCGAGACCAGCCTAACCAACATGGTGAAACCCCATCTCTATTAAAAATACAAAAATTAGCCAGTTGTGGTGGTGGGAGCCTGTAATCCCAGCTACTTGGGAGGTTGAGGCAGGAGAATCACTTGAAACTGGAAGGCAGAGGTTGCAGTGAGCCAGCCTGGGCAACAAAAGCAAAATTCCATCTGAAAAAAAAAA","GGCTGGGTGTGGTGGCTCACGCCTGTAATTCCAGCACTTTGGGAGGCCGAGGTGGGTGGATCATGAGGTCAAGAGATTGAGACCATCCTGGCCAACATGGTGAAACCCTTTCTATACTAAAAATACAAAAATTAGCTGGGTGTGGTGGTGCACACCTCTAATCCCAGCTACTTAGGAGGCTGAGGCAGGAGAATCTCTTGAATCTGCAAGGTAGAGGTTGTAGTCATTGCACTCCAGCCTGGGCAGTAAGAGCGAAATTCCGTCTTAAATAAAAAAAA"
"chr2","42487927","42488231","JH378150","241281","241578","42","42246646","GCTGGGCACAGTGGATCACACCTGTAATCCCAGCACTGTGGGAGGCCGAGGCAGGGGGATCACGAGGTCAGGAGTTCAAGACCAGCCTGGCCAACATGGTGAAACCTCGTCTCTACTAAAAATACAAAAATTAGCTGGGCACAGTGGTGGGCACCTGTAATCCCAGCTACTCTGGAGGCTGAGGCAGGAGAATCACTTGAAACCAGAAGGCAGAGGTTAGTTACAGTGAGCCAACATAGCACCACTGCACTCCAGCTTGGTCAATGAAAGCAAAGCTCTGTCTCAAAAAAAAAAAAAAAAAAAAA","GGCTGGGCGTGGTGGCTCATGCCTGTAATCCCAGCACTTTGGGAGGCCTAGGCAGGCAGATCACAACGTGAGGAGTTTAAGACCAGCCTGGCCAACATGGTGAAACCTCATCTCTACTGAAAATACAAAAATTAGCTTGGCGTGGTGGTGGGCACCTGTAATCCCAGCTACTTGGGAGGCTGAGGCAGGAGAATCGCTTGTAACCAGAAGACGGAGGCTGCAGTGAGCCAACATCGCACCACTGCACTCCAGCTTGGGCAAAAGAGCGAAACTGTCTCAAAAAAAAAAAAAAAAAAAA"
"chr2","43336884","43337177","JH378110","6448504","6448791","41","36888380","GGCCAGGCGTGGTGGCTCATGCCTGTAATCCCAGCACTTTGGGAGGCCGAGGTGGGTGGATCACCAGGTCAGCAGTTCAAGACCAGCCTGACCAACATGGTGAAACCCTGTCTCTACTAAAGATACAACAAAATTAGCTGGGCGTGGTGGCGGGTGCCTGTAATCCCAGCGACTTGGGGGCTCAGGCAGGAGACTCACTTGAAACTGGAAGGTGGAGGTTGCAGTGAGCCGAGATTGCACCACTGCACTCTAGCCTGGGCAATAAGAGCAAAACTCTGTCTCCAGAAAAAAGAA","GGCCAGGTGTGGAGACTCACACCTGTAATCCCAGCACTTTGGGAGGCGGAGGTGGCTGGATCACAAGGTCTGGAGTTCGAGACCAGCCTAGGCAACATGGTGAAACCCCTTCTCTACAAAAAAATACAAAAATTAGTTGGGCGTGGTGGTGGGTGCCTGTAATCCCAGCTACTTGGGAGGCTGAAGAGGAGAATCACTTGAAACTGGAAGGTGGAGGTGGCAGTGAGCTGAGATTGCACCACTGCACTCCAGCCTGGGCGAAAGAGTGAAACTCGGTCTCAGAAAAAA"
"chr2","45499398","45499697","JH378150","241281","241578","42","45258117","GGCCGGGCTTGGTGGTTCATGCCTGTAATCGCAGCACTTTGGGAGGGAGAGGCAGGCGGATCACAAGGTCAGGAGTTCGAGATCAGCCTGTCCAACATGGTGAAATCCCCGTCTCTAATAAAAATACAAAACTTAGCCGGGCTTGGTGGTGGGCACCTGTAATCCCAGCTACTCAGGAGGCGGAGGCAGGAGAATCGCTTGAAACCGGAAGGTGGAGGTTGCAGTGAGCCGAGATCGCACCAGTGTACTCCAGCCTGGGCAACAAGAGCAAAACTGTTTCAAAAAACAACAACAAAAAAA","GGCTGGGCGTGGTGGCTCATGCCTGTAATCCCAGCACTTTGGGAGGCCTAGGCAGGCAGATCACAACGTGAGGAGTTTAAGACCAGCCTGGCCAACATGGTGAAACCTCATCTCTACTGAAAATACAAAAATTAGCTTGGCGTGGTGGTGGGCACCTGTAATCCCAGCTACTTGGGAGGCTGAGGCAGGAGAATCGCTTGTAACCAGAAGACGGAGGCTGCAGTGAGCCAACATCGCACCACTGCACTCCAGCTTGGGCAAAAGAGCGAAACTGTCTCAAAAAAAAAAAAAAAAAAAA"
"chr2","48021246","48021546","JH378156","7076545","7076843","49","40944701","GGCCAGGCGCGGTGGCTCACGCCTGTAATCCCAGCACTTGGGGAGGCTGAGGAGGGCAGATCACAGGGTCAGGAGTTCGAGACCAGCCTGACCAACATGGTGAAACCCCCTCTCTACTAAAAATGCAAAATTAGCTGAGCCTGGTGGCGCATGCCTGTAATCCCAGCTACTCGGGAGGCTGAGGCAGGAGAATCATTTGAACTCGGAAGGCAGAGATTGTAGTGAGCCAAGATTGCACCATTGCACACCAGTCTGGGCACAAGAGCAAAAAACTCCATCTCAAAATAAACAAATAAATAAA","GGCCAGGTGCGGTGGCTCACGCCTGTAATTCCAGCACTTTGGGAGGCTGAGGCAGGTGGATCATGAGGTCAAGAGGTCAAGACCATCCTGGTCAACATGGTGAAACCCCGTCTCTACTAAAAATACAAAAAATTAGCTGGGCGTGGTGGCGGGTGCCTGTAATCCCAGCTACTCAGGAGGCTGAGGCAGGAGAATTGCCTGAAGCCAGAAGGCAGAGGTTGCAGTGAGCCGAGATAGCGCCATTGCACTCCAGCCTGGGTAACAAGAGCGAAACTCCATCTCAAAAAAAAAAAAGAAAA"
"chr2","50599693","50599998","JH378182","4696933","4697238","64","45902760","CCAGGTGTGGTGGCTTATGCCTGTAATCCCAGCACTTTGGGAGTCCAAGGTAGACTGATCACAAGGTCAGGAGTTCGAGACCAGCCTGGCCAACATGGAATTTTTCTACTAAACCTTGTCTCTACTAAAAATACAAAAATGTGGCAAGCACCTGTAATCCCAGCTACCCAGGAAGCTGAGGCAGTAGAATCGCTTGAACCCAGAAGGCGGAGGTTACAGTGAGTTGAGATCGTGCCATTGCACTCCAGCCTGGGCAACAAGAGCAAGACTCTGTCTTAAAAAAAAAAGAAAAGAAAAGAAAAGAAA","GCCAAGCGCGGTGGCTCAAGCCTGTAATCCCAGCACTTTGGGAGGCCGAGGCAGGCGGATCACGAGGTCAAGAGATCGAGACCATCCTGGTCAACATGGTGAAACCCTGTCTCTACTAAAAATACAAAACATTAGCTGGGCATGGTGGCGCGTGCCTGTAATCCCAGCTACTCAGGAGGCTGAGGCAGGAGAATTGCCTGAAACCAGGAGGCGGAGGTTGCGGTGAGCCGAGATCGCGCCATTGCACTCCAGCCTGGGTAACAAGAGCGAAACTCCGTCTCAAAAAAAAAAAAAAAAAAAAAAAAA"
"chr2","52663381","52663691","JH378148","3009466","3009760","55","49653915","GGCCGGGCATGGTGGCTCACGTCTGTGGTCCCAGCACTGTGGGAGGCCAAGGCGGGTGGATCACAAGGTCTACAGTTCTAGACCAGCCTGACCAATATGGTGAAACCCTGTCTCTACTAAAAATATAAACAAAAAATTAGCCTGGCGTGGTGGCAGGTGCCTGCCTATAATCCCAGGAATTTAGGAGGCTGAGGCAGGAAAATCACTTGAAAGTGGAAGGCGGAGGTTGCAGTGAGCCGAGATTGGGCCACTGCACTGTACTCTGTACTCAGGGCAATAAGAGCAAAACTCCATCTCAAAACAAAACAAAA","GGCCAGGTGTGGTGGCTCACGCCTGTAATCCCAGCACTTTGGGAGGCCGAGGCAGGTGGATGATGAGGTCAGGAGTTCGAGACCAGCCTGGCCAAAATGGTGAAACCCTGTCTCTACTAAAAATACAAAAAAATTAGCCAGGCGTGGTGGCATGCGCCTATAATCCCAGCTACTCAGGAGGCTAAGGCAGGAGAATCACTTGAAACCAGAAGGCAGAGGTTGCAGTGAACTGAGATCACGCCACTGCACTCCAGCCTGGGCAACAAGAGCAAAACTCCATCTCAAAAAATAAAAA"
"chr2","56352001","56352311","JH378137","12880677","12880985","43","43471324","GGCGGGATGTGGTGGCCCACGCCTGTAATCCCAGCACTTTGGGAGGCCGAGGTGGGCAGATCACAAGGTCAGGAGTTTGAGACCAGCCTGGCCAACATGGTGAAACCCCGTCTCTACTAAAAATACAAAAATTAGCCGGGCGTGGTGACAGACACCTGTAATCCCAGCTACTTGGGAGTCTGAGGCAAGAGAATTGCTTGAAACCAGAAGGCGGAGGTTGCAGTGAGCTGAGACCCTGCCATTGCACTCCAACCTGGGCAACAGAGCAAGACTCTTGTCTCAAAAAAAAAAAAAAAAAAAAAGAAGAAGAA","GGCTGGACGCGGTGGCTCACGTCTGTAATCCCAGCACTTTGGGAGGCCGAGGCGGGTGGATCAAGAGGTCAAGAGATTGAGACCATCCTGGTCAACATGGTGAAACCCCGTCTCTACTAAAAATACAAAAATTAGCTGGGCATGGTGGCACGTGCCTGTAATCCCAGCTACTCAGGAGGCTGAGGCAGGAGAATTGCCTGAAACCAGGAGGCGGAGGTTGCGGTGAGCCTAGATCGTGCCATTGCACTCCAGCCTGGGTAACAAGAGCGAAACTCCGTCTCAAAAAAAAAAAAAAAGAAAAAAGAAAAA"
"chr2","56503883","56504174","JH378151","9107602","9107893","45","47396281","GGCCGGGCGCAGTGGCTCATGCCTATAATCCCAGCACTTGGGGAGGCCAAGGCGGGTGGATCGCGAGTTCAGGAGTTCGAGACCAGCCTGGCCAATGCGGTGGAACCCCGTCTCTACTAAAAATACAAAATTTAGCCAGGCATGGTGGCAGGCACCTGTAATCCCAGCTACTTGGGAGACTGAGGCAGGAGAATCATTTGAAACCAGAAGGCGGAGGTTGCAGTGAGCCAAGATCACGCCACTGCACTGCAGTCTGGGCAACAAGAGCAAAAAATAAAAAATAAAAAAAAAA","GGCCGGGCACTGTGGCTCACGCCTGTAATCTCAGCAATTTGGGAGGCCAAGGCGGGTGGATCACAAGGTCAGGAGTTTGAGACCAGCCTGGCCAACTGGTGAAACCCGTCTCTACTAAAAATACAAAAATTAGCCAAGCATGGTGGCGGGCACCTGCAATCCCAGCTACTCAGGAAACTGAGGCAGGAGAATTGCTTAAAACCAGAAGGCAGAGTTTGCAGTGAGCCAAGATGGTGCCACTGCACTCCAGCCTGGGCAAAAGAGCAAAACTCCGTCTCAAAAAAAACAAAAA"
"chr2","56744149","56744453","JH378107","46009365","46009670","41","10734784","GGCTGGGCCTGGTGGCTCACGCCTATAATCCCAGCACTTTGGGAGGCCAAGGCAGGTGGATCACGAGGTCAGGAGTTCCAGACCAGCCTGGCCAACATGGTGAAACCCCATCTCTACTAAAAATACAAAAAATTAGCCGGGCGTGGTGGCAGGTGCCTGTAATCCCAGCTACTCGGGGGACTGAGGCAGGAGAATCGCTTGAACCTGCTAGGCGGAGGTTGCAATGAGCTGCGATGACACCATTGCACTGCAGCCTGGGCAACAAGAGCCAAACTCTGTCAGAAAACAAAAGGAAAAAAGAAAAA","GGCCGGGCGTGGTGGCTCACGCCTGTAATCCCAGCACTTTGGGAGGCCAAGGCAGGTGGATCACGAGGTCAAGAGGTCGAGACCATCCTGGTCAACATGGTGAAACCCCGTCTCTGCTAAAAATACAAAAATTAGCTGGGCATGGTGGCACGTGCCTGTAATCCCAGCTACTCAGGAGGCTGAGGCAGGAGAATTGCCTGAAACCAGGAGGCGGAGGTTGCGGTGAGCCGAGATTGCGCCATTGCACTCCAGCCTGGGTAACAAGAGCGAAACTCCGTCTCAAAAAAAAAAAAAAAAAAAAAAAAA"
"chr2","57506049","57506337","JH378136","18027573","18027877","47","39478476","GGCTGAGCGCAGTGGCTCACACCTGTAATCCCAGCACTTTGGTAGGCTGAGGCGGGTGGATCACGAGGTCAAGAGATCAAGACCATCCTGGCCAACATGGTGAAACCCCGTCTCTACTAAAAATACAAAAAATTAGCTGGACGTGGTGTCGCGTGCCTGTAGTCCCAGCTACTTGAGAGGCTGAGGCAGGAGACTCGCTTGAAACAGGAAGACCGGAGATCGTGCCACTGCACTCTAGCCTGGGCCACAAGAGTGAAACTCCATCTCAAAAAAAAAAAAAAAAAAAAAA","GGCCGGGCGCGGTGGCTCAAGCCTGTAATCCCAGCACTTTGGGAGGCCGAGGCGGGTGGATCACGAGGTCAAGAGATCGAGACCATCCTGGTCAACATGGTGAAACCCCGTCTCTACTAAAAATACAAAAAATTAGCTGGGCATGGTGGCGTGTGCCTGTAATCCCAGCTACTCAGGAGGCTGAGGCAGGAGAATTGCCTGAAACCAGGAGGCAGAGGTTGTGGTGAGCCGAGATCACGCCATTGCACTCCAGCCTGGGTAACAAGAGCTAAACTCCGTCTCAAAAAAAAAAAAAAAAAAAGAAA"
"chr2","58462374","58462676","JH378276","2107073","2107375","45","56355301","GGCTGGGCACAGTGGCTCACGCCTGTAATTCCGGCACTTTGGGAGGTCGAGGCGGGCAGATCACAAGGTCAGGAGTTCAAGACCAGCATGACCAACATGGTGAAATCCCGTCTCTACTAAAAATACCAAAATTAGCCACGCGTGGTGGTGCAGACCTGTAATCCCAGCTACTCAGGAGGCTGAGGCAGGAGAACCGCTTGAAGCTGGGAGGCGGAGATTGCAGTGAGCCAAGATCGTGCCATTGCAATCTAGCCTGGACAACAAGAGCAAAACTCCATCTCCAAAAAAAAAAAAAAAAAAAAA","GGCCGGGCACAGTGGCTCAAGCCTGTAATCCCAGCACTTTGGGAGGCTGAGGCGGGTGGATCACAAGGTCAAGAGATCGAGACCATCTTGGTCAACATGGTGAAACCCCGTCTCTACTAAAAAATACAAAAACTTAGCTGGGCATGGTGGCGCGTGCCTGTAATCTCAGCTACTCAGGAGGCTGAGGCAGGAGAACTGCCTGAAACCGGGAGGCGGAGGTTGCGGTGAGCCAAGATCGCGCCATTGCACTCCAGCCTGGGTAACAAGAGCGAAACTCCGTCTCAAAAAAAATAAAAAAAGAAA"
"chr2","59706494","59706787","JH378148","3009466","3009760","40","56697028","GACCAGGTGTGGTGGCTCACACCTGTAATCCCAGCACTTTGGGAGGCCAAGGCAGGTGGATCATGAGGTCAGCAGTTCGAGACTGGCCTGACCAACATGGTGAAACTCCATCTCTACTAAAAATACAAAAAAATTAGCTGGGCATGGTGGCGGGTACCTGTAATCCCAGCTACTTGGGAGACTGAGGCAGGAGAAGTGCTTGAAAACTGGAAGGCAGAGGTTGCAGTGAGCTGAGATTGTACCACTGCACTCTAGCCTGGGCAATAACAGCAAAACTCCATCTCAAAAAAAAAA","GGCCAGGTGTGGTGGCTCACGCCTGTAATCCCAGCACTTTGGGAGGCCGAGGCAGGTGGATGATGAGGTCAGGAGTTCGAGACCAGCCTGGCCAAAATGGTGAAACCCTGTCTCTACTAAAAATACAAAAAAATTAGCCAGGCGTGGTGGCATGCGCCTATAATCCCAGCTACTCAGGAGGCTAAGGCAGGAGAATCACTTGAAACCAGAAGGCAGAGGTTGCAGTGAACTGAGATCACGCCACTGCACTCCAGCCTGGGCAACAAGAGCAAAACTCCATCTCAAAAAATAAAAA"
"chr2","61067026","61067327","JH378118","9164013","9164313","36","51903013","GGCTGGGCATGGTGGCTCATGCCTGTAATCCCAGCACTTTGGGAGGCCAAGGTGGGCAGATCACAAGGTCAGGAGTTTGAGATCAGCCTGGCCAACATGGTGAAACCCCGTCTCTACTAAAAATACAAAATTAGCCAGGTGTGGTGGTGGATGCCTGTAATCCCAGCTACTTGGGAGGCTGAGGCAGGAGAATCGCTTAAAACTGGTAGGTGGAGGTTGCAGTGAGCCTAGATCATGCCACTGCATTCCAGCCTGGGCAACAAGAGCGAAACTCTGTCTCAAAAAAAAAAAAAAAAAAAAAA","GGCTAGACGTGGTGGCTCATGCCTATAATCCCAGCACTTTGGGAGGCCAAGGCAGGCAGATCACAAAGTCAGCAGTTCGAGATCAGCCTGGCCAACATGGTGAAACCCCATCTCTACTAAAAATACAAAAATTAGCCAGACATGGTGGCAGGCACCTGTAATCCCAGTTACTTGGGAGGCTGAGGCAGGAGAATTGCTTAAAATCGGAAGGTGGAGGTTGCAGTGAGCTGAGATCAAGCCACTGCATTCCAGCCTGGGCAACAAAGTGAAACTCCATCTCAAAATAAATAAATCAAAAAAA"
"chr2","61088307","61088439","JH378108","45073060","45073182","28","16015247","GGAGTGCAGTGGCGCGAAATTTACTTGAAACCAGGAGGCAGAGGTTGCAGTGAGCTGAGATCGCGCCATTGCACTCCAGCCTGGGCAACAAGAGTGAAACTCCATCTAAAAAACTAGAAATAAAAAATAAGAA","TGAGGCAGGAGAATTCCCTGAGCCCAGGAGGCGGAGGTTGCGGTGAGCCAAGATCGCGCCATTGCACTCCAGCCTGGGTAACAAGGGCGAAACTCCGTCTCAAAAAAAAAAAAAAAAAGAAAA"
"chr2","61849104","61849367","JH378185","920965","921227","37","60928139","GGCCGGGCGCAGTGGCTCACTCCTGTAATCCCAGCACTTTGGGAGGCCGAGGGAGGTGAATCATGAGGTCAGGAGTTTGAGACCAGCCTTTCCAACATGGTGAAACCCCGTCTCTACTAAGAATACAAAAATTAGCCAGGCGTAGTGGTGGACACCTGTAATCCCAGCTACTGGGGAGGCTGAGGCAGGAGAATCGCTTGAAACTGGAAGGCAGAGGTTGCAGTGAGCCGAGATCATGCCACTGCACTCCAGTCTGGGCGACAA","GGCCAGGTACAATGTCTCACGCCTGTAATCCCAGCACTTTGGGAGGCAGAGGCAGGCGGATCACAAGGTCAGGAGTTCGAGACCAGCTTGGCCAACATGGTGAAAACCTGTGTCTACTGAAAATATGAAAATTAGCCAGGCATGGTGGTGGGCATCTGTAATCCCAGCTACTCAGGAGGCTGAGGCAGGAGAATCGCTTGAAACCGTTAAGGCAGAGGTTGCAGTGAGCCAAGATCATGCCACTGCACTCCAGCCTGGGCAAC"
"chr2","63592734","63593022","JH378257","294971","295263","50","63297763","ACACCTGTAATTCCAGCACTTTTGGGAGTCCGAGGTGGGCGGATCATGAGCTCAGGAGTTAGAGACCAGCCTGATCAACATGGTGAAACCCTGTCTTTACTAAAAAATACAAAAATTAGCTGGGTGTGGTGGTAGGCACCTGTAATCCCAGCTACTTGGGAGACTGAGGCAGGAGAATCACTTGAAACCGGAAGATGGAGGTTGCAGTGAGCCGAGATGGTGCTACTGCACGCCAACCTGGGTGAAAGAGCGAACTCCATCTCAAAAAAAAAAAAAAAAAAAAAAAGAA","ACATCTGTAATCCCAGCACTTTGGGAGGCCGAGGCAGGTGGATCACGAGGTCAAGAGATCGAGACCATCCTGATCAACATGGTGAAACCCCGTCTCTACTAAAAATACAAAATAATTAGCTGGGCATGGTGGCGTGTGCCTGTAATCCCAGCTACTCAGGAGGCTGAGGCAGGAGAATTGCCTGAAACCAGGAGGCGGAGGTTGCAGTGAGCCGAGATCGCGCCATTGCACTCCAGCCTGGGTAACAAGAATGAAACTCTGTCTCAAAAAAAAAAAAAAAAAAAAGAAAGAAA"
"chr2","64869358","64869680","JH378182","4696933","4697238","80","60172425","GGTGGTTCACGCCTGTAATCCCAGCACTTTGGGAGGCCGAGGGGGGCGGGTCACGAGGTCAGGAAATAGATAATCTTAATAAAGAAATAAAAAAATTTCGAGACCAGCCGGCTGACATGGAGAAACCCCGTTTCTACTAAAAATACAAAAAATTCGCTGTGCATGGCGGGCGCCTGTAATCCCAGCGACTCAGAAGGCTGAGGTAGGAGAATCGCTTGAACCCAGTAGGCAGAGGTTTCCCTGAGCCGAGATCGCGCCACTGTACTCCAGCCTGGGTAACAAGAGCAAAACTCTGTCTCAAATAAAATAAAATAAATAAAAAA","GCCAAGCGCGGTGGCTCAAGCCTGTAATCCCAGCACTTTGGGAGGCCGAGGCAGGCGGATCACGAGGTCAAGAGATCGAGACCATCCTGGTCAACATGGTGAAACCCTGTCTCTACTAAAAATACAAAACATTAGCTGGGCATGGTGGCGCGTGCCTGTAATCCCAGCTACTCAGGAGGCTGAGGCAGGAGAATTGCCTGAAACCAGGAGGCGGAGGTTGCGGTGAGCCGAGATCGCGCCATTGCACTCCAGCCTGGGTAACAAGAGCGAAACTCCGTCTCAAAAAAAAAAAAAAAAAAAAAAAAA"
"chr2","68022681","68022795","JH378131","12820060","12820177","24","55202621","AGGCAGGAGAATAGATTGAAACCGGAAGGCGGAGGTTGCAGTGAGCCGCCATCGCGCCATTGCACTCCAGTCTGGGCAACAGGAGCAAAACTCCATCTCAAAAAAAAAAAGAAAA","CTGAGGCAGGAGAATTGCTTGAAGCCAGAAGGCAGAGGTTGCAGTGAGCTGAGATCATGTCATCGCACTCCATCCTGGGTAACAAGAGTGAAACTCTGTCTCAAAAAAAAAAAAAAAA"
"chr2","68394412","68394719","JH378119","6050976","6051277","47","62343436","GGCCAGGCGCAGTGGCTCACGCCTGTAATCCCAGCACTTTGGGAGGCCGAGGTGGGTGATCATGAGGCCAGGAGTTCGAGACCAGCCTGGCCAGCACAGTGAAACCCCATCTCTACTAAAAATACAAAAATTAGCCAGGCGTGGTGGTGGGCACCTGTAATCCCAGCTATTTGGGAGGCTGAGGCAAGAGAATCACTTGAAACTGGAAGGTGGAGGGTGCAGTGAGTTGAGATAGTGCCACTGCACTCCAGCCTGCATGGAAGAGCAAAACTCCATCTGAAAAAATAAAATAAAATAAAAATAGAAAA","GACCGGGTGCAATGGCTCACGCCTGTAATCCCAGCACTTTGGGAGGCTGAGGTGGGCAGATCACAAGATCAGGAGTTTGAGACCAGCCTGGCCAATATGGTGAAATCCCGACTCTACTAAAAATACAAAAATTAGCCAAGCATGGTGCCAGGCACCTGTAATCCCAGCTACTTGGGAGGCTGAGGCAGGAGAATCACTTGAAACTGGATAATGGAGTTTGCAGTGAGCTGAGATCGTACCACTGTACTCCAGCCTGGGTGAAAGAGCAACACTCCGTCTAAAAAAAAATAAAAAAAATAAAA"
"chr2","68455127","68455397","JH378139","4978818","4979087","54","63476309","TGGCTCACACCTGTAATCCCAACACTTTGGGAGGCTGAGGGGGTGGATCACGAGGTCAGGAATTTGAGACCAGCCTGGCCAACATGGTGAATCCCCGTCTCTACTGAAAAAAATACAAAAGCTAGCCAAGCATGGTGGCGGGCGCCTGTAATCCCAGCTACTCAGGAGGCTGAGGCAGGAGAATCGCTTGAAACAGGAAGGCAGAGGTTGCAGTGAGCTAAGATCACTCCACTGCACTTCAGTCTGGGCAACAAGAGTGAAACTCTCTCTC","CACACCTGTAATCCCAGCACTTTGGGAGATGAAGGTGGGCGGATCACGAGGTCAGGAGTTCAAGACCAGCTTGGCCAACATGGTGAAACTCCATCTCTACTAAAAATACAAAAATTAGCCAGGCATGGTGGCAGGTGCCTGTAATTCCAGCTCCTTGGGAGGCTGAGACAGGAGAATCTCTTGAAACCAGAAGGCGGAGGTTGCTGTGAGCTGAGATCGCGCCACTCACTCCAGCCTGGGCAAAAGAGCAAAACTCTGTCTCAAAGAAAA"
"chr2","68508186","68508482","JH378156","7076545","7076843","34","61431641","GGCCAGGCGCGGTGGCTCACCCCTGTAATTCCAGCACTTTGGGAGGCTGAGGCAGGCAGATCATGAGGTCAGGAGTTCAAGACCAGCCTGGTCAACATGGTGAAACCCTGTCTCTACTAAAAACACAAAAATTAGTCAGGTGTGGTGGCAGGCACCTGTAATCCTAGCTACTTGGGAGGCAGAGGCAGGAGAATTTCTTGAAACCAGAAGGCAGAGGTTGCAGTGAGCCAAGATTGTACCACTGTACTCCAGCATGGGCAAAAGAGCGAAACTCCATCTCAAAAAAAAAAAAAAAAA","GGCCAGGTGCGGTGGCTCACGCCTGTAATTCCAGCACTTTGGGAGGCTGAGGCAGGTGGATCATGAGGTCAAGAGGTCAAGACCATCCTGGTCAACATGGTGAAACCCCGTCTCTACTAAAAATACAAAAAATTAGCTGGGCGTGGTGGCGGGTGCCTGTAATCCCAGCTACTCAGGAGGCTGAGGCAGGAGAATTGCCTGAAGCCAGAAGGCAGAGGTTGCAGTGAGCCGAGATAGCGCCATTGCACTCCAGCCTGGGTAACAAGAGCGAAACTCCATCTCAAAAAAAAAAAAGAAAA"
"chr2","69991043","69991337","JH378128","24901658","24901954","61","45089385","GGCTGGGCACAGTGGTTCACGCTTGTAACCCCAGAACTTTGGGATGCTGAGGTGGGTGGATTATGAGGTCACGAGTTCAAGACCAGCCTGGCCAACATGGTGAAACCCTGGCTCCACTAGAAATACAAAACTTAGCCGATTGTGGTGGCGGGCACCTGTAGTCCCAGCTACTCGGGAAGCTGAGTCAGGAGAAGCACTTGAAACCAGCAGCGAGCCGAGATTTCACCACTGCACTCCAGCCTGGGCCACAAGAGCGCAACTCCATCTCAAAAAAATAAAGTAAAATAAAATAAAA","GCCAGGTATGATGGCTCACGCCTATAATCCGAGCACTTTGGGAAGCTGAGGCAGGTGGATCACAAGGTCAGGAATTCGAGACCAGCCTGGCCAACATGGTGAAACCCTGTCCCGACTAAAAATACAAAAATTAGCTGGGTGTGGTGGTGGGCACCTGTAATCCCATCTACTCGGGAGGTTGGGGCAGGAGAATCGCTTGAAGCCGGAAGTAAGCCGAGATCACACCATTGTACTCCAGCCTGGGCAGCAAGAGCAAAACTCAATCTCAAAAAAAAAAAAAAAAAAAAAAAAAAAAAA"
"chr2","70712386","70712691","JH378148","3009466","3009760","49","67702920","GCCGGGCGCGGTGCCTCACGCCTGTAATCCCAGCATTTTGGGAGGCTGCGGCGGGCGGATCATGAGGTCAGGAGTTCAAGACCAGCCTGGCCAACATGGTGAAACTCTATCTCTACTAAAAATACAAAAATTAGCCAGGCGTCGTGGCAGGCACCTGTAATCCCAGCTACTACATCAGGTAAACTCAGGAGGCTGAGGCAGGAGAATCACTTGAAACCAGAAGGTGGAGGTTGTAGTGAGCTAAGATCAGCCACTGCACTCCAGCCTGAGCAAAAAAGCGAAACTCCATCTCAAAAAAAAAAAAAA","GGCCAGGTGTGGTGGCTCACGCCTGTAATCCCAGCACTTTGGGAGGCCGAGGCAGGTGGATGATGAGGTCAGGAGTTCGAGACCAGCCTGGCCAAAATGGTGAAACCCTGTCTCTACTAAAAATACAAAAAAATTAGCCAGGCGTGGTGGCATGCGCCTATAATCCCAGCTACTCAGGAGGCTAAGGCAGGAGAATCACTTGAAACCAGAAGGCAGAGGTTGCAGTGAACTGAGATCACGCCACTGCACTCCAGCCTGGGCAACAAGAGCAAAACTCCATCTCAAAAAATAAAAA"
"chr2","71332596","71332877","JH378257","294971","295263","54","71037625","CAAGCCTGTAATCCCAGCACTTTGGGAGGCCGAGGAGGGCAGATCACAAGGTCAGGAGTTCGAGACCAGCCTGGCAAACATGGTGAAACCCCGTCTCTACTAAAAATACAAATATTAGCTGGGTGTGGTGGCAGGACCCTGTAATCCCAGTTACTGCAGAGCCTGAGGCAGGAGCTTGAAGCCAGAAGGCGGAGGTTGTGGTGAGCCAAGACAGCGCCACTGCAATCCAGCCTGGGCAACAAGAGTGAAATTCCGTCTCACAAAACAAAAACAAAAAAAGAA","ACATCTGTAATCCCAGCACTTTGGGAGGCCGAGGCAGGTGGATCACGAGGTCAAGAGATCGAGACCATCCTGATCAACATGGTGAAACCCCGTCTCTACTAAAAATACAAAATAATTAGCTGGGCATGGTGGCGTGTGCCTGTAATCCCAGCTACTCAGGAGGCTGAGGCAGGAGAATTGCCTGAAACCAGGAGGCGGAGGTTGCAGTGAGCCGAGATCGCGCCATTGCACTCCAGCCTGGGTAACAAGAATGAAACTCTGTCTCAAAAAAAAAAAAAAAAAAAAGAAAGAAA"
"chr2","71881503","71881692","JH378265","2292824","2293009","37","69588679","GGCCAGGCGCAGTAGCTCATGTCTGTAATCCCAGCACTTTGGGAGACTGAGGTGGGCAGATCACAAGGTCAGGAGTTCAAGACCAGCCTGGCCAACATAGTGAAACCCTGTCTCTATTAAAAATACAAAGAAAATCCACAAAAATTAGCCAGGCATGGCAGCGGGTGCCTGTAATCCCAGCTACTCGGGA","GCCGGTCATGGTGGCTTATGCCTGTAATTCCAGCACTTTGGGAGCCTGAGGTGGGAGAATCACTAGGTCAGGAGTTCGAGACCAGCCTGGCCTACATGGTGAAACTCCATCTCTACTAAAAATAAAAATAAAAATAAATATTAGCCAGACATGGTGGCAGATGCCTGTAATCCCACCTATACAGGA"
"chr2","74995070","74995361","JH378223","6194371","6194661","51","68800699","GGCCAGGAGCAGTGGCTCACACCTGTAATCCCAACACTTTGGGAGGCCGAGGCGGGTGGATCACGAGGTCAGGAGTTTGAGACCAGCCTGGCCAACATAGTGAAACACCATCTCTACTAAAAATATTTTTAAAATTAGCCAGACACAGTGGTGGGCACCTGTAATTCCAGCTACTCGGGGGGCTGAGGCAGGAGAATCGCTTGAACCCAGCAGGCAGAGGTTGCAGACAGCTGAGAACGCACCACTGAGCTCCACCCTGGGCCATAAGAGTGAAACTCCACTCCAAAGAAAA","GGCCAGGCACGGTGGCTCACACCTGTAATCCCAGCATTTTGGGAGGCTGAGGCAGGTGGATCATGAGGTCAGGAGTTCAAGACCAGCCTGGCCAACATGGTGAAACCCCATCTCTACTAAAAATAACAAAAATTAGCCAGGCGTGGTTGTGGGCACCTGTAATCCCAGCTACTCGGGAGGCTGAGGCAGGAGAATCACTTGAAACTGGAAAGCATAGGTTTCAGTGAGCTGATACCGTACCACTGCACCCTAGCCTGGGCAAAAGCGTAAAACTCCATACCAAAAAAAAAA"
"chr2","76149927","76150237","JH378145","10634547","10634848","55","65515380","GACCAGGCACACTGGCTCATGCCTGTAATCTCAGCACTTTGTGAGGCCTAGGCAGGCAGTTCATGAGGTCAGGTGTTGGAGACCAGCCTGGCCAACATGGTGAAATCCTGTCTCTACTAAAAAAAAAAAAAAAAAAAAAAATTAGCCAGGCGTGGTGGCGGGCCCTTGTAATCGCAGTTACTTGGGAGGCTGAGGCAGTAGAATCGCTTGAAACTGTAAGGCACAGGTTGCAGTGAGCCGAGATCATGCCACTGCACTCCAGCCTGGGCAAAAGAGCAAAACTCCATCTCAAAAAAAAAAGTAAAAAAGAA","GCCAGGTGTGGTGGCTCACGCCTGTAATCCCAGTACTTTGGGAGGCTGAGGCAGGCAGATCATGAGGTCAGGAGTTTAAGACCAACCTGGCCAACATAGTGAAACCCTGTTTCTACTAAAAATATAAAAAAATTAGCCAGGCATGGTGGTGGGTGCCTATAATCCCAGCTACTCAGGAGGCTGAGACAGGAGGATCGTTTGAAACTGGAAGGCGGAGGTTGCAGTGAGCCGAGATCATGCCACTGCACTCTAGCCTGAGCGAAAGAGCAAAACTCCATCTAAAAAAAAAAAAAAAAACAAAA"
"chr2","78539436","78539733","JH378206","6968121","6968417","36","71571315","GGCCAGGCACAGTGGCTCACGCCTGTAATCCCAGCACTTCAGGAGGCCAAGGCAGGTGGATCACGAGGTCAGGAGTTCGAGACCAGCCTGGCCAACATGGTGAAACCCTCTCTCTACTAAAAATACAAACATTAGCCAGGTGTGCTGGCGGGTGCCTGTAATCCCAGCTACTTGGGAGGCTGAGGCAGGAGAATCGCTTGAACCTGGAAGGCTGAGGTTGCAGTGAGCCGAGATCATGCCACTGCACTCCAGCTTGGGCAACAAGAGCAAAACTCCTTCTCAAAAAAAAAAAAAAAAA","GGCCAGGCGTGATGGCGCACACCTGTAATCCCAGCACTTTGGGAGGCCAAGGCAGGTGGATCACGAGGTCAGGAGTTCAAGACCAGCCTGGCCAACATGGTGAAACCCTGTCTCTACTAAAATTACAAAAATTAGCTGGGCGTGGTGGCAGGAGCCTGTAATCCCAGCTACTTGGGAGGCTGAGGCAGGAGAATCTCTTGAAATGGTAAGGCGAAGGTTACAGTGAGCCAAGATCACGCCATTGCACTCTAGCTTGGGTGAAAGAGCGAAACTCCGTCTCAAAAAAAAAGAAAAGAA"
"chr2","81275216","81275523","JH378117","28305531","28305841","39","52969685","GCCGGGCGCGGTGGCTCACGCCTGTAATCCCAGCACTTTGGGAGGCCGAGGCGGGTGGATCACAAGGTCAGGAGATCGAAACCATCCTGGCGAACACACTGAAACCCCGTTTCTACTAAAAATACAAAAAATTAGCCGGACGTGGTGGCGGGCGCCTGTAATCCCAGCTACTTGGGAGGCTGAGGCAGGAGACTCACTTGAAACCAGGAGGTGGAGATTGCAGCAAGCCGAGATCACACCACTGCACTCCAGCCTGGGCAACAAGAGCGAAACTCCATCTCAAAAATAAATAAATAAATAAATAAAAA","GCCGGGCGCGGTGGCTCAAGCCTGTAATCCCAGCACTTTGGGAGGCCGAGGCGGGTGGATCACAAGGTCAAGAGATTGAGACCATCCTGGTCAACATGGTGAAACCCCGTCTCTACTAAAAATACAAAAAAATTAGCTGGGCGTGGTGGCGCGTGCCTGTAATCCCAGCTACTCAGGAGGCTGAGGCAGGAGAATTGCCTGAAACCAGGAGGCGGAGGTTGCGGTGAACCGAGATCGCGCCATTGCACTCCAGCCTGGGTAACAAGAGCGAAACTCCGTCTCAAAAAATAAAATAAAATAAAATAAAACAA"
"chr2","82683557","82683857","JH378107","3274339","3274641","50","79409218","CGGGTGCGGTGGCTCACTCCTGTAATCCCAGCAGTTTGGGAGGCTGAGGCAGGAGGATCACAAGGTCAGGAGTTCAAAACCAGCCTGGCCAACATGGCAAAAACCCATCTCTACTAAAAATAAAAAAATTAGCCAGGCGTGGTGGTGTGCACCTGTAATCTCAGCTACTCAGGAGGCTGAGGCAGGAGAATCTCTTGAAACCGGAAGGTGGAGATTGCAATGAGCTGAGAGAGCGCCACTGCACCCCTGCCTGGGCAACAAGAGCGAAACTCTGTCTCCCAAAAAAATAAATAAATAAAAA","GGCCGGGCGCGGTGGCTCACGCCTGTAATCCCAGCACTTTGGGAGGCTGAGGCAGGTGGATCACGAGGTCAAGAGATCGAGACCATCCTGGTCAACATGGTGAAATCCTGTCTCTACTAAAAATACAAAAAATTAGCTGGGTATGGTGGCGTGTGCCTGTAATGCCAGCTACTCAGGAGGCTGAGGCAGGAGAATTGCCTGAAACCAGGAGGCGGAGGTTGCGGTGAGCTGAGATCGCACCATTGCACTCCAGCCTGGGTAACAAGAGCGAAACTCCGTCTCAAAAAAATAAAAAGATAAAAA"
"chr2","83319392","83319681","JH378197","3767028","3767327","49","79552364","GGCTGGGTGCGGTGGCTCATGCCTGTAATCCCAGCACTTTGGGAGGCCAAGGCTGGCGGATCACGAGGTCAGGAGTTCGAGACTAGACTGGCCAACATGGTGAAACCCCGTCTCTACTAAAAATACAAAAATCAGCCAGGCGTGGTGTTGGGCGCCTGTAATCCCAGCTGCTTGGGAGGCTGAGACAGAAGAATTGCTTGAAACTGGAAGGCAGAGGTTGCAGTGAGCCAAGATCGTGCCAAGAAGGTCAACAAGAGTGAAACTCTGTCTCAAGAAAAAAAAAAAAAAAA","GGCCAGGCGCAGTGGTTCACGCCTGTAATCCCAGCACTCTGGGAGGCCAAGGTGGGCAGATCATGAGGTCAGGAGTTCGAGACCAGCCTGGCCAACATGATGAAACACTGTCTGTACTAAAAATACAAAAATTAGCCAGGCGTAATGGTGGGTACCTGTAATCCTAGCTACTCAGGAGGCTGAGTCAGAAGAATCACTTGAAACTGGAAGGTAGAGTTTGCAGTGAGACGAGATTGTGCCATTGCACTCCAGCCTGGGGAACAAGAGTGAAACTCTGTCTCAAAAAAAAAAAAAAAAAAA"
"chr2","85014270","85014400","JH378123","26134969","26135105","28","58879301","GCTACTTGGGAGGCTGAGGCAGGAGAATCACTTGAAACTGGAAGGCGGAGGTTGCAGTGAACCAAGGTGGCGCCACTGCACTCCAGCCTGGGCAACAAGAGTGAAGCTCCGTCTCAAAAAAAAAAAAAAAA","TAATCCCACCTACTTGGGAGGCTGAGGAAGGAGAATCGCTTGAAACCAGAAGGCAGAGGTTGCAGTGAGCCAAGATCGTGCCACTGCAATCCAGCCTGGGTGAAAAGAGTGAAACTTCATCTAAAAAAACAAAAAAA"
"chr2","85270547","85270851","JH378106","70219640","70219948","43","15050907","GACCGGGTGCAGTGGCTCACGCCTGTAATCTAGCACTTTGGGAGGCCAAGGCAGGCAGATCATGAGGTCAGGAGTTCGAGACCAGCCTGGCCAACATGGTGAAATCCCATCTCTACTAAAAATAAAAAAAATTAGCCAGGCATGGTGGCGGGCGCCTGTAATCCCAGCTACTCAGGAGACTGAGGCAGTAGAATCGCTTGAAACCAGAAGGCAGAGGTTGCAGAGCCAAGATAGTGCCACTGCACTCCAGGCTGGGCAACATGAGTGAAACTCCATCTCAAAAATAAATAAATAAATAAATAAAA","GGCTGGGTGAGGTGGCTCATGCCTGTAATCCCAGCACTTTGGGAGGCCAACGCAAGCAGATCACAAGGTCAGGAGTTCAAGACCAGCATGGCCAACATGGTGAAACCCCATCCCTACTAAAAATAACAAAAATTAGCTGGGCATGGTGGGAGCCGCCTGTAATACCAGCTACTCGGGAGGCTGAGGCAGGAGAATCGCTTGAAACTGGAAGGCAGAGGTTGCAGTGAGCCAAGATTGTGCCACTGCACTCCAGCCTGGGTGACAGAGCAAAGTTCCATCTCAAAATAAAAATAAAAATAAATAAATAAA"
"chr2","85892792","85893106","JH378136","18027573","18027877","51","67865219","GGCTGGGCGCAGTGGCTCATGCCTGTAATCCCAGCACTTTGGGAGGCCAACGGGTGTGGATCACGAAGTCAGGAGATCTCAAGATCATCCTGGCCAACAGGGTGAAACCCCGTCTCTAGTGGAAAAAAAAAAAAAATTAGATGGGTGTGGTGGTGGGCTCCTGTAATCCCAGCTACTCGGGAGACTGAGGCAGGAGAATCGCTTGAACCCAGAAGTCGGAGGTTGCAGCGAGCCGAGATCATGCCATTGTACTCCAGCCTGGGGCAACAAGAGTGAAACTCCGTCAAAAAAAAAAAAAAAAAAAAGGAAAAGAAA","GGCCGGGCGCGGTGGCTCAAGCCTGTAATCCCAGCACTTTGGGAGGCCGAGGCGGGTGGATCACGAGGTCAAGAGATCGAGACCATCCTGGTCAACATGGTGAAACCCCGTCTCTACTAAAAATACAAAAAATTAGCTGGGCATGGTGGCGTGTGCCTGTAATCCCAGCTACTCAGGAGGCTGAGGCAGGAGAATTGCCTGAAACCAGGAGGCAGAGGTTGTGGTGAGCCGAGATCACGCCATTGCACTCCAGCCTGGGTAACAAGAGCTAAACTCCGTCTCAAAAAAAAAAAAAAAAAAAGAAA"
"chr2","86794635","86794848","JH378168","1940111","1940324","48","84854524","GCCAGGCTCGGTGGCTCACGCCTGTAATCCTAGCATTTTGGGAGGCTGAGGCCTGCGGATCACAAGGTCAGGAGTTGAAGACCAGCCTGGCCAACATAGTGAAAGCTGGTCTCTACTAAAAAATACAAAAATTACCAGGGTGTGGTGGCGGGCGTCTGTAGTCCCAGCTACTCAGGAGGCTGAGGTGGGAGGATCACATGGTCAGGAGGTGGAG","GGCCAGGTGTGGTGGTTCATGCCTGTAATTCCAGAACTTTGGGACGCTGAATCAGGAGGATCACGAGGTCAGGAGTTAGAAACCAGCCTGGCCAACACGGTGAAACTTCATCTCTTCTAAAAATACAAAAATTAGCCAGGGATGGTGGTGGGTGCCTGTAATCCCAGCTACTCAAGAGGCTGAGGCAGGAGAATCACCCAAAACTGGAAGGCAG"
"chr2","86819405","86819700","JH378133","14721548","14721853","39","72097857","GCCGGGTGCGGTGGCTCACGCCTGTAATCCCAACACTTTGGGAGGCTGAGGCGGGTGGATCACCAGGTCAGCAATTCAAGACCACATGGTGAAACCCCGTCTCTACTAAAAATACAAAAAAATTAGCTGGGCGTGGTGGCGGGTACCTGTAATCCCAGCTACTTGGGAGGCTGAGGCAGGAGAATCGCTTGAAACCGGAAGGTGGAGGTTGCAGTGAGCTGAGATTGTGCCATTGCACTCTAGCCTGGGCAACAAGAGCAAAACTCCGTCTCAAAAAAAAATAAAAAATAAAAAAA","GCCGGGCGCGGTGGCTCAAGCCTGTAATCCCAGCACTTTGGGAGGCTCAGGCGGGTGGATCACGAGGTCGAAAGATCGAGACCATCCTGGTCAACATGGTGAAACCCCGTCTCTACTAAAAATACAATAAAACTAGCTGGGCGTGGTGGCGCGTGCCTGTAATCCCAGCTACTTAGGAGGCTGAGGCAGGAGAATTGCCTGAGACCAGGAGGCGGAGGTTGCAGTGAGCCGAGATCGTGCCATTGCACTCCAACCTGGGTAACAAGAGCAAAAACTCCGTCTCAAAAAAAAAAAAAAAAAAAAAAA"
"chr2","87437889","87438190","JH378240","1530960","1531261","50","85906929","GGCCGGGTGCGGTGTGGCTCACACTTGTAATCCCAGCACTTTGGGAGGCAGAGGCGGGGCGGATCACGAGGTCAGGAGCTCAAGACCAGTCTGGCCAACATGGTGAAACCCTGTCTCTACTAAAATTACAAAAATTAGCCAGGCATGGTGGTGGGTGCTCCCAGCTACTCAGGAGGGTGAGGCAGGAGAATCGCTTGAAACTGGAAGGTGGAGGTTGTAGTTAGCAGAGAACGCGCTATTGCACTCCAGCCTGGGTGAAAGCGCGAAACTCTGTCTCAAAAAACAAAAACACACAAAACAAA","GGCCGGGCGCGGTGGCTCAAGCCTGTAATCCCAGCACTTTGGGAGGCCGAGGCGGGTGGATCACGAGGTCAAGAGATCAAGACCATCCTGGTCAACATGGTGAAACCCCATCTCTACTAAAATTACAAAACATCAGCTGGGCATGGTGGCGCGTGCCTGTAATCCCAGCTACTCAGGAGGCTGAGGCAGGAGAATTGCCTGAAACCAGGAGGCGGAGGTTGCGGTGAGCCGAGATCGCGCCATTGCACTCCAGCCTGGGTAACAAGAGCGAAACTCCGTCTCAAAAAAAAAAAAAAAAAAAA"
"chr2","87562217","87562507","JH378206","2476848","2477135","37","85085369","GGCCAGGCGCAGTGGCTCACACCTGTAATCCCAGCACTTTGGGAGGCCGAGGCGGACGGATCACGAGGTCAGGAGTTCAAGACCAGCCTGGCCTACATGATGAAACTCCATCTCTACTAAAAATACAAAAAATTAGTGGGGCGTGGTGGCGGGCGCCTGTAATCCCAGCTACTCGGGAAGCTGAGGCAGGAGAATTGCTTGAAACCGGAAGGCGGAGGTTGCAGTGAGCTGAGATTGCGCCAGTGCACTCCAGCCTGGGCAACAAGAGCAAAACTCCGTCTTAAAAAAAAA","GGCTGGGTGCAGTGGCTCACGCCTATAATCCCAGCACTTTGGGAGGCCGAGGTGGGTGGATCACAAGGTCAGGAGTTGGAGACCAGCCTGGCCAACATGGTGAAACCTCATCTCTACTAAATATACAAAAATTAGCCGGGTGTGGTGGCAGGTGCCTATAATCTCAACTACTCGGGAGGCTGAGGCAGGAGAATTGCTTGAAACTGGAAAGTGGAGGTTGCAGTAAGCTGAGATTGTGCCACTGCACTCCAGCCTGGACAACAAGAGCAAAACTGCGTCTCAAAAAAA"
"chr2","89931241","89931529","JH378206","2476848","2477135","46","87454393","GGCCCGGCGCGGTGGCTCACGCCTGTAATCCCAGCACTTAGGGAAGCTGAGGCAGGTGGATCATCTCAAGGTGAGGAGTTTGAGACAACCTGGCCAACACGGTGAAACCCCGTCTCTACTAAAAATACAAAAGATCAGCCAGGTGTCGTGGTAGGAGCCTGTAATCCCAGCTACTCGGGAGGCTGAGGCAGGAGAATTGCTTGAAATCGGAAGGCGGAGGTTGCAGTGAGCCAAGATCGCGCCACTGCACTCCAGCCTGGGCAACAAGAGCAAAAACTCCGTCTAGAAA","GGCTGGGTGCAGTGGCTCACGCCTATAATCCCAGCACTTTGGGAGGCCGAGGTGGGTGGATCACAAGGTCAGGAGTTGGAGACCAGCCTGGCCAACATGGTGAAACCTCATCTCTACTAAATATACAAAAATTAGCCGGGTGTGGTGGCAGGTGCCTATAATCTCAACTACTCGGGAGGCTGAGGCAGGAGAATTGCTTGAAACTGGAAAGTGGAGGTTGCAGTAAGCTGAGATTGTGCCACTGCACTCCAGCCTGGACAACAAGAGCAAAACTGCGTCTCAAAAAAA"
"chr3","360094","360352","JH378131","2425118","2425380","38","2065024","GGCGGGCAGATCACAAGGTCAGGAGTTCAAGACTAGCCTGGCCAACATGGTGAACCCCTGTCTCTACTAAAAAATACAAAAATTAGCTGGGCGTGGTGGCGGGCACCTGTAATCCCAGCTACTGGGGAGGCTGAGGCAGGAGAAGCGCTTGAAATCGGGAGGCGGAGGTTGCAGTGAGCCAAGACTGCGTCACTGCACTCCAGCCTGGGCGAAAGTGAAACTCCATCTGGAAAAAAAAAAACAAACAACAACAACAAAA","GACAGGCAAATCAAAGGTCAGGAGTTCAAGACCAGCTTGGCCAACATGGTGAAACCTCATCTCTACTAAAAATACAAAAATTAGCTGGGCATGGTGGCCGGCGTCTATAATCCCTGCTACTTGGGATGCTGAGGCAGGAGAATCACTTGAAACCAGAAGGCGGAGGTTGCAGTGAGCCAAGATTGCGCCCCTGCACTCCAGCCTGGGCAAAAGAGTGAAACTCCATCTCAAAACAAAACAAAACAAAAAAAACAAAAACAAAA"
"chr3","685515","685796","JH378124","15926514","15926796","44","15240999","GGCTGGGCACAGTGGCTCACCCCCGTAATCCCAGTACTTTGGGAGGCTGAGGTGGGTGGATCATGAGGTCAAGAGTTGGAGACCAGCCTGGCCAACATGATGAAACCCCATCTCTATTAAAAATACAAAAATTAGCCAGGCTTGGTGGCGGGCACCTGTAATCCCAGCTACTCGGGAGGCTGAGGCAGGGGAATCGCTTGAAACCGGAAGGTGGAGGCAGCAGTGAGCCAAGATCGCACCCCTGCTCTCCAACCTGGGCAACAAGAGCAAAACTCCATCTCA","GGCCAGGCGCGGTGGCTCATGCCTGTAATCCCAGCACTTTGGGAGGCTGAGGTGGGTGGATCACGAGGTCAAGAGTTCAAGACCAGCGTGGCCAACATGATGAAACCCCATCTCTACTAAAAGACAAAAACTAGCTGGATGTGATGGCGGGCACCTGTAATCCCAACTACTTGGGAGGCTGAGGCAGGAGAATTGCTTGAAACTGGAAGGAGGAGGTTGGCTTGAGCCAAGATCGCGCCATTGCACTCCAGCCTGGGTGAAAGAGCAAAACTGCATCTCGAAA"
"chr3","992375","992418","JH378116","19218206","19218247","17","18225831","CAGCCTGGCCAACACGATAAAACCCCATCTCTCCTACATATATA","AGCCTAGGCAACAAAACAAGACCCTCTCTTTAAAAAAAAAAA"
"chr3","1051227","1051492","JH378107","6629710","6629970","44","5578483","GGCCAGGTACAGTGGCTCTCGCCTGTACTCCCAGCACTTTGGGAGGCTCAGGCAGGCAGATCACGAGGTCAGGAGTTCAAAACCAGACTGGCCAACATGGTGAAACTCTGTCTCTACTAAAAACACAAAAATGGGCCTGGTGTGGTGCCTGCCTGTAACCCCAGCTACTCAGGAGGCTGAGGCAGGTGGAGGTTGCAGTGAGCTGAGATCGCACCACCGCACTCCAGCCTGGGCAACAAGAGCAAAACTCCGTTTCAAAAAGAAAA","GCCAGGCATGGTGGCTCACGCCTGTAATCCCAGCACTTTGGGAGGCTAAGGCGGGTAGATCACCGAGGTCAGGAGTTCAAGACCAGCCTGGCCAACATGGTGAAACCCTGTCTCTACTAAAAATACCAAAATTAGCCAGGCATGGTGGCCTGTAATCCCAGCTACTTGAGGCTGAGGCAGGAAGTTGCAGTGAGCTGAGATTGTGCCAATGCACATTCCAGCCTGGGCAACAAGAGCGAGACTCGGTCTCAAAAAAAAAAA"
"chr3","1178095","1178389","JH378107","9067769","9068059","48","7889674","GACCGGGAATGGTAGCTCACGCTTGTAATCCCAGCACTTTCGGAGGCTGAGGTAGGCGGATCACAATGCCAGGAGTTCAAGACCAGCCTGGCCAACATGGCGAAATCCCATCTCTACTAAAATTACAAAAATTAGCTGGGCATGATGGCGGGCACCTGTAAATCCCAGCTACTTGCAAGGCTAAGGCAGGAGAATCGCTTGAAACCCAGGAGGCAGAGGTTGCAGTACGCTGAAACTGTGCCACTGCACTCCAGCCTGGGCAACAAGAGCAAGACTCCATCTTTAAAAAAAAAAA","GGCTGGGCACGATGGCTTATGCCTGTAATCCCAGCACTTCAGGAGGCCAAGGCAAGCGTATCACGAGGTCAGGAGTTCGAGACCAGCCTGGCCAACATGGTGAAATCCCAACTCTACTAAAAATACAAAAATTAGCCAGGCATGGTGGCAGGCACCTGTAATCCCAGCTACTCAGGAGGCTGAGGCAGGAGAATCACTTGAAAACCAGAAGGCAGAGGTTACAGTGAGCTGATTGTGCCACTGCACTCCAGCCTGGCCAAAAGAACAAAACTCCATCTCAAAAAAAAAAAA"
"chr3","1444688","1444961","JH378117","12219002","12219265","47","10774314","GGCTGGGCACAGTGGCTCACACCTGTAATCCCAGCACTTTGGGAGGCTGAGGCAGGTGGATCACATGGTGAAGCCCTAGCTCTACTAATAATACAAAACATTAGCTGGGTGTGGTGGCATGCATCTGTAATCCCAGCTACTCGGGAGGCTGAGGCAGAAGAATCACTTGAACCCAGAAGGCAGAGGTTGCAGTGAGTCGAGATCGCACCATTGCACTCCAGCCTGGGCAACAAGAACAAAACTCCATCTAAAAAATATAATAATAAAGTAAAAA","GACCAGGCATGGTGGCTCATGCCTGTAATCCCAGCACTTTGGGAGGCTGAAACAGGCAGTAGAAACTCCATCTCTACTAAAAATACAAAAATTAGCTGGGTGTGGTGGCATGTGCCTGTAATACCAGCTACTTGGGAGGCTGAGGCAGAAGAATCACTTGAAACTGGAAGGCAGAGGTTGCAGTGAGCTGAGATTTTGCCATTGCACTCCAGCCTGGGCAAAAAGAACAAAACTCCATCTCAAAAAAAAAAAAAAAAAAAAAAA"
"chr3","3299924","3300227","JH378108","38566905","38567200","50","35266981","GGCCGGACGTGATGGCTCATGCCTATCATCCCAGCACTTTAGGAGGCTGAGGTGGGCAGATCAAGAGGTCAGGAGTTCGAGACCAGCCTGGCCATTGGTGAACCTCCATCTCTACTAAAAATACAAAAAAAATTAGCTGGGCATGGTGGCAGATGCCTGTAATCCCAGCTACTTGGGAGGCTGAGGCAGGAGAATCGCTTGAACCCAGAAGGCGGAGGTTGCAGTGAGCTGAGACCGCACCACTGCACTCTAGCCTGGGCAACAGAGCGACAGAGTGAGACTCCATCTGAAAAGAAAAAAAAAA","GGCCGGGCATGGTGGCTCACGCCTGATATCCCAGCACTTTGGGAGGCAGAGGTGGGTAGATCACGAGGTCAGAAGTTTGAGACCAGCCTGGCCAACACGGTGATACCCTGTCTCTACTGAAAATACAAAAATTAGCCAGGAATGGTGGCAGGTGCCTGTAATATCAGCTACTCAGGAGGCTGAGTCAGGAAAATCGCTTGAATCCAGAAGGCGGAGGTTGCAGTGAGCTGAGATCACACCACTGCACTCCAGCCTGGGTCACAAGAGTGAAACTCCCTCTCAAAAAAAAAAAAAAA"
"chr3","4345727","4345893","JH378216","4339434","4339595","22","6293","GGCCGGGCACGGTGGCTCATGCCTGTAATCCCAGCACTTTGGGAGGCCGAGGTGGGTGGATCATAAGGTCAGGAGTTCTAGACCAGCCTGGCCAACACGGTGAAACCCCATCTCTACTAAAAATACAAAAATTAGCCGGGCGTGGTGGCGGGCTCCTGTAATCCCAG","GGTTGGGCACAGTGGCTCACGCCTGTAATCCCAGCACTTTGGGAGGCCAAGGTGGGCAGATCATGAGGTCAGGAGTTTGAGACCAGCCTGGCCAACATGGTGAAACCCCATCTCTACTAAAAATACAAAAATTAGTTGGGTGTGGTGGCAGGTGCCTGTAAT"
"chr3","4807648","4807941","JH378112","33518148","33518439","40","28710500","GGCTGGGCGCGGTAGCTCACGCCTGTAATCTCGGCACTTTGGGAGGCTGAGGCAGGCAGATCACGAGGTCAGGAGTTCAAGACCACCCTAACCAACATGGTGAACCCCCTTCTCTACTAAAAATACAAAAATTAGCCAGGTATGGTGGCGGGTGACTGTAATCCCAGCTACTTGGGAGGTTGAGGCAGGAGAATCACGTAAAACCGGGAAGTGGAGGTTGCAGTGACCTGAGATCGTGCCATTGCACTCTAGCCTGGGCAAAAGAGCAAAACTCCATCTCAAAAAAAAAAAAAA","GGCAGGGTGAAGTGGCTCACGCCTGTAATCCCAGCACTTTGGGAGGCTAAGGCAGAGGAATCACAAGATCAGGAGTTCAAGATCAGCCTGGCCAACACGGTGAAACCCCGTCTCTACTAAAAATACAAAAATTAGCCAGGCATGATGGTGGGTGCCTCTAATCCCAGCTACTTCGGAGGTTGGAGCAGGAGAATCACTTGAAACCAGAAGGTGGAGGCTGCAGTGAGCCGAGATCGTGCCACTGCACTCCAGCCTGGGCAAAAGAGCAAAACTCCATCTCAAAAAAAAAAAA"
"chr3","7627416","7627637","JH378277","3215226","3215442","39","4412190","GCACGGTGGCTTACGCCTGTTATCCCAGCACTTTGGGAGGCCGAGGCGGGCAGATCACGAGGTCAGGAGTTTGAGACCAGCCTGGCCAACATGGTGAAACCCCGTCTCCACTAAAAAAATACAAAAATTAGCCAGGCGTGGTGGCAGGTGCCTGTAATCCTGGCTACTTGGGAGGCTGAGGCAGGAGAATCACTTGAACCTGGAAGGTGGAGGTTGAGGTGA","GTGGCTAAGGCCTGTAATCCCAGTACTTCGGGAGGCCGAGGCGGGTGGATGAGGAGGCCAGGAGTCGGAGACCAGCCTGGCCAACATGGTTAAACCCTGTCTCTACTAAAAATACAAAAATTAGCTAGGTGTAGTGGCAGGTGCCTGTAATCCCAGCTACTCGGGAGGCAGAGGCAGGAGAATCGCTTGAACCAGAAGGCAGAGGTTGCAGTGAACC"
"chr3","9530642","9530942","JH378245","3312448","3312742","48","6218194","GGCTGGGCATGGTGGCTCACGTCTGTAATCCTGGCACTTTGAGAGGCCGAGGCAGTTGGATCATGAGGTCAGGAATTTGAGACCAACCTGGCCAACATGGTGAAACCCCGTCTCTACTAAAAATACAAAAATTAGCCGGGCATGGTGGCGGACGCCTGTAGCGCCAGCTACTTGGGAGGCTGAGGCAGGAGAATAACTTGAAACCCAAAGGTGGAGGTTGCAGTGAGCTGAGATCACGCCACTGTACTCCAGCCTGGGCAGCAAGAGCTTCACTCTGTCTGAAAAAAAAAGAAAAAAAAAA","GGCCAGTCGTGGTGGCTCTCGCCTGTAATCCCAGCACTTCGGGAGGCTGAGGCAGGCAGATCATGAGGTCAGGAGTTTGAGACCAGCCTGGCCAATATGGTGAAACCCCGTCTCTACTAAAAATACAAAAATTAGCTGGACATGGTGGTGGGCGCCTGTAATCCCAGCTACTTGGGAGGCTGAGGCAGGACAATCGCTTGAAACCTGAAGGCGGAGGTTGCAGTGAGCCAAGATCATGCCACTGCACTCCAGCCTGGGCGAAAGAGTAAAACTCCGTCTCAAAAAAAAAAAGAAA"
"chr3","9795788","9796081","JH378227","3749686","3749973","40","6046102","GGCCGGGCACGGTGGCTCACGCCTGTAATCCCAGCACTTTGGGAGGCTGAGGCGGGCAGATCACAAGGTCAGGAGTTCCAGACCAGCCTGGCCAACATGGTGAAACCCCATCTCTACTAAAAATACAAAAATTAGCCAGGCGTGGTGGCAGGCGCCTGGAATCCCAGCTACTCGGGAGGCTGAGGTAGGAGAAGCTGAAGCTTGAACCCAGAAGGCGGAGGTTGCAGAGAGCCAAGATCTTGCCACTGAATTCCAGCCTGGGCAACAAGAGTGAAACTCTGTTTCAAAAAAAAA","GACTGGGCACGGTGGCTCACACCTGTAATCCCAGCACTTTGGGAAGCCAAGGTGGGCAGATCATGAGGTCAGGAGTTTGAGACCAACCTGGCCAACATGGTGAAACACCATCTCTACAAAAAATACAAATATTAGCTGGGCGTGGTGGCACGCACCTGTAATCCCACCTACTCGGGAGGCTGAGGTAGGAGAATCACTTAAAACTGGAAGGTGGAGTTTGCAGTGAGCCAAGATCGTGCCACTGCATTCCAGCCTGGGCAAAAGAGTGAAACTCCGTCTCAAACAAAA"
"chr3","9961998","9962257","JH378185","920965","921227","43","9041033","GGCCAAGTGCAGTGGCTCACGCTTGTAATCCCAGCACTTCAGAAGTCCAAGGTGGGCGGATCACAAGCAGGAGTTCGAGACCAGCCTGGCCAACATGGCGAAACCATGTTTCTACTAAAAATTCAAAAGTTAGCCAGGCATGGTGGCGGGCACCTGTAATCCAGCTACTCGGCAGGCTGAGGCAGGAGAATTGCTTGAACCGGAGAGTTGAAGTTTGCAGTGAGCCAAAATCATGCCATTTCACTCCAGCCTGGGCAACA","GGCCAGGTACAATGTCTCACGCCTGTAATCCCAGCACTTTGGGAGGCAGAGGCAGGCGGATCACAAGGTCAGGAGTTCGAGACCAGCTTGGCCAACATGGTGAAAACCTGTGTCTACTGAAAATATGAAAATTAGCCAGGCATGGTGGTGGGCATCTGTAATCCCAGCTACTCAGGAGGCTGAGGCAGGAGAATCGCTTGAAACCGTTAAGGCAGAGGTTGCAGTGAGCCAAGATCATGCCACTGCACTCCAGCCTGGGCAAC"
"chr3","11192088","11192376","JH378278","2024551","2024836","44","9167537","GGCTGGGCACGGTAGCTCATGCCTGTAATCCCAGCACTTTGGGAGGCCAAGGCAGGAAAATCACGAGGTCAGGAGTTTGAGACCAGCCTAACCAACATGATGAAACCCCGTCTCTACTAAAAATACAAAAAAAATTAGCTGGGCATGGTGGCAGGCGCCTGAAATCCCAGCAACTCGGGAGGCCGAGGTGGAGAATCGCTTGAACCCAGGAAGGCAGAGGTTGCAGTGAGCCGAGATTGCACCACTGCACTCCAGCCTGGGCAACAAGAGTGAGACCCCATCTCAAAAA","GCTGGGCACAGTGGCTCACGCCTGTAATCCCAGGACTTTGGGAGGCCAAAGCGGGTGGATCACGAGGTCAAGAGATTGAGACCATCCTGGTCAACATGGTGAAACCCCGTCTCTACTAAAAATACAAAAAATTAGCTGGGCATGGTGGCGCGTGCCTGTAATCCCAGCTACTCAGGAGGCTGAGGCAGGAGAATTGCCTGAAACCAGAAGGCAGAGGTTGTGGTGAGCTGAGATCATGCCATTGCACTCCAGCCTGGGTAACAAGAGTGAAATTCCATCTCAAAAA"
"chr3","18980181","18980494","JH378117","28305531","28305841","44","9325350","GGCCGGGCGTGGTGGCTCATGCCTGTAATCCCAGCACTTTGGGAGGCTGAGGTGGGTGGATCACGAGGTCAGGAGTTCAAGATCCGCCTGGCCAACATGGTGAAACCCCATCTCTACTAAACAGATACAAAAATTTAGCTGGGTGTGGTGGTGCATGCCTGTAATCCCAGCTACTCGGGAGGCTGAGGCAGGAGAATCGCTTGAATCTGGGAGGTGGAGTTTGCAGTGAGCCAAGATCGTACCATTGCACTCCAGCCTAGGCAACAAGAGTGAAACTCTGTCTCAAAAAAATAAAATAAAATAAAAGGAACAAA","GCCGGGCGCGGTGGCTCAAGCCTGTAATCCCAGCACTTTGGGAGGCCGAGGCGGGTGGATCACAAGGTCAAGAGATTGAGACCATCCTGGTCAACATGGTGAAACCCCGTCTCTACTAAAAATACAAAAAAATTAGCTGGGCGTGGTGGCGCGTGCCTGTAATCCCAGCTACTCAGGAGGCTGAGGCAGGAGAATTGCCTGAAACCAGGAGGCGGAGGTTGCGGTGAACCGAGATCGCGCCATTGCACTCCAGCCTGGGTAACAAGAGCGAAACTCCGTCTCAAAAAATAAAATAAAATAAAATAAAACAA"
"chr3","19087986","19088282","JH378108","38566905","38567200","45","19478919","GGCGGGGCACAGTGGCTCACATCTGTAATCCCAGCACTTTGGGAGGCCGAGGAGGGGCGGGTCACGAGGTCAGGAGTTTGAGACCAGCCTGGCCAACATGGTAAAACCCTGTCTCTACTAAAAATACGAAAAGTAACCAGACCTGGTGGCAGGAGCCTGTAATCCCAGCTACTCTGGAGGCTGAGGCAGGAGAATCGCTTGAAATCAGAAGGCGGAGGTTGCAGTGAGCAGAGATCGTGCCACTGTACTCCAGTCTGGGTGAAGAGGTGAAACTCTGTCTCAGAAAAAAAAAAAAAA","GGCCGGGCATGGTGGCTCACGCCTGATATCCCAGCACTTTGGGAGGCAGAGGTGGGTAGATCACGAGGTCAGAAGTTTGAGACCAGCCTGGCCAACACGGTGATACCCTGTCTCTACTGAAAATACAAAAATTAGCCAGGAATGGTGGCAGGTGCCTGTAATATCAGCTACTCAGGAGGCTGAGTCAGGAAAATCGCTTGAATCCAGAAGGCGGAGGTTGCAGTGAGCTGAGATCACACCACTGCACTCCAGCCTGGGTCACAAGAGTGAAACTCCCTCTCAAAAAAAAAAAAAAA"
"chr3","23452069","23452150","JH378120","30378070","30378156","16","6926001","GAAGGTAGAGGTCGCAGTGAGCCAAGATCGCGCCATTTCACTCCAGCCTGGGCAAAACAGCAAAACTCCATCTCAAAAAAAA","CAGAAGAAAGAGGTTGCAGTGAGCCGAGATTGCGCCATTGCACTCCAGCCTGGGTAACAAGAGTGAAACTCCGTCTCAAAAAAAAAA"
"chr3","24350972","24351252","JH378242","2029382","2029674","43","22321590","GCTGGGCACGGTGGCTCACGCCTGTAAACCCAGCACTTTGGGAGGCCAAGGCGGGTGAATCACAAGGTCAGGAGTCTGAGACTAGCCTGGCCAACATGGTGAAACCCCGTCTCTACTAAAAATACAAAAATTAGCCGGGTGTGGTGGGGGGTGCCTATAATCCCAGTTGCTTGGAAGGCTGAGGCAAGAGAATGCTTAAAACGGCGGAGGTTGCAGTGAGCCAAGATCGCACCACTGCACTCAGCCTGGGCAAAAGAGCAAAACTCCATCTCAAAAAAAAA","GACCGGGCACAGTGGTTCATGCCTGTAATTCCAGCACTTTGGGAGGTCAAGGCGGGCAGATCACAAAGTCAGGAGTTTGAGACCAGCCTGGCCAACATGGTAAAACCGTGTCTCTACTAAAAATACAAAAGTTAGCCAGGCTTGGTGGTGGGAGCCTGTAATCCCAGCTACTTTGGAGGCTGAGGCAAGAGAATCGCTGGAAACCAAAAGGCGAAGGTTGCAGTGAGCCAAGATCTCACCACTGCACTCTAGCCTGGGCAACAAGAGCAAAACTCCATCTCAAAACAATAAAA"
"chr3","25314166","25314458","JH378197","3767028","3767327","42","21547138","GGCCAGGCGCAGTGGCTCATGCCGTAATCCCAGCACTTTGGGAGGCCCAGGTGGGTGGATCACGAAGTCAGGAGTTCGAGACCAGTCTGGCCAACATGGTGAAACCCTGTCTCTACTAAAAATACAAAAATTAGCCAGGCGTTCTGGTGGGTGCATGTAATTCCAGCTACTCAGGAGGCTGAGGCAGGAGAATCACTTGAAACCGGAAGTCAGAGGTTGCAGTGAGCTAAGATCAGGTCATTGTACTCCAGTCTGGGCGAAAGAGTGAAACTCTGTCTAAAAAAAAAAAAAAA","GGCCAGGCGCAGTGGTTCACGCCTGTAATCCCAGCACTCTGGGAGGCCAAGGTGGGCAGATCATGAGGTCAGGAGTTCGAGACCAGCCTGGCCAACATGATGAAACACTGTCTGTACTAAAAATACAAAAATTAGCCAGGCGTAATGGTGGGTACCTGTAATCCTAGCTACTCAGGAGGCTGAGTCAGAAGAATCACTTGAAACTGGAAGGTAGAGTTTGCAGTGAGACGAGATTGTGCCATTGCACTCCAGCCTGGGGAACAAGAGTGAAACTCTGTCTCAAAAAAAAAAAAAAAAAAA"
"chr3","25921864","25922064","JH378156","11265928","11266128","29","14655936","GGCTGGGCACAGTGGCTCACGCCTGTAATCCCAGCACTTTGGGAGGCTGAGGTGGGCAGATCATGAGGTTAGGAGTTCGAAACCTGCCTGGCCAACATGGTGAAACCCCATCTCTACTAAAAATACAAAAATTAGCTGGGAATGGTGGCAGGTGCTTATAATCTCAGCTACTTGAGAGCTGAGGCAGGGAAATCGCTTGAA","GGCCAGACGCGGTGGCTCACACCTGTAATCCCAGCACTTTGGGAGGCCAAGGTGGGCAGATCATGAGGTCAGGAGTTTGAGACCAGCCTGGCCAACGTAGTGAAACCCAATCTCTTCTAAAAACACAAAGATTAGCTGGGCGTGGTGGCAGGTGCCTGTAATCCCAGCTACTTGGGAGTCTGAGGCAGGAGAATCACTTGA"
"chr3","27561453","27561734","JH378129","22226033","22226310","40","5335420","GGCCAGGTGTGGTGGCTCACGCCTGTAATCCCAGCACTTTGGGAGGCTGAGGCGGGCAGATCACGAGGTCAGGAGTTCAAGACCAACCTGGCCAACATGGTGAAACCCCGTCTCTACTAAAAATACAAAAATTAGCTGGGTCTGGTGGTGTGAGCCTGAAATCCCAGCTACTAGGGAGGCTGAGGCATGAGAATCGCTTGAAACTGGAAGGCAGAGGTTGCAGTGAGCTGAGATCACACCACTGCACTCCAGCCTGGGTGAAAGAGCAAAACACCACCTAAA","GGCCAGGCATGGTGGCTCACGCCTGTAATTCGAGCACTTCGGGAGGCCGAGGTGGGCAGATCATGAGGTCAGGAGTTCAAGACCAGCCTGGCCAACATGGTGAAACCCTGTCTCTACTAAAAATACAAAAATTAGCTGGGCATGGTGGCAGTGCCTGTAATCACAGCTACTCAGGAGGCTGAGGTAGGAGAACCACTTGAAACTGGAAGGTGGAGGTTGCAGTGAGCCGAGATCGCACCACTGCACTCCAGCTTGGGCGAAAGAGTGAAATTCTGTCT"
"chr3","27975595","27975883","JH378148","3009466","3009760","47","24966129","GACCGGGTGCGGTGACTCATACCTGTAATCCCAGCACTTTGGGAGGCCGAGGTGGGTGGATCATGAGGTCAGGAGTTCGAGACCAGCCTAGCCAACATGGCGAAACCCCATCTCCACTAGAAATACAAAAATTAGCCAGGCATGGTGACCGGCACCTGTAGTCCCAGCTGCTCAGGAGGCTGAGGCAGGAGAAGCGTTTGAAACCAGAAGGCAGAGATTGCAGTGAACTGAGATCATGCCACTGCACTCCCACTTGGGTGAAGGAGTGACACTCCGTCTCATAAATAAA","GGCCAGGTGTGGTGGCTCACGCCTGTAATCCCAGCACTTTGGGAGGCCGAGGCAGGTGGATGATGAGGTCAGGAGTTCGAGACCAGCCTGGCCAAAATGGTGAAACCCTGTCTCTACTAAAAATACAAAAAAATTAGCCAGGCGTGGTGGCATGCGCCTATAATCCCAGCTACTCAGGAGGCTAAGGCAGGAGAATCACTTGAAACCAGAAGGCAGAGGTTGCAGTGAACTGAGATCACGCCACTGCACTCCAGCCTGGGCAACAAGAGCAAAACTCCATCTCAAAAAATAAAAA"
"chr3","28375830","28376119","JH378223","6174571","6174858","37","22201259","GGCCAGGCACAGTGGCTCACGCCTGTAATCCCAGCACTTTAGGAGGCTGAGGCAGTCGGATCACAAGGTCAGGAGTTCAAGATCAGCCTGGACAACATGGCGAAACCCTGTCTCTACTAAAAATACAAAAATTAGCCAGACGTAGTGGCGGGCACCTGTAATCTCAGCTACTCAGGAGGCTGAGGCAGGAGAATTGCTTGAAACCGGAAGGCGGAGGTTGCAGTGAGCCAAGATCGCACCACTGCACTCCAGCCTGGGTGAAAGAGCAAAACTCTGTCTCGAAAAAAAAA","GGCCAGGCACTGTGGCTCACACCTGTAATCCCAGCACTTTGAGAGGCCAAGGTGGGCAGATCACAAGGTCAGGAGTTCAAGACCAGCCTGGCCAACATGGTGAAACCCTGTCTCTACTAAAATACAAAAATTACCCAAGTGTGGTGGCATGCACCTATAATCCCAGCTACTCAGGAGGCTGAGGCAGGAGAATTGCTTGAAACCAGAAGGTGGAGATTGAGTGAGCCGAGATCACGCCACCACACTCCAACCTGGGTGACAAGAGTAAAACGCTGTCTCAAAAAAAAA"
"chr3","29269335","29269636","JH378136","18027573","18027877","35","11241762","GGCCGGGCGCAGTGGCTCACGCCTGTAATCCCAGCACTTTGGGAGGCCGAGGCGGGCGGATCTTGAGGTCAGGAGATCAAGACCAGCCTGGCTGACATGGTGAAACCCGTCTCTACTAAAAATACAAAAATTAGCTGGGCGTGGTGGCGGGCGCCTGTAATCCCAGCTACTCGGGAGGCTGAGGCAGGAGAATCGCTCGAAACCAGAAGGCAGAGGTTGCAATGAGCCAAGATTGTGCCACTGCACTCCAGCCTGGGCAACAAGAGCGAAACTCTATCTCCAAAAAAAAAAAAAAAAAAGAA","GGCCGGGCGCGGTGGCTCAAGCCTGTAATCCCAGCACTTTGGGAGGCCGAGGCGGGTGGATCACGAGGTCAAGAGATCGAGACCATCCTGGTCAACATGGTGAAACCCCGTCTCTACTAAAAATACAAAAAATTAGCTGGGCATGGTGGCGTGTGCCTGTAATCCCAGCTACTCAGGAGGCTGAGGCAGGAGAATTGCCTGAAACCAGGAGGCAGAGGTTGTGGTGAGCCGAGATCACGCCATTGCACTCCAGCCTGGGTAACAAGAGCTAAACTCCGTCTCAAAAAAAAAAAAAAAAAAAGAAA"
"chr3","29919213","29919510","JH378117","25647280","25647574","44","4271933","GGCCGGGCACAGTGGCTCACGCCTGTAATCCCAACACCTTGGGAGGCCAAGGCAGGTGGATCATGAGGTCAGCAGTTAGAGACCAGCCTGAACAACATGGTGAAACCCTGTCTGTACTAAAAATACAAAAAAAAAATAGCTGGATCTGGTGGCAGGTGCCTGTAATCCCAGCTACTTGAGAGGCTGAGGCAGGAGAATCACTTGAAACCGGAAGGCGGAGGTTGCAGTAAGCCAAGATTGTGCCACTGCACTCTAGCCTGGGCAGTAAGCAAAACTCTGTCTCAAAAAAAAAAAAAAA","CCGGGCTCGGTGGCTCACACCTGTAATCCCAGCACTTCCTGGGAGGCCGAGGCAGGTAGATCATGAGGTCAGCAGTTCGAGGCCAGCCTGGCCAACATGGTGAAACCCCGTGTCTACTAAAAATACAAAAATTAGTCTGGCATGGTGGCAGGTGCCTGTAATCCCAGCTACTCGGGAGGCTGAGGCAGGAGAATCGCTTGAAACTGGAAAGCGGAGGTTGCAGTGAGCCGAGATGGTGCCATTGCACTCCAGCCTGGGCAAAAGAGCAAAAACTCTGTCTCAAATAAATAAAAAA"
"chr3","39445096","39445391","JH378181","3298975","3299267","47","36146121","GACTGGGTGCGGTGGCTCACGCCTTTAATTCCAGCACTTTGGAAGGCTGAGGCAGGCAGATCACAAGGTCAAGAGTTTGAGACCAGCCTGGCCAACATGGTGAAACCCTGTTTCTACTAAAACTACAAAAAAAATTAGCCATGCATAGTGGCAGGCACCTGTAAACCCAGCTACTCGGGAGGCTGAGGCAGGAGAATCACTTGAAACCAGAAGGTGGAGGTTGCGGTATGCCAAGATCATGCCACTGCATGCCATCCTGGACAAAAGAGTGAAACACTGTCTCAAAAAAAAAAAAA","GGCTGGATACGGTGACTCAAGCTTGTAATCCCAGCACTTTGGGAGGCCAAGGCAAGCAGATCATGAAGTCAGGAGTTTGAGACCAGCCTGGCCAACATGGTGAAGCCCGGTCTCTACAAAAATACAAAAATTAGCCAAGCATGGTGGCCGCTGCCTGTAATCCCAGCTACTCGGGAGGCTGAGGCAGGAGAATCACTTGAAACCAGAAGGTGAAGGTTGCAGTGAGCCAATATTGTACCACTGCACTCCAGCCTGGGCAATAGAGGGAAACTCTGTCTCAAAAAAAAGAAAAA"
"chr3","39844684","39844983","JH378205","1510121","1510420","44","38334563","GGCTGGGAACAGTGGCTCACGCCTGTAATCCCAGCACTTTGGAAGGCTGAGTTGGGCGGATAACGACATCAGGAGTTCAAGATCAGCCTGGCCAGCATGATGAAACCCCATCTCTACTAAAAATACAAAAAGTAGCTGGCCGTGGTGGCAGGCGCCTGTAATCCCAGCTACTCGGGAAGCTGGGGCAGGAGAATCGCTTTAAACCAGAAGGCGGAGTTTTCAACGAGCTGTGATTGTGCCACTGCACTCCAGCCTGGGCAACAAGAGTGAAACTCCATCTCAAAAAAGAAAAAAAAAAAA","GGCTGGACGTGGTGGCTCACACCTGTAATCCCAGCACTTTGGGAGGCCAAGGTGGGCAGATCACGAGGTCAGGAGTTCGAGAACAGCCTGGCCAACATGGTGAAACCCCATCTCTACTAAAAATACGAAAATTAGCTGGGCGTGCTGGCGAGCACCTGTAATCCCAGCTACTCGGGAGGCTGGGGCAGGAGAATCACTTGAAACCGGAAGGCAGAGTTTGCAGTGAGCTGAGATCGTGCCATTGCACTCCAGCCTGGGCGACAGGAGTGAAATTCTGTCTCAAAAAGAAAAGAAAAGAAA"
"chr3","39922078","39922243","JH378127","18614282","18614439","33","21307796","GGCTGGGCACGGTGGTTCACGCCTGTAATCCCAGCACTTTGGGAGGCTGAGGAGGGAGAAAGGAGGAGGATCACAAGGTCAGGAGTTTGAGACTAGCCTGGCCAACATGGTGAGACCCTATCTCTACTAAAAATACAAAAATTATCCAGGCATAGTGGTGGGTGCC","GGCCGGGTGCGGTGGCTTATGCCTGTAATCCCAGCACTTTGGGAGGCTGAGGTGGGTGGATCATGAGGTCAGGAGTTCGAGAATAGCCTGGCCAACATGGCGAAACCCTGTCTCTACTAAAAATACAAAAATTAGTCAGGCGTGGTGGCAGGTGCCTG"
"chr3","43036374","43036654","JH378140","16943059","16943341","54","26093315","TCCTAGCACTTTGGGAGTCTGAGATGGGCCGATCATGAGGTCAGGAGTTTGAGACCAGACTGGCCAACATGGTGAAACCATGTCTCTACTAAAAAATACGAAAATTAGCGGGGTGTGGTGGCGGACACCTGTGTCCCAGCTACTCAGGAGACTGAGGCAGGAGAATCGCTTAAAACCAGAAGGCAGAGGTTTCAGTGAACCAACATTGCACCACTGCACTCCAGCCTGGATGAAAAAGCGAAAATCCATCTCAAACAAACAAAAAACAAACAAAAACAAAA","AATCCCAGCACTTTGGGAGGCTGAGGCAGGCAGATTATGAGGAGAGGAGTTTGAGATCAGCCTGGCCAACATGGTGAAATCCTGTCTCTACTAAAAATAAAAAAATTAGTCAGGCATGGTGGTGGGCATTTGTAATCCCAGTACTCAGGAGGCTGAGGCAGGAGAATCGCTTGAAACTGGAAGGCGGAGGTTGCAATGAGCCAAGATTGTGCCATTGCACTCAAGTCTGGGCAAAAGAGTGAAACTCCATCTCAAAAAAAAACAAAAAACAAACAAAAAAAAA"
"chr3","48687212","48687470","JH378139","15168175","15168450","63","33519037","GGCAGGGTGTGGTGTCTCACACGTGTAATGCCAGCACTTTTGGAGTCCAAGGTGGGAAGATCACGAGGCCAGGAGTTTGAGATCCCGTCTCTACTAAAAATACAACAATCATCTGGGCTTGGTGGTGGGCGCCTGTAATCTCAGGTACTCGGCAGGCTGACGCAGGAGCATCACTTGAAACTGGAAGGCAGAGGTTGCAGTAAGCCAAGATCGCACCACTGCATTCCAGCCTGGGTAACAAGAGCAAAATTCCGTCTCA","GCAGGGCACAGTGGCTCATATCTGTAATCCCAGCACTTTGGGAGGCCAAGGTGAGCAGATCACAAAGTCCAGCCTGGCCAACATGTTGAAACCCTGTCTCTACTAAAAATACAAAAAATTAGCCAGGTGTGGTGGTGGGTGCTTTTAATCCCATCTACTTGGGAGGCTGAGGAAGGAGAATCACTTGAAACTGAAAGGCGGAGGTTGCAGTGAGCCAAGATCGCACCACTGCACTCCAGCCTGGGCAACAAGAGCAAAACTCTGTCTCAAAAAGAA"
"chr3","49827691","49827967","JH378106","28970354","28970606","84","20857337","GTGGCTCACACCTGTAACCCCAGCACTTAGGGAGGCCAATGTAGGTGGATCACGAGGTCAGGAGTTCGAGACCAGCCTGGCCAACATGGGGAAGCCACGTCTCTACTAAAAATACAAAAATTAGCCAGACTTGGTAGTTCTACTAAAAATACAAAATTAGCGTGGTGGCAGGAGCCTATAATCCCAGCTACTCAGGAGGCTGAGGCAGGAGAATCGCTTGAACCTGGAAGGTGTTCTGCAACAGTGAGCCGAGATTGTGACATTGCACTCCAGCCTG","GGCCAGAGGTGGTGGCTCATGCCTGTAATCCTAGCACTTTGGGAGGCTGAGGCAGGTGAATCACGAGGTCAGGAGTTTAAGACCAGCCTGGCTAACATGATGAAACCCCGTCTCTACTAAAAATACAAAAATTAGCTGTGCATAGTGGTGGGAACCTGTAATTGCAGCTACTTGGGAAGCTGAGGAAGGAGAATCACTTGAAACTGGAAGGCAGAGGTTGCAGTGAGCCAAGATAGTGCCATTGCACTCCAGC"
"chr3","54716472","54716762","JH378190","1369448","1369736","41","53347024","GGGCACAGTGGCTCATGCCTGTAATCTCAGTACCTTGGGAGGCTGAGGTGGGCAGATCACCAGGTCAGGAGTACAAGATCAGCCTGGCCAACATGGTGGAACCCCGTCTCTACTAAAAATACAGACGTTAGCTGGGCATGGTGGCAGGTGCCTTTAATCCCAGCTACTTGGGAGGCTGAGGCAGGAGAATCACTTGAAACTGAAAGGCAGAGGTTGCAGTGAGCCGAGATCATGCCACTGTACTCCAGCCTGGGTGAAAAAGCAAAACTCCATCTCAAAAAAAAAGAGAAA","GGCATAGTGGCTCACGCCTGTAATCCCAGCACTTTGGGAGGCTGAGGTGGGTGGATCATGATGTCAGGAGTTCGAGATCAGCCTGACCAACATGGTGAAACCCTGTCTGTACTAAAAATACAAAAATTAGCTGGGCATGGTGGCAGGCACCTATAATCCAAGCTACTTGAGAGGCTGAGGTAGGAGAATCACTTGAAACCAGAAGGCAGAGTTTGCAGTGAGCTGAGATCACACCACTGCACTCCAGCCTGGGTGAAAGAGTGAAACTGCATCTAAAAAAAAAAAAAAA"
"chr3","57317867","57318022","JH378153","2286322","2286477","42","55031545","AAAATTAGCTGGGAGTGGTGGCAGGCACCTGTAATTTCAGCTACTCAGGAGGCTGAGGCACGGGAGTCTCTTGAAACTGGAAGGCAGAGGTTGCAGTGAGCCGAGATCATGCCACTGCACTCCAGCAAAACTCTGTCTCAAAAAAAAGGAAAAAAA","AAAATGCAAAAATTAGCTTGGCATGGTGGCAGGCACCTGTAATTTCAGCTACTTGGGAGGCTGAGGCAGGAGGATCACTTGAAACTGGAAGGCAGAGGTTGCAGTGAGATTAGATGGCACCACTGCACTCCAGCCTGGGCAAGAGAGCGAAACTTC"
"chr3","60910966","60911265","JH378109","11216706","11217003","39","49694260","GCCGGGCATGGTGGCTCATGCCTGTAATCCCAGCACTTTGGGAGGCCAAGGCGGGTGGATCACGAGGTCAGGAGCTCGAGACCAGCCTGGCCAACATGGTGAAACCCTGTCTCCACTAAAAATACAAAAATTAGCTGGGTGTTGTGCTGCATGCCTGTAATCCCAGCTGCTCAGGAGGCTGAGGCAGGAGAACTGCTTGAACCGGGACCTGGGAGGCAGAGGTTGTGGTGAGCCAAGATCACGCCATTGCACTCCAGCCTAGGCAACAAGAGTGAAACTCTGTCTCAAAAAAACAAAAAA","GGCCGGGCGTGGTGGCTCAAGCCTGTAATCCCAGCACTTTGGGAGGCCGAGGCGGGTGGATCACGAGGTCAAAAGATCGAGACCATCCTGGTCAACATGGTGAAACCCCGTCTCTACTAAAAATACAAAAAAACTAGCTGGGCGTGGTGGTGCATGCCTGTAATCCCAGCTACTTAGGAGGCTGAGGCAGGAGAATTGCCTGAGACCAGGAGGCGGAGGTTGCGGTGAGCTGAGATCGCGCCATTGCACTCCAGCCTGGGTAACAAGAGCGAAACTCCGTCTCAAAAAAAAAAAAAAA"
"chr3","62381221","62381526","JH378107","46009365","46009670","47","16371856","GGCCAGGCAAGGCGGCCTACGCCTGTAATCCCAGCGCTTTGGGAAGCCGAGGCAGGCGGATCACGAAGTTAGGGGTTCGAGACCACCCTGGCCAACATGGTGAAACCCCGTATCTATTAAAAATACAGAAATTAGCTGGGCCTGGTGGCTGGTGCCTGTAATCCCAGCTACTGGGAAAGCTGAGGCAGGAGAATCGCTTGAAACCAGAAGGCGGAGGTTGCAGTGGGCCGAGATCACACCATTGCACTTCAGCCTGGGCAAAACAGCGAAACTCCGTCAAAAAATGAAAAATAAAAAATAACAAAA","GGCCGGGCGTGGTGGCTCACGCCTGTAATCCCAGCACTTTGGGAGGCCAAGGCAGGTGGATCACGAGGTCAAGAGGTCGAGACCATCCTGGTCAACATGGTGAAACCCCGTCTCTGCTAAAAATACAAAAATTAGCTGGGCATGGTGGCACGTGCCTGTAATCCCAGCTACTCAGGAGGCTGAGGCAGGAGAATTGCCTGAAACCAGGAGGCGGAGGTTGCGGTGAGCCGAGATTGCGCCATTGCACTCCAGCCTGGGTAACAAGAGCGAAACTCCGTCTCAAAAAAAAAAAAAAAAAAAAAAAAA"
"chr3","63274706","63274997","JH378119","25833099","25833391","37","37441607","GGCCAGGCGCAGTGGCTCATGCCTGTAATCCCAGCACTTGGGGAGGCCGAGGTGGGCAGATCACGAGGTCAGGAATTTGAGACCAGCCTGGCCAACATGGTGAAATCCTGTCTCTACTAAAAATACAACAAATAGATGGGCGTGGTGGCGGACACCTGTAATCCCAGCTACTCGGGAGGCTGAGGCAGGAGAATCTCTTGAAACTGCAAGGCGAGGTTGCAGTGAGCCGAGATTGTGCCATTGCACCCCAGCCTGGGCAACAAGAGTGAAACTCTGTCTCAAAAAAAAAAAA","GGCCAGGTGCAGTGGCTCAAGCCTATAATCCCAGCACTTTGGGAGGTCGAGGTAGGTAGATCATGTGGTCAGGAATTTGAGACCAGCCTGGCCAACATAGTGAAACCCTGTCTCTACTAAAAATACAACAATTATCCAGGTGTGGTGGCAAGCGCCTGTAATCCCAGCTACTCAGGAGGCTGAGGCAGGAGAATCGCTTGTAATGGGAAGGCAGAGGTTGCAGCGAGCCAAGATTGGACCACTGCACTCCAGCCTGGGCAACAAGAGTGAAACTCTGTCTCAAAGTAAACAAA"
"chr3","63429589","63429897","JH378107","46009365","46009670","49","17420224","GCCAGGCATGGTGGCTCATGCGCATAATCCCAGCACTTTGGGAGGCCGAGGAGGGTTGGTCACGAGGTCAGGAGTTCGCGACCAGCCTGGCCAACATGGTGAAACCTTGTCTCTACTAAAAATACAAAAATTAGGCGGGCGTGGTGACAGGCGCCTGTAATCCCAGCTACTCAGGAGGCTGAGGCAGGAGCATCGCTTCAGACCAGAAGGCAAAGGTTGTAGTGAGCTGAGGTTGCACCACTGCACTTCAGCCTGGGCAACAAGAGAGAAACTCCATCTCAAAAAAAAGAAAAAAAATTAAAGAAGAAA","GGCCGGGCGTGGTGGCTCACGCCTGTAATCCCAGCACTTTGGGAGGCCAAGGCAGGTGGATCACGAGGTCAAGAGGTCGAGACCATCCTGGTCAACATGGTGAAACCCCGTCTCTGCTAAAAATACAAAAATTAGCTGGGCATGGTGGCACGTGCCTGTAATCCCAGCTACTCAGGAGGCTGAGGCAGGAGAATTGCCTGAAACCAGGAGGCGGAGGTTGCGGTGAGCCGAGATTGCGCCATTGCACTCCAGCCTGGGTAACAAGAGCGAAACTCCGTCTCAAAAAAAAAAAAAAAAAAAAAAAAA"
"chr3","64448518","64448824","JH378107","46009365","46009670","42","18439153","GGCCAGGCACAGTGGCTCACGCTTGTAATCCCAGTACTTTGGGAGGCCAAGGCAGGTGGATCACGAGGTCAGGAGATCGCCAGCCTGGCTAACATGGTGAAACCCTGTCTCTACTAAGAGTACAAAAATTAGCTAGGCATGGTGGTGCGTGCCTGTAATCCCAGCTACTCGGGAAGCTGAGGCAGGAGAATCGCTTCAAACAGGAAGGCGGAGCTTGCAGGGAGCCAAGATTGTGCCACTGCACTCCAGCCTGGGCAATAAGAGCGAAACTCCATCTCAAAAAACAAAACAAAACAAAACGAAAAAA","GGCCGGGCGTGGTGGCTCACGCCTGTAATCCCAGCACTTTGGGAGGCCAAGGCAGGTGGATCACGAGGTCAAGAGGTCGAGACCATCCTGGTCAACATGGTGAAACCCCGTCTCTGCTAAAAATACAAAAATTAGCTGGGCATGGTGGCACGTGCCTGTAATCCCAGCTACTCAGGAGGCTGAGGCAGGAGAATTGCCTGAAACCAGGAGGCGGAGGTTGCGGTGAGCCGAGATTGCGCCATTGCACTCCAGCCTGGGTAACAAGAGCGAAACTCCGTCTCAAAAAAAAAAAAAAAAAAAAAAAAA"
"chr3","65142072","65142404","JH378148","12566856","12567148","104","52575216","GGCCAGGTGGGGTGGCTCATGCCTGTAATCCCAGCACTTGCTTGAGGTCAGGATTTTGGGGCCAGCCTTGGCCAACAGGGTGAAACCCCGTTTCTCCAAAAAAAAAAAAAAATTATATATATATATATATATAATTCTGTGTGTGTGTATATATATAATTCTGTATATATATATATAGTGGGGCGTGGTGGTGGGCGCCTGTAATCCCAGCTACTTGGGAAGCTGAGGCAGGAGAATCACTTGAAACTCAAAGGCAGAGGTTGCAGTGAGGCAAGATCAGGCCACTGCTCTCCAACCTGGGCGAAAGAGCGAAACTCTGTCTCAAAAAAAGAA","GGCCAGGTGCTGTGGCTCACGCCTGTAATCCCAGCACTTTCGGAGGCCAAGGCGGGTGGATCATGAGGCCAGGAGTTCGAGACCAGCCTGGCCAATATGGTGAAACCCTGTCTCTACTAAAAATACAAAAATTAGTTTGGCGTGGTGGTGGGTGCCTGTAATCCCAGCTACTCGGGAGGCTAAGGCAAGAGAATCGTGTGAAACTGGAAGGTGGAGATTGCAGTGAGCCGAGATCACGCCACTGCACTCCAACCTGGGCAAAAGAGCGAAACTCTGTTTCAAAAAAAAAAAAA"
"chr3","66009747","66010050","JH378107","46009365","46009670","43","20000382","GGCCGGGTGAGGTGGCTCACGCCTATAATCTCAGCACTTTAGGACGCCAAGGCAGGCAGATCACGAGGTCAGGAGTTTGAGACCAGCCTGGTCAACATGGCGAAACCCTGTCTCTACTAAAAACATGAAAATTAGCTGGGCATGGTGGCGGGCACCTGTAATCCCAGCTACTCGGGAGGCTGAGGCAGGAGAATCACTTGAAACTGGAAGGCAAAGGTTGTGATGAGCTGAGATTGCACCATTCCACTCCAGTTTGGGCAAAAGAGTGAAACTCTGTCTCAAAAAAAAAAAAAAAAAAAAAAAA","GGCCGGGCGTGGTGGCTCACGCCTGTAATCCCAGCACTTTGGGAGGCCAAGGCAGGTGGATCACGAGGTCAAGAGGTCGAGACCATCCTGGTCAACATGGTGAAACCCCGTCTCTGCTAAAAATACAAAAATTAGCTGGGCATGGTGGCACGTGCCTGTAATCCCAGCTACTCAGGAGGCTGAGGCAGGAGAATTGCCTGAAACCAGGAGGCGGAGGTTGCGGTGAGCCGAGATTGCGCCATTGCACTCCAGCCTGGGTAACAAGAGCGAAACTCCGTCTCAAAAAAAAAAAAAAAAAAAAAAAAA"
"chr3","69196596","69196903","JH378137","1949849","1950158","47","67246747","GGTCAGGCGCAGTGGCTCATACCTGTAATCTCAGCACTTGGGGAGGCCAAGGCAGGTGGAGTTTGAGGTGAGGAGTTTGAGACCAGCCCGGCCAACATGGTGAAACCCTGTCTATACTAAAAATACAACATTAGCTGTGTATGGTGGCAGGCGCCTGTAATCCCAGCTGCTTAGGAGGCTGAGGCAGGAGAATCACTTGAAATTGGAAGGTGGAGGTTGCAGTGAGTGGAGATGGCACCACTGCACTCCAGCCTGGGTGGAATAGTGAAACTGCATCCCAAAAAAAAGAAAAAAAAAAAAGAAAAAAA","GGTTGGGCACGGTGGCTCACGCCTGTAATCCCAGCACTTTGGGAAGCCAAGGTGGGCGGATCATGAGGTTAGGAGTTCGAGACCAGCCTGGCCAACATGGTGAAACCTCGTCTCTACTAAAAATACAAAAATTAGCTGGGCATAGTAGCGGGTGCCTGTAATCCCAGCTACTTGGGAGGCTGAGGCAGGAGAATCACTTGAAAATGGAAGGTGGAGGTTGCAGTGAGCTGGAATCACGCCACTGCACTCCAGCCTGGAAGAAAGAGTGAAACTTCATCTCAAAAAAAAAAAAAAAAAGGAAAGAAAGAAA"
"chr3","70975566","70975863","JH378127","10024758","10025055","35","60950808","GGCCGGGCGTGGTGGTTCACACCTGTTATCACAGGACACTGGGAGGCTGAGGCAGGTGGATCACGAGGTCAGGAGTTCGAGACCAGCCTGGCCAACATGGTGAAACCTCGTCTCTACTAAAAATGCAAAAATTAGCTGGGCATGCTGGCAGGTGCCTGTAATCCCAGCTACTAAGGAGGCTGAGGCAGGAGAATTGCTTGAAACCAGAAGGCGGAGGTTGCAGTGAGCCAAAATCGTGCCACTGCACTCCAGCCTGGGCAACAAGAGTGAAACTCCATCTCGGAAAAAAAAAAAAAAA","GGCCGGGCGCGGTGGCTCAAGCCTGTAATCCCAGCACTTTGGGAGGCCGAGGCGGGTGGATCACGAGGTCAAGAGATCGAGACCATCCTGGTCAACATGGTGAAACCCCGTCTCTACTAAAAATACAAAAAATTAGCTGGGCATGGTGGCGTGTGCCTGTAATCCCAGCTACTCAGGAGGCTGAGGCAGGAGAATTGCCTGAGACCAGGAGGCGGAGGTTGCAGTGAGCCGAGATCGCGCCATTGCACTCCAGCCTGGATAACAAGAGCGAAACTCCGTCTCAAAAAAAAAAAAAAAA"
"chr3","71127705","71128002","JH378108","50208845","50209139","46","20918860","GTCAGGCGAGGTGACTTACACCTGTAATCCCAACACTTTGGGAGGCTGAGGTGGGCAGATCACGAGATCAGGAGTTTTAGACCAGCCTGGCCAACGTGGTGAAACCCCATCTCTACTAAAAATACAAAAATTAGCCAGGCATGGTGGCAGGTGCCTGTAATCCCAGCTGTTCAGGAGGCTGAAGCAGGAGAATCACTTGAAACCAGAGGGTAGAGGTTGCAGTGAGCTGAGATCGCACCACTGCACTCCAGTCTGGGCAAAAGAGTGAAACTGAGGCTCAAAAAACAAAAAACAGAAA","GGCCAGGTATAGTGGCTTACGCCTGTAACCCCAGCACTTTGGGAGGCCAAGGTGGGCAGATCATGAGGCCAGGAGTTCAAGACCAGCCTGGTCAACATGATGAAACCCCATCTCTACTAAAAATACAAAAATTAGCCAGGCATGGTGGCAGGTGCCTGTAATCCCAGCTACTTGGAAGGCTGAGGCAGGAGAATCACTTGAAATCGGAAGGTGGAGGTTGCAGTGAGCCAAGGTCGCACCACTGTACTCCAGCCTGGACGACACAGTGAAACTCTGTCTCAAAAAAAAAAAAAAA"
"chr3","72859314","72859648","JH378110","20343307","20343641","69","52516007","GGCCAGGCGCAGGGGCTTACGCCTGTAATTCCTCGGCTTTGGGAAGCCGAGGTAGGTGGATCACGAGGTCAGGAGTTTGAGACCAGCCTGGCCAACATGGTGAAACCCCGTCACTACTAAAAATACAAACATTAGTTGGGCGTGGTGGCGGGAGCCTGTAATCCCAGGTACTCAGGAGGTTGAGGGAGGACAATCGTTTGAACCCAAAAGGCGGAGGTTGCAGTAAGCTGAGACAGCACCATTGCACTCCTGCTTGGGCAAAAAGAGTGAAACTCCATCTCAAAAAAAAAAAAAAAAAAAAAAAAAAAAAAAAAAAAAAAAAAAAAAAAAAAAAA","CTGGGTGCAGTGGCTCATGTCTGTAATCCCAGCACTTTGGGAGGCTGAGGCAGGTGGATCATGAGGTCAGGAGTTCGAGACCAGCCTGATCCAACATGATGAAACCCCATCTCTACTGAAATACAAAAATTAGCCAGGCATGGTGGCAGGCTTTTGTAATCCCAACTACTCTGAAGGCTGAGGGAGGAGAATCACTTGAAACTGGAAGGCAGAGGTTGCAGTGAGCTGAGATTGCACCCACTGCACTCCAGCCTAGGCAACAAGAGTGAAACTCTGTCTCAAAAAAAACAAAAACAAAAACAAAAACAAAAAACAAACAAACAAACAAAAAAACA"
"chr3","73887318","73887589","JH378153","2037238","2037513","54","71850080","GGCCGGGCACAGTGGCTCACACCTGTAATCCCAGCACTTTGGGAGGCTGAGGAGGGCGGATCACAAGGTCAGGAGTTTGAGACCAGCCTGGTCAACATGGCGAAACCCTGTCTCTACTAAAAGTACAAAAATTAGCCAGGCGTGGTGGCAGGCATCTGTAATCCCAGCTACCTGGGAGGCTGAGGCAGGAGAATCACTTGAAACCAGAAGCCTAGATCACACCACTGCACTCCGGCTTGGGTGAAAAAGAAAAAAAGAAAAAAAGAAAAAAA","GGCCAGGCATGGTGGTTCACGCTTGTAATCCCAGCACTTTGGGAGGCCAAGGCGGGTGGATCACAAGGTCAGGAGCTTGACACCAGCCTGGCCAACATGGTGAAACCCTGTCTCTACAAAAAAACAAAAATTAACTGGGCGTGGTGGTGGGCACCTATAATCCCAGCTACTCAGGAGGCTGAGGCAGAATTGCTTGAAACCAGAAGACAGAGTCGAGATCACACCACTGCACTCCAGCCTGAATGAAAGAGTGAAACTGTCTCAAAAAGAGAGAAA"
"chr3","74090174","74090452","JH378151","1290971","1291257","44","72799203","GGCCAGGCGTGGTGGCTCATGCCTGTAATCCCAGCACTTTGGGAGGCTAAGGTGGGTGGATCACGAGGTCAGGAGTTTGAGACCAGCCTGGCCAACATGGTGAAACCCCGTCTCTACTAAAAATACAAAAATTTGCTGGGCCTGGTGGCAGGCACCTGTAATCTCAGCTACTCAGGAGGCTGAGACAGGAGAATCGTTTGAACCCGGAAGGTGGAAGTTGTAGTGAGCCAAGATCACACCACTGCGCTCCAGCCTGGGCAGCTTCGTCTCAAAAAAAAA","GGCCAGGTCCAGTGGCTCATGCCTATAATCCCAGCACTTTGGGAGGCTGAGGCAGGAGGATCACTAGGTCAAGAGATCGAGACCAGCGTGGCCAACATGGTGAAACCTTGTCTCTACTAAAAATACAAAAATTAGCTGGGCATGGTGGCAGGCACTGTAATCCCAGCTACTCAGGAGGCTGAGGCAGGAGAATCTCTTGAATCTGGAAGGCAGAGGTTACAGTGAGCCGAGATCACACCACTGCACTCCAGCCTGGGCAAAAGAGTGAGACTCTGTCTCAAAAAAAA"
"chr3","74881583","74881888","JH378151","1290971","1291257","61","73590612","GGCTGGGCACAGTGGCTCACGGCTGTAATTCCAGCACTTTGGGAGGCCGAGGCAGGCAGATCACAAGGTCAGGAGTTCGATACCAGCCTGGCCAATACAGTGAAACCTTGTCTCTGCAAAAAAACACAAAAATTAGCCGGGCACGGTGGCTGTAATCCTAGTGGCTGGGATTACACCTGTAATCCCAGCTACTAGGGGGCTGAGGCAGAAGAATCACTTGAAACGGGAAGGCAGAGGTTGCAGTGAGCCGAGATCAGGCCACTGCACTCCAACCTGGGCGAAAGAGAGAAACTCTGTCTCAAAAAA","GGCCAGGTCCAGTGGCTCATGCCTATAATCCCAGCACTTTGGGAGGCTGAGGCAGGAGGATCACTAGGTCAAGAGATCGAGACCAGCGTGGCCAACATGGTGAAACCTTGTCTCTACTAAAAATACAAAAATTAGCTGGGCATGGTGGCAGGCACTGTAATCCCAGCTACTCAGGAGGCTGAGGCAGGAGAATCTCTTGAATCTGGAAGGCAGAGGTTACAGTGAGCCGAGATCACACCACTGCACTCCAGCCTGGGCAAAAGAGTGAGACTCTGTCTCAAAAAAAA"
"chr3","77217152","77217448","JH378134","20911825","20912116","43","56305327","GGCTGGGAGCAGTGGCTCACGCCTGTAATCCCAGCACTCTGGGAGGTCGAAGCGGGCGGATCATGAGGTTAGGAGTTTTGAGACCAGCCTGACCAACATGGTGAAACCCCATCTCCACTAAAAATACAAAAATTAGCCAGGCGTGGTGGCGGGCACCTGTAATCCCAGCTCCTCAGGAGGCTGAGGCAGGAGAATCGCTTGAAGCCAGGGAGGCAGAAGCTGCAGTGAGCCGAGATCGCAACCACTGCACTCCAGCCTGGGCAAGAGAGACTGGAACTCAAAAAAAAAAAAAAAAAA","GGCTGGGTACAGAGGCTGACGCCTGTAATCCCAGCACTTTGGGAGGCTGAGGCAGGTGGATCAAGGGGTCAGGAGTTTGAGACCAGCCTGGCCAACATGGTGAAACCCCTTCTCTACTAAAAATACGAAAATTAGCTGGGCGTGGTGGCAGACACCTGTAATCCCAGCTACTCAGGAGGCTGAGGCAGGAGAACTGCTTGAAGCCAGAAGGTAGAGGTTGCAGTGAGCCGAGATCGTGCCATTGCACTTTAGCCTGGGCAACAAGAGCGAAACTCTAAAAAAAAAAAAAAAA"
"chr3","78955370","78955670","JH378120","4029777","4030079","46","74925593","GCCAGGTACGGTGGCTCATGCTTGTAATCCCAACACTTTGGGAGGCTGAGTCGGGCAGATCACAAGGTCAGGAGATCCAGTTCAAGCCTGGCCAACATGATGAAACCCTGTCTCTACTAAAAATACAAAAATTAGCCGGGTATGGTGACACGCGCCTGTAATCCCAACTACTCGGGAGGCTATGGCAGGAGAATCGCTTGAAACAGGAAGGTGGAGTTGCAGTAAGCCAAGATCGTGCCAGTGCACTCCAGCCTGGGCAAAAGAGCAAAACTTCATCTCAAAAAAAAAAAAAAAAAAAAAA","GGCCAGGAGCGGTGGCTCATGCCTGTAATCCCAGCACTTTGGGAGGATGAGGAGGGCAGATCACGAGGTCAGGAGATCAAGACCAGCCTGGCCAACATGGTGAAACCCCATCTCTACTAAAAACACAAAAATTATCCAGGTGTGGTGACAGGCGCCTATAATCCCAGCTACTCGGGAGGCTGAGGCCAGAGAATCACTTGAAACTGGAAGGCAGAGTTGCAGTGAGCCGAGATCACACCATTGCACTCCAGACTGGGTGAAAGAGCGAAACTCTGTATCCAAAAAAAAGAAAAAAAAAAAAAA"
"chr3","81271102","81271400","JH378249","3737189","3737485","53","77533913","GCTGGGGACTGTTGCTCATGCCTCCAATCCCAGCACTCTGGGAGGGCAAGGCAGGCGGATCACGACAGGAGTTCAAGACCAGCCTGGCCAACATAGTGAAACTCTGTCTTTCCTAAAAATACAAAAAGTAGCCTGGCATGGTGGCAGGCACCTGTAATCCCAGCTACTCGAGAGGTTAAGGCAGGAGAATCTCTTGAAACTGGAAGGCAGAGGATGCAGCGAGCCGACATCACACCACTACATTCCAGCCTGGGCGAAAGGGTGAAACTCCATCTTGGAAAAACAAAAAAAACAAAAAA","GGCCAGGCACGGTGGCTCACGCCTGTAATCCTAGCACTTGGGGGACTGAGGCAGGCAGATCACGAGTTCAGGAGTTCAAGACCAGCCTGGCCAATATGGTGACACCCTGTCTTTACTAAAAATACAAAAATTAGCTGGGCATGGTGGCAGGCACCTGTAGTCCCAGCTACTCAGGAGGCTGAAGCAGAAGAATCACTTGAAACTGAAAGGCAGAGGTTGCAGTGAGCCGAGATCACACCACTGTACTCCAGCCTGGGCAAAAGAATGAAACTCCGTCTCAAAAAAAAAAAAAAAAGA"
"chr3","83655509","83655808","JH378169","11824133","11824434","47","71831376","GGCTGGGCACGATGGCTCACGCCTGTAATCCCAGCACTTTGGGAGGCCAAGGCAGGCGGATCATGAGGTCGGGAGTTCAAGACCAGCCTGGCCAACATGGTGAAACCCTGTCTCTAATAAAAATACAAAAATTAACCAGATGTGGGGGTGGGCGCCTGTAGTCCCAGCTACACGGGAGGCTAAGACAAGAGAATCGCTTGAAACTGGAAGGTGCAGGTTGCAGTGAGTTGAGATAGCACAATTGCACTCTAGCTTGGGTGGAAGAGTGAAACTCCATCTCAAAAAAAAAAAAAAAAAAAA","GGCTGGGCACAGTGGCTCAAGCCTGTAATCCCAGCACTTTGGGAGGCCGAGGCTGGCAGATCATGATGTCAGGAGTTCAAGGCCAGCCTGATCAACATGGTGAAACCCTGTCTCTACTAAAAATACAAAAATTAGCCAGGCATGGTGGCAGGTGCCTGTAATCCCAGCTACTCCAGAGGCTGAGGCAGGAGAATTGCTTGAAACCAGAAGGCGAAGGTTGCAGTGAGCTGAGATTGCACCACTGCACTCCAACCTGGGCAAAAGAGCAAAACTCCATCTCAAAAAAAAAAAGAAAAGTAAAA"
"chr3","87710109","87710398","JH378342","271500","271786","45","87438609","GGGTCAGGTCTGTAATCCCAGCACTTTGGGAGGCTGAGGTGGGTGGATCACGAGGTCAGCAGTTCGAGACCAGCCTGACCAACATGGTGAAACCCCGTCTCTACTAAAAATATTAAAAAATTAGCTGGGTGTGGTGGTGGGCGCCTGTAATCCCAGTGACTTGGGAGGCTGAGGCAGGAGAATCGCTTGAAACCGGAAGGTGGAGGTTGCAATGAGCCGAGATTGTGCCATTGCACTCTAGCCTGGGCAATAATAGCAAAAACTCCATCTCAAAACAAAACAAAACAAAA","TGGCTCATGCCTGTAATCCCAGCACGTTGGAAGGCCGAGGTGGGTGGATCACAAGATCAGGACTTTGAGACCCGCCTGGCCAACATGGTGAAACCCCATCTCTACTAAAAATACAAAACTTAGCCGGTTGTGGTGGAGGGTGCCTGTAATCCCAGCTACACAGGAGGCTGTGGCAGGAGAATCGCTTGAAATCGGAAGGCGGAGGTTGCAGTGAGCCGAGATTGCGGCACTGCACTCCAGCCTGGGCAACAGAGCCAAACTCCATCTCAAAACAAACAAACAAACAA"
"chr3","88804055","88804321","JH378133","19659852","19660116","39","69144203","TTGAGAGGCCGAGGTGGGTGGATCACGAGGTCAGGAGTTCGAGACCAGCCTGGCCAACATGGTGAAACCCCGTCTCTACTAAAAATACAAAAATTAGCCGGGCATGGTGGCTCATGCCTGTAATCCCGCCTACTCGAGAGGCTAAGGCAGGAGAATCACTTGAAACCGGAAGGCGGAGGTTGCAGTAAGCCGAGATCGCGCACTGCTCTCCAGCCTGGGCAACAAGAGCAAAACTCCGTGTCAAAAAAAAAAAAAAAAAAAAAAAAA","TTGGGAGGCCGAGGCGGGAAGATCACGAGGTCAGGAGTTCCAGACCAGCCTGGTCAACATGGTGAAACTCGGTCTCTACTAAAAATACAAAAATTAGCTAGGCATGGTGGCAGGTGCCTGTAACCCCAGCCACTCGGGAGGCTGAGGCAGGAGAATCGCTGAGGCAGAAGGAGGAGGTTGCAGTGAGTCGAGATCCCGCCACTACACTGCAGCCTGGGCAACAAGAGGGAAACTCCATCTCAAAAAAGGAAAAAAAAAAAAAAAA"
"chr3","89067764","89068056","JH378245","3312448","3312742","44","85755316","GGCCGGGTGCTGTGGCTCATGCCTGTAATCCCAGCACTTTGGGAGGCTGAGGTGGGTGGATCACGAGGTCAGGAGTTCGAGACCAGCCTGGTCAATGTGGTGAAACACCGTCTCTACTAAAAATACAAAAATTAGTTGGGTGTGGTGGTGTGCGCCTATAATCCTAGCTACTCGGGAGGCCGAGGCAGGAGAATCACTTGAAACCAGAAGGCAGAGAGGTTGCAGTGAGCCAAGATCATGCCATGGTACTCTAGCTTGTGTGAAAGAGCAAAACTCTGTCTCAAAAAAAAGAA","GGCCAGTCGTGGTGGCTCTCGCCTGTAATCCCAGCACTTCGGGAGGCTGAGGCAGGCAGATCATGAGGTCAGGAGTTTGAGACCAGCCTGGCCAATATGGTGAAACCCCGTCTCTACTAAAAATACAAAAATTAGCTGGACATGGTGGTGGGCGCCTGTAATCCCAGCTACTTGGGAGGCTGAGGCAGGACAATCGCTTGAAACCTGAAGGCGGAGGTTGCAGTGAGCCAAGATCATGCCACTGCACTCCAGCCTGGGCGAAAGAGTAAAACTCCGTCTCAAAAAAAAAAAGAAA"
"chr3","90670845","90671038","JH378184","7337357","7337550","38","83333488","GCCAGGTGTGGTGGCTAACACCTGTAGTCCCAGCACTTTGAAGGCTGAGGCAGGCGGATCACAAGGTCAGCAGTTCGAGCCCAGCCTGGTCAACATGGTGAAACCCCGTCTCTACTGAAAATGCAAAAATTAGCCAGGTGTGGTGGCTAACACCTGTAGTCCCAGCACTTTGAAGGCTGAGGCAGGCGGATCAC","GCCAGATGCAGTGGCTTACTCCTGTAATCCCAGCACTTTGTGAGGCTGAGGTGGGCGGATCATGAGGTCAGGAGTTCGAGACCAGCCTAGCCAACATGGTAAAACCCCATCTCTACTAAAAATACAAAAATTAGCTGGGCGTGGTGGTGGGCGCCTATAATCCCAGCTACTCGGGAGGCTGAGGCAGGAGAATC"
"chr4","3878507","3878666","JH378107","1664482","1664637","30","2214025","GCACCTGTAATCCCAGCTACTTGGGAGACGGAGGCAGGAGAAACGCTTGAGATCAGGAGGTGGAGGTTGCAGTGAACCAAGATGGCACCACTGCACTCCAGCCTGGGCGACAAGAGCGAAACTCCATCTCAGAAAAACAAAACGAAACAAAACAAAAAAA","CCCATAATCCCAGCTACTTGGGAAACTAAGGCAGGAGAATTGCTTGAATCCGGAAGGCAGAGGTTGCAGTGAGCCAAGATCATGCCACTGCACTCCAGCCTGGGTAACAAGGGCAAAACTCAGTCTCAAAAAAACAAACAAACAAAAAAAAAAAAA"
"chr4","4751669","4751982","JH378107","46009365","46009670","53","41257696","GGCCGGACATAGTGGCTCACGCCTGTAATCCCAGCACTTTGGGAGGCCAAGGTGGGAGGATCGTGAGGTCAGGAGGTCAAGACCAGCCTGGCCAACATGGTGAAACCCCATCTCTACTAAAAATACAAAAATTAGCTGGGCCTAGAGGCAGGCACCTGTAATCCCAGCTACTCAGGAACTCAGGAGCCTGAGACAGGAGAATAGTCGTAACTGGGAATGCGGAGGTTGCAGTGAGCTGAGATCACCACTGCACTCCAGCCTGGGCGACAAAGCAAGACTCCATCTCAAAAAAAAAAAAGAAAGAAAGAAAGAAA","GGCCGGGCGTGGTGGCTCACGCCTGTAATCCCAGCACTTTGGGAGGCCAAGGCAGGTGGATCACGAGGTCAAGAGGTCGAGACCATCCTGGTCAACATGGTGAAACCCCGTCTCTGCTAAAAATACAAAAATTAGCTGGGCATGGTGGCACGTGCCTGTAATCCCAGCTACTCAGGAGGCTGAGGCAGGAGAATTGCCTGAAACCAGGAGGCGGAGGTTGCGGTGAGCCGAGATTGCGCCATTGCACTCCAGCCTGGGTAACAAGAGCGAAACTCCGTCTCAAAAAAAAAAAAAAAAAAAAAAAAA"
"chr4","9829632","9829939","JH378181","1956880","1957180","46","7872752","GACCAGGCATGATGGCTCATGCCTGTAATTCCAGCACTTTGGGAGGCTGAGGCAGGCAGATCACAAGGTCAGGAGTTCGAGACCAGCCTGGCCAATATGGTGAAACCCCGTCTCTACTGAAAATACAAAAATTAGCCAGGTGTGGTGGCAGGCGCCTGTAGTCGCAGCTACTTGGGAGGCTAAGGCAAGAGAATCGCTTGAACTCGGATGGTGGAGGTTGCAGTGAGCCGAGATCCTGCCATTTTGCACACTCCAGCCTGGGCAACAAGAGCGAGATTCTGTCTCAAAAAAAAGAAGAAAAAAAAAAA","GGCCAGGCATGATGACTCATGCCTGCAATCCCAACACTTTGGGAGGCTGAGGCAGGTGGATCACGAGGTCAGGAGTTCGAGACCAGCCTGGCCAATATAGTGAAACGCTGTCTCTACTAAAAATACAAAAATTAGCCAGGTGTGGTGGCAATTGCCTGTAATCCCAGCTACTCAGGAGACTGAGGCAGGAGAATCGCTTATAACTGAAAGGCGGATGTTGCAGTGTGCCGAGATCGCACCATTGCACTCCAGCCTGGACAACAAGAGCGAAACTCTGTCTCAAAACAAAAACAAAACAAAA"
"chr4","10261024","10261306","JH378151","5590079","5590358","44","4670945","GGCCAGGCCTGGTGGCTCATGCCTGTAATCCCAGCACTTTGGCAGGCTAAGGCAGGTGGATCACAAGGTCAGGAGTTCGAGACCAGCCTAGCCAACATGGTGAAACCCCATCTCTACTAAAAATACAAAAAAAATTAGCTGGACGTGATGGCGGGTGCCTGTAATCCCAAATACTCAGAGGCTAAGGCAGCAGAATCGCTTGAAACTGGAAGGCAGAGGTTGCAGTGAGCTGAGATCACACCACTGCACTCCAGCATGGGCAACAAGAGTGAAACTCCATCTC","GGCCAGGCGCAGTGGCTCATGCCTGTAATCCCAGCACTTTGGGGGGCCAAGTTGGGCAGATCACAAGGTCAGGAGTTCGAGACCAGCCTGGCTAACATGGTGAAATCCCATCTCTACTAAAAATACAAACATTAGCCAGGTATGGTGGCGGGCACTTGTAATCCCAGCTACTCAGGAGGCTGAGACAGGAGAATCGCTTGAAACCGGAAGGCAGAGGCTGCAGCGAGCTGAGACGGCACCACTGCACTCCAGACTGGGCAAGAGAGTAAAACTCCATCTC"
"chr4","10466997","10467191","JH378131","12987907","12988093","36","2520910","CCAGGTGTGGTGGTGGGTGCCTGTAATCCTAGCACTTTGGGAGGCCAAGGCGGGCGGATCACAAGGTCAGGAGCTCGAGACCATCCTGGCCAACATAGTGAAACCCCATCTCTACTAAAAATACAAAAATTATCCAGGTGTGGTGGTGGGTGCCTGTAATCCTAGCACTTTGGGAGGCCAAGGCGGGCGGATCAC","GCAGTCGCTCACGCCTGTAATCCCAGCACTTTGGGAGGCCAAGGCAGTCGGACCACAAGGTCAAGAGATGGAGACCATCCTGGCCAACATGGTAAAGTCCCATCTCTATAAAAATACAAAAATTGCCAGGCGCGGTGGCTCAAGCCTGTAATCCCAGCACTTTGGGAGGCCGAGGCGGGTGGATCAC"
"chr4","10467405","10467601","JH378131","12987907","12988093","34","2520502","GACTGGGCGTGGTGGCTCAGGCCTGTAATCCCAGCACTTTGGGAGGCCAAGGCGGGCGGATCACAAGGTCAGGAGCTCGAGACCATCCTGGCCAACATAGTGAAACCCCATCTCTACTAAAAATACAAAAATTATCCAGGTGTGGTGTTGGGTGCCTGTAATCCCAGCACTTTGGGAGGCCAAGGCGGGCGGATCAC","GCAGTCGCTCACGCCTGTAATCCCAGCACTTTGGGAGGCCAAGGCAGTCGGACCACAAGGTCAAGAGATGGAGACCATCCTGGCCAACATGGTAAAGTCCCATCTCTATAAAAATACAAAAATTGCCAGGCGCGGTGGCTCAAGCCTGTAATCCCAGCACTTTGGGAGGCCGAGGCGGGTGGATCAC"
"chr4","10527215","10527494","JH378151","5590079","5590358","44","4937136","GACCGAGCGCAGTGGCTCATGCCTGTAATCCCAGCACTTTGGGAAGCCAAGGCGGGCAGATCACAAAGTCAGCAGTTCGAGACCAGCCTGACCAACAGGGTGAAACCCTGTCTCTACTAAAAACACAAAAATTAGCCAGGCGTCATGGCGGGCGCCTGTAATACCAGCTACTCCAGATGTTGAGGCAGGAGAATCACTTGAAACCGGAAGGCAGAAGTTGCAGTGAGCCGAGATCATGCCACTGCACTCCAGCCTGGGCGAAAGAGTGAAACTCCACCTC","GGCCAGGCGCAGTGGCTCATGCCTGTAATCCCAGCACTTTGGGGGGCCAAGTTGGGCAGATCACAAGGTCAGGAGTTCGAGACCAGCCTGGCTAACATGGTGAAATCCCATCTCTACTAAAAATACAAACATTAGCCAGGTATGGTGGCGGGCACTTGTAATCCCAGCTACTCAGGAGGCTGAGACAGGAGAATCGCTTGAAACCGGAAGGCAGAGGCTGCAGCGAGCTGAGACGGCACCACTGCACTCCAGACTGGGCAAGAGAGTAAAACTCCATCTC"
"chr4","12862160","12862453","JH378117","25647280","25647574","44","12785120","GGCTGGGCACGGTGGCTCGCACCTGTGATCCCAGCACTTTGGGAGGCCAAGGTGAGTGGATCATGAGGTCAGGAGTTCGAGACCAGCCTGGCCAACATGGTGAAAACCGATCTCTACTAAAAATGTAAAAATTAGCTGAGAGTGGTGGCAGGTGCCTGTAATCCCAGCTATTTGGGAGGCTGAGGCAGGAGAATCACTTGAAACCGAAAGGTGGAGGTTGCAGTGAGCCGAGAGTATGCCACCACATTCCAGCCTGGGCAAAGAGCAAAACTCTGTCTCAAAAAAACAACAAAA","CCGGGCTCGGTGGCTCACACCTGTAATCCCAGCACTTCCTGGGAGGCCGAGGCAGGTAGATCATGAGGTCAGCAGTTCGAGGCCAGCCTGGCCAACATGGTGAAACCCCGTGTCTACTAAAAATACAAAAATTAGTCTGGCATGGTGGCAGGTGCCTGTAATCCCAGCTACTCGGGAGGCTGAGGCAGGAGAATCGCTTGAAACTGGAAAGCGGAGGTTGCAGTGAGCCGAGATGGTGCCATTGCACTCCAGCCTGGGCAAAAGAGCAAAAACTCTGTCTCAAATAAATAAAAAA"
"chr4","13757389","13757683","JH378148","3009466","3009760","47","10747923","GGCCGGGTGTGGCTTACACCTGTAATCCCAGCACTTTGGGAGGCCAAGGCGGGTGGATCACAACGATAGGAGTTCGAGATCAGCCTGGCCAATGATGAAACCCCGCCTCTACTAAAAATACAAAAACATTAGCCAGGCGTGGTGGCGGGCGCCTGTAATCCCAGCTACTTGGGAGGCTGAGGCAGGAGAATCACTTGAAACGGGAAGGCGGAGGTTGCAGTGAGTGGTGATCGCGCCACAGCACTCTGTGCTGGGCATCAAGAGCGAAACTCCGTCTCAAAAAAATAAAAGGAAA","GGCCAGGTGTGGTGGCTCACGCCTGTAATCCCAGCACTTTGGGAGGCCGAGGCAGGTGGATGATGAGGTCAGGAGTTCGAGACCAGCCTGGCCAAAATGGTGAAACCCTGTCTCTACTAAAAATACAAAAAAATTAGCCAGGCGTGGTGGCATGCGCCTATAATCCCAGCTACTCAGGAGGCTAAGGCAGGAGAATCACTTGAAACCAGAAGGCAGAGGTTGCAGTGAACTGAGATCACGCCACTGCACTCCAGCCTGGGCAACAAGAGCAAAACTCCATCTCAAAAAATAAAAA"
"chr4","13995193","13995474","JH378106","70896573","70896859","47","56901380","GGCCGGGTGCGGTGGCTCACACCTGTAATCCCAGCACTTTGGGAGGCCAAGTTAGGCGGATCACAAGGTCAGGAGTTCCAGACAACCTGGCCAACATGGTGAAACCCTGTCTCTACTAAAAATACAAAAATACACTGGGCGTGGTGGCAGTCACCTATAATCCCAGCTACTCGGGAGGCCGAGGCAGGAGAATCGCTTGAAATCGGAAGGCAGAGGTTGTAGTGAGATGAGGTTGCGCCACTGCACTCTAGCATGGGCAACAAGAGCAAAACTCTGTCTCAA","GGCCAGGTACGGTGGCTCACACCTGTAATCCCAGCACTTTGGGAGGGCGAGGCAGGTGGATCATAAGGTCAGGATTTCGAGACCAGCCTGGCCAACGTGGTGAAACCCCATCTCTATTAAAAATACAAAAATTAGCTGGGCATGGTGGCAGGTGCCTGTAATCTCAGCTACTTGAGAGGCTGAGGCAGGAGAATCACTTGAAATCGGAAGGCAGAGGCTTCAGTGAGCTGAGATTGCACCATTGCACTCCAGCCTGGGTGACGAGAGTGAAACTCTGTCTCAAAAAA"
"chr4","18183505","18183811","JH378107","46009365","46009670","37","27825860","GGCCAGGCATGGTGGCTCACGCCTGTAATCCCAGCACTTTGGGAGGCCGAGGCGGGCGGATCACGAGGTTAGGAGTTCAAGACCAACCTGGCCAACATGGTGAAAGCCCGTCTCTAATAAAATTACAAAAATTAGAAGGGCGTGGTGGCGGGCGCCTGTAATCCCAGCTACTCAGGAGGCTGAGGCAAGAGAATCGCTTGAAACCGCAGGCGGAGGTTACAGTGAGCTGAGATTGCTCCACTGCACTCCAGCCTGGGCAACAAGAGCAAAACTTTGTCTCAAAAAAAAAAAAAAAAAAAAAAAAGAA","GGCCGGGCGTGGTGGCTCACGCCTGTAATCCCAGCACTTTGGGAGGCCAAGGCAGGTGGATCACGAGGTCAAGAGGTCGAGACCATCCTGGTCAACATGGTGAAACCCCGTCTCTGCTAAAAATACAAAAATTAGCTGGGCATGGTGGCACGTGCCTGTAATCCCAGCTACTCAGGAGGCTGAGGCAGGAGAATTGCCTGAAACCAGGAGGCGGAGGTTGCGGTGAGCCGAGATTGCGCCATTGCACTCCAGCCTGGGTAACAAGAGCGAAACTCCGTCTCAAAAAAAAAAAAAAAAAAAAAAAAA"
"chr4","20737149","20737424","JH378129","22226033","22226310","38","1488884","GGCTTGGCTTGGTGGCTCACACCTGTAATCCCAGCACTTTGGGAGGCTGAGGTGAGTGGATCACGAGGTCAGGAGTTCAAGACCAGCCTGGCCAACATGATGAAACCCTGTCTCTACTAAAAATACAACAATGAGCCGGGCATGGTGGTAGGTGCCTGTAATCCCAGCTTCTTGGGAGGCTGAGGCAGAAGAATCTCTTGAAACTGGAAGGTGGAGGTTGCAGTGAGCTGAGATCGAGCCACTGAACTCCAACCTGGGCAAAAGAGTGAAATCCCG","GGCCAGGCATGGTGGCTCACGCCTGTAATTCGAGCACTTCGGGAGGCCGAGGTGGGCAGATCATGAGGTCAGGAGTTCAAGACCAGCCTGGCCAACATGGTGAAACCCTGTCTCTACTAAAAATACAAAAATTAGCTGGGCATGGTGGCAGTGCCTGTAATCACAGCTACTCAGGAGGCTGAGGTAGGAGAACCACTTGAAACTGGAAGGTGGAGGTTGCAGTGAGCCGAGATCGCACCACTGCACTCCAGCTTGGGCGAAAGAGTGAAATTCTGTCT"
"chr4","21166320","21166604","JH378148","3009466","3009760","49","18156854","GGCCAGGTGCGGTGGCTCACACCTGTAATCCCGGCACTTTGGGAGGCTGAGGCAGGCAAATCAGGAGGTCAGGAGATCGAGACCAACCTGGCCAACATGGTGAAAACCCGTCTCTATGAAAAAATACAAAAATTACCCAGGTGTAGCGGCACGTGCCTGTAATCCCAGCTACTCGGGAGGCTGAGGCAGGAGAATCACTTGAAACCAGAAGGTGGAGGTTGCAGTGAGCCAAAATCATACCACTGTACTCTAGCGTGGGCAAAAGAGCAAAACTCCTTCTCAAAA","GGCCAGGTGTGGTGGCTCACGCCTGTAATCCCAGCACTTTGGGAGGCCGAGGCAGGTGGATGATGAGGTCAGGAGTTCGAGACCAGCCTGGCCAAAATGGTGAAACCCTGTCTCTACTAAAAATACAAAAAAATTAGCCAGGCGTGGTGGCATGCGCCTATAATCCCAGCTACTCAGGAGGCTAAGGCAGGAGAATCACTTGAAACCAGAAGGCAGAGGTTGCAGTGAACTGAGATCACGCCACTGCACTCCAGCCTGGGCAACAAGAGCAAAACTCCATCTCAAAAAATAAAAA"
"chr4","21707441","21707740","JH378149","10116423","10116716","45","11591018","GGCAGGATGCGATGGCTCACTCCTGTAATCCCAGCACTTTGGAGGCTGAGGCAGGTGGATCATGAGGTCAGGAGTTCGAGACCAGTCTGGCCAACATGGTGAAACCCTATCTCTACTAAAAACACAAAAAATTAGCCGGGCATGGTAGTGGCAGGTGCCTGTAATCTCAGCTACTTGGGAGGCTGAGGCAGGAGAATCGCTTGAAACCAGAGATGGAGATTACAGTGAGCCGAGATCACGCTACTGCACTCCAGCCTGGTCAACAAGAGGAAAACTGTCTCAAAACAACAAAAAGTAAAA","GGCCAGGTGCGGTGGCTCACTCCTGTAATCCCAGCACTTGGGAGGTAGAGACTAGTGGATCATGAGGTCAGGAGTTCGAGACCAGCTGGACAACATGATGAAACCCTGTCTCTACTAAAAATATAAAAATTAGCCAGGTGTGGTGGCAGGTACCTGTAATCCCAGCTACTCAGGAGGCTGAGGCAGGAGAATTGCTTGAAACCAGAAGGTGGAGGTTGCAGTGAGCTGAGATTACGCCACTGCACTCTAGCCTGGGCAACAGAGCAAGACTCCGTCTCAAAAAAGAAAAACAAA"
"chr4","28930722","28930922","JH378156","10547885","10548076","31","18382837","GGCCAGGCATGGTGGCTCATGCCTGTAATCCCAACACTTTAGGAGGCTGAGGCAGGTGGATCATGAGGTCAGGAGTTTGAGACCAGCCTGGCCAACATGGTGAAATCCCGTCTCTACTAAAAACACAAACAATTAGCTGGACATAGTGGCGGGCACCTGTAATCCCAGCTACTAGGGAGACTGAGGCAGGAGAACTGCTTG","GGCCAGGCACGGTGGCTCATGCCTGTAATTCCAGCACTTTGGGAGGCTAAGGTAGGCAGATCATGAGGTCAGGAGTTCAAGACCAGCCTGGCCAACATGGTGAAACCTCATCTCTACTAAAAATAAAAATTAGCTGGGCATAGTGGCGGGTGCCTGTAATCCCAGCTACTCAGGAGGCCAAGGCAGGAGAAT"
"chr4","29397087","29397394","JH378117","28305531","28305841","49","1091556","GCCGGGCGCAGTGGCTCGTGCCTGCAATCCCAGCACTTTGGGAGGCCGAGGCTGGAGGATCAGGAAGTCAGGAGTTTAAGAGCAGCCTAGCCAACATGGTGAAACCTTGTCTCTACTAAAAATACAAAAATTGGCTGGGCGTGGTGGTGGGTCCCTGTAATCCTAGCTACTCAGGAGGCTGAGGCAGGAGACTCGCTTGAAACCGGAAGGTAGAGGTTGCAGTTAGGTGAGATCATAGCCATGGCACTCCGGCCTGGGCAACAAGTGTGAAACTCCGTCAAAAAATAAAATAAAATAAAATAAATAAA","GCCGGGCGCGGTGGCTCAAGCCTGTAATCCCAGCACTTTGGGAGGCCGAGGCGGGTGGATCACAAGGTCAAGAGATTGAGACCATCCTGGTCAACATGGTGAAACCCCGTCTCTACTAAAAATACAAAAAAATTAGCTGGGCGTGGTGGCGCGTGCCTGTAATCCCAGCTACTCAGGAGGCTGAGGCAGGAGAATTGCCTGAAACCAGGAGGCGGAGGTTGCGGTGAACCGAGATCGCGCCATTGCACTCCAGCCTGGGTAACAAGAGCGAAACTCCGTCTCAAAAAATAAAATAAAATAAAATAAAACAA"
"chr4","31076210","31076367","JH378105","47885237","47885382","35","16809027","GGCTGGGTGCGGTGGCTGACTTCTGTAATCCTAGCACTTTGGAGGGTGAGGCGGGAGGATCACAACGTCAGGAGTTGGAGACCAGTCTGGTCAACATGGTGAAACCCCGTCTCTACTAAAAATACAAAAACTGTAATCTCAGGCACCTGTAATCCCAG","GGCTGGGCGCGGTGGCTCACGCCTGTAATCCCAGCACTTTGGGAGGCCGAGATGGGTGGATCACGAGGTAAAGAGATCGAGACCATCCTGGTCAACATGGTGAAACCCCGTCTCTACTAAAAATACAAAAATTAGCTGGGCATGGT"
"chr4","31364191","31364302","JH378217","4123939","4124062","46","27240252","GCCGAGGTGGGCAGATCAGGAGTTCGAGACCACCCTGGCCAATATGGTGAAACCCCGTCTCTACTAAAAATACAAAAATCAGTCAGGTGTGGGGGGGGGGGCCCCTGATTCC","TTGGGAGGCTGAAGCAGGTGGATCACTGAAGGCCAGGAGTTTGAGACCAGTCTGGCCAACGTCGCGAAACCCTGCATCTCTACTAAAAATACAAAAATTAGCCGGGCTTGGTGGCGGGCGTCTG"
"chr4","31503923","31504220","JH378148","3009466","3009760","39","28494457","GGCCCAGCATGGTGGCTCACACCTGTAATCCCAGCACTTTGGGAGGCCAAGGCGGGTGGATCACGAGGTCAGGAGTTTGAGACCAGCCTGGCCAACATGGTGAAACCCTGTCTCTACTAAAAATACAAAAAAAAATTAGCCAGGCGTGTTGGTGGGCACCTGTAATCCCAGCTACTCAGGAGGCTGAGGCAGGAGAATCGCTGGAAACCGGGAGGTGGAGGTTGCAGTGAGCCGAGGTCGCACCACTGCACTCCAGCCTGGGCAAGAGGAGTGAGACTCCGTCTCAAAAAAAGAAAAA","GGCCAGGTGTGGTGGCTCACGCCTGTAATCCCAGCACTTTGGGAGGCCGAGGCAGGTGGATGATGAGGTCAGGAGTTCGAGACCAGCCTGGCCAAAATGGTGAAACCCTGTCTCTACTAAAAATACAAAAAAATTAGCCAGGCGTGGTGGCATGCGCCTATAATCCCAGCTACTCAGGAGGCTAAGGCAGGAGAATCACTTGAAACCAGAAGGCAGAGGTTGCAGTGAACTGAGATCACGCCACTGCACTCCAGCCTGGGCAACAAGAGCAAAACTCCATCTCAAAAAATAAAAA"
"chr4","31747845","31748134","JH378142","11522757","11523044","60","20225088","TGNNNNNNNNNNGTAATCCCAGCACTTTGGGAGGCCTAGGTGGGAGGATCACGAGGGCAGGAGGTCAAGACCATGCTGGCCAACATGGTGAAACCCTGTCTCTACTAAAAATACAAAAATTAGCCAGGTGTGGTGGTGGGCACCTGTAATCCCAGCTACTCAGGAGGCTGAGGCAGAAGAATCACTCGAAACCAGAAGACGGAGGTTGCAGTGACCCCAGATTGCACACTCCAGCCTGGATGAAAGAGCAAAACTCCATCTCAAAAAAAACAAAAATAAAAACAAAAAAA","GCTCACATCTGTAATCCCAGCACTTTGGGAGGCCGAGGTGGGCGGATCACGAGGTCAGGAGTTTGAGACCAGCCTGGCCAACACGGTAAAACCCCATCTCTACTAAGAATATAAAATTTAGCCAGGCGTGGTGGCAGGCGCCTATAATCCCAGCTACTCAGGAGGCTGAGGCAGGAGAATCGCTTGAAACCGGAAGACAGAGGTTGCAGTGAGTCAAGATTACACCAATGCACTCCAGCATGGGTGAAAGAGGGAAACTCCATCTCAGGAAACAAATAAATAAATAAA"
"chr4","34335146","34335441","JH378193","3568817","3569111","39","30766329","GGCCAGGCGCGGTGCTCACGCCTGTAATCCCAACACTTTGGGAGGCCGAGGAGAGCAAATCATGAGGTCAAGAGATGGAGACCAGCCTGGCCAACCTGGTGAAACCCCGTCTCTACTAAAAATACAAAAAGTAGCTGGGCGTGGTGGCAGGCGCCTGTAGTCCCAGCTACTTGGGAGGCTGAGGCAGGAGAATCGCTTGAAAGCAGAAGGCAGAGGTTGCAGCGAGTTGAGATTGTACCACTGCACTCCAGCCTGGGGAATAGAGTGAGAGTCCATCTCAAAACAAAACAAACAAA","GGCCAGGTGCGATAGCTCAGGCCTGTAATCCCAACACTTTGGGAGGCCGACGCGGGCAGATCATGAGGTCAGGAGTTCGAGACCAGCCTGGCTAACATGGTGAAACCCTGTCTCTACTAAAAATGCACAAATTAGCTGGGCGTGATGGCAGGCGCCTGTAATCCCAGCTACTTGGGAGGCTGAGACAGGAAAATCTCGTGAAACAAGAAGGCGGAGGTTGCAGTGAACTGAGATTGCGCCACTGCACTCAGCCTGGGTGAAAGAGTAAAATTCCATCTCAAAAGAAAAAAACAAA"
"chr4","36077666","36078045","JH378113","38272855","38273168","126","2195189","GGGTGTGGTGGCTTATGCCTGTAATCCCAGCACTTTGGGAGGCAGAGGCAGGCAGATCACCTGAGGTCTGGAGTTTGAGACCAGCCTGACCAACATGGAGAAGCCCCGTCTCTACTAATTAGCCAGGCATGATGGTACACGCCTGTAGTTCCCAACTACTTGGGAAGCTAACTAAGGTGGGAGAAACACTTGAGCCTAGGATTTTTGTATTTTAAATACAAAATTAACTGGATGTGGTAGCGCATGCCTGTAAACTCAGCTACTTGGGAGGCTGAGGCAGGAGAATCGCTTGAACCCAGGAGTCAGAGGCTGCGGTGAGCTGAGATTATGCCATTGCACTCCAGCCTGGGCAACAAGAACAAAACTCCGTCTCAAAAAAA","GCTGGGCACAGTAGCTCATGCCTGTAATCCCAACACTTTGGGAGGCCGAGGCAGGTGGATCACGAGGTCAAGAGATCGAGACCATCCTGGTCAACATGGTGAAACCCCGTCTCTCTACTAAAAATACAAAAAAAAAAAAAAAAAAAAAAAAAATTAGCTGGGCATGGTGGCAGGTGCCTGTAATCCCAGCTACTCAGGAGGCTGAGGCAGGAGAATTGCCTGAAACCAGGAGGCGGACGTTGCGGTGAGCCGAGATCACGCCATTGCACTCCAGCCCGGGTAACAAGAGCAAAACTCTGTCTCAAAAAAAAAAA"
"chr4","36223704","36223989","JH378143","18236239","18236524","45","17987465","GGCTGGGCGCGGTGGCTCACGCCTGTAATCCTAGCACTTTGGGAGGGCGAGGAGGGTAGATCACGAGGTCAGGAGATCGAGACCAGCCTAGCCAACATGGCGAAACTCTGCTTCTACTAAAAATACAAAATTAGCTGGGCGTGGTGGTGCATGTCTGTAATCCCAGCTACGCGGGAGGCTGAGGCTGGAAAATCGCTTGAAAGCACAAGGCAGAAGTTGCAGTGAGCTGAGATAGCGCCACTGCACTCCAGCCTGGGCAACAAGAGTGAAACTCTGTCTCAAAAAA","GCCGGGCGCGGTGGCTCAAGCCTGTAATCCCAGCATTTTGGGAGGTCGAGGCGGGTGGATCACGAGGTCAAGAGATCGAGACCATCCTGGTCAACATGGTGAAACCCCGTCTCTACTAAAAATACAAAAAATTAGCTGGGCATGGTGGCTGGTGCCTGTAATCCCATCTACTCAGGAGGCTGAGGCAGGAGAATTGCCTGAAACAGGAGGCGGAGGTTGCGGTGAGCCGAGATCGTGCCATTGCACTCCAGCCTGGGTAACAAGAGCGAAACTCCATCTCAAAAAA"
"chr4","36321969","36322262","JH378137","17916762","17917051","43","18405207","GGCTGGGTGCAGTGGCTCACACCTGTAATCCCAGTACTTTGGGAGGCCAAGGCAGGCGGATCACGAGGTCAGGAGTTCAAGAGCAGCCTGACCAACATGGTGAAACCCCATCTCTACTAAAAATACAAAAATTAACTGGACATGGTGGCAGGTGCCTGCAAGCCCAGCTACTCGGGAGGTTGAGGCAGGAGAATTGCTTGAAACAGGAAGGTGGAGGTTGCAGTGAGCCAAGATTGCACCACAGGACTCTAGCCTGGGAACCAAGAGTGAAACTCCATCTCAAAAAAAAAAAAA","GGCTGCGCGCAGTGGCTCACTCCTGTAATCCCAGAACTTCGAGAGGCCAAGGTGGGCAGATCACAAAGTCAGGAGTTCAAGACCAGCCTGGCCAACATGGTGAAACCCCGTCTCTGCTAAAAATACAAAAATTAGCTGGGTGTGGTGGCAGGCACCAGTAATCCCAGCTACTTGGGAGGCTAAGGCAGGAGAATCGCTTGAAACTGGAAGGCGGAGGTTGCAGTGAGCCAAGATCGCGCCACTGCACTCCAGCCTGGGTGAGAGTGAAACTCCATCTAGAAAAATAAAAA"
"chr4","40297387","40297691","JH378136","9599015","9599310","43","30698372","GGCCGGGCGCAGTGGCTCACACCTATAATCCCAGCATTTTGGGAGCCCGAGGCAGGCAGATCATGAGGTCAGGAGTTCAAGACCAGCCTGGCCAACATGGTGAAACTCTGTCTCTACTAAAAATACAAAAAATTAGCCGGGCGTGGTTGTGGATGCCTGTAATCCCAGCTCCTGGGGAGGCTGAGACAGGAGAATCACTTGAAACTGGAAGGTGGAGTTTGTAGTGAGCTGAGATCACACCACTGCACTCCAGCCTGGGCAACAAGAGCAAAACTCTGCCTCAAAACAAACAACAACAAAAAGAA","GGTCAGGCGTGGAGGTTCACACCTGTAATCCCAGCACTTTGGGAAGCCAAGGCAGGCAGATCACAAGGTCAGGAGTTCAAGACCAGCCCGGCCAATGTGGTGAAACTCTATCTCTACTAAAAATACAAAAATTAGCCGGGCTTGGTAGTGGGCACCTGTAGTCCCAGCTACTCGGGAGGCTGAGGCAGGAGAATCACTTGAAACTAGAAGCTGGAGGTTGCAGTGAGCTGAGATCAGGCCACTGCACTCCAGCCTGGGCAACAAGAGCAAAACTCTGTCTCAAAAAAAAAGAAAAA"
"chr4","47178940","47179236","JH378181","3298975","3299267","37","43879965","GCTGGGCACAGTGGCTCACGCCTATAATCACAGCACTTTGGGAGGCCAAGGCAGGCAGATCACGAGGTCAGGAGTTTGAGACCATCCTGGCCAACATGTTGCAAGCCCGTCTCTTCTAAAAATACAAAAATTAGCCAGGCGTGGTGGCAGGCGCCTGTAGTCCCAGCTACTAGGGAGGCTGAGGCAGGAGAATCACTTGAAACCAGAAGGTGGAGGTTACAGTGAGCCAAAATTGCACTACTGCACTCCAGCCTGGGCAATAAGAATGAAACTCTGTCTCAAAAAAAAAAAAAAAAA","GGCTGGATACGGTGACTCAAGCTTGTAATCCCAGCACTTTGGGAGGCCAAGGCAAGCAGATCATGAAGTCAGGAGTTTGAGACCAGCCTGGCCAACATGGTGAAGCCCGGTCTCTACAAAAATACAAAAATTAGCCAAGCATGGTGGCCGCTGCCTGTAATCCCAGCTACTCGGGAGGCTGAGGCAGGAGAATCACTTGAAACCAGAAGGTGAAGGTTGCAGTGAGCCAATATTGTACCACTGCACTCCAGCCTGGGCAATAGAGGGAAACTCTGTCTCAAAAAAAAGAAAAA"
"chr4","51422641","51422909","JH378107","6629710","6629970","45","44792931","GGCCCGGTGCAGGGGCTCACGCCTGTAATCCCAGCATTTTGGGAGGCCAAGGCAGGCAGATCACGGAGTCAGGAGTTCGAGACCAGCCTGGTCAATATAGTGAAACCCCGTCTCTACTAAAAATACAAAAATTAGCTGGGCATGGTGGCATGCACCTGTAGTCCCAGCTACTCAGGAGGCTGAGGCAGAAGTTGCAGTGAGCCAAGATTGCGCCATTGCACTCCAGCCTAGGCAACAAGAGTGAAACTCCATCTCAAAAGAAAAAAAAA","GCCAGGCATGGTGGCTCACGCCTGTAATCCCAGCACTTTGGGAGGCTAAGGCGGGTAGATCACCGAGGTCAGGAGTTCAAGACCAGCCTGGCCAACATGGTGAAACCCTGTCTCTACTAAAAATACCAAAATTAGCCAGGCATGGTGGCCTGTAATCCCAGCTACTTGAGGCTGAGGCAGGAAGTTGCAGTGAGCTGAGATTGTGCCAATGCACATTCCAGCCTGGGCAACAAGAGCGAGACTCGGTCTCAAAAAAAAAAA"
"chr4","62009393","62009483","JH378120","30378070","30378156","16","31631323","TGAAGCCAGAAGGTAGAGGTTGCAGTGAGCCGAGATTGCACCATTGCACTCCAGCCTGCACAACAAGAGCGAAACTCCATCTAAAAAAAAA","CAGAAGAAAGAGGTTGCAGTGAGCCGAGATTGCGCCATTGCACTCCAGCCTGGGTAACAAGAGTGAAACTCCGTCTCAAAAAAAAAA"
"chr4","65419764","65420062","JH378116","34204048","34204349","46","31215716","GGCTGGGCACGGTGGCTCACGTCTGTAATTCCAGCACTTTTGGAAGGTTGAGGTGGGTAGATCACGAGGTCAAGAGTTCAAGACCAGCCTGGCCAATGTAGTGAAACCTCATCTCTACTAAAAAGACAAAAAGTAGTCAGGTGTGGTGGTGGGCACCTGTAATCCCAGCTACTCAGGAGACCGAGGCAGGAGAATCACTTGAAACCAGAAGGCGGAGGTTGCAGTAAGCCAAGATTGTGCCACTGCACTCCAACTTGGGTGAAAAAGCGAAACTCTGTCTCAAAAAAAAAAAAAAAAAA","GGCTGGGCACGGTGGCTCACGCCTGTAATCTCAGCACTTTGAAGGCTGAGGTGGGTGGATCACAAGGTCAGGAGTTCAAGACCAGCCTGGCCAACGTGGTGAAACCATGTGTCTACTAAAAATACAAAAATTAGTCAGATGTGGTAGTGGGCGCCTGTAATCCCAGCTACTTGGGAGGCTGAGGCAGGAAAATCACTTGAAACCAGAAGACGGAGGTTGCAATGAGCCGAGATTGCACCACTGTACTCCAGCTTGGGCAAAAGAGCAAAACTCCTTCTGAAAAAAAAAGAGAGAGAGAGAAA"
"chr4","65891444","65891750","JH378150","241281","241578","43","65650163","GGCTGGGCACGGTGGCTTACGCCTGTAATCCCAGCACTTTGGGAGGTTGAGGCGGGCAGATCACGAGGCCAGGAGTTCGAGACCAGTCTGGCCAACATGGTGAAACCCCATCTCTACTAAAAATACAAAAATTAGCTGGGCATGGTGGTGGGCTCCTGTAATCCCAGCTACTTGGGAGGCTGAGGCAGGAGAATCCCTTGAAACCAGAAGGCAAAGGTTGTGGTGAGCCAAGATAGGACCACTGTACTCCAGCCTGGGCGAAAGAGCGAAACTCTGTCTCAAAACAAACAAACAAACAAACAAAAAA","GGCTGGGCGTGGTGGCTCATGCCTGTAATCCCAGCACTTTGGGAGGCCTAGGCAGGCAGATCACAACGTGAGGAGTTTAAGACCAGCCTGGCCAACATGGTGAAACCTCATCTCTACTGAAAATACAAAAATTAGCTTGGCGTGGTGGTGGGCACCTGTAATCCCAGCTACTTGGGAGGCTGAGGCAGGAGAATCGCTTGTAACCAGAAGACGGAGGCTGCAGTGAGCCAACATCGCACCACTGCACTCCAGCTTGGGCAAAAGAGCGAAACTGTCTCAAAAAAAAAAAAAAAAAAAA"
"chr4","67704835","67705140","JH378184","986034","986342","45","66718801","GCTGGGCGCAGTGGCTCAGGCCTGTAATCCCAGCACTTTGGGAGGCTGAGGAGGGTGAATCACGAGGTCAGAAGTTCAAGACCAGCCTGGCCAACATGCTGAAATCCCGTCTCTACTAAAAACACAAAAATTAGCTGTGCATGCTGGCAGGTGTCTGCAATCCCAGTTACTCAGGAGGCTGAGGCAGGAGAATTGCTTGAAACTGGAAGGTGGAGGTTGCAGTGAGCCAAGATCATACCACCACACTCCAGCCTGGGCAACAAGAGCGAAACTCCATCTCAAAAGAAGAAGAAGAAGAGGAAGAAA","GCCGGGCGCGGTGGCTCAAGCCTGTAATCCCAGCACTTTGGGAGGCTGAGGCGGGTGGATCACGAGGTCAAAAGATCGAGACCATCCTGGTCAACATGGTGAAACCCCGTCTCTACTAAAAATACAAAAAAAAATTAGCTGGGCATGGTGGCGCGTGCCTGTAATCCCAGCTACTCAGGAGGCTGAGGCAGGAGAATTGCCTGAAACCGGGAGGCGGAGGTTGCGGTGAGCCGAGATCACGCCATTGCACTCCAGCCTGGGTAACAAGAGCAAACTCCGTCTCAAAAAAAAAAAAAAAATACGAAAAAA"
"chr4","67778752","67779042","JH378132","8950928","8951208","44","58827824","GGCCAGGCACAGTGGCTCACGCCTGTAATCCCAGCACTTTGGGAGGCTGAGGCGGGCAGATCACGAGGTCAGGAGTTCATTCGAGACCAGCCTGGCCAACACAGTGAAGCCCCATCTGTACTGAAAATACAAAAAGTTAGCCGGGTGTGGTGACGGGTGCCTGTAATTCCAGCTACTCAGGAGGCTGAGGCAGGAGAGAGGTGGAGGTTGCAGTAAGCTGAGATCACACCATTGCACTCCGGCCTGGAAAACAAGAGTGAAACTATCTCAAAAAAAAAAAAAAAAAAAAAA","GGCCAGACGCGGTGGCTAACACCTGTAATCCCAGCACTTTGGGAGGCTGACACGGGCAGATCACGAGGTCAGGAGTCTGAGATCAGCCTGACCAACATGGTGAAACCCCATCTCTACTAAAAATACAAAAATTAGCTGGGCGTGGTGGCAGGCGCCTGTAATCCCAGCTGCTCGGGAGGCTGAGGCAGGAGATGGAGGTTGCAGTGAGCTGAGATAGCGCCATTGCACTCCAGCCTGGGCAACAAGAGTGAAACTTCGTCTTAAAAAAAAAAGAAAAAAAA"
"chr4","69036143","69036443","JH378130","7588210","7588506","42","61447933","GGCCGGGTGCAGAGGCTGACATCTGAAATACCAGCACTTTGGGAGGTGAAGGTGGGTGGATCACAAGTTCAGGAGTTCGAGACCAGCCTGGCCAACATGGTGAAACCCCATCTCTATTAAAAATACAAAAATTAGTTGGGCATGGTGGCGGGCGCCTATAATCTCAGCTACTCAGGAGCCTGAGGCAGGAGAATCGCTAGAAACCGGAAGGTGGAGGTTTCAGTGAGCTGAGATCACGCCACTGCACTCCAGCCTGTGCAACAAGAGCAAGACTCCATCTCAGAAAAAAAAAGAAAAGAAA","GGCCGGGTGTGGTGGCTCACACCTATAATCCCAGCACTTTCGGAGGCTGAGTTGGGTGGATCACAAGGTCAGGAGTTCGAGACCAGCCTGGCCAACGTGGTGAAACCCCATCTCTACTAAAAATACAAAAATTAGCTGGGCATGGTGCGGGCACCTATAATCCCAAGGTACTCAGGAGGCTGAGGTAGGAGAATCGCTTGAAACAGGAAGGCAGAGGTTGCTGTGAGCCGAGATCATGCCACTGTACTCCAGCTTAAGCAAAAGAGCAAAACTCCATCTCAAAAAAATAAATAAAAA"
"chr4","69986377","69986668","JH378107","9067769","9068059","48","60918608","GGCTGGGCGCAGTGGCTCACTCCTGTAATCCCAGCAGTTTGGGAGGCCAAGGCGGGCACGTCACGAGGTCAGGAGTTTGAGACTGGTCTGACCAACATGGTGAAATCGCATCTCTACTAAAAATACAAAAATCAGCCAGGCATGGTGTTGGGCGCCTGTAATCACAGCTACACGGGGGGCTGAGACAGAAGAATCACCTGAAACCGGAAGGCAGAGGTTGCAGTGAGCCGAGATCATGCCAATGCCCTCCAGTCTGGGCAAAAGAGCAAAACTCCGCCTCAAAAAAAAAAAA","GGCTGGGCACGATGGCTTATGCCTGTAATCCCAGCACTTCAGGAGGCCAAGGCAAGCGTATCACGAGGTCAGGAGTTCGAGACCAGCCTGGCCAACATGGTGAAATCCCAACTCTACTAAAAATACAAAAATTAGCCAGGCATGGTGGCAGGCACCTGTAATCCCAGCTACTCAGGAGGCTGAGGCAGGAGAATCACTTGAAAACCAGAAGGCAGAGGTTACAGTGAGCTGATTGTGCCACTGCACTCCAGCCTGGCCAAAAGAACAAAACTCCATCTCAAAAAAAAAAAA"
"chr4","70646198","70646503","JH378107","46009365","46009670","48","24636833","GGCTGGGCATGGTGGCTCAGGCCTGTAATCCCAGCACTTTGGGAGGCCGAGGTGGGCAGATCATGTCAACAGTTCGAGACCAGCCTGGCCAACATGGTGAAACCCCATCTCTACTAAAAATACAAAAATTAGCTGGTGTGGTGGCAGATGCCTGTAATCCCAGCTACTCGGGAGGCTGAGGCAGGAGAATCACTTGAAACCGGAAAGCGGAAGTTGCAGTGAGCCGAGGTGGCACCACTGCACTCCAGCCTGGGCGAAAGAGTAAGATTCCGTCTCAAAAAAACAAAACAAAATAAAACAAAACAA","GGCCGGGCGTGGTGGCTCACGCCTGTAATCCCAGCACTTTGGGAGGCCAAGGCAGGTGGATCACGAGGTCAAGAGGTCGAGACCATCCTGGTCAACATGGTGAAACCCCGTCTCTGCTAAAAATACAAAAATTAGCTGGGCATGGTGGCACGTGCCTGTAATCCCAGCTACTCAGGAGGCTGAGGCAGGAGAATTGCCTGAAACCAGGAGGCGGAGGTTGCGGTGAGCCGAGATTGCGCCATTGCACTCCAGCCTGGGTAACAAGAGCGAAACTCCGTCTCAAAAAAAAAAAAAAAAAAAAAAAAA"
"chr4","72112573","72112882","JH378106","58660565","58660863","45","13452008","GGCCGGGTGCAGTGGCTCACGCCTGTAATCCCAGCACCTTGGGAGGGCGAGGTGGGCAGATCACGAGGTCAAGAGTTTGAGACCAGCCTGGCCAACACGGTGAAACCCCATCTCTACTAAACATACAAAAATTAGCCGGGCTTGGTGGCAGGCGCCTGTAATCCCAGCTACTCGGGAGGATGAGGAGGAGAATCACTTGAAACTGGAAGGCAGAGGTTGCAGTGAGCTGAGATTGCACCACCGCACTCTAGCCTGGGCAAAAAGAGTGAAACTTCGTCTGAAAAACAAAAAAAAAAGAAAAAAAAAGAAA","GCCAGACACGGTGGCTCACACCTGTAATCCCAGCACTTTGGGATGTCGAGGTGGGCAGATCATGAGGTCAAGAGTTTGAGACCAGCCTGGCCAACATGGTAAAACCCTATCTCTACTAAAAATACAAAAATTAGCTGGGTGTGGTGGCAGGTGCCTGTAATCCTAGCTACTTGGGAGCCTGAGGCAGGAGAATCACTTGAAACTGGAAGGCAGAGGTTGCAGTGAGCCGAGATAGTGCCACGGCACTCCAGCCTAGGCAACAAGAGCGAAACTGTCTCAAAAAAAGGAAAAAAAAAAAA"
"chr4","72615488","72615671","JH378153","5487406","5487588","31","67128082","GACCAGGCACGGTGGCTCAGGCCTGTAATCCCAATACTTTGGGAGGCCGAGGTGGGCAGATCACAAGGTCAGGAGTTCAAGATCAGCCTGGCCAACACAGTGAAACCCCAACTCTTATAAAAATACAAAAAGTTAGCCAGGCGTGGTGGCAGGCACCTGTAATCCCAGCTACTAGGGAGGCTGA","GGCCAGGCGCGGTGGCTCTCACCTTTACTTCCAGCACTTTGGGAGGCCGAGGTGGGCGGATCATGAGGTCAGGAGTTCCAAGACCAACCTGGCCAACAGGGTGAAACCCCATCTCTACCAAAAATACAAAATTAGCCAGGCGTGGTGGTGGGTGCCTGTAATCCCAATTACTTGGGAGGCTGA"
"chr4","73277213","73277452","JH378140","14368734","14368986","56","58908479","TTGGGAGGCCAAGATGGGCAGGTCACGAGGTCAGGAGTTTGAGACCAGCCTGGCCAACATGGTGAAACCCCATCTCTATTACAAATACAAATATTAGTTGTGCATGGTGACGGGCGCCTATAATCCCAGCTACTCAGGAGGCTGAGGCAGCAGAATTGCTTGAAACTAAAAGGCGGAGGTTGCAGTGAGCCAAGATCATGCCACTGCACTCTAGCCTGGGCAAAAGAGCGAAACTCCATC","GAGGCTGAGGTGGGAGGATCAGGAGGTCAGGAGTTCGAGACCAGCCTGGCCAACATGGTGAAACCCCATCTCTACTAAAAATACAAAAATTAGCCGGGCGTGGTGGCGGATGCCTGTAATCCCAGCTACTCAGGAGGGTGAGGCAAGAGAATCGCTTGAAACTGGAAAGCGGAGATTCCAGTGAGCTGAGATCACGCCAATGCACTCTAGCCTAGGCGAAAGAGCAAAACTCCGTCTCTAAATAAATAAAAAA"
"chr4","73341439","73341722","JH378245","3312448","3312742","45","70028991","GGCTGGGCGTGGTTGCTCACGCCTGTAATCCCAGCACTTTGGGAGGCCAAGGCAGGTGGATCACAAGGTCAGGAGTTTGAGACCAGCCTGGCCAACATGATGAAACCCCGTCTCTACTAAAAATACAAAAATTAGCTGGGCATGGTGGTGGGCGCCTGTAATCCCAGCTACTTGGGAGGTTGAGGCAGGAGAATTGCTTGAAAATGGGAGGCGGAGGTTGCAGTGAGCTGTACTCCAGTCTGGGTGAAAGAGTGAAACTCTGTCTTTAAAAAAAAAAAAAAAAA","GGCCAGTCGTGGTGGCTCTCGCCTGTAATCCCAGCACTTCGGGAGGCTGAGGCAGGCAGATCATGAGGTCAGGAGTTTGAGACCAGCCTGGCCAATATGGTGAAACCCCGTCTCTACTAAAAATACAAAAATTAGCTGGACATGGTGGTGGGCGCCTGTAATCCCAGCTACTTGGGAGGCTGAGGCAGGACAATCGCTTGAAACCTGAAGGCGGAGGTTGCAGTGAGCCAAGATCATGCCACTGCACTCCAGCCTGGGCGAAAGAGTAAAACTCCGTCTCAAAAAAAAAAAGAAA"
"chr4","75462566","75462712","JH378114","30341399","30341543","26","45121167","GCCTATAGTCCCAGCTACTCAGGAGGCTGAGGCGGGAGAATTGCTTGAAACCAGAAGGCAAAAGTTGCAGTGAGCCAAGATGGCACCATTGCACTCCAGCCTGGGCAACAAGAGGGAAACTCTGTCTCAAAAAAAAAAAAAAAAAAA","GTGCCTGTAATCCCAGCTACTCAGGAGGCTGAGGCAGGAGAATTGCCTGAACCCAGGAAGCAGAGGTTGCTGGTGAGCCGAGATCGCGCCATTGCACTCCAGCCTGGGTAACAAGAGCGAAACTCCATCTCCAAAAAAAAAAAAA"
"chr4","77309250","77309556","JH378182","4696933","4697238","37","72612317","GACTGGGCGCAGTGGCTCATGCCTGTAATCCCAGAACTTTGGGAGGCTGAGGCGGGCGGATCACGAGTTCAGGAGTTCGAGACCAGTCTGACCAACATGGTGAAACCCTGTCTCTACTAAAAATACAAAAATTTGCCGGGCATGGTGGCGGGCGCCTGTCATCCCAGCTACTCAGGAGGCTGAGGCAGGCGAATTGCTTAAAACCAGAAGGCGGAGGTTGCAGTGAGCCGAGATCGTGCCACTGCACTCCAGCCTGGGCAACAAGAGTGAAACTCTGTCTCAAAACAAAACACAAAACAAAACAAAA","GCCAAGCGCGGTGGCTCAAGCCTGTAATCCCAGCACTTTGGGAGGCCGAGGCAGGCGGATCACGAGGTCAAGAGATCGAGACCATCCTGGTCAACATGGTGAAACCCTGTCTCTACTAAAAATACAAAACATTAGCTGGGCATGGTGGCGCGTGCCTGTAATCCCAGCTACTCAGGAGGCTGAGGCAGGAGAATTGCCTGAAACCAGGAGGCGGAGGTTGCGGTGAGCCGAGATCGCGCCATTGCACTCCAGCCTGGGTAACAAGAGCGAAACTCCGTCTCAAAAAAAAAAAAAAAAAAAAAAAAA"
"chr4","79907196","79907209","JH378272","2083837","2083868","19","77823359","AAATAGAAAATTAC","CCAGCCTGGGAAACATGATGAAACTTCATCTC"
"chr4","79907509","79907666","JH378192","5406761","5406913","42","74500748","TTAGCCAGGCCTGATAGGGAGTTGTAATCCTAACTACTCGGATACTCGGGAGGCTGAGGCAGGAGAATCTCTTGAAGTCGGTAAGCGGAGGTTGCAATGAGTGGAGATTGCGCCACTGCACCCCAGCCTGGGTGACAAGAAGTGCTACTCCCTCTCAA","TTAGCCAGGCGTGGTGGCGGGTGCCTGTAATCCCAGCTACTTGGAAGGCTGAAGCAGGAGAATCGCTTGAAACCAGGAGGTGGAGGTTGCAGTGAGCTGACATCGTGCCATTGTACTCCAGCCTGGGCAACAAGAGTGAGACTCCATCTCAAA"
"chr4","82158190","82158476","JH378206","2476848","2477135","47","79681342","GCTGCGTGCAGTGGCTCATGTCTGTAATCCCAGCACTTTTTTGGGAGGCCGAGGTTGGTGGATCACGAGGTCAGCAGTTCAAGACCAGCCTGACCAACATGGCGAAACTTCATCTCTACTAAAAATACAAAAAAATTAGCTGGGTGTGGTGGCAGGAGCCTGTAATCCCAGTGACTTGGGAGGCTGAGGCAGGAGAATTGCTTGAAACCGGAAGGCGGAGGTTACAGTGAGTCGAGATTGAACCACTGCACTCTAGCCTAGGCAATAAGAGCAAAACTCTGTCTCAA","GGCTGGGTGCAGTGGCTCACGCCTATAATCCCAGCACTTTGGGAGGCCGAGGTGGGTGGATCACAAGGTCAGGAGTTGGAGACCAGCCTGGCCAACATGGTGAAACCTCATCTCTACTAAATATACAAAAATTAGCCGGGTGTGGTGGCAGGTGCCTATAATCTCAACTACTCGGGAGGCTGAGGCAGGAGAATTGCTTGAAACTGGAAAGTGGAGGTTGCAGTAAGCTGAGATTGTGCCACTGCACTCCAGCCTGGACAACAAGAGCAAAACTGCGTCTCAAAAAAA"
"chr4","89475830","89476142","JH378174","11112447","11112756","46","78363383","GGCCAGGCGCAGTGGCTCACGCCTGTAATCCTAGCACTTTGGGAGGTTGAAGTGGGCAGATCATAAGGTCAGGAGTTTGAGACCAGCCTGAGCAACATGGTGAAACCTCGTCTCTACTAAAAATACAAAAATTAGCTGGGCATGGTGGCAGGTGCCTGTAATCCCAGCTACTCAGGAGGCTGAGTCAGGAGAATCGCTTGAAACTGTTAGGCGGAGGTTGCAGTGAGCTGAGATGGCGCCACTGCACTCCAGCCTGGGTGAAAGAGAGAAACTCCATCACACACACACAAAATAAATAAATAAAAATAAAAAA","GGCCGGACGCGGTGGCTCATGCCTGTAATCCCAGCACTTTGGGAGGCCGAGGCGGGTGGATCACGAGGTCAAGAGATCGAGACCATCCTGGTCAACATGGTGAAACCCCGTCTCTACTAAAAATACAAAAATTAGCTGGGCATGGTGGCGTGTGCCTGTAATCCCAGCTACTCAGGAGGCTGAGGCAGGAGAATTGCCTGAAACCAGGAGGCGGAGGTTGCGGTGAGCCGAGATCGCTCCATTGCACTCCAGCCTGGGTAATGAGAGCGAAACTCCGTCTCAAAAAAAAATAAATAAATAAAAAATAAAA"
"chr4","90153726","90154023","JH378129","7783178","7783478","43","82370548","GGCCAGGCACAGTGGCTCATGCCTGTAATCCCAGCACTTTGAGAGGCCGAGGCAGGTGGATCACAAGGTCAGGAGTTCGAGACCAGCTTGACAAACATGCTGAAGCCCATCTCTACTAAAAATACAAAAATTAGCTGGGGCGTGGTGGTGGGCAGCTGTAATCCCAGCTACTCAGGAGGCTGAGGCAGGAGAATCGCTTGAAACAGAAGGCAGAGGTTGCAGGGAGCTGAGATTGTGCCACTGCACTCCAGTCTGGGCCAAAAGAGTGAAACTCTGTCTCAAAAAAAAAAAAAAAAAA","GGCCGGGCGCGGTGGCTCAAGCCTGTAATCCCAGCACTTTGGGAGGCCGAGGTGGGTGGATCACGAGGTCAAGAGATCGAGACCATCCTGGTCAACATGGTGAAACCCTGTCTCTACTAAAAATACTAAACATTAGCTGGGCATGGTGGCGCATGCCTGTAATCCCAGCTACTCAGGAGGCTGAGGCAGGAGAATTGCATGAAACCAGGAGGCGGAGGTTGCGGTGAGCCGAGATCGTGCCATTGCACTCCAGCCTGGGCAACAAGAGTGAAACTCCGTCTCAAAAAAAAAAAAAAAAGAA"
"chr5","519657","519957","JH378127","10024758","10025055","46","9505101","GGCCGGGCGCGGTGGCTCATCACGCCTGTAATCCCAGCACTTTGGGAGGCCAAGCCGGATGGATCACGAGATCAGTAGTTTGAGACCAGCCTGACCAACATGGTGAAACCCTGCCTCTACTAAAAATACAAACATTAGCTGGGCATGGTGGTGGGGGCCTGTAATCCCAACTACTTGGGGAGGCCGAGGCAGGAGAATCACTTGAACCTGGAGGCGGAGGTTGCAGTGAGCTGAGATCACGCCATTACGCTCCAGGCTGGGCAACAAAAGCAAAACTCTGTCTTAAAACAAACCAACAAAA","GGCCGGGCGCGGTGGCTCAAGCCTGTAATCCCAGCACTTTGGGAGGCCGAGGCGGGTGGATCACGAGGTCAAGAGATCGAGACCATCCTGGTCAACATGGTGAAACCCCGTCTCTACTAAAAATACAAAAAATTAGCTGGGCATGGTGGCGTGTGCCTGTAATCCCAGCTACTCAGGAGGCTGAGGCAGGAGAATTGCCTGAGACCAGGAGGCGGAGGTTGCAGTGAGCCGAGATCGCGCCATTGCACTCCAGCCTGGATAACAAGAGCGAAACTCCGTCTCAAAAAAAAAAAAAAAA"
"chr5","1269268","1269446","JH378123","21150681","21150831","49","19881413","GCAGTGGCTCAAGCCTGTAATCCCAGCATTTTGGGAGGCCCAGGTGGGCAGACCATGAGGTCAGGAATTTAAGACCAGGCTGGCCAATATGGTAAAACCCCATCTCTTCAAAAAAAAAAAAAAAAAAAAAAAAAAAAAAAGTTAGCCGGGCATGGTGGCAGGCGCCTGTAATCCCAGCT","CAGTGGCTCATGCCTGTAATCCCTGCACTTTGGGAGGCCGAGGCGGGCAGATCATGAGGTCAGGAGTTGGAGACCAGCCTGCCCAACACAGTGAAACTCCATCTCTATTAAAAATACAAAAATTAGCTGGGCATGGTGGCAGGGTAATCCC"
"chr5","1788199","1788293","JH378136","7277126","7277221","16","5488927","TGAAACTGGGAGGTGGAGGTTGCAGTGAGCCAGGATCACGCCACTGCACTCCAGTCTGGGCAACAAGAGTGAAACTCCATCTCAAGAAAAAAGAA","CTTGAAACCAGAAGGCGGAGGTTACAGTGAGCCAAGATCATGCCACTGCACTCCAGCCTGGGCAAAAGAGCGAAACTCCGTCTCAAAAAACAAAAA"
"chr5","1952973","1953267","JH378114","19068127","19068419","43","17115154","GGCTGGGCACAGTGGCTCATGCCTGTAATATCAGCAGTTTGGGAAGCCGAGGCAGACAGATCATGAGGTCAGGAGTTCGAGACCAGCCTGGCCAACATGGTGAAACCCCGTCTTTACTAAAAATACAAAAATTAGCCGGGCGTGGTGGTGGGAGTGTGTAATCCCAGCTACTCGGAAGGCTGAGGCAGGAGAATCGTTTGAAACCGGAAGGCAGAGGTTACAGTGAGCGGAGATCGTGCCATTGCACTCCAGCCTGGGTGAAACTCCGTCTCAAAAAAAAAAAAAAAAAGGAAAA","GCCAGGCGCGGTGGCTCATGCCGGTAATCCCAGCACTTTGGGAGGCTGAGGCGGGCAGATCATGAGGTCAGGAGTTTGAGACCAGCCTGGCCAACACACTGAAACCCAGTCTTTACTAAAAATACAAAAATGAGCCAGGTGTGGTGGCGGGCACCTGTAATCCCAGCTACTCAGGAAGCTGAGGCAGGAGAATCACTTGAAACCAGAAGGCCGAGGTTGCAGTGAGATGAGATCAGGCCACTGCACTCCAGCCTGGGAGAAAACTCTGTCTCAAAAAAAAAAAAAAAAAAAAA"
"chr5","2692431","2692616","JH378184","7337357","7337550","35","4644926","GGCCAGGTGCAGTGGCTTATGCCTGTAATCCCAGCACTTTGGGAGGCCGAGGTGGGCAGATCATGAGGTCAGGAGTTTGAGACCAGCCTGGCCAACATGGTGAAATCCGGTGTCTACTAAAAATACAAACAGCTGTATATGGTGGTGGGCACCTGTAATCCCAGCACTTTGGGAGGCCGAGGTGGG","GCCAGATGCAGTGGCTTACTCCTGTAATCCCAGCACTTTGTGAGGCTGAGGTGGGCGGATCATGAGGTCAGGAGTTCGAGACCAGCCTAGCCAACATGGTAAAACCCCATCTCTACTAAAAATACAAAAATTAGCTGGGCGTGGTGGTGGGCGCCTATAATCCCAGCTACTCGGGAGGCTGAGGCAGGAGAATC"
"chr5","3072096","3072403","JH378182","4696933","4697238","43","1624837","GCCAGGCATGGTGGCTCAAGCCTGTAATCCCAGCAGTTTGGGAGGTCGAGGCAGGTGGATCACGAGGTCAGCAGTTCGAGACCAGCCTGACCAACACGGTGAAACCCTGTCTTTACTAAAAATACAAAAAAATTAGCTGGGCATGGTGGCGGGTGCCTGTAATCCCAGCAACTTGGGAGGCTGAGGCAGGAGAATCACTTGAAACTGGAAAGCAGAGGTTGCCATGAGCCGAGATTGCACCACTGCACTCTAGCCTGGGCAATAAGAGCAAAACTCCATCTCAAAAACAAACAAACAAACAAACAAAA","GCCAAGCGCGGTGGCTCAAGCCTGTAATCCCAGCACTTTGGGAGGCCGAGGCAGGCGGATCACGAGGTCAAGAGATCGAGACCATCCTGGTCAACATGGTGAAACCCTGTCTCTACTAAAAATACAAAACATTAGCTGGGCATGGTGGCGCGTGCCTGTAATCCCAGCTACTCAGGAGGCTGAGGCAGGAGAATTGCCTGAAACCAGGAGGCGGAGGTTGCGGTGAGCCGAGATCGCGCCATTGCACTCCAGCCTGGGTAACAAGAGCGAAACTCCGTCTCAAAAAAAAAAAAAAAAAAAAAAAAA"
"chr5","3962683","3963025","JH378107","44172487","44172807","80","40209804","GGCCAGGCGCGGTGGCTCACACCTGTAATCCCAGCACTTTGGGAGTCTGAGGCAGATGGATCACGAGGTCAGGATATCGAGACCAGCCTGGCTAACCCAGTGAAATGCCGTCTCTACTAAAAATACGAAAAGTTAGCTGGGCGTGGTGGCAGGCACCTGTGATCCCAGCTACTCGGGAGGCTGAAGCAGGAGAATCACTTGGACCCAGGCGGAAGTTGCAGTGAGCCGAGAACACAGCGTTGCACTCCAGCCTGGGCAGCAAGAGTGAAACTGTCTCAAATAAATAAATAAAGAAAGAAAGAAAGAAAGAAAGAAAGAAAGAAAGAAAATAAAGAAAAAAAAA","GCCAGGCACAGTGGCTCACGCCTATAATCCCAGCACTTTGAGAGGCCAAGGCGGGTAGATCACGAGGTCAAGAGATTGAGACCCCTGGTCAACATGGTGAAACCCTGTCTCTACTAAAAATACAAAAATTAGCTGGGCATGGTGGCACACGCCTGTAATCCCAGCTACTTGGGAGGCTGAGGCAGGAGAACTGTTTGAAACCAGGAGGTGGAAGTTGCGGTGGGCCGAGATCACACCGTTGCACTCCAGCCTGGGTAACAAGAGTGAAATTCTGTCTCAAAATAAAATAAAATAAAATAAAAATAAAAATAAAAAAAAATA"
"chr5","4404601","4404898","JH378205","1510121","1510420","43","2894480","GGCCGGGAGTGGTGGCTCACACCTGTAATCCTAGCACTTTGGGAGGCCAAGGAGGGCAGATCGTGAGGTCAGGAGATCGAGACCATCCTAGCTAACATGGTGAAACCCTGTCTCTACTGAAAAAACAAAAATTAGCTGGGCTTGGTGGCGGGCGCCTGCAGTCCCAGCTACTCAGGAGGCTGAGGCAGGAGAATCACTTGAAACCGGAAGGCAGAGGTTGCAGTGAGCTGAGATCATGCCTTTGGACTCCAGCCTGGGCAGCAAGAGCAAAACTCCTCAAAAACAAACAAACAAAAAA","GGCTGGACGTGGTGGCTCACACCTGTAATCCCAGCACTTTGGGAGGCCAAGGTGGGCAGATCACGAGGTCAGGAGTTCGAGAACAGCCTGGCCAACATGGTGAAACCCCATCTCTACTAAAAATACGAAAATTAGCTGGGCGTGCTGGCGAGCACCTGTAATCCCAGCTACTCGGGAGGCTGGGGCAGGAGAATCACTTGAAACCGGAAGGCAGAGTTTGCAGTGAGCTGAGATCGTGCCATTGCACTCCAGCCTGGGCGACAGGAGTGAAATTCTGTCTCAAAAAGAAAAGAAAAGAAA"
"chr5","5490431","5490619","JH378171","3859812","3860006","54","1630619","CCAGCCTGTCCAACATGGTGAAACCCTGTCTCTACCAAAATACAAAATACAAAAATCTCCAGCTACTCAGGAGCCTAAAGCAGGAGAATTGCATGAAACCAGTAGGTGGAGGTTGCAGTGAGCTGAGATAGTGTCACTGCACTCCAGCCTGGACAAGAGCGAAACTCCATCTTGAAAAAAATAAAACAA","AGCATGACCAACGTGGTGAAACTCCATCTCTACTAAAAATACTGGGCACCTGTAGTTCCAGCTACTTGGGAGGTTGAGGCAGGAGACTCGCTGGATAGCAGTAGGCAGAGGGTGCAGTGAGCCAAGATCATGCCACTGCACTCCAGCCTGGACACCAAGAGCAAAACTCAATCTCAAAAAAAGAAAGAAAAGAAA"
"chr5","6458343","6458637","JH378245","3312448","3312742","35","3145895","GGCCGGGCGTGGTTGCTCACACCTGTAATCCCAGCACTTTGGGAGGCCAAGGCGGGCAAATCACAAGGTCAAGTGTTCGAGACCAGCCTGGCAAATATGGTGAAATTCCGTCTCTACTAAAAATACAAAAATTAGCCAGGCATGGTGGCGGGCACCTGTAATCCCAGCTACTTAGGAGACTGAGGCAGGAGAATCGCTTGAAACCGGAAGGCGGAGGTTGCAGTGAGCCAAGATTACACCACTGCACTCCAGCCTGGGTGACAGAGTGAAACTCCATCTCAAAAAAAAAAAAAAA","GGCCAGTCGTGGTGGCTCTCGCCTGTAATCCCAGCACTTCGGGAGGCTGAGGCAGGCAGATCATGAGGTCAGGAGTTTGAGACCAGCCTGGCCAATATGGTGAAACCCCGTCTCTACTAAAAATACAAAAATTAGCTGGACATGGTGGTGGGCGCCTGTAATCCCAGCTACTTGGGAGGCTGAGGCAGGACAATCGCTTGAAACCTGAAGGCGGAGGTTGCAGTGAGCCAAGATCATGCCACTGCACTCCAGCCTGGGCGAAAGAGTAAAACTCCGTCTCAAAAAAAAAAAGAAA"
"chr5","6689202","6689510","JH378137","1949849","1950158","50","4739353","GGCTGGGTGTGGTGACTCACACCTGTAATCCCAATGCTTTGGGAGGCCAAGGTGGGTGGATCATGAGGTCAGGAGTTGGAGACCAACCTGGCAACATGGTGAAATCCCATCTCTACTAAAAATACAAAAATTATCCAGACGCGGTGGCGGGTGCCTGTAATCCCAGCTATTTGGGAAGCTGAGGTAGGAGAATCGCTTGAAACTATAAGGTGGAGGTAGCGGTGAGCCAAAATCGCACCACTGCACTCCAGCCTGGGCGAAAGAGCAAAACTACGTCTGAAAAAAAAAAAAAGAAAAAAAAGAAAGAAA","GGTTGGGCACGGTGGCTCACGCCTGTAATCCCAGCACTTTGGGAAGCCAAGGTGGGCGGATCATGAGGTTAGGAGTTCGAGACCAGCCTGGCCAACATGGTGAAACCTCGTCTCTACTAAAAATACAAAAATTAGCTGGGCATAGTAGCGGGTGCCTGTAATCCCAGCTACTTGGGAGGCTGAGGCAGGAGAATCACTTGAAAATGGAAGGTGGAGGTTGCAGTGAGCTGGAATCACGCCACTGCACTCCAGCCTGGAAGAAAGAGTGAAACTTCATCTCAAAAAAAAAAAAAAAAAGGAAAGAAAGAAA"
"chr5","6811793","6812092","JH378141","9607676","9607979","48","2795883","GACTGAACACGATGGCTCAAGCTTGTAATCCCAGCATTTTGGGAGGCCGAGGCAGGCGGATTACAAGGTCAGGAGTTCGAGACCAGCCTGGCCAACATGGTGAAACCCCGTCTCTATAATAATACAAAAATTAGTAGGGTGTGGCGGTGGGCACCTGTAATCCCAGGTACTCAGGAGCCTGAGGTAGGAGAATCACTTGAAACTGGAAGACGGAGGTTGCAGTGAGCCGAGATCACGCCGCTGCACTCCAGCCTGGTCAACAAGAGTGAACTCTGCCTCTAAAAGAAAGAAAGAGAAAAA","GGCTGGACGCCATGACTCACGCGTGTAATCCAAGCACTTTGGGAGGCCAAGGTGGGTGGATCACCAGGTTAGGAGTTTGAGACCAGCCTGGCCAACATGGTGAAACTCCCATCTCTACTAAAAATACCAAAATTAGTCAGGTGTGGTGGTGGGCGCCTGTAATCCCAGCTGCTCAGGAGGCTGAGGCAGGAGAATTGCTTGAAACTGGAAGGCGGAGGTTACAGTGAGCCGAGATCACGCCACTGCACTCCAGCCTGGGTGACAAGAGTGAAACTCCATCTCAAAACAAACGAACAAACAAAAA"
"chr5","8343857","8344153","JH378117","25647280","25647574","42","17303423","GGTTGGGTGGGGTGGCTCACACCTGTAGTCCCAGCACTTTGGGAGGCCGAGGCAGGTGGATCACGAGGTCAGCAGTTCGAGACCAGCCTGACCAACATGGTGAAACCCCGTCTCTACTAAAAATACAAAAAATTAGCTGGGCCTGGTGGCAGGTGCCTGTAGTCCCAGAGACTTGGGAGGCTGAGGCAGGAGAATCTCTTGAAACTGGAAGGCGGAGGTTGCAGTGAGCTGAGATTGCACCACTACACTCTAGCCTGGGCAATAAGAGAAAAACTCCATTAAAAAACAAAAAAAAAA","CCGGGCTCGGTGGCTCACACCTGTAATCCCAGCACTTCCTGGGAGGCCGAGGCAGGTAGATCATGAGGTCAGCAGTTCGAGGCCAGCCTGGCCAACATGGTGAAACCCCGTGTCTACTAAAAATACAAAAATTAGTCTGGCATGGTGGCAGGTGCCTGTAATCCCAGCTACTCGGGAGGCTGAGGCAGGAGAATCGCTTGAAACTGGAAAGCGGAGGTTGCAGTGAGCCGAGATGGTGCCATTGCACTCCAGCCTGGGCAAAAGAGCAAAAACTCTGTCTCAAATAAATAAAAAA"
"chr5","8479932","8480228","JH378216","1924829","1925136","53","6555103","GGCCAGGTGCTCTGGTTCACGCCTGTAATCCCAGCACTTGGGGAGGCTGAGACGGGTGGATCACGAGGTCGGGAGCTCAAGACCAGCCTGGCCAAGATGGTGAAATCCCGTCTCTACTAAAAATACAAAAATTAGCTAGGCGTGGTGGCGGGCGCCTGTAATCCCAGCTACTTGGGAGGCTGAAGCAGGATAATTGCTTGAAACCAAAAGGTGGAGTTGCAGTGAGCCGAGATCGCGCCACTGGGTAACAAGAGTGAAACTCTGTCTCGGAAAAAAAAATAAAAATAAAAGAAAAAA","GGCCGGGCGCGGTGGCTCAAGCCTGTAATCCCAGCACTTTGGGAGGCCGAGGCGGGTGGATCACGAGGTCGAAAGATCGAGACCATCCTGGTCAACATGGTGAAACCCCGTCTCTACTAAAAATACAATAAAACTAGCTGGGCGTGGTAGCGCGTGCCTATAATCCCAGCTACTTAGGAGGCTGAGGCAGGAGAATTGCCTGAGACCAGGAGGTGGAGGTTGCAGTGAGCCGAGATCGTGCCATTGCACTCCAGCGTGGGTAACAAGAGCGAAACTCCGTCTCAAAAAAAAAAAAAATTACAAAAAAA"
"chr5","8740202","8740498","JH378120","30887337","30887632","46","22147135","GGCCAGGCGTGGTGGCTCACACCTGTAATCCTAACACTTTGGGAGGCTAAGGTGGGTGGCTCACAAGGTCAGGAGTTTGAGATCAGCCTGGCCAATATGGCAAAACCCCATCTGTACTACAAATACAAAAATTAGCCGGGCCTGGTGGCAGGAGCCTATAATCCCAGCTACTCAGGAGGCTGAGGCAGAATTGCTTGAAACCAGAAGGCGGAGGTTGCAGTAAGCCGAGATTGCACCACTGCACTCCAGCCTGGGCAACAAGAATGAAACTCCATCTCAAAAAATAAAAATAAAAAA","GGCCAGGCGTAGTGGCCCAACCCTATAATCCCAGCACTTTGGGAGGCCAAGGCTGGTGGATTACAAGGTCAAGAGATAGAGATCAGCCTGGCCAACATGGTGAAACCCTGTCTCTACTAAAATACTACAAAAATTAGCCAGGTGTGGTGGTGCATACCTGTAATCCCAGCTACTCAGGAGGCTGAGGCAGAATTGCTTGAAACTGGGAGGCGGAGACTGCAGTAAGCCGAGATCGCACCATTGCACTCCAGCCTGGGCAACAAGAGTGAAACTGTCTCAAAAAAAAAAAAAAAAAA"
"chr5","10201522","10201832","JH378107","46009365","46009670","40","35807843","GGCCCGGCGTGGTGGCTCACGCCTGTAATCCCAGCACTTTGGGAGGCCAAGGCGGGTGGATCACGAGGTCAGCAGATCGAGACCAGCCTGACCAACATGGTGAAACTCCGTCTCTACTAAAAATACAAAAAAATTAGCTGGGCATGGTGGCACGTGCCTGTAATCCCAGCGACTTGGGAGGCTCAGGCAGGAGAATTGCTTGAAAGAAGGCAAAGGCTGCAGTGAGCTGAGATTGCACCACTGCACTTGAGCCTAGGCAATAAGAGCAAGAACTCCGTCTCAAAAAAAAAAAAAGAAAGAAAGAAAGAAAA","GGCCGGGCGTGGTGGCTCACGCCTGTAATCCCAGCACTTTGGGAGGCCAAGGCAGGTGGATCACGAGGTCAAGAGGTCGAGACCATCCTGGTCAACATGGTGAAACCCCGTCTCTGCTAAAAATACAAAAATTAGCTGGGCATGGTGGCACGTGCCTGTAATCCCAGCTACTCAGGAGGCTGAGGCAGGAGAATTGCCTGAAACCAGGAGGCGGAGGTTGCGGTGAGCCGAGATTGCGCCATTGCACTCCAGCCTGGGTAACAAGAGCGAAACTCCGTCTCAAAAAAAAAAAAAAAAAAAAAAAAA"
"chr5","11274902","11275068","JH378293","1016027","1016200","38","10258875","ACTCTTGAAATCCCAGCAGTTTGGGAGGCTGAGGTGGGTGGATCACGAGGTCAGGAGTTCGAGACCAGCCTGGCCAACATCGTGAAACCCCATATCTACTAAAAATAGAAAAATTAGCCAGGCGTGGTGGCAGCCGCCTGTAATTCCAGCTGCTCTGGAGGCTGAGG","TGGCTCACACCTGTAATCCCAGCACTTTGGGAGGCCGAGGCGGGTGGATCATGAGGTCAGGAGATCGAGACCATCCTGGCCAACATAGTGAAACCCATCTCTATTAAAAAAAAAAAAGAAGAGTCCGGGCTCGGTGGCTCAAGCCTGTAATCCCAGCACTTTGGGAGGCCGAGG"
"chr5","11441538","11441836","JH378206","6968121","6968417","45","4473417","GGCCAGGCACGGTGGCTCATGCCTGTAATCCCAGCACTTTGGGAGGCCGAGGCACGTGGGTCATGAGGTCAGGAGTTGAAGACCACCCTGGCCAACAGAGTGAAACCCAATCTATACTAAAAATACAAAAATTAGCCGCACGTGGTGACGGGCGCCTGTAATCCCAGCTACTTGGGAGGCTGAGGCAGGAGAATCATTTGAAACCGTAAGGTGGAGGTTGCAGTGAGCCAAGATCGCGCCACTGCACTCTAACCTGGGCAACAAGAGCAAAACTCTGTCTCAAAAGAGAGGGAAAAAAA","GGCCAGGCGTGATGGCGCACACCTGTAATCCCAGCACTTTGGGAGGCCAAGGCAGGTGGATCACGAGGTCAGGAGTTCAAGACCAGCCTGGCCAACATGGTGAAACCCTGTCTCTACTAAAATTACAAAAATTAGCTGGGCGTGGTGGCAGGAGCCTGTAATCCCAGCTACTTGGGAGGCTGAGGCAGGAGAATCTCTTGAAATGGTAAGGCGAAGGTTACAGTGAGCCAAGATCACGCCATTGCACTCTAGCTTGGGTGAAAGAGCGAAACTCCGTCTCAAAAAAAAAGAAAAGAA"
"chr5","11500001","11500280","JH378151","5590079","5590358","40","5909922","GGCCGGGCACAGTGGCTCACACCTATAATCCCAGCACTTTGGGAGGCCAAGGTGAGCAGATCACAAGGTCAGGAGTTCGAGACCAGCCTGGCCAACATGGTGAAACCCTGTCTCTACTAAAAATACAAAAATTAGCCAGGCATGGTGGCGGGCACCTGTAATCCCAGCTGCTCGGGAGACTGAGGCAGGAGAATCGCTTGAAGCCCGGAGGCAGAGGTTGCAGTGAGCCAAGATGTTGCCATCGCACTCCAGCTTGGGCAACAAGAGCAAGACTCCGTCT","GGCCAGGCGCAGTGGCTCATGCCTGTAATCCCAGCACTTTGGGGGGCCAAGTTGGGCAGATCACAAGGTCAGGAGTTCGAGACCAGCCTGGCTAACATGGTGAAATCCCATCTCTACTAAAAATACAAACATTAGCCAGGTATGGTGGCGGGCACTTGTAATCCCAGCTACTCAGGAGGCTGAGACAGGAGAATCGCTTGAAACCGGAAGGCAGAGGCTGCAGCGAGCTGAGACGGCACCACTGCACTCCAGACTGGGCAAGAGAGTAAAACTCCATCTC"
"chr5","12089910","12090138","JH378151","9531562","9531791","44","2558348","GGTTGGGCTTGGTGGCTCACACCTGAAATCCAAGCACTTTGGGAGGCTGAGGTGGGCAGATGAAGAGGTCAGGAGTTTGAGACCAGCATGGCCGACCTGGCAAAACCCTGTCTCTACTAAAAATAGAAAAATGAGCCAGGCATGGTAGCAGGCACCTGTAATCCCAAGCTACTCAGGAGGCTGAGGCAGGAGAATTGCTTGAATCCAGCAGGTGGAGGCTGCAGTGAGC","GGCTGGGCACAGCAGCTCACGGCTGGGATCCCAGCACTTTGAGAGGCCGAGGTGGGTGGATCACGAGGTCAGCAGTTCAAGACCAGCCTGGCCAACATTGTGAAACCCCATCTCTACTAAAAATACAAAAATTTAGCCAGGTGTGGTGGTGGGCACCCATAATCCCAGCTACTCAGGAGGCTGAGGCAGGAGAATGGCTTGAAACCAGAAGGTGGAGGTTGCAGTGAGCC"
"chr5","13195685","13195981","JH378134","20911825","20912116","42","7716140","GGCCAGGTGCAGTGGCTCACACCTGTAATCCCAGCACTTTGAGAGACCGAGGCAGGTGGATCACGAGGTCAGTAGTTCGAGACCAGCCTGGCCAACATGGTGAAACCCCATCTCTACTAAAAATATGAAAAGATTAGCCAGGGGTGGTGGCAGGCACGTGAATTCCAGTTACTTGGGAGGCTGAGGCCGGAGACTTGCTTGAACCCAGTAGGAGAGGTTGCAGTGAGCCGAGATCATGCCATTGCACTCCAGCCTGGGCAACAAGAGTGAAACTCTGTCAAGAAAAAAAAAAAAGAA","GGCTGGGTACAGAGGCTGACGCCTGTAATCCCAGCACTTTGGGAGGCTGAGGCAGGTGGATCAAGGGGTCAGGAGTTTGAGACCAGCCTGGCCAACATGGTGAAACCCCTTCTCTACTAAAAATACGAAAATTAGCTGGGCGTGGTGGCAGACACCTGTAATCCCAGCTACTCAGGAGGCTGAGGCAGGAGAACTGCTTGAAGCCAGAAGGTAGAGGTTGCAGTGAGCCGAGATCGTGCCATTGCACTTTAGCCTGGGCAACAAGAGCGAAACTCTAAAAAAAAAAAAAAAA"
"chr5","15493902","15494212","JH378137","1949849","1950158","46","13544053","GGCTGGGCATGGTGGCTCACACCTGTAATCCCAGCACTTTGGGAGGCCGAGGAGGGCAGATCACGAGGTCAGTAGTTCGAGACCAGCCTGACCAACATGGTGAAACCTCGTCGCTACTAAAAATACAAAATTTAGCCGGGCATATTGGTGGGCACCTGTAATCCCAGCTACTTGGGAGGCTGAGGCAGGAGAATCACTTGAAACTGGAAGACGGAAGTTACAGTGAGCCAAGATTGTGCCACTGTGCTCCAGCCTGGACAACAAGAGTGAAATTCCGTCTTAAAAAAAAAAAAAAAGAAAAAAAAGAAAAA","GGTTGGGCACGGTGGCTCACGCCTGTAATCCCAGCACTTTGGGAAGCCAAGGTGGGCGGATCATGAGGTTAGGAGTTCGAGACCAGCCTGGCCAACATGGTGAAACCTCGTCTCTACTAAAAATACAAAAATTAGCTGGGCATAGTAGCGGGTGCCTGTAATCCCAGCTACTTGGGAGGCTGAGGCAGGAGAATCACTTGAAAATGGAAGGTGGAGGTTGCAGTGAGCTGGAATCACGCCACTGCACTCCAGCCTGGAAGAAAGAGTGAAACTTCATCTCAAAAAAAAAAAAAAAAAGGAAAGAAAGAAA"
"chr5","16799512","16799818","JH378106","70219640","70219948","35","53420128","GCTGGGTGCAGTGGCTCATGCCTGTAATTCCAGCACTTTGGGAGGCCAAGGTGGGCAGATCACAAGGTCAGGAGTTCAAGACCAGCCTGGCCAACATGGTGAAACCCTGTCTCTATCAAAAATACAAAAATTAGCTGGGCATGGTGGCAGGTGCCTGTAATTCCAGCTACTCAGGAGGCTGAGGCAGGAGAATCGCTTGAAACTGGAAGGCGCAGGTTGCAGTGAGCCAAGATTGTGCCACTGCACTCCAGCCCAGGCAAAAGAGCAAAACTCCGTCTCAAAAATAAAAAATAAATAAAATAAAAAA","GGCTGGGTGAGGTGGCTCATGCCTGTAATCCCAGCACTTTGGGAGGCCAACGCAAGCAGATCACAAGGTCAGGAGTTCAAGACCAGCATGGCCAACATGGTGAAACCCCATCCCTACTAAAAATAACAAAAATTAGCTGGGCATGGTGGGAGCCGCCTGTAATACCAGCTACTCGGGAGGCTGAGGCAGGAGAATCGCTTGAAACTGGAAGGCAGAGGTTGCAGTGAGCCAAGATTGTGCCACTGCACTCCAGCCTGGGTGACAGAGCAAAGTTCCATCTCAAAATAAAAATAAAAATAAATAAATAAA"
"chr5","18708938","18709245","JH378106","50292653","50292960","43","31583715","GGCCAGGCGCAGTGGCTCATGCCTATAATCCCAGCACTTTGAGAGGCTGAGGCGGGAGGATCACGAAGTCAGGAGTTCGAGACCAGGCTGGCCAACATGGTGAAACCCCATCTCTACTAAAAATACAAAATTTAGACGGGTGTGATGGCGGGCACCTGTAATCCCAGCTACCTGGGAGGCTGAGGCAGGAGAATCGCTTGAAACCGGAAGGCAGAGGTTGCAGTGAGCGGAGATTGCACCACTGCACTCCAGCCTAGGCAAAAGAGAAAAACTCTGTCTCAAAAAAAAATAAAAAAATAAATAAAAAA","GGCCAGGATCAGTGGCTTATGCCTCTAATCCCAGAACTTTGGGAGGCTGAGGTGGGCGGATCATGGGGTCAGGAGTTCGAGACCCACCTGGCCAAAATGACAAAACGCTGTCTCTACTAAAAATACAAAAATTAACTGGGCGTGGTGGCAGGCACCTGTAATCCCAGCTACTTGGGAGGCTGAGGCAGGAGTATCGCTTGAAACTGGAAGGCAGAGGTTGCAGTGAGCCGAGATTGCACCACTGCACTCCAGCCAGGGTGACAGAGTTAAACTCTGCCTCAAAAAAAAAAAAAAAAAAAAAATAAAAA"
"chr5","19536988","19537288","JH378119","21729384","21729670","57","2192396","GGCTGGGCGCATTGACTCACACTTGTAATCTCAGCACTTTGGGAGGCTGAGGTGGGTGGATCATGAGGTCAGGAGTTCGAGACCAGCCTGGCCAACATGGTGAAACCCCATCTCGACTACTACTACCACAAAAAAAAAAAAAAAAAAAAAAAGGCCGGGTGTGGCATGCACCTGTAATCCCGGCTACTTGGGAGGCTGAGGCAGGAGAATTGCTTGAAACTGGAAGGTGGAGGTTGCAGTGAGCCAAGATTGTGCCACTGCACTCCAGCCTGGGCAACAAGAGCAAAACTCCATCTCAAAA","GGCTGGGCGCAGTGGCTCACGCTTGTAATCCCAGCACTTTGGGAGGTCGAGGTGGGTGGATCACAAGGTCAGGAGTTCAAGACCAGCCTGGCCAACATGGTGAAACCCCGTCTCTGCTAAAAATAGAAAAATTAGCAAAGCATGGTGGCAGGCGCCTGTAATCACAGCTACTCGGGAAGCTGAGGCAGGAGAATCACTTGAAACTGAAAGGTAGAGGTTGCAGTGAGCCGACATCACCACCACTGCACTCCAGCCTGGGCGACAAGAGCGAAACTTCATCTAAAAAA"
"chr5","20006498","20006659","JH378143","8005253","8005418","34","12001245","AGCCGGGCATGGTGGCTGTCACGCCTGTAATCCCAGCTACTTGGGAGGCTGAGGCAGGAGAATTGCTTGAAACTGGGAGGTGGTAGTTGCAGTGGGCTGAGAGTGTGCTATTGCACGCCAGCCTGGGCAACAAGAGCGAAACTCTGTCTCAAAAAAAAAAAA","AAAGTTAGTCGGGCATGGTGGTGGGCGCCTGTAATCCCAGCTACTCAGGAGGCTGAGGCAGGAGAATCTCTTGAATCTGGAAGGTGGAGGTTGCAGTGAGCGGAGATCACACCAATGCACTCTAGCCTGGGCAACAAGAGTGAAACTCTGTCTCTAAATAAATAAA"
"chr5","21487694","21487947","JH378106","28970354","28970606","41","7482660","GGCCGGGCGCGGTGGCTCATGCCTGTAATCCCAGCACTTTGGGAGGCTGAGGTGGGCAGATCACGAGGTCAGGAGTTTGAGACCAGCCTGGCCAACGTGGGGAAACCCTGTCTCTGCTAAAAATACAAAAATTAGCTGGGCGTGGTGGTGGGTGCCTGTAATCCCAGTTACTCAGGAGGCTGAGGCAGGAGAATTGCTTAAAACCGGAAGGCAGAGGTTGTGGTGAGCTTAGATCATGCCACTGCACTCCAGCC","GGCCAGAGGTGGTGGCTCATGCCTGTAATCCTAGCACTTTGGGAGGCTGAGGCAGGTGAATCACGAGGTCAGGAGTTTAAGACCAGCCTGGCTAACATGATGAAACCCCGTCTCTACTAAAAATACAAAAATTAGCTGTGCATAGTGGTGGGAACCTGTAATTGCAGCTACTTGGGAAGCTGAGGAAGGAGAATCACTTGAAACTGGAAGGCAGAGGTTGCAGTGAGCCAAGATAGTGCCATTGCACTCCAGC"
"chr5","22595157","22595449","JH378245","3312448","3312742","39","19282709","GGCCAGGCATAGTGGCTCATGCCTGTAATTCCAGCACTTTGGGAGGCTAAGGCAGGTGGATCACAAGGTCAGGTGTTTGAGACTAGCCTGGCCAACATGGTGAAACCCCTGTCTCTACTAAAAATACAAAAATTAGCTGGGCGTGGTGGTGGGCACCTGTAATCCCAGCTACTTGGGAGGCTGAGGCAGGAGAATTGCTTGAAACTGGGAGGCAGAGGTTTGCAGTGAGCTGACGTCGCGCCACTGCACTCCAGCCTGGGCAAGAGCAAAACTCTGTCAAAAAAAAAAAAAAA","GGCCAGTCGTGGTGGCTCTCGCCTGTAATCCCAGCACTTCGGGAGGCTGAGGCAGGCAGATCATGAGGTCAGGAGTTTGAGACCAGCCTGGCCAATATGGTGAAACCCCGTCTCTACTAAAAATACAAAAATTAGCTGGACATGGTGGTGGGCGCCTGTAATCCCAGCTACTTGGGAGGCTGAGGCAGGACAATCGCTTGAAACCTGAAGGCGGAGGTTGCAGTGAGCCAAGATCATGCCACTGCACTCCAGCCTGGGCGAAAGAGTAAAACTCCGTCTCAAAAAAAAAAAGAAA"
"chr5","22845295","22845590","JH378148","3009466","3009760","45","19835829","GACTGGGCGTGGTGGCTCATGCCTGTAATCCCAGCACTTTAGGAGGCTGAGGCGGGTGGATCACGATATCAGGAGTTCGAGACCAGCCTGCCCAAGATGGTGAAACCCCATCTCTACTAGAAAGACAAAAATTAGCCAGGCCTTATGGCAGGCGCCTGTAATCCCAGCTACTCGGAAGGCTGAGGCAGGAGAATCGCTTGTAACTGGAAGGCGGAGGTTGCAGTGAGCCGACATTACGCCATTACACTCCAGCCTGGGCCACAAGAGCAAAACTCCTTCTCTAAAAAAACAAACAA","GGCCAGGTGTGGTGGCTCACGCCTGTAATCCCAGCACTTTGGGAGGCCGAGGCAGGTGGATGATGAGGTCAGGAGTTCGAGACCAGCCTGGCCAAAATGGTGAAACCCTGTCTCTACTAAAAATACAAAAAAATTAGCCAGGCGTGGTGGCATGCGCCTATAATCCCAGCTACTCAGGAGGCTAAGGCAGGAGAATCACTTGAAACCAGAAGGCAGAGGTTGCAGTGAACTGAGATCACGCCACTGCACTCCAGCCTGGGCAACAAGAGCAAAACTCCATCTCAAAAAATAAAAA"
"chr5","25437553","25437861","JH378201","3287246","3287553","47","22150307","GGCCAGGCACAGTGGCTTACACCTGTAATCCCAACACTTTCGGAGGCTGAGGTGGGCAGATCATGAGGTCCGGAGTTCGAGACTAGCCTGGCCAACATGGTGAAACCCCGTCTGTACTGAAAATACAAAAATTAGCCAGGCGTGGTGGCAGGCACCTGTAATCTCAGCTACTCAAGAGGCTGAGGCAGGAGAATTACTTGAAACCAGACGGTGGAGGTTGCAGTGAGCCGAGACTGTGCCACTGCTCTCCAGCCTGGGCAAAAGAGGGAAACTCGGTCTCAAAAATAAAATAAAATAAAAAAAAGAAAA","GACCAGGTGCGGTGGCTCACACCTGTAATCCCAGCACTTTGGGAGGCCGAGGTGGGCGAATCACGAAGTCAGGAGTTCGAGACCAGCCTGGCCAACAAAGTAAAACTCTGTCTTTACTAAAAATACAAAAATTAGCCAGCCATGGTAGCGGGCACCTATAATCCCAGCTACTCAGAAGCCTGAGGCAGGAGAACCACTTGAAACCGGAAGGCAGAAGTTGCAGTGAGCCGAGATTGCGCCACTGCACTCCAGCCTGGGCAAAAGAGTGAAACTCCATCTCAAAAAAAAAAAAAAAAAAAAAAAAAAAA"
"chr5","26071590","26071911","JH378230","2697043","2697360","55","23374547","GGCCAGGTGCGCTGGCTCTCACCTGTAATCCCAGCACTTTGGGAGGCCGAGGCGGGCGGATCACGAGCTCAAGAGTTCGAGACCAGCCTGGCCAATATGGTGAAACCCCATCTCTACTAAAAAAAAAAAAATTACAAAAATTAGCCAGGCGTGGTGGCACACCCTTGTAGTCCCAGCTACTTGGGAGGCTGAGGGAGGAGAATCGCTTGCCAGGAGGCAGAGGTTGCCATGAGCCAAGATCACGCCACTGACTCCAGCCTGGGCAACAAGAGTGAAACTCCATCTCAAAATAATAAAAAATAAAAAATAACTTAAAAAAAAA","GGCCGGGCGTGGTGGCTCAAGCCTGTAATCCCAGCACTTTGGGAGGCCGAGGCGGGTGGATCATGAGGTCAAGAGATCGAGACCATCCTGGTCAACATGGTGAAACCCCGTCTCTACTAAAAATACAAAAAAATTAGCTGGGCATGGTGGCGCATGCCTGTAATCCCAGCTACTCAGGAGGCTGAGGCAGGAGAATTGCTTGAAACCAGGAGGCGGAGGTTGCCATGAGCCGAGATCGCACCATTGCACTCCAGCCTGGGTAACAAGAGTGAAACTCCATCTCAAAATAAATAAATAAATAAATGAATAAATAAATAA"
"chr5","26958318","26958633","JH378107","44172487","44172807","60","17214169","GGCCGGGCACAGTGGCTCACATCTGTAATCCCAGCACTTTGGGAGGCAGAGGCAGGCGAATCACAAGGTCAGGAGTCCGAGACCAGCCTGGCCAACATGGTGAAACCCGGTCTCTACTAAAAATACAAATTTTAGCCGGGTGTGGTGGCAGGTGCCTGTAACCCCAGCCTCTTGGGAGGCCGAGGTAGGAGAATCGCTTGAATCCAGAAGGCTGAGGTTGAAGCCAGCCGAGATCACTCCATTGCACTCCAGCTGGGCAACAAGAATGAGATTCTGTCTCAAAAAAAAAAAAAAAAAAAAAAAAAAAAAAAAAAAA","GCCAGGCACAGTGGCTCACGCCTATAATCCCAGCACTTTGAGAGGCCAAGGCGGGTAGATCACGAGGTCAAGAGATTGAGACCCCTGGTCAACATGGTGAAACCCTGTCTCTACTAAAAATACAAAAATTAGCTGGGCATGGTGGCACACGCCTGTAATCCCAGCTACTTGGGAGGCTGAGGCAGGAGAACTGTTTGAAACCAGGAGGTGGAAGTTGCGGTGGGCCGAGATCACACCGTTGCACTCCAGCCTGGGTAACAAGAGTGAAATTCTGTCTCAAAATAAAATAAAATAAAATAAAAATAAAAATAAAAAAAAATA"
"chr5","27295348","27295655","JH378120","4029777","4030079","46","23265571","GGCCAAGTGCAGCGGCTCATGCCTATAATCCCAGCACTTTGGGAGGCCAAGGAGGGCGGATTGCAAGGTCAGGAGTTCGAGACCAGCCTGGCCAACATGGTGAAACCCCATCTCTACTAAAAATACAAAAATTATCCCGGCATGGTGGCGGGCGCCTGTAATCCCAGCTACTCGGGAGACTGAGGCAAGATAATTGCTTCAAACTGGAAGGCAAAGGTTGCAGTGAGCCAAGATCATGCCACTGCACTCAAGCCTGGGTAGAAGAACGAAACTCCGTCTCAAAAAAAAAAAAAAAAAAAGAAAAGAAA","GGCCAGGAGCGGTGGCTCATGCCTGTAATCCCAGCACTTTGGGAGGATGAGGAGGGCAGATCACGAGGTCAGGAGATCAAGACCAGCCTGGCCAACATGGTGAAACCCCATCTCTACTAAAAACACAAAAATTATCCAGGTGTGGTGACAGGCGCCTATAATCCCAGCTACTCGGGAGGCTGAGGCCAGAGAATCACTTGAAACTGGAAGGCAGAGTTGCAGTGAGCCGAGATCACACCATTGCACTCCAGACTGGGTGAAAGAGCGAAACTCTGTATCCAAAAAAAAGAAAAAAAAAAAAAA"
"chr5","27418526","27418729","JH378149","3982832","3983034","34","23435694","GGCTGGGTGCGGTGGCTCATGCCTATAATCCCAGCCCTTTGGAAGGCCAAGGCAAGGGGATCACGAGGTCAGGAGTTCGAGACCAGCCTGGCCAACATGGTGAAACCCTGTCTCTAATAAAAATACAAAAAACTCACCCAGGCGTGGTGGCGGGCACCTGTAATCCCATCTACTCGGGAGGCTGAGGCAGGAGAATAGTTTGAA","GGCCGGGTGCGGGGGCTCACGCCTGTAATCCCAGCACCTTGGGGGTCCGAGGTGGGTGGATCCTGAGGTCAGGAGTTCAAGACCAGCCTGGCTAAGATGGTGAAACCCTGTCTCTTCTAAAAATACAAAAAAATTAGCTGGGTGTGGTGGTGGGCACCTGTAATCCCAGCTACTCAGGAGGCTGAGGCAGGAGAATTGCCTGA"
"chr5","29032308","29032462","JH378107","1664482","1664637","28","27367826","CCTGCTATATCAGCTACTTGGGAGGCTGAGGCAGGAGAATTATTGAAACCAGAAGGCAGAGGTTGCAGTGAGCCAAGATAGTGCCATTGCACTCCAGCCTGGGCAACAAGAGTGAAACTCAGTTTAAAAAGAAAAAGAAAAAAAAAAGGAAAAAA","CCCATAATCCCAGCTACTTGGGAAACTAAGGCAGGAGAATTGCTTGAATCCGGAAGGCAGAGGTTGCAGTGAGCCAAGATCATGCCACTGCACTCCAGCCTGGGTAACAAGGGCAAAACTCAGTCTCAAAAAAACAAACAAACAAAAAAAAAAAAA"
"chr5","32032319","32032590","JH378177","3710536","3710807","49","28321783","GCCAGGCACAGTGGCTCATTCTTGTAATCCCAGCACTTTGGAAGGCTGAGGCAGACGGATCACAAGGCCAGCATTTCAAGACCAGCCTGGCCAACATCGTAAAACCCTGTCTCTACTAAAAATACAAAAATTAGCTGGGCGAGGTCACAGGCCCCTGTAATCCCAGCTACTCGGGAGGCTGAGGTGGGAGAATCACTTGAAACCAGAAGGTGGAGGCTGCAGTGAGCTGAGATCACACCACTGCAGTCCAGCCTGAGTGAAAAAGCAAAACT","GGCCAGGTGCGGTGGCTCACGCTTGTAATCCCAGCACTTTGGGAGGCTGAGGTGGGCAGATCACAAGGTCAGGAGTTCAAGACCAGTCTGGCCAACATAGTGAAACCCTGTCACTACTAAAAATACAAAAATCAGCTGGGCATGGTGGTGCATGTCTCTAATCCCAGCTACTCGGGAGGCTGAGGCCGAAGAATAGCTTGAAAGTAGAAGGTGGTGGTGGCAGTGAGCTGAGATCACGCCACTGCACTCCAGCCTGGGCACAAGAGCAACAC"
"chr5","32238916","32239219","JH378135","21763200","21763501","52","10475716","GGCCAGGCCCGGTGGCTTACACTTCTAATCCCAGCACTTTGGGAAGCTGAGGCAGGCGGATCACAAGGTTAGCAGTTCGAGACCAGCCTGGCCAACATCATGAAACCCTATCTCTATTAAAATACAAAAATTAGCCAGGTGAAGTCATGGGTGCCTGTAATTCCAACTACTTGGGAGGCTGAGGCAGGAGAATTGCTTGAAACTGGAAGGCGGAGGTTGCAGTGAGCCGGCATCATGTCACTGCACTCCAGCCTGGGCAAGAAAGCAAAACTCTGTCTCAAAAAATAAATAAATCAAATAAAAA","GCCGAGCCCAGTGGCTCACACCTGTAATCCCAGCACTTTGGGAGGTTGAGGTGGGCGGATCACAAGGTTAGGAGTTTGAGACCAGCCTGGCCAACATGGTGAAACCCTGTCTCTACTAAAAATACAAAAATTAGCCACACAAGGTGGCAAGCGCCTGTAATCCCAGCTACTTGGGAGGCTGAGGCCGGAGAATCTCTTGAAACTGGAAGGCGGAGGTTGCAGTGAGCCGAGATCGTGCCACTGCACTCCAGCCTAGGTAAAAGAAACTGTGTCTCAAAAAAAAAAAAAAGAAAAGAAAAAAA"
"chr5","33124762","33125049","JH378206","6968121","6968417","43","26156641","GCGCGTGTGGCTCACACCTGTAATCCCAACACTTTGGAAGGCCGAGGCAGGCGGATCACAATGTCAGGAGTTCTAGACGAGCCTGGTCAACATGGTGAAACCCCGTCTCTACTAAAAATACAAAACTTAGCTGGGCGTGGTGGCAGGTGCCTGTAATCCCAGCAACTTGGGAGGCTGAGGCAGGAGAATCTCTTGATACCAGAAGGTGGAGGTTGCAGTGAACCAACATCGCGCCACTGCACTCCAACCTGGAAGAAAGAGCAAAACTCCGTCTCAAAAAAAAATAAA","GGCCAGGCGTGATGGCGCACACCTGTAATCCCAGCACTTTGGGAGGCCAAGGCAGGTGGATCACGAGGTCAGGAGTTCAAGACCAGCCTGGCCAACATGGTGAAACCCTGTCTCTACTAAAATTACAAAAATTAGCTGGGCGTGGTGGCAGGAGCCTGTAATCCCAGCTACTTGGGAGGCTGAGGCAGGAGAATCTCTTGAAATGGTAAGGCGAAGGTTACAGTGAGCCAAGATCACGCCATTGCACTCTAGCTTGGGTGAAAGAGCGAAACTCCGTCTCAAAAAAAAAGAAAAGAA"
"chr5","35922617","35922910","JH378136","9599015","9599310","39","26323602","GGCCAGGTGCAGTGGCTCACGCCTGTAATCCCAGCACTTTGGGAGGCCGAGGTGGGCAGATCACAAGGTCAGGAGCTCGAGACCAGCCTGGCCAATGTGATGAAACCCCGTCTCTACTAAAAATACAAAAATTAGCCGGGCATGGTGGTGGGTGTCTGTAATCCCAGCTACTCAGGAGGCTGAGGCAAGAGAATCACTAGAAACTAGAAGGCAGTGGTTGCAGTGAGCTGAGATCGCACCACTGCACTTCAGCCTGGGCAACAAGAGCAAAACTGTCTTAAAAAAAAAAAAAAA","GGTCAGGCGTGGAGGTTCACACCTGTAATCCCAGCACTTTGGGAAGCCAAGGCAGGCAGATCACAAGGTCAGGAGTTCAAGACCAGCCCGGCCAATGTGGTGAAACTCTATCTCTACTAAAAATACAAAAATTAGCCGGGCTTGGTAGTGGGCACCTGTAGTCCCAGCTACTCGGGAGGCTGAGGCAGGAGAATCACTTGAAACTAGAAGCTGGAGGTTGCAGTGAGCTGAGATCAGGCCACTGCACTCCAGCCTGGGCAACAAGAGCAAAACTCTGTCTCAAAAAAAAAGAAAAA"
"chr5","37048413","37048730","JH378182","4696933","4697238","47","32351480","GCCGGGCACGGTGGCTCATGCCGGTAATCCCAGCACTTTGGGGGGCCGAGGTGGGCAGATCAAGAGGTCAGGAGTTCGAGACCAGCGTGGCCACCATGGTGAAACCCTGTCTCTACTAAAAATACAAAAATTAACTGGGTGTGGTGGTGCGTGCCTATAATCCCAGCTACTCAGGAGGCTGAGGCAGGAGAACTGCTTGAACCTGGACCTGGGAGGTGGAGGTTGCAGTGAGCCGAGATCACGCCATTGCACTCCAGCCTGGGCAACAAGAGTGAAACCCTGTCAAAAAAAAAAAAAAAAAAAAAAAAAAAAAAAAAA","GCCAAGCGCGGTGGCTCAAGCCTGTAATCCCAGCACTTTGGGAGGCCGAGGCAGGCGGATCACGAGGTCAAGAGATCGAGACCATCCTGGTCAACATGGTGAAACCCTGTCTCTACTAAAAATACAAAACATTAGCTGGGCATGGTGGCGCGTGCCTGTAATCCCAGCTACTCAGGAGGCTGAGGCAGGAGAATTGCCTGAAACCAGGAGGCGGAGGTTGCGGTGAGCCGAGATCGCGCCATTGCACTCCAGCCTGGGTAACAAGAGCGAAACTCCGTCTCAAAAAAAAAAAAAAAAAAAAAAAAA"
"chr5","37228861","37228909","JH378108","25093204","25093240","17","12135657","TCAGGAGGCTGAGGCAGGAGAATCACTTGAAACCGAGAGGCAGAGGTTG","GGAAGCTGAGGCAGCAGAATCACTTGAGATTAGAAGG"
"chr5","38771858","38772155","JH378205","1510121","1510420","37","37261737","GCTGGGTGTGGTGGCTCACACCTGTAATCCCAGCACTTTGGGAGGCCAAAACAGGCAGATCACGAGGTCAGGAGTTCGAGACCAGCCTGGCCAACATGGTGAAAACCCATCTCTACTAAAAATACAAAAATTAGCCAGGCATAGTGGCAGGTGCCTGTAACCCCAGCTAATCGAGAGGCTGGGGCAGGAGAATTGCTTGAAACTGGAAGGCGGAGGTTGCAGTGAGCTGAGATCCTGCCACTGCACTCCAGCCTGGGCAACAAGAGTGAAACTCTATCTTAAAAAAAAAAAAAAAAAA","GGCTGGACGTGGTGGCTCACACCTGTAATCCCAGCACTTTGGGAGGCCAAGGTGGGCAGATCACGAGGTCAGGAGTTCGAGAACAGCCTGGCCAACATGGTGAAACCCCATCTCTACTAAAAATACGAAAATTAGCTGGGCGTGCTGGCGAGCACCTGTAATCCCAGCTACTCGGGAGGCTGGGGCAGGAGAATCACTTGAAACCGGAAGGCAGAGTTTGCAGTGAGCTGAGATCGTGCCATTGCACTCCAGCCTGGGCGACAGGAGTGAAATTCTGTCTCAAAAAGAAAAGAAAAGAAA"
"chr5","42941515","42941809","JH378169","11824133","11824434","44","31117382","GGTTGGGCACAGTGGCTCATGCCTGTAATCCCAGCACTTTGGGAGGCCGAGGCAGGCAGATCACAGGTCAGGAGTTCAACATCAGCCTGGCCAACCTGGTGAAACTCCGTCTCTACTAAAAATACAAAAATTAGCTGGGCGTGGTAGCACATGCCTGTAATCCCAGCTACTCTGGAGACTGAGGCAGGAGAATCGCTTGAATCTGGAACGTGGAGGTTGCAGTGAGCTGAGATCGCACCACTGCACTCCAGCCTGGGGAAAAGAGCAAAACTCAGTCTCAACAACAACAAAAGAA","GGCTGGGCACAGTGGCTCAAGCCTGTAATCCCAGCACTTTGGGAGGCCGAGGCTGGCAGATCATGATGTCAGGAGTTCAAGGCCAGCCTGATCAACATGGTGAAACCCTGTCTCTACTAAAAATACAAAAATTAGCCAGGCATGGTGGCAGGTGCCTGTAATCCCAGCTACTCCAGAGGCTGAGGCAGGAGAATTGCTTGAAACCAGAAGGCGAAGGTTGCAGTGAGCTGAGATTGCACCACTGCACTCCAACCTGGGCAAAAGAGCAAAACTCCATCTCAAAAAAAAAAAGAAAAGTAAAA"
"chr5","43570071","43570380","JH378201","3287246","3287553","39","40282825","GGCTGGGTGCAGTGGCTCACACCTGTAATCCCAGCACTTTGGGAGGCCAAGGCGAACATATCATGAAGTCAGGAGTTCGAGACCAGCCTGGCCAACATAGTGAAACCCCGTCTCTATTAAAAATACAAAAATTAGCCAGGCATGGTGGCGGGTGCCTATAGTCCCAGCTACTCGGGAGGCTGAGTCAGGAGAATTGCTTGAAACTGGAAGGCGGAGGTTGCAGTGAGCTGAGATTGCGCCACTGCACTCCAGCCTGGGCGAAAGAGCAAAACTCCATTTCAAAAAAAAAAAAAAAAAAAAAAAAAAAAAA","GACCAGGTGCGGTGGCTCACACCTGTAATCCCAGCACTTTGGGAGGCCGAGGTGGGCGAATCACGAAGTCAGGAGTTCGAGACCAGCCTGGCCAACAAAGTAAAACTCTGTCTTTACTAAAAATACAAAAATTAGCCAGCCATGGTAGCGGGCACCTATAATCCCAGCTACTCAGAAGCCTGAGGCAGGAGAACCACTTGAAACCGGAAGGCAGAAGTTGCAGTGAGCCGAGATTGCGCCACTGCACTCCAGCCTGGGCAAAAGAGTGAAACTCCATCTCAAAAAAAAAAAAAAAAAAAAAAAAAAAA"
"chr5","52536171","52536470","JH378150","241281","241578","43","52294890","GTCGGGTGCGGTGGCTCACATCTGTAATCCCAGCACTTTGGGAGGCTGAGGTGGGCAGATCACGAGGTCAGAAGTTCAAGACCAGCCTGGCCAATATGGTGAAACCTTGTCTCTATTAAAAATGCAAAAATTTGCCTGGCGTGGCGGTGGGCACCTGTAATCCCAGCTACTCGGGAGGCTGAGGCACGAGAATCACATGAAACCAGAAGGCAGAGGTTGCAGTGAGCCAAGATCATGCCACTGCACTCCAGCATGGGTGAAAGAGCGAAACTCTTGTCTCAAAAAAAAAAAAAAAAAAAA","GGCTGGGCGTGGTGGCTCATGCCTGTAATCCCAGCACTTTGGGAGGCCTAGGCAGGCAGATCACAACGTGAGGAGTTTAAGACCAGCCTGGCCAACATGGTGAAACCTCATCTCTACTGAAAATACAAAAATTAGCTTGGCGTGGTGGTGGGCACCTGTAATCCCAGCTACTTGGGAGGCTGAGGCAGGAGAATCGCTTGTAACCAGAAGACGGAGGCTGCAGTGAGCCAACATCGCACCACTGCACTCCAGCTTGGGCAAAAGAGCGAAACTGTCTCAAAAAAAAAAAAAAAAAAAA"
"chr5","52623654","52623935","JH378146","6921944","6922227","40","45701710","GGCCAGGCGCGGTGGCTCACGCCTGTAATCCCAGCACCTTGGGAAGCCAAGGCGGGTGGATCACGAGGTCAGAAGTTCGAGACCAGCCTGGCCAACATGGTGAAACCCCAACTCTACTAAAAACACAAAAATTAGCCGGGCGTGGTGGTGGGCGCCTGTAATCCCAGCTACTCTGGAGGCTGAGGCAGGAGAATCCCTTGAAACCCGAAGGCAGAGGTTGCAGTGAGCCTAGATCGCGCTACTGCACTCCAGCCTGGGCGAAAGAGCGAAACTCCGTCTCAG","GGCTGGGCGTGGTGGCCCATGCCTGTAATCCCAGCACTTTGGGAGTCCGAGGTGGGCGGAACACGAGGTCAGGAGTTCAAGACCAGCCTGGTCAACATGGTGAAACCCGATCTCTACTAAAAATACAAAAATTAGCCAGGCGTGGTGGTGGGCTCCTGTAATCCCAGCTACTCAGGAGACTGAGGCAGGAGAATTGCTTGTAACCAGAAGGTGGAGGTTGCAGTGAGCCGAGATCATGCCACTACACTCCATCCTGGGCGAAAGAACCAAACTCCATCTCAAAA"
"chr5","52726952","52727241","JH378217","248242","248529","50","52478710","CCAGGTGTGGTGGCTCACACCTGTAATCCCAGCACTTTGGGAGGCCAAGGCAGGCGGATCACGAGGTCAGGAGTTCGAGACCAGCCTGGCCAATATGGTGAAACCCCATCTCTATTAAAATAACAAAAATTAGCCGGGTGTGGTGGTGGGTGCCTGTAATCCTAGCTACTCAGGAGGCTGAGGCAGAGGTTGCAGTGAGCCGAGATCGTGCCACTGCACTCCAGCCTGGGCGACAAGAGCAAGACTCTGTCTCCAAAAAAAAAAAAAAAAAACCAAACCAAAAAAAAAAA","GCTGGGCATGGTGGCTCACGCCTGTAATCCCAGCACTTTGGGAGGCCGAGGCGGGTGGATCATTGAGGTCAAGAGATCGAGACCATCCTGGTCAACATGGTAAAACCCTGTCTCTACTAAAAATACAAAACATTAGCTGGGCATGGTGGTGCGTGCCTGTAATCCCAGCTACTCAGGAGGCTGAGGCAGGAGAATTGCCGTGAGCCGAGATCGCGCCATTGCACTCCAGCCTGGGTAACAAGAGCGAAACTCTGTCTCAAAAAAAAAAAAAAGAAGAAGAAGAAGAAA"
"chr5","52744078","52744371","JH378135","2257364","2257657","39","50486714","GCCAGGCACGGTGGCTCACGCCTGTAATCCCAGCACTTTGAGAGAACGAGCCGGGCGGATCACTAGGTCAGGAGTTCAAGATCAGCCTGGCCAACATGGTGAAACCCCATCTCTACTAAAAATACAAAAATTAGCTGGGCGTGGTGGTGGGTGCCTGTAATCCCAGGTACTCGGGAGGCTGAGGCAGGAGAATCACTTGAAACTGGAAGGCGGAGGTTGCAGTGAGCCAAGATCGTGCCACTGCACTCCAGCCTGGGCAACAAGGGCGAAACACCTTCTCAAGAAAAAACAAAA","GGCGCAGTGGCTCACGCCTATATTCCCAGCACTTTGGGAAGCTGAGGTGGGCGGATCACAAGGTCAGGAGTTCAAGACCAGCCTGGCCAACATGGTGAAACCCCGTCTCTAGACTAAAAATACAAAAATTAGCTGGGCATGGTGGTGGGTGCCTGTAATCTCAGGTACTCAGGAGGCTGAGGCAGGAGAATCACTTGAAACTGGGAGGTGGAGGTTGCAGTGAGTTGAGATCCTGCCACTGCACACCAGCCTGGGTGACAAGAGCAAGACTCCATCTCAAAATTAAAAAAAAAA"
"chr5","53391770","53392069","JH378209","262934","263230","52","53128836","GTGCGGTGGCTCTCGTCTGTAATACCAACACTTTGGAAGGCTTAGGTGGGTGGATCACGATGTCAGGAGTTTGAGACCAGCCTGGCCAACATGGTGAAACCCCATCTCTACTGAAAATACAACAATTAGCTAGGCGTGGTGGCGGGTGCTTGTTATCCCAGCTACTTGGGAGGCTGAGGCAGGAGAATCTCTTAAAACCAAAAGGCTGAGGTTGCAGTGGGCTGAGATTGGGCAACTGTATTCCACCCTGGGCAACAAGAGCAAAACTCCATCTCAAACATACAAAAATAAAAATTAAAA","GCACGGTGGCTCAGATCCATAATCCCAGCACTTTGGGAGGCCAAGGCAGGCAGATCACCATGTCAGGAGTTCAAGACCAGCCTGGCAACATGGTGAAACCCCATCTCTACAAAAAATACAAAAATTGGCCAGGCATGGTGGCAGGTGCCTTAATCCCAGCTACTTGGGAGGCTGAGGCAGGAAAATCACTTGAAACCAGAAGGCGGAGGCTGCAGTGAGCTGAGACTGTACCTCTGCACTCCAGCCTGGGCAGCAAGAGCAAAACTCCATCTCAAAAAAAAAAAAAAAAAAAAAAAA"
"chr5","56130415","56130715","JH378245","3312448","3312742","43","52817967","GCTGGGGGCAGTGGCTCACACCTGTAATCTCAGCACTTTGGGAGGCTGAGGCAGGTGGATCACAAGGTTAGGAGTTTCAGACCAGCCTGGCCAACATGCTGAAACCCCATCTTTACTAAAAATACAAAAATTAGCTGGGCATGATGGTGGGCATCTGTAATCCCAGCTACTTGGGAGGCTGAGGGAGGAGAATGGCTTGAAACTGAAAGGCGGAGGTTGCAGTGAGCTGAGATCACACCACTGCACTCCAGCAGCCTGGGTGAAAGAGTGAAACTCCGTCTCAAAAAAAAAAAAGAAAGAA","GGCCAGTCGTGGTGGCTCTCGCCTGTAATCCCAGCACTTCGGGAGGCTGAGGCAGGCAGATCATGAGGTCAGGAGTTTGAGACCAGCCTGGCCAATATGGTGAAACCCCGTCTCTACTAAAAATACAAAAATTAGCTGGACATGGTGGTGGGCGCCTGTAATCCCAGCTACTTGGGAGGCTGAGGCAGGACAATCGCTTGAAACCTGAAGGCGGAGGTTGCAGTGAGCCAAGATCATGCCACTGCACTCCAGCCTGGGCGAAAGAGTAAAACTCCGTCTCAAAAAAAAAAAGAAA"
"chr5","56290358","56290661","JH378107","46009365","46009670","43","10280993","CCGGGCTTGGTGGCTCACGCCTGTAATCCCTGCTCTTTGGGAGGCCAAGGCAGGCAGATCGTGAGGTCAGGAGTTCAAGACCAGCCTGACCAACATGGTGAAACGCCGTCTCTACTAAAAATACAAAATTAGCTGGGCATGGTGGCAGGAACCTGTAATTCCAGCTACTCGGAAGCTGAGGCAGGAGAATCACTTGAATCCAGGAGGCGGAGGTTGTAGTGGGCCGAGATCATGCCTCTGCACTCCAGCCTGGGCAATAAGAGCAAAACTTTGTCTCAAAAAAAAAAAAAAAAAAAAAAAAAAA","GGCCGGGCGTGGTGGCTCACGCCTGTAATCCCAGCACTTTGGGAGGCCAAGGCAGGTGGATCACGAGGTCAAGAGGTCGAGACCATCCTGGTCAACATGGTGAAACCCCGTCTCTGCTAAAAATACAAAAATTAGCTGGGCATGGTGGCACGTGCCTGTAATCCCAGCTACTCAGGAGGCTGAGGCAGGAGAATTGCCTGAAACCAGGAGGCGGAGGTTGCGGTGAGCCGAGATTGCGCCATTGCACTCCAGCCTGGGTAACAAGAGCGAAACTCCGTCTCAAAAAAAAAAAAAAAAAAAAAAAAA"
"chr5","56674358","56674536","JH378189","1484999","1485181","37","55189359","TTATCAGCTGGGCGTGGTGGCGCATGCCTGTTATCCCAGCTATTCAGGAGGCTGAGGCAGAAGAATTGCTTGAAACCAGGAGGCAGAAGTTGCAGTGAGCCAAGATAGTGCCATTGCACTCCAGCCTGGACTATAAGAGCAAAACTACGTCTCAAACAAACAAACAAACAAACAAAAAA","AAATTAGCTGAGCATGGCAGCACACATCTATAATCCCAGCTACTCAGGAGGCTGAGGCAGGAGAATCGCTTGAAACCAGGAGGCAGAGGTTGCAGTGAGCCGAGATTGCACCACTGCACTCCAGCCTGGGCAACAAGAGTAAAACTCGATCTCAAAAAAGAAAAGAAAAAGAAAAAAGAAAAA"
"chr5","56674570","56674695","JH378122","2043842","2043972","17","54630728","GGCCGGGCGTGGTGGCTCACACCTGTAATCCCAGCACTTTGGGAGGCCAAGGCGGGTGGATTACGAGGTCAGGAGATCGAGACCATCCTGACTGACATGGTGAAACCCTATCTCAAAAAAAAAAAA","GGCCGGGCATGGTGGCTCACTCCTGTAATCCCAGCACTTTGGGAGGCCGAGGCGGGTAGATCACGAGGTCAAGAGATCGAGACCATCCTGGTCAACATGGTGAAACCCCGTCTCTACTAAAAATAGAAAAA"
"chr5","58885789","58886082","JH378257","294971","295263","57","58590818","CTGTGGTCCTACACTTTGGGAGGCCGAGGCGGGTGGATCATGAGGTCAGGAGTTTGAGATCAGCCTGGCCAACATGGTGAAACCCCATCTCTACTAAAAATACAAAAATTAGCTGGGCATGGTGGTGGGCACCTGTAATTCCAGCTACTCGGGAGGCTGAGGCAGGAAAATCACTAGAAAGCAGAAGGCAGAGGTTGCAGTGAGCTGAGATTGAATCACTTCACTCCAACCTGGGTGAAAGAGCGAAACTCCGTCTCTAAATAAATAAATAAATAAATAAATAAATAAAGTAAA","ACATCTGTAATCCCAGCACTTTGGGAGGCCGAGGCAGGTGGATCACGAGGTCAAGAGATCGAGACCATCCTGATCAACATGGTGAAACCCCGTCTCTACTAAAAATACAAAATAATTAGCTGGGCATGGTGGCGTGTGCCTGTAATCCCAGCTACTCAGGAGGCTGAGGCAGGAGAATTGCCTGAAACCAGGAGGCGGAGGTTGCAGTGAGCCGAGATCGCGCCATTGCACTCCAGCCTGGGTAACAAGAATGAAACTCTGTCTCAAAAAAAAAAAAAAAAAAAAGAAAGAAA"
"chr5","60437624","60437927","JH378120","4029777","4030079","49","56407847","GACCAGGCACAGTGGCTCACGCCTGTAATCTCAACACTTTGGGAGGCAGAGGAGGGCACATGATGGGGTCGGGAGTTCGAGACCAGCCTGGCCAACATGGTGAAACCCCACCTCTACTAAAAATACAAAAATTAGCCAGGTGTGGTGGTGGGTGCCTGTAATCCCAGCTACCCAGGAGGCTGAGGCACGAGAATCGCTTGAAACTGCAAGGTGGAGGTTGCAATGAACAGAGATCACGCCATTGCACTCCAGCCTGGGCAACAAGAGCTCAACACCGTTAAAAAAAAAAAAAAAAAAAAAAAAA","GGCCAGGAGCGGTGGCTCATGCCTGTAATCCCAGCACTTTGGGAGGATGAGGAGGGCAGATCACGAGGTCAGGAGATCAAGACCAGCCTGGCCAACATGGTGAAACCCCATCTCTACTAAAAACACAAAAATTATCCAGGTGTGGTGACAGGCGCCTATAATCCCAGCTACTCGGGAGGCTGAGGCCAGAGAATCACTTGAAACTGGAAGGCAGAGTTGCAGTGAGCCGAGATCACACCATTGCACTCCAGACTGGGTGAAAGAGCGAAACTCTGTATCCAAAAAAAAGAAAAAAAAAAAAAA"
"chr5","62595186","62595497","JH378107","46009365","46009670","45","16585821","GGCCCGGTGTGGTGGTTCACGCCTGTAATCCCAGCACTTTGGGAGGTCAAGACGGGTGGATCACGAGGTCAGGAGTTCGAGACCAGCCTGGACAACATGGTGAAACCCCCTCTGCTTCAAATACAAAAATTAGCTGGGCACGGTGGTGGGCGCCTGTAATCCCAGCTACTCGGGAGGCTGAGCCAGGAGAATTGCTTGAAACTGGAAGGCAGAGGTTGCAGTGAGCCGAGATTGCCGGCCCCTGCACTTCAGCCTGGGCATAAGAGTGAAACTTTGTCTCCAAAAAAAAAAAAAAAAAAAAAAAAAAAAAAA","GGCCGGGCGTGGTGGCTCACGCCTGTAATCCCAGCACTTTGGGAGGCCAAGGCAGGTGGATCACGAGGTCAAGAGGTCGAGACCATCCTGGTCAACATGGTGAAACCCCGTCTCTGCTAAAAATACAAAAATTAGCTGGGCATGGTGGCACGTGCCTGTAATCCCAGCTACTCAGGAGGCTGAGGCAGGAGAATTGCCTGAAACCAGGAGGCGGAGGTTGCGGTGAGCCGAGATTGCGCCATTGCACTCCAGCCTGGGTAACAAGAGCGAAACTCCGTCTCAAAAAAAAAAAAAAAAAAAAAAAAA"
"chr5","66167153","66167448","JH378145","15823378","15823672","40","50343775","GGCCAGGCGCGGTGGCTCACGCCTGTAATTCCAGCACTGTGGGAGGCTGAGGCTGGCGGATCACGAGGTCAGGAGTTCGAGAACAGCCTGGCCAACATGGTGAAACCGCCATCTCTACTAAAAATACAAAAATTAGCCAGGCATAGTGGTGCATGCCTGTAATCCCAGCTACTCGGGAGTCTGAGGCAGGAGAATCACTTGAAACAGGAAGGTGGAGGTTGCAGTGAGCCGAGATAGCGCCACTGCACTCCAGGCTGGGCAAAAGAGTGAAACTCCGTGTTAAAAAACATAAAAAA","GGCCGGGCGCAGTGGCTCACGCCTGTAATCCCAGCACTTTGCGAGGCTGAGGCGGGTGGATCACGAGGTCAAGAGATTGAGACCATCCTGGTCAACATGGTGAAACTCCATCTCTACTAAAAATACAAAAATTAGCTGGGCATGGTGGCACATGCCTGTAATCCCAGCTACTCGGGAGGCTGAGGCAGAAGAATTGCTCGAAACCAGGAGGCGGAGGTTGCAGTGGGCCGAGATCGTGCCATTGCACTCCAGCCTGGGTAACAAGAGTGAAACTCCGACTCAAAAAATAAAAAAA"
"chr5","66746723","66747036","JH378156","7076545","7076843","50","59670178","GGCCAGACGTGGTGGCTCACTTCCGTAATCCCAGTACTTTGGGAGGCTGAGGCAGGCGGATCATGAGGTCAGGAGTTCGAGGCCAGCCTGGCCAACATAGTGAAACCCCATCTCTACTAAAATACAAAAAAAGTTAGCCAGGCGGGGTGGAGGGTTCCTGTAATCCCAGCTACTCGGGAGGCTGAAGCAGAAGAATCACTTGAAACCAGAAGCCAGAAGGCAGAGGTTTCAGTGAGCCGAGATCACACCACTGCACTCCAGCCTGGGCAACAAGAGTGAAACTCCATCTCAAAAGAAAAAAAAAAAAAAGAAAA","GGCCAGGTGCGGTGGCTCACGCCTGTAATTCCAGCACTTTGGGAGGCTGAGGCAGGTGGATCATGAGGTCAAGAGGTCAAGACCATCCTGGTCAACATGGTGAAACCCCGTCTCTACTAAAAATACAAAAAATTAGCTGGGCGTGGTGGCGGGTGCCTGTAATCCCAGCTACTCAGGAGGCTGAGGCAGGAGAATTGCCTGAAGCCAGAAGGCAGAGGTTGCAGTGAGCCGAGATAGCGCCATTGCACTCCAGCCTGGGTAACAAGAGCGAAACTCCATCTCAAAAAAAAAAAAGAAAA"
"chr5","66756644","66756935","JH378245","3312448","3312742","41","63444196","GCCGGGTGCCAAGGCTCACGCCTGTAATCCCAGCACTTTGGGCCGAGGAGGGCAGATCACGAGGTCAGGAGATCGAGACCAGCCTGGCCAACATGGTAAAACCCCGTCTCTACTAAAAATACAAAAATTATCCGGGCGTGGTAGTGGGCGTTTATAATCCCAGCTACTTGGGAGGCTGAGGCAGGAGAATCGCTTGAAACTGGAAGGCGGAGGTTGCAGTGAGCCGAGATCACACCACTGCACTCCAGCCTGGGCGAAAGAGTGAAACGCCGTTTCAAAAAACAAAACAAAA","GGCCAGTCGTGGTGGCTCTCGCCTGTAATCCCAGCACTTCGGGAGGCTGAGGCAGGCAGATCATGAGGTCAGGAGTTTGAGACCAGCCTGGCCAATATGGTGAAACCCCGTCTCTACTAAAAATACAAAAATTAGCTGGACATGGTGGTGGGCGCCTGTAATCCCAGCTACTTGGGAGGCTGAGGCAGGACAATCGCTTGAAACCTGAAGGCGGAGGTTGCAGTGAGCCAAGATCATGCCACTGCACTCCAGCCTGGGCGAAAGAGTAAAACTCCGTCTCAAAAAAAAAAAGAAA"
"chr5","67249802","67250137","JH378110","20343307","20343641","66","46906495","GGCTGGGCACAGTGGCTCATGCCTGTAATCCCAGAACTTTGGGAGGCTGAGGCGGGCGGATCACAAGGTCAGTATTTTAAGACCAGCCTGGCCAACATGGTGAAATCCCATCTCTACTAAAAATACAAAAATTAGCTAGACGTGGTGGCAGGCGCCTGTAATCCCGGCTACTCAGGAGACTGAAGCAGGAGAATTGCTTGAAACCGGAAGGTGGAGGTTGCAGTGAGCCAAGATCATGCCATTGTACTCCAGCCTGGGCGAAAGAGCAAAACCTCATCTCAAAGAAAAAAAAAAAAAAAAAGAGCGAAACAAAAAAAAAAAAAAAAAAAAAAAAAA","CTGGGTGCAGTGGCTCATGTCTGTAATCCCAGCACTTTGGGAGGCTGAGGCAGGTGGATCATGAGGTCAGGAGTTCGAGACCAGCCTGATCCAACATGATGAAACCCCATCTCTACTGAAATACAAAAATTAGCCAGGCATGGTGGCAGGCTTTTGTAATCCCAACTACTCTGAAGGCTGAGGGAGGAGAATCACTTGAAACTGGAAGGCAGAGGTTGCAGTGAGCTGAGATTGCACCCACTGCACTCCAGCCTAGGCAACAAGAGTGAAACTCTGTCTCAAAAAAAACAAAAACAAAAACAAAAACAAAAAACAAACAAACAAACAAAAAAACA"
"chr5","68926589","68926863","JH378120","16339076","16339352","58","52587513","CAGGTGTGGTGCCTCATGGGTGCCTCAAATCCCAGCACTATGGGAGGCTGAGGCAGGCAGATCATCAGCTCAGGAGTTCGAGACCAGCCCGGCCAACATGGTAAAACCCCATCTGTACTAAAGATACCAAAACTAGCCACCTGTGGTGGCAGGTGCCTGTAAACCCAGCTACTCAGGAGGCTGAAGCAGGAGAATCGCTTGAAACCAGAAGGCAGAGGTTGTGGTGAGATCATGCCACTGCACTCCAGCCTGGGCAACAAGAGCGACATTCCATC","GGGTGTGGTGGCTCACCTCTGTAGTCCCAGCACTTTGGGAGGCTGAGGCAAGTGGATCACGAGGTCAGGAGTTGGAGACCAGCCTGGTTAACATGGTGAAACCCCATCTCTACTAAAAATAAAAAAATTAACTGGGTGTGGTGGCAGGCACCTGTAACCCAGCTACTCAGGAGGCTGGGGCAGGAGAATCTCTTGAAACCAGAAGACAGAGGTTGCAGTGAGCTGAGATCACGCCACTGCACTCCAGCCCAGGTGAAAGAGGGACACTCCATCTCAA"
"chr5","69009752","69010055","JH378106","58660565","58660863","41","10349187","GCTGGGCGCAGTGGCTCACACCTGTAATCCCAGCACTTTGGGAGGAAGAGGTAGGTGGATCATGAAGTCAGGAGTTTGAGACCAGCCTGGTCAACATGGTGAAACCCCATCTCCACTAAAAATACAAAAATTAGCTGGGTGTGGTGGTGGGTGCCTATAATCCCAGCTACTTGGGAGGCTGAGGCAGGAGGATCACTTGAAACCGGAAGGCAGGGGTTGCAGTGAGCCAAGATCATGCCACTGTACTCCAACCTGGGCAACAAGAACAAAACTCCGTCTCAAAAAAATAAAATTAAAAATAAAA","GCCAGACACGGTGGCTCACACCTGTAATCCCAGCACTTTGGGATGTCGAGGTGGGCAGATCATGAGGTCAAGAGTTTGAGACCAGCCTGGCCAACATGGTAAAACCCTATCTCTACTAAAAATACAAAAATTAGCTGGGTGTGGTGGCAGGTGCCTGTAATCCTAGCTACTTGGGAGCCTGAGGCAGGAGAATCACTTGAAACTGGAAGGCAGAGGTTGCAGTGAGCCGAGATAGTGCCACGGCACTCCAGCCTAGGCAACAAGAGCGAAACTGTCTCAAAAAAAGGAAAAAAAAAAAA"
"chr5","70190805","70191114","JH378107","46009365","46009670","46","24181440","GCCGGCCTCAGTGGCTCACGCCCGTAATCCCAGCACTTTGGGAGGCTGAGGCGGGTGGATCACGAGGTCAGGAGTTCAAGATCAGCCTGGCCAACGTGGCGAAACCCCGTCTCTACTAAAAATACAAAAATTATCTGGGTGTGGTGGCAGGTGCCTGTAATCCCAGCTACTTGGGAGGCTGAGGAAGGAGAATCGCTTGAACCCGGAGGGCGGAGGTTGCAGTGAGTCAAGACTGTGCCATTGCACCCCAGCCTGGGCAACAAGAGCAAGACTCTGTCTCAAAAAATAAACAAACAAACAAATAAAATAA","GGCCGGGCGTGGTGGCTCACGCCTGTAATCCCAGCACTTTGGGAGGCCAAGGCAGGTGGATCACGAGGTCAAGAGGTCGAGACCATCCTGGTCAACATGGTGAAACCCCGTCTCTGCTAAAAATACAAAAATTAGCTGGGCATGGTGGCACGTGCCTGTAATCCCAGCTACTCAGGAGGCTGAGGCAGGAGAATTGCCTGAAACCAGGAGGCGGAGGTTGCGGTGAGCCGAGATTGCGCCATTGCACTCCAGCCTGGGTAACAAGAGCGAAACTCCGTCTCAAAAAAAAAAAAAAAAAAAAAAAAA"
"chr5","70368963","70369248","JH378106","70896573","70896859","38","527610","GGCCAGACGCGGTGGCTCACGCCTGTAATCCCAGCACTTTGGGAGGCTGAGACGGGCGGATCACGAGGTCAGGAGTTCGAGACCAGCCTGGCCAACATGGTGAAACCCCGTCTCTACTAAAAATACAAAAATTAGCTGGGCGAGGTGGGCAGGCACCTGTAATCCCAGCTACTTGGGAGGCTGAGGCAGGAGAATCACGTGAAACCAGAAGGTGGAGGTTGCAGTGAGCTGAGACCGCACCACTGCACTCCAGCCTGGGCAACAAGAGTGAAATTCTGTTAAAAAA","GGCCAGGTACGGTGGCTCACACCTGTAATCCCAGCACTTTGGGAGGGCGAGGCAGGTGGATCATAAGGTCAGGATTTCGAGACCAGCCTGGCCAACGTGGTGAAACCCCATCTCTATTAAAAATACAAAAATTAGCTGGGCATGGTGGCAGGTGCCTGTAATCTCAGCTACTTGAGAGGCTGAGGCAGGAGAATCACTTGAAATCGGAAGGCAGAGGCTTCAGTGAGCTGAGATTGCACCATTGCACTCCAGCCTGGGTGACGAGAGTGAAACTCTGTCTCAAAAAA"
"chr5","72761300","72761571","JH378119","86732","87007","37","72674568","TTGGGAGGCAAAGGCAGGAGGATCACGAGGTCAAGAGTTAGAGACCAGCCTGGTCAACATGGTGAAACCCCATCTCTACTAAAAATACAAAAATTAGCAGGGTGTGATGGCGGGCGCCTGCAATCCCAGCTACTCCGGAGGCTGAGGCAGGAGAATCACTTGAAACCGGAAGGCGGAGGCTGCAGTCAACCAAGATCGTGCCATTGCACTCCAGCCTGGGGAAAAGAGCAAAACTCCGTCTCAAAAAAAAGAAAAAAGAAAAAAAAAAAGAA","CACTTTGGGAGGCCGAGGCAGGTGGATCACGAGGTCAAGAGATCGAGACCATCCTGGTCAACATGGTGAAACCCCATCTCTACTAAAAATACAAAAAATTAGCTGGGCATGGTGGCGTGTGCCTGTAATCCCAGCTACTCAGGAGGCTGAGGCAGGAGAATTGCCTGAAACCAGGAGGCGGAGGTTGCGGTGAGCCGAGATCATGCCATTGCACTCCAGCCTGGGTAACAAGAGCTAAACTCCGTCTCAAAAAAAAAAAAAAAAAAAAAAACAAAA"
"chr5","73142175","73142391","JH378209","2717312","2717521","50","70424863","CCAGCCTGGGCAACAAGAATGAGACACTGTCACAAAAAAAAAAAAAAAATTAAGCCAGGCATGATGGCGGGCGCCTGTAATCCCAGCTACTCGGGATGCTGAGGCACGAGAATGGCTTGAAGCAGCAAGGTGGAGGTTGTAGTGAGCCAAGATTGCACCACTGCACTCCAGCCTGGGCAACAAAGCTAAACTGTCTCAGAAAAAAAAAAAAATAGAA","AGCCTGACCAACATAATAAAACCCTGTCTTTAATAAAAATACAAAAATTAGCCAGGCATGGTGGTGTGTGCCTGTAATCCTAGCTAATCAGGAGGCTGAGGCAGGAGAATTGCTTGAAACAGAGAGGCGGATGTTGCATTGAGCCAAGACAGCACCATTGCACTCCAGCTGGGCAACAAGAATGAAACTCTTTCTAAAAACAAACAAAAA"
"chr5","73161993","73162299","JH378330","594897","595205","48","72567096","GGCTGGGTGCAGTGGCTCACGCCTGTGATCCCAGCACTTTGGGAGGCCAAGTTAGGCAGATCATGAGGTCAGGAGTTCAAGACCAGTCTGGCCAACATGGTGAAACCCCATCTCTACAAAAATACAAAAAAATTAGCCAGGCGCGGTGGTGTACGCCTCTAATCCCAGCAACTCAGGTGACTGAGGTAGGAGAATTGCTTGAACCGGGAGGCAGAGGTTGCGGTGAACTGAGATCATACCACTGTACTCCACCCTGGGCAACAAAAGCGAAACTCTATCTCAAAAAAAAAAAAAAAGAAAGAAAGAA","GGCCGGGTGCAGTGGCTCAAGCCTGTAATCCCAGCACTTTGGGAGGCCAAGGCAGGCGGATCACAGGTCAAGAGATCGAGACCATCCTGGTCAATATGGTGAAACTCCGTCTCTACCAAAAATACAAAAAAATAGCTGGGCATGGTGGTGCGTGCCTGTAATCCCAGCTACTCAGGAGGCTGAGGCAGGAGAATTGCCTGAAACCAGGAGGCGGAGGTTGCGGTGAGCCAGGATCATGCCATTGCACTCCAGCCTGGGTAACAAGAGCGAAACTCCATCTCAAAAAAAAAAAAGAAAGAAAGAAAGAAA"
"chr5","73181754","73182031","JH378105","57938733","57939014","52","15243021","GGCTGGGCACGGTGACTCACGCCTGTAGACCCAGCACTTTGAGAGGCCCAAGCGGGTGGATCACGAGGTCAGGAGTTCAAGACCAGCCTGGACAATATGGCAAAACCCCATCTCTATTAAAAATACAAAAATTAGCTGGGCGTGGTAGCAGGTGCCTTAATCCCAGCTACTAGGGAGGCTGAGGCAGGAGAACTGCTTGAATTCGGGAGGTGGAGATTGTAGTGAGCCGAGATCATGCGATTACACTCCTGCTTCGGCAACAAGAGTGAAACTCCGTC","GGCTGGGCGTGCTGGCTCACTCCTGTCATCCCAGCACTTTGGGAGGCCCGCGTGGGTGGATCATGAGGTCAGGAGTTCCAGACCAGCCTGGCCAATATGGTGAAACCCCGTCTCTACTAAAAATACAAAAAATTAGCTAGGCCTGGTGGCAGGTGCCTATAATCCCAGCTGCTCAGAAGGCTGAGGCTGGACAATCGCTTGAAACTGGGAGGCAGAGGTTGCAGTGAGCCGAGATTGCGCCATTGCACTCCAGCCTGGGCAAAAAGAGCGAAACTCTGTCCC"
"chr5","73200548","73200831","JH378245","3312448","3312742","41","69888100","GGGCGCAGTGGCTCATGCCTGTAATCCCAGCCTTTGGGAGGCCGAGGTGGGCGGATCATGAGGTCAGGGGTTCGAGACCAGCCTGGCCAACATGGTGAAACCCCGTCTCTACTAAAAATACAAAAATTAGCTGGGCATGGTGGTGGGCACCTATAATCCCAGGGAGGCTGAGGCAGGAGAATCGCTTAAAACTGGAAGGTGGAGGTTGCAGTGGGCCAAAATCATGCCATTGCACTCCAACCTGGGCAACAAGAGTGAAACTCTGTCTCAAAAAAAAAAAAAAA","GGCCAGTCGTGGTGGCTCTCGCCTGTAATCCCAGCACTTCGGGAGGCTGAGGCAGGCAGATCATGAGGTCAGGAGTTTGAGACCAGCCTGGCCAATATGGTGAAACCCCGTCTCTACTAAAAATACAAAAATTAGCTGGACATGGTGGTGGGCGCCTGTAATCCCAGCTACTTGGGAGGCTGAGGCAGGACAATCGCTTGAAACCTGAAGGCGGAGGTTGCAGTGAGCCAAGATCATGCCACTGCACTCCAGCCTGGGCGAAAGAGTAAAACTCCGTCTCAAAAAAAAAAAGAAA"
"chr5","73275018","73275324","JH378206","6968121","6968417","49","66306897","GACCAGGCACGATGGCTGACACCCATAATCCCAGCATTTTGGGAACTTTGGGAGGCCGAGGCAGGCGGATCGTGAGGTCATGAGTTCAAGACCAGCCCGGCCAACGTGGTGAAACCCCATCTCTACTCAAAATACAAAAATTAGCCGGGCATGGTGGCAGGTGCCTGTAATCCCAGCTACTTGGGAGGCTGAGGCAAGAGAATCACTTGAAAGTGGAAGGCGGATGTTGCAGTGAGCCAAGATCATGCCACTGCACTCCAACCTGGGTGGAAGAACAAAACTCTGTCTCAAAAAAAAAAGAAGAAAA","GGCCAGGCGTGATGGCGCACACCTGTAATCCCAGCACTTTGGGAGGCCAAGGCAGGTGGATCACGAGGTCAGGAGTTCAAGACCAGCCTGGCCAACATGGTGAAACCCTGTCTCTACTAAAATTACAAAAATTAGCTGGGCGTGGTGGCAGGAGCCTGTAATCCCAGCTACTTGGGAGGCTGAGGCAGGAGAATCTCTTGAAATGGTAAGGCGAAGGTTACAGTGAGCCAAGATCACGCCATTGCACTCTAGCTTGGGTGAAAGAGCGAAACTCCGTCTCAAAAAAAAAGAAAAGAA"
"chr5","74958578","74958852","JH378305","900440","900712","42","74058138","GGCCGGACACGGTGGCTCACGCCTGTAATCCCAGCACTTTGGGAGGCTGAGGCGGGTGCATCACAAGGTCAGGAGTTTGAGACCATCCTGGCCAACACAGTGAAACCCCGTCTCTACTAAAAATACAAAAATTAGCTGGGCGTGGTGGTGGGCGCCTGTAATCCCAGCTACTTGGGAGGCTGCGGCAGGAGAATCCTTGAACCGTGAGCTGAGATCGTGCCACTGCACTCCAGCCTGGGTGACAAGAGTGGGACTCTGTCTCAAAAAAAAAAAAA","GGCCGGGTGCGGCGGCTTAAACCTGTAATCCCAGCACTTTGGGAGGCCGAGGCGGGTGGATCACGTCAAGAGATTGAGACCATCCTGGTCAACATGGTGAAACCCCGTCTCTACTAAAAATACAAAAATTAGCTGGGCATGGTGGTGCGTGCGTGTAATCCCAGCTACTAGGGAGGCTGAGGCAGGAGGCGGAGGTTGCGGTGAGCCGAGATCGCGCCATTGCACTCCAGCCTGGGTAACAAGAGGGAAACTCCGTCTCACAAAAAAAAAAAA"
"chr5","75139126","75139382","JH378129","3873045","3873297","45","71266081","AGGCCAAGGCGGGCATATCCAAGGTCAGGAGTTCAAGACCAGCCTAGCCAACATGGAGAAACCCCATCTCTACTAAACACACAAAAATTAGCCGGGCGTGGTGGAGGGTAACCTGTAATCCCAGCTACTCGGGAGACTGAGGCAGAAGAATTGCTTAAAACCAGAAGGCATAGGTTGCAGTGAACCGAGAACACACCACTGCACTCCAGCCTGGGGAACAAGAGCAAAACTCCATTTCAAAAAAATAAAATAAAAAA","AGGCCAAGGCAGGCAGAACATGAGGTCAGGAGTTCGAGATCAGCCTGGCCAACGTGTTGAAACCCCATCTCTACTAAAAATACAAAAATTATCCAGGCATAGTGGTGGGCACGTGTAATCCCAGCTACTCAGGAGCCTGAGGCAGGAGAATTGCTTGAAACCAGAAGGCAAAGGTTGCAGTGAGCTGAGATCATGTCTCTGCACTCCAGCCTGGGCAAAAGAGTGAAACTCTGTCTAAAAAGTAAAAAAGAAA"
"chr6","602634","602922","JH378165","12389091","12389397","51","11786457","GGCCCGGCACGGTGGCTCACGCCTGTCATCCCAACACTTTGGGAGGCCGAGGCGGGTGGATCACAAGGTCAGGTGTTCAAGACCAGCCTGACCAACATGGTGAAACCCCGCCTCTACTAAAATACAAAAAAAAAAAAAGTAGCTGGGCATGGTGGCGGGCGCCTGTAATCCCAGCTACTCAGGAGGCTGAGGCAGGAGAATCACTTGAACCTGGAAGGCAGAGGTTGCAGTGAGCCAAGATCGTGCCATTGCACTCCAGGCTGGGTCTCAGCAAAAAAAAAAAAAAAAA","GGCCGGGCGCAGTGGCTCAAGCCTGTAATCCCAGCACTTTGGGAGGCCGAGGCGGGTGGATCACAAGGTCAAGAGATCGAGACCATCCTGGTCAACATGGTGAAACCCCGTCTCTACTAAAAATACAAAAAAAAAAAAAAAAAATTAGCTGGGCATGGTAGTGCGTGCCTGTAATCCCAGCTACTCAGGAGGCTGAGGCAGGAGAATTGCCTGAAACCAGGAGGCGGAGGTTGCGGTGAGCCGAGATCGCGCCATTGCACTCCAGCCTGGGTAACAAGAGCGAAACTCCGTCTCAAAAAAAAAAAAA"
"chr6","737011","737322","JH378162","23612","23922","44","713399","GCCAGGCGCGGTGGCTCATGCCTGTAATCCCAACACTTTGGGAGGCTGAGGCGGGCGGATCACGAGGTCAGGAGTTTGAGACCAGCCTGGCCAACATAGTGAAACCCCATCTCTACTAAAAATACAAAAAAATTAGCCAGACGTGGTGGCTCCTGCCTGTAGTCCCAGCTACTTGGGAGGCTGACACAGGAGAATCACTGGAAACCAGAAGGTGGAGGTTGCAGTGAGCTGAGATCATGCCATTGCACTCCAGCCTGGGCAACAAGAGCAAGACTCCGTTTCAAAAAAAAAAAAGAAAGAAAGAAAAGAAAA","GGCAGGGCACGGTGGCTCAAGCCTGTAATCCCAGCACTTTGGGAGGCTGAGGCGGGTGGATCACGAGGTCAAGAGATCGAGACCATCCTGGTCAACATGGTGAAACCCCGTCTCTACTAAAAATACAAAAAATTAGCTGGGCATGGTGGCGCATGCCTGTAATCCCAGCTACTCAGGAGGCTGAGGCAGGAGAATTGCCTGAAACTAGAGGTGGAGGCTGCAGTGAGCCGAGATCGTGCTATTGCACTCCAGCCTGGGTAAAAAGAGCAAAACCCCGTCTCAAAAAAAAAAAAAAAAAAGAAAAAAGAAAA"
"chr6","977369","977502","JH378108","17478737","17478871","19","16501368","GGTTGGGCATGGTGGCTCACGCCTGTACTCCCAGCACTTTGGGAGGCTGAGGAGGGCAGATCACAAGGTCGGCAGTTTGAGACCAGCCTGGCCAACATGGTGAAACCCGGTCTCTACTAAAAATACAAAAATTA","GGCCGGGCACGGTGGCTCACGCCTGTAATCCCAGCACTTTGGGAGGCCGAGACGGGTGGATCACGAGGTCAAGAGATCGAGACCATCCTGGTCAACATGGTGAAACCCCGTCTCTACTAAAAATACAAAAATTAG"
"chr6","978089","978227","JH378105","49917117","49917247","23","48939028","GGCGCCGGGGCCGGGCATGGTGGCTTATGTCTGTAATCCCAGCAGTTTGGGAGGCCGAGACAGGTAGATCACAAAGTCAGGAGTTTGAGACCAGCCTGGCCAACATGGTGAAACCCCGTCTCTACTAAAAATACAAAAA","GGCCGGGCACAGTGGCTCACGCCTGTAATCCCAGCACTTTGGGAGGCCGAGACGGGTGGATCACGAGGTCAAGAGATCAAGACCATCCTGGTCAACATGGTGAAACCCCGTCTCTACTAAAAATACAAAAA"
"chr6","1317855","1318037","JH378137","4604383","4604572","40","3286528","GTGTGGTGGTTCATGCCTGTAATCACACCACTTTGAGAGTCCGAGGTGAGCGAATCACAAGGTTAGGAGTTCAACACCTGCCTGGCCAACATGGTGAAATCTCATCTTTACTAAAAATATAAAAATTACTCGGGTGTGGTGGTGGGTGCCTGTAATCCCAGCTACTCCGGAGACTGAGGCAGG","GGCTGGGCGTGGTGGCTCAAGCCTGTAATCCCAGCACTTTGGGAAGCCAAGGCGGGTGGATCACAAGGTCAAGAGATCAAGACCATCCTGGCCAGCATGGTGAAACCCTGTCTCTACTAAAAATACAAAACATTAGCTGGGCATGGTGGCGTGTGCCTGTAATCCCAGCTACTCAGGAGGCTGAGGCAGG"
"chr6","2258080","2258389","JH378117","28305531","28305841","50","26047451","GCCGGGCACGGTGGCTCACACCTGTAATCCCAGCACTTTGGGAGGCCGACGCAGGCAGATCAGGAGGTCAGGAGTTCGAGACCAGCCTGACCAACATGGTGAAACCCCATCTCTACTAAAAATACAAAAAGTTAGCCAGGTATGATGGTGCGTACCTGTAATCCCAGATATTCGGGAGGCTGAGGCAGAATAATCGGTTGTAGCTAGGAGGCGGAGGTTGCAGTGAGCTGAGATCGTGCCACTGCACTCCAGCCTGGGCAACAAGAGCGAAACTTTGCCACAAAAAATGAAATGAAATGAAATAAAATAA","GCCGGGCGCGGTGGCTCAAGCCTGTAATCCCAGCACTTTGGGAGGCCGAGGCGGGTGGATCACAAGGTCAAGAGATTGAGACCATCCTGGTCAACATGGTGAAACCCCGTCTCTACTAAAAATACAAAAAAATTAGCTGGGCGTGGTGGCGCGTGCCTGTAATCCCAGCTACTCAGGAGGCTGAGGCAGGAGAATTGCCTGAAACCAGGAGGCGGAGGTTGCGGTGAACCGAGATCGCGCCATTGCACTCCAGCCTGGGTAACAAGAGCGAAACTCCGTCTCAAAAAATAAAATAAAATAAAATAAAACAA"
"chr6","2903645","2903942","JH378257","294971","295263","55","2608674","TCACGCCTGTAATCCCAGCACGTGGGGAGGCCAAGGTGGGCAGATTACCCGAGGCCAGGAGTTCGAGATCAGCTTGGCCAACATGGCGAAACCCCATCTCTACTCAAAATACAAAAAAAATTAGCCTGGTGTGGTGGCCTGTGCCTGTAATCCCAGCTACTGGGGAGGCTGAGGCAGGAGAATCGCTTGAAACTGGAAGGTGGAAGCTGCAGTGAGTCAGGATTGCGCCACTGCACCCCAGCCTGGGCAACAAGAACAAAACTCCATCTCAAAAAAAAAAAAAAAAAAAAAAAAAAAA","ACATCTGTAATCCCAGCACTTTGGGAGGCCGAGGCAGGTGGATCACGAGGTCAAGAGATCGAGACCATCCTGATCAACATGGTGAAACCCCGTCTCTACTAAAAATACAAAATAATTAGCTGGGCATGGTGGCGTGTGCCTGTAATCCCAGCTACTCAGGAGGCTGAGGCAGGAGAATTGCCTGAAACCAGGAGGCGGAGGTTGCAGTGAGCCGAGATCGCGCCATTGCACTCCAGCCTGGGTAACAAGAATGAAACTCTGTCTCAAAAAAAAAAAAAAAAAAAAGAAAGAAA"
"chr6","3443210","3443507","JH378136","18027573","18027877","49","14584363","GGCCCAGCGCGGTGGCTCACGCCTGTAACCCCAACACTTTGGGAGGCTGAGGTGGGTGGATCACGAGATCAGGAGTTTGAGACCGCCTGGCCAATATAGTGAAACCCCATCTCTACTAAAAATACAAAAAATCAGCCGGACATGGTGGCGGGCGCCTGTAATCCCAGCTACTCGGGAGGCTGAGGCAGGAGAATCGCTTGAAACCGGAAGACGGAGGTTTCGGTGAGCCGAGATGCACTCCAGCCTGGGCTAAAGAGCAAAACTCCGTCTCAAAAAAAAAAAAAAATAATTAAAATAA","GGCCGGGCGCGGTGGCTCAAGCCTGTAATCCCAGCACTTTGGGAGGCCGAGGCGGGTGGATCACGAGGTCAAGAGATCGAGACCATCCTGGTCAACATGGTGAAACCCCGTCTCTACTAAAAATACAAAAAATTAGCTGGGCATGGTGGCGTGTGCCTGTAATCCCAGCTACTCAGGAGGCTGAGGCAGGAGAATTGCCTGAAACCAGGAGGCAGAGGTTGTGGTGAGCCGAGATCACGCCATTGCACTCCAGCCTGGGTAACAAGAGCTAAACTCCGTCTCAAAAAAAAAAAAAAAAAAAGAAA"
"chr6","3896054","3896345","JH378245","3312448","3312742","46","583606","GCCAGGCTCTGTGCCTCACGCCTGTAATCCCAGCACTTTGGGAGGCTGAGGCGGGCAGATCACGAGGTCAGGAGTTCAAGACCAGCCTGACCAACATGGTGAAACCCGATCTTTACTAAAAATACAAAAAGTTACCTGGTGTGGTGGCGGGCACCTGTAGTCCCAGCTACGTGGGAGGCTGAGGCAGGAGAATCGCTCAGGAGGTGGAAGTTGCAGTGAGCCGAGATCGTGCCACTGCACTCCAGCCTGAGCGACAAGAGCAAAACTCCGTCTCAAAAAAACAGAGAAGGAA","GGCCAGTCGTGGTGGCTCTCGCCTGTAATCCCAGCACTTCGGGAGGCTGAGGCAGGCAGATCATGAGGTCAGGAGTTTGAGACCAGCCTGGCCAATATGGTGAAACCCCGTCTCTACTAAAAATACAAAAATTAGCTGGACATGGTGGTGGGCGCCTGTAATCCCAGCTACTTGGGAGGCTGAGGCAGGACAATCGCTTGAAACCTGAAGGCGGAGGTTGCAGTGAGCCAAGATCATGCCACTGCACTCCAGCCTGGGCGAAAGAGTAAAACTCCGTCTCAAAAAAAAAAAGAAA"
"chr6","5387868","5388038","JH378163","8328457","8328624","21","2940589","GGCCAGGTGCGGTGGCTCACGCCTGTAATCCCAGCACTTTGGGAGGCTGAGGCGGGCAGATCACAAGGTCAGTAGTTCAAGACCAGCCTGGCCAACATAATGAAACCCTGTCTCTACTAAAAATACAAAAAAATTAGCTGGGCGTGGTGGCAGGCACCTGTAATCCCAGCT","GGCCAGGTGCAGTGGCTTACACCCGTAATCCCAGCACTTTGGGAGGCTGAGGCAGGCCGATCATGAGGTCAGAAGTCCGAGACTAGCCTGGCCAACATGGTGAAACCCTGTCTCTACTAAAAATACAAAAATTAGCTGGGTGTGGTGGCAGGTGCCTGTAATCTCAGC"
"chr6","6399895","6400190","JH378127","10024758","10025055","44","3624863","GGCCGGGCGCGGTGGCTCACGCCTGTAATCCCAGCACTTTGGGAGGCCGAGGTGGGTGAATCACAAGGTCAGGAGTTCGAGACCAGCCTGGGCAACATGGTGAAACCCCGTCTCTACTAAACAAAAATTAGCTGGGCTTGATGGCGGGCACCTCTAATCCTAGCTATTCAGGAGGCTGAGGCAGGAGAATCGCTTGAACTCGGAAGGTGGAGGTTGCAGTGAGCTGAGATCACACCACTGCACTCCAGCCCAGGCAACAGGGAGAAACTCTGTCTCCAAAAAAAAAAAAAAAAAAA","GGCCGGGCGCGGTGGCTCAAGCCTGTAATCCCAGCACTTTGGGAGGCCGAGGCGGGTGGATCACGAGGTCAAGAGATCGAGACCATCCTGGTCAACATGGTGAAACCCCGTCTCTACTAAAAATACAAAAAATTAGCTGGGCATGGTGGCGTGTGCCTGTAATCCCAGCTACTCAGGAGGCTGAGGCAGGAGAATTGCCTGAGACCAGGAGGCGGAGGTTGCAGTGAGCCGAGATCGCGCCATTGCACTCCAGCCTGGATAACAAGAGCGAAACTCCGTCTCAAAAAAAAAAAAAAAA"
"chr6","6817310","6817595","JH378227","3749686","3749973","39","3067624","GGCTGGGCACGGTGGCTCACGCCTGTAATCTCAGCACTTTGGGAGGCCGGAGGTGGGCAGATCATGAGGTCAGGAGTTCGAGACCAGCCTGGCCAAATGGTGAAACCCCATGTCTACTAAAACGACAAAAATTAGCTGGCTGTGGTGGCAGGTGCCTGTAATCCCGGCTACTTGGGAGGCTGAAGCAGGAGAATCGCTTGAAACCAGAGGGTGAAGTTGCAGTGAGCCAAGATCGTGCCCCTGCACTCCAGCCTGGGCGACAAGAGTGAAACTCTGTCTAAAAAAA","GACTGGGCACGGTGGCTCACACCTGTAATCCCAGCACTTTGGGAAGCCAAGGTGGGCAGATCATGAGGTCAGGAGTTTGAGACCAACCTGGCCAACATGGTGAAACACCATCTCTACAAAAAATACAAATATTAGCTGGGCGTGGTGGCACGCACCTGTAATCCCACCTACTCGGGAGGCTGAGGTAGGAGAATCACTTAAAACTGGAAGGTGGAGTTTGCAGTGAGCCAAGATCGTGCCACTGCATTCCAGCCTGGGCAAAAGAGTGAAACTCCGTCTCAAACAAAA"
"chr6","7138194","7138501","JH378137","12880677","12880985","41","5742483","GGCCGGGCGCGGTGGCTCAAGCCTGTAATCCCAGCACTTTGGGAGGCCAAGGCGGGTGGATCATGAGGTCAGGAGTTCAAGACCAGTCTAGCCAACATGGTGAAACCCCGTCTCTACTAAAAATACAAAAATTAGCCGGGTGTGGTGGCGGGCGACTGTAATCCCAGCTACTCGGGAGGCTGAGGCAGGAGAATGGCTTGAAACCGGAAGGTGGAGGTTGCAGTGAGCCATCATGCCACTGCACTGCAGCCTGGGCAACAAGAGTGAAACCCTGTCTCAAAAAAAAAAAAAAAAAAGAAAAAGAAAAA","GGCTGGACGCGGTGGCTCACGTCTGTAATCCCAGCACTTTGGGAGGCCGAGGCGGGTGGATCAAGAGGTCAAGAGATTGAGACCATCCTGGTCAACATGGTGAAACCCCGTCTCTACTAAAAATACAAAAATTAGCTGGGCATGGTGGCACGTGCCTGTAATCCCAGCTACTCAGGAGGCTGAGGCAGGAGAATTGCCTGAAACCAGGAGGCGGAGGTTGCGGTGAGCCTAGATCGTGCCATTGCACTCCAGCCTGGGTAACAAGAGCGAAACTCCGTCTCAAAAAAAAAAAAAAAGAAAAAAGAAAAA"
"chr6","7426169","7426476","JH378107","46009365","46009670","40","38583196","GGCCAGGCGCAGTGGCTCACGCCTGTAATCCCAGCACTTTGGGAGGCCGAGGCATGTGGATCACGAGGTCAAGAGGTCAAGACCATCCTGGCCAACATGGTGAAACCCTGTCTCTACTAAAAATACAAAAAATTAGCCAGGCTTGGTGGCAGGCACCTGTAATCCCAGCTACTGAGGAGGCCGAGGCAGGAGAATCGAATCTGGGAGGCGGAGGTTGCAGTGAGCCGAGATTGCACTATTGCACTCCACCCTGGGCAAAAAGAGTGAAACTCCATCTCAAATAAATAAATAAAGTAAAATAAAATAAA","GGCCGGGCGTGGTGGCTCACGCCTGTAATCCCAGCACTTTGGGAGGCCAAGGCAGGTGGATCACGAGGTCAAGAGGTCGAGACCATCCTGGTCAACATGGTGAAACCCCGTCTCTGCTAAAAATACAAAAATTAGCTGGGCATGGTGGCACGTGCCTGTAATCCCAGCTACTCAGGAGGCTGAGGCAGGAGAATTGCCTGAAACCAGGAGGCGGAGGTTGCGGTGAGCCGAGATTGCGCCATTGCACTCCAGCCTGGGTAACAAGAGCGAAACTCCGTCTCAAAAAAAAAAAAAAAAAAAAAAAAA"
"chr6","8456909","8457141","JH378197","7261383","7261611","52","1195526","GGCCAGGTGTGGTGGCTCACGCCCCTCCTAATCCCAGCACTTTGGAAGGCCGAGGCGGGGAGACCACAAGGTCAGGAGTATCAAGACCAGCCCAGCCTGGCCAACATGGTGAAACCCTATCTCTACTAAAACTACATAAATTAGCTGAGCATGATGGTGAGCACCTGCAGTCCCAGCTACTCGGGAAGCTGACACAGGAGAATCGCTTGAGAACCGTGGAAGTGGAGGTTGCA","GGCCGGGTGCGGTGGCTCAAGCTTGTAATCCCAGCACTTTGGGAGGCCGAGGCGGGTGGATCACGAGGTCAAGAGATGGAGACCATCCTGGTCAACATGGTGAAACCCCATCTCTACTAAAAATACAAAAGATTAGCTGGGCATGGTGGCGTGTGCCTGTAATCCCAGCTACTCAGGAGGCTGAGGCAGGAGAATTGCCTGAACCCAGGAGGTGGATGGAGGTTGCAGT"
"chr6","8823575","8823873","JH378156","7076545","7076843","46","1747030","GGCCAGGCACGGTGGTCCACGCCTGTAATCCCAGCACTTTGAGACGCCGAGGCAGGTGAATCACAAGGTGAGGAGTTCAAGACCAGCCTGGCCAATATGGTGAAACCCCGCCTCTACTAAAAATACAAAAATTAACCGGGTGTGGTGGAGGGCACCTGTAATCTCAGCTACTTTTGAGGCTGAGGCAGGAGAATTGCTTGAACTAGGCAGGCGGAGGTTGCAGTGAGCTGAGATAGCGCCTTGCACTCCAACCTGGGCAATAAGAGCAAAACTTCGTCTCAAAAAAAAAAAAAAAAAAA","GGCCAGGTGCGGTGGCTCACGCCTGTAATTCCAGCACTTTGGGAGGCTGAGGCAGGTGGATCATGAGGTCAAGAGGTCAAGACCATCCTGGTCAACATGGTGAAACCCCGTCTCTACTAAAAATACAAAAAATTAGCTGGGCGTGGTGGCGGGTGCCTGTAATCCCAGCTACTCAGGAGGCTGAGGCAGGAGAATTGCCTGAAGCCAGAAGGCAGAGGTTGCAGTGAGCCGAGATAGCGCCATTGCACTCCAGCCTGGGTAACAAGAGCGAAACTCCATCTCAAAAAAAAAAAAGAAAA"
"chr6","9574604","9574678","JH378166","13136329","13136397","16","3561725","GACTGGGTGCGGTGGCTTACGCCTGTAATCCCAGCACTTTGGGAGGCCGATGCGGGCAGAATCAAAGCAGGAATT","GGCCGGGCGCGGTGGCTCAAGCCTGTAATCCCAGCACTTTGGGAGGCCGAGGCGGGTGGATCACTGAGG"
"chr6","9780191","9780453","JH378300","522382","522652","51","9257809","GGCCAGGCGCAGTGGCTCACACCTGTAATTCCAGCACTTTAGGAGGCCATGGCTGGCAGATCATGAGGTCAGGAGTTTGAGACCAGCATGGCCAACATGGTGAAACCACGTCTCTACTGGAAAAAAAAAATTAGCTGAGTGTGGTGACGCACGCCTGTAATCCCAGCTACTCAGGAGGCGGAGGTTGCAGTGAGCTGAGATTGCGCCACTGCACTCCAACCTGGGCAATGAGAGTAAAACTGTCTCAAAAAAAAAAAAAACAA","GGCCGGGCACGGTGGCTCACGCCTGTAATCCCAGCACTTCGGGAGGCTGAGGCGGGTGGATCGCGAGGTCAAGAGATCGAGACCATCTTGGTCAACATGGTGAAACCCCGTCTCTACGAAAAATACAAAAATTAGCTGGGCATGGTGGCGGGTGCCTGTAATCCCAGCTACTCAGGAGGCGGAGGTTGCGGTGAGCCGAGATCGCGCCATTGCACTCCAGCCTGGGTAACAAGAGCAAAACTCTGACTCAAAAAAAAAAAAAAAAAAAAAA"
"chr6","9887074","9887366","JH378127","10024758","10025055","45","137684","GGCCGGGCGCGGTGGCTCACGCCTGTAATCCCAGCCCTTTGGGAGGCCAAGTCAGGCAGCTCACAAGGTCAGGAGATCAAGACCAGCCTGGCTAACACGGTGAAACCCCATCTCTACTAAAAATACAAAACAATTAGCCGGGCATGGTGGCGAGCACCTGTAGCTACTCAGGAGGCTGAGGCAGGAGAATCGCTTGAACCCAGAAGGCAGAGGTTGCAGTGAGCAGAGATTGTGCCATAGCACTCCAGCCTGTACAACAAAAGCAAAACTCTGCCTCAAAAAATAAAATAAAA","GGCCGGGCGCGGTGGCTCAAGCCTGTAATCCCAGCACTTTGGGAGGCCGAGGCGGGTGGATCACGAGGTCAAGAGATCGAGACCATCCTGGTCAACATGGTGAAACCCCGTCTCTACTAAAAATACAAAAAATTAGCTGGGCATGGTGGCGTGTGCCTGTAATCCCAGCTACTCAGGAGGCTGAGGCAGGAGAATTGCCTGAGACCAGGAGGCGGAGGTTGCAGTGAGCCGAGATCGCGCCATTGCACTCCAGCCTGGATAACAAGAGCGAAACTCCGTCTCAAAAAAAAAAAAAAAA"
"chr6","10277841","10278137","JH378129","7783178","7783478","47","2494663","GACTGGGTACAGTGGCTTATGCCTGTAATCCCAGCATTTTGGGAGGCCGAGGTGGGCGGATCACGAGGTCAGGAGATTGAGACCATCCTGGCCAACATGGTGAAACCCCATCTTTACTAAGTAAACTACAAAAATTAACTGGGTAGCGTGCACCTGTAATCCCAGCTATTTGGGAGGCTGAGGCAGGAGAATCACTTGAATCCGGGAAGTGGAGATTGCAGTGAGCCGAGGTCATGCCATTGCACTCCAGCCTGGGCAACAAGAGTGAAACTCAGTCTCAGAAAAAAGAAAAAAAAA","GGCCGGGCGCGGTGGCTCAAGCCTGTAATCCCAGCACTTTGGGAGGCCGAGGTGGGTGGATCACGAGGTCAAGAGATCGAGACCATCCTGGTCAACATGGTGAAACCCTGTCTCTACTAAAAATACTAAACATTAGCTGGGCATGGTGGCGCATGCCTGTAATCCCAGCTACTCAGGAGGCTGAGGCAGGAGAATTGCATGAAACCAGGAGGCGGAGGTTGCGGTGAGCCGAGATCGTGCCATTGCACTCCAGCCTGGGCAACAAGAGTGAAACTCCGTCTCAAAAAAAAAAAAAAAAGAA"
"chr6","10321756","10321899","JH378334","303191","303331","21","10018565","GACTGGGCGCAGTGGCTCACGCCTGTAATCCCAGCACTTTGGGAGGCTGAGGCAGGTGGATCATGAGGTCAGGAGTTCGAGACCAGCCTGGCCAACATGGTGAAACCCTGTCTTTACTGAAAATACAAAAATTAGCCAGACGTA","GCTGGGCTGGTGGCTCAGGCCTACAATCCTAGCACTTTGGGAGGCTGAGGCGGTTGGATCACCGAGGTCAGGAGTTCGAGACCAGTCTGGCCAACATGGTGAAACCCTGTCTCTACTAAAAATACATAAATTAGCTGGGTG"
"chr6","10322197","10322365","JH378153","15964977","15965150","42","5642780","CAGTTAGCCTGGCGTGGTGTCATACGCCTGTAATCCCAGCTACTCAGGAGGCTGAGACAGGAGAATCACTTGAAACTGGAAGGCAGAGGTTGCAGTGAGCTGAGACTCCAGCCTGGGCAACAAGATCCAAACCCTGCCTCAAAAAAATAAATAAATAAAAATAAAAAAA","CCAGGCGTCGTAGTGGACACCGGTAATCCCAGCTACTCAGGAGGCTGAAGCAGGAGAATCGCTTGAAACCAGAAGGCGGAGGTTGCAGTGAGCCAAGATCACACCACTGCACTCGAGCCTGGGCAACAAGAGCAAAACTCTGCCTCAAAATAAATAAATAAATAAATAAATAAA"
"chr6","10878328","10878624","JH378205","1510121","1510420","48","9368207","CGGGCGCAGTGGCTGACGCCTGTAATCCCAGCACTTTAGGAGGCAAAAGTGGGCAGATCACGAGGTCAGGAGTTCGAGACCAGCAGCCTGGCCAACATAGTGAAACCTTGTCTCTACTAAAAATACAAAAAATTAGCTAGGCGTGGTGGCAAGCGCCTATAGTCCCAGCTACTTGGGGAGCTGAGGAAGGAGAATCGCTTGAACCTGGAAGGCAGAGATTGTGGTGAGCCGAGATCGTCACTGCACTCCAGCCTGGGCAACAAGAGTGAAACTCCGTCTCAAAAAAAAAAAAAAAAA","GGCTGGACGTGGTGGCTCACACCTGTAATCCCAGCACTTTGGGAGGCCAAGGTGGGCAGATCACGAGGTCAGGAGTTCGAGAACAGCCTGGCCAACATGGTGAAACCCCATCTCTACTAAAAATACGAAAATTAGCTGGGCGTGCTGGCGAGCACCTGTAATCCCAGCTACTCGGGAGGCTGGGGCAGGAGAATCACTTGAAACCGGAAGGCAGAGTTTGCAGTGAGCTGAGATCGTGCCATTGCACTCCAGCCTGGGCGACAGGAGTGAAATTCTGTCTCAAAAAGAAAAGAAAAGAAA"
"chr6","10887318","10887615","JH378148","3009466","3009760","36","7877852","GGCTGGGTGCGGTGGCTCACGCCTGTAAACTCAGCACTTTGAGAGTCTGAGGTGGGTGGATCATGAGGTCAGGAGTTCAAGACCAGCCTGGCCAACATAGTGAAACCCCGTCTCTACTAAAAAAAATACAAAAATTAGTCAGGCGTGGTGGTGGGCGCCTGTAATCCCAACTACTCAGGAGGCTGAGGCGGGAGAATTGCTTGAAACCAGAAGGCAGAGGTTGCAGTGAGCCAAGATCACGCCACTGCACTCCAGCCTGGGCAATAAGAGCAAAACTCCGTCTCAAAAAAATAAAAAA","GGCCAGGTGTGGTGGCTCACGCCTGTAATCCCAGCACTTTGGGAGGCCGAGGCAGGTGGATGATGAGGTCAGGAGTTCGAGACCAGCCTGGCCAAAATGGTGAAACCCTGTCTCTACTAAAAATACAAAAAAATTAGCCAGGCGTGGTGGCATGCGCCTATAATCCCAGCTACTCAGGAGGCTAAGGCAGGAGAATCACTTGAAACCAGAAGGCAGAGGTTGCAGTGAACTGAGATCACGCCACTGCACTCCAGCCTGGGCAACAAGAGCAAAACTCCATCTCAAAAAATAAAAA"
"chr6","11172919","11173225","JH378110","34753497","34753807","45","23580578","GGCTGGGCGCGGTGGCTCATGCCTGTAATCCTAGCACTCTGGGAGGCCAAGGTGGGCGGATACGAGGTCAGGAGTTTGAGACCAGCCTGGCCAACATGGTGAAACCCATCTCTACTAAAAATTCAAAAATTAGCCAGGCATGGTGGCAGGTGTCTGTAATCCCAGCTATTTGGGAGTCTGAGGCAAGAGAATCACTTGAACCGGAAGGCAGAGGTTGCAGTGAGCCGAGATCACACTATTGCACTCCAGCCTGGGCAACAAGAGCGAGACTTTGTCTCAAAAAAAAAGAAAAAAGAAAAGAAAAAAA","GGCTGGGCGCGGTGGCTCATGCCTGTAATCCCAGCACTTTGGGAGGCCGAGGCGGGTGGATCACGAGGTCAAGAGATCGAGACCATCCTGGTCAACATGGTGAAACCCCGTCTCTACTAAAAATACAAAAATTAGCTGGACATGGTGGCACGTGTCTGTAATCCCAGCTACTCAGGAGGCTGAGGCAGGAGAATTGCCTGAAACCAGGAGGCAGAGGTTGCAGTGAGCCGAGATCGCGCCATTGTACTCCAGCCTGGGTAGCAAGAGCGAAACTCTGTCTCAAAAAAAATAATAATAAAAATAAAAAATAA"
"chr6","11560841","11561149","JH378127","13837233","13837537","52","2276392","GGCAGGGCACGGTGGCTCACTCCTGTAATCTCGGCACTTTCGGGGGCCAAGGCGGTTGGATCACGAGGTCAGGAGTTCGAGACAGCCTAGTCAACATGGAAAAACCCCGTCTCTACTAAAAATACAAAAATTAGCCGGGCGTGGTGGTGGGCGCATGAAATCCCAGCTACTCGGGAGACTGAGGCAGGAGAATCGCTTTAGTCAGGAAGGCGGACGTTACAGTGAACCGAGATTGTGCCATTGCACTCCAGCCTAGGCGACAAGAGTGAAACTCCATCTCATAAAAAGAAGAAGAATAATAACAACAAA","GGCCGGGCATGGTGGCTCAAGCCTGTAATCCCAGCACTTTGGGAGGCCAAGGCGGGTGGATCACGAGGTCAAGAGATCGAGACCATCCTGGTCAACATGGTGAAACCCCGTCTCTACTAAAAATGCAAAAAATTAGCAGGGCATGGTGGCGCGTGCCTGTAATCCCAGCTACTCAGGAGGCTGAGGCAGGAGAATTGCCTGAGGCCAGAAGGTGGAAGTTGCAGTGAGCCAAGAGTGCGCCATTGCACTCCAGCCTGGGTAACAAGAGCGAAACTCCATCTCAAAAAAAAAAAAAAAAAAAAAAA"
"chr6","12090327","12090641","JH378107","46009365","46009670","51","33919038","GGCCAGGCGTGGTGGCTCACACCTGTAATCCCAGCACTTTGGGAGGCCAAGGCAGGTGGATCACAAGGTCAGGGGTTCGAGACAAGCCTGGCCAACATGGTAAAACCCTGTCTCTACTAAAAATAAAAAAATCAGCTGGGCGTGGTGGGGGCACCTGTAATCGCAGCTACTGAGGCGGCTGAGGCAAGAGAATCGCTTGAATCCGGGAGGCGGAGGTTGCAGTGAGCCAAGATGGCGCCACTGCACTCCAGCCCAGGCAACAGTGCTACACTCCATCTCAAGAAACAAAAACAAACAAATTTAAAAATTCAAAAA","GGCCGGGCGTGGTGGCTCACGCCTGTAATCCCAGCACTTTGGGAGGCCAAGGCAGGTGGATCACGAGGTCAAGAGGTCGAGACCATCCTGGTCAACATGGTGAAACCCCGTCTCTGCTAAAAATACAAAAATTAGCTGGGCATGGTGGCACGTGCCTGTAATCCCAGCTACTCAGGAGGCTGAGGCAGGAGAATTGCCTGAAACCAGGAGGCGGAGGTTGCGGTGAGCCGAGATTGCGCCATTGCACTCCAGCCTGGGTAACAAGAGCGAAACTCCGTCTCAAAAAAAAAAAAAAAAAAAAAAAAA"
"chr6","12281633","12281768","JH378255","1235513","1235640","20","11046120","TGTAATCCCAGGTACTCGGGAGGCTGAGGCGGGAGAATTGCTTGAAACTAAGAGGTGGAGGTTGCAGTGAGCTGAGATCGTGCCACTGCACTCCAGCCTAGGCAACAAGAGTGAAACTTTGTCTCAAAAAAAAAAA","TGTCATCCCAGCTACTCGGGAGGCTGAGGTGGGAGAATTGCTTGAAACCAGGAGGTGGAGGTTGCCGTGAGCCGAGATCACACCACTGCACTCCAGCCTGGGCAACAAGAGTGAAACTTCGTCTCAAA"
"chr6","13119441","13119733","JH378117","25647280","25647574","38","12527839","CCGGGCACGGTGGCTCACGCCTGTAATCCCAGCACTTTGGGAGGCCGAGGCAGGCAGATCACCAGGTCAGGAGTTTGAGACCAGCCTAGTCAACATGGTGAAACCCTGTCTTTACTAAAAATACAAAATTAGCCGGGTGTGGTGGCAGGCGCCTGTAATCCCAGCTACTCAGGAGGCTGAGGCAGGAGAATCGCTTGAACCTGAAGGCGAAGGTTGCAGTGAGCCGAGATCACACCATTGCACTCCAGCCTGGGCAACGAGAGCGAAACTCTGTCTCAAAAGAAAGAAAGAAA","CCGGGCTCGGTGGCTCACACCTGTAATCCCAGCACTTCCTGGGAGGCCGAGGCAGGTAGATCATGAGGTCAGCAGTTCGAGGCCAGCCTGGCCAACATGGTGAAACCCCGTGTCTACTAAAAATACAAAAATTAGTCTGGCATGGTGGCAGGTGCCTGTAATCCCAGCTACTCGGGAGGCTGAGGCAGGAGAATCGCTTGAAACTGGAAAGCGGAGGTTGCAGTGAGCCGAGATGGTGCCATTGCACTCCAGCCTGGGCAAAAGAGCAAAAACTCTGTCTCAAATAAATAAAAAA"
"chr6","13158096","13158423","JH378176","1335842","1336152","60","11822254","GGCCGGGTGCAGTGGCTCACACCTGTAATCCCAACACTTTGGGAGGGCGAGGCAGGTGGATCACGAGGTCAGGAGTTCGAGGTCAGCCTGGCCTATGTGGTGAAACCTCGTCTCTACTAAAAATACAAAAATTAGCCACGCGTGATGGCGGACACCTGTAATCCCAGCTACTCAGGAGGCTGAGGCAGGAGAATCGCTTGAAACCGGAAGGCGGAGGTTGCAGCGAGTGGAGATCGCGCCACTGCACTCCAGCCTGGGCGAAAGAGCGAAACTCCGTCTCAAAAAAAAACAAAAACAAACAAACAAACAAAAAACAGAAAAACAAAAA","GGCTGGGTGCAGTGGCTCATCTCTGTAATCCCAGCACTTTGGGAGGTTGAGGAGGGCGGATCATGAGGTCAGGAGTTCGAGACCAGCCTGGCCAATGTGGTAAAACCCCATCTCTACTAAAAATACAAAAGTTAGCTGGGCGCAGTGGCGGGCACCTGTAATTCCAGCTACTTGGGAGGCTGAGGCAGGAGAATCACTTGAAACCGGAAGGCAGAGGTTTCAGTGAACCGAGATCACGCCATTACACTCCAGCCTGGGCGAAAAGAGCAAAACTCCATCTCAAAACAAAACAAAACGAAAAAAAAAAAAAA"
"chr6","15282553","15282855","JH378169","11824133","11824434","39","3458420","GGCTGGGTACAGTGGCTCACGCCTGTAATCCCAGCACTTTGGGAGGCTGAGGCAGGTGGATCACGAGGTCAGAAGTTCAAGACCAGACTGGCCAACATGATAAAACCCTGTCTCTACTAAGAATACAAAAATTAGCCGAGTGTGGTGGTGGGCGCCTGTAATCCCAGTTACTCGGGAGGCTGAGGCAGGAGAATCGCTTGAAACTGGAAGGTGGAGGTTGCAGTGAGCGGAGATCGTGCCACTGCACTCCAGCCTGGGCAAAAGAGCAAAACTCCGTCTCAAAAAAAAAAAGAAAAATGAAAA","GGCTGGGCACAGTGGCTCAAGCCTGTAATCCCAGCACTTTGGGAGGCCGAGGCTGGCAGATCATGATGTCAGGAGTTCAAGGCCAGCCTGATCAACATGGTGAAACCCTGTCTCTACTAAAAATACAAAAATTAGCCAGGCATGGTGGCAGGTGCCTGTAATCCCAGCTACTCCAGAGGCTGAGGCAGGAGAATTGCTTGAAACCAGAAGGCGAAGGTTGCAGTGAGCTGAGATTGCACCACTGCACTCCAACCTGGGCAAAAGAGCAAAACTCCATCTCAAAAAAAAAAAGAAAAGTAAAA"
"chr6","16120933","16121221","JH378156","7076545","7076843","48","9044388","GGCCAGGCATGGTGGCTCACACCTGTAATCCCAGCATTTTGGGAGGCTAAGGCAGGCGGATCAGCAGTTCGAGACCAGCCTGGCTAACATAGTGAAACCCCGTCTCCACTAAAAATATAAAAATTAGTCTGGCGTGGTGTTGGGTGCCTGTAGTCCCAGCTACTCGGGAGGCTGAGGCAGGAGAATCGCTTGAACCCAAGAAGACGAGGTTGCAGTGAGCTGAGATCATGCCATGGCACTCCAGCCTAGGTAACAAGAGCAAAACTCACTCTCAAAAAAAAAAAAAGAA","GGCCAGGTGCGGTGGCTCACGCCTGTAATTCCAGCACTTTGGGAGGCTGAGGCAGGTGGATCATGAGGTCAAGAGGTCAAGACCATCCTGGTCAACATGGTGAAACCCCGTCTCTACTAAAAATACAAAAAATTAGCTGGGCGTGGTGGCGGGTGCCTGTAATCCCAGCTACTCAGGAGGCTGAGGCAGGAGAATTGCCTGAAGCCAGAAGGCAGAGGTTGCAGTGAGCCGAGATAGCGCCATTGCACTCCAGCCTGGGTAACAAGAGCGAAACTCCATCTCAAAAAAAAAAAAGAAAA"
"chr6","17089898","17090203","JH378116","34204048","34204349","45","17114150","GGTTGAGCACAGTGGCTCACGCCTGTAATCCCAACACTTTGGGAGGCTGAGGTAGGTAGACCACAAAGTCAGGAGTTCAAGACCAGTCTGGCCAACATGGTGAAACCTTGTCTCTACTAAAAATACAAAAAATTAGCCTGACGTGGTGGCAGACGCCTGTAATTCCAGCTACTTGGGAGGCTGAGGCAGAAGAATCACTTGAATCTGACAGGCGGAGGTTACATTGAGCCGAGATTGTGCCACTGCACTCCAACCTGGGCAACAAGAGCAAGACTTGGTCTCAAAAAAAAAAGAGAGAGAGAGAAA","GGCTGGGCACGGTGGCTCACGCCTGTAATCTCAGCACTTTGAAGGCTGAGGTGGGTGGATCACAAGGTCAGGAGTTCAAGACCAGCCTGGCCAACGTGGTGAAACCATGTGTCTACTAAAAATACAAAAATTAGTCAGATGTGGTAGTGGGCGCCTGTAATCCCAGCTACTTGGGAGGCTGAGGCAGGAAAATCACTTGAAACCAGAAGACGGAGGTTGCAATGAGCCGAGATTGCACCACTGTACTCCAGCTTGGGCAAAAGAGCAAAACTCCTTCTGAAAAAAAAAGAGAGAGAGAGAAA"
"chr6","17661778","17662082","JH378173","5034027","5034323","44","12627751","GGCTGGGCTCGGTGGCTCACGGCTGTAATCTCAGCACTTTGGGAGGCTGAGGTGGGTGGATCACAAGGTCAGGAGCTCGAGACCAGCCTGGCCACCATGGTGAAACGCCATCTGTACTAAAAATACAAAAATTAGCCAGGCATGGTGGCGGGCACCTGTAGTCCCAGCTTCTCTGGAGGCTGAGGCAGGAGAATCACTTGAATCTGGGAGGTGGAGGTTGCAGTAAGCTGAGGTCATGCCATTACACTCCAGCCTGGGCAACAAGAGCAAAACTCCATCTCAAAAAAACATAAAAAAATAAAAAA","GGCTGGGCACAGTGGCTCACACCTGTAATCCCAGCACTTGAGAGGCTGAGGTGGGCAGATCATGAGCTCAGGAGTTCGAGACCAGCCTGCCTACATGGTGAAACCCCATCTCTAGTAAAAATACAAAAATTAGCCAGTCATGGTGGCATGCACCTATAATCCTAGGTACTTGGGAGGCTGAGGCAGGAGAATCGCTTGAATCCAGAAGGTGGAGGTTGCAGTGAGCCAAGATCATGCCATTGCACTCCAGCCTGGGCAACAAGAGCAAAACTCCCTAAAAAAAAAAAAAAAAAAAAA"
"chr6","17717115","17717396","JH378112","34465721","34465992","72","16748606","GGCCGGGCCTGGTGGCTCATGCCTGTAATCCCAGCACTTTGGGAGGCCACGGTGGGCAGATCACCGGAGGTCGGGAGTTCGAGACCTGCCTGGTCAATATGGTGAAACACTGTCACCACTAAAAATAAAAAAAAAATAAATTAGCCAGGTGTGGTGGTGTGCGCCTGTAATCCCAGCACTTTGGGAGGCCACGGTGGGCAGATCACCGGAGGTCGGGAGTTCGAGACCTGCCTGGTCAATATGGTGAAACACTGTCACCACTAAAAATAAAAAAAAAAAAAA","GGCCGAGCGCTGTGGCTCACGCCTGTAATCCCAGCACTCTGGGAGGCTGAGGCAGGTGGCTTGCCTGACTGAGGTCAGGAGTTTGAGACCATCCTGGTCAACATAGTGAAACCCAGTCTCTACTAAAAATACAAAAAATTAGCTGGGCATGGTGGCAGGCATCTGTAATCCCAGCACTTTGGGAGGCCAAAGCAGGTGAATCACCTGAGGCAGGAGTTTGAGACCAACCTAGTCAACAAGGTGAAACTTCATCTCTACTAAAAATATAAAAA"
"chr6","17911944","17912247","JH378156","7076545","7076843","40","10835399","GCCAAGTGCGGTGGCTCACTCCTGTAATATCAGCATTTTGGGAGGCTGAGGCAGGCGGATGACAAGGTCAGGAGTTCAAGACCAGCCTGGCCAACATGGTGAAACCCCATCTCTACTAAAAATACAAAAAATTAGCTGGGCGTAGTGGCGGGCCCCTGTAATCCCAGCTACTCGGGAGGCTGAGGCAGGGGAATTGTTTGAAACCAGGAGGCAGAGGTTGCAGTGAGCTGAGATCATGCCACTGTACTCCAGCCTGGGAGACAAGAGCGAAACTCCGTCTCAAACAAAACGAACAAAAAAAAAA","GGCCAGGTGCGGTGGCTCACGCCTGTAATTCCAGCACTTTGGGAGGCTGAGGCAGGTGGATCATGAGGTCAAGAGGTCAAGACCATCCTGGTCAACATGGTGAAACCCCGTCTCTACTAAAAATACAAAAAATTAGCTGGGCGTGGTGGCGGGTGCCTGTAATCCCAGCTACTCAGGAGGCTGAGGCAGGAGAATTGCCTGAAGCCAGAAGGCAGAGGTTGCAGTGAGCCGAGATAGCGCCATTGCACTCCAGCCTGGGTAACAAGAGCGAAACTCCATCTCAAAAAAAAAAAAGAAAA"
"chr6","18125642","18125889","JH378140","14368734","14368986","39","3756908","GCCGAAGCGGGCGAATCATGAGATCAGGAGTTCGAGACCAGCCTGGCCAACATGGTGAAACCCCATTTCTACTAAAAATACAAAAATTATCTGGGAGTGGTGTAGGGCGCCTGAAATCCCGGTTACTCGGGAGGCTGAGGCAAGAGAATCGCTTGAAACTGGAAGGCGGAGGCTGCAGTGAGCTGAGATCGTGCCACTGCATTCCAGCCTGGGCGACAAGAGTGAAACTCCGTCTCAAAAAAAAAAAA","GAGGCTGAGGTGGGAGGATCAGGAGGTCAGGAGTTCGAGACCAGCCTGGCCAACATGGTGAAACCCCATCTCTACTAAAAATACAAAAATTAGCCGGGCGTGGTGGCGGATGCCTGTAATCCCAGCTACTCAGGAGGGTGAGGCAAGAGAATCGCTTGAAACTGGAAAGCGGAGATTCCAGTGAGCTGAGATCACGCCAATGCACTCTAGCCTAGGCGAAAGAGCAAAACTCCGTCTCTAAATAAATAAAAAA"
"chr6","18170848","18171146","JH378130","7588210","7588506","48","10582638","GGCCGGGCATGGTGGCTCTTGCCAGTAATTCCAGCACTTTGAAAGGCTGTAGTGGGCGGATCACAAGGTCAGGAGTTTGAGACCAGCCTGGCCAACACGGTGAAATCCCAACTCTACTAAAAATACAAAAATGAGCTGGGCGTGGTGGCAAGCACCTGTAATCCCAGCTGCTCAGGAGGCTGAGGCAGGAGAATTGCTTGAAACTGGAAGGCAGAGGTTGCAGTGAGCCAAAATCAAGCCACTGCACTCCAGACTGTGAAAAAGCAAAACTCCATCTCAAAAAAACAAACAAAAAAAAA","GGCCGGGTGTGGTGGCTCACACCTATAATCCCAGCACTTTCGGAGGCTGAGTTGGGTGGATCACAAGGTCAGGAGTTCGAGACCAGCCTGGCCAACGTGGTGAAACCCCATCTCTACTAAAAATACAAAAATTAGCTGGGCATGGTGCGGGCACCTATAATCCCAAGGTACTCAGGAGGCTGAGGTAGGAGAATCGCTTGAAACAGGAAGGCAGAGGTTGCTGTGAGCCGAGATCATGCCACTGTACTCCAGCTTAAGCAAAAGAGCAAAACTCCATCTCAAAAAAATAAATAAAAA"
"chr6","18424261","18424525","JH378149","8670852","8671127","59","9753409","GGCCAGGTGCAGTTTCTTAAGCCTGTCATCCTAGCACTTTGGGAGGGTAAGGTGGGCAGATACATGAGGTCAGAAGTTTGAGACCAGCCTGGCCAACATGTACACCATCTCTACTAAAAATACAAAAATTAACTTGGCGATGTGGTATGCACTTGTAATCCCAGCTACTTGGGAGACTGAGGTAGGAGAATTGCTTAAACCAGAAGGCAGAGGTTGCAGAGAGTTGAGATTGCACCACTGCACTTTAGCCTGGGCAGCAAAGCAA","GCCAGGTGTGGTGGCTCATGCCTGTAATCCCAGCACTTTGGGAGGCCAAGGCAGGCAGATCACGAGGTCAGGAGTTTGAGACCAGCTTGGCCAACATGATGAAACTCCATCTTTACTGAAAATACAAAAACAATTAGGTGGGCCTGGTGGTGGGCACCTGTAATCCTAGCTACTCGGGAGGCTGAGGCAGGAGAATTGCTTGAAACTGGAAGGCGGAGGTTGCAGTGAGCCAAGATCCTACCACTGCACTTCAGCCTAGTCAGCAAGAGCAAAACT"
"chr6","18482225","18482526","JH378123","21576066","21576366","47","3093841","GGCCGGACATGGTGGCTCATGCCTGTAATCACAGCAATTTAGGAAGCTGAGGCAGGTGGATCATGAGGTCAGGAGTTCGAGACCAGCCTGGCCAACATGGTGAAGCAATGTCTTTACTAAAAATACAAAAATTTGCTGGGTGTGGTGGTGGGCACCTGTAATCTCAGCTACTCGGGTGCCTGAGGCAGGAGAATTGCTTGAAACAGGTAGGCAGAGGTTGCAGTGAGCCAAGATCATGCTATTGTACTCCAGCCTTGGCAACAAGAGCAAAACTCCATCTCAAAAAAAAAAAAAAGAAAAAA","GGCTGGGCACGGTGACTCACACCTGTAATCCCAACATTTTGGGAGGCTGAGGCAGGCAGATTACAAGGTCAGGAGTTCAGGACCAGCCTGGCCAGCATGGTGAAACCCTGTCTCTACTAAAAACACAAAAATTAGCTGGGCATGATGGTGAGCACTTGTAATCCCAGCTACTCGGGAGGCTGAGGCAGCAGAATAGCTTGAAACTGGAAGGTAGAGGTTGCAGTGAGCTGAGATCACGCCATTGCACTGCAGCCTGGGCAACAAGAGCAAAACTCCATCTCAAAAAAAAAAAAAACAAAAA"
"chr6","18989195","18989441","JH378239","5400101","5400333","38","13589094","GGCCAGGCGCAGTGGTTCACGCCTATAATCCCAGCACTTTGGGAGGCCGAGGCAGATGAATCACGAGGTCAGGAGTTCGAGACCAGCCTGGCCAACATGGTGAAACCCCATCTCTACTAAAAATACAGAAATTAGCCTGTCGTGGTGGCTGGCGCCTGTAATCCCAGCTACTTGGGAGGCTGAGGCAGAAGAATCGCTTAAAACCAGAAGACAGAGGTTGCAGTGAGCTGAGATCGTGCTACTGCGC","GGCCGGGCGTCATAGCTCACTCCTGTAATCCCAGAACTTTGGGAGGCCAAGGCAGGCGGATCACAAGGTCAGGAGTTTGAGAGCAGCCTGGCCAACATGGTGAAACCCCATCTCTACTAAAAATACAAAAATCAGCCAGGCGTGGTGGCAGGTGCCTGTAATCCCAGCTACTTGGGAAGCTGAGGCAGGAGAATCGCTTAAAACCAGAAGCAAAGGTTGCAGTGAGCTAAGAT"
"chr6","19056410","19056715","JH378137","4716291","4716586","52","14340119","GCCAGGAGCAGTGGCTCATGTCTGTAATCCCAGCACCTCGGGAGGCCGAGGTGGGTGGATCACGATGTCAGGAGTTCGAGACCAGCCTGGCCAACACGATGACATGCTGTCTCTACTAAAAATACAAAAATTAGCTGGGTGTGGTGGTGTGCACCTGTAATCTCAGTTACTCGGGAGGTTGAGGCAGAAGAATCGCTTGCAACTGGAAGTCGAATGTTGCAGTGAGCCAAGATCACACCACTGCACTCCAGTCTGGGCGAAAGAGCAAAACTCCATCTCAATAAACAGAACAAAACAAAAAAAGAA","GGCCGGGCACAGTGGCTCATGCCTGTAATCCCAGCACAGTGGGAGGCAGAGGCAGGTAGATCACGAATTCAGGAGTTCGAGACCATCCTGGCCAACATGGTGAAACCCCATCTCTACTAAAAATACAAAAATTAGTTGGGTGGTGGTGTGCACCTATAATCCCAGCTATTTGGGAGGCTGAGGCAGTAGAATCGCCTGGAACTGGAAGGCATAGGTTGCAGTGAGCCGAGATCACACCACTGCACTCCAGCCTGGGCAAAAGAGTGAAACTCCATCTTAAAAAAAAAAAAAAAAAA"
"chr6","19462418","19462538","JH378131","12820060","12820177","30","6642358","GAGATTGAGGGAGGAGAATCGCTTGAAACCAAAAGGCGAAGGATACAGTAAGCTGAGATTCAGCCACTGCACTCTAGCCTGGGTGAAAGAGCGAAACTCCATCTCACACAAAGAAACAAAA","CTGAGGCAGGAGAATTGCTTGAAGCCAGAAGGCAGAGGTTGCAGTGAGCTGAGATCATGTCATCGCACTCCATCCTGGGTAACAAGAGTGAAACTCTGTCTCAAAAAAAAAAAAAAAA"
"chr6","19491467","19491762","JH378106","58660565","58660863","46","39169098","GCCAGGCATGGTGGCTCACACCTGTAATCCCAACACTTTGGGAGATTGAAGCAGGCAGATGATGACGTCAGGAGTTTGAGACCAGCCTGGCTAACATGGTGAAACCCCATCTTTACTAAAAATACAAAAATTAGCTGGGTGTGGTGGCAGGCGCCTGTAATCCCAGCTACTCAGTAGGCTGAGGCAGGCGAATCACTTGAAACTGGAAGTAATGGTAGTGAGCCAAGATCATGCCACTGCACTCCTGCCTGGGCAAAAGAGTGAAACTCCATCTTAAAAAAACAAAACAAAAAGAA","GCCAGACACGGTGGCTCACACCTGTAATCCCAGCACTTTGGGATGTCGAGGTGGGCAGATCATGAGGTCAAGAGTTTGAGACCAGCCTGGCCAACATGGTAAAACCCTATCTCTACTAAAAATACAAAAATTAGCTGGGTGTGGTGGCAGGTGCCTGTAATCCTAGCTACTTGGGAGCCTGAGGCAGGAGAATCACTTGAAACTGGAAGGCAGAGGTTGCAGTGAGCCGAGATAGTGCCACGGCACTCCAGCCTAGGCAACAAGAGCGAAACTGTCTCAAAAAAAGGAAAAAAAAAAAA"
"chr6","19636925","19637160","JH378239","5400101","5400333","33","14236824","GGCTGGGTGCGATGGCTCATGTCTGTAATCCCAGTACTTTGGGAGGCCGAGGCGGGTGGATCATGAGGTCAGGAGTTTGAGACCAGCCTGGCCAACATGGCGAAACTCCATCTCTAATAAAAATAACAAAAATTAGCCGGGCATGGTGGTGGGCACCTGTAATCCCAGCTACTTGGGAGGCTGAGGCAGGAGAATCGCTTGAACCCAGAAGGCAGAGGTTGCAGTGAGCCAAGATC","GGCCGGGCGTCATAGCTCACTCCTGTAATCCCAGAACTTTGGGAGGCCAAGGCAGGCGGATCACAAGGTCAGGAGTTTGAGAGCAGCCTGGCCAACATGGTGAAACCCCATCTCTACTAAAAATACAAAAATCAGCCAGGCGTGGTGGCAGGTGCCTGTAATCCCAGCTACTTGGGAAGCTGAGGCAGGAGAATCGCTTAAAACCAGAAGCAAAGGTTGCAGTGAGCTAAGAT"
"chr6","19838222","19838521","JH378124","6602405","6602705","40","13235817","GGACGGGTGCAGTGGCTCACGGCTGTAATCCCAGTACTTTGGGAGGCCGAGGCAAGCGGATCACAAGGTCAGGAGTTTGAGACCAGCCTGGCCAACATGGTGAAACCCCGTCACTACTAAAAATACAAAAATTATCGAGGCGGGGTGGCGGGAGCCTGTAATCCCAGCTACTCGGAAGACTGAGGCAGGAAAATCGCTTGAAATAGGAAGGCAGAGGTTGCAGTGAGTCGAGATTGCACCACTGCACTCCAGCCTCGGCAAGAAGAGTGAAACTCTGTCTCAAAACAAAACAAAACAAAA","GGCTGGGTGCAGTGACTCATGCCTGTAATCCCAGCACTTTGGGAGGTTGAGGCCAGTGGATCACAAGGTCAGGAGTTCGAGACCAGCCTGGCCAACATGGTGAAACCCCATCTCTACTAAAAATACAGAAATTAACTGGACGTGGTGGCAGACGCCTGTAATCCTAGCTACTCGGGAGACTGAGGCAGGAGAATCACTTGAAACCGGAAGGTGGAGGTTACAGTGAGCCCAGATTGCAGCACTGCACTCCAGCCTGGCCAAGAAGAGTGAAACTCTGTCTCAAAAAAAAAAAAAAAAAAAA"
"chr6","20250084","20250372","JH378148","3009466","3009760","43","17240618","GGCTGGACGCAGTGGCTCATGCCTGTAATCCCAGCACTTTCAGAGGCTGAGGTTGGCAGATCAGGAGGTTAGGAGTTCGAGACCAGCCTGGCCAACATGGTGAAATGCCATCTCTACTAAGAATACAAAAAATTAGCCAGGCGTCGTGGCGGGCACCTGTAATCTCAGCTACTTGGGAGGCTGAGGCAGGAGAATCACCTGAAACCAGAAGGCAGAGGTTGCAGTGAGCTGAGATCAGGTCACTGCACTCCAGCCTGGGCAACAAGAGTAAAACTCCATCTCAAAAAAA","GGCCAGGTGTGGTGGCTCACGCCTGTAATCCCAGCACTTTGGGAGGCCGAGGCAGGTGGATGATGAGGTCAGGAGTTCGAGACCAGCCTGGCCAAAATGGTGAAACCCTGTCTCTACTAAAAATACAAAAAAATTAGCCAGGCGTGGTGGCATGCGCCTATAATCCCAGCTACTCAGGAGGCTAAGGCAGGAGAATCACTTGAAACCAGAAGGCAGAGGTTGCAGTGAACTGAGATCACGCCACTGCACTCCAGCCTGGGCAACAAGAGCAAAACTCCATCTCAAAAAATAAAAA"
"chr6","20308705","20309013","JH378107","46009365","46009670","46","25700660","GGCCAGGCACAGTGGCTGGTTCACGCCTATAATCCCAGCACTTGGGAGGCCAACGCAGGCTGATCACGAGGTCAGGAGTTTGAGACCATCCTGGCCAACACGGTGAAACCCCGTCTCTACTAAAAATACAAAAATTAGCCAGGCGTAGTGGCAGGCGCCTGTAGCCGCAGCTTCTCGGGAGGCTGAGGCAGGAGAATTGCTTGAAACCAGAAGGCGGAGGTTGCAGTGAGCTGAGATTGTGTCACTGCACTCTAGCCTAGGCAACAAGAGTGAAACTCTGTCTCAAAAGCAAAAGGACAAAAAACAAAA","GGCCGGGCGTGGTGGCTCACGCCTGTAATCCCAGCACTTTGGGAGGCCAAGGCAGGTGGATCACGAGGTCAAGAGGTCGAGACCATCCTGGTCAACATGGTGAAACCCCGTCTCTGCTAAAAATACAAAAATTAGCTGGGCATGGTGGCACGTGCCTGTAATCCCAGCTACTCAGGAGGCTGAGGCAGGAGAATTGCCTGAAACCAGGAGGCGGAGGTTGCGGTGAGCCGAGATTGCGCCATTGCACTCCAGCCTGGGTAACAAGAGCGAAACTCCGTCTCAAAAAAAAAAAAAAAAAAAAAAAAA"
"chr6","20557654","20557935","JH378111","17080898","17081179","50","3476756","GGAGGCTTACGCCTGTAATCCCAGCACTTTGGGAGGCCAATGCAGGCGGATCACGAGGTCAGGAGTTGGAGACCACCCTAGCCAGCATGGTGAAACCCCATCTCTATTAAAAATACAAAAATTAGTCGGGCATGATGGCGGGAGCCTGTAATCCCAGCTACTCGGGAGGCTGAAGCAGAAGAATAGTTTGAATCAGGAAGGCGGGGGTTGCAGTGAGCCGAAATCGTGCGCCACTGCACTCCAGTCTGGGCAAAAGAGTGAAACTCCGTCTCAAAAAGAAAA","CGGTGGCTCAAGCCTGTAATCCCAGCACTTTGGGAGGTCGAGGCGGGTAGATCACGAGGTCAAGAGACCGAGACCATCCTGGTCAACATGGTGAAACCCCGTCTCTACTAAAAATACAAAAAATTAGCTGGGCATGGTGGCGTGTGCCTGTAATCCCAGCTACTCAGGAGGCTGGGGTAGGAGAATTGCTTGAAACCAGGAGGCGGAGGTTGCAGTGAGCCGAGATCGTGCCATTGCACTTCAGCCTGGGTAACAAGAGCAAAACTCCATCTCGAAAAAAAA"
"chr6","21023791","21024095","JH378204","2887668","2887969","55","18136123","GGCCGGGCATGGGGGCTCTTGTCTGTAATCCTAGCACTTTGGGAGGCCGAGGAAGATGGATCATGAGGTCAGGGGTTTGAGACCAGCCTGGCCAACCTGCTGAAATTCCATCTCTATTAAAAATACAAAAATTAGTTGGGCGTGGTGGCAGGTACCTGTTATCTTAGCTACTCAAAAGGCTAGGGCAGGAGAATCACTAGAAACTGGAAGGCAGAGGTTGCAGTAAGCCGAGATTATGCCACTGCACTTCTACCTGGGTGAAAGAGCAAAACTCCATCTCAAGAAAAAAGAAAAAAAAAAAGAAA","GGCTGGGCGTGGTGGCTCATGCCTGTAATCCCAGCACTGTGAGAGGCAGAGGCAGGTGGATCATGAGGTCAGGGATTCAAGACCAGCCTGGCCAACATGGTGAAACCCAGTCTCTACTAAAAGTACATAAATTAGCTGGGCATGGTGGCAGGTGCTTGTAATCCCAGCTACTCAGGAAGCTAAGGCAAGAGAATCACTTGAAACCTGAAGGTGGAGGTTGCAGTGAACCAAGATCATGTTACTGCACTCCAGCCTGGGGGAAAAAGTGAAACTCCATCTCAAAAAAAAAAAAAAAAAAAAAA"
"chr6","21295892","21296196","JH378124","6602405","6602705","62","14693487","GGTCGGGTGCAGTCGCTCACGTCTGTAATCCCAGCACGTAGGGAGGTTGAGAAAGATGGATGACAAGGTCAAGGGTTCAAGACCAGCCTGGCCAACACGGTGAAAGCCCGTCTCTGTTAAAAATACAAAAATTAGCAGGGTGTCGTGGCGGGCACCTGAAATCTTAGTTATTCGAAAGGCTAAAGCAGAAAAATCACTTGAAACCGGAAGGCAGAGGTTGCAGTAAGCGGAGATCATGCCACTGCACTCCCGCCTGGGTAAAAGAGTAAAACTCTGTTTCAGAAAAACAAAATAAATAAAATAAA","GGCTGGGTGCAGTGACTCATGCCTGTAATCCCAGCACTTTGGGAGGTTGAGGCCAGTGGATCACAAGGTCAGGAGTTCGAGACCAGCCTGGCCAACATGGTGAAACCCCATCTCTACTAAAAATACAGAAATTAACTGGACGTGGTGGCAGACGCCTGTAATCCTAGCTACTCGGGAGACTGAGGCAGGAGAATCACTTGAAACCGGAAGGTGGAGGTTACAGTGAGCCCAGATTGCAGCACTGCACTCCAGCCTGGCCAAGAAGAGTGAAACTCTGTCTCAAAAAAAAAAAAAAAAAAAA"
"chr6","23904991","23905304","JH378120","4029777","4030079","52","19875214","GGCCAGGCAGTCACGGTGGCTCATGCCTGTAATCCCAGCACTTTGGGAGGCTGAGGCAGACAGATCACAAGGTCAATAGATTGAGACCATCCTGGCCAACATGGTGAAATCCCATCTCTACTAAAAATACAAAAAATTAGTGGGGCGTGGTGGCAGGCACCTGTAATCCCAGCTACTCAAGAGGCTGAGGCGGGAGAATCGCTTGAAATGAGAAGACAGCAGTTGCAGTGAACCGAGATCACACCACTGCCTTCCAACCCGGGCAAAAAGAGTGAAACTCTGTCTCAAAAAAAAAAAAAAGGAAAAAAGAAAAA","GGCCAGGAGCGGTGGCTCATGCCTGTAATCCCAGCACTTTGGGAGGATGAGGAGGGCAGATCACGAGGTCAGGAGATCAAGACCAGCCTGGCCAACATGGTGAAACCCCATCTCTACTAAAAACACAAAAATTATCCAGGTGTGGTGACAGGCGCCTATAATCCCAGCTACTCGGGAGGCTGAGGCCAGAGAATCACTTGAAACTGGAAGGCAGAGTTGCAGTGAGCCGAGATCACACCATTGCACTCCAGACTGGGTGAAAGAGCGAAACTCTGTATCCAAAAAAAAGAAAAAAAAAAAAAA"
"chr6","26982253","26982548","JH378137","4716291","4716586","52","22265962","GCCAGGCACAGTGGTTCATGCCTATAATCCCAGCACTTTGGGTGACTGAGCGGGGGGATCAAGAAGTCAGGAGTTCAAGACCAGCCTGACCAACATGGAGAAACCCATCTCTACTAAAAATACAAAAATCAGCTGGGCGTGGTGGTGCATGCCTATAATCCCAGCTACTTGGGAGGCTGAGGCAGGAGACTTGCTTGAACCCAGAAGGCAGAGGTTGTAATGAGCAGAGATCACACCACTGCACTTCAGCCTGGGCAACGAATGCGAAACTCATCTCAAAATAATAATAATAAAAA","GGCCGGGCACAGTGGCTCATGCCTGTAATCCCAGCACAGTGGGAGGCAGAGGCAGGTAGATCACGAATTCAGGAGTTCGAGACCATCCTGGCCAACATGGTGAAACCCCATCTCTACTAAAAATACAAAAATTAGTTGGGTGGTGGTGTGCACCTATAATCCCAGCTATTTGGGAGGCTGAGGCAGTAGAATCGCCTGGAACTGGAAGGCATAGGTTGCAGTGAGCCGAGATCACACCACTGCACTCCAGCCTGGGCAAAAGAGTGAAACTCCATCTTAAAAAAAAAAAAAAAAAA"
"chr6","30939864","30940147","JH378205","1510121","1510420","47","29429743","GGCTGGGCATGGTAGCTCATGCCTGTAATCCCAGCACTTTGGAAGGCCAAGGCGGGCAGATCACGAGGTCAGCAGTTTGAGATCAGCCAGACCAACATGGTGAAACTCCATCTCTACTAAAAATACAAAAATTAGCTGGGCGTGGTGGTGGGCGCTGATAATCCCAGCTACTCAGGAGGCTGAGGCAGGAGAATCACTTGAACCAGGAAGGCAGAGGTTGCAGTGAGCCAAGATCATGCCATTGCACTCCAGCCTGGAGTCCGTCTCAAAAAAAAAAAAAAAGA","GGCTGGACGTGGTGGCTCACACCTGTAATCCCAGCACTTTGGGAGGCCAAGGTGGGCAGATCACGAGGTCAGGAGTTCGAGAACAGCCTGGCCAACATGGTGAAACCCCATCTCTACTAAAAATACGAAAATTAGCTGGGCGTGCTGGCGAGCACCTGTAATCCCAGCTACTCGGGAGGCTGGGGCAGGAGAATCACTTGAAACCGGAAGGCAGAGTTTGCAGTGAGCTGAGATCGTGCCATTGCACTCCAGCCTGGGCGACAGGAGTGAAATTCTGTCTCAAAAAGAAAAGAAAAGAAA"
"chr6","31301545","31301844","JH378125","4344553","4344853","39","26956992","GGCCAGGCGCGGTGGCTCACGCCTGTAATCCCAGCACTTTGGGAGGCCGAGGCAGGAGGATCACAGGTCAGCAGTTCGAGACCAGCCTGGCCAACATGGCGAAACCCCATCTCTACTAAAAATAACAAAAATTAGCCAGGCGTGGTGGTGGGTACCTGTAATCCCAGTACTCGGGAGGCTGAAGTAGGAGAATCGCTTGAAACCAGAAAGCGGAGGTTGCAGTGAGCCGAGATGTGCCACTGCACTCCAGCCTGGGCAAAAAAGCAAAACTCCATCTCAAAAAAAAAAAAAAGAAAGAAA","GCTGGGTGTGGTGGCTCACACCTGTAATCCCAGCACTTTGGAAGGCCAAGGTGGGCGGATCATGAGGTCAGGAGTTCGAGACCAGCCTGGCCAACACAGTGAAACCCCATCTCTACTAAAAATAAAAAAAATTAGCTGGGCATGGTGGTGTGCACCTGTAATCCCAGCTACTTGGGAGGCTGAGGTAGGAGAATCGCTTGAAACTGGAAAGCCGAGGTTGCAGTGAGTAGAGATCGCGCCACTGCACTCCAGCCTGAGCAACAAAAGCATAACTCCGTCTCAAAAAAAAAAAAAAAAAAAA"
"chr6","31526769","31527069","JH378240","1530960","1531261","47","29995809","GGTTGGGCGCAGTGGCTCACGCCTGTAATCCCAACACTTTGGGAGGCCAAGGCAGGCGGATCACGAGGTCAGGGGCCCACGACCAGCCTGGCCAACATGGTGAAATCCCGTCTCTACTAAAAATACAAAAATGAGGTGGGTGTGGTGGCGGAAACCTGTAATCCCAGCTATTCAGGAGGATGAGGCAGGAGAACTGCTTGAAAACCCACGGCAGAGGTTGCAGTGAGCCCAGATCGCGCCACTACATTCCAGCCTGGGCGAAAGAGAGAAACTCCGTCTCAAAAAAAAAAAAAAAAAAAAA","GGCCGGGCGCGGTGGCTCAAGCCTGTAATCCCAGCACTTTGGGAGGCCGAGGCGGGTGGATCACGAGGTCAAGAGATCAAGACCATCCTGGTCAACATGGTGAAACCCCATCTCTACTAAAATTACAAAACATCAGCTGGGCATGGTGGCGCGTGCCTGTAATCCCAGCTACTCAGGAGGCTGAGGCAGGAGAATTGCCTGAAACCAGGAGGCGGAGGTTGCGGTGAGCCGAGATCGCGCCATTGCACTCCAGCCTGGGTAACAAGAGCGAAACTCCGTCTCAAAAAAAAAAAAAAAAAAAA"
"chr6","32283889","32284190","JH378107","46009365","46009670","37","13725476","GGCTGGGTGTGGTGGCTCACGCCTATAATCCCAGCACTTTGGGAGGCCAAGGCGGGTGTATCACGAGGTCAGGAGTTCGAGACCAGCCTGGCCAACATGGTGAAACCCCGTCTCTACTAAAAATACAAAAATTAGCTAGGATTACAGGTGTAATCCCAGCTACCCAGGAGGCTGAGGCAGGAGAATCGCTTGAAACTGGAAGGCGGAGGTTGCAGTGAGCCAAGATCGTGCCACTGCACTCCAGCCTGGGCAACAAGAGCGAAACTCTGTCTCAAAAAAAAAAAAAGAAAGAAAGAAAGAAA","GGCCGGGCGTGGTGGCTCACGCCTGTAATCCCAGCACTTTGGGAGGCCAAGGCAGGTGGATCACGAGGTCAAGAGGTCGAGACCATCCTGGTCAACATGGTGAAACCCCGTCTCTGCTAAAAATACAAAAATTAGCTGGGCATGGTGGCACGTGCCTGTAATCCCAGCTACTCAGGAGGCTGAGGCAGGAGAATTGCCTGAAACCAGGAGGCGGAGGTTGCGGTGAGCCGAGATTGCGCCATTGCACTCCAGCCTGGGTAACAAGAGCGAAACTCCGTCTCAAAAAAAAAAAAAAAAAAAAAAAAA"
"chr6","32296234","32296473","JH378274","640157","640386","39","31656077","GGATCACAAGTTCAGAAGTTCAAGACCAGCCTGGCCAACATGGTGAAACACCGTCTCTACTAAAAATACAAAAATTAGCCCGGCATGGTGGCAGGCGCCTGTAATCCCAGCTACTCAGGAGGATGAGGCAGGAGAATCGCTTGAAACTGGAAGGCAGAGGTTGCAGTGAGCCAAGATCGCACCAATGCACTCCAGCCTGGGTGAAAGAGCGAAACGCCATCTCAAAAAAAAAAAAAAAAA","TGAGGTCAGGAGTTTGAGACCAGCCTGGCCAACATGGTGAAACCCCATCTTACTAAAAATACAAGTAGCTGGGCCTGGTGGCGGGCTCCTGTAATCGCAGCTCCTTGGGAGGCTGAGGCAGGAGAATCACTTGAAACTGGAAGGCAGAGATTGCAGTGAGCCAAGATCGCACTACTGTGCTCCAGCCTGGGCAAAAGAGCGAAACTCTGTCTCAAAAAAAAAAAAAAAAA"
"chr6","32377042","32377353","JH378190","1325792","1326096","45","31051250","GGCCGGGCACAGTGGCTGACGCCTATAATCCTAGCACTTCGGGAGGCTGAGGCGGGCAGATTGTGAGGTCAGGAGTTCGAGACAAGCCTGGCCAACATGGTGATAACCCCGTTTCTACTAAAAATACAAAAATTAGTTGGACGTGGTGGTGGGCGCCTGTAATCCCAGCTAGCTACTCTGGAGGCTGAGGCAGGAGAACTGCTTGAAACCGGAAGGCGGAGGTTGCAGTGAGTCAAGATCACGCTACTACACTCCAGCCTGGGCAAAAGAGCAAAACTTTGTCTCAAAAAAAAAAAAAAAAAAAAAAAAAAA","GCCAGGCACGGTGGCTCACGCCTGTAATCCCAGCATTTTGGGAGGCCGAGGCAGGCGGATCATGAGGTCAGGAGTTCGAGACCAGCCTGGCCAACATGGTGAAACCCTGTCTCCACTAAAAATACAAAAATTAGCTGGCTGTGGTGGTTGGCACCTGTAATCCCAGCTACATGGGAATCTGAGGCAGAAGAATTGCTTGAAACCAGAAGGCAGAGGTTGCAGTGAGCCAAGATCATGCCACTACACTCAAGCCTGGATGAAAGAGTGAAACTCTGTCTCAAAAAAAAAAAAAAAAAAAAAAAAAA"
"chr6","33442520","33442809","JH378245","3312448","3312742","41","30130072","GGCCAGGCACGGTGGCTCAGGCCTGTAATCCCAGCACTTTAGGAGGCCGAGGCGGGTGGATCACAAGGTCAGGAGTTCGAGACTAGCCTGGCCAACATGGCAAAACCCCGTCTCTACTAAAAATACAAAAATTAGCTGGGTGTGATGGTGGGCGCCTGTAATCCCAGCTACTCGGGAGGCTGAGGCAGGAAAATCGTTTGAACCGGGAGGTGGAGGTTGCAGTAAGCCAAGATCATGCCACTGTACTCCAGCCTGGGTGACAAGAGCAAGACTCTGTCTCAAAAAAAAGA","GGCCAGTCGTGGTGGCTCTCGCCTGTAATCCCAGCACTTCGGGAGGCTGAGGCAGGCAGATCATGAGGTCAGGAGTTTGAGACCAGCCTGGCCAATATGGTGAAACCCCGTCTCTACTAAAAATACAAAAATTAGCTGGACATGGTGGTGGGCGCCTGTAATCCCAGCTACTTGGGAGGCTGAGGCAGGACAATCGCTTGAAACCTGAAGGCGGAGGTTGCAGTGAGCCAAGATCATGCCACTGCACTCCAGCCTGGGCGAAAGAGTAAAACTCCGTCTCAAAAAAAAAAAGAAA"
"chr6","33471689","33471973","JH378107","5313909","5314193","47","28157780","GGCCGGGCGTGGTTACTCACGCCTGTAATCCCAGCACTTTGGGAGGCCGAGGCGGGCAGATCACGAGGTCGGGAGTTCAACATGGTGAAACCCCGTTTCTACTAGAAATACAAAAATTAGCTGGGCGTCGTGGTGGTTGCCTGTAATCCCAGCTACTCGGGAGGCTGAGGCAGGAAAATCACTTGAAACCAGAAGGCTGAGGTTGCAGTGAGCTGAGATCCCACACCACTGCACTCTAGCCTGGGCAACAAGAGTGAAACTCCGTCACAAAAAAAAAAAAAAAAA","GGCCGGGTCCAGAGGCTCATGCCTGTAATCCCAGCACTTTGGGAGGCCGAGGTGGGTGGATCACCCAGCGTAGACAACATGGTGAAACCCCGTCTCTACTAAAAATACAAAAAATTAGCCGGGCGTGGTGGTGGGTGCCTGTAATCCCAGCTACTCGGGAGGCTGAGGCCTGAGGCAGGAGAATCACTTGAAACCAGGAGGCAGAGATTGCAGTGAGCCAGGATCACGCCACTGCACTCCAGCCTGGGCAACAAGAGTGAAAGTCTCAAAAAAAAAGAAAAAAAA"
"chr6","34064387","34064693","JH378169","11824133","11824434","48","22240254","GACTGGGTGCAGTGGTTGACGCCTGTAATCCCAGTACTTAGGGAGGCCAAAGCAGGTGGATCATGAGGTCAGGAGTTTGAGACCAGCCTGACCAACATGGCAAAACCCTGTCTCTACTAAAAATACGAAAATTAATTGGGCTTAGTGGCAGGCACCTGTAATCCCAGCTACTCGGGAGGCTGATGCAGAAGAATCACTTGAAACCAGAAGGTGGAGGTTGCAGTGAGCTGAGATTGCACCACTGCACTCCAGCCTGGGTGAAAAGCAAAACTCCATCTCAAAAAAAAAAAGAAGAAAAGAAAAGAAA","GGCTGGGCACAGTGGCTCAAGCCTGTAATCCCAGCACTTTGGGAGGCCGAGGCTGGCAGATCATGATGTCAGGAGTTCAAGGCCAGCCTGATCAACATGGTGAAACCCTGTCTCTACTAAAAATACAAAAATTAGCCAGGCATGGTGGCAGGTGCCTGTAATCCCAGCTACTCCAGAGGCTGAGGCAGGAGAATTGCTTGAAACCAGAAGGCGAAGGTTGCAGTGAGCTGAGATTGCACCACTGCACTCCAACCTGGGCAAAAGAGCAAAACTCCATCTCAAAAAAAAAAAGAAAAGTAAAA"
"chr6","34105924","34106241","JH378125","2068457","2068768","53","32037467","GGCTGAGCGTGGTGGCTCACGCCTATAATCTCAACACTTTGGGAGGCCGAGGTGGGCGAATCACAAGGTCAGGAGTTCGAGACCAGCCTGGCCAACATGGTGAAATCCTGTTTCTACTAAAAATACAAAAAAAGTAGCTGGGCGTGGTTGTGGGCCCCTGTAATCCCAGCTACTTGGGAGGGTGAGGCAGGAGAATTGCTTGAACCCGGAAGGCAGAGGTTGCAGTGAGTGAGATCATGCCATTGCACTCCAGCCTGGGCAACAGAGCGAAACTCTGTCTTGAAAAAACAAAACAAAACAAAACAAAACAAAACAAAA","GGCCAGGTTCAGTGGCTCACACCTGTAATCCCAGCACTTTGGGAGGCAGAGGTGGGTGGATCACAAGGTCAGGAGTTCGAGACCAGCCTGGCCAAGATTGTGAAATCCCGTCTCTATTAAAAATACAAAAATTAGCTGGGCATGGTGGTGGGGTGCCTGTAATCCCAGCTACTCAGGAAGCTGAGGCAGGATAATTGCTTGAAACCGGAAAGCAGAGGTTTCAGTGAGCTGAGATCACACCACTGCACTCCAGCTTGGGAAACAGGAGCAAAACTCCACCTCAAAAAAAAAAAAAAAAAAAAAAAAAAAAAA"
"chr6","34744411","34744502","JH378450","1235","1313","27","34743176","TTAGCCAGGCATGGTGGCAGGTGCCTGTAATCCCAGCCACTTGGGAGACTGAGGCAGGAAAATTGCTTGAAACTGGGAGGCGGAGGTTGCAG","GCCTGGTGATATGTGCCTTTAATTCCAGCTACTTGGGAGGCTGAGGCAGGAGAAATGCTTGAAACCAGAAGGTAGAGGT"
"chr6","34820438","34820730","JH378206","6968121","6968417","42","27852317","GGCCAGGCACGGTGGCTCACGCCTGTAATCCCAGCACTTTGGGAGGCCAAGGCATGCGGATCACGAGGTCAGGATTTCCAGACCAGCCTGGCCAACATGGTGAAACCCTGTCTCTGCTAGACGTACAAAAATTAGCTGGTCGCGGTGGCAGACGCCTGTAATCCCAGCTATTCAGGACGCTGAGGTTGGAGAATCGCTTGAAACCGGAAGGCGGAGGTTGCAGTGAGCCAAGATTGCGCCACTGCACTCCAGCCTGGGCGAAAGAGCGAAATTCTGTCTCAGAAAAAAGAAAA","GGCCAGGCGTGATGGCGCACACCTGTAATCCCAGCACTTTGGGAGGCCAAGGCAGGTGGATCACGAGGTCAGGAGTTCAAGACCAGCCTGGCCAACATGGTGAAACCCTGTCTCTACTAAAATTACAAAAATTAGCTGGGCGTGGTGGCAGGAGCCTGTAATCCCAGCTACTTGGGAGGCTGAGGCAGGAGAATCTCTTGAAATGGTAAGGCGAAGGTTACAGTGAGCCAAGATCACGCCATTGCACTCTAGCTTGGGTGAAAGAGCGAAACTCCGTCTCAAAAAAAAAGAAAAGAA"
"chr6","35431657","35431955","JH378119","1423786","1424080","43","34007871","GGCCGGGCGTGGTGGCTCATGCCTGGTAATCTCAGTACTTTGTGAGGCCGAGGCAGGCAGATCACAAGATCAGGAGTTGGAGACCAGCCTGGCCAACATGGCGAAACCCCGTCTCTACTAAAAATACAAAAATTAGCCAGATGTGGTGGCAGGCGCCTGTAATGCCAGCTACTCAGGAGGCTGAGGCAGGAGAATCGCTTGAAACCGGGAGGTGCAGTGAGCCGAGATCGTGCCATTGCACTCCGGCCTGGGTGACAAGAGCAAGACTCTGTCTCAAAACAAAACAAAACAAAACAAAA","GGCCGGGCGCGGTGGCTCAAGCCTGTAATCCCAGCACTTTGGGAGGCCGAGGCGGGTGGATCACAAGGTCAAGAGATCGAGACCATCCTGGTCAACATGGTGAAACCCCGTCTCTACTAAAAGTGCAAAAAATTAGCTGGGCATGGTGGCAGGTGCCTGTAATCCCAGCTACTCAGGAGGCTGAGGCAGGAGAATTGCCTGAAGGCGAGGTTGCGGTGAGCCGAGATCGCGCCATTGCACTCCAGCCTGGGTAACAAGAGCGAAACTCCGTCTCAAAACAAACAAACAAACAAAA"
"chr6","35854509","35854612","JH378136","7277126","7277221","27","28577383","GAATTTCTTGAAACAGGGGGGCAGAGGTTGCAGTGAGCCAAGATCGTGCCACTTCACTCCAACCTGGGCATAAGAGTGAAGCTTCGTCTGAGGGGGAAAAACAA","CTTGAAACCAGAAGGCGGAGGTTACAGTGAGCCAAGATCATGCCACTGCACTCCAGCCTGGGCAAAAGAGCGAAACTCCGTCTCAAAAAACAAAAA"
"chr6","37522371","37522510","JH378182","2239318","2239435","32","35283053","GAGGCTGAGGCAGGAGAATCACTTGAAACTGGGAGGCAGAGGGTGCAGTGAGCCAAGATTGTACCACTGCACTCCAGCCTGGACAACAAGAGCGAAACTCTGTCTCAAAAACACACAGACAAAAAAGAATAGAAAGAAAA","GGAGGCTGAGGCAGGAGAATCACTTGAAACTGGAAGGCAGAGGTTGCAGTGAGCTGAGATTGTACCACTGCATTCAACCGCAAGACCCTGTCTCAAAAATAACAACAAAACAAAAAAA"
"chr6","39041499","39041785","JH378257","294971","295263","42","38746528","TGTAATCCCAGCACTTTGGGAGGCCGAGGCGGGTGGATCACGAGGTCAGGAGTTCAAGACCAGCCTGGCCAACATGGTGAAACCCTGTCTTCACTAAAAATACAAAAGTTAGCCAGGTGTGGTTGTGTGTGCCTGTAATCCCAGCTACTCAGGAGGCTGAGGCAGAAGAACTGCTTGAAACCAAAAGGCAGAGGTTGCAGTGAGCCGAGATCACGCCACTGCACTCTAGCCTGGGCAAAAGAGTGAAACTCTGTGGGAAAAAAAAAAAAAAGAAAGAAAGAAATAAA","ACATCTGTAATCCCAGCACTTTGGGAGGCCGAGGCAGGTGGATCACGAGGTCAAGAGATCGAGACCATCCTGATCAACATGGTGAAACCCCGTCTCTACTAAAAATACAAAATAATTAGCTGGGCATGGTGGCGTGTGCCTGTAATCCCAGCTACTCAGGAGGCTGAGGCAGGAGAATTGCCTGAAACCAGGAGGCGGAGGTTGCAGTGAGCCGAGATCGCGCCATTGCACTCCAGCCTGGGTAACAAGAATGAAACTCTGTCTCAAAAAAAAAAAAAAAAAAAAGAAAGAAA"
"chr6","39180052","39180222","JH378153","6574953","6575126","28","32605099","GGGCGCAGTGGCTCATGCCTGTAATCCCAGCACTTTGGGAGGCCAAGGCGGGCGGATCATGAGGTCAGGAGTTAGAGACCAGTCTGGCAAATGTGGTGAAACCCCATCTCTACTAAAAATACAAAAGTTAGGAGGCGTGGTGGCGGGCACCTGCTATCCCAGCTACTTGGG","GCCAGGCACAGTGGCTCACGCCTGTAATCCCAGTACTTTGGGAGGCCAAGGCAGGTGGATCATGAGGTCAGGAGTTTGAGACTAGCCTGGCCAACATGGGGAAACCCCATCTCTACTAAAAATACAAAAATTCGCTGGGTGTGATGGCGGACACCTCTAATCCCAGCTACTCAG"
"chr6","39402080","39402377","JH378249","3737189","3737485","45","35664891","GGCCGGGGGGCGGTGGCTCACGCCTGTAATCCTAGTACTTTGGGAGGCTGAGACAGTCAGATCACGAGGTCGGGGTTCGAGACCAGCCTGGCCAGCATGGTAAAACCCCATCTCTGCTAAAAATACAAAAATTAGCCAGGCATGGTGATAGGTGCCTGTAATCCCAGCTACCCAGGAGGTTGAGGCAGAAGAATCACTTGAAACTGGAAAGCAGAGGTTGCAGTGAGCTGAGATCGCGCCACTGCACTCTAGCCTGGGCGAAAGAGCGAAACTTCATCTCAAAAAAAAAAAAAAAAAA","GGCCAGGCACGGTGGCTCACGCCTGTAATCCTAGCACTTGGGGGACTGAGGCAGGCAGATCACGAGTTCAGGAGTTCAAGACCAGCCTGGCCAATATGGTGACACCCTGTCTTTACTAAAAATACAAAAATTAGCTGGGCATGGTGGCAGGCACCTGTAGTCCCAGCTACTCAGGAGGCTGAAGCAGAAGAATCACTTGAAACTGAAAGGCAGAGGTTGCAGTGAGCCGAGATCACACCACTGTACTCCAGCCTGGGCAAAAGAATGAAACTCCGTCTCAAAAAAAAAAAAAAAAGA"
"chr6","41053156","41053451","JH378145","12963180","12963482","45","28089976","GCCGGGCATGGAGGCTCATGCCTGTAATCCCAGCACTGGGAGGCTGAGGCAGGTGGATCACAAGGTCAGGAGTTCGAGACCAGCCTGGCCAACATGAAACCCCGTCTCTACTAAAAATACAAAAATTAGCTGGGTGTGGTGGTGGGCGCCTGTAATCCCAGCTACTCAGGAGCCTGAGGCGGGAGAATCGCTTGAAACCGGAAGGCAGACGTTGCAGTGAGCTGAGATCGTGCCATTTGCACTCCAGCCTGGGCAACAAGAGCAAGACTGTCTCAAAACAAACAACAACCAAAAAA","GGCCAGGGGAGGTGGCTCACACCTGTAATCCCAGCACTTTGGGAGGTTGAGGCAGGCAGATCAAGAGGTCAGGAGATCAAGACCAGCCTGGCCAACATGGTGAAACCCCATCTCCACTAAAAATACAAAAATTAGCCAGGTGTGGTGATGGGCACCTGTAATCCCAGCTACTCAGGAGGCTGAGGCAGGAGAATTGCTTGAAACCGGAAGGTAGAGGTTGCAGTGAGCCAAGATCATGCCATTGTACTTCGGCCTAGGCAAAAGAGCAAAACTGTCTCAAAACAACAATAACAAACAAAAAAA"
"chr6","41444028","41444311","JH378144","11145837","11146122","49","30298191","TGGCTCACACCTATAATCCCAGCACTTTTGGAGGCTGAGGCGAGTGGATCATGAGGTCAGGAGTTCGAGACCAGCCTGGCCAACATGGTGAAACCCTGTCTCTACTAAAAATACAACAATTAGCTGAGCGTGGTGGCGCAGGCCTGTAATCCCAGGTACTCGGGAGGCTGAGGCAAGAGATTTGTTAGAAGCTGAGAGGCGGAGCTTGCAGTGAGCTGAGATCGTGCCATTGCGCTCCGGCCTGGGCAACAAGAGCGAAACTCCGTCTCGAAAGAAAAAAAAAA","GTGACTCACACCTGTAATCCCGGCACCTTGGGAGACTGAGGCAGGTGGATCACTTAGGTCAGCAGTTCAAGGCCAGCCTGACCAACATGGTGAAACCCCTTCTCTACTAAAAATACAAAAAATTAGCTGAGCATGGTGGTGGATGCCTGTAATTCCAGCTACGCAGGAGGCTGAGACAGGAGAATTGCTTGAACTAGGAAGGCAGAGGTTGCAGTGAACTGAGATTGTGTCATTGCACTCTAGCCTGGGCAACAAGAGCAAAACTCCATCTCAAAAAAAAAAAGAA"
"chr6","41527841","41528136","JH378145","15823378","15823672","37","25704463","GGCTGGGCGCGGTGGCTCACACCTATAATCCCAGCACTTTTGGAGGCTGAGGCGAGTGGATCACGAGGTCAGGAGTTCGAGACCAGCCTGGCCAACATGGTGAAACCGCGTCTCTACTAAAAATACAAAAATTAACTGAGTGTGGTGGCACAGGCCTGTAATCCCAGGTACTCGGGAGGCTGAGGCAAGAGATTTGTTAGAAGCTGAGAGGCGGAGGTTGCAGTGAGCTGAGATCGTGCCATTGCACTCCAGCCTGGGCAACAAGAGCGAAACTCCGTCTCAAAAGAAAAAAAAAA","GGCCGGGCGCAGTGGCTCACGCCTGTAATCCCAGCACTTTGCGAGGCTGAGGCGGGTGGATCACGAGGTCAAGAGATTGAGACCATCCTGGTCAACATGGTGAAACTCCATCTCTACTAAAAATACAAAAATTAGCTGGGCATGGTGGCACATGCCTGTAATCCCAGCTACTCGGGAGGCTGAGGCAGAAGAATTGCTCGAAACCAGGAGGCGGAGGTTGCAGTGGGCCGAGATCGTGCCATTGCACTCCAGCCTGGGTAACAAGAGTGAAACTCCGACTCAAAAAATAAAAAAA"
"chr6","41636641","41636994","JH378165","12389091","12389397","90","29247550","GGCCAGGTGTGGTGACTCACACCTATAATCCCAGCACTTTGGGAGGCCGAGGTGGGTGGATCACAAGGTCAGGAGTTCAAGACCAGCCTGATCAACATGGTGAAACCCCACCTCTACTAAAAATACAAAAATTAACCAAAAAACACAAAAATTAACAAATACAAAATTTATAATTTGTATTTGTAAAAATACGAAAATTAACTACAACCAGCGGGTGCCTGTAGTCCCAGCTATTCAGGAGGCTGAGGCAGGAGCATTGCTTGAACCCAGGAGGCGGAGGTTGCAGGGACCCGAGATGGCGCCACTGCACTTCAGCCTGGGTGACAGAGCAAGACTCCATCTCAAAAAAAGAAA","GGCCGGGCGCAGTGGCTCAAGCCTGTAATCCCAGCACTTTGGGAGGCCGAGGCGGGTGGATCACAAGGTCAAGAGATCGAGACCATCCTGGTCAACATGGTGAAACCCCGTCTCTACTAAAAATACAAAAAAAAAAAAAAAAAATTAGCTGGGCATGGTAGTGCGTGCCTGTAATCCCAGCTACTCAGGAGGCTGAGGCAGGAGAATTGCCTGAAACCAGGAGGCGGAGGTTGCGGTGAGCCGAGATCGCGCCATTGCACTCCAGCCTGGGTAACAAGAGCGAAACTCCGTCTCAAAAAAAAAAAAA"
"chr6","42125977","42126141","JH378143","8005253","8005418","27","34120724","AAATTAGCCAGGCGTGGTGGTGGGCGCCTGTAATCCTAGCTACTCGGGAGGCTGAGGCAGGAGAATACTTGAAACCGAAAGGCGGAGGTTGCAATGAGCCGAGATCGTGCCACTGCACTCTAGCCTGGGCGAAAGAGCGAAACTCTATCTCAAAAAAAAAAAAAA","AAAGTTAGTCGGGCATGGTGGTGGGCGCCTGTAATCCCAGCTACTCAGGAGGCTGAGGCAGGAGAATCTCTTGAATCTGGAAGGTGGAGGTTGCAGTGAGCGGAGATCACACCAATGCACTCTAGCCTGGGCAACAAGAGTGAAACTCTGTCTCTAAATAAATAAA"
"chr6","42294269","42294576","JH378107","46009365","46009670","48","3715096","GGCTGGGAGCGGTGGCTCACACCTGTAATCCCAGTACTTTGGGAGGCCAAGGCAGGCAGCTCACGAGGTCAGGAGTTTGAGACCAGCCTAGCCAACATGGTGAAACCCTGTCTCTACTAAAAATACAAAAATTAGGTGGGCATGGTGACGGGTACCTGGAATCCCACCTCCTCAGGAGGCTGAGACAGGAGAATCGCTTGAAATCCACAGGCGGAGGTTGCAGTGAGCTGAGAACACACCACTGCACTCCAGCCTGGACAACAAGAGTGAAACTGTCTCAAGAGAAAGAAAAAAGAAAGAAAAGAAAA","GGCCGGGCGTGGTGGCTCACGCCTGTAATCCCAGCACTTTGGGAGGCCAAGGCAGGTGGATCACGAGGTCAAGAGGTCGAGACCATCCTGGTCAACATGGTGAAACCCCGTCTCTGCTAAAAATACAAAAATTAGCTGGGCATGGTGGCACGTGCCTGTAATCCCAGCTACTCAGGAGGCTGAGGCAGGAGAATTGCCTGAAACCAGGAGGCGGAGGTTGCGGTGAGCCGAGATTGCGCCATTGCACTCCAGCCTGGGTAACAAGAGCGAAACTCCGTCTCAAAAAAAAAAAAAAAAAAAAAAAAA"
"chr6","42311505","42311793","JH378148","3009466","3009760","46","39302039","CTGGGTGCAGTGGCTCACTTCTGTAATCCCAGCACTTTGGGAGACCGAGGCGGGTGGATCATGAGGTCAGGAGTTCAAGACCAGCCTGGCCAACATGGTGAAATCCTGTCTCTACTAAAAGTACAAAAATTAGCCGGGCGTGGTGGCAGGCTCCTGTAATCCCAGCTACTCGGGAGACTGAGGCAGGAGAATCTCCGGAAGGCGGAGGTTGCAGTGAGCCGAGATCACGTCCACTCTCTGCAACCCAGCCTGGGCAACAAGAGCGAAAATCCATCTAAAAAAAAAAAAA","GGCCAGGTGTGGTGGCTCACGCCTGTAATCCCAGCACTTTGGGAGGCCGAGGCAGGTGGATGATGAGGTCAGGAGTTCGAGACCAGCCTGGCCAAAATGGTGAAACCCTGTCTCTACTAAAAATACAAAAAAATTAGCCAGGCGTGGTGGCATGCGCCTATAATCCCAGCTACTCAGGAGGCTAAGGCAGGAGAATCACTTGAAACCAGAAGGCAGAGGTTGCAGTGAACTGAGATCACGCCACTGCACTCCAGCCTGGGCAACAAGAGCAAAACTCCATCTCAAAAAATAAAAA"
"chr6","42777242","42777336","JH378111","41550302","41550406","35","1226940","GGCCGGACGCGGCGGCTTACACCTGTAATCTCAGCACTTTGGGAATTTGAGACCAGCCTAGCCACATATTGAAACCTTTTCTCTCAAACAAAAAA","GGCTGGGGGCAGTGGCTCACTCCTTTAATCCAGCACTTTGGGAGGCTGAGGACAGGCGTTTGAGACCAGCATGGCCAACATAGTGAAACCCCATCTCTACTAAAA"
"chr6","43237955","43238257","JH378107","46009365","46009670","33","2771410","GGTCGGGTGTGGTGGCTCACGCCTGTAATCCCAGCACTTTGGGAGGCTGAGGCAGGTGGATCATGAGGTCAGGAGTTTGAGACCAGCCTGGCCAACATGGTGAAACCCCGTCTCTACTAAAAATAGAAAAATTAGCCGGGCATGGTGGCAGGCACCTGTAATCCCAGCTACTTGGGAGGCTGAGGCAGAATTGCTTGAAACCAGAAGGCGGAGGTTGCAGTGAGCCAAGATTGCACCACTGCACTCTAACCTGGGCAAAAGAGCGAAACTCTGTCTCAAAAAAAAAAAAAAAAAAAAAAAAAA","GGCCGGGCGTGGTGGCTCACGCCTGTAATCCCAGCACTTTGGGAGGCCAAGGCAGGTGGATCACGAGGTCAAGAGGTCGAGACCATCCTGGTCAACATGGTGAAACCCCGTCTCTGCTAAAAATACAAAAATTAGCTGGGCATGGTGGCACGTGCCTGTAATCCCAGCTACTCAGGAGGCTGAGGCAGGAGAATTGCCTGAAACCAGGAGGCGGAGGTTGCGGTGAGCCGAGATTGCGCCATTGCACTCCAGCCTGGGTAACAAGAGCGAAACTCCGTCTCAAAAAAAAAAAAAAAAAAAAAAAAA"
"chr6","43679500","43679791","JH378146","17525689","17525983","46","26153811","GCCAGGCGCGGTGGCTCACACCTGTAATCCCAGCACTTTGGCAGGCCAAGGCGGGCAGATCACAGGAGGTCAGGAGTTCGAGTCCAGCCTGGCCAACGGGGTGAAACCCCGTCTCTACCAAAAATACAAAAACTTAGCCAGGCATGGTAGCAAATGGCTGTAATCCCAGCTACTCAGGAGGCTGAGGCAAGAGAATCGCTTGAAACCAGGAGGTTGCAGTGAGCCCAGATCACACCACTGCACTCCAGCCTGGGCAACAAGAGTGAAACTCCATCCAAAAAAAAAGAGGAAA","GCCAGGCGCGGTGGCTCAAGCCTGTAATCCCAGCACTTTGGGAGGCCAAGGCGGGTGGATCACGAGATCAAGAGATCGAGACCATCCTGGTCAACATGGTGAAACCCCGTCTCTACTAAAAATACAAAAAATTAGCTGAGCATGGTGGCGTGTGCCTGTAATCCCAGCTACTCAGGAGGCTGAGGCAGGAGAATTGCCTGAAACCAGGAGGCAGAGGTTGCAGCGAGCCGAGATTGCACCATTGCACTCCAGCCTGGGTAACAAGAGCGAAACTCCGTCTCAAAAAAAAAATAAA"
"chr6","44686128","44686438","JH378201","3287246","3287553","42","41398882","GGCCAGGTGTGGTGGCTCACACCTGTAATCCCAGCACTATGGGAGGCCGAGGTGGGCGGATCACAAGGTCAGGAGTTCGAGACCAGACTGGCCAACACGGTGAAACCCTGTCTCTATTAAAATACAAAAAATTCAGCCAGGTGTGGTGGTGGGCACCTGTAATCCCAGCTACTCAGGAGACTGAGGCAGGAGAATCACTTGAAACTGGAAGGCAGAGGTTGCAGTGAGCCACGATCATGCCACTGCACTCCAGCCTGGACAAAAGAACAAAACTCCGTCTCAAAAAAACGAAAAACAAAAACAAAAACAAA","GACCAGGTGCGGTGGCTCACACCTGTAATCCCAGCACTTTGGGAGGCCGAGGTGGGCGAATCACGAAGTCAGGAGTTCGAGACCAGCCTGGCCAACAAAGTAAAACTCTGTCTTTACTAAAAATACAAAAATTAGCCAGCCATGGTAGCGGGCACCTATAATCCCAGCTACTCAGAAGCCTGAGGCAGGAGAACCACTTGAAACCGGAAGGCAGAAGTTGCAGTGAGCCGAGATTGCGCCACTGCACTCCAGCCTGGGCAAAAGAGTGAAACTCCATCTCAAAAAAAAAAAAAAAAAAAAAAAAAAAA"
"chr6","45278052","45278348","JH378156","7076545","7076843","45","38201507","GGTCAGGCACAGTGGCTCACGCCTGTAATCCCAGCACTTTGCGAGGCCGAGGTAGGTGGATCATGAGGTCAGGAGTTCGAGACCAGTCGGGGAACATGCTGAAAACTCTTCTCTACTAAAAATACAAAACTTAGCTGGGTGTGGTGGTGGGTGTCTGTAATCCCCGATATTCAGGAGGCTGAGGCCAGAGAATTGCTTGAAACCAGGAGGCAGAGGTTGCAGTGAGCCAATATCATGCCACTGCACTTCAGCCTGGGTGACAAGAGCAATACTCCATCTCCAAAAAAAAAAAAAAAA","GGCCAGGTGCGGTGGCTCACGCCTGTAATTCCAGCACTTTGGGAGGCTGAGGCAGGTGGATCATGAGGTCAAGAGGTCAAGACCATCCTGGTCAACATGGTGAAACCCCGTCTCTACTAAAAATACAAAAAATTAGCTGGGCGTGGTGGCGGGTGCCTGTAATCCCAGCTACTCAGGAGGCTGAGGCAGGAGAATTGCCTGAAGCCAGAAGGCAGAGGTTGCAGTGAGCCGAGATAGCGCCATTGCACTCCAGCCTGGGTAACAAGAGCGAAACTCCATCTCAAAAAAAAAAAAGAAAA"
"chr6","45413318","45413599","JH378206","2476848","2477135","46","42936470","GGGCACAGTGGCTCACGCCTGTAATCCCAGCACTTTGGGAGGCCGAGGTGCGTGGATCACGAGGTCAAGATTTCGAGACCAGCCTGGCCAACACAGTGAAACCCCATCTGTACTTAACAGATACAAAAATTAGCCAGGTGTGGTTGCAGATGCCTGTAATCTCAACTGCTCGGAAGGCTGAGGCAGAATTGCTTGAATCCGGGAGGCAGAGGTTGCAGTGAGCCGAGATTGCACCACTGCATGCCAGCCTGGGCAACAAGAGAGAAACTCCATCTCAAAAAA","GGCTGGGTGCAGTGGCTCACGCCTATAATCCCAGCACTTTGGGAGGCCGAGGTGGGTGGATCACAAGGTCAGGAGTTGGAGACCAGCCTGGCCAACATGGTGAAACCTCATCTCTACTAAATATACAAAAATTAGCCGGGTGTGGTGGCAGGTGCCTATAATCTCAACTACTCGGGAGGCTGAGGCAGGAGAATTGCTTGAAACTGGAAAGTGGAGGTTGCAGTAAGCTGAGATTGTGCCACTGCACTCCAGCCTGGACAACAAGAGCAAAACTGCGTCTCAAAAAAA"
"chr6","45753507","45753812","JH378106","47539192","47539491","58","1785685","GGCCAGGCACAGTGGCTCCTGTAATTCCGACACTTTGGGAGGCTGAGGCAGGTGGATCTGTTACAATGTCCAGAGTTTGAGACCAGCCTGGTCAACATGGTGAAACCCTGTCTCTACTAAAAGGACAAAAATTAGCCAGGCATGGTGGTAGGTGCCTGTAATCCCAGCTACTTGGGAAGCTGAGGCAAAAGAATAACTTGAAACCAGAAAACAGAGTTTGCAGTGAAGTGAGATCGTGCCATTGCCCTCCAGCCTGGGCAAGAGGGTGAGACTCCATCTCAAAAAATTAAACATAAAAAGAATAAA","GGCCAGGCACAATGGCTCACGCCTGTAATTGCAGCACTTTGGGAGGCTGAGGTGGGTAGATCACCAGGTCATGAGTTCGAGACTAACCTGGCCAACATGGTGAAACCCCATCTCTACTAAAAATACAAAAATTAGCCAGGCATGGTGGCACGCACCTGTAATCCCAGCTACTTGGGAGGCTGAGACAAAAGAATCACTTGAAATTGGAAGACAGAGGTTGTGGTGAGTTGAGATCGTGCCATTGCACTCCAGCCTGGGCAACAAGAGCAAAACTCCATCTCAAAAAAAAAGAAAGAAAAA"
"chr6","46900207","46900277","JH378293","1015824","1015887","20","45884383","AGGTTGCAGTGAGCCAAGATCGCACCATTGCACTGCAGCCTGGACAACAAGAGCAAAATTCCATCTCAAAA","GGAGGTTGCGGTGAGCTGAGATCGTGCCATTGCACTCCAGCCTGGGTAACAAGAGCGAAACTTC"
"chr6","47277254","47277549","JH378245","3312448","3312742","40","43964806","GGCCAGGCACGATGGCTTACGCCTGTAATCTCAGCATTTTGGGAGGCTGAGGCTGGCAGATCACGAGGTCAGGTGTTCAAGACCAGCCTGGCCAACATGGTGAAACCCCGTCTCTACTAAAAATACAAAAATTAGCTAGGTGTGGTGGTGGGCGCCTGTAATCCCAGCTACTTGGGAGGTTGAGACAGGAGAAGTGCTTGAAACCAGAAAGCGAAGGTTGCAGTGAGCCAAGATCACACCATTGCACTCCAGACTGGACAACAAGAGCAAAAGTCCATCTCAAAAAAAAGTAAAAA","GGCCAGTCGTGGTGGCTCTCGCCTGTAATCCCAGCACTTCGGGAGGCTGAGGCAGGCAGATCATGAGGTCAGGAGTTTGAGACCAGCCTGGCCAATATGGTGAAACCCCGTCTCTACTAAAAATACAAAAATTAGCTGGACATGGTGGTGGGCGCCTGTAATCCCAGCTACTTGGGAGGCTGAGGCAGGACAATCGCTTGAAACCTGAAGGCGGAGGTTGCAGTGAGCCAAGATCATGCCACTGCACTCCAGCCTGGGCGAAAGAGTAAAACTCCGTCTCAAAAAAAAAAAGAAA"
"chr6","50406693","50406982","JH378148","3009466","3009760","34","47397227","GGCCAGGTGCAGTGGCTCACGCCTGTAATCCCAGCACTCTGGGAGGCCGGCGGGCAGATCACGAGGTCAGGAGTTCAAGACCAGCCTGGCCAACATGGTTAAATCCTGTCTCTACTAAAAATACAAAAATTAGTCAGGCATGGTTGCAGGAGCCTGTAATTCCAGCTGCTCAGGAGGCTGAGGCAGGAGAATCGCTGGAAACTGGAAGGCAGAGGTTGCAGTGAGCTGAGATCACGCCACTGCACTCCAGCCTGGGCAAAAGAGCAAAACTCCATCTAAAAAAGAAAAAA","GGCCAGGTGTGGTGGCTCACGCCTGTAATCCCAGCACTTTGGGAGGCCGAGGCAGGTGGATGATGAGGTCAGGAGTTCGAGACCAGCCTGGCCAAAATGGTGAAACCCTGTCTCTACTAAAAATACAAAAAAATTAGCCAGGCGTGGTGGCATGCGCCTATAATCCCAGCTACTCAGGAGGCTAAGGCAGGAGAATCACTTGAAACCAGAAGGCAGAGGTTGCAGTGAACTGAGATCACGCCACTGCACTCCAGCCTGGGCAACAAGAGCAAAACTCCATCTCAAAAAATAAAAA"
"chr6","50407933","50408091","JH378152","15963159","15963313","27","34444774","CAGGCATGGTGGCAGGCGCCTGTAATTCCAGCTACTTGGGAGGCTGAGGCAGGAGAATCGCTGGAAACTGGAAGGCAGAGATTACAGTGAGCTGAGATTGCGCCACTGCACTCCAGCCTGGGCAAAAGAGCAAAACTCCATCTAAAAAAGAAAAAAAGA","CGTGGTGGCGGGTGCCTGTAATCCCAGCTACTTGGGAGGCTGAGGCAGGAAATTTGCTTGAATTTGGAAGGCAGAGGTTGCAGTGAGCTGAGATCACTCCATTGCACTCCAGCCTGGGCAATAAGAGCGAGATTCCATCTTAAAAAAAAAAAGAA"
"chr7","827545","827808","JH378146","6921944","6922227","58","6094399","GGCTGGGCGTGGTGGCTCACACCTGTAATCCCAGTACTTTGGGAGGCCTAGGCGGGTGGATGATGAGGTCAGGAGTTCGAGATCAGCCTGGCTCTGTCACTACTAAAAATACAAAAATTAGCTGGGCATAATGGCGGGCATCTATAATCCCAGCTACTCAGGAGGCTGAGGCAGTAGAATCGCTCAAAACCAGAAGGCGGAGGTTGCAGTGAGCCGAGATCATGCCACTACACTCCAGCTTGGACAACAAGAGCAAAACTCCAT","GGCTGGGCGTGGTGGCCCATGCCTGTAATCCCAGCACTTTGGGAGTCCGAGGTGGGCGGAACACGAGGTCAGGAGTTCAAGACCAGCCTGGTCAACATGGTGAAACCCGATCTCTACTAAAAATACAAAAATTAGCCAGGCGTGGTGGTGGGCTCCTGTAATCCCAGCTACTCAGGAGACTGAGGCAGGAGAATTGCTTGTAACCAGAAGGTGGAGGTTGCAGTGAGCCGAGATCATGCCACTACACTCCATCCTGGGCGAAAGAACCAAACTCCATCTCAAAA"
"chr7","1709950","1710234","JH378148","3009466","3009760","51","1299516","GGCCAGGCGGAGTGGTTCATGCCTATAACTCCAGCACTTTGGGAGGCCAAAGTGGGTGGATCACGAGGTCAGGAGTTCGAGACCAGCCTGGGCAAGATGGTGAAACCTCATCTCTACTAAAAATACAACAATTAGCTGGGCATGGTGGCATGCACCTGTAATCCTAGCTTCTCAGGAGGCTGAAGCGGGAGAATCCCTTGAACCCAGAAGGTGGAGGTTGCAGTGAACTGAGAGCCATTGCTCTCCAGCCTCGGCAGCAAGAGTGAAACTCCATCAAAAAGAAAA","GGCCAGGTGTGGTGGCTCACGCCTGTAATCCCAGCACTTTGGGAGGCCGAGGCAGGTGGATGATGAGGTCAGGAGTTCGAGACCAGCCTGGCCAAAATGGTGAAACCCTGTCTCTACTAAAAATACAAAAAAATTAGCCAGGCGTGGTGGCATGCGCCTATAATCCCAGCTACTCAGGAGGCTAAGGCAGGAGAATCACTTGAAACCAGAAGGCAGAGGTTGCAGTGAACTGAGATCACGCCACTGCACTCCAGCCTGGGCAACAAGAGCAAAACTCCATCTCAAAAAATAAAAA"
"chr7","2131159","2131458","JH378108","38566905","38567200","46","36435746","GGCCAGGCAGGGTGGCTCACGCCTATAATCTCAGCACTTTGGGAGGACGAGGCGGGCAGATCACGAGGTCAGGAGTTCGAGACCAGCCTGGCCAACATGGCGAAACTCCTTCTCTACTGAGAATACAAAAATTAGCCAGCCATGGTGGCGGGCGCCTGTAATCCCAGCTACTCTGGAGCAGGAGGCAAGAGAATGGCTTGAAACCAGAAGGCGAAGCCTGCAGTGAGCCGAGATCGCACCACTGCACTTCAGCCTAGGTGAAAAGAGTGAAACTCCCTCTAAAACAAACAAACAAAAAAA","GGCCGGGCATGGTGGCTCACGCCTGATATCCCAGCACTTTGGGAGGCAGAGGTGGGTAGATCACGAGGTCAGAAGTTTGAGACCAGCCTGGCCAACACGGTGATACCCTGTCTCTACTGAAAATACAAAAATTAGCCAGGAATGGTGGCAGGTGCCTGTAATATCAGCTACTCAGGAGGCTGAGTCAGGAAAATCGCTTGAATCCAGAAGGCGGAGGTTGCAGTGAGCTGAGATCACACCACTGCACTCCAGCCTGGGTCACAAGAGTGAAACTCCCTCTCAAAAAAAAAAAAAAA"
"chr7","2660838","2661149","JH378187","8721059","8721370","43","6060221","GGCCAGGCGCGCTGACTCACGCCTGTAATCCCAGCACTTTGGGAGGCCGAAACGGGCGGATCATGAGGTCAGGAGTACGAGACCAGCCTCGCCAACGTGGTGAAACCCCGTCTCTACTAAAAATACACACAAAAAAATTAGCTGCGCATGGTGGCGGGAGCCTCTAATCCCAGCTACTCCGAGGCTGAGGCAGAAGAATTGCTTGAAGCCAGAAGGCGGAGGTTGCAGTGAGCCGAGATCGCACCACTGCACTCCAGCCTGGAGACAGAACGAGACTCCGTCTCAAAAAAAAAAAAAAAAAAAAAAAAAGAA","GCCGGGCGCGGTGGCTCAAGCCTGTAATCCCAGCACTTTGGGAGGCTGAGGCGGGTGGATCACGAGGTCAAAAGATCGAGACCATCCTGGTCAACATGGTGAAACCCCGTCTCTACTAAAAATACAAAAAAAAATTAGCTGGGCATGGTGGCGTGTGCCTGTAATCCCAGCTACTCAGGAGGCTGAGGCAGGAGAATTGCCTGAAACCGGGAGGCGGAGGTTGCGGTGAGCCGAGATCGCGCCATTGCACTCCAGCCTGGGTAACAAGAGCGAAACTCCGTCTCAAAAAAAAAGAAAAAAAAAAAAACAAAA"
"chr7","4143633","4143730","JH378136","7277126","7277221","17","3133493","GCTTGAAACCAGGAGGCAGAGATCACAGTGAGCCAAGATTGCACCATTGCACTCCAGCCTGGGCAACAGGAGTGAAACTCCATCTGAAAAATAAAAAA","CTTGAAACCAGAAGGCGGAGGTTACAGTGAGCCAAGATCATGCCACTGCACTCCAGCCTGGGCAAAAGAGCGAAACTCCGTCTCAAAAAACAAAAA"
"chr7","6256968","6257273","JH378174","11112447","11112756","45","4855479","GGCCAGACACGGTGGCTCATGCCTGCAATCCCAGCCCTTTGGGAGGGAGGCAGGTGAATTCCAAGGTCAGGAGTTTGAGGCCAGCCTGGCCAACATGGTGAAACCCTGTCTCTACGAAAAATATAAAAATTAGCAGGGCGTGGTGGCAGGTGCTTGTAATCCCAGGTACTAAGGAGGCTGAGGCAGGAGAATTGCTTGAAACTGGGAGGTGGAGGTTGCAGTGAGCTGAGATCGCACCACTGCACTCCAGCCTGGACAAAAGAGAGAAACTCTGTCTCAAAAAATAAATAAATAAATAAATAAAAA","GGCCGGACGCGGTGGCTCATGCCTGTAATCCCAGCACTTTGGGAGGCCGAGGCGGGTGGATCACGAGGTCAAGAGATCGAGACCATCCTGGTCAACATGGTGAAACCCCGTCTCTACTAAAAATACAAAAATTAGCTGGGCATGGTGGCGTGTGCCTGTAATCCCAGCTACTCAGGAGGCTGAGGCAGGAGAATTGCCTGAAACCAGGAGGCGGAGGTTGCGGTGAGCCGAGATCGCTCCATTGCACTCCAGCCTGGGTAATGAGAGCGAAACTCCGTCTCAAAAAAAAATAAATAAATAAAAAATAAAA"
"chr7","11841640","11841847","JH378112","35574224","35574418","50","23732584","ACTCCATCTCAGAAAAAAAAAAAAAATTGCTGGGCGTGGTGGCATGTGCCTGTAGTCTCAGCTACTCAGGAGGCTGAGGCAGGAGAATCGCTTGAAACCACTGGAAAGCAGAGGTTACAATGAGCCGAGATCAAGTCACTCCACTCTAGTCTGGGCAAGGAAAGCAAAACTCCGTCTCAAAAAAATAAATAAATAAAATAAAATAAAA","TACTAACAATACAAAAATTAGCCAGGCGTGGTGGCGGGCACCTGTAAGCCCAGCTACTCAGGAGGCTGTGGCAGGAGAATCGCTTGAAACCAGGAAGCAGAGGTTGCAGTGAGCCGAGATCATGCCACTGCACTCCAGCCTGGGTGACAAGAGTGAAACTCCACCGCAAAAAAACATAAAACATGAAAAATAAAA"
"chr7","12051137","12051413","JH378153","2212277","2212560","52","9838860","GGCCGGGCACAGTGGCTAATGCCTGTAATCCCAGCACCTTGGGAGGCCAAGGCAGGTGGATCATGAGATCAGGAGTTCAAGACCAGCTTGGCCAACACGGTGAAACCCTGTTTCTACTAAAAATACAACATTTAGCCAGGCACCTGGGGGCACCTGTAATCCCAGCTACTCAGGAGGCGAGGCAGGAGAATTGCTTAAACCCGGAAGGCAAAGGTTGCAGTGAGCCGAGACTGTGCCACAGTCCAGCCTGAGCAACAAAAGCAAAACTCCATCTCGA","GGCCGGAAGAGGTGGTTCATGCCTATAATCCCAGCACTTTGGGAGGCCGAGGCGGGTGGATCATGAGGTCAGGAGTTCGAGACCAGCTTGGCCAACATGGTGAAACCCCGTCTCTACCAAAAATACAAATATTAGCTGGGCATGGTGGTGGGCACCTGTAACCCCAGCTACTCGGGAGGCTGAGGCAGGAGAATCGCTTGAAACAAGAAGGCAGAGGTTGCAGTGAGCTGAGATCGTGCCACTGCACTTTAGCCTGGACGAGAAAGCAAAACTTCTGTCTCCAA"
"chr7","16413470","16413771","JH378107","46009365","46009670","43","29595895","CTGGGCACGATGGCTTACACCTGTAATCCCAGCACTTTAGGAGGCCGGGTCAGGTGGATCACGAGGTCAGGAATTCGAGACCAGCCTGGCCAACATGGCAAAACCCCATCTCTACTAAAAATACAAAAATTACCTGGGCGTGGTGGCGGGTGCCTGTAGTCCCAGCTACTCAGGAGGCTGAGGCAGGAGAATCGCTTGAAACCGGAAGGCAGAGATTGCAGTGAGTGGAGATTGCACCATTGTACTCCAGCCTGGGCGAAAGAGCAAAACTCCGTCTAAACAAAAAAAAAAAAAAAAAAAAA","GGCCGGGCGTGGTGGCTCACGCCTGTAATCCCAGCACTTTGGGAGGCCAAGGCAGGTGGATCACGAGGTCAAGAGGTCGAGACCATCCTGGTCAACATGGTGAAACCCCGTCTCTGCTAAAAATACAAAAATTAGCTGGGCATGGTGGCACGTGCCTGTAATCCCAGCTACTCAGGAGGCTGAGGCAGGAGAATTGCCTGAAACCAGGAGGCGGAGGTTGCGGTGAGCCGAGATTGCGCCATTGCACTCCAGCCTGGGTAACAAGAGCGAAACTCCGTCTCAAAAAAAAAAAAAAAAAAAAAAAAA"
"chr7","18279393","18279453","JH378177","2470209","2470260","18","15809184","GGAGGCTGTGATGGTAGAATTGCTTGAAACTGGGAGACAGAGGTTTCAGTGAGCCTAGATC","AGGCAGGAGAATCATTTGAAACCAGGAGGCAGAGGTTGCAGTGAGCTGAGAT"
"chr7","19212743","19213027","JH378206","2476848","2477135","42","16735895","GGCCGGGAGCGGTGGCTCACGCCTGTAATTCCAGCACTTTGGGAGGCCGAGGCGGGTGGATCACGAGGTCAGCAGTTCGAGACCAGCCAGCCCAACATGGTGAAACCGGTCTCTACTTAAAATTTAAAAAATTAGCTGGGCGTGGTGGCTGGCGCCTGTAATCCCAGCTACTTGGGAGGCTGAGGCAGGAGAATCGCTTGAAACTGGAAGGAGGAGGTAGCAGTGAGCCGAGATTGTGCCACTGCACTCTGGACAATAAGAGAAAAACTTCGTCTCAAAAATAAA","GGCTGGGTGCAGTGGCTCACGCCTATAATCCCAGCACTTTGGGAGGCCGAGGTGGGTGGATCACAAGGTCAGGAGTTGGAGACCAGCCTGGCCAACATGGTGAAACCTCATCTCTACTAAATATACAAAAATTAGCCGGGTGTGGTGGCAGGTGCCTATAATCTCAACTACTCGGGAGGCTGAGGCAGGAGAATTGCTTGAAACTGGAAAGTGGAGGTTGCAGTAAGCTGAGATTGTGCCACTGCACTCCAGCCTGGACAACAAGAGCAAAACTGCGTCTCAAAAAAA"
"chr7","23940309","23940600","JH378245","3312448","3312742","39","20627861","GGCTGGGTGCAGTGGCTCATGCCCGTAATCCCAGCACTTTGGGAGGCCAAGGCAGGTGGATCACGAGGTCAGCAGTTCGAGACCAGCCTGACCAACATGGTGAAGCCCCGCCTCTACTAAAAATAAAAAATTAGCTGGGCATGGTAATAGGCGCCTGTAATCCCAGCTACTTGGGAGGCTGAGGCAGGAGAATCGTTTGAAACCAGAAGGTGGAGGTTGCAGTGAGCCAAGACTGACACTGCACTCTAGCCTGGGCAATAAGAGAAAAACTCCATCTCAAAAAAAAAAAAAA","GGCCAGTCGTGGTGGCTCTCGCCTGTAATCCCAGCACTTCGGGAGGCTGAGGCAGGCAGATCATGAGGTCAGGAGTTTGAGACCAGCCTGGCCAATATGGTGAAACCCCGTCTCTACTAAAAATACAAAAATTAGCTGGACATGGTGGTGGGCGCCTGTAATCCCAGCTACTTGGGAGGCTGAGGCAGGACAATCGCTTGAAACCTGAAGGCGGAGGTTGCAGTGAGCCAAGATCATGCCACTGCACTCCAGCCTGGGCGAAAGAGTAAAACTCCGTCTCAAAAAAAAAAAGAAA"
"chr7","24582333","24582633","JH378261","1404235","1404536","46","23178098","CCAGACTCGGTGGCTCATGTCTGTAATCCTAGCACTCTGGGAGGCCAAGTGGGCAGATCATGAGGTCAAGAGTTCAAGACCAGCCTGGCCAACATGATGAAACCCCATCTCTACTAAAAATACAAAAATTAGCTGAGCGTAGTGGCAGGCACCTGTAATCCCAGCTACTCAGGAAGCTGAGGCAGGAGAATCGCTTGAAACCGGAAGGAGGAGGCTGCAGTGAGCGGAGATTGTACCACTGCACTCCAGCCTGGGTGAAAAGCAAAACTGCGTCTCAAAAAATAAAAAATAAATTAAAAAA","GGCCGGACTAGGTGGCTCACGCCTGTAAACCCAGCACTATGAGAGATTAAGGTGGGCAGATTACGAGGTCAGGAGTTCAAGACCAGCCTGGCCAACATGGTGAAACCCCGTCTCTATTAAAAATACAAAAATTAGCTGGGCGTGGTGGCAGGCGCCTGTAATCCCAGCTAATCGGGAGGCTGAGGCAGAAGAATCGCTTGAAACCGGAAGCCGGAGGTTGCAGTGAGCTGAGATCTTGCCATTGCACTCCAGCTTGGGTGAAAAAGCAAAATTCTGTCTCAAAAAAAAAAAACAAAGCAAAA"
"chr7","24992491","24992775","JH378129","22226033","22226310","46","2766458","GGCCGAGTGCAGTGGCTCACGTCTGTAATTCCAACATTTTGGGAGGCTGAGGTGGGCAGATCACGAGGTCAGGAGTTTGAGACCAGCCTGGCCAACATGATGAAACCCTGTCTCTACTAACAATACAAAGATTAGCCGGGCCTGGTGGCAGGCACCTGTAATCCCAGCTACTCAGAAGACTGAGGCAGGAGAATCGCTTGAAACTGGAAGGCGGAGGTTGCAGTCAGCTGAGTTTATGCCACTGCACTCCAGTTTGGGCAACAAGAGTGAAACTCAGAATCAAAA","GGCCAGGCATGGTGGCTCACGCCTGTAATTCGAGCACTTCGGGAGGCCGAGGTGGGCAGATCATGAGGTCAGGAGTTCAAGACCAGCCTGGCCAACATGGTGAAACCCTGTCTCTACTAAAAATACAAAAATTAGCTGGGCATGGTGGCAGTGCCTGTAATCACAGCTACTCAGGAGGCTGAGGTAGGAGAACCACTTGAAACTGGAAGGTGGAGGTTGCAGTGAGCCGAGATCGCACCACTGCACTCCAGCTTGGGCGAAAGAGTGAAATTCTGTCT"
"chr7","25099844","25100005","JH378153","5487406","5487588","46","19612438","GCCAGGCGCAGTGGCTGCAATTCCAGTACTTTGGGAGGCCGAGGTGGGTGGATCACGAGGTCAGGAGTTTGAGACCAGCCTGGTCAACATAGTGAAACCCCACCTCTACTAAGAGATGGGGTGGCAGGTGCCTGTAATCCCAACTACTCAGGAGGCTGAGGC","GGCCAGGCGCGGTGGCTCTCACCTTTACTTCCAGCACTTTGGGAGGCCGAGGTGGGCGGATCATGAGGTCAGGAGTTCCAAGACCAACCTGGCCAACAGGGTGAAACCCCATCTCTACCAAAAATACAAAATTAGCCAGGCGTGGTGGTGGGTGCCTGTAATCCCAATTACTTGGGAGGCTGA"
"chr7","26356803","26357102","JH378107","46009365","46009670","40","19652562","GCATGGTGGCTCATGCCTGTAATCCCAGCACTTTGGGAGGCTTAGGTGGGAGGATCACGAGGTCAGGAGTTCGAGACCAGCCTGGCCAACATGTTGAAACCCCATCTCTACTAAAAATACAAAAAGTAGCTGGCCGTTGTGACAGGCACCTGTAATCCCAGCTATTCAGGAGGCTGAGGCAGAAGAATCGTCTGAATCTGGGAGGCGGAGGTTGCACTGAGCCGAGATCGCGCCATTGCACTCCAGCCTGGGCAACAAGAGCGAAACTCCATCTCAAAAAAAAAAAAAAAAAAAAAAAAA","GGCCGGGCGTGGTGGCTCACGCCTGTAATCCCAGCACTTTGGGAGGCCAAGGCAGGTGGATCACGAGGTCAAGAGGTCGAGACCATCCTGGTCAACATGGTGAAACCCCGTCTCTGCTAAAAATACAAAAATTAGCTGGGCATGGTGGCACGTGCCTGTAATCCCAGCTACTCAGGAGGCTGAGGCAGGAGAATTGCCTGAAACCAGGAGGCGGAGGTTGCGGTGAGCCGAGATTGCGCCATTGCACTCCAGCCTGGGTAACAAGAGCGAAACTCCGTCTCAAAAAAAAAAAAAAAAAAAAAAAAA"
"chr7","27355653","27355925","JH378147","15650003","15650291","52","11705650","GGCCAGGTGCAGTGGCTCACCCCTGTAATCCCAGCACTTTGGGAGGCCAAGGTGGGTGGATCACAAGGTCAGGAGTTTGAGACCAGCCTAGCCAACATGGTGAAACCTCATCTCTACTAAAAATAGAAAAATTAGCCAGCCATGGTGGCGGGTGCCAGCTGAGTCAGGAGAATCGCTTGAAACTGGAAGGCAGAGGTTGCAGTGAGCCAAGATCGCACCACTTCACTCTAGTCTGGGCAAAAGAGCGAAATTCTGTCTCAAAAAAAAAAAAAA","GCCGGGCACGGTAGCTCACACTTGTAATCCCAGCACTTTGGGAGGCTGAGGTGGGTGGATCACAAGGTCAGGAGTTTGAGACCAGCCTGGCCAACATGGTGAAACCCCGTCTCTACTAAAAATACAAAAAGTAACCAGAAGTGGTGGTGGGAGCCTGTAATCCCAGCTGAGGCAGGAGAATGACTTGAAACTGGAAGACAGAGGTTACAGTGAGCCGAGATGGCACCATTGCACTCCAGCCTGGGTGAAAGAGCGAAACTCCGTCTCAAAAATAATAACAATAATAAAA"
"chr7","28760156","28760350","JH378115","31351021","31351219","31","2590865","GGCCAGGTGCAGTGATTCACGCCTGTAATCCCAGCACTTTGGGAGGCTGAGGTGGGTGGATCATGAGGTCAAGAGTTCAAGATGAGACTGGCCAACATGGTGAAATTCCGTCTCAACTAAAATTACAAAAATTAGCCAGATGTGATGGCAGGCACCTGTAATCCCAGCTACTCAGGAGGCTGAGGCAGAAGAATC","GGCCAGGTGCAGTGGCTCACACCTGTAATCCCAGCACTTTGGGATGCCAAGGTGGGCAGATCATGAGGTCAGAAGTTCAAGACCAGCCTGGCCAACATAGTGAAACCCAGTCTCTACTACAAATACAAAAAATAGCCGGGTGTGGTGGCAGGCACCTGTAATCCCAGCTACTTGGGAGGCTGAGGCAGGAGAACTGCTT"
"chr7","31368435","31368712","JH378242","4505823","4506099","40","26862612","GCCGGGGACAGTGGCTCACACCTGTAATCCCAGCACTTTGGGAGGCCGAGGCGGGTGGATCACGAGGTCAGGAATTCGAGACCAGCCTGGCCAACATGGTGAAACCCCGTCTCTACTAAAACTACAAAAATTAGCTGGGCATGGTGGCATGCGTCTGTAATCCCAGTTACTTGGGAGGCAGAGGTAGCGGTGAGCTGAGATTGCGCCATTGCACTCCAGCCTGGGCAACAAGAGGAAGAATCCCTCTTAAAAAAAAAAAAGAAAAGAAAAAGAAAAAA","GGCCGGCGCGGTGGCTCACGCCTGTAATCCCAGCACTTTGGGAGGCCAAGGCAGGTGGATCATGAGGTCAAGAGATAGAGACCATCCTCGTCAACATGGTGAAACCCCGTCTCTACTAAAAATACAAAAAATTAGCTGGGCATGGTGGCGTGTGCCTGTAATCCCAGCTACTCAGGAGGCTGAGGCTGCCATGAGCCGAGATCACGCCATTGCACTCCAGCCTGGGTAACAAGAGTGAAACTCTGTCTCAAAAAAAAAAAAAAAAGAAAAGAAAAAA"
"chr7","32491656","32491951","JH378175","7514268","7514564","43","24977388","GCAGGTCGTGGTGGCTCATGCCTACAATCCCAGCACTTTGGGAGGCCGAGGCAGGAAGATCACAAGATGAGCAGTTCGAGACCAGCCTGACCAACATGGTGAAACCCCGTCTCTACTAAAAATACAAAAAAATTAGCTGGGCGTGATGGTGGGCACCTGTAATTGCAGCTACTTGGGAGACTGAGGCAGGAGAATTGCTTGAAACTGGAAGGCAGAGGTTGCAGTGAGCCGAGATTGCGCCACTGCACTCTAGCCTAGGCAACAAGAGCAAAACTCCATCTCAAAAAAAAAAAAAA","GGCTGGGCGCGGTGGCTCAAGCCTGTAATCCCAGCACTTTGGGAGGCCGAGGCGGGTGGATCACAAGTTCGAGAGATCGAGACCAACCTGGTCAACAGGGTGAAACCCCGTCTCTACTAAAAATATAAAAAATTAGCTGGGCGTGGTGGCATGTGCCTGTAATCCCAGCTACTCAGGAGGCTGAGGCAGGAGAATTGCCTGAAACCAGGAGGGCGGAGGTTGCGGTGAGCCGAGATCGCGCCATTGCACTCCAGCCTGGGTAACAAGAGCAAAACTCCGTCTCAAAAAAAAAAAAAA"
"chr7","32742112","32742431","JH378170","7759979","7760296","69","24982133","GGCCTGGTAAGGTGGCTCACACCTGTAATCCCAGCACTTTGGGAGGCTGTGACTGTGGATCACCTGAGGTCAGGAGTTCGAGACCAGCCTGGCCAACATGATGAAGTCCCGTCTCTACTAAAGATACAAAAAAATTAAAAATAAAAAAAAATAGCTGGGCGTGGTGGCATGCACACTTATAGTCCCAGCTACTTGGGAGGCTGAGGCAGGAGAATCTGGGAGACAGAGGTTGCAGTGAGCTGAGATTGTGCCACTGCACTCCAGCCTGGGCACCAAGAGTGTAGCTCCATCTCAAAAAAAAAAAAAAAAAAAAAAAAGAA","GCCGGGTGCGGTGGCTCAAGCCTGTAATCCCAGCACTTTGGGAGGCTGAGGCGGGTGGATCACGAGGTCAAAAGATCGAGACCATCCTGGTCAACATGGTGAAACCCCGTCTCTACTAAAAATACAAAAAAAAAAAAAAAATTAGCTGGGCATGGTGGCGCGTGCCTGTAATCCCAGCTACTCAGGAGGTTGAGGCAGGAGAATTGCCTGAAACCGGGAGGCGGAGGTTGCAGTGAGCCAAGATCGCGCCATTGCACGCCAGCCTGGGTAACAAGAGCGAAACTCTGTCTCAAAAAAAAAAAATAAATAAAATAAAAA"
"chr7","33860493","33860788","JH378127","10024758","10025055","35","23835735","GGCCGGACACGGTGGCTCACGCCTGTAATCCCAACACTTTGGGAGGCCGGGGTGGGTGGATCACGAGGTCAGGAGTTTGAGACCAGCCTGGTCAACATAGTGAAACCTTGTCTCTACTAAAAATACAAAAATTAGCTGGGTGTGGTGGCAGTCGCCTGTAATCCCAGCTACTCAGGAGGCTGAGGCAGGAGAATCACTTGAAATCGGAAGGCGGAGGTTGCAGTGAGCCGAGATCATGCCACTGCACTCCAGCCTGGGCAACAAGACAAAACTCCATCTCAAAGAAAAAAAAAAAA","GGCCGGGCGCGGTGGCTCAAGCCTGTAATCCCAGCACTTTGGGAGGCCGAGGCGGGTGGATCACGAGGTCAAGAGATCGAGACCATCCTGGTCAACATGGTGAAACCCCGTCTCTACTAAAAATACAAAAAATTAGCTGGGCATGGTGGCGTGTGCCTGTAATCCCAGCTACTCAGGAGGCTGAGGCAGGAGAATTGCCTGAGACCAGGAGGCGGAGGTTGCAGTGAGCCGAGATCGCGCCATTGCACTCCAGCCTGGATAACAAGAGCGAAACTCCGTCTCAAAAAAAAAAAAAAAA"
"chr7","35121167","35121426","JH378133","19659852","19660116","52","15461315","TTGGGAGGCCAAGGCGGGCAGATCATGGTCAGGAGTTTGAGACCATCCTGGCCAACATGGTGAAATCCTGTCTCTCCTAAAAATACAAAAATTAGCCAGGCATGGTGGCAGGTGCCTGTAATCCCAGCTACTCTGGAGGGTGAGGCAGGAAAATTGCTTGAACCAGAAGGCAAAGGTTGCAGTGAGCCGAGACTGCACCAAAACAAGATTTCGACAAGAGAAAAACTCTGTCTCAAAAAAAAAAAAATAAATAAATAAAA","TTGGGAGGCCGAGGCGGGAAGATCACGAGGTCAGGAGTTCCAGACCAGCCTGGTCAACATGGTGAAACTCGGTCTCTACTAAAAATACAAAAATTAGCTAGGCATGGTGGCAGGTGCCTGTAACCCCAGCCACTCGGGAGGCTGAGGCAGGAGAATCGCTGAGGCAGAAGGAGGAGGTTGCAGTGAGTCGAGATCCCGCCACTACACTGCAGCCTGGGCAACAAGAGGGAAACTCCATCTCAAAAAAGGAAAAAAAAAAAAAAAA"
"chr7","39102065","39102374","JH378114","25103281","25103591","45","13998784","GGCCAGGTGCAGCGGCTCATACCTGTAATCCCAGCACTTTGAGAGGCTGAGGTGGGCTCATCACAAGGTCAGGAGTTTGAGATCAGCCTGGCCAGCATGGTGAAACCCCCGTCTCTACTAAAAATACAAACAATTAGCTGGGCTTTGTGGCAGGCGCCTGTAATCCCAGCTACTTGGGAGGCTGAGGTGGGAGAATCGCTTGAAACCAGAAGGCAGAGGTTGCAGTGAGCTGAGATCACACCATTGCACTCCAGCATGGGCAACAAGGGCAAAACTCTGTCTCAAAAGAAAAAAAAAAAAAAGGAAGAAA","GGCTGGGTGCAGTGGCTCACGCCTGTCATTCCAGCACTTGGAGAGGCTGAGGTGGGTGGATCACAAGGTCAGGAATTTGAGACCAGTCTGACCAACATGGTGAAACCGCACCTCTACTAAAAATACAAAAGTTAGCCAGGCATGGTGGCAGGCACCTGTAATCCCAGCTACTTGGGAGGCTGAGACAGGAGAATCGCTTGAAACCCGAAGGTGGAGGTTGCAGTGAGTCAAGATCACACCACTGCACTCCAGCCTGGGCAAAAAGAGCAAAACTCTGTCTCAACCAAAAAAAAAAAAAAAAGAGAAAGAAA"
"chr7","40032631","40032804","JH378105","35472325","35472495","29","4560306","GACTGGGTGCGGTGGCTCATGCCTGTAAGCCTAGCACTTTGGGAGGTTGAGGCGAGTGGATCACAAGGTCAGGAGTTTGAGACCAGCCTGGCCAATGTGGTGAAATCCCGTTTCTACTGAAAATACAACTTAACTGGGCATGGTGGTGGGCACCTGTAATCCCAGCTACTTGGG","CTGGGTGCGGTGGCTCATGCCTGTAATCCTAGCACTTTGGGAGGTCGAGACGGGTGGATCATGAGGTCAGGAGTATGAGACCAGCCTGGCCAACATAGTGAAACCCTGTCTCTACTAAAAATACAAAAATTAGCAGGGCATGGTGGTGGGTGTTTGTAATCCCAGCTACTC"
"chr7","43769780","43770075","JH378144","12982451","12982752","53","30787329","GATGGCTCACGCCTGTAATCCCAACAATTTGGGAGGCCAAGGTGGGTGGATCACGAGGTCAACAGCTTGAGACCAGCCTGACCAACATGGTGAAACCCTGCCTCTACTAAAAATACAAAAAAATTAGCTGGGCATGGCGGCAGACACCTGGAATGCCAGCAACTTGGGAGACTGAGGCAGGAGAATTGCTTGAAACCAGAAAGCGGAGGTTGCAGTGAGCCAAGATTGCACCACTGCACTGTAGCCTGGGCAATAAGAGCAAATCTCCATCTCAAAAAAAGAAAAAAAAAGAAAAA","GCGTGGTGGCTCATGCCTGTAATCCCAGCACTTTGGGAGGCCAAGGTGGGCGGATCATGAGGTCAGGAGTTCGAGACCAGCCTGGCCAATATGGTGAAACCCTGTGTCTACTAAAAATAGAAAAAATTAGCCAGGCATGGTGGTGGACACCTGTAATCCCAGCTACTTGGGAGGATGAGGCAGGAGAATTGCTTGAAATTGGGAGGTGGAGGTTTCAGTGAGCCAAAATCACGCCGCTGCACTCTTGAGCCTGGGCAACAAAAGCAAAACTCCAACTCAAAAAGAAAAAAAAAAAGAGAGAA"
"chr7","46169263","46169565","JH378106","58660565","58660863","41","12491302","GGCCAGGTGCAGTGGCTCACACCTGTAATCCCAGCACTTTGGGAGGCCGAGGCAGGCAGATCACGAGGTCAAGAGATTGAGACCATCCTGACGAACATGGTGACACTCCACCTCTACTAAAAATACAAAAGATTAGCTGGGCGTGGTGGTGTGTGCCTGTAGTCCCAGCTACTTGGGAGGCTGAGGTAGGAGAATCACTTGAAACTGGAAGGCAGAGGTTTCAGTAAGCCGAGATCGCACCACTGCACTCCAGCCTCGGCAACAAAAGTGAAACTGCATCTCAAAAAAAAAAAAAAAAAAAAA","GCCAGACACGGTGGCTCACACCTGTAATCCCAGCACTTTGGGATGTCGAGGTGGGCAGATCATGAGGTCAAGAGTTTGAGACCAGCCTGGCCAACATGGTAAAACCCTATCTCTACTAAAAATACAAAAATTAGCTGGGTGTGGTGGCAGGTGCCTGTAATCCTAGCTACTTGGGAGCCTGAGGCAGGAGAATCACTTGAAACTGGAAGGCAGAGGTTGCAGTGAGCCGAGATAGTGCCACGGCACTCCAGCCTAGGCAACAAGAGCGAAACTGTCTCAAAAAAAGGAAAAAAAAAAAA"
"chr7","47034742","47035049","JH378107","46009365","46009670","47","1025377","GGCCGGGCGTGGTGGCTCATGCATATAATTCCAGCACTTTGGGAGGCAGAGGCAGGTGGATCACGAGGTCAGGAGTTCAAGACCCACCTGACCAACTTGGTGAAACCACATCTCTACTCAAAATACAAAATTAGCCGGGAGTGGTGGCCTATGCCTGTAACACCAGTTACTCAGGAGGCTGAGGCAGGAGAATCACTTGAACCCGGCAGAGGGAAGTTGCAGGGAGCTGAGATCGCGCCACTGCACTCCAGCCTGGGCAACAAGAGCAAAACTCCGTCTCAAAAAAAAAAAGAAAGAAAAAAGAAAAA","GGCCGGGCGTGGTGGCTCACGCCTGTAATCCCAGCACTTTGGGAGGCCAAGGCAGGTGGATCACGAGGTCAAGAGGTCGAGACCATCCTGGTCAACATGGTGAAACCCCGTCTCTGCTAAAAATACAAAAATTAGCTGGGCATGGTGGCACGTGCCTGTAATCCCAGCTACTCAGGAGGCTGAGGCAGGAGAATTGCCTGAAACCAGGAGGCGGAGGTTGCGGTGAGCCGAGATTGCGCCATTGCACTCCAGCCTGGGTAACAAGAGCGAAACTCCGTCTCAAAAAAAAAAAAAAAAAAAAAAAAA"
"chr7","47159583","47159886","JH378190","1325792","1326096","50","45833791","GGCCAGGCATGGTGGCTCACGCCTGTAATTCCAGCATTTTGGGAGGCCGTGGCGGGTGTATCACGAGGTCAGGAGTTCGAGACCAGCCTGGGCAACATGGTGAAACCCCGTCTCTACTAAAATTACAAAAATTAGCCAGGTGTGGTGGCGGGCACCTGTAATCCCAGCTACTCAGGAGGCAGGAAAATCGCTTGAAACCGGAAGGCGGAGGTTGCAGTAAGCAGAGCACTCCAGTCCACAGCACTCCAGCCTGGGTGAAAGAGCAAAACTGAGTCTCAAAAAAAAGTTTAAAAAAAAAAAAAAA","GCCAGGCACGGTGGCTCACGCCTGTAATCCCAGCATTTTGGGAGGCCGAGGCAGGCGGATCATGAGGTCAGGAGTTCGAGACCAGCCTGGCCAACATGGTGAAACCCTGTCTCCACTAAAAATACAAAAATTAGCTGGCTGTGGTGGTTGGCACCTGTAATCCCAGCTACATGGGAATCTGAGGCAGAAGAATTGCTTGAAACCAGAAGGCAGAGGTTGCAGTGAGCCAAGATCATGCCACTACACTCAAGCCTGGATGAAAGAGTGAAACTCTGTCTCAAAAAAAAAAAAAAAAAAAAAAAAAA"
"chr7","49050457","49050748","JH378148","3009466","3009760","58","46040991","GGCCGCGTATGGTGGCTCACACCCGTAATCCCAGTACGCTGGGAGGCCAAGATGGGTGGATCACAAGGTCAGGAGTTTGAGACCATCCTGACTAACATGGTGAAACCCCGCCTCTACTACAAATACAAAAAAAAAAAAAAATATTCCCTGGTGCCTGTAATCCCAGTTATTCAGGAGGCTGAGGCAGGAGAGTCACTTGAAACCAGGAGGCAGAGGTTGCAGCAGTGAGCCGACATCACATCACTACACTCCAGCCTGGGCAACCAGAGCAAAACTCCATCTAAAAAAAAAA","GGCCAGGTGTGGTGGCTCACGCCTGTAATCCCAGCACTTTGGGAGGCCGAGGCAGGTGGATGATGAGGTCAGGAGTTCGAGACCAGCCTGGCCAAAATGGTGAAACCCTGTCTCTACTAAAAATACAAAAAAATTAGCCAGGCGTGGTGGCATGCGCCTATAATCCCAGCTACTCAGGAGGCTAAGGCAGGAGAATCACTTGAAACCAGAAGGCAGAGGTTGCAGTGAACTGAGATCACGCCACTGCACTCCAGCCTGGGCAACAAGAGCAAAACTCCATCTCAAAAAATAAAAA"
"chr7","51177592","51177840","JH378138","2698097","2698345","51","48479495","GGCCGGGTGCGGTGGCTTATGCCTGTAATCCCAGCAGATCATGAGGTCAGGAATTTGAGACCAGTCTGGCCAACATGGTGAAACCCCGTCTCTACTAAAAATAGAAAAATTAGCTGGGCATCGTGGCCAGCACCTGTAATTCCAGCTACTCGGGAGGCTGAGGCAGGAGAATAGCTTGAAACCAGAAGGCAGAGGTTGCAGTGAGCTGAGATCTCGCCACTGCACTCCAGCCTGGACAAACAGTGAAAC","GGCTGGGTATGGTGGCTCACCCACTTTGGGAGGCTGAGGCAGGTAGATCATGAGGTCAGGAGTTTGAGACCAGCCTGGCCAACATGGTGAAACTCCATCTCTACAAAAATACAAAAATTAGCCAGACATGGTGGCGGGCACCTGTAACCCCAGCTACTCGGGAGGCTGAGGCAGGAGAATTACTTGAAACTGGAAGGTAGAGGTTGCAGTGAGCTGAGATCATGGCACTGCACTCCAGCCTGGGTGACA"
"chr7","54910297","54910400","JH378136","7277126","7277221","30","47633171","AGGGGAATTGCTTGAAACCGAGAAGCAGAGGGTACAGTGAACCGAGATCGAGCCATTTCACTCCAGCCTGGGCAACAGGAACTAAAGTGCATCTCAAAAAAAAA","CTTGAAACCAGAAGGCGGAGGTTACAGTGAGCCAAGATCATGCCACTGCACTCCAGCCTGGGCAAAAGAGCGAAACTCCGTCTCAAAAAACAAAAA"
"chr7","57425728","57426033","JH378209","3195862","3196167","45","54229866","CAGGCGCAGTGGCTCATGCCTGTAATCCCAGCACTTTGGAAGGCTGAGGTGGGTGGATCACGAGGTCAGGAGTTCAAGATCAGCCTGGCCAACATGGTTAAACCCCGTCTCTACTAAAAATTGAAAAATTAGCTGGGCATGGTGTGGCGGGTGCCTGTAATCCCAGCTACTCGGGAGGCTGAGGCAGGAGAATTGCTTGAAACCTGAAAGCAGAGGTTGCAGTGAGCCGAGATTGTGCCACTGTACTCCAGCCAGGCAAGAGTGAAACTCCATCTCAGGAAAAAAAAAAAGAAAAAAAAAAGAAAA","GCCGGGTGCGGTGGCTCAGGCCTGTAATCCCAGCACTTTGGGAGGCCGAGGGGGGTGGATCACGAGGTCAAGAGATCGAGACCATCCTGGTCAACATGGTAAAACCCCGTCTCTACTAAAAATACTAAAAATTAGCTGGGTATGGTGGCGTGTGCCTGTAATCCCAGCTACTCAGGAGGCTGAGGCAGGAGAATTGCCTGAAACCAGGAGGCGGAGGTTGCGGTGAGCCGAGATTGCGCCATTGCACTCCAGCCTGGGCAACAAGAGCGAAACTCCGTCTCGGAAAAAAAAAAAAAAAAAAAAAAA"
"chr7","64034319","64034548","JH378138","2698097","2698345","57","61336222","TAGCTCACTCCTGTAATCCCAGCACTTTGGGAGGCTGAGGTTGGTGGATCATGAGGTCAGGAGTTCGAGACGAGGCTGACCAACATGGTGAAACCCCATCTCTACTAAAAATACAAAAATTAGTTGGGCATGTAATCCTAGCTACTCAGGGGGCTGAGGCAGGAGAATTACTTAAAACTGGGAGACAGAGGTTGCAGTGGGCCAAAATCATGCCACTGCACTCCAGCCTG","GGCTGGGTATGGTGGCTCACCCACTTTGGGAGGCTGAGGCAGGTAGATCATGAGGTCAGGAGTTTGAGACCAGCCTGGCCAACATGGTGAAACTCCATCTCTACAAAAATACAAAAATTAGCCAGACATGGTGGCGGGCACCTGTAACCCCAGCTACTCGGGAGGCTGAGGCAGGAGAATTACTTGAAACTGGAAGGTAGAGGTTGCAGTGAGCTGAGATCATGGCACTGCACTCCAGCCTGGGTGACA"
"chr7","70288815","70289084","JH378139","4978818","4979087","57","65309997","CTCACACCTGTAATTCCAGCACTTTGAGAGGCTGAGACAGGTGGATCACTAGGTCAAGAGTTCGAGACCAGCCTGACCAACTTGGTGAAACCCCATCTTTACTAAAACAATTAGCCAGGCATGGTGACAGGTGCCTGTAATCCTAGTTACTCAGCAAGCTGAGGCAGAAGAATCTCTTAAAACCAATAGGCGCAGGTTGCAGTGAGCTGAGAGTGTGCCACTGCACTCCGGTCTGGGCAACAGAGTGAGACTCCATCTCAAAAAAAAAAA","CACACCTGTAATCCCAGCACTTTGGGAGATGAAGGTGGGCGGATCACGAGGTCAGGAGTTCAAGACCAGCTTGGCCAACATGGTGAAACTCCATCTCTACTAAAAATACAAAAATTAGCCAGGCATGGTGGCAGGTGCCTGTAATTCCAGCTCCTTGGGAGGCTGAGACAGGAGAATCTCTTGAAACCAGAAGGCGGAGGTTGCTGTGAGCTGAGATCGCGCCACTCACTCCAGCCTGGGCAAAAGAGCAAAACTCTGTCTCAAAGAAAA"
"chr7","72895220","72895430","JH378115","15568332","15568546","44","57326888","GCTAACATGGTGAAACCCCCTCTCTACTAAAAATACAAAAATTAGCTGCACGTGGCGGCGGGAGCCTGCAGTCCCAGCTACTCCGGAGACTGAGGCAGGATAATCACTTGAAACTGGAAAGCGGAGGTTGCAGTGAGCAGAGATTGGCCACTACACTCTGCCCTGGGCAACAAGAGTGAAACTCCATCTCAAAAAAAAAAAAAAAAAAAAA","ACATGGTGAAACCCTATCTCTATTAAAAATACAAAAATTAGCCAGGCATGGTGGCGGGCACCTGTAATCCCAGCTACTTGGGAGGCTGAGGCAGGAGAATCACTTGAAACTGGAAGGCAGATGTTGCAGTGGGCTGAGATCATAGCACTGGACTCCAGCCTGGGCAACAAGAGCTAAACTCCATCTCAAAAAAAAAAAAAAAAAGAAAAAAAAAA"
"chr7","78581252","78581556","JH378245","2025413","2025720","48","76555839","GGCCAGGCACAGTGGCTCACAGCTGTAATCCAGCAGTTTGGGAAGCCGAGGCAGGCAGATCACGAGGAATTTGAGACCAGCCTGGCCAACATGATGAAATTTCTTCTCTACTAAAAATACAAAAATTAGCAGGGTGTGGTGATGGGCGCCTGTAATCCCAGCTACTCAGGAGGCTGAGGCAGGAGAATCGCTTGAAACCAGAAGGCGGAGTTTTCAGTGAGCCAAGATCCCGCCACTGCACTGCAGCCTGGGCAACAAGAGAGAGACTCTGTCTCAAAAAAAAAAAAAAAAAAAAAAAAGAAAAA","GGCCAGGTACAGTGGCTCACACCTGTAATCCCAGCACTTTGGGAGGCCAAGGCAGGCAGATCACAAGGTCAGGAGTTTGAGGCCAGCCTGGCCAACATGTTGAAACCTCGTCTCTACTAAAAATACAAAAATTAGCTGGTTATGGTAGTGGGCGCCTGTAATCCCAGTTACTCAGGAGGCTGAGGCAGGAGAATCGCTTGAAACTGGATGACGGAGGTTGCAGTGAACTGAGATCGTGCCACTTTACTCCAGCCTGGGCAAGAAGAGCAAAACTGGGTCAAAAAAAAAAAAAAAGAAAAAGAAAAAAA"
"chr7","80253692","80253982","JH378245","3312448","3312742","71","76941244","GGCTGGGCATGGTGGCTCATGCCTATAATCCCAGCACTTTGGGAAGACAAGGCAGGAGTTTGAGACCAGCCCGGCCAATCAATATGGTGAAACCCCATCTCTAACAAAAATACAAAAAATAGCTAGGAGGCATGGTGTGCGACTCTAAGACTGTAACCCCTGCTTCTTGGGAGGCTGAGGCATGATAATCACTTGAAACCCTGAGACAGAGGTTGCACTGAGCCAAGATCATACCACTGCACCCCAGTCTGGGCTAAGAAGTGAAACTGTCTTAAAACAAGCAAACAAAAA","GGCCAGTCGTGGTGGCTCTCGCCTGTAATCCCAGCACTTCGGGAGGCTGAGGCAGGCAGATCATGAGGTCAGGAGTTTGAGACCAGCCTGGCCAATATGGTGAAACCCCGTCTCTACTAAAAATACAAAAATTAGCTGGACATGGTGGTGGGCGCCTGTAATCCCAGCTACTTGGGAGGCTGAGGCAGGACAATCGCTTGAAACCTGAAGGCGGAGGTTGCAGTGAGCCAAGATCATGCCACTGCACTCCAGCCTGGGCGAAAGAGTAAAACTCCGTCTCAAAAAAAAAAAGAAA"
"chr7","82374717","82374999","JH378129","22226033","22226310","44","60148684","GGCTGAGCGTGGTGGCTCATGCCTGTAATCCCAGCACTTTGGGAGGCCGAGGCAGGCAGATCACGAGGTCAGGAGTTCGAGACCAGCCTGGCCAACATGCTGAAATCCCATCTCTACTAAAAATACAACAATTAGCTGAGTGTGGTGGTGGGTGCCTGTAATTCCAGCTACTCAGGAGGCTGAGGCAGGAGAATCTCTTGCAACCAGAAGGCAGAGGTTGTGATGAGCCAAGATCGCACCACTGCAATCCAGCCTGGGCAACAAGAGTGAAATTCTGTCTCAA","GGCCAGGCATGGTGGCTCACGCCTGTAATTCGAGCACTTCGGGAGGCCGAGGTGGGCAGATCATGAGGTCAGGAGTTCAAGACCAGCCTGGCCAACATGGTGAAACCCTGTCTCTACTAAAAATACAAAAATTAGCTGGGCATGGTGGCAGTGCCTGTAATCACAGCTACTCAGGAGGCTGAGGTAGGAGAACCACTTGAAACTGGAAGGTGGAGGTTGCAGTGAGCCGAGATCGCACCACTGCACTCCAGCTTGGGCGAAAGAGTGAAATTCTGTCT"
"chr7","83723486","83723772","JH378110","13883859","13884149","47","69839627","TGGCTCACACCTGTAGTCCCAGCACTTTAGGAGGCCAAGGCAGGGGGATCACTAGATCAGGAGTTCAAGACCAGCCTCGTCAACATGGTGAAACTCCATCTCTAATAAAATACAAAAATTAGCCAGGTGTGGTGGTGGGTGCCTGTAATCCCAGCTACTTGGGAGGGTGAGGCAGAAGAATTGCTTGAAACTGGAAGGCAGAGGTTACAGTGAGCCAAGACTGAGCCACTGCACTCCAGCCTGGGCAACAAAAGTGAAACTCCGTCACCAAAAAAAAAAAAAAAAAA","GTGCGGTGGTTCACACCTGTAATCCCAGCACTTTGGGAGGCCAAGGTGGGTGGATCACGAGGTCAGGAGTTCAAGATCAGCCTGGCCAACATGATGAAACCCCATCTCTACTCAAACTACAAAAATTAGCCCGGCATGGTGGTAGATGCCTGTAATCCCAGCTACTTGGGAGGCTGAGGCAGGAGAATCCCTTGAAACCGGAAGGCAGAGGCTGCAGTGACCCGAGATACCACCACTGCACTCCAGCCTGGGCAACAAGAGTGAAACTCTGTCTCAAAAAAAAAAAAAAAA"
"chr7","86208670","86208840","JH378124","5290980","5291152","33","80917690","CTGGGCGCGGTGGCTCACGCCTGTAATCCCAGCACTTTGGGAGGCTGAGGCAGGAGACTCGCTTGAAACCGGAAGGCGGAGGTTGCAGTGAGCCGAGATTGTGCCACTGCACTCTAGCCTGGGCATTAAGAGCAAAAACTCCGTCTCAAAAGAAAAGAAAAGAAAAGGAAA","TAGCTGGGCATGGTGGCAAGAGCCTGTAATCCCAGCTACTGGGGAGGCTGAGGCAGGAGAATCGCTTGAAATTGGAAGGCAAAGGTTGCAGTGACCAGAGATTGTGCCACTGCACTTCAGCCTGGGCAACAAGAGTGAAACTCTGTCTCAAAAGTAAAAATAAAAAAATAAAA"
"chr7","89447308","89447609","JH378205","1510121","1510420","44","87937187","GGCCCGATGCGGTGGCTCATGCCTGTAATCCCAGCATTTTGGGAGGCCGAGGTGGGCGGATCACAAGATCAGGAGATTGAGACCAGCCTGGCCAACATGATGAAACCCCATTTCTACTAAAAATACAAAAATTAGCTGGGCATGGTGGCAGGCACCTCTAATCCCAGCTACTCGGGAGGGTGAGGCAGGAGAATCACTTGAATCCTGAAGGCAGAGGTTGCAGTGAGCTGAGACTGCTCACTTCACTCCAGCCTGGGCAACAAGAGTGAAACTCCATCTCAACAAAAAGGAAAAAGAAAAAA","GGCTGGACGTGGTGGCTCACACCTGTAATCCCAGCACTTTGGGAGGCCAAGGTGGGCAGATCACGAGGTCAGGAGTTCGAGAACAGCCTGGCCAACATGGTGAAACCCCATCTCTACTAAAAATACGAAAATTAGCTGGGCGTGCTGGCGAGCACCTGTAATCCCAGCTACTCGGGAGGCTGGGGCAGGAGAATCACTTGAAACCGGAAGGCAGAGTTTGCAGTGAGCTGAGATCGTGCCATTGCACTCCAGCCTGGGCGACAGGAGTGAAATTCTGTCTCAAAAAGAAAAGAAAAGAAA"
"chr7","94247394","94247698","JH378123","21576066","21576366","45","72671328","GGCTGGGCATGGTGGCTCACGCCTGTAATCCCAGCACTTTGGGAGGCTGAAGCGGGCAGATCACAAGGTCAGGAGTTCGAGACAAGCCTGGCCAACATGGTGAAACCCTGTCTCTACTAAAAAGATACAAAAAATTAGCTGGGCGGGGTGGTACATGCCTGTAATCCCAGCTACTTAGGAGGCTGAAGCAGGACAATCGCTTGAATCTGAGAGGTGGAGGTTGCAGTGAGCTGAGATCATACCACTGCACTCCAGCCCAAGCAACAAGAGTGAAACTCCATCTCAAAAAAAAAAAAAAAAAAAAA","GGCTGGGCACGGTGACTCACACCTGTAATCCCAACATTTTGGGAGGCTGAGGCAGGCAGATTACAAGGTCAGGAGTTCAGGACCAGCCTGGCCAGCATGGTGAAACCCTGTCTCTACTAAAAACACAAAAATTAGCTGGGCATGATGGTGAGCACTTGTAATCCCAGCTACTCGGGAGGCTGAGGCAGCAGAATAGCTTGAAACTGGAAGGTAGAGGTTGCAGTGAGCTGAGATCACGCCATTGCACTGCAGCCTGGGCAACAAGAGCAAAACTCCATCTCAAAAAAAAAAAAAACAAAAA"
"chr7","94276907","94277222","JH378120","4029777","4030079","62","90247130","GGTCAGATGCGGTGGCTCATGCCTATAATCCCAACACTCTGGGGGGCTGAGGTGGGCGGATCACAAGGTCAGGAGTTCAAGACCAGCCTGGCCAACATGGTGAAACCCTGTCTCTACTAAAACTACAAAACTTAGGCAAGGTGGTGAGAGCCTGTAATCTCAGCTACTCAGAAGTAGAGTACTCTTGAGGCAGTAGAATCGTTTGAAACTGGAAGGCAGAGGTTGCAGTGAGCCGAGATGATACCACAGCACTCCAGCCTGGATGAAAGGGCCAAACTGCGTCTCAAAAAGAAAAAAAAAAAAATCAAAGAGAAAA","GGCCAGGAGCGGTGGCTCATGCCTGTAATCCCAGCACTTTGGGAGGATGAGGAGGGCAGATCACGAGGTCAGGAGATCAAGACCAGCCTGGCCAACATGGTGAAACCCCATCTCTACTAAAAACACAAAAATTATCCAGGTGTGGTGACAGGCGCCTATAATCCCAGCTACTCGGGAGGCTGAGGCCAGAGAATCACTTGAAACTGGAAGGCAGAGTTGCAGTGAGCCGAGATCACACCATTGCACTCCAGACTGGGTGAAAGAGCGAAACTCTGTATCCAAAAAAAAGAAAAAAAAAAAAAA"
"chr7","97975861","97976167","JH378118","11017884","11018188","43","86957977","GGCCAGGCATGGTGGCTCATGCCTGTAATCCCAGCACTTTGGGAGGCTGAGGCAGGTGGGTCACAAGGTCAGCAGTTTAAGACCATCCTGGTCAACACGGTGAAACCCCATCTCTACTAAAAATACAAAAATTAGCTGGGCATGATGGCGGGTGCCTGCAATCCCAGCTACTCAGGAGGCTGAGGCAGGAGAATCACTTGAAACTGGAAGGTGGAGGTTGTGGTGAGCTGAGATCGCACCACTGCACTCTAGCCTGAGCGAAAGAGTGAAACTTCGTCTCAAACAAAACAAAAGAGAAAGAATAAAA","GGCCAGGCACGGTGGCTCAAGCCTGTAATCCCAGCACTTTGGGAGGCTGAGGCGGGTGGATCACGAGGTCAAGAGATAGAGACCATCCTGGTCAACATGGTGAAACCCCGTCTCTACTAAAAATGCAAAAAATTAGCAGGGCATGGTGGTGCGTGCCTGTGATCCCAGCTACTCAGGAGGCTGAGGCAGGAGAATTGCCTGAGGCCAGAAGGTGGAGGTTGCGGTGAGCTGAGATCGCGCCATTGCACTCCAGCCTGGGTAACAAGAGCGAAACTCCGTCTCAAAAAAAAAAAAAAAAAAAAAAA"
"chr7","99144738","99144827","JH378106","6555639","6555725","34","92589099","GTGGGTACCTGTAATTCCAGTTACTTGGGAGGATGAGGCTGGAGAATCACTCAGAAGGTGAAGGTTGCAGTGAGCCAAGATTGGGTCACT","GGTGGCTCATGTCTGTAATCTCAGCACTTTGGGAGGCCGAGGCAGGCAGATACTGAGGTCAAAAGTTAGAGACCATCCTGGCTAACA"
"chr7","99917594","99917916","JH378187","8721059","8721370","48","91196535","GCCGGGCACGGTGGCTCACGCCTGTAATCCCAGCACTTTGGGAGGCCGAGGCGGGTGGATCACGAGGTCAGCAGTTCAAGACCAGCCTGACCAACATGGTGAAAACCCGTCTCTACTGAAAATACCAAAAAAAATAATAATAATTTTAGCTGGGCTTGGTGGCGGGTCCCTGTAATCTCAGCTACTTAGGAGGCTGAGGCAGGAGAATCTCTTGAAACCAGAAGGTGGGGGTTGCAGTGAGCCGAGATTGTGCCACTGCACTCTAGCCTGGGCAACGAGAGCAAAACTCCGTCTTAAAAAAAAAAAAAAAAAAGGAAAGAAAA","GCCGGGCGCGGTGGCTCAAGCCTGTAATCCCAGCACTTTGGGAGGCTGAGGCGGGTGGATCACGAGGTCAAAAGATCGAGACCATCCTGGTCAACATGGTGAAACCCCGTCTCTACTAAAAATACAAAAAAAAATTAGCTGGGCATGGTGGCGTGTGCCTGTAATCCCAGCTACTCAGGAGGCTGAGGCAGGAGAATTGCCTGAAACCGGGAGGCGGAGGTTGCGGTGAGCCGAGATCGCGCCATTGCACTCCAGCCTGGGTAACAAGAGCGAAACTCCGTCTCAAAAAAAAAGAAAAAAAAAAAAACAAAA"
"chr7","99993214","99993524","JH378245","3312448","3312742","51","96680766","GGCCGGGCATGGTGTCTCACACCTGTAATCCCAGCACTTTGGGAGGCTGAGGCAGGCAGATCACGAGGTCAGGAGTTTGAGCCCAGGCTAGCCAACATGTCGAAACCCCGTCTCTACTAAAAATACAAAAAAAAGTCAGCTGGGCTTGGTGGCGGGCACCCGTAATCCCAGCTACTTGAGAGGCTGAGGCAGGAGAACAGCTTGAACCCAGGAAGGTGGAGGTGGCAGTGAGCTAAGATCGCGCCACTGCACTCCAGCCTGGGTGATAAGAGTAAGACTCCATCTCCAAAAAACAAAACAAAACAAAAAAA","GGCCAGTCGTGGTGGCTCTCGCCTGTAATCCCAGCACTTCGGGAGGCTGAGGCAGGCAGATCATGAGGTCAGGAGTTTGAGACCAGCCTGGCCAATATGGTGAAACCCCGTCTCTACTAAAAATACAAAAATTAGCTGGACATGGTGGTGGGCGCCTGTAATCCCAGCTACTTGGGAGGCTGAGGCAGGACAATCGCTTGAAACCTGAAGGCGGAGGTTGCAGTGAGCCAAGATCATGCCACTGCACTCCAGCCTGGGCGAAAGAGTAAAACTCCGTCTCAAAAAAAAAAAGAAA"
"chr7","102772022","102772318","JH378119","1423786","1424080","53","101348236","CCAGGAGTGGTGGCTCATGCCTGTAATCCAAGCACTTTGGGATGCTGAGGTTGGCAGATCACAAAGTCAGGAGTTCAAGACCAGCCTGGCAAACATGGTGAAATCCCATCTCTACTAAAAATACAAAAATTAGCTAGGTGTGGTGGTGGGTGCCTGTAATCCCAGCTACTCGGGAGGTTGAGGCAGGAGAATCACTTGAGGCAGGGGTTTCAGTGAGCCGAGATTGCGCCACTGCACTCCAGTCTGGGCAACAAGAGGGAAAACTCCATCTCAAAAAACGAACAAACAACAAACAAA","GGCCGGGCGCGGTGGCTCAAGCCTGTAATCCCAGCACTTTGGGAGGCCGAGGCGGGTGGATCACAAGGTCAAGAGATCGAGACCATCCTGGTCAACATGGTGAAACCCCGTCTCTACTAAAAGTGCAAAAAATTAGCTGGGCATGGTGGCAGGTGCCTGTAATCCCAGCTACTCAGGAGGCTGAGGCAGGAGAATTGCCTGAAGGCGAGGTTGCGGTGAGCCGAGATCGCGCCATTGCACTCCAGCCTGGGTAACAAGAGCGAAACTCCGTCTCAAAACAAACAAACAAACAAAA"
"chr7","102828284","102828565","JH378214","2331537","2331805","61","100496747","GGCCGGGTGTAGTGGCTTACGCCTATAACCCCAGCACTTTGGGAGGCCAAGGTGGGCAAATCACCAGATCAGAAGTTCGAGAACAGCCTGGCCAACATGGTCTTTCACCAACATGGTGAAACCTCATCTCTACTAAAAATACAAAAATTAGTTGGGCGTGGTAGCGGGTGCCTGTAATCCCAGCTACTCAGGAGGTTGAGGCAGGAGAATTGCTTGAAACCGAAAGGCGGAGGTTGCAGTGAGCCGAGATCGCACCACTGCACTCCAGCCTGGCAACAGAGC","GGCCTGGCATGGTGGCTCACACCTGTAATCCCAGCACTTTGGGAGACCAAGGTGGGCGATCATAAGGTCAAGCGTTCAAGATCAGCCTGGCCAACATGGTGAAACCCTGCCTCTACTAAAAATACAAAAATTTGCTGGGCATGGTGGCGGGCACCTGTAATCCCAACTACTCAGGAGGCTGAGGCAGGAGAATCACTTGAAACCTGAAGGTGGAGGTTGCAGTGAGCCGAGATCGCGCCATTGCACTCCAACCTGGGTAACGAGTGAAA"
"chr7","103304191","103304350","JH378188","114626","114783","22","103189565","AATTAGCCCAGTGTGGTGGCAGGTGCCTGTAATCCCAGCTACTCGGGAGGCAGAGGCAGGGAATCACTTGAAATGGGAAGGCAGAAGAGGTTGCAGTGAGCTGAGATCTGCCACTGCACTCCAGCCTGGGCAACAAGAAAGAAACTCCATCTCAAAAAAA","ATTAGCCAGGCATGGTGGCAGCTGCCTGTAATCCCAGCTACTCAGAAAGCTGAGGCAGGAGAATCACTTGAAACTGGGAGGCAGAGGTTGCAGTGAGCCAAGATTGCACCACTGCACTCCAGCCTGGGCAACAAGAGAGAAACTCCATCTCAAAAAAA"
"chr7","107192317","107192616","JH378107","3274339","3274641","50","103917978","GGCCGGGCTTGGTGGCTCACGCCTGTAATCCCAACACTTTGGGAGGCTAAGGCATGCTGGTCACGGGGTCAGGAGTTTGAGACCAGCCTGGCCAACATGGCGAAACCCTGTCTTTACTAAAAATACAAAAATTAGCCGGGCGTGGTGGCGGGCACCTGTCCTCCTAGCTACTCAGTAGGCTGAGGCAGGAGAATGGCGTGAACCCGGAAGGCAGAAGTTGCAGTGAGTTGATATTACACCACTGCACTCCAGCCTGGGTGACAAGAGCAAGACTACGTCTAAATAAATAAAAGAAAGAAA","GGCCGGGCGCGGTGGCTCACGCCTGTAATCCCAGCACTTTGGGAGGCTGAGGCAGGTGGATCACGAGGTCAAGAGATCGAGACCATCCTGGTCAACATGGTGAAATCCTGTCTCTACTAAAAATACAAAAAATTAGCTGGGTATGGTGGCGTGTGCCTGTAATGCCAGCTACTCAGGAGGCTGAGGCAGGAGAATTGCCTGAAACCAGGAGGCGGAGGTTGCGGTGAGCTGAGATCGCACCATTGCACTCCAGCCTGGGTAACAAGAGCGAAACTCCGTCTCAAAAAAATAAAAAGATAAAAA"
"chr7","107601861","107602149","JH378148","3009466","3009760","45","104592395","GGCCGGGTGCAGTGTCTCACGCCTGTAATCCAAGCACTTTGGTAGGCTGAGGCAGGTGGGTCACGAGGTTAGGAGTTGGAGACCAGCCTGGCCAACATGGTGAAACCCCGTCTCTCCTAAAAATACAAAAATTAGCCAGGCGTGGTGGCGGGCACCTGTAATTCCAGCCACTAGGGAGGCTAAGGCAGGAGAATCTTTTGAACCCAGAAGGCGGAGGTTGCAGTGAGCCAAGATCCCGCCATTGCACTCCAGCCAGACATCAAGAGGGAAACTCCGTCCCAAAAATAAA","GGCCAGGTGTGGTGGCTCACGCCTGTAATCCCAGCACTTTGGGAGGCCGAGGCAGGTGGATGATGAGGTCAGGAGTTCGAGACCAGCCTGGCCAAAATGGTGAAACCCTGTCTCTACTAAAAATACAAAAAAATTAGCCAGGCGTGGTGGCATGCGCCTATAATCCCAGCTACTCAGGAGGCTAAGGCAGGAGAATCACTTGAAACCAGAAGGCAGAGGTTGCAGTGAACTGAGATCACGCCACTGCACTCCAGCCTGGGCAACAAGAGCAAAACTCCATCTCAAAAAATAAAAA"
"chr7","107694734","107694928","JH378156","11265928","11266128","32","96428806","GGGCATGGTGGCTCACACCTGTAATTACAGCACTTTGGGAGGCCAAGGCAGGCAGATCATGAGGTCAGGAGTTCAAGACCAGCCTGGCCAACACAGTGAAACCCCATCTCTACTGAAAATGCAAAGCATAAGCCAGGCGTGGTGGCTAGTGCCTGTAATCTCAGCTACTTGGGGGGCTGAGGCACGAGAATCACT","GGCCAGACGCGGTGGCTCACACCTGTAATCCCAGCACTTTGGGAGGCCAAGGTGGGCAGATCATGAGGTCAGGAGTTTGAGACCAGCCTGGCCAACGTAGTGAAACCCAATCTCTTCTAAAAACACAAAGATTAGCTGGGCGTGGTGGCAGGTGCCTGTAATCCCAGCTACTTGGGAGTCTGAGGCAGGAGAATCACTTGA"
"chr7","112217017","112217177","JH378153","15964977","15965150","35","96252040","GAGCGTGGTGGCGGGCACCAGTAATCCCAGCTACTTGGGAGGCTGAAGCAGGAGAATCGCTTGAAACCGGAAGGCAGAGGTTCCGTTGAGCCGAGATCGCACCGCTGCACTCCTGGGCGAAAGAGTGAAACTCCGTCTCAAAAAAATAAAATAAAATAAAA","CCAGGCGTCGTAGTGGACACCGGTAATCCCAGCTACTCAGGAGGCTGAAGCAGGAGAATCGCTTGAAACCAGAAGGCGGAGGTTGCAGTGAGCCAAGATCACACCACTGCACTCGAGCCTGGGCAACAAGAGCAAAACTCTGCCTCAAAATAAATAAATAAATAAATAAATAAA"
"chr7","113509624","113509917","JH378117","25647280","25647574","42","87862344","GGCTGGGTGTGGTGGCTCCCACCTGTAATCCCAGCACTTTGGGAGGCCGAGGCAGGTGGATCATGAGGTCAGGAGTTCAAGATCAGTCCTGGCCAACATGGTAAAACCATGGCTCTACAAAAAATGCAAAAAGTAGCCAGGCATGGTGCTGGGTGGCTGTAATCCCAGGTACTCGGGAGGCTGAGGCAGGAAAATCGCTTGAAACTGGAAGGCGGAGGTTGCAGTGAGCCGAGATCATGCCATTGTACTCCAGCCTGGGCAACAAGAGTGAAACTCTGTCTCAAAAAAGAAAAA","CCGGGCTCGGTGGCTCACACCTGTAATCCCAGCACTTCCTGGGAGGCCGAGGCAGGTAGATCATGAGGTCAGCAGTTCGAGGCCAGCCTGGCCAACATGGTGAAACCCCGTGTCTACTAAAAATACAAAAATTAGTCTGGCATGGTGGCAGGTGCCTGTAATCCCAGCTACTCGGGAGGCTGAGGCAGGAGAATCGCTTGAAACTGGAAAGCGGAGGTTGCAGTGAGCCGAGATGGTGCCATTGCACTCCAGCCTGGGCAAAAGAGCAAAAACTCTGTCTCAAATAAATAAAAAA"
"chr7","118446176","118446456","JH378105","57938733","57939014","46","60507443","GGCTGGGCACCATGGCTCATGCCTATAATCCCAGCACTTTGGCAGGCCGAGGTGGGTGGATCACGAGGTCAGGGATTCGAGACCAGCCTGGCCAACATGGTGAAACCCCATCTCTACTAAAAATAGAAAAAATTAGCTGGGTGTGGTGGCGGGCGCCTGTAATTCCAGCTACTCTGGAGGCTGAGGCAGGAGAATCACTTTAACCAGGAGGCGGAAGTTGCTGTGAGCCGAGATTGCACCATTGCACTCTGGCCTGGGCAACAAGAGTGAAACTCCATCCC","GGCTGGGCGTGCTGGCTCACTCCTGTCATCCCAGCACTTTGGGAGGCCCGCGTGGGTGGATCATGAGGTCAGGAGTTCCAGACCAGCCTGGCCAATATGGTGAAACCCCGTCTCTACTAAAAATACAAAAAATTAGCTAGGCCTGGTGGCAGGTGCCTATAATCCCAGCTGCTCAGAAGGCTGAGGCTGGACAATCGCTTGAAACTGGGAGGCAGAGGTTGCAGTGAGCCGAGATTGCGCCATTGCACTCCAGCCTGGGCAAAAAGAGCGAAACTCTGTCCC"
"chr7","123306251","123306554","JH378124","6602405","6602705","41","116703846","GGCCGGGCGCAGTGGCTCATGCCTGTAATCCCAGCACTTTGGGAGGCCGAGGCGAGCAGATCACAAGGTCAGGAGTTCAAGACCAGCCTGGCCAATATGGTGAAATCCCGTCTCTACTAAAAATACAAAAATTAGCTGGGTGTGGTGGCAGGCGCCTGTAATCCCAGCTACTCTGGAGGCTGAGGCACGAGAATTGTGTGAAACCGGAATGCAGAGGTTGCAATGAGCTGAGATGGCACCTCTGCACTCCAGCCTGGGCAACAAGAGTGAAACTCTGTTTCAAAAAATAAAAATTAAAAAAAAA","GGCTGGGTGCAGTGACTCATGCCTGTAATCCCAGCACTTTGGGAGGTTGAGGCCAGTGGATCACAAGGTCAGGAGTTCGAGACCAGCCTGGCCAACATGGTGAAACCCCATCTCTACTAAAAATACAGAAATTAACTGGACGTGGTGGCAGACGCCTGTAATCCTAGCTACTCGGGAGACTGAGGCAGGAGAATCACTTGAAACCGGAAGGTGGAGGTTACAGTGAGCCCAGATTGCAGCACTGCACTCCAGCCTGGCCAAGAAGAGTGAAACTCTGTCTCAAAAAAAAAAAAAAAAAAAA"
"chr7","123753559","123753840","JH378342","271500","271786","50","123482059","GGGCTGGCACAGTGGTTCATGCTTGTAATCCCAGGTGGGTGGATCATGAGATGAGGAGTTTGTGACCAGCCTGGCCAATATGGTGAAACCCCGTCTCTACTAAAAATACAAAAATTAGCTGGGCATGGTGGTGGGCACCTGTAATCCCAGCTACTCAGGAGGCTGAGGCAGGAGAATTGCTTGAAACCGGAAGGCGAAGGTTTCAGTGAGCCGAGATTGTGGCACTGTACTCCAGCCTGGGCAAAAAGGGCGAAACTCCATCTCAAAAGAAAAAAAAAAAAA","TGGCTCATGCCTGTAATCCCAGCACGTTGGAAGGCCGAGGTGGGTGGATCACAAGATCAGGACTTTGAGACCCGCCTGGCCAACATGGTGAAACCCCATCTCTACTAAAAATACAAAACTTAGCCGGTTGTGGTGGAGGGTGCCTGTAATCCCAGCTACACAGGAGGCTGTGGCAGGAGAATCGCTTGAAATCGGAAGGCGGAGGTTGCAGTGAGCCGAGATTGCGGCACTGCACTCCAGCCTGGGCAACAGAGCCAAACTCCATCTCAAAACAAACAAACAAACAA"
"chr7","128983768","128984070","JH378342","67187","67491","41","128916581","GGCCAGGTGCAGTGGCTCACGCCTGTAATCCCAGCATTTTGGGTGGCTGAGGTGGATGGATCACGAGGTCAGGAGTTCGAGACCAGCATGGTCAACATGGTGAAACGTTATCTCTACTAAAAATAAAAAAATTAGCCGGGTGTGGTGGCGGGTATCTGTAATCCCAGCTAATCAGGAGGCTGAGACAGGAGAATCGCTTGAAACCGGAAGGTGGAGGTTGCAGTGAGTCGAGACCATGCCACTGCACTCCAGCCTGGGCAGCAAGAGCGAAACTCCATCTCAAAAAAAAAAAAAAAAAAAAAA","GGCCGGGTGTGGTGGCTCAAGCCTGTAATCCCAGCACTTTGGGAGGCCGAGGCGGGTGGATCACGAGGTCAAGAGATCGAGACCATCCTGGTCAACATGGTGAAACCCTGTCTCTACTAAAAATACAAAAAATTAGCTGGGCATGGTGGCGTGTGCCTGTAATCCCAGCTACTCAGGAGGCTGAGGCAGGAGAATTGCCTGAAACCAGGAGGCAGAGGTTGTGGTGAGCCGAGATCGTGCCATTGCACTCCAGCCTGGGTAACAAGAGCGAAACTCCGTCTCAAAAAAAAAAAAAAAAAAAAAAA"
"chr7","130603986","130604272","JH378227","3749686","3749973","40","126854300","GCGGGGCACAGTGGCTCACGCCTGTAATCCCAGCACTTTGGGAGGCTGAGGCGGGCGGATCACGAGGTCAGGAGTTCGAGACCAGCCTGGCCAACATGGTGAAACCCATCTCTACTAAAAATACAAAAATTAGCCAGGCATGGTGGCATACGACTGTAATCCCAGTTACTCGGGCGACTGAGGCAGGAGAATCACTTGAAACCTGAAGGTGGAGGTTGCAGTGAGCCAAGACCGTGCCACTGCACTCCAGCCTGGGCAACAAGAGCAAAATTCAATCTCAAAAAAAA","GACTGGGCACGGTGGCTCACACCTGTAATCCCAGCACTTTGGGAAGCCAAGGTGGGCAGATCATGAGGTCAGGAGTTTGAGACCAACCTGGCCAACATGGTGAAACACCATCTCTACAAAAAATACAAATATTAGCTGGGCGTGGTGGCACGCACCTGTAATCCCACCTACTCGGGAGGCTGAGGTAGGAGAATCACTTAAAACTGGAAGGTGGAGTTTGCAGTGAGCCAAGATCGTGCCACTGCATTCCAGCCTGGGCAAAAGAGTGAAACTCCGTCTCAAACAAAA"
"chr7","131893805","131894095","JH378127","10024758","10025055","46","121869047","GGCCGGGCGCAGTGGCTCACACCTGTAATCCCAGCACTTTGGGAGGCCAAGGCAGGCAGATCACGAGGTCAGGAGTTCGAGACAAGACCGGCCAACATGGTGAAACCCCATCTCTACTAAAAATACAAAAATCAGCAGGATGTGGAGGTGGGTGCCTGTAATCCCAGCCACTCAGGAGTCTGAGGCAGGAGAATCGCTTGAACCAGATGAGTGGCAGTGAGCAGAGACCTTGCCATTGCACTCCAGCCTGACCAACAAGAGCAAAACTCCATCTCAAAGAAAAAAAAAAAA","GGCCGGGCGCGGTGGCTCAAGCCTGTAATCCCAGCACTTTGGGAGGCCGAGGCGGGTGGATCACGAGGTCAAGAGATCGAGACCATCCTGGTCAACATGGTGAAACCCCGTCTCTACTAAAAATACAAAAAATTAGCTGGGCATGGTGGCGTGTGCCTGTAATCCCAGCTACTCAGGAGGCTGAGGCAGGAGAATTGCCTGAGACCAGGAGGCGGAGGTTGCAGTGAGCCGAGATCGCGCCATTGCACTCCAGCCTGGATAACAAGAGCGAAACTCCGTCTCAAAAAAAAAAAAAAAA"
"chr7","134175586","134175769","JH378167","11092398","11092586","34","123083188","GGGCTTGGTGGTGGATGCCTGTAATCCCAACACTTTGGGAGGCCGAGGTGGGCAGATCACGGGGTCAGGAGTTCGAGACCAGCCTGCCCAACATGGCGAAACCCCGTCTCTTCTAAAAATAGAAAAATTAGATGGGCTTGGTGGTGGATGCCTGTAATCCCAGATACTCGGGAGGCTGAGGCAG","GGCCGGGCGTGGTGGCTCATGCCTGTAATCCCAGCACTTTGGGAGGCCGAGGCGGGTGAATCACGAGGTCAAGAGATCGAGACCATCCTGGTCAACATGGTGAAACTCCGTCTCTACTAAAAAAATGCCAAAATTAGCTGAGCATGGTGGCGTGTGCCTGTAATCCCAGCTACTCAGGAGGCTGAGGCA"
"chr7","134175851","134176039","JH378107","57343532","57343720","29","76832319","GGCCAGGAGCCATGGCTCATGCCTGTAATCCCAACACTTTGGGAGGCCGAGGTGGGCAGATCACGGGGTCAGGAGTTCGAGACCAGCCTGGCCAACATGGTGAAACCCCGTCTCTACTAAAAATACAAAAATTAGCCGGGCTTGGTGGTGGATGCCTGTAATCCCAACACTTTGGGAGGCCGAGGTGGG","GGCCGGGCGCGGTGGCTCACGCCTGTAATCCCAGCACTTTGGGAGGCCGAGGCGGGTGGATCATGAGGTCAAGAGATCAAGACCATCCTGGTCAACGTGGTGAAACCCCGTCTCTACTAAAAATAGAAAAAAAAGCCGGGCGCGGTGGCTCACGCCTGTAATCCCAGCACTTTGGGAGGCTGAGGCGGG"
"chr7","134444510","134444813","JH378169","11824133","11824434","44","122620377","GGCCGGGCACGGTGGCTCGCACCTGCAATCTCAGCATTTTGAGAGGCCGAGGCGGGCAGATCATGAGGGCAAGAGTTTCAGAGCAGCTTGGCCAACATGGTGAAACCCCGTCTCTACTAAAAATACAAAAGTTAGCCAGGCGTGGTGGTGGGCGCCTGTAGTCCCAGCTACTCAGGAGGCTGAGGCAGGAGAATTGCTTGAAACCAGAAGACGGAGGTTGCAGTGAGCCGAGATTGCACCACTGCACTCCAGCCTGGGCATAAGAGGGAAACTCTGTCACAAAAAATAAATAGATAAACAAAAA","GGCTGGGCACAGTGGCTCAAGCCTGTAATCCCAGCACTTTGGGAGGCCGAGGCTGGCAGATCATGATGTCAGGAGTTCAAGGCCAGCCTGATCAACATGGTGAAACCCTGTCTCTACTAAAAATACAAAAATTAGCCAGGCATGGTGGCAGGTGCCTGTAATCCCAGCTACTCCAGAGGCTGAGGCAGGAGAATTGCTTGAAACCAGAAGGCGAAGGTTGCAGTGAGCTGAGATTGCACCACTGCACTCCAACCTGGGCAAAAGAGCAAAACTCCATCTCAAAAAAAAAAAGAAAAGTAAAA"
"chr7","135147470","135147771","JH378186","7276999","7277299","47","127870471","GCTGGGCGTGGTGCCTCGCACCTGTAATTTCACCACTTTGGGAGGCCGAGGCAGGTGGATCATGAGGTCAAGAGTTCAAGACCAGCCTGGCTAACATGGTGAAACCCTGTCTCTACTTAAAAAAAATACAAAAATAGCCAGGCGTAGTGGCACGCACCTGTAATCCCAGCCACTTGGGAGGCTGAGGCAGGAGAATCTTTCGAAACTGGGAGGCGGAGGTTGCAGTGAGCTGAGATGGCACCACTACACTCCAGCCTGGGTGACAAGAGCAAAACTTCGTCTAAAAAAAAAAAAAAAAAGAA","GCTGGGCGCAGTGGCTTACACCTGTAATTCTAGCACTTTGGGACACCAAGGAGGGTGAATCACGAGGTCAGGAGTTCAAGACCAGCCTGGCCAACATGGTAAAACCCCGTCTCTACTAAAGAAAGTACAAAAGTTAGCTGGGCGTGGTGGCAGGCACCTGTAATCCCAGCCACTTGGAAGGCTGAGGCAGGAGAATCGCTTGAAACTAGGAGGCTGAGGTTGCAGTGAGCGGAGATGGTGCCATTCCACTCCAGCCTGGGTAACAAGAGTGAAATTCCATCTCAAAAAAAAAAAAAAAAAA"
"chr8","1156431","1156726","JH378129","7783178","7783478","37","6626747","GGCTGGGCATGGTGGCTCATGCCTGTAATCCCAGCACTTTGGGAGGCTGAGGCAGGCAGATCACAAGGTCAAGAGATCGAGACCATCCTGGCCAACATGGTGAAACCCTGTCTCTACTAAAAATACAAAAATTAGCTGGGCATGGTGGCGCACGCCTGTAATCCCAGCTACTCGGGAGGCAGGAGAATCGCTCGAACCGGGCGATGGAGGTTGCAGTGAGCCGAGATCGTGCCACTGCACTCCAGCCTGGGCAACAAGAGCGAAACTATGTCTTTAAAAAAAAAAAAGAAAAAGAA","GGCCGGGCGCGGTGGCTCAAGCCTGTAATCCCAGCACTTTGGGAGGCCGAGGTGGGTGGATCACGAGGTCAAGAGATCGAGACCATCCTGGTCAACATGGTGAAACCCTGTCTCTACTAAAAATACTAAACATTAGCTGGGCATGGTGGCGCATGCCTGTAATCCCAGCTACTCAGGAGGCTGAGGCAGGAGAATTGCATGAAACCAGGAGGCGGAGGTTGCGGTGAGCCGAGATCGTGCCATTGCACTCCAGCCTGGGCAACAAGAGTGAAACTCCGTCTCAAAAAAAAAAAAAAAAGAA"
"chr8","1887825","1888116","JH378245","3312448","3312742","41","1424623","GGCCAGGCACGGTGGCTCACGCCTGTAATCCGAGCACTTTGGGAGTCCGAGGCGGGCAGATCACGAGGTCAAGAGATCAAGACCATCCTGGCCAACATAGTGAAACTCCGTCTCTCCTAAAAATACAAAAATTAGCTGGACATGGTGTTAGTCACCTGTAATCTCAGCTACTCAGGCTGAGGCAGGAGAATCGCTTGAAACCGGAAGGCAGAGGTTGCAGTGAGCCAACACAGCACTACTGCACTCCAGCCTGGGCAACAAGAGTGAAACTCTGTCTCAAAAAAAAAAAAAA","GGCCAGTCGTGGTGGCTCTCGCCTGTAATCCCAGCACTTCGGGAGGCTGAGGCAGGCAGATCATGAGGTCAGGAGTTTGAGACCAGCCTGGCCAATATGGTGAAACCCCGTCTCTACTAAAAATACAAAAATTAGCTGGACATGGTGGTGGGCGCCTGTAATCCCAGCTACTTGGGAGGCTGAGGCAGGACAATCGCTTGAAACCTGAAGGCGGAGGTTGCAGTGAGCCAAGATCATGCCACTGCACTCCAGCCTGGGCGAAAGAGTAAAACTCCGTCTCAAAAAAAAAAAGAAA"
"chr8","2426566","2426863","JH378148","3009466","3009760","51","582900","GGCTGGGCGTGGTGCTTCACACCTGTAATCACAGCACTGTGGGAGGCTGGGGTGGGAGGAGCATGAGGTCAGGAGTTGGAGACCAGCCTGGGCTACATGGTGAAACCCTGTCTCTACTAAAAATACAAAAATTAGTCAGGTATGGTGGCAGGCGCCTGTAGTCCCACCTAAAGTCCCTCAGGAGGCTGAGGCAGGAGAATCACTTGAAACCAGGAGGCAGAGGTTGCAGTGAGTCGAGATAGTGCCACTGCACTCCAGCCTGGGCAACAGCAAGAGGAAAACTCCGTCTCAAAAAAAA","GGCCAGGTGTGGTGGCTCACGCCTGTAATCCCAGCACTTTGGGAGGCCGAGGCAGGTGGATGATGAGGTCAGGAGTTCGAGACCAGCCTGGCCAAAATGGTGAAACCCTGTCTCTACTAAAAATACAAAAAAATTAGCCAGGCGTGGTGGCATGCGCCTATAATCCCAGCTACTCAGGAGGCTAAGGCAGGAGAATCACTTGAAACCAGAAGGCAGAGGTTGCAGTGAACTGAGATCACGCCACTGCACTCCAGCCTGGGCAACAAGAGCAAAACTCCATCTCAAAAAATAAAAA"
"chr8","2928564","2928887","JH378152","15953207","15953516","64","13024643","CTGGGCACAGGGGCTCACACCTGTAATCCCAGCACGTTGGAAGGCTGCGGCAGGTGGATCACAAGGTTGATCACAAGGTGGATCACAGCTCGAGACCAGCCTGGCCAACATGGCGAACACTCTGTCTCTACTAAAAACACAAAAATTAGCCGGGCGTGGTGGTGGGTACCTGTAATCCCAGCTACTCGGGAGGCTGAGGCAGGAGAATTGCTTAAAAATGGAAGGTGGAGGTTGCAGTGAGCCAAGATCACACCACTGCACTCCAGCGTGGGCAACAGAGCCAGACTCTGTCTGAAAAAAAAAAAAAAAGAAAGAAAGAAAGAA","CGGGTGCGGTGGCTAATGCCTGTAATCCCAGCACTTTGGAAGGCCAAAGCGGGCAGACCACAAGGTCAGGAGCTCGAGACCAGCCTGGCCAACATGGTGAAACCCCGTCTCTACTAAAAATACAAAAAAATTAGCTGGGTGTGGTGGTGGGCGCCTGTAATCTCAACTACTTGGGAGGCTGAGACAGGAGAATCGCTTGAAACTGGAAGGCGGAGGTTGCAGTGAGCCGAGATCACACCACTGCACTCCAGCTTGGGCAAAAGAGTGAAACTCCGTCTCAAAAAAAACAAAAAACAAACCAAAAAAAGAA"
"chr8","3760822","3761131","JH378132","22555890","22556195","59","18795068","GGCCGGGCACAGTGGCTCACACCTGTAGTTTCAACACTTTCTGGGGCTGAGGCAGGTGGATCACAAGGTCAGGAGTTTGGGACCAGCCTGGCCAACATGGTGAAACCCCATCTCTACTAAAAATACAAAAATCAGCCAGCTGTGGTGGTGGGTGGGTATGATCCCAGCTACTAGGGAGGCTGAGGCAGGAGAATCACTTGAAACTGGAAGGCGGATGTTGCAGTGAGCCAAGATCAGGCCACTGCCCTCCAGCCTGGGTGACAGGCTGAAACAAGTGAAACTTCATCTCAAAATAGAAAAGAAAAGAAAA","GGCCAGGCACGGTGGCTCACGCCTGTAATCCCAGCACTTTGGGAGGCAGAGGCAGGTGGATCACGAGGTCAAGAGATCGAGACTATCCTGGTCAACATGGTGAAATCCCATCTCTACTAAAAATACAAAACATCAGCCGAGCATGGTGGTGCGTGCCTGTAATCCCAGCTACTCAGGAGGCTGAGGCAGGAGAATTGCCTGAAACCAGGAGGCAGAGGTTGCAGTGAGCCAAGATCATGCCACTGCACTCCAGCCTGGGTAGCAAGAGCGAAACTCCGTCTCAAAAAAAAAAAAAAGAAAGAAAAA"
"chr8","4927938","4928135","JH378180","6499799","6499997","44","1571861","AACATGGTGAAACCCTGTCTCTCCTAAAAATACAAAAACCAGCTGGGTGTGGTGGCGGGTGCCAGCAATCCCAGCTACTTGGGAGGCTTAGGCAGGAGAATGGCTTGAAACCGGGAGGCGGAAGTTGCAGTGAGCCGAGATTGTGCCATTGCACTCCAGCCAGGGCAACAAGAGCGAAACCCTATCTAAAAAATAAAA","GGTGAAACCCCATCTCTACTAAAAATACAAAATTAGCTGGGTGTGATGGCACATGCCTGTAATCCCAGCTATTTGGGAGGCTGAGGCAGGAGAATCACTTGAAATCAGGAGGTGAAGTTTACAGTGAGCTGAGATTGTGCCATTGTACCTTGTACTCCAGCCTGGGCAACAAAAGCAAAACTTCGTCTCAAAAAAAAAA"
"chr8","7309175","7309457","JH378131","18580170","18580458","49","11270995","CTGGGCGCGTGGCTTACACCTGTAATCCCAGCACTTTGGGAGGCCGAGGTGGGTGGATCACGAGGTCACCAGTTCGAGACCAGCCTGGCCAACATGGTGAAACCCTGTCTCTACTAAAAATACAAAAATTACCCAGGTGTGGTGGTGGGTAGGAGGGAGGCTGAGGCAGAAGAATCGCTTGAACCCAGAAGGCAGAGGTTGCAGTGAGCCGAGATTGCGCCACTGCACTCCAGCCTGGGCAACAAGAATGAAACTCCGTCTCAAAAAAAAAAAAAAAAAAAAA","GGCTGGGTGCAGTGGCTCATGCCTGTAATCCTAGCACTTTGGGAGGCCCAGGTGGGTGGATCACTGAGGTCAGGAGTTCGAGACCAGCCTCACCAGCATGGTGAAACCCCGTCCCTACCGAAAATACAAAAAATAGCCAGGCCTGATGGCATGCGCTATTCGGGAGGTGAGGCAAGAGAATCACTTGAAGCCAGAAGGCAGAGGTTGCAGTGAGCCGAGATCGTGCCACTGCACTCCAGCCAGGGCAACAGAGCAAGACTCCATCTCAAAAACAAACAAACAAACAAAA"
"chr8","7434050","7434173","JH378108","13466061","13466177","31","6032011","TCGGGAGGCTGAGGCAGGAGAACTGCTTGAAACTGGGAGGCAGAAGAGATTGCAGTGAGCAGACATCAGGCCACTGCCCTCCAACCTGGGTGACAAGAGCAAAACTCCGACTCGAAACAAACAA","GAAGCTGAGGCAAGAAAATTGCTTGAAGCCGAGGCAGAGGTTGCAGTGAGCAATGACCATGCCATTGCATTCCAGCCTGGGCAACAAGAGCAAAACTCCGTATCAAAAACAAACAAA"
"chr8","8306963","8307248","JH378148","3009466","3009760","57","5297497","GCTGAGCGCAGTGGCTAATGCCTGTAACCTCAGCACTTTGGGAGGCCGAGGCGGGCGGATCACGAGGTCAGGAGTTCGAGACCAGCCTGGCCAAGATGGTGAAACCCTGTCTCTACTAAAAATACAAAAATTAGCCAGACGTAGTGGCAGGCACCTGTAATCCCAGCTACTCGGCAGGAGAATCACTTGAAACCGGAAGGCGGAGGTGTTGCAGTGAGCCGAGATTGCGAGATTGCGCTACTGCACTCCAGCCTGGGCAAGAAGAGCAAAACTGTTTCAAAAAAAA","GGCCAGGTGTGGTGGCTCACGCCTGTAATCCCAGCACTTTGGGAGGCCGAGGCAGGTGGATGATGAGGTCAGGAGTTCGAGACCAGCCTGGCCAAAATGGTGAAACCCTGTCTCTACTAAAAATACAAAAAAATTAGCCAGGCGTGGTGGCATGCGCCTATAATCCCAGCTACTCAGGAGGCTAAGGCAGGAGAATCACTTGAAACCAGAAGGCAGAGGTTGCAGTGAACTGAGATCACGCCACTGCACTCCAGCCTGGGCAACAAGAGCAAAACTCCATCTCAAAAAATAAAAA"
"chr8","9607649","9607815","JH378163","8328457","8328624","24","1279192","GGGCAGGCGCAGTGGCTTATGCCTGTAATCCCAACACTTTGGGAGGCTGAGGCAGGCAGATCATGAGGTCAGGAGTTTGAGACTAACCTGGCCAACATGGTGAAACCCTCTCTCTAATACAAATACAAAATTTAACCAGGTGTGGTGGCGAGCACCTGTAATCCCAG","GGCCAGGTGCAGTGGCTTACACCCGTAATCCCAGCACTTTGGGAGGCTGAGGCAGGCCGATCATGAGGTCAGAAGTCCGAGACTAGCCTGGCCAACATGGTGAAACCCTGTCTCTACTAAAAATACAAAAATTAGCTGGGTGTGGTGGCAGGTGCCTGTAATCTCAGC"
"chr8","10043629","10043676","JH378213","5190098","5190153","17","4853531","GCCTGTAATCCCAGCTACTCAGGAAGATGAAGCAGGAGACTCACCTGA","GCGGCCGTAATTCCAGCTACTCGGGAGGCTGAGGCAGGAGAATCGCCTCAAATTGG"
"chr8","10698218","10698516","JH378149","10116423","10116716","40","581795","GCCAGGTGCGGTGGCTCATACCTGTAATCCCAGCACTTTGGGAGGCTGAGGTAAGTGGATCATGAGGTCAGGAGTTCAAGACCAGCTTGACCAACATGGTGAAACCCCATCTCTACTAAAAACTAACATATAAAAATTAGCCAGGTGTGGTGGCAGGCACCTGTAATCCCAGCTACTTGGGAAGCTGAGGCAGGAGAATCACATGAAACCAGGAGGAGGAGGTTGCAGTGAGCCAAGATGTGCCACTGCACTCCAGCCTGGGCAACAGAACAAGACTCCATCTCAAAAAAAAAAAAAAA","GGCCAGGTGCGGTGGCTCACTCCTGTAATCCCAGCACTTGGGAGGTAGAGACTAGTGGATCATGAGGTCAGGAGTTCGAGACCAGCTGGACAACATGATGAAACCCTGTCTCTACTAAAAATATAAAAATTAGCCAGGTGTGGTGGCAGGTACCTGTAATCCCAGCTACTCAGGAGGCTGAGGCAGGAGAATTGCTTGAAACCAGAAGGTGGAGGTTGCAGTGAGCTGAGATTACGCCACTGCACTCTAGCCTGGGCAACAGAGCAAGACTCCGTCTCAAAAAAGAAAAACAAA"
"chr8","10926924","10927226","JH378142","11522757","11523044","50","595833","GTGGTGCACACCTGTAATCCCAGCACTTTGGGAGACTGAAGTGGGCAGATCACAAAGTCAGGAGTTTGAGACCAGCCTGACCAACATGGTGAAACCCCATCTCTACTAAAAATACAAAAATTAACCAGGCGTGGTGGCAGACTCCTGTAATCCCAGCTACTCGGGAGGCTGAGGCAGGAGAATCACTTGAAACTGGAAGATAGAGGTTGCAGTAAGCCAAGATCACACCACTGCTCTCCAGCCTGGGTGAAAGAGCGAAATTCCATCTAGAAAATAAAAAAAAAAATTAAAAATTAAAAAAAA","GCTCACATCTGTAATCCCAGCACTTTGGGAGGCCGAGGTGGGCGGATCACGAGGTCAGGAGTTTGAGACCAGCCTGGCCAACACGGTAAAACCCCATCTCTACTAAGAATATAAAATTTAGCCAGGCGTGGTGGCAGGCGCCTATAATCCCAGCTACTCAGGAGGCTGAGGCAGGAGAATCGCTTGAAACCGGAAGACAGAGGTTGCAGTGAGTCAAGATTACACCAATGCACTCCAGCATGGGTGAAAGAGGGAAACTCCATCTCAGGAAACAAATAAATAAATAAA"
"chr8","13503286","13503589","JH378223","6194371","6194661","77","7308915","GGCCAGGTGCGGTGGCTCATGCCTGTAATCCCAGTGCTTTGGGAGGCCGAGGCAGGTGGATCATGAGGTCAGGAGTTCAAGATCAGCCTGACCAACATGGTGAAACACCATTACTACTAAAAATACAAATTTTAGCCAGGCATGGTGGTGGGTGCCTGTAATCCCAGTGCTTTGGGAGGCCGAGGCAGGTGGATCATGAGGTCAGGAGTTGAAGATCAGCCTGACCAACATGGTGAAACACCATTACTACTAAANNNNNNNNNNCACCTTGGGCAACAAGAGCAAAACTCCATCTCAAAAAAAA","GGCCAGGCACGGTGGCTCACACCTGTAATCCCAGCATTTTGGGAGGCTGAGGCAGGTGGATCATGAGGTCAGGAGTTCAAGACCAGCCTGGCCAACATGGTGAAACCCCATCTCTACTAAAAATAACAAAAATTAGCCAGGCGTGGTTGTGGGCACCTGTAATCCCAGCTACTCGGGAGGCTGAGGCAGGAGAATCACTTGAAACTGGAAAGCATAGGTTTCAGTGAGCTGATACCGTACCACTGCACCCTAGCCTGGGCAAAAGCGTAAAACTCCATACCAAAAAAAAAA"
"chr8","13597831","13598130","JH378245","3312448","3312742","37","10285383","GGCCAGGCACAGTGGCTCATGCCTATAATCCCAGCACTTTGGGAGGCTGACGCAGGCAGATCACGAGGTCAGGAGTTTGAGATCATCCTGGCCAACATGGTGAAACTCCATCTCTACTAAAAATACAAAAATTAGCTGGGCATGGTGGTGGGTGCCTGTAATCCCAGCTACTAGGGAGGCTGAGGCAGGAGAATCACTTGAACCCAGAAGGTGGAAGTTGCAGTGAGCCAAGATCACACCATTGCACTGCAGCCTGGGCAACAAGAGTGAAACTCTGTCTACAAAAAAAAAAAAAAAAAA","GGCCAGTCGTGGTGGCTCTCGCCTGTAATCCCAGCACTTCGGGAGGCTGAGGCAGGCAGATCATGAGGTCAGGAGTTTGAGACCAGCCTGGCCAATATGGTGAAACCCCGTCTCTACTAAAAATACAAAAATTAGCTGGACATGGTGGTGGGCGCCTGTAATCCCAGCTACTTGGGAGGCTGAGGCAGGACAATCGCTTGAAACCTGAAGGCGGAGGTTGCAGTGAGCCAAGATCATGCCACTGCACTCCAGCCTGGGCGAAAGAGTAAAACTCCGTCTCAAAAAAAAAAAGAAA"
"chr8","15461460","15461731","JH378139","15168175","15168450","49","293285","GGCCAGGCACAGTGGCTCACACCTGTAATCCCAGCACTTTGATCACGAGGTCAGGAGTTCGAGACCAGCCTGGCCAACATGGTGAAACCCTGTCTCCACTAAAAATACAAAAATTAGCTGGGCGTGGTGGCGGGCGCCTGTAATCCCAGCTACTCGGGAGTCTGCGGCAGGAGAATCGCTTGAAACCGGAAGGCGGAGGCTGCAATGAGCCGAGATGGCGCCACTGCATCCCAGCCTGGGCAACAAGAGGGAAACTCCGTCTCAAAAATAAA","GCAGGGCACAGTGGCTCATATCTGTAATCCCAGCACTTTGGGAGGCCAAGGTGAGCAGATCACAAAGTCCAGCCTGGCCAACATGTTGAAACCCTGTCTCTACTAAAAATACAAAAAATTAGCCAGGTGTGGTGGTGGGTGCTTTTAATCCCATCTACTTGGGAGGCTGAGGAAGGAGAATCACTTGAAACTGAAAGGCGGAGGTTGCAGTGAGCCAAGATCGCACCACTGCACTCCAGCCTGGGCAACAAGAGCAAAACTCTGTCTCAAAAAGAA"
"chr8","17817925","17818255","JH378110","20343307","20343641","61","2525382","GGCCAGGCGCTGTGGCTCGCTCTTGTAATCTCAGCACTTTGGGAGGCCGAGGCATGTGGATCACGAGGTCAGGAGTTTGAAAGCAGCCTGGCCAACATGGTGAAACCCCATCTCTACTAAAAATACAAAAACTAGCTGGGCATGGTGACGGGCTTCTGTAATCCCAGCTACTAGGGAGGCTGAGGCAGGAGAATCGCTTGAAACCAGAAGGCAGAGATTTCAGTGAGCCGAGATCCCGCCACTGCACTCCAGTCTGGGCAACAAGAGCGAAACTCCATCTCAAGAAAAAAAAAAAAAAAAAAAAAAAAAAGCAGCAACAATAAGAAAAAAA","CTGGGTGCAGTGGCTCATGTCTGTAATCCCAGCACTTTGGGAGGCTGAGGCAGGTGGATCATGAGGTCAGGAGTTCGAGACCAGCCTGATCCAACATGATGAAACCCCATCTCTACTGAAATACAAAAATTAGCCAGGCATGGTGGCAGGCTTTTGTAATCCCAACTACTCTGAAGGCTGAGGGAGGAGAATCACTTGAAACTGGAAGGCAGAGGTTGCAGTGAGCTGAGATTGCACCCACTGCACTCCAGCCTAGGCAACAAGAGTGAAACTCTGTCTCAAAAAAAACAAAAACAAAAACAAAAACAAAAAACAAACAAACAAACAAAAAAACA"
"chr8","17906268","17906582","JH378170","7759979","7760296","57","10146289","GGCGCGGTGGTTCACACCTGTAATCCCAGCACTTTGGAATGCCAAGGCAGGTGGATCACGAGGTCAGCAGTTCAAGACCAGCCTGACCAACATGTGAAACCCTGACTCTACTAAAAATACAAAAAAAAAAAAAAATTAGCTGGGCATGGTGGCGGGCACCTATAATCCCAGCGACTTGGGAGGCTGAGGCAGAAGAATCACTTGAAACGGGAAGGTGGAGGTTGTAGTGAGCCGAGACTGCACCACTGCACTCTAGCCTGGGCAATAAGAGCAAAACTCTGTCTCAAAAATAATAAAAAAAGAAAAGAAAAAAAA","GCCGGGTGCGGTGGCTCAAGCCTGTAATCCCAGCACTTTGGGAGGCTGAGGCGGGTGGATCACGAGGTCAAAAGATCGAGACCATCCTGGTCAACATGGTGAAACCCCGTCTCTACTAAAAATACAAAAAAAAAAAAAAAATTAGCTGGGCATGGTGGCGCGTGCCTGTAATCCCAGCTACTCAGGAGGTTGAGGCAGGAGAATTGCCTGAAACCGGGAGGCGGAGGTTGCAGTGAGCCAAGATCGCGCCATTGCACGCCAGCCTGGGTAACAAGAGCGAAACTCTGTCTCAAAAAAAAAAAATAAATAAAATAAAAA"
"chr8","21829404","21829701","JH378245","3312448","3312742","38","18516956","GGCCGGGCACGGTGGCTCACGCCTGTAATCCCAGCACTTTGGGAGGTCGAGGCGGGCTGATCACGAGGTCAGGAGTTCGAGACCAGCCTGGCCAACATGGCGAAACCCCGTCTCTACTAAAAATACAAAAATTAGCCGGGCGTGGTGGCGGGCGTCTGTAATCCCAGCTACTTGGGAGGCTGAGGCAGGAGAATCGCTTGAAACCGAAAAGGCGGAGGTTGCAGTGAGCGGAGAGCATGCCACTGTACTCCAACCCTGGCGAAAGGGCGAAACTCCATCTCAAAAGAAAAATTAAAAA","GGCCAGTCGTGGTGGCTCTCGCCTGTAATCCCAGCACTTCGGGAGGCTGAGGCAGGCAGATCATGAGGTCAGGAGTTTGAGACCAGCCTGGCCAATATGGTGAAACCCCGTCTCTACTAAAAATACAAAAATTAGCTGGACATGGTGGTGGGCGCCTGTAATCCCAGCTACTTGGGAGGCTGAGGCAGGACAATCGCTTGAAACCTGAAGGCGGAGGTTGCAGTGAGCCAAGATCATGCCACTGCACTCCAGCCTGGGCGAAAGAGTAAAACTCCGTCTCAAAAAAAAAAAGAAA"
"chr8","25835535","25835817","JH378115","4423236","4423519","47","21412299","CCGGGTGCGGTAGCTCCCGCCTGTGATCCCAGCACTTTGGGAGGCTGAGGCGGGTGGATCACGAGGTCAGCAGTTTGAGACCAGCCTGACCAACACGGTGAAACCCCGTGTCTACTAAAAACACAAAAAAATTAGCTGGGCGTGGTGACAGACACCTGTAATCCCAGCGACTTGGGAGGCTGAGGCAGGAGAATTGCTTGAAACTGGAAGGTGGAGGTCACAGTGAGCCGAGATTGTGCCACTGCACTCTAGCCTGGGCAATAAGAGCAAAACTCTGTCTCAA","GGCCGGGCGCGGTGACTCAACGCCTGTAATCCCAGCACTTTTGGAGGCTGAGACGGCCAGATCACGAGGTCAGGAGTTCAAGACCAGCCTGGCCAACATGGTGAAACCCCGTCTCTACTAAAAATGCAAAAAAATTAGCCGGACGTGGTGGCGGGCACCTGTAATCCCAGCTATTAGGGAGGCCAAGGCAGGAGAATCGCTTGAAACCAGAAGGTGGAGATTACAGTGAGCCAAGTTCGTGTCACTGCACTCCAGCCTGGGCAAAAGATTGAAACTCTGCCTCA"
"chr8","25835854","25835864","JH378272","2083837","2083868","23","23752017","AAAGGTAAAAA","CCAGCCTGGGAAACATGATGAAACTTCATCTC"
"chr8","29122452","29122657","JH378303","1359446","1359651","28","27763006","GGCCAGGCGCGGTGGCTCATGGCTGTAATCCCAGCACTTTGGGAGGCCGAGGGGGGGGGGGGTGGATCACAAGGTCAGGAGATCGAGACCAGCCATGGCCAACATGGTGAAACCCCTTCTCTACTAAAAAAATACAAAAATTAGCTGGGTGTGGTGGTGGGCGCCTGTAGTCCCGGCTACTCAGGAGGCTGAGGCAGGAGAATAGC","GGCCAGCCACGGTGGCTCATGCCTATAATTCCAGCACTCTGGGAGGCCGAGGTGGGTGGATCACAAGGCACGAGGTCAGGAGTTCGTGACCAGCCTGGCCAACATGGTGAAACCCCATCTCTCTACTAAAAATACAAAAATTAGCTGGGTGTGGTGGTGGGCGCCTGTAATCCCAGCTACTCAGGAGGCTGAGGCAGGAGAATCAC"
"chr8","31697389","31697492","JH378131","12820060","12820177","29","18877329","CAGGAGAATCACTTGAACTGGAAGACAGAGGTTGCAGTGAGCTTACATCGTGCCACTGCACTCCAGCCTAGGCAATAGAGACTCTCTCAAAAAAAAAAAAAAAA","CTGAGGCAGGAGAATTGCTTGAAGCCAGAAGGCAGAGGTTGCAGTGAGCTGAGATCATGTCATCGCACTCCATCCTGGGTAACAAGAGTGAAACTCTGTCTCAAAAAAAAAAAAAAAA"
"chr8","36792389","36792678","JH378315","1028585","1028878","44","35763804","GGCTGGGTGCGGTGGCTCATGCCTGTAATCCCAGCACTTTGGGAGGCCGAGGCGGGCGGATCATGAGGTCAGGAGTTCGAAACCAGCCTGACCAACATGGTGAAACCCCATCTCTATTAAATATACAAAAATTAGCCTGGCGTGGTGGTGGGCACCTGTAATTCTAGCTACTTGGGAGACTGAGGCAGGAGAATTGCTTGAAATCAGAAAGTGGAGTTGTGATGAGCCGAGATTGCTCCACTGCACTCTAGCCTGTGCAAAAGAATGGAACTCTGTCTCAAAAAAACAAA","GGCTGGGTGCAGTGGCTCATGCCTGTAATCCCAGCACTTTGTGAGGCCGAGGCAGGTGGAACACAAGGTCAGGAGTTCGATACCAGCTTGGCCAACATGGTGAAACCCACATCTGTACTAAAAATACAAAAATTAGCCAGGTGTGGTGGTGGGCGCCTGTAATTCTAGCTAAGCGAGAGGCTGAGGCAGGAGAATTGCTTGCAACCAGAAGGTAGAGGTTGTAGTGAGCTGAGAGTGAAACCACTGCACTCCAGCCTGGGCAAAAGAGCGAAACTCGGTGTAAAAAAAAAAAAA"
"chr8","38032395","38032591","JH378156","10547885","10548076","34","27484510","GGTCAAGCACAGTGGCTCATGCCTGTAATCCCAGCACTTTGGGAGGCCAAGTCGGGTGGATCACAAGGTCCAGAGTTCAAGACCAGCCTGGACAATATGGTGAAACCCCATTTCTACTAAAAATACAAAAATTAGCAGGGCATGGTGGCAGGTGCCTGTAATCCCAGCACTTTGGGAGGCCAAGTCGGGTGGATCAC","GGCCAGGCACGGTGGCTCATGCCTGTAATTCCAGCACTTTGGGAGGCTAAGGTAGGCAGATCATGAGGTCAGGAGTTCAAGACCAGCCTGGCCAACATGGTGAAACCTCATCTCTACTAAAAATAAAAATTAGCTGGGCATAGTGGCGGGTGCCTGTAATCCCAGCTACTCAGGAGGCCAAGGCAGGAGAAT"
"chr8","39463860","39464169","JH378107","46009365","46009670","39","6545505","GGCCAGGTGCGGTGGCTCACGCCTATAATCCCAGCACTTTGGGAGGCCGAGGCAGGTGGATCACGAGGTCAGGAGTTCGAGACCAGCCTGGCTAACATGGTGAAACCTCATCTCTACTAAAAATACAAAAATTAGCCAGGGGTAGTGGAATGCCCCTGTAATCCCAGCTACTTGGGGGGCTGAGACAGGAGAATCACTTGAAACCAGAAGGCAGAGGTTGCAGTGAGCCGAGATTGCGCCACTGCACTCCAGCCTGGGCAACAAGAGTGAAACTCCGTCTCAAAAAAAAAAAAAGAAAGAAAGAAAGAAA","GGCCGGGCGTGGTGGCTCACGCCTGTAATCCCAGCACTTTGGGAGGCCAAGGCAGGTGGATCACGAGGTCAAGAGGTCGAGACCATCCTGGTCAACATGGTGAAACCCCGTCTCTGCTAAAAATACAAAAATTAGCTGGGCATGGTGGCACGTGCCTGTAATCCCAGCTACTCAGGAGGCTGAGGCAGGAGAATTGCCTGAAACCAGGAGGCGGAGGTTGCGGTGAGCCGAGATTGCGCCATTGCACTCCAGCCTGGGTAACAAGAGCGAAACTCCGTCTCAAAAAAAAAAAAAAAAAAAAAAAAA"
"chr8","39536497","39536696","JH378115","31351021","31351219","34","8185476","GCCGGGCATGGTGGCTGACGCACATAATTCCAGCACTTTGGGAGGCCAAGGTGGGCAGATCACAAGGCCAGGAGTTCGAAACCAGCCTGGTCAATATGGTGAAATCCTGTCTCTACTAAAAATACAAAAGTTAGTCAGGCGTGGTGGCAGGCATCTGTAGTCCCAGCTACTTGGGAGGCTGAGGCAGGAGAATTGCTTGA","GGCCAGGTGCAGTGGCTCACACCTGTAATCCCAGCACTTTGGGATGCCAAGGTGGGCAGATCATGAGGTCAGAAGTTCAAGACCAGCCTGGCCAACATAGTGAAACCCAGTCTCTACTACAAATACAAAAAATAGCCGGGTGTGGTGGCAGGCACCTGTAATCCCAGCTACTTGGGAGGCTGAGGCAGGAGAACTGCTT"
"chr8","40518150","40518424","JH378137","5445816","5446095","47","35072334","GGCTGGGCGCTGTGGCTCACTCCTGTAATCCCAGCACTTTGGGAGGCCAAAGCGGGCAGAAAACAAGGTCAGGAGTTTGAGACCAGCCTGGCCAACATGGTAAAACCCTGTCTCTACTAAAAATACAGAAATGAGCCAGCTGTGGTGGCGAGCGCCTGTAATCCCAGCCACTTGGGAGGCTGAGGCAGGAGAATCGCCTGAACCCGGGAGGTTGCAGTGAGCCGAGATTGCGCCATTGCACTCCAGCCTGGGCAACAAGAGCAAAACTCCGTCTC","GGCCAGGCGCAGTGGCACATGCTGGTAATCCCAGCACTTTGGGAGGCGGAGGCAGGCAGATTACGAGGTCAGGAATTCAAGACCAGCCTGGCCAACATAATGAAACTCTGTCTCTACTAAAAATACAAAAATTAGCTGGGTGTGATGGTGGGCGCCTGTAATCTCAGCTACTTGAGAGGCTGAGGCAGGAGAATTGCTTGAAACTGGAAGGTGGAGATTGCAGTGAGCTGAGATTGCACCACTGCACTCCAGCCTGGGCAACAAGAGCAAAACTCCGTCT"
"chr8","40518460","40518471","JH378272","2083837","2083868","21","38434623","AATAAAATAAAA","CCAGCCTGGGAAACATGATGAAACTTCATCTC"
"chr8","40600605","40600901","JH378148","3009466","3009760","50","37591139","GGCTGGGCATGGTGGCTCATGCTTGTAATTCCAGCACTTATTACCTCGGGAGGCCAAGGAGGGAGGATCACAAGGTCAGGAGTTCGAGACCAGCCTGACCAACATGGTGAAACTCTGTCTCCACTAAAGATACAAAAATTAGCCAAGCTTGGTGGTGGGCACCTGTAATCCCAGCTACTGGGAGGCTGAGGCAGGAGAATCACTTGAAATCCAAAGGTGGAGGTTGTAGTGCGCTGAGATCACGCCACTGCACTCCAGCCTGGGCAGCAAGAGTGAAACTCCATCTCAAAAAAAAAA","GGCCAGGTGTGGTGGCTCACGCCTGTAATCCCAGCACTTTGGGAGGCCGAGGCAGGTGGATGATGAGGTCAGGAGTTCGAGACCAGCCTGGCCAAAATGGTGAAACCCTGTCTCTACTAAAAATACAAAAAAATTAGCCAGGCGTGGTGGCATGCGCCTATAATCCCAGCTACTCAGGAGGCTAAGGCAGGAGAATCACTTGAAACCAGAAGGCAGAGGTTGCAGTGAACTGAGATCACGCCACTGCACTCCAGCCTGGGCAACAAGAGCAAAACTCCATCTCAAAAAATAAAAA"
"chr8","41131491","41131773","JH378145","14148161","14148440","56","26983330","GGCCAGGTATAGTGGCTCACGCCTGTAATCCCAACACTTTGGGAGGCCAAGGAAGTTAGGAGTTCGGGACCAGCCTGGCCAACATGGCAAAACCCTGTCTCTACTAAAAATACAAAAATTAGCCAGGCATGGTGGTGTGCCTATAATCCCAGCTACTCAGGAAGCTGAAGTGGGAGAACTGCTTGAACCTGGAAGGCAGAGGCGGCAGTGAGCCGAGATCACACCACTGCATGCCAGCCTCAGCAACAAGAGCGAGACCCCATCTCAAAAAAAAAAAAAAAAA","GGTCGGGTACGGTGGCTCACACCTGTAATCCCAGCAATTTAGGAGGCCAAGATCAGGAGTTCAAGACCAGCCTGGCTAACATGGTAAAACCCTGTCTCTACTAAAAATAACAAAAATCAGCCAGGCATAGTGGCAGGCGCCTGTAATCCCAGCTACTTAAGAGACTGAGACAGGAGAATCTCTTGAAACTGGGAGGCAGAGGTTTCAGTGAGCTGAGATCCCACCATTGCTCTCTAGCCTGGGCAACGAGAGCAAAACTCCTTCTCAAAAAAAAAAAAAA"
"chr8","43143332","43143638","JH378136","18027573","18027877","40","25115759","GGCTGGGCACAGTGGCTCAAGCCTGTAATCCCAGCACTTTGGGAGGCCGAGGCGGGCAGATCACGAGATCGGGAGTTGGAGACCAGCCTGGCCAACATGGTGAAATCCTGTCTCTACTAAAAATACAAAAACTAGCTGGGCATGGTGGCAGGTGCCTGTAATCCCAGCTCTCAGGAGGCTGAGGCAGGAGAATCACTTGAAACTGGAAGGAAGAGGTTGCAGTGAGCTGAGATCACGCCATTGCATTCCAACCTGGGTGAAAGAGCTAAATTCCATCTCAAAAAAAAAAAAAAAAGAAGAAGGAAAA","GGCCGGGCGCGGTGGCTCAAGCCTGTAATCCCAGCACTTTGGGAGGCCGAGGCGGGTGGATCACGAGGTCAAGAGATCGAGACCATCCTGGTCAACATGGTGAAACCCCGTCTCTACTAAAAATACAAAAAATTAGCTGGGCATGGTGGCGTGTGCCTGTAATCCCAGCTACTCAGGAGGCTGAGGCAGGAGAATTGCCTGAAACCAGGAGGCAGAGGTTGTGGTGAGCCGAGATCACGCCATTGCACTCCAGCCTGGGTAACAAGAGCTAAACTCCGTCTCAAAAAAAAAAAAAAAAAAAGAAA"
"chr8","47316313","47316604","JH378223","38539","38830","48","47277774","CTGGGCACGGCAGCTCATGCTTGTAATCTCAACACTTTGGTAGGCCAAGGCAGGCGGATCACGAGGTCAGGAGTTTGAGACCACTCTGGCTAACATGGTGAAACCCCGTCTCTACTAAATATACCAAAAAAAAGTAGCGGGGCGTGGTAGCAGGTGCCTGTACTCAGGAGGCTGAGGCAGGATAATCACTTGAACCCGAGAAGGCAGAGGTTGTAGTGAGCCGAGATCGCGCCACTGCACTCCAGCCTGGCAACAAGAACGAGACTCCATTCCAAAAAAAAAAAGCAAAAAA","GGCTGGGCACAGTGGCTCATGCTTGTAATTCTAGCACTTTGGGAGGCCAAGGTGGGCAGATCACGAAGTCAGGAGTTTGAGACCAGGCTGGCCAACATGGTGAAACCCTCGTCTCTACTAAAAATACAAAAACAAAATTAGCCAGCATGGTGGCAGATGCCTGTACTCGGGAGGCTGAGGCAGGAAAATCGCTTGAAACCGGGAGGCAGAGGTTGCAGTGAGCTGAGATTGTGCCACTGTACTCCAGCCTGGGCAACAAGAGCAAAACTCCATCTCAAAAAAAAAAAATAAA"
"chr8","50202205","50202392","JH378107","57343532","57343720","29","7141327","GGCCGGGCGCAGTGGCTCACGCCTGTAATCCCGGCACTTCGGGAGGCCAAGGCGGGCGGATCACGAGGTCAGGAGTTCAAAACCAGCCTGGCCAACGCGGTGAAACCACCTCTACTAAAAATACAAAAATTAGCCGGGCGTGGTGGCGGGCGCCTGTAATCCCAGCTACACGGGAGGCTGAGGCAGAA","GGCCGGGCGCGGTGGCTCACGCCTGTAATCCCAGCACTTTGGGAGGCCGAGGCGGGTGGATCATGAGGTCAAGAGATCAAGACCATCCTGGTCAACGTGGTGAAACCCCGTCTCTACTAAAAATAGAAAAAAAAGCCGGGCGCGGTGGCTCACGCCTGTAATCCCAGCACTTTGGGAGGCTGAGGCGGG"
"chr8","50874138","50874285","JH378105","47885237","47885382","26","2988901","GGCCAGATGCAATGGCTCACGCTTGTAATCCCAGCACTTTGAGAGGCCAAGACAGGTGGATCACGAGGTTAGGAGTTCGAGACCAGCATAGTCAACACAGTGAAATCCCATCTCTACTGAAAATATAAAAATTAGCTGGGCATGGGGG","GGCTGGGCGCGGTGGCTCACGCCTGTAATCCCAGCACTTTGGGAGGCCGAGATGGGTGGATCACGAGGTAAAGAGATCGAGACCATCCTGGTCAACATGGTGAAACCCCGTCTCTACTAAAAATACAAAAATTAGCTGGGCATGGT"
"chr8","52335243","52335458","JH378115","31202561","31202787","49","21132682","CCATCTTGGCAACAGAGTGAGACTCTGTCTCTTAAAAAATAAAAAAAGTACATGGTGACGCGTGCCTGTAATCCCAGCTACTCCGGAGGCCGAGGCAGGAGAATCGCTTGAAACAGGAAGGCAGAGGTTGCAGTGAGCTGAGATCACGCCATTGCCCTCCAGCTTGGGCAACAAGAGTGAAAACTCCATGTCAAAAAAAAAAAAAAAGTAGAAAAA","AGCCTGGCCAACAGGGTGAAACTCTGTCTCTACTAAAAATACAAAAATTAGCTGGGTGTAGTGGTGGGCACCTGTAATCCCAGCTACTTGAGGAGACTGAAACAGGAGAATCGCTTGAAACCGGAAGGTAGAGATTGCAGTGAGCTGAGATTAGGCCATTGCACTCCAGCCTGGGCAACAAGAGCGAAACTCTGTCTCAAAAGTAAAATAAAACAAAATAAATAAAA"
"chr8","54093353","54093662","JH378125","2068457","2068768","44","52024896","GGCCAGGCACAGTGGCTTACGCCTATAATCCCAACACTTTGGGAGGTAGACGCAGGTGGATCACGAGGTCAGGAGTTCGAGACCAGCCTGGCCAACATATGGTGAAATGCTGTCTTTACTAAAAATACAAAAATTAGCCGGGCATGGTGGTGGGTGCCTGTAATCCCAGCTACTCGGGAGACTGAGGCAGGAGAATTGCTTGAAACCAGAAGTGGAGGTTGCAGCGAGCAGATATTGCACCACTGCACTTCAGCTTGGGTGAAAGAGCAAAACTCCGTTTAAAAAAAAAAAAAAAAAAAAAAAAAGAAAA","GGCCAGGTTCAGTGGCTCACACCTGTAATCCCAGCACTTTGGGAGGCAGAGGTGGGTGGATCACAAGGTCAGGAGTTCGAGACCAGCCTGGCCAAGATTGTGAAATCCCGTCTCTATTAAAAATACAAAAATTAGCTGGGCATGGTGGTGGGGTGCCTGTAATCCCAGCTACTCAGGAAGCTGAGGCAGGATAATTGCTTGAAACCGGAAAGCAGAGGTTTCAGTGAGCTGAGATCACACCACTGCACTCCAGCTTGGGAAACAGGAGCAAAACTCCACCTCAAAAAAAAAAAAAAAAAAAAAAAAAAAAAA"
"chr8","55329089","55329300","JH378115","31351021","31351219","34","23978068","GGCCAGGCCCAGTGGCTCACGCCTGTAATCCCAGCACTTTGGGAGGCCGAGGTGGGCAGATCATGAGGTCAGGAGTTGGAGACCAACCTGACCAACATGGTGAAACCGCGTCTCTACTAAAAATACAAAAATTAGCTGGGTGTGGTGGCTGGCATCTGTAATCCCAGCTACTCAGGAGGCTGAGGCAGGAGAATTGCTTGANNNNNNNNNNC","GGCCAGGTGCAGTGGCTCACACCTGTAATCCCAGCACTTTGGGATGCCAAGGTGGGCAGATCATGAGGTCAGAAGTTCAAGACCAGCCTGGCCAACATAGTGAAACCCAGTCTCTACTACAAATACAAAAAATAGCCGGGTGTGGTGGCAGGCACCTGTAATCCCAGCTACTTGGGAGGCTGAGGCAGGAGAACTGCTT"
"chr8","62447239","62447552","JH378152","15953207","15953516","46","46494032","GCCAGGCGCAGTGGCTCATGCCTGTAATCCCAGAACTTTGGGAGGCCAAACCAGGCAGATCACGAGGTTAGGAGTTCAAGACCAGCCTGGCTAACATGGTGAAACCCCGTCTCTACTAGAAATACAAAAATTAGCCAGGGTGGTGGAGGGCACCTGTAATCCCAGCTACTTCGGAGGCTAAGGCAGGAGAATCGCTTGAAACTGGAAGGCAGAGGTTGCAGTGAGCCAAGATCACACCACCGTACTCTAGCCTGGGCAACGAGAGTGAAACTCTGTCTCAAAACAAAACAAAACAAAACAAAAACAAAAACAAA","CGGGTGCGGTGGCTAATGCCTGTAATCCCAGCACTTTGGAAGGCCAAAGCGGGCAGACCACAAGGTCAGGAGCTCGAGACCAGCCTGGCCAACATGGTGAAACCCCGTCTCTACTAAAAATACAAAAAAATTAGCTGGGTGTGGTGGTGGGCGCCTGTAATCTCAACTACTTGGGAGGCTGAGACAGGAGAATCGCTTGAAACTGGAAGGCGGAGGTTGCAGTGAGCCGAGATCACACCACTGCACTCCAGCTTGGGCAAAAGAGTGAAACTCCGTCTCAAAAAAAACAAAAAACAAACCAAAAAAAGAA"
"chr8","65661110","65661399","JH378148","3009466","3009760","44","62651644","GGCACAGTGGCTCATGCCTGTAATCCCAACACTTTAGGAGGCCAAGGCGGGCAGATCAGGAGGTCAGGAGTTGGAGACTAGCCTGGCCAACAGGGTGAAACCCTGTCTCTACTAAAAATACAAAAAAATTAGGCAGACTTGGTGACAGGCACCTGTAATTCCAGCTACTCAGGAGGCTAAAGCAAGAGAATCACTTGAAACTGGAAGGTAGAACTTGCAGTGAGCTGAGATTGCACCACTGCACTCCAGCCTGGGCAACAAGAGTGAAAATCCATCTCAAAAAAATAAAA","GGCCAGGTGTGGTGGCTCACGCCTGTAATCCCAGCACTTTGGGAGGCCGAGGCAGGTGGATGATGAGGTCAGGAGTTCGAGACCAGCCTGGCCAAAATGGTGAAACCCTGTCTCTACTAAAAATACAAAAAAATTAGCCAGGCGTGGTGGCATGCGCCTATAATCCCAGCTACTCAGGAGGCTAAGGCAGGAGAATCACTTGAAACCAGAAGGCAGAGGTTGCAGTGAACTGAGATCACGCCACTGCACTCCAGCCTGGGCAACAAGAGCAAAACTCCATCTCAAAAAATAAAAA"
"chr8","66322232","66322404","JH378123","21217689","21217863","30","45104543","GTCAGGCGTGGTGGCAGATGCCTGTAATCCCAGCTACTTGGGGGGCTGAGGCAGGAGAATCGCTTGAAACCGGAAGGTGGAAGTTGCAGTGAGCCGAGATCTTGCAACTGCACTCCAGCCTGGGCAACAACAGCGAAACTCCCTCTCAAAATAAATAAATAAAAAAAAAGAAA","GCCTGGCGTGGTGGCTCATTCCCGTAATCCCAGCTACTTGGGAGGCTGAGACAGGAGAATCACTTGAACTGGAAGGTGAAGGTTGCAGTGAGCTGAGATTGCGCCACTGCACTCCATCCTGGGTGACAAGAGTGAAACTCCATCTCAAAAAAAAAAAAAAAAAGAAAGAAAGAAA"
"chr8","69514875","69515184","JH378137","1949849","1950158","44","67565026","GGCTGGGCACAGCGGCTCACGCCTGTAATCCCAACACTTTGTCGGGCTAAGGTGGGCAGATCACGAGGTCAGGAGTTCGAGACCAGCCTGGCAAACATGGTGAAACCTCGTCTCTACTAAAAATACAAAAATGAGCTGGGTGTGGTGGCGGGCACCTGTAATCCCAGCTACTTGGGAGGCCAAGGCAGGATAATCGCTTGAAACTGGAAGGCAGAGGTTGCATGAGCCCAGATCGCACCACTGCATTCCAGCCTGGGTGACAAGAGGGAAACTCCATCTCAAAAAAAAAAAAAAAAAAAAAAAGAAAGAA","GGTTGGGCACGGTGGCTCACGCCTGTAATCCCAGCACTTTGGGAAGCCAAGGTGGGCGGATCATGAGGTTAGGAGTTCGAGACCAGCCTGGCCAACATGGTGAAACCTCGTCTCTACTAAAAATACAAAAATTAGCTGGGCATAGTAGCGGGTGCCTGTAATCCCAGCTACTTGGGAGGCTGAGGCAGGAGAATCACTTGAAAATGGAAGGTGGAGGTTGCAGTGAGCTGGAATCACGCCACTGCACTCCAGCCTGGAAGAAAGAGTGAAACTTCATCTCAAAAAAAAAAAAAAAAAGGAAAGAAAGAAA"
"chr8","70854092","70854386","JH378127","10024758","10025055","42","60829334","GCCAGGTGCAGTGGCTCATGCCTGTAATTCCAGTACTTTGGGAGGCCGAGGCGGGAAGATCATGAGGTCAGGAGTTCGAGACTGGCCTGGCCAACATGGTGAAACCCCGTCTTTCCTAAAAATACAAAAATTAGCTGGGCATGGTGGCACACACCTGTAATCCCAGCTACTCAGGAGGCTGAGGCAGGAGTCTTGCTTGAACCAGGAGGCGGAGGCTGCAGTGAGCCAAGATCACGCCATTGCACTCTAGCCTGGGCAACAAGAGCAAAACTCCGTCTTGGGGGGAAAAAAAAAA","GGCCGGGCGCGGTGGCTCAAGCCTGTAATCCCAGCACTTTGGGAGGCCGAGGCGGGTGGATCACGAGGTCAAGAGATCGAGACCATCCTGGTCAACATGGTGAAACCCCGTCTCTACTAAAAATACAAAAAATTAGCTGGGCATGGTGGCGTGTGCCTGTAATCCCAGCTACTCAGGAGGCTGAGGCAGGAGAATTGCCTGAGACCAGGAGGCGGAGGTTGCAGTGAGCCGAGATCGCGCCATTGCACTCCAGCCTGGATAACAAGAGCGAAACTCCGTCTCAAAAAAAAAAAAAAAA"
"chr8","72446414","72446559","JH378192","5406761","5406913","39","67039653","GCTGAGCGTGGCAGCAGGCGCCTGTAATCCCAACTACTCGGGAGGCTGAGGTAGGAGAATCGCTTGAAAATGGAAGGCGGAAGTTGCAGTGAGTCGAGATGGAGCCACGGCACTCCCTCCTGGGCAAGAAGAGCGAAACTCCGTCT","TTAGCCAGGCGTGGTGGCGGGTGCCTGTAATCCCAGCTACTTGGAAGGCTGAAGCAGGAGAATCGCTTGAAACCAGGAGGTGGAGGTTGCAGTGAGCTGACATCGTGCCATTGTACTCCAGCCTGGGCAACAAGAGTGAGACTCCATCTCAAA"
"chr8","72446585","72446712","JH378217","185730","185857","15","72260855","GTCGGGTGCGGTGGCTCACCCCTGTAATCCCAGCACTTTGGGAAGCCAAGGCGGGTGGATCACGAGGTCAGGAGTTCGAGACCAGCCTGGACAACATGGTGAAACCCCATCTCTACTAAAAAAAAAAA","GGCTGGGCGCGGTGGCTCACGCCTGTAATCCTAGCACTTTGGGAGGCCGAGGCGGGTGGATCACCGGGGTCAGGAGTTCAAGACCAGCCTGGCCATCATGGTGAAACCCCATCTTAAAAAAAAAAAAA"
"chr8","76588167","76588318","JH378106","68289436","68289584","26","8298731","CGGGCGCAGTGGCCCACGCCTGTAATGCCAGCACTTTGGGACGCCGAGGTGGGCAGATCACGAGGTCAGCAGTTCGAGACCAGCCTGACTAACATGGTGAAACCCCGTCTCTACTAAAAATATAAAAATTAGCTGGGTAGACATGGTGGCGG","GGCCGGGCGCGGTGGCTCAAGCCTGTAATCCCAGCACTTTGGGAGGCCAAGGTGGGTGGATCACGAGGTCAAGAGATCGAGACCATACTGGTCAACATGGTGAAACCCCGTCTCTACTAAAAATACAAAAATTAGCTGGGCATGGTGGC"
"chr8","79109552","79109861","JH378123","11664205","11664513","47","67445347","GGTCAGGCGCAGTGGCTCACACCTGTAATCCCGGCACTTTGGGAGACTGAGGCAGGCAGATCATGAGGTCAGGAGTTCGAGACCAGCCTGGCCAACATGGTGAAACCCAGTCTCTACTAAAAGTACAAAAATTAGCCGGGCATGGTGGCAGATGCCTGTAATCCCAGGTACTCAGGAGGCTGAGACAGGAGAATTGCTTGAAAATGGAAGGTGGAGGTTGCAGTGAGCCAAGATCGCACCACTGCACTGCAGCCTGGGTGACGTAGCCAAACTCTGTCAAAAGAACGAAAGAGAGAAAGAGAGAAAGAAA","GCCAGGTGCCGTGGTTCACACCTGTAATCCCAGCACTTTGGGAGGCCGAGGCAGGTGGATCATGAGGTCAGGAGTTCGAGACCAACCTAGCCAACCTGGTGAAATCCTGTCTCTACTAAAAGTACAAAAATTAGCTGGGCATGGTGGTAGATGCCTGTAATCCTAGCTACTTAGAAGGCTGAGGCAGGAGAATAGCTTGAAACTGGGAGGTGGAGGTTGCAGTAAGCAGAGATTGCACCACTGCACTACAGCCTGGGCAAAAGAGTGAAACTCTATCTCAAAAAAAAAAAAAAGAAAAAAAGAAAGAAA"
"chr8","79614598","79614745","JH378148","4171062","4171203","30","75443536","CTGTAATCCCAGCTACTTGGGAGGCTGAGGCAGGAGAATCACTCGAAACCAGGAGGCAGAAGTTGCTATGAGCTGAGATTGCACCACTGCCCTCCAGCCTGGGCAACAAGAGTGAAACTCCACCTCAAATAAGCAAAACAAAACAAAA","ATCCCAGCTACTGGGGAGGCTGAGACAGGAGAATCACTCGAATCCAGAAGGTGGATATTGCAGTAAGCTGAGATCACATCACTGCACTCCAGCCTGGGCAACAAGAGCGAAACTCCGCAAAAAAAAAAAAAAAAAAAAAAAA"
"chr8","80355119","80355396","JH378115","4423236","4423519","48","75931883","GGCCTGGGTGCGGTGACTCATGCCTGTAATCCAGCACTTTCAGAGGCCAAGGAAGGCAGATCGTGAGGTCAGGAGTTCGAGACCTGGCCAACATGGTGAAACCCTGTCTCTACTAAAAACACAAAAAAATTAGCCAGGCGTGGTAGCAGGTGCCTGTAATCCCAGCTACTCGGGAGGCTAAGGCAGGAGAATCGCTTGAAACCAGAAGGCGGAGGTCACAGTGACCCAAGATCATGCCACTGCACTCCAGCCTGAGTGACAGAGTGAAATTCCATCTC","GGCCGGGCGCGGTGACTCAACGCCTGTAATCCCAGCACTTTTGGAGGCTGAGACGGCCAGATCACGAGGTCAGGAGTTCAAGACCAGCCTGGCCAACATGGTGAAACCCCGTCTCTACTAAAAATGCAAAAAAATTAGCCGGACGTGGTGGCGGGCACCTGTAATCCCAGCTATTAGGGAGGCCAAGGCAGGAGAATCGCTTGAAACCAGAAGGTGGAGATTACAGTGAGCCAAGTTCGTGTCACTGCACTCCAGCCTGGGCAAAAGATTGAAACTCTGCCTCA"
"chr8","81597957","81598241","JH378106","70896573","70896859","48","10701384","GGCCAGGTGTGGTGGCTCACACCTGTAATCCCAACACTTTGGGAGGCGAGGCGGGTGGATAACGAGGTCAGGAGTTCGAAACCAGCCTGACCAACATGGAGAAACCCCTGTCTCTACTAAAAATACAAAAATTAGCTGGGCATGGTGGCAGGTGCCTCTAATCCCAGCCCCTCACGAAGCAGAGGCACGAGAATCACTTGAATCTGGGAGGCAGAAGTTGCAGTGAGTCAAGACTGTGCCATTGCACTCTAGCCTGGACAACAAGAGTGAAACTCCATTCCAAAA","GGCCAGGTACGGTGGCTCACACCTGTAATCCCAGCACTTTGGGAGGGCGAGGCAGGTGGATCATAAGGTCAGGATTTCGAGACCAGCCTGGCCAACGTGGTGAAACCCCATCTCTATTAAAAATACAAAAATTAGCTGGGCATGGTGGCAGGTGCCTGTAATCTCAGCTACTTGAGAGGCTGAGGCAGGAGAATCACTTGAAATCGGAAGGCAGAGGCTTCAGTGAGCTGAGATTGCACCATTGCACTCCAGCCTGGGTGACGAGAGTGAAACTCTGTCTCAAAAAA"
"chr8","86754772","86755020","JH378121","14610271","14610542","53","72144501","CGCCTGTAATCCCAGCACTTTGGGAGGCCGAGGCGGGTGGATCACGAGGTCAGGAGATCGAGACCATCCTGGCTAACATGGTGAAACCCCCTGAGGTCCGGAGGGGGTGGTGGCGGGCGCCTGTAATCCCAGCTACTCAGGAGGCTGAGGCAGGAGAATCGCTTGAATCCGGGAGGTGGAGGTTGCAGTGAGCCAAGATTGCACCATGCACTCCAGCCTGGGCAACAAGAGCAAAACTGTCTTAAAAAA","CACGTATAATCCCAGCACTTTGGGAGGCCGAGGCGGGTGGATCACAAGGTCAAGAGATCAAGACCATCCTGGTCAACATGGTGAAACCCCGTATCTACTAAAAATACAAAACATTTGCTGGGCATGGTGGCGCGTGCCTGTAATCCCAGCTACTGGGGAGGCTGAGGCAGGAGAATTGCCTGAAACCAGGAGGCGGAGGTTGCGGTGAGCCAAGATCGCGCCATTGCACTCCAGCCTGGGTAACAAGAGCGAAACTCCGTCTCAAAAAAAAA"
"chr8","88282445","88282728","JH378115","4423236","4423519","54","83859209","GGCCAGGAGTGGTGGCTCACGCCTGTAATCCCAGCAATTTAGGAGGCTGAGGTGGGCAGATCACGAGGTCAGGAGTTTGAGACCAGCCTGGCCAACATGGTGAAACTCCCTTTCTACTAAAAATTTCTGTAATTAGCCAGGCCGGGTGGCAGGCACCTATAATTCCAGCTATGTGGGAGGCTGAGGCAGGAGAATTGGTTGAACCCAGCAGGCAGAGGTTGCAGTGAGCTGAAATTGTGCCACTGGACTCCAGCCTGGGTAACACAAGTGAGACTCTGTCTCAA","GGCCGGGCGCGGTGACTCAACGCCTGTAATCCCAGCACTTTTGGAGGCTGAGACGGCCAGATCACGAGGTCAGGAGTTCAAGACCAGCCTGGCCAACATGGTGAAACCCCGTCTCTACTAAAAATGCAAAAAAATTAGCCGGACGTGGTGGCGGGCACCTGTAATCCCAGCTATTAGGGAGGCCAAGGCAGGAGAATCGCTTGAAACCAGAAGGTGGAGATTACAGTGAGCCAAGTTCGTGTCACTGCACTCCAGCCTGGGCAAAAGATTGAAACTCTGCCTCA"
"chr8","89395994","89396303","JH378107","46009365","46009670","45","43386629","GGTCGGGCATGGTGGCTCACGCCTGTAATCCCAGCACTTTCAGAGGCCAAGGCGGGTAGATCACAAGGTCAGCAGTTCGAGACCAGCCTGACCGACCAACATGGTGAAACCCTGTCTCTACTAAAAATATAAACATTAGCCGGGTGTGGTGGCAGGCACCTGCAATGCCAGCTACTCGGGAGGCTGAGGCAGGAGAATTGCTTAAAACCGAAGGCGGAGGTTGCAGTGAGCCAAGATCGTGCCACTGCACTCTAGCCTGGGCAACAAGAGGGAAACTCCGTCTCAAAAAAATAAATAAATAAAAATAAAA","GGCCGGGCGTGGTGGCTCACGCCTGTAATCCCAGCACTTTGGGAGGCCAAGGCAGGTGGATCACGAGGTCAAGAGGTCGAGACCATCCTGGTCAACATGGTGAAACCCCGTCTCTGCTAAAAATACAAAAATTAGCTGGGCATGGTGGCACGTGCCTGTAATCCCAGCTACTCAGGAGGCTGAGGCAGGAGAATTGCCTGAAACCAGGAGGCGGAGGTTGCGGTGAGCCGAGATTGCGCCATTGCACTCCAGCCTGGGTAACAAGAGCGAAACTCCGTCTCAAAAAAAAAAAAAAAAAAAAAAAAA"
"chr8","89489479","89489768","JH378119","27398979","27399261","47","62090500","TGTAATCCCAGCACTTTGGGAGGCCAAGGCGGGCGGATCATGAGGTCAGAAGTTCGAGACTAGCCTGGCCAACATGGTGAATGAAACCCCATCTCTGCTAAAAATACAAAAATTAGCCGGGTGTGGTGGCAGGTGCCTGTAATCCCAGATACTCGGGAGGCTGAGGCAGGAAAATTGCTTGCAACCAGAAGGCAGAGGTTGCAGTGAGCCCAGATTGCGCCACTGCACTCCAGCCTGGGCAAGAAGAGCGAAACTCTGTCTCAAAAAAAAAAAAAAAAAGAAAAGAAAAA","CTATAATCCTACCACTTTGGGAGGCCAGGGTGGGTGGATCACTAGGTCAGGAGTCCGAGACCAGCCTGGCCAACATGGTGAAACACTGCCTCTACTAAAAATACAAAAATTAGCCAGGTATAGTGGCAGCCATCTGTAATCTCAGCTACTCGGGAGGCTGAGGCAGGAGAATTGCTTGAACCTGGAAGGCAGAGGTTGCAGTGAGCCAAGATCGTGCCATTGCACTCCAGGCTGGACAACAAGAACAAAACTCCGTCTCAAAAAAAAAAAAAAAAAAAAAAAA"
"chr8","91732665","91732976","JH378107","46009365","46009670","39","45723300","GGCCAAGTGTGGTGGCTCACGCCCGTAATGCCACTACTTTGGGAGGCCAAGGTGGGTGGATCACGAGGTCAGGAGATCGAGATCAGCCTGGCCAATATGGTGAAACCCCGTCTCTACTAAAAACACAAAAATTAGCTGGGCATGGTGGCAGGCGCCTGTAATCTCAGCTTCTCAGGAGGCTGAGGCAGGAGAATTGCTTGAAATCAGAAGGCGGAGATTGCAGTGAGCCAAGATTGCGCCACTGCACTCCAGCCTGGATAACAAGAGTGAAACTCCATCTCCAAAACCAAAACCAAAAACAAACCAAAAAAA","GGCCGGGCGTGGTGGCTCACGCCTGTAATCCCAGCACTTTGGGAGGCCAAGGCAGGTGGATCACGAGGTCAAGAGGTCGAGACCATCCTGGTCAACATGGTGAAACCCCGTCTCTGCTAAAAATACAAAAATTAGCTGGGCATGGTGGCACGTGCCTGTAATCCCAGCTACTCAGGAGGCTGAGGCAGGAGAATTGCCTGAAACCAGGAGGCGGAGGTTGCGGTGAGCCGAGATTGCGCCATTGCACTCCAGCCTGGGTAACAAGAGCGAAACTCCGTCTCAAAAAAAAAAAAAAAAAAAAAAAAA"
"chr8","94015429","94015737","JH378137","1949849","1950158","39","92065580","CCAGGCACGGTGGCTCACACCTGTAATCCCAGCACTTTGGGAGACTGAGGTGGGCAGACCATGAGGTCAGGAGTTTGAGACCAGCTTGGACAACATGGTGAAACCCCTTCTCTACTAAAAATACAAAAATTAGTTGGGGATGGTGGCAGGTGCCTGTAATCCCAGCTACTTGGGAGGCTGAGGCAAGAGAATCACTTGAAACTGGAAGGTGGAGATTGCAGTGAGCTGAGATCACACCACTGCACTCCAGCCTGGGCAACAAGAGTGAAACTCCGTCTCAAATAAAAAAAAAAAAAAGAAAGAAAAGAA","GGTTGGGCACGGTGGCTCACGCCTGTAATCCCAGCACTTTGGGAAGCCAAGGTGGGCGGATCATGAGGTTAGGAGTTCGAGACCAGCCTGGCCAACATGGTGAAACCTCGTCTCTACTAAAAATACAAAAATTAGCTGGGCATAGTAGCGGGTGCCTGTAATCCCAGCTACTTGGGAGGCTGAGGCAGGAGAATCACTTGAAAATGGAAGGTGGAGGTTGCAGTGAGCTGGAATCACGCCACTGCACTCCAGCCTGGAAGAAAGAGTGAAACTTCATCTCAAAAAAAAAAAAAAAAAGGAAAGAAAGAAA"
"chr8","95482017","95482311","JH378185","2391314","2391602","47","93090703","GGCTGGGCAGGGTGGCTCATGCCTGTAATCCCAGCCCTTTGGGAGGCTGAGGCAGGAAGATCACAAGGTCAGGAGTTCAAGACCAGCCTGACCAACATGGTAAAAATCCTGTCTCTACTAAAAATACAAAAATTAGCTGGGCGTGGTGGCTCATGCCTTTAATCCCAGCTACTTGGGAGGCTGAGGCAATAGAATCACTTGAACCCGGAACGTGGAGGTTGCGGTGAGCCGAGATCATGCCACTGCACCCTAGCCTGGGCAACAAGAGCGAAACTCCGTCTGAAAAACAAACAAA","GGCCAGGCATGGTGGTTCACGCCTGTAATCCCAGCACTTTGGGAGACTGAGGTGGGCAGATTACAAGGTCAGGAGTTCGAGACCAGCCTCGCCAACATGGTGAAACCCTGTCTCTACTAAAAATAGAAAAATTAGCCAGGTGTGGTGGCAAATGCCTGTAACCCCAGCTACTTGGGAGGCTAAGGTAGAATTGCTTGAAACCAGAAGGCGGAGGTTGCAGTGAGTAGAGATCGTGCCACTGCACTCCAGCCTGGGCAACAGAGCAAAACTTCATCTCAAAAACAAAAAA"
"chr8","96323916","96324249","JH378116","27615727","27616051","55","68708189","GGCGGGGCGCGGTGGCTCACGCCTATAATCCCAGCACTTTGGGAGGCTAAGGTGTGCGGATCACGAGGTCAGGAGTTTGAGACCTGCCTGGCCAATATGGTGAAACCCCGTCTCTACTAAAAATACAAAAATAAATTAGTGGGGCGTGGTAATGGGCACCTGGAATCCCAGTTACTCAGGAGGCTGAGGCAGGAGAATCGCTTGAAACCAGAAGGTGGAGGTTGCAGTGAGCTGAGATCACGCCACTGCACTCCAGCCTGGGCAACAAGAGTGAGAATCCGTCTCTAAATAAATAAATAAATAAATACATAAATAAAATTAAAAAGAAATAAAA","GGCCGGGCGCGGTGGCTCAAGCCTGTAATCCCAGCACTTTGGGAGGCGAGGCGGGGGGATCACGAGGTCAACAGATCGAGACCATCCTGGTCAACATGGTGAAACCCTGTCTCTACTAAAAATACAAAAAATTAGCTGGGCATGGTGGCGTGTGCCTGTAATCCCAGCTACTCAGGAGGCTGAGGCAGGAGAATTGCCTGAAACCAAGAGGCGGAGGTTGCGGTGAGCCAAGATCGCGCCATTGCACTCCAGCCTGGGTAACAAGAGCGAAACTCCTTCCCAAAATAAATAAATAAATAAATAAATAAATAAATAAATAAATAAA"
"chr8","97542389","97542686","JH378127","10024758","10025055","32","87517631","GGCTGGGCGCAGTGGCTCACGCCTGTAATCCCAGCACTTTGGGAGGCCGAGGCAGGCGGATCACAAGGTCAAGAGAGCAAGACCAGCCTGGCCAACATGGTGAAACCCTGTCTCTACTAAAAATACAAAAAATTAGCGGGGCGTGGTGGCAGGCTCCTGTAATCCCAGCTACCTGGGAGGCTAAGGCAAGAGAATCACTTGAATCCAGGAGGCGGAGGTTGCAGTGAGCCGAGATCGCGCCATTGCACTCCAGCCTGGGCAAAAAGAGCAAAACTCTGTCTCAAAAAAAAAAAAAAAA","GGCCGGGCGCGGTGGCTCAAGCCTGTAATCCCAGCACTTTGGGAGGCCGAGGCGGGTGGATCACGAGGTCAAGAGATCGAGACCATCCTGGTCAACATGGTGAAACCCCGTCTCTACTAAAAATACAAAAAATTAGCTGGGCATGGTGGCGTGTGCCTGTAATCCCAGCTACTCAGGAGGCTGAGGCAGGAGAATTGCCTGAGACCAGGAGGCGGAGGTTGCAGTGAGCCGAGATCGCGCCATTGCACTCCAGCCTGGATAACAAGAGCGAAACTCCGTCTCAAAAAAAAAAAAAAAA"
"chr8","97684202","97684375","JH378158","4851153","4851320","40","92833049","TAAAAAAAAAAATAGCTGGGCATGGTGGCACGCGCCTGTAATCCCAGCTACTCGGGAGGCTGAGACAGGAGAATCGCTTGAGAAAGGCAGGAGGAGGCAGAGGTTGCAGTGAGCCGAGATCATGCCACTGCATTCCAGCCTGGGCAACAAGAGCAAAACTCTCAAAAAAAAAAA","AAAAATTAATCGACATGGTGGCAGGTGCCTGTAATCCCAGCTACTTGGGAGGCTGAAGCAGGAGAATCGCTTGAAACTGGAAGGCAGAGGTTGTAGTGAGCCAAGATGGAGGTACTGTACTCCAGCCTGGGCAACAAGAGTGAAACTTCATCTCAAAAAAAAAAAAAA"
"chr8","98260790","98261098","JH378136","18027573","18027877","35","80233217","GCTGGGCGTGGTGGCTCACGCCTGTAATCCCAACACTTTGGGAGGCCAGAGCGGGCGTATCACGAGGTCAAGAGATCAAGACCATTCTGGCCAACATGGTGAAACCCCATCTCTACTAAAAATACAAAAAATTAGCTGGGCTTGGTGGCGCGTGCCTGTAGTCCCAGCTACTCGGGAGGCTGAGGCAGAAGAATTGCTTGAAACTGGAAGGCAGAGGTTGCGGTGAGCCAAGATAACGCCACTGCACTCCGGCGTGGGCAACAAGAGCAAAACTCCGTCTCAAAACAAACAAACAAACAAAAAAAGAAA","GGCCGGGCGCGGTGGCTCAAGCCTGTAATCCCAGCACTTTGGGAGGCCGAGGCGGGTGGATCACGAGGTCAAGAGATCGAGACCATCCTGGTCAACATGGTGAAACCCCGTCTCTACTAAAAATACAAAAAATTAGCTGGGCATGGTGGCGTGTGCCTGTAATCCCAGCTACTCAGGAGGCTGAGGCAGGAGAATTGCCTGAAACCAGGAGGCAGAGGTTGTGGTGAGCCGAGATCACGCCATTGCACTCCAGCCTGGGTAACAAGAGCTAAACTCCGTCTCAAAAAAAAAAAAAAAAAAAGAAA"
"chr8","99127321","99127618","JH378206","3042454","3042750","47","96084867","GCCGGGCGTGGTGGCTCACGCCTATAATCCCAGCACTTTGGGACGCCAGGGTGGACAGATCACGAGGTCAGGAGTTTGAGACCAGCCTGGCCAACATGGTGAAACTCCGTCTCTACTAAAAATACACAAATTAGTTGGATATGGTGGCGTGTGCCTGTAATCCCAGCTGCTTAGGAGGTTGAGGCAGCAGAACTGCTTGAAACGGGACCCAGGAGGCAGAGGTTGTGGTGAGCCGAGATCACGCCATTGCATTCCAGCCTGGGCAACAAGAGTGAAACTCTGCCTCAAAAAAAAAAAA","GGCCGGGCGCGGTGGCTCAAGCCTGTAATCCCAGCACTTTGGGAGGCCAAGGTGGGTGGATCACGAGGTCAAGAGATCGAGACCATCCTGGTCAACATGGTGAAACCCCGTCTCTACTAAAAATACAAAAAATTAGCTGGGCATGGTGGCGTGTCCCTGTAATCCCAGCTACTCAAGAGGCTGAGGCAGGAGAATTGCCTGAAACCAGGAGGCGGAAGTTGCAGTGAGCCGAGATCGCGCCATTGCACTCCAGCCTGGGTAACAAGAGCGAAACTCCGTCTCAAAAAAAAAAAAAAA"
"chr8","102372662","102372952","JH378119","1423786","1424080","47","100948876","GGCCAGGCACGGTGGCTCATGCCTGTAATCCCAGAACTTTGGGAGTCTGAGGCAGGTGGATCACGAAGTCAGAAGTTCAAGACCAGCCTGGCCAATATGGTGAAACCCTGTCTCTACTGAAAATACAAAAATTAGCTGGACATGGTGGCACATACTTGTAATCTCAGCTACTTGGGAGGTTGAGGCAGGAATCCGGAAGGCGGAGGTTGCAGTGAGCCGAGATCATGCCACTGCACTCCAGCCTGGGCAACAAGAGCGAAACTCCATCTCAAAAAGAAAAAAAAAAAAAAA","GGCCGGGCGCGGTGGCTCAAGCCTGTAATCCCAGCACTTTGGGAGGCCGAGGCGGGTGGATCACAAGGTCAAGAGATCGAGACCATCCTGGTCAACATGGTGAAACCCCGTCTCTACTAAAAGTGCAAAAAATTAGCTGGGCATGGTGGCAGGTGCCTGTAATCCCAGCTACTCAGGAGGCTGAGGCAGGAGAATTGCCTGAAGGCGAGGTTGCGGTGAGCCGAGATCGCGCCATTGCACTCCAGCCTGGGTAACAAGAGCGAAACTCCGTCTCAAAACAAACAAACAAACAAAA"
"chr8","104047909","104048207","JH378129","7783178","7783478","47","96264731","GGCCGGTGCGGTGGCTCACGCCTATAATCCCAGCACTTTGGGAAGCCAAGGCTGGTGGATCACAAGGTCAGGAGATTGAGACCATCCTGGCTAACATGGTGAAATCCCATCTCTACTAAAAATACAAAAATTAGCCTTGCATGATGGTAGGCTGTAGTCCCAGCTACTCGGGAGGCTGAGGCAGACGAATCGCTTGAACTTGGAGGCAGAGGTTGCAGTGAGCTGAGATCGTGCCACTTCACTCCAGCCTGGGCCACAAGAGTGAAACTCTTGTCTCAAAAAAAAGAAGAAAAAAGAAA","GGCCGGGCGCGGTGGCTCAAGCCTGTAATCCCAGCACTTTGGGAGGCCGAGGTGGGTGGATCACGAGGTCAAGAGATCGAGACCATCCTGGTCAACATGGTGAAACCCTGTCTCTACTAAAAATACTAAACATTAGCTGGGCATGGTGGCGCATGCCTGTAATCCCAGCTACTCAGGAGGCTGAGGCAGGAGAATTGCATGAAACCAGGAGGCGGAGGTTGCGGTGAGCCGAGATCGTGCCATTGCACTCCAGCCTGGGCAACAAGAGTGAAACTCCGTCTCAAAAAAAAAAAAAAAAGAA"
"chr8","106027150","106027321","JH378123","21217689","21217863","36","84809461","GTGGTGGCGCATGCCTGTAATCCCAACTACTTGAGAGGCCGAGGCAGGAGAATTGCTTGCTTGAACTGGGAGGCGGAGGTTGCAATGAGCCAAGATAGCACCACTGCACTCCAGCCTGGGTGACAAGAGCAAAACTCTGTCTCAAAAAAAAAAAAAAAAAAAAGAAGAAGAA","GCCTGGCGTGGTGGCTCATTCCCGTAATCCCAGCTACTTGGGAGGCTGAGACAGGAGAATCACTTGAACTGGAAGGTGAAGGTTGCAGTGAGCTGAGATTGCGCCACTGCACTCCATCCTGGGTGACAAGAGTGAAACTCCATCTCAAAAAAAAAAAAAAAAAGAAAGAAAGAAA"
"chr8","112365867","112366180","JH378107","46009365","46009670","42","66356502","GGCCGGGCGTGGTGGCTCACACCTGTAATTCCAGCACTTTGGGAGGACCAGGCGTGTGAATCGTGAGGTCAGGAGTTCAAGACCAGCCTGGCCAACATGATGAAACCCTGTCTTTACTAAAAATACAAAAATTAGCCAGGCATGGTGGCAGGTGCCTGTAATCCCAGCTACTCAGGATGCTGAGGCAGGAGAATCACTTGAAACCAGAAGGTGGAGGTTGCAGTGATGAGCCGAGATCGCACCACTGCACTCCAGCCTGGGCAACGAGAGCAAAACTCCATCTCAAAAAACAAAAAACAAAAAACAAAACAAAA","GGCCGGGCGTGGTGGCTCACGCCTGTAATCCCAGCACTTTGGGAGGCCAAGGCAGGTGGATCACGAGGTCAAGAGGTCGAGACCATCCTGGTCAACATGGTGAAACCCCGTCTCTGCTAAAAATACAAAAATTAGCTGGGCATGGTGGCACGTGCCTGTAATCCCAGCTACTCAGGAGGCTGAGGCAGGAGAATTGCCTGAAACCAGGAGGCGGAGGTTGCGGTGAGCCGAGATTGCGCCATTGCACTCCAGCCTGGGTAACAAGAGCGAAACTCCGTCTCAAAAAAAAAAAAAAAAAAAAAAAAA"
"chr8","114410662","114410935","JH378129","22226033","22226310","45","92184629","GGCTGGGTACAGTGGCTCAAACCTGTAATCCCAGCACTTTGGGAGGCCGAGGCTGGTCGATCACAAGGTCAGGAGTTCGAGACCAGCCTGGCCAACATGGTGAAACCCCATCTCTACTAAAAATACAAAAATTAACCAGGTGTGGTGGTGGGTGCCTATAATCCCAGCTGCTCGGGAGGCTGAGGCAGGAGAATCCCTTGAAACTGGAAGGCGGAGGTTGTAGTGAGTGGAGATCGCATCACTGCCCTCCAGCCTGGGCGAAAGAGTGAAACTC","GGCCAGGCATGGTGGCTCACGCCTGTAATTCGAGCACTTCGGGAGGCCGAGGTGGGCAGATCATGAGGTCAGGAGTTCAAGACCAGCCTGGCCAACATGGTGAAACCCTGTCTCTACTAAAAATACAAAAATTAGCTGGGCATGGTGGCAGTGCCTGTAATCACAGCTACTCAGGAGGCTGAGGTAGGAGAACCACTTGAAACTGGAAGGTGGAGGTTGCAGTGAGCCGAGATCGCACCACTGCACTCCAGCTTGGGCGAAAGAGTGAAATTCTGTCT"
"chr8","114650838","114651136","JH378206","6968121","6968417","43","107682717","GGCTGGCCGTGGTGGCTCATGTCTGTAATCCCAGCACTTTGGGAGGCCGAGGCAGGTGGATCATGAGGTCAGGAGTTTGAGACCAACCTGGCCAACATAGTGAAACCCCGTCTCTACTGAAACTACAAAAAAATTAGTTGGGCATGGTGGCAGGAGCCTGTAATCCCAGCTACTCGGAAAGCTGAGGCAGAGGAATCACTTGAAACTGGAAGGCAGAGGTTGAAGTGAGCCAAGATCGCACCACTGCACTCCAACCTGGGTGGAAGAGCGAAATTCCGTCTCAAAAAAAAAAAAAAAAA","GGCCAGGCGTGATGGCGCACACCTGTAATCCCAGCACTTTGGGAGGCCAAGGCAGGTGGATCACGAGGTCAGGAGTTCAAGACCAGCCTGGCCAACATGGTGAAACCCTGTCTCTACTAAAATTACAAAAATTAGCTGGGCGTGGTGGCAGGAGCCTGTAATCCCAGCTACTTGGGAGGCTGAGGCAGGAGAATCTCTTGAAATGGTAAGGCGAAGGTTACAGTGAGCCAAGATCACGCCATTGCACTCTAGCTTGGGTGAAAGAGCGAAACTCCGTCTCAAAAAAAAAGAAAAGAA"
"chr8","116445825","116446073","AGCE01150141","1188","1433","51","116444637","GGCTGGGCGTGGTGGCTCACATCTGTAATCCCAGCACTTTGAGAAGCTGAGGCGAATGGAGTTCAAGACCAGCCTAGCCAACATGGTAAAACCCCGACTCTACTAAAAATACAAAATATTAGCCAGGCGTGGTGACGGGCGCCTGTAATCCCAGCTACTTGGGACATTGAAGCAGGAGAATTGCAGTGAGCCAAGATCGCGCTATTGCACTCCAGCCTGGGCAACAAGAGCGAAACTCTGTTTCAAATA","GGCTGGGCATGGTGGCTCACGCCTGCAATCCCAGCACTTTGGGAGGCGGAGGCCAGGAGTCAAGACCAGCCTGCCCAACATGGTGAAACCTCCTCTCTACTAAAAATACAAAAATTAGCCAGCCATGGTAGCAGGTGCCTGTAATCCAGCTACTCCAGAGGCTGAGGCGGAAGTTACAGTGAGCCAAGATTGCACCATTGTATTCTAGCCTGGGCAACAAGAGCGAGACTTTATCTCAAAAAAAAA"
"chr8","119935631","119935911","JH378143","18236239","18236524","45","101699392","GGACGGGCGCGGTGGCTCACACCTGTAATCCCAGCACTTCGGGAGGCCGAGGCAGGCGGCTCACAAGGTCAGGAGTTCAAGACCAGGGTGGCCAACATGGTGAAACCCCATCTCCACTAAAAATACAAAAATTAGCTGGGCCTGGTGGCGGACACCTGTAATCCCAGCTATTCAGGAGGCTGAGGCAGGAGAATTGCTTGAAAGCAGGAGGCAGAGGTTGCAGTGAGCCAAGATCGTGCCATTGCACTCCAACCTGGGCAACAAGAGCAAGACTCTGTCTC","GCCGGGCGCGGTGGCTCAAGCCTGTAATCCCAGCATTTTGGGAGGTCGAGGCGGGTGGATCACGAGGTCAAGAGATCGAGACCATCCTGGTCAACATGGTGAAACCCCGTCTCTACTAAAAATACAAAAAATTAGCTGGGCATGGTGGCTGGTGCCTGTAATCCCATCTACTCAGGAGGCTGAGGCAGGAGAATTGCCTGAAACAGGAGGCGGAGGTTGCGGTGAGCCGAGATCGTGCCATTGCACTCCAGCCTGGGTAACAAGAGCGAAACTCCATCTCAAAAAA"
"chr8","120563113","120563415","JH378106","58660565","58660863","49","61902548","GCTGGGCATGGTCGCTCACATCTGTAATCCCAGCACTTTGGGAGGCCGAAGTGAGCAGATCATGAGGTCAGGAGTTCAAGACCAGCCTGGCCAACATGGTGAACTCCCATTCTACTAAAAATACAAAAATTAGCCAGGCGTAGTGGCGGGTGCCTGTAGTCCCAGCTACTTGGGAGGCTGAGGCAGGAGAATTGCTTGAAACTGGAAGGCAGAGGTTGCATTGAGCCGAGATTATGCCACTGAACTCCATCCTGGGCGAAAGAGTGAAACGATCAGAAAGAAAGAGAGAAAGAGAGAAAGAAA","GCCAGACACGGTGGCTCACACCTGTAATCCCAGCACTTTGGGATGTCGAGGTGGGCAGATCATGAGGTCAAGAGTTTGAGACCAGCCTGGCCAACATGGTAAAACCCTATCTCTACTAAAAATACAAAAATTAGCTGGGTGTGGTGGCAGGTGCCTGTAATCCTAGCTACTTGGGAGCCTGAGGCAGGAGAATCACTTGAAACTGGAAGGCAGAGGTTGCAGTGAGCCGAGATAGTGCCACGGCACTCCAGCCTAGGCAACAAGAGCGAAACTGTCTCAAAAAAAGGAAAAAAAAAAAA"
"chr8","125277913","125278173","JH378205","3491925","3492172","57","121785988","GGCCGGCCGCGGTGGCTCACACCTGTAATCCCAGCACTTTGGAAGGCCGAGGCGGGCGGATCACAAGGTCAGGAGTTCGAGACCGGCCCAGTCAACATAGTGAAACCTGATCTCTACTAAAAATACAAAAACTGAGCCAGGCGTGGTGGTGGGCACCTGTGATCCCATGATCCCAGTTACTCAGGAGGCTGAGGCAGGAGAACCACTTGAACCCCGAAAGTGGAGGTTGCAGTGAGCCAAGATCTCATCACTGCACTCCAG","GGCCGGGCACGGTGGCTCACGTCTATAATCCCAGCACTTTGGGAGGCCGAGGCAGGCAGATCATACGGTCAGGAGTCCAAGACCATCCTGACCAATATGGTGAAACCCCGTCTCTAATAAAAATACAAAAATTAGCCAGGCATGGTGGCAGGTGCCTGTAGTCCCAGCTACTCAGGAGGCTAAGGCAGGAGAATCACTTGAAGCAGGAGGTGGAGGCTGCAGTGAGCCCTGATTATACCACTGCACTC"
"chr8","127502567","127502735","JH378124","4450708","4450884","49","123051859","AATACAAAAATTAGCTGGGCATGGTGGTGGGTGCCTGTAATCCCAGCTACTCGGGGAACCTGAGAGGTGGAGGTTGCAGGTTGCAGTGAGCTGAGATTGCGCCACTGCACTCCAGCCTGGGCAACAAGAGTGAAACTTCATTAGAAAAAAAGAAGAAGAAGAAGAAGAA","ATACAAAACATTAGCTGGGCATGGTGGTGGGAACCTGTAATCCCAGCCACTCAGGAGGTTGAGGCAGGAGAATGGCTTGAAACCAGAAGATGGAGGTTGCAGTGAGCCAAGATTGCACCACTGCATTCCATCCTGGGCGAAAGAGTGGAACTCTCTGTCTTAAAAAAAAAAAAAAAA"
"chr8","128272652","128272943","JH378148","3009466","3009760","38","125263186","GGCCAGGCACGGTGGCTTACGCCTGTAATCCCAGCACTTTGGGAGGCCGAGGCGGGTGGATCACAAGGTCAGGAGTTCGAAACCAGCTTAGCCAACATGGCGAAATCCTGTCTCTACTAAAAATACAAAAATTAGCCAGGTGTGGTGTCAGGCGCCTGTAATCCCAGCTACTCGGGAGGCTGAGGCAGGAGAATGGCTTGAACCCGGAAGGTGGAGGTTGCAGTGAGCTGAGATCATGCCATTGCACTCCAGCCTGGGCAACAAAAGCAAGACGCAGTCTAAAAAAAAAAAA","GGCCAGGTGTGGTGGCTCACGCCTGTAATCCCAGCACTTTGGGAGGCCGAGGCAGGTGGATGATGAGGTCAGGAGTTCGAGACCAGCCTGGCCAAAATGGTGAAACCCTGTCTCTACTAAAAATACAAAAAAATTAGCCAGGCGTGGTGGCATGCGCCTATAATCCCAGCTACTCAGGAGGCTAAGGCAGGAGAATCACTTGAAACCAGAAGGCAGAGGTTGCAGTGAACTGAGATCACGCCACTGCACTCCAGCCTGGGCAACAAGAGCAAAACTCCATCTCAAAAAATAAAAA"
"chr8","129053867","129054155","JH378195","2842417","2842689","57","126211450","GGCTGGGCGTGGGGGCTCATGCCTCTAATCCCAGTACTTTGGGAGGCCGAGGCAGGCGGATCATAAGGTCAGAAGTTTGACAGCAGTCTGGCCAACATGGTGAAACACAGTCTCTAACTAAAAAAAAAAAAAAAAATACAAAAATTAACGGGGTGCGGTGGCGGGTGCCTGTAGTCCTAGCTACTCAGGAGGTTGAGGCAGGAGAATCGCTTGAAACCGGAAGGCGGAGGTTGCAGTGAGCTAAGATCACGCCACTGCACTCCAGCCTGGGGCGAAAGAGCGAAACTCC","GGCCAGCATAGTGGCTCATGCCTGTAATCCTAGCACTTGGGAGGCCAAGGCGGGTGGATCACGAGGTCAGGAGTTTGAGACCAGCCTGGCCAACATGGTGAAACCCTGTCTCTACTAAAAATACAAAAATTAGCCGGGTATGGTGGCGGGTGCTTGTAATCCCAGCTATTTAGGAGGCTGAGGCAGGAGAATTGCTTTAAACCGGAAGGCAGAGGTTGCAGCGAGCCAAGATTGTGCCCCTGCACTCCAGCCTGGGCGACGGAGCGAAACCCC"
"chr8","132765112","132765396","JH378239","4840763","4841048","45","127924349","GGCCGGGTGCGGTAGCCCATGCCTGTAATCTCAGCACTTTTGGAGGCCGAGGCAGGTGGATCACGAGGTCAGGAGTTCAAGACCAGCCTGGCCAACATGGTGAAATGCCGCCTCTACTAAATATATGAAAATTAGCCAGGTGTGGTGGCAGGCGCCTGTAACCCCAGCTACTCGGGAAGCTGAAGCAAGAGAATTGCTTGAAACTGGGAGGCAGAGGTTGCAGTGAGCCAAGATCGTGCCATTGCACTCCGGCCTGGCCGACAAGAGCAAGACTCCGTCTCAAAA","GGCCGGGTGTGGTGGCCCACGCCTGTAATTCCAGCACTCTGGCAGGCCGAGGCGAGCGAATCACGAGGTCAGGAGTTTGAGACCAGCCTGGCCAACATGGTGAAACCCCGTCTCTACTAAAAATACAAAAATTAACCGTGCGTGGTGGCACATGCCTGTAATACCAGCTACTCGGGAGGCTGAGGCAAGAGAATCGCTTGAAACCGGAAGGCAGAGGTTGCAGTGAGCCGAGATCGTGCCTTTGCACTCCAGCTTGAGCAGCAAGAGCAAAACTCTGCCTCAAAAA"
"chr8","137776215","137776498","JH378151","5590079","5590358","49","132186136","GGCCAGGTGTGGTGGCTCACACCTGTAATCCCAGCACTTTGGAAGGCCAAGGCGGGTGGATCACAAAGTCAATAGATCAAGACCAGCCTGGCCAACATGGTGAAACCCCATCTCTACTAAAAATACAAAAAAATTAGCCGGGTGTGGTGGCAGGCACCTGTAATCCCAGATACTCCGGAGTGTGAGACAGAAGAATTGCTTGAACCCGGAAGGCAGAGATTGCAGTGAGCTGAGATCATGCCATTGCACTCCAGTCTGGGCAAAAAAGAGCAAAACTCTGGCTC","GGCCAGGCGCAGTGGCTCATGCCTGTAATCCCAGCACTTTGGGGGGCCAAGTTGGGCAGATCACAAGGTCAGGAGTTCGAGACCAGCCTGGCTAACATGGTGAAATCCCATCTCTACTAAAAATACAAACATTAGCCAGGTATGGTGGCGGGCACTTGTAATCCCAGCTACTCAGGAGGCTGAGACAGGAGAATCGCTTGAAACCGGAAGGCAGAGGCTGCAGCGAGCTGAGACGGCACCACTGCACTCCAGACTGGGCAAGAGAGTAAAACTCCATCTC"
"chr8","138561354","138561651","JH378148","3009466","3009760","43","135551888","GGCTGGGTGCGGTGGCTCATGCCTGTAATCCTAACACTTTAGGAGGCTGAGGCAGGCGGATCACGAGGTCAGGAGTTTGAGACCAGCCTGGCCAGCATGGTGAAACTCTGTCTCTACTGAAAATATAAAAATTAGCCAGGCATGGTGGCGGGCACCTGTAATCCCAGCTACTCGGGACACTGAGGCAGGAGAATCACTTGGAACAGGAAGGCAGAGGTTGCAGTGAGCTGAGATCACACCACTGCACTCCAGCCTGGGCGAAAGAGCGAAACTCCATCTCAACAACAACAACAACAAA","GGCCAGGTGTGGTGGCTCACGCCTGTAATCCCAGCACTTTGGGAGGCCGAGGCAGGTGGATGATGAGGTCAGGAGTTCGAGACCAGCCTGGCCAAAATGGTGAAACCCTGTCTCTACTAAAAATACAAAAAAATTAGCCAGGCGTGGTGGCATGCGCCTATAATCCCAGCTACTCAGGAGGCTAAGGCAGGAGAATCACTTGAAACCAGAAGGCAGAGGTTGCAGTGAACTGAGATCACGCCACTGCACTCCAGCCTGGGCAACAAGAGCAAAACTCCATCTCAAAAAATAAAAA"
"chr9","2472289","2472543","JH378233","5445189","5445457","50","2972900","GGCTGGGCACGTGGCTCACGCCTGTAATCCTAGCACTTTGGGAGGCAGAGGCAGGTGAATTACAAGATCAGGCGTTCGAGACCAGCCTAGCCAACTTGGTGAAACCCTGTCTCTACTAAAAATACAAAAATTAGCCAGGCATGGTGGTGGGTGCCTGTAATCCCAAAAGGCGGAGGTTGTAGTGAGCCAAGATCAGGCGATTGCACTCCAGCTTGGGCAAAAAAGAAAAACTCCATCTCAAAAAAAAAAAAAAAA","GGCCGGGCACGGTGGCTCATGCCTGTAATCCCAGCACTTTGGGAGGCCGAGGCGGGTGGATCATGAGGTCAAGAGATCGAGACCATCCCAGTCAACATGGTGAAACCCCGTCTCTACTAAAAATACAAAAAGTCAGCTGGACATGGTGGCGTGTGCCTGTAATCCCAGCTACTCAGGAGGCACAGGTTACTGTGAGCCAAGATCGCGCCATTGCACTCCAGCCTGGGTAACAAAAGTGAAACTCCATCTCAAAAAAAAAAAAACAAAAA"
"chr9","3222204","3222392","JH378115","31351021","31351219","50","28128817","GGCAGGGCATGGTGGTTCACACCTGTAATCCCAGCACTTTGGGAAGCCGAAGAGTTCGAGACCAGCCTGGCCAATATGGTGAAACCCAGTCTCTACTAAAAATACAAAAATTAGCCAGGCGTGGTGGCAGGTGCCTGTAGTCCCAGATACTTGGGAGGCTGAGGCAGGAGAATCGTTGAAACCGGGAAG","GGCCAGGTGCAGTGGCTCACACCTGTAATCCCAGCACTTTGGGATGCCAAGGTGGGCAGATCATGAGGTCAGAAGTTCAAGACCAGCCTGGCCAACATAGTGAAACCCAGTCTCTACTACAAATACAAAAAATAGCCGGGTGTGGTGGCAGGCACCTGTAATCCCAGCTACTTGGGAGGCTGAGGCAGGAGAACTGCTT"
"chr9","3222406","3222542","JH378153","5301835","5301976","34","2079429","GCCAGGCGTGGTGGCAGGTGCCTGTAGTCCCAGATACTTGGGAGGCTGAGGCAGGAGAATCGTTGAAACCGGGAAGCAGAGGTTGCAGTGGGCCGAGATCACACCACTACACTCCAGCCTGGGCGTCAAAAAAGAAA","AATTAGCCAGGCCTGGTGGCAGATGCCTATAATCCCAGCCACTCGGGAGGCTGAGGCAGGAGAATCACTTGCACCAGAAGGCGGAGGTTGAGGTGAGCTGATATCACACCACTGAACTCCAACCTGGGCAACAAGAGCAAAA"
"chr9","5701964","5702191","JH378135","338460","338687","56","5363504","CCGGGCGTGACAGCTTATGCCTGTAGTCCCAGCACTTTGGGAGGCTGAGGCAAGTGGATCACAAGGTCAGGAGTTTGAGACCAGTCTGGCCAACATGGTGAAGCCCCATCTCTACTAAAAAAAACACAAAAATTATCTGGGCGTGGTGGTAGGCACCTGTAATCCCAGCTACTCAGGAGGCTGAGGAAGGAGAATCCTTTGAGGGAGGGAGGNNNNNNNNNNAGAGAG","GGCTGGGCATGGTGGCTCATGCCTGTAATCCCAGCACTTTGGGAGCTGAGCTGGGTGGATCATGAGCTCAGCAGTTCAAGACCAGCCTGGCCAAGATGGTGAAACCCTATCTCTACTAAAAAAAACAAAATATTAGCTGGGCGTGGTGGCATGTGCTGTAATCACAGTTACTCGGGGGCTGAGGCAGGAGAATCGCTTGAACCCGGGAGGTGGAAGTTACAGCGAGCC"
"chr9","5865268","5865498","JH378145","7037822","7038056","42","1172554","GGAGTTTGAGACCAGCCTGGCCAACATGGTGAAACCCCATCTCTTCTAAAAATACAAAAATTAGCCAGGCGTGGTGGCATGCGCCTGCAATCCCAGTTATTTGGGAGGCTGAGGCAGGAGAATCGCTTGAAACCAGAAGGCGGAGGCTGCAGTGAGCCGAGATCACGCCACTGTACTCCAGCCTGGTCAACAAGAGCAAAACTTCGTCTCAGAAAAAAACAAACAAAAAAA","GTTCAAGACCAGCCTAGCCAACATGGTGAAACCCAGTCTCTACTAAAAATACAAAAATTAGCTAGGCACGGTGGCAGGCGCCTGTAATTTCAGCTACTCAGGAGGCTGAGGCAGGAGAATTGCTTGAAACCAGAAGGCAGAGGTTGCAGTGAGCCGAGATCGCACCACTGCATTCCAGCCTAGGCTACAAGAGCGAAGCTCTGTCTCAAAACAAAAACAAAAACAAACAAACAAA"
"chr9","5933624","5933923","JH378156","7076545","7076843","38","1142921","GGCTGGGCGTGTTGGCTCATGCCTGTAATCCCAGCACTTTGGGAGGCCGAGGCGGGCGGATCATGAGGTCAGGAGTTCAATACCAGCCAGGCCAACATGGTGAAACCCCGTCTCTACTAAAAATACCAAAAAAATTAGCTGGGCGTGATGGCAGGCACCTCTAATCCCAGCTACTCAGGACGCTAAGGCAGGAGAATCGCTTGAAACCAGAGGGCGGAGGTTGCAGTGAGCTGAGATAGCGCCCCTGCACTCCAGCCTGGGTGAAAGTGCGAAACTCTATCTCAAAAAAAAAAAAAAAAA","GGCCAGGTGCGGTGGCTCACGCCTGTAATTCCAGCACTTTGGGAGGCTGAGGCAGGTGGATCATGAGGTCAAGAGGTCAAGACCATCCTGGTCAACATGGTGAAACCCCGTCTCTACTAAAAATACAAAAAATTAGCTGGGCGTGGTGGCGGGTGCCTGTAATCCCAGCTACTCAGGAGGCTGAGGCAGGAGAATTGCCTGAAGCCAGAAGGCAGAGGTTGCAGTGAGCCGAGATAGCGCCATTGCACTCCAGCCTGGGTAACAAGAGCGAAACTCCATCTCAAAAAAAAAAAAGAAAA"
"chr9","6447237","6447528","JH378148","3009466","3009760","42","3437771","GGCTGGGTGCGATGGCTCACGCCTGTAATCCCAGCACTTTGGGAGGCTGAGGTGGTCAGATCATGAAGTCACGAGTTCGAGACCAGCCTGGCCAACATGGTGAAACCCTGTCACTACTGAAACTATAAAAAAATTAGCTGGGCAAGGTGGCAGGTGCCTGTAATCCCAGCTACTTGGGAGGCTGAGGCAGGAGAATTACTTGAAACTGGAAGGCAGAGGTTGTAGTGAACCAAGATCGTGCCACTGCACTCCAGCCCAGGCAAAAGAGCGAAACTCCATCAAAAAAAAAAAA","GGCCAGGTGTGGTGGCTCACGCCTGTAATCCCAGCACTTTGGGAGGCCGAGGCAGGTGGATGATGAGGTCAGGAGTTCGAGACCAGCCTGGCCAAAATGGTGAAACCCTGTCTCTACTAAAAATACAAAAAAATTAGCCAGGCGTGGTGGCATGCGCCTATAATCCCAGCTACTCAGGAGGCTAAGGCAGGAGAATCACTTGAAACCAGAAGGCAGAGGTTGCAGTGAACTGAGATCACGCCACTGCACTCCAGCCTGGGCAACAAGAGCAAAACTCCATCTCAAAAAATAAAAA"
"chr9","9356817","9357124","JH378109","11216706","11217003","47","1859889","GGCCAGGAGTGGTGGTTCACGCCTGTAATCCCAGCACTTTGGGAGGCCGAGGCGGGTGGATCACGAGGTCAGCAATTCGAGACCAGCCTGACCAGCATGGTGAAACCCTGTCTCTACTAAAAATACAAAACAAAACAAAAAAACAGCTGGGAGTGGTGGTGGATGCCTGTAATCCCAGTTGCTTGGGAGGCTGAGGCAGGAGAATCGCTTGAAATTGGAAAGTGGAGGTTGCAGTGAGCCAAGATTGCTGCCACTGCACTCTAGCCTGGGTAATAAGAGCAAAACTCCATCTCAAAAAAAAAAAAAAA","GGCCGGGCGTGGTGGCTCAAGCCTGTAATCCCAGCACTTTGGGAGGCCGAGGCGGGTGGATCACGAGGTCAAAAGATCGAGACCATCCTGGTCAACATGGTGAAACCCCGTCTCTACTAAAAATACAAAAAAACTAGCTGGGCGTGGTGGTGCATGCCTGTAATCCCAGCTACTTAGGAGGCTGAGGCAGGAGAATTGCCTGAGACCAGGAGGCGGAGGTTGCGGTGAGCTGAGATCGCGCCATTGCACTCCAGCCTGGGTAACAAGAGCGAAACTCCGTCTCAAAAAAAAAAAAAAA"
"chr9","12325138","12325437","JH378201","3287246","3287553","51","9037892","GGCCAGGCGCGGTGGCTCACGCCTGTAATCCCAGCACTTTGTGAGGCCGAAGTGGGCGGATCACGAGGTCAGGAGATCAAGACCAGCCTGGCCAACACGGTGAAAATCTATCTCTACTAAATATACAAAAATGAGCCAGGCATGGTGGCAGGCACCTTCAATCCCAGCTAATTTTCCTGAGGCAGGAAAATTGCTTGAACTGGAAGGTGGAAGTTTCAGTGAGCCAAGACTGTGCCACTGCACTGCAGCCTGGGCAACAGAGTGAGACTTCGGCTCAAAAAAAAAAAAAAAAAAAAAAAA","GACCAGGTGCGGTGGCTCACACCTGTAATCCCAGCACTTTGGGAGGCCGAGGTGGGCGAATCACGAAGTCAGGAGTTCGAGACCAGCCTGGCCAACAAAGTAAAACTCTGTCTTTACTAAAAATACAAAAATTAGCCAGCCATGGTAGCGGGCACCTATAATCCCAGCTACTCAGAAGCCTGAGGCAGGAGAACCACTTGAAACCGGAAGGCAGAAGTTGCAGTGAGCCGAGATTGCGCCACTGCACTCCAGCCTGGGCAAAAGAGTGAAACTCCATCTCAAAAAAAAAAAAAAAAAAAAAAAAAAAA"
"chr9","12328137","12328428","JH378148","12566856","12567148","44","238719","GGCCAGGTACTGTGGCTGACCCCTGTCATCCCCGCACTTTGGGAGGCCAAGGCAGGCAGATCACGAGGTCAGGAGTTCAAGACCAGCCTGACCAACATGGTGAAACCCGGTCTCTACTAAAAATACAAAAATTAGCTGGACCTGTTGGCGGGTGCCTGTACTCCCAGCTACTCGGGAGGCTGAGGCAGGAAAATCACTTGAAACTGGAAAGTGGAGGTTACAGATAGTCAAGATCATACCACTGCACTCCAGCCTAGGCAACAAGAGTGAAACTCTTATCAAAAAAAAAAAA","GGCCAGGTGCTGTGGCTCACGCCTGTAATCCCAGCACTTTCGGAGGCCAAGGCGGGTGGATCATGAGGCCAGGAGTTCGAGACCAGCCTGGCCAATATGGTGAAACCCTGTCTCTACTAAAAATACAAAAATTAGTTTGGCGTGGTGGTGGGTGCCTGTAATCCCAGCTACTCGGGAGGCTAAGGCAAGAGAATCGTGTGAAACTGGAAGGTGGAGATTGCAGTGAGCCGAGATCACGCCACTGCACTCCAACCTGGGCAAAAGAGCGAAACTCTGTTTCAAAAAAAAAAAAA"
"chr9","12329919","12330215","JH378201","3287246","3287553","54","9042673","GGCCAGGCGCGGTGGCTCACGCCTGTAATCCCAGCACTTTGTGAGGCCGAAGTGGGCGGATCACGAGGTCAGGAGATCAAGACCAGCCTGGCCAACACGGTGAAAATCTATCTCTACTAAATATACAAAAATGAGCCAGGCATGGTGGCAGGCACCTTCAATCCCAGCTAATTTTCCTGAGGCAGGAAAATTGCTTGAACTGGAAGGTGGAAGTTTCAGTGAGCCAAGACTGTGCCACTGCACTGCAGCCTGGGCAACAGAGTGAGACTTCGGCTCAAAAAAAAAAAAAAAAAAAAA","GACCAGGTGCGGTGGCTCACACCTGTAATCCCAGCACTTTGGGAGGCCGAGGTGGGCGAATCACGAAGTCAGGAGTTCGAGACCAGCCTGGCCAACAAAGTAAAACTCTGTCTTTACTAAAAATACAAAAATTAGCCAGCCATGGTAGCGGGCACCTATAATCCCAGCTACTCAGAAGCCTGAGGCAGGAGAACCACTTGAAACCGGAAGGCAGAAGTTGCAGTGAGCCGAGATTGCGCCACTGCACTCCAGCCTGGGCAAAAGAGTGAAACTCCATCTCAAAAAAAAAAAAAAAAAAAAAAAAAAAA"
"chr9","12929262","12929568","JH378199","5489890","5490197","43","7439372","GACTGGGCACAGTGGCTCACGCCTGTAATCCCAGCAGTTTGGGAGGCCAAGGTGGGCAGATCACGAGGTCAGGAATTTGAGACCAGCCTGGACAACACGGTGAAAGCCCGTCTCTACTAAAAATACAAAAATAAGGCAGGTGTGGTGGCGGGTGCCTGTAATCCCAGCTACTCAGGAGGCTGAGGCAGGAGAATTGCTTGAAATCAGAAGACAGAGGTTACAGTGAGCCGAGATGGTGCTATTGCACTTCAGCCTAGGCAACAAAGCAAGACTCCATCTCAAAAAAAAAAAAAAAAAAGAAGAGAAA","CCGGGCGCAGTGGCTCACGCCTGTAATCCCAGCACTTTGGGAGGCCGAGCAGGGCAGATCATGAGGTTAGGAGTTTGAGACCAGCCTCGACAACATGGTGAAACCAGTTTCTACTGAAAATACAAAAACCAACCAGGGGTGGTGGCGGGTGCCTGTAATCCCAGCTACTCAGGAGGCTGAGGCAGGAGAATCGCTTGAAACCAGAAGCCTGAGGTTGCAGTGAGCTGAGATCACGCCACTGCACTCCAGCCTGGGCAACAAGAGCAAAACTCCGTCTCAAAAAAAAAGAAAAGAAAAGAAAAAGAAAA"
"chr9","12952554","12952832","JH378152","11710870","11711149","47","1241684","GGCCAGGCCCAGTGGCTCACACCTGTAATCCTAGCACTTTGGGAGGCCAAGGCAGACGGATCACGAGGTCCGGAGTTTGAGACCAGCCTGGCCAACATAGTGAAACACTGTCTCTACTAAAAGTACAAAAATTAGCCAGGTGTGGTGGCGGGCGCCTGCAGTCCCAGCTACCTGGGAGGCTGAGGCAGGAGAACTGCTTGAACCTGGGAGCTGAGATGGCACCACTGCACTCCAGCCTGGGCAAGACTGAAACTCCGTCTCCAAAACAAAAACAAAAAA","GGCTGGGCATGGTGGCTCACACTTGTAACCCTAGCACTTTGGGAAGCCAAGGCAGGCGGATCATGAGGTCAGGAGTTTGAGACCAGCCTGGCCAACATTGCGAAATCCCATCTTTACTAAAAATACAAAAATTAGCCAGATGTGGTGGCATGCACCTGTAGTCCCAGCTACTTGGGAGGCTGAGGCAGGAGAATCGTTTGATTGTGGTGAGCTGAGATCACAGCATTGTACTCCAGCCTGGGCAACAAGAGCAAGACTCCATCTCAAAAAAAAAAAAAAA"
"chr9","14827542","14827822","JH378278","2024551","2024836","45","12802991","GGCCGGGCACGGTGTCTCACGCCTGTAACCCCAGCACTTTGGGAGGCCAAGGTGGGTGGATCACAAGGTCAGGAGTTGGAGACCAACCTGGCCAACGTGGTGAAACCCTATCTCTACTAAAAATACAAAAATTAGCTGGGCATGGTGGTGCGTGCACCTGTAATCTTAGCTACTCAGGAGGCTGAAGCAGGAGAATTGCTTGAAACCAGAAGGCAGAGGTTGCAGGAGGTGGAGATCATGGCCACTGAACTCCAGCCTGGGTGAAAGAGTAAAACTGTCTC","GCTGGGCACAGTGGCTCACGCCTGTAATCCCAGGACTTTGGGAGGCCAAAGCGGGTGGATCACGAGGTCAAGAGATTGAGACCATCCTGGTCAACATGGTGAAACCCCGTCTCTACTAAAAATACAAAAAATTAGCTGGGCATGGTGGCGCGTGCCTGTAATCCCAGCTACTCAGGAGGCTGAGGCAGGAGAATTGCCTGAAACCAGAAGGCAGAGGTTGTGGTGAGCTGAGATCATGCCATTGCACTCCAGCCTGGGTAACAAGAGTGAAATTCCATCTCAAAAA"
"chr9","15822466","15822745","JH378108","50208845","50209139","48","34386379","GGCCGGGTGCAGTGGCTTACCCCTGTAATCCCAGCACTTTGCAAGGCTGAGGTCAGGAGTTGAAGACCAGCCTGGCCAACATGGTGAAACCCCATCTCACTAAAAATACAAAAATTAGCCAGCATGGTGGTGGGTGCCTGTAATCCCAGCTGCTCGGGAGGCTGAGGCAGGAGAATCACTTGAAATCAGAAGGCGGAGGTTGCAGTGAGCTGAGATGGCGCCACTGCACTCCAGCCTGGGCAAAAGAGCGAAACTCTGTCTCCAAAAGAAAAAAAAAAAA","GGCCAGGTATAGTGGCTTACGCCTGTAACCCCAGCACTTTGGGAGGCCAAGGTGGGCAGATCATGAGGCCAGGAGTTCAAGACCAGCCTGGTCAACATGATGAAACCCCATCTCTACTAAAAATACAAAAATTAGCCAGGCATGGTGGCAGGTGCCTGTAATCCCAGCTACTTGGAAGGCTGAGGCAGGAGAATCACTTGAAATCGGAAGGTGGAGGTTGCAGTGAGCCAAGGTCGCACCACTGTACTCCAGCCTGGACGACACAGTGAAACTCTGTCTCAAAAAAAAAAAAAAA"
