"chr1","5373752","5374051","chr6","102718168","102718488","59","97344416"
"chr1","117119","117423","chr3","104605300","104605626","52","104488181"
"chr1","332682","332993","chrUn_NW_019940644v1","45737","46061","61","286945"
"chr1","385857","386151","chr5","44830881","44831200","54","44445024"
"chr1","407635","407924","chr10","12090848","12091154","52","11683213"
"chr1","411074","411376","chr5","44830881","44831200","45","44419807"
"chr1","421182","421484","chr6","102718168","102718488","53","102296986"
"chr1","434650","434941","chr10","12090848","12091154","59","11656198"
"chr1","448581","448892","chr6","102718168","102718488","56","102269587"
"chr1","469984","470283","chr5","44830881","44831200","48","44360897"
"chr1","484287","484590","chr6","102718168","102718488","57","102233881"
"chr1","485379","485682","chr11","67804954","67805280","60","67319575"
"chr1","495176","495476","chr3_NW_019937269v1_random","873987","874308","55","378811"
"chr1","507666","507969","chr8","63808071","63808393","61","63300405"
"chr1","511917","512212","chr3_NW_019937269v1_random","873987","874308","61","362070"
"chr1","549052","549360","chr5","44830881","44831200","54","44281829"
"chr1","567076","567371","chr6","102718168","102718488","59","102151092"
"chr1","712021","712299","chr4","104148429","104148712","57","103436408"
"chr1","767390","767451","chr13","83739289","83739454","108","82971899"
"chr1","767452","767666","chr3_NW_019937269v1_random","582052","582230","74","185400"
"chr1","790307","790597","chr2B","62833125","62833440","66","62042818"
"chr1","798644","798865","chr3_NW_019937269v1_random","582052","582230","80","216592"
"chr1","798939","799254","chr3_NW_019937269v1_random","873987","874308","64","75048"
"chr1","1028928","1029069","chr13","83739289","83739454","51","82710361"
"chr1","1089882","1090184","chr2B","123656214","123656528","52","122566332"
"chr1","1615620","1615924","chr6","102718168","102718488","52","101102548"
"chr1","1699985","1700283","chr5","44830881","44831200","56","43130896"
"chr1","1798436","1798726","chrX","98179172","98179484","68","96380736"
"chr1","1840265","1840574","chrUn_NW_019940644v1","45737","46061","51","1794528"
"chr1","1958715","1959026","chr2B","57396868","57397189","56","55438153"
"chr1","2016630","2016850","chr2B","52951572","52951819","70","50934942"
"chr1","2086748","2087017","chr1","38113888","38114184","71","36027140"
"chr1","2269478","2269782","chr5","44830881","44831200","54","42561403"
"chr1","2309340","2309635","chr11","2099330","2099651","56","210010"
"chr1","2436432","2436737","chr20","60096002","60096324","55","57659570"
"chr1","2685745","2686055","chr1","164257663","164257981","53","161571918"
"chr1","2686057","2686132","chr13","83739289","83739454","96","81053232"
"chr1","2749489","2749743","chr5","143628540","143628817","68","140879051"
"chr1","2793977","2794286","chr5","44830881","44831200","47","42036904"
"chr1","2804547","2804876","chr3_NW_019937269v1_random","873987","874308","49","1930560"
"chr1","2807970","2808233","chr6","102718168","102718488","88","99910198"
"chr1","2824595","2824884","chrX","98179172","98179484","54","95354577"
"chr1","2824888","2824942","chr19","15104585","15104743","112","12279697"
"chr1","2824943","2825144","chr13","83739289","83739454","87","80914346"
"chr1","2829502","2829694","chr3_NW_019937269v1_random","582052","582230","92","2247450"
"chr1","2829695","2829750","chr19","15104585","15104743","112","12274890"
"chr1","2829754","2830062","chrUn_NW_019940644v1","45737","46061","58","2784017"
"chr1","2874645","2874891","chr1","38113888","38114184","77","35239243"
"chr1","2874902","2875094","chr3_NW_019937269v1_random","582052","582230","60","2292850"
"chr1","2881027","2881335","chr1","164257663","164257981","56","161376636"
"chr1","2884905","2885200","chrX","98179172","98179484","65","95294267"
"chr1","2891925","2892183","chr12","78077383","78077685","77","75185458"
"chr1","2897682","2897805","chr13","83739289","83739454","73","80841607"
"chr1","2914800","2915121","chr6","102718168","102718488","52","99803368"
"chr1","2916263","2916516","chr6","66811050","66811342","75","63894787"
"chr1","2917518","2917759","chr1","53251448","53251724","86","50333930"
"chr1","2917788","2917922","chr19","15104585","15104743","85","12186797"
"chr1","2927483","2927844","chr8","45976010","45976347","86","43048527"
"chr1","3078679","3078977","chr2B","62833125","62833440","55","59754446"
"chr1","3095873","3096189","chrX","18810771","18811096","59","15714898"
"chr1","3163577","3163840","chr2B","52951572","52951819","75","49787995"
"chr1","3173362","3173663","chr2B","123656214","123656528","60","120482852"
"chr1","3194946","3195255","chr3","104605300","104605626","61","101410354"
"chr1","3330159","3330221","chr13","83739289","83739454","105","80409130"
"chr1","3396446","3396760","chr6","146922138","146922464","45","143525692"
"chr1","3406286","3406597","chr8","63808071","63808393","47","60401785"
"chr1","3416706","3417009","chr1","164257663","164257981","55","160840957"
"chr1","3507601","3507908","chr6","102718168","102718488","50","99210567"
"chr1","3600196","3600501","chr12","79646582","79646901","58","76046386"
"chr1","3668513","3668814","chr6","102718168","102718488","57","99049655"
"chr1","3683147","3683417","chr12","78077383","78077685","67","74394236"
"chr1","3969241","3969541","chr6","102718168","102718488","53","98748927"
"chr1","4008959","4009027","chr13","83739289","83739454","102","79730330"
"chr1","4009106","4009343","chr2B","52951572","52951819","73","48942466"
"chr1","4130624","4130919","chr5","44830881","44831200","62","40700257"
"chr1","4170182","4170482","chr5","44830881","44831200","55","40660699"
"chr1","4253110","4253406","chr7","138405117","138405435","68","134152007"
"chr1","4263900","4264163","chr1","38113888","38114184","77","33849988"
"chr1","4266091","4266385","chrX","118112106","118112428","66","113846015"
"chr1","4267213","4267521","chr2B","57396868","57397189","53","53129655"
"chr1","4282265","4282561","chr2B","62833125","62833440","57","58550860"
"chr1","4303467","4303777","chr5","44830881","44831200","50","40527414"
"chr1","4614178","4614484","chr6","102718168","102718488","51","98103990"
"chr1","4636260","4636555","chr2B","62833125","62833440","59","58196865"
"chr1","4669746","4670057","chr1","164257663","164257981","47","159587917"
"chr1","4689366","4689669","chr1","164257663","164257981","71","159568297"
"chr1","4725261","4725545","chr12","78077383","78077685","62","73352122"
"chr1","4777404","4777709","chr11","4729691","4730015","47","47713"
"chr1","4798321","4798633","chr1","188934143","188934466","62","184135822"
"chr1","4866616","4866927","chr6","102718168","102718488","53","97851552"
"chr1","4887205","4887513","chr2B","57396868","57397189","54","52509663"
"chr1","5026932","5027240","chr6","102718168","102718488","55","97691236"
"chr1","5121737","5122007","chr4","104148429","104148712","65","99026692"
"chr1","5341265","5341620","chr12","78077383","78077685","99","72736118"
"chr1","5548037","5548349","chr10","64681102","64681433","51","59133065"
"chr1","5651845","5652145","chr3_NW_019937269v1_random","873987","874308","62","4777858"
"chr1","5664082","5664390","chr6","102718168","102718488","50","97054086"
"chr1","5672909","5673201","chrX","98179172","98179484","53","92506263"
"chr1","5685629","5685938","chr2B","57396868","57397189","53","51711239"
"chr1","5693414","5693726","chr5","44830881","44831200","49","39137467"
"chr1","5696293","5696602","chr5","44830881","44831200","47","39134588"
"chr1","5721720","5722032","chr6","102718168","102718488","48","96996448"
"chr1","5876553","5876857","chr6","102718168","102718488","60","96841615"
"chr1","5985913","5986212","chrX","98179172","98179484","64","92193259"
"chr1","6098541","6098833","chr6","102718168","102718488","61","96619627"
"chr1","6132470","6132771","chrX","98179172","98179484","58","92046702"
"chr1","6139780","6140097","chr7","138405117","138405435","42","132265337"
"chr1","6229660","6229858","chr2B","52951572","52951819","71","46721912"
"chr1","6283647","6283772","chr13","83739289","83739454","54","77455642"
"chr1","6290908","6291217","chr6","102718168","102718488","53","96427260"
"chr1","6338974","6339278","chr1","164257663","164257981","48","157918689"
"chr1","6383355","6383656","chr2B","123656214","123656528","57","117272859"
"chr1","6384907","6385211","chr5","44830881","44831200","55","38445974"
"chr1","6391647","6391948","chr5","44830881","44831200","50","38439234"
"chr1","6462733","6462856","chr13","83739289","83739454","56","77276556"
"chr1","6479298","6479587","chr12","78077383","78077685","56","71598085"
"chr1","6597952","6598250","chr5","147629955","147630283","56","141032003"
"chr1","6721908","6722224","chr1","164257663","164257981","45","157535755"
"chr1","6726303","6726465","chr13","83739289","83739454","73","77012986"
"chr1","6727976","6728284","chr6","102718168","102718488","56","95990192"
"chr1","6810200","6810469","chr1","53251448","53251724","76","46441248"
"chr1","6816179","6816482","chr5","44830881","44831200","66","38014702"
"chr1","6837233","6837453","chr2B","52951572","52951819","81","46114339"
"chr1","6850076","6850463","chrX","86425545","86425903","100","79575469"
"chr1","6864287","6864585","chrX","98179172","98179484","59","91314885"
"chr1","6903201","6903499","chr6","102718168","102718488","56","95814967"
"chr1","7018136","7018438","chr5","44830881","44831200","56","37812745"
"chr1","7036823","7037097","chr10","114207109","114207402","67","107170286"
"chr1","7039733","7040044","chr8","63808071","63808393","44","56768338"
"chr1","7045345","7045655","chr6","102718168","102718488","49","95672823"
"chr1","7047574","7047698","chr13","83739289","83739454","61","76691715"
"chr1","7083238","7083527","chr2B","62833125","62833440","70","55749887"
"chr1","7089818","7090129","chr5","44830881","44831200","49","37741063"
"chr1","7105617","7105916","chr3","104605300","104605626","63","97499683"
"chr1","7114044","7114334","chrX","98179172","98179484","61","91065128"
"chr1","7114377","7114684","chrUn_NW_019940644v1","45737","46061","51","7068640"
"chr1","7136542","7136843","chr2B","62833125","62833440","68","55696583"
"chr1","7145169","7145468","chr2B","123656214","123656528","66","116511045"
"chr1","7159073","7159379","chr5","44830881","44831200","57","37671808"
"chr1","7175614","7175933","chr2B","57396868","57397189","53","50221254"
"chr1","7180275","7180579","chr1","188934143","188934466","55","181753868"
"chr1","7186944","7187236","chr13","1237862","1238178","60","5949082"
"chr1","7190116","7190419","chr1","164257663","164257981","51","157067547"
"chr1","7210163","7210468","chr5","44830881","44831200","56","37620718"
"chr1","7231545","7231852","chr6","102718168","102718488","55","95486623"
"chr1","7233611","7233912","chr6","102718168","102718488","59","95484557"
"chr1","7234413","7234694","chr12","78077383","78077685","60","70842970"
"chr1","7244575","7244867","chr2B","62833125","62833440","60","55588550"
"chr1","7251663","7251945","chr12","78077383","78077685","65","70825720"
"chr1","7272750","7273059","chr6","102718168","102718488","56","95445418"
"chr1","7282022","7282333","chr1","164257663","164257981","48","156975641"
"chr1","7316576","7316842","chr12","78077383","78077685","69","70760807"
"chr1","7335568","7335815","chr6","66811050","66811342","76","59475482"
"chr1","7338510","7338697","chr13","83739289","83739454","88","76400779"
"chr1","7365827","7366122","chr5","44830881","44831200","55","37465054"
"chr1","7374984","7375243","chr12","78077383","78077685","83","70702399"
"chr1","7375842","7376153","chr6","102718168","102718488","55","95342326"
"chr1","7444147","7444449","chr5","44830881","44831200","50","37386734"
"chr1","7462520","7462820","chr5","44830881","44831200","53","37368361"
"chr1","7524530","7524841","chr8","63808071","63808393","57","56283541"
"chr1","7582222","7582503","chr7","138405117","138405435","68","130822895"
"chr1","7603102","7603386","chr5","44830881","44831200","69","37227779"
"chr1","7614886","7615192","chr1","164257663","164257981","61","156642777"
"chr1","7616616","7616749","chr13","83739289","83739454","55","76122673"
"chr1","7617035","7617212","chr13","83739289","83739454","93","76122254"
"chr1","7619797","7620035","chr5","42040833","42041136","88","34421036"
"chr1","7626208","7626506","chr2B","123656214","123656528","72","116030006"
"chr1","7642521","7642832","chr5","65709273","65709595","52","58066752"
"chr1","7693019","7693320","chr20","60096002","60096324","61","52402983"
"chr1","7730098","7730396","chr13","1237862","1238178","54","6492236"
"chr1","7734471","7734781","chr5","44830881","44831200","51","37096410"
"chr1","7753766","7754070","chr5","44830881","44831200","56","37077115"
"chr1","7773749","7774054","chr3_NW_019937269v1_random","873987","874308","52","6899762"
"chr1","7826900","7827175","chr12","78077383","78077685","75","70250483"
"chr1","7839851","7840161","chr1","164257663","164257981","48","156417812"
"chr1","7843116","7843423","chr6","102718168","102718488","55","94875052"
"chr1","7881945","7882255","chrUn_NW_019940644v1","45737","46061","54","7836208"
"chr1","7915656","7915945","chr4","121333129","121333462","64","113417473"
"chr1","7927966","7928239","chr10","12090848","12091154","69","4162882"
"chr1","7928272","7928295","chr19","15104585","15104743","135","7176313"
"chr1","8015814","8016072","chr2B","52951572","52951819","69","44935758"
"chr1","8038522","8038777","chr2B","52951572","52951819","72","44913050"
"chr1","8117186","8117480","chr3_NW_019937269v1_random","873987","874308","63","7243199"
"chr1","8142994","8143297","chr6","102718168","102718488","53","94575174"
"chr1","8155818","8156113","chr10","89380924","89381235","66","81225106"
"chr1","8164794","8165101","chr12","19809519","19809842","48","11644725"
"chr1","8270997","8271291","chr5","44830881","44831200","50","36559884"
"chr1","8302362","8302663","chr6","102718168","102718488","56","94415806"
"chr1","8324717","8325032","chr3","104605300","104605626","44","96280583"
"chr1","8325319","8325601","chr12","78077383","78077685","59","69752064"
"chr1","8346579","8346883","chr12","19809519","19809842","56","11462940"
"chr1","8362074","8362391","chr6","102718168","102718488","60","94356094"
"chr1","8362398","8362563","chr13","83739289","83739454","65","75376891"
"chr1","8371997","8372163","chr6","26281507","26281722","68","17909510"
"chr1","8446998","8447308","chr6","102718168","102718488","45","94271170"
"chr1","8458738","8459025","chr5","44830881","44831200","70","36372143"
"chr1","8505789","8505924","chr13","83739289","83739454","45","75233500"
"chr1","8506217","8506367","chr13","83739289","83739454","78","75233072"
"chr1","8570067","8570368","chr8","63808071","63808393","58","55238004"
"chr1","8571480","8571758","chr12","78077383","78077685","64","69505903"
"chr1","8635527","8635824","chr5","44830881","44831200","57","36195354"
"chr1","8705889","8706179","chr19","9432716","9433023","63","726827"
"chr1","8710860","8711160","chr5","44830881","44831200","63","36120021"
"chr1","8711187","8711484","chr13","1237862","1238178","62","7473325"
"chr1","8724406","8724691","chr10","12090848","12091154","65","3366442"
"chr1","8731344","8731651","chr2B","57396868","57397189","52","48665524"
"chr1","8733703","8734020","chr3_NW_019937269v1_random","873987","874308","57","7859716"
"chr1","8758208","8758512","chr14","15822401","15822723","57","7064193"
"chr1","8760576","8760856","chr1","38113888","38114184","66","29353312"
"chr1","8762233","8762348","chr13","83739289","83739454","77","74977056"
"chr1","8762345","8762474","chr13","83739289","83739454","75","74976944"
"chr1","8822698","8822905","chr3_NW_019937269v1_random","582052","582230","70","8240646"
"chr1","8823735","8824029","chr5","44830881","44831200","60","36007146"
"chr1","8829545","8829835","chr7","138405117","138405435","68","129575572"
"chr1","8851678","8851958","chr12","78077383","78077685","60","69225705"
"chr1","8869677","8869986","chr2B","123656214","123656528","46","114786537"
"chr1","8877042","8877258","chr13","83739289","83739454","83","74862247"
"chr1","8877295","8877592","chrX","98179172","98179484","59","89301877"
"chr1","8877946","8878261","chr5","44830881","44831200","48","35952935"
"chr1","8880511","8880819","chr6","102718168","102718488","57","93837657"
"chr1","8896757","8897049","chrX","98179172","98179484","64","89282415"
"chr1","8921932","8922222","chr19","24272957","24273266","64","15351025"
"chr1","8963762","8964065","chr1","38113888","38114184","70","29150126"
"chr1","8974831","8975128","chrUn_NW_019940644v1","45737","46061","55","8929094"
"chr1","9051444","9051559","chr13","83739289","83739454","84","74687845"
"chr1","9071889","9072192","chr5","44830881","44831200","66","35758992"
"chr1","9075778","9076087","chr1","164257663","164257981","56","155181885"
"chr1","9080052","9080352","chr6","102718168","102718488","56","93638116"
"chr1","9130443","9130737","chr5","44830881","44831200","63","35700438"
"chr1","9143991","9144289","chr5","44830881","44831200","59","35686890"
"chr1","9145259","9145525","chr4","104148429","104148712","65","95003170"
"chr1","9161342","9161635","chr5","44830881","44831200","65","35669539"
"chr1","9171688","9171989","chr7","138405117","138405435","46","129233429"
"chr1","9209608","9209902","chr5","44830881","44831200","61","35621273"
"chr1","9210816","9211112","chr2B","62833125","62833440","62","53622309"
"chr1","9235447","9235729","chr10","12090848","12091154","53","2855401"
"chr1","9252975","9253284","chr8","63808071","63808393","57","54555096"
"chr1","9347701","9347981","chrX","98179172","98179484","64","88831471"
"chr1","9435019","9435323","chr6","102718168","102718488","53","93283149"
"chr1","9528631","9528933","chr2B","62833125","62833440","60","53304494"
"chr1","9535665","9535933","chr1","53251448","53251724","72","43715783"
"chr1","9654950","9655241","chr1","38113888","38114184","53","28458938"
"chr1","9719054","9719315","chr12","78077383","78077685","76","68358329"
"chr1","9719959","9720078","chr13","83739289","83739454","60","74019330"
"chr1","9754338","9754633","chr11","9851527","9851853","63","97189"
"chr1","9768775","9769070","chr13","1237862","1238178","60","8530913"
"chr1","9805373","9805667","chr6","102718168","102718488","62","92912795"
"chr1","9819049","9819337","chrX","98179172","98179484","62","88360123"
"chr1","9825523","9825828","chr5","44830881","44831200","55","35005358"
"chr1","9827257","9827556","chr6","102718168","102718488","62","92890911"
"chr1","9830615","9830919","chr6","102718168","102718488","68","92887553"
"chr1","9833081","9833394","chr6","53027951","53028281","68","43194870"
"chr1","9856833","9857084","chr6","66811050","66811342","83","56954217"
"chr1","9857236","9857536","chr2B","123656214","123656528","52","113798978"
"chr1","9864967","9865258","chr12","78077383","78077685","55","68212416"
"chr1","9897804","9898102","chr5","44830881","44831200","55","34933077"
"chr1","9903399","9903723","chr2B","62833125","62833440","62","52929726"
"chr1","9906394","9906691","chr5","44830881","44831200","64","34924487"
"chr1","9908057","9908362","chr6","102718168","102718488","49","92810111"
"chr1","9923245","9923401","chr3_NW_019937269v1_random","582052","582230","79","9341193"
"chr1","9976781","9977082","chr12","19809519","19809842","55","9832738"
"chr1","10004442","10004770","chr3_NW_019937269v1_random","873987","874308","55","9130455"
"chr1","10018206","10018509","chr5","44830881","44831200","54","34812675"
"chr1","10023666","10023843","chr6","26281507","26281722","65","16257841"
"chr1","10024151","10024310","chr13","83739289","83739454","68","73715138"
"chr1","10048067","10048380","chr2B","57396868","57397189","54","47348801"
"chr1","10064666","10064960","chr5","44830881","44831200","59","34766215"
"chr1","10078380","10078693","chr1","164257663","164257981","52","154179283"
"chr1","10115084","10115386","chr5","44830881","44831200","51","34715797"
"chr1","10131142","10131414","chr1","38113888","38114184","71","27982746"
"chr1","10250162","10250456","chr5","44830881","44831200","62","34580719"
"chr1","10262427","10262736","chr11","67804954","67805280","55","57542527"
"chr1","10265759","10266049","chr5","44830881","44831200","63","34565122"
"chr1","10310311","10310607","chr5","44830881","44831200","52","34520570"
"chr1","10323046","10323352","chr6","102718168","102718488","57","92395122"
"chr1","10334208","10334498","chr10","12090848","12091154","56","1756640"
"chr1","10346349","10346518","chr6","26281507","26281722","68","15935158"
"chr1","10353241","10353548","chr5","44830881","44831200","49","34477640"
"chr1","10383585","10383903","chr20","60096002","60096324","54","49712417"
"chr1","10386481","10386780","chr6","102718168","102718488","57","92331687"
"chr1","10434870","10435172","chr1","164257663","164257981","60","153822793"
"chr1","10440311","10440569","chr1","53251448","53251724","67","42811137"
"chr1","10449400","10449667","chr12","78077383","78077685","74","67627983"
"chr1","10491195","10491504","chr5","44830881","44831200","60","34339686"
"chr1","10498757","10499016","chr1","38113888","38114184","73","27615131"
"chr1","10529288","10529577","chrX","98179172","98179484","67","87649884"
"chr1","10530556","10530836","chr19","24272957","24273266","72","13742401"
"chr1","10546482","10546780","chr2B","123656214","123656528","55","113109732"
"chr1","10547452","10547745","chrX","98179172","98179484","60","87631720"
"chr1","10563110","10563415","chr5","44830881","44831200","48","34267771"
"chr1","10567451","10567735","chr1","38113888","38114184","62","27546437"
"chr1","10574885","10575190","chrUn_NW_019940644v1","45737","46061","55","10529148"
"chr1","10578312","10578621","chr5","44830881","44831200","50","34252569"
"chr1","10579783","10580065","chr12","78077383","78077685","48","67497600"
"chr1","10584435","10584724","chr2B","123656214","123656528","65","113071779"
"chr1","10595410","10595708","chr5","44830881","44831200","59","34235471"
"chr1","10620675","10620949","chr12","78077383","78077685","64","67456708"
"chr1","10662966","10663258","chr5","44830881","44831200","64","34167915"
"chr1","10701052","10701367","chr10","12090848","12091154","54","1389796"
"chr1","10719052","10719355","chr2B","123656214","123656528","58","112937162"
"chr1","10948660","10948968","chr6","102718168","102718488","52","91769508"
"chr1","10986604","10986910","chr1","164257663","164257981","52","153271059"
"chr1","10996274","10996575","chr2B","62833125","62833440","54","51836851"
"chr1","11001653","11001957","chr6","102718168","102718488","62","91716515"
"chr1","11004460","11004603","chr13","83739289","83739454","75","72734829"
"chr1","11015159","11015371","chr13","83739289","83739454","71","72724130"
"chr1","11027806","11028113","chr6","146922138","146922464","54","135894332"
"chr1","11035559","11035868","chrUn_NW_019940644v1","45737","46061","59","10989822"
"chr1","11055556","11055719","chr3_NW_019937269v1_random","582052","582230","76","10473504"
"chr1","11055749","11055905","chr13","83739289","83739454","43","72683540"
"chr1","11057857","11058149","chr5","44830881","44831200","63","33773024"
"chr1","11083403","11083645","chr12","78077383","78077685","83","66993980"
"chr1","11086157","11086454","chr2B","123656214","123656528","63","112570057"
"chr1","11120270","11120589","chr5","44830881","44831200","60","33710611"
"chr1","11121832","11122151","chr5","44830881","44831200","60","33709049"
"chr1","11123201","11123502","chr6","102718168","102718488","62","91594967"
"chr1","11124960","11125254","chr6","102718168","102718488","72","91593208"
"chr1","11131096","11131225","chr13","83739289","83739454","52","72608193"
"chr1","11131531","11131698","chr6","26281507","26281722","75","15149976"
"chr1","11139596","11139905","chr6","102718168","102718488","48","91578572"
"chr1","11151298","11151429","chr13","83739289","83739454","46","72587991"
"chr1","11155430","11155563","chr13","83739289","83739454","49","72583859"
"chr1","11155862","11155989","chr19","15104585","15104743","85","3948723"
"chr1","11156803","11157113","chr2B","123656214","123656528","60","112499411"
"chr1","11164397","11164717","chr3_NW_019937269v1_random","873987","874308","68","10290410"
"chr1","11170606","11170878","chr12","9603784","9604086","63","1566822"
"chr1","11171630","11171920","chr19","24272957","24273266","65","13101327"
"chr1","11176123","11176418","chr7","138405117","138405435","62","127228994"
"chr1","11177165","11177470","chr6","102718168","102718488","55","91541003"
"chr1","11183656","11183961","chr3_NW_019937269v1_random","873987","874308","53","10309669"
"chr1","11204857","11205150","chr7","138405117","138405435","63","127200260"
"chr1","11205655","11205948","chrX","98179172","98179484","67","86973517"
"chr1","11212083","11212382","chr6","102718168","102718488","59","91506085"
"chr1","11245556","11245766","chr3_NW_019937269v1_random","582052","582230","65","10663504"
"chr1","11262051","11262350","chr2B","57396868","57397189","58","46134817"
"chr1","11269619","11269839","chr2B","52951572","52951819","48","41681953"
"chr1","11284781","11285090","chr6","102718168","102718488","44","91433387"
"chr1","11315449","11315602","chr13","83739289","83739454","74","72423840"
"chr1","11317276","11317566","chr1","164257663","164257981","72","152940387"
"chr1","11322687","11322982","chr5","44830881","44831200","62","33508194"
"chr1","11364670","11364970","chr5","44830881","44831200","56","33466211"
"chr1","11408212","11408506","chr19","24272957","24273266","55","12864745"
"chr1","11409548","11409822","chr12","78077383","78077685","63","66667835"
"chr1","11411092","11411402","chrUn_NW_019940644v1","45737","46061","47","11365355"
"chr1","11416187","11416493","chrUn_NW_019940644v1","45737","46061","61","11370450"
"chr1","11422598","11422904","chr12","78077383","78077685","49","66654785"
"chr1","11437488","11437779","chr10","12090848","12091154","57","653360"
"chr1","11449253","11449539","chr12","78077383","78077685","61","66628130"
"chr1","11464456","11464727","chr12","78077383","78077685","60","66612927"
"chr1","11477846","11478155","chr6","102718168","102718488","49","91240322"
"chr1","11482984","11483289","chr5","44830881","44831200","50","33347897"
"chr1","11486081","11486388","chr5","44830881","44831200","55","33344800"
"chr1","11498932","11499232","chr2B","123656214","123656528","63","112157282"
"chr1","11529862","11530155","chr5","44830881","44831200","63","33301019"
"chr1","11577031","11577339","chr1","164257663","164257981","54","152680632"
"chr1","11631573","11631881","chr1","164257663","164257981","48","152626090"
"chr1","11663720","11664008","chr12","78077383","78077685","49","66413663"
"chr1","11670895","11671192","chr13","1237862","1238178","62","10433033"
"chr1","11746292","11746594","chr5","44830881","44831200","57","33084589"
"chr1","11751938","11752237","chr7","138405117","138405435","57","126653179"
"chr1","11752985","11753291","chr6","102718168","102718488","53","90965183"
"chr1","11772896","11772977","chr13","83739289","83739454","94","71966393"
"chr1","11783613","11783842","chr2B","52951572","52951819","63","41167959"
"chr1","11784584","11784617","chr19","15104585","15104743","125","3320001"
"chr1","11784662","11784947","chr12","78077383","78077685","54","66292721"
"chr1","11785251","11785548","chr6","102718168","102718488","55","90932917"
"chr1","11824046","11824359","chr6","102718168","102718488","40","90894122"
"chr1","11861996","11862307","chr6","102718168","102718488","66","90856172"
"chr1","11879525","11879825","chr5","44830881","44831200","59","32951356"
"chr1","11881134","11881442","chr5","44830881","44831200","50","32949747"
"chr1","11882414","11882709","chr2B","62833125","62833440","55","50950711"
"chr1","11907268","11907579","chr1","164257663","164257981","48","152350395"
"chr1","11912737","11913036","chr11","67804954","67805280","60","55892217"
"chr1","11983316","11983606","chr10","12090848","12091154","61","107532"
"chr1","12046790","12047089","chr2B","123656214","123656528","59","111609424"
"chr1","12087190","12087425","chr19","4274712","4274998","81","7812478"
"chr1","12197116","12197424","chr5","44830881","44831200","59","32633765"
"chr1","12214901","12215206","chr2B","123656214","123656528","58","111441313"
"chr1","12243780","12244098","chr5","44830881","44831200","60","32587101"
"chr1","12355333","12355642","chr5","44830881","44831200","49","32475548"
"chr1","12407829","12408139","chr6","102718168","102718488","46","90310339"
"chr1","12410214","12410509","chr5","44830881","44831200","51","32420667"
"chr1","12457124","12457421","chr2B","62833125","62833440","58","50376001"
"chr1","12505799","12506094","chr19","9432716","9433023","61","3073083"
"chr1","12516774","12517062","chr12","78077383","78077685","55","65560609"
"chr1","12554627","12554933","chr6","102718168","102718488","50","90163541"
"chr1","12671314","12671606","chr6","102718168","102718488","56","90046854"
"chr1","12703825","12704127","chr6","102718168","102718488","53","90014343"
"chr1","12807225","12807528","chr1","164257663","164257981","55","151450438"
"chr1","12841509","12841811","chrUn_NW_019940644v1","45737","46061","52","12795772"
"chr1","12856380","12856671","chr22","25327725","25328031","57","12471345"
"chr1","12892898","12893200","chr5","44830881","44831200","55","31937983"
"chr1","12999075","12999373","chr5","44830881","44831200","56","31831806"
"chr1","13048005","13048291","chr1","38113888","38114184","79","25065883"
"chr1","13048292","13048349","chr19","15104585","15104743","109","2056293"
"chr1","13048360","13048485","chr13","83739289","83739454","59","70690929"
"chr1","13357529","13357652","chr13","83739289","83739454","60","70381760"
"chr1","13399230","13399437","chr3_NW_019937269v1_random","582052","582230","65","12817178"
"chr1","13499536","13499850","chr5","44830881","44831200","50","31331345"
"chr1","13499939","13499994","chr19","15104585","15104743","113","1604646"
"chr1","13579356","13579638","chr10","12090848","12091154","63","1488508"
"chr1","13666838","13667166","chrX","95218818","95219154","53","81551980"
"chr1","13801634","13801941","chr6","102718168","102718488","52","88916534"
"chr1","13833086","13833362","chr10","114207109","114207402","59","100374023"
"chr1","13844007","13844178","chr6","26281507","26281722","65","12437500"
"chr1","13908090","13908396","chrUn_NW_019940644v1","45737","46061","52","13862353"
"chr1","13939511","13939803","chrX","98179172","98179484","61","84239661"
"chr1","13975277","13975570","chr6","102718168","102718488","60","88742891"
"chr1","14047762","14048024","chr4","104148429","104148712","62","90100667"
"chr1","14060438","14060717","chr1","38113888","38114184","55","24053450"
"chr1","14060728","14060808","chr13","83739289","83739454","93","69678561"
"chr1","14063596","14063895","chr8","63808071","63808393","58","49744475"
"chr1","14086808","14087122","chr5","44830881","44831200","49","30744073"
"chr1","14090433","14090555","chr13","83739289","83739454","64","69648856"
"chr1","14092682","14092996","chr5","44830881","44831200","51","30738199"
"chr1","14150728","14151037","chrUn_NW_019940644v1","45737","46061","53","14104991"
"chr1","14751824","14751972","chr13","83739289","83739454","82","68987465"
"chr1","14782190","14782489","chr2B","62833125","62833440","59","48050935"
"chr1","14827415","14827713","chr5","44830881","44831200","61","30003466"
"chr1","14893785","14893888","chr19","15104585","15104743","93","210800"
"chr1","15155805","15156100","chr19","24272957","24273266","59","9117152"
"chr1","15356663","15356960","chr5","44830881","44831200","63","29474218"
"chr1","15405775","15405937","chr13","83739289","83739454","55","68333514"
"chr1","15429943","15430246","chr7","138405117","138405435","56","122975174"
"chr1","15433361","15433654","chr2B","123656214","123656528","59","108222853"
"chr1","15471029","15471329","chr2B","57396868","57397189","61","41925839"
"chr1","15490705","15491002","chr2B","8506237","8506558","55","6984468"
"chr1","15508132","15508437","chr5","44830881","44831200","61","29322749"
"chr1","15518623","15518922","chr5","44830881","44831200","59","29312258"
"chr1","15532525","15532828","chr2B","123656214","123656528","54","108123689"
"chr1","15542753","15543049","chr2B","123656214","123656528","63","108113461"
"chr1","15565898","15566204","chr5","44830881","44831200","55","29264983"
"chr1","15600066","15600350","chr2B","123656214","123656528","72","108056148"
"chr1","15641989","15642109","chr13","83739289","83739454","57","68097300"
"chr1","15663316","15663622","chr6","102718168","102718488","51","87054852"
"chr1","15670092","15670393","chr6","102718168","102718488","58","87048076"
"chr1","15673473","15673781","chrUn_NW_019940644v1","45737","46061","47","15627736"
"chr1","15674601","15674907","chr5","44830881","44831200","67","29156280"
"chr1","15713658","15713968","chrUn_NW_019940644v1","45737","46061","49","15667921"
"chr1","15739625","15739937","chr5","44830881","44831200","49","29091256"
"chr1","15787875","15788181","chr5","44830881","44831200","58","29043006"
"chr1","15853015","15853178","chr13","83739289","83739454","81","67886274"
"chr1","15856510","15856831","chrX","18810771","18811096","58","2954261"
"chr1","15979761","15980065","chr6","102718168","102718488","57","86738407"
"chr1","15991867","15992151","chrX","98179172","98179484","59","82187305"
"chr1","16154699","16154995","chr2B","123656214","123656528","63","107501515"
"chr1","16309920","16310240","chr6","146922138","146922464","71","130612218"
"chr1","16433842","16434051","chr19","15104585","15104743","83","1329257"
"chr1","16839107","16839408","chr6","102718168","102718488","65","85879061"
"chr1","16960574","16960684","chr13","83739289","83739454","80","66778715"
"chr1","16988474","16988781","chr1","164257663","164257981","61","147269189"
"chr1","17170677","17170977","chr2B","123656214","123656528","61","106485537"
"chr1","17220550","17220839","chrX","98179172","98179484","60","80958622"
"chr1","17224802","17225097","chrX","98179172","98179484","55","80954370"
"chr1","17227213","17227524","chr6","102718168","102718488","59","85490955"
"chr1","17238655","17238949","chrX","118112106","118112428","67","100873451"
"chr1","17274538","17274895","chr20","60096002","60096324","71","42821464"
"chr1","17284502","17284799","chr2B","62833125","62833440","59","45548623"
"chr1","17312337","17312668","chr7","133383154","133383474","59","116070817"
"chr1","17330931","17331224","chr5","44830881","44831200","56","27499950"
"chr1","17355493","17355772","chr12","9603784","9604086","69","7751709"
"chr1","17364437","17364723","chr5","44830881","44831200","62","27466444"
"chr1","17367220","17367482","chr12","78077383","78077685","79","60710163"
"chr1","17373045","17373350","chr7","138405117","138405435","51","121032072"
"chr1","17373360","17373658","chr8","63808071","63808393","53","46434711"
"chr1","17376518","17376709","chr6","26281507","26281722","80","8904989"
"chr1","17392257","17392562","chr5","44830881","44831200","42","27438624"
"chr1","17409164","17409477","chr1","164257663","164257981","45","146848499"
"chr1","17414321","17414627","chr6","102718168","102718488","50","85303847"
"chr1","17421540","17421848","chr5","44830881","44831200","46","27409341"
"chr1","17422288","17422500","chr3_NW_019937269v1_random","582052","582230","67","16840236"
"chr1","17433247","17433560","chr6","102718168","102718488","49","85284921"
"chr1","17435361","17435613","chr4","104148429","104148712","67","86713068"
"chr1","17448576","17448871","chr5","44830881","44831200","56","27382305"
"chr1","17451014","17451302","chr5","44830881","44831200","62","27379867"
"chr1","17528963","17529258","chr7","138405117","138405435","57","120876154"
"chr1","17541827","17542099","chr1","38113888","38114184","74","20572061"
"chr1","17556429","17556720","chrX","98179172","98179484","58","80622743"
"chr1","17578079","17578368","chrX","98179172","98179484","66","80601093"
"chr1","17591247","17591544","chr6","102718168","102718488","61","85126921"
"chr1","17600777","17601085","chr6","102718168","102718488","54","85117391"
"chr1","17612663","17612681","chr19","15104585","15104743","140","2508078"
"chr1","17612716","17612995","chr10","12090848","12091154","67","5521868"
"chr1","17616678","17616985","chr2B","123656214","123656528","53","106039536"
"chr1","17618773","17619073","chr3_NW_019937269v1_random","873987","874308","55","16744786"
"chr1","17629367","17629646","chr10","12090848","12091154","66","5538519"
"chr1","17630887","17631184","chr19","24272957","24273266","57","6642070"
"chr1","17640794","17640992","chr13","83739289","83739454","68","66098495"
"chr1","17641141","17641445","chr11","2099330","2099651","60","15541811"
"chr1","17652171","17652479","chr1","164257663","164257981","45","146605492"
"chr1","17660575","17660857","chr5","42040833","42041136","60","24380258"
"chr1","17667946","17668257","chr6","102718168","102718488","50","85050222"
"chr1","17679925","17680011","chr13","83739289","83739454","88","66059364"
"chr1","17680406","17680620","chr2B","52951572","52951819","63","35271166"
"chr1","17686809","17687097","chr10","12090848","12091154","58","5595961"
"chr1","17693670","17693955","chr1","164257663","164257981","70","146563993"
"chr1","17702717","17703022","chr5","44830881","44831200","57","27128164"
"chr1","17703472","17703536","chr13","83739289","83739454","108","66035817"
"chr1","17703827","17704016","chr19","15104585","15104743","86","2599242"
"chr1","17710353","17710532","chr6","26281507","26281722","64","8571154"
"chr1","17715359","17715661","chr6","102718168","102718488","52","85002809"
"chr1","17718519","17718799","chr1","38113888","38114184","68","20395369"
"chr1","17734132","17734434","chr5","44830881","44831200","52","27096749"
"chr1","17757218","17757485","chr2B","52951572","52951819","78","35194354"
"chr1","17757546","17757753","chr3_NW_019937269v1_random","582052","582230","75","17175494"
"chr1","17771478","17771761","chr12","78077383","78077685","57","60305905"
"chr1","17772317","17772593","chr12","78077383","78077685","67","60305066"
"chr1","17773813","17774026","chr19","52733782","52734019","91","34959969"
"chr1","17774037","17774263","chr19","15104585","15104743","95","2669452"
"chr1","17782007","17782299","chrX","98179172","98179484","59","80397165"
"chr1","17794206","17794504","chr3_NW_019937269v1_random","873987","874308","58","16920219"
"chr1","17798550","17798849","chrX","98179172","98179484","59","80380622"
"chr1","17833364","17833664","chr5","44830881","44831200","53","26997517"
"chr1","17858169","17858451","chr1","38113888","38114184","72","20255719"
"chr1","17860935","17861230","chr5","44830881","44831200","64","26969946"
"chr1","17884507","17884826","chr20","60096002","60096324","50","42211495"
"chr1","17891225","17891532","chr6","102718168","102718488","44","84826943"
"chr1","17909473","17909769","chr2B","62833125","62833440","61","44923652"
"chr1","17981998","17982310","chr6","102718168","102718488","48","84736170"
"chr1","18015973","18016283","chr6","102718168","102718488","56","84702195"
"chr1","18045892","18046203","chr1","164257663","164257981","43","146211771"
"chr1","18068536","18068831","chr2B","123656214","123656528","60","105587678"
"chr1","18099647","18099930","chr10","114207109","114207402","59","96107462"
"chr1","18114583","18114868","chrX","98179172","98179484","69","80064589"
"chr1","18119051","18119175","chr13","83739289","83739454","69","65620238"
"chr1","18143161","18143455","chrX","98179172","98179484","60","80036011"
"chr1","18153337","18153642","chr5","44830881","44831200","57","26677544"
"chr1","18170262","18170563","chr5","44830881","44831200","50","26660619"
"chr1","18196066","18196375","chr6","102718168","102718488","50","84522102"
"chr1","18225059","18225361","chr12","19809519","19809842","54","1584460"
"chr1","18303942","18304222","chr12","78077383","78077685","74","59773441"
"chr1","18320707","18320884","chr6","26281507","26281722","73","7960800"
"chr1","18371938","18372235","chr2B","62833125","62833440","58","44461187"
"chr1","18378867","18379155","chr12","78077383","78077685","57","59698516"
"chr1","18391321","18391632","chr5","44830881","44831200","45","26439560"
"chr1","18417078","18417377","chr7","138405117","138405435","57","119988039"
"chr1","18442543","18442855","chrUn_NW_019940644v1","45737","46061","42","18396806"
"chr1","18501901","18502199","chr5","44830881","44831200","44","26328980"
"chr1","18509155","18509457","chr6","102718168","102718488","51","84209013"
"chr1","18536510","18536816","chr10","64681102","64681433","53","46144592"
"chr1","18543128","18543416","chr10","12090848","12091154","61","6452280"
"chr1","18570592","18570900","chr2B","123656214","123656528","56","105085622"
"chr1","18578032","18578174","chr13","83739289","83739454","67","65161257"
"chr1","18578425","18578538","chr13","83739289","83739454","72","65160864"
"chr1","18592318","18592581","chr12","78077383","78077685","76","59485065"
"chr1","18617666","18617963","chr6","102718168","102718488","60","84100502"
"chr1","18668054","18668330","chr12","78077383","78077685","75","59409329"
"chr1","18693719","18693982","chr5","143628540","143628817","74","124934821"
"chr1","18703823","18704125","chr13","1237862","1238178","60","17465961"
"chr1","18706361","18706493","chr13","83739289","83739454","58","65032928"
"chr1","18706541","18706552","chr19","15104585","15104743","157","3601956"
"chr1","18706581","18706708","chr13","83739289","83739454","62","65032708"
"chr1","18709197","18709489","chr12","78077383","78077685","66","59368186"
"chr1","18710311","18710611","chr6","102718168","102718488","55","84007857"
"chr1","18714728","18715021","chr6","102718168","102718488","59","84003440"
"chr1","18715493","18715789","chr13","1237862","1238178","59","17477631"
"chr1","18736802","18737092","chr5","44830881","44831200","59","26094079"
"chr1","18742719","18743010","chr10","89380924","89381235","57","70638205"
"chr1","18743582","18743873","chr2B","62833125","62833440","57","44089543"
"chr1","18747899","18748202","chr5","44830881","44831200","54","26082982"
"chr1","18749113","18749414","chr3_NW_019937269v1_random","873987","874308","56","17875126"
"chr1","18760640","18760945","chr5","44830881","44831200","53","26070241"
"chr1","18771480","18771752","chr2B","123656214","123656528","78","104884734"
"chr1","18787035","18787322","chr12","78077383","78077685","56","59290348"
"chr1","18800413","18800700","chr10","12090848","12091154","63","6709565"
"chr1","18806651","18806918","chr10","114207109","114207402","71","95400458"
"chr1","18825090","18825330","chr2B","52951572","52951819","60","34126482"
"chr1","18847749","18848024","chr12","78077383","78077685","70","59229634"
"chr1","18850635","18850807","chr6","26281507","26281722","63","7430872"
"chr1","18895371","18895681","chr8","63808071","63808393","46","44912700"
"chr1","18897755","18898065","chr1","164257663","164257981","50","145359908"
"chr1","18904744","18905047","chr2B","62833125","62833440","58","43928381"
"chr1","18934182","18934484","chr6","102718168","102718488","53","83783986"
"chr1","18974160","18974494","chr3_NW_019937269v1_random","873987","874308","55","18100173"
"chr1","19026426","19026721","chr5","44830881","44831200","58","25804455"
"chr1","19032522","19032791","chr1","38113888","38114184","68","19081366"
"chr1","19045337","19045644","chr5","44830881","44831200","50","25785544"
"chr1","19085965","19086265","chr6","102718168","102718488","53","83632203"
"chr1","19092961","19093246","chrX","98179172","98179484","60","79086211"
"chr1","19147852","19148154","chr6","102718168","102718488","44","83570316"
"chr1","19161542","19161783","chr19","4274712","4274998","84","14886830"
"chr1","19168243","19168471","chr6","26281507","26281722","83","7113264"
"chr1","19192386","19192680","chr2B","123656214","123656528","58","104463828"
"chr1","19207803","19208115","chr5","44830881","44831200","50","25623078"
"chr1","19303295","19303576","chr12","78077383","78077685","70","58774088"
"chr1","19341902","19342209","chr5","44830881","44831200","61","25488979"
"chr1","19377270","19377559","chr10","89380924","89381235","55","70003654"
"chr1","19429905","19430203","chr2B","123656214","123656528","57","104226309"
"chr1","19463734","19463971","chr2B","52951572","52951819","68","33487838"
"chr1","19470000","19470296","chr2B","62833125","62833440","62","43363125"
"chr1","19513542","19513876","chrUn_NW_019940644v1","45737","46061","74","19467805"
"chr1","19580480","19580789","chr8","63808071","63808393","59","44227591"
"chr1","19705659","19705959","chr2B","123656214","123656528","59","103950555"
"chr1","19730627","19730924","chr2B","123656214","123656528","71","103925587"
"chr1","19970052","19970358","chr1","164257663","164257981","53","144287611"
"chr1","20155815","20156119","chrUn_NW_019940644v1","45737","46061","55","20110078"
"chr1","20270051","20270346","chr12","78077383","78077685","58","57807332"
"chr1","20279222","20279507","chr10","12090848","12091154","62","8188374"
"chr1","20292787","20293080","chrX","98179172","98179484","57","77886385"
"chr1","20525576","20525875","chr6","102718168","102718488","59","82192592"
