"chr1","18743119","18743400","KN297274v1","1573694","1573968","37","17169425"
"chr1","69939","70237","KN295744v1","235007","235306","32","165068"
"chr1","264306","264607","KN294831v1","170612","170877","79","93694"
"chr1","321912","322172","KN294873v1","100974","101250","79","220938"
"chr1","450047","450348","KN294182v1","452635","452936","8","2588"
"chr1","529195","529503","KN294964v1","864674","864972","41","335479"
"chr1","610233","610529","KN296507v1","600509","600805","33","9724"
"chr1","667924","668243","KN294182v1","234924","235234","23","433000"
"chr1","1305084","1305388","KN296430v1","664550","664853","33","640534"
"chr1","1332377","1332648","KN294598v1","161755","162026","12","1170622"
"chr1","1382451","1382735","KN295257v1","348260","348541","34","1034191"
"chr1","1439265","1439466","KN295045v1","1182493","1182695","35","256772"
"chr1","1520714","1520999","KN296311v1","2208406","2208687","49","687692"
"chr1","1538664","1538961","KN297452v1","1979430","1979725","25","440766"
"chr1","1622206","1622486","KN294172v1","4114073","4114355","38","2491867"
"chr1","1952864","1953167","KN295744v1","235007","235306","28","1717857"
"chr1","1989062","1989254","KN296119v1","3355213","3355396","53","1366151"
"chr1","2424800","2425096","KN295744v1","235007","235306","36","2189793"
"chr1","2691081","2691379","KN295923v1","1430363","1430659","29","1260718"
"chr1","3007760","3008043","KN297227v1","240655","240937","35","2767105"
"chr1","3163254","3163528","KN295257v1","348260","348541","38","2814994"
"chr1","3186219","3186529","KN294592v1","922102","922412","33","2264117"
"chr1","3275426","3275729","KN295633v1","307851","308157","34","2967575"
"chr1","3357495","3357627","KN294613v1","59320","59453","21","3298175"
"chr1","3357665","3357837","KN294980v1","230782","230955","30","3126883"
"chr1","3524748","3525043","KN295236v1","390148","390438","39","3134600"
"chr1","3552004","3552308","KN294372v1","1311490","1311797","42","2240514"
"chr1","3668338","3668512","KN296263v1","1162606","1162775","25","2505732"
"chr1","3668815","3668932","KN297452v1","2084965","2085087","24","1583850"
"chr1","4123494","4123714","KN297112v1","2436873","2437092","52","1686621"
"chr1","4173478","4173774","KN294372v1","2157968","2158279","50","2015510"
"chr1","4212990","4213291","KN295034v1","604953","605250","35","3608037"
"chr1","4220476","4220859","KN297095v1","2165342","2165645","108","2055134"
"chr1","4638022","4638211","KN295045v1","1182493","1182695","41","3455529"
"chr1","4847292","4847470","KN295967v1","467933","468109","33","4379359"
"chr1","5034813","5035105","KN296847v1","1869581","1869871","40","3165232"
"chr1","5219337","5219617","KN294592v1","567946","568227","34","4651391"
"chr1","5443551","5443848","KN296138v1","347026","347321","42","5096525"
"chr1","5467793","5468064","KN296009v1","1376950","1377229","34","4090843"
"chr1","5520887","5521187","KN294998v1","56305","56588","47","5464582"
"chr1","5529691","5529967","KN296036v1","1853371","1853650","43","3676320"
"chr1","5554759","5554958","KN294404v1","154424","154626","28","5400335"
"chr1","5585664","5585973","KN295090v1","39156","39463","40","5546508"
"chr1","5647150","5647440","KN295366v1","153538","153829","33","5493612"
"chr1","5674883","5675188","KN294187v1","1070521","1070824","34","4604362"
"chr1","5696861","5697171","KN296609v1","2279316","2279621","40","3417545"
"chr1","5731715","5731968","KN296138v1","307856","308112","33","5423859"
"chr1","6069188","6069198","KN294443v1","170714","170724","4","5898474"
"chr1","6069504","6069671","KN296370v1","62055","62226","28","6007449"
"chr1","6161781","6162081","KN296062v1","206482","206782","31","5955299"
"chr1","6180909","6181210","KN296062v1","226881","227191","25","5954028"
"chr1","6281526","6281833","KN296062v1","330309","330612","27","5951217"
"chr1","6324922","6325222","KN295923v1","1430363","1430659","36","4894559"
"chr1","6345127","6345436","KN296062v1","405983","406292","16","5939144"
"chr1","6349317","6349616","KN295893v1","7601359","7601657","33","1252042"
"chr1","6401986","6402281","KN296062v1","454018","454312","9","5947968"
"chr1","6666105","6666411","KN296062v1","704848","705157","13","5961257"
"chr1","6725164","6725488","KN296732v1","3129981","3130299","48","3595183"
"chr1","6751674","6751968","KN295319v1","23766","24059","35","6727908"
"chr1","6869738","6870033","KN294172v1","1757733","1758040","45","5112005"
"chr1","7066741","7066909","KN296153v1","2118691","2118861","31","4948050"
"chr1","7168897","7169150","KN296062v1","1220422","1220675","12","5948475"
"chr1","7271864","7272217","KN296161v1","986044","986404","64","6285820"
"chr1","7305012","7305248","KN296062v1","1353746","1353981","19","5951266"
"chr1","7326092","7326349","KN296062v1","1373798","1374059","19","5952294"
"chr1","7659394","7659676","KN296062v1","1709075","1709367","23","5950319"
"chr1","7694590","7694847","KN296062v1","1733105","1733361","15","5961485"
"chr1","7777191","7777487","KN296062v1","1812883","1813182","23","5964308"
"chr1","7779249","7779562","KN295371v1","619650","619955","35","7159599"
"chr1","7850842","7851135","KN296847v1","1869581","1869871","40","5981261"
"chr1","7887593","7887902","KN296761v1","97995","98298","32","7789598"
"chr1","7919898","7920198","KN295984v1","1558460","1558761","53","6361438"
"chr1","8053092","8053398","KN296062v1","2095293","2095601","16","5957799"
"chr1","8125492","8125668","KN296959v1","1152394","1152569","25","6973098"
"chr1","8162340","8162519","KN294596v1","141115","141287","42","8021225"
"chr1","8314790","8314930","KN297274v1","221382","221516","17","8093408"
"chr1","8315220","8315469","KN295065v1","51478","51697","76","8263742"
"chr1","8461257","8461435","KN296959v1","1152394","1152569","28","7308863"
"chr1","8461750","8461885","KN296062v1","2505119","2505254","6","5956631"
"chr1","8554225","8554515","KN295236v1","1688322","1688613","47","6865903"
"chr1","8570999","8571296","KN296062v1","2620590","2620895","17","5950409"
"chr1","8653727","8654033","KN294292v1","71877","72183","37","8581850"
"chr1","8673161","8673312","KN296394v1","93722","93880","41","8579439"
"chr1","8673619","8673764","KN294705v1","1355869","1356009","24","7317750"
"chr1","8746021","8746315","KN295605v1","62549","62847","32","8683472"
"chr1","8757988","8758195","KN297032v1","308157","308361","42","8449831"
"chr1","8771602","8771907","KN295854v1","1504180","1504481","35","7267422"
"chr1","8831727","8832020","KN295605v1","157533","157830","30","8674194"
"chr1","8864372","8864681","KN295605v1","188985","189297","26","8675387"
"chr1","8911169","8911435","KN295605v1","234630","234878","30","8676539"
"chr1","8916916","8917250","KN297274v1","1412869","1413197","42","7504047"
"chr1","8923528","8923823","KN295605v1","247578","247875","30","8675950"
"chr1","8990152","8990447","KN294172v1","6958377","6958670","39","2031775"
"chr1","9061629","9061803","KN295202v1","2028222","2028396","30","7033407"
"chr1","9161648","9161819","KN294980v1","230782","230955","35","8930866"
"chr1","9351605","9351902","KN295605v1","651043","651340","18","8700562"
"chr1","9445094","9445373","KN294987v1","598695","598975","35","8846399"
"chr1","9570596","9570883","KN294456v1","1501570","1501872","32","8069026"
"chr1","9671600","9671878","KN294456v1","1400896","1401175","19","8270704"
"chr1","9697327","9697654","KN296308v1","1114620","1114929","54","8582707"
"chr1","9728385","9728681","KN296378v1","801237","801534","35","8927148"
"chr1","9882296","9882609","KN296594v1","162025","162336","45","9720271"
"chr1","9951581","9951898","KN294456v1","1114476","1114782","31","8837105"
"chr1","9955749","9956056","KN294456v1","1110341","1110648","21","8845408"
"chr1","10075249","10075558","KN294456v1","993438","993743","20","9081811"
"chr1","10084385","10084578","KN297032v1","308157","308361","41","9776228"
"chr1","10362104","10362400","KN294456v1","704238","704535","15","9657866"
"chr1","10421438","10421747","KN295195v1","136642","136954","41","10284796"
"chr1","10433565","10433731","KN296153v1","2696247","2696418","29","7737318"
"chr1","10442772","10443059","KN294456v1","621460","621751","16","9821312"
"chr1","10548164","10548466","KN294456v1","513291","513590","18","10034873"
"chr1","10579015","10579171","KN294451v1","850657","850819","34","9728358"
"chr1","10588144","10588457","KN296426v1","184408","184721","49","10403736"
"chr1","10625486","10625814","KN294456v1","429057","429361","40","10196429"
"chr1","10631841","10632107","KN294456v1","436397","436663","13","10195444"
"chr1","10633379","10633675","KN294456v1","434832","435126","14","10198547"
"chr1","10716303","10716621","KN294456v1","348346","348646","40","10367957"
"chr1","10788516","10788813","KN294456v1","275624","275910","31","10512892"
"chr1","10855567","10855881","KN294385v1","767967","768276","40","10087600"
"chr1","10987950","10988228","KN294456v1","63433","63720","24","10924517"
"chr1","11055115","11055407","KN294456v1","7708","7985","46","11047407"
"chr1","11084020","11084293","KN297227v1","240655","240937","38","10843365"
"chr1","11111793","11112045","KN295459v1","1601980","1602229","41","9509813"
"chr1","11124945","11124959","KN296296v1","164966","164979","5","10959979"
"chr1","11125255","11125330","KN295550v1","498465","498533","23","10626790"
"chr1","11151698","11151987","KN295692v1","1615973","1616263","40","9535725"
"chr1","11152225","11152408","KN296119v1","3355213","3355396","42","7797012"
"chr1","11174359","11174654","KN294147v1","569874","570165","40","10604485"
"chr1","11225713","11226008","KN296481v1","326170","326465","37","10899543"
"chr1","11254116","11254415","KN294407v1","804694","804981","45","10449422"
"chr1","11262771","11263049","KN294506v1","235047","235332","41","11027724"
"chr1","11312981","11313158","KN296922v1","308569","308730","51","11004412"
"chr1","11332416","11332584","KN295090v1","1465525","1465689","27","9866891"
"chr1","11337274","11337582","KN295117v1","316571","316882","57","11020703"
"chr1","11410266","11410573","KN294372v1","1311490","1311797","32","10098776"
"chr1","11426714","11426857","KN296802v1","753722","753872","33","10672992"
"chr1","11429055","11429374","KN294218v1","2054777","2055092","46","9374278"
"chr1","11435549","11435834","KN294571v1","939030","939314","50","10496519"
"chr1","11516366","11516674","KN294385v1","767967","768276","40","10748399"
"chr1","11770617","11770906","KN296520v1","263780","264070","46","11506837"
"chr1","11795865","11796155","KN295984v1","3157265","3157559","33","8638600"
"chr1","11806384","11806562","KN296959v1","1152394","1152569","27","10653990"
"chr1","11872461","11872748","KN296635v1","2847198","2847491","42","9025263"
"chr1","11948904","11949218","KN294416v1","320290","320595","34","11628614"
"chr1","11957162","11957461","KN296486v1","296288","296594","45","11660874"
"chr1","12056075","12056377","KN297452v1","3189237","3189540","36","8866838"
"chr1","12202247","12202531","KN294257v1","1476443","1476735","40","10725804"
"chr1","12203798","12204110","KN294506v1","54625","54925","47","12149173"
"chr1","12207306","12207607","KN296732v1","162975","163269","41","12044331"
"chr1","12223312","12223618","KN297242v1","1009728","1010033","28","11213584"
"chr1","12254491","12254803","KN295096v1","1625375","1625686","37","10629116"
"chr1","12370616","12370918","KN294540v1","651367","651664","35","11719249"
"chr1","12405351","12405579","KN296864v1","2640511","2640744","35","9764840"
"chr1","12450147","12450330","KN296153v1","4115255","4115438","25","8334892"
"chr1","12450419","12450602","KN296864v1","1527902","1528096","20","10922517"
"chr1","12467694","12467988","KN296495v1","2925731","2926025","29","9541963"
"chr1","12478852","12479131","KN295883v1","364520","364802","31","12114332"
"chr1","12524659","12524964","KN294813v1","87773","88073","41","12436886"
"chr1","12571526","12571818","KN297245v1","1400749","1401038","35","11170777"
"chr1","12587415","12587587","KN297159v1","1972589","1972756","28","10614826"
"chr1","12682676","12682980","KN297327v1","370800","371110","45","12311876"
"chr1","12719102","12719280","KN296296v1","24619","24786","37","12694483"
"chr1","12757981","12758274","KN295586v1","5261625","5261919","37","7496356"
"chr1","12870464","12870767","KN295294v1","2747448","2747758","41","10123016"
"chr1","12979973","12980278","KN294416v1","303238","303546","39","12676735"
"chr1","13101889","13102198","KN295371v1","619650","619955","37","12482239"
"chr1","13270187","13270485","KN294842v1","297954","298253","41","12972233"
"chr1","13326699","13326994","KN295996v1","883771","884067","34","12442928"
"chr1","13688386","13688708","KN294499v1","2542984","2543291","55","11145402"
"chr1","13994316","13994589","KN294456v1","811644","811916","49","13182672"
"chr1","14000805","14000979","KN296959v1","1152394","1152569","36","12848411"
"chr1","14234388","14234686","KN294446v1","290641","290939","40","13943747"
"chr1","14243110","14243370","KN297390v1","340102","340364","47","13903008"
"chr1","14307567","14307863","KN296825v1","2274464","2274753","47","12033103"
"chr1","14790770","14791067","KN296495v1","2925731","2926025","40","11865039"
"chr1","14832583","14832893","KN296000v1","1247118","1247423","44","13585465"
"chr1","15034997","15035282","KN296495v1","2925731","2926025","36","12109266"
"chr1","15164029","15164304","KN296386v1","15049","15312","37","15148980"
"chr1","15417819","15418107","KN295729v1","1381050","1381336","35","14036769"
"chr1","15429450","15429740","KN295236v1","1688322","1688613","37","13741128"
"chr1","15441704","15442004","KN296380v1","7066","7372","37","15434638"
"chr1","15454736","15455048","KN296732v1","2869148","2869460","32","12585588"
"chr1","15510457","15510750","KN296296v1","66249","66543","33","15444208"
"chr1","15522262","15522566","KN294161v1","418646","418945","39","15103616"
"chr1","15723402","15723585","KN296153v1","2118691","2118861","43","13604711"
"chr1","15837041","15837161","KN295171v1","774709","774836","25","15062332"
"chr1","15837441","15837456","KN295152v1","573368","573383","6","15264073"
"chr1","16104742","16105040","KN296296v1","66249","66543","33","16038493"
"chr1","16125975","16126270","KN296075v1","590735","591029","34","15535240"
"chr1","16195815","16195925","KN297157v1","346096","346184","50","15849719"
"chr1","16196227","16196376","KN294596v1","140952","141079","62","16055275"
"chr1","16773252","16773556","KN295294v1","244045","244353","46","16529207"
"chr1","16822339","16822526","KN296119v1","3355213","3355396","38","13467126"
"chr1","17020027","17020285","KN297179v1","45850","46134","34","16974177"
"chr1","17167000","17167302","KN296732v1","3783205","3783498","22","13383795"
"chr1","17443915","17444172","KN296542v1","114309","114574","43","17329606"
"chr1","17450699","17451006","KN294790v1","71150","71455","35","17379549"
"chr1","17465764","17465949","KN296732v1","3493083","3493268","6","13972681"
"chr1","17496876","17497100","KN295667v1","1125641","1125852","58","16371235"
"chr1","17513661","17513831","KN295349v1","47758","47931","29","17465903"
"chr1","17524713","17525011","KN294439v1","265245","265540","40","17259468"
"chr1","17532448","17532748","KN296732v1","3424421","3424715","21","14108027"
"chr1","17563100","17563412","KN296732v1","3393713","3394029","17","14169387"
"chr1","17569991","17570298","KN294592v1","1387856","1388155","44","16182135"
"chr1","17581580","17581855","KN296732v1","3373790","3374065","11","14207790"
"chr1","17619388","17619675","KN296732v1","3338434","3338720","15","14280954"
"chr1","17632489","17632800","KN294181v1","1011769","1012076","45","16620720"
"chr1","17650313","17650585","KN294561v1","776265","776538","41","16874048"
"chr1","17670337","17670638","KN296732v1","3283990","3284288","20","14386347"
"chr1","17672495","17672649","KN296743v1","1789514","1789673","40","15882981"
"chr1","17687316","17687634","KN295102v1","249012","249316","53","17438304"
"chr1","17760562","17760871","KN296732v1","3189730","3190017","31","14570832"
"chr1","17781655","17781941","KN296732v1","3166648","3166935","17","14615007"
"chr1","17786429","17786723","KN296732v1","3161579","3161873","11","14624850"
"chr1","17789315","17789603","KN296732v1","3141913","3142212","25","14647402"
"chr1","17811208","17811520","KN296732v1","3134128","3134421","32","14677080"
"chr1","17815222","17815525","KN296732v1","3129981","3130299","33","14685241"
"chr1","17876533","17876765","KN296955v1","275294","275525","31","17601239"
"chr1","17945236","17945545","KN296732v1","2990453","2990758","25","14954783"
"chr1","17945956","17946279","KN295907v1","1200915","1201232","35","16745041"
"chr1","18008025","18008146","KN294713v1","813704","813834","27","17194321"
"chr1","18008407","18008582","KN295891v1","15512","15692","29","17992895"
"chr1","18073159","18073458","KN296732v1","2853256","2853560","20","15219903"
"chr1","18106546","18106846","KN296907v1","877287","877589","33","17229259"
"chr1","18108421","18108711","KN296732v1","1231910","1232199","31","16876511"
"chr1","18132120","18132416","KN296732v1","2792402","2792689","22","15339718"
"chr1","18223185","18223447","KN296732v1","2697585","2697873","36","15525600"
"chr1","18233080","18233366","KN296732v1","2683870","2684156","12","15549210"
"chr1","18415669","18415837","KN294790v1","2350797","2350969","29","16064872"
"chr1","18451943","18452240","KN295962v1","2488019","2488313","39","15963924"
"chr1","18482729","18483021","KN296732v1","2455154","2455444","12","16027575"
"chr1","18488560","18488869","KN296732v1","2449608","2449911","21","16038952"
"chr1","18510811","18511125","KN294991v1","1825632","1825927","54","16685179"
"chr1","18579057","18579328","KN297154v1","164484","164756","33","18414573"
"chr1","18595493","18595633","KN295667v1","2080488","2080645","34","16515005"
"chr1","18688879","18689051","KN295408v1","16726","16898","36","18672153"
"chr1","18719751","18720061","KN294446v1","334147","334458","39","18385604"
"chr1","18771302","18771479","KN296959v1","1152394","1152569","31","17618908"
"chr1","18836712","18837021","KN295090v1","2429880","2430187","39","16406832"
"chr1","18862578","18862739","KN295236v1","4879636","4879796","26","13982942"
"chr1","19005955","19006246","KN294571v1","2837988","2838277","39","16167967"
"chr1","19131212","19131511","KN296732v1","1798740","1799034","13","17332472"
"chr1","19131700","19131995","KN296732v1","1798256","1798551","14","17333444"
"chr1","19351027","19351203","KN295891v1","15512","15692","32","19335515"
"chr1","19351229","19351343","KN296263v1","1162811","1162928","22","18188418"
"chr1","19395116","19395411","KN296732v1","1536274","1536541","37","17858842"
"chr1","19429475","19429776","KN296732v1","1502433","1502736","18","17927042"
"chr1","19704436","19704732","KN296732v1","1231910","1232199","23","18472526"
"chr1","19741911","19742099","KN295236v1","4199870","4200015","63","15542041"
"chr1","20335345","20335652","KN296732v1","606610","606903","32","19728735"
"chr1","20369844","20370007","KN295814v1","1118418","1118576","25","19251426"
"chr1","20495152","20495435","KN294262v1","2290484","2290766","39","18204668"
"chr1","20495489","20495499","KN294488v1","377499","377511","3","20117990"
"chr1","20561115","20561187","KN295550v1","498465","498533","22","20062650"
"chr1","20799549","20799830","KN296732v1","162975","163269","24","20636574"
"chr1","20799919","20800103","KN297154v1","1650419","1650607","29","19149500"
"chr1","21045506","21045783","KN295828v1","1095001","1095277","38","19950505"
"chr1","21045854","21045883","KN295651v1","344716","344740","14","20701138"
"chr1","21417877","21418125","KN295350v1","1065881","1066126","32","20351996"
"chr1","21426399","21426695","KN296093v1","185428","185734","42","21240971"
"chr1","21443062","21443373","KN294526v1","575886","576198","51","20867176"
"chr1","21573594","21573910","KN296714v1","13919","14225","43","21559675"
"chr1","21662343","21662637","KN294991v1","1558581","1558873","40","20103762"
"chr1","21716491","21716813","KN294747v1","866490","866789","51","20850001"
"chr1","21725449","21725607","KN295079v1","1032023","1032177","41","20693426"
"chr1","21781749","21781896","KN297028v1","4571","4723","18","21777178"
"chr1","21781907","21782005","KN295038v1","684331","684427","22","21097576"
"chr1","21782006","21782253","KN294218v1","2112945","2113194","40","19669061"
"chr1","22128241","22128549","KN295825v1","901000","901301","62","21227241"
"chr1","22207666","22207960","KN295722v1","2280617","2280916","35","19927049"
"chr1","23020629","23020942","KN294172v1","6407720","6408021","38","16612909"
"chr1","23058766","23059076","KN295091v1","924044","924353","39","22134722"
"chr1","23369981","23370280","KN295217v1","57879","58169","23","23312102"
"chr1","23580969","23581139","KN297133v1","358724","358886","31","23222245"
"chr1","23581212","23581447","KN296062v1","1353746","1353981","42","22227466"
"chr1","24025397","24025675","KN295257v1","348260","348541","33","23677137"
"chr1","24161829","24162084","KN295217v1","844429","844696","31","23317400"
"chr1","24217606","24217917","KN295217v1","900520","900851","35","23317086"
"chr1","24427278","24427593","KN295217v1","1102796","1103106","22","23324482"
"chr1","24780366","24780483","KN297157v1","346096","346184","42","24434270"
"chr1","24780539","24780700","KN295236v1","4199870","4200015","38","20580669"
"chr1","24780744","24780975","KN295217v1","1454997","1455229","9","23325747"
"chr1","24793227","24793522","KN295217v1","1465189","1465500","29","23328038"
"chr1","24886119","24886405","KN295217v1","1551752","1552041","23","23334367"
"chr1","24958473","24958757","KN296934v1","452607","452901","43","24505866"
"chr1","24977584","24977672","KN295038v1","684331","684427","23","24293253"
"chr1","24977687","24977880","KN295523v1","2203731","2203924","30","22773956"
"chr1","24988694","24988997","KN294499v1","2542984","2543291","40","22445710"
"chr1","25014479","25014782","KN296271v1","121078","121345","70","24893401"
"chr1","25385516","25385802","KN294790v1","3806584","3806878","43","21578932"
"chr1","25605601","25605942","KN296682v1","3625604","3625941","65","21979997"
"chr1","25662525","25662818","KN296225v1","446403","446698","46","25216122"
"chr1","25690286","25690595","KN296119v1","3556005","3556313","38","22134281"
"chr1","25728876","25729170","KN294964v1","471052","471350","38","25257824"
"chr1","25830667","25830833","KN296726v1","930925","931090","22","24899742"
"chr1","25888379","25888675","KN294365v1","1349851","1350149","51","24538528"
"chr1","25917508","25917815","KN294385v1","291689","291997","35","25625819"
"chr1","25964746","25965031","KN294213v1","437268","437550","39","25527478"
"chr1","25973214","25973462","KN294269v1","1170294","1170536","49","24802920"
"chr1","25977167","25977327","KN294181v1","939094","939251","27","25038073"
"chr1","26143580","26143887","KN295257v1","1349615","1349923","35","24793965"
"chr1","26463445","26463742","KN297320v1","339616","339913","36","26123829"
"chr1","26858479","26858727","KN294561v1","1532954","1533202","38","25325525"
"chr1","27018957","27019253","KN295548v1","694833","695128","44","26324124"
"chr1","27046673","27046978","KN294147v1","1614845","1615150","69","25431828"
"chr1","27124437","27124639","KN296062v1","2504602","2504805","57","24619835"
"chr1","27326681","27326888","KN296547v1","612654","612858","35","26714027"
"chr1","27544830","27545119","KN295075v1","252071","252359","39","27292759"
"chr1","27751750","27752030","KN294592v1","567946","568227","39","27183804"
"chr1","27783697","27783995","KN294540v1","651367","651664","44","27132330"
"chr1","28082280","28082581","KN294964v1","864674","864972","30","27217606"
"chr1","28717108","28717271","KN296922v1","308569","308730","30","28408539"
"chr1","28861166","28861458","KN295366v1","153538","153829","39","28707628"
"chr1","29015441","29015727","KN295366v1","153538","153829","35","28861903"
"chr1","29185846","29186154","KN294705v1","1109306","1109614","43","28076540"
"chr1","29228367","29228659","KN296255v1","602818","603100","57","28625549"
"chr1","29271535","29271833","KN296079v1","3084734","3085029","36","26186801"
"chr1","29310279","29310579","KN296153v1","2179938","2180238","35","27130341"
"chr1","29334737","29335033","KN296487v1","194550","194834","48","29140187"
"chr1","29336560","29336858","KN294571v1","1349003","1349300","40","27987557"
"chr1","29342120","29342335","KN294493v1","1284341","1284555","30","28057779"
"chr1","29342346","29342633","KN294187v1","1767651","1767950","42","27574695"
"chr1","29392094","29392238","KN295294v1","769026","769186","34","28623068"
"chr1","29910796","29911099","KN294856v1","110609","110913","47","29800187"
"chr1","30012551","30012610","KN295550v1","498465","498533","19","29514086"
"chr1","30012623","30012825","KN294443v1","649310","649513","28","29363313"
"chr1","30496059","30496386","KN296036v1","1696646","1696968","42","28799413"
"chr1","31029691","31029995","KN296308v1","1267307","1267615","36","29762384"
"chr1","31037288","31037490","KN295045v1","1182493","1182695","44","29854795"
"chr1","31221006","31221300","KN297259v1","384000","384292","33","30837006"
"chr1","31630902","31631201","KN295345v1","868768","869065","35","30762134"
"chr1","31644232","31644515","KN295257v1","348260","348541","39","31295972"
"chr1","31980814","31981103","KN295610v1","214584","214872","53","31766230"
"chr1","32025543","32025834","KN295171v1","1412453","1412742","35","30613090"
"chr1","32026508","32026801","KN294326v1","477409","477702","39","31549099"
"chr1","32575239","32575547","KN294399v1","296926","297229","45","32278313"
"chr1","32601478","32601805","KN296609v1","2279316","2279621","61","30322162"
"chr1","32613791","32614093","KN294922v1","720408","720710","37","31893383"
"chr1","32629091","32629387","KN296761v1","97995","98298","51","32531096"
"chr1","32634053","32634339","KN296386v1","236314","236606","34","32397739"
"chr1","32681061","32681265","KN294345v1","2206480","2206684","53","30474581"
"chr1","32681312","32681443","KN296174v1","30862","30995","15","32650450"
"chr1","32716142","32716432","KN296311v1","3521375","3521662","34","29194767"
"chr1","32717378","32717689","KN296551v1","245135","245441","37","32472243"
"chr1","32725791","32726100","KN294292v1","71877","72183","37","32653914"
"chr1","32764761","32765069","KN294850v1","121634","121934","43","32643127"
"chr1","32780729","32781040","KN294416v1","303238","303546","45","32477491"
"chr1","32820299","32820592","KN294970v1","974452","974753","49","31845847"
"chr1","32864390","32864540","KN295236v1","4879636","4879796","40","27984754"
"chr1","32868648","32868963","KN294224v1","865067","865377","44","32003581"
"chr1","33013646","33013946","KN296864v1","1098087","1098388","36","31915559"
"chr1","33142804","33143101","KN295350v1","668962","669262","39","32473842"
"chr1","33367010","33367259","KN295118v1","143380","143629","31","33223630"
"chr1","33508403","33508706","KN295746v1","236127","236417","44","33272276"
"chr1","33862611","33862963","KN296528v1","1592920","1593236","78","32269691"
"chr1","34384888","34385195","KN296079v1","3084734","3085029","44","31300154"
"chr1","34398549","34398816","KN294539v1","1591360","1591636","41","32807189"
"chr1","34833186","34833443","KN296242v1","694470","694734","41","34138716"
"chr1","34837624","34837920","KN296075v1","590735","591029","31","34246889"
"chr1","34970019","34970307","KN295956v1","106180","106474","20","34863839"
"chr1","35613611","35613777","KN296486v1","1714803","1714969","29","33898808"
"chr1","35745142","35745410","KN296646v1","342044","342305","35","35403098"
"chr1","35904466","35904776","KN296775v1","1052668","1052977","45","34851798"
"chr1","36351098","36351427","KN295027v1","275934","276270","53","36075164"
"chr1","36518789","36519008","KN294902v1","8943","9164","41","36509846"
"chr1","36545007","36545128","KN294596v1","140952","141079","11","36404055"
"chr1","36545154","36545328","KN294596v1","141115","141287","13","36404039"
"chr1","37506184","37506474","KN297225v1","756837","757135","17","36749347"
"chr1","37609526","37609844","KN297225v1","652641","652957","19","36956885"
"chr1","38209328","38209649","KN297225v1","39659","39966","38","38169669"
"chr1","38786103","38786415","KN294716v1","24726","25033","57","38761377"
"chr1","38882639","38882951","KN295871v1","339925","340230","41","38542714"
"chr1","39186493","39186664","KN296153v1","2696247","2696418","35","36490246"
"chr1","39775983","39776294","KN295586v1","5713036","5713339","44","34062947"
"chr1","39836041","39836337","KN294592v1","51794","52092","37","39784247"
"chr1","39938703","39938943","KN296287v1","31967","32203","67","39906736"
"chr1","39996143","39996335","KN295236v1","1988866","1989056","32","38007277"
"chr1","40182222","40182527","KN295361v1","904675","904968","46","39277547"
"chr1","40305240","40305525","KN295533v1","208147","208438","54","40097093"
"chr1","40598542","40598848","KN295220v1","166443","166753","47","40432099"
"chr1","40861202","40861376","KN294980v1","230782","230955","30","40630420"
"chr1","41119305","41119539","KN296992v1","77340","77572","34","41041965"
"chr1","41136912","41137216","KN295923v1","1430363","1430659","36","39706549"
"chr1","41664898","41665192","KN296635v1","1808458","1808757","28","39856440"
"chr1","42405756","42406026","KN295236v1","2638776","2639055","46","39766980"
"chr1","42753574","42753870","KN294446v1","290641","290939","35","42462933"
"chr1","43333226","43333534","KN294454v1","202705","203013","45","43130521"
"chr1","43333590","43333600","KN297008v1","5363769","5363781","2","37969821"
"chr1","43497608","43497919","KN296093v1","185428","185734","36","43312180"
"chr1","43831467","43831750","KN295746v1","236127","236417","40","43595340"
"chr1","43905150","43905461","KN295005v1","412564","412875","14","43492586"
"chr1","44387906","44388214","KN294619v1","1596339","1596639","25","42791567"
"chr1","44407572","44407869","KN294619v1","1576380","1576667","34","42831192"
"chr1","44466492","44466794","KN294619v1","1509620","1509922","21","42956872"
"chr1","44615245","44615450","KN294619v1","1365326","1365530","8","43249919"
"chr1","44617558","44617854","KN294619v1","1362925","1363220","22","43254633"
"chr1","44676911","44677192","KN294619v1","1303155","1303451","32","43373756"
"chr1","44682335","44682644","KN294520v1","1300419","1300723","42","43381916"
"chr1","44818998","44819307","KN294619v1","1160556","1160844","38","43658442"
"chr1","45027044","45027253","KN294946v1","74320","74515","43","44952724"
"chr1","45073259","45073529","KN295090v1","1320474","1320754","67","43752785"
"chr1","45089193","45089480","KN294619v1","884363","884650","15","44204830"
"chr1","45394682","45394989","KN294619v1","574808","575116","10","44819874"
"chr1","45731453","45731743","KN294619v1","236638","236931","12","45494815"
"chr1","45847982","45848292","KN294619v1","118378","118666","30","45729604"
"chr1","45871030","45871327","KN294995v1","74685","74986","45","45796345"
"chr1","46234942","46235243","KN296528v1","1592920","1593236","33","44642022"
"chr1","46301802","46302130","KN296528v1","1525498","1525828","22","44776304"
"chr1","46345831","46346130","KN296528v1","1480268","1480575","22","44865563"
"chr1","46374619","46374917","KN296528v1","1442472","1442780","31","44932147"
"chr1","46532955","46533166","KN297070v1","113131","113341","33","46419824"
"chr1","46533167","46533461","KN296528v1","1270782","1271070","18","45262385"
"chr1","46539168","46539469","KN296528v1","1264749","1265045","15","45274419"
"chr1","46557424","46557708","KN295962v1","375746","376041","55","46181678"
"chr1","46567900","46568184","KN295962v1","375746","376041","55","46192154"
"chr1","46667184","46667199","KN295152v1","573368","573383","6","46093816"
"chr1","46667506","46667657","KN296495v1","1470532","1470683","25","45196974"
"chr1","46819743","46820002","KN297172v1","186499","186754","37","46633244"
"chr1","46820037","46820066","KN294571v1","536887","536912","12","46283150"
"chr1","46842280","46842582","KN296825v1","1782920","1783213","43","45059360"
"chr1","46998566","46998876","KN296486v1","447375","447682","36","46551191"
"chr1","47025839","47026147","KN296528v1","763843","764145","15","46261996"
"chr1","47050323","47050615","KN295420v1","372108","372400","38","46678215"
"chr1","47614427","47614707","KN294446v1","335881","336162","33","47278546"
"chr1","47681616","47681921","KN296435v1","2271548","2271854","38","45410068"
"chr1","47732065","47732405","KN296528v1","48009","48322","41","47684056"
"chr1","47863972","47864141","KN294167v1","500434","500608","19","47363538"
"chr1","47977416","47977699","KN294167v1","388860","389145","20","47588556"
"chr1","48185594","48185887","KN294167v1","182699","183001","19","48002895"
"chr1","48616050","48616367","KN295846v1","109878","110195","7","48506172"
"chr1","48685807","48686114","KN295846v1","185070","185370","25","48500737"
"chr1","49214748","49215049","KN296526v1","33090","33393","32","49181658"
"chr1","49341522","49341824","KN295548v1","143484","143790","43","49198038"
"chr1","49482274","49482563","KN297320v1","356322","356612","31","49125952"
"chr1","49754037","49754241","KN295045v1","1182493","1182695","35","48571544"
"chr1","49903395","49903698","KN297197v1","4684189","4684491","44","45219206"
"chr1","50247802","50247952","KN295931v1","69828","69973","41","50177974"
"chr1","50299876","50300115","KN297264v1","52862","53109","41","50247014"
"chr1","50408182","50408362","KN295735v1","895035","895215","23","49513147"
"chr1","50653241","50653532","KN294964v1","864674","864972","43","49788567"
"chr1","50687180","50687467","KN296119v1","4841405","4841687","40","45845775"
"chr1","51363077","51363393","KN294262v1","941123","941434","43","50421954"
"chr1","52261458","52261754","KN297259v1","384000","384292","34","51877458"
"chr1","52304340","52304645","KN296752v1","87788","88085","17","52216552"
"chr1","52403950","52404244","KN296752v1","189968","190273","21","52213982"
"chr1","52621318","52621616","KN296752v1","414641","414937","11","52206677"
"chr1","52624646","52624920","KN295533v1","1730829","1731110","33","50893817"
"chr1","52708419","52708699","KN296752v1","502448","502735","17","52205971"
"chr1","52981321","52981627","KN294520v1","1300419","1300723","45","51680902"
"chr1","53681690","53681988","KN297274v1","1273846","1274150","29","52407844"
"chr1","54300169","54300473","KN295854v1","1504180","1504481","33","52795989"
"chr1","54465434","54465733","KN296079v1","1016819","1017116","34","53448615"
"chr1","54492240","54492282","KN295045v1","1336617","1336651","19","53155623"
"chr1","54565001","54565226","KN296357v1","90265","90480","35","54474736"
"chr1","54604569","54604877","KN295548v1","143484","143790","34","54461085"
"chr1","54676012","54676311","KN297158v1","676635","676933","40","53999377"
"chr1","54858391","54858696","KN294172v1","575828","576133","35","54282563"
"chr1","54954543","54954782","KN294407v1","786896","787127","31","54167647"
"chr1","55095598","55095900","KN294416v1","303238","303546","50","54792360"
"chr1","55185417","55185722","KN295984v1","1558460","1558761","36","53626957"
"chr1","55200547","55200840","KN295962v1","2457159","2457455","32","52743388"
"chr1","55259947","55260228","KN294493v1","377513","377791","34","54882434"
"chr1","55290377","55290431","KN295045v1","1336617","1336651","26","53953760"
"chr1","55326621","55326903","KN296337v1","110009","110282","43","55216612"
"chr1","55331671","55331972","KN294540v1","651367","651664","39","54680304"
"chr1","55422810","55423114","KN296093v1","185428","185734","34","55237382"
"chr1","55458731","55459030","KN296864v1","3059211","3059513","34","52399520"
"chr1","55467038","55467340","KN295850v1","947","1218","34","55466091"
"chr1","55482228","55482524","KN295523v1","1063802","1064098","35","54418426"
"chr1","55532294","55532581","KN294571v1","2837988","2838277","37","52694306"
"chr1","55543237","55543406","KN296486v1","1714803","1714969","35","53828434"
"chr1","55558156","55558489","KN296311v1","2774344","2774671","47","52783812"
"chr1","55564600","55564901","KN296486v1","834584","834886","38","54730016"
"chr1","55565894","55566077","KN296119v1","3355213","3355396","43","52210681"
"chr1","55645675","55645970","KN296641v1","1285515","1285812","45","54360160"
"chr1","55678596","55678825","KN296505v1","36934","37162","34","55641662"
"chr1","55705664","55705976","KN296714v1","13919","14225","35","55691745"
"chr1","55725386","55725694","KN295984v1","3224772","3225079","42","52500614"
"chr1","55836065","55836378","KN294385v1","291689","291997","34","55544376"
"chr1","55872107","55872412","KN294399v1","115875","116174","41","55756232"
"chr1","55901281","55901582","KN294493v1","991664","991964","31","54909617"
"chr1","55974765","55975067","KN296806v1","78148","78452","28","55896617"
"chr1","56253296","56253594","KN295744v1","235007","235306","37","56018289"
"chr1","56403130","56403405","KN295161v1","114735","115010","12","56288395"
"chr1","56951285","56951581","KN294548v1","186910","187203","44","56764375"
"chr1","57071084","57071384","KN297044v1","108239","108545","43","56962845"
"chr1","57294510","57294795","KN294158v1","174349","174629","17","57120161"
"chr1","57963402","57963700","KN294571v1","536231","536521","54","57427171"
"chr1","58336485","58336761","KN294571v1","1165499","1165774","41","57170986"
"chr1","58381680","58381961","KN295287v1","3712","3991","38","58377968"
"chr1","58433881","58434154","KN295828v1","1095001","1095277","38","57338880"
"chr1","58472755","58473055","KN295923v1","1430363","1430659","36","57042392"
"chr1","58876300","58876575","KN294158v1","174349","174629","46","58701951"
"chr1","60701905","60702186","KN295940v1","74492","74772","48","60627413"
"chr1","60754059","60754356","KN296964v1","949244","949545","42","59804815"
"chr1","60855881","60856163","KN297028v1","1113262","1113544","37","59742619"
"chr1","61028882","61029183","KN295746v1","361126","361441","31","60667756"
"chr1","61109380","61109681","KN295746v1","272860","273156","19","60836520"
"chr1","61128868","61128977","KN297008v1","1442409","1442523","25","59686459"
"chr1","61139717","61140007","KN295746v1","236127","236417","6","60903590"
"chr1","61551759","61552019","KN295508v1","147844","148110","17","61403915"
"chr1","62066759","62067047","KN296096v1","2440700","2440989","46","59626059"
"chr1","62067278","62067568","KN296218v1","10900","11194","44","62056378"
"chr1","62178883","62179183","KN296119v1","6374562","6374860","15","55804321"
"chr1","62206729","62207036","KN296119v1","6345499","6345800","20","55861230"
"chr1","62835754","62836061","KN296119v1","5709073","5709374","18","57126681"
"chr1","62836731","62837029","KN294513v1","681816","682125","40","62154915"
"chr1","62941765","62942081","KN294850v1","121634","121934","48","62820131"
"chr1","62947286","62947452","KN296086v1","825589","825753","32","62121697"
"chr1","63029387","63029675","KN296119v1","5511443","5511732","15","57517944"
"chr1","63041472","63041793","KN296036v1","1696646","1696968","38","61344826"
"chr1","63138018","63138334","KN296119v1","5394892","5395183","41","57743126"
"chr1","63168764","63169072","KN297154v1","1944821","1945127","40","61223943"
"chr1","63371554","63371862","KN296119v1","5156265","5156559","23","58215289"
"chr1","63481973","63482265","KN295346v1","1790082","1790382","53","61691891"
"chr1","63511025","63511316","KN296119v1","5018721","5019012","9","58492304"
"chr1","63639793","63640101","KN296119v1","4889581","4889883","23","58750212"
"chr1","63675144","63675451","KN296119v1","4854037","4854345","14","58821107"
"chr1","63687800","63688082","KN296119v1","4841405","4841687","9","58846395"
"chr1","63720550","63720850","KN294520v1","1300419","1300723","41","62420131"
"chr1","64089260","64089570","KN296119v1","4442658","4442969","19","59646602"
"chr1","64106957","64107133","KN294790v1","2350797","2350969","35","61756160"
"chr1","64131943","64132074","KN297281v1","1502957","1503082","29","62628986"
"chr1","64159822","64160103","KN297016v1","70076","70353","32","64089746"
"chr1","64281998","64282302","KN296093v1","185428","185734","37","64096570"
"chr1","64370535","64370833","KN294439v1","265245","265540","33","64105290"
"chr1","64546046","64546354","KN296119v1","3973194","3973504","19","60572852"
"chr1","64765531","64765820","KN294499v1","114042","114335","30","64651489"
"chr1","64782687","64782993","KN296119v1","3727195","3727501","9","61055492"
"chr1","64790865","64791173","KN296119v1","3719343","3719648","16","61071522"
"chr1","64828915","64829208","KN296119v1","3681464","3681766","22","61147451"
"chr1","64886856","64887155","KN296119v1","3624961","3625253","17","61261895"
"chr1","64915446","64915621","KN294980v1","230782","230955","32","64684664"
"chr1","64920795","64921103","KN296119v1","3591226","3591538","42","61329569"
"chr1","64931044","64931316","KN297313v1","856250","856523","46","64074794"
"chr1","64933928","64934213","KN296119v1","3577179","3577466","16","61356749"
"chr1","64955389","64955669","KN295533v1","1730829","1731110","32","63224560"
"chr1","64979480","64979763","KN295962v1","2488019","2488313","45","62491461"
"chr1","65002321","65002618","KN296119v1","3507693","3507992","15","61494628"
"chr1","65032770","65033102","KN295102v1","157119","157420","74","64875651"
"chr1","65067577","65067879","KN296201v1","1089936","1090239","33","63977641"
"chr1","65143132","65143303","KN296119v1","3355213","3355396","18","61787919"
"chr1","65143635","65143765","KN296119v1","3354759","3354889","4","61788876"
"chr1","65268249","65268420","KN295408v1","16726","16898","35","65251523"
"chr1","65499532","65499822","KN296119v1","2994679","2994971","16","62504853"
"chr1","65673925","65674226","KN294167v1","182699","183001","39","65491226"
"chr1","66151498","66151800","KN296119v1","2337029","2337329","13","63814469"
"chr1","66312310","66312610","KN296119v1","2173753","2174051","11","64138557"
"chr1","66397883","66398181","KN296119v1","2087223","2087529","27","64310660"
"chr1","66583349","66583624","KN294187v1","907689","907968","50","65675660"
"chr1","66724677","66724959","KN296119v1","1749803","1750102","25","64974874"
"chr1","66773131","66773265","KN296119v1","1701971","1702106","8","65071160"
"chr1","67047905","67048205","KN296119v1","1420688","1420974","25","65627217"
"chr1","67052069","67052375","KN296119v1","1416466","1416772","19","65635603"
"chr1","67053334","67053633","KN294592v1","347035","347326","42","66706299"
"chr1","67137166","67137469","KN296119v1","1332102","1332392","22","65805064"
"chr1","67184028","67184340","KN296119v1","1277081","1277399","24","65906947"
"chr1","67354193","67354409","KN296119v1","1099727","1099949","15","66254466"
"chr1","67522368","67522649","KN296119v1","931780","932057","20","66590588"
"chr1","67611263","67611550","KN296335v1","161463","161751","39","67449800"
"chr1","67710362","67710657","KN296119v1","745303","745598","9","66965059"
"chr1","67954449","67954733","KN297141v1","791776","792061","37","67162673"
"chr1","68252751","68253038","KN296119v1","173156","173442","15","68079595"
"chr1","68638401","68638704","KN295977v1","1237273","1237582","16","67401128"
"chr1","68698739","68698908","KN294790v1","2350797","2350969","31","66347942"
"chr1","68738904","68739214","KN295977v1","1134781","1135089","13","67604123"
"chr1","68794110","68794391","KN295977v1","1081539","1081820","15","67712571"
"chr1","68869550","68869805","KN295977v1","1005603","1005876","26","67863947"
"chr1","68895019","68895068","KN295045v1","1336617","1336651","23","67558402"
"chr1","68908174","68908478","KN296641v1","1285515","1285812","42","67622659"
"chr1","68952876","68953171","KN295977v1","921088","921381","9","68031788"
"chr1","68985313","68985463","KN296430v1","705227","705382","31","68280086"
"chr1","68986430","68986706","KN295977v1","886776","887073","34","68099654"
"chr1","69034136","69034439","KN294705v1","1109306","1109614","38","67924830"
"chr1","69108352","69108647","KN295977v1","753782","754079","21","68354570"
"chr1","69148128","69148343","KN295801v1","840804","841003","47","68307324"
"chr1","69182407","69182694","KN295977v1","683699","683987","14","68498708"
"chr1","69299096","69299334","KN294269v1","1170294","1170536","33","68128802"
"chr1","69313466","69313766","KN295977v1","546817","547118","15","68766649"
"chr1","69350758","69350825","KN296731v1","893461","893529","29","68457297"
"chr1","69448664","69448973","KN295977v1","409488","409777","31","69039176"
"chr1","69468397","69468698","KN297274v1","241094","241395","39","69227303"
"chr1","69719399","69719709","KN295977v1","136089","136403","36","69583310"
"chr1","69789774","69790037","KN295977v1","65118","65381","19","69724656"
"chr1","69887029","69887333","KN294861v1","312079","312381","33","69574950"
"chr1","69932457","69932762","KN296310v1","1454035","1454345","26","68478422"
"chr1","70176284","70176475","KN294345v1","2206480","2206684","50","67969804"
"chr1","70440917","70441218","KN296310v1","937122","937423","16","69503795"
"chr1","71071620","71071880","KN296310v1","297456","297723","14","70774164"
"chr1","71260631","71260929","KN296310v1","102766","103064","10","71157865"
"chr1","71673543","71673832","KN295239v1","715255","715543","41","70958288"
"chr1","71931326","71931651","KN295919v1","42663","42982","51","71888663"
"chr1","72119955","72120264","KN294233v1","685247","685547","46","71434708"
"chr1","72254091","72254399","KN295893v1","22313","22620","40","72231778"
"chr1","73053662","73053937","KN296407v1","289469","289730","21","72764193"
"chr1","73066523","73066832","KN296407v1","276361","276672","14","72790162"
"chr1","74014791","74015074","KN295406v1","536869","537160","25","73477922"
"chr1","74130492","74130782","KN295406v1","422410","422707","23","73708082"
"chr1","74211329","74211624","KN295744v1","235007","235306","35","73976322"
"chr1","74342893","74343195","KN295406v1","207635","207923","31","74135258"
"chr1","74424611","74424893","KN295406v1","124911","125193","19","74299700"
"chr1","74769067","74769347","KN295582v1","30674","30966","31","74738393"
"chr1","74958621","74958933","KN296964v1","792372","792682","32","74166249"
"chr1","75043713","75044016","KN295582v1","305373","305671","22","74738340"
"chr1","75350411","75350693","KN294978v1","2379848","2380134","50","72970563"
"chr1","75373842","75374150","KN296484v1","1024460","1024770","35","74349382"
"chr1","75394107","75394392","KN295582v1","666764","667048","16","74727343"
"chr1","75418579","75418881","KN295582v1","695265","695570","13","74723314"
"chr1","75524933","75525201","KN295582v1","800557","800825","13","74724376"
"chr1","75797871","75797995","KN295079v1","1032204","1032329","17","74765667"
"chr1","75798026","75798188","KN296174v1","30392","30557","36","75767634"
"chr1","76003517","76003816","KN296926v1","812181","812484","52","75191336"
"chr1","76153327","76153642","KN295102v1","157119","157420","56","75996208"
"chr1","76284050","76284357","KN296761v1","97995","98298","49","76186055"
"chr1","76296633","76296936","KN294561v1","645779","646083","42","75650854"
"chr1","76427934","76428125","KN295967v1","467933","468109","56","75960001"
"chr1","76453180","76453444","KN296242v1","694470","694734","35","75758710"
"chr1","76832851","76833161","KN295110v1","283487","283794","14","76549364"
"chr1","77264291","77264596","KN296495v1","1791937","1792242","48","75472354"
"chr1","77636746","77637047","KN297207v1","65232","65533","36","77571514"
"chr1","78094517","78094812","KN296948v1","271010","271304","49","77823507"
"chr1","78237750","78237915","KN296096v1","3761145","3761324","40","74476605"
"chr1","78243890","78244177","KN294326v1","427946","428232","35","77815944"
"chr1","78306558","78306859","KN296247v1","460642","460944","33","77845916"
"chr1","78370787","78371086","KN297259v1","1290495","1290792","37","77080292"
"chr1","78419628","78419943","KN295424v1","108033","108373","85","78311595"
"chr1","78553033","78553310","KN295596v1","2940377","2940662","43","75612656"
"chr1","79466857","79467156","KN294964v1","864674","864972","33","78602183"
"chr1","80095768","80096083","KN294980v1","537671","537985","48","79558097"
"chr1","80133947","80134251","KN296484v1","1024460","1024770","35","79109487"
"chr1","80178864","80179165","KN295984v1","811714","812012","40","79367150"
"chr1","80179215","80179389","KN296086v1","825589","825753","37","79353626"
"chr1","80854999","80855215","KN296460v1","412720","412933","32","80442279"
"chr1","80925010","80925313","KN294611v1","4367","4667","40","80920643"
"chr1","81065323","81065635","KN295091v1","924044","924353","48","80141279"
"chr1","81138489","81138799","KN294292v1","71877","72183","41","81066612"
"chr1","81154824","81154837","KN296154v1","1158918","1158930","7","79995906"
"chr1","81155103","81155152","KN294705v1","1919072","1919111","26","79236031"
"chr1","81365896","81366185","KN296019v1","49581","49869","45","81316315"
"chr1","81532780","81532937","KN297008v1","6657903","6658047","38","74874877"
"chr1","81533249","81533377","KN296119v1","5363896","5364028","18","76169353"
"chr1","81547264","81547630","KN294713v1","810189","810549","115","80737075"
"chr1","81631301","81631577","KN294530v1","150115","150399","19","81481186"
"chr1","81852274","81852454","KN296153v1","2696247","2696418","38","79156027"
"chr1","82182708","82182876","KN297154v1","1695463","1695633","32","80487245"
"chr1","82182887","82182954","KN295550v1","498465","498533","10","81684422"
"chr1","82182955","82183176","KN296365v1","679575","679791","38","81503380"
"chr1","82372823","82373101","KN294987v1","598695","598975","35","81774128"
"chr1","83204550","83204730","KN295319v1","430475","430648","34","82774075"
"chr1","83246964","83247223","KN295430v1","2431410","2431665","54","80815554"
"chr1","83268828","83268934","KN294987v1","1376021","1376125","29","81892807"
"chr1","83318804","83319113","KN294471v1","75663","75970","39","83243141"
"chr1","83662420","83662716","KN297452v1","1979430","1979725","38","81682990"
"chr1","84460422","84460719","KN294416v1","612423","612727","39","83847999"
"chr1","84559552","84559855","KN294539v1","1456926","1457228","36","83102626"
"chr1","84666458","84666764","KN294964v1","864674","864972","43","83801784"
"chr1","84819969","84820100","KN294949v1","70125","70256","21","84749844"
"chr1","84820570","84820714","KN295301v1","1224012","1224152","45","83596558"
"chr1","84842621","84842922","KN295343v1","373896","374196","33","84468725"
"chr1","84931620","84931911","KN294456v1","513291","513590","42","84418329"
"chr1","85003988","85004283","KN296119v1","2337029","2337329","37","82666959"
"chr1","85035515","85035813","KN294571v1","1349003","1349300","36","83686512"
"chr1","85160241","85160505","KN295350v1","991261","991528","47","84168980"
"chr1","85416639","85416938","KN296620v1","947748","948045","35","84468891"
"chr1","85469983","85470290","KN295257v1","347099","347404","41","85122884"
"chr1","85535641","85535820","KN295027v1","42456","42635","6","85493185"
"chr1","85704828","85705121","KN295027v1","220498","220793","12","85484330"
"chr1","85758178","85758491","KN295027v1","275934","276270","36","85482244"
"chr1","86223221","86223515","KN295027v1","740959","741259","24","85482262"
"chr1","86356116","86356405","KN294456v1","1400896","1401175","37","84955220"
"chr1","86414008","86414316","KN295893v1","5868387","5868693","40","80545621"
"chr1","86505930","86506244","KN296732v1","3129981","3130299","39","83375949"
"chr1","86803310","86803607","KN294399v1","172411","172706","39","86630899"
"chr1","87133844","87134136","KN297369v1","2357837","2358131","23","84776007"
"chr1","87156299","87156671","KN297038v1","95792","96127","90","87060507"
"chr1","87287995","87288282","KN297369v1","2210151","2210437","20","85077844"
"chr1","87617113","87617421","KN297369v1","1883845","1884144","18","85733268"
"chr1","87745640","87745932","KN297369v1","1753301","1753589","14","85992339"
"chr1","88040967","88041264","KN297322v1","1320329","1320630","44","86720638"
"chr1","88116012","88116218","KN294790v1","808923","809138","43","87307089"
"chr1","88481910","88482230","KN295294v1","2523461","2523768","49","85958449"
"chr1","88482231","88482511","KN295405v1","157962","158246","45","88324269"
"chr1","89296024","89296306","KN297369v1","169839","170118","13","89126185"
"chr1","89386929","89387193","KN297369v1","82081","82347","15","89304848"
"chr1","89588061","89588372","KN295005v1","412564","412875","43","89175497"
"chr1","89593222","89593523","KN296093v1","185428","185734","43","89407794"
"chr1","89603924","89604231","KN294920v1","144074","144379","30","89459850"
"chr1","89645822","89646115","KN296311v1","5077350","5077639","52","84568472"
"chr1","89785799","89786113","KN296310v1","1454035","1454345","45","88331764"
"chr1","89857047","89857341","KN295592v1","1172307","1172593","52","88684740"
"chr1","89938024","89938345","KN296391v1","225126","225450","53","89712898"
"chr1","90457171","90457458","KN297394v1","206842","207138","22","90250329"
"chr1","90517570","90517864","KN295962v1","674128","674422","33","89843442"
"chr1","90555240","90555542","KN294747v1","866490","866789","45","89688750"
"chr1","90563241","90563536","KN295923v1","1430363","1430659","47","89132878"
"chr1","90787639","90787935","KN296153v1","3956819","3957110","37","86830820"
"chr1","90864383","90864683","KN294287v1","709415","709716","38","90154968"
"chr1","90946431","90946717","KN295045v1","756205","756493","42","90190226"
"chr1","91224267","91224561","KN295544v1","58095","58390","38","91166172"
"chr1","91368703","91368985","KN294588v1","1931172","1931453","35","89437531"
"chr1","91510018","91510317","KN296145v1","3219494","3219793","42","88290524"
"chr1","91964549","91964801","KN296943v1","295934","296196","55","91668615"
"chr1","92708065","92708291","KN295748v1","191135","191363","30","92516930"
"chr1","93000990","93001265","KN295553v1","15837","16112","16","92985153"
"chr1","93351598","93351759","KN295294v1","769026","769186","24","92582572"
"chr1","93423885","93424036","KN296726v1","937746","937877","37","92486139"
"chr1","93452944","93453233","KN296108v1","735240","735530","38","92717704"
"chr1","93583438","93583764","KN294257v1","1022785","1023107","43","92560653"
"chr1","93693888","93694197","KN294499v1","899277","899580","38","92794611"
"chr1","94064770","94064971","KN295045v1","1182493","1182695","59","92882277"
"chr1","94455446","94455734","KN295366v1","153538","153829","40","94301908"
"chr1","94596022","94596344","KN297184v1","1615144","1615466","51","92980878"
"chr1","94688953","94689106","KN294187v1","1542649","1542810","23","93146304"
"chr1","94709284","94709581","KN294613v1","781475","781767","35","93927809"
"chr1","94853230","94853517","KN294384v1","73690","73992","28","94779540"
"chr1","94947317","94947611","KN297452v1","1979430","1979725","38","92967887"
"chr1","95884739","95885053","KN296000v1","1247118","1247423","40","94637621"
"chr1","95889510","95889801","KN295366v1","209875","210171","39","95679635"
"chr1","96035760","96036097","KN297038v1","95792","96127","69","95939968"
"chr1","96133306","96133612","KN296109v1","632766","633060","59","95500540"
"chr1","96371513","96371805","KN295893v1","6651453","6651742","36","89720060"
"chr1","96577358","96577673","KN296140v1","397646","397962","22","96179712"
"chr1","97142871","97143041","KN297242v1","3635969","3636126","32","93506902"
"chr1","97143326","97143459","KN294451v1","850215","850347","14","96293111"
"chr1","97559586","97559897","KN295394v1","778918","779230","18","96780668"
"chr1","97623041","97623337","KN295394v1","714387","714675","18","96908654"
"chr1","98127285","98127586","KN295394v1","212627","212936","25","97914658"
"chr1","98381957","98382274","KN294578v1","287800","288105","44","98094157"
"chr1","98412892","98413157","KN295893v1","436967","437230","37","97975925"
"chr1","98561538","98561796","KN295281v1","320507","320765","14","98241031"
"chr1","98617380","98617536","KN295349v1","47758","47931","34","98569622"
"chr1","98980130","98980427","KN295077v1","872703","873001","17","98107427"
"chr1","99124284","99124593","KN295077v1","724964","725270","19","98399320"
"chr1","99345298","99345601","KN295077v1","510866","511176","26","98834432"
"chr1","99372902","99373119","KN295607v1","356204","356444","69","99016698"
"chr1","99411851","99412124","KN296009v1","1376950","1377229","30","98034901"
"chr1","99485893","99486189","KN295962v1","2457159","2457455","40","97028734"
"chr1","99517749","99517810","KN295614v1","28241","28303","26","99489508"
"chr1","99530587","99530749","KN295667v1","830007","830168","24","98700580"
"chr1","99543995","99544297","KN294399v1","115875","116174","30","99428120"
"chr1","99618571","99618923","KN295077v1","233860","234230","39","99384711"
"chr1","99691283","99691596","KN295077v1","163826","164123","37","99527457"
"chr1","99788246","99788523","KN294457v1","1456757","1457036","45","98331489"
"chr1","99841702","99841995","KN295077v1","13953","14248","14","99827749"
"chr1","99962858","99963166","KN296759v1","98042","98345","22","99864816"
"chr1","100019043","100019337","KN296759v1","155129","155427","27","99863914"
"chr1","100283248","100283578","KN294790v1","4965383","4965703","45","95317865"
"chr1","100307869","100308163","KN294879v1","55754","56047","45","100252115"
"chr1","100318879","100319160","KN294462v1","535480","535765","37","99783399"
"chr1","100428455","100428757","KN296759v1","574590","574892","18","99853865"
"chr1","100692763","100693065","KN296759v1","852913","853207","30","99839850"
"chr1","101123005","101123312","KN296380v1","7066","7372","32","101115939"
"chr1","101368030","101368310","KN296759v1","1567983","1568278","31","99800047"
"chr1","101563069","101563250","KN294451v1","850657","850819","46","100712412"
"chr1","101732950","101733222","KN294245v1","265996","266259","48","101466954"
"chr1","101776405","101776578","KN294596v1","141115","141287","33","101635290"
"chr1","102138459","102138766","KN294705v1","1109306","1109614","35","101029153"
"chr1","102255559","102255866","KN294172v1","2885288","2885591","35","99370271"
"chr1","102400171","102400472","KN295343v1","373896","374196","33","102026275"
"chr1","102416110","102416443","KN295027v1","275934","276270","39","102140176"
"chr1","102523628","102523867","KN297095v1","2638274","2638512","42","99885354"
"chr1","102546909","102547219","KN296484v1","1024460","1024770","41","101522449"
"chr1","102698862","102699114","KN297242v1","1450643","1450897","42","101248219"
"chr1","102907821","102908128","KN294705v1","1109306","1109614","27","101798515"
"chr1","103144596","103144905","KN294385v1","291689","291997","36","102852907"
"chr1","103227634","103227927","KN295171v1","1412453","1412742","35","101815181"
"chr1","103278892","103279104","KN294790v1","808923","809138","35","102469969"
"chr1","103293443","103293754","KN296526v1","33090","33393","41","103260353"
"chr1","103337402","103337704","KN294325v1","914500","914798","32","102422902"
"chr1","103358234","103358437","KN297154v1","1592922","1593103","52","101765312"
"chr1","103420164","103420463","KN296635v1","1808458","1808757","36","101611706"
"chr1","103536314","103536608","KN295441v1","1621433","1621729","36","101914881"
"chr1","104057903","104058173","KN295964v1","43993","44262","42","104013910"
"chr1","104153508","104153806","KN296761v1","706874","707173","32","103446634"
"chr1","104155617","104155926","KN295343v1","373896","374196","32","103781721"
"chr1","104571916","104572221","KN296200v1","559109","559416","37","104012807"
"chr1","104808040","104808303","KN294668v1","1985979","1986245","64","102822061"
"chr1","104969719","104969995","KN297017v1","20923","21196","40","104948796"
"chr1","105241855","105242164","KN295633v1","307851","308157","33","104934004"
"chr1","105273373","105273665","KN296825v1","1782920","1783213","39","103490453"
"chr1","105326579","105326890","KN297159v1","2909102","2909401","47","102417477"
"chr1","105538429","105538732","KN296938v1","601106","601401","20","104937323"
"chr1","105946587","105946870","KN296938v1","198771","199053","11","105747816"
"chr1","106514574","106514894","KN296847v1","1981273","1981581","32","104533301"
"chr1","106628569","106628859","KN296847v1","1869581","1869871","9","104758988"
"chr1","106797831","106798138","KN296847v1","1700760","1701056","28","105097071"
"chr1","107520910","107521219","KN296847v1","984056","984363","22","106536854"
"chr1","107582006","107582298","KN296847v1","923535","923820","21","106658471"
"chr1","107829111","107829380","KN296847v1","673693","673972","23","107155418"
"chr1","107892533","107892815","KN296847v1","607844","608126","15","107284689"
"chr1","108319663","108319707","KN295045v1","1336617","1336651","23","106983046"
"chr1","108477753","108478054","KN296864v1","3059211","3059513","34","105418542"
"chr1","108484554","108484729","KN297154v1","1695463","1695633","27","106789091"
"chr1","108498151","108498310","KN295301v1","1224012","1224152","47","107274139"
"chr1","108498343","108498460","KN295236v1","4879827","4879943","15","103618516"
"chr1","108509479","108509837","KN296885v1","1272247","1272586","84","107237232"
"chr1","108521886","108522185","KN296158v1","10148","10458","25","108511738"
"chr1","108624352","108624659","KN296158v1","123245","123552","11","108501107"
"chr1","108650598","108650891","KN296158v1","150295","150589","15","108500303"
"chr1","108696141","108696440","KN294842v1","297954","298253","38","108398187"
"chr1","108866915","108867215","KN296079v1","1016819","1017116","31","107850096"
"chr1","109223836","109224143","KN297044v1","108239","108545","31","109115597"
"chr1","109289681","109289841","KN296430v1","705227","705382","31","108584454"
"chr1","109332299","109332587","KN296158v1","831406","831695","13","108500893"
"chr1","109418931","109419241","KN296158v1","902898","903206","19","108516033"
"chr1","109744519","109744813","KN296158v1","1235460","1235753","17","108509059"
"chr1","109757333","109757640","KN296158v1","1246313","1246651","41","108511020"
"chr1","109860251","109860551","KN296158v1","1352397","1352695","19","108507854"
"chr1","109872576","109872870","KN296158v1","1364969","1365276","22","108507607"
"chr1","109900250","109900397","KN297008v1","6657903","6658047","22","103242347"
"chr1","109966705","109967006","KN294372v1","2056206","2056510","44","107910499"
"chr1","110021028","110021340","KN294451v1","1164519","1164817","68","108856509"
"chr1","110116329","110116637","KN295893v1","5868387","5868693","38","104247942"
"chr1","110176901","110177210","KN296158v1","1674302","1674613","12","108502599"
"chr1","110198937","110199235","KN296158v1","1695324","1695634","23","108503613"
"chr1","110304407","110304712","KN296635v1","1808458","1808757","43","108495949"
"chr1","110412835","110413115","KN297276v1","510912","511184","49","109901923"
"chr1","110413202","110413512","KN297343v1","2044825","2045124","43","108368377"
"chr1","110416649","110416937","KN295319v1","129850","130137","40","110286799"
"chr1","110434769","110435062","KN294540v1","651367","651664","36","109783402"
"chr1","110497366","110497625","KN294187v1","907689","907968","59","109589677"
"chr1","110502981","110503207","KN294711v1","418356","418573","43","110084625"
"chr1","110647803","110648084","KN295825v1","2556624","2556908","73","108091179"
"chr1","110777216","110777430","KN296119v1","5710759","5710976","57","105066457"
"chr1","111110653","111110929","KN295753v1","245053","245324","33","110865600"
"chr1","111324655","111324932","KN295962v1","1167043","1167316","45","110157612"
"chr1","111489225","111489545","KN295907v1","1200915","1201232","41","110288310"
"chr1","111642990","111643295","KN297044v1","108239","108545","37","111534751"
"chr1","111835589","111835885","KN294592v1","51794","52092","33","111783795"
"chr1","111857764","111858080","KN295893v1","2419696","2420007","42","109438068"
"chr1","111901809","111902109","KN296702v1","937749","938049","33","110964060"
"chr1","112298167","112298478","KN296964v1","792372","792682","34","111505795"
"chr1","112602166","112602457","KN294192v1","872123","872412","31","111730043"
"chr1","112744269","112744567","KN297452v1","1979430","1979725","32","110764839"
"chr1","112822352","112822611","KN297274v1","17468","17729","46","112804884"
"chr1","112891060","112891364","KN294451v1","194657","194961","38","112696403"
"chr1","112903906","112904184","KN296879v1","124282","124553","38","112779624"
"chr1","112943483","112943771","KN294456v1","63433","63720","35","112880050"
"chr1","113165134","113165423","KN295746v1","236127","236417","44","112929007"
"chr1","114022326","114022622","KN294378v1","1155375","1155674","37","112866951"
"chr1","114035826","114035963","KN296430v1","705227","705382","44","113330599"
"chr1","114103266","114103580","KN294883v1","392954","393264","40","113710312"
"chr1","114152287","114152585","KN294399v1","115875","116174","39","114036412"
"chr1","114205071","114205385","KN296380v1","7066","7372","41","114198005"
"chr1","114285771","114286069","KN294668v1","4045257","4045554","32","110240514"
"chr1","114296664","114296717","KN295045v1","1336617","1336651","24","112960047"
"chr1","114435129","114435436","KN297044v1","108239","108545","46","114326890"
"chr1","114444229","114444518","KN295591v1","1513491","1513795","62","112930738"
"chr1","114551855","114552126","KN295034v1","37220","37497","48","114514635"
"chr1","114581073","114581325","KN296180v1","1465546","1465793","44","113115527"
"chr1","114604400","114604643","KN294234v1","2405720","2405976","41","112198680"
"chr1","114738517","114738826","KN297044v1","108239","108545","40","114630278"
"chr1","115015786","115016066","KN295832v1","859272","859550","38","114156514"
"chr1","115380682","115380978","KN294303v1","301681","301977","39","115079001"
"chr1","115562601","115562776","KN296079v1","805154","805328","31","114757447"
"chr1","115644053","115644358","KN294911v1","2549601","2549908","37","113094452"
"chr1","115722734","115723013","KN296009v1","1376950","1377229","35","114345784"
"chr1","115779693","115779993","KN295090v1","2955942","2956240","30","112823751"
"chr1","116286600","116286731","KN295171v1","774709","774836","24","115511891"
"chr1","116431494","116431798","KN294747v1","866490","866789","44","115565004"
"chr1","116646462","116646809","KN295027v1","275934","276270","53","116370528"
"chr1","116653130","116653439","KN296311v1","5354766","5355076","34","111298364"
"chr1","116721293","116721364","KN297026v1","165919","165988","28","116555374"
"chr1","116729961","116730266","KN294520v1","1300419","1300723","42","115429542"
"chr1","116867160","116867458","KN295523v1","3581733","3582035","39","113285427"
"chr1","117109604","117109906","KN296831v1","42375","42680","41","117067229"
"chr1","117114135","117114416","KN296119v1","931780","932057","40","116182355"
"chr1","117212513","117212806","KN296609v1","1410682","1410982","40","115801831"
"chr1","117216343","117216647","KN294873v1","432363","432666","16","116783980"
"chr1","117347192","117347492","KN295343v1","373896","374196","37","116973296"
"chr1","117373327","117373628","KN294399v1","115875","116174","37","117257452"
"chr1","117384869","117385170","KN294469v1","163528","163837","35","117221341"
"chr1","117396172","117396484","KN296620v1","257480","257787","30","117138692"
"chr1","117425478","117425791","KN297219v1","687673","687980","42","116737805"
"chr1","117506323","117506581","KN297197v1","3429038","3429300","38","114077285"
"chr1","117789838","117790096","KN297008v1","6417600","6417859","43","111372238"
"chr1","118538461","118538758","KN294540v1","651367","651664","39","117887094"
"chr1","119007203","119007482","KN297008v1","2596023","2596303","45","116411180"
"chr1","119059146","119059378","KN295748v1","191135","191363","38","118868011"
"chr1","119203580","119203751","KN294980v1","230782","230955","38","118972798"
"chr1","119291556","119291844","KN295820v1","879022","879311","50","118412534"
"chr1","119293927","119294238","KN294705v1","1109306","1109614","38","118184621"
"chr1","119410231","119410556","KN296426v1","740411","740728","48","118669820"
"chr1","119557118","119557417","KN295034v1","604953","605250","36","118952165"
"chr1","120222298","120222592","KN294182v1","452635","452936","35","119769663"
"chr1","120493573","120493860","KN295405v1","157962","158246","38","120335611"
"chr1","120747231","120747284","KN295045v1","1336617","1336651","22","119410614"
"chr1","120770617","120770923","KN294747v1","536807","537116","17","120233810"
"chr1","120884275","120884515","KN295074v1","95886","96127","38","120788389"
"chr1","120884527","120884716","KN296486v1","1468682","1468869","39","119415845"
"chr1","120904481","120904773","KN295893v1","5868387","5868693","85","115036094"
"chr1","120928295","120928588","KN295893v1","4803464","4803758","46","116124831"
"chr1","121196289","121196582","KN294747v1","938650","938971","43","120257639"
"chr1","121256210","121256511","KN294747v1","1000750","1001051","17","120255460"
"chr1","121305320","121305614","KN294747v1","1049170","1049464","8","120256150"
"chr1","121378204","121378387","KN294980v1","230782","230955","31","121147422"
"chr1","121422375","121422676","KN294747v1","1163053","1163351","13","120259322"
"chr1","121432191","121432455","KN294747v1","1170657","1170916","12","120261534"
"chr1","121434397","121434692","KN294747v1","1172784","1173067","25","120261613"
"chr1","121643680","121643973","KN296096v1","2440700","2440989","37","119202980"
"chr1","122162162","122162466","KN296681v1","912109","912416","22","121250053"
"chr1","122840640","122840936","KN297118v1","21825","22117","46","122818815"
"chr1","123057562","123057832","KN296681v1","20879","21149","10","123036683"
"chr1","123206902","123207198","KN295308v1","129826","130102","33","123077076"
"chr1","123643359","123643673","KN295308v1","567981","568301","33","123075378"
"chr1","123663199","123663461","KN295936v1","2228111","2228371","39","121435088"
"chr1","123876349","123876549","KN294946v1","74320","74515","41","123802029"
"chr1","123876583","123876694","KN295571v1","189855","189980","23","123686728"
"chr1","123930262","123930493","KN295308v1","851591","851822","12","123078671"
"chr1","124222395","124222695","KN294269v1","772756","773053","37","123449639"
"chr1","125120529","125120605","KN297008v1","1094032","1094107","25","124026497"
"chr1","125122545","125122920","KN297159v1","1840352","1840710","83","123282193"
"chr1","125160857","125161156","KN295692v1","4021734","4022018","48","121139123"
"chr1","125293440","125293742","KN295308v1","2192818","2193137","31","123100622"
"chr1","125366870","125367140","KN296991v1","1162357","1162629","40","124204513"
"chr1","125849672","125849969","KN294668v1","4045257","4045554","37","121804415"
"chr2","66191315","66191619","KN295241v1","157199","157498","35","66034116"
"chr2","125985","126283","KN295893v1","7601359","7601657","20","7475374"
"chr2","251096","251321","KN295801v1","101169","101393","41","149927"
"chr2","284973","285270","KN294583v1","245896","246194","42","39077"
"chr2","322201","322378","KN296829v1","582931","583096","38","260730"
"chr2","333067","333348","KN296732v1","2792402","2792689","41","2459335"
"chr2","434161","434468","KN297044v1","108239","108545","40","325922"
"chr2","468221","468543","KN295893v1","7235801","7236106","33","6767580"
"chr2","501701","502010","KN295893v1","7202903","7203211","31","6701202"
"chr2","507969","508262","KN295893v1","7200204","7200517","29","6692235"
"chr2","542893","542942","KN295045v1","1336617","1336651","22","793724"
"chr2","585150","585487","KN294630v1","653149","653457","68","67999"
"chr2","600674","600833","KN297008v1","1441000","1441155","37","840326"
"chr2","621405","621685","KN294399v1","178526","178809","43","442879"
"chr2","867499","867801","KN294193v1","816512","816806","36","50987"
"chr2","996930","997232","KN294850v1","121634","121934","33","875296"
"chr2","1118282","1118518","KN297038v1","132080","132318","31","986202"
"chr2","1350888","1351189","KN295893v1","6333705","6333996","22","4982817"
"chr2","1711950","1712258","KN295893v1","5987914","5988206","33","4275964"
"chr2","1831680","1831985","KN295893v1","5868387","5868693","22","4036707"
"chr2","1850308","1850618","KN295893v1","5848289","5848599","31","3997981"
"chr2","1977469","1977763","KN297452v1","1979430","1979725","35","1961"
"chr2","2188577","2188793","KN295893v1","5497454","5497670","16","3308877"
"chr2","2397333","2397514","KN296959v1","1152394","1152569","39","1244939"
"chr2","2768280","2768569","KN295893v1","4853532","4853822","18","2085252"
"chr2","3209918","3210188","KN295586v1","5293886","5294167","40","2083968"
"chr2","3247710","3247994","KN295893v1","4365463","4365746","16","1117753"
"chr2","3458032","3458339","KN295893v1","4158970","4159285","29","700938"
"chr2","3941922","3942166","KN296266v1","16134","16379","62","3925788"
"chr2","4586893","4587192","KN295893v1","3011388","3011693","23","1575505"
"chr2","4622807","4623115","KN295893v1","2974872","2975179","19","1647935"
"chr2","4624800","4625090","KN295893v1","2972609","2972899","12","1652191"
"chr2","4820631","4820951","KN295893v1","2770821","2771142","18","2049810"
"chr2","5170138","5170422","KN297083v1","400309","400588","30","4769829"
"chr2","5203158","5203426","KN294964v1","433236","433507","41","4769922"
"chr2","5413393","5413694","KN296305v1","31878","32174","37","5381515"
"chr2","5654202","5654506","KN295893v1","1920187","1920491","17","3734015"
"chr2","5674739","5675024","KN295893v1","1899439","1899721","32","3775300"
"chr2","6970975","6971170","KN296119v1","3355213","3355396","35","3615762"
"chr2","7004248","7004558","KN295893v1","539530","539834","30","6464718"
"chr2","7109461","7109756","KN297452v1","1979430","1979725","28","5130031"
"chr2","7146057","7146355","KN295893v1","390114","390432","31","6755943"
"chr2","7240082","7240362","KN295057v1","1034348","1034629","43","6205734"
"chr2","7366662","7366970","KN294385v1","291689","291997","30","7074973"
"chr2","7393423","7393717","KN295893v1","142495","142793","23","7250928"
"chr2","7405786","7406094","KN295893v1","129289","129599","20","7276497"
"chr2","7427786","7428091","KN295893v1","106117","106427","16","7321669"
"chr2","7456236","7456538","KN295893v1","65034","65336","15","7391202"
"chr2","7494123","7494406","KN295893v1","26691","26983","23","7467432"
"chr2","7498258","7498565","KN295893v1","22313","22620","16","7475945"
"chr2","7514950","7515283","KN296538v1","193946","194263","68","7321004"
"chr2","7535742","7536044","KN294995v1","62939","63242","23","7472803"
"chr2","7567392","7567672","KN294995v1","25765","26037","26","7541627"
"chr2","7757425","7757704","KN297017v1","20923","21196","37","7736502"
"chr2","7888266","7888564","KN296826v1","122558","122853","33","7765708"
"chr2","7913532","7913817","KN295526v1","381860","382152","47","7531672"
"chr2","8550319","8550618","KN294484v1","61113","61404","22","8489206"
"chr2","8782724","8783031","KN296004v1","353630","353936","44","8429094"
"chr2","8843761","8844057","KN294484v1","361998","362281","27","8481763"
"chr2","8851275","8851589","KN294484v1","371202","371511","18","8480073"
"chr2","9245782","9246075","KN294484v1","782970","783265","25","8462812"
"chr2","9342355","9342653","KN295523v1","94236","94533","19","9248119"
"chr2","9396656","9396780","KN295171v1","774709","774836","38","8621947"
"chr2","9431819","9432127","KN295523v1","192598","192901","17","9239221"
"chr2","9479012","9479315","KN294385v1","206990","207294","38","9272022"
"chr2","9610348","9610650","KN295523v1","378193","378495","13","9232155"
"chr2","10240079","10240370","KN295523v1","1035177","1035472","15","9204902"
"chr2","10264474","10264771","KN295523v1","1063802","1064098","17","9200672"
"chr2","10336408","10336702","KN294439v1","265245","265540","46","10071163"
"chr2","10338004","10338291","KN295523v1","1158836","1159129","20","9179168"
"chr2","10375840","10376002","KN295294v1","769026","769186","32","9606814"
"chr2","10387218","10387519","KN295523v1","1202086","1202384","21","9185132"
"chr2","10392155","10392196","KN295045v1","1336617","1336651","18","9055538"
"chr2","10416101","10416388","KN295523v1","1233370","1233657","9","9182731"
"chr2","10492433","10492734","KN295523v1","1309472","1309775","11","9182961"
"chr2","10522185","10522474","KN295523v1","1339412","1339701","21","9182773"
"chr2","10728691","10728997","KN295523v1","1555935","1556243","15","9172756"
"chr2","11044387","11044696","KN295523v1","1878241","1878550","22","9166146"
"chr2","11367891","11368084","KN295523v1","2203731","2203924","11","9164160"
"chr2","11524918","11525187","KN294790v1","3847979","3848251","33","7676939"
"chr2","11595251","11595559","KN295523v1","2447781","2448086","16","9147470"
"chr2","11612375","11612666","KN296849v1","394002","394294","40","11218373"
"chr2","11814594","11814857","KN295523v1","2671326","2671592","10","9143268"
"chr2","11889627","11889928","KN295523v1","2747983","2748306","40","9141644"
"chr2","11963329","11963621","KN295523v1","2816909","2817207","24","9146420"
"chr2","12022380","12022569","KN296473v1","44423","44611","17","11977957"
"chr2","12039342","12039649","KN296761v1","97995","98298","31","11941347"
"chr2","12051925","12052238","KN295523v1","2909687","2910013","28","9142238"
"chr2","12077234","12077528","KN295523v1","2936471","2936766","19","9140763"
"chr2","12077973","12078133","KN297008v1","6657903","6658047","30","5420070"
"chr2","12084569","12084732","KN294790v1","2350797","2350969","31","9733772"
"chr2","12117106","12117414","KN295371v1","619650","619955","34","11497456"
"chr2","12130916","12131233","KN295523v1","3000277","3000590","21","9130639"
"chr2","12156760","12156917","KN295480v1","2671032","2671189","36","9485728"
"chr2","12169756","12170053","KN295523v1","3041976","3042278","14","9127780"
"chr2","12172543","12172849","KN295523v1","3044768","3045075","19","9127775"
"chr2","12207089","12207371","KN295523v1","3078904","3079183","16","9128185"
"chr2","12294047","12294310","KN296754v1","238464","238735","52","12055583"
"chr2","12312817","12313123","KN295523v1","3192627","3192929","22","9120190"
"chr2","12330046","12330221","KN295202v1","2028222","2028396","29","10301824"
"chr2","12390941","12391246","KN295523v1","3271345","3271650","12","9119596"
"chr2","12401748","12402047","KN295523v1","3281818","3282131","30","9119930"
"chr2","12563800","12563969","KN295349v1","47758","47931","28","12516042"
"chr2","12564263","12564277","KN294213v1","437220","437234","7","12127043"
"chr2","12694086","12694390","KN295523v1","3581733","3582035","13","9112353"
"chr2","13017097","13017378","KN295523v1","3908655","3908935","18","9108442"
"chr2","13029317","13029567","KN295523v1","3921155","3921407","16","9108162"
"chr2","13080936","13081245","KN295523v1","3973316","3973622","18","9107620"
"chr2","13196254","13196556","KN296380v1","7066","7372","34","13189188"
"chr2","13220178","13220477","KN295523v1","4111704","4112002","23","9108474"
"chr2","13260946","13261244","KN295523v1","4153460","4153762","15","9107486"
"chr2","13292779","13293086","KN295523v1","4185702","4186003","27","9107077"
"chr2","13353096","13353397","KN294873v1","432363","432666","40","12920733"
"chr2","13490585","13490882","KN297203v1","885386","885683","30","12605199"
"chr2","13493461","13493758","KN297203v1","885386","885683","30","12608075"
"chr2","13495802","13496099","KN296739v1","358940","359231","41","13136862"
"chr2","13730896","13731123","KN294407v1","786896","787127","38","12944000"
"chr2","14030502","14030808","KN297079v1","60327","60647","30","13970175"
"chr2","14177870","14178173","KN294470v1","3145457","3145768","37","11032413"
"chr2","14592055","14592364","KN296093v1","185428","185734","35","14406627"
"chr2","14677602","14677897","KN296075v1","590735","591029","37","14086867"
"chr2","14773898","14774216","KN297044v1","108239","108545","44","14665659"
"chr2","14776035","14776341","KN296004v1","398217","398517","47","14377818"
"chr2","14785976","14786260","KN295523v1","1339412","1339701","40","13446564"
"chr2","14803916","14804202","KN296096v1","2440700","2440989","36","12363216"
"chr2","14817858","14818165","KN295236v1","2902206","2902512","40","11915652"
"chr2","14863337","14863681","KN294372v1","1777110","1777425","71","13086227"
"chr2","14925319","14925620","KN297274v1","1136495","1136790","41","13788824"
"chr2","14986383","14986681","KN294619v1","236638","236931","43","14749745"
"chr2","15067438","15067600","KN296153v1","2118691","2118861","32","12948747"
"chr2","15067636","15067756","KN295343v1","665744","665861","17","14401892"
"chr2","15091050","15091205","KN296743v1","1789514","1789673","33","13301536"
"chr2","15102810","15103028","KN297105v1","520174","520396","33","14582636"
"chr2","15281495","15281806","KN296380v1","7066","7372","35","15274429"
"chr2","15285243","15285555","KN294372v1","1311490","1311797","39","13973753"
"chr2","15462341","15462649","KN296000v1","1247118","1247423","48","14215223"
"chr2","15969901","15970217","KN295561v1","84261","84556","38","15885640"
"chr2","16157596","16157883","KN296386v1","236314","236606","41","15921282"
"chr2","16241934","16242230","KN294571v1","2837988","2838277","36","13403946"
"chr2","16275159","16275456","KN296108v1","735240","735530","35","15539919"
"chr2","16291985","16292291","KN297044v1","108239","108545","35","16183746"
"chr2","16389049","16389360","KN294470v1","853499","853808","45","15535550"
"chr2","16436122","16436410","KN295366v1","153538","153829","34","16282584"
"chr2","16452069","16452254","KN295294v1","769026","769186","49","15683043"
"chr2","16452563","16452608","KN296138v1","110078","110127","17","16342485"
"chr2","16493438","16493744","KN296864v1","3059211","3059513","36","13434227"
"chr2","16538575","16538899","KN296075v1","45725","46031","64","16492850"
"chr2","16541896","16542213","KN294292v1","71877","72183","49","16470019"
"chr2","16604127","16604429","KN296430v1","480421","480721","38","16123706"
"chr2","16634669","16634974","KN295854v1","1504180","1504481","40","15130489"
"chr2","17072633","17072929","KN294571v1","1349003","1349300","31","15723630"
"chr2","17386560","17386726","KN294842v1","167464","167629","29","17219096"
"chr2","18128862","18129165","KN294592v1","51794","52092","34","18077068"
"chr2","18163075","18163366","KN296108v1","735240","735530","31","17427835"
"chr2","18263371","18263679","KN295667v1","756874","757180","44","17506497"
"chr2","18411729","18411996","KN294444v1","329995","330265","38","18081734"
"chr2","18453811","18454124","KN296093v1","185428","185734","43","18268383"
"chr2","18487670","18487969","KN295854v1","1504180","1504481","39","16983490"
"chr2","18517570","18517862","KN296096v1","2440700","2440989","34","16076870"
"chr2","18540989","18541299","KN294199v1","195562","195867","36","18345427"
"chr2","18541545","18541841","KN294668v1","2003347","2003642","37","16538198"
"chr2","18805947","18806239","KN294540v1","651367","651664","38","18154580"
"chr2","18842620","18842921","KN296508v1","1489307","1489607","32","17353313"
"chr2","18848944","18849241","KN294372v1","1311490","1311797","35","17537454"
"chr2","18914331","18914636","KN296380v1","7066","7372","37","18907265"
"chr2","19078309","19078605","KN297168v1","14797","15086","35","19063512"
"chr2","19120669","19120851","KN295319v1","430475","430648","36","18690194"
"chr2","19192160","19192469","KN295090v1","1517745","1518055","33","17674415"
"chr2","19262482","19262788","KN296093v1","185428","185734","36","19077054"
"chr2","19478686","19478975","KN295433v1","231726","232018","30","19246960"
"chr2","19546745","19547005","KN296442v1","546513","546771","33","19000232"
"chr2","19591452","19591731","KN294407v1","1565517","1565792","41","18025935"
"chr2","19676635","19676945","KN296380v1","7066","7372","40","19669569"
"chr2","19687812","19688121","KN295671v1","158927","159233","36","19528885"
"chr2","20048886","20049160","KN294790v1","3847979","3848251","43","16200907"
"chr2","20115845","20116140","KN294992v1","21269","21566","44","20094576"
"chr2","20147538","20147821","KN295371v1","415318","415609","39","19732220"
"chr2","20276211","20276223","KN294443v1","170714","170724","5","20105497"
"chr2","20276531","20276691","KN295294v1","769026","769186","33","19507505"
"chr2","20363108","20363415","KN296806v1","78148","78452","41","20284960"
"chr2","20409234","20409538","KN296609v1","1757848","1758154","35","18651386"
"chr2","20500892","20501181","KN294777v1","693618","693909","39","19807274"
"chr2","20519940","20520225","KN295308v1","2066334","2066621","35","18453606"
"chr2","20687083","20687374","KN294292v1","69203","69492","35","20617880"
"chr2","21124696","21124950","KN296495v1","797555","797801","47","20327141"
"chr2","21330717","21331006","KN294571v1","2837988","2838277","30","18492729"
"chr2","21712810","21713105","KN295366v1","153538","153829","34","21559272"
"chr2","21879935","21880095","KN296311v1","1013861","1014022","34","20866074"
"chr2","21922090","21922385","KN297203v1","885386","885683","34","21036704"
"chr2","22386287","22386565","KN295586v1","5293886","5294167","34","17092401"
"chr2","22512363","22512523","KN295480v1","2671032","2671189","29","19841331"
"chr2","22512556","22512671","KN294172v1","3927953","3928072","11","18584603"
"chr2","22874022","22874320","KN295854v1","1504180","1504481","35","21369842"
"chr2","22981213","22981515","KN295343v1","373896","374196","37","22607317"
"chr2","23030637","23030947","KN297245v1","1285463","1285769","22","21745174"
"chr2","23361666","23361962","KN297245v1","945290","945587","18","22416376"
"chr2","23375688","23375977","KN297245v1","931751","932041","16","22443937"
"chr2","23461043","23461341","KN297245v1","846830","847128","17","22614213"
"chr2","23683448","23683774","KN297452v1","1119950","1120276","54","22563498"
"chr2","24017239","24017544","KN297245v1","287785","288093","18","23729454"
"chr2","24075728","24076020","KN297245v1","223021","223314","16","23852707"
"chr2","24301196","24301488","KN296404v1","3881143","3881420","79","20420053"
"chr2","24380767","24381007","KN295294v1","3311128","3311366","37","21069639"
"chr2","24399049","24399356","KN295977v1","1237273","1237582","46","23161776"
"chr2","24605667","24605954","KN295368v1","932737","933018","36","23672930"
"chr2","24819388","24819659","KN294187v1","1949352","1949623","43","22870036"
"chr2","24869150","24869415","KN297154v1","1142723","1142978","32","23726427"
"chr2","24958706","24959009","KN296119v1","3719343","3719648","35","21239363"
"chr2","24976994","24977293","KN294571v1","1349003","1349300","40","23627991"
"chr2","24982092","24982379","KN294396v1","75421","75711","45","24906671"
"chr2","25066453","25066772","KN295984v1","811714","812012","54","24254739"
"chr2","25092465","25092659","KN296119v1","3355213","3355396","34","21737252"
"chr2","25231426","25231592","KN294451v1","850657","850819","21","24380769"
"chr2","25345236","25345549","KN295471v1","232855","233169","37","25112381"
"chr2","25649931","25650222","KN295962v1","2457159","2457455","36","23192772"
"chr2","25787575","25787893","KN295294v1","1271623","1271932","50","24515952"
"chr2","25803747","25804050","KN296761v1","97995","98298","33","25705752"
"chr2","26012487","26012780","KN295746v1","236127","236417","25","25776360"
"chr2","26057039","26057337","KN294172v1","6407720","6408021","42","19649319"
"chr2","26192007","26192315","KN295893v1","6332598","6332904","38","19859409"
"chr2","26265394","26265656","KN297112v1","1907418","1907683","32","24357976"
"chr2","26556835","26557186","KN295114v1","405598","405918","76","26151237"
"chr2","26597071","26597352","KN295257v1","348260","348541","35","26248811"
"chr2","26598933","26599205","KN294873v1","100974","101250","47","26497959"
"chr2","26747707","26748020","KN294499v1","2542984","2543291","38","24204723"
"chr2","27244880","27245189","KN295854v1","1504180","1504481","39","25740700"
"chr2","27447445","27447657","KN296430v1","540489","540695","35","26906956"
"chr2","27564274","27564589","KN296484v1","1024460","1024770","39","26539814"
"chr2","27637610","27637917","KN297203v1","1280233","1280541","38","26357377"
"chr2","27803117","27803407","KN297171v1","3944040","3944339","37","23859077"
"chr2","27838449","27838750","KN295633v1","908638","908940","34","26929811"
"chr2","28075442","28075748","KN294147v1","1614845","1615150","42","26460597"
"chr2","28154495","28154797","KN294619v1","236638","236931","47","27917857"
"chr2","28209749","28210057","KN297203v1","1280233","1280541","44","26929516"
"chr2","28657188","28657476","KN295337v1","296257","296553","39","28360931"
"chr2","28822166","28822464","KN294378v1","1155375","1155674","40","27666791"
"chr2","29414436","29414730","KN296705v1","159764","160055","11","29254672"
"chr2","30394859","30395152","KN297452v1","3189237","3189540","46","27205622"
"chr2","31695303","31695604","KN295962v1","674128","674422","36","31021175"
"chr2","31893151","31893457","KN294501v1","2218064","2218370","38","29675087"
"chr2","32049335","32049501","KN294187v1","1542649","1542810","34","30506686"
"chr2","32050669","32050980","KN296825v1","1702761","1703066","40","30347908"
"chr2","32089447","32089741","KN295962v1","375746","376041","34","31713701"
"chr2","32136077","32136232","KN297008v1","1491597","1491750","29","30644480"
"chr2","32159954","32160136","KN295408v1","16726","16898","35","32143228"
"chr2","32216599","32216896","KN294192v1","872123","872412","33","31344476"
"chr2","32219421","32219717","KN297452v1","1979430","1979725","22","30239991"
"chr2","32273625","32273926","KN294806v1","654839","655140","41","31618786"
"chr2","32274629","32274921","KN294747v1","866490","866789","40","31408139"
"chr2","32392808","32393099","KN295746v1","236127","236417","31","32156681"
"chr2","32417433","32417708","KN294922v1","6435","6707","30","32410998"
"chr2","32485430","32485734","KN296495v1","2925731","2926025","34","29559699"
"chr2","32519780","32520082","KN296153v1","2179938","2180238","39","30339842"
"chr2","32719771","32720101","KN295633v1","1457163","1457472","57","31262608"
"chr2","32823675","32823880","KN294443v1","649310","649513","26","32174365"
"chr2","32833295","32833589","KN295962v1","2457159","2457455","41","30376136"
"chr2","32979270","32979572","KN297044v1","108239","108545","35","32871031"
"chr2","32986145","32986327","KN296119v1","3355213","3355396","36","29630932"
"chr2","32993421","32993680","KN295441v1","873806","874037","93","32119615"
"chr2","33081885","33082176","KN295667v1","1906913","1907200","42","31174972"
"chr2","33098629","33098807","KN296959v1","1152394","1152569","36","31946235"
"chr2","33102063","33102316","KN297274v1","2053072","2053334","47","31048991"
"chr2","33180029","33180193","KN296311v1","1013861","1014022","29","32166168"
"chr2","33180222","33180339","KN294172v1","3927953","3928072","9","29252269"
"chr2","33350544","33350829","KN294407v1","804694","804981","39","32545850"
"chr2","33588029","33588324","KN296096v1","856752","857045","33","32731277"
"chr2","33745296","33745602","KN296000v1","1247118","1247423","33","32498178"
"chr2","33793471","33793644","KN296086v1","825589","825753","40","32967882"
"chr2","33871575","33871856","KN296322v1","2225139","2225414","55","31646436"
"chr2","33885356","33885645","KN294571v1","2837988","2838277","39","31047368"
"chr2","33968237","33968455","KN295894v1","2215631","2215837","37","31752606"
"chr2","34015204","34015452","KN294407v1","786896","787127","49","33228308"
"chr2","34260548","34260857","KN296484v1","1024460","1024770","38","33236088"
"chr2","34455674","34455900","KN294790v1","808923","809138","53","33646751"
"chr2","34511077","34511375","KN294747v1","866490","866789","32","33644587"
"chr2","34517749","34517912","KN296311v1","1013861","1014022","33","33503888"
"chr2","34518968","34519288","KN294790v1","3847979","3848251","75","30670989"
"chr2","34545062","34545349","KN294864v1","121658","121950","40","34423404"
"chr2","34555402","34555590","KN296119v1","3355213","3355396","42","31200189"
"chr2","34563735","34564055","KN296119v1","3556005","3556313","51","31007730"
"chr2","34566809","34567162","KN294499v1","963492","963827","78","33603317"
"chr2","34583557","34583726","KN295349v1","47758","47931","28","34535799"
"chr2","34680558","34680817","KN296062v1","1373798","1374059","38","33306760"
"chr2","34684805","34685104","KN294446v1","290641","290939","32","34394164"
"chr2","34813434","34813744","KN296311v1","2760766","2761075","47","32052668"
"chr2","34841447","34841675","KN294407v1","786896","787127","41","34054551"
"chr2","34947170","34947477","KN297203v1","1280233","1280541","44","33666937"
"chr2","35052523","35052805","KN294493v1","377513","377791","47","34675010"
"chr2","35261838","35262127","KN297008v1","1347751","1348047","58","33914087"
"chr2","35281220","35281505","KN294214v1","138423","138720","22","35142797"
"chr2","35357781","35357944","KN296174v1","30392","30557","26","35327389"
"chr2","35358288","35358586","KN295996v1","883771","884067","24","34474517"
"chr2","35511379","35511657","KN295171v1","404321","404601","18","35107058"
"chr2","35556811","35556869","KN295045v1","1336617","1336651","27","34220194"
"chr2","35783582","35783864","KN297322v1","471577","471862","40","35312005"
"chr2","35783931","35783960","KN296145v1","2755263","2755286","8","33028668"
"chr2","35828123","35828375","KN295964v1","43993","44262","47","35784130"
"chr2","35867637","35867808","KN294980v1","230782","230955","40","35636855"
"chr2","36024728","36024995","KN296864v1","3158673","3158947","61","32866055"
"chr2","36030679","36030840","KN296119v1","2489997","2490161","38","33540682"
"chr2","36094953","36095248","KN297038v1","1342257","1342550","34","34752696"
"chr2","36125185","36125493","KN295361v1","568711","569010","45","35556474"
"chr2","36134250","36134559","KN297343v1","2044825","2045124","37","34089425"
"chr2","36136940","36137239","KN295096v1","447120","447418","36","35689820"
"chr2","36150064","36150361","KN295744v1","235007","235306","36","35915057"
"chr2","36160386","36160689","KN297452v1","1979430","1979725","48","34180956"
"chr2","36412331","36412642","KN295294v1","2747448","2747758","38","33664883"
"chr2","36544856","36545155","KN297274v1","1043910","1044208","36","35500946"
"chr2","36547415","36547666","KN294561v1","1532954","1533202","44","35014461"
"chr2","36644026","36644221","KN296859v1","1427369","1427572","31","35216657"
"chr2","36644473","36644760","KN294619v1","236638","236931","43","36407835"
"chr2","36715338","36715626","KN295045v1","756205","756493","40","35959133"
"chr2","37039582","37039870","KN296263v1","1248040","1248330","37","35791542"
"chr2","37043124","37043424","KN295666v1","2293081","2293377","35","34750043"
"chr2","37044347","37044644","KN296577v1","170798","171097","30","36873549"
"chr2","37060203","37060488","KN297245v1","1400749","1401038","33","35659454"
"chr2","37075760","37076042","KN294506v1","235047","235332","36","36840713"
"chr2","37081673","37081975","KN296145v1","3242116","3242420","41","33839557"
"chr2","37087505","37087782","KN294964v1","433236","433507","52","36654269"
"chr2","37099061","37099365","KN294451v1","1164519","1164817","41","35934542"
"chr2","37138759","37138913","KN296486v1","1714803","1714969","37","35423956"
"chr2","37208331","37208525","KN294571v1","2367043","2367240","50","34841288"
"chr2","37216613","37216906","KN294407v1","2708829","2709123","45","34507784"
"chr2","37633842","37634176","KN294964v1","487984","488301","49","37145858"
"chr2","37683922","37684233","KN295034v1","687258","687569","25","36996664"
"chr2","37699194","37699211","KN295152v1","573368","573383","6","37125826"
"chr2","37699502","37699606","KN296296v1","165106","165204","33","37534396"
"chr2","37758937","37759207","KN295034v1","605356","605626","8","37153581"
"chr2","37759278","37759583","KN295034v1","604953","605250","23","37154325"
"chr2","37770022","37770161","KN296320v1","206630","206772","33","37563392"
"chr2","37789890","37790192","KN296761v1","97995","98298","31","37691895"
"chr2","37807775","37808075","KN295241v1","157199","157498","35","37650576"
"chr2","37861078","37861373","KN296063v1","1250917","1251205","34","36610161"
"chr2","37882882","37883187","KN295034v1","474179","474484","16","37408703"
"chr2","37958051","37958341","KN295075v1","252071","252359","29","37705980"
"chr2","37999097","37999264","KN296502v1","1401296","1401465","25","36597801"
"chr2","37999575","37999605","KN294484v1","362325","362343","14","37637250"
"chr2","38003848","38004143","KN295034v1","356581","356886","24","37647267"
"chr2","38029280","38029616","KN297200v1","98740","99051","63","37930540"
"chr2","38063644","38063972","KN295034v1","295534","295834","43","37768110"
"chr2","38083875","38084158","KN295034v1","276421","276678","38","37807454"
"chr2","38172692","38173058","KN295034v1","178209","178580","15","37994483"
"chr2","38217443","38217608","KN297154v1","211161","211330","33","38006282"
"chr2","38241352","38241624","KN295667v1","2051465","2051707","48","36189887"
"chr2","38280307","38280587","KN295034v1","64250","64533","18","38216057"
"chr2","38288189","38288469","KN295034v1","64250","64533","18","38223939"
"chr2","38383066","38383368","KN296430v1","480421","480721","35","37902645"
"chr2","38414603","38414926","KN296495v1","466178","466476","57","37948425"
"chr2","38441809","38442109","KN294520v1","1300419","1300723","36","37141390"
"chr2","38447620","38447798","KN295967v1","467933","468109","39","37979687"
"chr2","38626729","38626923","KN296752v1","418067","418260","24","38208662"
"chr2","38645710","38646005","KN296096v1","2440700","2440989","38","36205010"
"chr2","38680182","38680474","KN297452v1","1979430","1979725","32","36700752"
"chr2","38689658","38689796","KN295294v1","769026","769186","40","37920632"
"chr2","38794072","38794340","KN294747v1","1170657","1170916","45","37623415"
"chr2","38815114","38815410","KN297452v1","1979430","1979725","30","36835684"
"chr2","38863869","38864133","KN296548v1","206011","206277","46","38657858"
"chr2","38869071","38869359","KN297158v1","136659","136948","47","38732412"
"chr2","38904612","38904913","KN297343v1","2044825","2045124","34","36859787"
"chr2","38910316","38910615","KN294456v1","513291","513590","33","38397025"
"chr2","38947801","38948084","KN297028v1","1113262","1113544","35","37834539"
"chr2","39117990","39118293","KN295346v1","1790082","1790382","53","37327908"
"chr2","39255252","39255538","KN295366v1","153538","153829","37","39101714"
"chr2","39394978","39395289","KN294598v1","112632","112943","28","39282346"
"chr2","40491147","40491457","KN295430v1","2571642","2571950","42","37919505"
"chr2","41190873","41191152","KN297227v1","240655","240937","33","40950218"
"chr2","41879205","41879537","KN296913v1","116497","116800","53","41762708"
"chr2","42292006","42292315","KN295471v1","232855","233169","42","42059151"
"chr2","42303523","42303877","KN294193v1","868371","868704","65","41435152"
"chr2","42537369","42537664","KN295586v1","5713036","5713339","42","36824333"
"chr2","42550585","42550878","KN297197v1","4684189","4684491","41","37866396"
"chr2","42694780","42695089","KN294446v1","290641","290939","41","42404139"
"chr2","42695846","42695985","KN296320v1","206630","206772","41","42489216"
"chr2","42695986","42696282","KN295607v1","3847358","3847661","34","38848628"
"chr2","42715446","42715601","KN297008v1","1441000","1441155","28","41274446"
"chr2","42774004","42774295","KN295610v1","214584","214872","47","42559420"
"chr2","42845545","42845826","KN294260v1","1176867","1177150","57","41668678"
"chr2","42894840","42895145","KN296119v1","3556005","3556313","39","39338835"
"chr2","42914794","42915077","KN295257v1","348260","348541","41","42566534"
"chr2","42974854","42975152","KN294592v1","51794","52092","39","42923060"
"chr2","42995622","42995922","KN294540v1","651367","651664","39","42344255"
"chr2","43055243","43055546","KN295319v1","23766","24059","44","43031477"
"chr2","43143485","43143796","KN295096v1","560472","560785","45","42583013"
"chr2","43432100","43432375","KN297078v1","283087","283362","9","43149013"
"chr2","43561753","43562043","KN297078v1","419983","420273","7","43141770"
"chr2","43575769","43576092","KN296036v1","1696646","1696968","47","41879123"
"chr2","44283202","44283497","KN297078v1","1153368","1153660","26","43129834"
"chr2","44389031","44389333","KN297078v1","1259910","1260212","12","43129121"
"chr2","44528225","44528534","KN295284v1","267335","267639","38","44260890"
"chr2","44787468","44787718","KN297038v1","1955944","1956196","36","42831524"
"chr2","45272430","45272736","KN294416v1","303238","303546","40","44969192"
"chr2","45276464","45276786","KN294536v1","1166329","1166654","46","44110135"
"chr2","45521766","45522070","KN295898v1","367649","367950","38","45154117"
"chr2","45548140","45548446","KN294705v1","1109306","1109614","34","44438834"
"chr2","45698016","45698319","KN295744v1","235007","235306","40","45463009"
"chr2","45780633","45780940","KN294741v1","1500606","1500917","44","44280027"
"chr2","45896125","45896424","KN295085v1","701322","701622","27","45194803"
"chr2","45993085","45993249","KN296486v1","1714803","1714969","31","44278282"
"chr2","46291301","46291610","KN296311v1","4780889","4781195","42","41510412"
"chr2","46437435","46437706","KN294848v1","313556","313826","43","46123879"
"chr2","46627244","46627553","KN294705v1","1109306","1109614","42","45517938"
"chr2","46667255","46667555","KN294747v1","866490","866789","46","45800765"
"chr2","46796130","46796436","KN295236v1","2629750","2630062","38","44166380"
"chr2","46880764","46881060","KN295361v1","760021","760325","44","46120743"
"chr2","47057368","47057573","KN297249v1","290537","290743","27","46766831"
"chr2","47290944","47291242","KN296278v1","166548","166844","34","47124396"
"chr2","47440466","47440775","KN296502v1","1465320","1465630","14","45975146"
"chr2","48061530","48061792","KN296502v1","820540","820817","32","47240990"
"chr2","48224536","48224793","KN296062v1","1373798","1374059","42","46850738"
"chr2","49030748","49030851","KN295171v1","774709","774836","40","48256039"
"chr2","49510405","49510711","KN296435v1","3075414","3075711","17","46434991"
"chr2","49536035","49536324","KN296435v1","3049403","3049691","18","46486632"
"chr2","49763332","49763623","KN296435v1","2826416","2826697","24","46936916"
"chr2","49931079","49931366","KN296435v1","2654305","2654595","15","47276774"
"chr2","50062042","50062338","KN294850v1","121634","121934","36","49940408"
"chr2","50173222","50173365","KN296320v1","206630","206772","27","49966592"
"chr2","50312462","50312772","KN296435v1","2271548","2271854","17","48040914"
"chr2","50342754","50343038","KN294977v1","187585","187879","58","50155169"
"chr2","51095717","51096018","KN295366v1","153538","153829","45","50942179"
"chr2","51109305","51109599","KN295090v1","39636","39928","50","51069669"
"chr2","51771404","51771551","KN295814v1","1118418","1118576","48","50652986"
"chr2","51771597","51771705","KN294172v1","5423877","5423985","18","46347720"
"chr2","51906773","51907071","KN296435v1","658065","658366","23","51248708"
"chr2","51974153","51974467","KN294485v1","105000","105306","43","51869153"
"chr2","52012199","52012480","KN296435v1","550477","550755","21","51461722"
"chr2","52558536","52558828","KN297452v1","1979430","1979725","30","50579106"
"chr2","52620259","52620464","KN294416v1","523339","523527","46","52096920"
"chr2","52648803","52649100","KN295366v1","137020","137320","50","52511783"
"chr2","53043563","53043867","KN294214v1","1764001","1764304","18","51279562"
"chr2","53858306","53858610","KN296391v1","36675","36982","32","53821631"
"chr2","53935929","53936213","KN294506v1","235047","235332","38","53700882"
"chr2","53936557","53936868","KN296093v1","185428","185734","36","53751129"
"chr2","54114119","54114334","KN296365v1","679575","679791","24","53434544"
"chr2","54158944","54159224","KN297320v1","126805","127086","46","54032139"
"chr2","54276662","54276949","KN296167v1","390890","391180","28","53885772"
"chr2","54500636","54500943","KN296714v1","13919","14225","32","54486717"
"chr2","54559704","54559976","KN295257v1","348260","348541","41","54211444"
"chr2","54581060","54581237","KN295995v1","71091","71264","41","54509969"
"chr2","54581264","54581349","KN296096v1","3761648","3761740","18","50819616"
"chr2","54680291","54680573","KN296139v1","7891","8178","36","54672400"
"chr2","54789688","54789988","KN294218v1","2202652","2202952","35","52587036"
"chr2","55197046","55197342","KN295171v1","1412453","1412742","19","53784593"
"chr2","55402346","55402644","KN295171v1","1183770","1184079","23","54218576"
"chr2","55479770","55480114","KN294346v1","313844","314182","81","55165926"
"chr2","55513423","55513720","KN295171v1","1073157","1073454","14","54440266"
"chr2","55739705","55739996","KN295171v1","826970","827256","20","54912735"
"chr2","55753751","55754042","KN295171v1","812546","812831","23","54941205"
"chr2","55782104","55782275","KN297327v1","115615","115784","31","55666489"
"chr2","55787967","55788226","KN296138v1","307856","308112","31","55480111"
"chr2","55971215","55971526","KN296311v1","4407380","4407669","83","51563835"
"chr2","56296244","56296539","KN295633v1","2020236","2020539","43","54276008"
"chr2","56348533","56348821","KN297233v1","1086453","1086742","36","55262080"
"chr2","56363943","56364141","KN296859v1","1427369","1427572","35","54936574"
"chr2","56442726","56442846","KN296311v1","3395386","3395501","32","53047340"
"chr2","56464763","56465053","KN294214v1","323483","323775","21","56141280"
"chr2","56471532","56471812","KN294251v1","953303","953582","37","55518229"
"chr2","56493596","56493905","KN296380v1","7066","7372","36","56486530"
"chr2","56496256","56496518","KN295825v1","845888","846143","31","55650368"
"chr2","56573510","56573812","KN296119v1","3719343","3719648","47","52854167"
"chr2","56619530","56619818","KN294569v1","795781","796071","37","55823749"
"chr2","56649980","56650280","KN294269v1","772756","773053","45","55877224"
"chr2","56661399","56661536","KN295090v1","392347","392462","67","56269052"
"chr2","56670232","56670282","KN295045v1","1336617","1336651","22","55333615"
"chr2","56777080","56777368","KN294416v1","1432607","1432900","40","55344473"
"chr2","56782758","56782953","KN295045v1","1182493","1182695","37","55600265"
"chr2","57267464","57267760","KN296495v1","1209717","1210015","35","56057747"
"chr2","57454561","57454849","KN295586v1","5261625","5261919","46","52192936"
"chr2","57521020","57521309","KN296063v1","1250917","1251205","36","56270103"
"chr2","57540854","57541156","KN296004v1","353630","353936","44","57187224"
"chr2","57576356","57576519","KN294451v1","850657","850819","33","56725699"
"chr2","57621226","57621511","KN296009v1","1376950","1377229","35","56244276"
"chr2","57647840","57648106","KN295368v1","932737","933018","53","56715103"
"chr2","57651960","57652256","KN296826v1","122558","122853","39","57529402"
"chr2","57673276","57673422","KN295814v1","1118418","1118576","31","56554858"
"chr2","57691932","57692208","KN295753v1","245053","245324","43","57446879"
"chr2","57705001","57705313","KN297197v1","3802947","3803249","46","53902054"
"chr2","57725074","57725355","KN296105v1","3050","3333","22","57722024"
"chr2","57801631","57801913","KN295533v1","956311","956588","40","56845320"
"chr2","57836502","57836786","KN294705v1","870227","870507","30","56966275"
"chr2","57957558","57957870","KN296380v1","7066","7372","40","57950492"
"chr2","57971795","57972095","KN294850v1","121634","121934","36","57850161"
"chr2","58150895","58151200","KN296119v1","3556005","3556313","36","54594890"
"chr2","58647269","58647566","KN296244v1","671098","671393","39","57976171"
"chr2","58682148","58682438","KN295045v1","756205","756493","31","57925943"
"chr2","58758665","58758840","KN294596v1","141115","141287","27","58617550"
"chr2","58881212","58881514","KN294499v1","1420767","1421064","53","57460445"
"chr2","59006920","59007207","KN294456v1","63433","63720","38","58943487"
"chr2","59045374","59045668","KN297452v1","1979430","1979725","29","57065944"
"chr2","59130582","59130897","KN294457v1","81039","81353","34","59049543"
"chr2","59337416","59337721","KN296119v1","3556005","3556313","31","55781411"
"chr2","59376606","59376622","KN295152v1","573368","573383","4","58803238"
"chr2","59376933","59377109","KN295202v1","2028222","2028396","38","57348711"
"chr2","59456576","59456884","KN294303v1","302773","303083","32","59153803"
"chr2","60052546","60052859","KN294917v1","971842","972153","35","59080704"
"chr2","60117835","60118126","KN297452v1","1979430","1979725","24","58138405"
"chr2","60278965","60279247","KN296093v1","670","960","35","60278295"
"chr2","60468181","60468470","KN294269v1","517955","518242","23","59950226"
"chr2","60508518","60508808","KN294269v1","558885","559182","15","59949633"
"chr2","60834192","60834481","KN294269v1","877554","877843","9","59956638"
"chr2","61047923","61048211","KN294269v1","1104065","1104351","9","59943858"
"chr2","61113340","61113574","KN294269v1","1170294","1170536","21","59943046"
"chr2","61320236","61320514","KN294269v1","1392794","1393071","12","59927442"
"chr2","61322185","61322376","KN294499v1","488200","488396","37","60833985"
"chr2","61364595","61364905","KN294269v1","1434973","1435279","18","59929622"
"chr2","61814867","61815155","KN294571v1","2837988","2838277","35","58976879"
"chr2","61983893","61983947","KN295045v1","1336617","1336651","26","60647276"
"chr2","62123664","62123910","KN295854v1","524387","524638","16","61599277"
"chr2","62629530","62629840","KN295371v1","255428","255736","43","62374102"
"chr2","62667616","62667923","KN295854v1","1075692","1076025","38","61591924"
"chr2","62755383","62755697","KN295854v1","1164158","1164486","30","61591225"
"chr2","62891894","62892182","KN295854v1","1313417","1313711","23","61578477"
"chr2","63081506","63081823","KN295854v1","1504180","1504481","28","61577326"
"chr2","63110878","63111153","KN296495v1","1243624","1243910","42","61867254"
"chr2","63112691","63113001","KN294957v1","72107","72416","38","63040584"
"chr2","63154218","63154386","KN296922v1","308569","308730","43","62845649"
"chr2","63331880","63332177","KN295854v1","1768103","1768407","19","61563777"
"chr2","63340810","63341096","KN295854v1","1777011","1777297","11","61563799"
"chr2","63351739","63352032","KN296609v1","1410682","1410982","39","61941057"
"chr2","63406315","63406620","KN296948v1","160688","160987","37","63245627"
"chr2","63423664","63423958","KN295854v1","1876410","1876722","30","61547254"
"chr2","63457391","63457684","KN294373v1","1407897","1408188","37","62049494"
"chr2","63876514","63876795","KN296869v1","274126","274408","18","63602388"
"chr2","64018459","64018738","KN296869v1","420915","421196","18","63597544"
"chr2","64284908","64285204","KN296869v1","683224","683516","18","63601684"
"chr2","64405287","64405583","KN296869v1","819528","819824","15","63585759"
"chr2","64428974","64429280","KN296000v1","1247118","1247423","36","63181856"
"chr2","64826700","64827010","KN294739v1","1113470","1113775","48","63713230"
"chr2","65149999","65150302","KN295343v1","373896","374196","35","64776103"
"chr2","65448639","65448939","KN297452v1","1979430","1979725","40","63469209"
"chr2","65454349","65454634","KN295692v1","1615973","1616263","42","63838376"
"chr2","65598126","65598400","KN294790v1","3847979","3848251","40","61750147"
"chr2","65775244","65775549","KN294456v1","348346","348646","40","65426898"
"chr2","66305505","66305793","KN296376v1","75936","76229","39","66229569"
"chr2","66349526","66349805","KN297381v1","316049","316331","34","66033477"
"chr2","66377227","66377514","KN295857v1","32063","32348","36","66345164"
"chr2","66411387","66411668","KN295405v1","157962","158246","31","66253425"
"chr2","66685724","66686015","KN297452v1","1979430","1979725","32","64706294"
"chr2","66834210","66834396","KN296153v1","2118691","2118861","37","64715519"
"chr2","66834445","66834562","KN296153v1","1058785","1058901","14","65775660"
"chr2","67006462","67006739","KN296476v1","9706","9987","45","66996756"
"chr2","67140180","67140488","KN294147v1","1614845","1615150","44","65525335"
"chr2","67227937","67228230","KN297159v1","2909102","2909401","35","64318835"
"chr2","67963024","67963321","KN295725v1","196183","196481","40","67766841"
"chr2","68365880","68366175","KN295651v1","1220529","1220826","19","67145351"
"chr2","68421192","68421473","KN295651v1","1164174","1164451","20","67257018"
"chr2","68449843","68450165","KN295651v1","1145861","1146156","39","67303982"
"chr2","68452723","68453028","KN295651v1","1143000","1143301","25","67309723"
"chr2","68453576","68453809","KN295651v1","1142223","1142456","14","67311353"
"chr2","68492410","68492686","KN295474v1","1248919","1249206","49","67243491"
"chr2","68540854","68541158","KN295651v1","1055041","1055347","21","67485813"
"chr2","68559554","68559788","KN295651v1","1036643","1036870","26","67522911"
"chr2","68702602","68702893","KN295651v1","891097","891388","14","67811505"
"chr2","68850213","68850503","KN294957v1","53012","53308","33","68797201"
"chr2","68907009","68907294","KN295651v1","673538","673839","32","68233471"
"chr2","69229043","69229344","KN295424v1","423225","423534","59","68805818"
"chr2","69257275","69257585","KN295651v1","319046","319357","24","68938229"
"chr2","69662536","69662810","KN295651v1","184636","184910","19","69477900"
"chr2","69671980","69672254","KN295651v1","184636","184910","19","69487344"
"chr2","69793038","69793334","KN296311v1","6796181","6796478","47","62996857"
"chr2","69838736","69839046","KN295651v1","5792","6101","16","69832944"
"chr2","70017278","70017588","KN297044v1","108239","108545","39","69909039"
"chr2","70054464","70054745","KN295717v1","287965","288247","43","69766499"
"chr2","70127807","70128114","KN294499v1","2542984","2543291","29","67584823"
"chr2","70181649","70181943","KN296926v1","395917","396212","41","69785732"
"chr2","70206602","70206909","KN297044v1","108239","108545","32","70098363"
"chr2","70435680","70435943","KN296201v1","2225366","2225632","44","68210314"
"chr2","70510324","70510617","KN296826v1","122558","122853","39","70387766"
"chr2","70538460","70538576","KN294172v1","5423877","5423985","27","65114583"
"chr2","70843295","70843599","KN294499v1","2542984","2543291","46","68300311"
"chr2","71035726","71035999","KN296485v1","447446","447718","52","70588280"
"chr2","71085451","71085712","KN295294v1","725599","725844","54","70359852"
"chr2","71115114","71115406","KN296342v1","158690","158979","42","70956424"
"chr2","71195014","71195321","KN294218v1","2054777","2055092","41","69140237"
"chr2","71476239","71476533","KN295294v1","2609814","2610110","40","68866425"
"chr2","71496515","71496805","KN294172v1","2053418","2053711","41","69443097"
"chr2","71603177","71603486","KN295610v1","175650","175959","42","71427527"
"chr2","71846869","71847096","KN297095v1","3589357","3589578","40","68257512"
"chr2","71973142","71973448","KN296380v1","7066","7372","44","71966076"
"chr2","72014429","72014699","KN294326v1","460637","460911","39","71553792"
"chr2","72266391","72266668","KN296921v1","582223","582504","41","71684168"
"chr2","72483099","72483431","KN294520v1","1287236","1287558","54","71195863"
"chr2","72633007","72633305","KN294583v1","245896","246194","51","72387111"
"chr2","73004223","73004516","KN295596v1","71480","71773","46","72932743"
"chr2","73263299","73263605","KN296714v1","13919","14225","45","73249380"
"chr2","73570028","73570354","KN296119v1","3077345","3077652","52","70492683"
"chr2","73745006","73745179","KN297154v1","1695463","1695633","37","72049543"
"chr2","74163152","74163454","KN296380v1","7066","7372","39","74156086"
"chr2","74314583","74314876","KN295034v1","64250","64533","45","74250333"
"chr2","74450576","74450924","KN296430v1","264026","264350","69","74186550"
"chr2","74765166","74765446","KN295552v1","212176","212457","41","74552990"
"chr2","74929866","74930162","KN294499v1","114042","114335","35","74815824"
"chr2","75018233","75018537","KN295854v1","1504180","1504481","31","73514053"
"chr2","75056321","75056621","KN294269v1","772756","773053","34","74283565"
"chr2","75154137","75154447","KN296153v1","1424950","1425255","48","73729187"
"chr2","75157453","75157621","KN294596v1","141115","141287","28","75016338"
"chr2","75204469","75204808","KN297274v1","1412869","1413197","47","73791600"
"chr2","75410578","75410871","KN296609v1","1815221","1815514","35","73595357"
"chr2","75787070","75787193","KN296884v1","1422698","1422842","45","74364372"
"chr2","75954102","75954401","KN294850v1","121634","121934","43","75832468"
"chr2","75980646","75980929","KN295501v1","506527","506803","55","75474119"
"chr2","75995250","75995442","KN295236v1","4802595","4802791","54","71192655"
"chr2","76349090","76349395","KN296864v1","3059211","3059513","46","73289879"
"chr2","76609743","76610054","KN295096v1","1625375","1625686","33","74984368"
"chr2","76789383","76789681","KN295923v1","1430363","1430659","45","75359020"
"chr2","76816829","76817119","KN296306v1","1833651","1833939","32","74983178"
"chr2","76895526","76895814","KN295366v1","153538","153829","36","76741988"
"chr2","77229563","77229872","KN294583v1","150468","150773","38","77079095"
"chr2","77784319","77784600","KN297083v1","400309","400588","32","77384010"
"chr2","77798035","77798346","KN294980v1","865158","865465","22","76932877"
"chr2","77944616","77944762","KN297008v1","6658074","6658213","23","71286542"
"chr2","77944804","77944975","KN296174v1","30392","30557","35","77914412"
"chr2","77976382","77976660","KN294980v1","683280","683568","30","77293102"
"chr2","78152911","78153197","KN294978v1","2379848","2380134","56","75773063"
"chr2","78304898","78305114","KN294980v1","273161","273374","14","78031737"
"chr2","78335428","78335541","KN294980v1","230986","231111","16","78104442"
"chr2","78335581","78335758","KN294980v1","230782","230955","10","78104799"
"chr2","78347155","78347457","KN294980v1","208729","209032","13","78138426"
"chr2","78423648","78423952","KN297208v1","14881","15187","19","78408767"
"chr2","78437776","78438086","KN294883v1","392954","393264","33","78044822"
"chr2","78459613","78459896","KN295596v1","2940377","2940662","42","75519236"
"chr2","78564156","78564446","KN294192v1","872123","872412","35","77692033"
"chr2","78610973","78611282","KN294385v1","291689","291997","34","78319284"
"chr2","78744405","78744679","KN295257v1","348260","348541","43","78396145"
"chr2","78883358","78883641","KN294705v1","870227","870507","36","78013131"
"chr2","78992201","78992464","KN296877v1","433195","433458","47","78559006"
"chr2","78995219","78995526","KN294499v1","2542984","2543291","33","76452235"
"chr2","79112265","79112541","KN296281v1","334470","334737","46","78777795"
"chr2","79307697","79307993","KN296609v1","1410682","1410982","34","77897015"
"chr2","79735375","79735692","KN295090v1","1599983","1600291","45","78135392"
"chr2","80170496","80170674","KN296959v1","1152394","1152569","34","79018102"
"chr2","80184117","80184426","KN296004v1","353630","353936","46","79830487"
"chr2","80210195","80210492","KN295102v1","336832","337130","38","79873363"
"chr2","80278369","80278641","KN294181v1","1563897","1564165","18","78714472"
"chr2","80339436","80339745","KN295045v1","49997","50305","46","80289439"
"chr2","80339882","80340026","KN294182v1","504737","504883","41","79835145"
"chr2","80424204","80424503","KN294181v1","1407323","1407629","36","79016881"
"chr2","80445774","80446096","KN295070v1","36723","37043","35","80409051"
"chr2","80586157","80586478","KN294181v1","1241769","1242085","35","79344388"
"chr2","80611296","80611577","KN294592v1","300620","300898","43","80310676"
"chr2","80808190","80808526","KN294181v1","1011769","1012076","40","79796421"
"chr2","80864734","80865051","KN294181v1","955703","956020","17","79909031"
"chr2","81082603","81082924","KN294181v1","714755","715079","15","80367848"
"chr2","81139894","81140231","KN295523v1","2909687","2910013","57","78230207"
"chr2","81256208","81256509","KN294181v1","538077","538387","19","80718131"
"chr2","81301635","81301920","KN294181v1","488569","488854","17","80813066"
"chr2","81549593","81549899","KN294181v1","245915","246214","19","81303678"
"chr2","81551600","81551907","KN294181v1","243608","243919","23","81307992"
"chr2","81626163","81626467","KN295893v1","6332598","6332904","37","75293565"
"chr2","81859476","81859733","KN296365v1","2090999","2091236","32","79768477"
"chr2","81980830","81981138","KN296365v1","1967768","1968079","14","80013062"
"chr2","82342826","82343132","KN294187v1","188357","188668","40","82154469"
"chr2","82396395","82396719","KN296365v1","1556024","1556333","30","80840371"
"chr2","82404840","82405139","KN296365v1","1548934","1549236","15","80855906"
"chr2","82431421","82431735","KN296365v1","1522614","1522931","12","80908807"
"chr2","82433837","82434119","KN296365v1","1520559","1520840","13","80913278"
"chr2","82551132","82551425","KN294499v1","114042","114335","32","82437090"
"chr2","82561731","82562035","KN296486v1","447375","447682","34","82114356"
"chr2","82621409","82621705","KN294167v1","182699","183001","36","82438710"
"chr2","82625164","82625471","KN296145v1","3242116","3242420","36","79383048"
"chr2","82725588","82725889","KN296365v1","1222981","1223284","18","81502607"
"chr2","83023508","83023766","KN296365v1","918348","918606","18","82105160"
"chr2","83178583","83178888","KN297452v1","1979430","1979725","38","81199153"
"chr2","83216202","83216333","KN294713v1","814138","814290","45","82402064"
"chr2","83224648","83224939","KN296365v1","715772","716073","20","82508876"
"chr2","83263625","83263915","KN295075v1","252071","252359","33","83011554"
"chr2","83380503","83380787","KN295366v1","153538","153829","33","83226965"
"chr2","83624455","83624703","KN296365v1","320241","320503","26","83304214"
"chr2","83698242","83698540","KN296880v1","293781","294079","34","83404461"
"chr2","83990076","83990356","KN295586v1","5293886","5294167","43","78696190"
"chr2","84069315","84069596","KN297227v1","240655","240937","32","83828660"
"chr2","84321305","84321590","KN294378v1","1042916","1043212","45","83278389"
"chr2","84397777","84398073","KN295533v1","1124359","1124653","34","83273418"
"chr2","84416124","84416416","KN294399v1","115875","116174","42","84300249"
"chr2","84929366","84929671","KN294385v1","767967","768276","33","84161399"
"chr2","84989233","84989527","KN297242v1","2085238","2085533","33","82903995"
"chr2","85025557","85025829","KN295717v1","251304","251574","25","84774253"
"chr2","85110586","85110888","KN294583v1","245896","246194","36","84864690"
"chr2","85137633","85137910","KN297028v1","1113262","1113544","40","84024371"
"chr2","85328160","85328475","KN296380v1","7066","7372","36","85321094"
"chr2","85336699","85336946","KN295869v1","1226325","1226572","36","84110374"
"chr2","85483165","85483461","KN295544v1","58095","58390","14","85425070"
"chr2","85569281","85569533","KN295544v1","200687","200940","12","85368594"
"chr2","85805913","85806202","KN295343v1","373896","374196","37","85432017"
"chr2","85813310","85813618","KN295091v1","924044","924353","31","84889266"
"chr2","85814560","85814851","KN296079v1","1016819","1017116","35","84797741"
"chr2","86091455","86091770","KN295441v1","444133","444441","47","85647322"
"chr2","86145574","86145850","KN296138v1","156760","157041","35","85988814"
"chr2","86215321","86215626","KN294457v1","218022","218318","42","85997299"
"chr2","86386497","86386748","KN296343v1","243810","244060","29","86142687"
"chr2","86465831","86466095","KN295708v1","433842","434102","45","86031989"
"chr2","86507061","86507361","KN294570v1","184409","184707","38","86322652"
"chr2","86509704","86510010","KN296849v1","441458","441760","33","86068246"
"chr2","86667476","86667787","KN296153v1","2694614","2694921","36","83972862"
"chr2","86756777","86756946","KN294790v1","2350797","2350969","33","84405980"
"chr2","86818792","86819081","KN295366v1","153538","153829","31","86665254"
"chr2","86833196","86833489","KN296732v1","1798740","1799034","35","85034456"
"chr2","86872406","86872686","KN294501v1","987158","987439","40","85885248"
"chr2","86945838","86946136","KN294373v1","1407897","1408188","41","85537941"
"chr2","87053246","87053455","KN295402v1","1054314","1054523","28","85998932"
"chr2","87213670","87213976","KN296119v1","2087223","2087529","33","85126447"
"chr2","87475464","87475753","KN296261v1","122004","122293","12","87353460"
"chr2","87477469","87477775","KN296948v1","20580","20890","38","87456889"
"chr2","87841378","87841569","KN294378v1","1680015","1680191","39","86161363"
"chr2","87841878","87842011","KN294571v1","2366600","2366733","15","85475278"
"chr2","87863865","87864175","KN296484v1","1024460","1024770","35","86839405"
"chr2","87969838","87970035","KN294416v1","523339","523527","25","87446499"
"chr2","88150583","88150871","KN294945v1","196838","197127","19","87953745"
"chr2","88433728","88434029","KN294940v1","380863","381150","38","88052865"
"chr2","88482286","88482585","KN294945v1","552641","552944","14","87929645"
"chr2","88574862","88575058","KN296864v1","1527902","1528096","13","87046960"
"chr2","89384935","89385252","KN296520v1","969088","969409","13","88415847"
"chr2","89476173","89476467","KN296520v1","883045","883339","13","88593128"
"chr2","89877422","89877563","KN297274v1","555212","555355","12","89322210"
"chr2","89877807","89878027","KN295301v1","240798","241015","52","89637009"
"chr2","89879675","89879976","KN296795v1","305239","305534","42","89574436"
"chr2","89880951","89881231","KN294399v1","178526","178809","25","89702425"
"chr2","89901736","89902038","KN296520v1","428027","428334","40","89473709"
"chr2","89913999","89914310","KN296520v1","414057","414375","19","89499942"
"chr2","89919302","89919569","KN294991v1","1322409","1322675","47","88596893"
"chr2","90010857","90011146","KN296520v1","307583","307877","48","89703274"
"chr2","90051512","90051802","KN296520v1","263780","264070","20","89787732"
"chr2","90108811","90109110","KN296520v1","208374","208669","16","89900437"
"chr2","90155844","90156147","KN295633v1","2020236","2020539","32","88135608"
"chr3","51635","51961","KN295157v1","331252","331578","12","279617"
"chr3","101686","101980","KN295157v1","286009","286304","24","184323"
"chr3","143896","144200","KN295157v1","240714","241018","19","96818"
"chr3","188643","188936","KN295157v1","191252","191559","40","2609"
"chr3","209972","210276","KN295157v1","168956","169252","27","41016"
"chr3","224087","224396","KN296062v1","2620590","2620895","41","2396503"
"chr3","505356","505655","KN294685v1","103286","103585","15","402070"
"chr3","604006","604286","KN295257v1","348260","348541","54","255746"
"chr3","815064","815363","KN296495v1","2925731","2926025","28","2110667"
"chr3","908648","908938","KN294685v1","585049","585336","18","323599"
"chr3","965660","965952","KN296970v1","1175434","1175726","39","209774"
"chr3","1021439","1021591","KN295814v1","1118418","1118576","28","96979"
"chr3","1029518","1029797","KN294987v1","598695","598975","34","430823"
"chr3","1062765","1063053","KN294685v1","721069","721360","21","341696"
"chr3","1098066","1098231","KN296311v1","1013861","1014022","25","84205"
"chr3","1173388","1173608","KN295748v1","191135","191363","36","982253"
"chr3","1221518","1221662","KN295236v1","4199870","4200015","59","2978352"
"chr3","1286675","1286848","KN296879v1","570900","571072","46","715775"
"chr3","1290924","1291213","KN297452v1","1979430","1979725","25","688506"
"chr3","1291571","1291873","KN294685v1","970173","970472","13","321398"
"chr3","1500728","1501025","KN294685v1","1160278","1160587","34","340450"
"chr3","1675581","1675892","KN294685v1","1346044","1346352","14","329537"
"chr3","1684695","1685000","KN295284v1","267335","267639","36","1417360"
"chr3","2874930","2875230","KN295375v1","975768","976074","36","1899162"
"chr3","2878163","2878467","KN297044v1","108239","108545","42","2769924"
"chr3","3011692","3011997","KN294471v1","2640","2934","28","3009052"
"chr3","3032268","3032538","KN294471v1","18625","18925","39","3013643"
"chr3","3040255","3040552","KN294471v1","26759","27063","17","3013496"
"chr3","3076936","3077229","KN294471v1","64208","64513","33","3012728"
"chr3","3148577","3148874","KN294713v1","906973","907266","38","2241604"
"chr3","3152718","3153026","KN294471v1","127470","127792","36","3025248"
"chr3","3186559","3186866","KN296153v1","2694614","2694921","30","491945"
"chr3","3215485","3215793","KN296119v1","3556005","3556313","41","340520"
"chr3","3258447","3258599","KN294181v1","939094","939251","19","2319353"
"chr3","3263799","3264118","KN296004v1","353630","353936","43","2910169"
"chr3","3595923","3596084","KN296430v1","705227","705382","31","2890696"
"chr3","3759414","3759723","KN294404v1","345594","345889","36","3413820"
"chr3","3890693","3890964","KN294790v1","3847979","3848251","36","42714"
"chr3","3944848","3945044","KN294404v1","154424","154626","14","3790424"
"chr3","4210593","4210888","KN294949v1","122324","122625","19","4088269"
"chr3","4226260","4226555","KN294949v1","139084","139380","11","4087176"
"chr3","4229430","4229740","KN294949v1","142900","143219","25","4086530"
"chr3","4628760","4629066","KN294949v1","563651","563952","19","4065109"
"chr3","4688288","4688601","KN294949v1","621461","621767","33","4066827"
"chr3","4918809","4919109","KN294949v1","863794","864096","21","4055015"
"chr3","5056035","5056208","KN296174v1","30392","30557","44","5025643"
"chr3","5534327","5534628","KN294949v1","1533218","1533528","19","4001109"
"chr3","5700207","5700515","KN295991v1","231987","232297","34","5468220"
"chr3","6004039","6004335","KN297319v1","873192","873486","16","5130847"
"chr3","6337772","6337932","KN296174v1","30392","30557","43","6307380"
"chr3","6366386","6366679","KN297319v1","508052","508341","23","5858334"
"chr3","6424033","6424332","KN297319v1","457467","457772","18","5966566"
"chr3","6474299","6474611","KN294416v1","768533","768836","41","5705766"
"chr3","7059401","7059724","KN296036v1","1696646","1696968","38","5362755"
"chr3","7102518","7102823","KN296000v1","1247118","1247423","34","5855400"
"chr3","7106222","7106524","KN294224v1","1231932","1232234","11","5874290"
"chr3","7137090","7137360","KN294172v1","4114073","4114355","59","3023017"
"chr3","7230275","7230515","KN295346v1","2016016","2016261","53","5214259"
"chr3","7230703","7230999","KN294224v1","1096933","1097216","26","6133770"
"chr3","7460499","7460796","KN294224v1","865067","865377","26","6595432"
"chr3","7532021","7532322","KN294224v1","792817","793120","15","6739204"
"chr3","7696997","7697291","KN294224v1","632559","632859","18","7064438"
"chr3","7868878","7869164","KN296139v1","7891","8178","41","7860987"
"chr3","7880781","7881057","KN294224v1","435243","435529","24","7445538"
"chr3","7893243","7893543","KN296635v1","1808458","1808757","36","6084785"
"chr3","7987728","7988020","KN295371v1","415318","415609","41","7572410"
"chr3","8163663","8163968","KN295936v1","2770576","2770884","40","5393087"
"chr3","8624248","8624532","KN296145v1","3519565","3519846","18","5104683"
"chr3","8850612","8850905","KN296145v1","3271471","3271763","18","5579141"
"chr3","8890126","8890425","KN296145v1","3231328","3231629","20","5658798"
"chr3","8891351","8891624","KN294510v1","147346","147636","54","8744005"
"chr3","8896882","8897173","KN296145v1","3219494","3219793","26","5677388"
"chr3","9015522","9015787","KN294825v1","131262","131525","31","8884260"
"chr3","9079887","9080197","KN296145v1","3018157","3018459","31","6061730"
"chr3","9088456","9088748","KN295075v1","252071","252359","43","8836385"
"chr3","9267198","9267515","KN296145v1","2831302","2831618","18","6435896"
"chr3","9382784","9383074","KN296145v1","2713491","2713795","33","6669293"
"chr3","9395502","9395794","KN296108v1","735240","735530","34","8660262"
"chr3","10033996","10034283","KN296145v1","2054597","2054892","18","7979399"
"chr3","10586592","10586894","KN296145v1","1420580","1420886","14","9166012"
"chr3","10879365","10879662","KN296145v1","1127077","1127384","30","9752288"
"chr3","11108523","11108834","KN296145v1","888642","888952","16","10219881"
"chr3","11240718","11241011","KN296145v1","750334","750629","11","10490384"
"chr3","11777335","11777642","KN295343v1","373896","374196","37","11403439"
"chr3","11812770","11813075","KN296145v1","156030","156331","16","11656740"
"chr3","11936070","11936367","KN296145v1","28879","29180","26","11907191"
"chr3","12080822","12081034","KN295550v1","172628","172846","38","11908194"
"chr3","12081064","12081076","KN296311v1","3272094","3272107","3","8808970"
"chr3","12083077","12083369","KN295236v1","1688322","1688613","30","10394755"
"chr3","12196792","12197107","KN297322v1","1117903","1118217","50","11078889"
"chr3","12276987","12277151","KN296311v1","1013861","1014022","29","11263126"
"chr3","12277471","12277605","KN295171v1","775136","775271","12","11502335"
"chr3","12302141","12302437","KN294571v1","1349003","1349300","41","10953138"
"chr3","12318865","12319165","KN294970v1","974452","974753","38","11344413"
"chr3","12323556","12323854","KN296825v1","1782920","1783213","35","10540636"
"chr3","12595157","12595459","KN297044v1","108239","108545","37","12486918"
"chr3","12652529","12652791","KN294457v1","788209","788466","51","11864320"
"chr3","12878119","12878402","KN297452v1","1979430","1979725","41","10898689"
"chr3","12934981","12935264","KN294439v1","238837","239127","38","12696144"
"chr3","13509100","13509386","KN294399v1","178526","178809","40","13330574"
"chr3","14473639","14473917","KN296009v1","1376950","1377229","31","13096689"
"chr3","14526833","14527136","KN295854v1","1504180","1504481","34","13022653"
"chr3","14530700","14531024","KN296577v1","170798","171097","49","14359902"
"chr3","15103918","15104221","KN296380v1","7066","7372","35","15096852"
"chr3","15104700","15104994","KN294172v1","1462531","1462825","32","13642169"
"chr3","15180877","15181204","KN294883v1","392954","393264","52","14787923"
"chr3","15191902","15191974","KN295523v1","3283008","3283049","40","11908894"
"chr3","15493225","15493516","KN294734v1","107992","108284","42","15385233"
"chr3","15535978","15536239","KN296754v1","238464","238735","50","15297514"
"chr3","16107505","16107788","KN294470v1","1411556","1411827","50","14695949"
"chr3","16540228","16540526","KN295923v1","1430363","1430659","40","15109865"
"chr3","16815244","16815532","KN294941v1","135229","135520","16","16680015"
"chr3","16867131","16867378","KN295034v1","605356","605626","51","16261775"
"chr3","17081380","17081689","KN294205v1","1304053","1304361","15","15777327"
"chr3","17513676","17514003","KN297327v1","425867","426186","53","17087809"
"chr3","17556978","17557282","KN294205v1","826560","826863","18","16730418"
"chr3","17577597","17577895","KN294790v1","4553461","4553757","39","13024136"
"chr3","17590200","17590498","KN294790v1","4553461","4553757","41","13036739"
"chr3","17735113","17735415","KN294205v1","654472","654770","17","17080641"
"chr3","18012483","18012773","KN296036v1","1306747","1307034","34","16705736"
"chr3","18017231","18017392","KN296879v1","570900","571072","30","17446331"
"chr3","18689110","18689412","KN297219v1","2419557","2419858","16","16269553"
"chr3","18759240","18759459","KN294571v1","2367043","2367240","55","16392197"
"chr3","18794032","18794202","KN296296v1","24619","24786","27","18769413"
"chr3","18993378","18993676","KN297219v1","2107879","2108178","17","16885499"
"chr3","18998740","18999035","KN294592v1","51794","52092","34","18946946"
"chr3","19079692","19079975","KN297219v1","2018776","2019060","13","17060916"
"chr3","19108820","19109118","KN297219v1","1988253","1988550","18","17120567"
"chr3","19243310","19243590","KN297028v1","1113262","1113544","32","18130048"
"chr3","19347569","19347858","KN297219v1","1728602","1728890","9","17618967"
"chr3","19473858","19474159","KN297219v1","1596093","1596394","13","17877765"
"chr3","19486045","19486351","KN295294v1","244045","244353","41","19242000"
"chr3","19611060","19611105","KN295614v1","28241","28303","25","19582819"
"chr3","20140108","20140402","KN295157v1","168956","169252","40","19971152"
"chr3","20228817","20229115","KN297219v1","818050","818351","15","19410767"
"chr3","20304067","20304363","KN297219v1","721954","722250","18","19582113"
"chr3","20341897","20342201","KN297219v1","687673","687980","16","19654224"
"chr3","20401756","20402041","KN297219v1","624942","625228","14","19776814"
"chr3","20891694","20892005","KN297219v1","110969","111279","22","20780725"
"chr3","21112087","21112389","KN296620v1","947748","948045","22","20164339"
"chr3","21120335","21120634","KN294539v1","1107554","1107850","33","20012781"
"chr3","21159055","21159338","KN294506v1","235047","235332","33","20924008"
"chr3","21299029","21299323","KN296290v1","2686243","2686527","24","18612786"
"chr3","21342453","21342752","KN296290v1","2642340","2642630","35","18700113"
"chr3","21473805","21474115","KN296290v1","2505307","2505611","28","18968498"
"chr3","21599200","21599507","KN296806v1","78148","78452","40","21521052"
"chr3","21665310","21665610","KN296290v1","2304189","2304487","32","19361121"
"chr3","21715654","21715965","KN294501v1","2218064","2218370","40","19497590"
"chr3","21818563","21818859","KN296290v1","2153733","2154024","15","19664830"
"chr3","22073337","22073632","KN296290v1","1894278","1894572","27","20179059"
"chr3","22186961","22187223","KN294897v1","138774","139038","46","22048187"
"chr3","22490624","22490910","KN294978v1","2379848","2380134","52","20110776"
"chr3","22589703","22589874","KN297154v1","211161","211330","27","22378542"
"chr3","22765990","22766289","KN296290v1","1191602","1191900","12","21574388"
"chr3","22775304","22775508","KN295045v1","1182493","1182695","39","21592811"
"chr3","22916840","22917143","KN296290v1","1039073","1039376","26","21877767"
"chr3","23130440","23130748","KN296290v1","821717","822027","18","22308723"
"chr3","23322104","23322266","KN295090v1","1465525","1465689","42","21856579"
"chr3","23356596","23356885","KN296290v1","599670","599966","17","22756926"
"chr3","23359889","23360179","KN296167v1","390890","391180","43","22968999"
"chr3","23370748","23371060","KN296290v1","585521","585816","33","22785227"
"chr3","23406271","23406566","KN296360v1","1805388","1805662","83","21600883"
"chr3","23439963","23440258","KN296290v1","510346","510650","29","22929617"
"chr3","23473297","23473476","KN297094v1","185988","186163","30","23287309"
"chr3","23586342","23586524","KN296486v1","1714803","1714969","51","21871539"
"chr3","23589302","23589503","KN297032v1","308157","308361","26","23281145"
"chr3","23896493","23896796","KN295984v1","811714","812012","34","23084779"
"chr3","24044633","24044918","KN296467v1","40524","40807","16","24004109"
"chr3","24184497","24184807","KN295936v1","2770576","2770884","38","21413921"
"chr3","24233897","24234197","KN297452v1","1979430","1979725","30","22254467"
"chr3","24328434","24328715","KN297091v1","142699","142981","35","24185735"
"chr3","24347997","24348300","KN297044v1","108239","108545","33","24239758"
"chr3","24372410","24372536","KN295171v1","774709","774836","20","23597701"
"chr3","24466589","24466873","KN295034v1","64250","64533","38","24402339"
"chr3","24487301","24487589","KN296390v1","129614","129904","45","24357687"
"chr3","24540322","24540613","KN295075v1","252071","252359","36","24288251"
"chr3","24764850","24765144","KN295977v1","1237273","1237582","48","23527577"
"chr3","25225500","25225769","KN294187v1","140872","141146","43","25084628"
"chr3","25765735","25766035","KN297197v1","4684189","4684491","41","21081546"
"chr3","25948376","25948662","KN295596v1","3506921","3507219","32","22441455"
"chr3","26487732","26488037","KN295596v1","2940377","2940662","26","23547355"
"chr3","26874288","26874597","KN295596v1","2536728","2537027","26","24337560"
"chr3","27246003","27246301","KN295962v1","2457159","2457455","37","24788844"
"chr3","27270848","27271151","KN295236v1","2902206","2902512","37","24368642"
"chr3","27422706","27422998","KN295596v1","1981446","1981730","20","25441260"
"chr3","27429042","27429331","KN295596v1","1975774","1976075","27","25453268"
"chr3","27560286","27560572","KN295596v1","1835871","1836171","40","25724415"
"chr3","27659340","27659589","KN295906v1","146901","147160","37","27512439"
"chr3","27736648","27736960","KN295596v1","1663410","1663715","16","26073238"
"chr3","27758316","27758604","KN295596v1","1641623","1641913","17","26116693"
"chr3","27766870","27767161","KN295596v1","1633016","1633302","24","26133854"
"chr3","27860555","27860848","KN296158v1","1235460","1235753","36","26625095"
"chr3","27925764","27926052","KN295596v1","1474771","1475083","36","26450993"
"chr3","28033376","28033646","KN295596v1","1362506","1362781","25","26670870"
"chr3","28556768","28556934","KN295814v1","1118418","1118576","33","27438350"
"chr3","29161434","29161730","KN294571v1","1349003","1349300","35","27812431"
"chr3","29290815","29291099","KN295596v1","71480","71773","21","29219335"
"chr3","29361412","29361704","KN295596v1","1840","2128","17","29359572"
"chr3","29763215","29763504","KN296921v1","1978818","1979096","51","27784397"
"chr3","30081464","30081737","KN296747v1","112244","112520","18","29969220"
"chr3","30105073","30105366","KN295075v1","252071","252359","33","29853002"
"chr3","30134334","30134655","KN296747v1","54885","55218","25","30079449"
"chr3","30167590","30167874","KN296747v1","88814","89113","20","30078776"
"chr3","30202167","30202433","KN296747v1","2922","3186","22","30199245"
"chr3","30216063","30216274","KN296747v1","126073","126289","16","30089990"
"chr3","30663236","30663545","KN294199v1","195562","195867","38","30467674"
"chr3","31043193","31043434","KN294856v1","19423","19661","48","31023770"
"chr3","31059971","31060276","KN296948v1","20580","20890","39","31039391"
"chr3","31178691","31178996","KN296004v1","353630","353936","44","30825061"
"chr3","31243216","31243537","KN297044v1","108239","108545","45","31134977"
"chr3","31376025","31376316","KN294713v1","906973","907266","36","30469052"
"chr3","31708882","31709194","KN294467v1","105458","105766","50","31603424"
"chr3","32481241","32481547","KN294520v1","1300419","1300723","44","31180822"
"chr3","32584027","32584294","KN296879v1","124282","124553","52","32459745"
"chr3","32823714","32823991","KN297154v1","164484","164756","40","32659230"
"chr3","33172281","33172576","KN295099v1","170378","170674","55","33001903"
"chr3","33380081","33380256","KN294790v1","2350797","2350969","35","31029284"
"chr3","33380284","33380397","KN295236v1","4879827","4879943","17","28500457"
"chr3","34329565","34329818","KN295936v1","2228111","2228371","54","32101454"
"chr3","34386060","34386379","KN296266v1","138052","138359","49","34248008"
"chr3","34631867","34632173","KN297197v1","4684189","4684491","34","29947678"
"chr3","34952250","34952454","KN295801v1","840804","841003","58","34111446"
"chr3","35327600","35327802","KN295045v1","1182493","1182695","32","34145107"
"chr3","35490962","35491143","KN296311v1","3395386","3395501","80","32095576"
"chr3","35509187","35509504","KN296484v1","1024460","1024770","47","34484727"
"chr3","35691569","35691826","KN296682v1","4040014","4040270","38","31651555"
"chr3","35720970","35721270","KN295039v1","294358","294661","31","35426612"
"chr3","35804539","35804805","KN295273v1","8922","9188","36","35795617"
"chr3","35891855","35892012","KN297008v1","1441000","1441155","42","34450855"
"chr3","35927168","35927457","KN296108v1","735240","735530","39","35191928"
"chr3","36044493","36044800","KN294684v1","132074","132364","35","35912419"
"chr3","36096039","36096321","KN294684v1","74328","74608","8","36021711"
"chr3","36457353","36457639","KN296339v1","299566","299852","12","36157787"
"chr3","36834790","36835084","KN296296v1","66249","66543","37","36768541"
"chr3","36860450","36860771","KN296339v1","698798","699133","39","36161652"
"chr3","37232688","37232977","KN296339v1","1084986","1085278","21","36147702"
"chr3","37335085","37335383","KN294571v1","1349003","1349300","36","35986082"
"chr3","37348650","37348960","KN296339v1","1197451","1197757","27","36151199"
"chr3","37404670","37404965","KN296481v1","326170","326465","45","37078500"
"chr3","37550980","37551262","KN294462v1","540671","540960","38","37010309"
"chr3","37573184","37573472","KN296339v1","1422163","1422452","16","36151021"
"chr3","37700746","37701053","KN296339v1","1558157","1558456","23","36142589"
"chr3","38145931","38146219","KN296339v1","2017433","2017720","22","36128498"
"chr3","39577886","39578192","KN295284v1","267335","267639","41","39310551"
"chr3","39979312","39979612","KN294764v1","726501","726797","17","39252811"
"chr3","40276771","40277074","KN295941v1","2057198","2057501","52","38219573"
"chr3","40964555","40964837","KN295035v1","76976","77254","23","40887579"
"chr3","41016424","41016747","KN295035v1","25135","25438","37","40991289"
"chr3","41080828","41081122","KN295249v1","604589","604847","45","40476239"
"chr3","41328798","41328973","KN294470v1","2260068","2260237","36","39068730"
"chr3","41432606","41432915","KN295249v1","235721","236035","25","41196885"
"chr3","41581307","41581615","KN295249v1","19259","19553","26","41562048"
"chr3","42334617","42334912","KN296703v1","155923","156219","20","42178694"
"chr3","42462001","42462305","KN297044v1","108239","108545","37","42353762"
"chr3","42511147","42511480","KN294198v1","17102","17409","55","42494045"
"chr3","44446170","44446488","KN294262v1","1770527","1770834","48","42675643"
"chr3","44708822","44709133","KN294172v1","1607038","1607346","45","43101784"
"chr3","44716063","44716313","KN296825v1","393093","393338","38","44322970"
"chr3","44732896","44733177","KN294705v1","2181145","2181423","48","42551751"
"chr3","44806072","44806375","KN296761v1","97995","98298","43","44708077"
"chr3","45473477","45473779","KN296834v1","91389","91691","13","45382088"
"chr3","45510246","45510548","KN296834v1","128761","129070","20","45381485"
"chr3","45547102","45547412","KN296834v1","170107","170423","27","45376995"
"chr3","46638700","46639029","KN297464v1","127451","127790","47","46511249"
"chr3","46787752","46788046","KN294378v1","1042916","1043212","45","45744836"
"chr3","48621073","48621376","KN296599v1","244135","244428","21","48376938"
"chr3","49507777","49508065","KN296139v1","7891","8178","32","49499886"
"chr3","49570544","49570823","KN294592v1","567946","568227","38","49002598"
"chr3","49570868","49570896","KN296959v1","185149","185176","6","49385719"
"chr3","49577449","49577622","KN296119v1","3355213","3355396","46","46222236"
"chr3","49614783","49615024","KN294741v1","207003","207238","43","49407780"
"chr3","49774294","49774617","KN296442v1","536120","536444","43","49238174"
"chr3","50371507","50371816","KN297044v1","108239","108545","48","50263268"
"chr3","50834165","50834178","KN297125v1","5716","5730","2","50828449"
"chr3","50834227","50834518","KN296225v1","202191","202479","37","50632036"
"chr3","50908664","50908969","KN294172v1","1462531","1462825","48","49446133"
"chr3","51164787","51165041","KN295544v1","200687","200940","47","50964100"
"chr3","51368325","51368624","KN294850v1","121634","121934","37","51246691"
"chr3","51693602","51693930","KN295523v1","2747983","2748306","42","48945619"
"chr3","51727256","51727555","KN295404v1","123167","123468","32","51604089"
"chr3","51799594","51799895","KN296319v1","299368","299675","38","51500226"
"chr3","51950152","51950332","KN295319v1","430475","430648","52","51519677"
"chr3","52126619","52126924","KN295923v1","1430363","1430659","29","50696256"
"chr3","52229036","52229219","KN296589v1","94892","95068","38","52134144"
"chr3","52304949","52305243","KN296096v1","2440700","2440989","39","49864249"
"chr3","52340751","52341059","KN296484v1","1024460","1024770","38","51316291"
"chr3","52342770","52343070","KN296247v1","460642","460944","34","51882128"
"chr3","52543370","52543659","KN296036v1","1306747","1307034","42","51236623"
"chr3","52702514","52702817","KN297452v1","1979430","1979725","34","50723084"
"chr3","52720041","52720345","KN294790v1","71150","71455","37","52648891"
"chr3","52858289","52858577","KN295717v1","244204","244509","38","52614085"
"chr3","53033740","53034047","KN295729v1","1416275","1416583","43","51617465"
"chr3","53051929","53052208","KN294520v1","1236500","1236765","44","51815429"
"chr3","53169979","53170288","KN294385v1","291689","291997","45","52878290"
"chr3","53280973","53281289","KN296682v1","2501014","2501334","56","50779959"
"chr3","53862474","53862755","KN294571v1","2837988","2838277","43","51024486"
"chr3","54133231","54133395","KN294187v1","1542649","1542810","23","52590582"
"chr3","54503368","54503697","KN294536v1","1166329","1166654","47","53337039"
"chr3","54543668","54543976","KN295102v1","249012","249316","32","54294656"
"chr3","54595694","54595986","KN294571v1","939030","939314","45","53656664"
"chr3","54674772","54675068","KN295343v1","373896","374196","48","54300876"
"chr3","54873745","54873883","KN296884v1","1422698","1422842","28","53451047"
"chr3","55331073","55331265","KN296311v1","3395787","3395981","34","51935286"
"chr3","55877101","55877400","KN297229v1","672286","672585","14","55204815"
"chr3","55956265","55956567","KN297229v1","580486","580787","17","55375779"
"chr3","56247544","56247826","KN297229v1","281810","282088","25","55965734"
"chr3","56432102","56432285","KN296062v1","2504602","2504805","48","53927500"
"chr3","56446549","56446854","KN296761v1","97995","98298","43","56348554"
"chr3","56466174","56466485","KN297229v1","59617","59922","23","56406557"
"chr3","56556324","56556624","KN295006v1","698089","698384","18","55858235"
"chr3","56790122","56790365","KN296294v1","264932","265169","44","56525190"
"chr3","57352149","57352444","KN295260v1","115476","115789","33","57236673"
"chr3","57682019","57682312","KN296079v1","3084734","3085029","39","54597285"
"chr3","57890269","57890565","KN295893v1","7122873","7123168","31","50767396"
"chr3","58972102","58972409","KN295260v1","1822017","1822323","13","57150085"
"chr3","59330827","59331103","KN295260v1","2200691","2200971","17","57130136"
"chr3","59481489","59481794","KN294539v1","2302951","2303253","42","57178538"
"chr3","60790420","60790644","KN297168v1","417400","417624","8","60373020"
"chr3","61189600","61189888","KN297168v1","14797","15086","11","61174803"
"chr3","61280549","61280803","KN294768v1","27309","27563","37","61253240"
"chr3","61366097","61366356","KN295717v1","662962","663211","57","60703135"
"chr3","61424292","61424601","KN296075v1","45725","46031","35","61378567"
"chr3","61662560","61662863","KN297023v1","563260","563564","44","61099300"
"chr3","61675056","61675354","KN296557v1","457599","457893","38","61217457"
"chr3","61962778","61963055","KN295257v1","348260","348541","44","61614518"
"chr3","62304888","62305062","KN295349v1","47758","47931","43","62257130"
"chr3","62537840","62538136","KN297314v1","438145","438422","54","62099695"
"chr3","62856291","62856561","KN296271v1","121078","121345","49","62735213"
"chr3","63441836","63442070","KN297386v1","634925","635149","44","62806911"
"chr3","63820609","63820907","KN296495v1","1209717","1210015","36","62610892"
"chr3","64194361","64194673","KN296484v1","1024460","1024770","36","63169901"
"chr3","64438073","64438384","KN296484v1","1024460","1024770","34","63413613"
"chr3","64593230","64593517","KN294446v1","974412","974701","53","63618818"
"chr3","64743351","64743660","KN294917v1","971842","972153","41","63771509"
"chr3","65000204","65000407","KN294633v1","35268","35473","26","64964936"
"chr3","65051089","65051398","KN296380v1","7066","7372","39","65044023"
"chr3","65116744","65117078","KN295091v1","924044","924353","58","64192700"
"chr3","65208690","65209001","KN296380v1","7066","7372","37","65201624"
"chr3","65473217","65473271","KN296726v1","937390","937454","26","64535827"
"chr3","65546702","65546723","KN296139v1","69081","69102","4","65477621"
"chr3","65546790","65547072","KN297095v1","3485940","3486219","36","62060850"
"chr3","65655240","65655555","KN296357v1","372873","373194","59","65282367"
"chr3","65841064","65841339","KN296009v1","1376950","1377229","39","64464114"
"chr3","66301462","66301769","KN294167v1","182699","183001","44","66118763"
"chr3","66558337","66558656","KN294949v1","142900","143219","53","66415437"
"chr3","66880349","66880649","KN296630v1","103786","104091","31","66776563"
"chr3","67210602","67210833","KN295108v1","747417","747651","40","66463185"
"chr3","67378494","67378785","KN294291v1","333229","333526","47","67045265"
"chr3","67635745","67635999","KN295936v1","2228111","2228371","46","65407634"
"chr3","67891251","67891400","KN296495v1","1470532","1470683","34","66420719"
"chr3","67975508","67975810","KN296926v1","812181","812484","44","67163327"
"chr3","68095554","68095865","KN295424v1","76367","76689","63","68019187"
"chr3","68254804","68255110","KN297044v1","108239","108545","43","68146565"
"chr3","68305763","68306051","KN295045v1","274074","274356","51","68031689"
"chr3","68365449","68365733","KN294224v1","1280548","1280837","36","67084901"
"chr3","68469586","68469850","KN295607v1","30362","30616","44","68439224"
"chr3","68732763","68733010","KN297386v1","2360289","2360549","53","66372474"
"chr3","68782134","68782419","KN295045v1","756205","756493","54","68025929"
"chr3","68787404","68787704","KN295744v1","235007","235306","35","68552397"
"chr3","68920879","68921197","KN296075v1","45725","46031","58","68875154"
"chr3","68950580","68950896","KN295814v1","1699442","1699753","53","67251138"
"chr3","69088689","69088993","KN295343v1","373896","374196","38","68714793"
"chr3","69168888","69169193","KN294407v1","3190864","3191165","43","65978024"
"chr3","69232465","69232762","KN295605v1","157533","157830","38","69074932"
"chr3","69243287","69243571","KN296108v1","735240","735530","38","68508047"
"chr3","69368520","69368830","KN297008v1","2175225","2175533","41","67193295"
"chr3","69954307","69954631","KN296484v1","1024460","1024770","50","68929847"
"chr3","70448588","70448836","KN295523v1","1167591","1167841","64","69280997"
"chr3","70697883","70698172","KN295554v1","12173","12461","36","70685710"
"chr3","70786074","70786366","KN295343v1","373896","374196","35","70412178"
"chr3","70945334","70945534","KN295045v1","1182493","1182695","45","69762841"
"chr3","70947129","70947226","KN295408v1","16933","17029","14","70930196"
"chr3","70947264","70947428","KN297242v1","3635969","3636126","25","67311295"
"chr3","71037460","71037736","KN296754v1","238464","238735","42","70798996"
"chr3","71037826","71038061","KN294269v1","1170294","1170536","34","69867532"
"chr3","71077325","71077615","KN296108v1","735240","735530","39","70342085"
"chr3","71152506","71152778","KN296406v1","242135","242404","47","70910371"
"chr3","71740451","71740812","KN296278v1","394173","394503","72","71346278"
"chr3","71936090","71936384","KN295854v1","1504180","1504481","34","70431910"
"chr3","72607910","72608191","KN294185v1","138860","139138","40","72469050"
"chr3","72667645","72667932","KN295405v1","157962","158246","37","72509683"
"chr3","73398460","73398740","KN296732v1","1798740","1799034","47","71599720"
"chr3","73446179","73446452","KN294987v1","1113247","1113478","95","72332932"
"chr3","73446484","73446601","KN294172v1","3927953","3928072","20","69518531"
"chr3","74084698","74084992","KN294561v1","623087","623382","33","73461611"
"chr3","74090614","74090920","KN294987v1","1179234","1179541","44","72911380"
"chr3","74126130","74126410","KN294257v1","1004902","1005180","34","73121228"
"chr3","74177698","74178006","KN296948v1","20580","20890","34","74157118"
"chr3","74186426","74186606","KN296959v1","1152394","1152569","31","73034032"
"chr3","74186924","74186945","KN294484v1","362325","362343","10","73824599"
"chr3","74218072","74218376","KN294326v1","452541","452856","56","73765531"
"chr3","74218377","74218549","KN296829v1","582931","583096","33","73635446"
"chr3","74320790","74321084","KN294571v1","1349003","1349300","41","72971787"
"chr3","74330896","74331175","KN295294v1","1790271","1790554","41","72540625"
"chr3","74581459","74581724","KN295832v1","859272","859550","43","73722187"
"chr3","75088320","75088601","KN296311v1","5946577","5946853","43","69141743"
"chr3","75178745","75178912","KN294535v1","512706","512875","45","74666039"
"chr3","75225361","75225670","KN296484v1","1024460","1024770","33","74200901"
"chr3","75283413","75283717","KN294443v1","686140","686441","42","74597273"
"chr3","75329520","75329687","KN295090v1","1465525","1465689","28","73863995"
"chr3","75329721","75329838","KN296153v1","1058785","1058901","13","74270936"
"chr3","75461207","75461504","KN296557v1","548990","549285","38","74912217"
"chr3","75917618","75917921","KN295343v1","373896","374196","27","75543722"
"chr3","76003304","76003539","KN295717v1","550022","550260","39","75453282"
"chr3","76032094","76032398","KN297249v1","103836","104141","33","75928258"
"chr3","76194010","76194311","KN296926v1","395917","396212","41","75798093"
"chr3","76205336","76205632","KN294187v1","1444157","1444444","40","74761179"
"chr3","76524171","76524453","KN294506v1","235047","235332","37","76289124"
"chr3","76686630","76686939","KN296242v1","863939","864251","38","75822691"
"chr3","76781168","76781466","KN297452v1","1979430","1979725","35","74801738"
"chr3","76833671","76833979","KN296119v1","3556005","3556313","42","73277666"
"chr3","77019071","77019357","KN296322v1","2599723","2600015","17","74419348"
"chr3","77228655","77228923","KN296322v1","2382202","2382480","19","74846453"
"chr3","77258848","77259158","KN296322v1","2349139","2349446","18","74909709"
"chr3","77268973","77269351","KN296161v1","986044","986404","73","76282929"
"chr3","77285212","77285513","KN296322v1","2323908","2324192","33","74961304"
"chr3","77322143","77322448","KN296322v1","2284083","2284381","33","75038060"
"chr3","77351986","77352296","KN296322v1","2251937","2252239","30","75100049"
"chr3","77378199","77378492","KN296322v1","2225139","2225414","35","75153060"
"chr3","77777168","77777473","KN296322v1","1815134","1815437","18","75962034"
"chr3","77816759","77817055","KN294976v1","288954","289250","38","77527805"
"chr3","77837808","77837971","KN296430v1","705227","705382","25","77132581"
"chr3","77846188","77846365","KN295967v1","467933","468109","25","77378255"
"chr3","77907746","77908089","KN296322v1","1681936","1682269","37","76225810"
"chr3","78275584","78275876","KN295633v1","380279","380574","32","77895305"
"chr3","78296208","78296509","KN296247v1","539345","539644","31","77756863"
"chr3","78307430","78307716","KN296322v1","1274469","1274756","15","77032961"
"chr3","78354950","78355259","KN296322v1","1223495","1223802","16","77131455"
"chr3","78382450","78382745","KN296322v1","1192900","1193188","20","77189550"
"chr3","78700102","78700405","KN296322v1","866902","867199","19","77833200"
"chr3","78777895","78778175","KN296322v1","785391","785674","19","77992504"
"chr3","78931053","78931366","KN296322v1","622070","622383","20","78308983"
"chr3","78970363","78970668","KN296322v1","582510","582804","25","78387853"
"chr3","79129974","79130285","KN296004v1","353630","353936","38","78776344"
"chr3","79317821","79318101","KN296322v1","229856","230150","32","79087965"
"chr3","79935695","79936007","KN296435v1","2271548","2271854","40","77664147"
"chr3","79984892","79985192","KN294747v1","866490","866789","40","79118402"
"chr3","80126634","80126983","KN297113v1","139003","139332","56","79987631"
"chr3","80228172","80228481","KN295096v1","1625375","1625686","36","78602797"
"chr3","80248725","80248896","KN296153v1","33021","33191","26","80215704"
"chr3","80264259","80264545","KN296296v1","66249","66543","54","80198010"
"chr3","81638345","81638539","KN295045v1","1182493","1182695","40","80455852"
"chr3","81668590","81668901","KN296484v1","1024460","1024770","35","80644130"
"chr3","81693339","81693654","KN296484v1","1024460","1024770","46","80668879"
"chr3","81847755","81848049","KN296829v1","579630","579915","45","81268125"
"chr3","82030248","82030548","KN295343v1","373896","374196","40","81656352"
"chr3","82403690","82403985","KN296308v1","1305053","1305350","47","81098637"
"chr3","82503312","82503618","KN296706v1","107919","108228","40","82395393"
"chr3","82676867","82677131","KN295350v1","991261","991528","40","81685606"
"chr3","83154331","83154614","KN295692v1","4021734","4022018","39","79132597"
"chr3","83356116","83356306","KN294443v1","649310","649513","41","82706806"
"chr3","83383209","83383511","KN296761v1","97995","98298","41","83285214"
"chr3","83731491","83731749","KN297046v1","2365024","2365265","47","81366467"
"chr3","83813420","83813722","KN294520v1","1300419","1300723","41","82513001"
"chr3","83833574","83833867","KN294957v1","53527","53825","41","83780047"
"chr3","83836270","83836562","KN294260v1","1367184","1367477","52","82469086"
"chr3","83883675","83883957","KN297165v1","811895","812177","45","83071780"
"chr3","83906922","83907289","KN294372v1","2148036","2148414","80","81758886"
"chr3","84248638","84248938","KN297095v1","1623051","1623352","46","82625587"
"chr3","84366209","84366475","KN296825v1","1898874","1899142","59","82467335"
"chr3","84648962","84649227","KN296485v1","447446","447718","50","84201516"
"chr3","84653071","84653359","KN296167v1","390890","391180","48","84262181"
"chr3","84963718","84964021","KN296004v1","398217","398517","45","84565501"
"chr3","85605123","85605399","KN294174v1","561495","561770","13","85043628"
"chr3","86158305","86158608","KN295854v1","1504180","1504481","37","84654125"
"chr3","86257612","86257884","KN296496v1","143366","143630","41","86114246"
"chr3","86472693","86472994","KN294747v1","866490","866789","54","85606203"
"chr3","86552890","86553181","KN294571v1","2837988","2838277","37","83714902"
"chr3","86857471","86857731","KN296404v1","1985240","1985503","39","84872231"
"chr3","87138631","87138645","KN294213v1","437220","437234","3","86701411"
"chr3","87138674","87138980","KN294192v1","872123","872412","53","86266551"
"chr3","87221320","87221619","KN295352v1","447012","447311","41","86774308"
"chr3","87516755","87517071","KN296004v1","353630","353936","49","87163125"
"chr3","87526755","87527052","KN296547v1","1509134","1509435","46","86017621"
"chr3","87628049","87628343","KN294192v1","872123","872412","36","86755926"
"chr3","88065822","88066124","KN296270v1","156575","156879","36","87909247"
"chr3","88165781","88166091","KN296062v1","704848","705157","45","87460933"
"chr3","88613702","88613991","KN296079v1","3084734","3085029","42","85528968"
"chr3","88916265","88916561","KN295854v1","1504180","1504481","35","87412085"
"chr3","88950865","88951119","KN296948v1","915916","916168","36","88034949"
"chr3","89053572","89053873","KN296077v1","270520","270821","39","88783052"
"chr3","89091796","89092093","KN296261v1","607411","607706","30","88484385"
"chr3","89582371","89582665","KN296079v1","3084734","3085029","35","86497637"
"chr3","89914560","89914850","KN295371v1","415318","415609","39","89499242"
"chr3","90260046","90260366","KN295236v1","5905105","5905413","55","84354941"
"chr3","90641968","90642267","KN294933v1","696951","697243","15","89945017"
"chr3","91159295","91159606","KN294933v1","175658","175970","11","90983637"
"chr3","91281019","91281323","KN294561v1","623087","623382","58","90657932"
"chr3","91501305","91501616","KN297264v1","658986","659294","21","90842319"
"chr3","91523136","91523431","KN297264v1","633094","633385","26","90890042"
"chr3","91525582","91525735","KN296154v1","1158383","1158548","34","90367199"
"chr3","91656013","91656321","KN295371v1","619650","619955","36","91036363"
"chr3","91836282","91836572","KN297264v1","308408","308687","32","91527874"
"chr3","92000729","92001064","KN297264v1","132924","133239","35","91867805"
"chr3","92079205","92079452","KN297264v1","52862","53109","15","92026343"
"chr4","73007089","73007368","KN297112v1","6395083","6395364","32","66612006"
"chr4","212755","212919","KN294187v1","1542649","1542810","32","1329894"
"chr4","587861","588103","KN296645v1","6807","7060","31","581054"
"chr4","812100","812415","KN296311v1","4507488","4507798","44","3695388"
"chr4","827912","828046","KN296802v1","754177","754311","7","73735"
"chr4","828353","828523","KN295667v1","830007","830168","29","1654"
"chr4","831123","831438","KN296802v1","751334","751658","30","79789"
"chr4","1025284","1025577","KN297452v1","1979430","1979725","21","954146"
"chr4","1188893","1189108","KN297343v1","466161","466379","36","722732"
"chr4","1250523","1250826","KN296802v1","322919","323223","15","927604"
"chr4","1472177","1472458","KN294451v1","858208","858496","41","613969"
"chr4","3251682","3251982","KN295343v1","373896","374196","42","2877786"
"chr4","3267471","3267719","KN296743v1","1962301","1962534","55","1305170"
"chr4","3566844","3567165","KN297327v1","425867","426186","45","3140977"
"chr4","3803059","3803354","KN297112v1","6159601","6159911","45","2356542"
"chr4","3838752","3839045","KN297047v1","4500385","4500680","52","661633"
"chr4","3867044","3867340","KN297452v1","1979430","1979725","35","1887614"
"chr4","3892466","3892733","KN296496v1","143366","143630","31","3749100"
"chr4","4171277","4171572","KN296557v1","548990","549285","43","3622287"
"chr4","4429186","4429498","KN295091v1","924044","924353","40","3505142"
"chr4","4446215","4446494","KN294668v1","2003347","2003642","46","2442868"
"chr4","4487960","4488268","KN296345v1","96067","96368","37","4391893"
"chr4","4773251","4773544","KN296296v1","66249","66543","35","4707002"
"chr4","4952632","4952910","KN294326v1","660448","660733","44","4292184"
"chr4","5132586","5132896","KN294416v1","303238","303546","43","4829348"
"chr4","5172217","5172420","KN294224v1","954854","955053","43","4217363"
"chr4","5565931","5566225","KN294187v1","1444157","1444444","53","4121774"
"chr4","5728878","5729127","KN295832v1","619607","619857","35","5109271"
"chr4","6108732","6109062","KN296247v1","44902","45215","52","6063830"
"chr4","6410750","6411016","KN294187v1","907689","907968","48","5503061"
"chr4","6421415","6421721","KN297242v1","1156948","1157251","46","5264467"
"chr4","6862872","6863166","KN294991v1","2014076","2014373","36","4848796"
"chr4","6949276","6949585","KN296714v1","13919","14225","41","6935357"
"chr4","6966725","6966996","KN294506v1","235047","235332","49","6731678"
"chr4","7099460","7099749","KN296682v1","2458723","2459015","34","4640737"
"chr4","8017923","8018230","KN295430v1","2571642","2571950","43","5446281"
"chr4","8142149","8142322","KN296153v1","2118691","2118861","33","6023458"
"chr4","8780229","8780521","KN294842v1","1283813","1284097","47","7496416"
"chr4","8841762","8842031","KN295346v1","1249452","1249726","46","7592310"
"chr4","8897005","8897304","KN296365v1","715772","716073","41","8181233"
"chr4","9016738","9017035","KN297148v1","9719","10024","37","9007019"
"chr4","9121498","9121835","KN297113v1","139003","139332","68","8982495"
"chr4","9135617","9135911","KN294758v1","3058565","3058837","35","6077052"
"chr4","9353915","9354209","KN294758v1","2820023","2820314","20","6533892"
"chr4","9454669","9454969","KN294758v1","2719560","2719854","18","6735109"
"chr4","9756179","9756478","KN296380v1","7066","7372","46","9749113"
"chr4","9796614","9796893","KN294758v1","2380452","2380731","14","7416162"
"chr4","9871623","9871948","KN294536v1","1166329","1166654","51","8705294"
"chr4","10101626","10101929","KN294758v1","2059767","2060075","15","8041859"
"chr4","10320237","10320546","KN294758v1","1829092","1829400","21","8491145"
"chr4","10703952","10704134","KN294456v1","1183362","1183544","30","9520590"
"chr4","11230151","11230318","KN297442v1","1675403","1675576","33","9554748"
"chr4","11491252","11491534","KN294758v1","643629","643912","15","10847623"
"chr4","11615793","11616100","KN294758v1","514984","515291","19","11100809"
"chr4","11923263","11923548","KN294758v1","183300","183591","15","11739963"
"chr4","11930874","11931166","KN294758v1","175586","175880","25","11755288"
"chr4","12124487","12124797","KN295102v1","157119","157420","42","11967368"
"chr4","12813358","12813658","KN297171v1","772106","772411","24","12041252"
"chr4","13369633","13369933","KN297171v1","1354214","1354509","19","12015419"
"chr4","13547413","13547714","KN297171v1","1532978","1533269","25","12014435"
"chr4","13782548","13782835","KN297171v1","1772925","1773211","17","12009623"
"chr4","14204267","14204562","KN297171v1","2194000","2194297","19","12010267"
"chr4","14218628","14218929","KN297171v1","2208880","2209181","14","12009748"
"chr4","14576424","14576727","KN297171v1","2585664","2585969","22","11990760"
"chr4","14697081","14697353","KN297008v1","5801252","5801534","44","8895829"
"chr4","14702364","14702645","KN297171v1","2719826","2720110","32","11982538"
"chr4","14766098","14766387","KN297171v1","2788474","2788762","18","11977624"
"chr4","15461020","15461321","KN297171v1","3507074","3507383","27","11953946"
"chr4","15898064","15898363","KN297171v1","3944040","3944339","8","11954024"
"chr4","16393167","16393452","KN294399v1","178526","178809","36","16214641"
"chr4","16468434","16468737","KN294790v1","71150","71455","36","16397284"
"chr4","16493921","16494215","KN297394v1","206842","207138","39","16287079"
"chr4","16500018","16500314","KN295984v1","811714","812012","31","15688304"
"chr4","16541479","16541778","KN295923v1","1430363","1430659","39","15111116"
"chr4","16580251","16580564","KN295893v1","6332598","6332904","32","10247653"
"chr4","16600546","16600842","KN294303v1","355736","356034","33","16244810"
"chr4","16614183","16614487","KN296308v1","1114620","1114929","47","15499563"
"chr4","16619645","16619976","KN294638v1","227658","227960","82","16391987"
"chr4","16653341","16653644","KN295893v1","6332598","6332904","42","10320743"
"chr4","16678592","16678818","KN296153v1","1322088","1322324","52","15356504"
"chr4","16686637","16686915","KN294964v1","433236","433507","52","16253401"
"chr4","16691351","16691641","KN294193v1","151112","151406","44","16540239"
"chr4","16700183","16700485","KN295854v1","1504180","1504481","34","15196003"
"chr4","16761454","16761759","KN295090v1","1785359","1785660","41","14976095"
"chr4","16792018","16792261","KN295755v1","46608","46845","65","16745410"
"chr4","16831401","16831684","KN296487v1","194550","194834","32","16636851"
"chr4","17092908","17093218","KN294372v1","1311490","1311797","38","15781418"
"chr4","17150315","17150622","KN295871v1","339925","340230","43","16810390"
"chr4","17605044","17605220","KN296959v1","1152394","1152569","26","16452650"
"chr4","17910846","17911149","KN294592v1","51794","52092","36","17859052"
"chr4","18554759","18555065","KN296325v1","459690","459993","21","18095069"
"chr4","18806554","18806731","KN295408v1","16726","16898","38","18789828"
"chr4","19087106","19087402","KN295345v1","868768","869065","46","18218338"
"chr4","19125069","19125348","KN295692v1","4021734","4022018","39","15103335"
"chr4","19462766","19463069","KN295854v1","1504180","1504481","36","17958586"
"chr4","19491609","19491919","KN295073v1","75619","75926","39","19415990"
"chr4","19662692","19662955","KN297197v1","3429038","3429300","36","16233654"
"chr4","19917137","19917403","KN296406v1","242135","242404","53","19675002"
"chr4","19921911","19922207","KN296609v1","1757848","1758154","47","18164063"
"chr4","20013481","20013791","KN295523v1","3041976","3042278","51","16971505"
"chr4","20107877","20108187","KN295441v1","444133","444441","41","19663744"
"chr4","20429549","20429844","KN294479v1","138046","138339","39","20291503"
"chr4","20725160","20725406","KN295708v1","604176","604424","40","20120984"
"chr4","21228256","21228557","KN294439v1","265245","265540","45","20963011"
"chr4","21521400","21521707","KN295198v1","516030","516332","42","21005370"
"chr4","21560061","21560325","KN296579v1","15418","15678","25","21544643"
"chr4","21666411","21666687","KN296579v1","125980","126262","22","21540431"
"chr4","21671249","21671536","KN295459v1","806026","806321","56","20865223"
"chr4","21694138","21694440","KN296579v1","154457","154753","32","21539681"
"chr4","21707090","21707366","KN296579v1","167499","167767","22","21539591"
"chr4","21854785","21855093","KN294513v1","681816","682125","47","21172969"
"chr4","21890983","21891289","KN296579v1","366903","367208","9","21524080"
"chr4","21984089","21984399","KN294883v1","392954","393264","42","21591135"
"chr4","22111284","22111591","KN296682v1","3268933","3269243","41","18842351"
"chr4","22258760","22259060","KN296321v1","312643","312943","29","21946117"
"chr4","22377472","22377777","KN295236v1","989000","989298","47","21388472"
"chr4","22843163","22843439","KN297154v1","164484","164756","38","22678679"
"chr4","23064959","23065269","KN294713v1","1039605","1039911","45","22025354"
"chr4","23196604","23196893","KN295075v1","252071","252359","39","22944533"
"chr4","23247396","23247706","KN295091v1","924044","924353","42","22323352"
"chr4","23409893","23410219","KN294520v1","1300419","1300723","56","22109474"
"chr4","23422596","23422871","KN294172v1","2031083","2031362","46","21391513"
"chr4","23590395","23590690","KN295802v1","133610","133901","18","23456785"
"chr4","23685173","23685463","KN295802v1","39022","39318","24","23646151"
"chr4","23769990","23770292","KN296609v1","1298990","1299292","39","22471000"
"chr4","24295107","24295412","KN294705v1","1140294","1140602","43","23154813"
"chr4","24382122","24382390","KN295717v1","334952","335216","36","24047170"
"chr4","25342912","25343179","KN297154v1","164484","164756","45","25178428"
"chr4","25544707","25544987","KN294940v1","380863","381150","41","25163844"
"chr4","25600672","25600816","KN297008v1","6657903","6658047","26","18942769"
"chr4","25953766","25954053","KN297112v1","5861879","5862162","42","20091887"
"chr4","26487095","26487374","KN294257v1","797075","797352","43","25690020"
"chr4","26767672","26767974","KN295102v1","157119","157420","43","26610553"
"chr4","26924698","26924917","KN295825v1","1755419","1755627","43","25169279"
"chr4","27100723","27101071","KN296634v1","35343","35671","74","27065380"
"chr4","27574472","27574737","KN295085v1","80416","80692","34","27494056"
"chr4","27794995","27795294","KN296093v1","185428","185734","41","27609567"
"chr4","27843493","27843789","KN295085v1","372617","372907","21","27470876"
"chr4","27907123","27907431","KN295977v1","1237273","1237582","39","26669850"
"chr4","28050667","28050982","KN295085v1","601833","602152","18","27448834"
"chr4","28154436","28154729","KN295085v1","701322","701622","27","27453114"
"chr4","28166346","28166639","KN295085v1","701322","701622","27","27465024"
"chr4","28284500","28284811","KN294883v1","392954","393264","35","27891546"
"chr4","28462587","28462885","KN295085v1","1030734","1031042","33","27431853"
"chr4","28467468","28467781","KN295930v1","122697","123007","46","28344771"
"chr4","28706163","28706454","KN295345v1","868768","869065","58","27837395"
"chr4","28799432","28799741","KN295294v1","2523461","2523768","50","26275971"
"chr4","28955037","28955328","KN296826v1","122558","122853","38","28832479"
"chr4","29637461","29637762","KN295689v1","113135","113433","21","29524326"
"chr4","30077244","30077548","KN296726v1","579035","579337","35","29498209"
"chr4","30296262","30296562","KN296907v1","877287","877589","35","29418975"
"chr4","30880703","30880867","KN297159v1","1972589","1972756","30","28908114"
"chr4","30935449","30935746","KN295343v1","373896","374196","36","30561553"
"chr4","31000056","31000347","KN295977v1","921088","921381","31","30078968"
"chr4","31100463","31100746","KN297259v1","384000","384292","38","30716463"
"chr4","31135103","31135398","KN295533v1","1879727","1880022","30","29255376"
"chr4","31237024","31237339","KN295984v1","811714","812012","56","30425310"
"chr4","31477143","31477416","KN295586v1","1680465","1680742","34","29796678"
"chr4","31525206","31525508","KN296609v1","1410682","1410982","29","30114524"
"chr4","31593385","31593693","KN297242v1","1009728","1010033","42","30583657"
"chr4","31831254","31831530","KN294181v1","167090","167370","39","31664164"
"chr4","32504641","32504947","KN294226v1","627855","628162","35","31876786"
"chr4","32689671","32689716","KN295480v1","3316862","3316902","23","29372809"
"chr4","32768918","32769078","KN296430v1","705227","705382","34","32063691"
"chr4","33161438","33161728","KN295594v1","81743","82033","39","33079695"
"chr4","33366165","33366463","KN296263v1","459407","459704","38","32906758"
"chr4","33711199","33711499","KN294457v1","917900","918193","43","32793299"
"chr4","33986476","33986773","KN296828v1","229290","229585","42","33757186"
"chr4","34026489","34026526","KN295045v1","1336617","1336651","10","32689872"
"chr4","34108866","34109167","KN294540v1","651367","651664","40","33457499"
"chr4","34171893","34172168","KN296311v1","2208406","2208687","50","31963487"
"chr4","34212057","34212358","KN296754v1","63800","64093","44","34148257"
"chr4","34339775","34340063","KN294940v1","380863","381150","40","33958912"
"chr4","34817311","34817607","KN295424v1","423225","423534","19","34394086"
"chr4","34971651","34971997","KN295424v1","253981","254327","13","34717670"
"chr4","35091539","35091833","KN295424v1","123340","123646","33","34968199"
"chr4","35106494","35106808","KN295424v1","108033","108373","42","34998461"
"chr4","35117071","35117385","KN295424v1","108033","108373","42","35009038"
"chr4","35147485","35147808","KN295424v1","76367","76689","12","35071118"
"chr4","35491894","35492189","KN296180v1","238923","239223","46","35252971"
"chr4","35895383","35895660","KN294420v1","680996","681273","15","35214387"
"chr4","36016719","36017011","KN294420v1","802155","802448","16","35214564"
"chr4","36129706","36130096","KN296864v1","2177791","2178147","99","33951915"
"chr4","36155688","36155991","KN296201v1","2904235","2904535","18","33251453"
"chr4","36218271","36218423","KN295236v1","151283","151434","32","36066988"
"chr4","36250832","36251167","KN296201v1","2807367","2807700","21","33443465"
"chr4","36303047","36303359","KN296201v1","2754293","2754595","26","33548754"
"chr4","36342887","36343184","KN296201v1","2711207","2711505","27","33631680"
"chr4","36392068","36392376","KN296201v1","2661532","2661831","26","33730536"
"chr4","36626130","36626424","KN296201v1","2407767","2408068","22","34218363"
"chr4","36733557","36733838","KN296201v1","2302929","2303213","17","34430628"
"chr4","36813761","36814036","KN296201v1","2225366","2225632","20","34588395"
"chr4","37048526","37048795","KN295091v1","3597038","3597306","42","33451488"
"chr4","37191837","37192145","KN296157v1","4280337","4280642","39","32911500"
"chr4","37243895","37244194","KN296201v1","1787692","1787982","22","35456203"
"chr4","37350968","37351260","KN296201v1","1681352","1681655","29","35669616"
"chr4","37529372","37529666","KN294399v1","178526","178809","48","37350846"
"chr4","37909455","37909759","KN296201v1","1089936","1090239","23","36819519"
"chr4","38052372","38052629","KN296201v1","941988","942253","27","37110384"
"chr4","38703151","38703460","KN294790v1","71150","71455","46","38632001"
"chr4","38977872","38978179","KN294372v1","1311490","1311797","39","37666382"
"chr4","39010573","39010836","KN294902v1","8943","9164","52","39001630"
"chr4","39212125","39212422","KN296223v1","204249","204538","29","39007876"
"chr4","39569274","39569583","KN294535v1","550591","550888","31","39018683"
"chr4","39605957","39606168","KN295402v1","1054314","1054523","34","38551643"
"chr4","39660808","39660969","KN296263v1","1162606","1162775","41","38498202"
"chr4","39675909","39676206","KN294535v1","443791","444077","20","39232118"
"chr4","39694267","39694573","KN294535v1","424925","425236","24","39269342"
"chr4","39813396","39813748","KN294535v1","312299","312652","24","39501097"
"chr4","40042361","40042661","KN294535v1","75390","75689","19","39966971"
"chr4","40524245","40524525","KN296847v1","607844","608126","39","39916401"
"chr4","40915445","40915727","KN294385v1","334037","334321","41","40581408"
"chr4","41221689","41222004","KN296281v1","278202","278501","51","40943487"
"chr4","41325351","41325654","KN297048v1","47682","47977","42","41277669"
"chr4","41473927","41474217","KN296550v1","172182","172482","27","41301745"
"chr4","41578698","41578996","KN297200v1","98740","99051","51","41479958"
"chr4","41605110","41605404","KN297200v1","130401","130696","19","41474709"
"chr4","41632120","41632159","KN295045v1","1336617","1336651","21","40295503"
"chr4","41632531","41632755","KN294339v1","34283","34502","39","41598248"
"chr4","41688817","41689025","KN295346v1","1318285","1318483","36","40370532"
"chr4","41727364","41727644","KN297200v1","262971","263264","25","41464393"
"chr4","41787052","41787350","KN295984v1","811714","812012","45","40975338"
"chr4","41812190","41812347","KN294980v1","230782","230955","35","41581408"
"chr4","42044048","42044339","KN295450v1","37419","37706","16","42006629"
"chr4","42292639","42292931","KN295450v1","274077","274379","20","42018562"
"chr4","43062128","43062315","KN294378v1","1680015","1680191","42","41382113"
"chr4","43067727","43068023","KN296079v1","1016819","1017116","43","42050908"
"chr4","43113287","43113579","KN296481v1","205477","205769","35","42907810"
"chr4","43866324","43866609","KN294506v1","235047","235332","35","43631277"
"chr4","43902667","43902949","KN295953v1","53759","54056","29","43848908"
"chr4","46604525","46604831","KN296682v1","3268933","3269243","41","43335592"
"chr4","47315680","47315980","KN295721v1","454701","454983","33","46860979"
"chr4","47428222","47428487","KN295721v1","577533","577808","41","46850689"
"chr4","47608867","47609130","KN295721v1","758496","758766","22","46850371"
"chr4","48072308","48072617","KN296122v1","315036","315346","43","47757272"
"chr4","48090710","48091018","KN295209v1","12796","13108","40","48077914"
"chr4","48101633","48101943","KN294834v1","274594","274905","19","47827039"
"chr4","48211049","48211337","KN295366v1","153538","153829","35","48057511"
"chr4","48544203","48544502","KN296145v1","3242116","3242420","41","45302087"
"chr4","49219486","49219778","KN294940v1","380863","381150","35","48838623"
"chr4","49734915","49735193","KN294777v1","693618","693909","41","49041297"
"chr4","50356636","50356943","KN296380v1","7066","7372","35","50349570"
"chr4","50413813","50414118","KN295236v1","2902206","2902512","37","47511607"
"chr4","50418138","50418443","KN294257v1","1022785","1023107","56","49395353"
"chr4","50554449","50554748","KN297008v1","4050814","4051111","31","46503635"
"chr4","50626953","50627142","KN295236v1","4802595","4802791","39","45824358"
"chr4","50656767","50657058","KN295366v1","153538","153829","41","50503229"
"chr4","50919306","50919577","KN295964v1","43993","44262","10","50875313"
"chr4","50965872","50966157","KN296900v1","114935","115220","41","50850937"
"chr4","51439752","51440050","KN294410v1","355090","355390","43","51084662"
"chr4","51675010","51675307","KN296761v1","706874","707173","30","50968136"
"chr4","51720853","51721020","KN296879v1","570900","571072","27","51149953"
"chr4","51737681","51737988","KN296864v1","3059211","3059513","39","48678470"
"chr4","51895365","51895662","KN294571v1","1349003","1349300","31","50546362"
"chr4","51931112","51931408","KN296108v1","735240","735530","39","51195872"
"chr4","51939343","51939620","KN295501v1","506527","506803","39","51432816"
"chr4","51983109","51983351","KN295526v1","34227","34466","34","51948882"
"chr4","52038758","52039035","KN296732v1","2697585","2697873","47","49341173"
"chr4","52046954","52047253","KN294705v1","185206","185505","33","51861748"
"chr4","52183499","52183764","KN294842v1","1383208","1383481","47","50800291"
"chr4","52188720","52189023","KN296761v1","97995","98298","40","52090725"
"chr4","52212661","52212819","KN295294v1","769026","769186","35","51443635"
"chr4","52245074","52245386","KN294385v1","291689","291997","40","51953385"
"chr4","52273651","52273957","KN294486v1","1188195","1188494","46","51085456"
"chr4","52288092","52288398","KN295987v1","163152","163456","41","52124940"
"chr4","52293087","52293386","KN295343v1","373896","374196","33","51919191"
"chr4","52301699","52301994","KN294856v1","123408","123700","33","52178291"
"chr4","52321977","52322360","KN294539v1","4446663","4446997","98","47875314"
"chr4","52344753","52344995","KN296775v1","1235272","1235516","35","51109481"
"chr4","52356378","52356659","KN295832v1","859272","859550","49","51497106"
"chr4","52588280","52588564","KN296386v1","236314","236606","43","52351966"
"chr4","52711845","52712096","KN296495v1","797555","797801","36","51914290"
"chr4","53090335","53090531","KN294879v1","1427141","1427343","33","51663194"
"chr4","53311333","53311643","KN294378v1","1155375","1155674","47","52155958"
"chr4","53455441","53455749","KN294520v1","1300419","1300723","44","52155022"
"chr4","53504484","53504789","KN294303v1","302773","303083","32","53201711"
"chr4","53644700","53644995","KN296062v1","1508031","1508317","44","52136669"
"chr4","53869306","53869588","KN297198v1","79474","79756","9","53789832"
"chr4","54126940","54127215","KN297198v1","340019","340295","19","53786921"
"chr4","54228129","54228411","KN294289v1","810512","810794","25","53417617"
"chr4","54324842","54325156","KN294289v1","703990","704279","35","53620852"
"chr4","54486618","54486953","KN296387v1","308582","308897","67","54178036"
"chr4","54787078","54787362","KN294289v1","229191","229473","13","54557887"
"chr4","54995632","54995935","KN294289v1","19895","20202","15","54975737"
"chr4","55204812","55205069","KN295940v1","599422","599687","41","54605390"
"chr4","55823368","55823657","KN294172v1","4114073","4114355","43","51709295"
"chr4","56315264","56315563","KN296513v1","303366","303672","55","56011898"
"chr4","56466564","56466859","KN296266v1","138052","138359","38","56328512"
"chr4","57041556","57041737","KN296119v1","3355213","3355396","35","53686343"
"chr4","57041765","57041897","KN294713v1","813704","813834","12","56228061"
"chr4","57146057","57146348","KN296253v1","1287128","1287427","36","55858929"
"chr4","58432385","58432678","KN294581v1","113507","113816","33","58318878"
"chr4","58459346","58459552","KN294581v1","140756","140966","10","58318590"
"chr4","58484513","58484793","KN294581v1","165871","166150","11","58318642"
"chr4","58618224","58618519","KN294581v1","295439","295746","19","58322785"
"chr4","58702788","58703082","KN294581v1","386455","386741","32","58316333"
"chr4","58788113","58788433","KN294581v1","473031","473328","42","58315082"
"chr4","59194475","59194735","KN295964v1","43993","44262","45","59150482"
"chr4","59349471","59349772","KN295099v1","170378","170674","64","59179093"
"chr4","59479113","59479442","KN294370v1","23524","23849","34","59455589"
"chr4","59607945","59608138","KN294571v1","2367043","2367240","37","57240902"
"chr4","60678971","60679273","KN294345v1","1196930","1197229","15","59482041"
"chr4","60932663","60932955","KN294345v1","1455754","1456046","7","59476909"
"chr4","60947972","60948266","KN294345v1","1471028","1471337","34","59476944"
"chr4","60970750","60971052","KN294345v1","1493944","1494238","23","59476806"
"chr4","61010477","61010792","KN296404v1","3005781","3006101","49","58004696"
"chr4","61027137","61027471","KN297274v1","1412869","1413197","46","59614268"
"chr4","61475911","61476213","KN294399v1","296926","297229","47","61178985"
"chr4","61639842","61640125","KN294345v1","2184582","2184858","23","59455260"
"chr4","61662127","61662334","KN294345v1","2206480","2206684","13","59455647"
"chr4","61667161","61667470","KN294345v1","2211607","2211914","28","59455554"
"chr4","61848878","61849040","KN296743v1","1789514","1789673","26","60059364"
"chr4","61965665","61965845","KN295967v1","467933","468109","38","61497732"
"chr4","62054815","62055048","KN294439v1","287915","288143","38","61766900"
"chr4","62076567","62076881","KN296210v1","431152","431491","37","61645415"
"chr4","62140717","62140888","KN296086v1","825589","825753","39","61315128"
"chr4","62143412","62143693","KN296210v1","502247","502528","12","61641165"
"chr4","62464345","62464643","KN296210v1","818411","818703","24","61645934"
"chr4","63459377","63459680","KN294399v1","115875","116174","41","63343502"
"chr4","63590046","63590374","KN297079v1","60327","60647","54","63529719"
"chr4","63707233","63707526","KN294668v1","2003347","2003642","30","61703886"
"chr4","64550284","64550545","KN296580v1","233755","234012","36","64316529"
"chr4","64575049","64575325","KN295096v1","892561","892843","48","63682488"
"chr4","64620304","64620598","KN296970v1","1175434","1175726","45","63444870"
"chr4","64696196","64696517","KN294326v1","452541","452856","46","64243655"
"chr4","64940528","64940692","KN296263v1","1162606","1162775","30","63777922"
"chr4","65027492","65027801","KN294372v1","1311490","1311797","37","63716002"
"chr4","65240442","65240739","KN295034v1","604953","605250","34","64635489"
"chr4","65335598","65335903","KN294592v1","439755","440070","48","64895843"
"chr4","65353934","65354131","KN295930v1","42097","42287","31","65311837"
"chr4","65400915","65401224","KN294873v1","432363","432666","23","64968552"
"chr4","65429994","65430300","KN297044v1","108239","108545","45","65321755"
"chr4","65487473","65487763","KN294385v1","396632","396925","34","65090841"
"chr4","65514201","65514362","KN294842v1","167464","167629","37","65346737"
"chr4","65526718","65526854","KN297008v1","6657903","6658047","31","58868815"
"chr4","65565577","65565873","KN295343v1","373896","374196","33","65191681"
"chr4","65607757","65608056","KN294922v1","720408","720710","27","64887349"
"chr4","65621056","65621218","KN295294v1","769026","769186","30","64852030"
"chr4","65621256","65621381","KN295705v1","615120","615243","17","65006136"
"chr4","65656129","65656404","KN294831v1","170612","170877","28","65485517"
"chr4","65656797","65657072","KN294831v1","170612","170877","29","65486185"
"chr4","65712589","65712891","KN297219v1","687673","687980","45","65024916"
"chr4","65756602","65756891","KN294251v1","1515118","1515410","35","64241484"
"chr4","65963144","65963459","KN296484v1","1024460","1024770","37","64938684"
"chr4","65972576","65972868","KN294147v1","569874","570165","34","65402702"
"chr4","65987070","65987323","KN295441v1","873806","874037","62","65113264"
"chr4","66064895","66065203","KN294850v1","121634","121934","43","65943261"
"chr4","66365223","66365562","KN297233v1","805286","805611","69","65559937"
"chr4","66616150","66616451","KN294199v1","195562","195867","37","66420588"
"chr4","66674057","66674232","KN294378v1","1680015","1680191","28","64994042"
"chr4","66681301","66681601","KN294685v1","103286","103585","43","66578015"
"chr4","66949354","66949604","KN295294v1","3311128","3311366","42","63638226"
"chr4","67166824","67167126","KN297159v1","2909102","2909401","36","64257722"
"chr4","67236544","67236848","KN294520v1","1300419","1300723","38","65936125"
"chr4","67316164","67316473","KN295090v1","1517745","1518055","36","65798419"
"chr4","67388629","67388942","KN294239v1","2243194","2243501","17","65145435"
"chr4","67393516","67393814","KN294239v1","2235547","2235845","15","65157969"
"chr4","67600593","67600870","KN294239v1","2026214","2026491","11","65574379"
"chr4","67628352","67628660","KN294239v1","1998521","1998816","26","65629831"
"chr4","67687130","67687408","KN295736v1","1080324","1080599","34","66606806"
"chr4","67687562","67687575","KN294213v1","437220","437234","3","67250342"
"chr4","67881924","67882222","KN294239v1","1741304","1741594","20","66140620"
"chr4","68222535","68222677","KN297008v1","6657903","6658047","24","61564632"
"chr4","68336262","68336569","KN294365v1","1947823","1948133","47","66388439"
"chr4","68424663","68424954","KN294239v1","1188324","1188619","15","67236339"
"chr4","68495868","68496160","KN294239v1","1114631","1114919","36","67381237"
"chr4","69058531","69058829","KN294239v1","552146","552430","34","68506385"
"chr4","69143784","69144090","KN297044v1","108239","108545","32","69035545"
"chr4","69191626","69191932","KN294239v1","418744","419050","16","68772882"
"chr4","69618279","69618595","KN294790v1","925913","926232","43","68692366"
"chr4","69652600","69652900","KN296743v1","2106341","2106635","44","67546259"
"chr4","69722500","69722797","KN294172v1","1462531","1462825","35","68259969"
"chr4","69910322","69910635","KN295091v1","924044","924353","40","68986278"
"chr4","70008289","70008580","KN294378v1","1155375","1155674","54","68852914"
"chr4","70156433","70156748","KN296484v1","1024460","1024770","41","69131973"
"chr4","70628825","70629107","KN295940v1","74492","74772","52","70554333"
"chr4","70731916","70732220","KN295420v1","372108","372400","42","70359808"
"chr4","71051238","71051547","KN294499v1","899277","899580","38","70151961"
"chr4","71070649","71070943","KN294619v1","236638","236931","43","70834011"
"chr4","71081469","71081767","KN294399v1","115875","116174","30","70965594"
"chr4","71122339","71122517","KN295349v1","47758","47931","30","71074581"
"chr4","71370173","71370479","KN295343v1","373896","374196","41","70996277"
"chr4","71447729","71448014","KN297404v1","308368","308663","55","71139361"
"chr4","71511652","71511980","KN295294v1","3735345","3735670","44","67776307"
"chr4","71743763","71744071","KN294292v1","71877","72183","35","71671886"
"chr4","71825887","71826188","KN297078v1","93981","94281","31","71731906"
"chr4","72142642","72142926","KN295767v1","57509","57783","44","72085133"
"chr4","72158893","72159171","KN295257v1","348260","348541","35","71810633"
"chr4","72322281","72322563","KN296009v1","1376950","1377229","38","70945331"
"chr4","72338047","72338357","KN294513v1","681816","682125","40","71656231"
"chr4","72565160","72565453","KN295343v1","373896","374196","43","72191264"
"chr4","72831595","72831885","KN294372v1","2127199","2127492","34","70704396"
"chr4","72838945","72839250","KN294187v1","188357","188668","44","72650588"
"chr4","73430360","73430670","KN297044v1","108239","108545","34","73322121"
"chr4","73467899","73468200","KN295637v1","269902","270208","19","73197997"
"chr4","73794408","73794687","KN295257v1","348260","348541","32","73446148"
"chr4","73805404","73805699","KN294303v1","301681","301977","32","73503723"
"chr4","73815340","73815619","KN294192v1","872123","872412","45","72943217"
"chr4","73850156","73850453","KN294229v1","325933","326233","37","73524223"
"chr4","73979656","73979955","KN296826v1","122558","122853","33","73857098"
"chr4","74488001","74488300","KN294964v1","864674","864972","38","73623327"
"chr4","74553758","74554056","KN295854v1","1504180","1504481","30","73049578"
"chr4","74582522","74582816","KN295962v1","375746","376041","35","74206776"
"chr4","74633817","74633864","KN295045v1","1336617","1336651","16","73297200"
"chr4","74754991","74755279","KN294326v1","660448","660733","46","74094543"
"chr4","74937134","74937418","KN295366v1","153538","153829","40","74783596"
"chr4","75372364","75372657","KN294668v1","2003347","2003642","35","73369017"
"chr4","75528302","75528583","KN297229v1","281810","282088","37","75246492"
"chr4","75584792","75585085","KN294592v1","51794","52092","41","75532998"
"chr4","75643087","75643369","KN297227v1","240655","240937","38","75402432"
"chr4","75676732","75677000","KN297197v1","3429038","3429300","34","72247694"
"chr4","75832697","75832984","KN295940v1","74492","74772","39","75758205"
"chr4","75921049","75921292","KN295090v1","1375960","1376204","33","74545089"
"chr4","75992130","75992430","KN297197v1","3802947","3803249","44","72189183"
"chr4","76329691","76329987","KN295820v1","879022","879311","40","75450669"
"chr4","76353948","76354220","KN295964v1","43993","44262","40","76309955"
"chr4","76641531","76641798","KN295965v1","75137","75409","33","76566394"
"chr4","76745001","76745143","KN297008v1","6657903","6658047","29","70087098"
"chr4","76788801","76789103","KN296320v1","205614","205917","50","76583187"
"chr4","76947660","76947990","KN295573v1","2109163","2109481","54","74838497"
"chr4","77700624","77700925","KN296096v1","3057578","3057885","42","74643046"
"chr4","77851184","77851436","KN295652v1","62956","63208","44","77788228"
"chr4","78287009","78287251","KN297154v1","1194532","1194778","58","77092477"
"chr4","78407452","78407755","KN294540v1","651367","651664","37","77756085"
"chr4","78500841","78501146","KN294520v1","1300419","1300723","51","77200422"
"chr4","79868645","79868947","KN295829v1","729449","729746","21","79139196"
"chr4","80272276","80272604","KN296569v1","175298","175606","43","80096978"
"chr4","81056181","81056488","KN296487v1","183283","183588","38","80872898"
"chr4","81152361","81152487","KN296959v1","1151950","1152082","16","80000411"
"chr4","81152519","81152708","KN295045v1","1182493","1182695","40","79970026"
"chr4","81226828","81227173","KN295368v1","1867467","1867801","61","79359361"
"chr4","81338541","81338770","KN296119v1","1099727","1099949","33","80238814"
"chr4","81375830","81376126","KN296036v1","2346909","2347208","43","79028921"
"chr4","81679839","81680134","KN296495v1","1209717","1210015","43","80470122"
"chr4","82149280","82149587","KN295315v1","1219329","1219622","42","80929951"
"chr4","82899573","82899884","KN296096v1","3057578","3057885","45","79841995"
"chr4","83185655","83185965","KN296562v1","141082","141392","19","83044573"
"chr4","83328385","83328666","KN296884v1","196102","196401","50","83132283"
"chr4","83453007","83453317","KN296154v1","846736","847037","54","82606271"
"chr4","83632374","83632680","KN294147v1","1322857","1323161","42","82309517"
"chr4","83822056","83822363","KN296484v1","1024460","1024770","35","82797596"
"chr4","84422896","84423062","KN295294v1","769026","769186","27","83653870"
"chr4","84761477","84761783","KN297117v1","259072","259370","23","84502405"
"chr4","84782330","84782628","KN294446v1","421992","422290","40","84360338"
"chr4","84878031","84878303","KN297117v1","377312","377607","40","84500719"
"chr4","84899805","84900103","KN294613v1","610672","610971","40","84289133"
"chr4","85220625","85220843","KN295045v1","1182493","1182695","65","84038132"
"chr4","85244956","85245274","KN296608v1","206395","206703","24","85038561"
"chr4","85830403","85830700","KN296639v1","148302","148607","32","85682101"
"chr4","85909069","85909360","KN296639v1","229506","229794","24","85679563"
"chr4","86253464","86253733","KN296639v1","576872","577141","15","85676592"
"chr4","86282825","86283121","KN296639v1","606058","606357","26","85676767"
"chr4","86664187","86664492","KN296783v1","1420150","1420449","18","85244037"
"chr4","86686579","86686856","KN294372v1","2081363","2081636","41","84605216"
"chr4","86771286","86771538","KN296783v1","1313083","1313335","11","85458203"
"chr4","87410916","87411207","KN296783v1","663489","663754","43","86747427"
"chr4","87734537","87734704","KN294613v1","769657","769824","27","86964880"
"chr4","87945921","87946219","KN295923v1","1430363","1430659","30","86515558"
"chr4","88015009","88015163","KN296495v1","1470532","1470683","29","86544477"
"chr4","88029465","88029766","KN296783v1","467","764","20","88028998"
"chr4","88204556","88204880","KN297203v1","1280233","1280541","62","86924323"
"chr4","88257116","88257425","KN296484v1","1024460","1024770","39","87232656"
"chr4","88714564","88714734","KN294596v1","141115","141287","24","88573449"
"chr4","89073240","89073542","KN296507v1","842171","842475","42","88231069"
"chr4","89393831","89394132","KN294592v1","51794","52092","39","89342037"
"chr4","89488097","89488373","KN295832v1","859272","859550","46","88628825"
"chr4","89666601","89666903","KN295526v1","979159","979460","41","88687442"
"chr4","89995389","89995682","KN295038v1","27204","27495","39","89968185"
"chr4","90513285","90513592","KN295074v1","748827","749135","44","89764458"
"chr4","90528805","90529112","KN296380v1","7066","7372","37","90521739"
"chr4","90546860","90547127","KN296117v1","842442","842714","46","89704418"
"chr4","90691759","90692057","KN296200v1","525773","526070","41","90165986"
"chr4","90760403","90760715","KN296484v1","1024460","1024770","30","89735943"
"chr5","1310557","1310845","KN295236v1","1562516","1562803","36","251959"
"chr5","45481784","45482089","KN296484v1","1024460","1024770","38","44457324"
"chr5","5592","5897","KN295090v1","1785359","1785660","44","1779767"
"chr5","152637","152950","KN295548v1","143484","143790","47","9153"
"chr5","161495","161627","KN294842v1","167022","167156","20","5527"
"chr5","161946","162102","KN296430v1","705227","705382","33","543281"
"chr5","184827","185133","KN294456v1","513291","513590","45","328464"
"chr5","185189","185494","KN296380v1","7066","7372","32","178123"
"chr5","272899","273179","KN295835v1","96745","97031","42","176154"
"chr5","284528","284814","KN294326v1","427946","428232","43","143418"
"chr5","331069","331366","KN295871v1","678303","678603","41","347234"
"chr5","366384","366668","KN297141v1","791776","792061","29","425392"
"chr5","369662","369950","KN296063v1","1250917","1251205","29","881255"
"chr5","380651","380951","KN294611v1","4367","4667","38","376284"
"chr5","558580","558867","KN294399v1","115875","116174","45","442705"
"chr5","608300","608597","KN297452v1","1979430","1979725","31","1371130"
"chr5","639276","639585","KN296242v1","863939","864251","41","224663"
"chr5","664140","664425","KN296036v1","1306747","1307034","35","642607"
"chr5","888949","889231","KN295366v1","153538","153829","43","735411"
"chr5","1247357","1247662","KN294842v1","389115","389418","48","858242"
"chr5","1353009","1353313","KN295586v1","5713036","5713339","39","4360027"
"chr5","1422399","1422716","KN296538v1","193946","194263","47","1228453"
"chr5","1606535","1606831","KN295854v1","1504180","1504481","44","102355"
"chr5","1626842","1627140","KN294837v1","450075","450374","41","1176767"
"chr5","1640108","1640403","KN295352v1","447012","447311","40","1193096"
"chr5","1663108","1663413","KN294949v1","142900","143219","54","1520208"
"chr5","1737897","1738177","KN296495v1","2925731","2926025","39","1187834"
"chr5","1750869","1751002","KN296119v1","5363896","5364028","19","3613027"
"chr5","1751312","1751491","KN294790v1","2350797","2350969","32","599485"
"chr5","1775449","1775748","KN295893v1","7122873","7123168","35","5347424"
"chr5","1794603","1794790","KN296119v1","3355213","3355396","39","1560610"
"chr5","1811366","1811618","KN296253v1","777735","777985","50","1033631"
"chr5","1843067","1843375","KN297044v1","108239","108545","34","1734828"
"chr5","1850225","1850521","KN294303v1","301681","301977","41","1548544"
"chr5","1947682","1947850","KN296311v1","1013861","1014022","29","933821"
"chr5","1966162","1966467","KN294513v1","681816","682125","37","1284346"
"chr5","2142026","2142324","KN294991v1","1825632","1825927","33","316394"
"chr5","2210991","2211320","KN297050v1","132482","132813","65","2078509"
"chr5","2269068","2269356","KN297452v1","1979430","1979725","38","289638"
"chr5","2311226","2311528","KN294850v1","121634","121934","35","2189592"
"chr5","2344892","2345189","KN297274v1","1136495","1136790","38","1208397"
"chr5","2384749","2384911","KN295814v1","1118418","1118576","24","1266331"
"chr5","2385217","2385330","KN295202v1","2027804","2027927","23","357413"
"chr5","2556749","2556940","KN295573v1","17016","17206","27","2539733"
"chr5","2606285","2606569","KN296009v1","1376950","1377229","39","1229335"
"chr5","2657603","2657907","KN294365v1","36037","36346","46","2621566"
"chr5","2682159","2682464","KN296261v1","607411","607706","81","2074748"
"chr5","2743267","2743563","KN297032v1","350057","350356","33","2393210"
"chr5","2820749","2820918","KN295349v1","47758","47931","30","2772991"
"chr5","2841936","2842247","KN297008v1","2774870","2775173","43","67066"
"chr5","2861163","2861283","KN295202v1","2027804","2027927","31","833359"
"chr5","2947508","2947810","KN297197v1","3379568","3379875","42","432060"
"chr5","2966508","2966800","KN296296v1","66249","66543","32","2900259"
"chr5","2995023","2995317","KN294433v1","171864","172153","30","2823159"
"chr5","3104537","3104834","KN294540v1","651367","651664","45","2453170"
"chr5","3119664","3119949","KN297233v1","844798","845085","39","2274866"
"chr5","3129247","3129551","KN296948v1","160688","160987","34","2968559"
"chr5","3426232","3426528","KN296495v1","1209717","1210015","46","2216515"
"chr5","3518036","3518316","KN295257v1","348260","348541","34","3169776"
"chr5","3609964","3610272","KN294226v1","627855","628162","35","2982109"
"chr5","3713144","3713421","KN294326v1","460637","460911","52","3252507"
"chr5","3736616","3736912","KN294964v1","864674","864972","33","2871942"
"chr5","3893234","3893523","KN295974v1","690483","690778","38","3202751"
"chr5","3946183","3946435","KN294234v1","2405720","2405976","46","1540463"
"chr5","3948146","3948427","KN295869v1","572441","572731","39","3375705"
"chr5","3958409","3958571","KN294842v1","167464","167629","32","3790945"
"chr5","3972087","3972379","KN294326v1","427946","428232","43","3544141"
"chr5","3986665","3986920","KN294964v1","433236","433507","66","3553429"
"chr5","3987392","3987651","KN295294v1","1790271","1790554","56","2197121"
"chr5","3988553","3988853","KN295755v1","60500","60797","39","3928053"
"chr5","4032839","4033199","KN296877v1","176991","177339","86","3855848"
"chr5","4125012","4125321","KN296484v1","1024460","1024770","41","3100552"
"chr5","4149197","4149520","KN297203v1","885386","885683","62","3263811"
"chr5","4165810","4166091","KN296495v1","1243624","1243910","34","2922186"
"chr5","4222801","4223027","KN295045v1","372705","372937","50","3850096"
"chr5","4313648","4313952","KN296826v1","122558","122853","32","4191090"
"chr5","4320254","4320504","KN297210v1","51987","52241","44","4268267"
"chr5","4339077","4339364","KN295045v1","756205","756493","40","3582872"
"chr5","4354201","4354512","KN296880v1","282228","282535","51","4071973"
"chr5","4397493","4397782","KN296732v1","3424421","3424715","32","973072"
"chr5","4438130","4438415","KN296487v1","194550","194834","38","4243580"
"chr5","4464807","4465109","KN296079v1","3084734","3085029","39","1380073"
"chr5","4499442","4499744","KN295722v1","390716","391021","46","4108726"
"chr5","4636760","4637036","KN294172v1","2031083","2031362","40","2605677"
"chr5","4828160","4828448","KN296849v1","394002","394294","44","4434158"
"chr5","4870968","4871212","KN296153v1","129679","129920","43","4741289"
"chr5","4965631","4965939","KN297044v1","108239","108545","37","4857392"
"chr5","5018482","5018650","KN296153v1","2118691","2118861","32","2899791"
"chr5","5203943","5204215","KN297112v1","1907418","1907683","50","3296525"
"chr5","5248319","5248486","KN296430v1","705227","705382","35","4543092"
"chr5","5328811","5329106","KN296296v1","66249","66543","35","5262562"
"chr5","5429722","5430031","KN295091v1","924044","924353","41","4505678"
"chr5","5751082","5751383","KN294269v1","772756","773053","34","4978326"
"chr5","5801499","5801769","KN294479v1","103234","103513","41","5698265"
"chr5","5833578","5833868","KN296280v1","422869","423161","41","5410709"
"chr5","5847131","5847440","KN294372v1","2157968","2158279","45","3689163"
"chr5","6692820","6693101","KN294861v1","235956","236236","38","6456864"
"chr5","6701470","6701743","KN296759v1","422275","422550","44","6279195"
"chr5","7036448","7036756","KN296948v1","334164","334477","38","6702284"
"chr5","7082900","7083204","KN296079v1","758684","758993","44","6324216"
"chr5","7127673","7127975","KN294499v1","2542984","2543291","34","4584689"
"chr5","7465399","7465696","KN297452v1","1979430","1979725","35","5485969"
"chr5","7510080","7510372","KN294251v1","2231373","2231666","33","5278707"
"chr5","7680095","7680394","KN296761v1","706874","707173","35","6973221"
"chr5","7704259","7704566","KN297197v1","3802947","3803249","35","3901312"
"chr5","7917500","7917774","KN294790v1","3847979","3848251","34","4069521"
"chr5","8118526","8118811","KN295075v1","252071","252359","41","7866455"
"chr5","8123241","8123545","KN295366v1","153538","153829","41","7969703"
"chr5","8137010","8137289","KN296495v1","1533911","1534185","48","6603099"
"chr5","8169592","8169892","KN294385v1","291689","291997","41","7877903"
"chr5","8169895","8170199","KN295855v1","76900","77198","44","8092995"
"chr5","8174475","8174783","KN294964v1","864674","864972","38","7309801"
"chr5","8224173","8224454","KN296009v1","1376950","1377229","35","6847223"
"chr5","8334235","8334515","KN295257v1","348260","348541","29","7985975"
"chr5","8544189","8544474","KN295735v1","764560","764844","48","7779629"
"chr5","8547302","8547576","KN294987v1","598695","598975","45","7948607"
"chr5","8699576","8699882","KN297184v1","213033","213336","41","8486543"
"chr5","8777495","8777813","KN295112v1","465007","465325","18","8312488"
"chr5","8807815","8808113","KN295112v1","436815","437110","12","8371000"
"chr5","9327864","9328177","KN295091v1","924044","924353","42","8403820"
"chr5","9426894","9427172","KN296538v1","2138416","2138695","15","7288478"
"chr5","9577899","9578209","KN296538v1","1987577","1987886","19","7590322"
"chr5","9787121","9787301","KN296959v1","1152394","1152569","34","8634727"
"chr5","9830654","9830969","KN296538v1","1728267","1728576","21","8102387"
"chr5","9836788","9837092","KN294372v1","1311490","1311797","31","8525298"
"chr5","9857043","9857348","KN296538v1","1695175","1695468","25","8161868"
"chr5","9871890","9872192","KN296538v1","1679768","1680062","18","8192122"
"chr5","10084981","10085250","KN296538v1","1450855","1451137","27","8634126"
"chr5","10104818","10105115","KN297452v1","1979430","1979725","31","8125388"
"chr5","10208324","10208486","KN294451v1","850657","850819","19","9357667"
"chr5","10223663","10223945","KN294592v1","567946","568227","33","9655717"
"chr5","10321736","10322027","KN296538v1","1206050","1206341","11","9115686"
"chr5","10390326","10390635","KN296538v1","1144390","1144697","13","9245936"
"chr5","10557358","10557525","KN294863v1","491835","492008","31","10065523"
"chr5","10691622","10691935","KN294399v1","115875","116174","47","10575747"
"chr5","10812574","10812876","KN295236v1","2902206","2902512","30","7910368"
"chr5","10833495","10833789","KN296538v1","699968","700254","34","10133527"
"chr5","10842566","10842855","KN296847v1","1869581","1869871","33","8972985"
"chr5","10875909","10876190","KN296538v1","661429","661709","12","10214480"
"chr5","10909258","10909486","KN294493v1","1284341","1284555","50","9624917"
"chr5","10977176","10977459","KN296538v1","557697","557989","22","10419479"
"chr5","11097552","11097564","KN294488v1","377499","377511","5","10720053"
"chr5","11097869","11098024","KN295294v1","769026","769186","29","10328843"
"chr5","11113835","11114133","KN296538v1","413413","413724","31","10700422"
"chr5","11189917","11190206","KN296538v1","333081","333375","25","10856836"
"chr5","11326117","11326425","KN296538v1","194607","194913","25","11131510"
"chr5","11327057","11327380","KN296538v1","193946","194263","22","11133111"
"chr5","11328620","11328933","KN296538v1","192606","192918","19","11136014"
"chr5","11394729","11394964","KN295633v1","200390","200624","30","11194339"
"chr5","11403279","11403562","KN294462v1","513433","513718","37","10889846"
"chr5","11411863","11412151","KN296036v1","1306747","1307034","34","10105116"
"chr5","11415054","11415343","KN295474v1","1248919","1249206","36","10166135"
"chr5","11446169","11446467","KN296538v1","68618","68919","27","11377551"
"chr5","11517992","11518300","KN295371v1","619650","619955","36","10898342"
"chr5","11580995","11581218","KN294711v1","418356","418573","32","11162639"
"chr5","11791747","11791912","KN297154v1","1695463","1695633","39","10096284"
"chr5","11913780","11914088","KN295490v1","410414","410721","44","11503366"
"chr5","11998430","11998735","KN294181v1","1011769","1012076","44","10986661"
"chr5","12511165","12511473","KN294578v1","617490","617800","33","11893675"
"chr5","12642967","12643233","KN295753v1","245053","245324","35","12397914"
"chr5","12777003","12777312","KN297044v1","108239","108545","35","12668764"
"chr5","12837827","12838110","KN295449v1","136185","136465","45","12701642"
"chr5","12884878","12885188","KN294172v1","3708185","3708492","38","9176693"
"chr5","13020820","13020988","KN294451v1","850657","850819","29","12170163"
"chr5","13021023","13021147","KN295705v1","615120","615243","19","12405903"
"chr5","13032677","13032972","KN296732v1","1798256","1798551","39","11234421"
"chr5","13269665","13269972","KN296075v1","806635","806938","17","12463030"
"chr5","13283999","13284307","KN296075v1","791563","791863","21","12492436"
"chr5","13312756","13313069","KN296380v1","7066","7372","35","13305690"
"chr5","13321433","13321746","KN296075v1","738615","738926","17","12582818"
"chr5","13362189","13362484","KN294520v1","1300419","1300723","47","12061770"
"chr5","13387883","13388161","KN296075v1","671155","671433","8","12716728"
"chr5","13473126","13473414","KN296075v1","590735","591029","27","12882391"
"chr5","13764597","13764906","KN296075v1","292542","292840","22","13472055"
"chr5","13843618","13843919","KN294325v1","914500","914798","44","12929118"
"chr5","14010182","14010489","KN296075v1","45725","46031","16","13964457"
"chr5","14055131","14055441","KN296883v1","3373290","3373603","48","10681841"
"chr5","14065268","14065464","KN295801v1","840804","841003","41","13224464"
"chr5","14105941","14106219","KN296921v1","1978818","1979096","38","12127123"
"chr5","14166562","14166848","KN296036v1","1306747","1307034","45","12859815"
"chr5","14184435","14184730","KN294592v1","1387856","1388155","41","12796579"
"chr5","14192507","14192805","KN296635v1","1808458","1808757","34","12384049"
"chr5","14201187","14201479","KN296108v1","735240","735530","29","13465947"
"chr5","14253743","14254049","KN297197v1","4666476","4666780","36","9587267"
"chr5","14286481","14286685","KN294187v1","2091893","2092085","54","12194588"
"chr5","14288305","14288514","KN294339v1","34283","34502","39","14254022"
"chr5","14342658","14342953","KN296806v1","78148","78452","29","14264510"
"chr5","14417119","14417420","KN294378v1","1644405","1644719","31","12772714"
"chr5","14604156","14604427","KN294378v1","1457396","1457678","28","13146760"
"chr5","14606276","14606499","KN295301v1","240798","241015","32","14365478"
"chr5","14636561","14636875","KN294378v1","1423706","1424018","12","13212855"
"chr5","14671805","14672109","KN294378v1","1387853","1388165","23","13283952"
"chr5","14717902","14718194","KN294378v1","1342254","1342545","24","13375648"
"chr5","14725727","14726022","KN296296v1","66249","66543","36","14659478"
"chr5","14779331","14779504","KN296263v1","1162606","1162775","32","13616725"
"chr5","14898875","14899174","KN294378v1","1161561","1161869","26","13737314"
"chr5","14904938","14905235","KN294378v1","1155375","1155674","15","13749563"
"chr5","14907478","14907788","KN297044v1","108239","108545","32","14799239"
"chr5","14908010","14908293","KN295692v1","4021734","4022018","34","10886276"
"chr5","14949297","14949453","KN294187v1","1542649","1542810","26","13406648"
"chr5","15023483","15023785","KN295039v1","375265","375571","40","14648218"
"chr5","15514184","15514464","KN294378v1","533992","534272","22","14980192"
"chr5","15603991","15604289","KN294378v1","443654","443953","10","15160337"
"chr5","15638992","15639301","KN294378v1","399052","399357","23","15239940"
"chr5","15706522","15706815","KN294378v1","328362","328655","10","15378160"
"chr5","15724806","15725010","KN294733v1","21539","21744","31","15703267"
"chr5","15869443","15869760","KN294378v1","171481","171794","23","15697962"
"chr5","15897089","15897254","KN294842v1","167464","167629","24","15729625"
"chr5","16111505","16111807","KN296580v1","1060210","1060510","22","15051295"
"chr5","16133841","16134129","KN296580v1","1037638","1037935","26","15096203"
"chr5","16352363","16352663","KN294705v1","1109306","1109614","41","15243057"
"chr5","16928299","16928563","KN297197v1","3429038","3429300","44","13499261"
"chr5","16929578","16929798","KN296492v1","233499","233722","36","16696079"
"chr5","16934320","16934622","KN296580v1","229089","229387","19","16705231"
"chr5","17205601","17205894","KN297038v1","1342257","1342550","37","15863344"
"chr5","17245004","17245289","KN296144v1","31083","31392","36","17213921"
"chr5","17249960","17250255","KN296144v1","25909","26195","25","17224051"
"chr5","17250768","17251071","KN296144v1","25100","25397","18","17225668"
"chr5","17274068","17274364","KN296144v1","1419","1710","39","17272649"
"chr5","17281733","17282027","KN294303v1","355736","356034","21","16925997"
"chr5","17319607","17319782","KN296263v1","1162606","1162775","29","16157001"
"chr5","17324330","17324629","KN294303v1","311895","312193","26","17012435"
"chr5","17332425","17332707","KN294303v1","302773","303083","37","17029652"
"chr5","17333487","17333784","KN294303v1","301681","301977","18","17031806"
"chr5","17479943","17480250","KN294303v1","152922","153223","26","17327021"
"chr5","17623175","17623447","KN294303v1","2997","3256","28","17620178"
"chr5","17636111","17636421","KN295633v1","1457163","1457472","35","16178948"
"chr5","17642933","17643217","KN295883v1","364520","364802","30","17278413"
"chr5","17699812","17700111","KN294592v1","51794","52092","43","17648018"
"chr5","17701630","17701929","KN295962v1","375746","376041","28","17325884"
"chr5","17730113","17730411","KN294539v1","1107554","1107850","29","16622559"
"chr5","17764432","17764727","KN295236v1","49573","49868","42","17714859"
"chr5","17846465","17846752","KN295045v1","756205","756493","39","17090260"
"chr5","17986541","17986862","KN297026v1","1554168","1554492","50","16432373"
"chr5","18085595","18085887","KN296192v1","165247","165534","37","17920348"
"chr5","18391005","18391312","KN296380v1","7066","7372","34","18383939"
"chr5","18512204","18512502","KN294385v1","291689","291997","48","18220515"
"chr5","18665051","18665344","KN294172v1","1462531","1462825","35","17202520"
"chr5","18911260","18911556","KN295962v1","375746","376041","33","18535514"
"chr5","19081213","19081490","KN294846v1","181961","182242","45","18899252"
"chr5","19248004","19248310","KN296588v1","994090","994394","38","18253914"
"chr5","19425221","19425513","KN296481v1","205477","205769","38","19219744"
"chr5","19507571","19507861","KN294373v1","1407897","1408188","38","18099674"
"chr5","19570310","19570607","KN296726v1","56093","56382","46","19514217"
"chr5","19583579","19583627","KN295045v1","1336617","1336651","21","18246962"
"chr5","19643107","19643407","KN294592v1","51794","52092","35","19591313"
"chr5","19806107","19806423","KN294558v1","506303","506623","48","19299804"
"chr5","19964552","19964853","KN295523v1","3581733","3582035","45","16382819"
"chr5","19986034","19986324","KN296398v1","40790","41084","40","19945244"
"chr5","20013127","20013145","KN294726v1","413556","413570","5","19599571"
"chr5","20013439","20013602","KN294187v1","1542649","1542810","28","18470790"
"chr5","20085752","20086047","KN295034v1","604953","605250","35","19480799"
"chr5","20100290","20100582","KN296970v1","1175434","1175726","39","18924856"
"chr5","20134809","20135092","KN294705v1","870227","870507","34","19264582"
"chr5","20215704","20215879","KN296086v1","825589","825753","49","19390115"
"chr5","20332780","20333075","KN295962v1","2457159","2457455","34","17875621"
"chr5","20570512","20570796","KN295735v1","1123529","1123814","39","19446983"
"chr5","20583640","20583947","KN296119v1","3556005","3556313","44","17027635"
"chr5","20652107","20652419","KN296484v1","1024460","1024770","35","19627647"
"chr5","21042983","21043291","KN296635v1","1808458","1808757","36","19234525"
"chr5","21203937","21204239","KN294668v1","4045257","4045554","37","17158680"
"chr5","21309822","21310059","KN295526v1","34227","34466","32","21275595"
"chr5","21321753","21322044","KN295828v1","1055197","1055488","31","20266556"
"chr5","21445304","21445589","KN297274v1","1780463","1780744","40","19664841"
"chr5","21469706","21470011","KN297032v1","13067","13369","40","21456639"
"chr5","21544977","21545285","KN295090v1","1517745","1518055","34","20027232"
"chr5","21761553","21761844","KN295869v1","572441","572731","37","21189112"
"chr5","21818617","21818909","KN294991v1","1825632","1825927","47","19992985"
"chr5","22001148","22001408","KN296247v1","804372","804647","34","21196776"
"chr5","22154907","22154946","KN296316v1","148146","148173","16","22006761"
"chr5","22267613","22267919","KN296247v1","539345","539644","25","21728268"
"chr5","22317225","22317457","KN296495v1","553328","553566","47","21763897"
"chr5","22344440","22344744","KN295241v1","157199","157498","25","22187241"
"chr5","22419475","22419782","KN296247v1","384918","385209","37","22034557"
"chr5","22435598","22435894","KN296247v1","369030","369327","12","22066568"
"chr5","22463023","22463230","KN296247v1","341408","341610","16","22121615"
"chr5","22747463","22747769","KN296247v1","45584","45876","33","22701879"
"chr5","22838805","22839102","KN295361v1","979624","979925","17","21859181"
"chr5","22880805","22881107","KN294850v1","121634","121934","37","22759171"
"chr5","22912562","22912778","KN296460v1","412720","412933","39","22499842"
"chr5","22923884","22924181","KN295361v1","887873","888180","29","22036011"
"chr5","23048001","23048303","KN295361v1","760021","760325","9","22287980"
"chr5","23064044","23064353","KN297044v1","108239","108545","32","22955805"
"chr5","23073207","23073473","KN295940v1","599422","599687","34","22473785"
"chr5","23233111","23233404","KN295361v1","583740","584030","28","22649371"
"chr5","23248048","23248348","KN295361v1","568711","569010","17","22679337"
"chr5","23344315","23344554","KN295361v1","470717","470956","16","22873598"
"chr5","23394941","23395245","KN295361v1","421917","422227","25","22973024"
"chr5","23414073","23414381","KN295361v1","402525","402851","35","23011548"
"chr5","23446444","23446742","KN295361v1","369956","370275","35","23076488"
"chr5","24003796","24004092","KN297360v1","141616","141906","24","23862180"
"chr5","24061659","24061961","KN296079v1","1339222","1339524","37","22722437"
"chr5","24082345","24082603","KN297360v1","53891","54172","37","24028454"
"chr5","24107748","24108043","KN297360v1","29092","29385","19","24078656"
"chr5","24213219","24213497","KN296178v1","83425","83716","24","24129794"
"chr5","24362892","24363058","KN295209v1","548634","548801","26","23814258"
"chr5","24413785","24414089","KN296178v1","300947","301248","20","24112838"
"chr5","24489028","24489326","KN296178v1","375784","376065","37","24113244"
"chr5","24551140","24551442","KN296178v1","437437","437743","25","24113703"
"chr5","24625158","24625496","KN294536v1","1166329","1166654","64","23458829"
"chr5","24784067","24784365","KN296178v1","673914","674204","28","24110153"
"chr5","24952763","24953069","KN296178v1","858669","858972","22","24094094"
"chr5","24983805","24984109","KN296145v1","3242116","3242420","29","21741689"
"chr5","25002432","25002742","KN295361v1","904675","904968","49","24097757"
"chr5","25012126","25012408","KN296178v1","914617","914918","30","24097509"
"chr5","25122569","25122856","KN295692v1","4021734","4022018","33","21100835"
"chr5","25233517","25233605","KN296296v1","165106","165204","29","25068411"
"chr5","25280763","25280940","KN296119v1","3355213","3355396","32","21925550"
"chr5","25318991","25319327","KN295107v1","851129","851460","51","24467862"
"chr5","25686644","25686930","KN296306v1","1833651","1833939","41","23852993"
"chr5","25830391","25830684","KN294499v1","899277","899580","41","24931114"
"chr5","25900886","25901183","KN295725v1","196183","196481","39","25704703"
"chr5","25931526","25931827","KN296430v1","557042","557332","44","25374484"
"chr5","25973848","25974156","KN296247v1","44902","45215","32","25928946"
"chr5","26046053","26046350","KN294564v1","70559","70856","38","25975494"
"chr5","26128996","26129277","KN297227v1","240655","240937","37","25888341"
"chr5","26196463","26196625","KN295667v1","830007","830168","29","25366456"
"chr5","26196920","26196938","KN294964v1","594324","594339","7","25602596"
"chr5","26212699","26212987","KN295366v1","153538","153829","37","26059161"
"chr5","26218197","26218474","KN294187v1","907689","907968","68","25310508"
"chr5","26256413","26256654","KN294269v1","1170294","1170536","42","25086119"
"chr5","26296332","26296617","KN296075v1","747794","748081","34","25548538"
"chr5","26300362","26300662","KN295854v1","1504180","1504481","35","24796182"
"chr5","26358086","26358390","KN296484v1","1024460","1024770","35","25333626"
"chr5","26495472","26495756","KN297404v1","49920","50204","32","26445552"
"chr5","26520709","26521016","KN294520v1","1300419","1300723","34","25220290"
"chr5","26521112","26521326","KN296430v1","540489","540695","37","25980623"
"chr5","26521337","26521551","KN296430v1","540489","540695","37","25980848"
"chr5","26531197","26531445","KN296138v1","307856","308112","39","26223341"
"chr5","26531456","26531704","KN296138v1","307856","308112","39","26223600"
"chr5","26531710","26532018","KN294499v1","2542984","2543291","37","23988726"
"chr5","26596530","26596780","KN294613v1","156723","156981","30","26439807"
"chr5","26598046","26598306","KN294613v1","156723","156981","14","26441323"
"chr5","26600850","26601142","KN294613v1","160026","160321","15","26440824"
"chr5","26630181","26630485","KN294613v1","189870","190174","16","26440311"
"chr5","26770584","26770891","KN294613v1","334561","334860","24","26436023"
"chr5","26786810","26787073","KN295642v1","22999","23270","45","26763811"
"chr5","26866079","26866326","KN294613v1","439865","440120","23","26426214"
"chr5","26869124","26869430","KN294613v1","441189","441484","28","26427935"
"chr5","26886793","26887102","KN296508v1","1794565","1794876","37","25092228"
"chr5","26918230","26918409","KN296086v1","825589","825753","39","26092641"
"chr5","26918435","26918657","KN295667v1","2051465","2051707","50","24866970"
"chr5","26984501","26984711","KN295090v1","2129680","2129888","30","24854821"
"chr5","26994154","26994445","KN294613v1","554511","554806","19","26439643"
"chr5","27050383","27050649","KN295362v1","113903","114168","36","26936480"
"chr5","27050859","27051160","KN294613v1","611373","611676","19","26439486"
"chr5","27109641","27109947","KN294613v1","670274","670562","30","26439367"
"chr5","27171915","27172191","KN294613v1","726491","726763","18","26445424"
"chr5","27214893","27215195","KN296329v1","76419","76727","50","27138474"
"chr5","27226264","27226572","KN294964v1","864674","864972","33","26361590"
"chr5","27263961","27264254","KN295075v1","252071","252359","35","27011890"
"chr5","27289035","27289334","KN295343v1","70146","70443","18","27218889"
"chr5","27318503","27318676","KN295349v1","47758","47931","30","27270745"
"chr5","27319596","27319755","KN295294v1","769026","769186","31","26550570"
"chr5","27331295","27331590","KN295343v1","121590","121900","34","27209705"
"chr5","27371559","27371867","KN295343v1","160267","160568","22","27211292"
"chr5","27477170","27477364","KN296864v1","1527902","1528096","21","25949268"
"chr5","27490466","27490766","KN295343v1","292150","292431","30","27198316"
"chr5","27527451","27527741","KN295343v1","328861","329154","13","27198590"
"chr5","27552457","27552770","KN295343v1","352797","353101","27","27199660"
"chr5","27562961","27563270","KN295343v1","365119","365415","33","27197842"
"chr5","27571757","27572057","KN295343v1","373896","374196","9","27197861"
"chr5","27704231","27704526","KN295343v1","506554","506851","13","27197677"
"chr5","27736542","27736555","KN294443v1","170714","170724","5","27565828"
"chr5","27736882","27736983","KN296296v1","165106","165204","28","27571776"
"chr5","27790874","27791169","KN294540v1","651367","651664","35","27139507"
"chr5","27804621","27804938","KN295343v1","604120","604449","21","27200501"
"chr5","27863971","27864088","KN295343v1","665744","665861","9","27198227"
"chr5","27864394","27864568","KN295343v1","666163","666340","8","27198231"
"chr5","27970030","27970311","KN297141v1","791776","792061","30","27178254"
"chr5","28148514","28148830","KN295343v1","963136","963460","23","27185378"
"chr5","28232565","28232724","KN295814v1","1118418","1118576","28","27114147"
"chr5","28378821","28379106","KN297008v1","4760196","4760475","40","23618625"
"chr5","28668595","28668900","KN297133v1","697008","697316","48","27971587"
"chr5","28770240","28770540","KN294675v1","33124","33433","26","28737116"
"chr5","28869734","28869988","KN297313v1","943232","943482","55","27926502"
"chr5","29101619","29101916","KN294611v1","4367","4667","45","29097252"
"chr5","31443322","31443498","KN296486v1","1714803","1714969","37","29728519"
"chr5","31521550","31521863","KN294416v1","320290","320595","46","31201260"
"chr5","31663257","31663518","KN295273v1","8922","9188","48","31654335"
"chr5","31787805","31788106","KN294468v1","164499","164799","16","31623306"
"chr5","31876562","31876876","KN295893v1","2419696","2420007","58","29456866"
"chr5","31958756","31959060","KN296922v1","678429","678727","55","31280327"
"chr5","32012811","32013113","KN295907v1","2571118","2571412","38","29441693"
"chr5","32088891","32089158","KN295893v1","436967","437230","45","31651924"
"chr5","32176570","32176839","KN294761v1","686020","686296","54","31490550"
"chr5","32299601","32299903","KN294468v1","164499","164799","28","32135102"
"chr5","32680069","32680362","KN297044v1","108239","108545","40","32571830"
"chr5","32689342","32689623","KN294592v1","567946","568227","35","32121396"
"chr5","32769980","32770132","KN295814v1","1118418","1118576","31","31651562"
"chr5","32770140","32770439","KN296495v1","1209717","1210015","29","31560423"
"chr5","32807354","32807412","KN296726v1","937390","937454","26","31869964"
"chr5","32813995","32814301","KN294591v1","115642","115945","38","32698353"
"chr5","32855943","32856121","KN296086v1","825589","825753","47","32030354"
"chr5","32904577","32904873","KN295346v1","1790082","1790382","39","31114495"
"chr5","33315282","33315529","KN295337v1","460264","460503","41","32855018"
"chr5","33425414","33425700","KN294978v1","2379848","2380134","38","31045566"
"chr5","33476061","33476358","KN294747v1","866490","866789","32","32609571"
"chr5","33540063","33540379","KN297452v1","1685054","1685372","43","31855009"
"chr5","33619042","33619333","KN296280v1","422869","423161","36","33196173"
"chr5","33779518","33779819","KN297452v1","1979430","1979725","35","31800088"
"chr5","33963130","33963463","KN295361v1","369956","370275","65","33593174"
"chr5","34382179","34382480","KN294540v1","651367","651664","53","33730812"
"chr5","34458470","34458768","KN294592v1","51794","52092","30","34406676"
"chr5","34711109","34711407","KN297197v1","3802947","3803249","34","30908162"
"chr5","35091633","35091966","KN295294v1","3735345","3735670","52","31356288"
"chr5","35433258","35433566","KN297203v1","1280233","1280541","41","34153025"
"chr5","35583916","35584088","KN296153v1","2696247","2696418","31","32887669"
"chr5","35846758","35847050","KN296761v1","97995","98298","38","35748763"
"chr5","35915450","35915614","KN297242v1","3635969","3636126","31","32279481"
"chr5","36186352","36186584","KN296062v1","1353746","1353981","30","34832606"
"chr5","36202621","36202869","KN297046v1","2365024","2365265","50","33837597"
"chr5","36257534","36257839","KN296145v1","3242116","3242420","38","33015418"
"chr5","36502690","36502981","KN294486v1","1499465","1499750","36","35003225"
"chr5","36632988","36633291","KN294578v1","617490","617800","43","36015498"
"chr5","36671357","36671667","KN294499v1","2542984","2543291","36","34128373"
"chr5","36702676","36702960","KN297047v1","4576996","4577280","34","32125680"
"chr5","36950271","36950518","KN295459v1","1601980","1602229","48","35348291"
"chr5","37075891","37076203","KN294218v1","2054777","2055092","58","35021114"
"chr5","37287061","37287364","KN294850v1","121634","121934","31","37165427"
"chr5","38336663","38336960","KN295241v1","157199","157498","25","38179464"
"chr5","38689831","38690136","KN296192v1","23333","23644","27","38666498"
"chr5","38790773","38791077","KN296192v1","128820","129129","22","38661953"
"chr5","38828744","38829035","KN296192v1","165247","165534","24","38663497"
"chr5","39092166","39092464","KN295345v1","868768","869065","37","38223398"
"chr5","39345966","39346132","KN294451v1","850657","850819","27","38495309"
"chr5","39411868","39412148","KN294806v1","493232","493506","17","38918636"
"chr5","39463115","39463411","KN294806v1","544638","544933","10","38918477"
"chr5","39465881","39466046","KN294980v1","230782","230955","31","39235099"
"chr5","39476003","39476299","KN294806v1","559260","559552","20","38916743"
"chr5","39570991","39571292","KN294806v1","654839","655140","18","38916152"
"chr5","40716037","40716340","KN297279v1","896138","896432","28","39819899"
"chr5","41137295","41137587","KN297048v1","47682","47977","31","41089613"
"chr5","41391544","41391848","KN294410v1","355090","355390","45","41036454"
"chr5","41904804","41905103","KN295923v1","120369","120668","11","41784435"
"chr5","41972520","41972825","KN295923v1","187243","187535","31","41785277"
"chr5","42118459","42118749","KN295923v1","336251","336547","21","41782208"
"chr5","42383683","42383989","KN296093v1","185428","185734","39","42198255"
"chr5","42395011","42395306","KN295923v1","615597","615891","11","41779414"
"chr5","42411901","42412194","KN295923v1","635178","635469","23","41776723"
"chr5","42573029","42573187","KN295349v1","47758","47931","35","42525271"
"chr5","42819915","42820090","KN294613v1","769657","769824","35","42050258"
"chr5","42839579","42839751","KN294596v1","141115","141287","25","42698464"
"chr5","42844014","42844318","KN295923v1","1067341","1067649","22","41776673"
"chr5","42914943","42915106","KN294187v1","1542649","1542810","31","41372294"
"chr5","43203076","43203374","KN295923v1","1430363","1430659","12","41772713"
"chr5","43203540","43203838","KN295923v1","1430828","1431133","15","41772712"
"chr5","43240767","43241046","KN295923v1","1465930","1466207","16","41774837"
"chr5","43252134","43252441","KN294592v1","1387856","1388155","35","41864278"
"chr5","43266176","43266488","KN295923v1","1494444","1494757","14","41771732"
"chr5","43325418","43325747","KN294181v1","955703","956020","60","42369715"
"chr5","43379409","43379462","KN295045v1","1336617","1336651","25","42042792"
"chr5","43383041","43383335","KN295923v1","1617056","1617358","29","41765985"
"chr5","43425790","43426088","KN297452v1","1979430","1979725","36","41446360"
"chr5","43426297","43426588","KN297008v1","6490113","6490414","48","36936184"
"chr5","43513915","43514095","KN297386v1","290292","290468","37","43223623"
"chr5","43517202","43517491","KN294439v1","265245","265540","33","43251957"
"chr5","43765958","43766261","KN295923v1","2002498","2002786","32","41763460"
"chr5","43966947","43967252","KN295923v1","2205792","2206094","13","41761155"
"chr5","44039460","44039782","KN295923v1","2282697","2282997","36","41756763"
"chr5","44117303","44117613","KN295923v1","2359904","2360215","17","41757399"
"chr5","44344581","44344862","KN296495v1","1755077","1755358","38","42589504"
"chr5","44350858","44351143","KN296096v1","2440700","2440989","40","41910158"
"chr5","44523475","44523765","KN297046v1","1810861","1811160","42","42712614"
"chr5","44552495","44552794","KN295070v1","15542","15836","45","44536953"
"chr5","44568878","44569180","KN294181v1","1011769","1012076","40","43557109"
"chr5","44584997","44585134","KN297008v1","6657903","6658047","18","37927094"
"chr5","44596623","44596924","KN294167v1","182699","183001","36","44413924"
"chr5","44598734","44599030","KN295893v1","142495","142793","34","44456239"
"chr5","44627086","44627344","KN296682v1","4040014","4040270","33","40587072"
"chr5","44644035","44644307","KN294187v1","140872","141146","35","44503163"
"chr5","44682598","44682884","KN297452v1","1979430","1979725","39","42703168"
"chr5","44682967","44683213","KN295607v1","30362","30616","37","44652605"
"chr5","44718721","44719008","KN295729v1","1381050","1381336","43","43337671"
"chr5","44722689","44722960","KN296496v1","143366","143630","53","44579323"
"chr5","44877716","44877922","KN296921v1","1217589","1217800","42","43660127"
"chr5","44881216","44881495","KN296119v1","4148243","4148521","43","40732973"
"chr5","45046337","45046520","KN297312v1","464912","465094","30","44581425"
"chr5","45052602","45052887","KN296732v1","2683870","2684156","40","42368732"
"chr5","45181095","45181294","KN294571v1","2367043","2367240","41","42814052"
"chr5","45314585","45314889","KN295345v1","868768","869065","44","44445817"
"chr5","45572803","45573103","KN295744v1","235007","235306","41","45337796"
"chr5","45602727","45602879","KN297008v1","6657903","6658047","24","38944824"
"chr5","45769278","45769596","KN295708v1","712640","712949","55","45056638"
"chr5","45841675","45841864","KN296119v1","3355213","3355396","42","42486462"
"chr5","45878247","45878546","KN294540v1","651367","651664","34","45226880"
"chr5","45994792","45995090","KN295090v1","2955942","2956240","35","43038850"
"chr5","46052236","46052532","KN295523v1","3041976","3042278","30","43010260"
"chr5","46069653","46069962","KN295371v1","619650","619955","50","45450003"
"chr5","46081010","46081299","KN297008v1","2596023","2596303","56","43484987"
"chr5","46175280","46175584","KN294147v1","1614845","1615150","41","44560435"
"chr5","46307378","46307571","KN297249v1","290537","290743","38","46016841"
"chr5","46389800","46390092","KN296959v1","44442","44736","43","46345358"
"chr5","46617358","46617648","KN296826v1","122558","122853","47","46494800"
"chr5","46782554","46782797","KN294226v1","5400","5644","36","46777154"
"chr5","47074730","47075036","KN295497v1","823167","823472","39","46251563"
"chr5","47154623","47154931","KN296495v1","1593396","1593705","45","45561227"
"chr5","47172309","47172524","KN294205v1","1216775","1216984","38","45955534"
"chr5","47812835","47813123","KN294462v1","513433","513718","31","47299402"
"chr5","47934030","47934296","KN296864v1","3158673","3158947","44","44775357"
"chr5","48534735","48535028","KN296296v1","66249","66543","35","48468486"
"chr5","48667726","48668014","KN296036v1","1306747","1307034","37","47360979"
"chr5","48709281","48709580","KN295744v1","235007","235306","39","48474274"
"chr5","48794648","48794816","KN294451v1","850657","850819","29","47943991"
"chr5","48856767","48857027","KN295753v1","245053","245324","46","48611714"
"chr5","49165047","49165374","KN294257v1","1022785","1023107","46","48142262"
"chr5","49305568","49305875","KN294385v1","291689","291997","36","49013879"
"chr5","49362009","49362265","KN296580v1","233755","234012","36","49128254"
"chr5","49393764","49394049","KN294192v1","872123","872412","48","48521641"
"chr5","49422468","49422622","KN296430v1","705227","705382","31","48717241"
"chr5","49923426","49923700","KN295130v1","26902","27187","51","49896524"
"chr5","49996070","49996379","KN294705v1","1109306","1109614","32","48886764"
"chr5","50151660","50151951","KN295236v1","989000","989298","49","49162660"
"chr5","50246867","50247144","KN294462v1","513433","513718","45","49733434"
"chr5","50559819","50560118","KN294611v1","4367","4667","38","50555452"
"chr5","50590955","50591124","KN295202v1","2028222","2028396","30","48562733"
"chr5","51164729","51164990","KN296682v1","4040014","4040270","45","47124715"
"chr5","51195222","51195535","KN295090v1","452979","453294","42","50742243"
"chr5","51311775","51312078","KN297044v1","108239","108545","38","51203536"
"chr5","51739488","51739787","KN294456v1","513291","513590","36","51226197"
"chr5","52016215","52016524","KN296484v1","1024460","1024770","37","50991755"
"chr5","52068771","52069068","KN294187v1","907689","907968","86","51161082"
"chr5","52130511","52130816","KN294850v1","121634","121934","35","52008877"
"chr5","52178280","52178589","KN294592v1","830662","830964","33","51347618"
"chr5","52346153","52346459","KN294964v1","864674","864972","41","51481479"
"chr5","52525691","52525977","KN297452v1","1979430","1979725","38","50546261"
"chr5","52572402","52572639","KN294218v1","2112945","2113194","38","50459457"
"chr5","52578225","52578424","KN295045v1","1182493","1182695","52","51395732"
"chr5","52578454","52578609","KN294181v1","939094","939251","26","51639360"
"chr5","52688708","52689025","KN296484v1","1024460","1024770","45","51664248"
"chr5","52706910","52707078","KN294187v1","1542649","1542810","34","51164261"
"chr5","52707378","52707476","KN295814v1","1118035","1118127","30","51589343"
"chr5","52731469","52731766","KN294583v1","150468","150773","51","52581001"
"chr5","52827145","52827446","KN295854v1","1504180","1504481","37","51322965"
"chr5","52856396","52856703","KN296609v1","1757848","1758154","31","51098548"
"chr5","52878018","52878278","KN296062v1","1373798","1374059","28","51504220"
"chr5","53018347","53018636","KN294911v1","1147756","1148045","35","51870591"
"chr5","53021618","53021915","KN296247v1","460642","460944","32","52560976"
"chr5","53095580","53095867","KN295319v1","129850","130137","29","52965730"
"chr5","53127820","53128013","KN294946v1","74320","74515","51","53053500"
"chr5","53283722","53284019","KN295962v1","674128","674422","35","52609594"
"chr5","53288244","53288533","KN294506v1","235047","235332","31","53053197"
"chr5","53358573","53358883","KN294467v1","105458","105766","35","53253115"
"chr5","53386184","53386378","KN295523v1","2203731","2203924","32","51182453"
"chr5","53409464","53409760","KN295366v1","153538","153829","30","53255926"
"chr5","53430761","53431031","KN295930v1","347803","348069","43","53082958"
"chr5","53441000","53441321","KN294181v1","1011769","1012076","52","52429231"
"chr5","53453691","53453964","KN296825v1","2274464","2274753","63","51179227"
"chr5","53454223","53454399","KN295408v1","16726","16898","41","53437497"
"chr5","53528697","53529005","KN294513v1","681816","682125","39","52846881"
"chr5","53536488","53536673","KN296122v1","77654","77829","38","53458834"
"chr5","53537303","53537323","KN294484v1","362325","362343","7","53174978"
"chr5","53577606","53577827","KN297112v1","2436873","2437092","40","51140733"
"chr5","53599523","53599815","KN295315v1","2095049","2095346","35","51504474"
"chr5","53875558","53875849","KN295096v1","447120","447418","44","53428438"
"chr5","53995162","53995331","KN295319v1","430475","430648","60","53564687"
"chr5","54104495","54104825","KN296231v1","401194","401523","44","53703301"
"chr5","54324142","54324425","KN295825v1","717159","717440","38","53606983"
"chr5","54338260","54338548","KN295893v1","7370026","7370312","34","46968234"
"chr5","54617058","54617383","KN296000v1","1247118","1247423","48","53369940"
"chr5","54766682","54766967","KN295366v1","153538","153829","49","54613144"
"chr5","54865727","54865939","KN297032v1","308157","308361","45","54557570"
"chr5","54881255","54881515","KN297452v1","914226","914488","43","53967029"
"chr5","54928296","54928566","KN295692v1","1615973","1616263","51","53312323"
"chr5","54962704","54962963","KN296138v1","307856","308112","48","54654848"
"chr5","54970545","54970731","KN295893v1","3902822","3903007","23","51067723"
"chr5","54970734","54970812","KN294780v1","12561","12635","13","54958173"
"chr5","54971111","54971275","KN296174v1","30392","30557","26","54940719"
"chr5","55049328","55049634","KN295284v1","267335","267639","46","54781993"
"chr5","55099723","55100025","KN294539v1","1456926","1457228","37","53642797"
"chr5","55113889","55114191","KN296380v1","7066","7372","42","55106823"
"chr5","55114570","55114865","KN294373v1","1407897","1408188","46","53706673"
"chr5","55403708","55404030","KN294949v1","142900","143219","47","55260808"
"chr5","55422551","55422847","KN297190v1","6531045","6531340","33","48891506"
"chr5","55496222","55496523","KN296079v1","1016819","1017116","44","54479403"
"chr5","55593127","55593435","KN297197v1","3802947","3803249","33","51790180"
"chr5","55667339","55667634","KN296004v1","398217","398517","39","55269122"
"chr5","55760932","55761241","KN296119v1","3405279","3405588","40","52355653"
"chr5","56144635","56144928","KN294378v1","1155375","1155674","51","54989260"
"chr5","56328571","56328865","KN296296v1","66249","66543","40","56262322"
"chr5","56366185","56366496","KN296311v1","6378099","6378408","46","49988086"
"chr5","56579072","56579395","KN294592v1","1297571","1297881","61","55281501"
"chr5","56611001","56611157","KN295349v1","47758","47931","38","56563243"
"chr5","56645432","56645732","KN294520v1","1300419","1300723","46","55345013"
"chr5","56667153","56667451","KN294251v1","1515118","1515410","37","55152035"
"chr5","56668703","56668973","KN294842v1","1383208","1383481","36","55285495"
"chr5","56676355","56676655","KN296641v1","1285515","1285812","32","55390840"
"chr5","56689763","56690036","KN297165v1","3664397","3664665","43","53025366"
"chr5","56716234","56716535","KN294325v1","914500","914798","34","55801734"
"chr5","56723247","56723563","KN295090v1","39156","39463","42","56684091"
"chr5","56729695","56730003","KN295744v1","235007","235306","42","56494688"
"chr5","56736224","56736393","KN295577v1","213435","213594","41","56522789"
"chr5","56761585","56761864","KN295257v1","348260","348541","33","56413325"
"chr5","56820808","56821113","KN296825v1","1702761","1703066","43","55118047"
"chr5","56914114","56914293","KN296959v1","1152394","1152569","29","55761720"
"chr5","56925442","56925728","KN294940v1","380863","381150","30","56544579"
"chr5","57079336","57079514","KN295735v1","895035","895215","31","56184301"
"chr5","57116573","57116885","KN296594v1","162025","162336","36","56954548"
"chr5","57216934","57217237","KN294372v1","1048193","1048493","32","56168741"
"chr5","57495228","57495529","KN295090v1","2695348","2695640","32","54799880"
"chr5","57532327","57532515","KN294946v1","74320","74515","48","57458007"
"chr5","57637203","57637511","KN294957v1","72107","72416","41","57565096"
"chr5","57655708","57656012","KN294499v1","2542984","2543291","37","55112724"
"chr5","57680424","57680707","KN294399v1","178526","178809","42","57501898"
"chr5","57690623","57690917","KN297008v1","2306017","2306322","41","55384606"
"chr5","57867491","57867802","KN295424v1","423225","423534","35","57444266"
"chr5","57875246","57875537","KN294619v1","236638","236931","42","57638608"
"chr5","57899281","57899573","KN296577v1","170798","171097","39","57728483"
"chr5","57913729","57914037","KN296004v1","353630","353936","38","57560099"
"chr5","57947981","57948267","KN296864v1","3158673","3158947","46","54789308"
"chr5","57961243","57961553","KN294883v1","392954","393264","38","57568289"
"chr5","58052721","58052901","KN296119v1","3355213","3355396","32","54697508"
"chr5","58061018","58061198","KN296096v1","3761145","3761324","31","54299873"
"chr5","58092243","58092524","KN297361v1","396419","396701","50","57695824"
"chr5","58105472","58105775","KN296093v1","185428","185734","36","57920044"
"chr5","58228097","58228395","KN295034v1","604953","605250","38","57623144"
"chr5","58229705","58230036","KN295349v1","73338","73683","26","58156367"
"chr5","58232601","58232899","KN295349v1","82312","82604","21","58150289"
"chr5","58308634","58308926","KN294747v1","866490","866789","43","57442144"
"chr5","58378436","58378571","KN297008v1","6657903","6658047","36","51720533"
"chr5","58378598","58378613","KN295152v1","573368","573383","3","57805230"
"chr5","58397538","58397840","KN296806v1","78148","78452","39","58319390"
"chr5","58425388","58425688","KN296145v1","3242116","3242420","42","55183272"
"chr5","58518257","58518439","KN296969v1","197794","197966","33","58320463"
"chr5","58525287","58525596","KN297219v1","687673","687980","29","57837614"
"chr5","58525919","58526122","KN296430v1","540489","540695","44","57985430"
"chr5","58531801","58532090","KN294499v1","114042","114335","33","58417759"
"chr5","58565151","58565321","KN294790v1","2350797","2350969","21","56214354"
"chr5","58565599","58565610","KN294443v1","170714","170724","4","58394885"
"chr5","58662101","58662394","KN294172v1","6890735","6891034","45","51771366"
"chr5","58693792","58693999","KN294443v1","649310","649513","38","58044482"
"chr5","58724618","58724923","KN294964v1","864674","864972","30","57859944"
"chr5","58755114","58755422","KN294813v1","87773","88073","41","58667341"
"chr5","58765204","58765508","KN296093v1","185428","185734","35","58579776"
"chr5","58765545","58765852","KN294592v1","922102","922412","37","57843443"
"chr5","58794112","58794379","KN295965v1","75137","75409","40","58718975"
"chr5","58795471","58795769","KN295526v1","979159","979460","37","57816312"
"chr5","58799145","58799322","KN294790v1","2350797","2350969","28","56448348"
"chr5","58799627","58799734","KN297274v1","1641483","1641604","26","57158144"
"chr5","58863785","58864082","KN295257v1","1909438","1909734","29","56954347"
"chr5","58874576","58874878","KN294458v1","1797868","1798168","39","57076708"
"chr5","58882181","58882485","KN296000v1","1247118","1247423","40","57635063"
"chr5","59112536","59112819","KN294493v1","377513","377791","39","58735023"
"chr5","59264548","59264832","KN295236v1","1688322","1688613","36","57576226"
"chr5","59415565","59415738","KN296486v1","1714803","1714969","33","57700762"
"chr5","59426031","59426341","KN295415v1","23860","24158","40","59402171"
"chr5","59449137","59449445","KN296513v1","303366","303672","44","59145771"
"chr5","59457437","59457715","KN295596v1","1613351","1613630","38","57844086"
"chr5","59460772","59461108","KN297113v1","139003","139332","56","59321769"
"chr5","59469296","59469572","KN294493v1","377513","377791","43","59091783"
"chr5","59518883","59519181","KN296191v1","846452","846730","52","58672431"
"chr5","59582776","59583051","KN295753v1","245053","245324","39","59337723"
"chr5","59602665","59602969","KN295236v1","2902206","2902512","37","56700459"
"chr5","59618736","59618871","KN296062v1","2505119","2505254","18","57113617"
"chr5","59619172","59619345","KN296959v1","1152394","1152569","32","58466778"
"chr5","59621061","59621348","KN294456v1","63433","63720","39","59557628"
"chr5","59627748","59628051","KN296145v1","3242116","3242420","32","56385632"
"chr5","59646124","59646425","KN296109v1","632766","633060","35","59013358"
"chr5","59728549","59728859","KN294207v1","1184523","1184834","34","58544026"
"chr5","59822881","59823177","KN294571v1","2837988","2838277","39","56984893"
"chr5","59832765","59833072","KN294181v1","1011769","1012076","50","58820996"
"chr5","59836124","59836426","KN294181v1","1011769","1012076","48","58824355"
"chr5","59886275","59886568","KN296296v1","66249","66543","30","59820026"
"chr5","59897305","59897574","KN294444v1","329995","330265","43","59567310"
"chr5","59931932","59932233","KN294964v1","864674","864972","36","59067258"
"chr5","59979375","59979588","KN294536v1","1559140","1559349","26","58420235"
"chr5","60038040","60038328","KN295923v1","1430363","1430659","39","58607677"
"chr5","60456219","60456499","KN296290v1","1258651","1258933","35","59197568"
"chr5","60456530","60456547","KN297008v1","5363769","5363781","6","55092761"
"chr5","60511931","60512237","KN295080v1","120776","121074","41","60391155"
"chr5","60863688","60863868","KN295202v1","2028222","2028396","39","58835466"
"chr5","60908618","60908923","KN296948v1","1447464","1447769","29","59461154"
"chr5","60913624","60913934","KN295343v1","373896","374196","44","60539728"
"chr5","61069760","61070068","KN294226v1","75477","75780","37","60994283"
"chr5","61296420","61296716","KN296138v1","347026","347321","36","60949394"
"chr5","61333864","61334149","KN295962v1","375746","376041","35","60958118"
"chr5","61345604","61345897","KN295150v1","80996","81293","52","61264608"
"chr5","61490527","61490817","KN294269v1","1104065","1104351","35","60386462"
"chr5","61584649","61584965","KN294181v1","1011769","1012076","41","60572880"
"chr5","61633868","61634171","KN297260v1","173285","173563","35","61460583"
"chr5","62202823","62202970","KN296884v1","1422698","1422842","39","60780125"
"chr5","62444121","62444371","KN294761v1","1025017","1025244","70","61419104"
"chr5","62585759","62586060","KN296536v1","767737","768033","16","61818022"
"chr5","62586755","62587059","KN297044v1","108239","108545","48","62478516"
"chr5","62710261","62710545","KN296536v1","642728","643017","17","62067533"
"chr5","62856054","62856343","KN296536v1","488914","489222","33","62367140"
"chr5","63122271","63122371","KN297157v1","346096","346184","26","62776175"
"chr5","63376160","63376452","KN296948v1","271010","271304","47","63105150"
"chr5","63407378","63407656","KN297028v1","1113262","1113544","41","62294116"
"chr5","63676975","63677239","KN295936v1","2228111","2228371","39","61448864"
"chr5","64012116","64012428","KN296093v1","185428","185734","41","63826688"
"chr5","64017339","64017638","KN295038v1","1333645","1333944","43","62683694"
"chr5","64464768","64465051","KN294992v1","10055","10343","37","64454713"
"chr5","64760960","64761269","KN297133v1","697008","697316","37","64063952"
"chr5","65019219","65019387","KN295735v1","895035","895215","29","64124184"
"chr5","65283168","65283435","KN295362v1","113903","114168","33","65169265"
"chr5","65885004","65885301","KN297322v1","1988592","1988902","29","63896412"
"chr5","66122456","66122647","KN294416v1","523339","523527","26","65599117"
"chr5","66122790","66122981","KN294416v1","523339","523527","25","65599451"
"chr5","66231796","66232101","KN297322v1","1633909","1634217","16","64597887"
"chr5","66402067","66402375","KN294850v1","121634","121934","35","66280433"
"chr5","66487735","66487917","KN296959v1","1152394","1152569","29","65335341"
"chr5","66536728","66537023","KN297322v1","1320329","1320630","21","65216399"
"chr5","66549906","66550194","KN297322v1","1307701","1307984","10","65242205"
"chr5","66570541","66570848","KN296380v1","7066","7372","33","66563475"
"chr5","66635773","66635916","KN297008v1","6657903","6658047","33","59977870"
"chr5","66660859","66661151","KN297322v1","1187868","1188156","18","65472991"
"chr5","66703909","66704215","KN297322v1","1137883","1138191","15","65566026"
"chr5","66723807","66724120","KN297322v1","1117903","1118217","29","65605904"
"chr5","66773015","66773290","KN297322v1","1066887","1067177","44","65706128"
"chr5","66822348","66822642","KN297322v1","1014926","1015221","15","65807422"
"chr5","66861890","66862205","KN297322v1","971592","971906","25","65890298"
"chr5","66977165","66977461","KN297322v1","854317","854614","13","66122848"
"chr5","67327509","67327818","KN297304v1","403469","403773","45","66924040"
"chr5","67339921","67340217","KN297322v1","476586","476880","14","66863335"
"chr5","67583555","67583843","KN297322v1","221489","221781","23","67362066"
"chr5","67675043","67675358","KN294883v1","392954","393264","34","67282089"
"chr5","68577675","68577994","KN294536v1","1608066","1608384","42","66969609"
"chr5","68625333","68625622","KN296019v1","49581","49869","41","68575752"
"chr5","68630667","68630954","KN296139v1","7891","8178","37","68622776"
"chr5","68723549","68723854","KN295441v1","1473719","1474022","36","67249830"
"chr5","68859221","68859527","KN294451v1","194657","194961","36","68664564"
"chr5","69430325","69430617","KN297165v1","1355223","1355511","40","68075102"
"chr5","69449107","69449296","KN294571v1","2367043","2367240","56","67082064"
"chr5","69451061","69451366","KN296682v1","3268933","3269243","45","66182128"
"chr5","69475809","69476074","KN297210v1","51987","52241","36","69423822"
"chr5","69524605","69524901","KN297452v1","1979430","1979725","32","67545175"
"chr5","69672994","69673117","KN295171v1","774709","774836","25","68898285"
"chr5","69796768","69796934","KN296311v1","1013861","1014022","37","68782907"
"chr5","69953450","69953625","KN295349v1","47758","47931","39","69905692"
"chr5","70111061","70111365","KN295991v1","231987","232297","38","69879074"
"chr5","70134125","70134401","KN294292v1","69203","69492","44","70064922"
"chr5","70180391","70180700","KN296145v1","3219494","3219793","40","66960897"
"chr5","70368554","70368657","KN295171v1","774709","774836","54","69593845"
"chr5","70513263","70513554","KN294571v1","2837988","2838277","33","67675275"
"chr5","71088261","71088529","KN297242v1","3849667","3849947","56","67238594"
"chr5","71212308","71212598","KN296825v1","2274464","2274753","40","68937844"
"chr5","71268477","71268790","KN296380v1","7066","7372","46","71261411"
"chr5","71323245","71323534","KN296296v1","66249","66543","41","71256996"
"chr5","71406436","71406746","KN296484v1","1024460","1024770","31","70381976"
"chr5","71430691","71430995","KN295366v1","137020","137320","38","71293671"
"chr5","72754256","72754561","KN296153v1","750041","750344","36","72004215"
"chr5","73122080","73122411","KN296426v1","740411","740728","61","72381669"
"chr5","73141818","73142130","KN297044v1","108239","108545","43","73033579"
"chr5","73160617","73160757","KN294945v1","39355","39486","33","73121262"
"chr5","73186432","73186737","KN294499v1","1649087","1649379","45","71537345"
"chr5","73266933","73267062","KN297432v1","384377","384510","41","72882556"
"chr5","73267403","73267417","KN295152v1","573368","573383","5","72694035"
"chr5","73273355","73273671","KN294251v1","874353","874679","52","72399002"
"chr5","73274312","73274613","KN294879v1","922497","922802","32","72351815"
"chr5","73287222","73287404","KN295967v1","467933","468109","32","72819289"
"chr5","73309568","73309725","KN295294v1","769026","769186","30","72540542"
"chr5","73738700","73738872","KN295995v1","71091","71264","22","73667609"
"chr5","73943117","73943414","KN296495v1","1209717","1210015","34","72733400"
"chr5","73964900","73965205","KN296324v1","208092","208392","33","73756808"
"chr5","73988909","73989179","KN294172v1","4114073","4114355","39","69874836"
"chr5","74028602","74028912","KN297133v1","697008","697316","43","73331594"
"chr5","74040031","74040329","KN295045v1","756205","756493","41","73283826"
"chr5","74042299","74042464","KN297133v1","358724","358886","65","73683575"
"chr5","74066977","74067252","KN294181v1","488569","488854","49","73578408"
"chr5","74552792","74553101","KN295371v1","619650","619955","40","73933142"
"chr5","74572830","74573101","KN295753v1","245053","245324","46","74327777"
"chr5","74573862","74574144","KN295623v1","34330","34612","24","74539532"
"chr5","74580341","74580639","KN294172v1","2885288","2885591","45","71695053"
"chr5","74587082","74587376","KN295623v1","48261","48555","16","74538821"
"chr5","74830183","74830347","KN296154v1","1158383","1158548","27","73671800"
"chr5","74831954","74832249","KN297332v1","94222","94518","31","74737732"
"chr5","74849442","74849730","KN295623v1","328930","329218","25","74520512"
"chr5","74859103","74859318","KN295623v1","334653","334867","9","74524450"
"chr5","74975836","74976123","KN295623v1","452348","452633","23","74523488"
"chr5","75050771","75050938","KN294467v1","13283","13450","7","75037488"
"chr5","75062033","75062180","KN297008v1","6657903","6658047","26","68404130"
"chr5","75062495","75062633","KN294467v1","25126","25264","9","75037369"
"chr5","75099727","75100026","KN294467v1","64234","64538","12","75035493"
"chr5","75106571","75106857","KN294243v1","68429","68714","50","75038142"
"chr5","75141939","75142245","KN294467v1","105458","105766","25","75036481"
"chr5","75171171","75171468","KN296138v1","347026","347321","36","74824145"
"chr5","75184147","75184451","KN294467v1","152867","153167","32","75031280"
"chr5","75212242","75212554","KN295074v1","748827","749135","56","74463415"
"chr5","75222915","75223210","KN294467v1","194798","195096","19","75028117"
"chr5","75396904","75397052","KN297432v1","384377","384510","33","75012527"
"chr6","288278","288576","KN296004v1","353630","353936","41","65352"
"chr6","302957","303260","KN295923v1","1430363","1430659","30","1127406"
"chr6","351167","351479","KN297274v1","2154241","2154549","22","1803074"
"chr6","390553","390854","KN297274v1","2116945","2117240","25","1726392"
"chr6","421798","422096","KN297452v1","1979430","1979725","37","1557632"
"chr6","450329","450624","KN294850v1","121634","121934","44","328695"
"chr6","464319","464606","KN294571v1","2837988","2838277","32","2373669"
"chr6","465873","466174","KN297274v1","2051085","2051394","29","1585212"
"chr6","468216","468502","KN294758v1","2335286","2335568","35","1867070"
"chr6","496955","497241","KN294193v1","459067","459360","43","37888"
"chr6","557640","557943","KN296635v1","1808458","1808757","40","1250818"
"chr6","583227","583456","KN296119v1","1099727","1099949","31","516500"
"chr6","603434","603731","KN297274v1","1913721","1914018","22","1310287"
"chr6","660849","661132","KN295090v1","2206504","2206790","38","1545655"
"chr6","664203","664217","KN294488v1","377499","377511","4","286704"
"chr6","664252","664407","KN295294v1","769026","769186","32","104774"
"chr6","664706","664775","KN295936v1","1333553","1333622","6","668847"
"chr6","673800","674088","KN296682v1","3655993","3656280","34","2982193"
"chr6","725345","725656","KN297274v1","1796141","1796444","28","1070796"
"chr6","738934","739223","KN297452v1","1979430","1979725","29","1240496"
"chr6","778415","778508","KN294456v1","1106019","1106100","34","327604"
"chr6","778813","778926","KN294172v1","3927953","3928072","18","3149140"
"chr6","798269","798550","KN295257v1","348260","348541","35","450009"
"chr6","961276","961550","KN297274v1","1573694","1573968","19","612418"
"chr6","1015617","1015915","KN297274v1","1522104","1522408","27","506487"
"chr6","1118565","1118860","KN294439v1","265245","265540","29","853320"
"chr6","1144924","1145239","KN297274v1","1387566","1387876","21","242642"
"chr6","1272905","1273190","KN294540v1","651367","651664","43","621538"
"chr6","1332934","1333209","KN295965v1","75137","75409","39","1257797"
"chr6","1376085","1376392","KN297274v1","1157153","1157464","31","218932"
"chr6","1380186","1380477","KN297314v1","1161251","1161541","48","218935"
"chr6","1401595","1401894","KN297274v1","1136495","1136790","20","265100"
"chr6","1496741","1497047","KN294372v1","1311490","1311797","31","185251"
"chr6","1497875","1498186","KN296380v1","7066","7372","36","1490809"
"chr6","1501428","1501722","KN296507v1","803071","803378","54","698357"
"chr6","1755392","1755544","KN295294v1","769026","769186","32","986366"
"chr6","1791581","1791871","KN297274v1","740101","740392","20","1051480"
"chr6","1798110","1798410","KN297154v1","565566","565864","39","1232544"
"chr6","1856918","1857220","KN295893v1","6651453","6651742","42","4794535"
"chr6","1874040","1874301","KN297274v1","664560","664825","14","1209480"
"chr6","1876266","1876570","KN294922v1","720408","720710","43","1155858"
"chr6","1976250","1976416","KN297274v1","555668","555838","22","1420582"
"chr6","1976728","1976867","KN297274v1","555212","555355","16","1421516"
"chr6","2058795","2059078","KN296063v1","1250917","1251205","58","807878"
"chr6","2104189","2104459","KN295753v1","245053","245324","39","1859136"
"chr6","2108935","2109070","KN294456v1","1105579","1105713","10","1003356"
"chr6","2109371","2109421","KN295045v1","1336617","1336651","23","772754"
"chr6","2272830","2273121","KN296108v1","735240","735530","30","1537590"
"chr6","2328018","2328312","KN297274v1","180681","180974","14","2147337"
"chr6","2487583","2487840","KN297274v1","17468","17729","17","2470115"
"chr6","2545460","2545759","KN296378v1","801237","801534","40","1744223"
"chr6","2593736","2594061","KN295907v1","1200915","1201232","50","1392821"
"chr6","2602208","2602402","KN294705v1","1041928","1042123","14","1560280"
"chr6","2613191","2613355","KN297044v1","582510","582668","37","2030681"
"chr6","2613616","2613781","KN294187v1","1542649","1542810","34","1070967"
"chr6","2640652","2640956","KN295284v1","267335","267639","39","2373317"
"chr6","2651724","2652040","KN295907v1","1200915","1201232","33","1450809"
"chr6","2664816","2665097","KN295257v1","348260","348541","41","2316556"
"chr6","2670919","2671221","KN296153v1","4072842","4073144","27","1401923"
"chr6","2708244","2708548","KN294668v1","4045257","4045554","48","1337013"
"chr6","2733025","2733314","KN295350v1","991261","991528","60","1741764"
"chr6","2764524","2764826","KN295102v1","249012","249316","30","2515512"
"chr6","2771773","2772058","KN296153v1","3956819","3957110","24","1185046"
"chr6","2797580","2797896","KN296153v1","3943154","3943467","25","1145574"
"chr6","2811564","2811874","KN296153v1","3914004","3914315","27","1102440"
"chr6","2820512","2820667","KN296495v1","1470532","1470683","38","1349980"
"chr6","2914874","2915186","KN295871v1","63017","63323","40","2851857"
"chr6","2931001","2931296","KN296153v1","3794589","3794881","14","863588"
"chr6","2962643","2962950","KN296380v1","7066","7372","39","2955577"
"chr6","2997917","2998224","KN295236v1","2902206","2902512","36","95711"
"chr6","3185858","3186095","KN294711v1","418356","418573","40","2767502"
"chr6","3238648","3238724","KN297159v1","1973041","1973104","23","1265607"
"chr6","3239012","3239175","KN294980v1","230782","230955","54","3008230"
"chr6","3303638","3303806","KN294451v1","850657","850819","29","2452981"
"chr6","3323768","3324056","KN296063v1","1250917","1251205","29","2072851"
"chr6","3335530","3335825","KN294592v1","1387856","1388155","33","1947674"
"chr6","3354519","3354695","KN294980v1","230782","230955","34","3123737"
"chr6","3355654","3355820","KN296174v1","30392","30557","27","3325262"
"chr6","3356138","3356207","KN295830v1","1273","1344","7","3354865"
"chr6","3375172","3375480","KN297044v1","108239","108545","38","3266933"
"chr6","3399056","3399302","KN297274v1","2053072","2053334","54","1345984"
"chr6","3512051","3512218","KN297159v1","1972589","1972756","29","1539462"
"chr6","3520948","3520958","KN294488v1","377499","377511","3","3143449"
"chr6","3521597","3521757","KN295294v1","769026","769186","27","2752571"
"chr6","3535703","3535916","KN297032v1","308157","308361","41","3227546"
"chr6","3705480","3705777","KN296153v1","2985786","2986096","28","719694"
"chr6","3735497","3735788","KN296079v1","3084734","3085029","40","650763"
"chr6","3735796","3736104","KN295154v1","149426","149727","54","3586370"
"chr6","3746628","3746914","KN296153v1","2940305","2940588","18","806323"
"chr6","3759601","3759792","KN295236v1","4802595","4802791","47","1042994"
"chr6","3797872","3798156","KN296153v1","2494796","2495079","47","1303076"
"chr6","3814222","3814508","KN296153v1","2867354","2867651","23","946868"
"chr6","3858311","3858489","KN296959v1","1152394","1152569","32","2705917"
"chr6","3890276","3890579","KN295034v1","604953","605250","34","3285323"
"chr6","3892339","3892648","KN296620v1","257480","257787","35","3634859"
"chr6","3929354","3929517","KN295667v1","830007","830168","28","3099347"
"chr6","3929841","3929865","KN294484v1","362325","362343","10","3567516"
"chr6","3954196","3954474","KN296153v1","2714156","2714436","14","1240040"
"chr6","3976582","3976887","KN294922v1","720408","720710","40","3256174"
"chr6","4009228","4009531","KN294520v1","1300419","1300723","38","2708809"
"chr6","4025367","4025668","KN294269v1","772756","773053","34","3252611"
"chr6","4037842","4038143","KN296913v1","116497","116800","42","3921345"
"chr6","4070030","4070337","KN294218v1","2054777","2055092","57","2015253"
"chr6","4085706","4086009","KN296153v1","2563099","2563400","17","1522607"
"chr6","4160152","4160451","KN296153v1","2486666","2486960","20","1673486"
"chr6","4268101","4268256","KN295294v1","769026","769186","27","3499075"
"chr6","4290068","4290229","KN297442v1","1435299","1435460","23","2854769"
"chr6","4331395","4331659","KN296948v1","915916","916168","44","3415479"
"chr6","4346106","4346390","KN296153v1","2292745","2293046","28","2053361"
"chr6","4353661","4353979","KN296153v1","2271780","2272094","23","2081881"
"chr6","4365235","4365529","KN296079v1","3084734","3085029","38","1280501"
"chr6","4367695","4367986","KN296153v1","2253898","2254192","27","2113797"
"chr6","4382029","4382351","KN296380v1","7066","7372","64","4374963"
"chr6","4411091","4411409","KN296153v1","2206207","2206500","40","2204884"
"chr6","4436764","4437001","KN294561v1","1532954","1533202","44","2903810"
"chr6","4455165","4455468","KN296153v1","2158756","2159059","19","2296409"
"chr6","4461104","4461469","KN296153v1","2151310","2151674","86","2309794"
"chr6","4488288","4488576","KN296795v1","1645734","1646028","30","2842554"
"chr6","4496533","4496648","KN294172v1","3927953","3928072","19","568580"
"chr6","4496917","4497067","KN295171v1","774709","774836","50","3722208"
"chr6","4531210","4531420","KN294339v1","34283","34502","35","4496927"
"chr6","4552880","4553171","KN296153v1","2041402","2041691","31","2511478"
"chr6","4556933","4557250","KN296682v1","5254577","5254886","42","697644"
"chr6","4560702","4561004","KN296153v1","2033739","2034041","28","2526963"
"chr6","4585437","4585743","KN296153v1","1996575","1996871","22","2588862"
"chr6","4639064","4639367","KN294842v1","297954","298253","30","4341110"
"chr6","4850537","4850774","KN296153v1","1721281","1721527","27","3129256"
"chr6","4950425","4950723","KN296153v1","1619500","1619795","22","3330925"
"chr6","4962539","4962839","KN296153v1","1610495","1610789","17","3352044"
"chr6","4989499","4989800","KN297197v1","4684189","4684491","39","305310"
"chr6","5078747","5079051","KN294813v1","87773","88073","38","4990974"
"chr6","5083685","5084016","KN294520v1","1300419","1300723","81","3783266"
"chr6","5103138","5103467","KN296391v1","46716","47037","56","5056422"
"chr6","5131112","5131423","KN296153v1","1434376","1434674","34","3696736"
"chr6","5140822","5141133","KN296153v1","1424950","1425255","30","3715872"
"chr6","5374856","5375151","KN294269v1","772756","773053","36","4602100"
"chr6","5413045","5413340","KN297458v1","321335","321631","41","5091710"
"chr6","5502765","5503074","KN296153v1","1018146","1018458","25","4484619"
"chr6","5970162","5970465","KN297274v1","1273846","1274150","41","4696316"
"chr6","5985160","5985448","KN296153v1","509017","509296","30","5476143"
"chr6","6043680","6043983","KN295701v1","646314","646594","71","5397366"
"chr6","6049297","6049609","KN296153v1","431064","431380","16","5618233"
"chr6","6074680","6075027","KN296153v1","403411","403752","27","5671269"
"chr6","6123717","6124029","KN296153v1","353498","353810","29","5770219"
"chr6","6126516","6126817","KN294399v1","115875","116174","36","6010641"
"chr6","6213173","6213475","KN296495v1","1209717","1210015","36","5003456"
"chr6","6226759","6227038","KN294996v1","360005","360288","47","5866754"
"chr6","6311523","6311765","KN296153v1","129679","129920","9","6181844"
"chr6","6378288","6378586","KN296153v1","51951","52245","15","6326337"
"chr6","6390258","6390553","KN297047v1","4500385","4500680","44","1889873"
"chr6","6428822","6429000","KN295202v1","2028222","2028396","35","4400600"
"chr6","6468145","6468465","KN294466v1","10616","10934","19","6457529"
"chr6","6478738","6479044","KN296484v1","1024460","1024770","41","5454278"
"chr6","6491083","6491271","KN294187v1","2091893","2092085","42","4399190"
"chr6","6800352","6800645","KN295459v1","603887","604184","29","6196465"
"chr6","6816675","6816969","KN297112v1","467391","467683","43","6349284"
"chr6","6986798","6987056","KN296138v1","307856","308112","31","6678942"
"chr6","7096254","7096557","KN296761v1","97995","98298","31","6998259"
"chr6","7213898","7213963","KN296731v1","893461","893529","27","6320437"
"chr6","7216315","7216604","KN296009v1","1376950","1377229","45","5839365"
"chr6","7236979","7237281","KN296000v1","1247118","1247423","40","5989861"
"chr6","7281896","7282192","KN294372v1","1522749","1523043","34","5759147"
"chr6","7399958","7400258","KN295571v1","563591","563893","43","6836367"
"chr6","7485072","7485368","KN296761v1","97995","98298","46","7387077"
"chr6","7486878","7487169","KN296635v1","2847198","2847491","33","4639680"
"chr6","7518574","7518789","KN297070v1","113131","113341","36","7405443"
"chr6","7566685","7566987","KN295540v1","142903","143206","37","7423782"
"chr6","7610040","7610349","KN295893v1","6332598","6332904","31","1277442"
"chr6","7645794","7646102","KN297242v1","3594348","3594651","29","4051446"
"chr6","7709749","7710026","KN294571v1","939030","939314","41","6770719"
"chr6","7730922","7731217","KN297367v1","37805","38102","37","7693117"
"chr6","7760009","7760323","KN294326v1","342456","342775","47","7417553"
"chr6","7772237","7772446","KN297133v1","766533","766742","29","7005704"
"chr6","7869709","7870011","KN296460v1","908254","908549","38","6961455"
"chr6","7880974","7881270","KN295923v1","1430363","1430659","41","6450611"
"chr6","7886474","7886758","KN294260v1","738177","738457","36","7148297"
"chr6","7915348","7915381","KN295708v1","999182","999218","14","6916166"
"chr6","7915511","7915791","KN296442v1","477608","477898","49","7437903"
"chr6","8018003","8018283","KN295586v1","5293886","5294167","28","2724117"
"chr6","8441623","8441910","KN297141v1","86747","87036","39","8354876"
"chr6","8526516","8526800","KN295038v1","1074754","1075022","48","7451762"
"chr6","8533898","8534183","KN294470v1","1411556","1411827","54","7122342"
"chr6","8547578","8547878","KN297154v1","2060249","2060549","15","6487329"
"chr6","8617379","8617679","KN294172v1","1462531","1462825","39","7154848"
"chr6","8656052","8656358","KN297154v1","1944821","1945127","16","6711231"
"chr6","8673854","8674066","KN297154v1","1934010","1934222","6","6739844"
"chr6","8770571","8770738","KN295349v1","47758","47931","36","8722813"
"chr6","8774479","8774652","KN297154v1","211161","211330","28","8563318"
"chr6","8792687","8792971","KN297154v1","1805527","1805790","50","6987160"
"chr6","8801778","8802077","KN297154v1","1791356","1791648","28","7010422"
"chr6","8803074","8803366","KN297154v1","1789729","1790024","20","7013345"
"chr6","8807945","8808250","KN297227v1","727002","727308","38","8080943"
"chr6","8832156","8832465","KN296266v1","138052","138359","45","8694104"
"chr6","8834408","8834607","KN296062v1","2504602","2504805","51","6329806"
"chr6","8848988","8849297","KN297154v1","1729487","1729796","15","7119501"
"chr6","8882156","8882316","KN297154v1","1695463","1695633","21","7186693"
"chr6","8882619","8882754","KN297133v1","1441414","1441546","12","7441205"
"chr6","8918693","8919000","KN295586v1","95118","95422","42","8823575"
"chr6","8923600","8923879","KN294493v1","377513","377791","33","8546087"
"chr6","9030393","9030690","KN294561v1","623087","623382","37","8407306"
"chr6","9053788","9053964","KN294980v1","230782","230955","31","8823006"
"chr6","9064387","9064668","KN297154v1","1493136","1493420","22","7571251"
"chr6","9130817","9131114","KN294976v1","288954","289250","34","8841863"
"chr6","9149549","9149832","KN297008v1","5801252","5801534","34","3348297"
"chr6","9157643","9157949","KN294964v1","471052","471350","41","8686591"
"chr6","9245923","9246232","KN297112v1","5762624","5762919","71","3483299"
"chr6","9248469","9248663","KN294705v1","1041928","1042123","18","8206541"
"chr6","9301453","9301748","KN297452v1","1979430","1979725","23","7322023"
"chr6","9303908","9304198","KN297154v1","1216482","1216766","22","8087426"
"chr6","9318690","9318995","KN297154v1","1200252","1200557","16","8118438"
"chr6","9324179","9324432","KN297154v1","1194532","1194778","17","8129647"
"chr6","9348525","9348759","KN296864v1","2640511","2640744","38","6708014"
"chr6","9348929","9349230","KN294583v1","245896","246194","37","9103033"
"chr6","9372836","9373130","KN296281v1","278202","278501","41","9094634"
"chr6","9379978","9380276","KN295070v1","15542","15836","54","9364436"
"chr6","9539653","9539899","KN295459v1","1601980","1602229","40","7937673"
"chr6","9559260","9559504","KN294439v1","287915","288143","42","9271345"
"chr6","9589119","9589427","KN297154v1","875963","876271","13","8713156"
"chr6","9598824","9599128","KN297154v1","865301","865609","19","8733523"
"chr6","9609890","9610021","KN296502v1","1401773","1401905","17","8208117"
"chr6","9610332","9610484","KN294187v1","1542649","1542810","34","8067683"
"chr6","9772853","9773190","KN297113v1","139003","139332","54","9633850"
"chr6","9834743","9835032","KN297118v1","108788","109084","43","9725955"
"chr6","9872443","9872722","KN294326v1","427946","428232","62","9444497"
"chr6","9895909","9896114","KN294613v1","407946","408145","40","9487963"
"chr6","9934001","9934292","KN294571v1","1349003","1349300","39","8584998"
"chr6","9934457","9934748","KN294571v1","1349003","1349300","39","8585454"
"chr6","9981015","9981178","KN295090v1","1465525","1465689","31","8515490"
"chr6","9981484","9981616","KN297274v1","221382","221516","9","9760102"
"chr6","10033838","10034000","KN296959v1","1152394","1152569","41","8881444"
"chr6","10078852","10079143","KN297154v1","353179","353470","14","9725673"
"chr6","10100127","10100419","KN296153v1","877409","877701","47","9222718"
"chr6","10117053","10117361","KN297154v1","277240","277549","26","9839813"
"chr6","10155164","10155321","KN295294v1","769026","769186","22","9386138"
"chr6","10196794","10197085","KN296096v1","2440700","2440989","30","7756094"
"chr6","10217822","10218110","KN295898v1","593780","594070","39","9624042"
"chr6","10248776","10249057","KN295350v1","1241887","1242168","55","9006889"
"chr6","10267882","10268173","KN297154v1","127170","127456","19","10140712"
"chr6","10287286","10287594","KN296380v1","7066","7372","34","10280220"
"chr6","10301315","10301618","KN297154v1","93499","93805","21","10207816"
"chr6","10345447","10345753","KN297154v1","46312","46595","33","10299135"
"chr6","10476789","10477091","KN295236v1","6115355","6115666","31","4361434"
"chr6","10501896","10502193","KN295236v1","6088020","6088324","23","4413876"
"chr6","10502863","10503063","KN296486v1","1468682","1468869","49","9034181"
"chr6","10522596","10522877","KN295257v1","348260","348541","33","10174336"
"chr6","10569026","10569315","KN295236v1","6002022","6002310","17","4567004"
"chr6","10590878","10591173","KN296635v1","1808458","1808757","35","8782420"
"chr6","10603460","10603754","KN296296v1","66249","66543","30","10537211"
"chr6","10618291","10618578","KN295075v1","252071","252359","37","10366220"
"chr6","10645955","10646252","KN295102v1","157119","157420","34","10488836"
"chr6","10674227","10674533","KN295236v1","5905105","5905413","20","4769122"
"chr6","10737452","10737610","KN297242v1","3635969","3636126","37","7101483"
"chr6","10808372","10808542","KN294596v1","141115","141287","41","10667257"
"chr6","10840380","10840695","KN295236v1","5702316","5702622","25","5138064"
"chr6","10857327","10857589","KN295236v1","5682146","5682408","13","5175181"
"chr6","10895053","10895361","KN297044v1","108239","108545","40","10786814"
"chr6","10896908","10897179","KN294172v1","1585798","1586062","25","9311110"
"chr6","10907347","10907618","KN296847v1","1869581","1869871","45","9037766"
"chr6","10917634","10917941","KN295236v1","5621369","5621675","11","5296265"
"chr6","10956136","10956447","KN296484v1","1024460","1024770","34","9931676"
"chr6","10957069","10957295","KN297105v1","3133628","3133851","40","7823441"
"chr6","10975328","10975627","KN295284v1","267335","267639","42","10707993"
"chr6","10986171","10986442","KN294790v1","3847979","3848251","42","7138192"
"chr6","10992016","10992180","KN294187v1","1542649","1542810","22","9449367"
"chr6","10992479","10992622","KN296009v1","224813","224953","23","10767666"
"chr6","11022282","11022579","KN295102v1","157119","157420","38","10865163"
"chr6","11038544","11038828","KN295236v1","5478975","5479273","27","5559569"
"chr6","11051497","11051780","KN295075v1","252071","252359","39","10799426"
"chr6","11103397","11103689","KN295236v1","5422758","5423047","24","5680639"
"chr6","11109078","11109294","KN295236v1","5411393","5411611","9","5697685"
"chr6","11116438","11116725","KN295236v1","5406565","5406852","22","5709873"
"chr6","11158760","11159056","KN295236v1","5354130","5354422","26","5804630"
"chr6","11166616","11166933","KN295236v1","5346861","5347166","25","5819755"
"chr6","11169799","11170101","KN295236v1","5343366","5343671","21","5826433"
"chr6","11230780","11231076","KN295236v1","5273155","5273454","20","5957625"
"chr6","11231466","11231775","KN295236v1","5272450","5272764","21","5959016"
"chr6","11286769","11287038","KN295315v1","2169174","2169441","40","9117595"
"chr6","11332223","11332460","KN295236v1","3592784","3593023","42","7739439"
"chr6","11348203","11348495","KN295825v1","923117","923415","49","10425086"
"chr6","11395950","11396243","KN295236v1","5093716","5094013","21","6302234"
"chr6","11416508","11416792","KN295236v1","5074286","5074590","41","6342222"
"chr6","11431568","11431781","KN295236v1","5057244","5057439","41","6374324"
"chr6","11432095","11432245","KN295236v1","5056785","5056936","14","6375310"
"chr6","11455647","11455950","KN295236v1","5032101","5032419","30","6423546"
"chr6","11502266","11502557","KN295236v1","4985497","4985798","22","6516769"
"chr6","11506143","11506444","KN295923v1","1430363","1430659","40","10075780"
"chr6","11595687","11595974","KN295345v1","868768","869065","46","10726919"
"chr6","11669634","11669750","KN295236v1","4803407","4803521","13","6866227"
"chr6","11670054","11670240","KN295236v1","4802595","4802791","16","6867459"
"chr6","11793025","11793197","KN294613v1","769657","769824","34","11023368"
"chr6","11793487","11793621","KN296062v1","2505119","2505254","22","9288368"
"chr6","11796604","11796885","KN294493v1","377513","377791","37","11419091"
"chr6","11808291","11808589","KN295236v1","4665203","4665497","17","7143088"
"chr6","11868415","11868715","KN297452v1","1979430","1979725","32","9888985"
"chr6","11892073","11892235","KN295261v1","75008","75178","43","11817065"
"chr6","11901545","11901838","KN295236v1","4569759","4570056","13","7331786"
"chr6","11908402","11908699","KN295236v1","4558363","4558663","24","7350039"
"chr6","11929348","11929591","KN295526v1","34227","34466","33","11895121"
"chr6","11947341","11947641","KN294571v1","1349003","1349300","35","10598338"
"chr6","12003938","12004329","KN296161v1","986044","986404","85","11017894"
"chr6","12067594","12067911","KN295236v1","4393805","4394085","49","7673789"
"chr6","12248147","12248448","KN295980v1","650514","650815","33","11597633"
"chr6","12304190","12304487","KN294613v1","441189","441484","35","11863001"
"chr6","12333541","12333825","KN296063v1","1250917","1251205","34","11082624"
"chr6","12366441","12366617","KN296153v1","2118691","2118861","28","10247750"
"chr6","12391184","12391485","KN295236v1","4051401","4051700","13","8339783"
"chr6","12479490","12479806","KN295236v1","3943321","3943637","19","8536169"
"chr6","12511539","12511836","KN295236v1","3918747","3919036","14","8592792"
"chr6","12573296","12573598","KN295236v1","3854958","3855262","24","8718338"
"chr6","12602480","12602802","KN294365v1","36037","36346","57","12566443"
"chr6","12604995","12605313","KN295236v1","3817790","3818108","16","8787205"
"chr6","12693767","12694063","KN297032v1","13067","13369","40","12680700"
"chr6","12897639","12897837","KN295090v1","42834","43042","44","12854805"
"chr6","12898143","12898277","KN294613v1","562643","562778","9","12335500"
"chr6","12929832","12929966","KN295090v1","392347","392462","57","12537485"
"chr6","12930236","12930356","KN296311v1","3395386","3395501","27","9534850"
"chr6","12933002","12933283","KN294987v1","598695","598975","36","12334307"
"chr6","12970469","12970640","KN295236v1","3432260","3432431","4","9538209"
"chr6","12996503","12996825","KN294262v1","1770527","1770834","49","11225976"
"chr6","13003179","13003224","KN296316v1","148146","148173","22","12855033"
"chr6","13148955","13149161","KN295045v1","1182493","1182695","37","11966462"
"chr6","13207468","13207762","KN295962v1","2457159","2457455","33","10750309"
"chr6","13211123","13211428","KN294790v1","1645392","1645693","41","11565731"
"chr6","13380388","13380694","KN295236v1","3010436","3010743","20","10369952"
"chr6","13421131","13421421","KN294506v1","235047","235332","41","13186084"
"chr6","13424617","13424916","KN294218v1","2202652","2202952","39","11221965"
"chr6","13458839","13459128","KN295075v1","252071","252359","28","13206768"
"chr6","13475433","13475738","KN296507v1","803071","803378","61","12672362"
"chr6","13477039","13477340","KN296157v1","3400326","3400621","38","10076713"
"chr6","13561953","13562255","KN295236v1","2902206","2902512","33","10659747"
"chr6","13807547","13807820","KN295236v1","2638776","2639055","19","11168771"
"chr6","13818209","13818504","KN297008v1","6810598","6810900","39","7007611"
"chr6","13828262","13828508","KN295533v1","879003","879251","29","12949259"
"chr6","13909015","13909165","KN294713v1","814138","814290","45","13094877"
"chr6","13915285","13915435","KN294713v1","814138","814290","45","13101147"
"chr6","13929998","13930132","KN295171v1","775136","775271","16","13154862"
"chr6","13930423","13930555","KN296119v1","2489568","2489707","50","11440855"
"chr6","13960748","13961054","KN294399v1","115875","116174","43","13844873"
"chr6","14016577","14016854","KN295236v1","2439419","2439700","22","11577158"
"chr6","14077895","14078183","KN295236v1","2376513","2376813","24","11701382"
"chr6","14120422","14120732","KN295302v1","236375","236672","42","13884047"
"chr6","14156389","14156684","KN295236v1","2294662","2294962","15","11861727"
"chr6","14174647","14174822","KN296296v1","24619","24786","29","14150028"
"chr6","14366938","14367100","KN294980v1","230782","230955","34","14136156"
"chr6","14416033","14416185","KN297008v1","1441000","1441155","24","12975033"
"chr6","14542785","14543101","KN295236v1","2629750","2630062","37","11913035"
"chr6","14594423","14594600","KN296153v1","2118691","2118861","28","12475732"
"chr6","14615385","14615553","KN294187v1","1542649","1542810","26","13072736"
"chr6","14682524","14682763","KN295074v1","95886","96127","27","14586638"
"chr6","14690017","14690291","KN295236v1","1800783","1801057","10","12889234"
"chr6","14721828","14722143","KN295236v1","1770645","1770952","21","12951183"
"chr6","14798543","14798845","KN295236v1","1688322","1688613","19","13110221"
"chr6","14804609","14804909","KN295236v1","2902206","2902512","39","11902403"
"chr6","14819061","14819358","KN297452v1","1979430","1979725","32","12839631"
"chr6","14828774","14829074","KN295735v1","186098","186401","36","14642676"
"chr6","14857311","14857619","KN295236v1","1628407","1628715","17","13228904"
"chr6","14920839","14921137","KN295236v1","1562516","1562803","21","13358323"
"chr6","14939572","14939950","KN294372v1","2148036","2148414","67","12791536"
"chr6","14999116","14999416","KN294619v1","236638","236931","49","14762478"
"chr6","15004106","15004265","KN296922v1","308569","308730","38","14695537"
"chr6","15019525","15019653","KN296884v1","1422698","1422842","44","13596827"
"chr6","15047472","15047781","KN295236v1","1432328","1432630","30","13615144"
"chr6","15161905","15162213","KN296526v1","33090","33393","40","15128815"
"chr6","15193695","15194001","KN294399v1","115875","116174","40","15077820"
"chr6","15204826","15205039","KN296864v1","1527902","1528096","30","13676924"
"chr6","15637735","15637888","KN296430v1","705227","705382","33","14932508"
"chr6","15720379","15720649","KN295236v1","749288","749559","18","14971091"
"chr6","15733102","15733259","KN294181v1","939094","939251","15","14794008"
"chr6","15734732","15735028","KN295526v1","979159","979460","50","14755573"
"chr6","15768990","15769296","KN295345v1","868768","869065","47","14900222"
"chr6","15797770","15797924","KN296430v1","705227","705382","29","15092543"
"chr6","15850862","15851175","KN295236v1","629431","629740","21","15221431"
"chr6","15898538","15898838","KN295236v1","576312","576601","23","15322226"
"chr6","15920538","15920818","KN295236v1","551339","551619","5","15369199"
"chr6","15986123","15986310","KN295735v1","895035","895215","34","15091088"
"chr6","15986755","15986940","KN295735v1","895035","895215","32","15091720"
"chr6","15987528","15987704","KN294596v1","141115","141287","29","15846413"
"chr6","16048484","16048658","KN296959v1","1152394","1152569","29","14896090"
"chr6","16054441","16054734","KN295236v1","390148","390438","20","15664293"
"chr6","16167913","16168072","KN295209v1","548634","548801","33","15619279"
"chr6","16219670","16219834","KN296263v1","1162606","1162775","40","15057064"
"chr6","16227066","16227208","KN294613v1","562643","562778","20","15664423"
"chr6","16227469","16227612","KN296180v1","537327","537473","38","15690142"
"chr6","16231782","16232106","KN296311v1","3521375","3521662","62","12710407"
"chr6","16280180","16280457","KN294292v1","69203","69492","52","16210977"
"chr6","16297623","16297783","KN296486v1","1714803","1714969","51","14582820"
"chr6","16298116","16298262","KN294451v1","850215","850347","27","15447901"
"chr6","16388090","16388240","KN297008v1","6657903","6658047","20","9730187"
"chr6","16393350","16393644","KN295544v1","58095","58390","37","16335255"
"chr6","16394163","16394470","KN295236v1","32968","33273","10","16361195"
"chr6","16437038","16437332","KN297452v1","1979430","1979725","44","14457608"
"chr6","16457369","16457687","KN295074v1","748827","749135","48","15708542"
"chr6","16502470","16502773","KN295548v1","143484","143790","39","16358986"
"chr6","16504949","16505092","KN296320v1","206630","206772","40","16298319"
"chr6","16505131","16505243","KN294172v1","3927953","3928072","14","12577178"
"chr6","16517343","16517660","KN294385v1","291689","291997","53","16225654"
"chr6","16563435","16563592","KN296430v1","705227","705382","42","15858208"
"chr6","16577120","16577466","KN295415v1","23860","24158","73","16553260"
"chr6","16651963","16652249","KN295294v1","2472423","2472716","51","14179540"
"chr6","16786576","16786858","KN297452v1","1979430","1979725","38","14807146"
"chr6","16962498","16962800","KN296430v1","480421","480721","33","16482077"
"chr6","17033949","17034242","KN296682v1","3655993","3656280","55","13377956"
"chr6","17103235","17103392","KN297094v1","185988","186163","36","16917247"
"chr6","17157506","17157802","KN294303v1","355736","356034","35","16801770"
"chr6","17190326","17190581","KN296138v1","307856","308112","39","16882470"
"chr6","17283016","17283318","KN296833v1","6697","6996","39","17276319"
"chr6","17289409","17289663","KN295871v1","832393","832646","36","16457016"
"chr6","17296021","17296318","KN295586v1","5713036","5713339","44","11582985"
"chr6","17335655","17335971","KN297046v1","3421703","3421999","51","13913952"
"chr6","17348324","17348606","KN294501v1","987158","987439","47","16361166"
"chr6","17404849","17405151","KN297046v1","1301971","1302270","47","16102878"
"chr6","17411835","17411977","KN295667v1","830007","830168","35","16581828"
"chr6","17440297","17440587","KN296063v1","1250917","1251205","33","16189380"
"chr6","17484539","17484847","KN294499v1","2127860","2128168","44","15356679"
"chr6","17552733","17553035","KN296426v1","740411","740728","58","16812322"
"chr6","17606765","17607029","KN294187v1","907689","907968","52","16699076"
"chr6","17607796","17607976","KN296486v1","1714803","1714969","34","15892993"
"chr6","17790031","17790197","KN296153v1","2696247","2696418","35","15093784"
"chr6","17840999","17841274","KN295257v1","348260","348541","42","17492739"
"chr6","17863301","17863600","KN295352v1","1304755","1305052","30","16558546"
"chr6","17866769","17867077","KN296079v1","1016819","1017116","42","16849950"
"chr6","17993678","17993975","KN297452v1","1979430","1979725","32","16014248"
"chr6","18042130","18042439","KN296380v1","7066","7372","39","18035064"
"chr6","18047317","18047482","KN296486v1","1714803","1714969","42","16332514"
"chr6","18063316","18063621","KN294520v1","1300419","1300723","36","16762897"
"chr6","18124129","18124446","KN294218v1","2054777","2055092","37","16069352"
"chr6","18139924","18140229","KN294527v1","174875","175178","47","17965049"
"chr6","18141492","18141783","KN295366v1","153538","153829","34","17987954"
"chr6","18148988","18149275","KN295244v1","639601","639887","37","17509387"
"chr6","18163709","18164007","KN295286v1","7835","8131","38","18155874"
"chr6","18214401","18214698","KN295154v1","149426","149727","36","18064975"
"chr6","18280771","18280943","KN296959v1","1152394","1152569","25","17128377"
"chr6","18311452","18311748","KN295343v1","373896","374196","40","17937556"
"chr6","18314931","18315178","KN297058v1","525691","525938","13","17789240"
"chr6","18349688","18349992","KN296093v1","185428","185734","37","18164260"
"chr6","18381725","18382023","KN296826v1","122558","122853","37","18259167"
"chr6","18427169","18427405","KN296767v1","213805","214033","51","18213364"
"chr6","18453213","18453469","KN296948v1","915916","916168","42","17537297"
"chr6","18476896","18477192","KN296507v1","600509","600805","31","17876387"
"chr6","18512911","18513174","KN294570v1","191357","191629","58","18321554"
"chr6","18524722","18525005","KN297369v1","169839","170118","43","18354883"
"chr6","18529216","18529511","KN296507v1","600509","600805","35","17928707"
"chr6","18589860","18590162","KN295633v1","2020236","2020539","40","16569624"
"chr6","18808381","18808466","KN295550v1","498465","498533","26","18309916"
"chr6","18808514","18808630","KN297094v1","186194","186310","24","18622320"
"chr6","18859130","18859424","KN295921v1","179609","179907","17","18679521"
"chr6","18898893","18899177","KN295921v1","130708","131010","28","18768185"
"chr6","18979304","18979595","KN295893v1","7370026","7370312","40","11609278"
"chr6","18998285","18998593","KN295921v1","31260","31566","22","18967025"
"chr6","19149717","19150005","KN295235v1","3401","3688","18","19146316"
"chr6","19181339","19181450","KN294172v1","5423877","5423985","21","13757462"
"chr6","19181739","19181934","KN295236v1","5057244","5057439","44","14124495"
"chr6","19182002","19182021","KN294570v1","158986","159003","5","19023016"
"chr6","19196321","19196634","KN294372v1","1311490","1311797","37","17884831"
"chr6","19200410","19200736","KN296231v1","401194","401523","56","18799216"
"chr6","19257026","19257314","KN294479v1","308767","309062","41","18948259"
"chr6","19363547","19363843","KN294782v1","209856","210156","23","19153691"
"chr6","19399423","19399722","KN294561v1","645779","646083","49","18753644"
"chr6","19496889","19497186","KN296922v1","807854","808152","20","18689035"
"chr6","19522405","19522718","KN296484v1","1024460","1024770","37","18497945"
"chr6","19562602","19562935","KN294536v1","1166329","1166654","58","18396273"
"chr6","19565127","19565439","KN296922v1","726792","727100","16","18838335"
"chr6","19618291","19618586","KN295984v1","811714","812012","43","18806577"
"chr6","19642528","19642827","KN294172v1","1462531","1462825","36","18179997"
"chr6","19705084","19705349","KN296922v1","557132","557415","31","19147952"
"chr6","19717926","19718234","KN296922v1","543137","543438","16","19174789"
"chr6","19760376","19760691","KN294345v1","2211607","2211914","50","17548769"
"chr6","19781878","19782066","KN294705v1","1493065","1493254","30","18288813"
"chr6","19789144","19789448","KN296922v1","341070","341376","23","19448074"
"chr6","19848767","19849057","KN296847v1","1869581","1869871","41","17979186"
"chr6","19851388","19851681","KN297165v1","1355223","1355511","44","18496165"
"chr6","19957478","19957779","KN295590v1","59329","59635","34","19898149"
"chr6","20153871","20154020","KN297008v1","6657903","6658047","20","13495968"
"chr6","20154047","20154173","KN297159v1","1989163","1989287","19","18164884"
"chr6","20159934","20160222","KN296847v1","1869581","1869871","37","18290353"
"chr6","20306751","20307019","KN294978v1","2379848","2380134","58","17926903"
"chr6","20396895","20397179","KN294399v1","178526","178809","41","20218369"
"chr6","20544229","20544531","KN297421v1","324876","325170","29","20219353"
"chr6","20579329","20579642","KN295633v1","307851","308157","43","20271478"
"chr6","20668377","20668666","KN297421v1","114080","114377","14","20554297"
"chr6","20722014","20722326","KN294399v1","115875","116174","37","20606139"
"chr6","20825987","20826283","KN297421v1","210614","210910","15","20615373"
"chr6","20886230","20886530","KN296387v1","308582","308897","34","20577648"
"chr6","20889414","20889727","KN297421v1","265609","265921","41","20623805"
"chr6","20916313","20916599","KN296460v1","243666","243954","35","20672647"
"chr6","20916851","20917109","KN296387v1","272348","272630","34","20644503"
"chr6","20943314","20943581","KN296387v1","247328","247603","17","20695986"
"chr6","20964721","20964901","KN296119v1","3355213","3355396","41","17609508"
"chr6","20994720","20994863","KN296062v1","2505119","2505254","21","18489601"
"chr6","21026730","21026858","KN295236v1","4199870","4200015","43","16826860"
"chr6","21100939","21101248","KN296387v1","52405","52715","29","21048534"
"chr6","21114727","21115014","KN296387v1","38457","38745","24","21076270"
"chr6","21131009","21131341","KN296387v1","17410","17708","46","21113599"
"chr6","21137231","21137528","KN295343v1","373896","374196","43","20763335"
"chr6","21159478","21159772","KN296589v1","427857","428151","18","20731621"
"chr6","21160582","21160756","KN296086v1","825589","825753","41","20334993"
"chr6","21255968","21256023","KN295614v1","28241","28303","21","21227727"
"chr6","21297118","21297413","KN296296v1","66249","66543","41","21230869"
"chr6","21392756","21393059","KN295453v1","16918","17201","28","21375838"
"chr6","21394103","21394386","KN295453v1","18299","18584","20","21375804"
"chr6","21395124","21395281","KN296311v1","1013861","1014022","35","20381263"
"chr6","21399370","21399540","KN296959v1","1152394","1152569","28","20246976"
"chr6","21399740","21400040","KN295453v1","19597","19897","11","21380143"
"chr6","21568755","21569056","KN294850v1","121634","121934","43","21447121"
"chr6","21582424","21582593","KN296086v1","825589","825753","40","20756835"
"chr6","21618171","21618503","KN295235v1","72970","73296","23","21545201"
"chr6","21623756","21624093","KN297026v1","1554168","1554492","57","20069588"
"chr6","21625693","21625980","KN295090v1","2206504","2206790","33","19419189"
"chr6","21651324","21651613","KN295235v1","35388","35678","20","21615936"
"chr6","22992046","22992337","KN295319v1","23766","24059","41","22968280"
"chr6","23571813","23572099","KN295319v1","129850","130137","33","23441963"
"chr6","23951406","23951656","KN296253v1","777735","777985","36","23173671"
"chr6","24435701","24435997","KN295034v1","604953","605250","39","23830748"
"chr6","24556025","24556325","KN296009v1","1417232","1417526","50","23138793"
"chr6","24709099","24709382","KN297227v1","240655","240937","39","24468444"
"chr6","24769246","24769542","KN296200v1","663813","664112","42","24105433"
"chr6","24790486","24790640","KN296430v1","705227","705382","25","24085259"
"chr6","24920461","24920775","KN296380v1","7066","7372","35","24913395"
"chr6","26168268","26168507","KN295294v1","3311128","3311366","46","22857140"
"chr6","26274353","26274659","KN297044v1","108239","108545","38","26166114"
"chr6","26846440","26846747","KN297044v1","108239","108545","32","26738201"
"chr6","27169231","27169411","KN294790v1","2350797","2350969","38","24818434"
"chr6","27260824","27261125","KN297008v1","5805126","5805423","39","21455698"
"chr6","27351846","27352149","KN296153v1","2292745","2293046","35","25059101"
"chr6","27586891","27587035","KN295814v1","1118418","1118576","34","26468473"
"chr6","27644837","27645132","KN296138v1","547188","547482","26","27097649"
"chr6","27764002","27764210","KN295045v1","1182493","1182695","46","26581509"
"chr6","27882269","27882572","KN294987v1","598695","598975","52","27283574"
"chr6","27902149","27902319","KN294980v1","230782","230955","39","27671367"
"chr6","27930293","27930581","KN296138v1","259395","259692","25","27670898"
"chr6","27999773","27999997","KN296460v1","412720","412933","35","27587053"
"chr6","28029500","28029808","KN294685v1","1346044","1346352","39","26683456"
"chr6","28072696","28072863","KN296138v1","109604","109767","15","27963092"
"chr6","28111564","28111871","KN296138v1","70057","70366","21","28041507"
"chr6","28166002","28166320","KN296138v1","11980","12269","43","28154022"
"chr6","28298925","28299243","KN294591v1","313021","313291","81","27985904"
"chr6","28483026","28483319","KN297442v1","737008","737298","37","27746018"
"chr6","28497534","28497843","KN296608v1","206395","206703","36","28291139"
"chr6","28542645","28542940","KN294848v1","359437","359732","13","28183208"
"chr6","28581910","28581941","KN296959v1","185149","185176","8","28396761"
"chr6","28581995","28582271","KN294705v1","870227","870507","36","27711768"
"chr6","28651139","28651443","KN294848v1","475600","475906","16","28175539"
"chr6","28870767","28871045","KN294848v1","699554","699832","11","28171213"
"chr6","28967651","28967964","KN294848v1","806524","806833","16","28161127"
"chr6","29178525","29178801","KN295708v1","1586022","1586298","36","27592503"
"chr6","29330502","29330697","KN294571v1","2367043","2367240","41","26963459"
"chr6","29391793","29392090","KN294848v1","1246726","1247004","29","28145067"
"chr6","29402421","29402722","KN295198v1","516030","516332","29","28886391"
"chr6","29459856","29460027","KN294980v1","230782","230955","35","29229074"
"chr6","29479745","29479886","KN297274v1","2172941","2173098","42","27306804"
"chr6","29625193","29625532","KN294848v1","1557156","1557463","53","28068037"
"chr6","29770446","29770708","KN296442v1","546513","546771","44","29223933"
"chr6","29799020","29799185","KN297154v1","1695463","1695633","38","28103557"
"chr6","30096604","30096896","KN296484v1","655862","656174","36","29440742"
"chr6","30239897","30240054","KN296486v1","1714803","1714969","38","28525094"
"chr6","30322966","30323271","KN296484v1","430646","430955","13","29892320"
"chr6","30390227","30390392","KN297154v1","1695463","1695633","30","28694764"
"chr6","30560471","30560777","KN296484v1","165139","165443","15","30395332"
"chr6","30576279","30576545","KN295501v1","506527","506803","43","30069752"
"chr6","30584543","30584809","KN295501v1","506527","506803","43","30078016"
"chr6","30610902","30611190","KN294187v1","907689","907968","46","29703213"
"chr6","30746203","30746505","KN294746v1","1478","1768","29","30744725"
"chr6","30804643","30804823","KN296119v1","3355213","3355396","38","27449430"
"chr6","30822436","30822729","KN295893v1","6651453","6651742","38","24170983"
"chr6","30857810","30858092","KN296381v1","125747","126027","18","30732063"
"chr6","30870065","30870372","KN296381v1","137269","137575","19","30732796"
"chr6","31031944","31032250","KN296381v1","312766","313062","28","30719178"
"chr6","31092032","31092431","KN296864v1","2177791","2178147","100","28914241"
"chr6","31107379","31107540","KN296311v1","1013861","1014022","33","30093518"
"chr6","31117217","31117521","KN296381v1","406427","406729","21","30710790"
"chr6","31224859","31225036","KN297094v1","185988","186163","33","31038871"
"chr6","31238972","31239245","KN296381v1","521374","521639","23","30717598"
"chr6","31322278","31322494","KN295301v1","240798","241015","33","31081480"
"chr6","31329678","31329986","KN297200v1","98740","99051","36","31230938"
"chr6","31354899","31355153","KN296682v1","4040014","4040270","29","27314885"
"chr6","31360384","31360546","KN294187v1","1542649","1542810","28","29817735"
"chr6","31360582","31360726","KN296187v1","2257894","2258030","14","29102688"
"chr6","31383640","31383961","KN294647v1","123019","123343","61","31260621"
"chr6","31456580","31456880","KN294922v1","720408","720710","33","30736172"
"chr6","31466036","31466375","KN294790v1","2251032","2251377","69","29215004"
"chr6","31489569","31489745","KN297154v1","1695463","1695633","32","29794106"
"chr6","31489782","31489907","KN295571v1","189855","189980","13","31299927"
"chr6","31540083","31540374","KN294571v1","2837988","2838277","36","28702095"
"chr6","31669557","31669858","KN294745v1","258533","258831","31","31411024"
"chr6","31671271","31671508","KN294421v1","680666","680909","38","30990605"
"chr6","31671544","31671560","KN296486v1","1715278","1715293","4","29956266"
"chr6","31702994","31703165","KN296296v1","24619","24786","36","31678375"
"chr6","31753165","31753181","KN295152v1","573368","573383","4","31179797"
"chr6","31753215","31753491","KN295257v1","348260","348541","45","31404955"
"chr6","31802941","31803117","KN296829v1","582931","583096","36","31220010"
"chr6","31803230","31803536","KN297219v1","687673","687980","35","31115557"
"chr6","31809595","31809862","KN295753v1","245053","245324","38","31564542"
"chr6","31830863","31831130","KN295362v1","113903","114168","45","31716960"
"chr6","31831132","31831423","KN294499v1","114042","114335","34","31717090"
"chr6","31861612","31861918","KN294172v1","6407720","6408021","36","25453892"
"chr6","31872150","31872462","KN296319v1","688029","688339","58","31184121"
"chr6","31881136","31881427","KN295594v1","237399","237688","37","31643737"
"chr6","31887276","31887587","KN295375v1","975768","976074","43","30911508"
"chr6","31888302","31888487","KN296119v1","3355213","3355396","36","28533089"
"chr6","31911522","31911713","KN294571v1","2367043","2367240","34","29544479"
"chr6","31939708","31939901","KN295523v1","2203731","2203924","26","29735977"
"chr6","32000653","32000947","KN297048v1","47682","47977","33","31952971"
"chr6","32099527","32099824","KN294187v1","1444157","1444444","62","30655370"
"chr6","32117115","32117409","KN297046v1","3421703","3421999","38","28695412"
"chr6","32118465","32118733","KN296485v1","447446","447718","38","31671019"
"chr6","32160342","32160643","KN295343v1","373896","374196","39","31786446"
"chr6","32295738","32296043","KN295315v1","2095049","2095346","41","30200689"
"chr6","32328360","32328667","KN295343v1","373896","374196","40","31954464"
"chr6","32396717","32396998","KN294758v1","2335286","2335568","40","30061431"
"chr6","32450203","32450498","KN295090v1","291736","292032","47","32158467"
"chr6","32491001","32491296","KN296884v1","1210753","1211054","48","31280248"
"chr6","32538924","32538979","KN295550v1","498465","498533","23","32040459"
"chr6","32564421","32564726","KN296682v1","225205","225512","31","32339216"
"chr6","32664044","32664347","KN294790v1","2471571","2471870","31","30192473"
"chr6","32746669","32746973","KN294378v1","1155375","1155674","37","31591294"
"chr6","32765047","32765223","KN296959v1","1152394","1152569","33","31612653"
"chr6","32922643","32922846","KN294946v1","74320","74515","48","32848323"
"chr6","32931049","32931338","KN296261v1","607411","607706","38","32323638"
"chr6","32950364","32950660","KN295523v1","1063802","1064098","35","31886562"
"chr6","32975905","32976221","KN295371v1","619650","619955","40","32356255"
"chr6","33013607","33013899","KN295236v1","1688322","1688613","32","31325285"
"chr6","33049471","33049772","KN296526v1","33090","33393","36","33016381"
"chr6","33053717","33054018","KN296526v1","33090","33393","36","33020627"
"chr6","33069458","33069740","KN294539v1","1591360","1591636","26","31478098"
"chr6","33069768","33069796","KN296139v1","69081","69102","9","33000687"
"chr6","33181238","33181620","KN296161v1","986044","986404","89","32195194"
"chr6","33194084","33194338","KN295667v1","2051465","2051707","51","31142619"
"chr6","33239830","33239965","KN297008v1","6657903","6658047","29","26581927"
"chr6","33248289","33248385","KN294456v1","1106019","1106100","38","32142270"
"chr6","33272673","33272970","KN294987v1","1179234","1179541","44","32093439"
"chr6","33286447","33286747","KN294365v1","993171","993474","40","32293276"
"chr6","33381305","33381605","KN295343v1","373896","374196","38","33007409"
"chr6","33393293","33393452","KN294239v1","2205879","2206038","40","31187414"
"chr6","33423371","33423671","KN296096v1","1447688","1447991","38","31975683"
"chr6","33505154","33505451","KN296620v1","947748","948045","29","32557406"
"chr6","33514809","33515114","KN295343v1","373896","374196","35","33140913"
"chr6","33521261","33521562","KN296609v1","2279316","2279621","41","31241945"
"chr6","33561768","33562055","KN297274v1","1043910","1044208","52","32517858"
"chr6","33635142","33635444","KN297274v1","1273846","1274150","37","32361296"
"chr6","33667433","33667583","KN294181v1","939094","939251","18","32728339"
"chr6","33728024","33728293","KN295350v1","991261","991528","35","32736763"
"chr6","33806756","33807051","KN295984v1","811714","812012","30","32995042"
"chr6","33813942","33814249","KN296380v1","7066","7372","31","33806876"
"chr6","33901279","33901454","KN296829v1","582931","583096","29","33318348"
"chr6","33940108","33940407","KN294964v1","864674","864972","39","33075434"
"chr6","34061267","34061560","KN295319v1","23766","24059","35","34037501"
"chr6","34063140","34063437","KN296609v1","1410682","1410982","32","32652458"
"chr6","34130768","34131059","KN296075v1","590735","591029","36","33540033"
"chr6","34330238","34330551","KN295633v1","307851","308157","44","34022387"
"chr6","34340377","34340658","KN297381v1","316049","316331","34","34024328"
"chr6","34389403","34389574","KN294980v1","230782","230955","30","34158621"
"chr6","34441348","34441629","KN295257v1","348260","348541","26","34093088"
"chr6","34465017","34465308","KN294987v1","420693","420986","32","34044324"
"chr6","34502712","34502916","KN295045v1","1182493","1182695","39","33320219"
"chr6","34802442","34802725","KN295746v1","236127","236417","40","34566315"
"chr6","34914374","34914540","KN294451v1","850657","850819","31","34063717"
"chr6","34917439","34917751","KN297203v1","885386","885683","41","34032053"
"chr6","34939439","34939642","KN297032v1","308157","308361","33","34631282"
"chr6","35011677","35011974","KN296296v1","66249","66543","33","34945428"
"chr6","35039568","35039744","KN297094v1","185988","186163","42","34853580"
"chr6","35123426","35123591","KN296119v1","2489997","2490161","44","32633429"
"chr6","35163865","35164176","KN294842v1","1766237","1766547","55","33397628"
"chr6","35243466","35243762","KN294540v1","651367","651664","36","34592099"
"chr6","35286794","35286875","KN296743v1","2371964","2372057","16","32914830"
"chr6","35287210","35287385","KN294470v1","2260068","2260237","41","33027142"
"chr6","35406349","35406520","KN295408v1","16726","16898","32","35389623"
"chr6","35412868","35413162","KN295366v1","153538","153829","43","35259330"
"chr6","35517556","35517862","KN297322v1","1320329","1320630","38","34197227"
"chr6","35531009","35531298","KN296495v1","2925731","2926025","57","32605278"
"chr6","35569769","35570079","KN295236v1","2902206","2902512","34","32667563"
"chr6","35576789","35576946","KN294842v1","167464","167629","27","35409325"
"chr6","35576984","35577101","KN296153v1","1058785","1058901","24","34518199"
"chr6","35590152","35590459","KN297044v1","108239","108545","33","35481913"
"chr6","35668952","35669258","KN296000v1","1247118","1247423","40","34421834"
"chr6","35765911","35766146","KN297095v1","2638274","2638512","34","33127637"
"chr6","35794659","35794968","KN295424v1","423225","423534","42","35371434"
"chr6","36075727","36076013","KN294378v1","443654","443953","49","35632073"
"chr6","36187154","36187462","KN294831v1","655604","655901","24","35531550"
"chr6","36202974","36203247","KN295753v1","245053","245324","48","35957921"
"chr6","36262035","36262343","KN296387v1","222262","222566","33","36039773"
"chr6","36304801","36305111","KN294831v1","535506","535824","16","35769295"
"chr6","36331121","36331433","KN294831v1","509173","509485","25","35821948"
"chr6","36346165","36346467","KN294831v1","493537","493843","24","35852628"
"chr6","36443473","36443698","KN296263v1","1174252","1174472","35","35269221"
"chr6","36463631","36463913","KN296322v1","2225139","2225414","42","34238492"
"chr6","36467888","36468162","KN294790v1","3847979","3848251","42","32619909"
"chr6","36470048","36470351","KN294831v1","364052","364351","15","36105996"
"chr6","36511180","36511479","KN294831v1","322663","322960","19","36188517"
"chr6","36548645","36548955","KN294831v1","283528","283816","33","36265117"
"chr6","36600301","36600608","KN297044v1","108239","108545","37","36492062"
"chr6","36638089","36638385","KN294303v1","301681","301977","34","36336408"
"chr6","36649055","36649365","KN294831v1","186181","186488","20","36462874"
"chr6","36724091","36724369","KN294831v1","105023","105301","14","36619068"
"chr6","36918726","36918896","KN297442v1","1675403","1675576","31","35243323"
"chr6","36994932","36995187","KN296682v1","4040014","4040270","37","32954918"
"chr6","37023607","37023909","KN296955v1","190802","191100","22","36832805"
"chr6","37035690","37035860","KN296959v1","1152394","1152569","32","35883296"
"chr6","37104793","37105086","KN294251v1","2231373","2231666","33","34873420"
"chr6","37150183","37150431","KN294470v1","788292","788534","51","36361891"
"chr6","37174311","37174591","KN296955v1","342603","342883","18","36831708"
"chr6","37186362","37186535","KN296959v1","1152394","1152569","30","36033968"
"chr6","37186567","37186893","KN296955v1","355699","356004","44","36830868"
"chr6","37191168","37191469","KN296955v1","360158","360446","22","36831010"
"chr6","37586591","37586895","KN295361v1","760021","760325","40","36826570"
"chr6","37627001","37627312","KN296380v1","7066","7372","45","37619935"
"chr6","37667920","37668218","KN296495v1","1209717","1210015","42","36458203"
"chr6","37719398","37719691","KN296955v1","924807","925106","15","36794591"
"chr6","37832713","37833027","KN296380v1","7066","7372","47","37825647"
"chr6","37881977","37882228","KN295871v1","832393","832646","37","37049584"
"chr6","37973902","37974216","KN295371v1","255428","255736","35","37718474"
"chr6","38001988","38002269","KN295533v1","1730829","1731110","38","36271159"
"chr6","38009214","38009504","KN297360v1","53891","54172","49","37955323"
"chr6","38068094","38068385","KN294571v1","2837988","2838277","35","35230106"
"chr6","38313709","38314016","KN294385v1","291689","291997","37","38022020"
"chr6","38388523","38388703","KN294596v1","141115","141287","35","38247408"
"chr6","38396799","38397095","KN294520v1","1785061","1785359","42","36611738"
"chr6","38399297","38399599","KN294842v1","297954","298253","36","38101343"
"chr6","38492855","38493156","KN294970v1","974452","974753","33","37518403"
"chr6","38585442","38585743","KN297452v1","1979430","1979725","38","36606012"
"chr6","38744528","38744820","KN294548v1","186910","187203","41","38557618"
"chr6","38759135","38759437","KN294499v1","1845030","1845326","47","36914105"
"chr6","38775135","38775440","KN296153v1","1424950","1425255","39","37350185"
"chr6","38788080","38788355","KN296322v1","2225139","2225414","39","36562941"
"chr6","38846562","38846727","KN297242v1","3635969","3636126","42","35210593"
"chr6","38881364","38881550","KN295893v1","3902822","3903007","24","34978542"
"chr6","38885086","38885391","KN296119v1","4889581","4889883","46","33995505"
"chr6","38886020","38886315","KN296153v1","3956819","3957110","37","34929201"
"chr6","38937122","38937429","KN294540v1","651367","651664","35","38285755"
"chr6","38985608","38985909","KN295923v1","1430363","1430659","32","37555245"
"chr6","39067694","39068059","KN296019v1","326373","326716","73","38741321"
"chr6","39068404","39068717","KN295977v1","1237273","1237582","41","37831131"
"chr6","39096498","39096729","KN296424v1","293115","293333","60","38803383"
"chr6","39142211","39142500","KN295366v1","153538","153829","29","38988673"
"chr6","39161105","39161398","KN296826v1","122558","122853","33","39038547"
"chr6","39179619","39179907","KN295596v1","2940377","2940662","40","36239242"
"chr6","39204463","39204773","KN296620v1","257480","257787","35","38946983"
"chr6","39282530","39282841","KN296380v1","7066","7372","35","39275464"
"chr6","39350214","39350519","KN296486v1","296288","296594","38","39053926"
"chr6","39512067","39512361","KN295962v1","375746","376041","31","39136321"
"chr6","39677901","39678207","KN297008v1","4050814","4051111","36","35627087"
"chr6","39797760","39798071","KN296266v1","138052","138359","34","39659708"
"chr6","39810187","39810489","KN297452v1","1979430","1979725","42","37830757"
"chr6","39813360","39813664","KN294850v1","121634","121934","32","39691726"
"chr6","39838087","39838359","KN296281v1","334470","334737","54","39503617"
"chr6","39839621","39839929","KN296000v1","1247118","1247423","41","38592503"
"chr6","39854597","39854892","KN295735v1","1494298","1494607","44","38360299"
"chr6","39862671","39862968","KN296096v1","2440700","2440989","36","37421971"
"chr6","39899374","39899686","KN296486v1","447375","447682","33","39451999"
"chr6","39952765","39953037","KN295459v1","963595","963865","60","38989170"
"chr6","40007594","40007758","KN296311v1","1013861","1014022","25","38993733"
"chr6","40053602","40053891","KN297452v1","1979430","1979725","36","38074172"
"chr6","40064328","40064637","KN296380v1","7066","7372","36","40057262"
"chr6","40120119","40120293","KN295319v1","430475","430648","38","39689644"
"chr6","40161336","40161625","KN295236v1","1562516","1562803","31","38598820"
"chr6","40172181","40172476","KN295962v1","674128","674422","33","39498053"
"chr6","40182130","40182394","KN294747v1","1170657","1170916","72","39011473"
"chr6","40189119","40189278","KN295814v1","1118418","1118576","23","39070701"
"chr6","40189564","40189697","KN294613v1","562643","562778","13","39626921"
"chr6","40223798","40224107","KN294761v1","2401847","2402158","44","37821951"
"chr6","40233814","40234116","KN294571v1","1349003","1349300","33","38884811"
"chr6","40303405","40303733","KN296036v1","1696646","1696968","43","38606759"
"chr6","40311538","40311818","KN294266v1","360526","360806","41","39951012"
"chr6","40343162","40343531","KN296161v1","986044","986404","92","39357118"
"chr6","40355437","40355732","KN295755v1","60500","60797","37","40294937"
"chr6","40388432","40388727","KN295366v1","209875","210171","38","40178557"
"chr6","40388728","40388887","KN295319v1","430475","430648","34","39958253"
"chr6","40397981","40398173","KN294571v1","2367043","2367240","29","38030938"
"chr6","40431153","40431454","KN295744v1","235007","235306","42","40196146"
"chr6","40474693","40475003","KN296806v1","78148","78452","40","40396545"
"chr6","40477021","40477171","KN296320v1","206630","206772","50","40270391"
"chr6","40505324","40505602","KN295893v1","7122873","7123168","44","33382451"
"chr6","40514701","40514940","KN296743v1","1962301","1962534","54","38552400"
"chr6","40515222","40515346","KN295202v1","2027804","2027927","28","38487418"
"chr6","40575610","40575783","KN294596v1","141115","141287","30","40434495"
"chr6","40602099","40602231","KN294613v1","59320","59453","14","40542779"
"chr6","40602543","40602717","KN295814v1","1118418","1118576","51","39484125"
"chr6","40695923","40696248","KN294592v1","4051","4374","53","40691872"
"chr6","40738606","40738791","KN297199v1","209","393","25","40738397"
"chr6","40782606","40782783","KN294364v1","505373","505549","35","40277233"
"chr6","40896287","40896451","KN295814v1","1118418","1118576","27","39777869"
"chr6","40902711","40903019","KN296093v1","185428","185734","32","40717283"
"chr6","40961402","40961709","KN296538v1","333081","333375","49","40628321"
"chr6","41025997","41026308","KN295091v1","924044","924353","36","40101953"
"chr6","41160383","41160674","KN296036v1","1306747","1307034","43","39853636"
"chr6","41227565","41227859","KN297197v1","4684189","4684491","40","36543376"
"chr6","41257002","41257210","KN295090v1","42834","43042","48","41214168"
"chr6","41306195","41306505","KN295854v1","1504180","1504481","46","39802015"
"chr6","41417875","41418170","KN297028v1","1113262","1113544","41","40304613"
"chr6","41451419","41451731","KN296380v1","7066","7372","41","41444353"
"chr6","41500113","41500410","KN294705v1","185206","185505","37","41314907"
"chr6","41542688","41542852","KN296743v1","1789514","1789673","37","39753174"
"chr6","41794674","41794984","KN296357v1","503815","504124","35","41290859"
"chr6","41869938","41870244","KN296380v1","7066","7372","43","41862872"
"chr6","41874510","41874810","KN295744v1","235007","235306","35","41639503"
"chr6","41978097","41978397","KN295962v1","375746","376041","45","41602351"
"chr6","42155319","42155607","KN296357v1","112907","113192","16","42042412"
"chr6","42218954","42219265","KN296357v1","40034","40335","35","42178920"
"chr6","42254308","42254631","KN294536v1","1166329","1166654","45","41087979"
"chr6","42297848","42298140","KN296486v1","27991","28288","27","42269857"
"chr6","42348252","42348569","KN296486v1","76141","76447","27","42272111"
"chr6","42360530","42360821","KN296063v1","1250917","1251205","27","41109613"
"chr6","42374159","42374470","KN296486v1","104241","104532","29","42269918"
"chr6","42412218","42412515","KN296079v1","3084734","3085029","34","39327484"
"chr6","42436945","42437260","KN296484v1","1024460","1024770","38","41412485"
"chr6","42531231","42531519","KN296486v1","265962","266250","14","42265269"
"chr6","42536616","42536936","KN296486v1","271578","271909","28","42265038"
"chr6","42568889","42569037","KN295236v1","3432260","3432431","49","39136629"
"chr6","42569405","42569654","KN296486v1","307749","307998","8","42261656"
"chr6","42589658","42589965","KN296486v1","329334","329641","34","42260324"
"chr6","42630944","42631110","KN295319v1","430475","430648","34","42200469"
"chr6","42646533","42646762","KN295301v1","240798","241015","61","42405735"
"chr6","42647065","42647205","KN294705v1","1355869","1356009","14","41291196"
"chr6","42664314","42664599","KN296486v1","409409","409696","21","42254905"
"chr6","42705131","42705426","KN295893v1","7122873","7123168","54","35582258"
"chr6","42725609","42725918","KN296435v1","2271548","2271854","38","40454061"
"chr6","42727471","42727779","KN296486v1","482851","483151","22","42244620"
"chr6","42809537","42809776","KN296743v1","1962301","1962534","41","40847236"
"chr6","42854031","42854331","KN294592v1","1387856","1388155","35","41466175"
"chr6","42891371","42891676","KN297452v1","1979430","1979725","35","40911941"
"chr6","42892930","42893237","KN296000v1","1247118","1247423","41","41645812"
"chr6","42899736","42900021","KN295814v1","804008","804295","37","42095728"
"chr6","42905686","42905980","KN296486v1","664213","664513","25","42241473"
"chr6","42938341","42938533","KN294571v1","2367043","2367240","44","40571298"
"chr6","42943207","42943223","KN295152v1","573368","573383","6","42369839"
"chr6","42943224","42943517","KN296486v1","711478","711774","18","42231746"
"chr6","42943518","42943666","KN295236v1","151283","151434","37","42792235"
"chr6","43176191","43176488","KN297452v1","1979430","1979725","42","41196761"
"chr6","43197640","43197949","KN297044v1","108239","108545","30","43089401"
"chr6","43229308","43229593","KN296486v1","1034142","1034428","13","42195166"
"chr6","43257145","43257316","KN295667v1","830007","830168","36","42427138"
"chr6","43469313","43469611","KN295854v1","1504180","1504481","32","41965133"
"chr6","43585198","43585366","KN296370v1","62055","62226","24","43523143"
"chr6","43585669","43585797","KN297274v1","1641483","1641604","49","41944186"
"chr6","43592501","43592804","KN296486v1","1406314","1406617","13","42186187"
"chr6","43653132","43653406","KN294399v1","178526","178809","34","43474606"
"chr6","43891380","43891675","KN296486v1","1696782","1697079","13","42194598"
"chr6","43943028","43943329","KN296486v1","1742068","1742374","31","42200960"
"chr6","43977909","43978258","KN294172v1","6093035","6093361","67","37884874"
"chr6","44090547","44090855","KN296486v1","1892106","1892416","25","42198441"
"chr6","44319710","44320017","KN296486v1","2165350","2165655","16","42154360"
"chr6","44417226","44417514","KN295725v1","1461230","1461528","42","42955996"
"chr6","44490665","44490973","KN295666v1","791747","792057","37","43698918"
"chr6","44769608","44769760","KN296430v1","705227","705382","31","44064381"
"chr6","44789677","44789839","KN296311v1","1013861","1014022","30","43775816"
"chr6","45061641","45061927","KN296386v1","236314","236606","39","44825327"
"chr6","45104676","45105036","KN296547v1","202057","202414","72","44902619"
"chr6","45182593","45182854","KN296153v1","2482855","2483119","45","42699738"
"chr6","45247914","45248205","KN295362v1","1055502","1055795","44","44192412"
"chr6","45257750","45258038","KN296406v1","193339","193632","54","45064411"
"chr6","45260883","45261216","KN294842v1","1766237","1766547","85","43494646"
"chr6","45300788","45301102","KN296726v1","579035","579337","63","44721753"
"chr6","45367168","45367450","KN294181v1","488569","488854","72","44878599"
"chr6","45446935","45447087","KN297094v1","185988","186163","50","45260947"
"chr6","45461176","45461329","KN297094v1","185988","186163","48","45275188"
"chr6","45479092","45479397","KN295586v1","5713036","5713339","46","39766056"
"chr6","45493278","45493574","KN295984v1","1528577","1528873","38","43964701"
"chr6","45495464","45495597","KN296921v1","546010","546143","19","44949454"
"chr6","45495598","45495897","KN295343v1","373896","374196","30","45121702"
"chr6","45495898","45496073","KN296263v1","1162606","1162775","38","44333292"
"chr6","45503620","45503921","KN295586v1","5713036","5713339","56","39790584"
"chr6","45509128","45509442","KN295267v1","660455","660765","54","44848673"
"chr6","45515044","45515350","KN296682v1","3238247","3238550","58","42276797"
"chr6","45515516","45515798","KN295814v1","1307312","1307597","48","44208204"
"chr6","45549899","45550179","KN295980v1","299091","299367","53","45250808"
"chr6","45568968","45569272","KN295586v1","5713036","5713339","42","39855932"
"chr6","45648704","45649011","KN295236v1","2902206","2902512","45","42746498"
"chr6","45664425","45664731","KN295198v1","516030","516332","45","45148395"
"chr6","45666104","45666405","KN294172v1","575828","576133","48","45090276"
"chr6","45714266","45714464","KN297032v1","308157","308361","42","45406109"
"chr6","45802200","45802491","KN296108v1","735240","735530","43","45066960"
"chr6","45876778","45877084","KN294181v1","1011769","1012076","45","44865009"
"chr6","45916110","45916402","KN294239v1","468436","468737","45","45447674"
"chr6","45943742","45944039","KN296761v1","97995","98298","33","45845747"
"chr6","45987889","45988205","KN295633v1","307851","308157","49","45680038"
"chr6","46045902","46046219","KN294372v1","1048193","1048493","57","44997709"
"chr6","46053863","46054163","KN294416v1","303238","303546","43","45750625"
"chr6","46080281","46080597","KN297044v1","108239","108545","52","45972042"
"chr6","46115233","46115550","KN296538v1","193946","194263","47","45921287"
"chr6","46141212","46141526","KN297044v1","108239","108545","46","46032973"
"chr6","46202314","46202488","KN296086v1","825589","825753","43","45376725"
"chr6","46202787","46202834","KN296138v1","110078","110127","11","46092709"
"chr6","46208953","46209305","KN297274v1","1412869","1413197","59","44796084"
"chr6","46268746","46269063","KN294949v1","142900","143219","35","46125846"
"chr6","46289430","46289721","KN296119v1","5500112","5500403","29","40789318"
"chr6","46368081","46368446","KN296864v1","2177791","2178147","81","44190290"
"chr6","46503693","46503957","KN296322v1","1773624","1773887","48","44730069"
"chr6","46505316","46505626","KN295633v1","307851","308157","43","46197465"
"chr6","46513857","46514156","KN295755v1","60500","60797","38","46453357"
"chr6","46514973","46515282","KN297094v1","229764","230074","41","46285209"
"chr6","46528966","46529266","KN296096v1","1447688","1447991","40","45081278"
"chr6","46571820","46572136","KN296484v1","1024460","1024770","39","45547360"
"chr6","46580712","46581008","KN295744v1","235007","235306","31","46345705"
"chr6","46699614","46699772","KN295090v1","1465525","1465689","26","45234089"
"chr6","46744203","46744419","KN294790v1","808923","809138","34","45935280"
"chr6","46767755","46768060","KN295225v1","1956940","1957244","43","44810815"
"chr6","46786084","46786243","KN295294v1","769026","769186","38","46017058"
"chr6","46850975","46851146","KN294842v1","167464","167629","26","46683511"
"chr6","46851449","46851579","KN294456v1","1105579","1105713","20","45745870"
"chr6","46851900","46852189","KN294506v1","235047","235332","39","46616853"
"chr6","47059331","47059640","KN296395v1","112669","112977","24","46946662"
"chr6","47107797","47108014","KN295623v1","334653","334867","25","46773144"
"chr6","47183568","47183865","KN294540v1","651367","651664","34","46532201"
"chr6","47186855","47187131","KN295257v1","348260","348541","51","46838595"
"chr6","47242571","47242854","KN294493v1","377513","377791","34","46865058"
"chr6","47321315","47321469","KN296430v1","705227","705382","31","46616088"
"chr6","47529751","47529964","KN297154v1","1934010","1934222","37","45595741"
"chr6","47541790","47542094","KN297197v1","4684189","4684491","31","42857601"
"chr6","47579287","47579380","KN297157v1","346096","346184","28","47233191"
"chr6","47579720","47579849","KN296959v1","1151950","1152082","23","46427770"
"chr6","47763015","47763196","KN296086v1","825589","825753","41","46937426"
"chr6","47778788","47779119","KN297233v1","805286","805611","55","46973502"
"chr6","47818428","47818734","KN297452v1","1979430","1979725","39","45838998"
"chr6","47927356","47927677","KN295573v1","2109163","2109481","52","45818193"
"chr6","47936629","47936824","KN294345v1","2206480","2206684","43","45730149"
"chr6","47968218","47968469","KN294982v1","46823","47079","60","47921395"
"chr6","47994938","47995223","KN294451v1","858208","858496","43","47136730"
"chr6","48034879","48035196","KN295352v1","523531","523844","47","47511348"
"chr6","48214695","48214991","KN296036v1","1166186","1166491","48","47048509"
"chr6","48243600","48243879","KN297259v1","564182","564465","48","47679418"
"chr6","48345292","48345594","KN296635v1","1808458","1808757","38","46536834"
"chr6","48372484","48372655","KN294980v1","230782","230955","21","48141702"
"chr6","48421021","48421326","KN295343v1","373896","374196","39","48047125"
"chr6","48426533","48426822","KN297452v1","1979430","1979725","33","46447103"
"chr6","48435790","48436086","KN294561v1","623087","623382","34","47812703"
"chr6","48497841","48497999","KN295294v1","769026","769186","36","47728815"
"chr6","48519493","48519794","KN296864v1","1747232","1747534","38","46772261"
"chr6","48639021","48639199","KN296486v1","1714803","1714969","37","46924218"
"chr6","48836877","48837032","KN297028v1","4571","4723","35","48832306"
"chr6","48852375","48852680","KN296380v1","7066","7372","31","48845309"
"chr6","49235179","49235473","KN296849v1","394002","394294","39","48841177"
"chr6","49331594","49331890","KN294668v1","3039242","3039541","34","46292352"
"chr6","49600644","49600962","KN294933v1","175658","175970","49","49424986"
"chr6","49669754","49670047","KN295236v1","1688322","1688613","38","47981432"
"chr6","49670891","49671193","KN295382v1","138726","139027","34","49532165"
"chr6","49675632","49675916","KN294292v1","69203","69492","40","49606429"
"chr6","49739047","49739219","KN294596v1","141115","141287","26","49597932"
"chr6","49889798","49889971","KN296743v1","1789514","1789673","31","48100284"
"chr6","49912856","49913152","KN294970v1","974452","974753","39","48938404"
"chr6","49933605","49933893","KN295319v1","129850","130137","39","49803755"
"chr6","50016716","50016873","KN295667v1","830007","830168","29","49186709"
"chr6","50114989","50115273","KN294940v1","380863","381150","33","49734126"
"chr6","50165182","50165361","KN295349v1","47758","47931","33","50117424"
"chr6","50209443","50209655","KN295352v1","985293","985503","33","49224150"
"chr6","50218936","50219245","KN294385v1","1569211","1569513","47","48649725"
"chr6","50235033","50235331","KN295962v1","815818","816115","43","49419215"
"chr6","50246725","50247042","KN295995v1","1716055","1716373","48","48530670"
"chr6","50273798","50274099","KN296108v1","735240","735530","47","49538558"
"chr6","50293789","50294116","KN295424v1","76367","76689","54","50217422"
"chr6","50313064","50313371","KN294399v1","115875","116174","42","50197189"
"chr6","50350810","50351118","KN296806v1","78148","78452","46","50272662"
"chr6","50464831","50464995","KN295667v1","830007","830168","27","49634824"
"chr6","50466245","50466410","KN295722v1","1695649","1695805","29","48770596"
"chr6","50466443","50466643","KN294571v1","2367043","2367240","39","48099400"
"chr6","50471340","50471635","KN294172v1","1462531","1462825","41","49008809"
"chr6","50488651","50488791","KN294456v1","1105579","1105713","21","49383072"
"chr6","50488819","50488971","KN294790v1","5437842","5437990","45","45050977"
"chr6","50493655","50493834","KN297094v1","185988","186163","36","50307667"
"chr6","50556586","50556863","KN297095v1","496095","496368","50","50060491"
"chr6","50556866","50557161","KN297203v1","885386","885683","49","49671480"
"chr6","50571611","50571779","KN295814v1","1118418","1118576","38","49453193"
"chr6","50619489","50619848","KN296404v1","1632181","1632538","91","48987308"
"chr6","50629792","50630084","KN295962v1","2488019","2488313","32","48141773"
"chr6","50649734","50650044","KN294520v1","99322","99631","42","50550412"
"chr6","50656606","50656833","KN297105v1","520174","520396","43","50136432"
"chr6","50659120","50659354","KN295459v1","1531744","1531983","42","49127376"
"chr6","50680510","50680687","KN295735v1","895035","895215","35","49785475"
"chr6","50680718","50680883","KN297442v1","1435299","1435460","31","49245419"
"chr6","50771503","50771820","KN297229v1","281810","282088","69","50489693"
"chr6","50855316","50855433","KN296153v1","1058785","1058901","11","49796531"
"chr6","50855459","50855641","KN294596v1","141115","141287","31","50714344"
"chr7","25165544","25165861","KN294161v1","485417","485719","34","24680127"
"chr7","15859333","15859717","KN296970v1","536172","536520","92","15323161"
"chr7","119668503","119668810","KN295930v1","122697","123007","39","119545806"
"chr7","551328","551637","KN297044v1","108239","108545","35","443089"
"chr7","699682","699954","KN295933v1","814098","814369","17","114416"
"chr7","706977","707258","KN295729v1","38175","38454","36","668802"
"chr7","742492","742773","KN295722v1","2042350","2042646","49","1299858"
"chr7","928592","928771","KN296119v1","3355213","3355396","31","2426621"
"chr7","1116899","1117190","KN295933v1","386374","386665","12","730525"
"chr7","1124040","1124331","KN295933v1","386374","386665","12","737666"
"chr7","1291492","1291750","KN295933v1","209958","210216","11","1081534"
"chr7","1353852","1354144","KN295933v1","149894","150188","25","1203958"
"chr7","2503316","2503599","KN295159v1","1040263","1040550","26","1463053"
"chr7","3337820","3338127","KN294499v1","2542984","2543291","47","794836"
"chr7","4021452","4021738","KN294407v1","804694","804981","37","3216758"
"chr7","4067081","4067378","KN296481v1","205477","205769","46","3861604"
"chr7","4148074","4148375","KN295034v1","604953","605250","49","3543121"
"chr7","4344348","4344629","KN296996v1","340479","340757","21","4003869"
"chr7","4826544","4826846","KN294416v1","768533","768836","38","4058011"
"chr7","4895523","4895806","KN297240v1","64567","64847","40","4830956"
"chr7","5941125","5941403","KN294978v1","2379848","2380134","48","3561277"
"chr7","6075129","6075444","KN294218v1","2054777","2055092","51","4020352"
"chr7","6947100","6947335","KN295633v1","200390","200624","31","6746710"
"chr7","6971752","6972054","KN294187v1","1070521","1070824","37","5901231"
"chr7","7029112","7029365","KN297197v1","3429038","3429300","56","3600074"
"chr7","7134617","7134930","KN296426v1","184408","184721","52","6950209"
"chr7","7175505","7175685","KN294790v1","2350797","2350969","33","4824708"
"chr7","7336885","7337066","KN296119v1","3355213","3355396","32","3981672"
"chr7","7586248","7586449","KN295801v1","840804","841003","48","6745444"
"chr7","7667828","7668138","KN296484v1","1024460","1024770","43","6643368"
"chr7","8366111","8366433","KN296036v1","1696646","1696968","44","6669465"
"chr7","8394451","8394709","KN295936v1","2228111","2228371","46","6166340"
"chr7","8557273","8557577","KN296875v1","202551","202854","26","8354722"
"chr7","8623378","8623668","KN296875v1","133541","133845","27","8489837"
"chr7","8934147","8934449","KN295893v1","1920187","1920491","43","7013960"
"chr7","9040156","9040345","KN295236v1","5057244","5057439","55","3982912"
"chr7","9275545","9275823","KN294493v1","377513","377791","44","8898032"
"chr7","10012168","10012478","KN296484v1","1024460","1024770","37","8987708"
"chr7","10131106","10131404","KN296063v1","1250917","1251205","38","8880189"
"chr7","10982392","10982704","KN294825v1","559277","559583","39","10423115"
"chr7","11053202","11053504","KN297112v1","2616292","2616596","45","8436910"
"chr7","11108856","11109121","KN297112v1","6395083","6395364","46","4713773"
"chr7","11279096","11279396","KN295540v1","142903","143206","40","11136193"
"chr7","11420340","11420641","KN295799v1","82679","82990","17","11337661"
"chr7","11670436","11670745","KN297184v1","62725","63022","48","11607711"
"chr7","11762493","11762771","KN295893v1","7370026","7370312","42","4392467"
"chr7","11781654","11781959","KN294520v1","1300419","1300723","33","10481235"
"chr7","11852500","11852798","KN294493v1","991664","991964","33","10860836"
"chr7","11874950","11875254","KN296311v1","3046128","3046435","36","8828822"
"chr7","12290893","12291186","KN295962v1","2457159","2457455","33","9833734"
"chr7","12324065","12324282","KN295748v1","191135","191363","45","12132930"
"chr7","12627841","12628107","KN295994v1","477699","477965","42","12150142"
"chr7","12709743","12710034","KN297452v1","1979430","1979725","44","10730313"
"chr7","12798526","12798791","KN296542v1","114309","114574","14","12684217"
"chr7","13043913","13044224","KN294233v1","685247","685547","25","12358666"
"chr7","13045741","13046047","KN294233v1","683383","683689","15","12362358"
"chr7","13170415","13170692","KN294233v1","555456","555762","41","12614959"
"chr7","13245121","13245353","KN294233v1","478782","479019","14","12766339"
"chr7","13684480","13684796","KN294233v1","29767","30074","26","13654713"
"chr7","14072924","14073089","KN294451v1","850657","850819","35","13222267"
"chr7","14341082","14341376","KN294668v1","2003347","2003642","33","12337735"
"chr7","14450838","14451012","KN296296v1","24619","24786","37","14426219"
"chr7","15089404","15089710","KN296426v1","859255","859561","11","14230149"
"chr7","15184480","15184789","KN296426v1","763641","763939","29","14420839"
"chr7","15205423","15205583","KN295294v1","769026","769186","21","14436397"
"chr7","15205616","15205741","KN295705v1","615120","615243","15","14590496"
"chr7","15297824","15298113","KN296426v1","651384","651670","19","14646440"
"chr7","15488777","15489085","KN296426v1","434520","434830","11","15054257"
"chr7","15645324","15645645","KN296426v1","276788","277098","37","15368536"
"chr7","15725282","15725445","KN295814v1","1118418","1118576","21","14606864"
"chr7","15792565","15792874","KN296426v1","114065","114379","31","15678500"
"chr7","15970352","15970650","KN297181v1","103566","103863","17","15866786"
"chr7","16561656","16561952","KN297203v1","885386","885683","45","15676270"
"chr7","17973331","17973637","KN296548v1","322955","323270","37","17650376"
"chr7","18596336","18596696","KN294561v1","12206","12562","26","18584130"
"chr7","18641043","18641218","KN296959v1","1152394","1152569","36","17488649"
"chr7","18641247","18641363","KN296263v1","1162811","1162928","15","17478436"
"chr7","18751443","18751589","KN295480v1","2671032","2671189","44","16080411"
"chr7","18840707","18841004","KN294561v1","258155","258449","23","18582552"
"chr7","19005725","19006001","KN294561v1","402063","402357","28","18603662"
"chr7","19205534","19205830","KN294372v1","2056206","2056510","41","17149328"
"chr7","19225551","19225846","KN294561v1","623087","623382","13","18602464"
"chr7","19249180","19249484","KN294561v1","653067","653347","39","18596113"
"chr7","19330986","19331122","KN294561v1","726063","726193","10","18604923"
"chr7","19331448","19331614","KN294561v1","726508","726680","19","18604940"
"chr7","19344263","19344475","KN296859v1","1427369","1427572","38","17916894"
"chr7","19345606","19345769","KN296306v1","3290422","3290582","20","16055184"
"chr7","19389862","19390135","KN294561v1","776265","776538","16","18613597"
"chr7","19399440","19399732","KN296119v1","1332102","1332392","39","18067338"
"chr7","19526301","19526580","KN294561v1","936960","937229","18","18589341"
"chr7","19650088","19650362","KN294561v1","1066725","1067007","26","18583363"
"chr7","19829144","19829436","KN294561v1","1255883","1256182","37","18573261"
"chr7","19969681","19969961","KN294561v1","1398630","1398908","18","18571051"
"chr7","20096280","20096561","KN296322v1","2225139","2225414","36","17871141"
"chr7","20178578","20178904","KN296036v1","1696646","1696968","42","18481932"
"chr7","20550099","20550397","KN294561v1","1952588","1952886","22","18597511"
"chr7","21504000","21504297","KN294521v1","193032","193313","50","21310968"
"chr7","21619041","21619353","KN294385v1","767967","768276","37","20851074"
"chr7","21885721","21885895","KN296086v1","825589","825753","39","21060132"
"chr7","21948958","21949261","KN297249v1","103836","104141","39","21845122"
"chr7","22302002","22302306","KN294520v1","1300419","1300723","38","21001583"
"chr7","22614354","22614628","KN296054v1","63194","63469","46","22551160"
"chr7","22945625","22945952","KN294326v1","342456","342775","48","22603169"
"chr7","23057957","23058238","KN296311v1","2208406","2208687","46","20849551"
"chr7","23071299","23071586","KN294987v1","420693","420986","43","22650606"
"chr7","23362472","23362762","KN296271v1","143383","143673","34","23219089"
"chr7","23520537","23520605","KN296726v1","937390","937454","31","22583147"
"chr7","23858887","23859195","KN296380v1","7066","7372","32","23851821"
"chr7","24013708","24014011","KN296484v1","1024460","1024770","42","22989248"
"chr7","24081705","24081864","KN296153v1","2118691","2118861","29","21963014"
"chr7","24134169","24134414","KN294507v1","24462","24694","59","24109707"
"chr7","24148372","24148672","KN295343v1","373896","374196","33","23774476"
"chr7","24174225","24174512","KN295474v1","1248919","1249206","46","22925306"
"chr7","24232583","24232851","KN295257v1","348260","348541","46","23884323"
"chr7","24243941","24244245","KN297242v1","3594348","3594651","42","20649593"
"chr7","24264200","24264526","KN294536v1","1166329","1166654","57","23097871"
"chr7","24373779","24374097","KN296426v1","740411","740728","52","23633368"
"chr7","24398990","24399295","KN294399v1","115875","116174","40","24283115"
"chr7","24525049","24525350","KN295034v1","604953","605250","38","23920096"
"chr7","24654969","24655161","KN295894v1","2215631","2215837","40","22439338"
"chr7","24659446","24659725","KN294790v1","3806584","3806878","46","20852862"
"chr7","24752967","24753134","KN297154v1","211161","211330","32","24541806"
"chr7","24869354","24869624","KN294539v1","1591360","1591636","36","23277994"
"chr7","24970300","24970588","KN294161v1","284286","284593","29","24686014"
"chr7","25099273","25099576","KN294161v1","418646","418945","17","24680627"
"chr7","25111533","25111839","KN294161v1","431213","431506","25","24680320"
"chr7","25191195","25191493","KN294161v1","511900","512201","18","24679295"
"chr7","25227652","25227816","KN296320v1","206630","206772","47","25021022"
"chr7","25246066","25246304","KN295526v1","34227","34466","46","25211839"
"chr7","25262333","25262497","KN294187v1","1542649","1542810","34","23719684"
"chr7","25377491","25377778","KN294161v1","707432","707719","12","24670059"
"chr7","26167442","26167740","KN294911v1","2237890","2238186","37","23929552"
"chr7","26250729","26251007","KN295705v1","736627","736900","40","25514102"
"chr7","26357820","26357992","KN294613v1","769657","769824","34","25588163"
"chr7","26363663","26363960","KN295923v1","1430363","1430659","36","24933300"
"chr7","26655169","26655463","KN294741v1","727835","728134","38","25927334"
"chr7","27152689","27152981","KN297332v1","209760","210055","38","26942929"
"chr7","27171097","27171400","KN294747v1","866490","866789","44","26304607"
"chr7","27469404","27469681","KN294827v1","78941","79233","32","27390463"
"chr7","27650503","27650807","KN294883v1","392954","393264","27","27257549"
"chr7","27792511","27792817","KN294883v1","249194","249503","14","27543317"
"chr7","28182078","28182385","KN296187v1","363115","363422","29","27818963"
"chr7","29697674","29697973","KN296495v1","1209717","1210015","41","28487957"
"chr7","29879231","29879534","KN295090v1","1517745","1518055","36","28361486"
"chr7","29959603","29959852","KN296948v1","915916","916168","60","29043687"
"chr7","30236458","30236761","KN295910v1","148567","148871","12","30087891"
"chr7","30402641","30402928","KN294556v1","171445","171735","17","30231196"
"chr7","30697892","30698187","KN297452v1","1979430","1979725","28","28718462"
"chr7","30700646","30700950","KN297219v1","687673","687980","43","30012973"
"chr7","30793388","30793705","KN295666v1","340384","340695","47","30453004"
"chr7","30795028","30795310","KN294373v1","1407897","1408188","39","29387131"
"chr7","30824702","30824882","KN294364v1","505373","505549","47","30319329"
"chr7","30824912","30825077","KN297008v1","816855","817004","41","30008057"
"chr7","30892700","30893008","KN296761v1","97995","98298","35","30794705"
"chr7","30904775","30905076","KN294399v1","115875","116174","33","30788900"
"chr7","30955209","30955486","KN295735v1","1675335","1675618","33","29279874"
"chr7","31118900","31119143","KN297264v1","52862","53109","38","31066038"
"chr7","31178909","31179208","KN295923v1","1430363","1430659","30","29748546"
"chr7","31324931","31325227","KN296495v1","2925731","2926025","27","28399200"
"chr7","31399470","31399770","KN294790v1","71150","71455","45","31328320"
"chr7","31410154","31410450","KN294582v1","148271","148567","36","31261883"
"chr7","31414240","31414538","KN296526v1","33090","33393","33","31381150"
"chr7","31462512","31462819","KN296079v1","1016819","1017116","44","30445693"
"chr7","31740228","31740519","KN295171v1","1412453","1412742","30","30327775"
"chr7","31883870","31884177","KN294187v1","188357","188668","43","31695513"
"chr7","32430248","32430529","KN295893v1","4777323","4777603","38","27652925"
"chr7","33160372","33160675","KN296495v1","2925731","2926025","38","30234641"
"chr7","33202765","33203005","KN296062v1","1353746","1353981","38","31849019"
"chr7","33312275","33312571","KN297203v1","885386","885683","36","32426889"
"chr7","33315805","33316091","KN296139v1","7891","8178","36","33307914"
"chr7","33513084","33513386","KN294172v1","6407720","6408021","34","27105364"
"chr7","34390928","34391221","KN296622v1","153094","153395","25","34237834"
"chr7","34553991","34554296","KN296622v1","317622","317924","16","34236369"
"chr7","34587054","34587340","KN296622v1","350981","351265","13","34236073"
"chr7","34715219","34715525","KN295090v1","1517745","1518055","37","33197474"
"chr7","34802624","34802960","KN296231v1","401194","401523","46","34401430"
"chr7","35076851","35077156","KN294187v1","188357","188668","30","34888494"
"chr7","35221914","35222215","KN296513v1","740395","740703","29","34481519"
"chr7","35244614","35244892","KN297276v1","510912","511184","55","34733702"
"chr7","35338437","35338734","KN297195v1","67482","67783","36","35270955"
"chr7","35343446","35343742","KN294564v1","70559","70856","33","35272887"
"chr7","35374454","35374761","KN295586v1","5713036","5713339","35","29661418"
"chr7","35393026","35393323","KN294540v1","651367","651664","39","34741659"
"chr7","35410115","35410256","KN296320v1","206630","206772","42","35203485"
"chr7","35466065","35466347","KN296487v1","194550","194834","38","35271515"
"chr7","35564633","35564940","KN295198v1","807457","807762","36","34757176"
"chr7","35654063","35654372","KN296825v1","1702761","1703066","34","33951302"
"chr7","35659471","35659753","KN295586v1","5293886","5294167","32","30365585"
"chr7","35716817","35717122","KN296921v1","2697417","2697719","42","33019400"
"chr7","35753151","35753466","KN296387v1","308582","308897","48","35444569"
"chr7","35822162","35822226","KN295614v1","28241","28303","25","35793921"
"chr7","36547877","36548177","KN296025v1","197372","197670","21","36350505"
"chr7","36577862","36578165","KN296025v1","169004","169294","29","36408858"
"chr7","36601061","36601255","KN296486v1","1468682","1468869","45","35132379"
"chr7","36615783","36616073","KN296025v1","129769","130072","35","36486014"
"chr7","36793557","36793811","KN294897v1","138774","139038","39","36654783"
"chr7","36863538","36863821","KN294619v1","1362925","1363220","39","35500613"
"chr7","36874222","36874515","KN297452v1","1979430","1979725","28","34894792"
"chr7","36910143","36910441","KN295154v1","149426","149727","35","36760717"
"chr7","36925315","36925595","KN297083v1","400309","400588","36","36525006"
"chr7","37466416","37466719","KN297210v1","47036","47341","16","37419380"
"chr7","37471391","37471644","KN297210v1","51987","52241","21","37419404"
"chr7","37777641","37777933","KN295962v1","674128","674422","39","37103513"
"chr7","38351967","38352248","KN294540v1","651367","651664","42","37700600"
"chr7","38656757","38657067","KN295984v1","454752","455060","41","38202005"
"chr7","38747416","38747694","KN294172v1","1980480","1980761","42","36766936"
"chr7","38788303","38788592","KN294996v1","360005","360288","40","38428298"
"chr7","38984259","38984563","KN297044v1","108239","108545","40","38876020"
"chr7","39138094","39138405","KN296775v1","1052668","1052977","36","38085426"
"chr7","39163729","39164011","KN294399v1","178526","178809","36","38985203"
"chr7","39365764","39366061","KN294226v1","300309","300600","58","39065455"
"chr7","39419141","39419418","KN294326v1","460637","460911","48","38958504"
"chr7","39486584","39486888","KN296609v1","2279316","2279621","33","37207268"
"chr7","39547167","39547472","KN296806v1","78148","78452","32","39469019"
"chr7","39664100","39664394","KN296119v1","745303","745598","38","38918797"
"chr7","40023810","40024103","KN294499v1","114042","114335","42","39909768"
"chr7","40230506","40230828","KN296036v1","1696646","1696968","40","38533860"
"chr7","40231359","40231647","KN297227v1","240655","240937","42","39990704"
"chr7","40835210","40835511","KN294378v1","1155375","1155674","41","39679835"
"chr7","40973865","40974137","KN295705v1","736627","736900","38","40237238"
"chr7","41166357","41166664","KN295974v1","904748","905054","46","40261609"
"chr7","41262454","41262743","KN294187v1","1444157","1444444","48","39818297"
"chr7","41364036","41364311","KN294591v1","140446","140730","43","41223590"
"chr7","42386632","42386929","KN294717v1","167671","167965","39","42218961"
"chr7","42434730","42435013","KN297327v1","630481","630778","45","41804249"
"chr7","42445853","42446015","KN295294v1","769026","769186","40","41676827"
"chr7","42446445","42446744","KN297452v1","1979430","1979725","30","40467015"
"chr7","42464178","42464380","KN294946v1","74320","74515","39","42389858"
"chr7","42720421","42720731","KN297118v1","326125","326433","47","42394296"
"chr7","42808518","42808809","KN294571v1","2837988","2838277","31","39970530"
"chr7","42830907","42831218","KN294850v1","121634","121934","37","42709273"
"chr7","42864595","42864896","KN297032v1","13067","13369","32","42851528"
"chr7","42888643","42888964","KN295090v1","1517745","1518055","44","41370898"
"chr7","42938679","42938989","KN297044v1","108239","108545","37","42830440"
"chr7","42970624","42970920","KN297452v1","1979430","1979725","37","40991194"
"chr7","43250703","43251005","KN296761v1","97995","98298","36","43152708"
"chr7","43500001","43500230","KN295045v1","372705","372937","47","43127296"
"chr7","43952041","43952348","KN294520v1","1300419","1300723","39","42651622"
"chr7","44605656","44605964","KN296391v1","31303","31600","50","44574353"
"chr7","44833765","44834040","KN295753v1","245053","245324","50","44588712"
"chr7","45775195","45775403","KN295045v1","1182493","1182695","52","44592702"
"chr7","45858749","45859057","KN296495v1","1602771","1603082","38","44255978"
"chr7","46217196","46217474","KN294172v1","5743616","5743895","34","40473580"
"chr7","46290176","46290488","KN294825v1","559277","559583","18","45730899"
"chr7","46335614","46335926","KN294825v1","516410","516723","15","45819204"
"chr7","46389762","46390056","KN294825v1","454402","454698","14","45935360"
"chr7","46866705","46866997","KN295929v1","465839","466131","19","46400866"
"chr7","47080479","47080652","KN296370v1","62055","62226","33","47018424"
"chr7","47080685","47080802","KN294172v1","3927953","3928072","16","43152732"
"chr7","47117806","47118097","KN296958v1","337794","338086","36","46780012"
"chr7","47390280","47390561","KN294879v1","43038","43322","61","47347242"
"chr7","47979765","47980064","KN296829v1","579630","579915","31","47400135"
"chr7","47983090","47983403","KN296426v1","740411","740728","44","47242679"
"chr7","48140026","48140358","KN295424v1","76367","76689","69","48063659"
"chr7","48417365","48417659","KN296378v1","801237","801534","34","47616128"
"chr7","48485048","48485312","KN295362v1","113903","114168","32","48371145"
"chr7","48978334","48978625","KN297259v1","448205","448497","46","48530129"
"chr7","49064472","49064764","KN296970v1","1175434","1175726","42","47889038"
"chr7","49133819","49134124","KN296484v1","1024460","1024770","47","48109359"
"chr7","49277844","49278145","KN295841v1","706941","707228","24","48570903"
"chr7","49669939","49670249","KN294174v1","245301","245611","39","49424638"
"chr7","50238737","50239045","KN295825v1","1348994","1349300","34","48889743"
"chr7","50275983","50276309","KN295501v1","48082","48405","27","50227901"
"chr7","50301274","50301584","KN295501v1","73597","73903","22","50227677"
"chr7","50386808","50387110","KN297008v1","2306017","2306322","29","48080791"
"chr7","50736818","50737122","KN294416v1","612423","612727","38","50124395"
"chr7","50800717","50801015","KN295501v1","573620","573921","12","50227097"
"chr7","50903769","50904085","KN295501v1","670652","670957","21","50233117"
"chr7","50977376","50977671","KN297112v1","467391","467683","60","50509985"
"chr7","51004211","51004503","KN295501v1","776537","776839","26","50227674"
"chr7","51009196","51009506","KN295501v1","781564","781872","17","50227632"
"chr7","51111978","51112275","KN295501v1","893633","893932","15","50218345"
"chr7","51157638","51157904","KN295501v1","941453","941721","19","50216185"
"chr7","51343180","51343470","KN295501v1","1119893","1120190","15","50223287"
"chr7","51358513","51358820","KN296541v1","108007","108312","43","51250506"
"chr7","51835457","51835759","KN296086v1","345053","345359","28","51490404"
"chr7","52721425","52721716","KN294619v1","1362925","1363220","39","51358500"
"chr7","53060562","53060860","KN296820v1","339787","340091","25","52720775"
"chr7","53206941","53207233","KN297452v1","1979430","1979725","29","51227511"
"chr7","53482179","53482491","KN296820v1","778222","778534","21","52703957"
"chr7","53938276","53938575","KN296820v1","1252106","1252415","24","52686170"
"chr7","53989143","53989454","KN294372v1","1311490","1311797","36","52677653"
"chr7","54334216","54334376","KN295236v1","4879636","4879796","40","49454580"
"chr7","54511235","54511551","KN296966v1","177080","177388","28","54334155"
"chr7","54538770","54538939","KN296153v1","2118691","2118861","29","52420079"
"chr7","54903659","54903962","KN294385v1","291689","291997","38","54611970"
"chr7","54934856","54935172","KN297044v1","108239","108545","36","54826617"
"chr7","55165644","55165968","KN294187v1","1156422","1156744","70","54009222"
"chr7","56001025","56001233","KN297070v1","113131","113341","21","55887894"
"chr7","56226271","56226547","KN297150v1","114487","114762","8","56111784"
"chr7","56555488","56555791","KN295501v1","776537","776839","44","55778951"
"chr7","56585043","56585345","KN296635v1","1808458","1808757","37","54776585"
"chr7","56673880","56674054","KN295349v1","47758","47931","30","56626122"
"chr7","56729576","56729868","KN296296v1","66249","66543","38","56663327"
"chr7","56861651","56861940","KN296641v1","1285515","1285812","38","55576136"
"chr7","56887898","56888206","KN295725v1","1461230","1461528","47","55426668"
"chr7","57016436","57016736","KN295923v1","1430363","1430659","37","55586073"
"chr7","57202824","57203121","KN294540v1","651367","651664","30","56551457"
"chr7","57422074","57422375","KN295366v1","153538","153829","39","57268536"
"chr7","57487739","57488029","KN296145v1","3519565","3519846","42","53968174"
"chr7","57809884","57810175","KN295075v1","252071","252359","35","57557813"
"chr7","58136220","58136512","KN294582v1","148271","148567","36","57987949"
"chr7","58150521","58150832","KN296266v1","138052","138359","40","58012469"
"chr7","58217942","58218261","KN296484v1","1024460","1024770","39","57193482"
"chr7","58472945","58473246","KN294922v1","720408","720710","30","57752537"
"chr7","59222449","59222758","KN294485v1","105000","105306","39","59117449"
"chr7","59225698","59226000","KN294399v1","115875","116174","45","59109823"
"chr7","59983819","59984061","KN296495v1","553328","553566","41","59430491"
"chr7","60142385","60142677","KN296263v1","1107598","1107890","32","59034787"
"chr7","60283017","60283319","KN296004v1","398217","398517","38","59884800"
"chr7","60343531","60343835","KN296849v1","88149","88456","20","60255382"
"chr7","60435111","60435409","KN295343v1","373896","374196","31","60061215"
"chr7","60461037","60461366","KN296072v1","190243","190551","56","60270794"
"chr7","60467653","60467897","KN296280v1","555268","555510","47","59912385"
"chr7","60474585","60474882","KN297203v1","885386","885683","37","59589199"
"chr7","60553237","60553548","KN294499v1","2542984","2543291","41","58010253"
"chr7","60614661","60614955","KN297118v1","21825","22117","61","60592836"
"chr7","61066479","61066772","KN294251v1","1515118","1515410","32","59551361"
"chr7","61130202","61130512","KN297044v1","108239","108545","31","61021963"
"chr7","61260287","61260602","KN294261v1","68050","68360","42","61192237"
"chr7","61857984","61858276","KN294728v1","1520182","1520471","37","60337802"
"chr7","61880562","61880853","KN297452v1","1979430","1979725","44","59901132"
"chr7","61930436","61930650","KN294493v1","1284341","1284555","35","60646095"
"chr7","61933959","61934295","KN296749v1","1075477","1075805","52","60858482"
"chr7","61955167","61955460","KN296096v1","2440700","2440989","40","59514467"
"chr7","62296233","62296523","KN296108v1","735240","735530","32","61560993"
"chr7","62339196","62339493","KN295984v1","811714","812012","39","61527482"
"chr7","62412822","62413125","KN295974v1","2054560","2054859","46","60358262"
"chr7","62519718","62520005","KN296311v1","6097151","6097432","46","56422567"
"chr7","62649415","62649696","KN295257v1","348260","348541","42","62301155"
"chr7","62693726","62694038","KN294385v1","291689","291997","45","62402037"
"chr7","63017410","63017684","KN294444v1","329995","330265","49","62687415"
"chr7","63267443","63267635","KN296486v1","1468682","1468869","46","61798761"
"chr7","63269137","63269416","KN296009v1","1376950","1377229","38","61892187"
"chr7","63474158","63474473","KN296806v1","78148","78452","47","63396010"
"chr7","63541691","63541966","KN296009v1","1376950","1377229","48","62164741"
"chr7","63771351","63771654","KN294218v1","2202652","2202952","40","61568699"
"chr7","64261669","64261969","KN296000v1","1247118","1247423","42","63014551"
"chr7","64456955","64457217","KN297172v1","186499","186754","43","64270456"
"chr7","64524326","64524566","KN295022v1","393960","394211","46","64130366"
"chr7","64788226","64788536","KN295424v1","423225","423534","40","64365001"
"chr7","65087313","65087639","KN295896v1","54035","54359","28","65033278"
"chr7","65093266","65093427","KN294790v1","2350797","2350969","41","62742469"
"chr7","65636841","65637122","KN296119v1","4841405","4841687","35","60795436"
"chr7","65747683","65747993","KN295828v1","556597","556906","16","65191086"
"chr7","65840124","65840426","KN295828v1","647754","648061","30","65192370"
"chr7","65903825","65904123","KN294269v1","772756","773053","29","65131069"
"chr7","65910690","65910981","KN295828v1","723030","723308","27","65187660"
"chr7","66174080","66174377","KN296281v1","278202","278501","42","65895878"
"chr7","66233426","66233724","KN295828v1","1055197","1055488","20","65178229"
"chr7","66273820","66274121","KN295828v1","1095001","1095277","35","65178819"
"chr7","66486138","66486432","KN295828v1","1318083","1318380","16","65168055"
"chr7","66813728","66813960","KN294407v1","786896","787127","30","66026832"
"chr7","68669986","68670317","KN295365v1","983964","984281","33","67686022"
"chr7","68780051","68780357","KN295995v1","1509625","1509932","38","67270426"
"chr7","68897705","68898013","KN295365v1","843813","844123","30","68053892"
"chr7","69013169","69013482","KN297050v1","13747","14056","39","68999422"
"chr7","69173163","69173459","KN295365v1","568804","569112","28","68604359"
"chr7","69238289","69238586","KN295365v1","501844","502135","15","68736445"
"chr7","69430793","69431095","KN295365v1","309370","309666","23","69121423"
"chr7","69984863","69985149","KN295356v1","272551","272858","30","69712312"
"chr7","70070258","70070553","KN295356v1","362268","362565","20","69707990"
"chr7","70126984","70127260","KN294987v1","598695","598975","31","69528289"
"chr7","70317002","70317298","KN294187v1","302016","302306","44","70014986"
"chr7","70379238","70379408","KN294378v1","1680015","1680191","28","68699223"
"chr7","70601037","70601340","KN295090v1","1785359","1785660","40","68815678"
"chr7","70751866","70752170","KN295294v1","244045","244353","39","70507821"
"chr7","71189302","71189610","KN295356v1","1506637","1506942","20","69682665"
"chr7","71375315","71375580","KN294601v1","109472","109737","7","71265843"
"chr7","71923370","71923654","KN295596v1","2940377","2940662","38","68982993"
"chr7","71926816","71927106","KN295402v1","915307","915596","40","71011509"
"chr7","72173326","72173612","KN296263v1","1248040","1248330","45","70925286"
"chr7","72288754","72289070","KN296682v1","2501014","2501334","49","69787740"
"chr7","72407701","72408011","KN294578v1","287800","288105","47","72119901"
"chr7","72465794","72466074","KN294251v1","953303","953582","40","71512491"
"chr7","72837913","72838210","KN294992v1","21269","21566","41","72816644"
"chr7","72846933","72847224","KN294831v1","322663","322960","40","72524270"
"chr7","72857805","72858110","KN297322v1","1320329","1320630","38","71537476"
"chr7","72925621","72925920","KN294592v1","51794","52092","43","72873827"
"chr7","72929387","72929727","KN296682v1","3625604","3625941","57","69303783"
"chr7","72948537","72948720","KN294980v1","230782","230955","36","72717755"
"chr7","73107280","73107595","KN294416v1","303238","303546","46","72804042"
"chr7","73154725","73154912","KN295045v1","1182493","1182695","43","71972232"
"chr7","73200335","73200636","KN294540v1","651367","651664","41","72548968"
"chr7","73406506","73406802","KN294456v1","513291","513590","43","72893215"
"chr7","74064696","74065005","KN295854v1","1504180","1504481","38","72560516"
"chr7","74073852","74074168","KN295573v1","2109163","2109481","45","71964689"
"chr7","74401738","74402032","KN294407v1","237176","237476","52","74164562"
"chr7","74935863","74936161","KN297310v1","44867","45176","25","74890996"
"chr7","74975336","74975631","KN297310v1","1518","1813","24","74973818"
"chr7","75057517","75057820","KN294647v1","79805","80094","27","74977712"
"chr7","75098230","75098543","KN294647v1","123019","123343","30","74975211"
"chr7","75186397","75186690","KN294693v1","517852","518151","44","74668545"
"chr7","75202473","75202770","KN295350v1","923196","923495","37","74279277"
"chr7","75244767","75245081","KN296004v1","353630","353936","44","74891137"
"chr7","75280067","75280363","KN296761v1","97995","98298","36","75182072"
"chr7","75308689","75308984","KN295923v1","1430363","1430659","32","73878326"
"chr7","75800212","75800516","KN296609v1","1410682","1410982","34","74389530"
"chr7","75911923","75912221","KN294167v1","182699","183001","36","75729224"
"chr7","75938778","75938947","KN296153v1","2118691","2118861","25","73820087"
"chr7","75970494","75970773","KN294506v1","235047","235332","42","75735447"
"chr7","76062551","76062822","KN295753v1","245053","245324","38","75817498"
"chr7","76583362","76583670","KN295923v1","1430363","1430659","37","75152999"
"chr7","76585580","76585892","KN294485v1","105000","105306","44","76480580"
"chr7","76600851","76601146","KN297259v1","448205","448497","36","76152646"
"chr7","76850696","76850994","KN294385v1","1569211","1569513","46","75281485"
"chr7","77072958","77073262","KN294945v1","552641","552944","40","76520317"
"chr7","77544399","77544694","KN296305v1","31878","32174","49","77512521"
"chr7","77813604","77813899","KN296079v1","3084734","3085029","34","74728870"
"chr7","77842487","77842784","KN296926v1","395917","396212","49","77446570"
"chr7","78083903","78084082","KN295735v1","895035","895215","39","77188868"
"chr7","78290734","78291038","KN294456v1","513291","513590","41","77777443"
"chr7","78335311","78335588","KN295257v1","348260","348541","39","77987051"
"chr7","78335619","78335653","KN294675v1","139522","139545","12","78196097"
"chr7","78341128","78341441","KN296391v1","53960","54269","46","78287168"
"chr7","79523089","79523390","KN295854v1","1504180","1504481","45","78018909"
"chr7","79587780","79588065","KN294326v1","460637","460911","52","79127143"
"chr7","79950876","79951153","KN297028v1","1113262","1113544","38","78837614"
"chr7","80130616","80130899","KN295489v1","981819","982102","20","79148797"
"chr7","80206150","80206413","KN295489v1","904255","904548","43","79301895"
"chr7","80283919","80284213","KN295962v1","2457159","2457455","37","77826760"
"chr7","80314341","80314615","KN295489v1","787436","787716","17","79526905"
"chr7","80531734","80531989","KN296138v1","307856","308112","26","80223878"
"chr7","80582783","80583074","KN295489v1","490233","490526","21","80092550"
"chr7","80965516","80965756","KN295489v1","99959","100228","45","80865557"
"chr7","81265876","81266183","KN296825v1","1702761","1703066","42","79563115"
"chr7","81707702","81707998","KN296484v1","1024460","1024770","53","80683242"
"chr7","82048504","82048813","KN295667v1","2142758","2143066","51","79905746"
"chr7","82342550","82342860","KN297094v1","229764","230074","38","82112786"
"chr7","82348837","82349136","KN294520v1","1785061","1785359","40","80563776"
"chr7","82365233","82365352","KN294172v1","3927953","3928072","11","78437280"
"chr7","82365384","82365555","KN294596v1","141115","141287","32","82224269"
"chr7","82368896","82369104","KN295671v1","30751","30962","37","82338145"
"chr7","82425477","82425521","KN296320v1","206822","206861","21","82218655"
"chr7","82784881","82785189","KN296311v1","4780889","4781195","38","78003992"
"chr7","83024767","83025070","KN296119v1","3719343","3719648","41","79305424"
"chr7","83056534","83056829","KN295345v1","868768","869065","43","82187766"
"chr7","83494649","83494911","KN295825v1","1033736","1034003","68","82460913"
"chr7","83502644","83502954","KN296062v1","2620590","2620895","44","80882054"
"chr7","83615249","83615572","KN296380v1","7066","7372","50","83608183"
"chr7","83738755","83739045","KN294569v1","795781","796071","35","82942974"
"chr7","83739073","83739087","KN294213v1","437220","437234","3","83301853"
"chr7","84045068","84045343","KN295571v1","569713","569988","39","83475355"
"chr7","84319889","84320193","KN295343v1","373896","374196","44","83945993"
"chr7","84351637","84351934","KN296495v1","1915876","1916172","42","82435761"
"chr7","84408655","84408955","KN295474v1","1292727","1293025","48","83115928"
"chr7","84859723","84860006","KN294619v1","236638","236931","44","84623085"
"chr7","85024288","85024583","KN296153v1","3956819","3957110","37","81067469"
"chr7","85222871","85223181","KN296380v1","7066","7372","44","85215805"
"chr7","86025974","86026280","KN297044v1","108239","108545","34","85917735"
"chr7","86040628","86040932","KN296000v1","1247118","1247423","35","84793510"
"chr7","86090128","86090438","KN296360v1","643225","643534","40","85446903"
"chr7","86143206","86143504","KN294540v1","651367","651664","33","85491839"
"chr7","86143672","86143988","KN295070v1","36723","37043","51","86106949"
"chr7","86163268","86163421","KN297008v1","1441000","1441155","38","84722268"
"chr7","86174676","86174980","KN294416v1","303238","303546","30","85871438"
"chr7","86185787","86186101","KN294326v1","342456","342775","39","85843331"
"chr7","86228400","86228696","KN295586v1","5713036","5713339","35","80515364"
"chr7","86251728","86252029","KN294399v1","115875","116174","38","86135853"
"chr7","86277984","86278163","KN296263v1","1162606","1162775","40","85115378"
"chr7","86391298","86391607","KN296484v1","1024460","1024770","36","85366838"
"chr7","86628916","86629215","KN295343v1","373896","374196","42","86255020"
"chr7","86635392","86635550","KN296430v1","705227","705382","25","85930165"
"chr7","86807187","86807500","KN297452v1","1979430","1979725","47","84827757"
"chr7","86836434","86836722","KN294192v1","872123","872412","36","85964311"
"chr7","86900855","86901160","KN295936v1","2770576","2770884","39","84130279"
"chr7","86989156","86989443","KN296577v1","170798","171097","36","86818358"
"chr7","86992480","86992782","KN296577v1","170798","171097","31","86821682"
"chr7","86996070","86996370","KN295343v1","373896","374196","33","86622174"
"chr7","87100490","87100795","KN296761v1","97995","98298","41","87002495"
"chr7","87117923","87118236","KN296093v1","185428","185734","40","86932495"
"chr7","87129953","87130253","KN294399v1","115875","116174","38","87014078"
"chr7","87541241","87541411","KN294396v1","8440","8626","41","87532801"
"chr7","87563599","87563854","KN297038v1","1955944","1956196","36","85607655"
"chr7","88458120","88458350","KN295748v1","191135","191363","42","88266985"
"chr7","88852978","88853274","KN297349v1","117132","117428","14","88735846"
"chr7","89488267","89488567","KN294399v1","115875","116174","34","89372392"
"chr7","89611454","89611745","KN294373v1","1407897","1408188","32","88203557"
"chr7","90096170","90096482","KN296484v1","1024460","1024770","48","89071710"
"chr7","90127803","90128110","KN296806v1","78148","78452","49","90049655"
"chr7","90255154","90255453","KN295962v1","2488019","2488313","40","87767135"
"chr7","90379471","90379744","KN296201v1","2225366","2225632","43","88154105"
"chr7","91155756","91156067","KN296908v1","361218","361526","17","90794538"
"chr7","91547740","91548037","KN294479v1","308767","309062","38","91238973"
"chr7","91628131","91628434","KN294210v1","246209","246512","15","91381922"
"chr7","91686948","91687252","KN294416v1","768533","768836","35","90918415"
"chr7","91701392","91701675","KN294210v1","328364","328645","16","91373028"
"chr7","91716416","91716715","KN294210v1","343402","343710","38","91373014"
"chr7","91822571","91822875","KN294210v1","452632","452942","22","91369939"
"chr7","91971497","91971805","KN295371v1","619650","619955","29","91351847"
"chr7","92423820","92424115","KN294210v1","1058945","1059234","21","91364875"
"chr7","92528844","92529141","KN294210v1","1165576","1165875","17","91363268"
"chr7","93495884","93496186","KN295761v1","279537","279834","17","93216347"
"chr7","93683397","93683731","KN295323v1","579981","580313","49","93103416"
"chr7","94150730","94151028","KN294992v1","21269","21566","5","94129461"
"chr7","94162016","94162301","KN294992v1","10055","10343","16","94151961"
"chr7","94193502","94193812","KN296312v1","20876","21190","22","94172626"
"chr7","94330403","94330697","KN296312v1","159791","160088","15","94170612"
"chr7","94379459","94379737","KN294399v1","178526","178809","43","94200933"
"chr7","94861594","94861910","KN296312v1","693113","693413","35","94168481"
"chr7","94988188","94988507","KN296312v1","818421","818724","28","94169767"
"chr7","95054541","95054814","KN296312v1","886490","886761","22","94168051"
"chr7","95100771","95101049","KN294281v1","33099","33374","31","95067672"
"chr7","95383348","95383623","KN295692v1","4021734","4022018","43","91361614"
"chr7","95544040","95544352","KN295736v1","3990259","3990567","42","91553781"
"chr7","96642101","96642372","KN295708v1","998598","998867","36","95643503"
"chr7","96899828","96900083","KN296964v1","1610674","1610929","17","95289154"
"chr7","96967339","96967650","KN296093v1","185428","185734","44","96781911"
"chr7","97054012","97054308","KN295983v1","1273727","1274022","38","95780285"
"chr7","97349196","97349474","KN294874v1","1823602","1823878","42","95525594"
"chr7","97534522","97534657","KN296964v1","1109017","1109152","7","96425505"
"chr7","97534964","97535136","KN296964v1","1108534","1108708","9","96426430"
"chr7","97579627","97579760","KN295171v1","774709","774836","43","96804918"
"chr7","97665858","97665934","KN295936v1","1333553","1333622","15","96332305"
"chr7","97666235","97666403","KN295349v1","47758","47931","39","97618477"
"chr7","97772436","97772720","KN296964v1","862203","862487","12","96910233"
"chr7","97776581","97776865","KN296964v1","858222","858508","18","96918359"
"chr7","97817359","97817634","KN296964v1","818363","818642","27","96998996"
"chr7","97843537","97843844","KN296964v1","792372","792682","21","97051165"
"chr7","97902735","97903031","KN296702v1","937749","938049","35","96964986"
"chr7","97977840","97978138","KN296964v1","659178","659476","8","97318662"
"chr7","98098545","98098838","KN296964v1","535693","535984","15","97562852"
"chr7","99133015","99133317","KN294226v1","1053003","1053303","41","98080012"
"chr7","99336928","99337244","KN294747v1","866490","866789","51","98470438"
"chr7","99524045","99524341","KN294879v1","543464","543768","42","98980581"
"chr7","100045519","100045827","KN296004v1","353630","353936","38","99691889"
"chr7","100088468","100088776","KN294705v1","1109306","1109614","36","98979162"
"chr7","100365840","100366140","KN294540v1","651367","651664","33","99714473"
"chr7","100809645","100809944","KN294187v1","1767651","1767950","42","99041994"
"chr7","101215255","101215560","KN296093v1","185428","185734","40","101029827"
"chr7","101351430","101351730","KN294592v1","51794","52092","34","101299636"
"chr7","101811881","101812057","KN296086v1","825589","825753","45","100986292"
"chr7","101896302","101896603","KN295523v1","3041976","3042278","36","98854326"
"chr7","102028939","102029206","KN295964v1","43993","44262","34","101984946"
"chr7","102226961","102227266","KN294825v1","559277","559583","36","101667684"
"chr7","102364561","102364872","KN296075v1","45725","46031","48","102318836"
"chr7","102553559","102553848","KN296253v1","63975","64266","53","102489584"
"chr7","102628912","102629209","KN297233v1","1173332","1173631","36","101455580"
"chr7","102746834","102747127","KN295366v1","153538","153829","34","102593296"
"chr7","103014182","103014463","KN295402v1","915307","915596","56","102098875"
"chr7","103055822","103056127","KN295930v1","537952","538252","43","102517870"
"chr7","103188503","103188802","KN294540v1","651367","651664","44","102537136"
"chr7","103412842","103413150","KN294520v1","1300419","1300723","32","102112423"
"chr7","103643753","103644058","KN294416v1","303238","303546","43","103340515"
"chr7","103679069","103679367","KN294540v1","651367","651664","27","103027702"
"chr7","104271955","104272197","KN296495v1","797555","797801","53","103474400"
"chr7","104353211","104353512","KN294499v1","899277","899580","38","103453934"
"chr7","104394834","104395131","KN294540v1","1807427","1807724","15","102587407"
"chr7","104500413","104500668","KN296138v1","307856","308112","38","104192557"
"chr7","104618605","104618900","KN294540v1","1585389","1585687","17","103033216"
"chr7","105127128","105127429","KN294540v1","1092111","1092420","37","104035017"
"chr7","105161001","105161262","KN294540v1","1060457","1060718","13","104100544"
"chr7","105194495","105194792","KN294540v1","1025907","1026222","30","104168588"
"chr7","105230444","105230742","KN294540v1","987552","987850","18","104242892"
"chr7","105454360","105454642","KN294540v1","763711","763999","11","104690649"
"chr7","105562983","105563284","KN294540v1","651367","651664","15","104911616"
"chr7","105566744","105566907","KN297154v1","1695463","1695633","34","103871281"
"chr7","105978957","105979108","KN296802v1","753722","753872","28","105225235"
"chr7","106136296","106136472","KN294790v1","2350797","2350969","32","103785499"
"chr7","106431549","106431871","KN295984v1","3141945","3142247","54","103289604"
"chr7","106934182","106934459","KN294409v1","571677","571982","44","106362505"
"chr7","106977737","106978046","KN294409v1","622949","623258","16","106354788"
"chr7","107164388","107164690","KN294409v1","814973","815271","19","106349415"
"chr7","107183803","107184101","KN294409v1","835382","835679","15","106348421"
"chr7","107410275","107410580","KN294409v1","1061228","1061527","22","106349047"
"chr7","107556246","107556548","KN296719v1","56906","57187","34","107499340"
"chr7","107568240","107568535","KN295366v1","137020","137320","45","107431220"
"chr7","107628539","107628820","KN296719v1","129730","130008","20","107498809"
"chr7","107868618","107868918","KN297203v1","885386","885683","37","106983232"
"chr7","107947479","107947787","KN297044v1","108239","108545","45","107839240"
"chr7","107997803","107998102","KN296244v1","671098","671393","41","107326705"
"chr7","108189958","108190237","KN295592v1","787250","787527","40","107402708"
"chr7","108216944","108217156","KN296312v1","25630","25846","39","108191314"
"chr7","108291469","108291783","KN294949v1","142900","143219","49","108148569"
"chr7","108576520","108576816","KN296557v1","548990","549285","43","108027530"
"chr7","108727354","108727677","KN296806v1","78148","78452","52","108649206"
"chr7","108788808","108789117","KN294262v1","941123","941434","37","107847685"
"chr7","108962507","108962810","KN297197v1","4684189","4684491","41","104278318"
"chr7","109113074","109113374","KN296339v1","1558157","1558456","41","107554917"
"chr7","109264935","109265244","KN296270v1","59762","60067","41","109205173"
"chr7","109740975","109741290","KN295962v1","2457159","2457455","53","107283816"
"chr7","109868981","109869276","KN295984v1","811714","812012","37","109057267"
"chr7","110182426","110182731","KN295854v1","1504180","1504481","39","108678246"
"chr7","110433807","110434116","KN297320v1","2053142","2053458","54","108380665"
"chr7","111139968","111140222","KN295758v1","1155506","1155760","16","109984462"
"chr7","111163227","111163524","KN295758v1","1131450","1131748","16","110031777"
"chr7","111167884","111168203","KN295758v1","1126777","1127100","26","110041107"
"chr7","111176242","111176543","KN294451v1","1164519","1164817","38","110011723"
"chr7","111206580","111206890","KN295758v1","1065202","1065509","27","110141378"
"chr7","111335090","111335388","KN296738v1","6933","7242","43","111328157"
"chr7","111366479","111366737","KN296138v1","307856","308112","32","111058623"
"chr7","111412196","111412470","KN295758v1","881695","881998","39","110530501"
"chr7","111472933","111473212","KN295758v1","816906","817185","16","110656027"
"chr7","111911762","111912048","KN295758v1","372014","372298","25","111539748"
"chr7","112398657","112398965","KN295354v1","134667","134981","29","112263990"
"chr7","112485743","112486022","KN295354v1","228522","228801","11","112257221"
"chr7","112551327","112551633","KN295354v1","295659","295962","21","112255668"
"chr7","113132761","113133069","KN294864v1","825522","825827","24","112307239"
"chr7","113399893","113400189","KN296883v1","2302954","2303256","51","111096939"
"chr7","113638156","113638489","KN294864v1","323636","323946","37","113314520"
"chr7","113672720","113673008","KN294864v1","289278","289565","23","113383442"
"chr7","113828932","113829224","KN294864v1","121658","121950","22","113707274"
"chr7","113899585","113899784","KN294864v1","50399","50597","11","113849186"
"chr7","113906428","113906711","KN295405v1","157962","158246","54","113748466"
"chr7","113953160","113953431","KN294493v1","377513","377791","45","113575647"
"chr7","114007680","114007971","KN297197v1","583354","583645","42","113424326"
"chr7","114209451","114209743","KN295343v1","373896","374196","35","113835555"
"chr7","114345749","114345940","KN296486v1","1468682","1468869","50","112877067"
"chr7","114398628","114398938","KN296247v1","44902","45215","36","114353726"
"chr7","114446706","114447015","KN295154v1","149426","149727","30","114297280"
"chr7","114601525","114601818","KN296133v1","168664","168954","57","114432861"
"chr7","114692121","114692427","KN294705v1","1109306","1109614","46","113582815"
"chr7","115045996","115046288","KN294499v1","114042","114335","39","114931954"
"chr7","115052580","115052835","KN296496v1","143366","143630","46","114909214"
"chr7","115052836","115053060","KN295301v1","240798","241015","34","114812038"
"chr7","115562000","115562254","KN295607v1","4385655","4385923","30","111176345"
"chr7","115589427","115589738","KN295607v1","4358004","4358317","29","111231423"
"chr7","115712756","115713046","KN295607v1","4223094","4223388","12","111489662"
"chr7","115886043","115886213","KN296119v1","2489997","2490161","38","113396046"
"chr7","115903390","115903675","KN295607v1","4032780","4033065","14","111870610"
"chr7","116092740","116093044","KN295607v1","3847358","3847661","20","112245382"
"chr7","116123167","116123466","KN295607v1","3815760","3816057","11","112307407"
"chr7","116130730","116131021","KN295607v1","3808226","3808515","34","112322504"
"chr7","116282238","116282521","KN295607v1","3661362","3661637","26","112620876"
"chr7","116424947","116425210","KN294561v1","1185017","1185282","52","115239930"
"chr7","116599890","116600196","KN295607v1","3339667","3339972","19","113260223"
"chr7","116767974","116768196","KN295607v1","3107868","3108095","14","113660106"
"chr7","116801987","116802286","KN295607v1","3072434","3072729","31","113729553"
"chr7","117325195","117325480","KN295607v1","2516883","2517167","26","114808312"
"chr7","117631165","117631494","KN295607v1","2199140","2199444","48","115432025"
"chr7","117886571","117886855","KN294365v1","864974","865263","41","117021597"
"chr7","118045266","118045621","KN297026v1","1554168","1554492","66","116491098"
"chr7","118222585","118222895","KN295607v1","1594286","1594606","32","116628299"
"chr7","118642453","118642734","KN295607v1","1162706","1162972","27","117479747"
"chr7","118844856","118845142","KN295607v1","951847","952130","17","117893009"
"chr7","118847696","118848003","KN295607v1","948949","949240","27","117898747"
"chr7","119073378","119073682","KN295607v1","708815","709125","18","118364563"
"chr7","119118394","119118680","KN297452v1","1979430","1979725","39","117138964"
"chr7","119380126","119380428","KN296153v1","2179938","2180238","35","117200188"
"chr7","119411467","119411707","KN295607v1","356204","356444","12","119055263"
"chr7","119505098","119505393","KN295607v1","262713","263004","20","119242385"
"chr7","120435193","120435499","KN294934v1","35579","35878","17","120399614"
"chr7","120698239","120698576","KN294934v1","307346","307653","45","120390893"
"chr7","120732443","120732724","KN294934v1","340953","341249","30","120391490"
"chr7","120741486","120741796","KN294934v1","350332","350641","10","120391154"
"chr7","120905703","120905949","KN295869v1","1226325","1226572","39","119679378"
"chr7","120919700","120919992","KN294292v1","278270","278570","44","120641430"
"chr7","121246112","121246396","KN294705v1","870227","870507","40","120375885"
"chr7","121417374","121417542","KN296086v1","825589","825753","30","120591785"
"chr7","121812987","121813280","KN294506v1","235047","235332","43","121577940"
"chr7","121814374","121814637","KN295273v1","8922","9188","40","121805452"
"chr7","122063123","122063414","KN295893v1","6651453","6651742","37","115411670"
"chr7","122635768","122636063","KN295345v1","868768","869065","36","121767000"
"chr7","122958336","122958606","KN294229v1","183139","183412","52","122775197"
"chr7","123182344","123182654","KN294451v1","194657","194961","47","122987687"
"chr7","123318357","123318661","KN294261v1","68050","68360","41","123250307"
"chr7","123341132","123341429","KN295744v1","235007","235306","41","123106125"
"chr7","123342829","123343126","KN297452v1","1979430","1979725","25","121363399"
"chr7","123622621","123622910","KN295746v1","236127","236417","34","123386494"
"chr7","123693832","123694130","KN295346v1","1790082","1790382","41","121903750"
"chr7","123837001","123837286","KN295045v1","756205","756493","40","123080796"
"chr7","124121598","124121897","KN295090v1","291736","292032","37","123829862"
"chr7","124707340","124707641","KN296378v1","801237","801534","44","123906103"
"chr7","124746499","124746794","KN295871v1","678303","678603","43","124068196"
"chr7","124753275","124753567","KN295075v1","252071","252359","31","124501204"
"chr7","124877233","124877356","KN295171v1","774709","774836","39","124102524"
"chr7","125095618","125095927","KN296233v1","1021339","1021644","30","124074279"
"chr7","125221058","125221152","KN297157v1","346096","346184","36","124874962"
"chr7","125263886","125264205","KN295424v1","76367","76689","58","125187519"
"chr7","125438672","125438971","KN296233v1","673928","674238","22","124764744"
"chr7","125646575","125646754","KN296110v1","16118","16299","27","125630457"
"chr7","125823075","125823375","KN296233v1","285746","286069","40","125537329"
"chr7","126359245","126359411","KN296311v1","1013861","1014022","22","125345384"
"chr7","126367098","126367402","KN296263v1","459407","459704","47","125907691"
"chr7","126417613","126417898","KN294758v1","2335286","2335568","35","124082327"
"chr7","126568743","126569027","KN295405v1","157962","158246","37","126410781"
"chr7","126811037","126811338","KN294187v1","1070521","1070824","36","125740516"
"chr7","127029390","127029691","KN294520v1","1300419","1300723","32","125728971"
"chr7","127053193","127053376","KN296153v1","2118691","2118861","40","124934502"
"chr7","127099620","127099907","KN295315v1","1631499","1631797","39","125468121"
"chr7","127134118","127134422","KN296948v1","1357864","1358169","38","125776254"
"chr7","127253176","127253228","KN295045v1","1336617","1336651","23","125916559"
"chr7","127440954","127441218","KN296879v1","827610","827872","45","126613344"
"chr7","127624184","127624485","KN295315v1","1255459","1255757","57","126368725"
"chr7","127668443","127668758","KN294187v1","188357","188668","46","127480086"
"chr7","128078157","128078453","KN294446v1","789357","789650","32","127288800"
"chr7","128081208","128081516","KN297197v1","4684189","4684491","39","123397019"
"chr7","128091639","128091903","KN295936v1","2228111","2228371","38","125863528"
"chr7","128306812","128307086","KN296883v1","837941","838213","39","127468871"
"chr7","128325595","128325898","KN294758v1","2059767","2060075","49","126265828"
"chr7","128408179","128408489","KN296062v1","226881","227191","37","128181298"
"chr7","128432814","128433093","KN295236v1","2638776","2639055","36","125794038"
"chr7","128433126","128433152","KN296959v1","185149","185176","6","128247977"
"chr7","128433159","128433439","KN295236v1","2638776","2639055","33","125794383"
"chr7","128617798","128618105","KN297197v1","4684189","4684491","34","123933609"
"chr7","128638750","128639038","KN294439v1","238837","239127","33","128399913"
"chr7","128698691","128698994","KN297197v1","4684189","4684491","33","124014502"
"chr7","128929204","128929391","KN296732v1","2894470","2894659","41","126034734"
"chr7","128961519","128961817","KN297259v1","448205","448497","41","128513314"
"chr7","129084355","129084640","KN296108v1","735240","735530","36","128349115"
"chr7","129461175","129461482","KN296486v1","296288","296594","37","129164887"
"chr7","129661282","129661571","KN294407v1","804694","804981","36","128856588"
"chr7","130296904","130297178","KN294848v1","313556","313826","34","129983348"
"chr7","130370807","130371102","KN296378v1","801237","801534","40","129569570"
"chr7","130411248","130411502","KN294269v1","1170294","1170536","34","129240954"
"chr7","130475184","130475492","KN295633v1","307851","308157","38","130167333"
"chr7","130481104","130481396","KN294592v1","347035","347326","33","130134069"
"chr7","130507289","130507568","KN297008v1","5801252","5801534","33","124706037"
"chr7","130517635","130517941","KN294520v1","1300419","1300723","33","129217216"
"chr7","130527614","130527909","KN297038v1","1342257","1342550","29","129185357"
"chr7","130548276","130548598","KN296732v1","3129981","3130299","43","127418295"
"chr7","130628826","130629103","KN297229v1","281810","282088","37","130347016"
"chr7","131010810","131011104","KN297452v1","1979430","1979725","42","129031380"
"chr7","131113945","131114247","KN294592v1","51794","52092","40","131062151"
"chr7","131133023","131133316","KN294582v1","148271","148567","38","130984752"
"chr7","131181243","131181541","KN294592v1","51794","52092","36","131129449"
"chr7","131275229","131275528","KN294161v1","418646","418945","40","130856583"
"chr7","131310509","131310802","KN294668v1","2003347","2003642","31","129307162"
"chr7","131383374","131383584","KN297032v1","308157","308361","39","131075217"
"chr7","131415751","131416041","KN297197v1","4326560","4326850","37","127089191"
"chr7","131416216","131416380","KN296174v1","30392","30557","30","131385824"
"chr7","131574240","131574528","KN295607v1","262713","263004","34","131311527"
"chr7","131595218","131595505","KN294540v1","651367","651664","35","130943851"
"chr7","131714301","131714584","KN297229v1","281810","282088","32","131432491"
"chr7","131755698","131755998","KN294218v1","2202652","2202952","36","129553046"
"chr7","131802920","131803229","KN296365v1","1396944","1397254","37","130405976"
"chr7","131825945","131826201","KN297210v1","51987","52241","41","131773958"
"chr7","131976760","131977067","KN295601v1","1656525","1656831","44","130320235"
"chr7","131986524","131986828","KN294520v1","1300419","1300723","31","130686105"
"chr7","131988383","131988686","KN295343v1","373896","374196","32","131614487"
"chr7","132212866","132213102","KN294520v1","535056","535286","37","131677810"
"chr7","132237376","132237645","KN294229v1","183139","183412","42","132054237"
"chr7","132255350","132255523","KN296086v1","825589","825753","38","131429761"
"chr7","132265833","132266141","KN296761v1","97995","98298","45","132167838"
"chr7","132294602","132294905","KN296442v1","530369","530670","41","131764233"
"chr7","132303885","132303951","KN296726v1","937390","937454","24","131366495"
"chr7","132458981","132459288","KN296079v1","775273","775582","46","131683708"
"chr7","132567034","132567168","KN294613v1","562643","562778","14","132004391"
"chr7","132640101","132640394","KN295746v1","236127","236417","35","132403974"
"chr7","132671221","132671511","KN296108v1","735240","735530","31","131935981"
"chr7","132689453","132689754","KN294964v1","864674","864972","35","131824779"
"chr7","132794970","132795268","KN294540v1","651367","651664","25","132143603"
"chr7","133096638","133096935","KN295090v1","2695348","2695640","37","130401290"
"chr7","133195173","133195473","KN294705v1","870227","870507","60","132324946"
"chr7","133207413","133207719","KN294970v1","974452","974753","35","132232961"
"chr7","133295551","133295847","KN294251v1","1515118","1515410","41","131780433"
"chr7","133380690","133380963","KN294433v1","173471","173744","29","133207219"
"chr7","133444988","133445246","KN296682v1","4040014","4040270","41","129404974"
"chr7","133581393","133581692","KN294439v1","265245","265540","35","133316148"
"chr7","133590328","133590625","KN296079v1","1016819","1017116","37","132573509"
"chr7","133597539","133597849","KN297197v1","4666476","4666780","31","128931063"
"chr7","133692250","133692553","KN294790v1","71150","71455","47","133621100"
"chr7","133795250","133795564","KN297044v1","108239","108545","38","133687011"
"chr7","133880926","133881226","KN294399v1","115875","116174","33","133765051"
"chr7","133917416","133917605","KN296959v1","1152394","1152569","40","132765022"
"chr7","133957748","133958048","KN297197v1","4666476","4666780","36","129291272"
"chr7","134015511","134015797","KN295075v1","252071","252359","28","133763440"
"chr7","134059109","134059288","KN296486v1","1714803","1714969","38","132344306"
"chr7","134081978","134082260","KN296959v1","44442","44736","41","134037536"
"chr7","134122447","134122744","KN294964v1","864674","864972","35","133257773"
"chr7","134213435","134213736","KN297343v1","2044825","2045124","54","132168610"
"chr7","134471965","134472251","KN295814v1","804008","804295","40","133667957"
"chr7","134475203","134475520","KN296158v1","1695324","1695634","44","132779879"
"chr7","134549852","134550141","KN294499v1","114042","114335","43","134435810"
"chr7","134579119","134579417","KN295666v1","791747","792057","49","133787372"
"chr7","134602134","134602440","KN297044v1","108239","108545","36","134493895"
"chr7","134706757","134707039","KN294588v1","1931172","1931453","42","132775585"
"chr7","135153368","135153680","KN296319v1","688029","688339","36","134465339"
"chr7","135336553","135336849","KN295962v1","674128","674422","45","134662425"
"chr7","135474724","135475022","KN294540v1","651367","651664","31","134823357"
"chr8","25952039","25952325","KN295746v1","236127","236417","28","25715912"
"chr8","161796","162097","KN294234v1","2694302","2694611","27","2532506"
"chr8","163730","164047","KN294234v1","2692359","2692667","22","2528629"
"chr8","232618","232920","KN294234v1","2615475","2615781","18","2382857"
"chr8","327494","327803","KN294234v1","2522651","2522957","24","2195157"
"chr8","456353","456610","KN294234v1","2405720","2405976","23","1949367"
"chr8","485757","486059","KN294234v1","2375820","2376107","37","1890063"
"chr8","540209","540500","KN297229v1","281810","282088","47","258399"
"chr8","560421","560706","KN294234v1","2300321","2300606","12","1739900"
"chr8","777742","778050","KN294234v1","2080282","2080567","36","1302540"
"chr8","1038138","1038440","KN294234v1","1823648","1823944","20","785510"
"chr8","2267810","2268100","KN295361v1","652223","652492","65","1615587"
"chr8","2470815","2471120","KN296000v1","1247118","1247423","41","1223697"
"chr8","3948861","3949141","KN294172v1","4114073","4114355","45","165212"
"chr8","4399624","4399921","KN296620v1","947748","948045","41","3451876"
"chr8","4529449","4529755","KN297263v1","1079204","1079499","39","3450245"
"chr8","4542800","4543114","KN297263v1","1066250","1066559","19","3476550"
"chr8","4586903","4587192","KN297263v1","1024309","1024589","25","3562594"
"chr8","4856458","4856718","KN297263v1","752427","752694","15","4104031"
"chr8","4983428","4983728","KN297263v1","605876","606180","17","4377552"
"chr8","4992087","4992242","KN296430v1","705227","705382","22","4286860"
"chr8","5009995","5010279","KN294506v1","235047","235332","33","4774948"
"chr8","5477610","5477914","KN297263v1","99559","99856","26","5378051"
"chr8","5606926","5607224","KN296486v1","664213","664513","41","4942713"
"chr8","5691233","5691351","KN295171v1","774709","774836","40","4916524"
"chr8","6017269","6017533","KN296174v1","80379","80643","14","5936890"
"chr8","6149412","6149689","KN295257v1","348260","348541","40","5801152"
"chr8","6242190","6242343","KN296154v1","1158383","1158548","25","5083807"
"chr8","6303633","6303943","KN295073v1","75619","75926","34","6228014"
"chr8","6414734","6414972","KN294269v1","1170294","1170536","35","5244440"
"chr8","6435905","6436214","KN294385v1","291689","291997","39","6144216"
"chr8","6754801","6755053","KN295755v1","46608","46845","48","6708193"
"chr8","7042396","7042653","KN295294v1","267205","267470","41","6775191"
"chr8","7507652","7507846","KN294705v1","1041928","1042123","22","6465724"
"chr8","7523590","7523881","KN296096v1","2440700","2440989","40","5082890"
"chr8","7691399","7691702","KN297044v1","108239","108545","32","7583160"
"chr8","7769707","7770012","KN295102v1","249012","249316","36","7520695"
"chr8","7811419","7811712","KN295962v1","2488019","2488313","34","5323400"
"chr8","7869953","7870259","KN294416v1","768533","768836","32","7101420"
"chr8","7917371","7917634","KN295090v1","1320474","1320754","51","6596897"
"chr8","7948790","7948952","KN296370v1","62055","62226","29","7886735"
"chr8","8412661","8412994","KN294471v1","127470","127792","56","8285191"
"chr8","8875621","8875892","KN295350v1","991261","991528","42","7884360"
"chr8","8877069","8877239","KN296743v1","1789514","1789673","32","7087555"
"chr8","9102969","9103268","KN295962v1","2457159","2457455","29","6645810"
"chr8","9207968","9208134","KN296174v1","30392","30557","24","9177576"
"chr8","9360129","9360418","KN295366v1","153538","153829","29","9206591"
"chr8","9580113","9580420","KN294174v1","245301","245611","41","9334812"
"chr8","9987289","9987577","KN295304v1","239758","240038","53","9747531"
"chr8","10251102","10251408","KN296761v1","97995","98298","43","10153107"
"chr8","10259753","10260066","KN295202v1","332398","332708","41","9927355"
"chr8","10347377","10347668","KN296296v1","66249","66543","38","10281128"
"chr8","10457663","10457969","KN295936v1","2770576","2770884","41","7687087"
"chr8","10657545","10657844","KN294571v1","1349003","1349300","37","9308542"
"chr8","10738017","10738196","KN295967v1","467933","468109","34","10270084"
"chr8","11133685","11133848","KN296547v1","644921","645084","25","10488764"
"chr8","11471391","11471673","KN294326v1","427946","428232","48","11043445"
"chr8","12006376","12006696","KN294790v1","925913","926232","60","11080463"
"chr8","12012399","12012684","KN296139v1","7891","8178","36","12004508"
"chr8","12303605","12303921","KN297200v1","98740","99051","48","12204865"
"chr8","12606727","12606983","KN295265v1","231141","231397","17","12375586"
"chr8","12869508","12869809","KN297073v1","238946","239260","27","12630562"
"chr8","13110534","13110802","KN296404v1","2339345","2339611","56","10771189"
"chr8","13131669","13131980","KN295633v1","1457163","1457472","40","11674506"
"chr8","13556872","13557168","KN294378v1","1155375","1155674","36","12401497"
"chr8","13624823","13625127","KN294837v1","421876","422183","37","13202947"
"chr8","13635252","13635530","KN294229v1","183139","183412","39","13452113"
"chr8","14011295","14011591","KN294172v1","1462531","1462825","36","12548764"
"chr8","14049952","14050248","KN294540v1","651367","651664","38","13398585"
"chr8","14060391","14060684","KN295962v1","674128","674422","37","13386263"
"chr8","14232966","14233238","KN296487v1","194550","194834","42","14038416"
"chr8","14789495","14789805","KN296365v1","1396944","1397254","41","13392551"
"chr8","14853524","14853694","KN296263v1","1162606","1162775","25","13690918"
"chr8","15112835","15113131","KN296079v1","3084734","3085029","42","12028101"
"chr8","15225394","15225692","KN296635v1","1808458","1808757","33","13416936"
"chr8","15587307","15587618","KN297215v1","477780","478084","31","15109527"
"chr8","15823213","15823521","KN295091v1","924044","924353","39","14899169"
"chr8","15856587","15856885","KN297215v1","753494","753788","23","15103093"
"chr8","15887827","15888117","KN297215v1","783260","783558","40","15104567"
"chr8","16012604","16012861","KN295968v1","13334","13594","43","15999270"
"chr8","16077570","16077879","KN294217v1","746946","747234","50","15330624"
"chr8","16111808","16112107","KN296252v1","715882","716180","38","15395926"
"chr8","16137447","16137742","KN295988v1","652955","653254","52","15484492"
"chr8","16219827","16220130","KN295405v1","1443487","1443795","40","14776340"
"chr8","16334015","16334306","KN294399v1","172411","172706","37","16161604"
"chr8","16398368","16398676","KN296380v1","7066","7372","33","16391302"
"chr8","16435415","16435721","KN296825v1","1702761","1703066","44","14732654"
"chr8","16562300","16562600","KN296609v1","1410682","1410982","34","15151618"
"chr8","16853066","16853420","KN295548v1","1205689","1206039","22","15647377"
"chr8","16865150","16865434","KN294326v1","660448","660733","34","16204702"
"chr8","16991457","16991773","KN295548v1","1065049","1065367","17","15926408"
"chr8","17083532","17083831","KN295548v1","970622","970909","28","16112910"
"chr8","17249663","17249954","KN295828v1","1055197","1055488","35","16194466"
"chr8","17358662","17358959","KN295548v1","694833","695128","19","16663829"
"chr8","17586370","17586686","KN294385v1","291689","291997","49","17294681"
"chr8","17752685","17752987","KN295548v1","288113","288410","29","17464572"
"chr8","17903325","17903633","KN295548v1","143484","143790","18","17759841"
"chr8","17929845","17930149","KN295548v1","115972","116282","30","17813873"
"chr8","18160590","18160894","KN294218v1","2202652","2202952","42","15957938"
"chr8","18440228","18440528","KN296119v1","3719343","3719648","34","14720885"
"chr8","18831956","18832265","KN296380v1","7066","7372","34","18824890"
"chr8","19964983","19965245","KN295907v1","1236180","1236444","16","18728803"
"chr8","20004297","20004592","KN294326v1","477409","477702","35","19526888"
"chr8","20085998","20086131","KN294451v1","850215","850347","18","19235783"
"chr8","20086436","20086608","KN295408v1","16726","16898","38","20069710"
"chr8","20447973","20448280","KN296247v1","460642","460944","37","19987331"
"chr8","20512008","20512295","KN295907v1","1801998","1802299","35","18710010"
"chr8","20520145","20520406","KN296948v1","915916","916168","57","19604229"
"chr8","20566684","20566982","KN295343v1","373896","374196","37","20192788"
"chr8","20573036","20573320","KN295907v1","1861471","1861755","12","18711565"
"chr8","20873422","20873712","KN295907v1","2166106","2166395","17","18707316"
"chr8","21170752","21171035","KN297259v1","1289876","1290153","44","19880876"
"chr8","21172028","21172270","KN295907v1","2466217","2466483","38","18705811"
"chr8","21220615","21220910","KN295936v1","2770576","2770884","46","18450039"
"chr8","21285439","21285736","KN295907v1","2529898","2530196","15","18755541"
"chr8","21331627","21331937","KN295907v1","2573371","2573673","25","18758256"
"chr8","21350235","21350517","KN294187v1","907689","907968","44","20442546"
"chr8","21355987","21356299","KN295907v1","2597244","2597555","17","18758743"
"chr8","21368636","21368939","KN295907v1","2610770","2611071","28","18757866"
"chr8","21398605","21398914","KN295923v1","1571691","1571994","41","19826914"
"chr8","21622120","21622302","KN295891v1","15512","15692","35","21606608"
"chr8","21704515","21704795","KN296009v1","1376950","1377229","30","20327565"
"chr8","21833172","21833473","KN295735v1","1152094","1152384","54","20681078"
"chr8","22053482","22053778","KN294540v1","651367","651664","38","21402115"
"chr8","22588800","22589153","KN295652v1","118078","118438","40","22470722"
"chr8","22913263","22913534","KN294539v1","1591360","1591636","45","21321903"
"chr8","23136194","23136492","KN296826v1","122558","122853","39","23013636"
"chr8","23465310","23465607","KN294399v1","115875","116174","47","23349435"
"chr8","23474595","23474903","KN296000v1","1247118","1247423","39","22227477"
"chr8","23516566","23516855","KN295893v1","7122873","7123168","34","16393693"
"chr8","23751747","23752028","KN297369v1","169839","170118","47","23581908"
"chr8","24173247","24173558","KN295548v1","143484","143790","38","24029763"
"chr8","24349304","24349600","KN294456v1","513291","513590","32","23836013"
"chr8","24637872","24638168","KN295345v1","868768","869065","37","23769104"
"chr8","24719802","24720108","KN296380v1","7066","7372","38","24712736"
"chr8","24957657","24957970","KN294728v1","1070212","1070532","43","23887445"
"chr8","25136103","25136293","KN296921v1","1217589","1217800","62","23918514"
"chr8","25434174","25434368","KN295735v1","895035","895215","46","24539139"
"chr8","25914613","25914902","KN295045v1","756205","756493","33","25158408"
"chr8","25991050","25991228","KN295408v1","16726","16898","33","25974324"
"chr8","26126148","26126456","KN296682v1","5284873","5285168","24","20841275"
"chr8","26157767","26158060","KN296682v1","5249158","5249452","14","20908609"
"chr8","26182860","26183154","KN296682v1","5222710","5223005","10","20960150"
"chr8","26330406","26330712","KN296682v1","5066199","5066491","32","21264207"
"chr8","26403436","26403776","KN295430v1","194615","194934","63","26208821"
"chr8","26409481","26409786","KN294747v1","866490","866789","39","25542991"
"chr8","26469023","26469093","KN296726v1","937390","937454","30","25531633"
"chr8","26549404","26549713","KN296682v1","4844985","4845294","32","21704419"
"chr8","26651553","26651806","KN295841v1","299196","299449","32","26352357"
"chr8","26723064","26723232","KN296311v1","1013861","1014022","26","25709203"
"chr8","26852292","26852582","KN296682v1","4541764","4542053","19","22310528"
"chr8","27081767","27081942","KN296486v1","1714803","1714969","29","25366964"
"chr8","27105316","27105624","KN296907v1","877287","877589","38","26228029"
"chr8","27210101","27210396","KN296296v1","66249","66543","36","27143852"
"chr8","27234967","27235274","KN296682v1","4144054","4144360","14","23090913"
"chr8","27339431","27339687","KN296682v1","4040014","4040270","14","23299417"
"chr8","27405369","27405664","KN296261v1","607411","607706","35","26797958"
"chr8","27564784","27565096","KN296682v1","3819652","3819965","12","23745132"
"chr8","27714828","27715117","KN296682v1","3655993","3656280","12","24058835"
"chr8","27744668","27744980","KN294705v1","1109306","1109614","41","26635362"
"chr8","28088100","28088413","KN296682v1","3268933","3269243","25","24819167"
"chr8","28119364","28119672","KN296682v1","3238247","3238550","16","24881117"
"chr8","28155467","28155787","KN296682v1","3194090","3194398","33","24961377"
"chr8","28326612","28326752","KN297008v1","6657903","6658047","29","21668709"
"chr8","28352144","28352328","KN296859v1","1427369","1427572","40","26924775"
"chr8","28452414","28452713","KN296682v1","2904186","2904475","26","25548228"
"chr8","28480052","28480340","KN296682v1","2876495","2876786","18","25603557"
"chr8","28521838","28522141","KN296682v1","2834851","2835153","14","25686987"
"chr8","28552738","28553021","KN296682v1","2803211","2803498","16","25749527"
"chr8","28572641","28572947","KN296682v1","2782575","2782885","16","25790066"
"chr8","28730664","28730968","KN296682v1","2618206","2618506","19","26112458"
"chr8","28739996","28740309","KN296682v1","2608941","2609256","16","26131055"
"chr8","28798838","28799113","KN294172v1","5743616","5743895","32","23055222"
"chr8","29066096","29066289","KN294571v1","2367043","2367240","40","26699053"
"chr8","29175653","29175960","KN294883v1","392954","393264","32","28782699"
"chr8","29182560","29182848","KN296682v1","2149196","2149474","27","27033364"
"chr8","29244291","29244597","KN296682v1","2085361","2085660","18","27158930"
"chr8","29368630","29368925","KN296682v1","1946726","1947020","24","27421904"
"chr8","29407539","29407904","KN296877v1","176991","177339","84","29230548"
"chr8","29817185","29817483","KN296682v1","1478703","1479000","24","28338482"
"chr8","29922979","29923283","KN296682v1","1367242","1367552","25","28555737"
"chr8","30354394","30354724","KN296682v1","932708","933022","42","29421686"
"chr8","31048522","31048813","KN294571v1","2837988","2838277","25","28210534"
"chr8","31556410","31556573","KN295667v1","830007","830168","28","30726403"
"chr8","31592715","31593032","KN297044v1","108239","108545","44","31484476"
"chr8","31610754","31610941","KN295352v1","1678301","1678499","33","29932453"
"chr8","31618754","31619065","KN294469v1","163528","163837","40","31455226"
"chr8","32298603","32298908","KN296209v1","452815","453119","11","31845788"
"chr8","32516407","32516698","KN296209v1","223382","223669","12","32293025"
"chr8","32779793","32780102","KN294705v1","1109306","1109614","46","31670487"
"chr8","32954023","32954331","KN294578v1","617490","617800","42","32336533"
"chr8","32984178","32984355","KN294596v1","141115","141287","28","32843063"
"chr8","33291872","33292183","KN297200v1","98740","99051","44","33193132"
"chr8","33500443","33500738","KN294373v1","1726416","1726713","14","31774027"
"chr8","33552278","33552591","KN294373v1","1674210","1674522","31","31878068"
"chr8","33553112","33553420","KN294373v1","1674210","1674522","25","31878902"
"chr8","33811093","33811380","KN294373v1","1407897","1408188","15","32403196"
"chr8","33937647","33937960","KN294373v1","1273349","1273662","16","32664298"
"chr8","33957309","33957601","KN294373v1","1253529","1253824","13","32703780"
"chr8","34026179","34026475","KN294373v1","1185852","1186149","12","32840327"
"chr8","34151719","34152010","KN294373v1","1059699","1060009","33","33092020"
"chr8","34313336","34313627","KN295974v1","690483","690778","32","33622853"
"chr8","34688150","34688460","KN294373v1","502253","502562","12","34185897"
"chr8","34882859","34883209","KN294221v1","46816","47152","65","34836043"
"chr8","35191183","35191471","KN296577v1","124145","124435","37","35067038"
"chr8","35338578","35338887","KN297083v1","336698","337008","37","35001880"
"chr8","35556299","35556603","KN297452v1","339686","339987","43","35216613"
"chr8","35629076","35629375","KN296296v1","66249","66543","45","35562827"
"chr8","35672283","35672588","KN296096v1","3057578","3057885","34","32614705"
"chr8","35857701","35858002","KN296093v1","185428","185734","42","35672273"
"chr8","35912542","35912812","KN296485v1","447446","447718","35","35465096"
"chr8","35973832","35974110","KN296108v1","428328","428606","46","35545504"
"chr8","35974157","35974173","KN295152v1","573368","573383","3","35400789"
"chr8","35987590","35987779","KN294596v1","141115","141287","42","35846475"
"chr8","36043143","36043219","KN295614v1","28241","28303","36","36014902"
"chr8","36059784","36060086","KN294454v1","202705","203013","43","35857079"
"chr8","36070564","36070717","KN296430v1","705227","705382","35","35365337"
"chr8","36163835","36164177","KN296036v1","1696646","1696968","48","34467189"
"chr8","36212050","36212228","KN297154v1","211161","211330","33","36000889"
"chr8","36222006","36222319","KN297044v1","108239","108545","36","36113767"
"chr8","36244759","36244910","KN296495v1","1470532","1470683","26","34774227"
"chr8","36245631","36245929","KN294964v1","864674","864972","24","35380957"
"chr8","36248540","36248828","KN294462v1","540671","540960","40","35707869"
"chr8","36343536","36343693","KN295814v1","1118418","1118576","28","35225118"
"chr8","36358509","36358875","KN296161v1","986044","986404","77","35372465"
"chr8","36390742","36390930","KN295349v1","47758","47931","50","36342984"
"chr8","36401481","36401776","KN296296v1","66249","66543","42","36335232"
"chr8","36468534","36468817","KN296749v1","748161","748444","40","35720373"
"chr8","36486792","36487087","KN294842v1","297954","298253","37","36188838"
"chr8","36735064","36735368","KN296093v1","185428","185734","40","36549636"
"chr8","36923493","36923798","KN295345v1","868768","869065","33","36054725"
"chr8","36926656","36926941","KN294462v1","513433","513718","37","36413223"
"chr8","37020957","37021246","KN295075v1","252071","252359","39","36768886"
"chr8","37098294","37098591","KN296641v1","1285515","1285812","34","35812779"
"chr8","37803958","37804254","KN295345v1","868768","869065","29","36935190"
"chr8","37859215","37859516","KN294520v1","1300419","1300723","42","36558796"
"chr8","38029763","38030039","KN297369v1","169839","170118","43","37859924"
"chr8","38036373","38036649","KN295729v1","38175","38454","47","37998198"
"chr8","38116357","38116658","KN294385v1","1569211","1569513","34","36547146"
"chr8","38165986","38166287","KN297452v1","1979430","1979725","43","36186556"
"chr8","38560196","38560496","KN294747v1","866490","866789","32","37693706"
"chr8","38795137","38795416","KN296538v1","2138416","2138695","42","36656721"
"chr8","38898236","38898533","KN296495v1","1915876","1916172","36","36982360"
"chr8","39045353","39045633","KN296731v1","1077976","1078259","35","37967377"
"chr8","39257212","39257448","KN294407v1","786896","787127","40","38470316"
"chr8","39515386","39515684","KN296484v1","1024460","1024770","43","38490926"
"chr8","39611536","39611822","KN294396v1","75421","75711","14","39536115"
"chr8","39959914","39960199","KN294396v1","423146","423451","39","39536768"
"chr8","40263886","40264209","KN296281v1","426518","426825","28","39837368"
"chr8","40268888","40269185","KN296281v1","421854","422149","16","39847034"
"chr8","40359147","40359417","KN296281v1","334470","334737","14","40024677"
"chr8","40416419","40416720","KN296281v1","278202","278501","22","40138217"
"chr8","40429513","40429790","KN296281v1","262117","262390","17","40167396"
"chr8","40434734","40435033","KN296281v1","256842","257135","23","40177892"
"chr8","40511283","40511592","KN296281v1","175208","175498","37","40336075"
"chr8","40525257","40525554","KN296281v1","166363","166661","22","40358894"
"chr8","40575030","40575307","KN297112v1","6395083","6395364","36","34179947"
"chr8","40666752","40667048","KN296281v1","24479","24787","18","40642273"
"chr8","40685485","40685770","KN294745v1","258533","258831","26","40426952"
"chr8","40730352","40730647","KN294745v1","213851","214146","15","40516501"
"chr8","40786045","40786356","KN297044v1","108239","108545","49","40677806"
"chr8","40788273","40788453","KN295735v1","895035","895215","32","39893238"
"chr8","40788469","40788768","KN294745v1","154785","155092","21","40633684"
"chr8","40816147","40816457","KN294745v1","127217","127521","18","40688930"
"chr8","40818272","40818592","KN297008v1","872636","872948","60","39945636"
"chr8","40874480","40874767","KN294745v1","67602","67903","23","40806878"
"chr8","40904459","40904773","KN294745v1","33466","33781","27","40870993"
"chr8","40954646","40954944","KN296714v1","13919","14225","24","40940727"
"chr8","40980503","40980769","KN296714v1","39326","39592","10","40941177"
"chr8","41038722","41039030","KN294469v1","163528","163837","43","40875194"
"chr8","41069482","41069771","KN296714v1","131852","132141","9","40937630"
"chr8","42817672","42817962","KN296469v1","65240","65520","28","42752432"
"chr8","42885300","42885355","KN295614v1","28241","28303","28","42857059"
"chr8","42918024","42918337","KN295991v1","231987","232297","39","42686037"
"chr8","43104947","43105256","KN294351v1","91577","91886","17","43013370"
"chr8","43324653","43324927","KN296142v1","367944","368217","12","42956709"
"chr8","43514495","43514653","KN294713v1","814138","814290","56","42700357"
"chr8","43668622","43668928","KN296142v1","42714","43020","15","43625908"
"chr8","43815669","43815963","KN295366v1","153538","153829","38","43662131"
"chr8","43876453","43876715","KN295936v1","2228111","2228371","41","41648342"
"chr8","43896436","43896749","KN295983v1","1083506","1083816","45","42812930"
"chr8","43905277","43905588","KN294991v1","1411452","1411759","35","42493825"
"chr8","43912007","43912307","KN295371v1","619650","619955","43","43292357"
"chr8","43953338","43953507","KN294842v1","167464","167629","32","43785874"
"chr8","43953809","43953939","KN297154v1","1593350","1593481","14","42360459"
"chr8","43977194","43977495","KN294269v1","772756","773053","36","43204438"
"chr8","44140822","44141013","KN294705v1","1493065","1493254","20","42647757"
"chr8","44144191","44144375","KN295261v1","75008","75178","33","44069183"
"chr8","44157018","44157333","KN294287v1","647006","647324","41","43510012"
"chr8","44179835","44180132","KN296315v1","577799","578100","34","43602036"
"chr8","44184858","44185135","KN294619v1","236638","236931","44","43948220"
"chr8","44409493","44409787","KN296296v1","66249","66543","35","44343244"
"chr8","44536422","44536728","KN297044v1","108239","108545","36","44428183"
"chr8","44669695","44669982","KN294506v1","235047","235332","32","44434648"
"chr8","44738547","44738820","KN294790v1","3847979","3848251","39","40890568"
"chr8","44793316","44793598","KN297361v1","396419","396701","50","44396897"
"chr8","45599411","45599723","KN296998v1","298847","299144","38","45300564"
"chr8","46073890","46074197","KN296714v1","13919","14225","35","46059971"
"chr8","46357834","46358020","KN296922v1","308569","308730","42","46049265"
"chr8","46966063","46966347","KN297141v1","791776","792061","38","46174287"
"chr8","47116672","47116931","KN295964v1","43993","44262","54","47072679"
"chr8","47249346","47249650","KN294592v1","922102","922412","50","46327244"
"chr8","47536824","47537133","KN295405v1","1443487","1443795","43","46093337"
"chr8","47643987","47644219","KN296453v1","1669555","1669788","27","45974432"
"chr8","47932412","47932710","KN296453v1","1390292","1390590","20","46542120"
"chr8","48228151","48228452","KN296453v1","1079573","1079872","13","47148578"
"chr8","48313414","48313728","KN296453v1","994227","994502","50","47319187"
"chr8","48458704","48459012","KN296453v1","846814","847116","16","47611890"
"chr8","48555844","48556155","KN297044v1","108239","108545","45","48447605"
"chr8","48715219","48715469","KN295755v1","46608","46845","49","48668611"
"chr8","48753231","48753527","KN296453v1","554302","554595","19","48198929"
"chr8","49039495","49039799","KN296453v1","270956","271254","26","48768539"
"chr8","49212718","49213020","KN296453v1","82139","82448","24","49130579"
"chr8","49296347","49296615","KN296218v1","10900","11194","43","49285447"
"chr8","49751547","49751811","KN294825v1","131262","131525","35","49620285"
"chr8","49842893","49843185","KN295090v1","1785359","1785660","34","48057534"
"chr8","49946765","49947064","KN294848v1","1023066","1023365","40","48923699"
"chr8","49985795","49986089","KN296620v1","947748","948045","33","49038047"
"chr8","49989539","49989834","KN295523v1","1063802","1064098","33","48925737"
"chr8","50066671","50066980","KN294385v1","291689","291997","43","49774982"
"chr8","50075264","50075551","KN297141v1","791776","792061","39","49283488"
"chr8","50083788","50084090","KN295586v1","5713036","5713339","35","44370752"
"chr8","50125988","50126294","KN296806v1","78148","78452","34","50047840"
"chr8","50292924","50293288","KN295368v1","1867467","1867801","92","48425457"
"chr8","50448089","50448351","KN294991v1","1322409","1322675","42","49125680"
"chr8","50607654","50607916","KN295220v1","32575","32837","36","50575079"
"chr8","50617630","50617930","KN296119v1","2087223","2087529","42","48530407"
"chr8","51310283","51310584","KN294964v1","864674","864972","27","50445609"
"chr8","51431506","51431801","KN297274v1","1043910","1044208","33","50387596"
"chr8","51686061","51686357","KN294540v1","651367","651664","37","51034694"
"chr8","51855982","51856283","KN295362v1","1335356","1335657","9","50520626"
"chr8","51857020","51857185","KN296486v1","1714803","1714969","38","50142217"
"chr8","51896237","51896536","KN295362v1","1292111","1292414","15","50604126"
"chr8","51914800","51915108","KN295368v1","1060473","1060792","61","50854327"
"chr8","52111506","52111796","KN295362v1","1067056","1067349","21","51044450"
"chr8","52122177","52122475","KN295362v1","1055502","1055795","16","51066675"
"chr8","52160623","52160931","KN295362v1","1017154","1017447","25","51143469"
"chr8","52354647","52354914","KN295362v1","813828","814087","19","51540819"
"chr8","52469846","52470147","KN295362v1","690055","690367","35","51779791"
"chr8","52575014","52575303","KN295362v1","582642","582935","12","51992372"
"chr8","52818285","52818580","KN295362v1","331597","331881","29","52486688"
"chr8","53029529","53029795","KN295362v1","113903","114168","7","52915626"
"chr8","53233541","53233856","KN295236v1","5272450","5272764","43","47961091"
"chr8","53685643","53685948","KN296391v1","36675","36982","40","53648968"
"chr8","53749251","53749551","KN295744v1","235007","235306","30","53514244"
"chr8","53799159","53799449","KN295820v1","879022","879311","41","52920137"
"chr8","53841278","53841588","KN296004v1","353630","353936","39","53487648"
"chr8","53904441","53904758","KN294218v1","2054777","2055092","49","51849664"
"chr8","54512179","54512466","KN297320v1","356322","356612","36","54155857"
"chr8","54583080","54583388","KN297044v1","108239","108545","35","54474841"
"chr8","54588407","54588599","KN295045v1","1182493","1182695","44","53405914"
"chr8","54622455","54622761","KN296391v1","36675","36982","41","54585780"
"chr8","54681322","54681618","KN296495v1","2925731","2926025","39","51755591"
"chr8","54810470","54810766","KN294479v1","308767","309062","42","54501703"
"chr8","55030857","55031154","KN294536v1","651643","651940","40","54379214"
"chr8","55154246","55154553","KN294499v1","2542984","2543291","41","52611262"
"chr8","55797714","55797977","KN294978v1","431255","431517","19","55366459"
"chr8","56064863","56065126","KN297197v1","3429038","3429300","40","52635825"
"chr8","56148086","56148394","KN294978v1","804780","805086","19","55343306"
"chr8","56464810","56465110","KN294978v1","1136159","1136458","19","55328651"
"chr8","56485644","56485940","KN294978v1","1156723","1157022","24","55328921"
"chr8","56537640","56537809","KN296502v1","1401296","1401465","34","55136344"
"chr8","56820878","56821173","KN294978v1","1502374","1502667","24","55318504"
"chr8","56900142","56900401","KN294978v1","1582081","1582340","12","55318061"
"chr8","57275678","57276011","KN294978v1","1973746","1974081","33","55301932"
"chr8","57412896","57413199","KN294978v1","2116018","2116313","29","55296878"
"chr8","57672734","57673010","KN294978v1","2379848","2380134","22","55292886"
"chr8","57889964","57890273","KN294978v1","2594695","2594997","31","55295269"
"chr8","57926566","57926868","KN294978v1","2631771","2632062","28","55294795"
"chr8","58284361","58284660","KN294978v1","3006456","3006753","13","55277905"
"chr8","60080108","60080411","KN294499v1","2542984","2543291","39","57537124"
"chr8","60413767","60414053","KN296036v1","1306747","1307034","35","59107020"
"chr8","60547415","60547721","KN296775v1","1052668","1052977","44","59494747"
"chr8","60726088","60726381","KN295962v1","375746","376041","42","60350342"
"chr8","61010123","61010425","KN296825v1","11614","11918","16","60998509"
"chr8","61211292","61211537","KN294561v1","1532954","1533202","40","59678338"
"chr8","61356843","61357148","KN295991v1","231987","232297","35","61124856"
"chr8","61384299","61384552","KN296825v1","393093","393338","22","60991206"
"chr8","61402836","61402996","KN295294v1","769026","769186","25","60633810"
"chr8","61434475","61434777","KN296825v1","444062","444371","16","60990413"
"chr8","61478279","61478578","KN296825v1","489140","489429","22","60989139"
"chr8","61767737","61768036","KN296825v1","766908","767206","22","61000829"
"chr8","61913982","61914261","KN296825v1","919458","919718","30","60994524"
"chr8","61960907","61961208","KN296825v1","967279","967580","17","60993628"
"chr8","62497076","62497371","KN296825v1","1519070","1519359","32","60978006"
"chr8","62498931","62499148","KN296825v1","1520733","1520948","13","60978198"
"chr8","62540481","62540766","KN296825v1","1562854","1563138","17","60977627"
"chr8","62540794","62541097","KN297452v1","1979430","1979725","38","60561364"
"chr8","62560622","62560920","KN294540v1","651367","651664","47","61909255"
"chr8","62570259","62570269","KN296991v1","748286","748296","3","61821973"
"chr8","62570270","62570572","KN296825v1","1593731","1594025","30","60976539"
"chr8","62570573","62570751","KN294980v1","230782","230955","29","62339791"
"chr8","62598936","62599241","KN296825v1","1623618","1623923","18","60975318"
"chr8","62626889","62627064","KN295967v1","467933","468109","29","62158956"
"chr8","62676748","62677038","KN297360v1","141616","141906","29","62535132"
"chr8","62726910","62727192","KN295257v1","348260","348541","30","62378650"
"chr8","62745288","62745598","KN296825v1","1771486","1771784","30","60973802"
"chr8","62756714","62757006","KN296825v1","1782920","1783213","11","60973794"
"chr8","62869943","62870221","KN296825v1","1898874","1899142","20","60971069"
"chr8","62916310","62916561","KN295544v1","200687","200940","43","62715623"
"chr8","62935473","62935770","KN296825v1","1962057","1962351","20","60973416"
"chr8","62976567","62976840","KN296825v1","2000164","2000437","9","60976403"
"chr8","63016740","63017037","KN296825v1","2041313","2041612","20","60975427"
"chr8","63027069","63027368","KN294539v1","1107554","1107850","31","61919515"
"chr8","63134068","63134315","KN296062v1","1373798","1374059","43","61760270"
"chr8","63229898","63230194","KN296825v1","2255964","2256265","18","60973934"
"chr8","63245176","63245470","KN297452v1","1979430","1979725","29","61265746"
"chr8","63248760","63249037","KN296825v1","2274464","2274753","25","60974296"
"chr8","63267814","63268112","KN296825v1","2293441","2293740","12","60974373"
"chr8","63288556","63288876","KN296380v1","7066","7372","50","63281490"
"chr8","64057967","64058265","KN296825v1","3137843","3138145","18","60920124"
"chr8","64141755","64141922","KN296486v1","1714803","1714969","32","62426952"
"chr8","64164565","64164744","KN297452v1","2085396","2085575","38","62079169"
"chr8","64444883","64445199","KN294385v1","28734","29043","47","64416149"
"chr8","64492115","64492272","KN297008v1","6657903","6658047","32","57834212"
"chr8","64492307","64492321","KN295152v1","573368","573383","3","63918939"
"chr8","64601150","64601457","KN296000v1","1247118","1247423","36","63354032"
"chr8","65086112","65086288","KN296292v1","312589","312775","56","64773523"
"chr8","65089795","65090078","KN295257v1","348260","348541","38","64741535"
"chr8","65151707","65151995","KN297312v1","114594","114884","18","65037113"
"chr8","65234349","65234628","KN297312v1","200928","201203","21","65033421"
"chr8","65392893","65393046","KN295667v1","2080488","2080645","26","63312405"
"chr8","65514314","65514596","KN297312v1","482529","482837","38","65031785"
"chr8","65707728","65708023","KN294456v1","1400896","1401175","83","64306832"
"chr8","65709704","65709865","KN296547v1","644921","645084","36","65064783"
"chr8","65747852","65748150","KN297312v1","723348","723646","17","65024504"
"chr8","65774224","65774548","KN296883v1","1592389","1592698","73","64181835"
"chr8","65805158","65805454","KN294569v1","795781","796071","17","65009377"
"chr8","65806431","65806625","KN296859v1","1427369","1427572","49","64379062"
"chr8","65814433","65814734","KN294569v1","786320","786614","15","65028113"
"chr8","65911753","65912042","KN297184v1","1823204","1823497","37","64088549"
"chr8","66210271","66210528","KN294569v1","384817","385107","47","65825454"
"chr8","66256987","66257297","KN294569v1","333413","333729","23","65923574"
"chr8","66656210","66656511","KN294399v1","296926","297229","45","66359284"
"chr8","66866724","66867033","KN295080v1","288477","288780","16","66578247"
"chr8","66976990","66977285","KN295080v1","177487","177780","21","66799503"
"chr8","67033856","67034155","KN295080v1","120776","121074","13","66913080"
"chr8","67145239","67145401","KN295236v1","4879636","4879796","26","62265603"
"chr8","67346100","67346412","KN296818v1","103475","103784","39","67242625"
"chr8","67476535","67476830","KN297322v1","221489","221781","37","67255046"
"chr8","67646926","67647232","KN295923v1","1617056","1617358","34","66029870"
"chr8","67739163","67739455","KN295205v1","1140127","1140415","40","66599036"
"chr8","67761940","67762240","KN294633v1","199690","199992","41","67562250"
"chr8","67846264","67846562","KN297044v1","108239","108545","37","67738025"
"chr8","68022110","68022422","KN296484v1","1024460","1024770","36","66997650"
"chr8","68412337","68412639","KN295319v1","23766","24059","36","68388571"
"chr8","68544058","68544283","KN295564v1","677567","677792","9","67866491"
"chr8","68609672","68609812","KN295814v1","1118418","1118576","46","67491254"
"chr8","68784864","68784960","KN295550v1","498465","498533","32","68286399"
"chr8","68789102","68789239","KN297008v1","6657903","6658047","32","62131199"
"chr8","68958426","68958719","KN295564v1","252361","252669","30","68706065"
"chr8","69228030","69228327","KN295996v1","28806","29113","28","69199224"
"chr8","69301032","69301325","KN295996v1","103688","103977","21","69197344"
"chr8","69364535","69364825","KN295996v1","167663","167951","13","69196872"
"chr8","69555571","69555869","KN295996v1","359216","359514","19","69196355"
"chr8","69641547","69641795","KN295996v1","449848","450092","18","69191699"
"chr8","70065442","70065747","KN295996v1","883771","884067","22","69181671"
"chr8","70121064","70121349","KN295996v1","939389","939688","23","69181675"
"chr8","70128818","70129110","KN295996v1","947178","947475","22","69181640"
"chr8","70842153","70842446","KN294614v1","626615","626901","19","70215538"
"chr8","71000299","71000554","KN295735v1","494324","494573","54","70505975"
"chr8","71038780","71039105","KN297113v1","139003","139332","44","70899777"
"chr8","71066605","71066918","KN294614v1","855902","856215","24","70210703"
"chr8","71322203","71322512","KN294614v1","1131348","1131657","18","70190855"
"chr8","71602157","71602436","KN295319v1","495992","496271","47","71106165"
"chr8","71806670","71806980","KN296706v1","107919","108228","40","71698751"
"chr8","72004944","72005241","KN296296v1","66249","66543","42","71938695"
"chr8","72113980","72114268","KN294638v1","188978","189266","12","71925002"
"chr8","72159291","72159571","KN294638v1","238516","238796","18","71920775"
"chr8","72513597","72513876","KN294976v1","871019","871314","42","71642578"
"chr8","72914861","72915165","KN296229v1","1564933","1565228","28","71349928"
"chr8","73470672","73470974","KN296229v1","984970","985272","21","72485702"
"chr8","73877260","73877566","KN296229v1","559659","559956","37","73317601"
"chr8","74116708","74117006","KN296229v1","310010","310310","16","73806698"
"chr8","74194268","74194568","KN296229v1","223072","223369","16","73971196"
"chr8","74865042","74865347","KN295825v1","2654358","2654663","26","72210684"
"chr8","75203322","75203625","KN296153v1","1424950","1425255","56","73778372"
"chr8","75372734","75373021","KN294569v1","795781","796071","46","74576953"
"chr8","75487535","75487838","KN295548v1","143484","143790","30","75344051"
"chr8","75551583","75551890","KN296484v1","1024460","1024770","37","74527123"
"chr8","75562391","75562683","KN295366v1","137020","137320","40","75425371"
"chr8","75863896","75864207","KN294933v1","175658","175970","39","75688238"
"chr8","76262363","76262675","KN294842v1","175673","175983","40","76086690"
"chr8","76759004","76759204","KN296859v1","1427369","1427572","31","75331635"
"chr8","77028625","77028929","KN294172v1","6407720","6408021","40","70620905"
"chr8","77768273","77768475","KN295045v1","1182493","1182695","39","76585780"
"chr8","77803681","77803851","KN295349v1","47758","47931","31","77755923"
"chr8","78040025","78040301","KN295586v1","5293886","5294167","48","72746139"
"chr8","78095322","78095608","KN297141v1","791776","792061","38","77303546"
"chr8","78373782","78374083","KN295480v1","1341493","1341797","43","77032289"
"chr8","78555146","78555460","KN296528v1","1592920","1593236","64","76962226"
"chr8","78569664","78569988","KN294499v1","2542984","2543291","55","76026680"
"chr8","78581088","78581390","KN296520v1","370427","370724","51","78210661"
"chr8","78878351","78878646","KN294850v1","92671","92969","42","78785680"
"chr8","79068504","79068672","KN296726v1","930925","931090","26","78137579"
"chr8","79261348","79261628","KN294493v1","377513","377791","44","78883835"
"chr8","79878964","79879284","KN295480v1","3172537","3172847","64","76706427"
"chr8","80147257","80147568","KN297442v1","1648457","1648767","38","78498800"
"chr8","80712063","80712357","KN295962v1","2457159","2457455","35","78254904"
"chr8","80985530","80985797","KN297361v1","396419","396701","25","80589111"
"chr8","81090396","81090578","KN295349v1","47758","47931","31","81042638"
"chr8","81283164","81283383","KN294790v1","808923","809138","39","80474241"
"chr8","81581030","81581323","KN295361v1","904675","904968","38","80676355"
"chr8","81629867","81630163","KN296108v1","735240","735530","39","80894627"
"chr8","81693756","81694044","KN295907v1","2571118","2571412","44","79122638"
"chr8","81761528","81761810","KN294399v1","178526","178809","38","81583002"
"chr8","81843398","81843690","KN294378v1","1155375","1155674","39","80688023"
"chr8","81916213","81916443","KN297032v1","308157","308361","58","81608056"
"chr8","81927178","81927488","KN294385v1","291689","291997","33","81635489"
"chr8","82172396","82172708","KN294578v1","617490","617800","42","81554906"
"chr8","82237545","82237855","KN297197v1","4684189","4684491","45","77553356"
"chr8","82817642","82817962","KN295070v1","36723","37043","48","82780919"
"chr8","82882141","82882439","KN296846v1","934412","934708","14","81947729"
"chr8","83474569","83474906","KN294385v1","768856","769188","64","82705713"
"chr8","84160358","84160698","KN296231v1","401194","401523","29","83759164"
"chr8","84331401","84331710","KN295633v1","2462146","2462456","48","81869255"
"chr8","84490095","84490391","KN295090v1","2695348","2695640","35","81794747"
"chr8","84884580","84884897","KN296508v1","1794565","1794876","41","83090015"
"chr8","85274283","85274592","KN294705v1","1109306","1109614","44","84164977"
"chr8","85689039","85689334","KN295962v1","674128","674422","40","85014911"
"chr8","85872415","85872715","KN296577v1","170798","171097","42","85701617"
"chr8","86116187","86116485","KN296577v1","170798","171097","35","85945389"
"chr8","86242752","86242970","KN296162v1","537926","538149","37","85704826"
"chr8","86350685","86350853","KN297154v1","1695463","1695633","34","84655222"
"chr8","86546914","86547212","KN295713v1","121619","121914","22","86425295"
"chr8","86663972","86664275","KN296119v1","4889581","4889883","42","81774391"
"chr8","86915764","86916074","KN294385v1","291689","291997","40","86624075"
"chr8","87010277","87010574","KN294964v1","864674","864972","42","86145603"
"chr8","87238142","87238436","KN296577v1","124145","124435","45","87113997"
"chr8","87549269","87549574","KN295022v1","1098622","1098929","41","86450647"
"chr8","88105439","88105742","KN297044v1","108239","108545","43","87997200"
"chr8","88716743","88717056","KN295729v1","1416275","1416583","38","87300468"
"chr8","88852207","88852498","KN294613v1","670274","670562","37","88181933"
"chr8","88875808","88875961","KN296430v1","705227","705382","25","88170581"
"chr8","88876266","88876281","KN294213v1","437220","437234","6","88439046"
"chr8","88933979","88934302","KN295430v1","194615","194934","49","88739364"
"chr8","89008035","89008330","KN296079v1","3084734","3085029","35","85923301"
"chr8","89011455","89011680","KN294439v1","287915","288143","30","88723540"
"chr8","89191792","89192096","KN295382v1","138726","139027","42","89053066"
"chr8","89371128","89371334","KN295045v1","1182493","1182695","52","88188635"
"chr8","89406780","89407075","KN296357v1","40034","40335","44","89366746"
"chr8","89459409","89459706","KN296079v1","3084734","3085029","34","86374675"
"chr8","89475450","89475729","KN297386v1","271339","271612","49","89204111"
"chr8","89696436","89696728","KN294372v1","2463417","2463699","60","87233019"
"chr8","89720551","89720850","KN294592v1","51794","52092","39","89668757"
"chr8","89723011","89723314","KN295343v1","373896","374196","41","89349115"
"chr8","89835631","89835805","KN295995v1","71091","71264","32","89764540"
"chr8","89889994","89890304","KN295039v1","421619","421929","11","89468375"
"chr8","89892023","89892327","KN295039v1","419551","419855","21","89472472"
"chr8","89939937","89940208","KN295039v1","371842","372113","13","89568095"
"chr8","89950747","89951051","KN295923v1","1430363","1430659","37","88520384"
"chr8","90006661","90006823","KN294842v1","167464","167629","28","89839197"
"chr8","90013472","90013753","KN296263v1","1248040","1248330","47","88765432"
"chr8","90014906","90015213","KN295039v1","294358","294661","11","89720548"
"chr8","90343658","90343695","KN295045v1","1336617","1336651","10","89007041"
"chr8","90350860","90351098","KN296401v1","34738","34982","51","90316122"
"chr8","90438444","90438753","KN295343v1","373896","374196","43","90064548"
"chr8","90495375","90495682","KN294325v1","288066","288366","63","90207309"
"chr8","90686643","90686949","KN295236v1","2902206","2902512","40","87784437"
"chr8","90930895","90931202","KN294685v1","1346044","1346352","46","89584851"
"chr8","91051674","91051894","KN296430v1","540489","540695","48","90511185"
"chr8","91261028","91261334","KN296380v1","7066","7372","36","91253962"
"chr8","91279571","91279852","KN295586v1","5293886","5294167","36","85985685"
"chr8","91558397","91558688","KN297314v1","719277","719585","36","90839120"
"chr8","91597398","91597698","KN296079v1","758684","758993","52","90838714"
"chr8","91830449","91830759","KN297314v1","1010470","1010774","24","90819979"
"chr8","91878751","91879048","KN295526v1","979159","979460","39","90899592"
"chr8","91983245","91983548","KN297044v1","108239","108545","29","91875006"
"chr8","92186706","92187012","KN294564v1","295442","295744","34","91891264"
"chr8","92374586","92374793","KN296062v1","1353746","1353981","54","91020840"
"chr8","92375835","92375905","KN296731v1","893461","893529","18","91482374"
"chr8","92592998","92593307","KN294713v1","1039605","1039911","36","91553393"
"chr8","92598698","92598989","KN295236v1","3918747","3919036","36","88679951"
"chr8","92612883","92613172","KN294571v1","2837988","2838277","32","89774895"
"chr8","92638478","92638770","KN295366v1","153538","153829","37","92484940"
"chr8","92669772","92669964","KN294946v1","74320","74515","60","92595452"
"chr8","92689801","92690003","KN294571v1","2367043","2367240","44","90322758"
"chr8","92692753","92693041","KN295828v1","1055197","1055488","38","91637556"
"chr8","92735736","92735929","KN296486v1","1468682","1468869","45","91267054"
"chr8","92740503","92740804","KN294470v1","853499","853808","43","91887004"
"chr8","92844968","92845267","KN295090v1","2695348","2695640","33","90149620"
"chr8","93020195","93020494","KN294187v1","723738","724036","44","92296457"
"chr8","93188906","93189076","KN296959v1","1152394","1152569","30","92036512"
"chr8","93543069","93543146","KN295550v1","498465","498533","27","93044604"
"chr8","93794557","93794857","KN296761v1","97995","98298","39","93696562"
"chr8","94184249","94184544","KN294292v1","69203","69492","51","94115046"
"chr8","94313721","94314016","KN296296v1","66249","66543","39","94247472"
"chr8","94767255","94767554","KN295995v1","1562045","1562348","36","93205210"
"chr8","94801008","94801316","KN296714v1","13919","14225","40","94787089"
"chr8","94895558","94895849","KN297184v1","62725","63022","18","94832833"
"chr8","94945319","94945630","KN297184v1","115251","115558","17","94830068"
"chr8","95042018","95042312","KN297184v1","213033","213336","22","94828985"
"chr8","95229014","95229313","KN297184v1","403411","403712","18","94825603"
"chr8","95547128","95547424","KN294479v1","138046","138339","36","95409082"
"chr8","95785085","95785371","KN297184v1","957978","958261","16","94827107"
"chr8","95824820","95825123","KN297184v1","997626","997921","19","94827194"
"chr8","95905197","95905362","KN296502v1","1401296","1401465","39","94503901"
"chr8","95905695","95905707","KN295963v1","26249","26262","3","95879446"
"chr8","95996661","95996865","KN295402v1","1054314","1054523","29","94942347"
"chr8","96434330","96434656","KN297184v1","1615144","1615466","16","94819186"
"chr8","96449110","96449417","KN295586v1","5713036","5713339","34","90736074"
"chr8","96575079","96575386","KN297184v1","1753649","1753956","12","94821430"
"chr8","96645899","96646193","KN297184v1","1823204","1823497","14","94822695"
"chr8","96825597","96825894","KN295343v1","373896","374196","35","96451701"
"chr8","96896728","96897024","KN296795v1","1645734","1646028","32","95250994"
"chr8","96916704","96916869","KN294842v1","167464","167629","27","96749240"
"chr8","97096550","97096793","KN295294v1","3311128","3311366","46","93785422"
"chr8","97278146","97278442","KN295893v1","7122873","7123168","36","90155273"
"chr8","97286303","97286599","KN296158v1","1695324","1695634","51","95590979"
"chr8","97473100","97473276","KN295202v1","2028222","2028396","29","95444878"
"chr8","97556324","97556624","KN294539v1","2302951","2303253","36","95253373"
"chr8","97668410","97668455","KN296316v1","148146","148173","25","97520264"
"chr8","97751976","97752271","KN294493v1","991664","991964","44","96760312"
"chr8","97782832","97783057","KN296312v1","25630","25846","35","97757202"
"chr8","97819670","97819953","KN295586v1","5293886","5294167","31","92525784"
"chr8","97829531","97829831","KN295102v1","249012","249316","39","97580519"
"chr8","97922777","97923081","KN295236v1","2902206","2902512","52","95020571"
"chr8","98011838","98012138","KN296806v1","78148","78452","34","97933690"
"chr8","98143829","98144063","KN296864v1","2640511","2640744","30","95503318"
"chr8","98185861","98186167","KN295294v1","244045","244353","38","97941816"
"chr8","98238746","98239034","KN294540v1","651367","651664","40","97587379"
"chr8","98274839","98275147","KN296266v1","138052","138359","42","98136787"
"chr8","98405728","98405897","KN294451v1","850657","850819","28","97555071"
"chr8","98442592","98442911","KN295430v1","2571642","2571950","56","95870950"
"chr8","98581561","98581829","KN294711v1","1377720","1377992","15","97203841"
"chr8","98751427","98751739","KN294668v1","3996924","3997235","53","94754503"
"chr8","98772142","98772446","KN297095v1","3540674","3540976","40","95231468"
"chr8","98894429","98894733","KN294711v1","1048010","1048321","25","97846419"
"chr8","98907270","98907590","KN294711v1","1035184","1035468","49","97872086"
"chr8","98941491","98941808","KN294711v1","1000770","1001094","32","97940721"
"chr8","98948231","98948520","KN295526v1","381860","382152","35","98566371"
"chr8","99519045","99519261","KN294711v1","418356","418573","6","99100689"
"chr8","99626018","99626323","KN294711v1","312611","312910","16","99313407"
"chr8","99794513","99794804","KN294711v1","141028","141323","14","99653485"
"chr8","100004379","100004402","KN296139v1","69081","69102","7","99935298"
"chr8","100004434","100004721","KN295586v1","2496485","2496765","36","97507949"
"chr8","100009462","100009804","KN296431v1","67821","68143","32","99941641"
"chr8","100105378","100105681","KN296000v1","1247118","1247423","36","98858260"
"chr8","100127909","100128194","KN295835v1","96745","97031","35","100031164"
"chr8","100179806","100180085","KN295257v1","348260","348541","39","99831546"
"chr8","100258680","100258988","KN296093v1","185428","185734","30","100073252"
"chr8","100269445","100269726","KN295970v1","30819","31105","53","100238626"
"chr8","100350574","100350865","KN294536v1","1188957","1189234","52","99161617"
"chr8","100791340","100791654","KN294561v1","645779","646083","46","100145561"
"chr8","100824837","100825134","KN295198v1","516030","516332","37","100308807"
"chr8","101008453","101008766","KN296380v1","137576","137886","18","100870877"
"chr8","101129364","101129679","KN296380v1","7066","7372","23","101122298"
"chr8","101153058","101153315","KN296442v1","546513","546771","38","100606545"
"chr8","101303705","101303990","KN296167v1","390890","391180","32","100912815"
"chr8","102051555","102051844","KN296661v1","1649895","1650184","21","100401660"
"chr8","102501770","102502096","KN294187v1","1156422","1156744","49","101345348"
"chr8","103513844","103514084","KN296138v1","307856","308112","39","103205988"
"chr8","103637876","103638183","KN295236v1","2902206","2902512","35","100735670"
"chr8","103711906","103712200","KN295448v1","60259","60553","13","103651647"
"chr8","103786731","103787030","KN295448v1","139641","139941","23","103647090"
"chr8","103791376","103791656","KN295448v1","144232","144528","34","103647144"
"chr8","104000939","104001232","KN295448v1","373993","374300","26","103626946"
"chr8","104542479","104542845","KN296970v1","536172","536520","64","104006307"
"chr8","105269839","105270095","KN295960v1","53995","54251","23","105215844"
"chr8","105579211","105579536","KN296686v1","244164","244480","42","105335047"
"chr8","105614773","105614976","KN296686v1","310138","310341","10","105304635"
"chr8","106254295","106254609","KN296484v1","1024460","1024770","44","105229835"
"chr8","106647788","106648102","KN294456v1","513291","513590","41","106134497"
"chr8","107033569","107033856","KN294592v1","51794","52092","43","106981775"
"chr8","107241750","107242058","KN296000v1","1247118","1247423","37","105994632"
"chr8","108388961","108389151","KN296119v1","3355213","3355396","37","105033748"
"chr8","108517002","108517300","KN296864v1","3059211","3059513","44","105457791"
"chr8","109597096","109597404","KN295205v1","802798","803101","42","108794298"
"chr8","109879875","109880163","KN294693v1","517852","518151","50","109362023"
"chr8","109907113","109907428","KN297008v1","4164826","4165136","40","105742287"
"chr8","110635417","110635718","KN294842v1","297954","298253","37","110337463"
"chr8","110663033","110663313","KN295257v1","348260","348541","40","110314773"
"chr8","110919924","110920221","KN296495v1","1209717","1210015","32","109710207"
"chr8","110927741","110927754","KN296989v1","719","732","3","110927022"
"chr8","110927781","110928062","KN297227v1","240655","240937","30","110687126"
"chr8","111272006","111272219","KN295825v1","1755419","1755627","37","109516587"
"chr8","111370849","111371127","KN295045v1","274074","274356","50","111096775"
"chr8","111681522","111681839","KN296311v1","5293680","5293992","43","106387842"
"chr8","112264903","112265173","KN296225v1","356924","357189","41","111907979"
"chr8","112815106","112815403","KN294454v1","117200","117502","40","112697906"
"chr8","112940734","112941037","KN297242v1","3101665","3101961","39","109839069"
"chr8","113254361","113254656","KN295257v1","1832843","1833134","40","111421518"
"chr8","113272168","113272476","KN294199v1","195562","195867","36","113076606"
"chr8","113276705","113276937","KN294446v1","273130","273356","37","113003575"
"chr8","113292867","113293178","KN295871v1","63017","63323","43","113229850"
"chr8","113518379","113518658","KN297016v1","70076","70353","35","113448303"
"chr8","113557370","113557628","KN295987v1","1193288","1193543","37","112364082"
"chr8","113688469","113688772","KN295154v1","149426","149727","41","113539043"
"chr8","113749676","113749984","KN295571v1","563591","563893","35","113186085"
"chr8","113904157","113904416","KN296714v1","39326","39592","58","113864831"
"chr8","114145049","114145345","KN295893v1","7122873","7123168","34","107022176"
"chr8","114226841","114227141","KN295586v1","3336223","3336538","57","110890618"
"chr8","114332612","114332918","KN296380v1","7066","7372","42","114325546"
"chr8","114467422","114467717","KN294599v1","1007958","1008257","38","113459464"
"chr8","114612501","114612681","KN296119v1","3355213","3355396","29","111257288"
"chr8","114708422","114708731","KN294520v1","99322","99631","16","114609100"
"chr8","114819428","114819710","KN294520v1","215746","216033","24","114603682"
"chr8","114862030","114862326","KN294520v1","259064","259359","14","114602966"
"chr8","115060992","115061180","KN294172v1","5506384","5506576","36","109554608"
"chr8","115128267","115128492","KN294520v1","535056","535286","12","114593211"
"chr8","115200659","115200952","KN294520v1","610090","610400","28","114590569"
"chr8","115631859","115632112","KN294520v1","1057306","1057575","54","114574553"
"chr8","115792663","115792994","KN294520v1","1213419","1213714","47","114579244"
"chr8","115810304","115810586","KN294520v1","1236500","1236765","29","114573804"
"chr8","115878449","115878756","KN294520v1","1300419","1300723","11","114578030"
"chr8","116253642","116253949","KN294520v1","1680731","1681015","27","114572911"
"chr8","116348513","116348823","KN294520v1","1785061","1785359","28","114563452"
"chr8","116374529","116374876","KN295424v1","253981","254327","60","116120548"
"chr8","116527139","116527444","KN294520v1","1975905","1976197","28","114551234"
"chr8","116876573","116876774","KN295601v1","95903","96114","19","116780670"
"chr8","117131988","117132296","KN295601v1","365785","366093","24","116766203"
"chr8","117652056","117652326","KN295601v1","893217","893497","22","116758839"
"chr8","117751732","117751942","KN295090v1","2129680","2129888","28","115622052"
"chr8","117799086","117799377","KN294540v1","651367","651664","34","117147719"
"chr8","117839141","117839441","KN295601v1","1087372","1087668","28","116751769"
"chr8","117893814","117893980","KN296922v1","308569","308730","29","117585245"
"chr8","117952175","117952276","KN295171v1","774709","774836","38","117177466"
"chr8","118066313","118066623","KN295601v1","1319399","1319709","17","116746914"
"chr8","118372511","118372799","KN295601v1","1629743","1630045","27","116742768"
"chr8","118399265","118399552","KN295601v1","1656525","1656831","28","116742740"
"chr8","118515256","118515551","KN295601v1","1767692","1767993","33","116747564"
"chr8","118926793","118927082","KN295601v1","2216721","2217014","21","116710072"
"chr8","118993810","118993982","KN295995v1","71091","71264","32","118922719"
"chr8","118994012","118994129","KN296153v1","1058785","1058901","19","117935227"
"chr8","119021735","119022033","KN295601v1","2319835","2320137","32","116701900"
"chr8","119061355","119061522","KN296486v1","1714803","1714969","35","117346552"
"chr8","119399734","119400027","KN295601v1","2700225","2700521","25","116699509"
"chr8","119485552","119485845","KN295601v1","2778400","2778694","14","116707152"
"chr8","119553115","119553345","KN295601v1","2849861","2850094","13","116703254"
"chr8","119588594","119588888","KN294813v1","87773","88073","45","119500821"
"chr8","119841938","119842229","KN295601v1","3138744","3139031","19","116703194"
"chr8","119979847","119980161","KN297200v1","98740","99051","41","119881107"
"chr8","120038088","120038428","KN294346v1","278331","278655","60","119759757"
"chr8","120050304","120050607","KN294493v1","991664","991964","42","119058640"
"chr8","120054462","120054718","KN296138v1","307856","308112","34","119746606"
"chr8","120264932","120265231","KN296864v1","3059211","3059513","37","117205721"
"chr8","120746435","120746736","KN296609v1","1410682","1410982","32","119335753"
"chr8","120939984","120940294","KN297044v1","108239","108545","35","120831745"
"chr8","121044329","121044627","KN297452v1","1979430","1979725","39","119064899"
"chr8","121439268","121439564","KN297197v1","3802947","3803249","34","117636321"
"chr8","121484189","121484509","KN294385v1","768856","769188","47","120715333"
"chr8","121501603","121501902","KN296435v1","2271548","2271854","61","119230055"
"chr8","121663209","121663510","KN295343v1","373896","374196","36","121289313"
"chr8","122291112","122291394","KN295257v1","348260","348541","34","121942852"
"chr8","122291428","122291449","KN297112v1","5861804","5861826","7","116429624"
"chr8","122331880","122332197","KN294705v1","1109306","1109614","60","121222574"
"chr8","122432619","122432900","KN297094v1","123087","123370","49","122309532"
"chr8","122444068","122444376","KN296496v1","946444","946753","42","121497624"
"chr8","122543514","122543685","KN297154v1","1695463","1695633","26","120848051"
"chr8","122543711","122543780","KN294499v1","357126","357197","15","122186585"
"chr8","122696024","122696326","KN294499v1","2542984","2543291","35","120153040"
"chr8","122720748","122721056","KN294372v1","1311490","1311797","43","121409258"
"chr8","122735173","122735453","KN294520v1","1811353","1811632","34","120923820"
"chr8","122749578","122749887","KN294917v1","971842","972153","36","121777736"
"chr8","122825895","122826050","KN295814v1","1118418","1118576","36","121707477"
"chr8","123147553","123147851","KN295791v1","229229","229527","15","122918324"
"chr8","123397339","123397628","KN294407v1","804694","804981","36","122592645"
"chr8","123698576","123698876","KN294456v1","513291","513590","40","123185285"
"chr8","123926893","123927101","KN294443v1","649310","649513","29","123277583"
"chr8","124599761","124600041","KN296907v1","717377","717642","35","123882384"
"chr8","124758399","124758696","KN296907v1","877287","877589","14","123881112"
"chr8","124892651","124892948","KN296108v1","735240","735530","31","124157411"
"chr8","125022823","125023129","KN294372v1","1048193","1048493","50","123974630"
"chr8","125411815","125412098","KN295294v1","267205","267470","43","125144610"
"chr8","125627713","125627985","KN295753v1","245053","245324","41","125382660"
"chr8","125965244","125965525","KN296108v1","735240","735530","43","125230004"
"chr8","126080945","126081254","KN294970v1","974452","974753","37","125106493"
"chr8","126359448","126359742","KN297048v1","47682","47977","26","126311766"
"chr8","127304861","127305150","KN295366v1","153538","153829","31","127151323"
"chr8","127925396","127925691","KN296849v1","394002","394294","37","127531394"
"chr8","127989781","127989929","KN296119v1","2489997","2490161","40","125499784"
"chr8","128058911","128059218","KN296487v1","183283","183588","45","127875628"
"chr8","128273863","128274166","KN294591v1","115642","115945","37","128158221"
"chr8","128408988","128409284","KN297452v1","1979430","1979725","37","126429558"
"chr8","128664987","128665273","KN295420v1","372108","372400","41","128292879"
"chr8","129480399","129480704","KN295736v1","3990259","3990567","15","125490140"
"chr8","130478079","130478365","KN294506v1","235047","235332","36","130243032"
"chr8","130671149","130671352","KN294443v1","649310","649513","32","130021839"
"chr8","130924299","130924601","KN296180v1","238923","239223","43","130685376"
"chr8","130966273","130966583","KN295736v1","2466665","2466964","24","128499608"
"chr8","131012989","131013283","KN295736v1","2419742","2420034","20","128593247"
"chr8","131197146","131197166","KN295651v1","344716","344740","5","130852430"
"chr8","131197210","131197492","KN294399v1","178526","178809","43","131018684"
"chr8","131343112","131343278","KN296153v1","2118691","2118861","25","129224421"
"chr8","131558156","131558465","KN295736v1","1843633","1843930","33","129714523"
"chr8","131684435","131684740","KN295736v1","1720748","1721056","25","129963687"
"chr8","132271257","132271559","KN295736v1","1124494","1124794","18","131146763"
"chr8","132318895","132319220","KN294407v1","973531","973853","42","131345364"
"chr8","132324733","132325037","KN296859v1","1181668","1181972","27","131143065"
"chr8","132379668","132379925","KN295736v1","1019739","1019992","15","131359929"
"chr8","132388144","132388449","KN296380v1","7066","7372","36","132381078"
"chr8","132418524","132418820","KN295736v1","981501","981798","12","131437023"
"chr8","132888215","132888521","KN295736v1","508881","509172","25","132379334"
"chr8","133034205","133034507","KN295736v1","358230","358540","24","132675975"
"chr8","133203049","133203343","KN295736v1","187671","187983","41","133015378"
"chr8","134073588","134073787","KN294879v1","1427141","1427343","27","132646447"
"chr8","134198982","134199312","KN294251v1","874353","874679","45","133324629"
"chr8","134314588","134314882","KN295984v1","811714","812012","36","133502874"
"chr8","134320151","134320427","KN296921v1","2893974","2894259","48","131426177"
"chr8","134677418","134677722","KN295371v1","619650","619955","33","134057768"
"chr8","134713898","134714044","KN297008v1","6657903","6658047","26","128055995"
"chr8","134849122","134849423","KN295034v1","401256","401560","43","134447866"
"chr8","134876651","134876944","KN296577v1","124145","124435","38","134752506"
"chr8","134909354","134909671","KN296484v1","1024460","1024770","50","133884894"
"chr8","135237691","135237861","KN294790v1","2350797","2350969","28","132886894"
"chr8","135272359","135272626","KN295273v1","8922","9188","37","135263437"
"chr8","135294106","135294399","KN296761v1","706874","707173","44","134587232"
"chr8","135421947","135422108","KN295667v1","830007","830168","23","134591940"
"chr8","135768825","135769145","KN296864v1","469875","470202","42","135298950"
"chr8","136455584","136455897","KN295039v1","240402","240698","49","136215182"
"chr8","136959295","136959604","KN294592v1","51794","52092","37","136907501"
"chr8","137178228","137178531","KN294172v1","6407720","6408021","45","130770508"
"chr8","137218934","137219235","KN297159v1","2909102","2909401","33","134309832"
"chr8","137678216","137678525","KN294458v1","1806359","1806662","47","135871857"
"chr8","137840335","137840527","KN297386v1","2382714","2382909","24","135457621"
"chr8","138198078","138198229","KN294239v1","2205879","2206038","32","135992199"
"chr8","138198256","138198381","KN295571v1","189855","189980","19","138008401"
"chr8","138329537","138329822","KN297323v1","935455","935742","10","137394082"
"chr8","138363619","138363911","KN297323v1","904486","904793","30","137459133"
"chr8","138513907","138514203","KN297323v1","753029","753331","27","137760878"
"chr8","138578716","138579023","KN297323v1","690814","691112","22","137887902"
"chr8","138633307","138633614","KN297322v1","1320329","1320630","37","137312978"
"chr8","138772440","138772594","KN294596v1","141115","141287","43","138631325"
"chr8","138969315","138969606","KN297323v1","287465","287756","18","138681850"
"chr8","139016180","139016478","KN297323v1","241985","242290","23","138774195"
"chr8","139143628","139143919","KN297323v1","116898","117201","28","139026730"
"chr9","59113387","59113680","KN294561v1","1185017","1185282","62","57928370"
"chr9","101445","101755","KN297017v1","12993","13294","19","88452"
"chr9","356443","356741","KN294218v1","2750326","2750626","23","2393883"
"chr9","985006","985296","KN297047v1","659898","660181","36","325108"
"chr9","1031954","1032307","KN294499v1","963492","963827","70","68462"
"chr9","1040513","1040674","KN296829v1","582931","583096","36","457582"
"chr9","1040675","1040960","KN294187v1","1444157","1444444","53","403482"
"chr9","1994428","1994599","KN296174v1","30392","30557","30","1964036"
"chr9","2168831","2169125","KN295984v1","811714","812012","26","1357117"
"chr9","2316933","2317112","KN295349v1","47758","47931","30","2269175"
"chr9","2404946","2405215","KN294218v1","685102","685369","14","1719844"
"chr9","2811778","2812079","KN295366v1","24521","24822","33","2787257"
"chr9","2841357","2841673","KN294218v1","258123","258441","26","2583234"
"chr9","2937180","2937471","KN294218v1","165331","165618","15","2771849"
"chr9","3135257","3135538","KN294399v1","178526","178809","44","2956731"
"chr9","3638603","3638745","KN297008v1","6657903","6658047","31","3019300"
"chr9","3684456","3684701","KN295350v1","991261","991528","51","2693195"
"chr9","3949274","3949580","KN294262v1","941123","941434","50","3008151"
"chr9","4038393","4038656","KN296948v1","915916","916168","44","3122477"
"chr9","4038721","4039060","KN296426v1","740411","740728","81","3298310"
"chr9","4845206","4845267","KN296726v1","937390","937454","29","3907816"
"chr9","4918972","4919279","KN297452v1","1979430","1979725","35","2939542"
"chr9","5184957","5185258","KN296577v1","124145","124435","55","5060812"
"chr9","5687548","5687848","KN296004v1","353630","353936","36","5333918"
"chr9","5801603","5801893","KN295825v1","917212","917505","38","4884391"
"chr9","5925994","5926153","KN296430v1","705227","705382","29","5220767"
"chr9","5944995","5945305","KN296063v1","586826","587132","22","5358169"
"chr9","5981424","5981718","KN296063v1","623515","623808","32","5357909"
"chr9","6049854","6050140","KN296063v1","696018","696299","22","5353836"
"chr9","6317652","6317852","KN297032v1","308157","308361","41","6009495"
"chr9","6554165","6554472","KN295039v1","375265","375571","36","6178900"
"chr9","6787338","6787625","KN296063v1","1455130","1455414","28","5332208"
"chr9","6976418","6976719","KN294172v1","6407720","6408021","37","568698"
"chr9","7084506","7084789","KN294940v1","380863","381150","39","6703643"
"chr9","7113892","7114198","KN296093v1","185428","185734","43","6928464"
"chr9","7159058","7159371","KN294470v1","853499","853808","40","6305559"
"chr9","7520658","7520966","KN297274v1","1273846","1274150","38","6246812"
"chr9","7564840","7565157","KN296964v1","792372","792682","51","6772468"
"chr9","7653850","7654129","KN296009v1","1376950","1377229","29","6276900"
"chr9","7730170","7730486","KN295907v1","1200915","1201232","42","6529255"
"chr9","7800835","7801141","KN294499v1","2542984","2543291","35","5257851"
"chr9","7826940","7827222","KN294506v1","235047","235332","37","7591893"
"chr9","7935684","7935983","KN296825v1","1782920","1783213","42","6152764"
"chr9","8068528","8068823","KN294217v1","959672","959972","33","7108856"
"chr9","8069888","8070186","KN294790v1","4553461","4553757","39","3516427"
"chr9","8252319","8252565","KN295717v1","550022","550260","43","7702297"
"chr9","8428434","8428741","KN296685v1","337552","337861","46","8090882"
"chr9","8481279","8481586","KN295371v1","255428","255736","37","8225851"
"chr9","8657662","8657937","KN295964v1","43993","44262","41","8613669"
"chr9","8800353","8800648","KN295045v1","756205","756493","37","8044148"
"chr9","9058864","9059154","KN294192v1","872123","872412","45","8186741"
"chr9","9200354","9200668","KN296775v1","1052668","1052977","42","8147686"
"chr9","9608864","9609144","KN296009v1","1376950","1377229","37","8231914"
"chr9","9715560","9715825","KN294181v1","1563897","1564165","48","8151663"
"chr9","10022617","10022910","KN294269v1","772756","773053","39","9249861"
"chr9","10108904","10109209","KN296380v1","7066","7372","26","10101838"
"chr9","10201994","10202272","KN296079v1","2991013","2991291","14","7210981"
"chr9","10708299","10708497","KN294864v1","50399","50597","32","10657900"
"chr9","10863840","10864137","KN296079v1","2307570","2307877","24","8556270"
"chr9","10898520","10898793","KN297028v1","1113262","1113544","44","9785258"
"chr9","10900719","10901027","KN296079v1","2269401","2269711","18","8631318"
"chr9","11180891","11181221","KN294172v1","3576082","3576408","47","7604809"
"chr9","11818312","11818614","KN296079v1","1339222","1339524","10","10479090"
"chr9","11870082","11870388","KN296079v1","1284349","1284655","10","10585733"
"chr9","11890896","11891172","KN296263v1","1248040","1248330","46","10642856"
"chr9","11963505","11963770","KN295642v1","22999","23270","53","11940506"
"chr9","11992744","11993054","KN296079v1","1156096","1156393","30","10836648"
"chr9","12030986","12031252","KN296079v1","1116188","1116454","20","10914798"
"chr9","12059048","12059358","KN296079v1","1087205","1087504","26","10971843"
"chr9","12063059","12063336","KN296145v1","2754946","2755223","33","9308113"
"chr9","12081535","12081826","KN296079v1","1063029","1063326","18","11018506"
"chr9","12127007","12127310","KN296079v1","1016819","1017116","24","11110188"
"chr9","12130164","12130451","KN296079v1","1010003","1010295","25","11120161"
"chr9","12171568","12171843","KN296079v1","968509","968785","12","11203059"
"chr9","12185552","12185840","KN296079v1","958027","958316","17","11227525"
"chr9","12228263","12228545","KN297227v1","240655","240937","30","11987608"
"chr9","12257938","12258244","KN296079v1","881542","881847","17","11376396"
"chr9","12272285","12272579","KN296079v1","867435","867726","19","11404850"
"chr9","12293238","12293549","KN296079v1","844703","845019","41","11448535"
"chr9","12332423","12332732","KN296079v1","804565","804863","19","11527858"
"chr9","12341764","12342069","KN296079v1","796942","797219","39","11544822"
"chr9","12359639","12359941","KN296079v1","775273","775582","24","11584366"
"chr9","12376197","12376503","KN296079v1","758684","758993","26","11617513"
"chr9","12388901","12389090","KN294345v1","2206480","2206684","41","10182421"
"chr9","12397365","12397676","KN296079v1","735963","736271","27","11661402"
"chr9","12428923","12429220","KN296079v1","706034","706337","30","11722889"
"chr9","12476293","12476568","KN296079v1","656422","656691","24","11819871"
"chr9","12503217","12503528","KN296079v1","628751","629052","21","11874466"
"chr9","12652677","12652980","KN296079v1","475269","475576","28","12177408"
"chr9","12779828","12780130","KN296079v1","345943","346235","24","12433885"
"chr9","12783367","12783676","KN296609v1","2279316","2279621","37","10504051"
"chr9","12873337","12873636","KN295346v1","1790082","1790382","38","11083255"
"chr9","12993407","12993725","KN296079v1","131242","131525","51","12862165"
"chr9","13086369","13086660","KN296079v1","38404","38686","29","13047965"
"chr9","13127413","13127738","KN295995v1","7548","7881","32","13119865"
"chr9","13135958","13136215","KN295995v1","15783","16040","17","13120175"
"chr9","13309866","13310170","KN295995v1","189298","189603","22","13120568"
"chr9","13312832","13313122","KN297452v1","1979430","1979725","27","11333402"
"chr9","13391317","13391627","KN295995v1","273566","273876","16","13117751"
"chr9","13596343","13596628","KN295995v1","482125","482409","21","13114218"
"chr9","13830402","13830710","KN295995v1","722233","722522","37","13108169"
"chr9","13950648","13950948","KN295995v1","842797","843100","14","13107851"
"chr9","14068952","14069253","KN295995v1","961709","962016","19","13107243"
"chr9","14104264","14104549","KN295319v1","129850","130137","32","13974414"
"chr9","14314964","14315268","KN295225v1","1956940","1957244","44","12358024"
"chr9","14386547","14386820","KN294372v1","2081363","2081636","35","12305184"
"chr9","14387178","14387483","KN296157v1","4280337","4280642","45","10106841"
"chr9","14607699","14608001","KN295995v1","1509625","1509932","24","13098074"
"chr9","14659146","14659429","KN295257v1","348260","348541","34","14310886"
"chr9","14728382","14728670","KN295995v1","1633371","1633661","14","13095011"
"chr9","14797243","14797529","KN295995v1","1706060","1706350","27","13091183"
"chr9","14808157","14808480","KN295995v1","1716055","1716373","26","13092102"
"chr9","14854449","14854763","KN295995v1","1761357","1761665","31","13093092"
"chr9","14966193","14966356","KN295319v1","430475","430648","33","14535718"
"chr9","15099074","15099370","KN294172v1","1462531","1462825","34","13636543"
"chr9","15199966","15200290","KN295940v1","98196","98498","36","15101770"
"chr9","15322372","15322676","KN295940v1","214841","215150","27","15107531"
"chr9","15364103","15364254","KN296430v1","705227","705382","28","14658876"
"chr9","15366708","15367006","KN295940v1","265431","265705","37","15101277"
"chr9","15367586","15367897","KN295940v1","266323","266634","21","15101263"
"chr9","15607518","15607681","KN295814v1","1118418","1118576","22","14489100"
"chr9","15700248","15700518","KN295940v1","599422","599687","20","15100826"
"chr9","15717786","15718080","KN296849v1","394002","394294","39","15323784"
"chr9","15931433","15931694","KN296306v1","2132653","2132905","53","13798780"
"chr9","15936746","15937055","KN294485v1","105000","105306","47","15831746"
"chr9","16177232","16177542","KN297242v1","3594348","3594651","46","12582884"
"chr9","16321753","16322056","KN294668v1","2003347","2003642","41","14318406"
"chr9","16407717","16408004","KN296278v1","166548","166844","50","16241169"
"chr9","16592935","16593230","KN296119v1","6374562","6374860","39","10218373"
"chr9","16986583","16986745","KN296829v1","582931","583096","30","16403652"
"chr9","17327414","17327713","KN295343v1","373896","374196","34","16953518"
"chr9","17420036","17420331","KN295744v1","235007","235306","33","17185029"
"chr9","17521463","17521623","KN295667v1","830007","830168","34","16691456"
"chr9","17559362","17559655","KN295962v1","674128","674422","33","16885234"
"chr9","17574961","17575238","KN297083v1","400309","400588","45","17174652"
"chr9","17575268","17575282","KN297008v1","5363769","5363781","2","12211499"
"chr9","17602274","17602552","KN297229v1","281810","282088","39","17320464"
"chr9","17968947","17969102","KN297242v1","3635969","3636126","24","14332978"
"chr9","18115253","18115561","KN295610v1","175650","175959","14","17939603"
"chr9","18154126","18154436","KN295610v1","214584","214872","52","17939542"
"chr9","18586825","18587122","KN297458v1","321335","321631","36","18265490"
"chr9","18881197","18881467","KN295610v1","916968","917239","14","17964229"
"chr9","19078209","19078490","KN295610v1","1116861","1117143","25","17961348"
"chr9","19083519","19083810","KN295610v1","1122439","1122729","18","17961080"
"chr9","19190358","19190640","KN295692v1","4021734","4022018","35","15168624"
"chr9","19249998","19250297","KN295345v1","868768","869065","38","18381230"
"chr9","19671084","19671385","KN297452v1","1979430","1979725","42","17691654"
"chr9","19726345","19726641","KN295544v1","58095","58390","54","19668250"
"chr9","19759410","19759716","KN296726v1","507058","507357","45","19252352"
"chr9","19939361","19939646","KN294224v1","435243","435529","47","19504118"
"chr9","20468580","20468885","KN296315v1","577799","578100","31","19890781"
"chr9","20544155","20544448","KN294987v1","420693","420986","38","20123462"
"chr9","20761604","20761915","KN296187v1","2797278","2797587","18","17964326"
"chr9","20905679","20905973","KN296187v1","2647080","2647364","26","18258599"
"chr9","21124315","21124602","KN296244v1","249239","249529","45","20875076"
"chr9","21237864","21238170","KN296187v1","2301736","2302033","42","18936128"
"chr9","21262078","21262383","KN295294v1","244045","244353","38","21018033"
"chr9","21271793","21272095","KN296187v1","2263663","2263968","26","19008130"
"chr9","21360004","21360303","KN294668v1","4045257","4045554","51","17314747"
"chr9","21367986","21368181","KN294187v1","2091893","2092085","39","19276093"
"chr9","21390975","21391224","KN294716v1","165924","166185","62","21225051"
"chr9","21453308","21453610","KN296187v1","2068346","2068644","16","19384962"
"chr9","21616036","21616337","KN295102v1","157119","157420","36","21458917"
"chr9","21655450","21655563","KN295236v1","4803407","4803521","18","16852043"
"chr9","21655861","21656072","KN294345v1","2206480","2206684","38","19449381"
"chr9","21701500","21701835","KN296311v1","4780889","4781195","62","16920611"
"chr9","21707635","21707944","KN296187v1","1807828","1808137","12","19899807"
"chr9","21737243","21737483","KN296187v1","1777937","1778194","32","19959306"
"chr9","21749916","21750217","KN296187v1","1765220","1765525","20","19984696"
"chr9","21833983","21834246","KN296187v1","1679740","1679998","18","20154243"
"chr9","21944657","21944958","KN296187v1","1566016","1566319","14","20378641"
"chr9","22397394","22397457","KN295614v1","28241","28303","29","22369153"
"chr9","22767565","22767874","KN296187v1","731975","732283","37","22035590"
"chr9","22879986","22880285","KN296187v1","619239","619535","17","22260747"
"chr9","22985666","22985723","KN296726v1","937390","937454","22","22048276"
"chr9","23138341","23138637","KN296187v1","363115","363422","25","22775226"
"chr9","23146114","23146432","KN296247v1","44902","45215","43","23101212"
"chr9","23188376","23188705","KN296187v1","311231","311527","45","22877145"
"chr9","23209613","23209936","KN296187v1","289768","290082","28","22919845"
"chr9","23216351","23216575","KN296187v1","283629","283854","4","22932722"
"chr9","23221365","23221661","KN296187v1","278549","278856","25","22942816"
"chr9","23710613","23710905","KN294399v1","115875","116174","45","23594738"
"chr9","23802614","23802789","KN295408v1","16726","16898","34","23785888"
"chr9","23938977","23939302","KN296913v1","105296","105604","54","23833681"
"chr9","23959051","23959359","KN295099v1","170378","170674","40","23788673"
"chr9","24474790","24474953","KN295236v1","4028297","4028461","35","20446493"
"chr9","24612583","24612837","KN294471v1","38813","39052","59","24573770"
"chr9","24632837","24633130","KN295366v1","153538","153829","30","24479299"
"chr9","24863986","24864294","KN296484v1","1024460","1024770","36","23839526"
"chr9","25097915","25098251","KN296682v1","3625604","3625941","55","21472311"
"chr9","25229489","25229798","KN296422v1","118060","118369","14","25111429"
"chr9","25436511","25436807","KN295257v1","1832843","1833134","40","23603668"
"chr9","25622792","25623088","KN294540v1","651367","651664","32","24971425"
"chr9","25716817","25717089","KN296404v1","3881143","3881420","37","21835674"
"chr9","25938973","25939279","KN296004v1","353630","353936","36","25585343"
"chr9","26015690","26015992","KN296281v1","166363","166661","37","25849327"
"chr9","26050886","26051164","KN294583v1","111515","111793","15","25939371"
"chr9","26085851","26086119","KN297452v1","914226","914488","40","25171625"
"chr9","26156856","26157159","KN294583v1","214761","215045","38","25942095"
"chr9","26187259","26187556","KN294583v1","245896","246194","22","25941363"
"chr9","26340783","26341017","KN296955v1","275294","275525","26","26065489"
"chr9","26370663","26370971","KN294513v1","681816","682125","32","25688847"
"chr9","26376292","26376303","KN294443v1","170714","170724","4","26205578"
"chr9","26376658","26376813","KN295294v1","769026","769186","25","25607632"
"chr9","26472037","26472309","KN294458v1","135867","136140","42","26336170"
"chr9","26477338","26477646","KN295893v1","1920187","1920491","50","24557151"
"chr9","26676736","26677052","KN296926v1","461285","461598","41","26215451"
"chr9","26690242","26690527","KN297276v1","510912","511184","50","26179330"
"chr9","26726209","26726511","KN296079v1","1016819","1017116","34","25709390"
"chr9","26748580","26748869","KN295257v1","348260","348541","52","26400320"
"chr9","26785631","26785794","KN295480v1","2671032","2671189","36","24114599"
"chr9","26798704","26799006","KN294970v1","974452","974753","38","25824252"
"chr9","27264996","27265293","KN295405v1","256898","257194","39","27008098"
"chr9","27420879","27421034","KN297008v1","1441000","1441155","31","25979879"
"chr9","27554300","27554466","KN296174v1","30392","30557","32","27523908"
"chr9","27693188","27693497","KN295343v1","373896","374196","43","27319292"
"chr9","27828137","27828435","KN295725v1","1461230","1461528","34","26366907"
"chr9","27844406","27844719","KN295236v1","2629750","2630062","40","25214656"
"chr9","27905942","27906115","KN296153v1","2696247","2696418","35","25209695"
"chr9","27968099","27968392","KN295433v1","231726","232018","35","27736373"
"chr9","28157557","28157851","KN297452v1","1979430","1979725","31","26178127"
"chr9","28163279","28163523","KN294421v1","680666","680909","45","27482613"
"chr9","28249473","28249765","KN296481v1","205477","205769","34","28043996"
"chr9","28373475","28373771","KN296702v1","937749","938049","33","27435726"
"chr9","28440724","28440952","KN295437v1","25055","25286","30","28415669"
"chr9","28495244","28495553","KN294175v1","160210","160517","37","28335034"
"chr9","28688901","28689206","KN295526v1","979159","979460","39","27709742"
"chr9","29127675","29127983","KN296778v1","46933","47241","21","29080742"
"chr9","29229602","29229910","KN294592v1","922102","922412","50","28307500"
"chr9","29321512","29321810","KN294571v1","1349003","1349300","32","27972509"
"chr9","29593221","29593526","KN294745v1","67602","67903","43","29525619"
"chr9","29685183","29685362","KN296119v1","3355213","3355396","34","26329970"
"chr9","29917435","29917590","KN295667v1","830007","830168","32","29087428"
"chr9","30314569","30314864","KN295962v1","674128","674422","34","29640441"
"chr9","30336589","30336896","KN296380v1","7066","7372","38","30329523"
"chr9","30427235","30427534","KN294741v1","727835","728134","25","29699400"
"chr9","30519975","30520232","KN296094v1","180027","180288","33","30339948"
"chr9","30545108","30545421","KN295936v1","2770576","2770884","50","27774532"
"chr9","30686808","30687113","KN296145v1","3242116","3242420","41","27444692"
"chr9","31199697","31199769","KN295550v1","498465","498533","24","30701232"
"chr9","31281796","31281977","KN295573v1","713773","713957","42","30568023"
"chr9","31297434","31297728","KN294540v1","651367","651664","33","30646067"
"chr9","31334952","31335249","KN295343v1","373896","374196","33","30961056"
"chr9","31338198","31338489","KN294378v1","1042916","1043212","40","30295282"
"chr9","31521072","31521367","KN294713v1","906973","907266","31","30614099"
"chr9","31607273","31607575","KN294591v1","115642","115945","30","31491631"
"chr9","31651378","31651669","KN296062v1","1508031","1508317","39","30143347"
"chr9","32052823","32053120","KN294911v1","2237890","2238186","45","29814933"
"chr9","32442581","32442893","KN295722v1","2664572","2664865","30","29778009"
"chr9","32573784","32574070","KN297171v1","3629216","3629515","43","28944568"
"chr9","32732691","32733015","KN295243v1","61214","61538","19","32671477"
"chr9","33376722","33377035","KN295243v1","758265","758578","20","32618457"
"chr9","33653110","33653403","KN295371v1","415318","415609","40","33237792"
"chr9","33908525","33908819","KN295243v1","1292852","1293159","27","32615673"
"chr9","34140306","34140600","KN295420v1","372108","372400","30","33768198"
"chr9","34143589","34143878","KN295236v1","1562516","1562803","41","32581073"
"chr9","34191011","34191196","KN294980v1","230782","230955","42","33960229"
"chr9","34193009","34193333","KN295699v1","199","496","41","34192810"
"chr9","34269391","34269686","KN296959v1","44442","44736","32","34224949"
"chr9","34270374","34270666","KN296970v1","1175434","1175726","29","33094940"
"chr9","34277022","34277304","KN297227v1","240655","240937","35","34036367"
"chr9","34312109","34312417","KN296242v1","863939","864251","37","33448170"
"chr9","34396670","34396983","KN296484v1","1024460","1024770","36","33372210"
"chr9","34408537","34408819","KN296263v1","1248040","1248330","43","33160497"
"chr9","34431018","34431196","KN296119v1","3355213","3355396","33","31075805"
"chr9","34447440","34447594","KN297008v1","6657903","6658047","34","27789537"
"chr9","34458291","34458581","KN295366v1","153538","153829","31","34304753"
"chr9","34574128","34574405","KN297229v1","281810","282088","48","34292318"
"chr9","34580661","34580957","KN296108v1","735240","735530","34","33845421"
"chr9","34633716","34634006","KN296705v1","159764","160055","40","34473952"
"chr9","34825437","34825728","KN296970v1","1175434","1175726","39","33650003"
"chr9","34883533","34883834","KN296247v1","460642","460944","33","34422891"
"chr9","35499789","35500000","KN296859v1","1427369","1427572","46","34072420"
"chr9","35525533","35525714","KN295735v1","895035","895215","33","34630498"
"chr9","35602489","35602795","KN294224v1","792817","793120","39","34809672"
"chr9","35751864","35752045","KN294416v1","523339","523527","31","35228525"
"chr9","35773717","35773998","KN295767v1","57509","57783","38","35716208"
"chr9","35780432","35780730","KN295041v1","260122","260428","40","35520310"
"chr9","35812933","35813237","KN296380v1","7066","7372","35","35805867"
"chr9","35813982","35814170","KN296119v1","3355213","3355396","32","32458769"
"chr9","36859308","36859561","KN295854v1","524387","524638","43","36334921"
"chr9","36922687","36922851","KN297154v1","1695463","1695633","35","35227224"
"chr9","36932532","36932842","KN297157v1","256640","256941","24","36675892"
"chr9","37137022","37137322","KN297157v1","48680","48984","23","37088342"
"chr9","37139044","37139313","KN297157v1","48680","48984","52","37090364"
"chr9","37443381","37443537","KN295814v1","1118418","1118576","28","36324963"
"chr9","37443573","37443702","KN295735v1","894884","895007","19","36548689"
"chr9","37449819","37450096","KN295034v1","64250","64533","47","37385569"
"chr9","37487775","37488072","KN295319v1","23766","24059","47","37464009"
"chr9","37686263","37686357","KN297157v1","346096","346184","26","37340167"
"chr9","37711223","37711534","KN297219v1","687673","687980","46","37023550"
"chr9","37775418","37775704","KN295746v1","236127","236417","39","37539291"
"chr9","37782650","37782944","KN295962v1","2457159","2457455","34","35325491"
"chr9","37948174","37948494","KN295533v1","599575","599890","55","37348599"
"chr9","38051065","38051370","KN294365v1","993171","993474","41","37057894"
"chr9","38059562","38059842","KN296337v1","110009","110282","45","37949553"
"chr9","38342421","38342727","KN296711v1","115182","115491","20","38227239"
"chr9","38353301","38353601","KN296711v1","126069","126376","19","38227232"
"chr9","38355914","38356187","KN296711v1","128739","129030","31","38227175"
"chr9","38390420","38390722","KN296270v1","59762","60067","40","38330658"
"chr9","38430870","38430954","KN297157v1","346096","346184","11","38084774"
"chr9","38430988","38431111","KN297157v1","346228","346351","7","38084760"
"chr9","38512920","38513248","KN294172v1","3576082","3576408","57","34936838"
"chr9","38609086","38609244","KN294181v1","939094","939251","19","37669992"
"chr9","38817716","38818003","KN297083v1","400309","400588","38","38417407"
"chr9","39006931","39007227","KN296296v1","66249","66543","36","38940682"
"chr9","39065452","39065741","KN294613v1","781475","781767","35","38283977"
"chr9","39101579","39101876","KN296244v1","671098","671393","37","38430481"
"chr9","39126635","39126938","KN295371v1","619650","619955","38","38506985"
"chr9","39150249","39150547","KN296079v1","3084734","3085029","38","36065515"
"chr9","39150556","39150857","KN294613v1","189870","190174","45","38960686"
"chr9","39214522","39214861","KN297274v1","1412869","1413197","53","37801653"
"chr9","40104672","40104845","KN296370v1","62055","62226","36","40042617"
"chr9","40164579","40164854","KN295980v1","299091","299367","7","39865488"
"chr9","40237794","40238069","KN295980v1","383683","383967","22","39854111"
"chr9","40331548","40331730","KN296505v1","576860","577040","31","39754688"
"chr9","40483828","40484109","KN295980v1","650514","650815","32","39833314"
"chr9","40807720","40808042","KN296913v1","1867502","1867828","47","38940218"
"chr9","40943454","40943755","KN294520v1","1300419","1300723","47","39643035"
"chr9","40964661","40964940","KN294761v1","686020","686296","44","40278641"
"chr9","40987795","40988099","KN296145v1","3242116","3242420","32","37745679"
"chr9","41336952","41337253","KN296864v1","1098087","1098388","32","40238865"
"chr9","41339217","41339526","KN294243v1","283915","284213","28","41055302"
"chr9","41351935","41352238","KN294243v1","270594","270894","9","41081341"
"chr9","41374223","41374529","KN296547v1","1509134","1509435","39","39865089"
"chr9","41381276","41381471","KN297032v1","308157","308361","41","41073119"
"chr9","41392184","41392488","KN296158v1","1695324","1695634","43","39696860"
"chr9","41445401","41445709","KN294243v1","235847","236151","14","41209554"
"chr9","41456607","41456904","KN294243v1","224441","224744","19","41232166"
"chr9","41469834","41470140","KN294243v1","211670","211974","14","41258164"
"chr9","41493291","41493600","KN294243v1","184547","184856","13","41308744"
"chr9","41581065","41581364","KN294243v1","96833","97136","22","41484232"
"chr9","41763005","41763316","KN296551v1","277595","277903","22","41485410"
"chr9","41786952","41787136","KN295893v1","3902822","3903007","30","37884130"
"chr9","41812385","41812691","KN296484v1","1024460","1024770","49","40787925"
"chr9","41925662","41925965","KN296551v1","108161","108460","15","41817501"
"chr9","41965582","41965889","KN296551v1","70033","70340","11","41895549"
"chr9","42860178","42860483","KN294499v1","899277","899580","41","41960901"
"chr9","43391404","43391703","KN295034v1","604953","605250","40","42786451"
"chr9","43545237","43545513","KN295523v1","2671326","2671592","56","40873911"
"chr9","43898294","43898606","KN295871v1","63017","63323","40","43835277"
"chr9","44191496","44191765","KN296665v1","243098","243371","36","43948398"
"chr9","44303823","44304155","KN296817v1","97971","98279","34","44205852"
"chr9","44318584","44318667","KN296296v1","165106","165204","35","44153478"
"chr9","44319756","44320051","KN296817v1","87047","87350","23","44232709"
"chr9","44328038","44328342","KN296817v1","74721","75014","25","44253317"
"chr9","44464878","44465185","KN296732v1","2831297","2831603","41","41633581"
"chr9","44515175","44515358","KN295735v1","895035","895215","41","43620140"
"chr9","44605318","44605606","KN297176v1","157353","157648","21","44447965"
"chr9","44612076","44612371","KN294540v1","651367","651664","36","43960709"
"chr9","44706074","44706380","KN294243v1","211670","211974","27","44494404"
"chr9","44725006","44725309","KN294570v1","184409","184707","39","44540597"
"chr9","44732465","44732770","KN297176v1","292312","292624","20","44440153"
"chr9","44831529","44831822","KN297259v1","384000","384292","38","44447529"
"chr9","44852739","44852904","KN296311v1","1013861","1014022","28","43838878"
"chr9","44852970","44853150","KN296119v1","3355213","3355396","33","41497757"
"chr9","44865301","44865579","KN295257v1","348260","348541","39","44517041"
"chr9","44894839","44894994","KN296154v1","1158383","1158548","37","43736456"
"chr9","45061621","45061918","KN296826v1","122558","122853","39","44939063"
"chr9","45119498","45119791","KN295294v1","2609814","2610110","33","42509684"
"chr9","45152758","45152977","KN295623v1","334653","334867","29","44818105"
"chr9","45308005","45308180","KN296959v1","1152394","1152569","28","44155611"
"chr9","45351129","45351398","KN295257v1","348260","348541","51","45002869"
"chr9","46279051","46279322","KN296496v1","143366","143630","41","46135685"
"chr9","46689455","46689755","KN294582v1","148271","148567","42","46541184"
"chr9","46853354","46853714","KN294346v1","313844","314182","79","46539510"
"chr9","47016163","47016457","KN297452v1","1979430","1979725","29","45036733"
"chr9","47033592","47033903","KN296311v1","4780889","4781195","42","42252703"
"chr9","47095907","47096197","KN295988v1","652955","653254","49","46442952"
"chr9","47387883","47388090","KN295045v1","1182493","1182695","36","46205390"
"chr9","47405264","47405555","KN295075v1","252071","252359","33","47153193"
"chr9","47578739","47578907","KN296153v1","2118691","2118861","35","45460048"
"chr9","47874174","47874480","KN296335v1","85101","85409","35","47789073"
"chr9","48106105","48106414","KN296775v1","1052668","1052977","48","47053437"
"chr9","49242490","49242791","KN295090v1","39156","39463","43","49203334"
"chr9","49324953","49325229","KN295257v1","348260","348541","41","48976693"
"chr9","49980482","49980777","KN296367v1","667588","667885","24","49312894"
"chr9","49986915","49987100","KN296153v1","2118691","2118861","42","47868224"
"chr9","50029270","50029436","KN296086v1","825589","825753","31","49203681"
"chr9","50152354","50152543","KN294416v1","523339","523527","25","49629015"
"chr9","50248664","50248970","KN294592v1","51794","52092","34","50196870"
"chr9","51471889","51472187","KN295075v1","252071","252359","39","51219818"
"chr9","51515990","51516289","KN295480v1","3440243","3440543","29","48075747"
"chr9","51676058","51676318","KN295480v1","3263443","3263703","14","48412615"
"chr9","51699784","51700079","KN295480v1","3248116","3248423","26","48451668"
"chr9","51761291","51761440","KN296430v1","705227","705382","35","51056064"
"chr9","51778262","51778563","KN295480v1","3172537","3172847","28","48605725"
"chr9","52261777","52261949","KN295480v1","2671032","2671189","19","49590745"
"chr9","52262251","52262394","KN295480v1","2670586","2670729","12","49591665"
"chr9","52626266","52626592","KN296913v1","1867502","1867828","51","50758764"
"chr9","53010899","53011184","KN296726v1","936728","937013","41","52074171"
"chr9","53384493","53384663","KN297274v1","1641003","1641173","36","51743490"
"chr9","53493270","53493569","KN295480v1","1438339","1438640","16","52054931"
"chr9","53697209","53697500","KN295480v1","1229383","1229674","12","52467826"
"chr9","53805702","53806006","KN295871v1","678303","678603","38","53127399"
"chr9","54494212","54494453","KN295074v1","95886","96127","37","54398326"
"chr9","54692395","54692706","KN295480v1","211344","211669","34","54481051"
"chr9","54781977","54782285","KN295480v1","109125","109427","33","54672852"
"chr9","55216581","55216871","KN295746v1","236127","236417","32","54980454"
"chr9","55378210","55378513","KN295343v1","160267","160568","36","55217943"
"chr9","55427785","55428072","KN295692v1","4021734","4022018","33","51406051"
"chr9","55428128","55428153","KN294484v1","362325","362343","7","55065803"
"chr9","55765888","55766197","KN295430v1","2571642","2571950","43","53194246"
"chr9","55893123","55893287","KN294842v1","167464","167629","30","55725659"
"chr9","56003350","56003636","KN297408v1","687608","687896","20","55315742"
"chr9","56089947","56090148","KN295236v1","4802595","4802791","51","51287352"
"chr9","56154148","56154441","KN297408v1","521450","521761","42","55632698"
"chr9","56166384","56166684","KN297408v1","494470","494771","22","55671914"
"chr9","56227610","56227902","KN297408v1","447151","447446","19","55780459"
"chr9","56530613","56530894","KN297408v1","155961","156243","13","56374652"
"chr9","56540665","56540962","KN295962v1","375746","376041","39","56164919"
"chr9","56575656","56575966","KN296833v1","223841","224150","36","56351815"
"chr9","56583454","56583634","KN296119v1","3355213","3355396","33","53228241"
"chr9","56607664","56607846","KN295735v1","895035","895215","26","55712629"
"chr9","56609937","56610119","KN295735v1","895035","895215","26","55714902"
"chr9","56680442","56680748","KN294685v1","1346044","1346352","39","55334398"
"chr9","56821752","56822064","KN295855v1","76900","77198","34","56744852"
"chr9","56832942","56833118","KN294467v1","24643","24823","48","56808299"
"chr9","56995389","56995691","KN297046v1","3527332","3527625","29","53468057"
"chr9","57090545","57090844","KN297046v1","3431987","3432294","27","53658558"
"chr9","57100796","57101081","KN297046v1","3421703","3421999","26","53679093"
"chr9","57210384","57210692","KN297046v1","3311394","3311694","22","53898990"
"chr9","57212331","57212635","KN297046v1","3309616","3309929","15","53902715"
"chr9","57233128","57233435","KN297046v1","3288236","3288536","22","53944892"
"chr9","57363965","57364255","KN297046v1","3154907","3155196","9","54209058"
"chr9","57417881","57418209","KN294172v1","6093035","6093361","59","51324846"
"chr9","57428311","57428604","KN296484v1","1024460","1024770","51","56403851"
"chr9","57675619","57675788","KN294467v1","24643","24823","44","57650976"
"chr9","57695557","57695841","KN295923v1","2002498","2002786","45","55693059"
"chr9","57727387","57727549","KN296174v1","30392","30557","30","57696995"
"chr9","57865513","57865810","KN296435v1","2271548","2271854","41","55593965"
"chr9","57871553","57871858","KN297046v1","2633403","2633700","29","55238150"
"chr9","58016333","58016643","KN297046v1","2473651","2473958","27","55542682"
"chr9","58072473","58072755","KN297046v1","2416363","2416644","18","55656110"
"chr9","58121761","58122037","KN295753v1","245053","245324","42","57876708"
"chr9","58508804","58509116","KN297046v1","1960120","1960428","27","56548684"
"chr9","58532662","58532971","KN297046v1","1936059","1936365","24","56596603"
"chr9","58603650","58603840","KN296859v1","1427369","1427572","37","57176281"
"chr9","58628708","58629017","KN297046v1","1834781","1835090","31","56793927"
"chr9","58684148","58684441","KN297046v1","1775321","1775612","13","56908827"
"chr9","58703996","58704279","KN297046v1","1755028","1755313","17","56948968"
"chr9","58755607","58755778","KN297274v1","1641003","1641173","31","57114604"
"chr9","58755805","58755911","KN294187v1","2092112","2092208","18","56663693"
"chr9","58785171","58785475","KN297046v1","1678539","1678845","14","57106632"
"chr9","58808140","58808444","KN294949v1","796312","796616","37","58011828"
"chr9","58816054","58816223","KN296292v1","312589","312775","41","58503465"
"chr9","58944349","58944611","KN297046v1","1507118","1507376","27","57437231"
"chr9","58994502","58994802","KN297046v1","1456124","1456427","21","57538378"
"chr9","59111200","59111360","KN295294v1","769026","769186","25","58342174"
"chr9","59139590","59139877","KN294479v1","138046","138339","46","59001544"
"chr9","59161291","59161576","KN297046v1","1279510","1279797","11","57881781"
"chr9","59433561","59433723","KN297008v1","1441000","1441155","35","57992561"
"chr9","59564444","59564730","KN297046v1","858223","858509","13","58706221"
"chr9","59688980","59689279","KN297046v1","732568","732870","31","58956412"
"chr9","60016809","60017100","KN297046v1","398529","398822","14","59618280"
"chr9","60187009","60187315","KN297046v1","223729","224022","26","59963280"
"chr9","60500022","60500325","KN296093v1","185428","185734","34","60314594"
"chr9","60735257","60735542","KN294713v1","906973","907266","29","59828284"
"chr9","60797188","60797495","KN295405v1","1663771","1664072","31","59133417"
"chr9","61007325","61007619","KN295405v1","1460740","1461028","14","59546585"
"chr9","61023975","61024288","KN295405v1","1443487","1443795","21","59580488"
"chr9","61148792","61149089","KN295405v1","1324532","1324834","13","59824260"
"chr9","61557762","61558063","KN295405v1","902201","902506","25","60655561"
"chr9","61596040","61596348","KN295405v1","867452","867752","28","60728588"
"chr9","61714534","61714841","KN295405v1","746906","747197","36","60967628"
"chr9","61877181","61877473","KN295405v1","585887","586178","23","61291294"
"chr9","61924084","61924381","KN295366v1","153538","153829","38","61770546"
"chr9","62010238","62010546","KN295405v1","448932","449240","17","61561306"
"chr9","62121816","62122093","KN294921v1","275933","276212","37","61845883"
"chr9","62145650","62145880","KN295405v1","309126","309372","37","61836524"
"chr9","62183143","62183439","KN295405v1","269464","269748","24","61913679"
"chr9","62195361","62195649","KN295405v1","256898","257194","20","61938463"
"chr9","62229319","62229622","KN295405v1","221118","221434","48","62008201"
"chr9","62236025","62236335","KN295405v1","214440","214749","14","62021585"
"chr9","62263648","62263960","KN295090v1","1599983","1600291","43","60663665"
"chr9","62273050","62273344","KN295405v1","176446","176741","15","62096604"
"chr9","62291307","62291591","KN295405v1","157962","158246","10","62133345"
"chr9","62297893","62298173","KN296009v1","1376950","1377229","36","60920943"
"chr9","62326192","62326500","KN294668v1","3996924","3997235","52","58329268"
"chr9","62333965","62334217","KN296538v1","100408","100659","42","62233557"
"chr9","62367412","62367713","KN295405v1","80093","80394","13","62287319"
"chr9","62377011","62377172","KN295236v1","4028297","4028461","37","58348714"
"chr9","62377254","62377550","KN295405v1","64365","64666","22","62312889"
"chr9","62380922","62381270","KN296970v1","536172","536520","57","61844750"
"chr9","62523390","62523677","KN295075v1","252071","252359","35","62271319"
"chr9","62564604","62564892","KN297340v1","80958","81245","28","62483646"
"chr9","62568700","62568997","KN295343v1","373896","374196","40","62194804"
"chr9","62598031","62598330","KN295650v1","2128","2421","24","62595903"
"chr9","62598341","62598642","KN295650v1","2128","2421","18","62596213"
"chr9","62602313","62602483","KN294980v1","230782","230955","24","62371531"
"chr9","62602781","62602927","KN294613v1","562643","562778","21","62040138"
"chr9","62619037","62619322","KN296108v1","735240","735530","38","61883797"
"chr9","62636157","62636366","KN294446v1","34458","34681","20","62601699"
"chr9","62702548","62702734","KN296473v1","44423","44611","16","62658125"
"chr9","62727393","62727658","KN294446v1","128387","128651","18","62599006"
"chr9","62750274","62750566","KN294446v1","152450","152736","19","62597824"
"chr9","62861238","62861436","KN294404v1","154424","154626","31","62706814"
"chr9","62875407","62875704","KN294446v1","290641","290939","11","62584766"
"chr9","62876991","62877293","KN294446v1","292533","292829","18","62584458"
"chr9","62887794","62888095","KN294446v1","303809","304110","14","62583985"
"chr9","62910129","62910419","KN294446v1","332788","333078","13","62577341"
"chr9","62911493","62911785","KN296577v1","124145","124435","27","62787348"
"chr9","62930796","62930968","KN294863v1","491835","492008","33","62438961"
"chr9","62964276","62964572","KN294446v1","386791","387086","21","62577485"
"chr9","62988481","62988788","KN295962v1","2457159","2457455","39","60531322"
"chr9","63316902","63317179","KN294873v1","100974","101250","51","63215928"
"chr9","63360047","63360341","KN294446v1","789357","789650","9","62570690"
"chr9","63432957","63433270","KN294446v1","864291","864596","20","62568666"
"chr9","63447267","63447549","KN294446v1","880380","880652","33","62566887"
"chr9","63536975","63537263","KN294446v1","974412","974701","12","62562563"
"chr9","63608098","63608112","KN294964v1","594324","594339","3","63013774"
"chr9","63608376","63608535","KN296296v1","24619","24786","54","63583757"
"chr9","64044703","64045012","KN296380v1","7066","7372","38","64037637"
"chr9","64146990","64147292","KN295552v1","144536","144836","14","64002454"
"chr9","64159260","64159569","KN295552v1","154979","155282","22","64004281"
"chr9","64215468","64215749","KN295552v1","212176","212457","12","64003292"
"chr9","64218966","64219203","KN295428v1","209519","209755","52","64009447"
"chr9","64283249","64283548","KN295552v1","286002","286292","23","63997247"
"chr9","64295220","64295528","KN294372v1","1311490","1311797","40","62983730"
"chr9","64339073","64339377","KN295552v1","341780","342090","17","63997293"
"chr9","64441897","64442180","KN294172v1","4114073","4114355","43","60327824"
"chr9","64683637","64683953","KN294847v1","345854","346163","18","64337783"
"chr9","64808502","64808813","KN294847v1","213082","213398","27","64595420"
"chr9","64876755","64877049","KN294847v1","144334","144633","21","64732421"
"chr9","64903739","64904022","KN294847v1","112624","112921","42","64791115"
"chr9","65020149","65020412","KN295667v1","2051465","2051707","54","62968684"
"chr9","65127562","65127855","KN294863v1","110677","110975","17","65016885"
"chr9","65209813","65210108","KN294439v1","265245","265540","41","64944568"
"chr9","65505279","65505387","KN297157v1","346096","346184","37","65159183"
"chr9","65505609","65505909","KN295236v1","5176018","5176310","49","60329591"
"chr9","66142184","66142446","KN295185v1","82185","82448","13","66059999"
"chr9","66225765","66226054","KN296253v1","63975","64266","53","66161790"
"chr9","66366313","66366484","KN295995v1","71091","71264","31","66295222"
"chr9","67011270","67011565","KN296508v1","269178","269477","39","66742092"
"chr9","67313741","67314009","KN294728v1","1755077","1755346","11","65558664"
"chr9","67511283","67511446","KN297154v1","211161","211330","29","67300122"
"chr9","67550223","67550529","KN294728v1","1520182","1520471","46","66030041"
"chr9","67639922","67640107","KN295217v1","704277","704458","26","66935645"
"chr9","67877808","67878139","KN297231v1","278387","278712","48","67599421"
"chr9","67955517","67955664","KN295814v1","1118418","1118576","37","66837099"
"chr9","68011605","68011901","KN294728v1","1043500","1043805","34","66968105"
"chr9","68020263","68020561","KN294728v1","1041921","1042223","17","66978342"
"chr9","68022049","68022344","KN294728v1","1040108","1040400","20","66981941"
"chr9","68071993","68072186","KN294187v1","2091893","2092085","47","65980100"
"chr9","68208715","68208998","KN294728v1","856133","856416","10","67352582"
"chr9","68457850","68458154","KN294172v1","1757733","1758040","35","66700117"
"chr9","68854720","68854912","KN295801v1","840804","841003","45","68013916"
"chr9","69022065","69022345","KN295315v1","908935","909214","36","68113130"
"chr9","69047733","69047998","KN296188v1","16084","16349","12","69031649"
"chr9","69078581","69078868","KN296188v1","46029","46317","14","69032552"
"chr9","69120319","69120608","KN296188v1","90194","90481","17","69030125"
"chr9","69180434","69180727","KN296188v1","150025","150322","16","69030409"
"chr9","69297066","69297364","KN296188v1","267737","268035","21","69029329"
"chr9","69541427","69541720","KN295102v1","157119","157420","40","69384308"
"chr9","70087704","70087976","KN294493v1","377513","377791","40","69710191"
"chr9","70189868","70190201","KN294187v1","1156422","1156744","51","69033446"
"chr9","70426264","70426573","KN296484v1","1024460","1024770","36","69401804"
"chr9","70594943","70595241","KN295869v1","1301740","1302036","23","69293203"
"chr9","70668991","70669284","KN294292v1","278270","278570","47","70390721"
"chr9","71152607","71152895","KN295869v1","737360","737658","27","70415247"
"chr9","71286043","71286294","KN295869v1","602732","602983","9","70683311"
"chr9","71314755","71315045","KN295869v1","572441","572731","10","70742314"
"chr9","71408011","71408328","KN295869v1","478975","479272","30","70929036"
"chr9","71516157","71516463","KN296093v1","185428","185734","39","71330729"
"chr9","72334570","72334869","KN297197v1","4684189","4684491","43","67650381"
"chr9","72357480","72357794","KN294302v1","382914","383244","37","71974566"
"chr9","72703693","72703993","KN294302v1","34470","34773","18","72669223"
"chr9","72841589","72841899","KN296175v1","416920","417230","17","72424669"
"chr9","72978061","72978365","KN296175v1","277384","277683","20","72700677"
"chr9","73677966","73678275","KN295091v1","924044","924353","41","72753922"
"chr9","74343354","74343650","KN295570v1","1117283","1117583","23","73226071"
"chr9","74568902","74569206","KN297227v1","727002","727308","43","73841900"
"chr9","74865247","74865420","KN294596v1","141115","141287","26","74724132"
"chr9","75143169","75143465","KN295346v1","1790082","1790382","44","73353087"
"chr9","75685428","75685712","KN297227v1","240655","240937","35","75444773"
"chr9","75811684","75811966","KN294458v1","828382","828660","44","74983302"
"chr9","75914040","75914208","KN295571v1","189645","189829","48","75724395"
"chr9","75914243","75914368","KN295571v1","189855","189980","17","75724388"
"chr9","76014963","76015270","KN296761v1","97995","98298","34","75916968"
"chr9","76278312","76278623","KN294583v1","150468","150773","42","76127844"
"chr9","76349989","76350295","KN295154v1","149426","149727","43","76200563"
"chr9","77088126","77088432","KN297197v1","4684189","4684491","51","72403937"
"chr9","77334491","77334787","KN294167v1","182699","183001","42","77151792"
"chr9","77589133","77589430","KN296526v1","33090","33393","36","77556043"
"chr9","77681011","77681308","KN296160v1","38059","38357","53","77642952"
"chr9","77707916","77708253","KN296231v1","401194","401523","70","77306722"
"chr9","78443838","78444144","KN296000v1","1247118","1247423","38","77196720"
"chr9","78629807","78630102","KN296557v1","457599","457893","38","78172208"
"chr9","78709567","78709874","KN295073v1","75619","75926","39","78633948"
"chr9","78824087","78824385","KN295209v1","62414","62708","56","78761673"
"chr9","79136619","79136920","KN297171v1","3944040","3944339","51","75192579"
"chr9","79299957","79300228","KN296992v1","153706","153972","40","79146251"
"chr9","79488622","79488890","KN295753v1","245053","245324","42","79243569"
"chr9","79613766","79614005","KN296062v1","1353746","1353981","43","78260020"
"chr9","79827951","79828127","KN295814v1","1118418","1118576","40","78709533"
"chr9","80163015","80163301","KN297135v1","44960","45268","34","80118055"
"chr9","80296344","80296649","KN297135v1","184183","184469","37","80112161"
"chr9","80482207","80482506","KN294747v1","866490","866789","33","79615717"
"chr9","80621906","80622114","KN295894v1","2215631","2215837","28","78406275"
"chr9","81230103","81230395","KN295633v1","767530","767813","56","80462573"
"chr9","81272661","81272977","KN296247v1","44902","45215","47","81227759"
"chr9","81391002","81391320","KN295893v1","6332598","6332904","41","75058404"
"chr9","82094072","82094369","KN295984v1","811714","812012","41","81282358"
"chr9","82816890","82817185","KN297452v1","1979430","1979725","30","80837460"
"chr9","83011861","83012158","KN296577v1","124145","124435","33","82887716"
"chr9","83059587","83059873","KN295102v1","316293","316582","44","82743294"
"chr9","83120516","83120797","KN295257v1","348260","348541","34","82772256"
"chr9","83252961","83253264","KN294499v1","2127860","2128168","34","81125101"
"chr9","83976379","83976682","KN294526v1","575886","576198","43","83400493"
"chr9","85383845","85384027","KN296588v1","803622","803789","33","84580223"
"chr9","85384044","85384225","KN296588v1","803622","803789","33","84580422"
"chr9","85388996","85389289","KN295075v1","252071","252359","28","85136925"
"chr9","85398468","85398761","KN296108v1","1645837","1646128","31","83752631"
"chr9","85482319","85482619","KN294385v1","291689","291997","44","85190630"
"chr9","85485236","85485518","KN296442v1","228269","228556","51","85256967"
"chr9","85489441","85489755","KN294685v1","1346044","1346352","46","84143397"
"chr9","85529761","85530065","KN295923v1","1430363","1430659","42","84099398"
"chr9","85531538","85531832","KN294650v1","115624","115915","42","85415914"
"chr9","85539657","85539850","KN294184v1","390151","390345","30","85149506"
"chr9","85544839","85545003","KN294451v1","850657","850819","25","84694182"
"chr9","85583799","85584099","KN296145v1","3242116","3242420","33","82341683"
"chr9","85676559","85676859","KN294747v1","866490","866789","30","84810069"
"chr9","85845681","85845970","KN294592v1","567946","568227","41","85277735"
"chr9","85865083","85865392","KN295548v1","143484","143790","43","85721599"
"chr9","85927333","85927629","KN295319v1","23766","24059","32","85903567"
"chr9","85939625","85939934","KN295284v1","267335","267639","38","85672290"
"chr9","85974567","85974864","KN296079v1","3084734","3085029","33","82889833"
"chr9","86009017","86009209","KN295236v1","4802595","4802791","38","81206422"
"chr9","86194448","86194613","KN296370v1","62055","62226","37","86132393"
"chr9","86196158","86196463","KN296093v1","185428","185734","35","86010730"
"chr9","86263375","86263656","KN294571v1","2837988","2838277","38","83425387"
"chr9","86474813","86475124","KN296484v1","1024460","1024770","26","85450353"
"chr9","86511416","86511698","KN295405v1","157962","158246","31","86353454"
"chr9","86520295","86520596","KN294964v1","864674","864972","39","85655621"
"chr9","86672595","86672893","KN296157v1","4280337","4280642","41","82392258"
"chr9","86677911","86678209","KN296157v1","4280337","4280642","38","82397574"
"chr9","86756324","86756625","KN295366v1","209875","210171","43","86546449"
"chr9","87071083","87071371","KN296547v1","1383439","1383739","46","85687644"
"chr9","87160521","87160781","KN296303v1","852445","852728","32","86308076"
"chr9","87191140","87191453","KN296303v1","813618","813921","30","86377522"
"chr9","87248343","87248644","KN296303v1","760305","760606","15","86488038"
"chr9","87490614","87490912","KN296303v1","510468","510779","25","86980146"
"chr9","87693281","87693444","KN297154v1","211161","211330","31","87482120"
"chr9","87757545","87757710","KN294980v1","230782","230955","41","87526763"
"chr9","87767893","87768183","KN296303v1","232611","232898","14","87535282"
"chr9","88025298","88025590","KN296108v1","735240","735530","32","87290058"
"chr9","88462899","88463205","KN296040v1","259580","259885","11","88203319"
"chr9","88585982","88586288","KN296040v1","379176","379474","33","88206806"
"chr9","88766155","88766302","KN297008v1","6657903","6658047","28","82108252"
"chr9","89009655","89009952","KN296040v1","815327","815634","24","88194328"
"chr9","89110040","89110324","KN295977v1","409488","409777","41","88700552"
"chr9","89469367","89469663","KN294592v1","51794","52092","34","89417573"
"chr9","89554983","89555271","KN295366v1","209875","210171","39","89345108"
"chr9","89614360","89614531","KN296311v1","1013861","1014022","32","88600499"
"chr9","89758679","89758984","KN294451v1","194657","194961","41","89564022"
"chr9","89901508","89901641","KN295171v1","774709","774836","30","89126799"
"chr9","90028061","90028352","KN296958v1","337794","338086","44","89690267"
"chr9","90111854","90112143","KN296296v1","66249","66543","38","90045605"
"chr9","90406672","90406980","KN296380v1","7066","7372","37","90399606"
"chr9","90434542","90434841","KN295854v1","1504180","1504481","34","88930362"
"chr9","90466495","90466786","KN296609v1","1757848","1758154","40","88708647"
"chr9","90480121","90480367","KN295257v1","10618","10861","33","90469503"
"chr9","90488966","90489252","KN297112v1","6395083","6395364","37","84093883"
"chr9","90497413","90497714","KN296063v1","1250917","1251205","34","89246496"
"chr9","90513812","90513972","KN295830v1","837","999","30","90512975"
"chr9","90564135","90564426","KN295719v1","159820","160097","70","90404315"
"chr9","90654242","90654451","KN295402v1","1054314","1054523","27","89599928"
"chr9","90654890","90655175","KN297141v1","791776","792061","34","89863114"
"chr9","90703606","90703918","KN295135v1","193740","194046","37","90509866"
"chr9","90753534","90753718","KN296096v1","3761145","3761324","44","86992389"
"chr9","90796794","90796870","KN297157v1","346096","346184","28","90450698"
"chr9","91132777","91133035","KN296153v1","2482855","2483119","37","88649922"
"chr9","91160356","91160652","KN294439v1","265245","265540","31","90895111"
"chr9","91329065","91329298","KN294439v1","287915","288143","22","91041150"
"chr9","91515322","91515624","KN296547v1","1383439","1383739","31","90131883"
"chr9","91540124","91540419","KN294251v1","1515118","1515410","40","90025006"
"chr9","91672574","91672866","KN294499v1","114042","114335","34","91558532"
"chr9","91740563","91740861","KN296609v1","1410682","1410982","39","90329881"
"chr9","91766260","91766562","KN294995v1","62939","63242","35","91703321"
"chr9","91811180","91811484","KN294520v1","1300419","1300723","45","90510761"
"chr9","91816326","91816624","KN296495v1","388170","388470","34","91428156"
"chr9","91999469","91999777","KN294520v1","1300419","1300723","36","90699050"
"chr9","92050903","92051204","KN294964v1","864674","864972","41","91186229"
"chr9","92291287","92291596","KN294205v1","1304053","1304361","37","90987234"
"chr9","92351125","92351396","KN295287v1","3712","3991","45","92347413"
"chr9","92612469","92612775","KN296391v1","36675","36982","42","92575794"
"chr9","92700998","92701278","KN295257v1","348260","348541","33","92352738"
"chr9","92711316","92711611","KN296836v1","16382","16673","45","92694934"
"chr9","92727864","92728162","KN296145v1","3242116","3242420","35","89485748"
"chr9","92748535","92748821","KN297369v1","1753301","1753589","35","90995234"
"chr9","92823207","92823504","KN296435v1","2271548","2271854","40","90551659"
"chr9","92860506","92860774","KN295586v1","5293886","5294167","42","87566620"
"chr9","92929543","92929782","KN296783v1","1313083","1313335","59","91616460"
"chr9","93033734","93034026","KN294790v1","4553461","4553757","38","88480273"
"chr9","93038489","93038804","KN294499v1","2542984","2543291","54","90495505"
"chr9","93130232","93130524","KN295586v1","5261625","5261919","42","87868607"
"chr9","93292931","93293228","KN294540v1","651367","651664","31","92641564"
"chr9","93541040","93541350","KN294499v1","899277","899580","45","92641763"
"chr9","93685353","93685665","KN294174v1","245301","245611","50","93440052"
"chr9","93900191","93900464","KN294768v1","27309","27563","42","93872882"
"chr9","93918289","93918505","KN295343v1","589567","589783","27","93328722"
"chr9","93921730","93922024","KN297452v1","1979430","1979725","35","91942300"
"chr9","94011178","94011465","KN296096v1","2440700","2440989","32","91570478"
"chr9","94361988","94362301","KN296000v1","1247118","1247423","38","93114870"
"chr9","94382853","94383145","KN295729v1","751374","751667","34","93631479"
"chr9","94538403","94538694","KN294548v1","598915","599213","37","93939488"
"chr9","94567678","94567976","KN294558v1","637670","637970","42","93930008"
"chr9","94574017","94574335","KN295090v1","1517745","1518055","41","93056272"
"chr9","94656448","94656747","KN294269v1","772756","773053","32","93883692"
"chr9","94731917","94732208","KN295854v1","1504180","1504481","41","93227737"
"chr9","94876487","94876765","KN296836v1","105717","105994","43","94770770"
"chr9","95009170","95009189","KN295152v1","573368","573383","5","94435802"
"chr9","95009496","95009660","KN296311v1","1013861","1014022","27","93995635"
"chr9","95024079","95024240","KN296430v1","705227","705382","32","94318852"
"chr9","95024270","95024387","KN294172v1","3927953","3928072","16","91096317"
"chr9","95039050","95039325","KN295666v1","197957","198241","32","94841093"
"chr9","95039369","95039384","KN295963v1","26249","26262","4","95013120"
"chr9","95068032","95068327","KN296019v1","372754","373052","56","94695278"
"chr9","95095009","95095321","KN296913v1","105296","105604","31","94989713"
"chr9","95097249","95097595","KN296062v1","1769718","1770072","86","93327531"
"chr9","95110525","95110830","KN296178v1","914617","914918","44","94195908"
"chr9","95113694","95113987","KN295907v1","2571118","2571412","38","92542576"
"chr9","95126471","95126773","KN295343v1","373896","374196","36","94752575"
"chr9","95215831","95215909","KN295550v1","498465","498533","17","94717366"
"chr9","95247719","95248012","KN294592v1","51794","52092","33","95195925"
"chr9","95331549","95331844","KN294462v1","540671","540960","38","94790878"
"chr9","95369236","95369523","KN296119v1","1332102","1332392","33","94037134"
"chr9","95397492","95397793","KN295236v1","2902206","2902512","34","92495286"
"chr9","95410556","95410866","KN294385v1","291689","291997","34","95118867"
"chr9","95421802","95422120","KN295096v1","1625375","1625686","48","93796427"
"chr9","95617851","95618145","KN295366v1","153538","153829","40","95464313"
"chr9","95664106","95664303","KN295930v1","42097","42287","24","95622009"
"chr9","95715309","95715595","KN294407v1","1988050","1988342","33","93727259"
"chr9","95738397","95738697","KN295744v1","235007","235306","37","95503390"
"chr9","95741080","95741365","KN295692v1","4021734","4022018","30","91719346"
"chr9","95744094","95744392","KN294439v1","265245","265540","37","95478849"
"chr9","95755439","95755724","KN297322v1","471577","471862","37","95283862"
"chr9","95764420","95764693","KN295350v1","1241887","1242168","57","94522533"
"chr9","95786938","95787219","KN296009v1","1376950","1377229","31","94409988"
"chr9","95797129","95797396","KN296242v1","694470","694734","40","95102659"
"chr9","95827457","95827761","KN294883v1","392954","393264","36","95434503"
"chr9","95875902","95876194","KN295974v1","690483","690778","37","95185419"
"chr9","95947260","95947552","KN295343v1","373896","374196","40","95573364"
"chr9","96067999","96068304","KN295294v1","244045","244353","39","95823954"
"chr9","96073383","96073683","KN294592v1","51794","52092","36","96021589"
"chr9","96201958","96202254","KN294571v1","1349003","1349300","36","94852955"
"chr9","96233924","96234223","KN295586v1","5713036","5713339","35","90520888"
"chr9","96292585","96292860","KN294372v1","2081363","2081636","32","94211222"
"chr9","96358091","96358380","KN297452v1","1979430","1979725","36","94378661"
"chr9","96365240","96365547","KN294939v1","362625","362926","37","96002615"
"chr9","96366868","96366950","KN295830v1","1273","1344","17","96365595"
"chr9","96367254","96367424","KN297154v1","211161","211330","31","96156093"
"chr9","96374627","96374913","KN294873v1","1460347","1460646","38","94914280"
"chr9","96400737","96401033","KN294991v1","1825632","1825927","30","94575105"
"chr9","96414629","96414921","KN295075v1","252071","252359","33","96162558"
"chr9","96508828","96509120","KN295962v1","2457159","2457455","35","94051669"
"chr9","97105096","97105430","KN296231v1","401194","401523","43","96703902"
"chr9","97264316","97264612","KN297452v1","1979430","1979725","37","95284886"
"chr9","98072783","98073079","KN296508v1","269178","269477","37","97803605"
"chr9","98211236","98211547","KN295803v1","710888","711199","16","97500348"
"chr9","98613215","98613516","KN295803v1","300507","300805","18","98312708"
"chr9","98779373","98779575","KN296859v1","1427369","1427572","46","97352004"
"chr9","98848897","98849183","KN295594v1","81743","82033","41","98767154"
"chr9","98946285","98946588","KN296035v1","35847","36146","11","98910438"
"chr9","99000212","99000510","KN296035v1","88956","89255","27","98911256"
"chr9","99205377","99205678","KN296035v1","293379","293678","14","98911998"
"chr9","99216021","99216276","KN296294v1","264932","265169","45","98951089"
"chr9","99302612","99302778","KN294451v1","850657","850819","24","98451955"
"chr9","99303077","99303210","KN296035v1","386640","386773","6","98916437"
"chr9","99460003","99460272","KN296035v1","552478","552756","24","98907525"
"chr9","99489317","99489648","KN296035v1","582174","582525","54","98907143"
"chr9","99566301","99566579","KN295343v1","292150","292431","43","99274151"
"chr9","99782774","99783098","KN296311v1","4780889","4781195","56","95001885"
"chr9","99837020","99837350","KN297050v1","132482","132813","67","99704538"
"chr9","99914418","99914701","KN295717v1","287965","288247","45","99626453"
"chr9","100100177","100100478","KN295854v1","1504180","1504481","42","98595997"
"chr9","100140441","100140721","KN294493v1","377513","377791","37","99762928"
"chr9","100500282","100500562","KN294570v1","191357","191629","44","100308925"
"chr9","100620713","100621014","KN294668v1","3660319","3660612","55","96960394"
"chr9","100652749","100653043","KN294172v1","4045851","4046145","46","96606898"
"chr9","100683453","100683757","KN295923v1","1430363","1430659","33","99253090"
"chr9","101187008","101187300","KN295236v1","5176018","5176310","35","96010990"
"chr9","101287325","101287619","KN296487v1","194550","194834","50","101092775"
"chr9","101310576","101310771","KN297032v1","308157","308361","31","101002419"
"chr9","101871862","101872156","KN294439v1","265245","265540","33","101606617"
"chr9","102179220","102179484","KN294842v1","1383208","1383481","44","100796012"
"chr9","102315316","102315593","KN294987v1","598695","598975","42","101716621"
"chr9","102645018","102645263","KN297038v1","132080","132318","34","102512938"
"chr9","102823989","102824296","KN296547v1","63110","63416","10","102760879"
"chr9","102864280","102864555","KN294592v1","567946","568227","37","102296334"
"chr9","102927289","102927579","KN296547v1","174751","175033","21","102752538"
"chr9","102989782","102990063","KN296547v1","235730","236011","24","102754052"
"chr9","103102280","103102322","KN295480v1","3316862","3316902","11","99785418"
"chr9","103102624","103102776","KN296495v1","1470532","1470683","22","101632092"
"chr9","103197543","103197840","KN296547v1","447348","447618","39","102750195"
"chr9","103391921","103392055","KN296547v1","644492","644626","13","102747429"
"chr9","103392361","103392525","KN296547v1","644921","645084","13","102747440"
"chr9","103525069","103525356","KN296547v1","799779","800066","20","102725290"
"chr9","103596226","103596525","KN296547v1","878735","879057","31","102717491"
"chr9","103955689","103955994","KN296547v1","1231688","1231998","19","102724001"
"chr9","104104136","104104445","KN296547v1","1383439","1383739","22","102720697"
"chr9","104227013","104227316","KN296547v1","1509134","1509435","13","102717879"
"chr9","104712308","104712512","KN294443v1","649310","649513","30","104062998"
"chr9","105059275","105059562","KN295988v1","186002","186294","38","104873273"
"chr9","105084651","105084800","KN297008v1","1491597","1491750","39","103593054"
"chr9","105091961","105092201","KN295988v1","218467","218709","10","104873494"
"chr9","105517748","105518061","KN295471v1","232855","233169","47","105284893"
"chr9","105518689","105518989","KN295988v1","652955","653254","16","104865734"
"chr9","105578304","105578488","KN296959v1","1152394","1152569","35","104425910"
"chr9","105580637","105580936","KN295988v1","715688","715970","25","104864949"
"chr9","105809505","105809798","KN295988v1","950530","950824","37","104858975"
"chr9","105815075","105815302","KN297154v1","1675971","1676200","27","104139104"
"chr9","105846738","105847038","KN295988v1","987595","987896","16","104859143"
"chr9","105902910","105903086","KN296296v1","24619","24786","28","105878291"
"chr9","105971018","105971308","KN295988v1","1112590","1112885","17","104858428"
"chr9","106346589","106346885","KN295988v1","1505481","1505782","17","104841108"
"chr9","106512793","106513093","KN295988v1","1671569","1671864","27","104841224"
"chr9","106617606","106617770","KN294451v1","850657","850819","27","105766949"
"chr9","106703695","106703984","KN295474v1","1685803","1686099","15","105017892"
"chr9","107088983","107089289","KN295474v1","1292727","1293025","26","105796256"
"chr9","107103441","107103647","KN294946v1","74320","74515","52","107029121"
"chr9","107131805","107132093","KN295474v1","1248919","1249206","15","105882886"
"chr9","107335776","107336083","KN295474v1","1039560","1039867","12","106296216"
"chr9","107710391","107710691","KN295474v1","653325","653634","24","107057066"
"chr9","107780805","107781112","KN295474v1","581342","581651","19","107199463"
"chr9","107985379","107985673","KN295474v1","366981","367277","13","107618398"
"chr9","108042733","108043031","KN295474v1","301214","301493","41","107741519"
"chr9","108077345","108077644","KN295474v1","267584","267863","31","107809761"
"chr9","108093020","108093328","KN295474v1","251877","252184","12","107841143"
"chr9","108188664","108188963","KN295474v1","148646","148944","8","108040018"
"chr9","108407491","108407738","KN296661v1","2087671","2087923","56","106319820"
"chr9","108576652","108576955","KN294499v1","899277","899580","29","107677375"
"chr9","108785516","108785788","KN295832v1","859272","859550","43","107926244"
"chr9","109765837","109766144","KN294591v1","140446","140730","68","109625391"
"chr9","109775653","109775959","KN296826v1","122558","122853","42","109653095"
"chr9","109803813","109804116","KN294970v1","974452","974753","34","108829361"
"chr9","109862233","109862548","KN295871v1","45640","45948","49","109816593"
"chr9","109883981","109884265","KN294619v1","236638","236931","41","109647343"
"chr9","110321781","110322077","KN296205v1","1047575","1047872","35","109274206"
"chr9","111029336","111029633","KN294933v1","696951","697243","40","110332385"
"chr9","111089424","111089714","KN296225v1","583797","584089","36","110505627"
"chr9","111130617","111130906","KN295962v1","2488019","2488313","39","108642598"
"chr9","111162428","111162586","KN296430v1","705227","705382","31","110457201"
"chr9","111527846","111528122","KN296036v1","1853371","1853650","44","109674475"
"chr9","111543500","111543810","KN295284v1","267335","267639","37","111276165"
"chr9","111552278","111552568","KN297452v1","1979430","1979725","28","109572848"
"chr9","111874545","111874849","KN297044v1","108239","108545","38","111766306"
"chr9","111878595","111878732","KN297008v1","6657903","6658047","29","105220692"
"chr9","111893455","111893759","KN297044v1","108239","108545","38","111785216"
"chr9","111906972","111907261","KN297452v1","1979430","1979725","42","109927542"
"chr9","111969886","111970145","KN294443v1","775134","775394","52","111194752"
"chr9","112008145","112008422","KN295869v1","572441","572731","44","111435704"
"chr9","112066198","112066499","KN295096v1","447120","447418","33","111619078"
"chr9","112082282","112082582","KN295854v1","1504180","1504481","27","110578102"
"chr9","112134979","112135286","KN295854v1","1504180","1504481","42","110630799"
"chr9","112263289","112263598","KN294385v1","291689","291997","40","111971600"
"chr9","112367421","112367711","KN297360v1","53891","54172","47","112313530"
"chr9","112389362","112389647","KN294911v1","1147756","1148045","43","111241606"
"chr9","112578911","112579212","KN294831v1","322663","322960","49","112256248"
"chr9","112684161","112684472","KN295090v1","1517745","1518055","38","111166416"
"chr9","112709860","112710029","KN294596v1","141115","141287","39","112568745"
"chr9","112721972","112722266","KN296958v1","337794","338086","35","112384178"
"chr9","112736931","112737233","KN295346v1","1790082","1790382","38","110946849"
"chr9","112754480","112754798","KN294172v1","6407720","6408021","45","106346760"
"chr9","112835624","112835933","KN295854v1","1504180","1504481","49","111331444"
"chr9","113559968","113560252","KN295405v1","157962","158246","36","113402006"
"chr9","113681212","113681417","KN294946v1","74320","74515","40","113606892"
"chr9","113869409","113869699","KN295943v1","803835","804126","17","113065574"
"chr9","114073123","114073461","KN296706v1","107919","108228","63","113965204"
"chr9","114129694","114129991","KN294991v1","1962985","1963288","45","112166709"
"chr9","114131776","114132093","KN294457v1","81039","81353","40","114050737"
"chr9","114153932","114154161","KN296783v1","1313083","1313335","48","112840849"
"chr9","114196022","114196322","KN294456v1","513291","513590","35","113682731"
"chr9","114247975","114248270","KN295820v1","879022","879311","36","113368953"
"chr9","114306754","114307060","KN296775v1","1087858","1088166","42","113218896"
"chr9","114644770","114645067","KN294806v1","654839","655140","45","113989931"
"chr9","114661665","114661977","KN295424v1","423225","423534","38","114238440"
"chr9","114668126","114668424","KN297203v1","885386","885683","32","113782740"
"chr9","114722333","114722494","KN296588v1","803622","803789","27","113918711"
"chr9","114807817","114808111","KN294790v1","17419","17714","14","114790398"
"chr9","114917779","114917969","KN296263v1","1162606","1162775","43","113755173"
"chr9","115434855","115435148","KN294790v1","640794","641086","11","114794061"
"chr9","115588113","115588327","KN294790v1","808923","809138","28","114779190"
"chr9","115705428","115705741","KN294790v1","925913","926232","12","114779515"
"chr9","116395894","116396167","KN294790v1","1636117","1636379","22","114759777"
"chr9","116404895","116405198","KN294790v1","1645392","1645693","23","114759503"
"chr9","116467350","116467659","KN294790v1","1708545","1708853","13","114758805"
"chr9","116515584","116515859","KN294790v1","1757263","1757538","27","114758321"
"chr9","116999691","116999999","KN294790v1","2251032","2251377","47","114748659"
"chr9","117058688","117058954","KN295893v1","436967","437230","62","116621721"
"chr9","117102002","117102147","KN294790v1","2350332","2350479","7","114751670"
"chr9","117102465","117102629","KN294790v1","2350797","2350969","11","114751668"
"chr9","117220935","117221246","KN294790v1","2471571","2471870","22","114749364"
"chr9","117426072","117426372","KN294790v1","2675727","2676032","19","114750345"
"chr9","117469131","117469431","KN294790v1","2726669","2726968","12","114742462"
"chr9","117495265","117495283","KN294213v1","437220","437234","7","117058045"
"chr9","117495897","117496067","KN296829v1","582931","583096","34","116912966"
"chr9","117514144","117514441","KN294790v1","2775886","2776188","23","114738258"
"chr9","117576219","117576520","KN296093v1","185428","185734","29","117390791"
"chr9","117716262","117716350","KN295349v1","47360","47457","43","117668902"
"chr9","117716351","117716649","KN297452v1","1979430","1979725","34","115736921"
"chr9","117716650","117716859","KN295045v1","1182493","1182695","67","116534157"
"chr9","117808971","117809275","KN294790v1","3070782","3071077","22","114738189"
"chr9","117816673","117816980","KN294790v1","3078194","3078497","16","114738479"
"chr9","117906408","117906715","KN294790v1","3168918","3169221","20","114737490"
"chr9","118072747","118073031","KN294790v1","3332053","3332352","30","114740694"
"chr9","118184633","118184920","KN294790v1","3453307","3453597","22","114731326"
"chr9","118534615","118534910","KN294790v1","3806584","3806878","9","114728031"
"chr9","118577035","118577307","KN294790v1","3847979","3848251","8","114729056"
"chr9","118822584","118822881","KN294790v1","4099784","4100085","18","114722800"
"chr9","119272116","119272410","KN294790v1","4553461","4553757","19","114718655"
"chr9","119345206","119345474","KN295964v1","43993","44262","50","119301213"
"chr9","119420280","119420575","KN294570v1","184409","184707","41","119235871"
"chr9","119529193","119529490","KN294790v1","4805760","4806058","19","114723433"
"chr9","119650130","119650433","KN296577v1","170798","171097","34","119479332"
"chr9","119689528","119689855","KN294790v1","4965383","4965703","19","114724145"
"chr9","119739673","119739972","KN294451v1","1164519","1164817","41","118575154"
"chr9","120026883","120027184","KN296247v1","460642","460944","33","119566241"
"chr9","120047327","120047619","KN294790v1","5325410","5325702","10","114721917"
"chr9","120126244","120126546","KN295586v1","2948702","2949014","41","117177542"
"chr9","120153109","120153223","KN294790v1","5437679","5437793","3","114715430"
"chr9","120153257","120153421","KN294790v1","5437842","5437990","20","114715415"
"chr9","120393951","120394148","KN294571v1","2367043","2367240","39","118026908"
"chr9","120967744","120968052","KN294790v1","6293806","6294116","15","114673938"
"chr9","120978368","120978643","KN294790v1","6304468","6304742","14","114673900"
"chr9","121588031","121588333","KN296079v1","1016819","1017116","43","120571212"
"chr9","121591611","121591924","KN294790v1","6933960","6934269","16","114657651"
"chr9","121606783","121607092","KN294790v1","6948920","6949228","20","114657863"
"chr9","122605430","122605738","KN296484v1","1024460","1024770","45","121580970"
"chr9","122707589","122707750","KN296086v1","825589","825753","45","121882000"
"chr9","122746399","122746700","KN294399v1","115875","116174","38","122630524"
"chr9","122750154","122750456","KN295744v1","235007","235306","34","122515147"
"chr9","122884732","122885073","KN295633v1","286635","286949","60","122598097"
"chr9","123410828","123411120","KN294991v1","1558581","1558873","47","121852247"
"chr9","124158035","124158383","KN297113v1","139003","139332","67","124019032"
"chr9","124636535","124636705","KN297274v1","727384","727550","32","123909151"
"chr9","124936513","124936689","KN295814v1","1118418","1118576","45","123818095"
"chr9","124949742","124950006","KN294897v1","138774","139038","11","124810968"
"chr9","125027018","125027324","KN294897v1","60460","60763","13","124966558"
"chr9","125552712","125553001","KN296836v1","951909","952194","47","124600803"
"chrX","77070114","77070418","KN295404v1","118269","118562","28","76951845"
"chrX","4919","5219","KN294592v1","1387856","1388155","35","1382937"
"chrX","29327","29629","KN295735v1","1152094","1152384","26","1122767"
"chrX","43711","44021","KN295735v1","1177134","1177446","25","1133423"
"chrX","55038","55349","KN294499v1","2542984","2543291","38","2487946"
"chrX","94729","95017","KN295075v1","252071","252359","28","157342"
"chrX","171192","171489","KN294187v1","1767651","1767950","37","1596459"
"chrX","223193","223483","KN295075v1","252071","252359","25","28878"
"chrX","240191","240494","KN295735v1","1386778","1387085","33","1146587"
"chrX","251027","251308","KN295735v1","1400196","1400477","20","1149169"
"chrX","260954","261252","KN295735v1","1411168","1411465","27","1150214"
"chrX","278628","278909","KN294506v1","235047","235332","29","43581"
"chrX","280943","281236","KN296079v1","3084734","3085029","33","2803791"
"chrX","395096","395398","KN295470v1","272474","272776","41","122622"
"chrX","406556","406847","KN295735v1","1565314","1565609","21","1158758"
"chrX","481842","482105","KN294470v1","1143711","1143977","42","661869"
"chrX","516327","516636","KN297452v1","1979430","1979725","38","1463103"
"chrX","791195","791508","KN296096v1","3057578","3057885","45","2266383"
"chrX","812825","813127","KN294842v1","345731","346031","36","467094"
"chrX","853327","853526","KN294571v1","2367043","2367240","48","1513716"
"chrX","869581","869879","KN296464v1","396714","397026","30","472867"
"chrX","880451","880766","KN296158v1","1695324","1695634","43","814873"
"chrX","908014","908339","KN296464v1","360854","361166","30","547160"
"chrX","964273","964518","KN297264v1","52862","53109","41","911411"
"chrX","966660","966998","KN295854v1","1504180","1504481","69","537520"
"chrX","967058","967299","KN294193v1","242451","242697","39","724607"
"chrX","1188105","1188407","KN294813v1","87773","88073","38","1100332"
"chrX","2065217","2065387","KN296086v1","825589","825753","38","1239628"
"chrX","2197229","2197534","KN296380v1","7066","7372","31","2190163"
"chrX","3045299","3045607","KN294825v1","559277","559583","39","2486022"
"chrX","3240859","3241168","KN297008v1","4164826","4165136","35","923967"
"chrX","3265662","3265959","KN296378v1","801237","801534","33","2464425"
"chrX","3470458","3470604","KN297274v1","2172941","2173098","41","1297517"
"chrX","4163102","4163254","KN295294v1","769026","769186","29","3394076"
"chrX","4255153","4255453","KN294813v1","87773","88073","35","4167380"
"chrX","4702301","4702605","KN295414v1","207877","208186","28","4494424"
"chrX","4712107","4712405","KN296879v1","1342958","1343259","68","3369149"
"chrX","4788431","4788628","KN294404v1","154424","154626","46","4634007"
"chrX","4808553","4808838","KN296365v1","1327132","1327416","52","3481421"
"chrX","4811342","4811494","KN295814v1","1118418","1118576","34","3692924"
"chrX","5192329","5192587","KN295294v1","267205","267470","51","4925124"
"chrX","5432121","5432419","KN295258v1","76079","76365","44","5356042"
"chrX","6186805","6187093","KN296108v1","735240","735530","42","5451565"
"chrX","6882927","6883227","KN295500v1","139026","139326","14","6743901"
"chrX","6963375","6963670","KN295500v1","73923","74227","31","6889452"
"chrX","7517674","7517991","KN294470v1","853499","853808","43","6664175"
"chrX","7783601","7783905","KN296145v1","3219494","3219793","34","4564107"
"chrX","7886771","7886914","KN296320v1","206630","206772","27","7680141"
"chrX","7896799","7897104","KN294385v1","767967","768276","40","7128832"
"chrX","7910646","7910944","KN294399v1","115875","116174","35","7794771"
"chrX","8301188","8301497","KN295930v1","122697","123007","39","8178491"
"chrX","8411966","8411991","KN296139v1","69081","69102","7","8342885"
"chrX","8412028","8412291","KN295828v1","1095001","1095277","39","7317027"
"chrX","8427120","8427392","KN297083v1","773279","773550","50","7653841"
"chrX","9136136","9136490","KN295424v1","108033","108373","67","9028103"
"chrX","9736496","9736735","KN294226v1","5400","5644","33","9731096"
"chrX","10566074","10566353","KN294987v1","598695","598975","43","9967379"
"chrX","10930502","10930767","KN295753v1","245053","245324","18","10685449"
"chrX","11299299","11299586","KN296557v1","548990","549285","35","10750309"
"chrX","11633269","11633563","KN294539v1","2455467","2455768","39","9177802"
"chrX","12142272","12142575","KN296380v1","7066","7372","31","12135206"
"chrX","12276081","12276301","KN297133v1","766533","766742","36","11509548"
"chrX","12602209","12602510","KN294964v1","864674","864972","37","11737535"
"chrX","12724257","12724564","KN295102v1","249012","249316","31","12475245"
"chrX","12748047","12748344","KN296761v1","97995","98298","31","12650052"
"chrX","12869024","12869346","KN296795v1","1652879","1653197","40","11216145"
"chrX","13735559","13735693","KN295171v1","774709","774836","25","12960850"
"chrX","13809546","13809849","KN296004v1","439536","439842","15","13370010"
"chrX","13828030","13828418","KN296795v1","444503","444866","117","13383527"
"chrX","13851582","13851898","KN296004v1","398217","398517","24","13453365"
"chrX","13870543","13870770","KN294407v1","786896","787127","35","13083647"
"chrX","13897743","13898036","KN296004v1","353630","353936","25","13544113"
"chrX","14035579","14035742","KN296311v1","1013861","1014022","24","13021718"
"chrX","14173123","14173436","KN296004v1","84504","84798","56","14088619"
"chrX","14205295","14205596","KN296004v1","19966","20275","18","14185329"
"chrX","14375075","14375396","KN296484v1","1024460","1024770","45","13350615"
"chrX","14540414","14540721","KN297044v1","108239","108545","39","14432175"
"chrX","14968147","14968445","KN296481v1","7750","8055","30","14960397"
"chrX","15131714","15132127","KN296153v1","2151310","2151674","107","12980404"
"chrX","15145666","15145957","KN296481v1","205477","205769","10","14940189"
"chrX","15181703","15182001","KN296481v1","245036","245337","17","14936667"
"chrX","15207051","15207321","KN294372v1","2081363","2081636","33","13125688"
"chrX","15233202","15233495","KN296481v1","299554","299855","18","14933648"
"chrX","15244180","15244477","KN297452v1","1979430","1979725","33","13264750"
"chrX","15259374","15259668","KN296481v1","326170","326465","15","14933204"
"chrX","15284394","15284678","KN296079v1","3084734","3085029","44","12199660"
"chrX","15306186","15306494","KN296481v1","370716","371027","21","14935470"
"chrX","15488754","15489084","KN295988v1","1671569","1671864","84","13817185"
"chrX","15663979","15664281","KN294399v1","115875","116174","38","15548104"
"chrX","15679416","15679698","KN294987v1","598695","598975","36","15080721"
"chrX","15758297","15758600","KN296119v1","3556005","3556313","34","12202292"
"chrX","16088891","16089225","KN296231v1","401194","401523","51","15687697"
"chrX","16433685","16433992","KN296119v1","3719343","3719648","37","12714342"
"chrX","16641348","16641589","KN295397v1","32548","32789","10","16608800"
"chrX","16693953","16694121","KN294980v1","230782","230955","34","16463171"
"chrX","16798561","16798714","KN295814v1","1118418","1118576","33","15680143"
"chrX","16804305","16804607","KN296093v1","185428","185734","34","16618877"
"chrX","16814123","16814425","KN294399v1","296926","297229","37","16517197"
"chrX","16854888","16855068","KN294911v1","1999827","2000000","65","14855061"
"chrX","16855421","16855581","KN294842v1","167464","167629","25","16687957"
"chrX","16904655","16904979","KN294218v1","2054777","2055092","59","14849878"
"chrX","16922161","16922461","KN294416v1","722100","722398","30","16200061"
"chrX","17260196","17260487","KN295594v1","81743","82033","12","17178453"
"chrX","17286182","17286478","KN297452v1","1979430","1979725","29","15306752"
"chrX","17288158","17288447","KN294172v1","6035473","6035763","42","11252685"
"chrX","17416321","17416626","KN295594v1","237399","237688","26","17178922"
"chrX","17438554","17438868","KN294558v1","506303","506623","33","16932251"
"chrX","17557698","17557959","KN296372v1","2000","2265","40","17555698"
"chrX","17682609","17682867","KN294269v1","1170294","1170536","55","16512315"
"chrX","17721386","17721686","KN294451v1","1164519","1164817","42","16556867"
"chrX","17729914","17730208","KN296732v1","3134128","3134421","44","14595786"
"chrX","17773988","17774156","KN296311v1","1013861","1014022","25","16760127"
"chrX","17971731","17971916","KN294809v1","338554","338741","34","17633177"
"chrX","18002485","18002681","KN294416v1","523339","523527","28","17479146"
"chrX","18145942","18146244","KN295854v1","1768103","1768407","32","16377839"
"chrX","18273047","18273345","KN296826v1","122558","122853","27","18150489"
"chrX","18347766","18347931","KN294451v1","850657","850819","24","17497109"
"chrX","18441613","18441893","KN296485v1","447446","447718","39","17994167"
"chrX","18451274","18451586","KN294373v1","1674210","1674522","55","16777064"
"chrX","18498022","18498311","KN294513v1","521637","521930","38","17976385"
"chrX","18502561","18502865","KN297327v1","443424","443727","43","18059137"
"chrX","18556380","18556561","KN296119v1","3355213","3355396","44","15201167"
"chrX","18767061","18767366","KN294499v1","2542984","2543291","44","16224077"
"chrX","18872660","18872967","KN295157v1","240714","241018","44","18631946"
"chrX","19263057","19263394","KN294536v1","1166329","1166654","58","18096728"
"chrX","19358061","19358317","KN295533v1","879003","879251","44","18479058"
"chrX","19821064","19821356","KN296526v1","444053","444349","16","19377011"
"chrX","19924232","19924531","KN296526v1","334303","334612","17","19589929"
"chrX","20221330","20221640","KN296526v1","33090","33393","16","20188240"
"chrX","20336172","20336488","KN294510v1","104913","105218","49","20231259"
"chrX","20702854","20703135","KN294521v1","193032","193313","10","20509822"
"chrX","21503921","21504217","KN295591v1","633811","634109","36","20870110"
"chrX","22122218","22122518","KN295923v1","1430363","1430659","36","20691855"
"chrX","22177860","22178157","KN294439v1","265245","265540","14","21912615"
"chrX","22201371","22201679","KN296004v1","353630","353936","27","21847741"
"chrX","22218798","22218992","KN295236v1","4802595","4802791","40","17416203"
"chrX","22242394","22242570","KN295573v1","713773","713957","35","21528621"
"chrX","22307295","22307490","KN297028v1","846029","846220","29","21461266"
"chrX","22307993","22308161","KN297154v1","211161","211330","26","22096832"
"chrX","22310988","22311284","KN295717v1","153364","153650","45","22157624"
"chrX","22311316","22311352","KN295708v1","999182","999218","10","21312134"
"chrX","22354751","22354933","KN295045v1","1182493","1182695","48","21172258"
"chrX","22389531","22389862","KN297047v1","608166","608490","51","21781365"
"chrX","22396572","22396866","KN295420v1","372108","372400","39","22024464"
"chrX","22429956","22430259","KN296380v1","7066","7372","35","22422890"
"chrX","22431791","22432087","KN297452v1","1979430","1979725","33","20452361"
"chrX","22439480","22439773","KN296296v1","66249","66543","33","22373231"
"chrX","22529281","22529563","KN294456v1","1400896","1401175","46","21128385"
"chrX","22556167","22556466","KN295459v1","603887","604184","35","21952280"
"chrX","22567890","22568200","KN295284v1","267335","267639","42","22300555"
"chrX","22656076","22656387","KN295091v1","924044","924353","35","21732032"
"chrX","22671240","22671532","KN294172v1","1462531","1462825","33","21208709"
"chrX","22819330","22819624","KN296096v1","2440700","2440989","32","20378630"
"chrX","22976627","22976921","KN296620v1","947748","948045","30","22028879"
"chrX","23233889","23234064","KN294378v1","1680015","1680191","39","21553874"
"chrX","23856865","23857166","KN296145v1","3242116","3242420","33","20614749"
"chrX","24107681","24107979","KN294346v1","289584","289884","38","23818097"
"chrX","24454694","24454971","KN295362v1","113903","114168","39","24340791"
"chrX","24971309","24971609","KN297008v1","6810598","6810900","33","18160711"
"chrX","25179100","25179390","KN295366v1","137020","137320","39","25042080"
"chrX","25288139","25288442","KN295282v1","356744","357051","17","24931395"
"chrX","25323025","25323326","KN297044v1","108239","108545","42","25214786"
"chrX","25352178","25352474","KN295150v1","80996","81293","45","25271182"
"chrX","25515919","25516235","KN295282v1","128897","129207","41","25387022"
"chrX","25777737","25778042","KN295352v1","1304755","1305052","40","24472982"
"chrX","26185531","26185819","KN295955v1","140708","141006","19","26044823"
"chrX","26399060","26399368","KN296118v1","71022","71329","16","26328038"
"chrX","26649101","26649262","KN295814v1","1118418","1118576","28","25530683"
"chrX","26801451","26801769","KN295343v1","373896","374196","43","26427555"
"chrX","26914035","26914195","KN296119v1","2489997","2490161","41","24424038"
"chrX","26930743","26931016","KN294991v1","207171","207449","38","26723572"
"chrX","27145530","27145692","KN295294v1","769026","769186","27","26376504"
"chrX","27334218","27334387","KN296829v1","582931","583096","38","26751287"
"chrX","27824114","27824364","KN296100v1","191564","191827","59","27632550"
"chrX","27824431","27824722","KN294499v1","114042","114335","31","27710389"
"chrX","27840086","27840395","KN294513v1","681816","682125","39","27158270"
"chrX","27849902","27850196","KN295962v1","674128","674422","34","27175774"
"chrX","28060389","28060538","KN296495v1","1470532","1470683","32","26589857"
"chrX","28157107","28157297","KN296473v1","44423","44611","13","28112684"
"chrX","28635572","28635721","KN297008v1","6657903","6658047","26","21977669"
"chrX","28736572","28736888","KN295523v1","2988648","2988968","37","25747924"
"chrX","28830006","28830298","KN295075v1","252071","252359","33","28577935"
"chrX","28978939","28979359","KN294372v1","2148036","2148414","106","26830903"
"chrX","28997761","28997921","KN294187v1","1542649","1542810","24","27455112"
"chrX","29068680","29069028","KN296426v1","740411","740728","72","28328269"
"chrX","29081313","29081594","KN294407v1","1565517","1565792","34","27515796"
"chrX","29096659","29096954","KN294378v1","1042916","1043212","34","28053743"
"chrX","29150144","29150441","KN295984v1","3141945","3142247","39","26008199"
"chrX","29507480","29507775","KN294726v1","110842","111126","58","29396638"
"chrX","29560598","29560905","KN294372v1","1311490","1311797","40","28249108"
"chrX","29920644","29920955","KN297044v1","108239","108545","33","29812405"
"chrX","30209461","30209764","KN296936v1","34202","34504","15","30175259"
"chrX","30534182","30534465","KN295294v1","1790271","1790554","39","28743911"
"chrX","31013008","31013299","KN295017v1","66028","66319","12","30946980"
"chrX","31206544","31206853","KN294982v1","66216","66511","25","31140328"
"chrX","31308682","31308956","KN294570v1","191357","191629","34","31117325"
"chrX","31341330","31341636","KN294456v1","348346","348646","46","30992984"
"chrX","31615851","31616035","KN296096v1","3761145","3761324","34","27854706"
"chrX","31616359","31616656","KN296157v1","2131007","2131303","30","29485352"
"chrX","32063114","32063418","KN294520v1","1300419","1300723","37","30762695"
"chrX","32517667","32517839","KN296153v1","2696247","2696418","40","29821420"
"chrX","33120050","33120327","KN294407v1","212417","212687","50","32907633"
"chrX","33150726","33151026","KN296606v1","102773","103087","30","33047953"
"chrX","33491992","33492029","KN296316v1","148146","148173","18","33343846"
"chrX","33720264","33720564","KN296609v1","1410682","1410982","34","32309582"
"chrX","34127534","34127843","KN296119v1","3556005","3556313","40","30571529"
"chrX","34248962","34249260","KN296079v1","1016819","1017116","39","33232143"
"chrX","34450371","34450681","KN296484v1","1024460","1024770","37","33425911"
"chrX","34585250","34585525","KN296311v1","5951628","5951900","38","28633622"
"chrX","35010598","35010853","KN295906v1","146901","147160","36","34863697"
"chrX","35061975","35062266","KN297047v1","4500385","4500680","38","30561590"
"chrX","35092587","35092858","KN296702v1","600121","600396","47","34492466"
"chrX","35421493","35421784","KN294991v1","1558581","1558873","38","33862912"
"chrX","36932953","36933258","KN295459v1","256997","257291","26","36675956"
"chrX","37279568","37279878","KN295459v1","603887","604184","22","36675681"
"chrX","37390883","37391153","KN295459v1","712819","713089","13","36678064"
"chrX","37397150","37397464","KN294883v1","392954","393264","41","37004196"
"chrX","37465743","37465897","KN295814v1","1118418","1118576","33","36347325"
"chrX","37500270","37500563","KN295459v1","806026","806321","16","36694244"
"chrX","37649090","37649385","KN295459v1","963595","963865","32","36685495"
"chrX","37684245","37684541","KN295459v1","998675","998972","10","36685570"
"chrX","37891204","37891364","KN294187v1","1542649","1542810","28","36348555"
"chrX","38062708","38063010","KN296093v1","185428","185734","33","37877280"
"chrX","38175395","38175694","KN295459v1","1522472","1522771","9","36652923"
"chrX","38181072","38181245","KN294842v1","740895","741078","41","37440177"
"chrX","38246986","38247281","KN295459v1","1589959","1590253","11","36657027"
"chrX","38258625","38258863","KN295459v1","1601980","1602229","35","36656645"
"chrX","38288636","38288796","KN296430v1","705227","705382","24","37583409"
"chrX","38394800","38395099","KN295343v1","373896","374196","30","38020904"
"chrX","38463055","38463343","KN294187v1","907689","907968","52","37555366"
"chrX","38479146","38479448","KN296406v1","89863","90166","20","38389283"
"chrX","38500108","38500305","KN295045v1","1182493","1182695","42","37317615"
"chrX","38551964","38552258","KN295080v1","120776","121074","36","38431188"
"chrX","38595099","38595386","KN296406v1","193339","193632","22","38401760"
"chrX","38616786","38617082","KN296406v1","216139","216439","13","38400647"
"chrX","38642056","38642345","KN296406v1","242135","242404","29","38399921"
"chrX","39138415","39138772","KN294536v1","1166329","1166654","67","37972086"
"chrX","39273966","39274271","KN294520v1","1300419","1300723","34","37973547"
"chrX","40126614","40126909","KN295962v1","375746","376041","37","39750868"
"chrX","40283246","40283508","KN294508v1","89069","89334","42","40194177"
"chrX","40473456","40473764","KN297153v1","845269","845578","43","39628187"
"chrX","40653360","40653652","KN296108v1","735240","735530","40","39918120"
"chrX","40749958","40750152","KN297312v1","464912","465094","28","40285046"
"chrX","40794356","40794657","KN296806v1","78148","78452","30","40716208"
"chrX","40962118","40962405","KN296386v1","236314","236606","38","40725804"
"chrX","41223929","41224181","KN296905v1","49619","49882","40","41174310"
"chrX","41247405","41247574","KN296905v1","73014","73184","20","41174391"
"chrX","41469410","41469696","KN295117v1","43422","43714","16","41425988"
"chrX","41562863","41563173","KN295117v1","143863","144170","23","41419000"
"chrX","41682743","41683038","KN294747v1","866490","866789","33","40816253"
"chrX","41697233","41697532","KN297452v1","1979430","1979725","28","39717803"
"chrX","41724544","41724849","KN294883v1","392954","393264","29","41331590"
"chrX","41856086","41856422","KN297050v1","132482","132813","21","41723604"
"chrX","41963305","41963603","KN297159v1","2909102","2909401","31","39054203"
"chrX","41978765","41979073","KN297050v1","13747","14056","12","41965018"
"chrX","41987575","41987771","KN294571v1","2367043","2367240","31","39620532"
"chrX","42015461","42015649","KN297442v1","1675403","1675576","44","40340058"
"chrX","42015684","42015702","KN294443v1","170714","170724","16","41844970"
"chrX","42015730","42015855","KN295995v1","71301","71424","13","41944429"
"chrX","42019181","42019501","KN296847v1","32173","32490","45","41987008"
"chrX","42110206","42110452","KN294561v1","1532954","1533202","49","40577252"
"chrX","42140156","42140461","KN296495v1","1209717","1210015","35","40930439"
"chrX","42162015","42162292","KN296036v1","594167","594437","46","41567848"
"chrX","42168377","42168675","KN294582v1","148271","148567","44","42020106"
"chrX","42183350","42183517","KN297154v1","1695463","1695633","36","40487887"
"chrX","42278718","42279015","KN295974v1","690483","690778","38","41588235"
"chrX","42453366","42453659","KN295962v1","2457159","2457455","36","39996207"
"chrX","42806801","42807096","KN295319v1","23766","24059","38","42783035"
"chrX","43258105","43258411","KN295202v1","332398","332708","39","42925707"
"chrX","43378578","43378740","KN294451v1","850657","850819","26","42527921"
"chrX","43431788","43432093","KN294850v1","121634","121934","35","43310154"
"chrX","43571110","43571416","KN294457v1","218022","218318","42","43353088"
"chrX","43595032","43595339","KN297133v1","1098591","1098895","40","42496441"
"chrX","44041587","44041750","KN297112v1","2529951","2530122","30","41511636"
"chrX","44278386","44278689","KN297276v1","325552","325861","41","43952834"
"chrX","44335978","44336275","KN296019v1","49581","49869","21","44286397"
"chrX","44478796","44479107","KN295893v1","5868387","5868693","34","38610409"
"chrX","44491906","44492201","KN296019v1","204115","204457","60","44287791"
"chrX","44568302","44568602","KN296019v1","296172","296462","21","44272130"
"chrX","44646806","44647104","KN296019v1","372754","373052","18","44274052"
"chrX","44727842","44727967","KN295962v1","1342705","1342815","39","43385137"
"chrX","44867536","44867850","KN297044v1","108239","108545","35","44759297"
"chrX","44936831","44937135","KN294161v1","418646","418945","36","44518185"
"chrX","44980103","44980400","KN294592v1","51794","52092","35","44928309"
"chrX","45145228","45145525","KN295962v1","674128","674422","32","44471100"
"chrX","45163667","45163851","KN294809v1","338554","338741","28","44825113"
"chrX","45301813","45302131","KN296036v1","1696646","1696968","50","43605167"
"chrX","45358255","45358511","KN296138v1","307856","308112","43","45050399"
"chrX","45369386","45369682","KN297165v1","3392347","3392649","37","41977039"
"chrX","45396554","45396854","KN296751v1","30711","31012","12","45365843"
"chrX","45415152","45415427","KN296751v1","12323","12595","11","45402829"
"chrX","45448851","45449128","KN295501v1","506527","506803","46","44942324"
"chrX","45459212","45459517","KN297044v1","108239","108545","39","45350973"
"chrX","45586131","45586407","KN297112v1","6395083","6395364","40","39191048"
"chrX","45654766","45655046","KN295102v1","336832","337130","28","45317934"
"chrX","45673570","45673872","KN295102v1","316293","316582","62","45357277"
"chrX","45695343","45695643","KN295102v1","295497","295797","21","45399846"
"chrX","45733038","45733348","KN295102v1","249012","249316","14","45484026"
"chrX","45745855","45746165","KN296380v1","7066","7372","36","45738789"
"chrX","45816318","45816483","KN296486v1","1714803","1714969","24","44101515"
"chrX","45818880","45819176","KN295102v1","157119","157420","10","45661761"
"chrX","45864898","45865049","KN295294v1","769026","769186","26","45095872"
"chrX","45991194","45991449","KN296138v1","307856","308112","33","45683338"
"chrX","45998747","45999050","KN295366v1","24521","24822","11","45974226"
"chrX","46024386","46024634","KN295533v1","879003","879251","37","45145383"
"chrX","46025236","46025536","KN296921v1","1978818","1979096","49","44046418"
"chrX","46113589","46113886","KN295366v1","137020","137320","14","45976569"
"chrX","46128938","46129132","KN294416v1","523339","523527","19","45605599"
"chrX","46131595","46131786","KN294946v1","74320","74515","41","46057275"
"chrX","46139132","46139431","KN295366v1","163937","164241","20","45975195"
"chrX","46149342","46149639","KN295366v1","174505","174811","36","45974837"
"chrX","46171533","46171842","KN296153v1","750041","750344","43","45421492"
"chrX","46178992","46179296","KN295366v1","209875","210171","16","45969117"
"chrX","46219062","46219359","KN296828v1","229290","229585","37","45989772"
"chrX","46227454","46227788","KN295366v1","258887","259195","37","45968567"
"chrX","46231419","46231700","KN297112v1","6395083","6395364","29","39836336"
"chrX","46403583","46403875","KN295366v1","431906","432201","12","45971677"
"chrX","46435083","46435362","KN294213v1","437268","437550","33","45997815"
"chrX","46472915","46473208","KN297125v1","5396","5686","12","46467519"
"chrX","46473240","46473253","KN297125v1","5716","5730","1","46467524"
"chrX","47008796","47009042","KN295074v1","95886","96127","35","46912910"
"chrX","47068035","47068311","KN294761v1","686020","686296","42","46382015"
"chrX","47352186","47352480","KN297203v1","885386","885683","35","46466800"
"chrX","47378770","47379055","KN294705v1","870227","870507","41","46508543"
"chrX","47392220","47392530","KN294499v1","2542984","2543291","32","44849236"
"chrX","47646634","47646940","KN294933v1","175658","175970","42","47470976"
"chrX","48287635","48287941","KN294493v1","63494","63797","46","48224141"
"chrX","48510110","48510121","KN295963v1","26249","26262","3","48483861"
"chrX","48510160","48510440","KN294257v1","1004902","1005180","38","47505258"
"chrX","48510802","48511099","KN295705v1","1984615","1984913","39","46526187"
"chrX","48779084","48779251","KN295891v1","15512","15692","36","48763572"
"chrX","48978256","48978533","KN297094v1","123087","123370","33","48855169"
"chrX","49129168","49129491","KN296430v1","264026","264350","54","48865142"
"chrX","49492923","49493085","KN296486v1","1714803","1714969","22","47778120"
"chrX","49505103","49505320","KN295744v1","341533","341750","11","49163570"
"chrX","49525037","49525349","KN296319v1","688029","688339","47","48837008"
"chrX","49527293","49527579","KN295257v1","348260","348541","38","49179033"
"chrX","49604743","49605037","KN295744v1","238064","238363","16","49366679"
"chrX","49607568","49607866","KN295744v1","235007","235306","14","49372561"
"chrX","49635689","49635967","KN295744v1","206163","206441","7","49429526"
"chrX","49783210","49783468","KN296138v1","307856","308112","30","49475354"
"chrX","49850068","49850337","KN296754v1","238464","238735","43","49611604"
"chrX","49880764","49881057","KN295533v1","1124359","1124653","39","48756405"
"chrX","49911259","49911546","KN294326v1","427946","428232","44","49483313"
"chrX","50083966","50084259","KN296296v1","66249","66543","33","50017717"
"chrX","50412142","50412446","KN296266v1","138052","138359","12","50274090"
"chrX","50446111","50446392","KN296266v1","101339","101627","17","50344772"
"chrX","50466384","50466602","KN297032v1","308157","308361","45","50158227"
"chrX","50514974","50515279","KN296266v1","21722","22026","10","50493252"
"chrX","50520543","50520792","KN296266v1","16134","16379","14","50504409"
"chrX","50886961","50887263","KN294922v1","720408","720710","40","50166553"
"chrX","51134736","51135047","KN295871v1","331774","332077","40","50802962"
"chrX","51310264","51310548","KN294611v1","47934","48215","18","51262330"
"chrX","51964950","51965251","KN294668v1","4045257","4045554","36","47919693"
"chrX","52555664","52555967","KN296510v1","7528","7831","16","52548136"
"chrX","52683553","52683842","KN295746v1","236127","236417","44","52447426"
"chrX","53336630","53336926","KN295586v1","5261625","5261919","42","48075005"
"chrX","53355325","53355600","KN294187v1","140872","141146","48","53214453"
"chrX","53620839","53621152","KN295370v1","158761","159092","28","53462078"
"chrX","53671383","53671661","KN295370v1","102756","103034","14","53568627"
"chrX","53963588","53963896","KN294151v1","42602","42912","22","53920986"
"chrX","54861218","54861521","KN295667v1","2142758","2143066","24","52718460"
"chrX","55605822","55606127","KN296380v1","7066","7372","33","55598756"
"chrX","55609338","55609638","KN295995v1","842797","843100","46","54766541"
"chrX","55686824","55687123","KN297032v1","13067","13369","30","55673757"
"chrX","55717254","55717555","KN295650v1","2128","2421","44","55715126"
"chrX","55729110","55729403","KN296153v1","3956819","3957110","37","51772291"
"chrX","55751896","55752193","KN294991v1","1379808","1380111","33","54372088"
"chrX","55774110","55774393","KN295758v1","372014","372298","39","55402096"
"chrX","55788687","55788990","KN294607v1","37602","37903","17","55751085"
"chrX","57002019","57002294","KN295443v1","4757","5049","33","56997262"
"chrX","57321235","57321567","KN294346v1","313844","314182","63","57007391"
"chrX","57717667","57717958","KN297038v1","1342257","1342550","37","56375410"
"chrX","58216289","58216574","KN294966v1","42873","43168","22","58173416"
"chrX","58268334","58268644","KN294513v1","681816","682125","38","57586518"
"chrX","58344077","58344371","KN295744v1","235007","235306","39","58109070"
"chrX","58461248","58461522","KN296623v1","247083","247368","40","58214165"
"chrX","59117641","59117914","KN296009v1","1376950","1377229","30","57740691"
"chrX","59203950","59204238","KN295244v1","639601","639887","10","58564349"
"chrX","60141001","60141302","KN296119v1","4889581","4889883","35","55251420"
"chrX","60164818","60165119","KN294922v1","720408","720710","34","59444410"
"chrX","60242543","60242847","KN295666v1","791747","792057","40","59450796"
"chrX","60296498","60296800","KN295343v1","373896","374196","32","59922602"
"chrX","60505315","60505607","KN297016v1","70076","70353","27","60435239"
"chrX","60690424","60690600","KN296589v1","94892","95068","31","60595532"
"chrX","60749953","60750258","KN297322v1","1320329","1320630","35","59429624"
"chrX","60864220","60864399","KN296959v1","1152394","1152569","31","59711826"
"chrX","60881291","60881601","KN294592v1","922102","922412","37","59959189"
"chrX","60882649","60882980","KN294499v1","2542984","2543291","60","58339665"
"chrX","61016258","61016563","KN296481v1","326170","326465","38","60690088"
"chrX","61056871","61057182","KN296391v1","36675","36982","29","61020196"
"chrX","61094295","61094564","KN296153v1","2714156","2714436","60","58380139"
"chrX","61167513","61167710","KN294187v1","2091893","2092085","41","59075620"
"chrX","61174688","61174995","KN295923v1","1617056","1617358","30","59557632"
"chrX","61212929","61213215","KN296263v1","1248040","1248330","42","59964889"
"chrX","61260237","61260550","KN295294v1","2747448","2747758","38","58512789"
"chrX","61389360","61389652","KN294668v1","2003347","2003642","33","59386013"
"chrX","61436204","61436364","KN294187v1","1542649","1542810","30","59893555"
"chrX","61450126","61450325","KN297032v1","308157","308361","40","61141969"
"chrX","61510535","61510645","KN295171v1","774709","774836","38","60735826"
"chrX","61510646","61510939","KN294592v1","51794","52092","35","61458852"
"chrX","61982636","61982896","KN294218v1","2112945","2113194","47","59869691"
"chrX","62038638","62038936","KN297276v1","217994","218292","10","61820644"
"chrX","62147698","62148008","KN297276v1","325552","325861","14","61822146"
"chrX","62324971","62325275","KN295405v1","1443487","1443795","41","60881484"
"chrX","62389680","62389847","KN297154v1","1695463","1695633","24","60694217"
"chrX","62525524","62525804","KN296826v1","122558","122853","24","62402966"
"chrX","62541987","62542298","KN296426v1","740411","740728","45","61801576"
"chrX","62590965","62591296","KN296328v1","54219","54520","43","62536746"
"chrX","62813390","62813702","KN297044v1","108239","108545","46","62705151"
"chrX","63503649","63503957","KN295439v1","119599","119900","14","63384050"
"chrX","63543428","63543635","KN295356v1","1621114","1621333","55","61922314"
"chrX","63733473","63733766","KN294432v1","2539","2834","9","63730934"
"chrX","63768105","63768401","KN294289v1","703990","704279","52","63064115"
"chrX","63923766","63923988","KN294339v1","34283","34502","9","63889483"
"chrX","63970034","63970314","KN295257v1","348260","348541","26","63621774"
"chrX","64119597","64119912","KN297219v1","687673","687980","38","63431924"
"chrX","64240096","64240334","KN295526v1","34227","34466","37","64205869"
"chrX","64730285","64730593","KN295857v1","51314","51602","30","64678971"
"chrX","64752009","64752291","KN295857v1","32063","32348","14","64719946"
"chrX","64962890","64963195","KN295686v1","6340","6645","16","64956550"
"chrX","65517666","65517877","KN295108v1","747417","747651","46","64770249"
"chrX","65819565","65819718","KN295236v1","4199870","4200015","61","61619695"
"chrX","66373306","66373467","KN296086v1","825589","825753","42","65547717"
"chrX","66608242","66608546","KN295744v1","235007","235306","41","66373235"
"chrX","66719406","66719673","KN296096v1","23776","24042","41","66695630"
"chrX","66726428","66726657","KN296096v1","2467313","2467532","46","64259115"
"chrX","66762869","66763194","KN294346v1","313844","314182","58","66449025"
"chrX","66767369","66767650","KN294539v1","1591360","1591636","34","65176009"
"chrX","67019971","67020140","KN295814v1","1118418","1118576","32","65901553"
"chrX","67020167","67020280","KN294172v1","3927953","3928072","14","63092214"
"chrX","67056262","67056571","KN297197v1","1939319","1939628","38","65116943"
"chrX","67460784","67461110","KN295975v1","71033","71346","26","67389751"
"chrX","67854497","67854782","KN295130v1","26902","27187","14","67827595"
"chrX","68503451","68503752","KN294187v1","1767651","1767950","45","66735800"
"chrX","68562501","68562759","KN296682v1","4169050","4169305","32","64393451"
"chrX","69691459","69691755","KN295577v1","122342","122628","27","69569117"
"chrX","69758077","69758383","KN295577v1","184253","184536","35","69573824"
"chrX","69811361","69811665","KN294592v1","1387856","1388155","28","68423505"
"chrX","70262532","70262857","KN295343v1","373896","374196","48","69888636"
"chrX","72221837","72222145","KN296145v1","888642","888952","37","71333195"
"chrX","72311576","72311823","KN295533v1","2292878","2293127","42","70018698"
"chrX","72397957","72398239","KN295893v1","436967","437230","46","71960990"
"chrX","72425689","72425994","KN295854v1","1768103","1768407","39","70657586"
"chrX","72767398","72767675","KN294292v1","69203","69492","50","72698195"
"chrX","73266315","73266511","KN296859v1","1427369","1427572","37","71838946"
"chrX","73448838","73449120","KN294869v1","59218","59500","15","73389620"
"chrX","73671148","73671443","KN294172v1","6737664","6737958","38","66933484"
"chrX","73801123","73801408","KN294506v1","235047","235332","33","73566076"
"chrX","73922009","73922319","KN296484v1","1024460","1024770","32","72897549"
"chrX","74336663","74336964","KN296329v1","76419","76727","25","74260244"
"chrX","74362415","74362700","KN296329v1","49836","50122","14","74312579"
"chrX","74806658","74806834","KN295261v1","75008","75178","42","74731650"
"chrX","74908246","74908544","KN297203v1","885386","885683","32","74022860"
"chrX","75303708","75304028","KN296515v1","799568","799877","55","74504140"
"chrX","75415399","75415696","KN295345v1","868768","869065","51","74546631"
"chrX","75599214","75599500","KN294399v1","178526","178809","41","75420688"
"chrX","76279976","76280148","KN295967v1","467933","468109","43","75812043"
"chrX","76544525","76544812","KN296732v1","2683870","2684156","37","73860655"
"chrX","76683795","76684040","KN297264v1","52862","53109","41","76630933"
"chrX","77065209","77065498","KN295404v1","123167","123468","23","76942042"
"chrX","77136825","77137138","KN295404v1","50612","50913","52","77086213"
"chrX","77255718","77256028","KN294499v1","2542984","2543291","42","74712734"
"chrX","78100126","78100316","KN295523v1","2203731","2203924","31","75896395"
"chrX","78305192","78305479","KN296709v1","28355","28647","20","78276837"
"chrX","78382800","78383081","KN296709v1","107553","107835","8","78275247"
"chrX","78446542","78446783","KN294856v1","19423","19661","52","78427119"
"chrX","78630246","78630564","KN296418v1","365260","365576","28","78264986"
"chrX","79340362","79340642","KN294172v1","2031083","2031362","46","77309279"
"chrX","79640852","79641136","KN295045v1","756205","756493","43","78884647"
"chrX","79851522","79851817","KN295099v1","170378","170674","43","79681144"
"chrX","79903943","79904237","KN297452v1","1979430","1979725","26","77924513"
"chrX","80128666","80128968","KN297207v1","65232","65533","20","80063434"
"chrX","80166609","80166905","KN294520v1","1785061","1785359","37","78381548"
"chrX","80341676","80341962","KN294213v1","437268","437550","36","79904408"
"chrX","80488893","80489193","KN294813v1","87773","88073","36","80401120"
"chrX","80542547","80542849","KN295241v1","157199","157498","22","80385348"
"chrX","80777960","80778250","KN294458v1","1381723","1382005","36","79396237"
"chrX","80779010","80779308","KN296495v1","1209717","1210015","35","79569293"
"chrX","80924712","80924896","KN296062v1","2504602","2504805","52","78420110"
"chrX","81045543","81045851","KN296775v1","1052668","1052977","43","79992875"
"chrX","81148261","81148427","KN295893v1","7413713","7413880","32","73734548"
"chrX","81203909","81204085","KN294713v1","972600","972779","24","80231309"
"chrX","81204622","81204733","KN296402v1","541900","541997","25","80662722"
"chrX","81258107","81258399","KN295746v1","236127","236417","32","81021980"
"chrX","81842740","81843020","KN294739v1","834268","834551","41","81008472"
"chrX","82309900","82310186","KN294407v1","1565517","1565792","46","80744383"
"chrX","82576550","82576855","KN294848v1","1023066","1023365","43","81553484"
"chrX","82724738","82724985","KN296401v1","34738","34982","14","82690000"
"chrX","83248668","83248976","KN296357v1","372873","373194","61","82875795"
"chrX","83283498","83283647","KN296495v1","1470532","1470683","26","81812966"
"chrX","83784402","83784689","KN296932v1","88290","88577","14","83696112"
"chrX","83799315","83799596","KN296932v1","67528","67803","23","83731787"
"chrX","84399278","84399579","KN296620v1","947748","948045","35","83451530"
"chrX","84982307","84982621","KN296594v1","162025","162336","46","84820282"
"chrX","85226695","85227000","KN296380v1","7066","7372","39","85219629"
"chrX","85925123","85925393","KN294372v1","2081363","2081636","33","83843760"
"chrX","85927797","85928101","KN294292v1","71877","72183","16","85855920"
"chrX","86139448","86139705","KN295459v1","1601980","1602229","40","84537468"
"chrX","86219520","86219685","KN295814v1","1118418","1118576","28","85101102"
"chrX","87240753","87241039","KN294447v1","479769","480053","25","86760984"
"chrX","87449425","87449738","KN294447v1","267491","267825","34","87181934"
"chrX","88880729","88881069","KN297044v1","108239","108545","63","88772490"
"chrX","89028244","89028401","KN294181v1","939094","939251","11","88089150"
"chrX","89236289","89236598","KN294292v1","71877","72183","42","89164412"
"chrX","89369077","89369355","KN294326v1","460637","460911","44","88908440"
"chrX","89372731","89373037","KN294499v1","2542984","2543291","37","86829747"
"chrX","89379684","89379986","KN294619v1","236638","236931","40","89143046"
"chrX","89399976","89400290","KN296319v1","688029","688339","38","88711947"
"chrX","89449844","89450145","KN295544v1","58095","58390","39","89391749"
"chrX","89615323","89615615","KN294850v1","92671","92969","12","89522652"
"chrX","89643999","89644295","KN294850v1","121634","121934","17","89522365"
"chrX","89669609","89669913","KN294850v1","147480","147784","15","89522129"
"chrX","90207834","90208144","KN295970v1","43807","44116","17","90164027"
"chrX","90216555","90216845","KN295970v1","30819","31105","18","90185736"
"chrX","90356720","90357026","KN297064v1","113975","114257","34","90242745"
"chrX","90408691","90408983","KN297064v1","160644","160936","7","90248047"
"chrX","90762648","90762958","KN294711v1","1048010","1048321","35","89714638"
"chrX","91007319","91007605","KN294434v1","634651","634938","86","90372668"
"chrX","91015699","91015863","KN294842v1","167464","167629","24","90848235"
"chrX","91085465","91085766","KN296557v1","548990","549285","34","90536475"
"chrX","91216741","91217040","KN296864v1","1098087","1098388","34","90118654"
"chrX","91279884","91280195","KN297044v1","108239","108545","37","91171645"
"chrX","91282896","91283175","KN294229v1","183139","183412","45","91099757"
"chrX","91379995","91380309","KN295070v1","36723","37043","20","91343272"
"chrX","91489783","91490078","KN294510v1","147346","147636","26","91342437"
"chrX","91530943","91531229","KN294510v1","104913","105218","35","91426030"
"chrX","91872933","91873083","KN297008v1","6657903","6658047","33","85215030"
"chrX","92088948","92089104","KN297442v1","1675403","1675576","42","90413545"
"chrX","93104373","93104678","KN296315v1","577799","578100","38","92526574"
"chrX","93460994","93461288","KN294344v1","11714","12009","16","93449280"
"chrX","93525042","93525341","KN294520v1","1785061","1785359","38","91739981"
"chrX","93557458","93557767","KN296484v1","1024460","1024770","38","92532998"
"chrX","94392312","94392473","KN296086v1","825589","825753","52","93566723"
"chrX","94392501","94392622","KN296263v1","1162811","1162928","15","93229690"
"chrX","94992965","94993267","KN294539v1","2455467","2455768","28","92537498"
"chrX","95064222","95064521","KN295352v1","447012","447311","35","94617210"
"chrX","95440254","95440487","KN295748v1","191135","191363","10","95249119"
"chrX","95459742","95459960","KN296090v1","109128","109340","34","95350614"
"chrX","95525829","95526142","KN295748v1","276225","276535","19","95249604"
"chrX","95814127","95814435","KN295627v1","33966","34268","22","95780161"
"chrX","95925234","95925535","KN295854v1","1504180","1504481","33","94421054"
"chrX","97491896","97492193","KN294469v1","332724","333019","20","97159172"
"chrX","97647450","97647727","KN296009v1","1376950","1377229","33","96270500"
"chrX","97654975","97655278","KN294469v1","163528","163837","12","97491447"
"chrX","97674590","97674893","KN294469v1","143587","143888","11","97531003"
"chrX","97685696","97686015","KN294469v1","129746","130067","21","97555950"
"chrX","97840097","97840370","KN294629v1","23421","23716","34","97816676"
"chrX","97881382","97881668","KN294629v1","67594","67895","26","97813788"
"chrX","97919611","97919922","KN294629v1","111606","111917","16","97808005"
"chrX","98209977","98210278","KN294629v1","390928","391237","28","97819049"
"chrX","99392548","99392854","KN294520v1","1300419","1300723","32","98092129"
"chrX","99421037","99421328","KN296762v1","295242","295542","24","99125795"
"chrX","100200365","100200678","KN296673v1","13571","13881","36","100186794"
"chrX","100533884","100534183","KN297332v1","94222","94518","29","100439662"
"chrX","100982795","100983009","KN294345v1","2206480","2206684","31","98776315"
"chrX","101560814","101561120","KN297044v1","108239","108545","36","101452575"
"chrX","101650323","101650616","KN295350v1","1241887","1242168","61","100408436"
"chrX","101746418","101746573","KN296743v1","1789514","1789673","30","99956904"
"chrX","101754648","101754950","KN294499v1","899277","899580","46","100855371"
"chrX","101755514","101755767","KN296306v1","2132653","2132905","31","99622861"
"chrX","102899395","102899705","KN295987v1","163152","163456","43","102736243"
"chrX","103393264","103393567","KN297197v1","3802947","3803249","42","99590317"
"chrX","103490172","103490430","KN295667v1","2051465","2051707","49","101438707"
"chrX","103903650","103903932","KN296009v1","1376950","1377229","43","102526700"
"chrX","103998690","103998957","KN296831v1","373681","373950","42","103625009"
"chrX","104445065","104445261","KN294187v1","2091893","2092085","47","102353172"
"chrX","104542898","104543145","KN294831v1","196261","196514","38","104346637"
"chrX","104849130","104849439","KN297044v1","108239","108545","33","104740891"
"chrX","104851561","104851734","KN296486v1","1714803","1714969","22","103136758"
"chrX","105013186","105013384","KN296119v1","3355213","3355396","54","101657973"
"chrX","105141022","105141298","KN296831v1","373681","373950","49","104767341"
"chrX","105298177","105298456","KN294172v1","1585798","1586062","31","103712379"
"chrX","105302656","105302966","KN294443v1","686140","686441","54","104616516"
"chrX","105554259","105554569","KN296484v1","1024460","1024770","35","104529799"
"chrX","105594079","105594361","KN294583v1","111515","111793","36","105482564"
"chrX","105656859","105657027","KN295995v1","71091","71264","30","105585768"
"chrX","105743123","105743154","KN294571v1","536887","536912","12","105206236"
"chrX","105743182","105743464","KN295735v1","1675335","1675618","35","104067847"
"chrX","106931830","106932122","KN295962v1","674128","674422","35","106257702"
"chrX","106957667","106957965","KN294592v1","51794","52092","35","106905873"
"chrX","107756280","107756581","KN295526v1","979159","979460","37","106777121"
"chrX","107818030","107818329","KN294806v1","654839","655140","37","107163191"
"chrX","108454443","108454760","KN297108v1","21927","22242","28","108432516"
"chrX","108982442","108982746","KN294850v1","147480","147784","43","108834962"
"chrX","109000001","109000159","KN295814v1","1118418","1118576","21","107881583"
"chrX","109008620","109008912","KN295343v1","373896","374196","44","108634724"
"chrX","109290531","109290849","KN295034v1","687258","687569","37","108603273"
"chrX","109384707","109385020","KN295102v1","249012","249316","42","109135695"
"chrX","109489243","109489540","KN294540v1","651367","651664","39","108837876"
"chrX","109619491","109619803","KN295090v1","1517745","1518055","45","108101746"
"chrX","109731406","109731715","KN296833v1","252555","252867","19","109478851"
"chrX","109753820","109754113","KN295586v1","118716","119000","39","109635104"
"chrX","109758578","109758887","KN296833v1","223841","224150","16","109534737"
"chrX","109774469","109774763","KN296833v1","207452","207749","16","109567017"
"chrX","109859892","109860177","KN296833v1","123514","123806","18","109736378"
"chrX","109896398","109896703","KN296484v1","1024460","1024770","38","108871938"
"chrX","109926190","109926479","KN295601v1","2778400","2778694","45","107147790"
"chrX","109977092","109977391","KN296833v1","6697","6996","13","109970395"
"chrX","110064462","110064759","KN295302v1","236375","236672","59","109828087"
"chrX","110124213","110124495","KN295835v1","129063","129360","29","109995150"
"chrX","110152444","110152584","KN297008v1","6657903","6658047","29","103494541"
"chrX","110535359","110535643","KN296036v1","1306747","1307034","29","109228612"
"chrX","110898631","110898944","KN296714v1","13919","14225","44","110884712"
"chrX","110952133","110952309","KN294561v1","726508","726680","43","110225625"
"chrX","111050670","111050980","KN294493v1","1132281","1132590","31","109918389"
"chrX","111128642","111128979","KN296278v1","394173","394503","54","110734469"
"chrX","111144315","111144594","KN294493v1","377513","377791","34","110766802"
"chrX","111300446","111300622","KN294561v1","726508","726680","51","110573938"
"chrX","111327190","111327500","KN295091v1","924044","924353","29","110403146"
"chrX","111670634","111670933","KN294187v1","1444157","1444444","51","110226477"
"chrX","111893300","111893600","KN297452v1","1979430","1979725","37","109913870"
"chrX","111949407","111949576","KN295995v1","71091","71264","43","111878316"
"chrX","112485975","112486287","KN294499v1","2542984","2543291","39","109942991"
"chrX","112586035","112586305","KN294932v1","138054","138324","8","112447981"
"chrX","112629761","112630056","KN296495v1","2925731","2926025","36","109704030"
"chrX","113005516","113005817","KN296456v1","21358","21655","11","112984158"
"chrX","113164148","113164443","KN294172v1","5502756","5503051","36","107661392"
"chrX","113534367","113534535","KN296486v1","1714803","1714969","25","111819564"
"chrX","113644685","113644945","KN294226v1","517047","517317","44","113127638"
"chrX","113691908","113692198","KN297219v1","721954","722250","38","112969954"
"chrX","113737241","113737558","KN294218v1","2054777","2055092","45","111682464"
"chrX","114949127","114949434","KN295090v1","2429880","2430187","43","112519247"
"chrX","114987579","114987862","KN296464v1","390028","390315","36","114597551"
"chrX","114990607","114990897","KN294970v1","974452","974753","37","114016155"
"chrX","115542586","115542887","KN296311v1","4579398","4579702","32","110963188"
"chrX","115833938","115834246","KN296000v1","1247118","1247423","39","114586820"
"chrX","115961708","115962004","KN295586v1","5713036","5713339","31","110248672"
"chrX","116078273","116078563","KN294365v1","1180313","1180615","45","114897960"
"chrX","116263771","116264060","KN294747v1","866490","866789","43","115397281"
"chrX","116290398","116290673","KN296943v1","295934","296196","43","115994464"
"chrX","116384323","116384629","KN296391v1","112880","113184","22","116271443"
"chrX","116443492","116443809","KN296391v1","52988","53292","24","116390504"
"chrX","116468226","116468564","KN296391v1","36675","36982","36","116431551"
"chrX","116469529","116469812","KN294213v1","437268","437550","38","116032261"
"chrX","116476214","116476523","KN296391v1","20601","20903","16","116455613"
"chrX","116512635","116512913","KN296842v1","25275","25553","8","116487360"
"chrX","116634662","116634936","KN294266v1","490380","490660","38","116144282"
"chrX","116659598","116659912","KN295371v1","255428","255736","43","116404170"
"chrX","117077661","117077971","KN296187v1","363115","363422","44","116714546"
"chrX","117085995","117086297","KN297322v1","1320329","1320630","43","115765666"
"chrX","117481193","117481486","KN297452v1","1979430","1979725","35","115501763"
"chrX","117539280","117539538","KN294257v1","261816","262075","36","117277464"
"chrX","117694058","117694366","KN294385v1","767967","768276","42","116926091"
"chrX","117736847","117737142","KN296296v1","66249","66543","29","117670598"
"chrX","117818281","117818477","KN296430v1","540489","540695","37","117277792"
"chrX","118148759","118149016","KN296682v1","4040014","4040270","35","114108745"
"chrX","118267698","118267967","KN296864v1","3158673","3158947","47","115109025"
"chrX","118302887","118303193","KN294991v1","1825632","1825927","38","116477255"
"chrX","118549185","118549492","KN295991v1","231987","232297","38","118317198"
"chrX","118684454","118684734","KN296759v1","422275","422550","33","118262179"
"chrX","118800008","118800305","KN296995v1","122828","123129","15","118677180"
"chrX","118830226","118830528","KN296657v1","194147","194440","47","118636079"
"chrX","119057431","119057730","KN296345v1","96067","96368","38","118961364"
"chrX","119816611","119816916","KN295284v1","267335","267639","32","119549276"
"chrX","120066437","120066741","KN294292v1","278270","278570","57","119788167"
"chrX","120212631","120212930","KN294842v1","297954","298253","31","119914677"
"chrX","120311545","120311808","KN295273v1","8922","9188","37","120302623"
"chrX","120344472","120344754","KN297028v1","1113262","1113544","30","119231210"
"chrX","120678562","120678871","KN296308v1","1267307","1267615","34","119411255"
"chrX","120862000","120862249","KN295118v1","143380","143629","12","120718620"
"chrX","121010214","121010520","KN294499v1","899277","899580","40","120110937"
"chrX","121044929","121045083","KN295667v1","830007","830168","36","120214922"
"chrX","121278122","121278409","KN294506v1","235047","235332","23","121043075"
"chrX","122015985","122016283","KN295198v1","516030","516332","35","121499955"
"chrX","122335679","122335830","KN295294v1","769026","769186","27","121566653"
"chrX","122395345","122395634","KN294569v1","384817","385107","47","122010528"
"chrX","122812852","122813094","KN295720v1","23674","23916","12","122789178"
"chrX","123276489","123276766","KN296743v1","631299","631569","46","122645190"
"chrX","123494678","123494973","KN294668v1","4045257","4045554","39","119449421"
"chrX","123642894","123643203","KN294668v1","2282816","2283125","36","121360078"
"chrX","123752229","123752510","KN294399v1","178526","178809","35","123573703"
"chrX","124494517","124494821","KN294264v1","148283","148586","12","124346234"
"chrX","125134568","125134859","KN295706v1","502609","502900","17","124631959"
"chrX","125378419","125378717","KN296261v1","607411","607706","30","124771008"
"chrX","125755096","125755404","KN296761v1","97995","98298","44","125657101"
"chrX","125809238","125809548","KN294824v1","18077","18384","15","125791161"
"chrX","125810396","125810690","KN294824v1","19226","19530","23","125791170"
"chrX","126133853","126134157","KN294824v1","311204","311503","15","125822649"
"chrX","126137165","126137491","KN294824v1","314548","314856","33","125822617"
"chrX","126561850","126562148","KN295703v1","185739","186038","7","126376111"
"chrX","126743688","126743966","KN294734v1","705820","706100","42","126037868"
"chrX","126921654","126921947","KN296489v1","56703","56995","18","126864951"
"chrX","127008909","127009222","KN295173v1","46022","46338","19","126962887"
"chrX","127211962","127212244","KN294486v1","82200","82485","37","127129762"
"chrX","127610798","127611105","KN294385v1","291689","291997","38","127319109"
"chrX","127821720","127822008","KN295241v1","618613","618903","13","127203107"
"chrX","128238516","128238818","KN295284v1","267335","267639","34","127971181"
"chrX","128416281","128416556","KN297276v1","510912","511184","50","127905369"
"chrX","128523104","128523375","KN295642v1","22999","23270","8","128500105"
"chrX","128531499","128531645","KN297008v1","1441000","1441155","37","127090499"
"chrX","128648660","128648844","KN295891v1","15512","15692","45","128633148"
"chrX","128747823","128748119","KN296466v1","95941","96236","20","128651882"
"chrX","128791560","128791692","KN295171v1","774709","774836","25","128016851"
"chrX","128791995","128792135","KN294239v1","2205708","2205845","21","126586287"
"chrX","128835171","128835476","KN296487v1","194550","194834","42","128640621"
"chrX","129105402","129105705","KN294671v1","296141","296444","14","128809261"
"chrX","129221188","129221494","KN296004v1","353630","353936","35","128867558"
"chrX","130021598","130021794","KN296119v1","3355213","3355396","51","126666385"
"chrY","186","427","KN294193v1","242451","242697","39","242265"
"chrY","54668","54854","KN297442v1","1675403","1675576","52","1620735"
"chrY","112338","112641","KN296464v1","149146","149432","34","36808"
"chrY","162823","163173","KN295236v1","5272450","5272764","84","5109627"
"chrY","285819","286122","KN294372v1","2056206","2056510","41","1770387"
"chrY","406729","407054","KN294147v1","1614845","1615150","73","1208116"
"chrY","426867","427160","KN294548v1","186910","187203","44","239957"
"chrY","436530","436791","KN296682v1","4040014","4040270","44","3603484"
"chrY","451081","451375","KN294668v1","2003347","2003642","43","1552266"
"chrY","505513","505814","KN294416v1","320290","320595","44","185223"
"chrY","530820","531085","KN294257v1","1004902","1005180","52","474082"
"chrY","574860","575152","KN294540v1","651367","651664","45","76507"
"chrY","619590","619888","KN296119v1","2337029","2337329","48","1717439"
"chrY","927973","928263","KN295371v1","109487","109778","38","818486"
"chrY","929657","929961","KN295209v1","62414","62708","63","867243"
"chrY","1058404","1058696","KN296959v1","1102614","1102904","37","44210"
"chrY","1153228","1153535","KN296062v1","2620590","2620895","55","1467362"
"chrY","1159990","1160269","KN295501v1","506527","506803","41","653463"
"chrY","1222957","1223239","KN297028v1","1113262","1113544","55","109695"
"chrY","1232190","1232495","KN296825v1","1702761","1703066","40","470571"
"chrY","1363159","1363434","KN295586v1","5293886","5294167","41","3930727"
"chrY","1549499","1549781","KN296312v1","24357","24651","51","1525142"
"chrY","1710513","1710798","KN296682v1","3655993","3656280","36","1945480"
"chrY","2078528","2078835","KN295930v1","537952","538252","31","1540576"
"chrY","2170082","2170251","KN297008v1","1441000","1441155","38","729082"
"chrY","2292556","2292873","KN296430v1","547922","548246","70","1744634"
"chrY","3074828","3075145","KN294218v1","2054777","2055092","52","1020051"
"chrY","3380418","3380707","KN294571v1","331949","332249","64","3048469"
"chrY","3569579","3569883","KN295923v1","1571691","1571994","68","1997888"
"chrY","3664036","3664340","KN295923v1","1571691","1571994","68","2092345"
"chrY","3925162","3925463","KN294540v1","651367","651664","46","3273795"
"chrY","3995328","3995614","KN296063v1","1250917","1251205","45","2744411"
"chrY","4105510","4105819","KN296315v1","577799","578100","46","3527711"
"chrY","4106111","4106433","KN297008v1","4164826","4165136","66","58715"
"chrY","4113008","4113338","KN296311v1","5606304","5606628","49","1493296"
"chrY","4115882","4116165","KN296062v1","1968337","1968613","58","2147545"
"chrY","4290515","4290670","KN294181v1","939094","939251","25","3351421"
"chrY","4304817","4304972","KN294181v1","939094","939251","25","3365723"
"chrY","4359720","4360007","KN297046v1","1362278","1362572","52","2997442"
"chrY","4716411","4716693","KN295405v1","157962","158246","57","4558449"
"chrY","4746725","4746984","KN297192v1","320996","321269","61","4425729"
"chrY","4831342","4831620","KN295405v1","157962","158246","50","4673380"
"chrY","4922306","4922474","KN296852v1","35728","35894","28","4886578"
"chrY","4994753","4994906","KN295171v1","774709","774836","64","4220044"
"chrY","5090623","5090928","KN294911v1","4315313","4315611","55","775310"
"chrY","5623376","5623666","KN294911v1","1147756","1148045","61","4475620"
"chrY","5783102","5783413","KN296122v1","315036","315346","32","5468066"
"chrY","5918715","5919021","KN296329v1","76419","76727","69","5842296"
"chrY","6063800","6064102","KN294855v1","47099","47408","31","6016701"
"chr10","91881418","91881594","KN295967v1","467933","468109","33","91413485"
"chr10","104202042","104202346","KN294964v1","544047","544346","13","103657995"
"chr10","25323","25595","KN296476v1","9706","9987","17","15617"
"chr10","48686","48866","KN294790v1","2350797","2350969","36","2302111"
"chr10","56979","57273","KN297086v1","29714","30007","17","27265"
"chr10","345685","345935","KN297264v1","52862","53109","47","292823"
"chr10","345977","345993","KN294213v1","437220","437234","5","91243"
"chr10","641871","642043","KN296153v1","2696247","2696418","28","2054376"
"chr10","791825","792143","KN296153v1","2694614","2694921","43","1902789"
"chr10","922037","922197","KN297154v1","1695463","1695633","38","773426"
"chr10","1025258","1025571","KN295533v1","599575","599890","17","425683"
"chr10","1325909","1326157","KN295533v1","879003","879251","15","446906"
"chr10","1419323","1419600","KN296921v1","582223","582504","32","837100"
"chr10","1552446","1552741","KN295533v1","1124359","1124653","20","428087"
"chr10","1574643","1574944","KN295533v1","1150167","1150468","18","424476"
"chr10","1696360","1696575","KN295533v1","1264629","1264856","27","431731"
"chr10","1770173","1770476","KN295533v1","1341933","1342222","35","428240"
"chr10","1906480","1906800","KN295533v1","1475526","1475838","18","430954"
"chr10","2032783","2033046","KN296138v1","307856","308112","44","1724927"
"chr10","2155557","2155838","KN295533v1","1730829","1731110","16","424728"
"chr10","2320997","2321291","KN295533v1","1879727","1880022","17","441270"
"chr10","2329188","2329476","KN296657v1","194147","194440","46","2135041"
"chr10","2546807","2547139","KN296726v1","28723","29017","64","2518084"
"chr10","2705909","2706169","KN295533v1","2274102","2274357","29","431807"
"chr10","2724289","2724582","KN294499v1","1420767","1421064","31","1303522"
"chr10","2934791","2934965","KN295408v1","16726","16898","29","2918065"
"chr10","3236747","3236964","KN295533v1","2839113","2839350","31","397634"
"chr10","3397552","3397822","KN295533v1","2995707","2995999","33","401845"
"chr10","3588755","3589051","KN295533v1","3189650","3189960","33","399105"
"chr10","4085626","4085873","KN295533v1","3669109","3669359","11","416517"
"chr10","4494922","4495231","KN294761v1","325315","325624","22","4169607"
"chr10","4591438","4591718","KN297083v1","400309","400588","36","4191129"
"chr10","4833830","4834134","KN294513v1","681816","682125","38","4152014"
"chr10","4894306","4894577","KN294761v1","746731","747000","14","4147575"
"chr10","5159351","5159601","KN294761v1","1025017","1025244","34","4134334"
"chr10","5560697","5560853","KN296430v1","705227","705382","29","4855470"
"chr10","5560898","5560976","KN294499v1","357126","357197","20","5203772"
"chr10","5769051","5769353","KN294761v1","1651771","1652059","28","4117280"
"chr10","5988019","5988325","KN294761v1","1884802","1885088","38","4103217"
"chr10","6264736","6265057","KN294761v1","2170502","2170818","42","4094234"
"chr10","6529379","6529676","KN296079v1","3084734","3085029","34","3444645"
"chr10","6542324","6542615","KN294761v1","2437345","2437639","21","4104979"
"chr10","7174554","7174608","KN294364v1","505850","505910","21","6668704"
"chr10","7174648","7174786","KN294187v1","1542649","1542810","40","5631999"
"chr10","7537726","7537943","KN296167v1","1459010","1459221","23","6078716"
"chr10","7611787","7612016","KN295437v1","25055","25286","37","7586732"
"chr10","7677986","7678278","KN296167v1","1312109","1312407","27","6365877"
"chr10","7818244","7818463","KN296167v1","1169724","1169946","14","6648520"
"chr10","8568592","8568728","KN295171v1","775136","775271","19","7793456"
"chr10","8568729","8569014","KN294462v1","540671","540960","57","8028058"
"chr10","8569015","8569187","KN295349v1","47758","47931","31","8521257"
"chr10","8573824","8573883","KN296726v1","937390","937454","26","7636434"
"chr10","8580344","8580638","KN296167v1","390890","391180","13","8189454"
"chr10","8580671","8580693","KN295651v1","344716","344740","5","8235955"
"chr10","8586556","8586713","KN294713v1","814138","814290","41","7772418"
"chr10","8792703","8793005","KN296167v1","181168","181468","21","8611535"
"chr10","8795371","8795681","KN296167v1","178494","178805","21","8616877"
"chr10","8835479","8835785","KN294485v1","105000","105306","36","8730479"
"chr10","8943226","8943276","KN295045v1","1336617","1336651","19","7606609"
"chr10","8951567","8951871","KN296167v1","19043","19347","17","8932524"
"chr10","8960159","8960207","KN294705v1","1919072","1919111","26","7041087"
"chr10","9027665","9027967","KN295744v1","235007","235306","34","8792658"
"chr10","9147043","9147327","KN296290v1","1258651","1258933","39","7888392"
"chr10","9502972","9503267","KN296079v1","1016819","1017116","43","8486153"
"chr10","9543745","9544044","KN296306v1","3750460","3750760","37","5793285"
"chr10","9702908","9703199","KN295075v1","252071","252359","29","9450837"
"chr10","9794631","9794943","KN294583v1","150468","150773","33","9644163"
"chr10","9992398","9992529","KN297008v1","6657903","6658047","28","3334495"
"chr10","10295663","10295972","KN294499v1","2542984","2543291","30","7752679"
"chr10","10444795","10445097","KN295261v1","641058","641352","51","9803737"
"chr10","10484998","10485292","KN294619v1","1362925","1363220","32","9122073"
"chr10","10502039","10502345","KN297203v1","1280233","1280541","31","9221806"
"chr10","11047819","11048119","KN295320v1","290389","290702","30","10757430"
"chr10","11119695","11119992","KN295320v1","362925","363222","15","10756770"
"chr10","11753082","11753246","KN294790v1","2350797","2350969","36","9402285"
"chr10","11988387","11988718","KN296311v1","2774344","2774671","35","9214043"
"chr10","12016795","12017111","KN295320v1","1281858","1282177","23","10734937"
"chr10","12027893","12028171","KN295320v1","1293396","1293674","13","10734497"
"chr10","12064285","12064571","KN295320v1","1330732","1331028","24","10733553"
"chr10","12092130","12092377","KN295428v1","209519","209755","53","11882611"
"chr10","12294827","12295168","KN295320v1","1573338","1573677","26","10721489"
"chr10","12865341","12865589","KN296253v1","777735","777985","33","12087606"
"chr10","13208932","13209232","KN294187v1","1767651","1767950","42","11441281"
"chr10","13886254","13886558","KN294365v1","1180313","1180615","47","12705941"
"chr10","13888744","13889044","KN296153v1","1424950","1425255","44","12463794"
"chr10","14114242","14114496","KN296959v1","58438","58700","41","14055804"
"chr10","14311730","14311909","KN296263v1","1162606","1162775","38","13149124"
"chr10","14521847","14522157","KN296213v1","91240","91550","18","14430607"
"chr10","14526054","14526349","KN296213v1","95435","95741","24","14430619"
"chr10","14653819","14654091","KN296213v1","223373","223666","39","14430446"
"chr10","14800199","14800336","KN297008v1","6657903","6658047","24","8142296"
"chr10","14951120","14951353","KN296213v1","531610","531835","23","14419510"
"chr10","15269351","15269647","KN294262v1","1554642","1554942","45","13714709"
"chr10","15269872","15270166","KN296213v1","861751","862057","32","14408121"
"chr10","15729100","15729408","KN296484v1","1024460","1024770","30","14704640"
"chr10","16011342","16011642","KN295343v1","373896","374196","53","15637446"
"chr10","16231790","16232125","KN297274v1","1412869","1413197","45","14818921"
"chr10","16424908","16425206","KN297164v1","110282","110576","33","16314626"
"chr10","16427843","16428140","KN295038v1","1565123","1565420","40","14862720"
"chr10","16444631","16444919","KN294471v1","400264","400561","47","16044367"
"chr10","16472528","16472578","KN295614v1","28241","28303","18","16444287"
"chr10","16605111","16605390","KN294846v1","181961","182242","41","16423150"
"chr10","16820089","16820385","KN297452v1","1979430","1979725","28","14840659"
"chr10","16924214","16924389","KN297154v1","1695463","1695633","37","15228751"
"chr10","16924702","16925003","KN296225v1","262604","262903","36","16662098"
"chr10","16969413","16969723","KN296484v1","1024460","1024770","34","15944953"
"chr10","17374845","17375118","KN295405v1","157962","158246","43","17216883"
"chr10","17698962","17699266","KN294199v1","195562","195867","48","17503400"
"chr10","17849092","17849391","KN296153v1","2292745","2293046","32","15556347"
"chr10","18353528","18353828","KN296315v1","577799","578100","31","17775729"
"chr10","18382138","18382430","KN296108v1","735240","735530","30","17646898"
"chr10","18472362","18472666","KN295977v1","1237273","1237582","34","17235089"
"chr10","18757281","18757574","KN294503v1","64970","65261","22","18692311"
"chr10","18887932","18888213","KN294325v1","1351945","1352247","33","17535987"
"chr10","19097052","19097359","KN294325v1","1137355","1137664","13","17959697"
"chr10","19121060","19121341","KN294325v1","1113728","1114000","25","18007332"
"chr10","19272194","19272495","KN297452v1","1979430","1979725","39","17292764"
"chr10","19318213","19318519","KN294325v1","914500","914798","17","18403713"
"chr10","19368035","19368330","KN294325v1","861284","861580","24","18506751"
"chr10","19532236","19532398","KN297112v1","2529951","2530122","32","17002285"
"chr10","19545158","19545447","KN295692v1","1615973","1616263","41","17929185"
"chr10","19555373","19555679","KN294325v1","660179","660481","22","18895194"
"chr10","19620905","19621205","KN294325v1","590831","591138","36","19030074"
"chr10","19702572","19702872","KN294325v1","511185","511494","17","19191387"
"chr10","19913594","19913756","KN296138v1","109604","109767","30","19803990"
"chr10","19913786","19913906","KN294172v1","3927953","3928072","15","15985833"
"chr10","19918198","19918501","KN294325v1","283462","283762","12","19634736"
"chr10","19954235","19954525","KN294325v1","243525","243812","19","19710710"
"chr10","20025685","20025991","KN295236v1","2629750","2630062","40","17395935"
"chr10","20049259","20049542","KN297028v1","1113262","1113544","33","18935997"
"chr10","20049570","20049583","KN296989v1","719","732","4","20048851"
"chr10","20099274","20099561","KN296063v1","1250917","1251205","41","18848357"
"chr10","20172404","20172707","KN294325v1","21623","21923","17","20150781"
"chr10","20404993","20405297","KN296380v1","7066","7372","40","20397927"
"chr10","20546393","20546708","KN296821v1","358166","358481","19","20188227"
"chr10","20647548","20647836","KN296821v1","463335","463632","26","20184213"
"chr10","21449883","21450219","KN295854v1","1075692","1076025","61","20374191"
"chr10","21460908","21461217","KN294385v1","291689","291997","37","21169219"
"chr10","21494608","21494850","KN294185v1","329688","329917","52","21164920"
"chr10","22107308","22107634","KN295871v1","355457","355781","56","21751851"
"chr10","23578012","23578316","KN296706v1","107919","108228","50","23470093"
"chr10","25108154","25108463","KN294416v1","768533","768836","37","24339621"
"chr10","25119508","25119793","KN294399v1","178526","178809","45","24940982"
"chr10","25144807","25145114","KN296913v1","105296","105604","44","25039511"
"chr10","25215719","25216014","KN294747v1","866490","866789","37","24349229"
"chr10","25237439","25237736","KN295854v1","1504180","1504481","41","23733259"
"chr10","25460920","25461237","KN294790v1","925913","926232","45","24535007"
"chr10","25563042","25563340","KN294217v1","1056246","1056533","46","24506796"
"chr10","25766922","25767105","KN296486v1","1468682","1468869","43","24298240"
"chr10","25904821","25905104","KN294250v1","120947","121230","19","25783874"
"chr10","25956230","25956523","KN294250v1","67599","67898","21","25888631"
"chr10","26170184","26170466","KN294996v1","360005","360288","38","25810179"
"chr10","26217014","26217238","KN295343v1","589567","589783","36","25627447"
"chr10","26318914","26319207","KN296296v1","66249","66543","42","26252665"
"chr10","26498436","26498739","KN297452v1","1979430","1979725","39","24519006"
"chr10","26723892","26724176","KN294848v1","313556","313826","49","26410336"
"chr10","26949338","26949503","KN294187v1","1542649","1542810","33","25406689"
"chr10","26949547","26949603","KN294364v1","505850","505910","20","26443697"
"chr10","27295301","27295593","KN296153v1","3956819","3957110","43","23338482"
"chr10","27403137","27403457","KN294257v1","1022785","1023107","60","26380352"
"chr10","27512994","27513424","KN294372v1","2148036","2148414","121","25364958"
"chr10","27831301","27831611","KN295343v1","373896","374196","42","27457405"
"chr10","27845961","27846259","KN296229v1","984970","985272","43","26860991"
"chr10","28266867","28267116","KN297038v1","1955944","1956196","39","26310923"
"chr10","28684216","28684514","KN296322v1","582510","582804","50","28101706"
"chr10","28695969","28696163","KN296991v1","1005798","1006002","39","27690171"
"chr10","29230347","29230643","KN295962v1","2488019","2488313","42","26742328"
"chr10","29604126","29604418","KN294446v1","290641","290939","38","29313485"
"chr10","29614021","29614316","KN297274v1","1043910","1044208","34","28570111"
"chr10","29679336","29679650","KN295548v1","143484","143790","43","29535852"
"chr10","29903349","29903653","KN296380v1","7066","7372","39","29896283"
"chr10","29946887","29947199","KN295930v1","537952","538252","49","29408935"
"chr10","30358504","30358685","KN294596v1","141115","141287","29","30217389"
"chr10","30523858","30524135","KN294705v1","870227","870507","38","29653631"
"chr10","30524177","30524190","KN295963v1","26249","26262","3","30497928"
"chr10","30792739","30793049","KN294705v1","1109306","1109614","41","29683433"
"chr10","31228386","31228694","KN294385v1","767967","768276","37","30460419"
"chr10","31669719","31669998","KN295610v1","214584","214872","57","31455135"
"chr10","31727994","31728267","KN296759v1","422275","422550","38","31305719"
"chr10","31790758","31790922","KN296311v1","1013861","1014022","27","30776897"
"chr10","31926384","31926719","KN297327v1","425867","426186","64","31500517"
"chr10","32074052","32074330","KN294213v1","437268","437550","36","31636784"
"chr10","32128579","32128859","KN295825v1","717159","717440","39","31411420"
"chr10","32230960","32231259","KN294443v1","686140","686441","41","31544820"
"chr10","32254868","32255147","KN297381v1","316049","316331","14","31938819"
"chr10","32287073","32287387","KN297381v1","284280","284584","26","32002793"
"chr10","32552377","32552681","KN297381v1","16915","17217","20","32535462"
"chr10","32647630","32647934","KN296864v1","1098087","1098388","39","31549543"
"chr10","33436481","33436771","KN295257v1","348260","348541","44","33088221"
"chr10","33827937","33828206","KN295893v1","436967","437230","37","33390970"
"chr10","33992727","33993014","KN297028v1","1113262","1113544","39","32879465"
"chr10","34187967","34188229","KN296404v1","1985240","1985503","44","32202727"
"chr10","34505079","34505383","KN294147v1","1614845","1615150","49","32890234"
"chr10","35066614","35066922","KN294187v1","188357","188668","37","34878257"
"chr10","35191941","35192227","KN295893v1","7370026","7370312","31","27821915"
"chr10","35606483","35606778","KN296342v1","510778","511070","20","35095705"
"chr10","35658161","35658455","KN296342v1","462061","462357","19","35196100"
"chr10","35948724","35949010","KN296342v1","180999","181285","11","35767725"
"chr10","35970358","35970671","KN295096v1","1625375","1625686","36","34344983"
"chr10","36175458","36175760","KN296236v1","169953","170252","25","36005505"
"chr10","36234497","36234538","KN296316v1","148146","148173","21","36086351"
"chr10","36411238","36411536","KN296657v1","194147","194440","39","36217091"
"chr10","36430103","36430400","KN294571v1","2837988","2838277","37","33592115"
"chr10","36668342","36668645","KN294964v1","864674","864972","33","35803668"
"chr10","36695342","36695567","KN294407v1","786896","787127","60","35908446"
"chr10","36809987","36810279","KN296615v1","65734","66028","32","36744253"
"chr10","36859945","36860244","KN297322v1","476586","476880","40","36383359"
"chr10","36878850","36879163","KN296484v1","1024460","1024770","38","35854390"
"chr10","36891854","36892159","KN295198v1","516030","516332","38","36375824"
"chr10","37362549","37362709","KN295891v1","15512","15692","44","37347037"
"chr10","37432900","37433198","KN297019v1","862791","863084","25","36570109"
"chr10","37510252","37510557","KN297019v1","785630","785931","18","36724622"
"chr10","37580826","37581138","KN297019v1","714535","714833","34","36866291"
"chr10","37639859","37640019","KN295294v1","769026","769186","38","36870833"
"chr10","37751764","37752085","KN297019v1","561301","561606","40","37190463"
"chr10","37776775","37777086","KN294446v1","334147","334458","45","37442628"
"chr10","37794687","37794988","KN297019v1","519796","520096","12","37274891"
"chr10","37902047","37902272","KN297032v1","308157","308361","49","37593890"
"chr10","37998031","37998199","KN294467v1","13283","13450","28","37984748"
"chr10","38128870","38129138","KN297019v1","189706","189995","36","37939164"
"chr10","38305636","38305924","KN297019v1","9333","9618","17","38296303"
"chr10","38391541","38391807","KN295362v1","113903","114168","40","38277638"
"chr10","39093939","39094206","KN294939v1","440555","440786","63","38653384"
"chr10","39164894","39165205","KN294939v1","362625","362926","21","38802269"
"chr10","39308262","39308576","KN294939v1","216524","216838","33","39091738"
"chr10","39424722","39424916","KN295592v1","2117889","2118089","36","37306833"
"chr10","39424917","39425155","KN295074v1","95886","96127","43","39329031"
"chr10","40512944","40513250","KN296380v1","7066","7372","36","40505878"
"chr10","40625174","40625450","KN295501v1","506527","506803","42","40118647"
"chr10","40652312","40652620","KN294446v1","290641","290939","47","40361671"
"chr10","40706478","40706776","KN295891v1","71577","71887","25","40634901"
"chr10","41692565","41692862","KN294964v1","864674","864972","51","40827891"
"chr10","41741543","41741741","KN295930v1","42097","42287","28","41699446"
"chr10","41747977","41748165","KN295319v1","430475","430648","39","41317502"
"chr10","41819993","41820300","KN294933v1","175658","175970","42","41644335"
"chr10","42524995","42525308","KN296484v1","1024460","1024770","31","41500535"
"chr10","43035010","43035305","KN297394v1","206842","207138","55","42828168"
"chr10","43097264","43097653","KN296654v1","87552","87939","95","43009712"
"chr10","43239614","43239880","KN296372v1","2000","2265","35","43237614"
"chr10","43303577","43303866","KN296063v1","1250917","1251205","34","42052660"
"chr10","43327749","43327988","KN295755v1","46608","46845","49","43281141"
"chr10","43371715","43371911","KN295592v1","2117889","2118089","42","41253826"
"chr10","43410805","43411105","KN297343v1","2044825","2045124","38","41365980"
"chr10","43468261","43468407","KN294842v1","167464","167629","45","43300797"
"chr10","43570266","43570555","KN296831v1","318522","318816","47","43251744"
"chr10","43711727","43711800","KN294592v1","22976","23043","28","43688751"
"chr10","44433764","44434059","KN296386v1","236314","236606","45","44197450"
"chr10","44984228","44984534","KN296119v1","3556005","3556313","38","41428223"
"chr10","45052369","45052666","KN296119v1","2173753","2174051","36","42878616"
"chr10","45119510","45119811","KN294187v1","1767651","1767950","30","43351859"
"chr10","45699021","45699323","KN294747v1","866490","866789","35","44832531"
"chr10","45951094","45951393","KN295893v1","7465255","7465553","48","38485839"
"chr10","46521584","46521865","KN295257v1","348260","348541","36","46173324"
"chr10","46679167","46679463","KN295034v1","604953","605250","44","46074214"
"chr10","46762471","46762742","KN296278v1","144187","144463","12","46618284"
"chr10","47071104","47071430","KN295267v1","1495148","1495478","33","45575956"
"chr10","47278958","47279106","KN296495v1","1470532","1470683","33","45808426"
"chr10","47887184","47887491","KN295267v1","660455","660765","21","47226729"
"chr10","48049907","48050214","KN297197v1","4684189","4684491","41","43365718"
"chr10","48871741","48872052","KN295894v1","3432706","3433001","32","45439035"
"chr10","49093720","49094021","KN295894v1","3201651","3201953","13","45892069"
"chr10","49541730","49541900","KN294467v1","13283","13450","29","49528447"
"chr10","49541906","49542139","KN295437v1","25055","25286","37","49516851"
"chr10","49588028","49588329","KN295894v1","2689961","2690265","10","46898067"
"chr10","49811746","49812026","KN295894v1","2434680","2434960","19","47377066"
"chr10","50027156","50027467","KN295894v1","2220855","2221167","11","47806301"
"chr10","50032818","50033033","KN295894v1","2215631","2215837","19","47817187"
"chr10","50821249","50821551","KN296180v1","238923","239223","47","50582326"
"chr10","51003817","51004116","KN295894v1","1248693","1248990","11","49755124"
"chr10","51364616","51364815","KN294416v1","523339","523527","48","50841277"
"chr10","51364885","51365141","KN296775v1","308442","308696","40","51056443"
"chr10","51576493","51576804","KN296380v1","7066","7372","50","51569427"
"chr10","52192779","52193080","KN295894v1","27488","27793","19","52165291"
"chr10","52264692","52264916","KN296505v1","36934","37162","44","52227758"
"chr10","52306522","52306807","KN296245v1","86364","86652","16","52220158"
"chr10","52375377","52375679","KN296245v1","160080","160378","11","52215297"
"chr10","52403379","52403687","KN296245v1","197287","197590","25","52206092"
"chr10","52499045","52499349","KN296245v1","279865","280153","40","52219180"
"chr10","52705967","52706251","KN297408v1","447151","447446","46","52258816"
"chr10","53094566","53094861","KN295962v1","674128","674422","33","52420438"
"chr10","53456030","53456354","KN295573v1","2109163","2109481","52","51346867"
"chr10","53649727","53650007","KN295962v1","1460144","1460416","40","52189583"
"chr10","53767558","53767861","KN296201v1","1089936","1090239","40","52677622"
"chr10","53810201","53810512","KN297200v1","98740","99051","40","53711461"
"chr10","53906078","53906327","KN296864v1","2640511","2640744","45","51265567"
"chr10","54229423","54229729","KN295303v1","94830","95135","45","54134593"
"chr10","54348279","54348583","KN297322v1","1320329","1320630","33","53027950"
"chr10","54419622","54419897","KN297314v1","438145","438422","34","53981477"
"chr10","54420214","54420507","KN296495v1","2925731","2926025","36","51494483"
"chr10","54789952","54790011","KN295614v1","28241","28303","20","54761711"
"chr10","54965516","54965699","KN295592v1","2117889","2118089","52","52847627"
"chr10","55081368","55081668","KN297452v1","1979430","1979725","33","53101938"
"chr10","55084261","55084433","KN295408v1","16726","16898","29","55067535"
"chr10","55109952","55110222","KN295893v1","436967","437230","28","54672985"
"chr10","55160528","55160860","KN297113v1","139003","139332","51","55021525"
"chr10","55206872","55207111","KN295074v1","95886","96127","41","55110986"
"chr10","55251875","55252154","KN294399v1","178526","178809","35","55073349"
"chr10","55411804","55412001","KN294345v1","2206480","2206684","43","53205324"
"chr10","55552307","55552559","KN296495v1","797555","797801","45","54754752"
"chr10","55863636","55863932","KN295096v1","447120","447418","40","55416516"
"chr10","55946771","55947061","KN295045v1","756205","756493","33","55190566"
"chr10","56087932","56088238","KN297366v1","967385","967689","40","55120547"
"chr10","56203672","56203935","KN295964v1","43993","44262","38","56159679"
"chr10","56221396","56221694","KN297133v1","697347","697647","39","55524049"
"chr10","56281761","56282060","KN296864v1","1747232","1747534","39","54534529"
"chr10","56307375","56307685","KN297274v1","829469","829771","50","55477906"
"chr10","56495421","56495729","KN296380v1","7066","7372","36","56488355"
"chr10","56676110","56676403","KN295459v1","806026","806321","39","55870084"
"chr10","56718040","56718208","KN296879v1","570900","571072","31","56147140"
"chr10","56724848","56725166","KN294372v1","1311490","1311797","44","55413358"
"chr10","56726937","56727117","KN294713v1","972600","972779","19","55754337"
"chr10","57026282","57026591","KN296311v1","4507488","4507798","30","52518794"
"chr10","57048018","57048192","KN295349v1","47758","47931","35","57000260"
"chr10","57193152","57193362","KN295045v1","1182493","1182695","46","56010659"
"chr10","57270676","57270872","KN295573v1","17016","17206","42","57253660"
"chr10","57270917","57271139","KN295550v1","172628","172846","42","57098289"
"chr10","57360335","57360643","KN295977v1","1237273","1237582","32","56123062"
"chr10","57384585","57384860","KN294372v1","2081363","2081636","37","55303222"
"chr10","57442049","57442233","KN296486v1","1468682","1468869","39","55973367"
"chr10","57477008","57477306","KN295034v1","604953","605250","35","56872055"
"chr10","57516587","57516862","KN295907v1","1276638","1276913","45","56239949"
"chr10","57546668","57546962","KN297452v1","1979430","1979725","32","55567238"
"chr10","57658779","57659053","KN294987v1","598695","598975","34","57060084"
"chr10","57752386","57752686","KN295343v1","373896","374196","36","57378490"
"chr10","57769411","57769691","KN297028v1","1113262","1113544","38","56656149"
"chr10","57859249","57859527","KN295257v1","348260","348541","33","57510989"
"chr10","57905169","57905480","KN294520v1","1300419","1300723","40","56604750"
"chr10","58294278","58294584","KN294399v1","115875","116174","40","58178403"
"chr10","58594797","58595102","KN296761v1","97995","98298","36","58496802"
"chr10","58620320","58620348","KN296609v1","1287561","1287578","11","57332759"
"chr10","58620374","58620654","KN294257v1","1004902","1005180","35","57615472"
"chr10","58837559","58837856","KN294540v1","651367","651664","34","58186192"
"chr10","58951575","58951840","KN297039v1","689798","690078","42","58261777"
"chr10","58988821","58989010","KN295523v1","2203731","2203924","25","56785090"
"chr10","59123709","59123996","KN296847v1","1869581","1869871","40","57254128"
"chr10","59557757","59558056","KN295034v1","604953","605250","41","58952804"
"chr10","59817391","59817693","KN296079v1","1016819","1017116","34","58800572"
"chr10","60025861","60026168","KN295490v1","365135","365438","39","59660726"
"chr10","60377305","60377644","KN297050v1","132482","132813","86","60244823"
"chr10","60520722","60521018","KN295854v1","1504180","1504481","32","59016542"
"chr10","60620447","60620678","KN294446v1","273130","273356","35","60347317"
"chr10","60708629","60708962","KN297408v1","933114","933468","112","59775515"
"chr10","60731790","60732116","KN296820v1","1303393","1303709","82","59428397"
"chr10","60752581","60752914","KN295893v1","2419696","2420007","59","58332885"
"chr10","60980674","60980959","KN294292v1","69203","69492","49","60911471"
"chr10","61353601","61353905","KN294457v1","311039","311336","50","61042562"
"chr10","61511166","61511463","KN295983v1","3161710","3162016","43","58349456"
"chr10","61761411","61761744","KN296536v1","488914","489222","53","61272497"
"chr10","61783200","61783499","KN294399v1","115875","116174","36","61667325"
"chr10","61786281","61786590","KN294539v1","253268","253565","31","61533013"
"chr10","62064979","62065267","KN294539v1","532164","532452","11","61532815"
"chr10","62106485","62106913","KN297259v1","929661","930065","132","61176824"
"chr10","62109522","62109693","KN294172v1","5506609","5506781","28","56602913"
"chr10","62109708","62110001","KN294539v1","575870","576169","26","61533838"
"chr10","62654327","62654612","KN295257v1","348260","348541","36","62306067"
"chr10","62777746","62778076","KN296913v1","1867502","1867828","44","60910244"
"chr10","62804465","62804764","KN294539v1","1286357","1286651","18","61518108"
"chr10","62854932","62855196","KN294539v1","1340114","1340398","27","61514818"
"chr10","62967523","62967818","KN294539v1","1456926","1457228","21","61510597"
"chr10","63119894","63120187","KN294569v1","795781","796071","38","62324113"
"chr10","63122358","63122666","KN294540v1","651367","651664","42","62470991"
"chr10","63577050","63577214","KN296829v1","582931","583096","33","62994119"
"chr10","63640670","63640971","KN296247v1","460642","460944","36","63180028"
"chr10","63787385","63787686","KN294539v1","2302951","2303253","9","61484434"
"chr10","63919461","63919656","KN294739v1","696899","697123","55","63222562"
"chr10","63942908","63943214","KN294539v1","2455467","2455768","18","61487441"
"chr10","64280017","64280296","KN294172v1","5743616","5743895","34","58536401"
"chr10","64399043","64399342","KN294539v1","2927214","2927517","15","61471829"
"chr10","64771662","64771972","KN294539v1","3315094","3315401","17","61456568"
"chr10","64798882","64799151","KN294539v1","3343314","3343583","15","61455568"
"chr10","65142586","65142760","KN296086v1","825589","825753","36","64316997"
"chr10","65224430","65224734","KN296547v1","1509134","1509435","36","63715296"
"chr10","65777792","65778104","KN294539v1","4323842","4324146","30","61453950"
"chr10","65907532","65907849","KN294539v1","4446663","4446997","40","61460869"
"chr10","66402505","66402765","KN294470v1","788292","788534","45","65614213"
"chr10","66601464","66601800","KN296360v1","643225","643534","52","65958239"
"chr10","66885547","66885821","KN294987v1","598695","598975","36","66286852"
"chr10","67224347","67224645","KN296360v1","1295959","1296250","30","65928388"
"chr10","67461509","67461670","KN296547v1","644921","645084","24","66816588"
"chr10","67477541","67477836","KN296360v1","1552696","1552989","15","65924845"
"chr10","67562235","67562442","KN294842v1","740895","741078","59","66821340"
"chr10","67718394","67718675","KN294399v1","178526","178809","35","67539868"
"chr10","67887731","67888037","KN295294v1","244045","244353","41","67643686"
"chr10","67962678","67962838","KN296174v1","30392","30557","30","67932286"
"chr10","68275302","68275598","KN296495v1","2925731","2926025","32","65349571"
"chr10","68566317","68566611","KN296495v1","1209717","1210015","34","67356600"
"chr10","69108214","69108489","KN295968v1","13334","13594","52","69094880"
"chr10","69897608","69897900","KN296959v1","44442","44736","37","69853166"
"chr10","70756902","70757221","KN295073v1","75619","75926","53","70681283"
"chr10","70848096","70848406","KN295586v1","5713036","5713339","43","65135060"
"chr10","71013786","71014091","KN295729v1","1416275","1416583","47","69597511"
"chr10","71253958","71254274","KN295368v1","1060473","1060792","48","70193485"
"chr10","71269619","71269767","KN297008v1","1441000","1441155","28","69828619"
"chr10","71294114","71294395","KN297227v1","240655","240937","38","71053459"
"chr10","71476930","71477229","KN294842v1","1341246","1341546","45","70135684"
"chr10","72030567","72030822","KN295039v1","371842","372113","65","71658725"
"chr10","72036097","72036381","KN294217v1","1056246","1056533","43","70979851"
"chr10","72412169","72412461","KN294991v1","1527922","1528206","42","70884247"
"chr10","72598763","72599032","KN296541v1","2853807","2854094","27","69744956"
"chr10","73352469","73352712","KN295533v1","879003","879251","39","72473466"
"chr10","73421993","73422313","KN296782v1","84808","85115","64","73337185"
"chr10","74226826","74227101","KN296541v1","1186798","1187081","32","73040028"
"chr10","75015642","75015927","KN296404v1","3881143","3881420","39","71134499"
"chr10","75183169","75183322","KN297008v1","1441000","1441155","33","73742169"
"chr10","75337440","75337749","KN296541v1","108007","108312","16","75229433"
"chr10","75514786","75515080","KN297404v1","308368","308663","42","75206418"
"chr10","75579244","75579290","KN295614v1","28241","28303","24","75551003"
"chr10","75621588","75621611","KN296139v1","69081","69102","4","75552507"
"chr10","75621639","75621835","KN294864v1","50399","50597","26","75571240"
"chr10","75841719","75842024","KN296635v1","1808458","1808757","42","74033261"
"chr10","75856130","75856436","KN297044v1","108239","108545","38","75747891"
"chr10","76154505","76154810","KN295671v1","158927","159233","35","75995578"
"chr10","76253533","76253833","KN294964v1","864674","864972","32","75388859"
"chr10","76337199","76337494","KN295962v1","674128","674422","38","75663071"
"chr10","76407520","76407828","KN297048v1","478717","479024","38","75928803"
"chr10","76763698","76763882","KN294467v1","24643","24823","47","76739055"
"chr10","76971273","76971581","KN296247v1","460642","460944","38","76510631"
"chr10","77776699","77776991","KN296495v1","1243624","1243910","43","76533075"
"chr10","78845511","78845717","KN294633v1","35268","35473","39","78810243"
"chr10","78947811","78948125","KN297135v1","44960","45268","55","78902851"
"chr10","78965234","78965605","KN296019v1","326373","326716","93","78638861"
"chr10","79393727","79394041","KN296833v1","223841","224150","46","79169886"
"chr10","79394524","79394819","KN294172v1","6737664","6737958","46","72656860"
"chr10","79406159","79406458","KN295582v1","218853","219151","44","79187306"
"chr10","79654374","79654699","KN294536v1","1608066","1608384","49","78046308"
"chr10","80194663","80194951","KN297467v1","1286587","1286876","12","78908076"
"chr10","80314421","80314735","KN297467v1","1155306","1155632","30","79159115"
"chr10","80431767","80432080","KN297467v1","1051419","1051730","24","79380348"
"chr10","80441211","80441409","KN295090v1","2129680","2129888","32","78311531"
"chr10","80804670","80804933","KN297467v1","691746","692011","20","80112924"
"chr10","81140730","81140816","KN295550v1","498465","498533","27","80642265"
"chr10","81154460","81154766","KN297467v1","334928","335233","22","80819532"
"chr10","81159900","81160179","KN294292v1","69203","69492","40","81090697"
"chr10","81212516","81212814","KN297467v1","278377","278674","15","80934139"
"chr10","81311028","81311259","KN294407v1","786896","787127","37","80524132"
"chr10","81311270","81311499","KN296955v1","275294","275525","37","81035976"
"chr10","81689503","81689806","KN294747v1","866490","866789","35","80823013"
"chr10","81692482","81692777","KN295962v1","2488019","2488313","32","79204463"
"chr10","81698987","81699287","KN295633v1","380279","380574","37","81318708"
"chr10","81777186","81777567","KN294874v1","1713411","1713765","95","80063775"
"chr10","81779716","81779869","KN296495v1","1470532","1470683","31","80309184"
"chr10","81797293","81797641","KN295074v1","5715","6040","74","81791578"
"chr10","81815104","81815409","KN294520v1","1300419","1300723","38","80514685"
"chr10","82142904","82143200","KN295610v1","63136","63431","47","82079768"
"chr10","82202103","82202391","KN296093v1","185428","185734","48","82016675"
"chr10","82324010","82324306","KN297452v1","1979430","1979725","26","80344580"
"chr10","82350339","82350633","KN295962v1","674128","674422","32","81676211"
"chr10","82514830","82515155","KN295368v1","1060473","1060792","37","81454357"
"chr10","82547492","82547717","KN295301v1","240798","241015","36","82306694"
"chr10","82648770","82649056","KN294407v1","804694","804981","36","81844076"
"chr10","82900727","82901017","KN296495v1","2925731","2926025","31","79974996"
"chr10","82903624","82903918","KN296296v1","66249","66543","25","82837375"
"chr10","82904945","82905234","KN295075v1","252071","252359","36","82652874"
"chr10","82959070","82959369","KN294451v1","1164519","1164817","38","81794551"
"chr10","82963583","82963864","KN295362v1","113903","114168","42","82849680"
"chr10","82976150","82976448","KN294187v1","1070521","1070824","44","81905629"
"chr10","83028358","83028625","KN297008v1","5703967","5704247","43","77324391"
"chr10","83044366","83044644","KN294365v1","1361534","1361813","39","81682832"
"chr10","83050453","83050759","KN297044v1","389826","390133","51","82660627"
"chr10","83055057","83055359","KN295102v1","249012","249316","38","82806045"
"chr10","83206511","83206806","KN295257v1","1909438","1909734","32","81297073"
"chr10","83229367","83229671","KN297197v1","3802947","3803249","31","79426420"
"chr10","83552275","83552541","KN296404v1","3881143","3881420","46","79671132"
"chr10","83647300","83647608","KN297133v1","545974","546283","31","83101326"
"chr10","83791417","83791672","KN295544v1","200687","200940","34","83590730"
"chr10","83801107","83801398","KN295362v1","1067056","1067349","56","82734051"
"chr10","83919724","83920017","KN294619v1","236638","236931","40","83683086"
"chr10","84531109","84531397","KN294421v1","2072279","2072578","36","82458830"
"chr10","84558339","84558628","KN294421v1","2045473","2045762","6","82512866"
"chr10","84685517","84685778","KN294421v1","1918429","1918688","23","82767088"
"chr10","84855119","84855419","KN294421v1","1757828","1758139","24","83097291"
"chr10","84870486","84870789","KN294421v1","1742485","1742784","19","83128001"
"chr10","85421215","85421506","KN294421v1","1188125","1188425","21","84233090"
"chr10","85517705","85518004","KN294421v1","1091839","1092113","35","84425866"
"chr10","85597487","85597785","KN294421v1","1012805","1013097","17","84584682"
"chr10","85838606","85838932","KN295871v1","355457","355781","40","85483149"
"chr10","85923095","85923344","KN294421v1","680666","680909","15","85242429"
"chr10","86194092","86194388","KN295294v1","2609814","2610110","33","83584278"
"chr10","86358535","86358838","KN294421v1","257691","257996","23","86100844"
"chr10","86423386","86423677","KN294421v1","192687","192995","26","86230699"
"chr10","86432355","86432660","KN294421v1","183106","183407","21","86249249"
"chr10","86511555","86511832","KN294421v1","102402","102671","24","86409153"
"chr10","86524891","86525191","KN294421v1","87819","88127","21","86437072"
"chr10","86607777","86608072","KN294421v1","5742","6040","14","86602035"
"chr10","86656492","86656764","KN297404v1","43622","43893","6","86612870"
"chr10","86663151","86663413","KN297404v1","49920","50204","40","86613231"
"chr10","86673448","86673751","KN297404v1","62402","62708","26","86611046"
"chr10","86704698","86704858","KN295814v1","1118418","1118576","24","85586280"
"chr10","86704891","86705123","KN296460v1","412720","412933","69","86292171"
"chr10","86708631","86708875","KN297404v1","100914","101154","12","86607717"
"chr10","86744986","86745314","KN296036v1","1696646","1696968","53","85048340"
"chr10","86749373","86749581","KN296187v1","2117808","2118027","49","84631565"
"chr10","86885965","86886263","KN297404v1","284914","285211","15","86601051"
"chr10","86889646","86889944","KN297404v1","288616","288912","18","86601030"
"chr10","86905702","86905848","KN294790v1","5437842","5437990","35","81467860"
"chr10","86905852","86906027","KN295820v1","902386","902554","31","86003466"
"chr10","86906200","86906507","KN297404v1","308368","308663","30","86597832"
"chr10","87109202","87109505","KN295984v1","811714","812012","35","86297488"
"chr10","87146268","87146524","KN296682v1","4040014","4040270","33","83106254"
"chr10","87152510","87152815","KN296921v1","2697417","2697719","39","84455093"
"chr10","87188872","87189163","KN295045v1","756205","756493","37","86432667"
"chr10","87251944","87252253","KN296404v1","2778812","2779121","39","84473132"
"chr10","87601367","87601674","KN296139v1","444182","444481","64","87157185"
"chr10","87688789","87688958","KN295236v1","4028297","4028461","37","83660492"
"chr10","87712433","87712599","KN296296v1","24619","24786","28","87687814"
"chr10","87934389","87934692","KN295198v1","516030","516332","37","87418359"
"chr10","87941623","87941920","KN296378v1","801237","801534","34","87140386"
"chr10","88044635","88044927","KN297452v1","1979430","1979725","39","86065205"
"chr10","88096595","88096895","KN295923v1","1571691","1571994","42","86524904"
"chr10","88115159","88115464","KN296547v1","1383439","1383739","43","86731720"
"chr10","88116987","88117279","KN295893v1","7370026","7370312","39","80746961"
"chr10","88136234","88136536","KN295923v1","1430363","1430659","36","86705871"
"chr10","88197407","88197701","KN297203v1","885386","885683","36","87312021"
"chr10","88225124","88225313","KN294416v1","523339","523527","26","87701785"
"chr10","88271715","88272009","KN294372v1","2127199","2127492","47","86144516"
"chr10","88308635","88308927","KN295962v1","674128","674422","36","87634507"
"chr10","88342078","88342242","KN294980v1","230782","230955","34","88111296"
"chr10","88404053","88404357","KN296536v1","488914","489222","51","87915139"
"chr10","88525873","88526184","KN294385v1","767967","768276","38","87757906"
"chr10","88533215","88533492","KN295729v1","38175","38454","43","88495040"
"chr10","88570269","88570568","KN294399v1","115875","116174","33","88454394"
"chr10","88645874","88646036","KN295667v1","2080488","2080645","33","86565386"
"chr10","88656342","88656529","KN296311v1","944376","944554","29","87711966"
"chr10","88668349","88668501","KN296430v1","705227","705382","30","87963122"
"chr10","88668522","88668795","KN294790v1","3847979","3848251","40","84820543"
"chr10","88739986","88740288","KN294399v1","115875","116174","42","88624111"
"chr10","88741531","88741665","KN294613v1","562643","562778","14","88178888"
"chr10","88742019","88742238","KN294902v1","8943","9164","57","88733076"
"chr10","88753260","88753642","KN294372v1","2148036","2148414","79","86605224"
"chr10","88844977","88845267","KN296153v1","2068077","2068367","36","86776900"
"chr10","88847795","88848011","KN296365v1","679575","679791","25","88168220"
"chr10","88949931","88950130","KN296486v1","1714803","1714969","62","87235128"
"chr10","88961880","88962043","KN295294v1","769026","769186","47","88192854"
"chr10","88988089","88988315","KN294439v1","287915","288143","31","88700174"
"chr10","88996276","88996452","KN294378v1","1680015","1680191","33","87316261"
"chr10","89004491","89004688","KN294345v1","2206480","2206684","41","86798011"
"chr10","89022403","89022695","KN294499v1","2542984","2543291","47","86479419"
"chr10","89049842","89050096","KN296138v1","307856","308112","37","88741986"
"chr10","89061677","89061984","KN295073v1","75619","75926","38","88986058"
"chr10","89107226","89107515","KN294207v1","85498","85817","59","89021728"
"chr10","89107524","89107817","KN296296v1","66249","66543","32","89041275"
"chr10","89214927","89215235","KN296430v1","664550","664853","51","88550377"
"chr10","89271769","89272035","KN294326v1","460637","460911","50","88811132"
"chr10","89282893","89283177","KN294940v1","380863","381150","34","88902030"
"chr10","89302055","89302301","KN295533v1","879003","879251","34","88423052"
"chr10","89351996","89352309","KN297242v1","3594348","3594651","38","85757648"
"chr10","89563392","89563700","KN294372v1","1311490","1311797","37","88251902"
"chr10","89584755","89584933","KN296959v1","1152394","1152569","28","88432361"
"chr10","89674486","89674779","KN296153v1","2253898","2254192","31","87420588"
"chr10","89740706","89740936","KN297105v1","520174","520396","41","89220532"
"chr10","89955580","89955873","KN295962v1","674128","674422","33","89281452"
"chr10","90459351","90459641","KN294251v1","1515118","1515410","39","88944233"
"chr10","90476679","90476939","KN294234v1","2405720","2405976","46","88070959"
"chr10","90531616","90531951","KN296391v1","225126","225450","54","90306490"
"chr10","90678311","90678591","KN294571v1","939030","939314","42","89739281"
"chr10","91115147","91115456","KN295708v1","1826032","1826338","44","89289115"
"chr10","91151039","91151341","KN294451v1","1164519","1164817","37","89986520"
"chr10","91686334","91686642","KN296004v1","353630","353936","44","91332704"
"chr10","91764638","91764939","KN294644v1","640723","641020","37","91123915"
"chr10","91800138","91800290","KN297008v1","6657903","6658047","29","85142235"
"chr10","91873975","91874036","KN295550v1","498465","498533","22","91375510"
"chr10","91905617","91905922","KN296484v1","1024460","1024770","48","90881157"
"chr10","91924990","91925305","KN296732v1","3129981","3130299","44","88795009"
"chr10","91933270","91933567","KN294539v1","1107554","1107850","35","90825716"
"chr10","91940964","91941264","KN294399v1","172411","172706","40","91768553"
"chr10","91941427","91941725","KN294540v1","651367","651664","33","91290060"
"chr10","92030886","92031183","KN297159v1","2909102","2909401","23","89121784"
"chr10","92036792","92037032","KN297046v1","2365024","2365265","74","89671768"
"chr10","92585680","92585985","KN297044v1","108239","108545","33","92477441"
"chr10","92743672","92743965","KN295346v1","1790082","1790382","34","90953590"
"chr10","92829289","92829468","KN296263v1","1162606","1162775","31","91666683"
"chr10","93233911","93234214","KN296093v1","185428","185734","30","93048483"
"chr10","93336762","93337072","KN295974v1","2054560","2054859","43","91282202"
"chr10","93467857","93468148","KN295962v1","674128","674422","35","92793729"
"chr10","93469768","93470084","KN295122v1","332244","332552","50","93137524"
"chr10","93484356","93484646","KN297168v1","14797","15086","35","93469559"
"chr10","93499440","93499732","KN295820v1","439050","439341","46","93060390"
"chr10","93628705","93629020","KN295034v1","687258","687569","39","92941447"
"chr10","93755955","93756270","KN294451v1","194657","194961","43","93561298"
"chr10","93831730","93831927","KN297386v1","2382714","2382909","35","91449016"
"chr10","93872109","93872414","KN297376v1","24034","24344","29","93848075"
"chr10","93999772","93999946","KN296086v1","825589","825753","44","93174183"
"chr10","94022409","94022745","KN294647v1","123019","123343","56","93899390"
"chr10","94086618","94086926","KN294520v1","1300419","1300723","38","92786199"
"chr10","94285215","94285511","KN294540v1","651367","651664","31","93633848"
"chr10","94660311","94660516","KN297091v1","158661","158857","43","94501650"
"chr10","94981636","94981917","KN297083v1","400309","400588","45","94581327"
"chr10","95024671","95024965","KN294668v1","2009098","2009384","44","93015573"
"chr10","95030635","95030930","KN296484v1","1024460","1024770","47","94006175"
"chr10","95065030","95065330","KN295607v1","4223094","4223388","64","90841936"
"chr10","95181829","95181998","KN296588v1","803622","803789","25","94378207"
"chr10","95535128","95535417","KN296153v1","3956819","3957110","30","91578309"
"chr10","96044217","96044501","KN294996v1","360005","360288","38","95684212"
"chr10","96107535","96107820","KN297083v1","773279","773550","48","95334256"
"chr10","96205765","96206038","KN295236v1","2638776","2639055","39","93566989"
"chr10","97053895","97054202","KN294526v1","575886","576198","42","96478009"
"chr10","97375964","97376244","KN297227v1","240655","240937","40","97135309"
"chr10","97444832","97445142","KN296738v1","6933","7242","39","97437899"
"chr10","97581591","97581828","KN295755v1","46608","46845","53","97534983"
"chr10","97581842","97582132","KN294506v1","235047","235332","40","97346795"
"chr10","97594950","97595188","KN296062v1","1353746","1353981","39","96241204"
"chr10","97965921","97966231","KN296484v1","1024460","1024770","40","96941461"
"chr10","98111132","98111433","KN294399v1","115875","116174","45","97995257"
"chr10","98224078","98224383","KN296577v1","170798","171097","50","98053280"
"chr10","98429877","98430175","KN294510v1","104913","105218","53","98324964"
"chr10","98571807","98572128","KN295991v1","214428","214755","23","98357379"
"chr10","98589721","98590027","KN295991v1","231987","232297","21","98357734"
"chr10","98796640","98796943","KN295991v1","436591","436883","26","98360049"
"chr10","99007964","99008263","KN295315v1","1631499","1631797","41","97376465"
"chr10","99041786","99042086","KN294705v1","1295353","1295654","38","97746433"
"chr10","99289082","99289439","KN294790v1","2251032","2251377","76","97038050"
"chr10","99388525","99388817","KN295533v1","1124359","1124653","42","98264166"
"chr10","99450759","99450961","KN296090v1","109128","109340","36","99341631"
"chr10","99464899","99465191","KN296913v1","52451","52738","25","99412448"
"chr10","99487679","99487990","KN296913v1","75952","76264","18","99411727"
"chr10","99528545","99528841","KN296913v1","116497","116800","15","99412048"
"chr10","99540661","99540890","KN295437v1","25055","25286","42","99515606"
"chr10","99677906","99678213","KN296913v1","252442","252739","27","99425464"
"chr10","99711888","99712177","KN294548v1","186910","187203","39","99524978"
"chr10","99853429","99853703","KN297141v1","791776","792061","42","99061653"
"chr10","99914480","99914770","KN294506v1","54625","54925","53","99859855"
"chr10","100140625","100140930","KN294850v1","121634","121934","39","100018991"
"chr10","100481379","100481597","KN297112v1","5451151","5451370","45","95030228"
"chr10","100526656","100526916","KN295533v1","2274102","2274357","42","98252554"
"chr10","100812489","100812702","KN296767v1","213805","214033","48","100598684"
"chr10","101059507","101059808","KN294287v1","709415","709716","33","100350092"
"chr10","101089439","101089636","KN295045v1","1182493","1182695","40","99906946"
"chr10","101287571","101287880","KN296913v1","1867502","1867828","28","99420069"
"chr10","101422763","101423076","KN295977v1","1237273","1237582","39","100185490"
"chr10","101533560","101533841","KN295346v1","2128861","2129147","14","99404699"
"chr10","101639701","101639926","KN295346v1","2023036","2023261","18","99616665"
"chr10","101646624","101646867","KN295346v1","2016016","2016261","10","99630608"
"chr10","101790885","101791182","KN295346v1","1867303","1867593","30","99923582"
"chr10","101865215","101865523","KN296484v1","1024460","1024770","25","100840755"
"chr10","101896719","101897014","KN295346v1","1757992","1758284","18","100138727"
"chr10","101974844","101975136","KN295346v1","1680713","1681005","10","100294131"
"chr10","102078153","102078422","KN294548v1","312797","313058","62","101765356"
"chr10","102139250","102139432","KN296119v1","3355213","3355396","28","98784037"
"chr10","102331387","102331682","KN294644v1","640723","641020","33","101690664"
"chr10","102399641","102399944","KN294287v1","709415","709716","34","101690226"
"chr10","102564146","102564454","KN295346v1","1087213","1087521","15","101476933"
"chr10","103015336","103015628","KN295346v1","634358","634652","23","102380978"
"chr10","103016592","103016878","KN295346v1","633098","633395","23","102383494"
"chr10","103098136","103098442","KN295346v1","549954","550254","28","102548182"
"chr10","103255365","103255607","KN295346v1","388582","388851","40","102866783"
"chr10","103645579","103645879","KN294964v1","6330","6626","23","103639249"
"chr10","104084215","104084512","KN295974v1","690483","690778","33","103393732"
"chr10","104108927","104109099","KN295820v1","902386","902554","34","103206541"
"chr10","104122339","104122634","KN294964v1","471052","471350","15","103651287"
"chr10","104140019","104140322","KN294964v1","487984","488301","31","103652035"
"chr10","104154883","104155081","KN294571v1","2367043","2367240","37","101787840"
"chr10","104169011","104169310","KN294964v1","512252","512552","12","103656759"
"chr10","104182980","104183278","KN294964v1","526278","526575","12","103656702"
"chr10","104229595","104229891","KN296609v1","1410682","1410982","34","102818913"
"chr10","104239062","104239236","KN295967v1","467933","468109","27","103771129"
"chr10","104239526","104239538","KN294443v1","170714","170724","4","104068812"
"chr10","104251272","104251581","KN294513v1","681816","682125","36","103569456"
"chr10","104269252","104269552","KN294964v1","614332","614640","26","103654920"
"chr10","104271959","104272138","KN294378v1","1680015","1680191","39","102591944"
"chr10","104302312","104302525","KN295736v1","1074700","1074911","29","103227612"
"chr10","104361896","104362190","KN296063v1","1250917","1251205","48","103110979"
"chr10","104405279","104405582","KN294964v1","748018","748310","27","103657261"
"chr10","104434440","104434715","KN294964v1","775486","775775","27","103658954"
"chr10","104450940","104451232","KN294964v1","792579","792872","20","103658361"
"chr10","104518725","104519034","KN294964v1","864674","864972","23","103654051"
"chr10","104519540","104519818","KN295045v1","274074","274356","45","104245466"
"chr10","104556872","104557165","KN294964v1","903814","904122","26","103653058"
"chr10","104651669","104651974","KN294964v1","1001097","1001401","11","103650572"
"chr10","104713502","104713796","KN294964v1","1064741","1065037","33","103648761"
"chr10","104850598","104850911","KN296732v1","3129981","3130299","50","101720617"
"chr10","104877344","104877645","KN296907v1","877287","877589","31","104000057"
"chr10","105007790","105008066","KN294964v1","1357320","1357618","44","103650470"
"chr10","105327050","105327349","KN294964v1","1679333","1679644","24","103647717"
"chr10","105469278","105469583","KN294964v1","1821199","1821496","17","103648079"
"chr10","105477189","105477497","KN295671v1","158927","159233","38","105318262"
"chr10","105556853","105557152","KN294964v1","1907742","1908042","14","103649111"
"chr10","105622286","105622595","KN295346v1","1790082","1790382","36","103832204"
"chr10","105852426","105852717","KN297327v1","630152","630440","51","105222274"
"chr10","105972270","105972557","KN294366v1","192210","192504","34","105780060"
"chr10","106143909","106144203","KN296108v1","735240","735530","40","105408669"
"chr10","106276130","106276300","KN294596v1","141115","141287","32","106135015"
"chr10","106714567","106714866","KN296278v1","166548","166844","34","106548019"
"chr10","106724725","106725026","KN295343v1","373896","374196","35","106350829"
"chr10","106764650","106764943","KN295744v1","235007","235306","36","106529643"
"chr10","106831672","106831978","KN294446v1","290641","290939","37","106541031"
"chr10","106867577","106867799","KN297105v1","520174","520396","35","106347403"
"chr10","107024685","107024997","KN296263v1","897226","897536","38","106127459"
"chr10","107129448","107129751","KN294446v1","290641","290939","31","106838807"
"chr10","107177222","107177499","KN294399v1","178526","178809","48","106998696"
"chr10","107220836","107221168","KN297274v1","1412869","1413197","50","105807967"
"chr10","107256266","107256566","KN294451v1","1164519","1164817","28","106091747"
"chr10","107568269","107568610","KN294346v1","313844","314182","68","107254425"
"chr10","107574916","107575190","KN297112v1","6395083","6395364","35","101179833"
"chr10","107635693","107635985","KN294747v1","866490","866789","35","106769203"
"chr10","107793949","107794251","KN296726v1","447655","447965","36","107346294"
"chr10","107910435","107910724","KN295366v1","153538","153829","37","107756897"
"chr10","107967813","107968103","KN295236v1","5176018","5176310","39","102791795"
"chr10","107996695","107996988","KN294583v1","245896","246194","43","107750799"
"chr10","108314164","108314184","KN296139v1","69081","69102","4","108245083"
"chr10","108314215","108314508","KN294987v1","598695","598975","44","107715520"
"chr10","108340970","108341141","KN295319v1","430475","430648","37","107910495"
"chr10","108362766","108362969","KN295894v1","2215631","2215837","32","106147135"
"chr10","108380713","108380942","KN294407v1","786896","787127","36","107593817"
"chr10","108669696","108670007","KN295601v1","365785","366093","42","108303911"
"chr10","108699017","108699199","KN296119v1","3355213","3355396","35","105343804"
"chr10","108808742","108809038","KN294540v1","651367","651664","35","108157375"
"chr10","108840848","108841143","KN294571v1","1349003","1349300","46","107491845"
"chr10","109404228","109404532","KN295343v1","373896","374196","40","109030332"
"chr10","109429669","109429968","KN294842v1","297954","298253","39","109131715"
"chr10","109485658","109485963","KN294187v1","188357","188668","36","109297301"
"chr10","109792158","109792440","KN295758v1","372014","372298","36","109420144"
"chr10","109801137","109801458","KN294758v1","2335286","2335568","73","107465851"
"chr10","109914434","109914730","KN296296v1","66249","66543","34","109848185"
"chr10","110250723","110251029","KN296926v1","812181","812484","39","109438542"
"chr10","110303678","110303956","KN295085v1","326450","326732","48","109977228"
"chr10","110399542","110399851","KN295586v1","5713036","5713339","36","104686506"
"chr10","110553302","110553595","KN295366v1","209875","210171","38","110343427"
"chr10","110560070","110560390","KN295430v1","194615","194934","42","110365455"
"chr10","110570591","110570870","KN295257v1","348260","348541","36","110222331"
"chr10","110585870","110586161","KN294790v1","3806584","3806878","37","106779286"
"chr10","110620810","110621115","KN296825v1","1702761","1703066","43","108918049"
"chr10","110650331","110650637","KN297197v1","3802947","3803249","34","106847384"
"chr10","110667614","110667900","KN294217v1","1056246","1056533","38","109611368"
"chr10","110706067","110706370","KN296229v1","984970","985272","31","109721097"
"chr10","110710092","110710383","KN296324v1","208092","208392","41","110502000"
"chr10","110900464","110900750","KN294486v1","82200","82485","36","110818264"
"chr10","111297944","111298230","KN296096v1","2440700","2440989","33","108857244"
"chr10","111731717","111731853","KN296495v1","1470532","1470683","34","110261185"
"chr10","111731865","111731936","KN297008v1","1094032","1094107","23","110637833"
"chr10","111731939","111732148","KN295352v1","985293","985503","29","110746646"
"chr10","111881279","111881588","KN296484v1","1024460","1024770","42","110856819"
"chr10","111913787","111913966","KN296959v1","1152394","1152569","32","110761393"
"chr10","111957062","111957391","KN294346v1","313844","314182","65","111643218"
"chr10","111962689","111963000","KN295893v1","1920187","1920491","40","110042502"
"chr10","112063651","112063972","KN296036v1","1696646","1696968","35","110367005"
"chr10","112204754","112205054","KN294734v1","725220","725524","22","111479534"
"chr10","112223776","112224076","KN295343v1","373896","374196","32","111849880"
"chr10","112840903","112841192","KN294734v1","107992","108284","14","112732911"
"chr10","113396222","113396519","KN296378v1","801237","801534","38","112594985"
"chr10","113413056","113413339","KN297444v1","491734","492016","14","112921322"
"chr10","113479623","113479922","KN296093v1","185428","185734","34","113294195"
"chr10","113673675","113674083","KN296654v1","87552","87939","103","113586123"
"chr10","113693985","113694290","KN297444v1","223735","224041","24","113470250"
"chr10","113829784","113830076","KN294619v1","236638","236931","43","113593146"
"chr10","114024036","114024346","KN295090v1","1599983","1600291","41","112424053"
"chr10","114220518","114220824","KN296077v1","270520","270821","20","113949998"
"chr10","114548042","114548308","KN297008v1","2596023","2596303","45","111952019"
"chr10","114548321","114548548","KN294339v1","34283","34502","40","114514038"
"chr10","114858839","114859141","KN294172v1","2885288","2885591","50","111973551"
"chr10","114935689","114935985","KN296646v1","1469964","1470255","28","113465725"
"chr10","115003258","115003447","KN296119v1","3355213","3355396","41","111648045"
"chr10","115502820","115503091","KN296646v1","891861","892132","15","114610959"
"chr10","115771615","115771907","KN296481v1","205477","205769","31","115566138"
"chr10","115851682","115851991","KN294883v1","392954","393264","34","115458728"
"chr10","115964901","115965212","KN296646v1","441901","442204","24","115523000"
"chr10","115976105","115976399","KN296646v1","429889","430179","26","115546216"
"chr10","115990599","115990902","KN296646v1","413565","413862","15","115577034"
"chr10","116058743","116059004","KN296646v1","342044","342305","5","115716699"
"chr10","116082334","116082606","KN294372v1","2081363","2081636","35","114000971"
"chr10","116686530","116686840","KN294485v1","105000","105306","43","116581530"
"chr10","117076607","117076892","KN295302v1","2589","2879","23","117074018"
"chr10","117111425","117111721","KN295302v1","38342","38635","22","117073083"
"chr10","117202316","117202618","KN295302v1","131810","132110","16","117070506"
"chr10","117471758","117472046","KN295366v1","153538","153829","40","117318220"
"chr10","117492705","117492881","KN295349v1","47758","47931","27","117444947"
"chr10","117500353","117500654","KN295034v1","604953","605250","32","116895400"
"chr10","117516283","117516587","KN296093v1","185428","185734","30","117330855"
"chr10","117527665","117527942","KN294705v1","870227","870507","33","116657438"
"chr10","117583192","117583445","KN296879v1","827610","827872","42","116755582"
"chr10","117603093","117603252","KN295820v1","902386","902554","36","116700707"
"chr10","117656997","117657309","KN294499v1","899277","899580","48","116757720"
"chr10","117663959","117664259","KN297442v1","1648457","1648767","68","116015502"
"chr10","117664270","117664574","KN294747v1","866490","866789","44","116797780"
"chr10","117693092","117693388","KN294571v1","2837988","2838277","40","114855104"
"chr10","117749078","117749260","KN296119v1","3355213","3355396","37","114393865"
"chr10","117768153","117768348","KN294416v1","523339","523527","25","117244814"
"chr10","117935881","117936183","KN295352v1","447012","447311","36","117488869"
"chr10","117977750","117978048","KN297452v1","1979430","1979725","33","115998320"
"chr10","118392946","118393198","KN297008v1","357859","358127","66","118035087"
"chr10","118474178","118474481","KN294520v1","1300419","1300723","38","117173759"
"chr10","118482292","118482576","KN297141v1","791776","792061","32","117690516"
"chr10","118558638","118558745","KN295171v1","774709","774836","38","117783929"
"chr10","118634376","118634676","KN295343v1","373896","374196","32","118260480"
"chr10","118719559","118719854","KN296495v1","2925731","2926025","59","115793828"
"chr10","118779114","118779385","KN296485v1","447446","447718","31","118331668"
"chr10","118944183","118944464","KN294399v1","178526","178809","38","118765657"
"chr10","118965087","118965396","KN296158v1","10148","10458","37","118954939"
"chr10","119053759","119054116","KN295984v1","1597578","1597901","98","117456181"
"chr10","119235498","119235798","KN296495v1","2925731","2926025","27","116309767"
"chr10","119334325","119334594","KN294229v1","183139","183412","44","119151186"
"chr10","119493305","119493603","KN296620v1","947748","948045","32","118545557"
"chr10","119726462","119726649","KN294809v1","338554","338741","38","119387908"
"chr10","120236132","120236418","KN294506v1","235047","235332","45","120001085"
"chr10","120296126","120296433","KN295717v1","244204","244509","21","120051922"
"chr10","120362956","120363128","KN295967v1","467933","468109","31","119895023"
"chr10","120363159","120363283","KN297157v1","346228","346351","21","120016931"
"chr10","120397852","120398161","KN297200v1","98740","99051","36","120299112"
"chr10","120455507","120455808","KN294520v1","1300419","1300723","38","119155088"
"chr10","120508557","120508928","KN297200v1","98740","99051","97","120409817"
"chr10","120728758","120729038","KN297227v1","240655","240937","35","120488103"
"chr10","120793754","120794035","KN295717v1","728218","728510","30","120065536"
"chr10","120929516","120929810","KN295717v1","868776","869073","24","120060740"
"chr10","120942735","120942900","KN296174v1","30392","30557","34","120912343"
"chr10","120955497","120955802","KN295717v1","898954","899252","19","120056543"
"chr10","121009916","121010201","KN295717v1","953616","953901","17","120056300"
"chr10","121019347","121019635","KN295717v1","963220","963510","18","120056127"
"chr10","121257920","121258218","KN296495v1","1209717","1210015","40","120048203"
"chr10","121410078","121410375","KN295717v1","1357790","1358095","25","120052288"
"chr10","121456723","121457046","KN295717v1","1407467","1407793","21","120049256"
"chr10","121496643","121496949","KN295717v1","1448134","1448434","27","120048509"
"chr10","121725300","121725647","KN295717v1","1679011","1679350","41","120046289"
"chr10","121789613","121789910","KN294373v1","1253529","1253824","35","120536084"
"chr10","122088666","122088967","KN295717v1","2043664","2043959","25","120045002"
"chr10","122206566","122206793","KN295717v1","2160792","2161022","16","120045774"
"chr10","123071445","123071748","KN295854v1","1504180","1504481","30","121567265"
"chr10","123749957","123750263","KN294372v1","2056206","2056510","36","121693751"
"chr10","123785360","123785665","KN296948v1","1357864","1358169","68","122427496"
"chr10","123954232","123954518","KN295350v1","1241887","1242168","50","122712345"
"chr10","124106115","124106418","KN295977v1","1237273","1237582","32","122868842"
"chr10","124106931","124107219","KN295075v1","252071","252359","33","123854860"
"chr10","124260342","124260652","KN297322v1","1320329","1320630","34","122940013"
"chr10","124292774","124293072","KN294964v1","864674","864972","30","123428100"
"chr10","124300533","124300835","KN295343v1","373896","374196","34","123926637"
"chr10","124369434","124369595","KN296086v1","825589","825753","33","123543845"
"chr10","124389426","124389598","KN296588v1","803622","803789","29","123585804"
"chr10","124389609","124389897","KN295405v1","1460740","1461028","43","122928869"
"chr10","124467647","124467947","KN294399v1","115875","116174","36","124351772"
"chr10","124501461","124501765","KN296079v1","758684","758993","49","123742777"
"chr10","124561363","124561677","KN295074v1","5715","6040","35","124555648"
"chr10","125084120","125084323","KN296859v1","1427369","1427572","32","123656751"
"chr10","125299830","125300130","KN295074v1","748827","749135","28","124551003"
"chr10","126339716","126340027","KN294662v1","393280","393590","41","125946436"
"chr10","126517000","126517297","KN294539v1","1107554","1107850","36","125409446"
"chr10","126522239","126522546","KN296495v1","2126108","2126415","42","124396131"
"chr10","126590470","126590776","KN297044v1","108239","108545","33","126482231"
"chr10","127234060","127234359","KN294995v1","74685","74986","32","127159375"
"chr10","127244595","127244836","KN295755v1","46608","46845","70","127197987"
"chr10","127427104","127427403","KN296635v1","1808458","1808757","31","125618646"
"chr10","127496936","127497239","KN295984v1","811714","812012","35","126685222"
"chr10","127507464","127507753","KN296261v1","607411","607706","34","126900053"
"chr10","127524113","127524394","KN294548v1","312797","313058","65","127211316"
"chr10","127568058","127568097","KN295045v1","1336617","1336651","11","126231441"
"chr10","127591161","127591403","KN295294v1","3311128","3311366","41","124280033"
"chr10","127644913","127645084","KN294842v1","167464","167629","31","127477449"
"chr10","127683842","127684023","KN296296v1","24619","24786","39","127659223"
"chr10","127705725","127706038","KN295871v1","63017","63323","48","127642708"
"chr10","127727104","127727411","KN294399v1","115875","116174","34","127611229"
"chr10","127744318","127744493","KN295319v1","430475","430648","31","127313843"
"chr10","127744790","127744975","KN297044v1","582510","582668","51","127162280"
"chr10","127750522","127750837","KN294385v1","291689","291997","38","127458833"
"chr10","127757961","127758270","KN294520v1","1300419","1300723","37","126457542"
"chr10","128153568","128153745","KN294790v1","2350797","2350969","29","125802771"
"chr10","128331448","128331747","KN294269v1","772756","773053","44","127558692"
"chr11","390754","391048","KN295241v1","157199","157498","36","233555"
"chr11","497782","497950","KN295294v1","769026","769186","38","271244"
"chr11","500096","500406","KN295573v1","95534","95824","37","404562"
"chr11","629567","629863","KN295573v1","219084","219384","30","410483"
"chr11","754449","754753","KN295573v1","344566","344876","24","409883"
"chr11","902222","902380","KN296138v1","109604","109767","27","792618"
"chr11","957183","957333","KN297008v1","6657903","6658047","39","5700720"
"chr11","972804","972892","KN295550v1","498465","498533","32","474339"
"chr11","1118079","1118293","KN295623v1","334653","334867","29","783426"
"chr11","1162486","1162788","KN295345v1","868768","869065","42","293718"
"chr11","1582810","1583069","KN295573v1","1183965","1184244","40","398845"
"chr11","1588570","1588911","KN294181v1","1241769","1242085","84","346801"
"chr11","1723056","1723356","KN297133v1","697347","697647","46","1025709"
"chr11","1729826","1730121","KN297203v1","885386","885683","40","844440"
"chr11","1797379","1797690","KN295573v1","1392337","1392651","22","405042"
"chr11","1797708","1797929","KN295633v1","200390","200624","50","1597318"
"chr11","2519256","2519569","KN295573v1","2109163","2109481","27","410093"
"chr11","2813297","2813579","KN295441v1","1423762","1424052","33","1389535"
"chr11","2909843","2910133","KN296108v1","735240","735530","28","2174603"
"chr11","2971664","2971971","KN294520v1","1300419","1300723","35","1671245"
"chr11","2992451","2992715","KN294172v1","1585798","1586062","50","1406653"
"chr11","2995177","2995468","KN294964v1","6330","6626","63","2988847"
"chr11","3496588","3496891","KN294385v1","767967","768276","51","2728621"
"chr11","3514274","3514553","KN294571v1","1165499","1165774","52","2348775"
"chr11","3808302","3808617","KN296484v1","1024460","1024770","41","2783842"
"chr11","4081307","4081594","KN295257v1","348260","348541","45","3733047"
"chr11","4132627","4132931","KN297153v1","845269","845578","35","3287358"
"chr11","4150621","4150922","KN296761v1","97995","98298","34","4052626"
"chr11","4184590","4184896","KN295343v1","373896","374196","32","3810694"
"chr11","4195483","4195784","KN296145v1","3219494","3219793","34","975989"
"chr11","4266881","4267183","KN295315v1","1631499","1631797","34","2635382"
"chr11","4343959","4344271","KN296139v1","455849","456157","36","3888110"
"chr11","4352727","4353015","KN297245v1","1400749","1401038","29","2951978"
"chr11","4377953","4378246","KN294540v1","651367","651664","38","3726586"
"chr11","4379031","4379322","KN296178v1","889830","890120","38","3489201"
"chr11","4426063","4426373","KN295586v1","5713036","5713339","39","1286973"
"chr11","4445788","4446086","KN294747v1","866490","866789","37","3579298"
"chr11","4595551","4595857","KN295198v1","516030","516332","40","4079521"
"chr11","4745717","4746067","KN296201v1","2807367","2807700","96","1938350"
"chr11","4748952","4749222","KN295964v1","43993","44262","36","4704959"
"chr11","5030493","5030797","KN295361v1","760021","760325","41","4270472"
"chr11","5074788","5075070","KN295962v1","2457159","2457455","46","2617629"
"chr11","5597136","5597442","KN295236v1","3010436","3010743","45","2586700"
"chr11","5696137","5696454","KN295074v1","748827","749135","51","4947310"
"chr11","6046675","6046960","KN294486v1","82200","82485","38","5964475"
"chr11","6052924","6053218","KN294790v1","3806584","3806878","34","2246340"
"chr11","6060324","6060625","KN295154v1","149426","149727","33","5910898"
"chr11","6095881","6096158","KN296253v1","63975","64266","42","6031906"
"chr11","6180852","6181150","KN295854v1","1504180","1504481","31","4676672"
"chr11","6202728","6202991","KN295936v1","2228111","2228371","37","3974617"
"chr11","6217855","6218139","KN295075v1","252071","252359","37","5965784"
"chr11","6284110","6284411","KN296761v1","97995","98298","32","6186115"
"chr11","6290288","6290562","KN296487v1","194550","194834","48","6095738"
"chr11","6293651","6293953","KN295936v1","2770576","2770884","38","3523075"
"chr11","6306781","6307089","KN294147v1","1614845","1615150","48","4691936"
"chr11","6338123","6338431","KN294458v1","1806359","1806662","31","4531764"
"chr11","6496732","6497015","KN295735v1","1123529","1123814","42","5373203"
"chr11","6537860","6538154","KN294842v1","1341246","1341546","34","5196614"
"chr11","6538453","6538622","KN296311v1","1013861","1014022","30","5524592"
"chr11","6543820","6544138","KN294873v1","432363","432666","56","6111457"
"chr11","6619148","6619445","KN296093v1","185428","185734","31","6433720"
"chr11","6624696","6625005","KN296426v1","434520","434830","35","6190176"
"chr11","6631382","6631635","KN296337v1","110009","110282","48","6521373"
"chr11","6663850","6664149","KN294540v1","651367","651664","33","6012483"
"chr11","6681435","6681787","KN294705v1","1755141","1755457","82","4926294"
"chr11","6682826","6683111","KN294790v1","3806584","3806878","44","2876242"
"chr11","6694859","6695156","KN296495v1","2925731","2926025","28","3769128"
"chr11","6698909","6699071","KN295090v1","1465525","1465689","34","5233384"
"chr11","6741166","6741396","KN295651v1","1142223","1142456","35","5598943"
"chr11","6752676","6752985","KN295090v1","2429880","2430187","42","4322796"
"chr11","6767198","6767330","KN297274v1","1641483","1641604","44","5125715"
"chr11","6818328","6818505","KN294863v1","491835","492008","35","6326493"
"chr11","6837393","6837703","KN296526v1","33090","33393","44","6804303"
"chr11","6840717","6841022","KN294445v1","708810","709117","35","6131907"
"chr11","6924533","6924835","KN295343v1","373896","374196","30","6550637"
"chr11","7020474","7020776","KN296380v1","7066","7372","34","7013408"
"chr11","7086748","7087042","KN295319v1","23766","24059","32","7062982"
"chr11","7120068","7120360","KN295157v1","240714","241018","43","6879354"
"chr11","7125246","7125399","KN295294v1","769026","769186","25","6356220"
"chr11","7368812","7369111","KN296864v1","1098087","1098388","36","6270725"
"chr11","7617616","7617916","KN296145v1","2054597","2054892","52","5563019"
"chr11","7765955","7766247","KN297452v1","1979430","1979725","39","5786525"
"chr11","7810710","7810862","KN297159v1","1909075","1909226","29","5901635"
"chr11","7811174","7811357","KN296187v1","2257894","2258030","60","5553280"
"chr11","7838643","7838933","KN297320v1","356322","356612","39","7482321"
"chr11","7855287","7855591","KN297197v1","3802947","3803249","34","4052340"
"chr11","7858670","7858970","KN294292v1","69203","69492","38","7789467"
"chr11","7886396","7886701","KN295962v1","674128","674422","40","7212268"
"chr11","7891504","7891690","KN294416v1","523339","523527","34","7368165"
"chr11","7891905","7892208","KN296315v1","577799","578100","37","7314106"
"chr11","7914358","7914670","KN295236v1","5272450","5272764","47","2641908"
"chr11","7932502","7932790","KN294940v1","380863","381150","34","7551639"
"chr11","7965078","7965373","KN294467v1","247401","247694","47","7717677"
"chr11","7968516","7968818","KN296513v1","303366","303672","22","7665150"
"chr11","7988889","7989070","KN295202v1","2028222","2028396","33","5960667"
"chr11","8000956","8001250","KN297452v1","1979430","1979725","34","6021526"
"chr11","8018727","8018993","KN294548v1","312797","313058","51","7705930"
"chr11","8084431","8084728","KN296826v1","122558","122853","43","7961873"
"chr11","8093710","8094016","KN295671v1","158927","159233","35","7934783"
"chr11","8147370","8147677","KN297242v1","1009728","1010033","36","7137642"
"chr11","8815028","8815333","KN295371v1","255428","255736","36","8559600"
"chr11","9283688","9283968","KN294569v1","795781","796071","43","8487907"
"chr11","9589963","9590126","KN294842v1","167464","167629","26","9422499"
"chr11","9590166","9590302","KN294571v1","2366600","2366733","28","7223566"
"chr11","9616204","9616357","KN294548v1","1393080","1393238","17","8223124"
"chr11","10074468","10074760","KN296770v1","54884","55167","19","10019584"
"chr11","10264008","10264271","KN296770v1","257742","258005","14","10006266"
"chr11","10279323","10279588","KN296770v1","241991","242256","10","10037332"
"chr11","10291599","10291894","KN296770v1","270572","270878","27","10021027"
"chr11","10447244","10447558","KN296201v1","1089936","1090239","47","9357308"
"chr11","10582383","10582692","KN296484v1","1024460","1024770","32","9557923"
"chr11","10678752","10679051","KN296770v1","661154","661444","22","10017598"
"chr11","10840289","10840583","KN296513v1","303366","303672","36","10536923"
"chr11","11367312","11367491","KN296153v1","2696247","2696418","38","8671065"
"chr11","11368135","11368393","KN296496v1","143366","143630","40","11224769"
"chr11","11420614","11420914","KN296731v1","125226","125524","22","11295388"
"chr11","11730491","11730786","KN296731v1","429367","429663","18","11301124"
"chr11","11766026","11766326","KN296731v1","464933","465242","32","11301093"
"chr11","12002438","12002750","KN296731v1","704777","705101","33","11297661"
"chr11","12011534","12011832","KN296731v1","714807","715112","21","11296727"
"chr11","12247501","12247792","KN296731v1","955214","955505","12","11292287"
"chr11","12355602","12355904","KN296731v1","1066775","1067078","17","11288827"
"chr11","12366652","12366942","KN296731v1","1077976","1078259","31","11288676"
"chr11","12507132","12507309","KN296959v1","1152394","1152569","33","11354738"
"chr11","12547503","12547803","KN296731v1","1263856","1264165","28","11283647"
"chr11","12560849","12561139","KN296731v1","1279927","1280227","26","11280922"
"chr11","12634458","12634753","KN296731v1","1365529","1365827","13","11268929"
"chr11","12751113","12751406","KN297458v1","321335","321631","25","12429778"
"chr11","12754439","12754741","KN296731v1","1480508","1480814","24","11273931"
"chr11","12917148","12917313","KN294842v1","167464","167629","31","12749684"
"chr11","13109833","13110066","KN296731v1","1852200","1852409","32","11257633"
"chr11","13362964","13363262","KN294592v1","51794","52092","43","13311170"
"chr11","13653682","13653972","KN296139v1","7891","8178","31","13645791"
"chr11","13769728","13770031","KN295980v1","650514","650815","37","13119214"
"chr11","14138591","14138886","KN296315v1","214607","214885","31","13923984"
"chr11","14145757","14146050","KN296315v1","221665","221960","10","13924092"
"chr11","14151276","14151580","KN297219v1","687673","687980","43","13463603"
"chr11","14164814","14165015","KN297112v1","2436873","2437092","46","11727941"
"chr11","14176534","14176824","KN296315v1","255250","255536","23","13921284"
"chr11","14199512","14199800","KN294921v1","275933","276212","51","13923579"
"chr11","14208316","14208607","KN294571v1","2837988","2838277","32","11370328"
"chr11","14210053","14210357","KN294842v1","297954","298253","36","13912099"
"chr11","14224904","14225178","KN296315v1","296261","296535","9","13928643"
"chr11","14263150","14263457","KN296315v1","334318","334635","27","13928832"
"chr11","14329314","14329610","KN296315v1","398078","398379","22","13931236"
"chr11","14413401","14413700","KN296315v1","485707","486005","13","13927694"
"chr11","14510000","14510165","KN295349v1","47758","47931","33","14462242"
"chr11","14513498","14513799","KN296315v1","577799","578100","15","13935699"
"chr11","15063162","15063466","KN296315v1","1156693","1157002","22","13906469"
"chr11","15332861","15333154","KN296315v1","1430670","1430979","39","13902191"
"chr11","15412031","15412335","KN296609v1","1410682","1410982","36","14001349"
"chr11","15565925","15566220","KN294540v1","651367","651664","28","14914558"
"chr11","15649921","15650201","KN296315v1","1758758","1759041","13","13891163"
"chr11","15749288","15749605","KN296315v1","1864376","1864686","28","13884912"
"chr11","15757520","15757798","KN294181v1","488569","488854","51","15268951"
"chr11","15767949","15768244","KN296315v1","1883187","1883484","19","13884762"
"chr11","15793280","15793576","KN295415v1","23860","24158","32","15769420"
"chr11","15813765","15814044","KN295405v1","157962","158246","40","15655803"
"chr11","15846675","15846985","KN296315v1","1963439","1963746","18","13883236"
"chr11","15929683","15929726","KN295045v1","1336617","1336651","22","14593066"
"chr11","16055016","16055314","KN295339v1","25482","25778","36","16029534"
"chr11","16696394","16696759","KN297462v1","148812","149125","68","16547582"
"chr11","16701372","16701665","KN297462v1","143739","144032","20","16557633"
"chr11","17363044","17363331","KN295366v1","153538","153829","36","17209506"
"chr11","17929441","17929728","KN294318v1","133116","133408","20","17796325"
"chr11","17989872","17990177","KN294318v1","191904","192203","24","17797968"
"chr11","18952751","18953063","KN296484v1","1024460","1024770","44","17928291"
"chr11","19193810","19194111","KN295814v1","1307312","1307597","52","17886498"
"chr11","19248726","19249020","KN296154v1","3545322","3545618","37","15703404"
"chr11","19253151","19253441","KN295984v1","3157265","3157559","43","16095886"
"chr11","19270938","19271232","KN296730v1","139754","140035","25","19131184"
"chr11","19396957","19397254","KN295854v1","1504180","1504481","38","17892777"
"chr11","19642165","19642467","KN296726v1","507058","507357","40","19135107"
"chr11","19742293","19742601","KN295202v1","332398","332708","15","19409895"
"chr11","20635462","20635764","KN295202v1","1270577","1270872","34","19364885"
"chr11","20645698","20645997","KN295202v1","1285413","1285705","37","19360285"
"chr11","21168957","21169233","KN295202v1","1662893","1663162","29","19506064"
"chr11","21237718","21238037","KN297095v1","3863835","3864149","40","17373883"
"chr11","21515587","21515710","KN295202v1","2027804","2027927","7","19487783"
"chr11","21516015","21516194","KN295261v1","75008","75178","35","21441007"
"chr11","21684024","21684333","KN294499v1","2127860","2128168","31","19556164"
"chr11","22423285","22423421","KN297008v1","6657903","6658047","30","15765382"
"chr11","22708272","22708585","KN296001v1","263919","264229","41","22444353"
"chr11","22966525","22966806","KN295236v1","1562516","1562803","42","21404009"
"chr11","23124944","23125231","KN295236v1","1562516","1562803","40","21562428"
"chr11","23141541","23141815","KN295828v1","1095001","1095277","39","22046540"
"chr11","23326284","23326587","KN297390v1","1618308","1618605","18","21707976"
"chr11","23346647","23346945","KN297390v1","1597843","1598153","28","21748804"
"chr11","23631267","23631575","KN297390v1","1312035","1312331","24","22319232"
"chr11","23936193","23936501","KN297390v1","990430","990740","15","22945763"
"chr11","24023632","24023938","KN296484v1","1024460","1024770","40","22999172"
"chr11","24453361","24453660","KN297390v1","450117","450415","16","24003244"
"chr11","24654993","24655250","KN297210v1","51987","52241","45","24603006"
"chr11","24655303","24655321","KN297242v1","2980718","2980736","4","21674585"
"chr11","24905459","24905757","KN295984v1","811714","812012","41","24093745"
"chr11","24949684","24949958","KN297068v1","320417","320691","14","24629267"
"chr11","24955125","24955419","KN297068v1","314973","315272","19","24640152"
"chr11","24960052","24960360","KN295074v1","748827","749135","38","24211225"
"chr11","25404244","25404425","KN297154v1","211161","211330","38","25193083"
"chr11","25404737","25404749","KN294213v1","437220","437234","5","24967517"
"chr11","25621506","25621659","KN294187v1","1542649","1542810","40","24078857"
"chr11","25832866","25833111","KN296775v1","1235272","1235516","34","24597594"
"chr11","26010816","26011113","KN295441v1","1423762","1424052","38","24587054"
"chr11","26178058","26178355","KN296244v1","671098","671393","35","25506960"
"chr11","26190707","26191020","KN296062v1","226881","227191","40","25963826"
"chr11","26207304","26207600","KN295236v1","1688322","1688613","37","24518982"
"chr11","26558613","26558870","KN297264v1","52862","53109","40","26505751"
"chr11","26679691","26680019","KN296036v1","1696646","1696968","41","24983045"
"chr11","26788450","26788739","KN294619v1","236638","236931","36","26551812"
"chr11","26831474","26831774","KN294287v1","709415","709716","45","26122059"
"chr11","27036975","27037264","KN295735v1","1675335","1675618","39","25361640"
"chr11","27046976","27047267","KN296879v1","347682","347972","31","26699294"
"chr11","27064863","27065170","KN294980v1","865158","865465","34","26199705"
"chr11","27122406","27122687","KN295257v1","348260","348541","36","26774146"
"chr11","27133844","27134153","KN297274v1","241094","241395","44","26892750"
"chr11","27283750","27284045","KN296825v1","1593731","1594025","41","25690019"
"chr11","27466659","27466799","KN296495v1","1470532","1470683","34","25996127"
"chr11","27481877","27482205","KN295294v1","3735345","3735670","43","23746532"
"chr11","27615838","27616135","KN295974v1","690483","690778","39","26925355"
"chr11","27987516","27987800","KN296726v1","936728","937013","40","27050788"
"chr11","28025750","28026056","KN295080v1","120776","121074","53","27904974"
"chr11","28459773","28460081","KN297044v1","108239","108545","36","28351534"
"chr11","28601983","28602281","KN294711v1","312611","312910","29","28289372"
"chr11","28852624","28852929","KN295729v1","1416275","1416583","43","27436349"
"chr11","28906829","28907138","KN297083v1","962277","962581","42","27944552"
"chr11","29050580","29050874","KN295371v1","415318","415609","42","28635262"
"chr11","29513536","29513801","KN296094v1","180027","180288","45","29333509"
"chr11","29811474","29811763","KN294407v1","1565517","1565792","79","28245957"
"chr11","29913759","29914063","KN294539v1","1107554","1107850","37","28806205"
"chr11","29968884","29969043","KN296174v1","30392","30557","37","29938492"
"chr11","29969074","29969198","KN295995v1","71301","71424","17","29897773"
"chr11","30100410","30100686","KN295571v1","569713","569988","38","29530697"
"chr11","30101555","30101847","KN295962v1","375746","376041","43","29725809"
"chr11","30413641","30413936","KN297361v1","396419","396701","53","30017222"
"chr11","30670417","30670719","KN294172v1","6407720","6408021","35","24262697"
"chr11","30850962","30851257","KN294229v1","325933","326233","19","30525029"
"chr11","30891893","30892194","KN294229v1","289636","289926","34","30602257"
"chr11","30935684","30935982","KN294229v1","243736","244032","17","30691948"
"chr11","30995343","30995622","KN294229v1","183139","183412","31","30812204"
"chr11","31042182","31042494","KN296311v1","5354766","5355076","38","25687416"
"chr11","31084638","31084935","KN296635v1","1808458","1808757","24","29276180"
"chr11","31169750","31170041","KN295928v1","2435","2743","30","31167315"
"chr11","31180588","31180905","KN294220v1","7908","8225","15","31172680"
"chr11","31237659","31237964","KN296287v1","94610","94918","19","31143049"
"chr11","31282825","31283121","KN297452v1","1979430","1979725","33","29303395"
"chr11","31306318","31306628","KN296287v1","24778","25088","24","31281540"
"chr11","31308978","31309274","KN296296v1","66249","66543","47","31242729"
"chr11","31326794","31327089","KN296287v1","9382","9685","20","31317412"
"chr11","31344218","31344511","KN296726v1","28723","29017","13","31315495"
"chr11","31354594","31354777","KN296486v1","1468682","1468869","38","29885912"
"chr11","31379102","31379409","KN296726v1","72652","72952","19","31306450"
"chr11","31406594","31406877","KN296726v1","106697","106971","14","31299897"
"chr11","31461877","31462178","KN296726v1","157389","157689","32","31304488"
"chr11","31464917","31465226","KN296726v1","160429","160747","24","31304488"
"chr11","31492252","31492545","KN295983v1","1273727","1274022","47","30218525"
"chr11","31561174","31561354","KN296119v1","3355213","3355396","35","28205961"
"chr11","31731368","31731668","KN294592v1","51794","52092","37","31679574"
"chr11","31741468","31741778","KN296726v1","447655","447965","9","31293813"
"chr11","31804431","31804734","KN296726v1","507058","507357","20","31297373"
"chr11","31867993","31868296","KN296726v1","579035","579337","27","31288958"
"chr11","31929199","31929499","KN297452v1","1979430","1979725","36","29949769"
"chr11","31955402","31955701","KN296726v1","667438","667735","19","31287964"
"chr11","31968632","31968936","KN296726v1","680870","681164","25","31287762"
"chr11","32040240","32040390","KN297274v1","1641003","1641173","42","30399237"
"chr11","32053315","32053510","KN297032v1","308157","308361","47","31745158"
"chr11","32103147","32103456","KN296726v1","817319","817630","18","31285828"
"chr11","32110149","32110442","KN294668v1","4045257","4045554","35","28064892"
"chr11","32119584","32119845","KN296682v1","4040014","4040270","34","28079570"
"chr11","32163177","32163459","KN296726v1","879684","879961","14","31283493"
"chr11","32182635","32182931","KN296726v1","900561","900857","12","31282074"
"chr11","32185193","32185463","KN297094v1","111089","111374","50","32074104"
"chr11","32215944","32216230","KN296726v1","936728","937013","11","31279216"
"chr11","32326632","32326939","KN296726v1","1051330","1051637","21","31275302"
"chr11","32359490","32359788","KN296726v1","1084648","1084960","26","31274842"
"chr11","33253959","33254238","KN295405v1","157962","158246","46","33095997"
"chr11","33284009","33284324","KN296380v1","7066","7372","39","33276943"
"chr11","33710040","33710348","KN296119v1","3405279","3405588","41","30304761"
"chr11","33860638","33860929","KN297390v1","247824","248128","62","33612814"
"chr11","34043026","34043333","KN294520v1","1300419","1300723","34","32742607"
"chr11","34083675","34083974","KN295923v1","1430363","1430659","39","32653312"
"chr11","34204412","34204717","KN296157v1","4280337","4280642","44","29924075"
"chr11","35793305","35793603","KN294592v1","51794","52092","41","35741511"
"chr11","35890303","35890567","KN296306v1","950157","950420","28","34940146"
"chr11","36187617","36187911","KN297452v1","1979430","1979725","34","34208187"
"chr11","36318343","36318647","KN294266v1","360526","360806","32","35957817"
"chr11","36565629","36565912","KN294266v1","78577","78860","11","36487052"
"chr11","36647755","36648052","KN294571v1","1349003","1349300","37","35298752"
"chr11","36702815","36703115","KN296320v1","32372","32682","29","36670443"
"chr11","36851936","36852226","KN296320v1","205614","205917","30","36646322"
"chr11","36852903","36853089","KN296119v1","3355213","3355396","38","33497690"
"chr11","36853121","36853160","KN296320v1","206822","206861","2","36646299"
"chr11","37693408","37693703","KN297048v1","47682","47977","42","37645726"
"chr11","37748876","37749158","KN297153v1","1177947","1178229","31","36570929"
"chr11","37937852","37938162","KN296484v1","1024460","1024770","42","36913392"
"chr11","38369550","38369841","KN294940v1","380863","381150","42","37988687"
"chr11","38490673","38490850","KN295967v1","467933","468109","31","38022740"
"chr11","38527356","38527649","KN294399v1","115875","116174","46","38411481"
"chr11","38568517","38568819","KN295854v1","1504180","1504481","37","37064337"
"chr11","38627262","38627395","KN294613v1","59320","59453","15","38567942"
"chr11","38627706","38627868","KN295667v1","830007","830168","35","37797699"
"chr11","39037588","39037871","KN295405v1","157962","158246","36","38879626"
"chr11","39389196","39389475","KN296329v1","49836","50122","48","39339360"
"chr11","39822724","39822850","KN295171v1","774709","774836","30","39048015"
"chr11","39883982","39884280","KN295343v1","373896","374196","38","39510086"
"chr11","39983771","39984075","KN295470v1","272474","272776","34","39711297"
"chr11","40036132","40036311","KN295571v1","189645","189829","36","39846487"
"chr11","40203340","40203631","KN296036v1","1306747","1307034","52","38896593"
"chr11","40361605","40361908","KN296093v1","185428","185734","33","40176177"
"chr11","40745488","40745525","KN296316v1","148146","148173","19","40597342"
"chr11","40745590","40745600","KN294443v1","170714","170724","5","40574876"
"chr11","40978803","40979105","KN296706v1","107919","108228","20","40870884"
"chr11","41406346","41406659","KN296158v1","1447030","1447336","48","39959316"
"chr11","41566582","41566881","KN295933v1","149894","150188","36","41416688"
"chr11","41939168","41939447","KN297112v1","6395083","6395364","34","35544085"
"chr11","42031747","42032043","KN295075v1","252071","252359","32","41779676"
"chr11","42344086","42344246","KN294187v1","1542649","1542810","30","40801437"
"chr11","42533397","42533688","KN297286v1","13124","13419","18","42520273"
"chr11","42811425","42811709","KN297286v1","311353","311633","19","42500072"
"chr11","42817278","42817547","KN297286v1","317447","317705","29","42499831"
"chr11","42901532","42901836","KN297286v1","405537","405847","29","42495995"
"chr11","42935058","42935241","KN295735v1","895035","895215","37","42040023"
"chr11","42961744","42962040","KN297286v1","472951","473247","19","42488793"
"chr11","43329496","43329799","KN297044v1","108239","108545","36","43221257"
"chr11","43494034","43494326","KN294439v1","265245","265540","45","43228789"
"chr11","43495403","43495559","KN296430v1","705227","705382","30","42790176"
"chr11","43541397","43541703","KN296119v1","3719343","3719648","44","39822054"
"chr11","43552948","43553223","KN295828v1","1095001","1095277","36","42457947"
"chr11","43814612","43814908","KN294571v1","1349003","1349300","37","42465609"
"chr11","44155701","44155993","KN296153v1","3956819","3957110","38","40198882"
"chr11","44306771","44307067","KN297452v1","1979430","1979725","34","42327341"
"chr11","44341255","44341564","KN296391v1","53960","54269","41","44287295"
"chr11","44370987","44371278","KN294187v1","907689","907968","42","43463298"
"chr11","44511208","44511446","KN294507v1","24462","24694","46","44486746"
"chr11","44593970","44594268","KN294842v1","297954","298253","38","44296016"
"chr11","44901214","44901522","KN296391v1","36675","36982","33","44864539"
"chr11","45087966","45088264","KN295637v1","390162","390458","31","44697804"
"chr11","45095989","45096265","KN294846v1","181961","182242","48","44914028"
"chr11","45122777","45123017","KN295437v1","25055","25286","36","45097722"
"chr11","45128937","45129233","KN296004v1","398217","398517","33","44730720"
"chr11","45163254","45163431","KN296959v1","1152394","1152569","32","44010860"
"chr11","45184785","45185094","KN295102v1","249012","249316","42","44935773"
"chr11","45186709","45187005","KN294451v1","1164519","1164817","36","44022190"
"chr11","45199267","45199565","KN294558v1","637670","637970","44","44561597"
"chr11","45207555","45207847","KN297452v1","1979430","1979725","26","43228125"
"chr11","45247526","45247828","KN294717v1","29270","29570","34","45218256"
"chr11","45308008","45308312","KN294416v1","303238","303546","37","45004770"
"chr11","45377843","45378134","KN294561v1","645779","646083","49","44732064"
"chr11","45378725","45378909","KN295801v1","840804","841003","44","44537921"
"chr11","45394426","45394600","KN294187v1","1542649","1542810","35","43851777"
"chr11","45394643","45394782","KN297008v1","816855","817004","34","44577788"
"chr11","45403620","45403792","KN295408v1","16726","16898","32","45386894"
"chr11","45405965","45406266","KN295236v1","989000","989298","43","44416965"
"chr11","45482388","45482694","KN296831v1","42375","42680","40","45440013"
"chr11","45493885","45494191","KN295198v1","807457","807762","38","44686428"
"chr11","45514011","45514307","KN294564v1","295442","295744","42","45218569"
"chr11","45538076","45538343","KN294187v1","2024367","2024656","52","43513709"
"chr11","45544816","45545119","KN294842v1","1341246","1341546","41","44203570"
"chr11","45592471","45592759","KN294599v1","709544","709834","39","44882927"
"chr11","45611206","45611508","KN294499v1","2542984","2543291","48","43068222"
"chr11","45658074","45658252","KN297432v1","337000","337181","53","45321074"
"chr11","45688470","45688765","KN296261v1","607411","607706","32","45081059"
"chr11","45727261","45727569","KN294385v1","291689","291997","38","45435572"
"chr11","45850875","45851185","KN295375v1","975768","976074","45","44875107"
"chr11","45968184","45968479","KN297452v1","1979430","1979725","32","43988754"
"chr11","45968481","45968776","KN294571v1","1349003","1349300","33","44619478"
"chr11","45992578","45992878","KN294842v1","1341246","1341546","33","44651332"
"chr11","46024480","46024780","KN295361v1","568711","569010","31","45455769"
"chr11","46059020","46059319","KN295302v1","236375","236672","34","45822645"
"chr11","46211411","46211709","KN295854v1","1504180","1504481","37","44707231"
"chr11","46223592","46223901","KN297180v1","610737","611047","38","45612855"
"chr11","46300702","46300854","KN296430v1","705227","705382","25","45595475"
"chr11","46358875","46359182","KN295102v1","157119","157420","33","46201756"
"chr11","46408663","46408957","KN296075v1","590735","591029","32","45817928"
"chr11","46503170","46503451","KN294399v1","178526","178809","31","46324644"
"chr11","46546701","46546847","KN297432v1","384377","384510","33","46162324"
"chr11","46572518","46572805","KN295366v1","153538","153829","38","46418980"
"chr11","46579017","46579338","KN297113v1","139003","139332","64","46440014"
"chr11","46593309","46593596","KN294399v1","178526","178809","34","46414783"
"chr11","46609596","46609886","KN296109v1","632766","633060","41","45976830"
"chr11","46620402","46620704","KN294456v1","513291","513590","40","46107111"
"chr11","46765831","46766123","KN296959v1","1102614","1102904","35","45663217"
"chr11","46778755","46779065","KN296536v1","488914","489222","49","46289841"
"chr11","46795503","46795795","KN295366v1","153538","153829","36","46641965"
"chr11","46800027","46800211","KN296473v1","44423","44611","17","46755604"
"chr11","46876797","46876955","KN296743v1","1789514","1789673","27","45087283"
"chr11","47090404","47090692","KN294619v1","236638","236931","39","46853766"
"chr11","47219502","47219799","KN295102v1","336832","337130","36","46882670"
"chr11","47253680","47253976","KN294470v1","853499","853808","48","46400181"
"chr11","47264941","47265227","KN295034v1","64250","64533","43","47200691"
"chr11","47369834","47370008","KN294378v1","1680015","1680191","45","45689819"
"chr11","47451640","47451890","KN295533v1","2292878","2293127","32","45158762"
"chr11","47496247","47496549","KN296726v1","507058","507357","48","46989189"
"chr11","47497058","47497357","KN296079v1","1016819","1017116","33","46480239"
"chr11","47504749","47505053","KN296864v1","1098087","1098388","39","46406662"
"chr11","48307945","48308249","KN297159v1","2696803","2697104","18","45611142"
"chr11","48343071","48343364","KN297159v1","2661915","2662208","16","45681156"
"chr11","48802144","48802199","KN296726v1","937390","937454","22","47864754"
"chr11","48841132","48841379","KN294844v1","1054397","1054645","42","47786735"
"chr11","48971895","48972203","KN297159v1","2013679","2013980","21","46958216"
"chr11","48972679","48972984","KN297159v1","2012894","2013203","23","46959785"
"chr11","48994672","48994965","KN297159v1","1991184","1991476","18","47003488"
"chr11","49012451","49012615","KN297159v1","1972589","1972756","14","47039862"
"chr11","49024938","49025225","KN297159v1","1961092","1961379","13","47063846"
"chr11","49075285","49075425","KN297159v1","1909522","1909663","3","47165763"
"chr11","49075726","49075869","KN297159v1","1909075","1909226","14","47166651"
"chr11","49133167","49133417","KN295533v1","879003","879251","44","48254164"
"chr11","49144907","49145214","KN297190v1","4393729","4394031","36","44751178"
"chr11","49199998","49200312","KN297159v1","1776146","1776457","18","47423852"
"chr11","49202659","49202972","KN297159v1","1776146","1776457","19","47426513"
"chr11","49249478","49249766","KN297159v1","1724532","1724809","26","47524946"
"chr11","49354674","49354963","KN297159v1","1611769","1612057","12","47742905"
"chr11","49411489","49411781","KN294747v1","866490","866789","32","48544999"
"chr11","49429519","49429803","KN297159v1","1544188","1544475","26","47885331"
"chr11","49459445","49459749","KN294747v1","866490","866789","42","48592955"
"chr11","49469452","49469651","KN297159v1","1496858","1497072","27","47972594"
"chr11","49498911","49499064","KN294790v1","2350332","2350479","27","47148579"
"chr11","49499357","49499407","KN296726v1","937390","937454","22","48561967"
"chr11","49532040","49532341","KN297159v1","1436035","1436337","18","48096005"
"chr11","49534974","49535146","KN295349v1","47758","47931","42","49487216"
"chr11","49535491","49535601","KN296153v1","1058785","1058901","17","48476706"
"chr11","49586828","49587129","KN297159v1","1374779","1375087","20","48212049"
"chr11","49620629","49620917","KN297159v1","1341480","1341780","23","48279149"
"chr11","49629186","49629481","KN296495v1","1915876","1916172","27","47713310"
"chr11","49869552","49869858","KN297159v1","1081295","1081600","19","48788257"
"chr11","49925125","49925326","KN297032v1","308157","308361","29","49616968"
"chr11","50312473","50312789","KN294520v1","1300419","1300723","43","49012054"
"chr11","50360795","50361094","KN297159v1","584316","584626","21","49776479"
"chr11","50365430","50365736","KN294520v1","1300419","1300723","41","49065011"
"chr11","50384505","50384798","KN295236v1","1688322","1688613","43","48696183"
"chr11","50391134","50391421","KN296495v1","1243624","1243910","35","49147510"
"chr11","50425649","50425945","KN297159v1","512969","513254","29","49912680"
"chr11","50643221","50643537","KN297159v1","294478","294786","24","50348743"
"chr11","50813870","50814135","KN297159v1","121796","122060","8","50692074"
"chr11","51096515","51096805","KN294987v1","420693","420986","32","50675822"
"chr11","51184577","51184881","KN296263v1","459407","459704","44","50725170"
"chr11","51227302","51227613","KN296528v1","48009","48322","43","51179293"
"chr11","51234939","51235235","KN297274v1","1796141","1796444","37","49438798"
"chr11","51626754","51626963","KN294456v1","816077","816280","38","50810677"
"chr11","51728309","51728619","KN295977v1","1237273","1237582","36","50491036"
"chr11","51803498","51803833","KN297050v1","132482","132813","63","51671016"
"chr11","51803834","51804011","KN296153v1","2696247","2696418","40","49107587"
"chr11","51804726","51805022","KN296826v1","122558","122853","38","51682168"
"chr11","51805967","51806128","KN295294v1","769026","769186","43","51036941"
"chr11","51808418","51808701","KN295257v1","348260","348541","40","51460158"
"chr11","51816195","51816491","KN294535v1","550591","550888","38","51265604"
"chr11","51840333","51840526","KN295236v1","4802595","4802791","48","47037738"
"chr11","51870788","51871089","KN296430v1","480421","480721","32","51390367"
"chr11","51887887","51888177","KN295977v1","921088","921381","32","50966799"
"chr11","51914470","51914718","KN296775v1","1235272","1235516","29","50679198"
"chr11","51927375","51927531","KN295814v1","1118418","1118576","34","50808957"
"chr11","51992692","51992960","KN294326v1","460637","460911","37","51532055"
"chr11","52086078","52086364","KN294172v1","4114073","4114355","82","47972005"
"chr11","52106802","52107106","KN295893v1","65034","65336","44","52041768"
"chr11","52118341","52118507","KN297154v1","211161","211330","25","51907180"
"chr11","52118799","52118931","KN294613v1","59320","59453","13","52059479"
"chr11","52121364","52121662","KN295526v1","979159","979460","29","51142205"
"chr11","52199736","52200037","KN296609v1","1410682","1410982","27","50789054"
"chr11","52200662","52200930","KN296406v1","242135","242404","46","51958527"
"chr11","52238082","52238389","KN296484v1","1024460","1024770","35","51213622"
"chr11","52288015","52288316","KN295854v1","1504180","1504481","26","50783835"
"chr11","52323121","52323256","KN294571v1","2366600","2366733","14","49956521"
"chr11","52323533","52323714","KN296959v1","1152394","1152569","29","51171139"
"chr11","52324467","52324752","KN296849v1","394002","394294","38","51930465"
"chr11","52347220","52347519","KN294172v1","6407720","6408021","33","45939500"
"chr11","52432277","52432579","KN297047v1","540333","540636","37","51891944"
"chr11","52556998","52557279","KN295257v1","348260","348541","42","52208738"
"chr11","52558123","52558440","KN294218v1","2054777","2055092","52","50503346"
"chr11","52591289","52591593","KN295962v1","674128","674422","45","51917161"
"chr11","52627786","52627964","KN296829v1","582931","583096","35","52044855"
"chr11","52643314","52643447","KN295692v1","1641976","1642110","15","51001338"
"chr11","52643756","52643933","KN294790v1","2350797","2350969","29","50292959"
"chr11","52660360","52660553","KN296864v1","1527902","1528096","15","51132458"
"chr11","52694963","52695257","KN295962v1","674128","674422","32","52020835"
"chr11","52806021","52806329","KN297200v1","98740","99051","38","52707281"
"chr11","53248256","53248559","KN297044v1","108239","108545","40","53140017"
"chr11","53270917","53271205","KN295746v1","236127","236417","35","53034790"
"chr11","53552212","53552511","KN296315v1","221665","221960","42","53330547"
"chr11","53894496","53894672","KN296959v1","1152394","1152569","33","52742102"
"chr11","54230472","54230731","KN296138v1","307856","308112","35","53922616"
"chr11","55768205","55768377","KN296311v1","1013861","1014022","36","54754344"
"chr11","55979918","55980250","KN297452v1","1119950","1120276","51","54859968"
"chr11","56105133","56105430","KN297295v1","20485","20781","17","56084648"
"chr11","56810704","56810887","KN294790v1","2350797","2350969","38","54459907"
"chr11","56828449","56828743","KN296732v1","2697585","2697873","58","54130864"
"chr11","58288928","58289233","KN296761v1","97995","98298","37","58190933"
"chr11","58475598","58475896","KN295633v1","2020236","2020539","36","56455362"
"chr11","58557082","58557261","KN296486v1","1714803","1714969","38","56842279"
"chr11","58882920","58883198","KN294176v1","403917","404193","13","58479003"
"chr11","59282131","59282451","KN296423v1","38428","38723","41","59243703"
"chr11","59578310","59578614","KN297133v1","965404","965709","37","58612906"
"chr11","59607069","59607372","KN296864v1","3059211","3059513","35","56547858"
"chr11","59772724","59772914","KN294187v1","2091893","2092085","46","57680831"
"chr11","59848919","59849084","KN297159v1","634455","634627","32","59214464"
"chr11","59888273","59888570","KN297452v1","1979430","1979725","30","57908843"
"chr11","60026018","60026281","KN294172v1","1585798","1586062","38","58440220"
"chr11","60044358","60044571","KN294571v1","2367043","2367240","52","57677315"
"chr11","60088715","60089020","KN294520v1","1300419","1300723","44","58788296"
"chr11","60147317","60147614","KN297184v1","213033","213336","41","59934284"
"chr11","60173270","60173560","KN294506v1","235047","235332","40","59938223"
"chr11","60229302","60229561","KN296877v1","31989","32250","29","60197313"
"chr11","60258411","60258708","KN294325v1","914500","914798","34","59343911"
"chr11","60328443","60328731","KN296577v1","124145","124435","37","60204298"
"chr11","60922815","60923112","KN295893v1","7122873","7123168","34","53799942"
"chr11","61056261","61056561","KN296365v1","715772","716073","39","60340489"
"chr11","61293750","61294065","KN297044v1","108239","108545","43","61185511"
"chr11","61403217","61403369","KN296588v1","803622","803789","35","60599595"
"chr11","61425458","61425756","KN294486v1","1754936","1755240","18","59670522"
"chr11","61560150","61560318","KN295995v1","71091","71264","32","61489059"
"chr11","61560616","61560640","KN294484v1","362325","362343","10","61198291"
"chr11","61680107","61680401","KN294486v1","1499465","1499750","19","60180642"
"chr11","61853651","61853917","KN295717v1","334952","335216","45","61518699"
"chr11","61955217","61955520","KN294486v1","1212950","1213251","15","60742267"
"chr11","61980207","61980510","KN294486v1","1188195","1188494","14","60792012"
"chr11","62800381","62800663","KN296290v1","1258651","1258933","35","61541730"
"chr11","63049571","63049879","KN295893v1","6332598","6332904","33","56716973"
"chr11","63183347","63183638","KN295925v1","668661","668952","16","62514686"
"chr11","63423317","63423598","KN295925v1","424353","424655","35","62998964"
"chr11","63624879","63625147","KN296268v1","1084588","1084853","41","62540291"
"chr11","63779931","63780234","KN296380v1","7066","7372","45","63772865"
"chr11","63845629","63845919","KN295171v1","1412453","1412742","42","62433176"
"chr11","63861477","63861765","KN297190v1","873320","873611","38","62988157"
"chr11","64046772","64047065","KN296481v1","326170","326465","38","63720602"
"chr11","64165725","64166019","KN296959v1","44442","44736","39","64121283"
"chr11","64244846","64245017","KN296296v1","24619","24786","40","64220227"
"chr11","64253796","64254100","KN296145v1","3219494","3219793","38","61034302"
"chr11","64325600","64325865","KN294444v1","329995","330265","37","63995605"
"chr11","64475998","64476301","KN296218v1","10900","11194","43","64465098"
"chr11","64733480","64733773","KN295315v1","1631499","1631797","40","63101981"
"chr11","64909137","64909420","KN297452v1","1979430","1979725","38","62929707"
"chr11","64946340","64946632","KN296828v1","229290","229585","38","64717050"
"chr11","65048873","65049178","KN294218v1","2054777","2055092","48","62994096"
"chr11","65124202","65124504","KN296864v1","3059211","3059513","34","62064991"
"chr11","65155104","65155387","KN295075v1","252071","252359","31","64903033"
"chr11","65256297","65256606","KN296620v1","257480","257787","39","64998817"
"chr11","65671205","65671527","KN294713v1","400128","400443","49","65271077"
"chr11","65817623","65817901","KN295294v1","1790271","1790554","37","64027352"
"chr11","65834163","65834459","KN294539v1","1107554","1107850","37","64726609"
"chr11","66091205","66091502","KN296495v1","2925731","2926025","34","63165474"
"chr11","66907865","66908030","KN295294v1","769026","769186","26","66138839"
"chr11","66996194","66996491","KN296637v1","156233","156527","11","66839961"
"chr11","67112943","67113229","KN295257v1","348260","348541","33","66764683"
"chr11","67125341","67125649","KN296079v1","1016819","1017116","45","66108522"
"chr11","67234330","67234604","KN294257v1","1004902","1005180","50","66229428"
"chr11","67351668","67351961","KN296635v1","1735805","1736098","29","65615863"
"chr11","67439999","67440083","KN295550v1","498465","498533","30","66941534"
"chr11","67747645","67747938","KN296637v1","923451","923740","25","66824194"
"chr11","68918450","68918791","KN297452v1","1119950","1120276","63","67798500"
"chr11","68978715","68978902","KN295967v1","467933","468109","47","68510782"
"chr11","69564278","69564461","KN294809v1","338554","338741","36","69225724"
"chr11","69661544","69661845","KN295744v1","235007","235306","32","69426537"
"chr11","70673901","70674196","KN295368v1","2784490","2784784","10","67889411"
"chr11","71073663","71073966","KN295368v1","2395373","2395666","25","68678290"
"chr11","71120535","71120829","KN295368v1","2347084","2347389","28","68773451"
"chr11","71251838","71252103","KN295368v1","2203660","2203925","16","69048178"
"chr11","71269612","71269907","KN295368v1","2185923","2186218","10","69083689"
"chr11","71318388","71318670","KN295405v1","157962","158246","33","71160426"
"chr11","71576570","71576876","KN295368v1","1867467","1867801","40","69709103"
"chr11","71827458","71827787","KN295368v1","1609810","1610128","28","70217648"
"chr11","71901343","71901664","KN295368v1","1536371","1536668","41","70364972"
"chr11","72155616","72155890","KN296485v1","447446","447718","35","71708170"
"chr11","72374786","72375084","KN295368v1","1060473","1060792","34","71314313"
"chr11","72383776","72383935","KN295405v1","19063","19226","47","72364713"
"chr11","72488710","72489020","KN294326v1","477409","477702","53","72011301"
"chr11","72490782","72491066","KN295368v1","943235","943524","23","71547547"
"chr11","72500921","72501225","KN295368v1","932737","933018","41","71568184"
"chr11","72678294","72678603","KN295368v1","732910","733215","20","71945384"
"chr11","72945435","72945743","KN295368v1","441349","441657","18","72504086"
"chr11","73131293","73131605","KN295368v1","247831","248144","18","72883462"
"chr11","73319887","73320183","KN294991v1","2014076","2014373","33","71305811"
"chr11","73453477","73453779","KN294844v1","84719","85033","27","73368758"
"chr11","73542935","73543246","KN296484v1","1024460","1024770","35","72518475"
"chr11","73553476","73553774","KN294844v1","174387","174675","22","73379089"
"chr11","73759400","73759742","KN294844v1","385145","385485","21","73374255"
"chr11","74733056","74733334","KN295717v1","153364","153650","32","74579692"
"chr11","75186777","75187087","KN297044v1","108239","108545","36","75078538"
"chr11","75403922","75404172","KN294677v1","14932","15190","21","75388990"
"chr11","75484885","75485175","KN294677v1","95891","96183","17","75388994"
"chr11","75519875","75520027","KN297008v1","6657903","6658047","26","68861972"
"chr11","75612386","75612676","KN295433v1","703170","703461","36","74909216"
"chr11","75846621","75846927","KN294520v1","1300419","1300723","39","74546202"
"chr11","75863798","75864085","KN294462v1","513433","513718","45","75350365"
"chr11","75887477","75887752","KN296702v1","600121","600396","55","75287356"
"chr11","76037769","76038069","KN296635v1","1808458","1808757","38","74229311"
"chr11","76498998","76499295","KN296036v1","1271834","1272132","46","75227164"
"chr11","76631871","76632166","KN294713v1","906973","907266","39","75724898"
"chr11","76908506","76908813","KN294957v1","53527","53825","51","76854979"
"chr11","77220537","77220840","KN295854v1","1504180","1504481","39","75716357"
"chr11","77344000","77344274","KN294592v1","567946","568227","40","76776054"
"chr11","77344309","77344322","KN295722v1","1475956","1475968","3","75868353"
"chr11","77394266","77394500","KN295437v1","25055","25286","21","77369211"
"chr11","77669393","77669698","KN295437v1","337726","338049","39","77331667"
"chr11","78184236","78184532","KN296079v1","3084734","3085029","32","75099502"
"chr11","78219124","78219421","KN296383v1","159718","160014","13","78059406"
"chr11","78251515","78251819","KN296383v1","126716","127020","16","78124799"
"chr11","78344349","78344647","KN294433v1","773885","774180","36","77570464"
"chr11","78346303","78346614","KN296383v1","28995","29295","26","78317308"
"chr11","78439177","78439384","KN295894v1","2215631","2215837","43","76223546"
"chr11","78640408","78640702","KN294566v1","321827","322121","18","78318581"
"chr11","79013900","79014118","KN294987v1","1113247","1113478","55","77900653"
"chr11","79357972","79358247","KN296921v1","1978818","1979096","40","77379154"
"chr11","80170744","80171050","KN297094v1","229764","230074","44","79940980"
"chr11","80197587","80197888","KN294949v1","863794","864096","37","79333793"
"chr11","80237057","80237349","KN296096v1","2440700","2440989","30","77796357"
"chr11","80439014","80439311","KN294964v1","471052","471350","31","79967962"
"chr11","81086556","81086860","KN297044v1","108239","108545","38","80978317"
"chr11","81255715","81255968","KN295893v1","436967","437230","52","80818748"
"chr11","81255976","81256298","KN295430v1","2571642","2571950","55","78684334"
"chr11","81610933","81611242","KN295586v1","5713036","5713339","43","75897897"
"chr11","81818317","81818597","KN294987v1","598695","598975","45","81219622"
"chr11","81821007","81821315","KN295034v1","604953","605250","40","81216054"
"chr11","82314186","82314483","KN296495v1","2925731","2926025","38","79388455"
"chr11","83801007","83801330","KN295995v1","1716055","1716373","50","82084952"
"chr11","83955297","83955612","KN295471v1","232855","233169","21","83722442"
"chr11","84421338","84421618","KN295471v1","698607","698887","18","83722731"
"chr11","84819779","84819921","KN295171v1","774709","774836","45","84045070"
"chr11","84964481","84964776","KN295576v1","368601","368924","39","84595880"
"chr11","85350387","85350680","KN294540v1","651367","651664","32","84699020"
"chr11","85958493","85958643","KN296086v1","825589","825753","34","85132904"
"chr11","86418578","86418875","KN294571v1","1611577","1611871","33","84807001"
"chr11","86575070","86575385","KN297327v1","630481","630778","60","85944589"
"chr11","86815513","86815755","KN295564v1","677567","677792","54","86137946"
"chr11","86973900","86974198","KN294976v1","288954","289250","35","86684946"
"chr11","87083037","87083356","KN294372v1","1311490","1311797","46","85771547"
"chr11","87190619","87190927","KN295893v1","2419696","2420007","40","84770923"
"chr11","87205327","87205639","KN294187v1","1070521","1070824","41","86134806"
"chr11","87539821","87540114","KN296096v1","2440700","2440989","39","85099121"
"chr11","87939113","87939429","KN294813v1","87773","88073","67","87851340"
"chr11","87941741","87941911","KN296959v1","1152394","1152569","26","86789347"
"chr11","87969091","87969330","KN294520v1","535056","535286","37","87434035"
"chr11","87975320","87975618","KN296759v1","1315279","1315575","26","86660041"
"chr11","88014870","88015175","KN294705v1","1109306","1109614","38","86905564"
"chr11","88194092","88194389","KN296826v1","122558","122853","36","88071534"
"chr11","88262382","88262679","KN297259v1","1290495","1290792","43","86971887"
"chr11","88264156","88264453","KN295102v1","336832","337130","35","87927324"
"chr11","88432845","88433166","KN294592v1","439755","440070","50","87993090"
"chr11","88741930","88742220","KN295746v1","236127","236417","35","88505803"
"chr11","88807368","88807715","KN294499v1","963492","963827","68","87843876"
"chr11","88887129","88887421","KN294964v1","864674","864972","36","88022455"
"chr11","88982433","88982729","KN296609v1","1410682","1410982","27","87571751"
"chr11","89556926","89557095","KN296153v1","2118691","2118861","30","87438235"
"chr11","89796663","89796967","KN294520v1","1300419","1300723","44","88496244"
"chr11","89836112","89836418","KN295005v1","412564","412875","42","89423548"
"chr11","89853306","89853610","KN296484v1","1024460","1024770","37","88828846"
"chr11","89974997","89975284","KN295523v1","1063802","1064098","38","88911195"
"chr11","89982173","89982480","KN296955v1","924807","925106","36","89057366"
"chr11","90215149","90215359","KN294536v1","1559140","1559349","25","88656009"
"chr11","90405171","90405371","KN296119v1","3355213","3355396","43","87049958"
"chr11","90451493","90451799","KN294520v1","1300419","1300723","52","89151074"
"chr11","90462079","90462361","KN297369v1","169839","170118","32","90292240"
"chr11","90473568","90473858","KN297048v1","47682","47977","42","90425886"
"chr11","90480063","90480367","KN295090v1","248192","248504","45","90231871"
"chr11","90561856","90562120","KN295722v1","1475656","1475925","46","89086200"
"chr11","90726949","90727224","KN295287v1","3712","3991","46","90723237"
"chr11","90904546","90904845","KN296775v1","1102187","1102489","45","89802359"
"chr11","90914664","90914957","KN295294v1","1790271","1790554","48","89124393"
"chr11","90957863","90957934","KN295614v1","28241","28303","31","90929622"
"chr11","91070807","91071111","KN297044v1","108239","108545","46","90962568"
"chr11","91333571","91333881","KN295371v1","619650","619955","33","90713921"
"chr11","91483315","91483575","KN295825v1","918270","918534","38","90565045"
"chr11","91675633","91675885","KN295523v1","1167591","1167841","61","90508042"
"chr11","91703273","91703573","KN297197v1","4684189","4684491","42","87019084"
"chr11","91720597","91720900","KN295729v1","1722065","1722365","39","89998532"
"chr11","91816008","91816180","KN294561v1","726508","726680","42","91089500"
"chr11","91911797","91912099","KN296145v1","3242116","3242420","32","88669681"
"chr11","92081660","92081950","KN295171v1","1412453","1412742","33","90669207"
"chr11","92449470","92449770","KN295090v1","2695348","2695640","41","89754122"
"chr11","92692481","92692521","KN296316v1","148146","148173","21","92544335"
"chr11","92947878","92948043","KN294596v1","141115","141287","34","92806763"
"chr11","92948070","92948193","KN295995v1","71301","71424","16","92876769"
"chr11","93009478","93009773","KN295034v1","604953","605250","40","92404525"
"chr11","93032565","93032860","KN296278v1","166548","166844","33","92866017"
"chr11","93215891","93216190","KN294269v1","558885","559182","43","92657006"
"chr11","93430634","93430927","KN294790v1","3806584","3806878","38","89624050"
"chr11","93447977","93448125","KN295814v1","1118418","1118576","34","92329559"
"chr11","93448153","93448279","KN295995v1","71301","71424","16","93376852"
"chr11","93556523","93556804","KN295092v1","174774","175055","37","93381749"
"chr11","93569130","93569434","KN294513v1","681816","682125","36","92887314"
"chr11","93694264","93694439","KN296119v1","3355213","3355396","31","90339051"
"chr11","93713279","93713588","KN294739v1","738604","738909","35","92974675"
"chr11","93728551","93728821","KN295832v1","859272","859550","47","92869279"
"chr11","93786491","93786785","KN296378v1","801237","801534","40","92985254"
"chr11","93882040","93882304","KN295844v1","58002","58271","47","93824038"
"chr11","93980358","93980644","KN296108v1","735240","735530","40","93245118"
"chr11","94000691","94000851","KN297008v1","1441000","1441155","31","92559691"
"chr11","94136585","94136888","KN294451v1","194657","194961","33","93941928"
"chr11","94142650","94142963","KN296435v1","57400","57707","36","94085250"
"chr11","94256264","94256565","KN295236v1","5905105","5905413","37","88351159"
"chr11","94288024","94288343","KN297197v1","3802947","3803249","42","90485077"
"chr11","94305882","94306163","KN297332v1","94222","94518","45","94211660"
"chr11","94692241","94692537","KN296969v1","223626","223926","47","94468615"
"chr11","94973588","94973889","KN294970v1","974452","974753","41","93999136"
"chr11","95163772","95164080","KN295977v1","1237273","1237582","35","93926499"
"chr11","95193082","95193390","KN296380v1","7066","7372","32","95186016"
"chr11","95261581","95261944","KN297165v1","3269497","3269812","90","91992084"
"chr11","95347156","95347200","KN295045v1","1336617","1336651","23","94010539"
"chr11","95366420","95366724","KN296825v1","1702761","1703066","37","93663659"
"chr11","95496126","95496423","KN294561v1","623087","623382","47","94873039"
"chr11","95863219","95863537","KN296063v1","586826","587132","42","95276393"
"chr11","95864631","95865006","KN297095v1","2382809","2383170","84","93481822"
"chr11","95889705","95889967","KN294372v1","2081363","2081636","42","93808342"
"chr11","95898066","95898337","KN295708v1","433842","434102","46","95464224"
"chr11","95952919","95953212","KN296311v1","3521375","3521662","37","92431544"
"chr11","96473393","96473680","KN295096v1","344750","345035","50","96128643"
"chr11","96675433","96675724","KN295893v1","142495","142793","30","96532938"
"chr11","96683239","96683410","KN295967v1","467933","468109","31","96215306"
"chr11","96683713","96683728","KN295152v1","573368","573383","4","96110345"
"chr11","96757796","96758106","KN295038v1","755697","756003","40","96002099"
"chr11","96804884","96805180","KN295343v1","373896","374196","34","96430988"
"chr11","97130390","97130684","KN296079v1","3084734","3085029","32","94045656"
"chr11","97743658","97743936","KN297141v1","791776","792061","34","96951882"
"chr11","98680622","98680918","KN295923v1","2002498","2002786","41","96678124"
"chr11","98765399","98765670","KN294571v1","1165499","1165774","56","97599900"
"chr11","99163379","99163413","KN296139v1","69081","69102","20","99094298"
"chr11","99377930","99378224","KN296635v1","1808458","1808757","34","97569472"
"chr11","99462476","99462687","KN295893v1","3902822","3903007","49","95559654"
"chr11","99474372","99474575","KN294879v1","1427141","1427343","30","98047231"
"chr11","99919411","99919576","KN295096v1","3336387","3336554","38","96583024"
"chr11","99919586","99919787","KN294733v1","21539","21744","38","99898047"
"chr11","100083003","100083162","KN296430v1","705227","705382","39","99377776"
"chr11","100275003","100275169","KN295236v1","4879636","4879796","31","95395367"
"chr11","100435215","100435513","KN297332v1","94222","94518","18","100340993"
"chr11","100547898","100548195","KN297332v1","209760","210055","12","100338138"
"chr11","100968588","100968641","KN295045v1","1336617","1336651","24","99631971"
"chr11","101209522","101209678","KN294790v1","5437842","5437990","34","95771680"
"chr11","101450995","101451273","KN296176v1","477451","477722","16","100973544"
"chr11","101456781","101456928","KN297008v1","6657903","6658047","25","94798878"
"chr11","101456960","101457076","KN296153v1","1058785","1058901","12","100398175"
"chr11","101521311","101521599","KN296176v1","551671","551959","13","100969640"
"chr11","101537603","101537905","KN295361v1","568711","569010","37","100968892"
"chr11","102016196","102016472","KN294513v1","258240","258516","14","101757956"
"chr11","102122454","102122736","KN294513v1","365069","365358","22","101757385"
"chr11","102158970","102159257","KN294407v1","1565517","1565792","46","100593453"
"chr11","102202469","102202768","KN294513v1","445554","445853","13","101756915"
"chr11","102418768","102419066","KN294513v1","664866","665164","23","101753902"
"chr11","102419077","102419407","KN294513v1","664866","665164","55","101754211"
"chr11","102440904","102441213","KN294513v1","681816","682125","7","101759088"
"chr11","102478456","102478762","KN294513v1","717593","717888","18","101760863"
"chr11","102564424","102564724","KN294513v1","802547","802842","22","101761877"
"chr11","102593831","102593926","KN294987v1","1376021","1376125","42","101217810"
"chr11","102727465","102727758","KN297367v1","37805","38102","14","102689660"
"chr11","102992433","102992585","KN295294v1","769026","769186","28","102223407"
"chr11","103057419","103057682","KN295319v1","495992","496271","53","102561427"
"chr11","103057743","103058037","KN296484v1","1024460","1024770","51","102033283"
"chr11","103291344","103291502","KN295294v1","769026","769186","25","102522318"
"chr11","103291528","103291651","KN294596v1","140952","141079","20","103150576"
"chr11","103394844","103395162","KN294181v1","1011769","1012076","41","102383075"
"chr11","103495725","103496024","KN294199v1","1050567","1050867","20","102445158"
"chr11","103627370","103627666","KN294172v1","2885288","2885591","50","100742082"
"chr11","103691847","103692150","KN294199v1","854408","854706","14","102837439"
"chr11","103705318","103705621","KN297274v1","840306","840609","31","102865012"
"chr11","103740224","103740510","KN294199v1","806788","807073","10","102933436"
"chr11","103875897","103876194","KN295962v1","674128","674422","26","103201769"
"chr11","103936530","103936729","KN296473v1","44423","44611","26","103892107"
"chr11","104169229","104169535","KN294199v1","373847","374151","11","103795382"
"chr11","104294756","104294939","KN296153v1","2696247","2696418","42","101598509"
"chr11","104357852","104358014","KN295294v1","769026","769186","33","103588826"
"chr11","104403396","104403724","KN294199v1","140860","141168","38","104262536"
"chr11","104435644","104435943","KN296761v1","97995","98298","30","104337649"
"chr11","104582207","104582531","KN294470v1","3489818","3490141","13","101092389"
"chr11","104621230","104621513","KN297229v1","281810","282088","41","104339420"
"chr11","104621636","104621948","KN294470v1","3450282","3450591","17","101171354"
"chr11","104662160","104662423","KN294446v1","103668","103942","56","104558492"
"chr11","104911806","104911964","KN295294v1","769026","769186","18","104142780"
"chr11","104911990","104912115","KN295571v1","189855","189980","14","104722135"
"chr11","104917685","104917943","KN296138v1","307856","308112","33","104609829"
"chr11","104918733","104919003","KN295940v1","265431","265705","50","104653302"
"chr11","105016838","105017015","KN295349v1","47758","47931","39","104969080"
"chr11","105097181","105097490","KN297038v1","1772633","1772935","36","103324548"
"chr11","105208678","105208983","KN294470v1","2867405","2867713","17","102341273"
"chr11","105218900","105219192","KN294470v1","2858647","2858939","11","102360253"
"chr11","105424557","105424844","KN294470v1","2645504","2645811","34","102779053"
"chr11","105455279","105455611","KN294229v1","363975","364290","70","105091304"
"chr11","105534776","105534950","KN295995v1","71091","71264","37","105463685"
"chr11","105535249","105535381","KN294451v1","850215","850347","19","104685034"
"chr11","105617250","105617556","KN295090v1","452979","453294","40","105164271"
"chr11","105651442","105651736","KN294470v1","2408412","2408711","24","103243030"
"chr11","105675183","105675484","KN294470v1","2385746","2386041","20","103289437"
"chr11","105706918","105707210","KN296296v1","66249","66543","27","105640669"
"chr11","105747866","105748173","KN294470v1","2318665","2318971","19","103429201"
"chr11","105795640","105795905","KN294470v1","2270542","2270812","17","103525098"
"chr11","105828724","105828997","KN294470v1","2235147","2235420","7","103593577"
"chr11","105829536","105829838","KN294470v1","2234303","2234614","25","103595233"
"chr11","105840911","105841193","KN294470v1","2230526","2230778","47","103610385"
"chr11","105844104","105844410","KN295825v1","2979498","2979808","41","102864606"
"chr11","105862246","105862539","KN294470v1","2200353","2200649","18","103661893"
"chr11","106015459","106015751","KN294470v1","2044211","2044504","14","103971248"
"chr11","106112643","106112919","KN295257v1","348260","348541","36","105764383"
"chr11","106142749","106143050","KN294513v1","681816","682125","45","105460933"
"chr11","106264011","106264351","KN294470v1","1797712","1798016","56","104466299"
"chr11","106564872","106565077","KN295236v1","4802595","4802791","48","101762277"
"chr11","106565657","106565954","KN296495v1","2925731","2926025","29","103639926"
"chr11","106566885","106567075","KN295236v1","4802595","4802791","48","101764290"
"chr11","106586394","106586657","KN294520v1","1057306","1057575","61","105529088"
"chr11","106587182","106587475","KN294470v1","1479579","1479876","19","105107603"
"chr11","106635676","106635790","KN296153v1","2295031","2295133","25","104340645"
"chr11","106635791","106636036","KN294218v1","2112945","2113194","33","104522846"
"chr11","106636037","106636190","KN295814v1","1118418","1118576","29","105517619"
"chr11","106652340","106652618","KN294470v1","1411556","1411827","16","105240784"
"chr11","106814066","106814364","KN296386v1","762075","762374","35","106051991"
"chr11","106818497","106818771","KN294470v1","1242990","1243268","12","105575507"
"chr11","106826715","106827021","KN294470v1","1241559","1241868","21","105585156"
"chr11","106875766","106875977","KN294470v1","1182681","1182890","11","105693085"
"chr11","106884472","106884774","KN296880v1","290862","291165","37","106593610"
"chr11","106898951","106899135","KN294458v1","1404528","1404709","25","105494423"
"chr11","106910311","106910549","KN296864v1","2640511","2640744","38","104269800"
"chr11","106959534","106959834","KN294470v1","1092050","1092349","26","105867484"
"chr11","106968572","106968719","KN294182v1","504737","504883","33","106463835"
"chr11","106978211","106978508","KN294470v1","1072296","1072593","7","105905915"
"chr11","107086302","107086603","KN294470v1","965025","965326","16","106121277"
"chr11","107104914","107105119","KN294470v1","938460","938667","9","106166454"
"chr11","107107722","107108020","KN296495v1","1209717","1210015","38","105898005"
"chr11","107124459","107124765","KN294470v1","916988","917289","19","106207471"
"chr11","107142833","107143130","KN294619v1","1362925","1363220","38","105779908"
"chr11","107180551","107180862","KN296761v1","97995","98298","43","107082556"
"chr11","107185719","107186028","KN294470v1","853499","853808","18","106332220"
"chr11","107213490","107213730","KN294470v1","788292","788534","18","106425198"
"chr11","107278115","107278413","KN294470v1","722622","722911","27","106555493"
"chr11","107306483","107306675","KN296119v1","3355213","3355396","35","103951270"
"chr11","107328556","107328858","KN294470v1","674419","674725","15","106654137"
"chr11","107559873","107560027","KN296743v1","1789514","1789673","35","105770359"
"chr11","107653626","107653929","KN295923v1","1430363","1430659","37","106223263"
"chr11","107694611","107694921","KN294470v1","296038","296348","16","107398573"
"chr11","107746187","107746491","KN294470v1","237115","237415","23","107509072"
"chr11","107758337","107758597","KN296306v1","2132653","2132905","73","105625684"
"chr11","107917402","107917705","KN294470v1","71409","71707","21","107845993"
"chr11","108590193","108590490","KN296495v1","1915876","1916172","33","106674317"
"chr11","108961927","108962087","KN294451v1","850657","850819","30","108111270"
"chr11","108962101","108962188","KN294987v1","1376021","1376125","31","107586080"
"chr11","109079969","109080262","KN295319v1","23766","24059","33","109056203"
"chr11","109149564","109149859","KN296378v1","1144884","1145185","20","108004680"
"chr11","109584794","109584848","KN295614v1","28241","28303","26","109556553"
"chr11","109740790","109740948","KN296311v1","1013861","1014022","33","108726929"
"chr11","109760146","109760448","KN296247v1","460642","460944","33","109299504"
"chr11","109818748","109818927","KN295349v1","47758","47931","33","109770990"
"chr11","109840377","109840672","KN294987v1","420693","420986","41","109419684"
"chr11","109903349","109903642","KN295854v1","1768103","1768407","44","108135246"
"chr11","110109398","110109679","KN294257v1","1004902","1005180","32","109104496"
"chr11","110124375","110124656","KN296019v1","49581","49869","39","110074794"
"chr11","110218310","110218594","KN297452v1","1979430","1979725","39","108238880"
"chr11","110391896","110392191","KN294991v1","2014076","2014373","34","108377820"
"chr11","110690257","110690433","KN296157v1","962156","962353","47","109728101"
"chr11","111056732","111057063","KN297200v1","98740","99051","48","110957992"
"chr11","111329211","111329528","KN297452v1","1979430","1979725","52","109349781"
"chr11","111421708","111422002","KN296296v1","66249","66543","31","111355459"
"chr11","111478015","111478311","KN294520v1","1300419","1300723","48","110177596"
"chr11","111575671","111575953","KN295257v1","348260","348541","34","111227411"
"chr11","111810455","111810768","KN297203v1","885386","885683","49","110925069"
"chr11","111896160","111896473","KN296424v1","500396","500704","44","111395764"
"chr11","111971153","111971313","KN296430v1","705227","705382","31","111265926"
"chr11","112046590","112046875","KN296879v1","604840","605125","38","111441750"
"chr11","112252345","112252608","KN296242v1","694470","694734","37","111557875"
"chr11","112449081","112449258","KN297369v1","1438409","1438589","26","111010672"
"chr11","112521259","112521522","KN294716v1","165924","166185","71","112355335"
"chr11","112639198","112639376","KN294790v1","2350797","2350969","39","110288401"
"chr11","113251659","113251697","KN295045v1","1336617","1336651","20","111915042"
"chr11","113330313","113330500","KN296486v1","1468682","1468869","48","111861631"
"chr11","113338968","113339131","KN296486v1","1714803","1714969","27","111624165"
"chr11","113360028","113360323","KN297452v1","1979430","1979725","29","111380598"
"chr11","113423671","113423962","KN296154v1","754502","754796","38","112669169"
"chr11","113442543","113442874","KN295552v1","215666","215993","62","113226877"
"chr11","113569537","113569823","KN296311v1","952618","952911","25","112616919"
"chr11","113600145","113600398","KN296306v1","2132653","2132905","29","111467492"
"chr11","113607416","113607579","KN294842v1","167464","167629","31","113439952"
"chr11","113611447","113611736","KN295857v1","32063","32348","31","113579384"
"chr11","113630755","113630912","KN296311v1","1013861","1014022","22","112616894"
"chr11","113631212","113631346","KN296311v1","1014326","1014458","6","112616886"
"chr11","113726284","113726446","KN294451v1","850657","850819","31","112875627"
"chr11","113836566","113836859","KN296311v1","1225385","1225674","21","112611181"
"chr11","113879491","113879771","KN296311v1","1268253","1268539","29","112611238"
"chr11","113992173","113992243","KN296726v1","937390","937454","30","113054783"
"chr11","114326293","114326489","KN295236v1","4802595","4802791","42","109523698"
"chr11","114660095","114660388","KN296311v1","2049181","2049473","18","112610914"
"chr11","114816231","114816513","KN296311v1","2208406","2208687","15","112607825"
"chr11","114939906","114940216","KN295722v1","390716","391021","42","114549190"
"chr11","114989672","114989974","KN296311v1","2384224","2384522","22","112605448"
"chr11","115188140","115188448","KN296311v1","2579807","2580106","23","112608333"
"chr11","115328429","115328737","KN296311v1","2718997","2719308","15","112609432"
"chr11","115369089","115369398","KN296311v1","2760766","2761075","15","112608323"
"chr11","115382877","115383158","KN294911v1","1147756","1148045","41","114235121"
"chr11","115436532","115436812","KN297028v1","1113262","1113544","29","114323270"
"chr11","115472384","115472676","KN296311v1","2867170","2867455","16","112605214"
"chr11","115553625","115553927","KN296311v1","2947645","2947948","14","112605980"
"chr11","115596373","115596681","KN296311v1","2991035","2991343","24","112605338"
"chr11","115630410","115630700","KN297452v1","1979430","1979725","39","113650980"
"chr11","115636294","115636602","KN296311v1","3031447","3031738","34","112604847"
"chr11","115643545","115643851","KN296311v1","3027638","3027947","23","112615907"
"chr11","115649898","115650203","KN296311v1","3046128","3046435","13","112603770"
"chr11","115781566","115781878","KN296311v1","3186640","3186952","12","112594926"
"chr11","115802224","115802388","KN295294v1","769026","769186","33","115033198"
"chr11","115860788","115860955","KN296955v1","600596","600766","27","115260192"
"chr11","115861765","115862058","KN296311v1","3270883","3271172","23","112590882"
"chr11","115923515","115923817","KN296311v1","3339772","3340064","35","112583743"
"chr11","115977741","115978023","KN295257v1","348260","348541","35","115629481"
"chr11","115992333","115992610","KN296311v1","3410053","3410332","13","112582280"
"chr11","116230681","116230970","KN296311v1","3643115","3643418","25","112587566"
"chr11","116243558","116243844","KN296311v1","3653338","3653609","28","112590220"
"chr11","116260101","116260386","KN296311v1","3670819","3671116","30","112589282"
"chr11","116262252","116262531","KN296311v1","3673272","3673562","21","112588980"
"chr11","116300893","116301192","KN294552v1","1463658","1463953","68","114837235"
"chr11","116394288","116394589","KN294224v1","1231932","1232234","47","115162356"
"chr11","116574725","116574998","KN294444v1","329995","330265","45","116244730"
"chr11","116641843","116642131","KN296311v1","4045668","4045958","24","112596175"
"chr11","116685822","116686133","KN296311v1","4092460","4092765","16","112593362"
"chr11","116738657","116738971","KN296311v1","4145613","4145925","17","112593044"
"chr11","116759002","116759296","KN296311v1","4170151","4170438","20","112588851"
"chr11","116992180","116992385","KN295090v1","42834","43042","41","116949346"
"chr11","117001446","117001747","KN296495v1","2925731","2926025","33","114075715"
"chr11","117035508","117035800","KN294192v1","872123","872412","36","116163385"
"chr11","117062807","117062974","KN297154v1","211161","211330","33","116851646"
"chr11","117100138","117100447","KN296311v1","4533608","4533917","17","112566530"
"chr11","117102192","117102370","KN296486v1","1714803","1714969","32","115387389"
"chr11","117145751","117146039","KN296311v1","4579398","4579702","27","112566353"
"chr11","117155230","117155540","KN296311v1","4589358","4589663","23","112565872"
"chr11","117229978","117230304","KN296311v1","4671107","4671433","25","112558871"
"chr11","117261905","117262202","KN296311v1","4709573","4709882","26","112552332"
"chr11","117283523","117283831","KN296311v1","4731453","4731762","24","112552070"
"chr11","117304742","117305051","KN296311v1","4753565","4753872","25","112551177"
"chr11","117330288","117330592","KN296311v1","4780889","4781195","13","112549399"
"chr11","117342602","117342935","KN296311v1","4793610","4793927","29","112548992"
"chr11","117423746","117423921","KN294790v1","2350797","2350969","31","115072949"
"chr11","117470366","117470616","KN296253v1","777735","777985","30","116692631"
"chr11","117504317","117504607","KN295038v1","1565123","1565420","41","115939194"
"chr11","117523216","117523518","KN295260v1","1127100","1127390","39","116396116"
"chr11","117531810","117532111","KN295871v1","678303","678603","35","116853507"
"chr11","117535870","117536179","KN296311v1","4992276","4992586","28","112543594"
"chr11","117558109","117558398","KN296311v1","5007964","5008265","24","112550145"
"chr11","117607215","117607516","KN295315v1","1631499","1631797","32","115975716"
"chr11","117619758","117620047","KN296311v1","5077350","5077639","12","112542408"
"chr11","117637633","117637929","KN296959v1","44442","44736","36","117593191"
"chr11","117644939","117645233","KN296311v1","5102706","5102996","12","112542233"
"chr11","117688763","117689064","KN296311v1","5147258","5147557","17","112541505"
"chr11","117722453","117722755","KN294520v1","1300419","1300723","34","116422034"
"chr11","117742736","117743037","KN295974v1","2054560","2054859","37","115688176"
"chr11","117777428","117777662","KN295633v1","200390","200624","39","117577038"
"chr11","117795239","117795549","KN294446v1","334147","334458","42","117461092"
"chr11","117831753","117831913","KN296086v1","825589","825753","33","117006164"
"chr11","117832225","117832305","KN294780v1","12561","12635","17","117819664"
"chr11","117836026","117836329","KN296311v1","5293680","5293992","23","112542346"
"chr11","117870679","117870730","KN295045v1","1336617","1336651","24","116534062"
"chr11","117895423","117895735","KN296311v1","5354766","5355076","13","112540657"
"chr11","117898919","117899217","KN294433v1","773885","774180","64","117125034"
"chr11","117920578","117920871","KN296311v1","5377777","5378070","14","112542801"
"chr11","117922551","117922835","KN296311v1","5379750","5380028","18","112542801"
"chr11","117966842","117967133","KN296311v1","5425235","5425526","11","112541607"
"chr11","117978520","117978818","KN296311v1","5436930","5437235","25","112541590"
"chr11","118135820","118136099","KN294583v1","111515","111793","35","118024305"
"chr11","118156988","118157263","KN295328v1","255798","256061","54","117901190"
"chr11","118158072","118158365","KN296311v1","5628112","5628407","14","112529960"
"chr11","118276094","118276379","KN296311v1","5753332","5753621","15","112522762"
"chr11","118385962","118386140","KN294613v1","769657","769824","44","117616305"
"chr11","118466340","118466649","KN296935v1","62542","62848","38","118403798"
"chr11","118470558","118470859","KN294172v1","6816895","6817201","44","111653663"
"chr11","118475596","118475867","KN296311v1","5951628","5951900","23","112523968"
"chr11","118478722","118479016","KN296311v1","5954793","5955076","20","112523929"
"chr11","118583120","118583428","KN296311v1","6061802","6062108","18","112521318"
"chr11","118613735","118614022","KN296311v1","6097151","6097432","23","112516584"
"chr11","118646263","118646502","KN295074v1","95886","96127","34","118550377"
"chr11","118646962","118647157","KN296473v1","44423","44611","31","118602539"
"chr11","118670949","118671184","KN296495v1","553328","553566","38","118117621"
"chr11","118698102","118698386","KN297259v1","448205","448497","53","118249897"
"chr11","118739012","118739292","KN296311v1","6232033","6232313","14","112506979"
"chr11","118760742","118760927","KN296859v1","1427369","1427572","37","117333373"
"chr11","118786526","118786826","KN296311v1","6274093","6274403","27","112512433"
"chr11","118852212","118852517","KN296311v1","6345673","6345958","38","112506539"
"chr11","118885025","118885334","KN296311v1","6378099","6378408","19","112506926"
"chr11","119017280","119017514","KN296062v1","1353746","1353981","42","117663534"
"chr11","119060821","119061008","KN295045v1","1182493","1182695","42","117878328"
"chr11","119135534","119135840","KN296311v1","6637500","6637812","30","112498034"
"chr11","119169202","119169410","KN295045v1","1182493","1182695","55","117986709"
"chr11","119291259","119291556","KN296311v1","6796181","6796478","15","112495078"
"chr11","119533055","119533360","KN295090v1","39156","39463","34","119493899"
"chr11","119863499","119863696","KN294571v1","2367043","2367240","45","117496456"
"chr11","120182366","120182668","KN296311v1","7674229","7674523","22","112508137"
"chr11","120342806","120343098","KN296311v1","7835400","7835683","28","112507406"
"chr11","120365422","120365617","KN294705v1","1041928","1042123","15","119323494"
"chr11","120390913","120391204","KN294790v1","2790520","2790815","33","117600393"
"chr11","120650611","120650792","KN296959v1","1152394","1152569","30","119498217"
"chr11","120664141","120664452","KN295907v1","1200915","1201232","40","119463226"
"chr11","120725235","120725560","KN295735v1","1295723","1296038","45","119429512"
"chr11","120762562","120762859","KN296311v1","8254516","8254817","27","112508046"
"chr11","121198287","121198597","KN296311v1","8694568","8694875","23","112503719"
"chr11","121201061","121201364","KN296311v1","8697375","8697685","22","112503686"
"chr11","121533046","121533361","KN296311v1","9010493","9010808","43","112522553"
"chr11","121546917","121547090","KN294863v1","491835","492008","37","121055082"
"chr11","121553010","121553305","KN294399v1","178526","178809","39","121374484"
"chr11","121592563","121592865","KN296153v1","2694614","2694921","51","118897949"
"chr11","121821911","121822222","KN296311v1","9279034","9279340","22","112542877"
"chr11","122346406","122346727","KN296311v1","9780449","9780776","45","112565957"
"chr11","122454737","122455019","KN297444v1","491734","492016","30","121963003"
"chr11","122580792","122581082","KN297165v1","1355223","1355511","23","121225569"
"chr11","123121582","123121852","KN295550v1","379521","379790","16","122742061"
"chr11","123136374","123136516","KN295294v1","769026","769186","35","122367348"
"chr11","123333707","123333880","KN294980v1","230782","230955","27","123102925"
"chr11","123432988","123433285","KN296062v1","2620590","2620895","42","120812398"
"chr11","123488882","123489034","KN296495v1","1470532","1470683","20","122018350"
"chr11","124013296","124013580","KN297240v1","64567","64847","26","123948729"
"chr11","124217605","124217751","KN295814v1","1118418","1118576","28","123099187"
"chr11","124269486","124269777","KN295075v1","252071","252359","33","124017415"
"chr11","124303791","124304094","KN297176v1","157353","157648","37","124146438"
"chr11","124751732","124752027","KN294446v1","290641","290939","28","124461091"
"chr11","125060891","125061196","KN294520v1","1300419","1300723","40","123760472"
"chr11","125425715","125426009","KN295006v1","698089","698384","38","124727626"
"chr11","126232611","126232894","KN296078v1","1239546","1239827","45","124993065"
"chr11","126305944","126306245","KN296004v1","398217","398517","31","125907727"
"chr11","127053850","127054151","KN294172v1","2053418","2053711","38","125000432"
"chr11","127141355","127141661","KN294922v1","720408","720710","37","126420947"
"chr11","127295323","127295636","KN295424v1","76367","76689","49","127218956"
"chr11","127307054","127307317","KN295315v1","1252934","1253195","43","126054120"
"chr11","127329929","127330212","KN297197v1","3889270","3889564","41","123440659"
"chr11","127339703","127339978","KN295964v1","43993","44262","43","127295710"
"chr11","127361540","127361838","KN296036v1","2407301","2407601","30","124954239"
"chr11","127441085","127441386","KN296826v1","122558","122853","42","127318527"
"chr11","128044339","128044616","KN294591v1","313021","313291","63","127731318"
"chr11","128090530","128090836","KN297197v1","4684189","4684491","33","123406341"
"chr11","128097086","128097383","KN294592v1","51794","52092","33","128045292"
"chr11","128124740","128125005","KN294407v1","1565517","1565792","40","126559223"
"chr11","128126975","128127276","KN294705v1","1109306","1109614","51","127017669"
"chr11","128215479","128215791","KN295343v1","373896","374196","51","127841583"
"chr11","128278787","128279056","KN295257v1","348260","348541","44","127930527"
"chr11","128283399","128283683","KN294506v1","235047","235332","34","128048352"
"chr11","128284698","128284991","KN297452v1","1979430","1979725","28","126305268"
"chr11","128291322","128291619","KN295984v1","811714","812012","27","127479608"
"chr11","128347754","128348054","KN295923v1","1430363","1430659","37","126917391"
"chr11","128350017","128350179","KN295294v1","769026","769186","33","127580991"
"chr11","128396530","128396623","KN296296v1","165106","165204","27","128231424"
"chr11","128403725","128403883","KN295814v1","1118418","1118576","19","127285307"
"chr11","128404189","128404322","KN295667v1","829585","829718","17","127574604"
"chr11","128446358","128446637","KN296538v1","1722160","1722453","44","126724198"
"chr11","128487175","128487468","KN296520v1","263780","264070","47","128223395"
"chr12","5697","6087","KN295893v1","2525842","2526192","106","2520145"
"chr12","44491","44795","KN297008v1","59385","59686","27","14894"
"chr12","111095","111406","KN297008v1","125690","126000","16","14595"
"chr12","163969","164215","KN297008v1","179961","180203","18","15992"
"chr12","284702","285001","KN297008v1","286035","286334","9","1333"
"chr12","578720","579012","KN297008v1","593029","593322","17","14309"
"chr12","597145","597442","KN294592v1","1387856","1388155","28","790711"
"chr12","614465","614753","KN297360v1","53891","54172","46","560574"
"chr12","632855","633145","KN295962v1","2488019","2488313","36","1855164"
"chr12","644517","644907","KN296864v1","2177791","2178147","85","1533274"
"chr12","1055343","1055662","KN294510v1","104913","105218","47","950430"
"chr12","1055870","1056199","KN294510v1","104913","105218","58","950957"
"chr12","1100251","1100544","KN297008v1","1124715","1125001","23","24464"
"chr12","1283782","1283822","KN297008v1","1312474","1312513","1","28692"
"chr12","1284184","1284328","KN297008v1","1312876","1313013","19","28692"
"chr12","1284634","1284765","KN297008v1","1313314","1313446","9","28680"
"chr12","1298111","1298410","KN295343v1","373896","374196","31","924215"
"chr12","1317598","1317899","KN297008v1","1348653","1348951","20","31055"
"chr12","1408250","1408407","KN297008v1","1441000","1441155","11","32750"
"chr12","1458349","1458635","KN296921v1","638830","639115","43","819519"
"chr12","1492720","1493004","KN295257v1","348260","348541","38","1144460"
"chr12","1549816","1550120","KN295090v1","398219","398526","44","1151597"
"chr12","1678288","1678580","KN297452v1","1979430","1979725","33","301142"
"chr12","1680952","1681304","KN297008v1","1725594","1725918","59","44642"
"chr12","2136928","2137232","KN295601v1","950074","950374","39","1186854"
"chr12","2594816","2595124","KN295825v1","1348994","1349300","39","1245822"
"chr12","2701023","2701071","KN296316v1","148146","148173","27","2552877"
"chr12","2844525","2844845","KN297008v1","2897460","2897774","24","52935"
"chr12","3005841","3006141","KN297008v1","3062395","3062696","13","56554"
"chr12","4702724","4703017","KN297008v1","4760196","4760475","35","57472"
"chr12","5028686","5028942","KN294172v1","1585798","1586062","21","3442888"
"chr12","5071341","5071649","KN297008v1","5136048","5136356","8","64707"
"chr12","5185288","5185582","KN297008v1","5250297","5250589","18","65009"
"chr12","5241197","5241506","KN297008v1","5314255","5314555","23","73058"
"chr12","5288520","5288804","KN297028v1","1113262","1113544","34","4175258"
"chr12","5291800","5292100","KN297008v1","5367555","5367859","21","75755"
"chr12","5305832","5306129","KN297008v1","5381118","5381428","28","75286"
"chr12","5312662","5312968","KN296036v1","1885825","1886128","41","3426837"
"chr12","5602546","5602849","KN297008v1","5694530","5694835","32","91984"
"chr12","5611935","5612245","KN296310v1","1454035","1454345","33","4157900"
"chr12","5683861","5684160","KN297008v1","5780113","5780412","15","96252"
"chr12","5708109","5708417","KN297274v1","1273846","1274150","34","4434263"
"chr12","5717229","5717529","KN294520v1","1300419","1300723","32","4416810"
"chr12","5743779","5744079","KN297008v1","5838833","5839139","22","95054"
"chr12","5893161","5893322","KN295830v1","837","999","29","5892324"
"chr12","6150092","6150399","KN297008v1","6258189","6258494","27","108097"
"chr12","6310285","6310567","KN297008v1","6417600","6417859","31","107315"
"chr12","6378555","6378866","KN297008v1","6490113","6490414","32","111558"
"chr12","6541308","6541475","KN294980v1","230782","230955","25","6310526"
"chr12","6541514","6541641","KN295571v1","189855","189980","14","6351659"
"chr12","6572029","6572127","KN294780v1","12561","12635","33","6559468"
"chr12","6572267","6572568","KN295735v1","1411168","1411465","37","5161099"
"chr12","6599289","6599462","KN295667v1","830007","830168","37","5769282"
"chr12","6599761","6599893","KN296495v1","1470092","1470224","15","5129669"
"chr12","6603975","6604149","KN296153v1","2696247","2696418","25","3907728"
"chr12","6608081","6608220","KN295171v1","774709","774836","39","5833372"
"chr12","6691164","6691470","KN297008v1","6804349","6804651","24","113185"
"chr12","6694283","6694585","KN297008v1","6807513","6807804","31","113230"
"chr12","6697383","6697685","KN297008v1","6810598","6810900","15","113215"
"chr12","6754134","6754441","KN297008v1","6870732","6871042","19","116598"
"chr12","6802972","6803274","KN295090v1","2955942","2956240","22","3847030"
"chr12","6969734","6969923","KN294214v1","1785778","1785960","54","5183956"
"chr12","7079180","7079476","KN295090v1","2678194","2678478","22","4400986"
"chr12","7094506","7094825","KN296426v1","740411","740728","42","6354095"
"chr12","7165364","7165661","KN295090v1","2592734","2593026","23","4572630"
"chr12","7284814","7285111","KN295090v1","2472337","2472629","22","4812477"
"chr12","7326915","7327221","KN295090v1","2429880","2430187","13","4897035"
"chr12","7340518","7340857","KN296795v1","444503","444866","69","6896015"
"chr12","7366037","7366259","KN297112v1","2436873","2437092","55","4929164"
"chr12","7426463","7426709","KN295090v1","2328381","2328631","16","5098082"
"chr12","7440040","7440340","KN295962v1","2457159","2457455","38","4982881"
"chr12","7542973","7543259","KN295090v1","2206504","2206790","15","5336469"
"chr12","7555565","7555843","KN294181v1","167090","167370","44","7388475"
"chr12","7557809","7558100","KN295090v1","2191220","2191506","27","5366589"
"chr12","7582212","7582247","KN296316v1","148146","148173","13","7434066"
"chr12","7589209","7589515","KN295090v1","2157221","2157527","11","5431988"
"chr12","7617110","7617318","KN295090v1","2129680","2129888","15","5487430"
"chr12","7871639","7871803","KN295408v1","16726","16898","33","7854913"
"chr12","7948303","7948586","KN295090v1","1785359","1785660","28","6162944"
"chr12","8127937","8128219","KN296138v1","156760","157041","37","7971177"
"chr12","8136855","8137157","KN294668v1","2003347","2003642","41","6133508"
"chr12","8184696","8184874","KN296122v1","77654","77829","35","8107042"
"chr12","8218530","8218703","KN297154v1","211161","211330","38","8007369"
"chr12","8244535","8244831","KN295090v1","1475675","1475971","22","6768860"
"chr12","8255008","8255322","KN294499v1","2542984","2543291","48","5712024"
"chr12","8275897","8276212","KN295459v1","806026","806321","49","7469871"
"chr12","8341241","8341539","KN295090v1","1376907","1377205","8","6964334"
"chr12","8342367","8342677","KN295090v1","1375483","1375774","32","6966884"
"chr12","8398906","8399183","KN295090v1","1320474","1320754","13","7078432"
"chr12","8403868","8404135","KN295090v1","1315402","1315663","23","7088466"
"chr12","8584338","8584648","KN295090v1","1130135","1130431","28","7454203"
"chr12","8619540","8619716","KN297094v1","185988","186163","35","8433552"
"chr12","8772963","8773243","KN295090v1","927367","927634","31","7845596"
"chr12","8843253","8843543","KN295090v1","856654","856958","29","7986599"
"chr12","8862234","8862490","KN295090v1","839741","840004","19","8022493"
"chr12","8907574","8907871","KN295090v1","801703","802002","12","8105871"
"chr12","9050073","9050366","KN295090v1","653353","653649","21","8396720"
"chr12","9089439","9089750","KN295090v1","611313","611620","16","8478126"
"chr12","9120619","9120909","KN295090v1","576096","576372","22","8544523"
"chr12","9129090","9129403","KN295090v1","567400","567712","14","8561690"
"chr12","9193886","9194168","KN295090v1","499238","499531","32","8694648"
"chr12","9194230","9194367","KN295171v1","774709","774836","32","8419521"
"chr12","9205903","9206202","KN295090v1","488106","488398","18","8717797"
"chr12","9211900","9212204","KN295102v1","157119","157420","41","9054781"
"chr12","9234693","9235007","KN295090v1","452979","453294","24","8781714"
"chr12","9261007","9261201","KN296859v1","1427369","1427572","39","7833638"
"chr12","9327838","9328118","KN294964v1","433236","433507","47","8894602"
"chr12","9349346","9349556","KN296312v1","25630","25846","42","9323716"
"chr12","9349605","9349822","KN295717v1","2160792","2161022","40","7188813"
"chr12","9377101","9377406","KN294526v1","575886","576198","39","8801215"
"chr12","9382756","9383045","KN295090v1","291736","292032","25","9091020"
"chr12","9424775","9425084","KN295090v1","249324","249632","25","9175451"
"chr12","9483603","9483907","KN295090v1","181070","181366","21","9302533"
"chr12","9489030","9489330","KN295090v1","175702","175991","19","9313328"
"chr12","9590524","9590814","KN296577v1","124145","124435","31","9466379"
"chr12","9636064","9636370","KN295974v1","2054560","2054859","39","7581504"
"chr12","9825247","9825413","KN296174v1","30392","30557","26","9794855"
"chr12","9930404","9930714","KN296244v1","79417","79731","21","9850987"
"chr12","9930885","9931033","KN297008v1","6657903","6658047","22","3272982"
"chr12","9931344","9931360","KN295152v1","573368","573383","4","9357976"
"chr12","9970619","9970789","KN294596v1","141115","141287","33","9829504"
"chr12","10088912","10089213","KN295984v1","811714","812012","38","9277198"
"chr12","10103412","10103692","KN296009v1","1376950","1377229","41","8726462"
"chr12","10125794","10126084","KN296153v1","3956819","3957110","50","6168975"
"chr12","10126803","10127109","KN296244v1","290090","290393","14","9836713"
"chr12","10374713","10374992","KN296244v1","533987","534285","37","9840726"
"chr12","10375099","10375210","KN294172v1","5423877","5423985","14","4951222"
"chr12","10375521","10375696","KN294451v1","850657","850819","38","9524864"
"chr12","10405190","10405448","KN296187v1","2177901","2178181","55","8227289"
"chr12","10540141","10540325","KN295735v1","895035","895215","30","9645106"
"chr12","10606708","10606980","KN294187v1","907689","907968","33","9699019"
"chr12","10668100","10668279","KN294378v1","1680015","1680191","32","8988085"
"chr12","10727730","10728027","KN296244v1","904995","905291","20","9822735"
"chr12","10859797","10860098","KN296244v1","1034590","1034893","17","9825207"
"chr12","10985515","10985819","KN294456v1","348346","348646","39","10637169"
"chr12","11041246","11041554","KN296825v1","1702761","1703066","38","9338485"
"chr12","11241850","11242139","KN295544v1","58095","58390","91","11183755"
"chr12","11278272","11278580","KN295984v1","3224772","3225079","14","8053500"
"chr12","11324482","11324778","KN295984v1","3177868","3178165","16","8146614"
"chr12","11343373","11343655","KN295984v1","3157265","3157559","25","8186108"
"chr12","11356931","11357232","KN295984v1","3141945","3142247","19","8214986"
"chr12","11379676","11379859","KN295967v1","467933","468109","29","10911743"
"chr12","11394030","11394328","KN296547v1","1383439","1383739","42","10010591"
"chr12","11453435","11453727","KN297320v1","126805","127086","53","11326630"
"chr12","12430037","12430325","KN295984v1","2055415","2055719","25","10374622"
"chr12","12438841","12439134","KN295984v1","2045834","2046142","28","10393007"
"chr12","12619975","12620238","KN296281v1","334470","334737","38","12285505"
"chr12","12641201","12641495","KN294842v1","1341246","1341546","37","11299955"
"chr12","12657900","12658195","KN296620v1","894394","894690","38","11763506"
"chr12","12857978","12858288","KN295984v1","1613969","1614281","18","11244009"
"chr12","12918851","12919147","KN297233v1","1173332","1173631","34","11745519"
"chr12","12928723","12929042","KN295430v1","194615","194934","36","12734108"
"chr12","12932413","12932588","KN295967v1","467933","468109","29","12464480"
"chr12","12937876","12938174","KN295984v1","1528577","1528873","23","11409299"
"chr12","12939091","12939377","KN295984v1","1527213","1527510","28","11411878"
"chr12","12939945","12940245","KN295236v1","5176018","5176310","55","7763927"
"chr12","12969854","12970153","KN295984v1","1489403","1489705","18","11480451"
"chr12","12997176","12997465","KN297327v1","630152","630440","36","12367024"
"chr12","13032685","13032965","KN295984v1","1422065","1422340","27","11610620"
"chr12","13035476","13035672","KN296062v1","1814487","1814665","48","11220989"
"chr12","13130736","13131027","KN295984v1","1318409","1318700","18","11812327"
"chr12","13139721","13140002","KN296290v1","1258651","1258933","29","11881070"
"chr12","13164035","13164343","KN295984v1","1283871","1284179","11","11880164"
"chr12","13243063","13243378","KN296062v1","2620590","2620895","44","10622473"
"chr12","13244784","13245080","KN294668v1","2003347","2003642","36","11241437"
"chr12","13288890","13289101","KN296090v1","109128","109340","29","13179762"
"chr12","13304137","13304436","KN295257v1","1909438","1909734","35","11394699"
"chr12","13308060","13308351","KN295984v1","1135735","1136031","19","12172325"
"chr12","13321639","13321915","KN295984v1","1128855","1129123","25","12192784"
"chr12","13402719","13403009","KN295984v1","1036841","1037131","14","12365878"
"chr12","13416794","13417100","KN295984v1","1021221","1021523","16","12395573"
"chr12","13469157","13469211","KN295045v1","1336617","1336651","24","12132540"
"chr12","13569421","13569719","KN295984v1","862600","862900","20","12706821"
"chr12","13579907","13580216","KN295984v1","851958","852267","13","12727949"
"chr12","13619481","13619783","KN295984v1","811714","812012","15","12807767"
"chr12","13953263","13953550","KN296365v1","1734359","1734644","38","12218904"
"chr12","13959554","13959861","KN295984v1","454752","455060","23","13504802"
"chr12","13999229","13999412","KN295735v1","895035","895215","35","13104194"
"chr12","14189727","14189991","KN296749v1","29229","29490","34","14160498"
"chr12","14511195","14511503","KN294883v1","392954","393264","48","14118241"
"chr12","14538265","14538437","KN294790v1","2350797","2350969","31","12187468"
"chr12","14555676","14555971","KN294970v1","974452","974753","33","13581224"
"chr12","14843548","14843843","KN295962v1","375746","376041","39","14467802"
"chr12","14847195","14847440","KN294548v1","1486220","1486474","35","13360975"
"chr12","14872995","14873311","KN294485v1","105000","105306","36","14767995"
"chr12","14900567","14900868","KN294540v1","651367","651664","36","14249200"
"chr12","15038780","15038946","KN296743v1","1789514","1789673","37","13249266"
"chr12","15124811","15125115","KN294373v1","897706","898011","50","14227105"
"chr12","15211479","15211774","KN295345v1","868768","869065","39","14342711"
"chr12","15295455","15295760","KN296311v1","2646907","2647198","71","12648548"
"chr12","15298144","15298398","KN297227v1","928236","928488","50","14369908"
"chr12","15437965","15438177","KN294372v1","2516220","2516439","36","12921745"
"chr12","17181381","17181676","KN294513v1","521637","521930","49","16659744"
"chr12","17237205","17237483","KN295965v1","75137","75409","38","17162068"
"chr12","17327917","17328196","KN297360v1","53891","54172","38","17274026"
"chr12","17371242","17371549","KN294911v1","2511158","2511460","49","14860084"
"chr12","17436019","17436323","KN295102v1","249012","249316","37","17187007"
"chr12","17722383","17722596","KN296859v1","1427369","1427572","39","16295014"
"chr12","17784415","17784434","KN297125v1","5716","5730","5","17778699"
"chr12","17784513","17784792","KN297227v1","240655","240937","37","17543858"
"chr12","18083615","18083907","KN296036v1","1306747","1307034","41","16776868"
"chr12","18115209","18115388","KN296959v1","1152394","1152569","34","16962815"
"chr12","18376998","18377150","KN294980v1","230782","230955","43","18146216"
"chr12","18459960","18460257","KN294619v1","1362925","1363220","38","17097035"
"chr12","18719249","18719427","KN294980v1","230782","230955","34","18488467"
"chr12","18746617","18746914","KN296880v1","290862","291165","13","18455755"
"chr12","18755016","18755317","KN296880v1","282228","282535","21","18472788"
"chr12","18802202","18802493","KN295038v1","1565123","1565420","51","17237079"
"chr12","19017164","19017506","KN297165v1","948615","948959","71","18068549"
"chr12","19100202","19100487","KN296495v1","1243624","1243910","42","17856578"
"chr12","19291622","19291880","KN297210v1","51987","52241","40","19239635"
"chr12","20796568","20796867","KN295248v1","153555","153842","26","20643013"
"chr12","20868033","20868344","KN295248v1","82638","82954","23","20785395"
"chr12","20970091","20970389","KN296160v1","38059","38357","16","20932032"
"chr12","21124616","21124896","KN296009v1","1376950","1377229","32","19747666"
"chr12","21177011","21177192","KN296296v1","24619","24786","44","21152392"
"chr12","21373621","21373907","KN295967v1","306177","306462","45","21067444"
"chr12","21411962","21412261","KN294208v1","506677","506971","37","20905285"
"chr12","21582479","21582767","KN296139v1","7891","8178","38","21574588"
"chr12","21612043","21612348","KN297197v1","3989893","3990195","59","17622150"
"chr12","21847663","21847867","KN294782v1","262059","262256","58","21585604"
"chr12","21847896","21848022","KN297026v1","166297","166429","17","21681599"
"chr12","22320488","22320769","KN294399v1","178526","178809","32","22141962"
"chr12","22357776","22358066","KN295171v1","1412453","1412742","37","20945323"
"chr12","22513396","22513704","KN296380v1","7066","7372","39","22506330"
"chr12","22691581","22691698","KN297157v1","346096","346184","46","22345485"
"chr12","22721506","22721809","KN294172v1","6407720","6408021","44","16313786"
"chr12","22725976","22726276","KN294561v1","645779","646083","41","22080197"
"chr12","22775887","22776189","KN295923v1","1430363","1430659","44","21345524"
"chr12","22979913","22980175","KN296541v1","96705","96961","44","22883208"
"chr12","22990438","22990713","KN294846v1","181961","182242","47","22808477"
"chr12","23806405","23806698","KN296079v1","3084734","3085029","43","20721671"
"chr12","24005908","24006186","KN294399v1","178526","178809","34","23827382"
"chr12","24016301","24016606","KN297044v1","108239","108545","32","23908062"
"chr12","24032931","24033232","KN294964v1","864674","864972","40","23168257"
"chr12","24446919","24447225","KN296093v1","185428","185734","34","24261491"
"chr12","24630128","24630441","KN294561v1","645779","646083","41","23984349"
"chr12","24741144","24741451","KN296119v1","3077345","3077652","41","21663799"
"chr12","24788607","24788909","KN296761v1","97995","98298","24","24690612"
"chr12","24817322","24817614","KN295090v1","2414211","2414506","32","22403111"
"chr12","25710375","25710666","KN296588v1","1421873","1422163","11","24288502"
"chr12","25722026","25722331","KN296588v1","1410475","1410784","26","24311551"
"chr12","25909031","25909341","KN296588v1","1217922","1218227","23","24691109"
"chr12","26071854","26072151","KN296588v1","1053747","1054030","26","25018107"
"chr12","26128128","26128438","KN296588v1","997011","997321","12","25131117"
"chr12","26131068","26131382","KN296588v1","994090","994394","22","25136978"
"chr12","26216597","26216774","KN296959v1","1152394","1152569","33","25064203"
"chr12","26314917","26315221","KN296588v1","812279","812584","25","25502638"
"chr12","26323528","26323823","KN295034v1","604953","605250","31","25718575"
"chr12","26372962","26373240","KN296588v1","754551","754830","7","25618411"
"chr12","26467907","26468203","KN296588v1","656480","656776","17","25811427"
"chr12","26512767","26513060","KN296588v1","610760","611054","20","25902007"
"chr12","26591357","26591669","KN296588v1","524171","524473","31","26067186"
"chr12","26688462","26688756","KN296588v1","427427","427736","33","26261035"
"chr12","26688839","26689149","KN296588v1","427427","427736","45","26261412"
"chr12","26758730","26759042","KN296588v1","356654","356956","31","26402076"
"chr12","26848372","26848682","KN294592v1","922102","922412","27","25926270"
"chr12","26980890","26981029","KN297008v1","6657903","6658047","33","20322987"
"chr12","27043534","27043815","KN295304v1","239758","240038","40","26803776"
"chr12","27074045","27074358","KN296588v1","49720","50029","16","27024325"
"chr12","27104211","27104403","KN294172v1","5506384","5506576","41","21597827"
"chr12","27130355","27130644","KN294419v1","4059","4355","23","27126296"
"chr12","27269224","27269515","KN294419v1","146989","147283","17","27122235"
"chr12","27348904","27349207","KN294419v1","228865","229168","22","27120039"
"chr12","27454667","27454817","KN296802v1","753722","753872","31","26700945"
"chr12","27550560","27550736","KN294980v1","230782","230955","29","27319778"
"chr12","27618581","27618877","KN296948v1","271010","271304","41","27347571"
"chr12","27652399","27652659","KN295717v1","334952","335216","31","27317447"
"chr12","27690888","27691175","KN295198v1","298684","298978","28","27392204"
"chr12","27692308","27692600","KN295198v1","300110","300409","16","27392198"
"chr12","27775368","27775517","KN296311v1","1013861","1014022","40","26761507"
"chr12","27891385","27891687","KN295198v1","516030","516332","14","27375355"
"chr12","27892649","27892799","KN296430v1","705227","705382","30","27187422"
"chr12","27942795","27943094","KN295198v1","605949","606244","24","27336846"
"chr12","27989534","27989830","KN295198v1","556191","556490","18","27433343"
"chr12","28005159","28005450","KN295198v1","619902","620196","15","27385257"
"chr12","28027737","28028030","KN295198v1","642950","643231","29","27384787"
"chr12","28032515","28032835","KN294536v1","1166329","1166654","42","26866186"
"chr12","28090001","28090294","KN297259v1","448205","448497","36","27641796"
"chr12","28170270","28170573","KN294451v1","194657","194961","35","27975613"
"chr12","28184234","28184529","KN295198v1","807457","807762","29","27376777"
"chr12","28209928","28210203","KN295198v1","833741","834019","14","27376187"
"chr12","28210257","28210269","KN295963v1","26249","26262","1","28184008"
"chr12","28402563","28402859","KN295936v1","123687","123984","18","28278876"
"chr12","28431712","28432009","KN295936v1","153453","153757","27","28278259"
"chr12","28790287","28790583","KN295936v1","558157","558462","23","28232130"
"chr12","28792062","28792370","KN295936v1","559937","560240","19","28232125"
"chr12","28987844","28988171","KN295936v1","755687","755994","34","28232157"
"chr12","29343312","29343610","KN295936v1","1157079","1157394","35","28186233"
"chr12","29457299","29457607","KN295936v1","1270500","1270809","25","28186799"
"chr12","29481622","29481900","KN296883v1","892041","892315","43","28589581"
"chr12","29485004","29485168","KN295090v1","1465525","1465689","31","28019479"
"chr12","29841124","29841407","KN295936v1","1670037","1670302","31","28171087"
"chr12","30023898","30024208","KN295936v1","1849539","1849823","36","28174359"
"chr12","30354650","30354819","KN297154v1","211161","211330","27","30143489"
"chr12","30396602","30396902","KN295936v1","2221604","2221897","18","28174998"
"chr12","30403115","30403382","KN295936v1","2228111","2228371","16","28175004"
"chr12","30675540","30675601","KN295614v1","28241","28303","32","30647299"
"chr12","30822544","30822705","KN296588v1","803622","803789","28","30018922"
"chr12","30822716","30822885","KN296905v1","73014","73184","25","30749702"
"chr12","30940253","30940564","KN295936v1","2770576","2770884","11","28169677"
"chr12","31228748","31229055","KN294499v1","899277","899580","47","30329471"
"chr12","31375147","31375431","KN296071v1","70443","70728","13","31304704"
"chr12","31686531","31686821","KN296877v1","438663","438957","23","31247868"
"chr12","31746001","31746306","KN296877v1","373903","374194","32","31372098"
"chr12","31751914","31752218","KN296877v1","367914","368225","21","31384000"
"chr12","31812454","31812731","KN296877v1","307102","307380","15","31505352"
"chr12","31842822","31843098","KN296877v1","276400","276676","13","31566422"
"chr12","31878988","31879263","KN295294v1","1790271","1790554","36","30088717"
"chr12","31908057","31908359","KN294399v1","115875","116174","28","31792182"
"chr12","32012447","32012735","KN296877v1","104945","105233","11","31907502"
"chr12","32069337","32069658","KN295430v1","194615","194934","50","31874722"
"chr12","32080523","32080782","KN296877v1","31989","32250","18","32048534"
"chr12","32220677","32221015","KN296231v1","401194","401523","48","31819483"
"chr12","32246713","32247022","KN295154v1","149426","149727","39","32097287"
"chr12","32267957","32268210","KN295533v1","879003","879251","31","31388954"
"chr12","32304612","32304935","KN296813v1","35356","35679","53","32269256"
"chr12","32305947","32306243","KN296315v1","221665","221960","39","32084282"
"chr12","32806925","32807084","KN294980v1","230782","230955","39","32576143"
"chr12","32888601","32888909","KN294172v1","6407720","6408021","46","26480881"
"chr12","32912358","32912526","KN297159v1","1972589","1972756","29","30939769"
"chr12","32912553","32912678","KN295995v1","71301","71424","16","32841252"
"chr12","33134234","33134539","KN295962v1","375746","376041","37","32758488"
"chr12","33272691","33272835","KN296802v1","753722","753872","28","32518969"
"chr12","33768914","33769224","KN296486v1","447375","447682","36","33321539"
"chr12","34093149","34093442","KN294456v1","513291","513590","37","33579858"
"chr12","34426617","34426911","KN296609v1","1410682","1410982","42","33015935"
"chr12","34506985","34507286","KN297159v1","2909102","2909401","31","31597883"
"chr12","34817058","34817343","KN295366v1","153538","153829","38","34663520"
"chr12","34859891","34860156","KN295054v1","15420","15685","4","34844471"
"chr12","35369486","35369799","KN295644v1","43198","43507","22","35326288"
"chr12","35371025","35371267","KN295644v1","44761","44980","38","35326264"
"chr12","35420230","35420522","KN295644v1","94576","94863","34","35325654"
"chr12","35461890","35462193","KN296311v1","5354766","5355076","37","30107124"
"chr12","36057500","36057791","KN294583v1","245896","246194","46","35811604"
"chr12","36116567","36116814","KN297046v1","2365024","2365265","39","33751543"
"chr12","36116867","36116878","KN294443v1","170714","170724","3","35946153"
"chr12","36493600","36493876","KN295828v1","1095001","1095277","44","35398599"
"chr12","36833744","36834039","KN295974v1","690483","690778","39","36143261"
"chr12","37024062","37024367","KN295096v1","2347996","2348300","41","34676066"
"chr12","37738578","37738854","KN297180v1","1984928","1985207","22","35753650"
"chr12","37949493","37949749","KN297180v1","1769990","1770243","14","36179503"
"chr12","38523583","38523818","KN297180v1","1189334","1189582","28","37334249"
"chr12","38940628","38940691","KN296726v1","937390","937454","28","38003238"
"chr12","38966393","38966678","KN297180v1","726942","727229","18","38239451"
"chr12","39057842","39058133","KN295366v1","153538","153829","37","38904304"
"chr12","39078012","39078307","KN297180v1","610737","611047","31","38467275"
"chr12","39104834","39105125","KN297180v1","587232","587523","8","38517602"
"chr12","39193842","39194151","KN297180v1","495296","495604","12","38698546"
"chr12","39500677","39500985","KN295871v1","45640","45948","35","39455037"
"chr12","39520137","39520443","KN297180v1","164235","164543","20","39355902"
"chr12","39526423","39526750","KN297452v1","1119950","1120276","37","38406473"
"chr12","39911762","39912039","KN296921v1","1978818","1979096","36","37932944"
"chr12","40036093","40036409","KN294385v1","291689","291997","43","39744404"
"chr12","40201032","40201357","KN296380v1","7066","7372","44","40193966"
"chr12","40292057","40292251","KN296859v1","1427369","1427572","35","38864688"
"chr12","40506862","40507156","KN295825v1","1938240","1938545","46","38568622"
"chr12","40518361","40518631","KN296775v1","294665","294936","36","40223696"
"chr12","41169600","41169900","KN294611v1","4367","4667","33","41165233"
"chr12","41597678","41597988","KN296883v1","3373290","3373603","42","38224388"
"chr12","41736669","41736956","KN295746v1","236127","236417","31","41500542"
"chr12","42105407","42105552","KN297008v1","6657903","6658047","20","35447504"
"chr12","42105588","42105602","KN297008v1","5363769","5363781","4","36741819"
"chr12","42399644","42399919","KN294493v1","377513","377791","38","42022131"
"chr12","42477275","42477576","KN296508v1","2152535","2152843","16","40324740"
"chr12","42536656","42536951","KN296508v1","2092554","2092854","29","40444102"
"chr12","42574858","42575045","KN296732v1","2894470","2894659","50","39680388"
"chr12","42605808","42606116","KN296508v1","2021772","2022087","23","40584036"
"chr12","42689059","42689366","KN296508v1","1941069","1941376","19","40747990"
"chr12","42820110","42820390","KN296508v1","1808118","1808397","19","41011992"
"chr12","42834484","42834796","KN296508v1","1794565","1794876","15","41039919"
"chr12","42875836","42876146","KN296508v1","1755037","1755345","11","41120799"
"chr12","42989904","42990081","KN294980v1","230782","230955","31","42759122"
"chr12","43037417","43037720","KN294416v1","303238","303546","33","42734179"
"chr12","43272380","43272679","KN294540v1","987552","987850","37","42284828"
"chr12","43481489","43481556","KN296731v1","893461","893529","30","42588028"
"chr12","43849168","43849461","KN296508v1","768275","768571","18","43080893"
"chr12","43952734","43953045","KN296508v1","658979","659289","17","43293755"
"chr12","43999817","44000000","KN297199v1","209","393","27","43999608"
"chr12","44015213","44015500","KN296508v1","596598","596877","16","43418615"
"chr12","44021405","44021565","KN294451v1","850657","850819","32","43170748"
"chr12","44120290","44120592","KN296508v1","473679","473974","16","43646611"
"chr12","44127641","44127949","KN294705v1","1140294","1140602","35","42987347"
"chr12","44183164","44183451","KN296508v1","400163","400447","11","43783001"
"chr12","44190082","44190362","KN296508v1","396494","396768","18","43793588"
"chr12","44205608","44205853","KN296508v1","378971","379207","18","43826637"
"chr12","44317373","44317650","KN296054v1","63194","63469","43","44254179"
"chr12","44379096","44379375","KN294257v1","1004902","1005180","34","43374194"
"chr12","44426674","44426860","KN296119v1","3355213","3355396","36","41071461"
"chr12","44426897","44427061","KN295667v1","830007","830168","41","43596890"
"chr12","44431538","44431715","KN296153v1","2118691","2118861","40","42312847"
"chr12","44450672","44450826","KN296486v1","1714803","1714969","37","42735869"
"chr12","44700022","44700334","KN294454v1","117200","117502","30","44582822"
"chr12","44785679","44785987","KN294454v1","202705","203013","12","44582974"
"chr12","44901719","44901928","KN295667v1","1125641","1125852","69","43776078"
"chr12","44902226","44902398","KN296486v1","1714803","1714969","29","43187423"
"chr12","45367135","45367430","KN296167v1","390890","391180","39","44976245"
"chr12","45481246","45481551","KN294451v1","194657","194961","38","45286589"
"chr12","45482964","45483259","KN296296v1","66249","66543","34","45416715"
"chr12","45497917","45498208","KN294693v1","517852","518151","50","44980065"
"chr12","45558843","45559140","KN295345v1","868768","869065","49","44690075"
"chr12","45632224","45632403","KN296486v1","1714803","1714969","40","43917421"
"chr12","45648763","45648991","KN295343v1","589567","589783","41","45059196"
"chr12","45665079","45665367","KN294883v1","392954","393264","65","45272125"
"chr12","45878680","45878964","KN296496v1","538146","538424","42","45340534"
"chr12","45996636","45996809","KN296959v1","1152394","1152569","24","44844242"
"chr12","45996839","45996963","KN294172v1","3927953","3928072","15","42068886"
"chr12","46121998","46122299","KN296761v1","97995","98298","37","46024003"
"chr12","46178375","46178579","KN295801v1","840804","841003","44","45337571"
"chr12","46255506","46255830","KN295893v1","2419696","2420007","54","43835810"
"chr12","46398920","46399229","KN295825v1","2979498","2979808","31","43419422"
"chr12","46413970","46414270","KN295257v1","1909438","1909734","26","44504532"
"chr12","46423898","46424205","KN296119v1","3556005","3556313","31","42867893"
"chr12","46477533","46477829","KN294571v1","1349003","1349300","36","45128530"
"chr12","46519091","46519393","KN294451v1","194657","194961","38","46324434"
"chr12","46523180","46523418","KN297038v1","132080","132318","30","46391100"
"chr12","46547696","46547982","KN296750v1","450617","450904","36","46097079"
"chr12","46562962","46563252","KN296296v1","66249","66543","39","46496713"
"chr12","46563779","46564083","KN295343v1","373896","374196","37","46189883"
"chr12","46677251","46677542","KN296311v1","3521375","3521662","35","43155876"
"chr12","46689803","46690094","KN295371v1","415318","415609","40","46274485"
"chr12","46722044","46722345","KN294457v1","311039","311336","41","46411005"
"chr12","46732197","46732501","KN297229v1","59617","59922","45","46672580"
"chr12","46739310","46739572","KN295987v1","1193288","1193543","52","45546022"
"chr12","46766002","46766294","KN294193v1","459067","459360","45","46306935"
"chr12","46771311","46771615","KN296278v1","166548","166844","44","46604763"
"chr12","46782352","46782526","KN297442v1","1675403","1675576","35","45106949"
"chr12","46851745","46851773","KN295651v1","344716","344740","8","46507029"
"chr12","46851880","46852161","KN294705v1","870227","870507","33","45981653"
"chr12","46980573","46980860","KN295075v1","252071","252359","31","46728502"
"chr12","47068516","47068779","KN297095v1","496095","496368","47","46572421"
"chr12","47127943","47128248","KN295343v1","373896","374196","35","46754047"
"chr12","47229071","47229240","KN297154v1","211161","211330","39","47017910"
"chr12","47259779","47259966","KN296732v1","2894470","2894659","35","44365309"
"chr12","47348059","47348357","KN295315v1","2095049","2095346","31","45253010"
"chr12","47756891","47757186","KN297452v1","1979430","1979725","38","45777461"
"chr12","48002236","48002542","KN294234v1","2522651","2522957","40","45479585"
"chr12","48756220","48756497","KN294790v1","3847979","3848251","35","44908241"
"chr12","48812962","48813236","KN297190v1","6873549","6873819","45","41939413"
"chr12","49045284","49045577","KN297452v1","1979430","1979725","40","47065854"
"chr12","50509743","50510044","KN294187v1","1767651","1767950","43","48742092"
"chr12","50602922","50603220","KN296036v1","2407301","2407601","39","48195621"
"chr12","50748940","50749162","KN294257v1","1489771","1489991","52","49259169"
"chr12","50991205","50991514","KN296484v1","1024460","1024770","35","49966745"
"chr12","51316772","51317036","KN294790v1","3847979","3848251","40","47468793"
"chr12","52149218","52149499","KN295717v1","287965","288247","39","51861253"
"chr12","52256519","52256700","KN294790v1","2350797","2350969","33","49905722"
"chr12","52574432","52574572","KN294713v1","814138","814290","47","51760294"
"chr12","52912174","52912473","KN296635v1","1808458","1808757","31","51103716"
"chr12","52926879","52927161","KN295405v1","157962","158246","35","52768917"
"chr12","53031149","53031455","KN297044v1","108239","108545","41","52922910"
"chr12","53034109","53034281","KN296879v1","570900","571072","32","52463209"
"chr12","53108188","53108494","KN294372v1","1311490","1311797","41","51796698"
"chr12","53773770","53774076","KN296119v1","2087223","2087529","36","51686547"
"chr12","53783896","53784195","KN294561v1","623087","623382","40","53160809"
"chr12","53850169","53850459","KN296158v1","1235460","1235753","40","52614709"
"chr12","53868779","53869088","KN295893v1","22313","22620","44","53846466"
"chr12","54292862","54293173","KN296495v1","1779605","1779915","39","52513257"
"chr12","54358119","54358317","KN294345v1","2206480","2206684","39","52151639"
"chr12","54390124","54390430","KN297260v1","183132","183438","51","54206992"
"chr12","54390467","54390482","KN295249v1","604887","604900","4","53785580"
"chr12","54400480","54400788","KN295987v1","163152","163456","39","54237328"
"chr12","54761878","54762180","KN297203v1","885386","885683","44","53876492"
"chr12","55014049","55014357","KN295402v1","915307","915596","71","54098742"
"chr12","55289440","55289755","KN294292v1","71877","72183","49","55217563"
"chr12","55316667","55316960","KN295366v1","153538","153829","30","55163129"
"chr12","55544424","55544731","KN295294v1","244045","244353","38","55300379"
"chr12","55780715","55780994","KN295692v1","911249","911547","60","54869466"
"chr12","55973286","55973584","KN297190v1","1876935","1877233","37","54096351"
"chr12","56349305","56349597","KN295719v1","124826","125106","46","56224479"
"chr12","56444923","56445233","KN294520v1","1300419","1300723","44","55144504"
"chr12","56795829","56796097","KN297172v1","222084","222349","40","56573745"
"chr12","57011430","57011732","KN294292v1","71877","72183","36","56939553"
"chr12","57184398","57184698","KN294520v1","1300419","1300723","40","55883979"
"chr12","57607197","57607481","KN296879v1","1155665","1155946","53","56451532"
"chr12","57714856","57715137","KN297227v1","240655","240937","34","57474201"
"chr12","57928678","57928809","KN295171v1","774709","774836","25","57153969"
"chr12","57928846","57928973","KN297154v1","1593350","1593481","26","56335496"
"chr12","58019292","58019583","KN294619v1","1362925","1363220","40","56656367"
"chr12","59128781","59129066","KN296314v1","648183","648467","17","58480598"
"chr12","59415965","59416238","KN296314v1","353646","353925","19","59062319"
"chr12","60102268","60102453","KN295045v1","1182493","1182695","41","58919775"
"chr12","60181325","60181628","KN295967v1","199463","199761","19","59981862"
"chr12","60289560","60289843","KN295967v1","306177","306462","11","59983383"
"chr12","60295257","60295436","KN294172v1","5506384","5506576","36","54788873"
"chr12","60296947","60297243","KN295967v1","314185","314481","10","59982762"
"chr12","60298273","60298473","KN296859v1","1427369","1427572","31","58870904"
"chr12","60422232","60422507","KN295967v1","450305","450579","14","59971927"
"chr12","60438486","60438663","KN295967v1","467933","468109","12","59970553"
"chr12","60438965","60439099","KN295967v1","468412","468546","6","59970553"
"chr12","60484808","60485099","KN295967v1","509080","509370","18","59975728"
"chr12","60495605","60495892","KN295967v1","520622","520907","20","59974983"
"chr12","60513312","60513615","KN295967v1","542584","542881","29","59970728"
"chr12","60525178","60525487","KN295967v1","552193","552500","16","59972985"
"chr12","60555338","60555624","KN295967v1","586979","587264","14","59968359"
"chr12","60567124","60567426","KN295967v1","600867","601146","45","59966257"
"chr12","60581684","60581988","KN294705v1","1109306","1109614","43","59472378"
"chr12","60604105","60604401","KN295967v1","637618","637914","15","59966487"
"chr12","60618169","60618466","KN295586v1","2428444","2428744","44","58189725"
"chr12","61112156","61112441","KN295967v1","1177141","1177451","39","59935015"
"chr12","61425022","61425308","KN294978v1","2379848","2380134","50","59045174"
"chr12","61578023","61578248","KN295967v1","1656450","1656672","14","59921573"
"chr12","61689491","61689766","KN295433v1","703170","703461","47","60986321"
"chr12","61768078","61768385","KN295102v1","249012","249316","41","61519066"
"chr12","61987152","61987458","KN295923v1","1430363","1430659","42","60556789"
"chr12","62454874","62455182","KN295825v1","2979498","2979808","37","59475376"
"chr12","62720602","62720903","KN294592v1","51794","52092","44","62668808"
"chr12","62735127","62735435","KN294790v1","71150","71455","39","62663977"
"chr12","62867675","62867969","KN295962v1","674128","674422","36","62193547"
"chr12","63138826","63139005","KN296153v1","2118691","2118861","43","61020135"
"chr12","63439144","63439452","KN295893v1","6332598","6332904","32","57106546"
"chr12","63840709","63840920","KN296498v1","246960","247171","31","63593749"
"chr12","63877236","63877534","KN294446v1","290641","290939","35","63586595"
"chr12","63996053","63996362","KN295893v1","65034","65336","43","63931019"
"chr12","64060601","64060902","KN295343v1","373896","374196","39","63686705"
"chr12","64435477","64435686","KN296036v1","1424518","1424733","43","63010959"
"chr12","64494436","64494736","KN296292v1","264030","264337","25","64230406"
"chr12","64537649","64537835","KN296292v1","312589","312775","6","64225060"
"chr12","64564895","64565067","KN295349v1","47758","47931","31","64517137"
"chr12","64576156","64576428","KN295913v1","99706","99983","40","64476450"
"chr12","64723451","64723747","KN296557v1","548990","549285","32","64174461"
"chr12","65240403","65240719","KN296484v1","1024460","1024770","38","64215943"
"chr12","66097456","66097766","KN294378v1","1577893","1578195","45","64519563"
"chr12","66209054","66209351","KN294747v1","866490","866789","46","65342564"
"chr12","66418448","66418764","KN294520v1","1287236","1287558","44","65131212"
"chr12","66593328","66593630","KN295854v1","1504180","1504481","38","65089148"
"chr12","67152356","67152620","KN296958v1","310352","310609","16","66842004"
"chr12","67180906","67181184","KN296958v1","337794","338086","30","66843112"
"chr12","67211556","67211852","KN296958v1","370564","370860","22","66840992"
"chr12","67658683","67658834","KN297008v1","1441000","1441155","31","66217683"
"chr12","67722768","67722934","KN297154v1","211161","211330","31","67511607"
"chr12","67812810","67812930","KN295236v1","4879827","4879943","23","62932983"
"chr12","67812958","67813109","KN296495v1","1470532","1470683","25","66342426"
"chr12","67944940","67945092","KN296430v1","705227","705382","40","67239713"
"chr12","68093114","68093423","KN294510v1","104913","105218","47","67988201"
"chr12","68820069","68820218","KN296430v1","705227","705382","33","68114842"
"chr12","68861347","68861657","KN295671v1","158927","159233","39","68702420"
"chr12","69369592","69369754","KN294187v1","1542649","1542810","33","67826943"
"chr12","69369869","69369989","KN294172v1","3927953","3928072","16","65441916"
"chr12","69493970","69494247","KN295940v1","74492","74772","44","69419478"
"chr12","70407153","70407457","KN296308v1","1114620","1114929","42","69292533"
"chr12","70605179","70605458","KN294185v1","138860","139138","18","70466319"
"chr12","70628238","70628615","KN294185v1","163260","163576","78","70464978"
"chr12","70714175","70714412","KN294185v1","248638","248901","32","70465537"
"chr12","70761973","70762123","KN297008v1","1441000","1441155","31","69320973"
"chr12","70793522","70793688","KN296726v1","930925","931090","24","69862597"
"chr12","71067920","71068236","KN294520v1","610090","610400","44","70457830"
"chr12","71335517","71335825","KN296290v1","2505307","2505611","43","68830210"
"chr12","71469010","71469300","KN294734v1","107992","108284","38","71361018"
"chr12","71479596","71479903","KN297044v1","108239","108545","43","71371357"
"chr12","71560553","71560850","KN295090v1","2414211","2414506","35","69146342"
"chr12","72282006","72282197","KN294571v1","2367043","2367240","38","69914963"
"chr12","72764355","72764656","KN294964v1","864674","864972","34","71899681"
"chr12","72875702","72875994","KN294181v1","488569","488854","62","72387133"
"chr12","72909587","72909849","KN296201v1","2225366","2225632","40","70684221"
"chr12","72964875","72965181","KN295303v1","94830","95135","35","72870045"
"chr12","72999427","72999729","KN296004v1","398217","398517","37","72601210"
"chr12","73052631","73052932","KN296826v1","122558","122853","34","72930073"
"chr12","73067823","73068074","KN294234v1","2405720","2405976","44","70662103"
"chr12","73380210","73380515","KN295883v1","941196","941500","18","72439014"
"chr12","73614010","73614302","KN295883v1","683295","683577","24","72930715"
"chr12","73929952","73930262","KN294991v1","1379808","1380111","36","72550144"
"chr12","74024364","74024560","KN295371v1","557552","557748","45","73466812"
"chr12","74617480","74617775","KN295962v1","674128","674422","37","73943352"
"chr12","74769834","74770139","KN294650v1","115624","115915","30","74654210"
"chr12","74780823","74781123","KN294650v1","126616","126914","18","74654207"
"chr12","74803093","74803404","KN294650v1","151697","152006","18","74651396"
"chr12","75042701","75043010","KN294650v1","402740","403050","19","74639961"
"chr12","75046712","75046880","KN295820v1","902386","902554","28","74144326"
"chr12","75179037","75179353","KN294650v1","549123","549447","25","74629914"
"chr12","75308743","75309049","KN294650v1","686210","686513","17","74622533"
"chr12","75374165","75374475","KN296380v1","7066","7372","36","75367099"
"chr12","76022094","76022414","KN294650v1","1442052","1442360","25","74580042"
"chr12","76188028","76188322","KN295090v1","2695348","2695640","34","73492680"
"chr12","76189898","76190177","KN294213v1","437268","437550","39","75752630"
"chr12","76199395","76199696","KN294650v1","1625997","1626301","11","74573398"
"chr12","76380386","76380669","KN294650v1","1818387","1818686","31","74561999"
"chr12","76683988","76684288","KN294592v1","51794","52092","33","76632194"
"chr12","76778333","76778619","KN294634v1","427154","427454","28","76351179"
"chr12","76870629","76870919","KN294634v1","332416","332708","38","76538213"
"chr12","76882252","76882554","KN294634v1","319586","319887","36","76562666"
"chr12","77173784","77174076","KN294634v1","19754","20027","36","77154030"
"chr12","77317112","77317304","KN296486v1","1468682","1468869","35","75848430"
"chr12","77428843","77429130","KN295722v1","242457","242750","23","77186386"
"chr12","77578916","77579223","KN295722v1","390716","391021","19","77188200"
"chr12","77582671","77582811","KN296495v1","1470532","1470683","28","76112139"
"chr12","78027585","78027770","KN296859v1","1427369","1427572","43","76600216"
"chr12","78626528","78626798","KN295722v1","1475656","1475925","13","77150872"
"chr12","78911056","78911354","KN295722v1","1755712","1756013","12","77155344"
"chr12","79169102","79169375","KN295722v1","2019404","2019677","17","77149698"
"chr12","79190780","79191082","KN295722v1","2042350","2042646","14","77148430"
"chr12","79416633","79416930","KN295722v1","2280617","2280916","15","77136016"
"chr12","79985976","79986283","KN295430v1","2711574","2711879","14","77274402"
"chr12","80105625","80105924","KN296577v1","170798","171097","36","79934827"
"chr12","80120533","80120812","KN294281v1","33099","33374","44","80087434"
"chr12","80184530","80184829","KN295430v1","2501450","2501734","28","77683080"
"chr12","80206603","80206891","KN294385v1","767967","768276","45","79438636"
"chr12","80218697","80218999","KN294479v1","308767","309062","42","79909930"
"chr12","80249411","80249689","KN295430v1","2434759","2435056","29","77814652"
"chr12","80261831","80262124","KN295430v1","2422340","2422632","10","77839491"
"chr12","80284138","80284431","KN297452v1","1979430","1979725","39","78304708"
"chr12","80324716","80325017","KN296426v1","184408","184721","88","80140308"
"chr12","80364601","80364904","KN295430v1","2318595","2318889","20","78046006"
"chr12","80712008","80712315","KN295430v1","1964439","1964745","14","78747569"
"chr12","80742931","80743233","KN295430v1","1933511","1933814","14","78809420"
"chr12","80848949","80849247","KN294991v1","1379808","1380111","36","79469141"
"chr12","81428746","81429004","KN295430v1","1247352","1247622","22","80181394"
"chr12","81577534","81577830","KN295430v1","1105915","1106215","27","80471619"
"chr12","82033473","82033750","KN295430v1","634157","634451","37","81399316"
"chr12","82036164","82036462","KN295430v1","631469","631766","17","81404695"
"chr12","82461714","82462027","KN295430v1","203953","204281","26","82257761"
"chr12","82471093","82471395","KN295430v1","194615","194934","31","82276478"
"chr12","82547575","82547877","KN295430v1","115681","115979","18","82431894"
"chr12","82672559","82672864","KN296594v1","162025","162336","36","82510534"
"chr12","82685728","82686048","KN297044v1","108239","108545","46","82577489"
"chr12","82839237","82839532","KN294462v1","540671","540960","39","82298566"
"chr12","82889540","82889795","KN296138v1","307856","308112","31","82581684"
"chr12","82903415","82903581","KN296743v1","1789514","1789673","27","81113901"
"chr12","82928763","82928975","KN294921v1","446968","447189","40","82481795"
"chr12","82936381","82936672","KN295962v1","674128","674422","32","82262253"
"chr12","82953579","82953880","KN294385v1","291689","291997","50","82661890"
"chr12","82959014","82959187","KN296292v1","312589","312775","51","82646425"
"chr12","83064436","83064748","KN294945v1","552641","552944","36","82511795"
"chr12","83078676","83078953","KN297259v1","564182","564465","44","82514494"
"chr12","83151134","83151432","KN295343v1","373896","374196","41","82777238"
"chr12","83161945","83162256","KN294385v1","767967","768276","36","82393978"
"chr12","83325341","83325628","KN295090v1","839741","840004","55","82485600"
"chr12","83421604","83421900","KN296921v1","660432","660732","39","82761172"
"chr12","83584167","83584457","KN294217v1","1056246","1056533","48","82527921"
"chr12","83596894","83597184","KN294693v1","517852","518151","60","83079042"
"chr12","83705031","83705300","KN296242v1","694470","694734","40","83010561"
"chr12","83981440","83981612","KN294613v1","769657","769824","33","83211783"
"chr12","84723992","84724288","KN296680v1","326126","326433","35","84397866"
"chr12","85639350","85639653","KN295320v1","362925","363222","41","85276425"
"chr12","85688135","85688327","KN296311v1","4810044","4810217","39","80878091"
"chr12","85688369","85688492","KN295995v1","71301","71424","17","85617068"
"chr12","85707490","85707711","KN296315v1","1510367","1510606","47","84197123"
"chr12","85818022","85818319","KN296806v1","78148","78452","47","85739874"
"chr12","85821075","85821120","KN295045v1","1336617","1336651","18","84484458"
"chr12","85835402","85835707","KN294234v1","2522651","2522957","40","83312751"
"chr12","85873002","85873300","KN295420v1","372108","372400","38","85500894"
"chr12","85911942","85912216","KN294571v1","939030","939314","48","84972912"
"chr12","85918163","85918437","KN294571v1","939030","939314","48","84979133"
"chr12","85946386","85946685","KN296620v1","947748","948045","36","84998638"
"chr12","85972974","85973276","KN295198v1","141628","141927","41","85831346"
"chr12","85982281","85982580","KN296308v1","872447","872746","52","85109834"
"chr12","86020144","86020431","KN296078v1","1239546","1239827","51","84780598"
"chr12","86075425","86075717","KN295962v1","674128","674422","47","85401297"
"chr12","86306224","86306518","KN294372v1","2042506","2042800","59","84263718"
"chr12","86776002","86776309","KN296119v1","3556005","3556313","44","83219997"
"chr12","86952994","86953301","KN296157v1","4280337","4280642","39","82672657"
"chr12","87013035","87013345","KN296495v1","1593396","1593705","42","85419639"
"chr12","87027106","87027400","KN294848v1","1023066","1023365","45","86004040"
"chr12","87178157","87178462","KN294499v1","2542984","2543291","43","84635173"
"chr12","87193117","87193408","KN295075v1","252071","252359","33","86941046"
"chr12","87429136","87429437","KN296577v1","340589","340887","36","87088547"
"chr12","87446012","87446312","KN297019v1","785630","785931","38","86660382"
"chr12","87525781","87525952","KN294790v1","2350797","2350969","32","85174984"
"chr12","87575117","87575415","KN294592v1","51794","52092","42","87523323"
"chr12","87683373","87683524","KN297008v1","6657903","6658047","33","81025470"
"chr12","88010090","88010388","KN294548v1","186910","187203","37","87823180"
"chr12","88030125","88030432","KN294493v1","1370379","1370684","39","86659746"
"chr12","88055357","88055662","KN294416v1","768533","768836","42","87286824"
"chr12","88142718","88142987","KN294539v1","1591360","1591636","38","86551358"
"chr12","88222936","88223228","KN297451v1","47702","47999","16","88175234"
"chr12","88389831","88390144","KN295725v1","2090703","2091016","21","86299128"
"chr12","88580594","88580851","KN294917v1","374942","375212","48","88205652"
"chr12","88965609","88965909","KN295725v1","1502892","1503189","16","87462717"
"chr12","88973512","88973818","KN295725v1","1495005","1495303","34","87478507"
"chr12","89007238","89007535","KN295725v1","1461230","1461528","10","87546008"
"chr12","89228846","89229146","KN296380v1","7066","7372","37","89221780"
"chr12","89338535","89338836","KN297044v1","108239","108545","35","89230296"
"chr12","90017100","90017393","KN295725v1","407809","408104","28","89609291"
"chr12","90025336","90025492","KN295667v1","830007","830168","32","89195329"
"chr12","90222252","90222550","KN295725v1","196183","196481","10","90026069"
"chr12","90444283","90444579","KN297163v1","30101","30396","18","90414182"
"chr12","90504607","90504916","KN294456v1","513291","513590","44","89991316"
"chr12","91283817","91284103","KN297163v1","892922","893230","37","90390895"
"chr12","91602757","91603054","KN297163v1","1214397","1214706","30","90388360"
"chr12","91641454","91641756","KN297163v1","1255078","1255379","11","90386376"
"chr12","91680539","91680813","KN297163v1","1295140","1295417","21","90385399"
"chr12","92106619","92106925","KN296577v1","340589","340887","49","91766030"
"chr12","92114695","92114995","KN297163v1","1745621","1745926","20","90369074"
"chr12","92364836","92365128","KN296296v1","66249","66543","40","92298587"
"chr12","92375487","92375796","KN296000v1","1247118","1247423","34","91128369"
"chr12","92379436","92379741","KN295977v1","1237273","1237582","43","91142163"
"chr12","92382326","92382629","KN294592v1","1387856","1388155","31","90994470"
"chr12","92533477","92533773","KN294571v1","536231","536521","49","91997246"
"chr12","92599777","92600037","KN296138v1","307856","308112","35","92291921"
"chr12","92600665","92600955","KN296063v1","1250917","1251205","37","91349748"
"chr12","92616679","92616984","KN297452v1","1439185","1439488","39","91177494"
"chr12","92649850","92650152","KN296281v1","278202","278501","35","92371648"
"chr12","92732104","92732406","KN294520v1","1300419","1300723","33","91431685"
"chr12","92734178","92734477","KN296122v1","500756","501051","41","92233422"
"chr12","93764182","93764480","KN295923v1","1430363","1430659","33","92333819"
"chr12","94086683","94086978","KN295236v1","5176018","5176310","33","88910665"
"chr12","94140065","94140354","KN296063v1","1250917","1251205","40","92889148"
"chr12","94174610","94174892","KN295940v1","74492","74772","45","94100118"
"chr12","94408003","94408283","KN295692v1","4021734","4022018","36","90386269"
"chr12","94484941","94485186","KN294269v1","1170294","1170536","33","93314647"
"chr12","94563998","94564294","KN296261v1","607411","607706","36","93956587"
"chr12","94599628","94599928","KN294741v1","727835","728134","31","93871793"
"chr12","94721972","94722272","KN294842v1","1341246","1341546","33","93380726"
"chr12","94735342","94735646","KN295923v1","1430363","1430659","33","93304979"
"chr12","94764428","94764585","KN297008v1","1312876","1313013","55","93451552"
"chr12","94788154","94788451","KN297048v1","47682","47977","30","94740472"
"chr12","94845527","94845821","KN296495v1","2925731","2926025","36","91919796"
"chr12","95128842","95129124","KN294705v1","870227","870507","40","94258615"
"chr12","95129152","95129170","KN297125v1","5716","5730","5","95123436"
"chr12","95471945","95472259","KN296486v1","447375","447682","42","95024570"
"chr12","95665443","95665722","KN294407v1","804694","804981","40","94860749"
"chr12","95865877","95866181","KN294747v1","866490","866789","32","94999387"
"chr12","95915514","95915783","KN296879v1","124282","124553","42","95791232"
"chr12","96038963","96039258","KN297404v1","308368","308663","56","95730595"
"chr12","96292070","96292360","KN297203v1","885386","885683","55","95406684"
"chr12","96424198","96424476","KN297083v1","400309","400588","36","96023889"
"chr12","96427289","96427593","KN294964v1","864674","864972","40","95562615"
"chr12","96527725","96527993","KN296242v1","694470","694734","44","95833255"
"chr12","96567187","96567488","KN294964v1","710781","711084","39","95856406"
"chr12","96598356","96598663","KN294499v1","2542984","2543291","38","94055372"
"chr12","96706439","96706559","KN295090v1","392347","392462","29","96314092"
"chr12","96711605","96711895","KN294373v1","1407897","1408188","39","95303708"
"chr12","96712862","96713149","KN294456v1","63433","63720","36","96649429"
"chr12","96714616","96714917","KN296000v1","1247118","1247423","40","95467498"
"chr12","96756109","96756417","KN294900v1","1146517","1146812","47","95609592"
"chr12","96795071","96795374","KN294458v1","74669","74974","11","96720402"
"chr12","96827127","96827374","KN297038v1","132080","132318","43","96695047"
"chr12","96875252","96875393","KN297274v1","555212","555355","24","96320040"
"chr12","96875696","96875856","KN295667v1","830007","830168","26","96045689"
"chr12","96892938","96893242","KN297133v1","697008","697316","45","96195930"
"chr12","96951776","96951945","KN296486v1","1714803","1714969","37","95236973"
"chr12","97047740","97048030","KN295371v1","619650","619955","39","96428090"
"chr12","97228597","97228925","KN294458v1","525721","526027","46","96702876"
"chr12","97301267","97301469","KN294416v1","523339","523527","32","96777928"
"chr12","97404897","97405197","KN294564v1","70559","70856","46","97334338"
"chr12","98094088","98094394","KN294458v1","1381723","1382005","40","96712365"
"chr12","98368834","98369134","KN294458v1","1652382","1652683","17","96716452"
"chr12","98399018","98399343","KN295039v1","360637","360957","61","98038381"
"chr12","98513206","98513491","KN294458v1","1797868","1798168","28","96715338"
"chr12","98522092","98522395","KN294458v1","1806359","1806662","13","96715733"
"chr12","98559424","98559733","KN294385v1","28734","29043","14","98530690"
"chr12","98566275","98566489","KN295667v1","1125641","1125852","49","97440634"
"chr12","98600948","98601258","KN294385v1","73091","73396","25","98527857"
"chr12","98699629","98699925","KN295893v1","7122873","7123168","34","91576756"
"chr12","98724646","98724939","KN294385v1","206990","207294","29","98517656"
"chr12","98747224","98747446","KN294385v1","230267","230490","17","98516957"
"chr12","98760379","98760559","KN296311v1","1013861","1014022","49","97746518"
"chr12","98767914","98768213","KN294385v1","258616","258915","18","98509298"
"chr12","98799686","98799981","KN297452v1","1979430","1979725","24","96820256"
"chr12","98819141","98819392","KN297004v1","28332","28584","60","98790809"
"chr12","98836177","98836448","KN294385v1","334037","334321","26","98502140"
"chr12","98890311","98890475","KN294842v1","167464","167629","29","98722847"
"chr12","98902314","98902611","KN294385v1","396632","396925","24","98505682"
"chr12","98984122","98984416","KN294385v1","479246","479527","32","98504876"
"chr12","99026480","99026802","KN294385v1","530504","530791","48","98495976"
"chr12","99059160","99059454","KN296244v1","671098","671393","39","98388062"
"chr12","99240196","99240501","KN295236v1","2629750","2630062","51","96610446"
"chr12","99250764","99251072","KN294385v1","768856","769188","35","98481908"
"chr12","99721063","99721408","KN294790v1","925913","926232","70","98795150"
"chr12","99793246","99793526","KN294172v1","2349561","2349842","46","97443685"
"chr12","99953218","99953528","KN294385v1","1477617","1477927","16","98475601"
"chr12","100035338","100035653","KN295157v1","240714","241018","35","99794624"
"chr12","100043199","100043498","KN294385v1","1569211","1569513","19","98473988"
"chr12","100165532","100165832","KN297078v1","93981","94281","43","100071551"
"chr12","100199260","100199529","KN294790v1","3847979","3848251","41","96351281"
"chr12","100237806","100238105","KN294540v1","651367","651664","36","99586439"
"chr12","100537516","100537796","KN295832v1","859272","859550","47","99678244"
"chr12","100578449","100578748","KN294964v1","864674","864972","41","99713775"
"chr12","100682808","100683105","KN297190v1","6531045","6531340","35","94151763"
"chr12","100714478","100714763","KN295410v1","649295","649592","28","100065183"
"chr12","100732868","100733026","KN294470v1","2260068","2260237","30","98472800"
"chr12","100757314","100757598","KN295410v1","585157","585442","15","100172157"
"chr12","100759784","100760085","KN296004v1","353630","353936","43","100406154"
"chr12","100828521","100828816","KN297452v1","1979430","1979725","28","98849091"
"chr12","100905237","100905526","KN294569v1","795781","796071","44","100109456"
"chr12","100968427","100968573","KN296802v1","753722","753872","31","100214705"
"chr12","100975208","100975515","KN297200v1","98740","99051","36","100876468"
"chr12","101088155","101088464","KN295410v1","250098","250406","20","100838057"
"chr12","101223179","101223353","KN296959v1","1152394","1152569","30","100070785"
"chr12","102097647","102097945","KN296138v1","347026","347321","38","101750621"
"chr12","102370234","102370549","KN297144v1","926103","926420","16","101444131"
"chr12","102380795","102381083","KN297144v1","937530","937817","18","101443265"
"chr12","102562222","102562504","KN297144v1","1130422","1130719","30","101431800"
"chr12","102608141","102608429","KN296063v1","1250917","1251205","31","101357224"
"chr12","102843863","102844187","KN296311v1","2774344","2774671","43","100069519"
"chr12","102934111","102934420","KN297320v1","217066","217375","18","102717045"
"chr12","103048532","103048833","KN297320v1","339616","339913","23","102708916"
"chr12","103066056","103066369","KN297320v1","356322","356612","34","102709734"
"chr12","103114301","103114655","KN294790v1","2251032","2251377","72","100863269"
"chr12","103145744","103146032","KN297320v1","437709","437997","13","102708035"
"chr12","103207889","103208196","KN295236v1","2902206","2902512","38","100305683"
"chr12","103264415","103264719","KN295433v1","1145009","1145313","38","102119406"
"chr12","103314180","103314426","KN294199v1","294570","294803","49","103019610"
"chr12","103411676","103411965","KN297320v1","706012","706298","18","102705664"
"chr12","103489898","103490197","KN297320v1","778399","778697","14","102711499"
"chr12","103528306","103528602","KN294439v1","265245","265540","34","103263061"
"chr12","103555588","103555887","KN295996v1","883771","884067","39","102671817"
"chr12","103612906","103613062","KN296430v1","705227","705382","40","102907679"
"chr12","103741034","103741221","KN294345v1","2206480","2206684","42","101534554"
"chr12","104076991","104077299","KN296484v1","1024460","1024770","32","103052531"
"chr12","104607136","104607427","KN297320v1","1929233","1929515","22","102677903"
"chr12","104612913","104613193","KN297227v1","240655","240937","28","104372258"
"chr12","104651331","104651620","KN295988v1","715688","715970","47","103935643"
"chr12","104660555","104660867","KN297320v1","1986735","1987043","12","102673820"
"chr12","104661564","104661861","KN294964v1","864674","864972","34","103796890"
"chr12","104695348","104695506","KN296430v1","705227","705382","28","103990121"
"chr12","104730535","104730846","KN297320v1","2053142","2053458","21","102677393"
"chr12","104749089","104749387","KN297320v1","2071574","2071870","21","102677515"
"chr12","104928673","104928977","KN296989v1","405","681","36","104928268"
"chr12","105048258","105048546","KN295236v1","1688322","1688613","34","103359936"
"chr12","105115543","105115812","KN294591v1","140446","140730","53","104975097"
"chr12","105223508","105223818","KN294520v1","1300419","1300723","36","103923089"
"chr12","105342096","105342365","KN296516v1","117470","117712","43","105224626"
"chr12","105379599","105379909","KN294399v1","115875","116174","39","105263724"
"chr12","105409979","105410286","KN296516v1","197260","197567","7","105212719"
"chr12","105498457","105498770","KN294245v1","239531","239832","51","105258926"
"chr12","105571279","105571583","KN294921v1","801451","801746","26","104769828"
"chr12","105718505","105718787","KN294921v1","650757","651039","16","105067748"
"chr12","105819124","105819420","KN294668v1","2003347","2003642","48","103815777"
"chr12","105888382","105888694","KN294921v1","471940","472253","14","105416442"
"chr12","105899656","105899961","KN296004v1","353630","353936","35","105546026"
"chr12","105912126","105912408","KN297227v1","240655","240937","35","105671471"
"chr12","105997707","105997997","KN297452v1","1979430","1979725","29","104018277"
"chr12","106024349","106024499","KN295550v1","497930","498078","16","105526419"
"chr12","106029167","106029355","KN294705v1","1493065","1493254","14","104536102"
"chr12","106089990","106090291","KN294921v1","287165","287473","26","105802825"
"chr12","106158860","106159169","KN296484v1","1024460","1024770","33","105134400"
"chr12","106228613","106228872","KN294921v1","210104","210362","17","106018509"
"chr12","106288477","106288639","KN296430v1","705227","705382","35","105583250"
"chr12","106363323","106363563","KN294921v1","54847","55088","13","106308476"
"chr12","106418636","106418935","KN295854v1","1504180","1504481","34","104914456"
"chr12","106459587","106459881","KN296261v1","607411","607706","30","105852176"
"chr12","106497502","106497807","KN295092v1","733315","733614","42","105764187"
"chr12","106515872","106516039","KN296311v1","1013861","1014022","38","105502011"
"chr12","106584452","106584771","KN294513v1","681816","682125","49","105902636"
"chr12","106667923","106668234","KN297044v1","108239","108545","39","106559684"
"chr12","106709093","106709397","KN294613v1","610672","610971","45","106098421"
"chr12","106790722","106791031","KN296096v1","2330505","2330810","40","104460217"
"chr12","106797010","106797292","KN294613v1","670274","670562","52","106126736"
"chr12","106806940","106807223","KN296730v1","139754","140035","51","106667186"
"chr12","106846544","106846847","KN296079v1","1016819","1017116","30","105829725"
"chr12","106871020","106871330","KN296484v1","1024460","1024770","32","105846560"
"chr12","107025605","107025839","KN294407v1","786896","787127","34","106238709"
"chr12","107050005","107050299","KN297242v1","2085238","2085533","31","104964767"
"chr12","107081746","107082035","KN296096v1","2440700","2440989","24","104641046"
"chr12","107179824","107180121","KN296296v1","286609","286914","36","106893215"
"chr12","107232577","107232887","KN296879v1","1457647","1457955","28","105774930"
"chr12","107236586","107236873","KN296879v1","1453696","1453988","27","105782890"
"chr12","107304504","107304800","KN296879v1","1382954","1383244","29","105921550"
"chr12","107343769","107344072","KN296879v1","1342958","1343259","27","106000811"
"chr12","107452917","107453146","KN296117v1","377982","378198","38","107074935"
"chr12","107508096","107508393","KN294260v1","1367184","1367477","33","106140912"
"chr12","107518310","107518547","KN295564v1","677567","677792","47","106840743"
"chr12","107521252","107521517","KN296879v1","1155665","1155946","23","106365587"
"chr12","107573545","107573850","KN297044v1","108239","108545","33","107465306"
"chr12","107628102","107628412","KN295667v1","756874","757180","37","106871228"
"chr12","107849668","107849935","KN296879v1","827610","827872","17","107022058"
"chr12","107855469","107855775","KN296879v1","821786","822081","23","107033683"
"chr12","107872778","107873070","KN295171v1","1412453","1412742","36","106460325"
"chr12","108072409","108072697","KN296879v1","604840","605125","13","107467569"
"chr12","108083017","108083294","KN296879v1","593036","593325","26","107489981"
"chr12","108087333","108087633","KN296879v1","588725","589020","19","107498608"
"chr12","108152270","108152563","KN296879v1","519275","519566","18","107632995"
"chr12","108374741","108375007","KN294269v1","859020","859300","47","107515721"
"chr12","108385218","108385493","KN296167v1","390890","391180","36","107994328"
"chr12","108420293","108420613","KN296879v1","238567","238879","22","108181726"
"chr12","108466606","108466919","KN294540v1","651367","651664","58","107815239"
"chr12","108490134","108490443","KN296879v1","162723","163031","23","108327411"
"chr12","108494514","108494813","KN295198v1","516030","516332","42","107978484"
"chr13","68157380","68157684","KN295586v1","5713036","5713339","40","62444344"
"chr13","28966653","28966963","KN294485v1","71483","71790","32","28895170"
"chr13","82182006","82182303","KN294421v1","1012805","1013097","38","81169201"
"chr13","1186","1449","KN296921v1","2395399","2395652","19","2394213"
"chr13","79125","79316","KN296119v1","3355213","3355396","40","3276088"
"chr13","151875","152090","KN296921v1","2544381","2544590","26","2392506"
"chr13","305682","305984","KN296921v1","2697417","2697719","15","2391735"
"chr13","428729","428885","KN294596v1","141115","141287","40","287614"
"chr13","479225","479533","KN296921v1","2878983","2879294","20","2399758"
"chr13","488640","488934","KN296263v1","1248040","1248330","42","759400"
"chr13","493549","493833","KN296921v1","2893974","2894259","12","2400425"
"chr13","698739","699048","KN296921v1","3113427","3113733","16","2414688"
"chr13","835759","836047","KN296096v1","2440700","2440989","38","1604941"
"chr13","1248834","1249125","KN295554v1","12173","12461","17","1236661"
"chr13","2168223","2168515","KN296095v1","183221","183525","30","1985002"
"chr13","2628148","2628458","KN294145v1","12684","12992","21","2615464"
"chr13","2635270","2635569","KN294145v1","5949","6242","19","2629321"
"chr13","2728716","2729008","KN294987v1","420693","420986","35","2308023"
"chr13","2969804","2969987","KN296086v1","825589","825753","46","2144215"
"chr13","2987383","2987610","KN294711v1","418356","418573","40","2569027"
"chr13","3020941","3021211","KN295152v1","573425","573706","52","2447516"
"chr13","3049144","3049428","KN295152v1","573425","573706","40","2475719"
"chr13","3619120","3619414","KN296515v1","105937","106218","25","3513183"
"chr13","3627797","3628107","KN296515v1","113502","113813","19","3514295"
"chr13","3631565","3631759","KN294172v1","5506384","5506576","44","1874819"
"chr13","3699699","3700004","KN296515v1","190100","190395","21","3509599"
"chr13","3883121","3883423","KN296515v1","377896","378199","7","3505225"
"chr13","3930668","3930966","KN294540v1","651367","651664","43","3279301"
"chr13","4168576","4168878","KN296515v1","666115","666422","26","3502461"
"chr13","4206238","4206537","KN296515v1","703103","703395","18","3503135"
"chr13","4801346","4801639","KN296075v1","590735","591029","33","4210611"
"chr13","5841376","5841663","KN296326v1","654605","654905","27","5186771"
"chr13","6057732","6058010","KN297242v1","3849667","3849947","40","2208065"
"chr13","6190176","6190472","KN294493v1","991664","991964","44","5198512"
"chr13","6223842","6224130","KN294536v1","651643","651940","47","5572199"
"chr13","6508178","6508482","KN294705v1","1109306","1109614","41","5398872"
"chr13","6563817","6564083","KN296386v1","15049","15312","40","6548768"
"chr13","6661674","6661976","KN296000v1","1247118","1247423","41","5414556"
"chr13","6690591","6690848","KN296406v1","242135","242404","49","6448456"
"chr13","6931816","6931947","KN295236v1","4199870","4200015","57","2731946"
"chr13","6932000","6932172","KN297094v1","185988","186163","44","6746012"
"chr13","6932615","6932924","KN294451v1","194657","194961","38","6737958"
"chr13","6935661","6935925","KN295736v1","1019739","1019992","49","5915922"
"chr13","7060058","7060208","KN297008v1","6657903","6658047","29","402155"
"chr13","7588269","7588550","KN295257v1","348260","348541","30","7240009"
"chr13","7659119","7659420","KN294592v1","1387856","1388155","37","6271263"
"chr13","7792252","7792546","KN295962v1","2457159","2457455","40","5335093"
"chr13","7818047","7818320","KN294570v1","191357","191629","38","7626690"
"chr13","7818321","7818500","KN295995v1","71091","71264","36","7747230"
"chr13","7883727","7884082","KN295685v1","115169","115532","63","7768558"
"chr13","7884286","7884601","KN295405v1","1443487","1443795","44","6440799"
"chr13","7994021","7994328","KN295586v1","5713036","5713339","36","2280985"
"chr13","8013546","8013852","KN294592v1","922102","922412","38","7091444"
"chr13","8098341","8098650","KN296484v1","1024460","1024770","35","7073881"
"chr13","8541398","8541701","KN294520v1","1300419","1300723","36","7240979"
"chr13","8547938","8548142","KN294733v1","21539","21744","35","8526399"
"chr13","8548183","8548478","KN294957v1","53527","53825","54","8494656"
"chr13","8722234","8722544","KN294499v1","2542984","2543291","37","6179250"
"chr13","8886844","8887005","KN294187v1","1542649","1542810","24","7344195"
"chr13","9854672","9854981","KN296484v1","1024460","1024770","33","8830212"
"chr13","9869570","9869751","KN294378v1","1680015","1680191","31","8189555"
"chr13","9869827","9870147","KN294287v1","481307","481620","112","9388520"
"chr13","10173494","10173787","KN294592v1","51794","52092","30","10121700"
"chr13","10238958","10239255","KN294378v1","1155375","1155674","37","9083583"
"chr13","10246749","10246906","KN294181v1","939094","939251","15","9307655"
"chr13","10372508","10372810","KN296036v1","2088661","2088964","42","8283847"
"chr13","10492002","10492291","KN296139v1","7891","8178","34","10484111"
"chr13","10502604","10502871","KN296404v1","1985240","1985503","36","8517364"
"chr13","10502915","10502950","KN296959v1","185149","185176","15","10317766"
"chr13","10520199","10520501","KN296864v1","1098087","1098388","41","9422112"
"chr13","10985353","10985615","KN295936v1","2228111","2228371","45","8757242"
"chr13","11293162","11293468","KN294493v1","991664","991964","47","10301498"
"chr13","11614544","11614689","KN297008v1","6657903","6658047","29","4956641"
"chr13","11660788","11661099","KN295117v1","316571","316882","47","11344217"
"chr13","11669127","11669297","KN296502v1","1401296","1401465","36","10267831"
"chr13","11761598","11761759","KN296486v1","1714803","1714969","31","10046795"
"chr13","11880807","11881114","KN296187v1","363115","363422","35","11517692"
"chr13","11910847","11911155","KN297044v1","108239","108545","31","11802608"
"chr13","11982040","11982340","KN295962v1","2457159","2457455","40","9524881"
"chr13","12035844","12036162","KN297008v1","2897460","2897774","53","9138384"
"chr13","12049844","12050150","KN295854v1","1504180","1504481","39","10545664"
"chr13","12111017","12111315","KN294520v1","1300419","1300723","40","10810598"
"chr13","12238636","12238938","KN295171v1","1412453","1412742","49","10826183"
"chr13","12679784","12680088","KN296145v1","3242116","3242420","40","9437668"
"chr13","12921920","12922228","KN296806v1","78148","78452","31","12843772"
"chr13","13227131","13227422","KN297038v1","1342257","1342550","40","11884874"
"chr13","13912590","13912757","KN297154v1","211161","211330","23","13701429"
"chr13","14099307","14099593","KN296487v1","194550","194834","32","13904757"
"chr13","14145379","14145669","KN295923v1","336251","336547","44","13809128"
"chr13","14439043","14439292","KN296138v1","307856","308112","40","14131187"
"chr13","14445416","14445703","KN296096v1","2440700","2440989","36","12004716"
"chr13","14466621","14466918","KN297133v1","1549299","1549601","41","12917322"
"chr13","14486378","14486675","KN294717v1","167671","167965","48","14318707"
"chr13","14544077","14544233","KN294187v1","1542649","1542810","40","13001428"
"chr13","14609932","14610226","KN294439v1","265245","265540","36","14344687"
"chr13","14794196","14794502","KN296281v1","278202","278501","42","14515994"
"chr13","14992136","14992297","KN296486v1","1714803","1714969","32","13277333"
"chr13","15325819","15326118","KN296119v1","5156265","5156559","29","10169554"
"chr13","15328567","15328866","KN296526v1","33090","33393","37","15295477"
"chr13","15894887","15895086","KN294444v1","369930","370127","33","15524957"
"chr13","16833827","16834122","KN297106v1","4212","4496","28","16829615"
"chr13","16912462","16912731","KN294970v1","71661","71938","31","16840801"
"chr13","16922892","16923128","KN295294v1","3311128","3311366","40","13611764"
"chr13","17045382","17045692","KN294970v1","211584","211909","27","16833798"
"chr13","17220939","17221251","KN294970v1","386591","386902","18","16834348"
"chr13","17690672","17690832","KN296311v1","1013861","1014022","29","16676811"
"chr13","17844176","17844466","KN295974v1","2054560","2054859","39","15789616"
"chr13","17897429","17897713","KN294970v1","1031190","1031474","17","16866239"
"chr13","18196802","18197085","KN295257v1","348260","348541","37","17848542"
"chr13","18841393","18841697","KN295586v1","5713036","5713339","41","13128357"
"chr13","18857239","18857541","KN294499v1","899277","899580","42","17957962"
"chr13","19978917","19979244","KN294526v1","575886","576198","61","19403031"
"chr13","21022872","21023161","KN294588v1","1931172","1931453","42","19091700"
"chr13","21720857","21721162","KN297219v1","687673","687980","39","21033184"
"chr13","21805691","21805987","KN294172v1","1462531","1462825","37","20343160"
"chr13","21811059","21811341","KN294940v1","380863","381150","33","21430196"
"chr13","21950607","21950895","KN294172v1","1462531","1462825","41","20488076"
"chr13","21999790","22000000","KN294571v1","2367043","2367240","56","19632747"
"chr13","22032488","22032782","KN294592v1","51794","52092","39","21980694"
"chr13","22092562","22092715","KN295814v1","1118418","1118576","26","20974144"
"chr13","22100329","22100635","KN295117v1","143863","144170","44","21956466"
"chr13","22178079","22178379","KN295345v1","868768","869065","38","21309311"
"chr13","22188643","22188936","KN294172v1","6407720","6408021","50","15780923"
"chr13","22191278","22191471","KN294187v1","2091893","2092085","43","20099385"
"chr13","22230792","22231088","KN297332v1","209760","210055","38","22021032"
"chr13","22303202","22303504","KN296859v1","1181668","1181972","43","21121534"
"chr13","22322114","22322399","KN296620v1","780106","780388","33","21542008"
"chr13","22408475","22408774","KN294224v1","792817","793120","42","21615658"
"chr13","22593702","22593996","KN296639v1","606058","606357","66","21987644"
"chr13","23098368","23098665","KN297431v1","763143","763441","16","22335225"
"chr13","23377002","23377294","KN294668v1","4045257","4045554","30","19331745"
"chr13","23386391","23386686","KN297431v1","502015","502320","23","22884376"
"chr13","23428453","23428760","KN297431v1","448578","448874","32","22979875"
"chr13","23432255","23432434","KN295408v1","16726","16898","36","23415529"
"chr13","23460836","23460995","KN295814v1","1118418","1118576","58","22342418"
"chr13","23461101","23461300","KN295825v1","1755419","1755627","48","21705682"
"chr13","23461301","23461531","KN296767v1","213805","214033","47","23247496"
"chr13","23461532","23461669","KN296119v1","5363896","5364028","21","18097636"
"chr13","23595440","23595737","KN296620v1","947748","948045","37","22647692"
"chr13","23595831","23596128","KN297452v1","1979430","1979725","35","21616401"
"chr13","23600006","23600240","KN297431v1","279927","280158","8","23320079"
"chr13","23613729","23613981","KN295936v1","2228111","2228371","41","21385618"
"chr13","23717629","23717937","KN296761v1","97995","98298","38","23619634"
"chr13","23808030","23808334","KN297431v1","58587","58891","19","23749443"
"chr13","23863382","23863632","KN296825v1","393093","393338","37","23470289"
"chr13","24698423","24698710","KN297245v1","1400749","1401038","32","23297674"
"chr13","24757684","24757948","KN294599v1","882925","883203","22","23874759"
"chr13","24883099","24883401","KN294599v1","1007958","1008257","19","23875141"
"chr13","25257715","25258001","KN297180v1","1984928","1985207","40","23272787"
"chr13","25282692","25282835","KN294713v1","814138","814290","53","24468554"
"chr13","25525774","25526069","KN295420v1","372108","372400","34","25153666"
"chr13","25867674","25867951","KN296815v1","3363","3643","16","25864311"
"chr13","25911918","25912207","KN294571v1","2837988","2838277","39","23073930"
"chr13","27684991","27685330","KN297364v1","16638","16949","45","27668353"
"chr13","27933913","27934211","KN297364v1","170033","170328","25","27763880"
"chr13","28059217","28059515","KN297307v1","683116","683421","26","27376101"
"chr13","28519610","28519777","KN296486v1","1714803","1714969","24","26804807"
"chr13","28632101","28632402","KN297307v1","106508","106818","21","28525593"
"chr13","28700479","28700760","KN297307v1","30658","30939","19","28669821"
"chr13","28828578","28828746","KN297154v1","1695463","1695633","37","27133115"
"chr13","28865481","28865663","KN296505v1","576860","577040","33","28288621"
"chr13","28881847","28882148","KN294485v1","153807","154105","24","28728040"
"chr13","28926860","28926928","KN295550v1","498465","498533","30","28428395"
"chr13","28987365","28987665","KN294485v1","46410","46701","26","28940955"
"chr13","29046597","29046904","KN294952v1","54585","54890","22","28992012"
"chr13","29104546","29104851","KN294187v1","1070521","1070824","35","28034025"
"chr13","29177894","29178198","KN294226v1","75477","75780","20","29102417"
"chr13","29389079","29389346","KN294407v1","346530","346806","35","29042549"
"chr13","29531692","29531986","KN294226v1","436239","436539","21","29095453"
"chr13","29610397","29610675","KN294226v1","517047","517317","20","29093350"
"chr13","29657730","29658005","KN294226v1","564746","565048","36","29092984"
"chr13","29674371","29674671","KN294226v1","581711","581997","27","29092660"
"chr13","29728675","29729009","KN297274v1","1412869","1413197","36","28315806"
"chr13","29996336","29996601","KN295346v1","388582","388851","45","29607754"
"chr13","30147950","30148241","KN294226v1","1053003","1053303","27","29094947"
"chr13","30462809","30463129","KN294251v1","2039161","2039471","38","28423648"
"chr13","30888386","30888549","KN296311v1","1013861","1014022","30","29874525"
"chr13","31692921","31693225","KN295534v1","224299","224621","30","31468622"
"chr13","31856588","31856860","KN294638v1","238516","238796","62","31618072"
"chr13","32067807","32068101","KN295420v1","372108","372400","40","31695699"
"chr13","32128484","32128794","KN296547v1","878735","879057","85","31249749"
"chr13","32372284","32372455","KN295349v1","47758","47931","38","32324526"
"chr13","32435367","32435516","KN295550v1","497930","498078","24","31937437"
"chr13","33052265","33052561","KN297095v1","1623051","1623352","46","31429214"
"chr13","33311089","33311367","KN295257v1","348260","348541","39","32962829"
"chr13","33364042","33364353","KN294472v1","112051","112361","17","33251991"
"chr13","33491836","33492142","KN294578v1","617490","617800","32","32874346"
"chr13","33513488","33513786","KN295526v1","979159","979460","38","32534329"
"chr13","33658416","33658704","KN294693v1","517852","518151","52","33140564"
"chr13","33815954","33816259","KN296380v1","7066","7372","37","33808888"
"chr13","33863621","33863928","KN294385v1","291689","291997","43","33571932"
"chr13","33878408","33878690","KN295257v1","348260","348541","34","33530148"
"chr13","33992989","33993289","KN294850v1","121634","121934","32","33871355"
"chr13","33996527","33996832","KN295090v1","2429880","2430187","46","31566647"
"chr13","34001446","34001746","KN296761v1","97995","98298","29","33903451"
"chr13","34034381","34034687","KN295586v1","5713036","5713339","39","28321345"
"chr13","34041035","34041340","KN296430v1","480421","480721","35","33560614"
"chr13","34048071","34048375","KN295102v1","157119","157420","36","33890952"
"chr13","34056762","34057049","KN296108v1","735240","735530","33","33321522"
"chr13","34057944","34058223","KN295315v1","908935","909214","40","33149009"
"chr13","34067585","34067875","KN296635v1","2847198","2847491","39","31220387"
"chr13","34154672","34154962","KN294192v1","872123","872412","46","33282549"
"chr13","34167719","34168002","KN297008v1","5801252","5801534","35","28366467"
"chr13","34172372","34172671","KN295871v1","63017","63323","39","34109355"
"chr13","34177476","34177784","KN295854v1","1504180","1504481","41","32673296"
"chr13","34191339","34191656","KN296266v1","138052","138359","43","34053287"
"chr13","34206965","34207270","KN297044v1","108239","108545","34","34098726"
"chr13","34388521","34388830","KN294520v1","1300419","1300723","31","33088102"
"chr13","34608700","34608994","KN297048v1","47682","47977","35","34561018"
"chr13","34639451","34639475","KN295651v1","344716","344740","3","34294735"
"chr13","34639538","34639808","KN295257v1","348260","348541","46","34291278"
"chr13","34651064","34651374","KN294385v1","291689","291997","43","34359375"
"chr13","34776118","34776417","KN294421v1","1012805","1013097","38","33763313"
"chr13","34841485","34841777","KN294583v1","245896","246194","41","34595589"
"chr13","34895054","34895311","KN294488v1","377149","377412","43","34517905"
"chr13","35474317","35474617","KN294668v1","4045257","4045554","40","31429060"
"chr13","35816289","35816582","KN294571v1","536231","536521","50","35280058"
"chr13","35858687","35858976","KN295623v1","491764","492053","35","35366923"
"chr13","36028136","36028442","KN294499v1","899277","899580","43","35128859"
"chr13","36128972","36129276","KN295744v1","235007","235306","37","35893965"
"chr13","36403308","36403607","KN296495v1","1209717","1210015","26","35193591"
"chr13","36444066","36444345","KN296009v1","1376950","1377229","35","35067116"
"chr13","37015578","37015878","KN297452v1","1979430","1979725","42","35036148"
"chr13","37022073","37022384","KN295236v1","2629750","2630062","40","34392323"
"chr13","37169936","37170215","KN294457v1","1456757","1457036","40","35713179"
"chr13","37653187","37653354","KN295820v1","902386","902554","28","36750801"
"chr13","37743250","37743540","KN294987v1","1004803","1005099","45","36738447"
"chr13","37792688","37792994","KN294806v1","654839","655140","43","37137849"
"chr13","37983658","37983950","KN294375v1","176939","177232","16","37806719"
"chr13","38214716","38215032","KN294375v1","418106","418389","41","37796610"
"chr13","38357542","38357708","KN294790v1","2350797","2350969","30","36006745"
"chr13","38554774","38555068","KN294375v1","754028","754335","31","37800746"
"chr13","38595032","38595334","KN296913v1","116497","116800","42","38478535"
"chr13","38632029","38632343","KN296378v1","801237","801534","44","37830792"
"chr13","38991728","38991781","KN295614v1","28241","28303","22","38963487"
"chr13","39135341","39135509","KN296263v1","1162606","1162775","29","37972735"
"chr13","39248947","39249227","KN295057v1","1034348","1034629","39","38214599"
"chr13","39290799","39291112","KN294536v1","1166329","1166654","43","38124470"
"chr13","39338844","39339082","KN294705v1","230014","230271","60","39108830"
"chr13","39339126","39339140","KN294964v1","594324","594339","2","38744802"
"chr13","39761994","39762321","KN295430v1","194615","194934","58","39567379"
"chr13","39762389","39762692","KN295433v1","1145009","1145313","48","38617380"
"chr13","39939606","39939901","KN296153v1","3956819","3957110","34","35982787"
"chr13","40000153","40000317","KN296174v1","30392","30557","23","39969761"
"chr13","40000343","40000455","KN295236v1","4879827","4879943","21","35120516"
"chr13","40231754","40232048","KN294325v1","914500","914798","45","39317254"
"chr13","40691720","40691997","KN296009v1","1376950","1377229","34","39314770"
"chr13","40719303","40719610","KN297386v1","2400405","2400714","39","38318898"
"chr13","40767117","40767426","KN295236v1","5905105","5905413","42","34862012"
"chr13","40857112","40857421","KN294187v1","188357","188668","36","40668755"
"chr13","40922791","40923100","KN295906v1","258973","259275","32","40663818"
"chr13","41082481","41082791","KN296294v1","179139","179449","39","40903342"
"chr13","41090146","41090453","KN296004v1","353630","353936","35","40736516"
"chr13","41478614","41478833","KN296460v1","412720","412933","31","41065894"
"chr13","41512508","41512807","KN297044v1","108239","108545","42","41404269"
"chr13","41986661","41986908","KN295294v1","3311128","3311366","47","38675533"
"chr13","42075634","42075911","KN294588v1","1931172","1931453","38","40144462"
"chr13","42330242","42330528","KN295962v1","2457159","2457455","35","39873083"
"chr13","42415720","42416023","KN294456v1","63433","63720","46","42352287"
"chr13","43202326","43202622","KN295345v1","868768","869065","35","42333558"
"chr13","43350612","43350896","KN297190v1","5684564","5684844","30","37666048"
"chr13","43364637","43364926","KN296139v1","7891","8178","35","43356746"
"chr13","43376104","43376368","KN296404v1","1985240","1985503","44","41390864"
"chr13","43385040","43385323","KN297452v1","1545299","1545581","35","41839741"
"chr13","43385448","43385755","KN294578v1","617490","617800","38","42767958"
"chr13","43460483","43460789","KN296108v1","1031305","1031613","38","42429178"
"chr13","43461982","43462031","KN296320v1","206822","206861","14","43255160"
"chr13","43462076","43462242","KN296153v1","2118691","2118861","27","41343385"
"chr13","43520588","43520880","KN296877v1","373903","374194","38","43146685"
"chr13","43921952","43922256","KN296609v1","2279316","2279621","34","41642636"
"chr13","44140476","44140746","KN294421v1","1091839","1092113","31","43048637"
"chr13","44384689","44385000","KN294711v1","1048010","1048321","42","43336679"
"chr13","44478896","44479198","KN296270v1","59762","60067","42","44419134"
"chr13","45156268","45156546","KN294809v1","1048501","1048800","33","44107767"
"chr13","45636159","45636460","KN294809v1","562017","562317","22","45074142"
"chr13","45765146","45765160","KN296879v1","1383282","1383295","2","44381864"
"chr13","45765211","45765504","KN294809v1","429321","429618","20","45335890"
"chr13","45792559","45792608","KN295045v1","1336617","1336651","21","44455942"
"chr13","45858960","45859248","KN294809v1","341474","341777","25","45517486"
"chr13","45861825","45862150","KN294520v1","1287236","1287558","47","44574589"
"chr13","46125706","46126013","KN297047v1","4060748","4061056","49","42064958"
"chr13","46141510","46141807","KN297165v1","3392347","3392649","45","42749163"
"chr13","46186088","46186379","KN294809v1","124590","124890","31","46061498"
"chr13","46265900","46266032","KN294613v1","562643","562778","16","45703257"
"chr13","46266340","46266507","KN295820v1","902386","902554","31","45363954"
"chr13","46464601","46464891","KN297452v1","1979430","1979725","44","44485171"
"chr13","46611483","46611777","KN294582v1","148271","148567","15","46463212"
"chr13","46664028","46664318","KN294582v1","196191","196497","28","46467837"
"chr13","47130772","47131061","KN294582v1","681713","682009","38","46449059"
"chr13","47381975","47382252","KN295913v1","99706","99983","13","47282269"
"chr13","47809182","47809466","KN294192v1","387109","387386","24","47422073"
"chr13","47959603","47959905","KN294192v1","533559","533856","12","47426044"
"chr13","48299441","48299728","KN294192v1","872123","872412","11","47427318"
"chr13","48477098","48477378","KN294470v1","2235147","2235420","44","46241951"
"chr13","48561914","48562185","KN297242v1","3849667","3849947","56","44712247"
"chr13","48565702","48565853","KN296743v1","1789514","1789673","31","46776188"
"chr13","49012997","49013287","KN295236v1","1562516","1562803","38","47450481"
"chr13","49065626","49065932","KN294443v1","864673","864977","41","48200953"
"chr13","49166012","49166215","KN295045v1","1182493","1182695","34","47983519"
"chr13","49566692","49566991","KN297274v1","241094","241395","47","49325598"
"chr13","50115786","50116128","KN295424v1","253981","254327","64","49861805"
"chr13","50348049","50348333","KN297366v1","1032495","1032785","21","49315554"
"chr13","50348349","50348506","KN294548v1","1393080","1393238","23","48955269"
"chr13","50592607","50592918","KN295893v1","6332598","6332904","52","44260009"
"chr13","50645947","50646054","KN295171v1","774709","774836","38","49871238"
"chr13","50654860","50655038","KN296086v1","825589","825753","38","49829271"
"chr13","50661522","50661827","KN294499v1","899277","899580","41","49762245"
"chr13","50759539","50759873","KN297274v1","1412869","1413197","53","49346670"
"chr13","50974715","50974849","KN295202v1","2027804","2027927","24","48946911"
"chr13","50974850","50975113","KN297366v1","1638130","1638409","38","49336720"
"chr13","50975114","50975209","KN296402v1","541900","541997","31","50433214"
"chr13","51011188","51011495","KN297366v1","1672945","1673251","19","49338243"
"chr13","51408206","51408508","KN297366v1","2063910","2064219","22","49344296"
"chr13","51742224","51742518","KN297366v1","2402824","2403109","28","49339400"
"chr13","51848376","51848692","KN297366v1","2506922","2507239","25","49341454"
"chr13","51848705","51848934","KN296263v1","1174252","1174472","41","50674453"
"chr13","52107703","52107996","KN295366v1","153538","153829","40","51954165"
"chr13","52257456","52257500","KN296320v1","206822","206861","23","52050634"
"chr13","52361086","52361377","KN297366v1","3007920","3008218","22","49353166"
"chr13","52392919","52393220","KN294479v1","308767","309062","38","52084152"
"chr13","52400936","52401219","KN297366v1","3048901","3049184","16","49352035"
"chr13","52423104","52423384","KN294213v1","437268","437550","37","51985836"
"chr13","52855061","52855213","KN294790v1","5437842","5437990","33","47417219"
"chr13","53419433","53419734","KN295984v1","3141945","3142247","44","50277488"
"chr13","53463161","53463481","KN294644v1","1058505","1058822","50","52404656"
"chr13","53552722","53553025","KN296518v1","270219","270514","65","53282503"
"chr13","53891306","53891619","KN296380v1","7066","7372","42","53884240"
"chr13","53899128","53899439","KN295898v1","367649","367950","46","53531479"
"chr13","54161014","54161262","KN297046v1","2365024","2365265","44","51795990"
"chr13","54199205","54199492","KN297121v1","475267","475553","20","53723938"
"chr13","54548004","54548220","KN297343v1","466161","466379","39","54081843"
"chr13","54634868","54635174","KN297121v1","45123","45435","22","54589745"
"chr13","54855506","54855673","KN296486v1","1714803","1714969","29","53140703"
"chr13","54877084","54877383","KN296380v1","7066","7372","43","54870018"
"chr13","54975369","54975527","KN296311v1","1013861","1014022","32","53961508"
"chr13","55163655","55163950","KN295586v1","5713036","5713339","48","49450619"
"chr13","56132305","56132604","KN294668v1","2003347","2003642","33","54128958"
"chr13","56222525","56222671","KN294182v1","504737","504883","49","55717788"
"chr13","56438611","56438899","KN295075v1","252071","252359","30","56186540"
"chr13","56625988","56626177","KN297386v1","2382714","2382909","28","54243274"
"chr13","56838847","56839008","KN294980v1","230782","230955","29","56608065"
"chr13","57048403","57048697","KN297077v1","406199","406491","15","56642204"
"chr13","57541125","57541415","KN294800v1","76698","76981","23","57464427"
"chr13","57650185","57650472","KN294800v1","186441","186717","30","57463744"
"chr13","57810792","57811048","KN295907v1","2466217","2466483","49","55344575"
"chr13","57820034","57820322","KN294800v1","359997","360298","28","57460037"
"chr13","58401537","58401817","KN295257v1","348260","348541","34","58053277"
"chr13","58712932","58713091","KN294181v1","939094","939251","28","57773838"
"chr13","59395151","59395432","KN295633v1","380279","380574","38","59014872"
"chr13","59425757","59426048","KN296577v1","124145","124435","35","59301612"
"chr13","59678373","59678674","KN294520v1","1300419","1300723","50","58377954"
"chr13","59746526","59746775","KN296661v1","2087671","2087923","38","57658855"
"chr13","59881874","59882153","KN294172v1","4114073","4114355","40","55767801"
"chr13","59962107","59962414","KN297044v1","108239","108545","30","59853868"
"chr13","60526739","60527037","KN294900v1","89027","89333","29","60437712"
"chr13","60663499","60663779","KN294900v1","221790","222068","17","60441709"
"chr13","60750069","60750231","KN295995v1","71091","71264","36","60678978"
"chr13","61128812","61129111","KN294172v1","6407720","6408021","36","54721092"
"chr13","61432328","61432616","KN294900v1","973166","973463","26","60459162"
"chr13","61543025","61543314","KN294900v1","1088301","1088598","24","60454724"
"chr13","61588939","61589125","KN294571v1","2367043","2367240","34","59221896"
"chr13","61602430","61602686","KN295964v1","43993","44262","59","61558437"
"chr13","61603521","61603768","KN295294v1","3311128","3311366","46","58292393"
"chr13","61603841","61604120","KN294900v1","1146517","1146812","34","60457324"
"chr13","61886051","61886362","KN296831v1","42375","42680","24","61843676"
"chr13","62101364","62101599","KN296831v1","238752","238977","18","61862612"
"chr13","62112637","62112931","KN296831v1","250015","250311","21","61862622"
"chr13","62174793","62175094","KN296831v1","312523","312840","27","61862270"
"chr13","62180743","62181037","KN296831v1","318522","318816","14","61862221"
"chr13","62235840","62236117","KN296831v1","373681","373950","19","61862159"
"chr13","62322956","62323260","KN296831v1","462144","462442","27","61860812"
"chr13","62344361","62344639","KN296831v1","483188","483468","25","61861173"
"chr13","62366700","62366983","KN296831v1","503341","503624","18","61863359"
"chr13","62573777","62574069","KN297452v1","1979430","1979725","30","60594347"
"chr13","62657462","62657746","KN295531v1","196245","196514","25","62461217"
"chr13","62858647","62858819","KN294741v1","155033","155224","47","62703614"
"chr13","62858875","62859168","KN296000v1","1192576","1192881","28","61666299"
"chr13","62882723","62882870","KN297154v1","211161","211330","44","62671562"
"chr13","62892694","62892870","KN294790v1","2350797","2350969","36","60541897"
"chr13","62893144","62893422","KN296000v1","1157516","1157793","19","61735628"
"chr13","62898084","62898369","KN296000v1","1152580","1152864","12","61745504"
"chr13","62922083","62922255","KN295667v1","830007","830168","32","62092076"
"chr13","62922556","62922635","KN295936v1","1333553","1333622","15","61589003"
"chr13","63020388","63020691","KN295099v1","170378","170674","47","62850010"
"chr13","63031893","63032183","KN295075v1","252071","252359","31","62779822"
"chr13","63089976","63090272","KN296000v1","957583","957891","22","62132393"
"chr13","63133852","63134152","KN296378v1","801237","801534","37","62332615"
"chr13","63295028","63295190","KN295405v1","19063","19226","63","63275965"
"chr13","63295227","63295421","KN294467v1","13283","13450","43","63281944"
"chr13","63434788","63435092","KN294873v1","432363","432666","19","63002425"
"chr13","63655896","63656205","KN296000v1","382114","382421","14","63273782"
"chr13","63809843","63810132","KN297332v1","209760","210055","42","63600083"
"chr13","63845807","63846097","KN295090v1","291736","292032","53","63554071"
"chr13","63956550","63956838","KN296000v1","76991","77280","17","63879559"
"chr13","64115420","64115730","KN296001v1","263919","264229","10","63851501"
"chr13","64206363","64206680","KN294385v1","291689","291997","45","63914674"
"chr13","64292475","64292775","KN296001v1","87565","87868","17","64204910"
"chr13","64295358","64295520","KN296086v1","825589","825753","34","63469769"
"chr13","64468082","64468340","KN295964v1","43993","44262","40","64424089"
"chr13","64596330","64596610","KN296311v1","5290777","5291052","41","59305553"
"chr13","64597058","64597362","KN296828v1","219261","219569","11","64377797"
"chr13","64606828","64607117","KN296828v1","229290","229585","18","64377538"
"chr13","64643759","64644055","KN296828v1","264987","265284","16","64378772"
"chr13","64727761","64728072","KN296926v1","461285","461598","36","64266476"
"chr13","64809320","64809609","KN294192v1","872123","872412","32","63937197"
"chr13","64846546","64846824","KN296000v1","1152580","1152864","39","63693966"
"chr13","65552522","65552825","KN297197v1","4684189","4684491","37","60868333"
"chr13","65699402","65699721","KN296004v1","353630","353936","40","65345772"
"chr13","65759638","65759972","KN297274v1","1412869","1413197","32","64346769"
"chr13","65804728","65805021","KN295075v1","252071","252359","44","65552657"
"chr13","65909418","65909587","KN297159v1","1972589","1972756","25","63936829"
"chr13","65909894","65909910","KN294964v1","594324","594339","4","65315570"
"chr13","65931887","65932152","KN294365v1","79311","79578","38","65852576"
"chr13","66057267","66057576","KN294245v1","239531","239832","58","65817736"
"chr13","66379160","66379467","KN294705v1","1109306","1109614","40","65269854"
"chr13","66562070","66562366","KN297452v1","1979430","1979725","39","64582640"
"chr13","66595029","66595324","KN295830v1","105761","106063","17","66489268"
"chr13","66638226","66638501","KN294326v1","427946","428232","49","66210280"
"chr13","66696740","66697046","KN294592v1","1387856","1388155","38","65308884"
"chr13","66716711","66716986","KN296054v1","63194","63469","37","66653517"
"chr13","66717712","66717997","KN296244v1","249239","249529","44","66468473"
"chr13","66744482","66744770","KN297452v1","1979430","1979725","36","64765052"
"chr13","66757304","66757596","KN294439v1","265245","265540","32","66492059"
"chr13","66771278","66771585","KN295433v1","1145009","1145313","39","65626269"
"chr13","66779894","66780194","KN296004v1","353630","353936","40","66426264"
"chr13","66848927","66849077","KN296154v1","1158383","1158548","45","65690544"
"chr13","66856823","66857138","KN294911v1","2445256","2445553","49","64411567"
"chr13","66860770","66861083","KN294292v1","71877","72183","39","66788893"
"chr13","66877703","66878019","KN296281v1","278202","278501","51","66599501"
"chr13","66878243","66878550","KN296266v1","138052","138359","35","66740191"
"chr13","67309421","67309715","KN294599v1","1007958","1008257","30","66301463"
"chr13","67331981","67332283","KN295907v1","1200915","1201232","58","66131066"
"chr13","67847808","67848178","KN294387v1","1035705","1036044","71","66812103"
"chr13","68205692","68205976","KN296538v1","1450855","1451137","32","66754837"
"chr13","68382697","68383030","KN295854v1","1504180","1504481","67","66878517"
"chr13","68397032","68397288","KN295607v1","30362","30616","40","68366670"
"chr13","68816149","68816452","KN296635v1","1808458","1808757","37","67007691"
"chr13","69318202","69318483","KN295405v1","157962","158246","37","69160240"
"chr13","69450010","69450121","KN295171v1","774709","774836","55","68675301"
"chr13","69450367","69450472","KN294187v1","2092112","2092208","25","67358255"
"chr13","69532283","69532588","KN296926v1","812181","812484","47","68720102"
"chr13","70194919","70195193","KN294833v1","177358","177630","25","70017561"
"chr13","70728365","70728421","KN297026v1","165919","165988","25","70562446"
"chr13","71688796","71689103","KN294299v1","25451","25757","22","71663345"
"chr13","71834139","71834415","KN296485v1","447446","447718","51","71386693"
"chr13","71916329","71916634","KN295825v1","1299898","1300208","49","70616431"
"chr13","72039678","72039988","KN294499v1","2127860","2128168","48","69911818"
"chr13","72322055","72322308","KN294833v1","522254","522508","43","71799801"
"chr13","72570783","72571090","KN296188v1","150025","150322","47","72420758"
"chr13","72852477","72852749","KN295967v1","450305","450579","34","72402172"
"chr13","73145790","73146095","KN294510v1","104913","105218","59","73040877"
"chr13","73153393","73153646","KN294831v1","196261","196514","36","72957132"
"chr13","73372527","73372831","KN295523v1","2447781","2448086","40","70924746"
"chr13","73556325","73556635","KN295236v1","5272450","5272764","61","68283875"
"chr13","73756424","73756602","KN294980v1","230782","230955","27","73525642"
"chr13","73768058","73768347","KN294875v1","170414","170703","17","73597644"
"chr13","73823661","73823865","KN297032v1","308157","308361","36","73515504"
"chr13","73868143","73868430","KN294506v1","235047","235332","40","73633096"
"chr13","74063656","74063951","KN296205v1","1047575","1047872","22","73016081"
"chr13","74069100","74069394","KN296205v1","1042091","1042384","27","73027009"
"chr13","74078658","74078962","KN296205v1","1032881","1033182","14","73045777"
"chr13","74164892","74165149","KN295523v1","1167591","1167841","71","72997301"
"chr13","74347597","74347895","KN296205v1","759781","760083","18","73587816"
"chr13","74366535","74366776","KN296205v1","737898","738139","10","73628637"
"chr13","74418145","74418428","KN296205v1","683544","683827","15","73734601"
"chr13","75594988","75595281","KN296657v1","194147","194440","35","75400841"
"chr13","75672910","75673191","KN295506v1","16580","16862","13","75656330"
"chr13","76344921","76345135","KN294581v1","140756","140966","31","76204165"
"chr13","76543431","76543760","KN296820v1","1303393","1303709","68","75240038"
"chr13","76628746","76628932","KN294416v1","523339","523527","23","76105407"
"chr13","76784975","76785235","KN294716v1","165924","166185","63","76619051"
"chr13","76879156","76879494","KN294790v1","2251032","2251377","71","74628124"
"chr13","77267101","77267406","KN297242v1","1009728","1010033","42","76257373"
"chr13","77770040","77770309","KN294444v1","329995","330265","36","77440045"
"chr13","78149387","78149697","KN296242v1","863939","864251","34","77285448"
"chr13","78185539","78185842","KN296247v1","460642","460944","41","77724897"
"chr13","78203259","78203514","KN294251v1","3307315","3307569","40","74895944"
"chr13","78222425","78222731","KN294964v1","864674","864972","45","77357751"
"chr13","78753798","78754093","KN295601v1","2778400","2778694","41","75975398"
"chr13","78763903","78764201","KN297452v1","1979430","1979725","33","76784473"
"chr13","78774982","78775275","KN294407v1","2708829","2709123","46","76066153"
"chr13","78817727","78817993","KN295892v1","72553","72830","58","78745174"
"chr13","78821338","78821624","KN295257v1","348260","348541","38","78473078"
"chr13","78855084","78855377","KN296108v1","735240","735530","39","78119844"
"chr13","79077137","79077408","KN295964v1","43993","44262","46","79033144"
"chr13","79143306","79143598","KN294326v1","477409","477702","37","78665897"
"chr13","79232790","79232962","KN296153v1","2118691","2118861","27","77114099"
"chr13","79285561","79285824","KN296242v1","694470","694734","41","78591091"
"chr13","79728932","79729235","KN297452v1","1979430","1979725","42","77749502"
"chr13","79828124","79828434","KN294187v1","188357","188668","42","79639767"
"chr13","80097333","80097638","KN296380v1","7066","7372","39","80090267"
"chr13","80909350","80909658","KN294790v1","4553461","4553757","40","76355889"
"chr13","80997298","80997591","KN294813v1","87773","88073","46","80909525"
"chr13","81001723","81002022","KN294378v1","1155375","1155674","47","79846348"
"chr13","81715144","81715435","KN295977v1","921088","921381","35","80794056"
"chr13","81895719","81896016","KN295984v1","811714","812012","36","81084005"
"chr13","81920857","81921176","KN294187v1","1156422","1156744","50","80764435"
"chr13","81965949","81966254","KN296964v1","792372","792682","48","81173577"
"chr13","82004409","82004705","KN296484v1","1024460","1024770","43","80979949"
"chr13","82014129","82014419","KN296108v1","735240","735530","35","81278889"
"chr13","82318993","82319227","KN294407v1","786896","787127","42","81532097"
"chr13","82332808","82333113","KN294520v1","1300419","1300723","39","81032389"
"chr13","82506408","82506633","KN297386v1","634925","635149","35","81871483"
"chr13","82524495","82524703","KN296859v1","1427369","1427572","30","81097126"
"chr13","82550838","82551138","KN297203v1","885386","885683","36","81665452"
"chr13","82660290","82660585","KN295420v1","372108","372400","38","82288182"
"chr13","82663019","82663320","KN294520v1","1300419","1300723","32","81362600"
"chr13","82968292","82968567","KN294326v1","460637","460911","49","82507655"
"chr13","82983671","82983966","KN294187v1","1444157","1444444","44","81539514"
"chr13","83035768","83036085","KN296426v1","740411","740728","42","82295357"
"chr13","83323827","83324115","KN295732v1","222856","223148","19","83100971"
"chr13","83513308","83513575","KN296485v1","447446","447718","37","83065862"
"chr13","83668296","83668586","KN296682v1","3655993","3656280","48","80012303"
"chr13","83671578","83671878","KN295236v1","2902206","2902512","38","80769372"
"chr13","84506878","84507175","KN296296v1","66249","66543","34","84440629"
"chr13","84574910","84575193","KN295735v1","1675335","1675618","29","82899575"
"chr13","84711244","84711563","KN295257v1","714674","714972","59","83996570"
"chr13","85249411","85249718","KN296119v1","3719343","3719648","35","81530068"
"chr13","85719945","85720123","KN295319v1","430475","430648","39","85289470"
"chr13","85734471","85734774","KN296761v1","97995","98298","29","85636476"
"chr13","85846016","85846306","KN294987v1","420693","420986","32","85425323"
"chr13","85956263","85956438","KN295209v1","548634","548801","39","85407629"
"chr13","86012500","86012784","KN295075v1","252071","252359","39","85760429"
"chr13","86017960","86018256","KN297203v1","885386","885683","29","85132574"
"chr13","86070682","86070995","KN295209v1","12796","13108","37","86057886"
"chr13","86109307","86109621","KN295096v1","1625375","1625686","41","84483932"
"chr13","86230129","86230439","KN294251v1","2039161","2039471","34","84190968"
"chr13","86273470","86273763","KN296108v1","735240","735530","34","85538230"
"chr13","86294546","86294856","KN296609v1","1410682","1410982","50","84883864"
"chr13","86319291","86319602","KN296761v1","97995","98298","44","86221296"
"chr13","86326132","86326291","KN295294v1","769026","769186","27","85557106"
"chr13","86326302","86326339","KN296316v1","148146","148173","16","86178156"
"chr13","86371973","86372150","KN294790v1","2350797","2350969","28","84021176"
"chr13","86382706","86382996","KN296682v1","2085361","2085660","46","84297345"
"chr13","86411259","86411436","KN294470v1","2260068","2260237","39","84151191"
"chr13","86415676","86415848","KN297154v1","1695463","1695633","32","84720213"
"chr13","86415910","86416206","KN295923v1","2002498","2002786","47","84413412"
"chr13","86559942","86560241","KN296641v1","1285515","1285812","31","85274427"
"chr13","86645822","86646126","KN294499v1","1507144","1507447","38","85138678"
"chr13","86689001","86689320","KN294526v1","575886","576198","44","86113115"
"chr13","86871791","86872087","KN296732v1","1798740","1799034","34","85073051"
"chr13","87017319","87017629","KN295586v1","5713036","5713339","40","81304283"
"chr13","87214647","87214933","KN296000v1","1248003","1248289","16","85966644"
"chr13","87215698","87215976","KN294734v1","705820","706100","29","86509878"
"chr13","87409299","87409494","KN297386v1","2382714","2382909","27","85026585"
"chr13","87496431","87496734","KN294520v1","1300419","1300723","40","86196012"
"chr13","87586148","87586452","KN296319v1","524387","524684","24","87061761"
"chr13","87814113","87814417","KN296319v1","299368","299675","29","87514745"
"chr13","87845046","87845342","KN296319v1","269474","269770","30","87575572"
"chr13","88394760","88394894","KN297008v1","6657903","6658047","30","81736857"
"chr13","88478904","88479199","KN297047v1","4500385","4500680","11","83978519"
"chr13","88487303","88487518","KN297047v1","4491896","4492112","10","83995407"
"chr13","88561375","88561619","KN294571v1","2367043","2367240","79","86194332"
"chr13","88930862","88931172","KN297047v1","4060748","4061056","12","84870114"
"chr13","88962054","88962365","KN297047v1","4030787","4031086","26","84931267"
"chr13","89024208","89024468","KN294561v1","1532954","1533202","44","87491254"
"chr13","89048303","89048607","KN297047v1","3947175","3947485","30","85101128"
"chr13","89160328","89160490","KN295814v1","1118418","1118576","37","88041910"
"chr13","89330637","89330922","KN297047v1","3682185","3682472","15","85648452"
"chr13","89406526","89406831","KN297047v1","3608535","3608834","16","85797991"
"chr13","89457619","89457914","KN297047v1","3559563","3559857","14","85898056"
"chr13","89718634","89718995","KN296970v1","536172","536520","66","89182462"
"chr13","89785563","89785861","KN297047v1","3265911","3266211","20","86519652"
"chr13","90086667","90086973","KN294385v1","767967","768276","38","89318700"
"chr13","90111130","90111416","KN297047v1","2945629","2945912","24","87165501"
"chr13","90367066","90367349","KN297047v1","2705188","2705474","10","87661878"
"chr13","90898759","90899068","KN297047v1","2195033","2195337","14","88703726"
"chr13","91310786","91311091","KN297047v1","1801788","1802094","9","89508998"
"chr13","91560609","91560888","KN297047v1","1547463","1547745","17","90013146"
"chr13","91565237","91565403","KN295349v1","47758","47931","24","91517479"
"chr13","91907752","91908022","KN297047v1","1208842","1209112","19","90698910"
"chr13","92472342","92472630","KN297047v1","659898","660181","26","91812444"
"chr13","92524220","92524529","KN296305v1","947829","948137","35","91576391"
"chr13","92567037","92567336","KN297047v1","563754","564061","23","92003283"
"chr13","92683829","92684083","KN295940v1","599422","599687","40","92084407"
"chr13","92912060","92912371","KN294520v1","610090","610400","36","92301970"
"chr13","93159171","93159537","KN294790v1","2251032","2251377","81","90908139"
"chr13","93242606","93242898","KN296836v1","105717","105994","39","93136889"
"chr13","93431993","93432275","KN296836v1","294543","294820","20","93137450"
"chr13","93504667","93504968","KN296836v1","365401","365706","20","93139266"
"chr13","93922853","93923125","KN297404v1","43622","43893","40","93879231"
"chr13","94115237","94115524","KN296836v1","951909","952194","20","93163328"
"chr13","94350488","94350799","KN296145v1","3242116","3242420","37","91108372"
"chr13","94710150","94710428","KN296311v1","5379750","5380028","48","89330400"
"chr13","94829066","94829267","KN294493v1","1284341","1284555","43","93544725"
"chr13","95215568","95215880","KN294385v1","291689","291997","40","94923879"
"chr13","95494318","95494609","KN296108v1","735240","735530","36","94759078"
"chr13","95595311","95595669","KN294346v1","313844","314182","75","95281467"
"chr13","95633300","95633590","KN296296v1","66249","66543","39","95567051"
"chr13","95809762","95809774","KN294443v1","170714","170724","2","95639048"
"chr13","95809809","95810090","KN296009v1","1376950","1377229","34","94432859"
"chr13","96063610","96063914","KN295243v1","1143482","1143789","62","94920128"
"chr13","96135116","96135408","KN294439v1","265245","265540","33","95869871"
"chr13","96141373","96141692","KN296864v1","3059211","3059513","50","93082162"
"chr13","96322009","96322290","KN294181v1","167090","167370","33","96154919"
"chr13","96342042","96342345","KN296108v1","735240","735530","42","95606802"
"chr13","96354176","96354478","KN295343v1","373896","374196","27","95980280"
"chr13","96383734","96384062","KN294598v1","112632","112943","56","96271102"
"chr13","96607503","96607811","KN295984v1","3157265","3157559","47","93450238"
"chr13","96824405","96824581","KN296486v1","1714803","1714969","39","95109602"
"chr13","96929107","96929434","KN297274v1","1412869","1413197","57","95516238"
"chr13","97422901","97423136","KN294172v1","819817","820034","61","96603084"
"chr13","97492115","97492435","KN295573v1","2109163","2109481","49","95382952"
"chr13","97553526","97553807","KN295257v1","348260","348541","33","97205266"
"chr13","98040560","98040803","KN295544v1","200687","200940","39","97839873"
"chr13","98077082","98077390","KN296247v1","460642","460944","42","97616440"
"chr13","98123954","98124251","KN294269v1","772756","773053","36","97351198"
"chr14","9437035","9437203","KN296922v1","308569","308730","37","9128466"
"chr14","150719","150898","KN296119v1","3355213","3355396","35","3204494"
"chr14","158593","158856","KN295315v1","125548","125812","14","33045"
"chr14","213801","214106","KN294591v1","115642","115945","37","98159"
"chr14","549099","549278","KN295408v1","16726","16898","30","532373"
"chr14","624336","624640","KN295315v1","576158","576444","37","48178"
"chr14","758665","758961","KN295633v1","380279","380574","37","378386"
"chr14","973408","973687","KN295315v1","908935","909214","12","64473"
"chr14","1007682","1007967","KN294978v1","2379848","2380134","55","1372166"
"chr14","1062123","1062302","KN294596v1","141115","141287","34","921008"
"chr14","1099317","1099601","KN295315v1","1040156","1040444","17","59161"
"chr14","1106288","1106590","KN295315v1","1050527","1050821","22","55761"
"chr14","1133432","1133806","KN295090v1","1713318","1713703","88","579886"
"chr14","1188264","1188555","KN295315v1","1131523","1131812","20","56741"
"chr14","1307227","1307519","KN295315v1","1252934","1253195","40","54293"
"chr14","1308629","1308798","KN296959v1","1152394","1152569","30","156235"
"chr14","1352488","1352780","KN295315v1","1302713","1303006","22","49775"
"chr14","1390458","1390756","KN295343v1","373896","374196","37","1016562"
"chr14","1684496","1684800","KN295315v1","1631499","1631797","25","52997"
"chr14","1928660","1928959","KN296004v1","398217","398517","40","1530443"
"chr14","2156457","2156755","KN295315v1","2095049","2095346","24","61408"
"chr14","2179281","2179594","KN295977v1","1237273","1237582","49","942008"
"chr14","2227752","2228022","KN295315v1","2169174","2169441","15","58578"
"chr14","2357020","2357333","KN295091v1","924044","924353","52","1432976"
"chr14","2407625","2407774","KN295735v1","1296248","1296399","20","1111377"
"chr14","2530785","2531082","KN295315v1","2484219","2484511","24","46566"
"chr14","2606258","2606531","KN295692v1","1945144","1945415","38","661114"
"chr14","2684986","2685298","KN295315v1","2639065","2639377","20","45921"
"chr14","2801457","2801620","KN294842v1","167464","167629","35","2633993"
"chr14","3055136","3055422","KN294462v1","513433","513718","43","2541703"
"chr14","3057462","3057751","KN294506v1","235047","235332","34","2822415"
"chr14","3098090","3098366","KN296054v1","63194","63469","53","3034896"
"chr14","3135411","3135610","KN295801v1","840804","841003","48","2294607"
"chr14","3207634","3207759","KN296174v1","30862","30995","23","3176772"
"chr14","3208072","3208259","KN294809v1","338554","338741","42","2869518"
"chr14","3407309","3407597","KN295075v1","252071","252359","28","3155238"
"chr14","3461508","3461836","KN294526v1","575886","576198","63","2885622"
"chr14","3519548","3519808","KN295964v1","43993","44262","45","3475555"
"chr14","3579393","3579567","KN296959v1","1152394","1152569","34","2426999"
"chr14","3633192","3633494","KN295854v1","1504180","1504481","38","2129012"
"chr14","3751363","3751690","KN297205v1","268954","269266","54","3482409"
"chr14","3767713","3768014","KN296806v1","78148","78452","47","3689565"
"chr14","3978920","3979140","KN294345v1","2206480","2206684","50","1772440"
"chr14","4022984","4023287","KN296806v1","78148","78452","33","3944836"
"chr14","4194760","4195052","KN297452v1","1979430","1979725","30","2215330"
"chr14","4242785","4243077","KN294592v1","51794","52092","44","4190991"
"chr14","4247068","4247348","KN297112v1","6395083","6395364","39","2148015"
"chr14","4977059","4977341","KN295096v1","344750","345035","48","4632309"
"chr14","5103578","5103876","KN295962v1","2457159","2457455","37","2646419"
"chr14","5109018","5109330","KN294218v1","2054777","2055092","44","3054241"
"chr14","5183837","5184032","KN295571v1","189645","189829","49","4994192"
"chr14","5259683","5259989","KN296153v1","1424950","1425255","38","3834733"
"chr14","5301427","5301711","KN295257v1","348260","348541","36","4953167"
"chr14","5408495","5408819","KN296732v1","3129981","3130299","43","2278514"
"chr14","5782301","5782611","KN296004v1","353630","353936","31","5428671"
"chr14","5865136","5865441","KN296435v1","2271548","2271854","46","3593588"
"chr14","5941060","5941359","KN297008v1","6804349","6804651","38","863289"
"chr14","6045466","6045763","KN294493v1","991664","991964","34","5053802"
"chr14","6994952","6995245","KN294499v1","114042","114335","38","6880910"
"chr14","7166132","7166295","KN296086v1","825589","825753","44","6340543"
"chr14","8055373","8055679","KN295091v1","924044","924353","22","7131329"
"chr14","8162238","8162547","KN294499v1","2542984","2543291","36","5619254"
"chr14","8622738","8623013","KN294187v1","140872","141146","37","8481866"
"chr14","8985837","8985858","KN296153v1","2091188","2091206","5","6894649"
"chr14","8985887","8986166","KN295091v1","1860433","1860726","22","7125454"
"chr14","9033638","9033921","KN295257v1","348260","348541","37","8685378"
"chr14","9437898","9438065","KN295830v1","837","999","36","9437061"
"chr14","9470608","9470912","KN295091v1","2347994","2348297","18","7122614"
"chr14","9568890","9569188","KN295091v1","2446716","2447013","8","7122174"
"chr14","9831802","9832087","KN295091v1","2717805","2718083","24","7113997"
"chr14","9856834","9857108","KN295091v1","2758680","2758951","14","7098154"
"chr14","9868493","9868777","KN295091v1","2769625","2769918","27","7098868"
"chr14","9903869","9904180","KN295096v1","1625375","1625686","41","8278494"
"chr14","9917479","9917694","KN295301v1","240798","241015","30","9676681"
"chr14","9931029","9931337","KN296484v1","1024460","1024770","39","8906569"
"chr14","10008469","10008773","KN296311v1","4780889","4781195","37","5227580"
"chr14","10030658","10030967","KN295825v1","2979498","2979808","49","7051160"
"chr14","10103914","10104238","KN296036v1","1696646","1696968","50","8407268"
"chr14","10260891","10261190","KN295091v1","3106821","3107133","30","7154070"
"chr14","10348341","10348638","KN295091v1","3193892","3194192","25","7154449"
"chr14","10750352","10750601","KN295091v1","3597038","3597306","32","7153314"
"chr14","10780117","10780428","KN295091v1","3629603","3629897","35","7150514"
"chr14","10831822","10832129","KN295091v1","3685572","3685875","20","7146250"
"chr14","10949848","10950153","KN295091v1","3808508","3808803","24","7141340"
"chr14","10954025","10954328","KN295854v1","1504180","1504481","38","9449845"
"chr14","11005762","11006072","KN294485v1","105000","105306","40","10900762"
"chr14","11104265","11104571","KN295091v1","3963377","3963679","18","7140888"
"chr14","11323928","11324189","KN294365v1","79311","79578","32","11244617"
"chr14","11382448","11382745","KN294365v1","142022","142318","19","11240426"
"chr14","12014494","12014801","KN296484v1","1024460","1024770","36","10990034"
"chr14","12049308","12049489","KN295967v1","467933","468109","29","11581375"
"chr14","12081786","12082075","KN294365v1","864974","865263","15","11216812"
"chr14","12211461","12211758","KN294365v1","993171","993474","21","11218290"
"chr14","12395262","12395555","KN294365v1","1180313","1180615","18","11214949"
"chr14","12456002","12456286","KN295257v1","348260","348541","33","12107742"
"chr14","12456318","12456336","KN296153v1","2091188","2091206","4","10365130"
"chr14","12579827","12580106","KN294365v1","1361534","1361813","16","11218293"
"chr14","12608287","12608586","KN294365v1","1390854","1391151","14","11217433"
"chr14","12698211","12698487","KN296485v1","447446","447718","35","12250765"
"chr14","13109550","13109836","KN294506v1","235047","235332","31","12874503"
"chr14","13150594","13150892","KN294365v1","1947823","1948133","25","11202771"
"chr14","13243199","13243367","KN296153v1","2118691","2118861","28","11124508"
"chr14","13465652","13465953","KN296635v1","1808458","1808757","34","11657194"
"chr14","13584143","13584425","KN295308v1","2066334","2066621","34","11517809"
"chr14","13615360","13615523","KN297094v1","185988","186163","38","13429372"
"chr14","13686886","13687019","KN295402v1","98306","98441","22","13588580"
"chr14","13687357","13687531","KN297159v1","634455","634627","32","13052902"
"chr14","14111973","14112262","KN296847v1","1869581","1869871","28","12242392"
"chr14","14179741","14180033","KN296108v1","735240","735530","37","13444501"
"chr14","14770857","14771092","KN297112v1","2436873","2437092","56","12333984"
"chr14","14790671","14790984","KN295936v1","2770576","2770884","38","12020095"
"chr14","14965781","14966090","KN294443v1","686140","686441","41","14279641"
"chr14","15283974","15284270","KN294570v1","184409","184707","34","15099565"
"chr14","15435790","15436095","KN294591v1","115642","115945","37","15320148"
"chr14","15441805","15442105","KN294850v1","121634","121934","36","15320171"
"chr14","15508922","15509199","KN295257v1","348260","348541","35","15160662"
"chr14","15516848","15517154","KN296806v1","78148","78452","33","15438700"
"chr14","15547129","15547427","KN295820v1","879022","879311","38","14668107"
"chr14","15630029","15630342","KN294446v1","290641","290939","46","15339388"
"chr14","15664222","15664527","KN294790v1","71150","71455","37","15593072"
"chr14","15681127","15681395","KN294848v1","313556","313826","37","15367571"
"chr14","15762342","15762623","KN294571v1","2837988","2838277","44","12924354"
"chr14","16188893","16189197","KN296002v1","228411","228721","24","15960482"
"chr14","16252099","16252370","KN296002v1","165568","165835","24","16086531"
"chr14","16437273","16437580","KN296923v1","8716","9022","18","16428557"
"chr14","16446139","16446427","KN294992v1","10055","10343","37","16436084"
"chr14","16471872","16472171","KN294260v1","686053","686349","37","15785819"
"chr14","16574967","16575248","KN296009v1","1376950","1377229","38","15198017"
"chr14","16606217","16606524","KN296732v1","162975","163269","80","16443242"
"chr14","16874696","16874993","KN295366v1","137020","137320","40","16737676"
"chr14","17050043","17050352","KN296000v1","1247118","1247423","36","15802925"
"chr14","17088884","17089176","KN294571v1","2837988","2838277","35","14250896"
"chr14","17504748","17504992","KN297095v1","2638274","2638512","40","14866474"
"chr14","17573455","17573586","KN294218v1","2540076","2540196","40","15033379"
"chr14","17619702","17619942","KN294421v1","680666","680909","43","16939036"
"chr14","17684329","17684574","KN295459v1","1531744","1531983","46","16152585"
"chr14","18163113","18163423","KN296004v1","353630","353936","29","17809483"
"chr14","18511363","18511645","KN295940v1","74492","74772","42","18436871"
"chr14","18723224","18723499","KN294229v1","183139","183412","33","18540085"
"chr14","18839900","18840215","KN296311v1","5354766","5355076","49","13485134"
"chr14","20576019","20576298","KN296312v1","886490","886761","42","19689529"
"chr14","20598479","20598774","KN296376v1","75936","76229","16","20522543"
"chr14","20783034","20783201","KN296829v1","582931","583096","34","20200103"
"chr14","20897645","20897878","KN296775v1","1235272","1235516","45","19662373"
"chr14","20942125","20942395","KN297154v1","164484","164756","41","20777641"
"chr14","20963510","20963807","KN296921v1","2697417","2697719","46","18266093"
"chr14","20986613","20986905","KN295869v1","572441","572731","32","20414172"
"chr14","21007141","21007326","KN296486v1","1468682","1468869","38","19538459"
"chr14","21034122","21034422","KN296635v1","1808458","1808757","43","19225664"
"chr14","21142339","21142638","KN296145v1","3219494","3219793","40","17922845"
"chr14","21154528","21154778","KN296926v1","782298","782549","35","20372230"
"chr14","21208935","21209227","KN295701v1","646314","646594","50","20562621"
"chr14","21229997","21230309","KN294883v1","392954","393264","37","20837043"
"chr14","21523907","21524208","KN294705v1","1295353","1295654","28","20228554"
"chr14","21529118","21529406","KN296139v1","7891","8178","31","21521227"
"chr14","21540731","21541040","KN295371v1","619650","619955","35","20921081"
"chr14","21550933","21551192","KN296242v1","694470","694734","42","20856463"
"chr14","21562682","21562988","KN295122v1","332244","332552","14","21230438"
"chr14","21585368","21585386","KN294726v1","413556","413570","5","21171812"
"chr14","21585531","21585815","KN295405v1","157962","158246","33","21427569"
"chr14","21591522","21591821","KN297159v1","2909102","2909401","36","18682420"
"chr14","21795822","21796133","KN296004v1","353630","353936","55","21442192"
"chr14","22114562","22114858","KN294893v1","312062","312373","21","21802500"
"chr14","22147947","22148221","KN294548v1","312797","313058","52","21835150"
"chr14","22313894","22314137","KN295405v1","309126","309372","34","22004768"
"chr14","22387036","22387335","KN294893v1","37637","37929","24","22349399"
"chr14","23200163","23200454","KN296255v1","602818","603100","21","22597345"
"chr14","23443511","23443821","KN296484v1","1024460","1024770","39","22419051"
"chr14","23934958","23935235","KN296759v1","422275","422550","46","23512683"
"chr14","23950701","23951023","KN296983v1","13811","14123","23","23936890"
"chr14","24126407","24126696","KN296983v1","204296","204587","10","23922111"
"chr14","24321885","24322147","KN296831v1","373681","373950","40","23948204"
"chr14","24331364","24331643","KN296009v1","1376950","1377229","42","22954414"
"chr14","24664045","24664351","KN295236v1","2629750","2630062","37","22034295"
"chr14","24675254","24675492","KN295607v1","30362","30616","47","24644892"
"chr14","24953556","24953812","KN295980v1","9254","9508","50","24944302"
"chr14","24964493","24964779","KN294583v1","111515","111793","46","24852978"
"chr14","25201732","25202039","KN294837v1","421876","422183","43","24779856"
"chr14","26557995","26558308","KN294613v1","334561","334860","69","26223434"
"chr14","26700102","26700416","KN294291v1","844638","844957","27","25855464"
"chr14","26894196","26894472","KN294291v1","641797","642074","12","26252399"
"chr14","27007720","27008018","KN296495v1","1779605","1779915","42","25228115"
"chr14","27123496","27123809","KN294291v1","421537","421855","22","26701959"
"chr14","27208487","27208781","KN294291v1","333229","333526","17","26875258"
"chr14","27292716","27292925","KN294345v1","2206480","2206684","31","25086236"
"chr14","27309267","27309583","KN295090v1","452979","453294","39","26856288"
"chr14","27479985","27480267","KN294291v1","63411","63694","26","27416574"
"chr14","28349059","28349325","KN295753v1","245053","245324","33","28104006"
"chr14","28390692","28390973","KN296478v1","1018956","1019237","16","27371736"
"chr14","28715203","28715502","KN294619v1","236638","236931","49","28478565"
"chr14","28833697","28834006","KN296478v1","564714","565018","27","28268983"
"chr14","28849947","28850139","KN296430v1","540489","540695","45","28309458"
"chr14","29133968","29134118","KN294181v1","939094","939251","21","28194874"
"chr14","29171244","29171536","KN296478v1","209141","209438","15","28962103"
"chr14","29306225","29306507","KN296478v1","70174","70450","23","29236051"
"chr14","29500627","29500823","KN295090v1","42834","43042","50","29457793"
"chr14","29737173","29737458","KN296854v1","83095","83380","16","29654078"
"chr14","30123799","30124102","KN294499v1","899277","899580","42","29224522"
"chr14","30158686","30159000","KN297147v1","509694","510004","23","29648992"
"chr14","30233094","30233387","KN297147v1","436307","436600","10","29796787"
"chr14","30326427","30326698","KN297147v1","343175","343446","39","29983252"
"chr14","30753923","30754057","KN295402v1","98306","98441","9","30655617"
"chr14","30754361","30754529","KN295402v1","98759","98924","20","30655602"
"chr14","30906482","30906783","KN295402v1","255772","256071","19","30650710"
"chr14","30920329","30920632","KN295402v1","269458","269755","19","30650871"
"chr14","31175755","31176058","KN295402v1","512570","512876","19","30663185"
"chr14","31560313","31560598","KN295402v1","915307","915596","14","30645006"
"chr14","31673565","31673857","KN295420v1","372108","372400","34","31301457"
"chr14","31792256","31792539","KN295402v1","1180613","1180897","21","30611643"
"chr14","32044688","32044984","KN296108v1","735240","735530","49","31309448"
"chr14","32132873","32133173","KN296200v1","1285411","1285706","31","30847462"
"chr14","32274247","32274546","KN296079v1","3084734","3085029","32","29189513"
"chr14","32348811","32349111","KN294365v1","993171","993474","40","31355640"
"chr14","32354840","32355106","KN295936v1","2228111","2228371","40","30126729"
"chr14","32610711","32611025","KN296484v1","1024460","1024770","29","31586251"
"chr14","32760834","32761141","KN296484v1","1024460","1024770","31","31736374"
"chr14","32804732","32805028","KN296430v1","596576","596880","44","32208156"
"chr14","33071559","33071828","KN294539v1","1591360","1591636","40","31480199"
"chr14","33076078","33076400","KN294825v1","559277","559583","52","32516801"
"chr14","33145399","33145576","KN294980v1","230782","230955","31","32914617"
"chr14","33213360","33213635","KN294790v1","3847979","3848251","35","29365381"
"chr14","33350994","33351185","KN296119v1","3355213","3355396","38","29995781"
"chr14","33457511","33457817","KN296004v1","353630","353936","36","33103881"
"chr14","33489251","33489553","KN295294v1","3811295","3811592","24","29677956"
"chr14","33517832","33518136","KN295294v1","3782449","3782757","23","29735383"
"chr14","33556571","33556737","KN296486v1","1714803","1714969","21","31841768"
"chr14","33598096","33598407","KN295294v1","3690050","3690352","21","29908046"
"chr14","33601885","33602202","KN295294v1","3686281","3686579","35","29915604"
"chr14","33738004","33738165","KN294790v1","2350797","2350969","38","31387207"
"chr14","33816032","33816194","KN295294v1","769026","769186","29","33047006"
"chr14","33968351","33968572","KN295294v1","3311128","3311366","23","30657223"
"chr14","33987631","33987895","KN296138v1","307856","308112","33","33679775"
"chr14","34107602","34107908","KN295294v1","3167073","3167383","18","30940529"
"chr14","34505569","34505857","KN295294v1","2766479","2766768","11","31739090"
"chr14","34522072","34522380","KN295294v1","2747448","2747758","13","31774624"
"chr14","34651890","34652187","KN295294v1","2609814","2610110","8","32042076"
"chr14","34688018","34688307","KN295294v1","2568640","2568933","17","32119378"
"chr14","34727825","34728132","KN295294v1","2523461","2523768","10","32204364"
"chr14","34742183","34742492","KN296484v1","1024460","1024770","35","33717723"
"chr14","34777630","34777933","KN295294v1","2472423","2472716","28","32305207"
"chr14","34805426","34805703","KN295294v1","2445010","2445290","13","32360416"
"chr14","35205163","35205469","KN295294v1","2033411","2033732","33","33171752"
"chr14","35450982","35451275","KN295294v1","1790271","1790554","22","33660711"
"chr14","35949002","35949295","KN295294v1","1271623","1271932","27","34677379"
"chr14","36015351","36015658","KN295294v1","1195454","1195761","15","34819897"
"chr14","36090227","36090521","KN295755v1","60500","60797","32","36029727"
"chr14","36273860","36274164","KN295294v1","931140","931444","11","35342720"
"chr14","36428210","36428520","KN294526v1","575886","576198","50","35852324"
"chr14","36472300","36472548","KN295294v1","725599","725844","16","35746701"
"chr14","36690940","36691239","KN295294v1","513975","514267","24","36176965"
"chr14","36935829","36935878","KN295045v1","1336617","1336651","23","35599212"
"chr14","36936163","36936175","KN295963v1","26249","26262","4","36909914"
"chr14","36937060","36937361","KN295294v1","244045","244353","16","36693015"
"chr14","36952474","36952775","KN295294v1","230912","231215","20","36721562"
"chr14","36996989","36997280","KN295294v1","179928","180219","21","36817061"
"chr14","37082957","37083131","KN294842v1","167464","167629","32","36915493"
"chr14","37154482","37154769","KN295725v1","1461230","1461528","46","35693252"
"chr14","37264779","37265077","KN294790v1","4553461","4553757","41","32711318"
"chr14","37408099","37408404","KN296200v1","239847","240142","35","37168252"
"chr14","37683289","37683583","KN296200v1","525773","526070","26","37157516"
"chr14","37710720","37711022","KN296200v1","559109","559416","18","37151611"
"chr14","37765226","37765510","KN296200v1","615870","616174","28","37149356"
"chr14","37813904","37814201","KN296200v1","663813","664112","16","37150091"
"chr14","38063690","38063981","KN296200v1","929428","929717","35","37134262"
"chr14","38321752","38322059","KN295671v1","158927","159233","35","38162825"
"chr14","38343190","38343488","KN296200v1","1209047","1209349","16","37134143"
"chr14","38418317","38418611","KN296200v1","1285411","1285706","11","37132906"
"chr14","38904869","38905176","KN295343v1","373896","374196","36","38530973"
"chr14","38916927","38917233","KN294561v1","645779","646083","37","38271148"
"chr14","38967030","38967330","KN294399v1","296926","297229","40","38670104"
"chr14","39037878","39038051","KN294561v1","726508","726680","48","38311370"
"chr14","39071053","39071354","KN294922v1","106205","106504","31","38964848"
"chr14","39176274","39176582","KN294922v1","212322","212605","36","38963952"
"chr14","39197245","39197557","KN294922v1","233473","233779","20","38963772"
"chr14","39497650","39497946","KN296378v1","801237","801534","37","38696413"
"chr14","39617490","39617793","KN294922v1","666620","666917","24","38950870"
"chr14","39671471","39671778","KN294922v1","720408","720710","17","38951063"
"chr14","39685516","39685807","KN294922v1","738398","738685","19","38947118"
"chr14","40506414","40506711","KN294592v1","51794","52092","34","40454620"
"chr14","40516136","40516297","KN296922v1","308569","308730","34","40207567"
"chr14","40654323","40654610","KN296495v1","1533911","1534185","57","39120412"
"chr14","40841863","40842161","KN296508v1","1489307","1489607","33","39352556"
"chr14","40942191","40942484","KN296958v1","337794","338086","35","40604397"
"chr14","41058985","41059282","KN296761v1","706874","707173","34","40352111"
"chr14","41126142","41126319","KN296174v1","30392","30557","34","41095750"
"chr14","41211646","41211947","KN294536v1","651643","651940","35","40560003"
"chr14","41331043","41331345","KN295198v1","516030","516332","34","40815013"
"chr14","41372732","41373054","KN296004v1","353630","353936","42","41019102"
"chr14","41437395","41437693","KN295735v1","1411168","1411465","58","40026227"
"chr14","41501809","41502077","KN297172v1","222084","222349","38","41279725"
"chr14","41509478","41509782","KN295930v1","537952","538252","45","40971526"
"chr14","41546720","41547021","KN295744v1","235007","235306","42","41311713"
"chr14","41608092","41608363","KN295525v1","728536","728813","47","40879556"
"chr14","41721076","41721370","KN295828v1","1055197","1055488","37","40665879"
"chr14","41758809","41759083","KN296496v1","143366","143630","33","41615443"
"chr14","41773129","41773242","KN297157v1","346096","346184","53","41427033"
"chr14","41788275","41788548","KN297017v1","20923","21196","38","41767352"
"chr14","41832080","41832393","KN296594v1","162025","162336","33","41670055"
"chr14","41884194","41884492","KN296577v1","170798","171097","32","41713396"
"chr14","41908678","41908986","KN295198v1","516030","516332","41","41392648"
"chr14","41974525","41974836","KN295209v1","12796","13108","41","41961729"
"chr14","42101047","42101349","KN295983v1","3161710","3162016","41","38939337"
"chr14","42438665","42438980","KN295096v1","1625375","1625686","50","40813290"
"chr14","42683731","42683985","KN296682v1","4040014","4040270","34","38643717"
"chr14","42770572","42770882","KN295209v1","12796","13108","37","42757776"
"chr14","42847571","42847844","KN295964v1","43993","44262","40","42803578"
"chr14","42896157","42896450","KN294613v1","670274","670562","36","42225883"
"chr14","42942167","42942386","KN294439v1","287915","288143","44","42654252"
"chr14","42946090","42946341","KN297210v1","51987","52241","36","42894103"
"chr14","43227055","43227344","KN296900v1","28824","29129","31","43198231"
"chr14","43309613","43309882","KN296900v1","114935","115220","28","43194678"
"chr14","43443478","43443774","KN294964v1","864674","864972","44","42578804"
"chr14","43449585","43449885","KN296079v1","3084734","3085029","36","40364851"
"chr14","43453323","43453627","KN296900v1","254908","255214","29","43198415"
"chr14","43877517","43877660","KN297008v1","6657903","6658047","31","37219614"
"chr14","43896991","43897291","KN296075v1","45725","46031","48","43851266"
"chr14","43899876","43900168","KN295366v1","153538","153829","36","43746338"
"chr14","43985463","43985773","KN297044v1","108239","108545","39","43877224"
"chr14","44077497","44077803","KN295236v1","5905105","5905413","40","38172392"
"chr14","44127863","44128130","KN296442v1","1017198","1017465","10","43110665"
"chr14","44276364","44276665","KN296442v1","851678","851973","22","43424686"
"chr14","44283832","44284131","KN296442v1","842412","842712","22","43441420"
"chr14","44384947","44385259","KN296442v1","736079","736382","18","43648868"
"chr14","44419254","44419562","KN296442v1","697598","697904","22","43721656"
"chr14","44571893","44572199","KN295371v1","619650","619955","28","43952243"
"chr14","44580246","44580538","KN297253v1","355153","355439","46","44225093"
"chr14","44585999","44586298","KN296442v1","530369","530670","11","44055630"
"chr14","44626817","44627119","KN296442v1","477608","477898","21","44149209"
"chr14","44627880","44628184","KN296442v1","476384","476686","15","44151496"
"chr14","44846404","44846685","KN296442v1","228269","228556","21","44618135"
"chr14","44911085","44911381","KN295343v1","373896","374196","31","44537189"
"chr14","45089932","45090197","KN294561v1","776265","776538","48","44313667"
"chr14","45104802","45105096","KN296921v1","660432","660732","40","44444370"
"chr14","45137603","45137899","KN296430v1","480421","480721","41","44657182"
"chr14","45170140","45170446","KN294471v1","75663","75970","36","45094477"
"chr14","45217079","45217382","KN294457v1","16716","17029","21","45200363"
"chr14","45275853","45276150","KN294457v1","81039","81353","33","45194814"
"chr14","45401937","45402103","KN296174v1","30392","30557","29","45371545"
"chr14","45407399","45407695","KN294457v1","207284","207584","22","45200115"
"chr14","45408568","45408864","KN296828v1","229290","229585","33","45179278"
"chr14","45412929","45413239","KN294416v1","619199","619506","50","44793730"
"chr14","45417427","45417727","KN294457v1","218022","218318","14","45199405"
"chr14","45433709","45434004","KN294399v1","115875","116174","49","45317834"
"chr14","45459780","45459938","KN295294v1","769026","769186","27","44690754"
"chr14","45465869","45466027","KN295814v1","1118418","1118576","42","44347451"
"chr14","45479027","45479176","KN295294v1","769026","769186","29","44710001"
"chr14","45505788","45506090","KN294995v1","74685","74986","38","45431103"
"chr14","45515434","45515740","KN294457v1","318253","318555","35","45197181"
"chr14","45599267","45599495","KN294457v1","410893","411121","11","45188374"
"chr14","45664309","45664619","KN294372v1","2056206","2056510","52","43608103"
"chr14","45684737","45685028","KN297452v1","1979430","1979725","37","43705307"
"chr14","45825371","45825676","KN294457v1","639920","640218","27","45185451"
"chr14","45839980","45840134","KN297008v1","1441000","1441155","38","44398980"
"chr14","45861342","45861640","KN294457v1","674744","675050","18","45186598"
"chr14","45894994","45895301","KN294457v1","710127","710434","10","45184867"
"chr14","45911606","45911901","KN294457v1","725117","725411","9","45186489"
"chr14","45933217","45933448","KN294439v1","287915","288143","38","45645302"
"chr14","45974986","45975278","KN294457v1","788209","788466","40","45186777"
"chr14","45995580","45995887","KN294457v1","809281","809587","14","45186299"
"chr14","46043288","46043582","KN294457v1","863245","863538","18","45180043"
"chr14","46098187","46098480","KN294457v1","917900","918193","12","45180287"
"chr14","46117711","46118006","KN296495v1","2925731","2926025","32","43191980"
"chr14","46221092","46221399","KN294457v1","1046979","1047286","16","45174113"
"chr14","46336378","46336675","KN294372v1","1638361","1638662","36","44698017"
"chr14","46556115","46556376","KN294457v1","1373432","1373710","29","45182683"
"chr14","46631959","46632275","KN294416v1","320290","320595","55","46311669"
"chr14","46638442","46638719","KN294457v1","1456757","1457036","20","45181685"
"chr14","47177546","47177855","KN295736v1","1720748","1721056","36","45456798"
"chr14","47998704","47998984","KN295586v1","5293886","5294167","29","42704818"
"chr14","48262497","48262803","KN294457v1","3093487","3093788","19","45169010"
"chr14","48376041","48376343","KN294457v1","3210186","3210487","12","45165855"
"chr14","49029238","49029538","KN294970v1","974452","974753","41","48054786"
"chr14","49207555","49207862","KN296761v1","97995","98298","40","49109560"
"chr14","49244019","49244309","KN295171v1","335101","335397","35","48908918"
"chr14","49580490","49580677","KN294741v1","155565","155751","17","49424925"
"chr14","49848829","49849051","KN294339v1","34283","34502","30","49814546"
"chr14","50643760","50644048","KN294619v1","1362925","1363220","37","49280835"
"chr14","50774235","50774529","KN295362v1","1055502","1055795","36","49718733"
"chr14","51242983","51243277","KN296825v1","1782920","1783213","33","49460063"
"chr14","51267765","51268069","KN294745v1","258533","258831","39","51009232"
"chr14","51278682","51278988","KN294842v1","297954","298253","34","50980728"
"chr14","51329038","51329306","KN294668v1","1985979","1986245","48","49343059"
"chr14","51498823","51499122","KN294998v1","56305","56588","30","51442518"
"chr14","51692882","51693191","KN294181v1","1011769","1012076","38","50681113"
"chr14","51782326","51782662","KN294499v1","963492","963827","91","50818834"
"chr14","52230534","52230845","KN296001v1","263919","264229","42","51966615"
"chr14","52428011","52428328","KN297274v1","1273846","1274150","48","51154165"
"chr14","52615619","52615924","KN295893v1","6332598","6332904","37","46283021"
"chr14","52833686","52834000","KN294470v1","3159617","3159931","51","49674069"
"chr14","52937086","52937264","KN296486v1","1714803","1714969","48","51222283"
"chr14","52972902","52973203","KN294790v1","4099784","4100085","59","48873118"
"chr14","52995861","52996169","KN296825v1","1702761","1703066","34","51293100"
"chr14","53007998","53008291","KN297171v1","1206584","1206875","42","51801414"
"chr14","53157484","53157793","KN295091v1","924044","924353","30","52233440"
"chr14","53252106","53252383","KN295828v1","1095001","1095277","38","52157105"
"chr14","53259280","53259567","KN294571v1","2837988","2838277","39","50421292"
"chr14","53420817","53421112","KN296831v1","250015","250311","33","53170802"
"chr14","53439139","53439382","KN294226v1","5400","5644","32","53433739"
"chr14","53531114","53531412","KN296921v1","660432","660732","42","52870682"
"chr14","54271120","54271399","KN294364v1","316809","317082","18","53954311"
"chr14","54690080","54690304","KN294364v1","734431","734649","16","53955649"
"chr14","54793535","54793809","KN297177v1","98331","98605","23","54695204"
"chr14","55155943","55156147","KN295736v1","1074700","1074911","30","54081243"
"chr14","55339504","55339808","KN296913v1","105296","105604","46","55234208"
"chr14","55661871","55662152","KN296852v1","2995450","2995733","15","52666421"
"chr14","55839698","55839916","KN294879v1","1427141","1427343","45","54412557"
"chr14","55839967","55840139","KN296062v1","1814487","1814665","26","54025480"
"chr14","55846150","55846440","KN296852v1","2817732","2818034","37","53028418"
"chr14","56620440","56620746","KN296852v1","2055637","2055939","25","54564803"
"chr14","56702794","56703074","KN295883v1","364520","364802","57","56338274"
"chr14","56719693","56719983","KN296852v1","1956555","1956851","20","54763138"
"chr14","56909329","56909635","KN296852v1","1767754","1768050","23","55141575"
"chr14","57088916","57089222","KN296852v1","1579675","1579968","26","55509241"
"chr14","57093905","57094187","KN296852v1","1574404","1574668","44","55519501"
"chr14","57130549","57130816","KN295987v1","1193288","1193543","50","55937261"
"chr14","57156995","57157262","KN296852v1","1514776","1515040","19","55642219"
"chr14","57374693","57375004","KN296852v1","1293457","1293764","20","56081236"
"chr14","57378812","57378882","KN296726v1","937390","937454","29","56441422"
"chr14","57452637","57452943","KN296852v1","1210557","1210857","24","56242080"
"chr14","57534541","57534822","KN296852v1","1134264","1134565","37","56400277"
"chr14","58115838","58116099","KN294825v1","131262","131525","44","57984576"
"chr14","58186100","58186381","KN294790v1","3847979","3848251","49","54338121"
"chr14","58405456","58405760","KN296852v1","293439","293755","31","58112017"
"chr14","58623373","58623674","KN296852v1","66182","66483","30","58557191"
"chr14","58657222","58657392","KN296852v1","35728","35894","11","58621494"
"chr14","59008618","59008919","KN295032v1","185903","186204","15","58822715"
"chr14","59270608","59270774","KN296486v1","1714803","1714969","28","57555805"
"chr14","59329131","59329410","KN295705v1","129614","129908","25","59199517"
"chr14","59463562","59463865","KN295705v1","263151","263444","34","59200411"
"chr14","59519775","59520081","KN295705v1","325636","325934","23","59194139"
"chr14","59550578","59550745","KN294187v1","1542649","1542810","36","58007929"
"chr14","59599598","59599902","KN295705v1","410464","410770","16","59189134"
"chr14","59637035","59637338","KN295705v1","448944","449252","17","59188091"
"chr14","59674520","59674818","KN295854v1","1504180","1504481","34","58170340"
"chr14","59751423","59751733","KN296926v1","461285","461598","36","59290138"
"chr14","59774601","59774898","KN295705v1","587850","588123","37","59186751"
"chr14","59778646","59778941","KN294451v1","1164519","1164817","34","58614127"
"chr14","59800211","59800371","KN295705v1","614687","614847","4","59185524"
"chr14","59800653","59800783","KN295705v1","615120","615243","11","59185533"
"chr14","59866495","59866657","KN295209v1","548634","548801","33","59317861"
"chr14","59903936","59904097","KN294187v1","1542649","1542810","33","58361287"
"chr14","59904098","59904393","KN295705v1","728734","729030","23","59175364"
"chr14","59911580","59911874","KN295075v1","252071","252359","35","59659509"
"chr14","59914314","59914610","KN295459v1","806026","806321","34","59108288"
"chr14","60513449","60513767","KN295705v1","1350293","1350599","35","59163156"
"chr14","60530114","60530422","KN295705v1","1367355","1367663","21","59162759"
"chr14","60619569","60619880","KN295284v1","267335","267639","37","60352234"
"chr14","60631239","60631381","KN297432v1","384377","384510","30","60246862"
"chr14","60667270","60667549","KN297083v1","400309","400588","36","60266961"
"chr14","60790513","60790809","KN294964v1","864674","864972","36","59925839"
"chr14","61056143","61056447","KN295705v1","1899584","1899880","17","59156559"
"chr14","61143177","61143487","KN295705v1","1984615","1984913","25","59158562"
"chr14","61580365","61580671","KN296365v1","1967768","1968079","39","59612597"
"chr14","61627667","61627972","KN295705v1","2464094","2464404","18","59163573"
"chr14","61789692","61789860","KN296174v1","30392","30557","40","61759300"
"chr14","61872352","61872538","KN296119v1","3355213","3355396","39","58517139"
"chr14","61872875","61873008","KN297159v1","634927","635059","18","61237948"
"chr14","61910005","61910305","KN295705v1","2743736","2744032","31","59166269"
"chr14","62093733","62094045","KN294685v1","1346044","1346352","36","60747689"
"chr14","62114647","62114791","KN295294v1","769026","769186","34","61345621"
"chr14","62250306","62250612","KN297133v1","697347","697647","37","61552959"
"chr14","62262917","62263221","KN294187v1","1767651","1767950","41","60495266"
"chr14","62366879","62367058","KN296486v1","1714803","1714969","40","60652076"
"chr14","62599243","62599470","KN296096v1","2467313","2467532","42","60131930"
"chr14","62702197","62702499","KN295345v1","868768","869065","36","61833429"
"chr14","62706895","62707206","KN294234v1","2522651","2522957","40","60184244"
"chr14","62836890","62837187","KN295984v1","811714","812012","36","62025176"
"chr14","62862661","62862915","KN296541v1","96705","96961","49","62765956"
"chr14","62984137","62984429","KN294571v1","1349003","1349300","41","61635134"
"chr14","63040507","63040790","KN297227v1","240655","240937","38","62799852"
"chr14","63523827","63524137","KN294385v1","291689","291997","38","63232138"
"chr14","63686192","63686486","KN295404v1","118269","118562","31","63567923"
"chr14","64087760","64088068","KN296004v1","353630","353936","29","63734130"
"chr14","64244673","64244971","KN294592v1","51794","52092","36","64192879"
"chr14","64250019","64250213","KN296864v1","1527902","1528096","21","62722117"
"chr14","64439235","64439534","KN295102v1","157119","157420","45","64282116"
"chr14","64504837","64505136","KN296139v1","68762","69051","55","64436075"
"chr14","64544013","64544345","KN297274v1","1412869","1413197","37","63131144"
"chr14","64585721","64586022","KN297452v1","1979430","1979725","30","62606291"
"chr14","64655340","64655646","KN296484v1","1024460","1024770","39","63630880"
"chr14","64666386","64666692","KN296484v1","1024460","1024770","39","63641926"
"chr14","64704857","64705152","KN294582v1","148271","148567","35","64556586"
"chr14","64745899","64746191","KN297452v1","1979430","1979725","34","62766469"
"chr14","64886506","64886809","KN297242v1","1009728","1010033","36","63876778"
"chr14","64942853","64943162","KN297044v1","108239","108545","41","64834614"
"chr14","64943595","64943904","KN294668v1","3996924","3997235","39","60946671"
"chr14","64970451","64970758","KN294520v1","1300419","1300723","34","63670032"
"chr14","65012096","65012403","KN296062v1","2620590","2620895","35","62391506"
"chr14","65084585","65084870","KN295405v1","157962","158246","43","64926623"
"chr14","65101706","65101898","KN295667v1","2073640","2073836","33","63028066"
"chr14","65590511","65590804","KN295717v1","728218","728510","42","64862293"
"chr14","65688859","65689151","KN295236v1","5176018","5176310","40","60512841"
"chr14","65964691","65964999","KN296270v1","59762","60067","34","65904929"
"chr14","66048583","66048849","KN295236v1","5976967","5977237","46","60071616"
"chr14","66273497","66273783","KN294326v1","660448","660733","51","65613049"
"chr14","66365289","66365455","KN294980v1","230782","230955","31","66134507"
"chr14","66365481","66365507","KN295236v1","4028774","4028792","12","62336707"
"chr14","66992072","66992371","KN295666v1","2293081","2293377","21","64698991"
"chr14","67471421","67471741","KN296242v1","863939","864251","70","66607482"
"chr14","67789728","67789768","KN295045v1","1336617","1336651","19","66453111"
"chr14","67871247","67871543","KN295666v1","1432518","1432821","33","66438729"
"chr14","67955424","67955723","KN295666v1","1355878","1356180","25","66599546"
"chr14","68112841","68113005","KN294842v1","167464","167629","31","67945377"
"chr14","68134394","68134694","KN295666v1","1178970","1179276","30","66955424"
"chr14","68135513","68135815","KN294456v1","513291","513590","35","67622222"
"chr14","68197996","68198293","KN295090v1","1785359","1785660","38","66412637"
"chr14","68226837","68227140","KN295666v1","1074904","1075206","9","67151933"
"chr14","68229377","68229666","KN297452v1","1979430","1979725","50","66249947"
"chr14","68253425","68253735","KN295666v1","1050078","1050382","20","67203347"
"chr14","68278476","68278765","KN294540v1","651367","651664","37","67627109"
"chr14","68308938","68309097","KN296743v1","1789514","1789673","28","66519424"
"chr14","68513490","68513800","KN295666v1","791747","792057","10","67721743"
"chr14","68542872","68543040","KN294596v1","141115","141287","37","68401757"
"chr14","68592884","68593100","KN295343v1","589567","589783","25","68003317"
"chr14","68598635","68598909","KN296754v1","238464","238735","57","68360171"
"chr14","68600954","68601213","KN295666v1","700444","700718","58","67900510"
"chr14","68647644","68647941","KN295666v1","654394","654689","17","67993250"
"chr14","69012037","69012339","KN296004v1","353630","353936","38","68658407"
"chr14","69015396","69015678","KN297047v1","4576996","4577280","28","64438400"
"chr14","69028084","69028327","KN295523v1","1167591","1167841","54","67860493"
"chr14","69100018","69100314","KN295666v1","197957","198241","20","68902061"
"chr14","69333473","69333772","KN294604v1","567439","567733","18","68766034"
"chr14","69475246","69475527","KN294604v1","420206","420487","8","69055040"
"chr14","69549766","69549909","KN297274v1","221382","221516","25","69328384"
"chr14","69549941","69550092","KN296311v1","1013861","1014022","43","68536080"
"chr14","69927912","69928187","KN294539v1","1591360","1591636","42","68336552"
"chr14","70034845","70035117","KN294874v1","1823602","1823878","42","68211243"
"chr14","70059759","70059937","KN295349v1","47758","47931","33","70012001"
"chr14","70169426","70169670","KN296783v1","1313083","1313335","57","68856343"
"chr14","70195597","70195887","KN296487v1","194550","194834","41","70001047"
"chr14","70195998","70196014","KN294213v1","437220","437234","3","69758778"
"chr14","70198701","70199009","KN294416v1","303238","303546","17","69895463"
"chr14","70215538","70215842","KN294416v1","320290","320595","12","69895248"
"chr14","70381444","70381721","KN294874v1","1823602","1823878","35","68557842"
"chr14","70414074","70414378","KN294416v1","527901","528206","13","69886173"
"chr14","70427786","70427980","KN295091v1","1736105","1736304","56","68691681"
"chr14","70428193","70428327","KN297274v1","221382","221516","6","70206811"
"chr14","70445247","70445554","KN294416v1","558889","559180","30","69886358"
"chr14","70457963","70458257","KN294416v1","571859","572158","20","69886104"
"chr14","70494395","70494705","KN294416v1","612423","612727","21","69881972"
"chr14","70512976","70513269","KN294416v1","631527","631817","14","69881449"
"chr14","70579775","70580038","KN294416v1","702381","702659","30","69877394"
"chr14","70584280","70584427","KN297008v1","1441000","1441155","33","69143280"
"chr14","70600280","70600506","KN295667v1","2073640","2073836","63","68526640"
"chr14","70600533","70600723","KN296119v1","3355213","3355396","35","67245320"
"chr14","70650676","70650981","KN294416v1","768533","768836","14","69882143"
"chr14","70782502","70782807","KN294416v1","898950","899250","24","69883552"
"chr14","71220986","71221282","KN294416v1","1353944","1354240","18","69867042"
"chr14","71290441","71290749","KN294416v1","1432607","1432900","34","69857834"
"chr14","71377036","71377245","KN296430v1","540489","540695","44","70836547"
"chr14","71959122","71959392","KN294790v1","3847979","3848251","54","68111143"
"chr14","72651785","72652081","KN297203v1","885386","885683","43","71766399"
"chr14","72666914","72667208","KN295257v1","1909438","1909734","37","70757476"
"chr14","72815986","72816284","KN294884v1","204371","204679","17","72611615"
"chr14","73475667","73475968","KN295984v1","811714","812012","38","72663953"
"chr14","73487360","73487629","KN294790v1","3847979","3848251","45","69639381"
"chr14","73595202","73595497","KN294407v1","2708829","2709123","45","70886373"
"chr14","73626263","73626554","KN296079v1","3084734","3085029","44","70541529"
"chr14","73631270","73631570","KN294187v1","723738","724036","38","72907532"
"chr14","73727084","73727385","KN296948v1","20580","20890","19","73706504"
"chr14","74035308","74035603","KN295459v1","806026","806321","35","73229282"
"chr14","74042154","74042450","KN296948v1","318518","318817","13","73723636"
"chr14","74057925","74058223","KN295090v1","2695348","2695640","29","71362577"
"chr14","74095245","74095548","KN296948v1","370709","371030","35","73724536"
"chr14","74139540","74139835","KN294372v1","1048193","1048493","43","73091347"
"chr14","74159128","74159322","KN294467v1","24643","24823","43","74134485"
"chr14","74159630","74159769","KN294613v1","562643","562778","21","73596987"
"chr14","74167170","74167449","KN296948v1","444182","444461","18","73722988"
"chr14","74235216","74235518","KN295832v1","15532","15835","43","74219684"
"chr14","74248203","74248505","KN297343v1","2044825","2045124","40","72203378"
"chr14","74382537","74382832","KN295854v1","1504180","1504481","44","72878357"
"chr14","74596064","74596418","KN294470v1","900548","900906","100","73695516"
"chr14","74606386","74606477","KN297157v1","346096","346184","29","74260290"
"chr14","74606778","74606794","KN295152v1","573368","573383","5","74033410"
"chr14","74629409","74629697","KN296948v1","862368","862658","23","73767041"
"chr14","74688140","74688391","KN296948v1","915916","916168","10","73772224"
"chr14","74717304","74717596","KN296948v1","940419","940715","25","73776885"
"chr14","74752309","74752624","KN296948v1","973962","974282","22","73778347"
"chr14","74990916","74991219","KN294850v1","121634","121934","46","74869282"
"chr14","74999671","74999757","KN297157v1","346096","346184","25","74653575"
"chr14","75099840","75100126","KN296108v1","735240","735530","39","74364600"
"chr14","75104881","75105180","KN297452v1","339686","339987","34","74765195"
"chr14","75151198","75151506","KN296948v1","1363149","1363455","26","73788049"
"chr14","75175140","75175429","KN294842v1","1075081","1075373","50","74100059"
"chr14","75213368","75213653","KN296290v1","1258651","1258933","36","73954717"
"chr14","75239551","75239832","KN294407v1","804694","804981","38","74434857"
"chr14","75262320","75262479","KN296187v1","2257894","2258030","40","73004426"
"chr14","75262770","75262900","KN294945v1","39355","39486","40","75223415"
"chr14","75353645","75353947","KN296682v1","3268933","3269243","41","72084712"
"chr14","75357801","75358081","KN297369v1","169839","170118","58","75187962"
"chr14","75365788","75366019","KN295217v1","1454997","1455229","38","73910791"
"chr14","75392804","75393132","KN296538v1","193946","194263","51","75198858"
"chr14","75411319","75411611","KN296992v1","3847","4136","13","75407472"
"chr14","75458886","75459174","KN296992v1","46824","47122","28","75412062"
"chr14","75474247","75474523","KN296036v1","1306747","1307034","51","74167500"
"chr14","75489058","75489355","KN297203v1","885386","885683","39","74603672"
"chr14","75565051","75565316","KN296992v1","153706","153972","15","75411345"
"chr14","75950563","75950830","KN297017v1","20923","21196","45","75929640"
"chr14","76467976","76468289","KN295343v1","373896","374196","62","76094080"
"chr14","76984754","76985042","KN294462v1","540671","540960","46","76444083"
"chr14","77044087","77044400","KN295987v1","163152","163456","35","76880935"
"chr14","77404605","77404916","KN296311v1","6378099","6378408","32","71026506"
"chr14","77502472","77502761","KN295893v1","6651453","6651742","33","70851019"
"chr14","77639665","77639787","KN297432v1","384377","384510","45","77255288"
"chr14","77662820","77663130","KN295898v1","15767","16071","32","77647053"
"chr14","77782342","77782620","KN295898v1","130323","130621","32","77652019"
"chr14","78032092","78032381","KN295898v1","367649","367950","25","77664443"
"chr14","78172792","78173082","KN295898v1","515332","515617","19","77657460"
"chr14","78254104","78254401","KN295898v1","593780","594070","18","77660324"
"chr14","78421944","78422254","KN296743v1","18576","18882","20","78403368"
"chr14","78507467","78507764","KN296743v1","112767","113075","34","78394700"
"chr14","78719587","78719901","KN296743v1","318132","318443","27","78401455"
"chr14","78726470","78726739","KN295552v1","212176","212457","40","78514294"
"chr14","78743959","78744250","KN296743v1","337557","337846","12","78406402"
"chr14","78780488","78780782","KN296743v1","375694","376011","29","78404794"
"chr14","78809586","78809859","KN297458v1","153262","153537","34","78656324"
"chr14","79031477","79031744","KN296743v1","631299","631569","13","78400178"
"chr14","79368393","79368698","KN296743v1","956732","957040","29","78411661"
"chr14","79425141","79425449","KN296743v1","1012258","1012555","28","78412883"
"chr14","80025644","80025949","KN296743v1","1606692","1606991","17","78418952"
"chr14","80107386","80107598","KN297112v1","5451151","5451370","41","74656235"
"chr14","80142692","80143001","KN296743v1","1734191","1734496","12","78408501"
"chr14","80184016","80184288","KN296009v1","1376950","1377229","31","78807066"
"chr14","80189352","80189662","KN296743v1","1775333","1775627","28","78414019"
"chr14","80193117","80193424","KN296743v1","1779057","1779364","25","78414060"
"chr14","80201414","80201538","KN296743v1","1789353","1789476","6","78412061"
"chr14","80201567","80201726","KN296743v1","1789514","1789673","3","78412053"
"chr14","80317781","80318089","KN296743v1","1906122","1906429","28","78411659"
"chr14","80353695","80354006","KN294578v1","617490","617800","41","79736205"
"chr14","80375025","80375262","KN296743v1","1962301","1962534","10","78412724"
"chr14","80395470","80395777","KN296743v1","1982332","1982641","18","78413138"
"chr14","80578744","80579042","KN296743v1","2170265","2170565","18","78408479"
"chr14","80791482","80791495","KN294213v1","437220","437234","3","80354262"
"chr14","80791808","80791958","KN297008v1","6657903","6658047","33","74133905"
"chr14","80848554","80848862","KN296743v1","2438151","2438451","18","78410403"
"chr14","80852764","80853070","KN296743v1","2442313","2442618","16","78410451"
"chr14","80887331","80887492","KN296743v1","1789514","1789673","35","79097817"
"chr14","80975921","80976242","KN294385v1","291689","291997","51","80684232"
"chr14","81094057","81094370","KN294592v1","1073707","1074017","41","80020350"
"chr14","81143519","81143795","KN294964v1","433236","433507","49","80710283"
"chr14","81227106","81227418","KN296964v1","792372","792682","39","80434734"
"chr14","81250109","81250407","KN294613v1","441189","441484","40","80808920"
"chr14","81321203","81321532","KN294991v1","1454554","1454852","62","79866649"
"chr14","81327613","81327903","KN295592v1","1172307","1172593","43","80155306"
"chr14","81369823","81370130","KN296004v1","353630","353936","38","81016193"
"chr14","81439481","81439746","KN296754v1","238464","238735","45","81201017"
"chr14","81572982","81573288","KN296157v1","4280337","4280642","48","77292645"
"chr14","81627857","81628027","KN294790v1","2350797","2350969","31","79277060"
"chr14","81628320","81628335","KN296296v1","164966","164979","4","81463354"
"chr14","81724593","81724892","KN296487v1","110223","110521","41","81614370"
"chr14","81743636","81743979","KN296970v1","536172","536520","73","81207464"
"chr14","81782350","81782656","KN296108v1","735240","735530","53","81047110"
"chr14","81789851","81790151","KN295893v1","142495","142793","38","81647356"
"chr14","81796661","81796744","KN295550v1","498465","498533","31","81298196"
"chr14","81896765","81896958","KN294741v1","155565","155751","35","81741200"
"chr14","81986492","81986790","KN297332v1","94222","94518","37","81892270"
"chr14","82030040","82030349","KN297227v1","727002","727308","32","81303038"
"chr14","82354067","82354376","KN295096v1","1625375","1625686","33","80728692"
"chr14","82434085","82434249","KN296174v1","30392","30557","31","82403693"
"chr14","82473168","82473463","KN294535v1","550591","550888","37","81922577"
"chr14","82516112","82516407","KN295962v1","375746","376041","34","82140366"
"chr14","82594714","82595023","KN296380v1","7066","7372","33","82587648"
"chr14","82690930","82691215","KN296000v1","1152580","1152864","40","81538350"
"chr14","82908556","82908858","KN295154v1","149426","149727","32","82759130"
"chr14","82920165","82920475","KN295893v1","6332598","6332904","41","76587567"
"chr14","83064035","83064306","KN295523v1","3109340","3109614","48","79954695"
"chr14","83120320","83120606","KN297227v1","240655","240937","32","82879665"
"chr14","83186879","83187162","KN294187v1","907689","907968","38","82279190"
"chr14","83215237","83215433","KN296547v1","612654","612858","41","82602583"
"chr14","83215744","83215835","KN294365v1","724303","724400","18","82491441"
"chr14","83233072","83233352","KN294592v1","567946","568227","31","82665126"
"chr14","83537745","83538025","KN295501v1","506527","506803","35","83031218"
"chr14","83635399","83635704","KN296825v1","1702761","1703066","41","81932638"
"chr14","83674327","83674495","KN294980v1","230782","230955","24","83443545"
"chr14","83707727","83707999","KN296749v1","716346","716616","47","82991381"
"chr14","83708066","83708362","KN296880v1","293781","294079","33","83414285"
"chr14","83731360","83731668","KN295977v1","1237273","1237582","37","82494087"
"chr14","83735228","83735516","KN296096v1","2440700","2440989","31","81294528"
"chr14","83749643","83749910","KN296381v1","521374","521639","44","83228269"
"chr14","83775421","83775675","KN296442v1","546513","546771","43","83228908"
"chr14","83844625","83844897","KN295744v1","206163","206441","43","83638462"
"chr14","83849208","83849470","KN296943v1","295934","296196","32","83553274"
"chr14","84414156","84414452","KN295962v1","2457159","2457455","41","81956997"
"chr14","84461158","84461454","KN294269v1","772756","773053","30","83688402"
"chr14","85037919","85038212","KN296761v1","706874","707173","41","84331045"
"chr14","85155214","85155514","KN296775v1","1102187","1102489","47","84053027"
"chr14","85506877","85507174","KN297452v1","1979430","1979725","30","83527447"
"chr14","85519674","85519931","KN296442v1","546513","546771","34","84973161"
"chr14","85726156","85726471","KN294385v1","291689","291997","48","85434467"
"chr14","85801577","85801883","KN294705v1","1109306","1109614","38","84692271"
"chr14","86091239","86091570","KN296036v1","1696646","1696968","55","84394593"
"chr14","86424892","86425196","KN295343v1","373896","374196","37","86050996"
"chr14","86481605","86481891","KN296063v1","1455130","1455414","38","85026475"
"chr14","86866999","86867299","KN295102v1","157119","157420","35","86709880"
"chr14","87189690","87189914","KN295748v1","191135","191363","33","86998555"
"chr14","87395041","87395339","KN296577v1","170798","171097","33","87224243"
"chr14","87618566","87618855","KN294456v1","63433","63720","39","87555133"
"chr14","87623648","87623958","KN296380v1","7066","7372","36","87616582"
"chr14","87736508","87736823","KN294578v1","287800","288105","39","87448708"
"chr14","87748162","87748455","KN294790v1","3806584","3806878","35","83941578"
"chr14","87922281","87922598","KN297066v1","46232","46557","31","87876049"
"chr14","88034807","88035098","KN297066v1","170455","170762","23","87864352"
"chr14","88080001","88080286","KN297066v1","215883","216165","32","87864118"
"chr14","88135214","88135494","KN296009v1","1376950","1377229","34","86758264"
"chr14","88547829","88548129","KN294416v1","612423","612727","40","87935406"
"chr14","89019429","89019748","KN294416v1","320290","320595","45","88699139"
"chr14","89379356","89379655","KN296430v1","480421","480721","41","88898935"
"chr14","89953266","89953572","KN296119v1","3727195","3727501","34","86226071"
"chr14","90885426","90885610","KN295735v1","895035","895215","40","89990391"
"chr14","90885640","90885765","KN295571v1","189855","189980","19","90695785"
"chr14","91174340","91174539","KN297032v1","308157","308361","37","90866183"
"chr14","91174634","91174913","KN297227v1","240655","240937","35","90933979"
"chr14","91418734","91419016","KN295090v1","291736","292032","54","91126998"
"chr14","91486950","91487256","KN295091v1","924044","924353","45","90562906"
"chr14","91530577","91530883","KN296825v1","1702761","1703066","31","89827816"
"chr14","91562111","91562419","KN296484v1","1024460","1024770","32","90537651"
"chr14","91683995","91684304","KN297227v1","727002","727308","42","90956993"
"chr14","91845329","91845645","KN295984v1","3224772","3225079","49","88620557"
"chr14","91904271","91904543","KN295257v1","348260","348541","40","91556011"
"chr14","91974907","91975196","KN294599v1","709544","709834","42","91265363"
"chr14","91980353","91980665","KN295371v1","619650","619955","44","91360703"
"chr14","91988780","91988934","KN296430v1","705227","705382","36","91283553"
"chr14","92042927","92043220","KN295075v1","252071","252359","38","91790856"
"chr14","92045988","92046277","KN296255v1","602818","603100","55","91443170"
"chr14","92356902","92357208","KN295284v1","267335","267639","43","92089567"
"chr14","93002628","93002923","KN295601v1","2700225","2700521","50","90302403"
"chr14","93379905","93380181","KN296732v1","2683870","2684156","44","90696035"
"chr14","93390576","93390778","KN294404v1","154424","154626","35","93236152"
"chr14","93404601","93404912","KN297044v1","108239","108545","43","93296362"
"chr14","93561037","93561344","KN297099v1","580475","580796","38","92980562"
"chr14","93570094","93570395","KN294850v1","147480","147784","46","93422614"
"chr14","93594478","93594752","KN297099v1","546216","546491","12","93048262"
"chr14","93707224","93707531","KN296311v1","5354766","5355076","41","88352458"
"chr14","93874905","93875097","KN296732v1","2894470","2894659","54","90980435"
"chr14","94680526","94680819","KN294991v1","1558581","1558873","48","93121945"
"chr14","94764362","94764669","KN294552v1","623385","623689","25","94140977"
"chr14","95047661","95047930","KN295936v1","2228111","2228371","46","92819550"
"chr14","95150742","95151040","KN294552v1","1011737","1012034","17","94139005"
"chr14","95448619","95448887","KN294552v1","1323186","1323475","41","94125433"
"chr14","95448922","95448939","KN297242v1","2980718","2980736","4","92468204"
"chr14","95580379","95580662","KN294552v1","1463658","1463953","25","94116721"
"chr14","95730036","95730351","KN294552v1","1610650","1610960","26","94119386"
"chr14","95849114","95849422","KN294552v1","1730652","1730958","13","94118462"
"chr14","96261270","96261486","KN295667v1","1125641","1125852","52","95135629"
"chr14","96301025","96301310","KN294192v1","872123","872412","54","95428902"
"chr14","96347514","96347799","KN295586v1","5713036","5713339","42","90634478"
"chr14","96351545","96351843","KN294571v1","1349003","1349300","37","95002542"
"chr14","96371273","96371563","KN295441v1","1423762","1424052","28","94947511"
"chr14","96515108","96515255","KN297008v1","6657903","6658047","30","89857205"
"chr14","96533221","96533530","KN296486v1","447375","447682","36","96085846"
"chr14","96798598","96798907","KN294303v1","302773","303083","31","96495825"
"chr14","97159922","97160217","KN294548v1","598915","599213","41","96561007"
"chr14","97514051","97514330","KN294456v1","1400896","1401175","39","96113155"
"chr14","97680034","97680379","KN297452v1","1119950","1120276","59","96560084"
"chr14","97816906","97817018","KN297157v1","346096","346184","44","97470810"
"chr14","97841719","97842011","KN295441v1","1423762","1424052","33","96417957"
"chr14","98089119","98089371","KN296682v1","4040014","4040270","30","94049105"
"chr14","98114719","98114885","KN297442v1","1675403","1675576","25","96439316"
"chr14","98234788","98234965","KN294863v1","491835","492008","35","97742953"
"chr14","98240669","98240963","KN294456v1","513291","513590","33","97727378"
"chr14","98493552","98493865","KN296980v1","868150","868455","50","97625402"
"chr14","99416635","99416945","KN296242v1","863939","864251","40","98552696"
"chr14","100240542","100240849","KN296004v1","353630","353936","38","99886912"
"chr14","100575461","100575774","KN295284v1","483656","483964","38","100091805"
"chr14","100689950","100690207","KN296242v1","694470","694734","39","99995480"
"chr14","100900610","100900907","KN295854v1","1504180","1504481","37","99396430"
"chr14","101239313","101239622","KN295294v1","244045","244353","48","100995268"
"chr14","102946573","102946872","KN296261v1","607411","607706","40","102339162"
"chr14","103823750","103824049","KN294506v1","54625","54925","34","103769125"
"chr14","103977640","103977927","KN294181v1","518208","518494","36","103459432"
"chr14","104089694","104089993","KN294372v1","1522749","1523043","34","102566945"
"chr14","104311223","104311529","KN294385v1","291689","291997","35","104019534"
"chr14","104542831","104543126","KN297452v1","1979430","1979725","30","102563401"
"chr14","105369526","105369846","KN297200v1","98740","99051","50","105270786"
"chr14","105387179","105387487","KN296093v1","185428","185734","32","105201751"
"chr14","105459900","105460092","KN295930v1","42097","42287","22","105417803"
"chr14","105648689","105648987","KN297242v1","3101665","3101961","41","102547024"
"chr14","105854614","105854720","KN294911v1","3872014","3872135","32","101982600"
"chr14","105945864","105945958","KN295550v1","498465","498533","35","105447399"
"chr14","107605485","107605767","KN294592v1","567946","568227","33","107037539"
"chr14","107647622","107647805","KN296486v1","1714803","1714969","54","105932819"
"chr15","75497303","75497608","KN294747v1","866490","866789","42","74630813"
"chr15","90996","91163","KN296263v1","1162606","1162775","29","1071610"
"chr15","1159896","1160163","KN294921v1","275933","276212","39","883963"
"chr15","1212433","1212720","KN296345v1","714360","714649","35","498073"
"chr15","1241408","1241695","KN296096v1","2440700","2440989","44","1199292"
"chr15","1251213","1251392","KN296486v1","1468682","1468869","40","217469"
"chr15","1271427","1271736","KN294385v1","767967","768276","38","503460"
"chr15","1426674","1426977","KN296825v1","1702761","1703066","32","276087"
"chr15","1671781","1672089","KN296266v1","138052","138359","33","1533729"
"chr15","2102399","2102696","KN294269v1","772756","773053","41","1329643"
"chr15","2416723","2416907","KN296959v1","1152394","1152569","29","1264329"
"chr15","2440526","2440809","KN294187v1","907689","907968","54","1532837"
"chr15","2443562","2443859","KN296926v1","395917","396212","38","2047645"
"chr15","2523357","2523527","KN297154v1","1695463","1695633","32","827894"
"chr15","2523620","2523809","KN294416v1","523339","523527","29","2000281"
"chr15","2528158","2528312","KN296495v1","1470532","1470683","30","1057626"
"chr15","2819958","2820259","KN295854v1","1504180","1504481","42","1315778"
"chr15","3076894","3077208","KN296062v1","226881","227191","36","2850013"
"chr15","3193491","3193798","KN294471v1","75663","75970","39","3117828"
"chr15","3433019","3433323","KN296761v1","97995","98298","32","3335024"
"chr15","3509467","3509767","KN295854v1","1504180","1504481","38","2005287"
"chr15","3689807","3690100","KN294813v1","87773","88073","47","3602034"
"chr15","3697341","3697644","KN295343v1","373896","374196","31","3323445"
"chr15","3794107","3794395","KN296538v1","1722160","1722453","49","2071947"
"chr15","3807413","3807666","KN294705v1","230014","230271","42","3577399"
"chr15","3840895","3841036","KN297274v1","555212","555355","19","3285683"
"chr15","3841657","3841798","KN296311v1","3395386","3395501","47","446271"
"chr15","3895487","3895780","KN296153v1","3956819","3957110","48","61332"
"chr15","3927407","3927702","KN294987v1","420693","420986","32","3506714"
"chr15","3934357","3934669","KN294592v1","51794","52092","43","3882563"
"chr15","3948215","3948510","KN294172v1","1462531","1462825","33","2485684"
"chr15","4228865","4229155","KN294734v1","107992","108284","36","4120873"
"chr15","4323318","4323612","KN296495v1","1915876","1916172","40","2407442"
"chr15","4339147","4339452","KN294187v1","1767651","1767950","40","2571496"
"chr15","4619267","4619474","KN295894v1","2215631","2215837","38","2403636"
"chr15","4805179","4805461","KN296036v1","371449","371732","22","4433730"
"chr15","4953457","4953630","KN294613v1","769657","769824","30","4183800"
"chr15","4957828","4958117","KN297452v1","1979430","1979725","36","2978398"
"chr15","5021634","5021811","KN295349v1","47758","47931","26","4973876"
"chr15","5049338","5049602","KN296036v1","594167","594437","17","4455171"
"chr15","5107263","5107562","KN296036v1","651946","652239","16","4455317"
"chr15","5109613","5109902","KN295717v1","728218","728510","42","4381395"
"chr15","5227322","5227511","KN296486v1","1714803","1714969","45","3512519"
"chr15","5227765","5227895","KN294172v1","3927953","3928072","18","1299812"
"chr15","5370824","5371131","KN296266v1","138052","138359","36","5232772"
"chr15","5375037","5375329","KN296036v1","922962","923259","16","4452075"
"chr15","5379177","5379482","KN296036v1","928252","928569","33","4450925"
"chr15","5614660","5614954","KN296036v1","1166186","1166491","28","4448474"
"chr15","5629852","5630158","KN296743v1","2684083","2684381","58","2945769"
"chr15","5707992","5708297","KN296036v1","1260230","1260536","17","4447762"
"chr15","5718469","5718762","KN296036v1","1271834","1272132","18","4446635"
"chr15","5728994","5729260","KN296036v1","1287993","1288259","7","4441001"
"chr15","5838609","5838918","KN296119v1","3405279","3405588","41","2433330"
"chr15","5852216","5852429","KN296036v1","1424518","1424733","8","4427698"
"chr15","6094956","6095254","KN296036v1","1689583","1689866","31","4405373"
"chr15","6101963","6102273","KN296036v1","1696646","1696968","25","4405317"
"chr15","6233960","6234011","KN295045v1","1336617","1336651","25","4897343"
"chr15","6261526","6261807","KN296036v1","1853371","1853650","12","4408155"
"chr15","6293376","6293675","KN296036v1","1885825","1886128","18","4407551"
"chr15","6380033","6380323","KN296036v1","1979794","1980089","24","4400239"
"chr15","6421320","6421494","KN294596v1","141115","141287","34","6280205"
"chr15","6484089","6484384","KN296036v1","2088661","2088964","15","4395428"
"chr15","6484465","6484776","KN296072v1","190243","190551","52","6294222"
"chr15","6488758","6489067","KN296036v1","2093821","2094131","14","4394937"
"chr15","6548378","6548628","KN295907v1","2466217","2466483","47","4082161"
"chr15","6673367","6673647","KN296009v1","1376950","1377229","37","5296417"
"chr15","6791270","6791569","KN296036v1","2407301","2407601","7","4383969"
"chr15","6922862","6923033","KN295349v1","47758","47931","30","6875104"
"chr15","7321426","7321714","KN294506v1","235047","235332","32","7086379"
"chr15","7510085","7510385","KN296761v1","97995","98298","31","7412090"
"chr15","7516805","7517114","KN295571v1","563591","563893","24","6953214"
"chr15","7540880","7541155","KN295571v1","537871","538176","40","7003009"
"chr15","7541673","7541837","KN296311v1","1013861","1014022","31","6527812"
"chr15","7860930","7861245","KN295038v1","755697","756003","45","7105233"
"chr15","7882451","7882760","KN294536v1","1166329","1166654","52","6716122"
"chr15","9250044","9250341","KN296761v1","97995","98298","42","9152049"
"chr15","9520248","9520540","KN296481v1","205477","205769","31","9314771"
"chr15","9629018","9629320","KN295343v1","373896","374196","46","9255122"
"chr15","9651420","9651735","KN297322v1","1320329","1320630","43","8331091"
"chr15","9767730","9768026","KN297168v1","14797","15086","35","9752933"
"chr15","9899146","9899340","KN297386v1","2382714","2382909","24","7516432"
"chr15","9955009","9955330","KN294433v1","169589","169900","25","9785420"
"chr15","9957303","9957594","KN294433v1","171864","172153","12","9785439"
"chr15","9958972","9959252","KN294433v1","173471","173744","16","9785501"
"chr15","10054757","10055057","KN294433v1","268990","269286","21","9785767"
"chr15","10121094","10121399","KN294433v1","336329","336632","8","9784765"
"chr15","10200510","10200796","KN295075v1","252071","252359","39","9948439"
"chr15","10351314","10351624","KN294433v1","578941","579250","21","9772373"
"chr15","10459179","10459482","KN295470v1","272474","272776","37","10186705"
"chr15","10554199","10554495","KN294433v1","773885","774180","11","9780314"
"chr15","10693054","10693354","KN295725v1","196183","196481","38","10496871"
"chr15","11141572","11141752","KN295814v1","1118418","1118576","41","10023154"
"chr15","11615206","11615495","KN295746v1","236127","236417","29","11379079"
"chr15","11745694","11745997","KN296609v1","1410682","1410982","33","10335012"
"chr15","11846388","11846709","KN297327v1","425867","426186","54","11420521"
"chr15","11915796","11916104","KN295592v1","1762233","1762533","38","10153563"
"chr15","11931695","11931994","KN295935v1","115846","116145","38","11815849"
"chr15","12055207","12055513","KN295633v1","728546","728854","36","11326661"
"chr15","12091226","12091552","KN295907v1","1200915","1201232","47","10890311"
"chr15","12116265","12116548","KN295857v1","32063","32348","39","12084202"
"chr15","12156158","12156474","KN296821v1","358166","358481","49","11797992"
"chr15","12251346","12251637","KN295366v1","153538","153829","40","12097808"
"chr15","12350006","12350292","KN294571v1","2837988","2838277","33","9512018"
"chr15","12910525","12910702","KN294980v1","230782","230955","42","12679743"
"chr15","13846226","13846534","KN295165v1","61191","61498","18","13785035"
"chr15","14039310","14039614","KN295165v1","269629","269907","41","13769681"
"chr15","14076022","14076324","KN295165v1","307971","308274","13","13768051"
"chr15","14395487","14395786","KN297274v1","1043910","1044208","41","13351577"
"chr15","14559985","14560291","KN295586v1","5713036","5713339","29","8846949"
"chr15","14797804","14797954","KN296884v1","1422698","1422842","40","13375106"
"chr15","14914083","14914388","KN295005v1","412564","412875","39","14501519"
"chr15","15606063","15606360","KN294510v1","147346","147636","50","15458717"
"chr15","15740900","15741197","KN294192v1","872123","872412","38","14868777"
"chr15","15865256","15865527","KN297046v1","1655842","1656118","36","14209414"
"chr15","16041713","16042028","KN297200v1","98740","99051","51","15942973"
"chr15","16141086","16141334","KN295533v1","879003","879251","33","15262083"
"chr15","16374719","16375024","KN296761v1","97995","98298","42","16276724"
"chr15","16707675","16707980","KN296526v1","33090","33393","33","16674585"
"chr15","16906091","16906390","KN295343v1","373896","374196","34","16532195"
"chr15","16909596","16909775","KN296311v1","1013861","1014022","31","15895735"
"chr15","16926457","16926775","KN296806v1","78148","78452","43","16848309"
"chr15","16931193","16931503","KN294378v1","1644405","1644719","41","15286788"
"chr15","16962368","16962658","KN294592v1","51794","52092","35","16910574"
"chr15","17017490","17017753","KN295753v1","245053","245324","42","16772437"
"chr15","17191013","17191300","KN294571v1","2837988","2838277","40","14353025"
"chr15","17276283","17276598","KN297108v1","21927","22242","40","17254356"
"chr15","17454802","17454983","KN296062v1","1814487","1814665","37","15640315"
"chr15","17945520","17945768","KN294147v1","160729","160994","24","17784791"
"chr15","18180158","18180460","KN294147v1","400817","401123","17","17779341"
"chr15","18214632","18214927","KN294147v1","435128","435438","31","17779504"
"chr15","18345625","18345925","KN294147v1","569874","570165","22","17775751"
"chr15","18745720","18745994","KN297047v1","3924422","3924692","43","14821298"
"chr15","18789743","18790046","KN294147v1","1030505","1030812","23","17759238"
"chr15","19065551","19065842","KN294147v1","1312488","1312771","34","17753063"
"chr15","19087003","19087311","KN294147v1","1338700","1339008","17","17748303"
"chr15","19090427","19090726","KN294260v1","686053","686349","36","18404374"
"chr15","19220234","19220527","KN294147v1","1486996","1487293","21","17733238"
"chr15","19351664","19351975","KN294147v1","1614845","1615150","17","17736819"
"chr15","19532105","19532393","KN294147v1","1794194","1794484","9","17737911"
"chr15","19977194","19977322","KN296320v1","206630","206772","36","19770564"
"chr15","20083498","20083795","KN295405v1","114181","114478","42","19969317"
"chr15","21128042","21128332","KN297118v1","21825","22117","67","21106217"
"chr15","21363928","21364229","KN296864v1","3059211","3059513","42","18304717"
"chr15","21836522","21836806","KN297320v1","126805","127086","50","21709717"
"chr15","22073041","22073350","KN294685v1","1346044","1346352","45","20726997"
"chr15","22632153","22632439","KN296726v1","936728","937013","34","21695425"
"chr15","22649509","22649519","KN294443v1","170714","170724","2","22478795"
"chr15","22649547","22649827","KN295907v1","1966806","1967096","47","20682741"
"chr15","22836518","22836825","KN294218v1","2054777","2055092","44","20781741"
"chr15","22875977","22876287","KN295135v1","193740","194046","13","22682237"
"chr15","23551547","23551700","KN296311v1","1013861","1014022","33","22537686"
"chr15","24214661","24214946","KN294545v1","148948","149233","16","24065713"
"chr15","24300377","24300670","KN296495v1","2925731","2926025","44","21374646"
"chr15","24413637","24413865","KN295748v1","191135","191363","40","24222502"
"chr15","24470376","24470680","KN295343v1","373896","374196","30","24096480"
"chr15","24495191","24495450","KN296180v1","629431","629696","55","23865760"
"chr15","24862587","24862851","KN296404v1","1985240","1985503","45","22877347"
"chr15","25202867","25203175","KN297044v1","108239","108545","37","25094628"
"chr15","25693083","25693378","KN294561v1","1255883","1256182","46","24437200"
"chr15","26140607","26140900","KN297278v1","303502","303796","19","25837105"
"chr15","26144719","26145027","KN296859v1","1362058","1362367","50","24782661"
"chr15","26242526","26242808","KN297278v1","177047","177332","14","26065479"
"chr15","26268083","26268378","KN297278v1","143125","143415","23","26124958"
"chr15","28061302","28061451","KN295079v1","1032023","1032177","37","27029279"
"chr15","29242571","29242854","KN296108v1","1980977","1981263","23","27261594"
"chr15","29370003","29370289","KN296108v1","1849519","1849805","6","27520484"
"chr15","29571203","29571494","KN296108v1","1645837","1646128","10","27925366"
"chr15","29658168","29658481","KN296108v1","1552361","1552677","26","28105807"
"chr15","30135529","30135829","KN294539v1","1456926","1457228","39","28678603"
"chr15","30164400","30164709","KN296108v1","1031305","1031613","18","29133095"
"chr15","30453504","30453809","KN296108v1","735240","735530","26","29718264"
"chr15","30523788","30524091","KN296108v1","666914","667220","18","29856874"
"chr15","30566807","30567112","KN296108v1","623890","624195","13","29942917"
"chr15","30741675","30742005","KN297452v1","1685054","1685372","49","29056621"
"chr15","30822238","30822554","KN296108v1","352648","352958","22","30469590"
"chr15","31066932","31067235","KN295548v1","143484","143790","45","30923448"
"chr15","31222448","31222716","KN294508v1","89069","89334","17","31133379"
"chr15","31965193","31965447","KN296242v1","694470","694734","22","31270723"
"chr15","32126661","32126961","KN296242v1","851359","851666","24","31275302"
"chr15","32135972","32136230","KN295753v1","245053","245324","31","31890919"
"chr15","32514003","32514299","KN296311v1","3521375","3521662","44","28992628"
"chr15","32847337","32847641","KN296935v1","361583","361887","19","32485754"
"chr15","32894397","32894690","KN296935v1","314403","314705","28","32579994"
"chr15","33139110","33139415","KN296935v1","62542","62848","14","33076568"
"chr15","33290118","33290425","KN295987v1","1948493","1948795","17","31341625"
"chr15","33318437","33318717","KN295987v1","1920010","1920306","33","31398427"
"chr15","33442832","33443147","KN297044v1","108239","108545","40","33334593"
"chr15","33610685","33610821","KN294945v1","39355","39486","45","33571330"
"chr15","33851225","33851540","KN295987v1","1348610","1348927","21","32502615"
"chr15","33973713","33974025","KN295987v1","1222587","1222885","26","32751126"
"chr15","33997987","33998264","KN295257v1","348260","348541","31","33649727"
"chr15","34904683","34904842","KN294790v1","2350797","2350969","34","32553886"
"chr15","34905962","34906252","KN295987v1","255031","255308","28","34650931"
"chr15","34910495","34910785","KN295987v1","250479","250770","20","34660016"
"chr15","34956017","34956311","KN295987v1","193635","193933","18","34762382"
"chr15","34982097","34982335","KN295987v1","163460","163698","7","34818637"
"chr15","34982339","34982643","KN295987v1","163152","163456","16","34819187"
"chr15","35025583","35025879","KN294399v1","115875","116174","39","34909708"
"chr15","35170508","35170814","KN295090v1","1943295","1943595","41","33227213"
"chr15","35349948","35350244","KN294613v1","781475","781767","44","34568473"
"chr15","35649236","35649539","KN296818v1","103475","103784","29","35545761"
"chr15","36099127","36099432","KN296623v1","738394","738692","17","35360733"
"chr15","36133152","36133441","KN296623v1","706689","706988","26","35426463"
"chr15","36311005","36311305","KN296623v1","514153","514448","19","35796852"
"chr15","36480565","36480871","KN296623v1","320617","320923","10","36159948"
"chr15","36521773","36522052","KN296623v1","274034","274314","16","36247739"
"chr15","36548254","36548537","KN296623v1","247083","247368","20","36301171"
"chr15","36882649","36882944","KN294519v1","98035","98329","19","36784614"
"chr15","36980062","36980372","KN297231v1","278387","278712","34","36701675"
"chr15","37077880","37078191","KN297231v1","175582","175890","27","36902298"
"chr15","37401686","37401979","KN294970v1","974452","974753","41","36427234"
"chr15","37430674","37430985","KN296537v1","2946","3252","30","37427728"
"chr15","37474041","37474342","KN296884v1","43389","43690","21","37430652"
"chr15","37541805","37542108","KN296884v1","104536","104827","26","37437269"
"chr15","37561762","37562067","KN295854v1","1504180","1504481","40","36057582"
"chr15","37632872","37633150","KN296884v1","196102","196401","39","37436770"
"chr15","37708527","37708836","KN294292v1","71877","72183","36","37636650"
"chr15","37766367","37766521","KN296154v1","1158383","1158548","31","36607984"
"chr15","38015465","38015760","KN295894v1","1248693","1248990","47","36766772"
"chr15","38058193","38058343","KN297008v1","6657903","6658047","32","31400290"
"chr15","38058731","38058875","KN294613v1","562643","562778","20","37496088"
"chr15","38121989","38122267","KN294257v1","1004902","1005180","37","37117087"
"chr15","38169999","38170296","KN296884v1","757450","757748","12","37412549"
"chr15","38248660","38248942","KN296884v1","847143","847424","15","37401517"
"chr15","38260125","38260411","KN296557v1","548990","549285","35","37711135"
"chr15","38477651","38477955","KN296884v1","1079083","1079387","21","37398568"
"chr15","38610453","38610737","KN296884v1","1210753","1211054","30","37399700"
"chr15","38666470","38666733","KN296884v1","1266839","1267102","7","37399631"
"chr15","38747394","38747692","KN296884v1","1348382","1348679","23","37399012"
"chr15","38784464","38784772","KN296119v1","3556005","3556313","48","35228459"
"chr15","38820753","38820915","KN296884v1","1422698","1422842","32","37398055"
"chr15","38820965","38821090","KN296884v1","1422899","1423023","8","37398066"
"chr15","38844901","38844911","KN294443v1","170714","170724","2","38674187"
"chr15","38844939","38845205","KN296884v1","1453240","1453523","33","37391699"
"chr15","39481893","39482204","KN296620v1","257480","257787","19","39224413"
"chr15","39582404","39582689","KN294987v1","420693","420986","32","39161711"
"chr15","39982895","39983175","KN296620v1","780106","780388","10","39202789"
"chr15","40085208","40085517","KN296620v1","886606","886916","14","39198602"
"chr15","40145327","40145632","KN296620v1","947748","948045","21","39197579"
"chr15","40254482","40254805","KN297026v1","1554168","1554492","44","38700314"
"chr15","40365939","40366231","KN294591v1","551295","551590","46","39814644"
"chr15","40707123","40707432","KN297044v1","108239","108545","38","40598884"
"chr15","40963847","40964159","KN296311v1","4507488","4507798","37","36456359"
"chr15","41174908","41175125","KN296263v1","1174252","1174472","29","40000656"
"chr15","41178717","41179006","KN295061v1","18864","19159","38","41159853"
"chr15","41477211","41477511","KN294611v1","4367","4667","34","41472844"
"chr15","41507828","41508133","KN296380v1","7066","7372","36","41500762"
"chr15","41569586","41569836","KN297313v1","943232","943482","11","40626354"
"chr15","41650157","41650456","KN295248v1","53962","54261","32","41596195"
"chr15","41721325","41721624","KN297313v1","785310","785614","28","40936015"
"chr15","42541255","42541552","KN295236v1","5176018","5176310","42","37365237"
"chr15","42615475","42615752","KN294187v1","907689","907968","51","41707786"
"chr15","42629172","42629407","KN296119v1","1099727","1099949","48","41529445"
"chr15","42891742","42892032","KN294613v1","670274","670562","43","42221468"
"chr15","42981328","42981615","KN296959v1","44442","44736","44","42936886"
"chr15","43470022","43470303","KN297141v1","791776","792061","40","42678246"
"chr15","43857866","43858159","KN295525v1","387502","387793","15","43470364"
"chr15","43899101","43899264","KN296086v1","825589","825753","36","43073512"
"chr15","44118827","44119132","KN295525v1","666600","666905","19","43452227"
"chr15","44134045","44134386","KN296682v1","2501014","2501334","79","41633031"
"chr15","44179058","44179330","KN295525v1","728536","728813","13","43450522"
"chr15","44968517","44968673","KN297008v1","1491597","1491750","31","43476920"
"chr15","45019253","45019552","KN294705v1","1295353","1295654","40","43723900"
"chr15","45351142","45351450","KN295371v1","619650","619955","33","44731492"
"chr15","46037770","46038024","KN295533v1","879003","879251","42","45158767"
"chr15","46645910","46646197","KN296315v1","221665","221960","35","46424245"
"chr15","46764556","46764852","KN294540v1","651367","651664","33","46113189"
"chr15","46894289","46894608","KN297047v1","608166","608490","44","46286123"
"chr15","47191696","47191978","KN295746v1","236127","236417","36","46955569"
"chr15","47368977","47369272","KN295236v1","5176018","5176310","36","42192959"
"chr15","47471395","47471604","KN294345v1","2206480","2206684","38","45264915"
"chr15","47914914","47915183","KN296702v1","600121","600396","55","47314793"
"chr15","48055340","48055632","KN295705v1","129614","129908","41","47925726"
"chr15","48056218","48056518","KN295343v1","373896","374196","36","47682322"
"chr15","48129266","48129562","KN296108v1","735240","735530","33","47394026"
"chr15","48133079","48133348","KN296009v1","1376950","1377229","33","46756129"
"chr15","48303123","48303289","KN294980v1","230782","230955","46","48072341"
"chr15","48310588","48310746","KN295667v1","2080488","2080645","36","46230100"
"chr15","48386237","48386557","KN295096v1","1625375","1625686","38","46760862"
"chr15","48423506","48423785","KN296009v1","1376950","1377229","31","47046556"
"chr15","48455136","48455430","KN296296v1","66249","66543","25","48388887"
"chr15","48500179","48500486","KN296732v1","3303179","3303485","42","45197000"
"chr15","48502364","48502635","KN295366v1","153538","153829","47","48348826"
"chr15","48616503","48616795","KN295501v1","1119893","1120190","36","47496610"
"chr15","48629362","48629657","KN295236v1","5176018","5176310","41","43453344"
"chr15","48630501","48630806","KN297322v1","1320329","1320630","36","47310172"
"chr15","48643486","48643768","KN295294v1","2445010","2445290","38","46198476"
"chr15","48672350","48672529","KN296119v1","3355213","3355396","33","45317137"
"chr15","48692608","48692947","KN295995v1","7548","7881","51","48685060"
"chr15","48701051","48701351","KN297197v1","4684189","4684491","34","44016862"
"chr15","48754618","48754929","KN294294v1","222038","222344","35","48532580"
"chr15","48760704","48761010","KN295936v1","1270500","1270809","35","47490204"
"chr15","48827726","48828017","KN295526v1","381860","382152","38","48445866"
"chr15","48831197","48831488","KN296495v1","2925731","2926025","31","45905466"
"chr15","48950109","48950301","KN295045v1","1182493","1182695","35","47767616"
"chr15","48984642","48984943","KN297197v1","3802947","3803249","36","45181695"
"chr15","49168632","49168806","KN294790v1","2350797","2350969","25","46817835"
"chr15","49654635","49654883","KN297180v1","1189334","1189582","38","48465301"
"chr15","49736272","49736571","KN295198v1","516030","516332","38","49220242"
"chr15","49915630","49915933","KN294995v1","74685","74986","40","49840945"
"chr15","50480093","50480405","KN296036v1","2407301","2407601","42","48072792"
"chr15","50768082","50768389","KN295091v1","924044","924353","46","49844038"
"chr15","51166095","51166297","KN294345v1","2206480","2206684","41","48959615"
"chr15","51169881","51170163","KN296117v1","842442","842714","19","50327439"
"chr15","51498736","51498897","KN294451v1","850657","850819","36","50648079"
"chr15","51502958","51503126","KN296486v1","1714803","1714969","34","49788155"
"chr15","51530160","51530463","KN296117v1","472726","473031","26","51057434"
"chr15","51562903","51563203","KN296117v1","440243","440543","15","51122660"
"chr15","51624061","51624276","KN296117v1","377982","378198","7","51246079"
"chr15","51697934","51698237","KN294571v1","819633","819924","71","50878301"
"chr15","51718300","51718593","KN296117v1","278290","278586","15","51440010"
"chr15","51899524","51899830","KN296117v1","88674","88980","8","51810850"
"chr15","51952852","51953029","KN296311v1","1013861","1014022","39","50938991"
"chr15","51991483","51991792","KN295962v1","972250","972558","37","51019233"
"chr15","52057629","52057876","KN295497v1","823544","823790","10","51234085"
"chr15","52057937","52058234","KN295497v1","823167","823472","17","51234770"
"chr15","52115462","52115734","KN295497v1","758441","758719","22","51357021"
"chr15","52115779","52115795","KN295152v1","573368","573383","4","51542411"
"chr15","52172624","52172915","KN296108v1","735240","735530","39","51437384"
"chr15","52327886","52328183","KN295497v1","537888","538186","19","51789998"
"chr15","52344852","52345136","KN295729v1","38175","38454","37","52306677"
"chr15","52449350","52449640","KN297404v1","308368","308663","50","52140982"
"chr15","52457438","52457695","KN297105v1","2957738","2958048","107","49499700"
"chr15","53485302","53485514","KN294254v1","44","253","32","53485258"
"chr15","53613611","53613903","KN295962v1","2488019","2488313","32","51125592"
"chr15","53643816","53644120","KN295825v1","876250","876552","15","52767566"
"chr15","53667931","53668227","KN295825v1","901000","901301","21","52766931"
"chr15","53689286","53689557","KN295825v1","918270","918534","20","52771016"
"chr15","53694132","53694352","KN294581v1","140756","140966","36","53553376"
"chr15","53723614","53723760","KN297008v1","6657903","6658047","36","47065711"
"chr15","53738227","53738522","KN297452v1","1979430","1979725","42","51758797"
"chr15","53796886","53797169","KN295825v1","1033736","1034003","27","52763150"
"chr15","53874686","53874990","KN297219v1","687673","687980","35","53187013"
"chr15","53961335","53961632","KN295825v1","1211944","1212216","37","52749391"
"chr15","54049553","54049892","KN296231v1","401194","401523","39","53648359"
"chr15","54061752","54062048","KN295825v1","1312162","1312462","18","52749590"
"chr15","54097654","54097939","KN295825v1","1348994","1349300","31","52748660"
"chr15","54195328","54195630","KN295248v1","53962","54261","39","54141366"
"chr15","54239979","54240269","KN295825v1","1488242","1488548","37","52751737"
"chr15","54257293","54257584","KN295825v1","1508444","1508734","21","52748849"
"chr15","54394956","54395251","KN295825v1","1651856","1652149","15","52743100"
"chr15","54491621","54491831","KN295825v1","1755419","1755627","10","52736202"
"chr15","54742063","54742358","KN294592v1","51794","52092","50","54690269"
"chr15","54782818","54782962","KN294713v1","814138","814290","37","53968680"
"chr15","55300497","55300791","KN295825v1","2556624","2556908","27","52743873"
"chr15","55399222","55399527","KN295825v1","2654358","2654663","24","52744864"
"chr15","55723542","55723852","KN295825v1","2979498","2979808","10","52744044"
"chr15","56270927","56271243","KN295825v1","3544321","3544630","22","52726606"
"chr15","57376262","57376563","KN296484v1","1024460","1024770","45","56351802"
"chr15","57391582","57391890","KN295540v1","142903","143206","18","57248679"
"chr15","57586947","57587253","KN294493v1","63494","63797","21","57523453"
"chr15","57592535","57592840","KN294493v1","69100","69400","20","57523435"
"chr15","57901199","57901497","KN296495v1","2925731","2926025","34","54975468"
"chr15","57928567","57928713","KN297094v1","185988","186163","39","57742579"
"chr15","57982356","57982659","KN294493v1","451388","451686","20","57530968"
"chr15","58110656","58110933","KN294493v1","582995","583289","37","57527661"
"chr15","58352727","58352878","KN296430v1","705227","705382","29","57647500"
"chr15","58405759","58406075","KN294493v1","885827","886130","29","57519932"
"chr15","58512523","58512830","KN294493v1","991664","991964","24","57520859"
"chr15","58650872","58651181","KN294493v1","1132281","1132590","11","57518591"
"chr15","58787049","58787353","KN294591v1","115642","115945","36","58671407"
"chr15","58856860","58857099","KN296495v1","553328","553566","38","58303532"
"chr15","59085155","59085366","KN295402v1","1054314","1054523","28","58030841"
"chr15","59406784","59406983","KN295045v1","1182493","1182695","31","58224291"
"chr15","59443868","59444137","KN296485v1","447446","447718","46","58996422"
"chr15","59523585","59523878","KN295075v1","252071","252359","31","59271514"
"chr15","59544577","59544857","KN294493v1","2038566","2038850","21","57506011"
"chr15","59602911","59603192","KN294493v1","2097613","2097891","15","57505298"
"chr15","59603254","59603281","KN296959v1","185149","185176","8","59418105"
"chr15","59695745","59695990","KN295533v1","879003","879251","37","58816742"
"chr15","60075878","60076181","KN296907v1","877287","877589","30","59198591"
"chr15","60133438","60133734","KN294540v1","651367","651664","39","59482071"
"chr15","60381377","60381686","KN295974v1","690483","690778","46","59690894"
"chr15","60454011","60454207","KN295236v1","4802595","4802791","31","55651416"
"chr15","60475375","60475686","KN296484v1","1024460","1024770","35","59450915"
"chr15","60798545","60798840","KN294747v1","866490","866789","36","59932055"
"chr15","60996983","60997277","KN295366v1","209875","210171","38","60787108"
"chr15","61273574","61273885","KN296122v1","315036","315346","32","60958538"
"chr15","61442567","61442874","KN296864v1","3059211","3059513","33","58383356"
"chr15","61511198","61511495","KN296609v1","1410682","1410982","34","60100516"
"chr15","61846850","61847159","KN295854v1","1504180","1504481","38","60342670"
"chr15","62109425","62109712","KN295746v1","236127","236417","41","61873298"
"chr15","62117291","62117431","KN297008v1","6657903","6658047","35","55459388"
"chr15","62117486","62117513","KN295651v1","344716","344740","7","61772770"
"chr15","62151557","62151846","KN297408v1","447151","447446","38","61704406"
"chr15","62395996","62396293","KN297038v1","1342257","1342550","33","61053739"
"chr15","62495586","62495888","KN296588v1","356654","356956","47","62138932"
"chr15","62529497","62529662","KN296370v1","62055","62226","46","62467442"
"chr15","62554963","62555244","KN294399v1","178526","178809","46","62376437"
"chr15","62574394","62574688","KN294372v1","1522749","1523043","36","61051645"
"chr15","62627547","62627774","KN297259v1","1247521","1247735","56","61380026"
"chr15","63274230","63274532","KN295854v1","1504180","1504481","35","61770050"
"chr15","63320684","63320963","KN296009v1","1376950","1377229","35","61943734"
"chr15","63509993","63510271","KN294592v1","567946","568227","36","62942047"
"chr15","63672769","63673102","KN297274v1","1412869","1413197","53","62259900"
"chr15","63693936","63694227","KN297190v1","6531045","6531340","39","57162891"
"chr15","63946202","63946515","KN296004v1","353630","353936","33","63592572"
"chr15","64034668","64034973","KN294540v1","651367","651664","39","63383301"
"chr15","64463996","64464294","KN294964v1","864674","864972","40","63599322"
"chr15","64607834","64608129","KN294571v1","1349003","1349300","33","63258831"
"chr15","65003975","65004273","KN296191v1","1225940","1226221","39","63778035"
"chr15","65033437","65033739","KN296191v1","1182348","1182658","31","63851089"
"chr15","65231079","65231242","KN294470v1","2260068","2260237","46","62971011"
"chr15","65457514","65457824","KN296191v1","736037","736343","28","64721477"
"chr15","65493101","65493380","KN295523v1","2671326","2671592","68","62821775"
"chr15","65939162","65939464","KN296191v1","236826","237128","17","65702336"
"chr15","66309192","66309481","KN294540v1","651367","651664","39","65657825"
"chr15","66384181","66384452","KN295940v1","599422","599687","43","65784759"
"chr15","66394836","66395152","KN294526v1","575886","576198","50","65818950"
"chr15","66937022","66937315","KN295171v1","335101","335397","39","66601921"
"chr15","66975585","66975896","KN295070v1","36723","37043","47","66938862"
"chr15","67013361","67013644","KN294705v1","870227","870507","34","66143134"
"chr15","67459513","67459794","KN294407v1","1565517","1565792","43","65893996"
"chr15","67907710","67907869","KN296311v1","1013861","1014022","32","66893849"
"chr15","67908171","67908183","KN296296v1","164966","164979","4","67743205"
"chr15","67930542","67930835","KN297008v1","2596023","2596303","60","65334519"
"chr15","68280233","68280524","KN294205v1","654472","654770","40","67625761"
"chr15","68280552","68280563","KN296879v1","1383282","1383295","3","66897270"
"chr15","68284321","68284619","KN295294v1","2609814","2610110","39","65674507"
"chr15","68316209","68316515","KN294571v1","1349003","1349300","42","66967206"
"chr15","68412874","68413184","KN297044v1","108239","108545","42","68304635"
"chr15","68496656","68496940","KN295257v1","348260","348541","38","68148396"
"chr15","68517946","68518241","KN295894v1","1248693","1248990","30","67269253"
"chr15","68550337","68550630","KN294172v1","6407720","6408021","35","62142617"
"chr15","68575912","68576212","KN294520v1","1785061","1785359","36","66790851"
"chr15","68610263","68610583","KN294964v1","864674","864972","56","67745589"
"chr15","68623353","68623662","KN294262v1","941123","941434","30","67682230"
"chr15","68643143","68643416","KN295735v1","598683","598966","40","68044460"
"chr15","68714970","68715270","KN297044v1","108239","108545","44","68606731"
"chr15","69326621","69326926","KN295893v1","6332598","6332904","36","62994023"
"chr15","69569399","69569691","KN295075v1","252071","252359","36","69317328"
"chr15","70089318","70089651","KN296426v1","740411","740728","56","69348907"
"chr15","70102540","70102849","KN296004v1","353630","353936","34","69748910"
"chr15","70150295","70150588","KN294911v1","2445256","2445553","39","67705039"
"chr15","70180249","70180575","KN294218v1","2054777","2055092","57","68125472"
"chr15","70248269","70248567","KN295343v1","373896","374196","37","69874373"
"chr15","70361810","70362108","KN295633v1","380279","380574","36","69981531"
"chr15","70400537","70400842","KN294540v1","651367","651664","42","69749170"
"chr15","71130661","71130973","KN296484v1","1024460","1024770","38","70106201"
"chr15","71190078","71190387","KN296378v1","801237","801534","53","70388841"
"chr15","71311007","71311266","KN295430v1","2431410","2431665","46","68879597"
"chr15","71553937","71554238","KN297260v1","183132","183438","61","71370805"
"chr15","71770409","71770714","KN295404v1","123167","123468","40","71647242"
"chr15","72594710","72595006","KN295343v1","373896","374196","38","72220814"
"chr15","72653651","72653919","KN296485v1","447446","447718","38","72206205"
"chr15","72707665","72707968","KN295725v1","1461230","1461528","39","71246435"
"chr15","72845760","72846045","KN294407v1","1988050","1988342","39","70857710"
"chr15","73376028","73376301","KN295553v1","15837","16112","47","73360191"
"chr15","73406807","73407107","KN295096v1","2347996","2348300","43","71058811"
"chr15","73527067","73527376","KN296484v1","1024460","1024770","37","72502607"
"chr15","73848705","73848997","KN296108v1","735240","735530","37","73113465"
"chr15","73893755","73894059","KN294407v1","2323451","2323753","38","71570304"
"chr15","73939886","73940190","KN295099v1","170378","170674","49","73769508"
"chr15","74009456","74009740","KN296062v1","1508031","1508317","46","72501425"
"chr15","74022572","74022881","KN295424v1","423225","423534","40","73599347"
"chr15","74134120","74134341","KN296831v1","238752","238977","47","73895368"
"chr15","74171052","74171329","KN296620v1","780106","780388","43","73390946"
"chr15","74298095","74298353","KN296138v1","307856","308112","32","73990239"
"chr15","74380793","74380974","KN296486v1","1714803","1714969","42","72665990"
"chr15","74491703","74491985","KN295729v1","1381050","1381336","40","73110653"
"chr15","74592449","74592754","KN296825v1","1702761","1703066","35","72889688"
"chr15","74832556","74832857","KN296806v1","78148","78452","35","74754408"
"chr15","75020366","75020654","KN296108v1","735240","735530","36","74285126"
"chr15","75106681","75106979","KN296296v1","66249","66543","39","75040432"
"chr15","75353925","75354223","KN295034v1","604953","605250","50","74748972"
"chr15","75407525","75407811","KN295075v1","252071","252359","33","75155454"
"chr15","76120956","76121239","KN296311v1","3521375","3521662","49","72599581"
"chr15","76243131","76243435","KN296806v1","78148","78452","31","76164983"
"chr15","76533773","76534073","KN294454v1","117200","117502","39","76416573"
"chr15","76625713","76626009","KN294456v1","513291","513590","29","76112422"
"chr15","76633773","76634072","KN294499v1","899277","899580","48","75734496"
"chr15","76656377","76656570","KN296486v1","1468682","1468869","32","75187695"
"chr15","76789853","76790162","KN296484v1","1024460","1024770","37","75765393"
"chr15","76867878","76868187","KN294705v1","1109306","1109614","39","75758572"
"chr15","76902510","76902804","KN294325v1","914500","914798","36","75988010"
"chr15","76905558","76905865","KN294711v1","1048010","1048321","41","75857548"
"chr15","76910202","76910496","KN295962v1","674128","674422","35","76236074"
"chr15","77018892","77019195","KN295315v1","1631499","1631797","35","75387393"
"chr15","77063145","77063446","KN294372v1","2056206","2056510","42","75006939"
"chr15","77120168","77120477","KN296380v1","7066","7372","35","77113102"
"chr15","77192531","77192837","KN294499v1","2542984","2543291","38","74649547"
"chr15","77248998","77249294","KN294540v1","651367","651664","39","76597631"
"chr15","77276582","77276868","KN295294v1","1790271","1790554","40","75486311"
"chr15","77297529","77297837","KN295930v1","122697","123007","39","77174832"
"chr15","77332574","77332740","KN296119v1","2489997","2490161","42","74842577"
"chr15","77337557","77337815","KN295362v1","113903","114168","37","77223654"
"chr15","77353077","77353362","KN296726v1","936728","937013","39","76416349"
"chr15","77364063","77364232","KN297133v1","358724","358886","21","77005339"
"chr15","77401241","77401537","KN295962v1","674128","674422","29","76727113"
"chr15","77603624","77603925","KN297028v1","278171","278470","19","77325453"
"chr15","77715113","77715404","KN297028v1","398580","398867","12","77316533"
"chr15","77805411","77805706","KN297028v1","487943","488232","21","77317468"
"chr15","77861023","77861306","KN297028v1","533022","533311","25","77328001"
"chr15","77896515","77896835","KN297028v1","569282","569565","50","77327233"
"chr15","77910864","77911165","KN297028v1","583692","584000","18","77327172"
"chr15","77915869","77916167","KN297028v1","587666","587958","17","77328203"
"chr15","77937822","77938113","KN297028v1","612830","613115","14","77324992"
"chr15","77958125","77958394","KN296009v1","1376950","1377229","37","76581175"
"chr15","77986454","77986779","KN297028v1","655130","655446","22","77331324"
"chr15","78026075","78026371","KN297259v1","384000","384292","41","77642075"
"chr15","78177648","78177839","KN297028v1","846029","846220","6","77331619"
"chr15","78236714","78237022","KN297028v1","902328","902633","21","77334386"
"chr15","78375899","78376178","KN297028v1","1047692","1047971","21","77328207"
"chr15","78430287","78430515","KN297105v1","520174","520396","29","77910113"
"chr15","78442245","78442549","KN297028v1","1113262","1113544","33","77328983"
"chr15","78533094","78533414","KN297112v1","6159601","6159911","47","72373493"
"chr15","78929139","78929442","KN294561v1","623087","623382","42","78306052"
"chr15","79520472","79520772","KN294970v1","974452","974753","46","78546020"
"chr15","79676788","79677083","KN294668v1","622991","623293","21","79053797"
"chr15","79732695","79732986","KN294668v1","678616","678893","27","79054079"
"chr15","80317075","80317376","KN294446v1","745940","746240","40","79571135"
"chr15","80637670","80637970","KN294668v1","1619814","1620109","22","79017856"
"chr15","81035912","81036172","KN294668v1","1985979","1986245","19","79049933"
"chr15","81053582","81053884","KN294668v1","2003347","2003642","14","79050235"
"chr15","81059043","81059334","KN294668v1","2009098","2009384","23","79049945"
"chr15","81245964","81246269","KN294668v1","2186337","2186644","37","79059627"
"chr15","81256574","81256889","KN294668v1","2197284","2197616","49","79059290"
"chr15","81256922","81256939","KN294484v1","362325","362343","5","80894597"
"chr15","81275500","81275830","KN294668v1","2216621","2216931","43","79058879"
"chr15","81299303","81299603","KN294668v1","2240762","2241052","23","79058541"
"chr15","81314344","81314657","KN294668v1","2254896","2255215","18","79059448"
"chr15","81338584","81338881","KN294668v1","2282816","2283125","22","79055768"
"chr15","81553556","81553861","KN296761v1","97995","98298","42","81455561"
"chr15","81578789","81579066","KN294668v1","2511025","2511299","16","79067764"
"chr15","81727871","81728166","KN294668v1","2674727","2675028","15","79053144"
"chr15","81798053","81798355","KN294668v1","2745169","2745448","38","79052884"
"chr15","82097071","82097369","KN294668v1","3039242","3039541","16","79057829"
"chr15","82144806","82145096","KN294377v1","665459","665744","58","81479347"
"chr15","82156138","82156467","KN294668v1","3099243","3099553","38","79056895"
"chr15","82400802","82401130","KN295091v1","924044","924353","64","81476758"
"chr15","82714491","82714766","KN294668v1","3660319","3660612","31","79054172"
"chr15","82785712","82785867","KN294668v1","3736360","3736519","11","79049352"
"chr15","82958207","82958219","KN295963v1","26249","26262","3","82931958"
"chr15","82958251","82958547","KN294668v1","3910487","3910797","26","79047764"
"chr15","83040254","83040563","KN294668v1","3996924","3997235","20","79043330"
"chr15","83087686","83087991","KN294668v1","4045257","4045554","18","79042429"
"chr15","83310090","83310406","KN296596v1","26408","26718","25","83283682"
"chr15","83710332","83710509","KN297159v1","634455","634627","41","83075877"
"chr15","85022540","85022837","KN296378v1","801237","801534","36","84221303"
"chr15","85084872","85085188","KN295667v1","756874","757180","53","84327998"
"chr15","85321835","85322078","KN295523v1","3921155","3921407","47","81400680"
"chr15","85397834","85398119","KN297274v1","1043910","1044208","47","84353924"
"chr15","85571790","85572080","KN294893v1","37637","37929","45","85534153"
"chr15","85787840","85788147","KN294291v1","333229","333526","43","85454611"
"chr15","86000003","86000239","KN294226v1","5400","5644","39","85994603"
"chr15","86034718","86035033","KN294499v1","2127860","2128168","51","83906858"
"chr15","86059135","86059418","KN297038v1","2932773","2933053","22","83126362"
"chr15","86485128","86485429","KN297038v1","2515107","2515401","23","83970021"
"chr15","86561093","86561398","KN297038v1","2438456","2438763","15","84122637"
"chr15","86673442","86673739","KN297038v1","2320263","2320563","34","84353179"
"chr15","86989209","86989384","KN296263v1","1162606","1162775","42","85826603"
"chr15","87019380","87019682","KN297038v1","1967440","1967743","22","85051940"
"chr15","87031251","87031499","KN297038v1","1955944","1956196","14","85075307"
"chr15","87043781","87044057","KN297038v1","1943328","1943607","16","85100453"
"chr15","87046212","87046511","KN297038v1","1940855","1941153","8","85105357"
"chr15","87066106","87066416","KN297038v1","1922160","1922467","11","85143946"
"chr15","87129327","87129478","KN297008v1","6657903","6658047","55","80471424"
"chr15","87249602","87249879","KN297038v1","1719532","1719810","12","85530070"
"chr15","87282776","87283074","KN297038v1","1683768","1684080","31","85599008"
"chr15","87618906","87619199","KN297038v1","1342257","1342550","8","86276649"
"chr15","87653577","87653876","KN297038v1","1306689","1306988","20","86346888"
"chr15","87699258","87699563","KN297038v1","1258410","1258721","20","86440848"
"chr15","87807623","87807843","KN297038v1","1152543","1152762","14","86655080"
"chr15","87839129","87839440","KN297038v1","1121293","1121585","30","86717836"
"chr15","87882521","87882689","KN294842v1","167464","167629","27","87715057"
"chr15","88101002","88101306","KN297038v1","855937","856240","22","87245065"
"chr15","88203565","88203843","KN294996v1","723932","724215","37","87479633"
"chr15","88277317","88277610","KN297038v1","679339","679634","22","87597978"
"chr15","88419477","88419765","KN295244v1","639601","639887","45","87779876"
"chr15","88661181","88661283","KN297038v1","286729","286830","3","88374452"
"chr15","88712390","88712585","KN297032v1","308157","308361","39","88404233"
"chr15","88720251","88720548","KN297038v1","232554","232852","18","88487697"
"chr15","88755608","88755907","KN294713v1","466289","466592","42","88289319"
"chr15","88846357","88846604","KN297038v1","101401","101656","16","88744956"
"chr15","88851912","88852231","KN297038v1","95792","96127","35","88756120"
"chr15","88942959","88943260","KN297038v1","4697","4991","22","88938262"
"chr15","88976704","88977015","KN294187v1","188357","188668","46","88788347"
"chr15","89008056","89008320","KN294585v1","123677","123958","45","88884379"
"chr15","89039313","89039596","KN297141v1","791776","792061","35","88247537"
"chr15","89292251","89292536","KN296959v1","1102614","1102904","38","88189637"
"chr15","89483558","89483843","KN295923v1","2002498","2002786","40","87481060"
"chr15","89563625","89563924","KN296281v1","278202","278501","35","89285423"
"chr15","89654300","89654640","KN296970v1","536172","536520","60","89118128"
"chr15","89755944","89756245","KN296153v1","2068077","2068367","45","87687867"
"chr15","89877369","89877679","KN296004v1","353630","353936","34","89523739"
"chr15","90128863","90129154","KN296311v1","3521375","3521662","31","86607488"
"chr15","90304561","90304858","KN296641v1","1285515","1285812","36","89019046"
"chr15","90356686","90356979","KN296481v1","326170","326465","34","90030516"
"chr15","90375239","90375446","KN295744v1","341533","341750","38","90033706"
"chr15","90525552","90525824","KN294493v1","377513","377791","38","90148039"
"chr15","90789213","90789517","KN295671v1","158927","159233","35","90630286"
"chr15","90867031","90867245","KN295736v1","1074700","1074911","25","89792331"
"chr15","90928378","90928672","KN297452v1","1979430","1979725","31","88948948"
"chr15","90929441","90929668","KN294711v1","418356","418573","41","90511085"
"chr15","90933686","90933962","KN297017v1","20923","21196","35","90912763"
"chr15","90961466","90961641","KN295171v1","234343","234518","59","90727123"
"chr15","90987331","90987640","KN296609v1","2279316","2279621","37","88708015"
"chr15","90995768","90996067","KN294592v1","1387856","1388155","33","89607912"
"chr15","91076973","91077158","KN295735v1","895035","895215","33","90181938"
"chr15","91078970","91079261","KN297094v1","216838","217130","28","90862132"
"chr15","91193708","91193983","KN295705v1","736627","736900","42","90457081"
"chr15","91222056","91222369","KN294883v1","392954","393264","41","90829102"
"chr15","91335155","91335316","KN295995v1","71091","71264","36","91264064"
"chr15","91398667","91398959","KN297452v1","1979430","1979725","38","89419237"
"chr15","91482569","91482846","KN295828v1","1095001","1095277","50","90387568"
"chr15","91540014","91540317","KN297452v1","1979430","1979725","36","89560584"
"chr15","91689051","91689359","KN296767v1","305525","305826","51","91383526"
"chr15","91743480","91743764","KN297274v1","1273846","1274150","47","90469634"
"chr16","33554330","33554631","KN295633v1","307851","308157","14","33246479"
"chr16","18481066","18481363","KN294629v1","23421","23716","38","18457645"
"chr16","30801874","30802181","KN296093v1","185428","185734","45","30616446"
"chr16","67239782","67240061","KN297444v1","491734","492016","38","66748048"
"chr16","6392","6584","KN295045v1","1182493","1182695","53","1176101"
"chr16","406090","406386","KN297133v1","427930","428236","27","21840"
"chr16","480622","480928","KN297133v1","503148","503445","28","22526"
"chr16","519181","519470","KN295420v1","372108","372400","33","147073"
"chr16","538381","538707","KN294520v1","1300419","1300723","54","762038"
"chr16","598271","598553","KN297360v1","53891","54172","41","544380"
"chr16","611018","611326","KN297133v1","643395","643681","43","32377"
"chr16","635733","635907","KN294451v1","850657","850819","33","214924"
"chr16","725248","725457","KN297133v1","766533","766742","10","41285"
"chr16","780024","780315","KN297133v1","823050","823341","15","43026"
"chr16","858274","858631","KN295424v1","253981","254327","71","604293"
"chr16","861637","861876","KN295526v1","34227","34466","25","827410"
"chr16","914469","914774","KN297133v1","971386","971694","18","56917"
"chr16","1010517","1010776","KN296138v1","307856","308112","32","702661"
"chr16","1015164","1015463","KN296079v1","3084734","3085029","34","2069570"
"chr16","1034010","1034308","KN297133v1","1112459","1112774","25","78449"
"chr16","1080242","1080535","KN295366v1","153538","153829","37","926704"
"chr16","1088485","1088773","KN296495v1","1243624","1243910","34","155139"
"chr16","1095000","1095239","KN295294v1","3311128","3311366","47","2216128"
"chr16","1101284","1101576","KN295405v1","1460740","1461028","44","359456"
"chr16","1136875","1137187","KN295893v1","6332598","6332904","42","5195723"
"chr16","1146122","1146290","KN296086v1","825589","825753","30","320533"
"chr16","1165417","1165723","KN297133v1","1256061","1256365","19","90644"
"chr16","1259051","1259214","KN296922v1","308569","308730","51","950482"
"chr16","1259240","1259419","KN294172v1","5506609","5506781","28","4247369"
"chr16","1288990","1289302","KN296380v1","7066","7372","37","1281924"
"chr16","1354399","1354688","KN297133v1","1457089","1457379","24","102690"
"chr16","1362940","1363247","KN295090v1","1517745","1518055","35","154805"
"chr16","1433934","1434238","KN294964v1","864674","864972","32","569260"
"chr16","1447027","1447305","KN297227v1","240655","240937","36","1206372"
"chr16","1468512","1468818","KN297133v1","1583965","1584275","22","115453"
"chr16","1480141","1480430","KN295171v1","1412453","1412742","32","67688"
"chr16","1540979","1541285","KN297133v1","1652080","1652378","30","111101"
"chr16","1645000","1645307","KN294883v1","392954","393264","39","1252046"
"chr16","1677999","1678288","KN294407v1","804694","804981","31","873305"
"chr16","1718572","1718859","KN295045v1","756205","756493","28","962367"
"chr16","1757317","1757624","KN295893v1","7122873","7123168","53","5365556"
"chr16","1757651","1757810","KN296086v1","825589","825753","38","932062"
"chr16","1758128","1758271","KN297159v1","1909522","1909663","17","151394"
"chr16","1780782","1781091","KN296242v1","863939","864251","39","916843"
"chr16","1850274","1850447","KN296119v1","3355213","3355396","41","1504939"
"chr16","1946402","1946696","KN296743v1","1775333","1775627","36","171069"
"chr16","1987739","1988050","KN296484v1","1024460","1024770","36","963279"
"chr16","2111429","2111721","KN294385v1","767967","768276","43","1343462"
"chr16","2135128","2135408","KN294588v1","1931172","1931453","44","203956"
"chr16","2137720","2138020","KN295962v1","375746","376041","41","1761974"
"chr16","2176280","2176580","KN295343v1","373896","374196","48","1802384"
"chr16","2253568","2253849","KN295343v1","373896","374196","44","1879672"
"chr16","2260654","2260936","KN297404v1","49920","50204","36","2210734"
"chr16","2481917","2482216","KN296921v1","1068049","1068350","38","1413868"
"chr16","2558629","2558950","KN294257v1","1022785","1023107","49","1535844"
"chr16","2564399","2564567","KN296959v1","1152394","1152569","26","1412005"
"chr16","2571313","2571614","KN295717v1","153364","153650","61","2417949"
"chr16","2571642","2571666","KN295651v1","344716","344740","7","2226926"
"chr16","2595702","2596015","KN294933v1","175658","175970","40","2420044"
"chr16","2615772","2616079","KN297095v1","3868967","3869276","36","1253195"
"chr16","2694686","2694974","KN294326v1","660448","660733","35","2034238"
"chr16","2811883","2812193","KN294385v1","291689","291997","43","2520194"
"chr16","3003013","3003307","KN296122v1","2302","2601","42","3000711"
"chr16","3086107","3086397","KN296959v1","1102614","1102904","34","1983493"
"chr16","3146936","3147239","KN295854v1","1504180","1504481","26","1642756"
"chr16","3280113","3280404","KN296958v1","337794","338086","39","2942319"
"chr16","3283981","3284276","KN297319v1","873192","873486","26","2410789"
"chr16","3315666","3315976","KN296484v1","1024460","1024770","36","2291206"
"chr16","3331818","3332107","KN297184v1","62725","63022","50","3269093"
"chr16","3382456","3382740","KN295257v1","348260","348541","29","3034196"
"chr16","3383425","3383589","KN294790v1","2350797","2350969","33","1032628"
"chr16","3413421","3413720","KN295544v1","58095","58390","29","3355326"
"chr16","3478963","3479301","KN294454v1","202705","203013","70","3276258"
"chr16","3526238","3526540","KN294399v1","115875","116174","42","3410363"
"chr16","3563538","3563707","KN294613v1","769657","769824","30","2793881"
"chr16","3618748","3619038","KN295449v1","459974","460259","43","3158774"
"chr16","3728106","3728399","KN296557v1","548990","549285","32","3179116"
"chr16","3735576","3735704","KN294790v1","5437842","5437990","53","1702266"
"chr16","3763142","3763428","KN294326v1","660448","660733","35","3102694"
"chr16","3786173","3786335","KN297008v1","1441000","1441155","27","2345173"
"chr16","3815193","3815492","KN294964v1","864674","864972","37","2950519"
"chr16","3819688","3820005","KN296528v1","48009","48322","45","3771679"
"chr16","3825493","3825780","KN294506v1","235047","235332","39","3590446"
"chr16","3849181","3849483","KN295548v1","694833","695128","41","3154348"
"chr16","3865663","3865968","KN296880v1","290862","291165","40","3574801"
"chr16","3876485","3876676","KN296119v1","3355213","3355396","36","521272"
"chr16","3998486","3998788","KN296495v1","2925731","2926025","36","1072755"
"chr16","4172706","4173012","KN295671v1","275602","275897","26","3897104"
"chr16","4277492","4277784","KN295671v1","158927","159233","27","4118565"
"chr16","4288761","4289038","KN294187v1","907689","907968","43","3381072"
"chr16","4292405","4292714","KN295671v1","142186","142489","21","4150219"
"chr16","4300092","4300393","KN295671v1","134642","134950","26","4165450"
"chr16","4315616","4315911","KN296261v1","607411","607706","29","3708205"
"chr16","4355972","4356272","KN295854v1","1504180","1504481","31","2851792"
"chr16","4385922","4385965","KN296320v1","206822","206861","22","4179100"
"chr16","4386603","4386913","KN295586v1","2948702","2949014","43","1437901"
"chr16","4602462","4602789","KN296145v1","3242116","3242420","54","1360346"
"chr16","4653175","4653364","KN296119v1","3355213","3355396","30","1297962"
"chr16","4656157","4656337","KN297312v1","464912","465094","24","4191245"
"chr16","4732846","4733139","KN296926v1","395917","396212","40","4336929"
"chr16","4744456","4744754","KN294592v1","51794","52092","25","4692662"
"chr16","4779630","4779937","KN295666v1","791747","792057","42","3987883"
"chr16","4797789","4798076","KN295257v1","348260","348541","33","4449529"
"chr16","4848488","4848784","KN296486v1","447375","447682","50","4401113"
"chr16","4858843","4858930","KN297038v1","286729","286830","29","4572114"
"chr16","4864676","4864979","KN295586v1","5713036","5713339","35","848360"
"chr16","4911269","4911410","KN295667v1","830007","830168","39","4081262"
"chr16","4920776","4921085","KN297044v1","108239","108545","46","4812537"
"chr16","4935566","4935858","KN296481v1","326170","326465","43","4609396"
"chr16","5233224","5233515","KN295346v1","1757992","1758284","38","3475232"
"chr16","5332353","5332657","KN296145v1","3242116","3242420","44","2090237"
"chr16","5379696","5379950","KN295964v1","43993","44262","49","5335703"
"chr16","5482039","5482206","KN294187v1","1542649","1542810","31","3939390"
"chr16","5553330","5553630","KN294520v1","1300419","1300723","43","4252911"
"chr16","5627615","5627906","KN295974v1","2054560","2054859","45","3573055"
"chr16","5712426","5712697","KN296831v1","373681","373950","41","5338745"
"chr16","5790635","5790921","KN296959v1","1102614","1102904","31","4688021"
"chr16","6046994","6047167","KN296743v1","1789514","1789673","40","4257480"
"chr16","6056693","6056999","KN296380v1","7066","7372","37","6049627"
"chr16","6073456","6073765","KN297044v1","108239","108545","32","5965217"
"chr16","6412047","6412330","KN294539v1","1591360","1591636","41","4820687"
"chr16","6448705","6449015","KN294416v1","303238","303546","34","6145467"
"chr16","6485037","6485350","KN296311v1","4709573","4709882","35","1775464"
"chr16","6607533","6607804","KN295257v1","348260","348541","41","6259273"
"chr16","6646233","6646544","KN296311v1","4709573","4709882","38","1936660"
"chr16","6677536","6677817","KN297008v1","5801252","5801534","37","876284"
"chr16","6679149","6679444","KN295923v1","1430363","1430659","28","5248786"
"chr16","6695659","6695956","KN295343v1","373896","374196","40","6321763"
"chr16","6804259","6804556","KN295350v1","87307","87596","24","6716952"
"chr16","6843678","6844003","KN295350v1","126568","126884","28","6717110"
"chr16","6896919","6897223","KN296311v1","4507488","4507798","43","2389431"
"chr16","6906258","6906597","KN294705v1","1755141","1755457","66","5151117"
"chr16","6908652","6908955","KN294856v1","110609","110913","46","6798043"
"chr16","6909825","6910125","KN295526v1","381860","382152","38","6527965"
"chr16","6996298","6996581","KN294790v1","3847979","3848251","51","3148319"
"chr16","7021786","7022078","KN295350v1","305729","306028","26","6716057"
"chr16","7121393","7121697","KN294520v1","1300419","1300723","33","5820974"
"chr16","7184499","7184779","KN295350v1","469686","469966","18","6714813"
"chr16","7330739","7331046","KN295350v1","619271","619578","17","6711468"
"chr16","7345612","7345910","KN296761v1","97995","98298","34","7247617"
"chr16","7380773","7381073","KN295350v1","668962","669262","20","6711811"
"chr16","7382370","7382696","KN295350v1","670560","670859","45","6711810"
"chr16","7466375","7466670","KN295350v1","761042","761336","18","6705333"
"chr16","7624396","7624692","KN295350v1","923196","923495","13","6701200"
"chr16","7670433","7670469","KN296316v1","148146","148173","15","7522287"
"chr16","7670753","7670880","KN297026v1","166297","166429","20","7504456"
"chr16","7693157","7693335","KN297154v1","211161","211330","31","7481996"
"chr16","7705150","7705462","KN295350v1","1009063","1009367","19","6696087"
"chr16","7757016","7757337","KN296380v1","7066","7372","43","7749950"
"chr16","7764716","7765019","KN295854v1","1504180","1504481","37","6260536"
"chr16","7859051","7859297","KN295523v1","1167591","1167841","46","6691460"
"chr16","7882675","7882961","KN295350v1","1192442","1192725","12","6690233"
"chr16","7932019","7932308","KN295350v1","1241887","1242168","23","6690132"
"chr16","8080956","8081249","KN295350v1","1397778","1398066","21","6683178"
"chr16","8106858","8107140","KN294399v1","178526","178809","53","7928332"
"chr16","8115563","8115803","KN295045v1","1027226","1027471","41","7088337"
"chr16","8189344","8189639","KN297008v1","4050814","4051111","31","4138530"
"chr16","8213748","8214026","KN294921v1","275933","276212","39","7937815"
"chr16","8219638","8219937","KN295343v1","373896","374196","33","7845742"
"chr16","8220637","8220941","KN295974v1","690483","690778","48","7530154"
"chr16","8222412","8222698","KN296859v1","1366227","1366507","47","6856185"
"chr16","8340373","8340665","KN296481v1","205477","205769","35","8134896"
"chr16","8346132","8346411","KN294592v1","567946","568227","38","7778186"
"chr16","8407346","8407650","KN294922v1","720408","720710","34","7686938"
"chr16","8445742","8446043","KN294850v1","121634","121934","32","8324108"
"chr16","8460473","8460765","KN294172v1","1462531","1462825","36","6997942"
"chr16","8494248","8494471","KN295894v1","2215631","2215837","40","6278617"
"chr16","8577371","8577661","KN294571v1","2837988","2838277","33","5739383"
"chr16","8673285","8673596","KN296635v1","1808458","1808757","36","6864827"
"chr16","8733493","8733543","KN295614v1","28241","28303","26","8705252"
"chr16","8790181","8790490","KN294485v1","105000","105306","35","8685181"
"chr16","8812453","8812758","KN295854v1","1504180","1504481","42","7308273"
"chr16","8823643","8823942","KN295090v1","2695348","2695640","36","6128295"
"chr16","8831713","8832003","KN294192v1","872123","872412","33","7959590"
"chr16","8868711","8869017","KN294471v1","26759","27063","38","8841952"
"chr16","8887595","8887890","KN295996v1","883771","884067","33","8003824"
"chr16","9009110","9009398","KN295940v1","74492","74772","49","8934618"
"chr16","9035072","9035349","KN295828v1","1095001","1095277","35","7940071"
"chr16","9118990","9119332","KN296486v1","447375","447682","62","8671615"
"chr16","9152693","9153030","KN296430v1","264026","264350","56","8888667"
"chr16","9158413","9158719","KN297197v1","4684189","4684491","43","4474224"
"chr16","9255469","9255742","KN295257v1","348260","348541","35","8907209"
"chr16","9440318","9440598","KN294456v1","63433","63720","39","9376885"
"chr16","9565478","9565778","KN294540v1","651367","651664","37","8914111"
"chr16","9611034","9611329","KN295433v1","231726","232018","35","9379308"
"chr16","9674216","9674536","KN297026v1","1554168","1554492","41","8120048"
"chr16","9697054","9697342","KN294326v1","427946","428232","41","9269108"
"chr16","9893192","9893481","KN294571v1","2837988","2838277","33","7055204"
"chr16","9979894","9980200","KN296806v1","78148","78452","33","9901746"
"chr16","10017934","10018242","KN295984v1","811714","812012","29","9206220"
"chr16","10038822","10039138","KN294326v1","452541","452856","46","9586281"
"chr16","10114626","10114936","KN296907v1","877287","877589","42","9237339"
"chr16","10131780","10132075","KN295923v1","1430363","1430659","36","8701417"
"chr16","10181118","10181428","KN296484v1","1024460","1024770","34","9156658"
"chr16","10339490","10339795","KN294520v1","1300419","1300723","34","9039071"
"chr16","10439181","10439462","KN297112v1","6395083","6395364","39","4044098"
"chr16","10477000","10477217","KN294711v1","418356","418573","26","10058644"
"chr16","10516535","10516770","KN295633v1","200390","200624","38","10316145"
"chr16","10589263","10589565","KN295343v1","373896","374196","34","10215367"
"chr16","10590828","10591136","KN295091v1","924044","924353","42","9666784"
"chr16","10635028","10635279","KN296775v1","1109523","1109782","41","9525505"
"chr16","10639707","10640014","KN294520v1","1300419","1300723","37","9339288"
"chr16","10643865","10644175","KN296761v1","97995","98298","39","10545870"
"chr16","10662182","10662475","KN295294v1","244045","244353","46","10418137"
"chr16","10672146","10672451","KN295284v1","267335","267639","27","10404811"
"chr16","10726730","10726916","KN297154v1","511760","511946","32","10214970"
"chr16","10933550","10933840","KN296577v1","170798","171097","38","10762752"
"chr16","10955486","10955748","KN295753v1","245053","245324","43","10710433"
"chr16","10979201","10979411","KN296921v1","1217589","1217800","32","9761612"
"chr16","11033599","11033887","KN295735v1","1123529","1123814","41","9910070"
"chr16","11042782","11042792","KN294443v1","170714","170724","3","10872068"
"chr16","11042915","11043205","KN295420v1","372108","372400","40","10670807"
"chr16","11084101","11084395","KN294848v1","1023066","1023365","43","10061035"
"chr16","11112620","11112896","KN295828v1","1095001","1095277","35","10017619"
"chr16","11153311","11153623","KN296484v1","1024460","1024770","35","10128851"
"chr16","11164516","11164818","KN295343v1","373896","374196","44","10790620"
"chr16","11254250","11254558","KN295471v1","232855","233169","38","11021395"
"chr16","11326367","11326661","KN295744v1","235007","235306","42","11091360"
"chr16","11353444","11353741","KN296921v1","660432","660732","35","10693012"
"chr16","11606724","11607006","KN294457v1","1456757","1457036","49","10149967"
"chr16","11611253","11611533","KN295420v1","372108","372400","38","11239145"
"chr16","11624493","11624797","KN296145v1","3242116","3242420","34","8382377"
"chr16","11654804","11655087","KN296934v1","579470","579759","43","11075334"
"chr16","11671004","11671311","KN295371v1","619650","619955","31","11051354"
"chr16","11981867","11982161","KN296609v1","343419","343703","30","11638448"
"chr16","12010163","12010466","KN296609v1","370975","371275","18","11639188"
"chr16","12065094","12065389","KN296609v1","425963","426257","15","11639131"
"chr16","12240608","12240915","KN296609v1","601822","602122","21","11638786"
"chr16","12323130","12323298","KN297154v1","1695463","1695633","22","10627667"
"chr16","12686652","12686942","KN294193v1","816512","816806","42","11870140"
"chr16","12910290","12910625","KN296913v1","1867502","1867828","50","11042788"
"chr16","12920843","12921152","KN296609v1","1298990","1299292","23","11621853"
"chr16","12970789","12971052","KN296609v1","1348781","1349073","43","11622008"
"chr16","13031114","13031418","KN296609v1","1410682","1410982","14","11620432"
"chr16","13038924","13039219","KN294193v1","816512","816806","35","12222412"
"chr16","13141928","13142220","KN294251v1","1515118","1515410","32","11626810"
"chr16","13187293","13187610","KN296609v1","1571948","1572281","37","11615345"
"chr16","13342366","13342677","KN296609v1","1735633","1735944","24","11606733"
"chr16","13364016","13364322","KN296609v1","1757848","1758154","15","11606168"
"chr16","13421392","13421690","KN296609v1","1815221","1815514","23","11606171"
"chr16","13837785","13838103","KN296609v1","2233320","2233624","32","11604465"
"chr16","14313141","14313420","KN296609v1","2741306","2741592","31","11571835"
"chr16","14321035","14321324","KN296609v1","2755080","2755367","17","11565955"
"chr16","14374290","14374457","KN294980v1","230782","230955","30","14143508"
"chr16","14438917","14439227","KN295729v1","1416275","1416583","34","13022642"
"chr16","14511526","14511834","KN296609v1","2958985","2959290","27","11552541"
"chr16","14589196","14589498","KN296609v1","3038008","3038306","19","11551188"
"chr16","14814061","14814367","KN294861v1","116067","116375","14","14697994"
"chr16","14895198","14895479","KN294861v1","235956","236236","17","14659242"
"chr16","14947723","14948007","KN294861v1","289089","289393","32","14658634"
"chr16","15046489","15046784","KN294987v1","420693","420986","39","14625796"
"chr16","15082230","15082531","KN295548v1","143484","143790","37","14938746"
"chr16","15118976","15119279","KN295592v1","1762233","1762533","36","13356743"
"chr16","15144030","15144332","KN294561v1","645779","646083","41","14498251"
"chr16","15164215","15164514","KN294452v1","1302829","1303134","48","13861386"
"chr16","15166595","15166888","KN295984v1","811714","812012","35","14354881"
"chr16","15209948","15210254","KN296435v1","2271548","2271854","34","12938400"
"chr16","15251930","15251989","KN296726v1","937390","937454","25","14314540"
"chr16","15252464","15252591","KN296311v1","3395386","3395501","32","11857078"
"chr16","15280468","15280600","KN294613v1","59320","59453","14","15221148"
"chr16","15281429","15281509","KN296646v1","1844748","1844814","29","13436681"
"chr16","15367532","15367722","KN296119v1","3355213","3355396","30","12012319"
"chr16","15393912","15394216","KN294561v1","645779","646083","32","14748133"
"chr16","15431418","15431714","KN294172v1","1462531","1462825","41","13968887"
"chr16","15444357","15444656","KN294850v1","121634","121934","32","15322723"
"chr16","15480204","15480493","KN295366v1","153538","153829","56","15326666"
"chr16","15490215","15490366","KN295294v1","769026","769186","33","14721189"
"chr16","15533142","15533346","KN297032v1","308157","308361","46","15224985"
"chr16","15533602","15533714","KN295236v1","4803407","4803521","19","10730195"
"chr16","15573813","15574037","KN296119v1","1099727","1099949","34","14474086"
"chr16","15668529","15668831","KN296079v1","1016819","1017116","41","14651710"
"chr16","15670080","15670384","KN295346v1","1790082","1790382","32","13879998"
"chr16","15688936","15689255","KN296426v1","740411","740728","44","14948525"
"chr16","15717968","15718248","KN294326v1","427946","428232","47","15290022"
"chr16","15730092","15730385","KN296557v1","548990","549285","32","15181102"
"chr16","15751178","15751485","KN296609v1","2279316","2279621","47","13471862"
"chr16","15839303","15839596","KN297203v1","885386","885683","34","14953917"
"chr16","15857265","15857560","KN296959v1","44442","44736","28","15812823"
"chr16","15960025","15960164","KN294713v1","814138","814290","44","15145887"
"chr16","16097217","16097384","KN297154v1","1695463","1695633","29","14401754"
"chr16","16116648","16116918","KN296685v1","154100","154370","19","15962548"
"chr16","16226667","16226937","KN297047v1","1208842","1209112","39","15017825"
"chr16","16242799","16243102","KN295962v1","375746","376041","40","15867053"
"chr16","16245440","16245741","KN296685v1","284971","285269","20","15960469"
"chr16","16265635","16265800","KN295294v1","769026","769186","34","15496609"
"chr16","16275538","16275850","KN296685v1","317286","317598","9","15958252"
"chr16","16302439","16302748","KN296685v1","337552","337861","16","15964887"
"chr16","16304085","16304391","KN296685v1","331962","332271","16","15972123"
"chr16","16358456","16358768","KN296435v1","2271548","2271854","37","14086908"
"chr16","16376906","16377200","KN296557v1","548990","549285","37","15827916"
"chr16","16406912","16407178","KN296682v1","4040014","4040270","38","12366898"
"chr16","16569619","16569904","KN296394v1","201805","202094","20","16367814"
"chr16","17007141","17007472","KN294326v1","342456","342775","27","16664685"
"chr16","17031276","17031584","KN296825v1","1702761","1703066","45","15328515"
"chr16","17043459","17043749","KN295366v1","153538","153829","31","16889921"
"chr16","17091872","17092164","KN294326v1","427946","428232","29","16663926"
"chr16","17104780","17104938","KN296743v1","1789514","1789673","27","15315266"
"chr16","17254044","17254334","KN294326v1","599800","600090","16","16654244"
"chr16","17255477","17255797","KN294326v1","602388","602708","18","16653089"
"chr16","17316405","17316655","KN296495v1","797555","797801","39","16518850"
"chr16","17320202","17320486","KN296108v1","735240","735530","50","16584962"
"chr16","17333503","17333661","KN295601v1","2033774","2033939","47","15299729"
"chr16","17373687","17373974","KN294326v1","708694","708981","12","16664993"
"chr16","17400559","17400855","KN294326v1","736964","737256","17","16663595"
"chr16","17582879","17583165","KN295962v1","674128","674422","42","16908751"
"chr16","17751161","17751452","KN296739v1","358940","359231","39","17392221"
"chr16","17759970","17760249","KN294761v1","686020","686296","33","17073950"
"chr16","17781009","17781309","KN295114v1","419609","419919","29","17361400"
"chr16","17795254","17795504","KN295755v1","46608","46845","50","17748646"
"chr16","18020774","18021070","KN295114v1","180814","181123","25","17839960"
"chr16","18126280","18126590","KN296072v1","190243","190551","41","17936037"
"chr16","18232245","18232505","KN295719v1","159820","160097","29","18072425"
"chr16","18333216","18333244","KN296145v1","2755263","2755286","13","15577953"
"chr16","18333556","18333721","KN296311v1","1013861","1014022","34","17319695"
"chr16","18386188","18386483","KN295719v1","13499","13793","11","18372689"
"chr16","18436918","18437151","KN294407v1","786896","787127","42","17650022"
"chr16","18464344","18464628","KN296263v1","1248040","1248330","38","17216304"
"chr16","18503078","18503297","KN294733v1","21539","21744","48","18481539"
"chr16","18544642","18544910","KN294451v1","1131701","1131970","40","17412941"
"chr16","18568501","18568787","KN295345v1","868768","869065","47","17699733"
"chr16","18575602","18575778","KN296036v1","1181920","1182098","28","17393682"
"chr16","18576090","18576223","KN295667v1","829585","829718","19","17746505"
"chr16","18723609","18723829","KN296263v1","1174252","1174472","37","17549357"
"chr16","18855813","18856122","KN296270v1","59762","60067","42","18796051"
"chr16","18908119","18908436","KN294181v1","955703","956020","44","17952416"
"chr16","19010618","19010902","KN295857v1","32063","32348","35","18978555"
"chr16","19123419","19123729","KN294991v1","1119512","1119818","43","18003907"
"chr16","19335752","19336025","KN296278v1","144187","144463","37","19191565"
"chr16","19600954","19601135","KN295735v1","895035","895215","35","18705919"
"chr16","20683900","20684207","KN294893v1","267656","267975","41","20416244"
"chr16","20714158","20714358","KN294879v1","1427141","1427343","39","19287017"
"chr16","20760599","20760893","KN294457v1","1123220","1123511","36","19637379"
"chr16","20845161","20845461","KN295102v1","157119","157420","36","20688042"
"chr16","20860107","20860413","KN294385v1","291689","291997","40","20568418"
"chr16","21229554","21229782","KN296263v1","1174252","1174472","48","20055302"
"chr16","21458498","21458800","KN295526v1","979159","979460","39","20479339"
"chr16","21795539","21795835","KN296934v1","341547","341836","17","21453992"
"chr16","21907392","21907688","KN296934v1","452607","452901","12","21454785"
"chr16","22033183","22033481","KN296934v1","579470","579759","24","21453713"
"chr16","22039140","22039430","KN296934v1","566527","566819","12","21472613"
"chr16","22238689","22238993","KN296934v1","772212","772511","18","21466477"
"chr16","22405412","22405673","KN294172v1","1585798","1586062","20","20819614"
"chr16","22410176","22410458","KN296934v1","947560","947842","15","21462616"
"chr16","22515432","22515732","KN295533v1","1124359","1124653","43","21391073"
"chr16","22517726","22517889","KN296743v1","1789514","1789673","33","20728212"
"chr16","22553325","22553631","KN296620v1","257480","257787","42","22295845"
"chr16","22589885","22590034","KN297008v1","6657903","6658047","24","15931982"
"chr16","22614530","22614900","KN295552v1","215666","215993","84","22398864"
"chr16","22756320","22756626","KN296864v1","1098087","1098388","45","21658233"
"chr16","22933404","22933698","KN295988v1","652955","653254","44","22280449"
"chr16","22944884","22945191","KN296380v1","7066","7372","36","22937818"
"chr16","22963256","22963433","KN294980v1","230782","230955","23","22732474"
"chr16","23074044","23074309","KN295753v1","245053","245324","35","22828991"
"chr16","23082260","23082557","KN297048v1","47682","47977","32","23034578"
"chr16","23086572","23086871","KN295854v1","1504180","1504481","36","21582392"
"chr16","23094827","23095132","KN295257v1","1349615","1349923","37","21745212"
"chr16","23102091","23102395","KN295854v1","1504180","1504481","36","21597911"
"chr16","23118868","23119182","KN294218v1","2202652","2202952","45","20916216"
"chr16","23146832","23147122","KN296263v1","1248040","1248330","6","21898792"
"chr16","23227419","23227718","KN296508v1","1489307","1489607","37","21738112"
"chr16","23466551","23466861","KN296263v1","897226","897536","15","22569325"
"chr16","23477994","23478307","KN296263v1","885567","885865","22","22592427"
"chr16","23483992","23484293","KN296263v1","879860","880160","15","22604132"
"chr16","23592222","23592519","KN296263v1","777809","778109","18","22814413"
"chr16","23654694","23654915","KN296263v1","707288","707509","7","22947406"
"chr16","23732857","23732915","KN296726v1","937390","937454","25","22795467"
"chr16","23784020","23784307","KN296263v1","577196","577483","15","23206824"
"chr16","24044260","24044556","KN296263v1","292640","292935","14","23751620"
"chr16","24222347","24222643","KN296263v1","109713","110010","18","24112634"
"chr16","24289859","24290085","KN296294v1","507915","508147","40","23781944"
"chr16","24297240","24297442","KN295045v1","454387","454588","33","23842853"
"chr16","24377204","24377484","KN297165v1","811895","812177","41","23565309"
"chr16","24378179","24378375","KN297032v1","308157","308361","39","24070022"
"chr16","24425312","24425611","KN294790v1","2471571","2471870","40","21953741"
"chr16","24454433","24454734","KN294592v1","51794","52092","35","24402639"
"chr16","24516365","24516673","KN296926v1","812181","812484","43","23704184"
"chr16","24556840","24557139","KN295034v1","604953","605250","39","23951887"
"chr16","24576435","24576707","KN294921v1","275933","276212","41","24300502"
"chr16","24736982","24737282","KN296806v1","78148","78452","31","24658834"
"chr16","24746582","24746742","KN296430v1","705227","705382","28","24041355"
"chr16","25038252","25038555","KN294224v1","865067","865377","41","24173185"
"chr16","25061528","25061819","KN295075v1","252071","252359","37","24809457"
"chr16","25105337","25105610","KN297190v1","4220841","4221116","72","20884496"
"chr16","25142745","25143044","KN297032v1","13067","13369","19","25129678"
"chr16","25191787","25191932","KN297008v1","6657903","6658047","28","18533884"
"chr16","25207801","25208111","KN297032v1","76868","77170","22","25130933"
"chr16","25408395","25408698","KN296108v1","735240","735530","48","24673155"
"chr16","25439348","25439616","KN297032v1","283603","283874","19","25155745"
"chr16","25440151","25440473","KN297032v1","284425","284750","45","25155726"
"chr16","25451759","25451980","KN297032v1","296291","296512","8","25155468"
"chr16","25461897","25462101","KN297032v1","308157","308361","12","25153740"
"chr16","25462393","25462535","KN297032v1","308658","308795","10","25153735"
"chr16","25480920","25481099","KN295735v1","895035","895215","42","24585885"
"chr16","25495194","25495503","KN297032v1","350057","350356","18","25145137"
"chr16","25503659","25503966","KN295284v1","267335","267639","45","25236324"
"chr16","25508098","25508264","KN295667v1","830007","830168","34","24678091"
"chr16","25583399","25583537","KN295171v1","774709","774836","42","24808690"
"chr16","25593230","25593542","KN296926v1","1177071","1177378","32","24416159"
"chr16","25618112","25618308","KN294345v1","2206480","2206684","41","23411632"
"chr16","25766636","25766939","KN296926v1","993412","993718","25","24773224"
"chr16","25769145","25769441","KN296926v1","990316","990612","11","24778829"
"chr16","25807797","25808101","KN294592v1","51794","52092","34","25756003"
"chr16","25942327","25942607","KN296926v1","812181","812484","37","25130146"
"chr16","25953562","25953860","KN296926v1","800680","800990","26","25152882"
"chr16","25975566","25975817","KN296926v1","782298","782549","10","25193268"
"chr16","26282911","26283225","KN296926v1","461285","461598","11","25821626"
"chr16","26347413","26347708","KN296926v1","395917","396212","11","25951496"
"chr16","26356010","26356321","KN296926v1","387298","387629","31","25968712"
"chr16","26379549","26379831","KN296926v1","363990","364265","19","26015559"
"chr16","27192257","27192425","KN296922v1","308569","308730","37","26883688"
"chr16","27427054","27427351","KN296635v1","1808458","1808757","36","25618596"
"chr16","28486233","28486385","KN295931v1","69828","69973","32","28416405"
"chr16","28539177","28539475","KN296761v1","97995","98298","38","28441182"
"chr16","28685335","28685628","KN295034v1","604953","605250","43","28080382"
"chr16","28743134","28743443","KN296380v1","7066","7372","32","28736068"
"chr16","28899756","28900063","KN296380v1","7066","7372","33","28892690"
"chr16","29009609","29009907","KN294842v1","297954","298253","32","28711655"
"chr16","29122613","29122921","KN296526v1","33090","33393","43","29089523"
"chr16","29301602","29301901","KN296145v1","3242116","3242420","39","26059486"
"chr16","29312678","29312962","KN294571v1","2837988","2838277","26","26474690"
"chr16","29414176","29414478","KN294520v1","1300419","1300723","40","28113757"
"chr16","29467107","29467408","KN294399v1","115875","116174","34","29351232"
"chr16","29483954","29483972","KN294213v1","437220","437234","8","29046734"
"chr16","29484102","29484138","KN296316v1","148146","148173","18","29335956"
"chr16","29644138","29644431","KN294251v1","1515118","1515410","44","28129020"
"chr16","29698029","29698216","KN295045v1","1182493","1182695","43","28515536"
"chr16","29840884","29841202","KN296731v1","1263856","1264165","47","28577028"
"chr16","29943881","29944184","KN296261v1","607411","607706","39","29336470"
"chr16","30320271","30320577","KN296096v1","3057578","3057885","36","27262693"
"chr16","30363098","30363199","KN296296v1","165106","165204","28","30197992"
"chr16","30391248","30391552","KN296004v1","353630","353936","40","30037618"
"chr16","30508561","30508849","KN296009v1","1376950","1377229","50","29131611"
"chr16","30605483","30605782","KN297133v1","1098591","1098895","39","29506892"
"chr16","30653109","30653422","KN296093v1","185428","185734","37","30467681"
"chr16","30713850","30714145","KN294613v1","441189","441484","30","30272661"
"chr16","30749822","30749986","KN295995v1","71091","71264","35","30678731"
"chr16","30912433","30912728","KN295284v1","267335","267639","38","30645098"
"chr16","30932667","30932973","KN294385v1","767967","768276","42","30164700"
"chr16","31127941","31128254","KN295205v1","462684","462994","34","30665257"
"chr16","31185099","31185392","KN295236v1","5176018","5176310","34","26009081"
"chr16","31211634","31211952","KN294499v1","1669868","1670177","52","29541766"
"chr16","31236890","31237198","KN294372v1","2056206","2056510","38","29180684"
"chr16","31295373","31295526","KN296495v1","1470532","1470683","28","29824841"
"chr16","31295567","31295753","KN297312v1","464912","465094","40","30830655"
"chr16","31329899","31330204","KN295923v1","1430363","1430659","48","29899536"
"chr16","31388107","31388409","KN295633v1","2540621","2540923","14","28847486"
"chr16","31397817","31398114","KN294457v1","725117","725411","34","30672700"
"chr16","31465622","31465932","KN295633v1","2462146","2462456","16","29003476"
"chr16","31485123","31485415","KN295633v1","2441556","2441861","27","29043567"
"chr16","31560402","31560690","KN297320v1","706012","706298","50","30854390"
"chr16","31655348","31655651","KN295633v1","2275553","2275843","33","29379795"
"chr16","31726178","31726476","KN295633v1","2203076","2203375","6","29523102"
"chr16","31779444","31779753","KN295633v1","2147766","2148075","17","29631678"
"chr16","31802657","31802957","KN295633v1","2123502","2123808","26","29679155"
"chr16","31862903","31863056","KN294451v1","850657","850819","45","31012246"
"chr16","31863348","31863379","KN297227v1","240582","240613","15","31622766"
"chr16","31863676","31863866","KN294713v1","972600","972779","48","30891076"
"chr16","31886808","31887090","KN297227v1","240655","240937","27","31646153"
"chr16","31891385","31891708","KN295633v1","2034392","2034694","53","29856993"
"chr16","31894663","31894946","KN295633v1","2031147","2031431","11","29863516"
"chr16","31935479","31935760","KN294569v1","795781","796071","52","31139698"
"chr16","32059226","32059515","KN294499v1","114042","114335","32","31945184"
"chr16","32148921","32149202","KN295633v1","1768445","1768725","17","30380476"
"chr16","32267260","32267491","KN294439v1","287915","288143","42","31979345"
"chr16","32288585","32288882","KN295633v1","1615638","1615935","30","30672947"
"chr16","32309916","32310138","KN295633v1","1595074","1595280","24","30714842"
"chr16","32445270","32445582","KN295633v1","1457163","1457472","13","30988107"
"chr16","32459892","32460092","KN296859v1","1427369","1427572","38","31032523"
"chr16","32536348","32536641","KN295984v1","3157265","3157559","36","29379083"
"chr16","32948610","32948909","KN295633v1","943956","944254","15","32004654"
"chr16","32977101","32977399","KN295633v1","908638","908940","17","32068463"
"chr16","33136179","33136453","KN295633v1","737182","737454","16","32398997"
"chr16","33142898","33143192","KN295633v1","728546","728854","37","32414352"
"chr16","33175563","33175865","KN295633v1","691462","691769","14","32484101"
"chr16","33209201","33209492","KN295633v1","658732","659025","32","32550469"
"chr16","33227120","33227420","KN295633v1","639425","639725","16","32587695"
"chr16","33355561","33355870","KN294883v1","392954","393264","39","32962607"
"chr16","33370288","33370580","KN296635v1","3538964","3539261","35","29831324"
"chr16","33370616","33370770","KN297008v1","1441000","1441155","33","31929616"
"chr16","33408744","33409025","KN295633v1","460954","461234","14","32947790"
"chr16","33419878","33420053","KN296153v1","2696247","2696418","37","30723631"
"chr16","33467362","33467671","KN296145v1","3242116","3242420","29","30225246"
"chr16","33485752","33486047","KN295633v1","380279","380574","9","33105473"
"chr16","33523902","33524215","KN294385v1","291689","291997","45","33232213"
"chr16","33534612","33534906","KN296970v1","1175434","1175726","40","32359178"
"chr16","33539499","33539672","KN295967v1","467933","468109","31","33071566"
"chr16","33574473","33574764","KN295633v1","287665","287957","19","33286808"
"chr16","33575225","33575539","KN295633v1","286635","286949","18","33288590"
"chr16","33594501","33594751","KN294716v1","165924","166185","56","33428577"
"chr16","33599538","33599703","KN296547v1","644921","645084","36","32954617"
"chr16","33621700","33621755","KN295045v1","1336617","1336651","25","32285083"
"chr16","33754064","33754374","KN295633v1","101798","102108","7","33652266"
"chr16","33760885","33761183","KN295633v1","94974","95266","15","33665911"
"chr16","33871174","33871404","KN296831v1","238752","238977","47","33632422"
"chr16","33905499","33905797","KN296594v1","162025","162336","50","33743474"
"chr16","34118293","34118477","KN295967v1","467933","468109","43","33650360"
"chr16","34148801","34149069","KN296311v1","5946577","5946853","47","28202224"
"chr16","34156335","34156639","KN294520v1","1300419","1300723","36","32855916"
"chr16","34160074","34160369","KN297452v1","1979430","1979725","35","32180644"
"chr16","34183580","34183744","KN297274v1","221382","221516","41","33962198"
"chr16","34184052","34184209","KN295301v1","1224012","1224152","51","32960040"
"chr16","34191162","34191469","KN295893v1","5868387","5868693","38","28322775"
"chr16","34232450","34232764","KN294571v1","1349003","1349300","42","32883447"
"chr16","34253233","34253388","KN296743v1","1789514","1789673","28","32463719"
"chr16","34298997","34299291","KN295984v1","1528577","1528873","39","32770420"
"chr16","34381786","34382059","KN295075v1","252071","252359","51","34129715"
"chr16","34504367","34504673","KN296948v1","1357864","1358169","51","33146503"
"chr16","34564086","34564394","KN295241v1","157199","157498","42","34406887"
"chr16","34570266","34570557","KN297229v1","281810","282088","40","34288456"
"chr16","34574132","34574435","KN295825v1","901000","901301","55","33673132"
"chr16","34598547","34598850","KN296145v1","3242116","3242420","38","31356431"
"chr16","34618921","34619194","KN294187v1","907689","907968","50","33711232"
"chr16","34682966","34683259","KN294571v1","1349003","1349300","39","33333963"
"chr16","34685267","34685561","KN294571v1","2837988","2838277","34","31847279"
"chr16","34694752","34695062","KN296484v1","1024460","1024770","48","33670292"
"chr16","34735584","34735784","KN294443v1","649310","649513","30","34086274"
"chr16","34779195","34779427","KN295633v1","200390","200624","28","34578805"
"chr16","34800950","34801235","KN296738v1","191009","191296","9","34609941"
"chr16","34850528","34850820","KN296738v1","136213","136504","17","34714315"
"chr16","34855728","34856030","KN296738v1","131451","131752","17","34724277"
"chr16","34972933","34973241","KN296738v1","6933","7242","18","34966000"
"chr16","35275464","35275759","KN295366v1","209875","210171","34","35065589"
"chr16","35280826","35281128","KN297023v1","653890","654183","26","34626936"
"chr16","35366527","35366826","KN297023v1","563260","563564","19","34803267"
"chr16","35381911","35382224","KN297023v1","549371","549669","30","34832540"
"chr16","35491212","35491505","KN297023v1","434973","435269","19","35056239"
"chr16","36094125","36094399","KN294185v1","138860","139138","44","35955265"
"chr16","36213889","36214191","KN297028v1","1113262","1113544","51","35100627"
"chr16","36241374","36241718","KN295424v1","253981","254327","63","35987393"
"chr16","36293822","36294137","KN295074v1","748827","749135","60","35544995"
"chr16","36319349","36319610","KN295667v1","832545","832806","31","35486804"
"chr16","36457139","36457384","KN295526v1","34227","34466","37","36422912"
"chr16","36457894","36458164","KN294266v1","490380","490660","52","35967514"
"chr16","36698776","36699065","KN295962v1","2457159","2457455","39","34241617"
"chr16","36864673","36864964","KN294192v1","872123","872412","38","35992550"
"chr16","37160145","37160416","KN294493v1","377513","377791","37","36782632"
"chr16","37326498","37326801","KN294416v1","768533","768836","47","36557965"
"chr16","37856528","37856832","KN294325v1","914500","914798","39","36942028"
"chr16","38123858","38124155","KN294407v1","2323451","2323753","44","35800407"
"chr16","38252631","38252936","KN296380v1","7066","7372","37","38245565"
"chr16","38409230","38409512","KN294407v1","1565517","1565792","39","36843713"
"chr16","38630875","38631180","KN296609v1","1757848","1758154","37","36873027"
"chr16","39172912","39173250","KN294172v1","3576082","3576408","60","35596830"
"chr16","39719116","39719429","KN294451v1","194657","194961","44","39524459"
"chr16","39749641","39749929","KN294592v1","567946","568227","38","39181695"
"chr16","39771012","39771323","KN296380v1","7066","7372","37","39763946"
"chr16","39847618","39847894","KN297190v1","5684564","5684844","43","34163054"
"chr16","39864433","39864723","KN296386v1","236314","236606","37","39628119"
"chr16","40250977","40251253","KN294761v1","686020","686296","29","39564957"
"chr16","40587013","40587319","KN296920v1","1198292","1198601","17","39388721"
"chr16","40722873","40723183","KN296920v1","1059879","1060189","14","39662994"
"chr16","40842979","40843265","KN296920v1","934642","934950","43","39908337"
"chr16","40851494","40851756","KN296920v1","926227","926491","22","39925267"
"chr16","41060076","41060400","KN295871v1","355457","355781","42","40704619"
"chr16","41478725","41479040","KN296920v1","293481","293778","34","41185244"
"chr16","41697701","41698011","KN296920v1","73128","73424","28","41624573"
"chr16","41932670","41932958","KN296133v1","168664","168954","17","41764006"
"chr16","42100339","42100629","KN295075v1","252071","252359","35","41848268"
"chr16","42123260","42123553","KN295746v1","236127","236417","33","41887133"
"chr16","42144436","42144735","KN294571v1","1349003","1349300","33","40795433"
"chr16","42159940","42160226","KN296036v1","1306747","1307034","41","40853193"
"chr16","42202145","42202425","KN295552v1","212176","212457","36","41989969"
"chr16","42202459","42202476","KN294964v1","594324","594339","5","41608135"
"chr16","42227685","42227983","KN294456v1","513291","513590","36","41714394"
"chr16","42264618","42264898","KN294407v1","1565517","1565792","44","40699101"
"chr16","42273544","42273880","KN297038v1","95792","96127","66","42177752"
"chr16","42374263","42374558","KN294571v1","1349003","1349300","36","41025260"
"chr16","42456161","42456449","KN294187v1","1767651","1767950","48","40688510"
"chr16","42836853","42837162","KN296391v1","36675","36982","40","42800178"
"chr16","42858740","42859037","KN296826v1","122558","122853","39","42736182"
"chr16","42924853","42925040","KN295408v1","16726","16898","36","42908127"
"chr16","43114843","43115138","KN297452v1","1979430","1979725","42","41135413"
"chr16","43478898","43479205","KN294685v1","1346044","1346352","36","42132854"
"chr16","43564572","43564868","KN296075v1","590735","591029","38","42973837"
"chr16","43573693","43573863","KN296174v1","30392","30557","28","43543301"
"chr16","43764249","43764548","KN295633v1","908638","908940","39","42855611"
"chr16","43925982","43926273","KN296826v1","122558","122853","38","43803424"
"chr16","44106745","44107040","KN295744v1","235007","235306","28","43871738"
"chr16","44301803","44301981","KN295967v1","467933","468109","39","43833870"
"chr16","44469037","44469200","KN297242v1","3635969","3636126","33","40833068"
"chr16","44481023","44481322","KN294991v1","1379808","1380111","40","43101215"
"chr16","44510059","44510235","KN295408v1","16726","16898","28","44493333"
"chr16","44603298","44603582","KN297227v1","240655","240937","31","44362643"
"chr16","44702072","44702383","KN295893v1","6332598","6332904","40","38369474"
"chr16","44813574","44813878","KN296620v1","257480","257787","36","44556094"
"chr16","44891500","44891790","KN295075v1","252071","252359","31","44639429"
"chr16","44930526","44930791","KN296138v1","307856","308112","32","44622670"
"chr16","45029534","45029798","KN296424v1","438034","438306","44","44591500"
"chr16","45050846","45051150","KN295984v1","811714","812012","43","44239132"
"chr16","45086739","45087034","KN294187v1","1767651","1767950","36","43319088"
"chr16","45145407","45145589","KN294470v1","2260068","2260237","41","42885339"
"chr16","45154264","45154564","KN297038v1","1342257","1342550","36","43812007"
"chr16","45180651","45180950","KN295923v1","1430363","1430659","37","43750288"
"chr16","45254943","45255245","KN295343v1","373896","374196","37","44881047"
"chr16","45303080","45303380","KN294747v1","866490","866789","37","44436590"
"chr16","45317037","45317333","KN294479v1","138046","138339","45","45178991"
"chr16","45445724","45446013","KN295893v1","6651453","6651742","34","38794271"
"chr16","45703065","45703375","KN294385v1","291689","291997","38","45411376"
"chr16","45727620","45727928","KN294520v1","1300419","1300723","28","44427201"
"chr16","45750708","45751020","KN296864v1","1819360","1819669","41","43931348"
"chr16","45776746","45777067","KN294257v1","1022785","1023107","50","44753961"
"chr16","45785900","45786192","KN296948v1","271010","271304","40","45514890"
"chr16","45840194","45840475","KN296019v1","49581","49869","46","45790613"
"chr16","45854137","45854431","KN296322v1","582510","582804","32","45271627"
"chr16","45868309","45868475","KN294470v1","2260068","2260237","30","43608241"
"chr16","45877752","45878056","KN296806v1","78148","78452","32","45799604"
"chr16","46094644","46094942","KN294571v1","1349003","1349300","38","44745641"
"chr16","46094998","46095307","KN297044v1","108239","108545","44","45986759"
"chr16","46219660","46219984","KN296391v1","46716","47037","71","46172944"
"chr16","46256117","46256322","KN295801v1","840804","841003","47","45415313"
"chr16","46330543","46330582","KN295045v1","1336617","1336651","21","44993926"
"chr16","46339714","46340000","KN296096v1","2440700","2440989","49","43899014"
"chr16","46341365","46341658","KN295075v1","252071","252359","40","46089294"
"chr16","46370749","46371053","KN296004v1","353630","353936","30","46017119"
"chr16","46445434","46445731","KN296826v1","122558","122853","33","46322876"
"chr16","46474638","46474827","KN294571v1","2367043","2367240","31","44107595"
"chr16","46476685","46476993","KN296380v1","7066","7372","39","46469619"
"chr16","46478642","46478938","KN297153v1","243138","243434","31","46235504"
"chr16","46484533","46484703","KN297112v1","2529951","2530122","49","43954582"
"chr16","46485298","46485470","KN294378v1","1680015","1680191","31","44805283"
"chr16","46486402","46486651","KN296982v1","798382","798621","46","45688020"
"chr16","46508123","46508421","KN297197v1","4684189","4684491","28","41823934"
"chr16","46564737","46565026","KN295962v1","2457159","2457455","36","44107578"
"chr16","46570396","46570685","KN294571v1","2837988","2838277","30","43732408"
"chr16","46621655","46621966","KN296093v1","185428","185734","37","46436227"
"chr16","46635621","46635901","KN296145v1","2754946","2755223","37","43880675"
"chr16","46702543","46702848","KN294456v1","513291","513590","37","46189252"
"chr16","46737964","46738258","KN294747v1","866490","866789","29","45871474"
"chr16","46932408","46932715","KN294837v1","421876","422183","35","46510532"
"chr16","46955620","46955791","KN296959v1","1152394","1152569","37","45803226"
"chr16","47304618","47304880","KN295936v1","2228111","2228371","39","45076507"
"chr16","47338109","47338386","KN294372v1","2081363","2081636","42","45256746"
"chr16","47472576","47472882","KN295368v1","1536371","1536668","50","45936205"
"chr16","47599413","47599716","KN296761v1","97995","98298","38","47501418"
"chr16","47615341","47615635","KN297008v1","6804349","6804651","45","40810992"
"chr16","47888365","47888665","KN294747v1","866490","866789","29","47021875"
"chr16","47913479","47913679","KN294571v1","2367043","2367240","47","45546436"
"chr16","47972622","47972894","KN296322v1","2225139","2225414","35","45747483"
"chr16","47980027","47980248","KN297095v1","3589357","3589578","32","44390670"
"chr16","48171090","48171386","KN295586v1","5293886","5294167","40","42877204"
"chr16","48171434","48171445","KN296991v1","748286","748296","3","47423148"
"chr16","48190408","48190706","KN294193v1","847702","848005","24","47342706"
"chr16","48221604","48221905","KN294193v1","816512","816806","16","47405092"
"chr16","48322502","48322685","KN296119v1","3355213","3355396","30","44967289"
"chr16","48344379","48344586","KN295090v1","42834","43042","47","48301545"
"chr16","48344896","48344995","KN295349v1","47360","47457","15","48297536"
"chr16","48546438","48546629","KN296859v1","1427369","1427572","45","47119069"
"chr16","48546654","48546855","KN295045v1","1182493","1182695","43","47364161"
"chr16","48572328","48572626","KN294193v1","459067","459360","21","48113261"
"chr16","48576091","48576428","KN294980v1","537671","537985","69","48038420"
"chr16","48660252","48660559","KN294193v1","372575","372879","28","48287677"
"chr16","48741962","48742261","KN294372v1","1048193","1048493","38","47693769"
"chr16","48762920","48763173","KN295118v1","143380","143629","47","48619540"
"chr16","48881862","48882167","KN294193v1","151112","151406","18","48730750"
"chr16","48964633","48964915","KN294193v1","72096","72371","26","48892537"
"chr16","49002402","49002704","KN294193v1","34515","34817","20","48967887"
"chr16","49089405","49089715","KN294578v1","617490","617800","36","48471915"
"chr16","49168915","49169217","KN295893v1","539530","539834","45","48629385"
"chr16","49446590","49446892","KN295345v1","868768","869065","32","48577822"
"chr16","49476964","49477271","KN294385v1","767967","768276","38","48708997"
"chr16","49616026","49616334","KN294964v1","864674","864972","37","48751352"
"chr16","49624617","49624923","KN297044v1","108239","108545","36","49516378"
"chr16","49630903","49631214","KN294588v1","1063927","1064233","47","48566976"
"chr16","49750288","49750595","KN297046v1","946776","947084","38","48803512"
"chr16","49812237","49812399","KN296879v1","570900","571072","43","49241337"
"chr16","50076089","50076370","KN296322v1","1274469","1274756","42","48801620"
"chr16","50151211","50151524","KN294385v1","291689","291997","47","49859522"
"chr16","50183843","50184086","KN294470v1","788292","788534","44","49395551"
"chr16","50257621","50257931","KN297242v1","1009728","1010033","35","49247893"
"chr16","50367157","50367453","KN295893v1","6332598","6332904","47","44034559"
"chr16","50575675","50575844","KN297274v1","1641003","1641173","25","48934672"
"chr16","50575882","50576006","KN297157v1","346228","346351","19","50229654"
"chr16","50612196","50612503","KN294399v1","296926","297229","36","50315270"
"chr16","50616999","50617304","KN296387v1","277750","278060","35","50339249"
"chr16","50643330","50643640","KN296380v1","7066","7372","41","50636264"
"chr16","50730391","50730694","KN294591v1","115642","115945","35","50614749"
"chr16","50746447","50746732","KN297197v1","1071489","1071782","52","49674958"
"chr16","50973365","50973681","KN294520v1","1300419","1300723","41","49672946"
"chr16","51008751","51009064","KN296594v1","162025","162336","39","50846726"
"chr16","51043059","51043345","KN294506v1","235047","235332","33","50808012"
"chr16","51309570","51309869","KN295366v1","137020","137320","45","51172550"
"chr16","51727435","51727744","KN294592v1","439755","440070","49","51287680"
"chr16","51768281","51768560","KN294790v1","3847979","3848251","48","47920302"
"chr16","51944280","51944593","KN296319v1","216005","216317","26","51728275"
"chr16","52058271","52058569","KN294172v1","1462531","1462825","40","50595740"
"chr16","52214510","52214804","KN296635v1","1808458","1808757","31","50406052"
"chr16","52340006","52340315","KN296380v1","7066","7372","36","52332940"
"chr16","52607352","52607655","KN294964v1","864674","864972","36","51742678"
"chr16","52723682","52723959","KN295257v1","348260","348541","38","52375422"
"chr16","52836866","52837144","KN295586v1","5293886","5294167","36","47542980"
"chr16","53007651","53007948","KN294693v1","517852","518151","50","52489799"
"chr16","53078745","53079049","KN296484v1","1024460","1024770","43","52054285"
"chr16","53269240","53269538","KN294446v1","290641","290939","37","52978599"
"chr16","53309195","53309504","KN294399v1","296926","297229","33","53012269"
"chr16","53377290","53377592","KN295343v1","373896","374196","40","53003394"
"chr16","53469034","53469352","KN296484v1","1024460","1024770","50","52444574"
"chr16","53519310","53519598","KN295366v1","153538","153829","39","53365772"
"chr16","53566244","53566429","KN296486v1","1714803","1714969","43","51851441"
"chr16","53597389","53597696","KN294292v1","71877","72183","42","53525512"
"chr16","53671638","53671800","KN294187v1","1542649","1542810","27","52128989"
"chr16","53686492","53686804","KN296311v1","4507488","4507798","38","49179004"
"chr16","53710223","53710517","KN296296v1","66249","66543","38","53643974"
"chr16","53756555","53756844","KN296096v1","2440700","2440989","33","51315855"
"chr16","53764422","53764706","KN295533v1","1730829","1731110","41","52033593"
"chr16","53917842","53918109","KN294800v1","186441","186717","50","53731401"
"chr16","53926724","53927025","KN295090v1","291736","292032","38","53634988"
"chr16","53957804","53958117","KN294172v1","6407720","6408021","45","47550084"
"chr16","54039030","54039335","KN297197v1","4684189","4684491","35","49354841"
"chr16","54073904","54074205","KN295955v1","140708","141006","38","53933196"
"chr16","54113715","54114033","KN294571v1","2826366","2826677","48","51287349"
"chr16","54133779","54134080","KN296093v1","185428","185734","41","53948351"
"chr16","54179697","54179976","KN297150v1","114487","114762","52","54065210"
"chr16","54182456","54182755","KN294251v1","2231373","2231666","43","51951083"
"chr16","54218214","54218508","KN294373v1","1407897","1408188","40","52810317"
"chr16","54675084","54675392","KN295526v1","979159","979460","38","53695925"
"chr16","54929221","54929528","KN294520v1","1300419","1300723","40","53628802"
"chr16","54983067","54983342","KN294486v1","82200","82485","41","54900867"
"chr16","55089222","55089522","KN294964v1","864674","864972","31","54224548"
"chr16","55100127","55100437","KN296093v1","185428","185734","42","54914699"
"chr16","55169115","55169423","KN295586v1","5713036","5713339","44","49456079"
"chr16","55184343","55184634","KN294747v1","866490","866789","34","54317853"
"chr16","55249624","55249912","KN294571v1","2837988","2838277","39","52411636"
"chr16","55256170","55256480","KN294416v1","320290","320595","35","54935880"
"chr16","55290237","55290496","KN294825v1","131262","131525","41","55158975"
"chr16","55318512","55318802","KN295692v1","911249","911547","56","54407263"
"chr16","55329773","55330072","KN294161v1","418646","418945","39","54911127"
"chr16","55415006","55415300","KN296424v1","23387","23676","39","55391619"
"chr16","55549034","55549329","KN296732v1","3424421","3424715","35","52124613"
"chr16","55591299","55591586","KN297219v1","2018776","2019060","34","53572523"
"chr16","55740671","55740945","KN294187v1","140872","141146","33","55599799"
"chr16","55810538","55810791","KN296138v1","307856","308112","36","55502682"
"chr16","55863703","55864030","KN294571v1","1349003","1349300","59","54514700"
"chr16","55867035","55867323","KN295236v1","5176018","5176310","40","50691017"
"chr16","56208503","56208652","KN295550v1","497930","498078","23","55710573"
"chr16","56319526","56319816","KN297452v1","1979430","1979725","28","54340096"
"chr16","56454767","56455061","KN296153v1","1610495","1610789","44","54844272"
"chr16","56470545","56470843","KN294269v1","772756","773053","36","55697789"
"chr16","56513932","56514222","KN294561v1","623087","623382","45","55890845"
"chr16","56532015","56532327","KN295303v1","94830","95135","40","56437185"
"chr16","56576649","56576807","KN295814v1","1118418","1118576","34","55458231"
"chr16","56580511","56580800","KN294571v1","2837988","2838277","41","53742523"
"chr16","56606516","56606819","KN295893v1","7202903","7203211","41","49403613"
"chr16","56610127","56610437","KN296093v1","185428","185734","46","56424699"
"chr16","56640791","56640969","KN295202v1","2028222","2028396","32","54612569"
"chr16","56655906","56656204","KN294499v1","899277","899580","40","55756629"
"chr16","56672389","56672681","KN295319v1","23766","24059","35","56648623"
"chr16","56827846","56828112","KN295273v1","8922","9188","38","56818924"
"chr16","56869817","56870107","KN296847v1","1869581","1869871","44","55000236"
"chr16","57102194","57102498","KN297044v1","108239","108545","31","56993955"
"chr16","57202082","57202373","KN297197v1","3802947","3803249","41","53399135"
"chr16","57234207","57234511","KN294668v1","2003347","2003642","42","55230860"
"chr16","57251666","57251980","KN294499v1","2542984","2543291","47","54708682"
"chr16","57259915","57260230","KN297452v1","1979430","1979725","57","55280485"
"chr16","57260975","57261078","KN295171v1","774709","774836","39","56486266"
"chr16","57271458","57271765","KN295893v1","6332598","6332904","41","50938860"
"chr16","57318392","57318712","KN296964v1","792372","792682","45","56526020"
"chr16","57367869","57368144","KN294187v1","907689","907968","79","56460180"
"chr16","57438995","57439293","KN296508v1","1489307","1489607","30","55949688"
"chr16","57494987","57495203","KN295748v1","191135","191363","45","57303852"
"chr16","57507231","57507534","KN296315v1","577799","578100","48","56929432"
"chr16","57512453","57512713","KN296460v1","572449","572709","39","56940004"
"chr16","57513614","57513921","KN297133v1","697008","697316","36","56816606"
"chr16","57548057","57548361","KN296955v1","243847","244146","36","57304210"
"chr16","57559282","57559506","KN294257v1","1489771","1489991","61","56069511"
"chr16","57691590","57691901","KN296682v1","225205","225512","37","57466385"
"chr16","58218180","58218349","KN296879v1","570900","571072","29","57647280"
"chr16","58401519","58401793","KN297313v1","856250","856523","43","57545269"
"chr16","58426978","58427274","KN296460v1","692476","692771","38","57734502"
"chr16","58474716","58475008","KN295075v1","252071","252359","36","58222645"
"chr16","58508095","58508389","KN296864v1","3059211","3059513","44","55448884"
"chr16","58642487","58642779","KN294172v1","2053418","2053711","39","56589069"
"chr16","58672560","58672840","KN295828v1","1095001","1095277","33","57577559"
"chr16","58721594","58721757","KN296124v1","209","374","47","58721385"
"chr16","58809253","58809565","KN295907v1","1200915","1201232","43","57608338"
"chr16","58827552","58827831","KN294991v1","1322409","1322675","46","57505143"
"chr16","59042565","59042851","KN297360v1","53891","54172","38","58988674"
"chr16","59186784","59187038","KN295572v1","142988","143247","17","59043796"
"chr16","59220839","59221109","KN296316v1","318734","319006","40","58902105"
"chr16","59304040","59304320","KN295572v1","279727","279987","34","59024313"
"chr16","59526298","59526604","KN294192v1","872123","872412","49","58654175"
"chr16","59577404","59577669","KN295671v1","28591","28857","29","59548813"
"chr16","59606390","59606548","KN296430v1","705227","705382","32","58901163"
"chr16","59657739","59658020","KN295045v1","274074","274356","54","59383665"
"chr16","59679709","59679877","KN295820v1","902386","902554","22","58777323"
"chr16","59679920","59680045","KN295571v1","189855","189980","13","59490065"
"chr16","60011347","60011650","KN294964v1","864674","864972","34","59146673"
"chr16","60326823","60327113","KN295075v1","252071","252359","31","60074752"
"chr16","60347242","60347514","KN297192v1","320996","321269","40","60026246"
"chr16","60507770","60508062","KN296296v1","66249","66543","28","60441521"
"chr16","60605912","60606238","KN294536v1","1166329","1166654","44","59439583"
"chr16","60724262","60724495","KN295533v1","879003","879251","41","59845259"
"chr16","60730190","60730351","KN296394v1","93722","93880","31","60636468"
"chr16","60821585","60821882","KN294399v1","115875","116174","43","60705710"
"chr16","60862745","60862900","KN296430v1","705227","705382","27","60157518"
"chr16","60876191","60876450","KN294716v1","165924","166185","76","60710267"
"chr16","60902123","60902396","KN295236v1","1800783","1801057","47","59101340"
"chr16","61016109","61016419","KN294883v1","392954","393264","35","60623155"
"chr16","61036250","61036549","KN295907v1","2573371","2573673","38","58462879"
"chr16","61107023","61107314","KN296609v1","1287606","1287899","37","59819417"
"chr16","61137920","61138223","KN296000v1","1247118","1247423","44","59890802"
"chr16","61201903","61202199","KN297452v1","1979430","1979725","32","59222473"
"chr16","61215699","61216010","KN296732v1","3129981","3130299","47","58085718"
"chr16","61229302","61229609","KN296380v1","7066","7372","44","61222236"
"chr16","61255126","61255422","KN297452v1","1979430","1979725","42","59275696"
"chr16","61265284","61265553","KN295642v1","22999","23270","49","61242285"
"chr16","61289742","61290037","KN294378v1","1042916","1043212","32","60246826"
"chr16","61333837","61334140","KN294921v1","275933","276212","69","61057904"
"chr16","61369002","61369144","KN296646v1","1072749","1072893","37","60296253"
"chr16","61369756","61369783","KN294675v1","139522","139545","13","61230234"
"chr16","61428525","61428812","KN297452v1","1979430","1979725","37","59449095"
"chr16","61453467","61453764","KN297046v1","3421703","3421999","35","58031764"
"chr16","61478596","61478894","KN294964v1","864674","864972","39","60613922"
"chr16","61508401","61508710","KN295586v1","2394502","2394812","39","59113899"
"chr16","61550859","61551166","KN297242v1","3594348","3594651","41","57956511"
"chr16","61564845","61565156","KN294520v1","1300419","1300723","35","60264426"
"chr16","61582661","61582968","KN296806v1","78148","78452","44","61504513"
"chr16","61691196","61691481","KN295075v1","252071","252359","35","61439125"
"chr16","61696107","61696411","KN297197v1","4684189","4684491","43","57011918"
"chr16","61696540","61696829","KN296609v1","2994359","2994657","37","58702181"
"chr16","61722176","61722488","KN297153v1","845269","845578","37","60876907"
"chr16","61723739","61724037","KN296079v1","3084734","3085029","35","58639005"
"chr16","61724476","61724756","KN294456v1","1400896","1401175","44","60323580"
"chr16","61727847","61728142","KN295974v1","690483","690778","34","61037364"
"chr16","61820100","61820407","KN295705v1","448944","449252","42","61371156"
"chr16","61871948","61872238","KN295533v1","1124359","1124653","44","60747589"
"chr16","61886819","61887122","KN296322v1","1815134","1815437","33","60071685"
"chr16","61901932","61902237","KN295303v1","94830","95135","34","61807102"
"chr16","61906859","61907149","KN294439v1","265245","265540","41","61641614"
"chr16","61919259","61919524","KN295501v1","1035475","1035745","46","60883784"
"chr16","61972297","61972591","KN296153v1","3956819","3957110","36","58015478"
"chr16","62043424","62043730","KN296380v1","7066","7372","28","62036358"
"chr16","62240967","62241262","KN296079v1","3084734","3085029","35","59156233"
"chr16","62265427","62265723","KN294848v1","1023066","1023365","42","61242361"
"chr16","62288988","62289283","KN297452v1","1979430","1979725","34","60309558"
"chr16","62291154","62291452","KN296959v1","44442","44736","28","62246712"
"chr16","62297131","62297422","KN294668v1","2003347","2003642","37","60293784"
"chr16","62369710","62370004","KN295607v1","948949","949240","34","61420761"
"chr16","62378415","62378722","KN294172v1","6407720","6408021","40","55970695"
"chr16","62382870","62383175","KN295345v1","868768","869065","52","61514102"
"chr16","62389137","62389414","KN294570v1","191357","191629","33","62197780"
"chr16","62426742","62426983","KN294536v1","818016","818250","51","61608726"
"chr16","62447924","62448232","KN294303v1","302773","303083","31","62145151"
"chr16","62499227","62499327","KN297008v1","1094032","1094107","42","61405195"
"chr16","62548366","62548670","KN295446v1","14200","14503","17","62534166"
"chr16","62565223","62565461","KN296495v1","553328","553566","38","62011895"
"chr16","62565462","62565754","KN294540v1","651367","651664","35","61914095"
"chr16","62620249","62620526","KN296009v1","1376950","1377229","40","61243299"
"chr16","62661191","62661490","KN296145v1","3219494","3219793","37","59441697"
"chr16","62678186","62678490","KN294520v1","1300419","1300723","35","61377767"
"chr16","62755440","62755742","KN296495v1","2925731","2926025","34","59829709"
"chr16","62789290","62789593","KN294619v1","236638","236931","39","62552652"
"chr16","62895910","62896195","KN294987v1","420693","420986","39","62475217"
"chr16","63004037","63004241","KN295090v1","42834","43042","52","62961203"
"chr16","63020959","63021252","KN295075v1","252071","252359","33","62768888"
"chr16","63145669","63145962","KN297452v1","1979430","1979725","31","61166239"
"chr16","63166514","63166816","KN295090v1","291736","292032","46","62874778"
"chr16","63176263","63176561","KN295236v1","989000","989298","47","62187263"
"chr16","63187332","63187465","KN294613v1","59320","59453","9","63128012"
"chr16","63188384","63188605","KN296263v1","707288","707509","45","62481096"
"chr16","63189074","63189227","KN297008v1","6657903","6658047","25","56531171"
"chr16","63216678","63216988","KN296864v1","3059211","3059513","44","60157467"
"chr16","63231868","63232163","KN295236v1","3918747","3919036","36","59313121"
"chr16","63256969","63257036","KN294592v1","22976","23043","3","63233993"
"chr16","63257335","63257520","KN294592v1","23351","23536","7","63233984"
"chr16","63257527","63257734","KN294592v1","23351","23536","34","63234176"
"chr16","63282672","63282903","KN295748v1","191135","191363","34","63091537"
"chr16","63344575","63344866","KN294592v1","118514","118810","15","63226061"
"chr16","63355322","63355617","KN294592v1","131439","131737","24","63223883"
"chr16","63401246","63401407","KN296486v1","1714803","1714969","38","61686443"
"chr16","63472121","63472410","KN296200v1","1285411","1285706","38","62186710"
"chr16","63513646","63513980","KN296278v1","394173","394503","47","63119473"
"chr16","63515585","63515875","KN294592v1","300620","300898","23","63214965"
"chr16","63679026","63679332","KN294592v1","462090","462394","20","63216936"
"chr16","63742359","63742647","KN294592v1","528978","529270","16","63213381"
"chr16","63813045","63813352","KN294991v1","1379808","1380111","39","62433237"
"chr16","63837981","63838271","KN294571v1","939030","939314","50","62898951"
"chr16","63896542","63896787","KN294747v1","1170657","1170916","48","62725885"
"chr16","63913897","63914195","KN294592v1","717168","717466","17","63196729"
"chr16","64019443","64019728","KN294592v1","830662","830964","27","63188781"
"chr16","64024217","64024514","KN294540v1","651367","651664","34","63372850"
"chr16","64024822","64024978","KN295294v1","769026","769186","37","63255796"
"chr16","64109049","64109244","KN295801v1","840804","841003","34","63268245"
"chr16","64129265","64129500","KN294592v1","943355","943593","13","63185910"
"chr16","64229873","64230178","KN294592v1","1044583","1044891","17","63185290"
"chr16","64259233","64259542","KN294592v1","1073707","1074017","23","63185526"
"chr16","64340949","64341242","KN294592v1","1161721","1162012","20","63179228"
"chr16","64385571","64385874","KN294592v1","1215460","1215767","22","63170111"
"chr16","64390628","64390787","KN296306v1","3290422","3290582","21","61100206"
"chr16","64394217","64394465","KN294592v1","1219529","1219788","15","63174688"
"chr16","64413948","64414262","KN294592v1","1238599","1238911","14","63175349"
"chr16","64453153","64453346","KN294705v1","1041928","1042123","16","63411225"
"chr16","64453420","64453726","KN295984v1","1613969","1614281","36","62839451"
"chr16","64461839","64462140","KN294239v1","1939676","1939983","43","62522163"
"chr16","64465845","64466157","KN294592v1","1297571","1297881","27","63168274"
"chr16","64525534","64525670","KN297008v1","6657903","6658047","33","57867631"
"chr16","64564612","64564912","KN294592v1","51794","52092","36","64512818"
"chr16","64857455","64857764","KN294510v1","104913","105218","48","64752542"
"chr16","64979537","64979831","KN296635v1","2847198","2847491","40","62132339"
"chr16","65018805","65019086","KN295257v1","348260","348541","31","64670545"
"chr16","65019123","65019153","KN294675v1","139522","139545","9","64879601"
"chr16","65020170","65020476","KN296380v1","7066","7372","40","65013104"
"chr16","65034507","65034732","KN294257v1","1489771","1489991","41","63544736"
"chr16","65205746","65206070","KN297442v1","1648457","1648767","39","63557289"
"chr16","65471502","65471805","KN295257v1","1909438","1909734","36","63562064"
"chr16","65649565","65649729","KN294842v1","167464","167629","28","65482101"
"chr16","65668526","65668832","KN295854v1","1504180","1504481","40","64164346"
"chr16","65739772","65740074","KN296761v1","97995","98298","36","65641777"
"chr16","65744607","65744890","KN295045v1","274074","274356","41","65470533"
"chr16","65773118","65773412","KN296495v1","2925731","2926025","31","62847387"
"chr16","65773413","65773714","KN296200v1","1209047","1209349","37","64564366"
"chr16","65795566","65795876","KN295671v1","158927","159233","31","65636639"
"chr16","65898609","65898902","KN294269v1","772756","773053","34","65125853"
"chr16","65924468","65924761","KN295257v1","1832843","1833134","38","64091625"
"chr16","65964936","65965245","KN296714v1","13919","14225","40","65951017"
"chr16","65971677","65971968","KN295371v1","415318","415609","42","65556359"
"chr16","65974697","65975008","KN296484v1","1024460","1024770","36","64950237"
"chr16","65993831","65994132","KN295154v1","149426","149727","40","65844405"
"chr16","66030664","66030967","KN297197v1","4684189","4684491","42","61346475"
"chr16","66050146","66050437","KN296119v1","1332102","1332392","32","64718044"
"chr16","66062829","66063129","KN297452v1","1979430","1979725","43","64083399"
"chr16","66134723","66134974","KN294548v1","1486220","1486474","50","64648503"
"chr16","66136037","66136347","KN297242v1","1009728","1010033","40","65126309"
"chr16","66209416","66209714","KN297406v1","48268","48554","26","66161148"
"chr16","66224383","66224578","KN294187v1","2091893","2092085","41","64132490"
"chr16","66254467","66254777","KN297406v1","94434","94741","24","66160033"
"chr16","66311771","66311855","KN296726v1","937390","937454","37","65374381"
"chr16","66366237","66366579","KN296311v1","2774344","2774671","53","63591893"
"chr16","66379282","66379557","KN295964v1","43993","44262","38","66335289"
"chr16","66392551","66392716","KN294187v1","1542649","1542810","30","64849902"
"chr16","66481194","66481515","KN294668v1","3996924","3997235","41","62484270"
"chr16","66532709","66533006","KN294592v1","51794","52092","32","66480915"
"chr16","66613384","66613673","KN296108v1","735240","735530","43","65878144"
"chr16","66629059","66629357","KN296828v1","229290","229585","33","66399769"
"chr16","66675957","66676252","KN295346v1","1790082","1790382","39","64885875"
"chr16","66677250","66677544","KN294385v1","396632","396925","36","66280618"
"chr16","66729186","66729488","KN294850v1","121634","121934","36","66607552"
"chr16","66732825","66733017","KN295045v1","1182493","1182695","37","65550332"
"chr16","66733609","66733696","KN296731v1","893461","893529","52","65840148"
"chr16","66742780","66743063","KN297028v1","1113262","1113544","37","65629518"
"chr16","66778650","66778920","KN294187v1","907689","907968","44","65870961"
"chr16","66835895","66836079","KN295045v1","1182493","1182695","41","65653402"
"chr16","66838279","66838307","KN294675v1","139522","139545","12","66698757"
"chr16","66838587","66838621","KN296316v1","148146","148173","13","66690441"
"chr16","66874242","66874543","KN296547v1","1383439","1383739","34","65490803"
"chr16","66881906","66882198","KN296004v1","398217","398517","39","66483689"
"chr16","66965094","66965402","KN296004v1","353630","353936","35","66611464"
"chr16","67042865","67043174","KN295586v1","5713036","5713339","43","61329829"
"chr16","67043322","67043631","KN294583v1","150468","150773","36","66892854"
"chr16","67168426","67168699","KN295913v1","99706","99983","41","67068720"
"chr16","67226133","67226443","KN294456v1","513291","513590","49","66712842"
"chr16","67236006","67236166","KN295814v1","1118418","1118576","25","66117588"
"chr16","67236468","67236595","KN294613v1","562643","562778","15","66673825"
"chr16","67246049","67246161","KN295171v1","774709","774836","35","66471340"
"chr16","67246469","67246634","KN297159v1","634927","635059","47","66611542"
"chr16","67284784","67285084","KN294520v1","1300419","1300723","43","65984365"
"chr16","67418273","67418416","KN295814v1","1118418","1118576","39","66299855"
"chr16","67418642","67418960","KN296831v1","42375","42680","45","67376267"
"chr16","67494623","67494927","KN296935v1","62542","62848","34","67432081"
"chr16","67567340","67567488","KN296495v1","1470532","1470683","32","66096808"
"chr16","67667414","67667720","KN294747v1","866490","866789","32","66800924"
"chr16","67712561","67712847","KN295352v1","1304755","1305052","39","66407806"
"chr16","67744519","67744704","KN296473v1","44423","44611","18","67700096"
"chr16","67767995","67768158","KN294451v1","850657","850819","24","66917338"
"chr16","67781068","67781125","KN295045v1","1336617","1336651","28","66444451"
"chr16","67781899","67782203","KN296311v1","5354766","5355076","41","62427133"
"chr16","67879879","67880182","KN294592v1","51794","52092","39","67828085"
"chr16","67882032","67882220","KN294187v1","1137685","1137878","19","66744347"
"chr16","67934110","67934402","KN297452v1","1979430","1979725","38","65954680"
"chr16","67942195","67942559","KN294470v1","900548","900906","87","67041647"
"chr16","67944339","67944626","KN294996v1","360005","360288","35","67584334"
"chr16","67950098","67950407","KN296380v1","7066","7372","32","67943032"
"chr16","68004464","68004751","KN295974v1","690483","690778","46","67313981"
"chr16","68030032","68030336","KN296247v1","460642","460944","37","67569390"
"chr16","68162810","68163107","KN294540v1","651367","651664","36","67511443"
"chr16","68210617","68210766","KN297008v1","1441000","1441155","42","66769617"
"chr16","68286555","68286720","KN294187v1","105973","106138","17","68180582"
"chr16","68287034","68287168","KN294187v1","106446","106580","7","68180588"
"chr16","68320226","68320489","KN294187v1","140872","141146","19","68179354"
"chr16","68366842","68367156","KN294187v1","188357","188668","18","68178485"
"chr16","68436520","68436801","KN297008v1","5703967","5704247","35","62732553"
"chr16","68476097","68476388","KN294187v1","302016","302306","10","68174081"
"chr16","68489024","68489332","KN294187v1","315493","315794","32","68173531"
"chr16","68490467","68490776","KN296004v1","353630","353936","41","68136837"
"chr16","68888554","68888861","KN294187v1","723738","724036","26","68164816"
"chr16","69072547","69072826","KN294187v1","907689","907968","13","68164858"
"chr16","69178600","69178895","KN294187v1","1017174","1017473","25","68161426"
"chr16","69315913","69316234","KN294187v1","1156422","1156744","28","68159491"
"chr16","69352053","69352347","KN294187v1","1194643","1194940","17","68157410"
"chr16","69352523","69352808","KN294326v1","427946","428232","35","68924577"
"chr16","69378103","69378281","KN294364v1","505373","505549","26","68872730"
"chr16","69428588","69428742","KN297008v1","6657903","6658047","40","62770685"
"chr16","69468532","69468682","KN296174v1","30392","30557","42","69438140"
"chr16","69472565","69472775","KN296430v1","540489","540695","42","68932076"
"chr16","69541442","69541747","KN294187v1","1401341","1401636","26","68140101"
"chr16","69585438","69585751","KN294187v1","1444157","1444444","34","68141281"
"chr16","69678218","69678510","KN296138v1","347026","347321","35","69331192"
"chr16","69681058","69681365","KN294592v1","1073707","1074017","33","68607351"
"chr16","69688518","69688757","KN296266v1","16134","16379","55","69672384"
"chr16","69703158","69703462","KN294187v1","1567873","1568183","16","68135285"
"chr16","69793545","69793851","KN294372v1","1311490","1311797","40","68482055"
"chr16","69886184","69886464","KN294187v1","1755432","1755714","12","68130752"
"chr16","69898342","69898647","KN294187v1","1767651","1767950","31","68130691"
"chr16","70052561","70052844","KN297227v1","240655","240937","36","69811906"
"chr16","70066798","70067069","KN294187v1","1949352","1949623","6","68117446"
"chr16","70113450","70113721","KN294187v1","1996840","1997115","11","68116610"
"chr16","70202383","70202691","KN296609v1","2279316","2279621","35","67923067"
"chr16","70370287","70370585","KN295962v1","375746","376041","33","69994541"
"chr16","70536415","70536743","KN294536v1","1166329","1166654","47","69370086"
"chr16","70551586","70551751","KN296296v1","24619","24786","28","70526967"
"chr16","70585324","70585549","KN295748v1","191135","191363","35","70394189"
"chr16","70585904","70586112","KN295736v1","1074700","1074911","24","69511204"
"chr16","70597557","70597759","KN296430v1","540489","540695","43","70057068"
"chr16","70626718","70627030","KN297094v1","229764","230074","45","70396954"
"chr16","70763274","70763585","KN296310v1","1454035","1454345","36","69309239"
"chr16","70784499","70784797","KN295343v1","373896","374196","37","70410603"
"chr16","70835533","70835841","KN296096v1","3057578","3057885","37","67777955"
"chr16","70904201","70904388","KN296119v1","3355213","3355396","44","67548988"
"chr16","70955482","70955778","KN294747v1","866490","866789","33","70088992"
"chr16","71197968","71198274","KN294287v1","709415","709716","36","70488553"
"chr16","71204082","71204343","KN295430v1","1247352","1247622","57","69956730"
"chr16","71349794","71350096","KN294806v1","654839","655140","39","70694955"
"chr16","72032924","72033230","KN296004v1","353630","353936","39","71679294"
"chr16","72036377","72036659","KN295034v1","64250","64533","45","71972127"
"chr16","72145167","72145486","KN294446v1","334147","334458","55","71811020"
"chr16","72160061","72160362","KN294399v1","115875","116174","29","72044186"
"chr16","72251271","72251564","KN296096v1","2440700","2440989","25","69810571"
"chr16","72295592","72295866","KN295257v1","348260","348541","38","71947332"
"chr16","72488714","72489019","KN294842v1","389115","389418","46","72099599"
"chr16","72512657","72512786","KN294172v1","5423877","5423985","28","67088780"
"chr16","72538359","72538587","KN297105v1","520174","520396","52","72018185"
"chr16","72548744","72548936","KN296589v1","94892","95068","43","72453852"
"chr16","72828825","72829084","KN295671v1","28591","28857","45","72800234"
"chr16","72976194","72976505","KN296308v1","1267307","1267615","33","71708887"
"chr16","73178064","73178372","KN295038v1","966971","967282","31","72211093"
"chr16","73302846","73303150","KN297044v1","108239","108545","30","73194607"
"chr16","73303188","73303485","KN294571v1","1349003","1349300","29","71954185"
"chr16","73311410","73311603","KN294705v1","1041928","1042123","26","72269482"
"chr16","73315087","73315189","KN295038v1","684331","684427","16","72630756"
"chr16","73449832","73450152","KN297159v1","2012894","2013203","59","71436938"
"chr16","73503309","73503607","KN294747v1","866490","866789","29","72636819"
"chr16","73514391","73514642","KN294548v1","1486220","1486474","45","72028171"
"chr16","73589854","73590150","KN296315v1","221665","221960","35","73368189"
"chr16","73594974","73595132","KN295294v1","769026","769186","23","72825948"
"chr16","73612067","73612306","KN297038v1","132080","132318","35","73479987"
"chr16","73675329","73675480","KN297008v1","6657903","6658047","32","67017426"
"chr16","73684412","73684699","KN295420v1","372108","372400","38","73312304"
"chr16","73715360","73715653","KN295441v1","1621433","1621729","41","72093927"
"chr16","73715733","73715894","KN297044v1","582510","582668","41","73133223"
"chr16","73716473","73716613","KN296802v1","753722","753872","47","72962751"
"chr16","73716897","73716916","KN294570v1","158986","159003","4","73557911"
"chr16","73726378","73726670","KN295869v1","572441","572731","42","73153937"
"chr16","73822655","73822951","KN295923v1","336251","336547","35","73486404"
"chr16","73837728","73838033","KN296484v1","1024460","1024770","50","72813268"
"chr16","73980970","73981277","KN296761v1","97995","98298","34","73882975"
"chr16","74091472","74091783","KN296079v1","735963","736271","41","73355509"
"chr16","74106668","74106937","KN296749v1","716346","716616","41","73390322"
"chr16","74230195","74230490","KN296108v1","735240","735530","32","73494955"
"chr16","74254639","74254945","KN295371v1","619650","619955","43","73634989"
"chr16","74255176","74255458","KN296496v1","462872","463147","53","73792304"
"chr16","74311493","74311783","KN296682v1","2458723","2459015","42","71852770"
"chr16","74341470","74341770","KN294964v1","864674","864972","33","73476796"
"chr16","74412534","74412826","KN295533v1","1879727","1880022","40","72532807"
"chr16","74417575","74417881","KN296864v1","3059211","3059513","41","71358364"
"chr16","74422563","74422753","KN294809v1","338554","338741","38","74084009"
"chr16","74454673","74454965","KN297038v1","1342257","1342550","40","73112416"
"chr16","74524770","74525056","KN295820v1","879022","879311","35","73645748"
"chr16","74528406","74528583","KN294470v1","2260068","2260237","43","72268338"
"chr16","74604113","74604274","KN295667v1","830007","830168","26","73774106"
"chr16","74647980","74648264","KN294509v1","872250","872529","46","73775730"
"chr16","74737654","74737943","KN294172v1","4114073","4114355","49","70623581"
"chr16","74910132","74910319","KN296119v1","3355213","3355396","35","71554919"
"chr16","75076635","75076938","KN297143v1","67797","68099","24","75008838"
"chr16","75121448","75121760","KN294439v1","265245","265540","49","74856203"
"chr17","47447787","47448116","KN296290v1","982859","983191","49","46464928"
"chr17","318302","318453","KN295294v1","769026","769186","33","450724"
"chr17","401016","401313","KN296921v1","1980854","1981158","19","1579838"
"chr17","401833","402118","KN296921v1","1980056","1980349","24","1578223"
"chr17","403092","403369","KN296921v1","1978818","1979096","16","1575726"
"chr17","569112","569414","KN296921v1","1824322","1824627","15","1255210"
"chr17","589576","589884","KN297304v1","403469","403773","39","186107"
"chr17","1138544","1138766","KN296921v1","1217589","1217800","23","79045"
"chr17","1223316","1223410","KN297157v1","346096","346184","24","877220"
"chr17","1242125","1242305","KN296859v1","1427369","1427572","46","185244"
"chr17","1268964","1269268","KN296921v1","1068049","1068350","16","200915"
"chr17","1456593","1456902","KN296921v1","871687","872004","25","584906"
"chr17","1497141","1497430","KN296921v1","830983","831269","17","666158"
"chr17","1528813","1529121","KN295548v1","143484","143790","41","1385329"
"chr17","1602448","1602737","KN296036v1","1306747","1307034","42","295701"
"chr17","1644888","1645194","KN296921v1","678837","679142","17","966051"
"chr17","1663743","1664039","KN296921v1","660432","660732","19","1003311"
"chr17","1694204","1694504","KN295236v1","390148","390438","34","1304056"
"chr17","1728401","1728689","KN296921v1","582223","582504","26","1146178"
"chr17","1759645","1759806","KN296086v1","825589","825753","29","934056"
"chr17","1767713","1768018","KN297078v1","1259910","1260212","41","507803"
"chr17","1823615","1823924","KN296921v1","485510","485820","21","1338105"
"chr17","1860384","1860655","KN294326v1","460637","460911","34","1399747"
"chr17","3245064","3245381","KN294387v1","1011893","1012201","21","2233171"
"chr17","3268936","3269239","KN296242v1","863939","864251","42","2404997"
"chr17","3703623","3703919","KN294387v1","1475066","1475361","25","2228557"
"chr17","3912374","3912675","KN294387v1","1693213","1693510","16","2219161"
"chr17","4190195","4190493","KN294387v1","1979130","1979428","11","2211065"
"chr17","4465980","4466277","KN294387v1","2266452","2266749","33","2199528"
"chr17","4668850","4669135","KN294387v1","2493898","2494191","24","2174952"
"chr17","5034365","5034668","KN294387v1","2863346","2863650","21","2171019"
"chr17","5082702","5083001","KN294387v1","2913307","2913595","25","2169395"
"chr17","5856863","5857161","KN295735v1","1411168","1411465","37","4445695"
"chr17","6435685","6435984","KN296153v1","2179938","2180238","37","4255747"
"chr17","6458198","6458481","KN297360v1","53891","54172","44","6404307"
"chr17","6632051","6632309","KN295582v1","800557","800825","55","5831494"
"chr17","6985710","6986015","KN296825v1","1702761","1703066","46","5282949"
"chr17","7073868","7074074","KN297032v1","308157","308361","44","6765711"
"chr17","7692738","7693020","KN295533v1","1730829","1731110","38","5961909"
"chr17","7862191","7862499","KN295526v1","979159","979460","50","6883032"
"chr17","7862687","7862982","KN294172v1","6805524","6805830","55","1057163"
"chr17","8183582","8183872","KN296958v1","337794","338086","37","7845788"
"chr17","8501957","8502255","KN294407v1","2708829","2709123","40","5793128"
"chr17","8535099","8535393","KN295893v1","6332598","6332904","36","2202501"
"chr17","8645967","8646086","KN295931v1","69677","69796","11","8576290"
"chr17","8646118","8646293","KN295931v1","69828","69973","35","8576290"
"chr17","8654903","8655221","KN295931v1","78953","79286","29","8575950"
"chr17","8859532","8859834","KN295931v1","309833","310134","17","8549699"
"chr17","8915046","8915231","KN295931v1","366156","366341","9","8548890"
"chr17","8924039","8924343","KN294964v1","864674","864972","42","8059365"
"chr17","9174423","9174696","KN295931v1","629016","629288","16","8545407"
"chr17","9784825","9785136","KN296900v1","254908","255214","42","9529917"
"chr17","10177380","10177665","KN296320v1","205614","205917","47","9971766"
"chr17","10279724","10280033","KN295102v1","249012","249316","42","10030712"
"chr17","10323795","10324099","KN294372v1","1048193","1048493","53","9275602"
"chr17","10531245","10531532","KN294455v1","302787","303075","28","10228458"
"chr17","10572658","10572981","KN294455v1","342623","342943","42","10230035"
"chr17","10863832","10864130","KN295701v1","181400","181697","15","10682432"
"chr17","10895130","10895443","KN295701v1","212754","213068","25","10682376"
"chr17","10974675","10975017","KN295701v1","304730","305048","39","10669945"
"chr17","11207173","11207471","KN295701v1","532704","533037","51","10674469"
"chr17","11323942","11324254","KN295202v1","332398","332708","32","10991544"
"chr17","11536787","11537073","KN296311v1","1268253","1268539","45","10268534"
"chr17","12143430","12143746","KN296373v1","473727","474045","26","11669703"
"chr17","12346752","12347050","KN296373v1","680855","681152","27","11665897"
"chr17","12901324","12901599","KN294372v1","2081363","2081636","40","10819961"
"chr17","13466018","13466311","KN296825v1","1962057","1962351","42","11503961"
"chr17","13685090","13685383","KN295962v1","674128","674422","37","13010962"
"chr17","14022018","14022274","KN295523v1","3921155","3921407","42","10100863"
"chr17","14326398","14326491","KN295550v1","498465","498533","29","13827933"
"chr17","14338056","14338342","KN295735v1","1675335","1675618","41","12662721"
"chr17","14370562","14370846","KN296795v1","1735013","1735291","33","12635549"
"chr17","14550491","14550786","KN295090v1","2695348","2695640","33","11855143"
"chr17","14616448","14616758","KN295548v1","143484","143790","39","14472964"
"chr17","14854024","14854321","KN294520v1","1300419","1300723","39","13553605"
"chr17","14900857","14901146","KN294456v1","63433","63720","36","14837424"
"chr17","14923671","14923953","KN294399v1","178526","178809","33","14745145"
"chr17","15005770","15006074","KN297452v1","1979430","1979725","46","13026340"
"chr17","15275283","15275570","KN294569v1","795781","796071","40","14479502"
"chr17","15478862","15479152","KN294619v1","236638","236931","42","15242224"
"chr17","15718943","15719233","KN294571v1","2837988","2838277","35","12880955"
"chr17","15874482","15874775","KN295075v1","252071","252359","40","15622411"
"chr17","16695589","16695887","KN294445v1","708810","709117","29","15986779"
"chr17","17183438","17183717","KN294251v1","254068","254361","32","16929370"
"chr17","17240925","17241248","KN296646v1","555729","556058","56","16685196"
"chr17","18788903","18789204","KN294251v1","856622","856930","29","17932281"
"chr17","18807093","18807271","KN294790v1","2350797","2350969","27","16456296"
"chr17","18807313","18807438","KN295571v1","189855","189980","19","18617458"
"chr17","18884582","18884876","KN296481v1","326170","326465","33","18558412"
"chr17","19145555","19145854","KN294251v1","1223557","1223857","13","17921998"
"chr17","19200820","19200971","KN294187v1","1542649","1542810","38","17658171"
"chr17","19332052","19332352","KN294251v1","1412258","1412558","23","17919794"
"chr17","19431532","19431828","KN294251v1","1515118","1515410","14","17916414"
"chr17","19569548","19569842","KN294251v1","1652381","1652688","32","17917167"
"chr17","19974336","19974626","KN296079v1","3084734","3085029","30","16889602"
"chr17","20047866","20048175","KN295090v1","39156","39463","35","20008710"
"chr17","20154408","20154670","KN297087v1","67231","67493","44","20087177"
"chr17","20159451","20159750","KN294251v1","2236796","2237103","37","17922655"
"chr17","20171448","20171755","KN294251v1","2248965","2249261","27","17922483"
"chr17","20196720","20197016","KN294251v1","2276425","2276722","12","17920295"
"chr17","20236442","20236729","KN294251v1","2314714","2315001","20","17921728"
"chr17","20997932","20998234","KN295586v1","5713036","5713339","34","15284896"
"chr17","21197737","21197984","KN294251v1","3307315","3307569","19","17890422"
"chr17","21732961","21733253","KN294326v1","427946","428232","50","21305015"
"chr17","21914103","21914404","KN294251v1","4066945","4067248","20","17847158"
"chr17","22011937","22012236","KN294251v1","4165566","4165861","28","17846371"
"chr17","22068407","22068704","KN294251v1","4241335","4241629","18","17827072"
"chr17","22180228","22180534","KN294251v1","4353004","4353310","12","17827224"
"chr17","22687965","22688267","KN297281v1","460359","460649","33","22227606"
"chr17","22914888","22915233","KN295424v1","76367","76689","73","22838521"
"chr17","23002660","23002833","KN296086v1","825589","825753","60","22177071"
"chr17","23466633","23466878","KN295755v1","46608","46845","58","23420025"
"chr17","23502550","23502842","KN297281v1","1300398","1300701","25","22202152"
"chr17","23611141","23611282","KN297008v1","6657903","6658047","26","16953238"
"chr17","23611322","23611371","KN296316v1","148146","148173","27","23463176"
"chr17","23611400","23611525","KN295735v1","894884","895007","16","22716516"
"chr17","23703026","23703155","KN297281v1","1502957","1503082","14","22200069"
"chr17","23853835","23853967","KN295261v1","74591","74723","4","23779244"
"chr17","23854250","23854413","KN296311v1","1013861","1014022","20","22840389"
"chr17","24082993","24083109","KN295171v1","774709","774836","32","23308284"
"chr17","24393927","24394226","KN295261v1","641058","641352","17","23752869"
"chr17","24528217","24528507","KN294230v1","118387","118681","15","24409830"
"chr17","24540573","24540862","KN295705v1","325636","325934","40","24214937"
"chr17","24584662","24584970","KN294230v1","63100","63411","23","24521562"
"chr17","24600640","24600941","KN294230v1","46670","46969","13","24553970"
"chr17","24779961","24780172","KN295894v1","2215631","2215837","39","22564330"
"chr17","24810935","24811234","KN296000v1","1247118","1247423","39","23563817"
"chr17","24973799","24974103","KN296004v1","398217","398517","44","24575582"
"chr17","25339634","25339942","KN296484v1","1024460","1024770","33","24315174"
"chr17","25344155","25344456","KN296635v1","1808458","1808757","37","23535697"
"chr17","25383571","25383861","KN296495v1","2925731","2926025","30","22457840"
"chr17","25415468","25415746","KN296108v1","428328","428606","39","24987140"
"chr17","25488506","25488810","KN294262v1","941123","941434","40","24547383"
"chr17","25538958","25539255","KN294229v1","325933","326233","45","25213025"
"chr17","25617454","25617604","KN296430v1","705227","705382","30","24912227"
"chr17","25617652","25617662","KN294443v1","170714","170724","3","25446938"
"chr17","26214970","26215265","KN296970v1","1175434","1175726","13","25039536"
"chr17","26240624","26240932","KN296970v1","1149429","1149740","27","25091195"
"chr17","26513874","26514179","KN296970v1","869563","869868","10","25644311"
"chr17","26706086","26706380","KN297038v1","1342257","1342550","28","25363829"
"chr17","26848075","26848376","KN294325v1","914500","914798","35","25933575"
"chr17","27083985","27084293","KN294499v1","1884605","1884912","34","25199380"
"chr17","27139845","27140129","KN296970v1","237442","237722","25","26902403"
"chr17","27249046","27249341","KN296970v1","119755","120044","20","27129291"
"chr17","27256651","27256917","KN296970v1","112186","112469","30","27144465"
"chr17","27292130","27292425","KN296970v1","76733","77026","12","27215397"
"chr17","27382763","27383073","KN296495v1","3348957","3349270","15","24033806"
"chr17","27636231","27636533","KN296495v1","3094214","3094509","21","24542017"
"chr17","27839706","27839981","KN294172v1","1585798","1586062","44","26253908"
"chr17","27868802","27869089","KN296495v1","2861848","2862138","17","25006954"
"chr17","28077841","28078024","KN296096v1","3761145","3761324","43","24316696"
"chr17","28451452","28451619","KN297442v1","1675403","1675576","37","26776049"
"chr17","28459350","28459498","KN295236v1","151283","151434","43","28308067"
"chr17","28518898","28519193","KN296495v1","2211795","2212101","24","26307103"
"chr17","28583261","28583579","KN296495v1","2146661","2146973","22","26436600"
"chr17","28602714","28603036","KN296495v1","2126108","2126415","40","26476606"
"chr17","28672412","28672567","KN296187v1","2258366","2258528","27","26414046"
"chr17","28696237","28696557","KN296495v1","2030405","2030734","33","26665832"
"chr17","28765660","28765834","KN296306v1","3290422","3290582","37","25475238"
"chr17","28772520","28772692","KN297154v1","211161","211330","31","28561359"
"chr17","28800460","28800776","KN296495v1","1915876","1916172","38","26884584"
"chr17","28921788","28922088","KN296495v1","1791937","1792242","22","27129851"
"chr17","28934254","28934564","KN296495v1","1779605","1779915","16","27154649"
"chr17","28969352","28969658","KN296495v1","1755077","1755358","36","27214275"
"chr17","29022045","29022214","KN297154v1","211161","211330","25","28810884"
"chr17","29022518","29022531","KN294213v1","437220","437234","7","28585298"
"chr17","29055170","29055440","KN296495v1","1667589","1667877","31","27387581"
"chr17","29118600","29118911","KN296495v1","1602771","1603082","10","27515829"
"chr17","29126360","29126466","KN295038v1","684331","684427","20","28442029"
"chr17","29127978","29128273","KN296495v1","1593396","1593705","31","27534582"
"chr17","29178988","29179246","KN296495v1","1540567","1540826","13","27638421"
"chr17","29183570","29183840","KN296495v1","1533911","1534185","22","27649659"
"chr17","29199651","29199928","KN294539v1","1591360","1591636","35","27608291"
"chr17","29233871","29234218","KN294790v1","2251032","2251377","60","26982839"
"chr17","29234705","29234858","KN296495v1","1470532","1470683","8","27764173"
"chr17","29235178","29235310","KN296495v1","1470092","1470224","9","27765086"
"chr17","29243619","29243910","KN296495v1","1462434","1462723","15","27781185"
"chr17","29412058","29412237","KN297154v1","211161","211330","27","29200897"
"chr17","29447397","29447694","KN296495v1","1243624","1243910","23","28203773"
"chr17","29464704","29464938","KN295523v1","1167591","1167841","62","28297113"
"chr17","29545486","29545685","KN295592v1","2117889","2118089","51","27427597"
"chr17","29574122","29574427","KN296495v1","1114240","1114544","12","28459882"
"chr17","29734235","29734487","KN296266v1","16134","16379","43","29718101"
"chr17","29881799","29882044","KN296495v1","797555","797801","5","29084244"
"chr17","29893791","29893962","KN296122v1","77654","77829","39","29816137"
"chr17","29928703","29928866","KN295667v1","830007","830168","30","29098696"
"chr17","29928908","29929026","KN294172v1","3927953","3928072","15","26000955"
"chr17","29936110","29936413","KN295871v1","678303","678603","39","29257807"
"chr17","29965175","29965472","KN295343v1","373896","374196","45","29591279"
"chr17","30016662","30016970","KN296495v1","651892","652200","16","29364770"
"chr17","30157402","30157576","KN295967v1","467933","468109","26","29689469"
"chr17","30279791","30280072","KN295257v1","348260","348541","35","29931531"
"chr17","30291692","30292010","KN296315v1","334318","334635","48","29957374"
"chr17","30492742","30493048","KN296495v1","166852","167158","21","30325890"
"chr17","30708782","30709086","KN295205v1","845133","845435","29","29863649"
"chr17","30908221","30908522","KN295343v1","373896","374196","36","30534325"
"chr17","30952898","30953204","KN296380v1","7066","7372","34","30945832"
"chr17","31027127","31027373","KN294262v1","122442","122692","53","30904685"
"chr17","31027410","31027431","KN296139v1","69081","69102","5","30958329"
"chr17","31230961","31231263","KN294399v1","115875","116174","36","31115086"
"chr17","31344404","31344713","KN296119v1","2087223","2087529","36","29257181"
"chr17","31875412","31875723","KN294251v1","2039161","2039471","40","29836251"
"chr17","32472826","32473137","KN294372v1","1311490","1311797","36","31161336"
"chr17","32573122","32573414","KN295257v1","1832843","1833134","34","30740279"
"chr17","32709895","32710189","KN297452v1","1979430","1979725","31","30730465"
"chr17","32892601","32892657","KN296726v1","937390","937454","24","31955211"
"chr17","32960235","32960496","KN297197v1","3429038","3429300","41","29531197"
"chr17","33274384","33274685","KN294540v1","651367","651664","33","32623017"
"chr17","33466889","33467173","KN296726v1","936728","937013","37","32530161"
"chr17","33591221","33591522","KN296702v1","937749","938049","34","32653472"
"chr17","33732674","33732980","KN294790v1","1645392","1645693","40","32087282"
"chr17","33746587","33746880","KN295962v1","2457159","2457455","32","31289428"
"chr17","33809059","33809225","KN296187v1","2258366","2258528","28","31550693"
"chr17","33914566","33914874","KN294416v1","320290","320595","40","33594276"
"chr17","33925405","33925725","KN295424v1","76367","76689","45","33849038"
"chr17","34042247","34042551","KN296004v1","398217","398517","32","33644030"
"chr17","34064880","34065189","KN296093v1","185428","185734","40","33879452"
"chr17","34223087","34223393","KN294451v1","194657","194961","41","34028430"
"chr17","34309822","34310129","KN294385v1","1569211","1569513","36","32740611"
"chr17","34409028","34409341","KN294883v1","392954","393264","45","34016074"
"chr17","34449715","34450009","KN294479v1","138046","138339","32","34311669"
"chr17","34725732","34726046","KN297044v1","108239","108545","29","34617493"
"chr17","34813137","34813439","KN297452v1","1979430","1979725","37","32833707"
"chr17","34927568","34927875","KN296739v1","188322","188625","37","34739246"
"chr17","34978865","34979165","KN295343v1","373896","374196","35","34604969"
"chr17","35042292","35042609","KN294385v1","291689","291997","51","34750603"
"chr17","35097170","35097467","KN294172v1","1462531","1462825","37","33634639"
"chr17","35315405","35315576","KN296153v1","2118691","2118861","20","33196714"
"chr17","35510902","35511211","KN297044v1","108239","108545","33","35402663"
"chr17","35552269","35552572","KN296864v1","3059211","3059513","35","32493058"
"chr17","35577003","35577299","KN295523v1","1063802","1064098","36","34513201"
"chr17","35642072","35642367","KN294619v1","1362925","1363220","37","34279147"
"chr17","35694930","35695102","KN296486v1","1714803","1714969","29","33980127"
"chr17","35707975","35708261","KN294569v1","795781","796071","32","34912194"
"chr17","35774367","35774666","KN294172v1","6407720","6408021","40","29366647"
"chr17","36018250","36018546","KN294933v1","702176","702473","36","35316074"
"chr17","36161413","36161634","KN295405v1","471949","472159","43","35689464"
"chr17","36202239","36202534","KN296883v1","2305323","2305616","37","33896916"
"chr17","36252942","36253242","KN296495v1","388170","388470","43","35864772"
"chr17","36295302","36295463","KN297242v1","3635969","3636126","33","32659333"
"chr17","36325866","36326161","KN296495v1","1915876","1916172","48","34409990"
"chr17","36402495","36402805","KN296484v1","1024460","1024770","37","35378035"
"chr17","36493306","36493602","KN297077v1","406199","406491","32","36087107"
"chr17","36596490","36596772","KN294399v1","178526","178809","33","36417964"
"chr17","36651824","36652129","KN297229v1","59617","59922","39","36592207"
"chr17","36752452","36752728","KN296337v1","110009","110282","42","36642443"
"chr17","36756987","36757314","KN297231v1","278387","278712","44","36478600"
"chr17","36789553","36789792","KN295294v1","3311128","3311366","34","33478425"
"chr17","36847585","36847932","KN294747v1","866490","866789","65","35981095"
"chr17","36876997","36877283","KN295746v1","236127","236417","31","36640870"
"chr17","36968667","36968973","KN295198v1","807457","807762","46","36161210"
"chr17","37018911","37019207","KN297386v1","1658354","1658654","41","35360557"
"chr17","37033720","37033890","KN294790v1","2350797","2350969","31","34682923"
"chr17","37123518","37123803","KN295075v1","252071","252359","37","36871447"
"chr17","37159948","37160256","KN294399v1","115875","116174","41","37044073"
"chr17","37244809","37245112","KN294520v1","1300419","1300723","35","35944390"
"chr17","37257622","37257816","KN295045v1","1182493","1182695","33","36075129"
"chr17","37264098","37264372","KN296485v1","447446","447718","34","36816652"
"chr17","37374274","37374509","KN294939v1","440555","440786","50","36933719"
"chr17","37618587","37618768","KN296119v1","3355213","3355396","40","34263374"
"chr17","37643879","37644187","KN296806v1","78148","78452","40","37565731"
"chr17","37691998","37692301","KN295284v1","267335","267639","39","37424663"
"chr17","37838687","37838995","KN295371v1","255428","255736","42","37583259"
"chr17","37906683","37906963","KN295692v1","4021734","4022018","41","33884949"
"chr17","37918779","37919077","KN297320v1","339616","339913","38","37579163"
"chr17","37969447","37969760","KN294499v1","2542984","2543291","41","35426463"
"chr17","38130850","38131147","KN296263v1","1107598","1107890","37","37023252"
"chr17","38247902","38248188","KN294837v1","85735","86021","19","38162167"
"chr17","38409047","38409223","KN295408v1","16726","16898","29","38392321"
"chr17","38492133","38492403","KN294187v1","907689","907968","50","37584444"
"chr17","38582359","38582673","KN294837v1","421876","422183","12","38160483"
"chr17","38608411","38608716","KN294837v1","450075","450374","17","38158336"
"chr17","38665039","38665331","KN295633v1","380279","380574","41","38284760"
"chr17","38672036","38672342","KN296311v1","4780889","4781195","33","33891147"
"chr17","38735313","38735625","KN297133v1","697008","697316","41","38038305"
"chr17","38752418","38752726","KN296484v1","1024460","1024770","35","37727958"
"chr17","39134291","39134600","KN296371v1","74804","75113","26","39059487"
"chr17","39462838","39463139","KN294462v1","168615","168887","44","39294223"
"chr17","39473849","39474150","KN294582v1","148271","148567","37","39325578"
"chr17","39513044","39513338","KN295523v1","1063802","1064098","42","38449242"
"chr17","39550890","39551053","KN294187v1","1542649","1542810","29","38008241"
"chr17","39551359","39551497","KN295171v1","775136","775271","19","38776223"
"chr17","39557872","39558153","KN294462v1","179583","179861","35","39378289"
"chr17","39604608","39604908","KN294539v1","1456926","1457228","42","38147682"
"chr17","39801823","39802125","KN294462v1","540671","540960","25","39261152"
"chr17","40046422","40046724","KN295871v1","678303","678603","43","39368119"
"chr17","40191102","40191341","KN295533v1","2839113","2839350","49","37351989"
"chr17","40222678","40222959","KN297227v1","240655","240937","34","39982023"
"chr17","40310661","40310962","KN296761v1","97995","98298","34","40212666"
"chr17","40324431","40324592","KN295294v1","769026","769186","30","39555405"
"chr17","40433972","40434270","KN295382v1","94275","94575","16","40339697"
"chr17","40464129","40464440","KN295382v1","52200","52512","14","40411929"
"chr17","40877219","40877511","KN294739v1","1004154","1004447","48","39873065"
"chr17","40882751","40883041","KN294292v1","71877","72183","55","40810874"
"chr17","40989658","40989959","KN294161v1","418646","418945","47","40571012"
"chr17","41241909","41242217","KN294292v1","71877","72183","37","41170032"
"chr17","41263347","41263657","KN296308v1","1375242","1375546","11","39888105"
"chr17","41288427","41288731","KN295586v1","5713036","5713339","42","35575391"
"chr17","41293931","41294233","KN296308v1","1346477","1346778","24","39947454"
"chr17","41335246","41335545","KN296308v1","1305053","1305350","29","40030193"
"chr17","41370164","41370453","KN294569v1","795781","796071","35","40574383"
"chr17","41518152","41518461","KN296308v1","1114620","1114929","13","40403532"
"chr17","41544808","41545161","KN296308v1","1089917","1090254","35","40454891"
"chr17","41744840","41745005","KN296086v1","825589","825753","39","40919251"
"chr17","41748233","41748410","KN295408v1","16726","16898","25","41731507"
"chr17","41848189","41848460","KN296308v1","783444","783714","18","41064745"
"chr17","41875214","41875519","KN294210v1","452632","452942","45","41422582"
"chr17","42263207","42263525","KN294499v1","2542984","2543291","45","39720223"
"chr17","42274085","42274380","KN296308v1","367560","367855","5","41906525"
"chr17","42277260","42277557","KN295343v1","373896","374196","31","41903364"
"chr17","42296194","42296488","KN296308v1","344771","345072","18","41951423"
"chr17","42766260","42766587","KN294946v1","10938","11261","53","42755322"
"chr17","42843592","42843889","KN295343v1","373896","374196","35","42469696"
"chr17","42961483","42961799","KN294949v1","142900","143219","47","42818583"
"chr17","42968071","42968354","KN294592v1","567946","568227","44","42400125"
"chr17","43255035","43255241","KN295402v1","1054314","1054523","32","42200721"
"chr17","43426764","43427071","KN294520v1","1300419","1300723","41","42126345"
"chr17","43461773","43462066","KN296508v1","1489307","1489607","37","41972466"
"chr17","43647356","43647659","KN294471v1","75663","75970","34","43571693"
"chr17","43688107","43688279","KN296292v1","312589","312775","38","43375518"
"chr17","43691241","43691385","KN294182v1","504737","504883","38","43186504"
"chr17","43693502","43693757","KN295090v1","1375960","1376204","54","42317542"
"chr17","43694249","43694551","KN296620v1","947748","948045","38","42746501"
"chr17","43728546","43728814","KN294991v1","1407340","1407602","39","42321206"
"chr17","43748000","43748172","KN295294v1","769026","769186","35","42978974"
"chr17","43817629","43817933","KN297274v1","1522104","1522408","50","42295525"
"chr17","43826229","43826520","KN294326v1","427946","428232","38","43398283"
"chr17","43886275","43886376","KN297157v1","346096","346184","26","43540179"
"chr17","43892790","43893068","KN295257v1","348260","348541","36","43544530"
"chr17","43928313","43928592","KN296869v1","274126","274408","35","43654187"
"chr17","43950576","43950873","KN295962v1","674128","674422","35","43276448"
"chr17","44031282","44031585","KN296620v1","257480","257787","28","43773802"
"chr17","44075578","44075880","KN294922v1","720408","720710","43","43355170"
"chr17","44199213","44199513","KN294443v1","1296759","1297063","15","42902454"
"chr17","44296800","44296988","KN295236v1","4802595","4802791","31","39494205"
"chr17","44410544","44410824","KN294172v1","4114073","4114355","43","40296471"
"chr17","44512553","44512860","KN294443v1","953220","953526","35","43559333"
"chr17","44652050","44652344","KN294443v1","864673","864977","24","43787377"
"chr17","44660005","44660265","KN294147v1","160729","160994","50","44499276"
"chr17","44742966","44743224","KN294443v1","775134","775394","16","43967832"
"chr17","44851236","44851544","KN296119v1","3556005","3556313","36","41295231"
"chr17","44861517","44861752","KN294443v1","638483","638720","16","44223034"
"chr17","44987568","44987875","KN294443v1","502143","502440","20","44485425"
"chr17","45164247","45164543","KN295962v1","674128","674422","31","44490119"
"chr17","45327712","45328022","KN294172v1","2563164","2563468","45","42764548"
"chr17","45356158","45356448","KN294443v1","130335","130631","20","45225823"
"chr17","45359482","45359793","KN294443v1","127004","127315","17","45232478"
"chr17","45758936","45759194","KN294257v1","261816","262075","12","45497120"
"chr17","45803947","45804246","KN294446v1","334147","334458","46","45469800"
"chr17","45992036","45992326","KN294257v1","467507","467813","26","45524529"
"chr17","46036315","46036594","KN294257v1","512516","512796","10","45523799"
"chr17","46042927","46043208","KN294257v1","519362","519655","28","45523565"
"chr17","46083407","46083698","KN294257v1","559238","559529","8","45524169"
"chr17","46329908","46330201","KN294257v1","797075","797352","24","45532833"
"chr17","46525333","46525628","KN294257v1","1004902","1005180","33","45520431"
"chr17","46545724","46546033","KN294257v1","1022785","1023107","30","45522939"
"chr17","46598511","46598808","KN294257v1","1076100","1076397","19","45522411"
"chr17","46648998","46649241","KN295371v1","756383","756611","39","45892615"
"chr17","46779833","46780132","KN294257v1","1252154","1252453","14","45527679"
"chr17","46799096","46799283","KN296486v1","1468682","1468869","37","45330414"
"chr17","46929219","46929511","KN297452v1","1979430","1979725","37","44949789"
"chr17","46996318","46996627","KN294257v1","1476443","1476735","34","45519875"
"chr17","47003776","47004033","KN296775v1","308442","308696","44","46695334"
"chr17","47220589","47220902","KN294257v1","1711755","1712065","19","45508834"
"chr17","47239233","47239559","KN294257v1","1730513","1730835","27","45508720"
"chr17","47239567","47239729","KN297154v1","211161","211330","29","47028406"
"chr17","47414211","47414476","KN294520v1","1236500","1236765","40","46177711"
"chr17","47456597","47456759","KN295294v1","769026","769186","28","46687571"
"chr17","47602462","47602758","KN294257v1","2098562","2098858","9","45503900"
"chr17","47616445","47616663","KN295091v1","1736105","1736304","59","45880340"
"chr17","48195110","48195400","KN294257v1","2689611","2689909","17","45505499"
"chr17","48289254","48289546","KN294257v1","2785874","2786163","22","45503380"
"chr17","48628851","48629166","KN294520v1","1300419","1300723","50","47328432"
"chr17","48806898","48807203","KN297159v1","2012894","2013203","42","46794004"
"chr17","48983624","48983907","KN294922v1","212322","212605","36","48771302"
"chr17","49295008","49295316","KN294416v1","768533","768836","38","48526475"
"chr17","49434452","49434748","KN294485v1","105000","105306","45","49329452"
"chr17","49681835","49682144","KN296825v1","1702761","1703066","32","47979074"
"chr17","50259223","50259505","KN297369v1","169839","170118","37","50089384"
"chr17","50264200","50264494","KN295080v1","120776","121074","41","50143424"
"chr17","50287466","50287769","KN294486v1","1188195","1188494","36","49099271"
"chr17","50346238","50346542","KN297322v1","1320329","1320630","31","49025909"
"chr17","50391092","50391348","KN295930v1","347803","348069","54","50043289"
"chr17","50415839","50416008","KN296086v1","825589","825753","40","49590250"
"chr17","50468763","50469062","KN294842v1","345731","346031","37","50123032"
"chr17","50502929","50503222","KN294439v1","265245","265540","30","50237684"
"chr17","50524495","50524676","KN297094v1","185988","186163","32","50338507"
"chr17","50532847","50533148","KN296484v1","1024460","1024770","48","49508387"
"chr17","50575309","50575485","KN296959v1","1152394","1152569","37","49422915"
"chr17","50628799","50629107","KN295102v1","249012","249316","39","50379787"
"chr17","50644952","50645261","KN294416v1","768533","768836","40","49876419"
"chr17","50743919","50744189","KN295350v1","991261","991528","36","49752658"
"chr17","50752963","50753265","KN294583v1","245896","246194","37","50507067"
"chr17","50800028","50800323","KN295671v1","275602","275897","33","50524426"
"chr17","50807608","50807903","KN294251v1","1515118","1515410","37","49292490"
"chr17","50818106","50818384","KN294172v1","5743616","5743895","39","45074490"
"chr17","51273454","51273751","KN295637v1","390162","390458","29","50883292"
"chr17","51286418","51286597","KN296486v1","1714803","1714969","46","49571615"
"chr17","51414742","51415039","KN295526v1","979159","979460","33","50435583"
"chr17","51657149","51657447","KN294964v1","864674","864972","32","50792475"
"chr17","51695968","51696261","KN294493v1","991664","991964","41","50704304"
"chr17","51865959","51866256","KN296495v1","388170","388470","47","51477789"
"chr17","52105587","52105885","KN296495v1","1209717","1210015","33","50895870"
"chr17","52224176","52224476","KN294520v1","1300419","1300723","43","50923757"
"chr17","52257801","52258052","KN296153v1","2648839","2649096","55","49608962"
"chr17","52442145","52442302","KN295294v1","769026","769186","37","51673119"
"chr17","52547506","52547807","KN294187v1","315493","315794","39","52232013"
"chr17","52913834","52914158","KN296145v1","3242116","3242420","53","49671718"
"chr17","53066163","53066478","KN294251v1","2039161","2039471","52","51027002"
"chr17","53561869","53562173","KN296609v1","1757848","1758154","38","51804021"
"chr17","53588867","53589126","KN297197v1","3429038","3429300","36","50159829"
"chr17","53605578","53605872","KN294940v1","380863","381150","45","53224715"
"chr17","53828869","53829161","KN297077v1","406199","406491","32","53422670"
"chr17","53955089","53955253","KN296442v1","161809","161973","31","53793280"
"chr17","53993279","53993418","KN295171v1","774709","774836","35","53218570"
"chr17","54012170","54012364","KN295825v1","1755419","1755627","39","52256751"
"chr17","54121650","54121958","KN294592v1","922102","922412","34","53199548"
"chr17","54253788","54254085","KN294790v1","71150","71455","42","54182638"
"chr17","54310598","54310893","KN294571v1","2837988","2838277","41","51472610"
"chr17","54413213","54413491","KN297083v1","400309","400588","34","54012904"
"chr17","54451668","54451959","KN295090v1","2695348","2695640","51","51756320"
"chr17","54468843","54469146","KN295854v1","1504180","1504481","42","52964663"
"chr17","54511112","54511405","KN296682v1","2085361","2085660","41","52425751"
"chr17","54527016","54527312","KN294668v1","2003347","2003642","30","52523669"
"chr17","54529191","54529235","KN295045v1","1336617","1336651","17","53192574"
"chr17","54565523","54565820","KN296495v1","388170","388470","35","54177353"
"chr17","54569687","54569959","KN294790v1","1757263","1757538","35","52812424"
"chr17","54579451","54579749","KN295319v1","36043","36339","33","54543408"
"chr17","54586808","54587117","KN295671v1","158927","159233","33","54427881"
"chr17","54653619","54653913","KN297452v1","1979430","1979725","22","52674189"
"chr17","54710940","54711247","KN294520v1","1300419","1300723","38","53410521"
"chr17","54735328","54735620","KN294668v1","3660319","3660612","38","51075009"
"chr17","54738303","54738587","KN295075v1","252071","252359","36","54486232"
"chr17","54759076","54759375","KN296826v1","122558","122853","34","54636518"
"chr17","54781463","54781746","KN295343v1","373896","374196","42","54407567"
"chr17","54787423","54787721","KN296620v1","947748","948045","34","53839675"
"chr17","54789421","54789726","KN296036v1","2407301","2407601","44","52382120"
"chr17","54803090","54803382","KN295420v1","372108","372400","33","54430982"
"chr17","54844138","54844302","KN296311v1","1013861","1014022","35","53830277"
"chr17","54852624","54852910","KN296311v1","5077350","5077639","34","49775274"
"chr17","54941134","54941439","KN294850v1","121634","121934","39","54819500"
"chr17","55005737","55006035","KN296036v1","2407301","2407601","35","52598436"
"chr17","55273519","55273820","KN296201v1","2904235","2904535","35","52369284"
"chr17","55497211","55497519","KN296761v1","97995","98298","50","55399216"
"chr17","55514812","55514979","KN296153v1","33021","33191","17","55481791"
"chr17","55531199","55531503","KN294922v1","720408","720710","39","54810791"
"chr17","55574138","55574447","KN296093v1","185428","185734","40","55388710"
"chr17","55687019","55687272","KN294561v1","1532954","1533202","48","54154065"
"chr17","55720964","55721269","KN294592v1","51794","52092","37","55669170"
"chr17","55786317","55786620","KN295090v1","291736","292032","35","55494581"
"chr17","55800347","55800631","KN296322v1","1274469","1274756","32","54525878"
"chr17","55809992","55810281","KN296311v1","5951628","5951900","46","49858364"
"chr17","55828022","55828321","KN295034v1","604953","605250","32","55223069"
"chr17","55898308","55898604","KN295607v1","3185459","3185755","40","52712849"
"chr17","56029985","56030262","KN294326v1","460637","460911","30","55569348"
"chr17","56469287","56469585","KN297274v1","1043910","1044208","34","55425377"
"chr17","56555285","56555566","KN295045v1","756205","756493","46","55799080"
"chr17","56704498","56704774","KN296054v1","63194","63469","42","56641304"
"chr17","56852442","56852478","KN296316v1","148146","148173","16","56704296"
"chr17","56880888","56881187","KN294540v1","651367","651664","36","56229521"
"chr17","56941644","56941939","KN294879v1","55754","56047","39","56885890"
"chr17","56958270","56958579","KN296484v1","1024460","1024770","39","55933810"
"chr17","56968356","56968663","KN297046v1","1936059","1936365","45","55032297"
"chr17","56979015","56979140","KN295171v1","774709","774836","51","56204306"
"chr17","57091762","57092050","KN295857v1","32063","32348","40","57059699"
"chr17","57132148","57132452","KN294873v1","432363","432666","40","56699785"
"chr17","57185837","57186032","KN297386v1","2382714","2382909","29","54803123"
"chr17","57186064","57186359","KN294325v1","914500","914798","40","56271564"
"chr17","57195471","57195780","KN296145v1","3242116","3242420","44","53953355"
"chr17","57200623","57200935","KN294218v1","2054777","2055092","43","55145846"
"chr17","57204855","57205081","KN295437v1","25055","25286","41","57179800"
"chr17","57309881","57310182","KN297432v1","293047","293344","37","57016834"
"chr17","57358382","57358655","KN295828v1","1095001","1095277","40","56263381"
"chr17","57517813","57518113","KN294790v1","1645392","1645693","34","55872421"
"chr17","57663773","57664060","KN295257v1","348260","348541","31","57315513"
"chr17","57670200","57670476","KN296846v1","1246318","1246591","39","56423882"
"chr17","57940294","57940612","KN294261v1","81115","81428","71","57859179"
"chr17","58236460","58236760","KN297044v1","108239","108545","44","58128221"
"chr17","58381472","58381778","KN296641v1","1285515","1285812","43","57095957"
"chr17","58394420","58394719","KN294668v1","4045257","4045554","38","54349163"
"chr17","58404963","58405290","KN294842v1","1766237","1766547","73","56638726"
"chr17","58651566","58651864","KN295343v1","373896","374196","32","58277670"
"chr17","58785921","58786230","KN297044v1","108239","108545","38","58677682"
"chr17","58988868","58989165","KN296934v1","452607","452901","44","58536261"
"chr17","59058467","59058761","KN297452v1","1979430","1979725","37","57079037"
"chr17","59283327","59283625","KN296826v1","122558","122853","35","59160769"
"chr17","59287689","59287985","KN294540v1","651367","651664","36","58636322"
"chr17","59331898","59332201","KN295586v1","5713036","5713339","38","53618862"
"chr17","59459254","59459558","KN294292v1","71877","72183","38","59387377"
"chr17","59651912","59652223","KN294662v1","393280","393590","41","59258632"
"chr17","59705900","59706197","KN295699v1","199","496","37","59705701"
"chr17","59938681","59938981","KN295854v1","1504180","1504481","31","58434501"
"chr17","60110677","60110980","KN295667v1","2142758","2143066","42","57967919"
"chr17","60155969","60156262","KN294933v1","702176","702473","40","59453793"
"chr17","60254062","60254342","KN297320v1","126805","127086","37","60127257"
"chr17","60505639","60505938","KN296036v1","1306747","1307034","67","59198892"
"chr17","60729257","60729576","KN295090v1","1517745","1518055","52","59211512"
"chr17","61044886","61045187","KN296635v1","1808458","1808757","34","59236428"
"chr17","61168800","61169110","KN294883v1","392954","393264","33","60775846"
"chr17","61199483","61199785","KN294592v1","51794","52092","36","61147689"
"chr17","61233118","61233310","KN296859v1","1427369","1427572","38","59805749"
"chr17","61233619","61233732","KN295236v1","4803407","4803521","17","56430212"
"chr17","61259735","61260032","KN295974v1","2054560","2054859","33","59205175"
"chr17","61288443","61288749","KN294399v1","115875","116174","51","61172568"
"chr17","61320236","61320538","KN296380v1","7066","7372","32","61313170"
"chr17","61356069","61356367","KN296828v1","229290","229585","37","61126779"
"chr17","61412775","61413077","KN296547v1","1509134","1509435","28","59903641"
"chr17","61413971","61414264","KN295974v1","2054560","2054859","40","59359411"
"chr17","61444519","61444817","KN294571v1","1349003","1349300","40","60095516"
"chr17","61486857","61487169","KN296242v1","863939","864251","46","60622918"
"chr17","61708421","61708726","KN297445v1","1451333","1451641","25","60257088"
"chr17","61718048","61718229","KN295349v1","47758","47931","32","61670290"
"chr17","62029211","62029354","KN296320v1","206630","206772","31","61822581"
"chr17","62041398","62041708","KN294251v1","2039161","2039471","36","60002237"
"chr17","62150492","62150670","KN295319v1","430475","430648","39","61720017"
"chr17","62221886","62222194","KN297445v1","930190","930498","15","61291696"
"chr17","63061600","63061896","KN297445v1","71743","72033","24","62989857"
"chr17","63193221","63193511","KN294187v1","907689","907968","53","62285532"
"chr17","63294796","63295094","KN295923v1","1430363","1430659","34","61864433"
"chr17","63297280","63297602","KN294558v1","506303","506623","51","62790977"
"chr17","63365426","63365724","KN295586v1","5713036","5713339","38","57652390"
"chr17","63485488","63485648","KN294613v1","769657","769824","28","62715831"
"chr17","63604824","63605133","KN294385v1","291689","291997","43","63313135"
"chr17","63932839","63933133","KN296153v1","3956819","3957110","47","59976020"
"chr17","64029340","64029562","KN296263v1","1174252","1174472","32","62855088"
"chr17","64108592","64108613","KN295651v1","344716","344740","7","63763876"
"chr17","64108705","64108979","KN294705v1","870227","870507","38","63238478"
"chr17","64163250","64163557","KN297044v1","108239","108545","36","64055011"
"chr17","64767649","64767944","KN294539v1","1107554","1107850","31","63660095"
"chr17","64818283","64818593","KN296732v1","3129981","3130299","49","61688302"
"chr17","64889525","64889832","KN294385v1","291689","291997","37","64597836"
"chr17","65094501","65094807","KN296806v1","78148","78452","40","65016353"
"chr17","65099650","65099925","KN296948v1","1093312","1093584","46","64006338"
"chr17","65106221","65106522","KN295366v1","153538","153829","41","64952683"
"chr17","65123432","65123698","KN294848v1","699554","699832","57","64423878"
"chr17","65135769","65136071","KN294964v1","864674","864972","41","64271095"
"chr17","65179065","65179361","KN296507v1","600509","600805","35","64578556"
"chr17","65247921","65248225","KN294467v1","105458","105766","40","65142463"
"chr17","65371211","65371470","KN296271v1","121078","121345","42","65250133"
"chr17","65470665","65470970","KN294458v1","74669","74974","42","65395996"
"chr17","65638075","65638310","KN296119v1","1099727","1099949","47","64538348"
"chr17","66125957","66126245","KN296761v1","888116","888367","47","65237841"
"chr17","66238142","66238421","KN296761v1","774603","774879","13","65463539"
"chr17","66305983","66306281","KN296761v1","706874","707173","16","65599109"
"chr17","66601523","66601811","KN296761v1","405658","405940","17","66195865"
"chr17","66719872","66720181","KN296761v1","282428","282715","35","66437444"
"chr17","66765347","66765648","KN296761v1","97995","98298","33","66667352"
"chr17","66891844","66892152","KN296761v1","97995","98298","19","66793849"
"chr17","66939314","66939607","KN296761v1","50438","50731","21","66888876"
"chr17","67533555","67533777","KN294339v1","34283","34502","30","67499272"
"chr17","67748616","67748933","KN296009v1","832492","832797","26","66916124"
"chr17","67835387","67835689","KN296009v1","924037","924341","22","66911350"
"chr17","68022766","68023043","KN295257v1","348260","348541","37","67674506"
"chr17","68272531","68272848","KN296000v1","1247118","1247423","38","67025413"
"chr17","68301303","68301584","KN296009v1","1406439","1406720","19","66894864"
"chr17","68312296","68312609","KN296009v1","1417232","1417526","31","66895064"
"chr17","68339008","68339312","KN296062v1","2620590","2620895","43","65718418"
"chr17","68378100","68378391","KN296577v1","124145","124435","33","68253955"
"chr17","68379907","68380217","KN297044v1","108239","108545","37","68271668"
"chr17","68397236","68397539","KN296158v1","1447030","1447336","37","66950206"
"chr17","68484012","68484308","KN295257v1","113112","113406","13","68370900"
"chr17","68555978","68556283","KN294224v1","632559","632859","48","67923419"
"chr17","68778203","68778488","KN296732v1","2792402","2792689","38","65985801"
"chr17","68817496","68817802","KN295923v1","1430363","1430659","34","67387133"
"chr17","68909014","68909289","KN296119v1","931780","932057","43","67977234"
"chr17","69022127","69022435","KN295362v1","690055","690367","67","68332072"
"chr17","69039226","69039523","KN295257v1","675749","676057","32","68363477"
"chr17","69053186","69053483","KN295257v1","689813","690107","20","68363373"
"chr17","69074066","69074361","KN295257v1","714674","714972","19","68359392"
"chr17","69678934","69679230","KN295257v1","1349615","1349923","21","68329319"
"chr17","69692249","69692558","KN295257v1","1364752","1365048","31","68327497"
"chr17","69980605","69980880","KN295257v1","1664131","1664435","38","68316474"
"chr17","70144064","70144382","KN295257v1","1832843","1833134","35","68311221"
"chr17","70151456","70151766","KN295257v1","1840086","1840395","22","68311370"
"chr17","70406742","70406966","KN294439v1","287915","288143","33","70118827"
"chr17","70616893","70617175","KN295405v1","157962","158246","46","70458931"
"chr17","70617214","70617225","KN295722v1","1475956","1475968","4","69141258"
"chr17","70730602","70730909","KN297186v1","1243289","1243594","16","69487313"
"chr17","70934299","70934600","KN297186v1","1040247","1040555","24","69894052"
"chr17","70969892","70970189","KN294747v1","866490","866789","38","70103402"
"chr17","70998550","70998860","KN294446v1","334147","334458","37","70664403"
"chr17","71056240","71056548","KN297186v1","917381","917689","13","70138859"
"chr17","71256196","71256466","KN295350v1","991261","991528","38","70264935"
"chr17","71281312","71281599","KN296009v1","1376950","1377229","45","69904362"
"chr17","71471859","71472178","KN297186v1","519740","520048","35","70952119"
"chr17","71543587","71543763","KN296086v1","825589","825753","42","70717998"
"chr17","71699396","71699698","KN295343v1","373896","374196","34","71325500"
"chr17","71950992","71951312","KN296635v1","1808458","1808757","74","70142534"
"chr17","71972325","71972602","KN296036v1","2407301","2407601","51","69565024"
"chr18","63996","64293","KN295304v1","65562","65863","21","1566"
"chr18","231206","231492","KN295304v1","239758","240038","28","8552"
"chr18","874588","874903","KN296555v1","42998","43310","16","831590"
"chr18","1477710","1478014","KN294571v1","1349003","1349300","37","128707"
"chr18","1553962","1554259","KN294439v1","265245","265540","41","1288717"
"chr18","1828224","1828517","KN295893v1","7601359","7601657","37","5773135"
"chr18","2254647","2254942","KN295102v1","249012","249316","42","2005635"
"chr18","2545973","2546246","KN297154v1","164484","164756","31","2381489"
"chr18","2623707","2624003","KN294911v1","2237890","2238186","39","385817"
"chr18","2847066","2847245","KN294172v1","5506384","5506576","36","2659318"
"chr18","3201642","3201877","KN296743v1","1962301","1962534","34","1239341"
"chr18","3213926","3214233","KN294499v1","2542984","2543291","30","670942"
"chr18","3262645","3262828","KN294809v1","338554","338741","31","2924091"
"chr18","3272803","3273026","KN294172v1","819817","820034","37","2452986"
"chr18","3279884","3280178","KN295205v1","895603","895898","34","2384281"
"chr18","3283849","3284130","KN295257v1","348260","348541","34","2935589"
"chr18","3286983","3287281","KN294457v1","3210186","3210487","35","76797"
"chr18","3384215","3384521","KN297044v1","108239","108545","40","3275976"
"chr18","3391188","3391482","KN295592v1","1172307","1172593","47","2218881"
"chr18","3434335","3434624","KN297332v1","209760","210055","35","3224575"
"chr18","3955736","3956051","KN294385v1","767967","768276","46","3187769"
"chr18","4073596","4073805","KN295090v1","42834","43042","57","4030762"
"chr18","4968235","4968545","KN294416v1","303238","303546","33","4664997"
"chr18","5325910","5326198","KN297168v1","14797","15086","36","5311113"
"chr18","5506748","5507053","KN295371v1","619650","619955","41","4887098"
"chr18","6027694","6027973","KN295090v1","1320474","1320754","53","4707220"
"chr18","6065056","6065364","KN296732v1","3129981","3130299","55","2935075"
"chr18","6109208","6109377","KN296829v1","582931","583096","38","5526277"
"chr18","6454358","6454645","KN295854v1","1504180","1504481","51","4950178"
"chr18","6750940","6751236","KN295962v1","674128","674422","39","6076812"
"chr18","6899673","6899957","KN297452v1","1979430","1979725","45","4920243"
"chr18","6972156","6972452","KN295548v1","143484","143790","44","6828672"
"chr18","7159811","7160118","KN294790v1","3806584","3806878","54","3353227"
"chr18","7590234","7590543","KN296484v1","1024460","1024770","42","6565774"
"chr18","8920717","8921025","KN296311v1","4507488","4507798","43","4413229"
"chr18","9055691","9055972","KN295883v1","683295","683577","36","8372396"
"chr18","9334817","9335144","KN295027v1","275934","276270","44","9058883"
"chr18","9338014","9338314","KN294172v1","4045851","4046145","49","5292163"
"chr18","9378647","9378943","KN297032v1","13067","13369","43","9365580"
"chr18","9503275","9503597","KN295430v1","194615","194934","33","9308660"
"chr18","9733984","9734298","KN295371v1","619650","619955","41","9114334"
"chr18","9907475","9907488","KN294964v1","594324","594339","4","9313151"
"chr18","9907514","9907796","KN295883v1","364520","364802","37","9542994"
"chr18","10119697","10120001","KN296093v1","185428","185734","44","9934269"
"chr18","10394675","10394979","KN294172v1","6407720","6408021","37","3986955"
"chr18","10596897","10597220","KN294218v1","2054777","2055092","51","8542120"
"chr18","10999336","10999642","KN295869v1","572441","572731","49","10426895"
"chr18","11061818","11062107","KN296825v1","2274464","2274753","42","8787354"
"chr18","11508226","11508507","KN294705v1","870227","870507","42","10637999"
"chr18","11556240","11556446","KN294571v1","2367043","2367240","43","9189197"
"chr18","12010767","12011033","KN296271v1","121078","121345","39","11889689"
"chr18","12102035","12102340","KN297153v1","845269","845578","39","11256766"
"chr18","12421776","12422084","KN296424v1","500396","500704","43","11921380"
"chr18","12684864","12685076","KN294404v1","154424","154626","40","12530440"
"chr18","12789508","12789809","KN295930v1","537952","538252","38","12251556"
"chr18","13134592","13134886","KN295962v1","2457159","2457455","43","10677433"
"chr18","13239650","13239922","KN296311v1","6097151","6097432","49","7142499"
"chr18","13358674","13358944","KN295350v1","404119","404399","51","12954555"
"chr18","13858267","13858564","KN297165v1","1355223","1355511","45","12503044"
"chr18","14025704","14025995","KN295962v1","2488019","2488313","49","11537685"
"chr18","14245840","14245991","KN295294v1","769026","769186","34","13476814"
"chr18","14386548","14386857","KN296484v1","1024460","1024770","42","13362088"
"chr18","14750529","14750836","KN296620v1","257480","257787","42","14493049"
"chr18","14804475","14804754","KN297369v1","169839","170118","41","14634636"
"chr18","14898852","14899134","KN296487v1","194550","194834","40","14704302"
"chr18","15663681","15663957","KN294433v1","173471","173744","40","15490210"
"chr18","15803726","15804003","KN294585v1","123677","123958","37","15680049"
"chr18","15859314","15859626","KN296119v1","3556005","3556313","45","12303309"
"chr18","16065500","16065803","KN294592v1","922102","922412","42","15143398"
"chr18","16366839","16367148","KN294980v1","879252","879562","36","15487587"
"chr18","16375946","16376226","KN297028v1","1113262","1113544","30","15262684"
"chr18","16598782","16599071","KN294292v1","69203","69492","35","16529579"
"chr18","16835169","16835458","KN294234v1","2080282","2080567","43","14754887"
"chr18","16884252","16884549","KN296557v1","548990","549285","28","16335262"
"chr18","16888748","16889034","KN294569v1","795781","796071","44","16092967"
"chr18","16934702","16935012","KN297050v1","13747","14056","43","16920955"
"chr18","17004250","17004436","KN294456v1","1183362","1183544","42","15820888"
"chr18","17064343","17064645","KN295962v1","674128","674422","39","16390215"
"chr18","17306569","17306858","KN294399v1","115875","116174","47","17190694"
"chr18","17450946","17451280","KN294790v1","2251032","2251377","66","15199914"
"chr18","17575110","17575412","KN294372v1","1311490","1311797","40","16263620"
"chr18","17788326","17788605","KN295405v1","157962","158246","33","17630364"
"chr18","17834705","17835011","KN296153v1","750041","750344","35","17084664"
"chr18","17902705","17903010","KN294520v1","1300419","1300723","37","16602286"
"chr18","19350771","19351079","KN295606v1","372538","372847","30","18978233"
"chr18","19816635","19816914","KN295717v1","728218","728510","45","19088417"
"chr18","19890183","19890306","KN295995v1","946355","946479","40","18943828"
"chr18","20095024","20095320","KN294747v1","866490","866789","37","19228534"
"chr18","20757920","20758095","KN294467v1","24643","24823","47","20733277"
"chr18","20788131","20788416","KN296108v1","735240","735530","35","20052891"
"chr18","20837277","20837565","KN294569v1","795781","796071","40","20041496"
"chr18","20872306","20872595","KN297245v1","1400749","1401038","22","19471557"
"chr18","20895909","20896217","KN296495v1","1602771","1603082","33","19293138"
"chr18","20909376","20909687","KN297044v1","108239","108545","34","20801137"
"chr18","20958606","20958909","KN297245v1","1491137","1491439","35","19467469"
"chr18","21006595","21006899","KN297245v1","1546319","1546624","25","19460276"
"chr18","21042611","21042912","KN295923v1","1430363","1430659","39","19612248"
"chr18","21165914","21166197","KN297154v1","164484","164756","42","21001430"
"chr18","21251027","21251328","KN297245v1","1790869","1791164","20","19460158"
"chr18","21338124","21338419","KN297245v1","1883184","1883475","17","19454940"
"chr18","21573580","21573737","KN296311v1","1013861","1014022","22","20559719"
"chr18","21654260","21654558","KN297245v1","2204281","2204584","15","19449979"
"chr18","21772797","21773103","KN297245v1","2328929","2329237","16","19443868"
"chr18","21870778","21871082","KN296004v1","353630","353936","31","21517148"
"chr18","21961576","21961738","KN295667v1","830007","830168","25","21131569"
"chr18","22015496","22015776","KN297016v1","70076","70353","36","21945420"
"chr18","22026125","22026279","KN297008v1","6657903","6658047","33","15368222"
"chr18","22092925","22093229","KN297245v1","2647966","2648279","22","19444959"
"chr18","22145951","22146256","KN297245v1","2702539","2702847","22","19443412"
"chr18","22590784","22591094","KN294488v1","410595","410915","20","22180189"
"chr18","22619574","22619863","KN294488v1","377149","377412","42","22242425"
"chr18","23016071","23016358","KN297274v1","1522104","1522408","49","21493967"
"chr18","23452149","23452402","KN295667v1","2051465","2051707","48","21400684"
"chr18","23720877","23721175","KN294452v1","87826","88123","13","23633051"
"chr18","24340525","24340820","KN294713v1","906973","907266","33","23433552"
"chr18","24891724","24891986","KN295362v1","113903","114168","36","24777821"
"chr18","25037710","25037995","KN294452v1","1462089","1462398","34","23575621"
"chr18","25159875","25160154","KN294172v1","4114073","4114355","38","21045802"
"chr18","26419288","26419569","KN294172v1","4114073","4114355","39","22305215"
"chr18","26689542","26689838","KN297342v1","321224","321534","34","26368318"
"chr18","26699636","26699943","KN297342v1","311120","311427","12","26388516"
"chr18","26963147","26963447","KN297342v1","42496","42783","24","26920651"
"chr18","27479213","27479406","KN294416v1","523339","523527","32","26955874"
"chr18","27508724","27509008","KN294213v1","437268","437550","17","27071456"
"chr18","27535599","27535889","KN294213v1","412580","412894","38","27123019"
"chr18","27551980","27552299","KN296311v1","4780889","4781195","51","22771091"
"chr18","27557868","27558146","KN294213v1","390776","391060","21","27167092"
"chr18","27743173","27743457","KN294996v1","360005","360288","41","27383168"
"chr18","28107489","28107780","KN296108v1","735240","735530","39","27372249"
"chr18","28406926","28407235","KN297153v1","845269","845578","36","27561657"
"chr18","28455109","28455351","KN296062v1","1353746","1353981","44","27101363"
"chr18","28799489","28799767","KN296138v1","156760","157041","36","28642729"
"chr18","28828486","28828784","KN295361v1","568711","569010","39","28259775"
"chr18","28878450","28878748","KN295198v1","807457","807762","47","28070993"
"chr18","29448400","29448667","KN294926v1","261129","261391","26","29187271"
"chr18","29833568","29833860","KN294741v1","727835","728134","35","29105733"
"chr18","29846204","29846506","KN294303v1","355736","356034","33","29490468"
"chr18","30119170","30119471","KN294842v1","389115","389418","39","29730055"
"chr18","30572968","30573271","KN294388v1","11412","11713","23","30561556"
"chr18","30605929","30606162","KN296294v1","507915","508147","47","30098014"
"chr18","30635867","30636176","KN297197v1","4684189","4684491","45","25951678"
"chr18","30819135","30819426","KN297083v1","400309","400588","52","30418826"
"chr18","30844009","30844255","KN295294v1","3311128","3311366","35","27532881"
"chr18","30863698","30864006","KN296761v1","97995","98298","39","30765703"
"chr18","30953597","30953925","KN296387v1","308582","308897","61","30645015"
"chr18","31232961","31233270","KN294416v1","303238","303546","35","30929723"
"chr18","31388337","31388571","KN295526v1","34227","34466","31","31354110"
"chr18","31463265","31463582","KN296484v1","1024460","1024770","40","30438805"
"chr18","31467918","31468161","KN296775v1","1235272","1235516","38","30232646"
"chr18","31468203","31468247","KN296320v1","206822","206861","17","31261381"
"chr18","31491613","31491910","KN295352v1","447012","447311","28","31044601"
"chr18","31546298","31546563","KN295940v1","599422","599687","38","30946876"
"chr18","31564871","31565179","KN296310v1","1454035","1454345","41","30110836"
"chr18","31624568","31624878","KN294790v1","71150","71455","36","31553418"
"chr18","31648067","31648215","KN296802v1","753722","753872","39","30894345"
"chr18","31750678","31750950","KN294539v1","1591360","1591636","38","30159318"
"chr18","31826053","31826221","KN294467v1","13283","13450","20","31812770"
"chr18","31982476","31982773","KN294957v1","53527","53825","17","31928949"
"chr18","31982992","31983288","KN294957v1","53012","53308","11","31929980"
"chr18","32355017","32355295","KN294251v1","2231373","2231666","38","30123644"
"chr18","32389695","32389996","KN296495v1","1209717","1210015","31","31179978"
"chr18","32720992","32721271","KN295315v1","908935","909214","35","31812057"
"chr18","32928540","32928851","KN296319v1","299368","299675","41","32629172"
"chr18","33091924","33092086","KN295294v1","769026","769186","39","32322898"
"chr18","33185382","33185689","KN295586v1","5713036","5713339","37","27472346"
"chr18","33765505","33765820","KN294703v1","156680","156995","19","33608825"
"chr18","34649060","34649351","KN294571v1","2837988","2838277","32","31811072"
"chr18","34722705","34722872","KN296263v1","1162606","1162775","31","33560099"
"chr18","34726736","34727020","KN296365v1","1734359","1734644","44","32992377"
"chr18","34744118","34744254","KN295814v1","1118418","1118576","37","33625700"
"chr18","34746334","34746614","KN296322v1","2225139","2225414","47","32521195"
"chr18","34786648","34786937","KN297197v1","3889270","3889564","35","30897378"
"chr18","34796763","34797037","KN294911v1","1147756","1148045","47","33649007"
"chr18","34801149","34801442","KN296609v1","2279316","2279621","43","32521833"
"chr18","34846277","34846311","KN295045v1","1336617","1336651","12","33509660"
"chr18","34855637","34855778","KN297159v1","1909522","1909663","23","32946115"
"chr18","34855818","34855888","KN294499v1","357126","357197","36","34498692"
"chr18","34855914","34856050","KN294182v1","504737","504883","34","34351177"
"chr18","34954091","34954386","KN294387v1","1475066","1475361","39","33479025"
"chr18","34957329","34957614","KN297274v1","241094","241395","47","34716235"
"chr18","35141277","35141568","KN294385v1","396632","396925","41","34744645"
"chr18","35153913","35154204","KN295394v1","630346","630640","34","34523567"
"chr18","35233944","35234263","KN297042v1","182121","182438","16","35051823"
"chr18","35693990","35694271","KN295661v1","281473","281762","25","35412517"
"chr18","35851497","35851791","KN294592v1","347035","347326","33","35504462"
"chr18","36110788","36111062","KN294433v1","173471","173744","40","35937317"
"chr18","36119441","36119753","KN296484v1","1024460","1024770","40","35094981"
"chr18","36683792","36684125","KN297274v1","1412869","1413197","51","35270923"
"chr18","37378788","37379071","KN295257v1","348260","348541","30","37030528"
"chr18","38021701","38021988","KN296079v1","1016819","1017116","50","37004882"
"chr18","38348837","38349128","KN297048v1","47682","47977","44","38301155"
"chr18","38385890","38386191","KN294992v1","21269","21566","40","38364621"
"chr18","38436499","38436784","KN295236v1","1562516","1562803","44","36873983"
"chr18","38599980","38600125","KN297008v1","6657903","6658047","33","31942077"
"chr18","38600163","38600280","KN296153v1","1058785","1058901","17","37541378"
"chr18","38733688","38734000","KN296486v1","447375","447682","36","38286313"
"chr18","38958070","38958374","KN296000v1","1247118","1247423","35","37710952"
"chr18","38998453","38998771","KN294385v1","291689","291997","40","38706764"
"chr18","39026383","39026669","KN296306v1","1833651","1833939","32","37192732"
"chr18","39195809","39196115","KN296119v1","3556005","3556313","45","35639804"
"chr18","39269777","39270071","KN294991v1","1558581","1558873","46","37711196"
"chr18","40457134","40457448","KN296108v1","735240","735530","52","39721894"
"chr18","40484489","40484771","KN295405v1","157962","158246","34","40326527"
"chr18","40592219","40592490","KN296485v1","447446","447718","38","40144773"
"chr18","40600467","40600757","KN295869v1","572441","572731","38","40028026"
"chr18","41191525","41191676","KN297008v1","6657903","6658047","26","34533622"
"chr18","41501553","41501852","KN294588v1","3126112","3126421","32","38375441"
"chr18","41583483","41583767","KN294588v1","3043593","3043872","17","38539890"
"chr18","41932999","41933283","KN294588v1","2682766","2683050","10","39250233"
"chr18","41995429","41995725","KN294588v1","2612193","2612486","16","39383236"
"chr18","42529783","42530076","KN294588v1","2080107","2080408","24","40449676"
"chr18","42603965","42604256","KN294588v1","2004264","2004535","34","40599701"
"chr18","42676617","42676898","KN294588v1","1931172","1931453","15","40745445"
"chr18","43031670","43031977","KN297274v1","1412869","1413197","58","41618801"
"chr18","43201692","43201988","KN294588v1","1397027","1397323","11","41804665"
"chr18","43519012","43519204","KN297386v1","2382714","2382909","31","41136298"
"chr18","43525550","43525860","KN294588v1","1063927","1064233","22","42461623"
"chr18","43641136","43641436","KN294588v1","948537","948830","20","42692599"
"chr18","43648803","43649101","KN294588v1","940301","940603","16","42708502"
"chr18","43789228","43789526","KN294588v1","802849","803147","23","42986379"
"chr18","44088187","44088462","KN294588v1","454694","454968","10","43633493"
"chr18","44417274","44417568","KN294957v1","53527","53825","44","44363747"
"chr18","44554636","44554934","KN295375v1","21662","21964","19","44532974"
"chr18","44568220","44568510","KN295375v1","35579","35869","21","44532641"
"chr18","44614369","44614675","KN295667v1","2142758","2143066","17","42471611"
"chr18","44821225","44821513","KN295375v1","291394","291699","23","44529831"
"chr18","45218555","45218869","KN295375v1","704960","705257","30","44513595"
"chr18","45448691","45449002","KN295375v1","960959","961267","12","44487732"
"chr18","45462903","45463217","KN295375v1","975768","976074","16","44487135"
"chr18","45938079","45938258","KN297094v1","185988","186163","40","45752091"
"chr18","45969639","45969927","KN295375v1","1495687","1495975","6","44473952"
"chr18","46489725","46490017","KN295075v1","252071","252359","34","46237654"
"chr18","47927520","47927834","KN295994v1","686545","686846","32","47240975"
"chr18","48138985","48139286","KN295102v1","157119","157420","39","47981866"
"chr18","48334121","48334425","KN295994v1","273558","273865","15","48060563"
"chr18","48457054","48457290","KN295994v1","144618","144853","16","48312436"
"chr18","48692834","48693096","KN294501v1","102864","103126","10","48589970"
"chr18","48744908","48745070","KN295667v1","830007","830168","24","47914901"
"chr18","48772164","48772473","KN297203v1","1280233","1280541","43","47491931"
"chr18","48781745","48782043","KN294501v1","197745","198039","20","48584000"
"chr18","48856736","48857037","KN295102v1","249012","249316","38","48607724"
"chr18","48857324","48857604","KN294501v1","275573","275826","34","48581751"
"chr18","48867050","48867318","KN294501v1","285211","285478","16","48581839"
"chr18","48916416","48916711","KN294501v1","332373","332672","24","48584043"
"chr18","48932733","48933045","KN294501v1","348806","349123","26","48583927"
"chr18","49382336","49382641","KN294499v1","2542984","2543291","39","46839352"
"chr18","49541647","49541929","KN294501v1","987158","987439","9","48554489"
"chr18","49882697","49882988","KN294501v1","1328462","1328753","10","48554235"
"chr18","50160162","50160459","KN294501v1","1614477","1614775","11","48545685"
"chr18","50411710","50411856","KN295294v1","769026","769186","36","49642684"
"chr18","50651611","50651917","KN295586v1","5713036","5713339","36","44938575"
"chr18","50721237","50721539","KN294501v1","2218064","2218370","19","48503173"
"chr18","50824987","50825288","KN294501v1","2321328","2321620","23","48503659"
"chr18","50871924","50872218","KN297452v1","1979430","1979725","39","48892494"
"chr18","50920816","50921124","KN295825v1","1299898","1300208","37","49620918"
"chr18","50942617","50942911","KN294501v1","2434931","2435212","26","48507686"
"chr18","51057752","51058034","KN294501v1","2567317","2567598","13","48490435"
"chr18","51090888","51091199","KN294292v1","71877","72183","43","51019011"
"chr18","51120432","51120728","KN294501v1","2635324","2635623","19","48485108"
"chr18","51392562","51392814","KN294501v1","2912717","2912970","13","48479845"
"chr18","52144666","52144972","KN294501v1","3675402","3675706","13","48469264"
"chr18","52469012","52469188","KN294713v1","972600","972779","22","51496412"
"chr18","52470973","52471272","KN294501v1","4013733","4014040","19","48457240"
"chr18","52744456","52744753","KN297245v1","1400749","1401038","37","51343707"
"chr18","52862682","52862952","KN294501v1","4406252","4406520","13","48456430"
"chr18","53828185","53828473","KN297322v1","221489","221781","39","53606696"
"chr18","53838585","53838659","KN295550v1","498465","498533","26","53340120"
"chr18","54029082","54029391","KN294385v1","767967","768276","30","53261115"
"chr18","54471695","54471986","KN296311v1","3339772","3340064","35","51131923"
"chr18","54507496","54507822","KN295345v1","868768","869065","67","53638728"
"chr18","54537566","54537879","KN296387v1","308582","308897","56","54228984"
"chr18","54589670","54589942","KN296921v1","720224","720500","48","53869446"
"chr18","54658400","54658564","KN296174v1","30392","30557","32","54628008"
"chr18","54725489","54725806","KN295533v1","1730829","1731110","67","52994660"
"chr18","55063950","55064270","KN294271v1","448524","448848","16","54615426"
"chr18","55212121","55212417","KN294271v1","598714","599014","19","54613407"
"chr18","55504820","55505157","KN294949v1","142900","143219","56","55361920"
"chr18","55652497","55652787","KN294271v1","1038050","1038341","11","54614447"
"chr18","55819264","55819549","KN294506v1","235047","235332","27","55584217"
"chr18","56019706","56019909","KN294257v1","1489771","1489991","39","54529935"
"chr18","56080331","56080638","KN296242v1","863939","864251","34","55216392"
"chr18","56200806","56200929","KN295571v1","189855","189980","12","56010951"
"chr18","56200961","56201135","KN297154v1","211161","211330","32","55989800"
"chr18","56211692","56211995","KN294526v1","575886","576198","48","55635806"
"chr18","56390482","56390743","KN295350v1","991261","991528","41","55399221"
"chr18","56423014","56423260","KN294421v1","680666","680909","36","55742348"
"chr18","56537931","56538229","KN295744v1","235007","235306","33","56302924"
"chr18","56724856","56725160","KN296096v1","3057578","3057885","35","53667278"
"chr18","56897867","56898152","KN296825v1","2274464","2274753","44","54623403"
"chr18","57103468","57103757","KN295315v1","1219329","1219622","43","55884139"
"chr18","57131194","57131490","KN296079v1","3084734","3085029","37","54046460"
"chr18","57491783","57492092","KN296093v1","185428","185734","39","57306355"
"chr18","57520003","57520306","KN296119v1","2087223","2087529","37","55432780"
"chr18","57541723","57542004","KN294705v1","870227","870507","32","56671496"
"chr18","57671982","57672242","KN296100v1","191564","191827","53","57480418"
"chr18","57721311","57721607","KN294922v1","720408","720710","39","57000903"
"chr18","58162439","58162737","KN296200v1","525773","526070","32","57636666"
"chr18","58368851","58369132","KN295705v1","2418216","2418494","32","55950635"
"chr18","58444430","58444711","KN296864v1","924944","925235","42","57519486"
"chr18","58495680","58495813","KN294613v1","562643","562778","11","57933037"
"chr18","58496113","58496280","KN297154v1","211161","211330","26","58284952"
"chr18","58518666","58518973","KN295371v1","255428","255736","32","58263238"
"chr18","58522241","58522545","KN294226v1","627855","628162","30","57894386"
"chr18","58653140","58653454","KN295893v1","6332598","6332904","39","52320542"
"chr18","58659745","58659795","KN295614v1","28241","28303","28","58631504"
"chr18","58840018","58840301","KN295735v1","1675335","1675618","38","57164683"
"chr18","58865837","58865996","KN294187v1","1542649","1542810","35","57323188"
"chr18","58910018","58910319","KN296079v1","1016819","1017116","38","57893199"
"chr18","58934473","58934768","KN297452v1","1979430","1979725","33","56955043"
"chr18","58944643","58944890","KN296682v1","4040014","4040270","55","54904629"
"chr18","58951223","58951520","KN295854v1","1504180","1504481","36","57447043"
"chr18","59009526","59009839","KN295930v1","122697","123007","41","58886829"
"chr18","59102453","59102698","KN295090v1","1375960","1376204","31","57726493"
"chr18","59111875","59112176","KN294527v1","242778","243080","38","58869097"
"chr18","59127456","59127752","KN297320v1","356322","356612","33","58771134"
"chr18","59128711","59129000","KN294456v1","63433","63720","33","59065278"
"chr18","59136991","59137280","KN294734v1","107992","108284","35","59028999"
"chr18","59140564","59140852","KN296108v1","735240","735530","31","58405324"
"chr18","59149408","59149572","KN295294v1","769026","769186","29","58380382"
"chr18","59149598","59149658","KN294499v1","357126","357197","19","58792472"
"chr18","59186851","59187132","KN295257v1","348260","348541","27","58838591"
"chr18","59219633","59219914","KN295893v1","2972609","2972899","39","56247024"
"chr18","59245799","59245953","KN296187v1","2257894","2258030","32","56987905"
"chr18","59246237","59246457","KN294705v1","1526806","1527025","52","57719431"
"chr18","59297827","59298128","KN296158v1","1352397","1352695","37","57945430"
"chr18","59301178","59301470","KN297259v1","384000","384292","40","58917178"
"chr18","59318639","59318889","KN295523v1","1167591","1167841","69","58151048"
"chr18","59324884","59325185","KN294446v1","290641","290939","35","59034243"
"chr18","59404048","59404337","KN297452v1","1979430","1979725","40","57424618"
"chr18","59507301","59507576","KN296176v1","477451","477722","45","59029850"
"chr18","59557765","59558060","KN295034v1","37220","37497","70","59520545"
"chr18","59610425","59610715","KN296826v1","122558","122853","34","59487867"
"chr18","59908839","59909145","KN295352v1","473082","473389","38","59435757"
"chr18","60081878","60082190","KN294226v1","627855","628162","47","59454023"
"chr18","60150770","60151040","KN296311v1","5951628","5951900","44","54199142"
"chr18","60404741","60405040","KN296577v1","170798","171097","35","60233943"
"chr18","60574397","60574696","KN297242v1","2085238","2085533","38","58489159"
"chr18","60596188","60596491","KN294571v1","2837988","2838277","48","57758200"
"chr18","60725748","60726043","KN294713v1","906973","907266","37","59818775"
"chr18","61075322","61075626","KN295343v1","373896","374196","34","60701426"
"chr18","61077465","61077769","KN294850v1","121634","121934","35","60955831"
"chr18","61276908","61277198","KN294385v1","396632","396925","39","60880276"
"chr18","61450913","61451216","KN295708v1","446806","447105","44","61004107"
"chr18","61628862","61629156","KN294613v1","441189","441484","36","61187673"
"chr18","61746138","61746432","KN295962v1","674128","674422","32","61072010"
"chr18","61764609","61764786","KN296486v1","1714803","1714969","42","60049806"
"chr18","61768648","61768957","KN295814v1","146282","146586","49","61622366"
"chr18","62050987","62051290","KN295548v1","143484","143790","40","61907503"
"chr18","62062971","62063282","KN295284v1","267335","267639","35","61795636"
"chr18","62099800","62099842","KN296316v1","148146","148173","22","61951654"
"chr18","62100276","62100316","KN295045v1","1336617","1336651","21","60763659"
"chr18","62262101","62262395","KN294251v1","2231373","2231666","34","60030728"
"chr18","62285428","62285728","KN295854v1","1504180","1504481","35","60781248"
"chr18","62286648","62286948","KN294499v1","2542984","2543291","43","59743664"
"chr18","62354639","62354945","KN297044v1","108239","108545","39","62246400"
"chr18","62437140","62437439","KN295923v1","1430363","1430659","35","61006777"
"chr18","62445077","62445373","KN295962v1","2457159","2457455","32","59987918"
"chr18","62548437","62548745","KN297197v1","4684189","4684491","38","57864248"
"chr18","62604450","62604678","KN296305v1","789556","789783","29","61814894"
"chr18","62616559","62616730","KN296263v1","1162606","1162775","33","61453953"
"chr18","62668881","62669175","KN294949v1","796312","796616","53","61872569"
"chr18","62743380","62743697","KN294326v1","452541","452856","51","62290839"
"chr18","62772857","62773168","KN296004v1","353630","353936","35","62419227"
"chr18","62833096","62833322","KN297249v1","290537","290743","45","62542559"
"chr18","62838535","62838843","KN297159v1","294478","294786","39","62544057"
"chr18","63049878","63050185","KN295294v1","244045","244353","32","62805833"
"chr18","63255232","63255520","KN297452v1","1979430","1979725","34","61275802"
"chr18","63720288","63720594","KN296004v1","353630","353936","37","63366658"
"chr18","63750632","63750913","KN297320v1","126805","127086","43","63623827"
"chr18","64223656","64223944","KN297112v1","467391","467683","15","63756265"
"chr18","64669539","64669687","KN295294v1","769026","769186","35","63900513"
"chr18","64765036","64765347","KN295371v1","619650","619955","39","64145386"
"chr18","65090813","65091126","KN297112v1","1372056","1372369","14","63718757"
"chr18","65644284","65644527","KN294193v1","242451","242697","38","65401833"
"chr18","65952467","65952778","KN297112v1","2233366","2233666","29","63719101"
"chr18","66094777","66095078","KN295343v1","373896","374196","28","65720881"
"chr18","66100554","66100839","KN297028v1","1113262","1113544","33","64987292"
"chr18","66112554","66112856","KN297112v1","2394055","2394347","23","63718499"
"chr18","66121461","66121748","KN297112v1","2402286","2402574","19","63719175"
"chr18","66155153","66155373","KN297112v1","2436873","2437092","10","63718280"
"chr18","66195962","66196256","KN296108v1","735240","735530","34","65460722"
"chr18","66240906","66241203","KN297112v1","2525682","2525977","27","63715224"
"chr18","66242826","66243016","KN297112v1","2529951","2530122","30","63712875"
"chr18","66294064","66294362","KN294399v1","115875","116174","44","66178189"
"chr18","66311196","66311492","KN297112v1","2594961","2595253","19","63716235"
"chr18","66332395","66332681","KN295075v1","252071","252359","38","66080324"
"chr18","66416760","66417093","KN294499v1","2542984","2543291","70","63873776"
"chr18","66491260","66491399","KN297432v1","384377","384510","29","66106883"
"chr18","66538144","66538441","KN297112v1","2821858","2822173","32","63716286"
"chr18","66552200","66552504","KN295236v1","2902206","2902512","29","63649994"
"chr18","67176718","67176958","KN297112v1","3483960","3484225","31","63692758"
"chr18","67176985","67176995","KN294443v1","170714","170724","3","67006271"
"chr18","67421865","67422168","KN297044v1","108239","108545","44","67313626"
"chr18","67524567","67524852","KN297112v1","3845984","3846287","34","63678583"
"chr18","68001948","68002224","KN297112v1","4330709","4330979","23","63671239"
"chr18","68045384","68045674","KN297112v1","4380360","4380679","38","63665024"
"chr18","68316354","68316631","KN295586v1","5293886","5294167","45","63022468"
"chr18","68424565","68424861","KN297112v1","4756992","4757284","26","63667573"
"chr18","68495512","68495796","KN297274v1","1780463","1780744","35","66715049"
"chr18","68623340","68623642","KN294964v1","864674","864972","28","67758666"
"chr18","68665127","68665304","KN296486v1","1714803","1714969","36","66950324"
"chr18","69087269","69087567","KN294446v1","789357","789650","44","68297912"
"chr18","69096817","69097037","KN297112v1","5451151","5451370","4","63645666"
"chr18","69119364","69119646","KN296290v1","1258651","1258933","31","67860713"
"chr18","69391220","69391510","KN297112v1","5762624","5762919","26","63628596"
"chr18","69443020","69443330","KN294825v1","559277","559583","40","68883743"
"chr18","69450186","69450498","KN297112v1","5831926","5832250","38","63618260"
"chr18","69459780","69460081","KN297112v1","5842739","5843041","16","63617041"
"chr18","69474974","69475262","KN297112v1","5861879","5862162","23","63613095"
"chr18","69482942","69483248","KN294399v1","115875","116174","34","69367067"
"chr18","69751074","69751384","KN297112v1","6155793","6156106","16","63595281"
"chr18","69754863","69755173","KN297112v1","6159601","6159911","18","63595262"
"chr18","69812491","69812775","KN297112v1","6226692","6226976","13","63585799"
"chr18","70002139","70002461","KN297044v1","108239","108545","45","69893900"
"chr18","70145775","70146077","KN296495v1","2925731","2926025","31","67220044"
"chr18","70174726","70174999","KN297112v1","6578621","6578894","9","63596105"
"chr18","70208185","70208372","KN296486v1","1714803","1714969","43","68493382"
"chr18","70272138","70272428","KN297112v1","6678637","6678936","27","63593501"
"chr18","70335352","70335652","KN297112v1","6742763","6743064","11","63592589"
"chr18","70364119","70364419","KN297112v1","6774583","6774879","21","63589536"
"chr18","70427809","70428112","KN297112v1","6843716","6844021","17","63584093"
"chr18","70434920","70435223","KN295936v1","755687","755994","43","69679233"
"chr18","70475940","70476245","KN295930v1","537952","538252","34","69937988"
"chr18","70478915","70479078","KN294613v1","769657","769824","32","69709258"
"chr18","70569583","70569885","KN294578v1","617490","617800","40","69952093"
"chr18","70714045","70714336","KN294499v1","114042","114335","34","70600003"
"chr18","70799299","70799582","KN294506v1","235047","235332","40","70564252"
"chr18","70818624","70818925","KN296513v1","303366","303672","19","70515258"
"chr18","70873669","70873963","KN294451v1","1469387","1469686","15","69404282"
"chr18","70942282","70942467","KN296119v1","3355213","3355396","36","67587069"
"chr18","70945044","70945332","KN295854v1","1504180","1504481","46","69440864"
"chr18","70965064","70965350","KN296079v1","3084734","3085029","59","67880330"
"chr18","71029733","71030029","KN294451v1","1307184","1307479","15","69722549"
"chr18","71101163","71101460","KN294451v1","1235880","1236182","20","69865283"
"chr18","71171309","71171611","KN294451v1","1165456","1165756","19","70005853"
"chr18","71172283","71172583","KN294451v1","1164519","1164817","14","70007764"
"chr18","71185975","71186259","KN294451v1","1151160","1151444","15","70034815"
"chr18","71186980","71187078","KN296296v1","165106","165204","40","71021874"
"chr18","71203822","71204092","KN294451v1","1131701","1131970","11","70072121"
"chr18","71229638","71229959","KN296732v1","3129981","3130299","42","68099657"
"chr18","71316884","71317194","KN296093v1","185428","185734","32","71131456"
"chr18","71318041","71318340","KN294539v1","1591360","1591636","44","69726681"
"chr18","71318370","71318385","KN297259v1","814121","814136","3","70504249"
"chr18","71373667","71373966","KN294451v1","950218","950528","34","70423449"
"chr18","71417099","71417406","KN295893v1","6332598","6332904","43","65084501"
"chr18","71472017","71472310","KN294451v1","858208","858496","23","70613809"
"chr18","71594808","71595132","KN294451v1","731838","732150","34","70862970"
"chr18","71618476","71618773","KN296495v1","2925731","2926025","33","68692745"
"chr18","71823758","71824059","KN294451v1","490519","490814","27","71333239"
"chr18","72061092","72061384","KN294451v1","252899","253190","20","71808193"
"chr18","72117191","72117484","KN294451v1","194657","194961","21","71922534"
"chr18","72135314","72135617","KN296761v1","97995","98298","30","72037319"
"chr19","4456371","4456676","KN295096v1","2347996","2348300","39","2108375"
"chr19","1102919","1103212","KN296402v1","237731","238008","29","865188"
"chr19","1335859","1336145","KN295236v1","1688322","1688613","27","352463"
"chr19","1421172","1421475","KN297242v1","2409624","2409917","69","988452"
"chr19","1537659","1537959","KN295962v1","2457159","2457455","35","919500"
"chr19","1562266","1562432","KN294842v1","167464","167629","24","1394802"
"chr19","1588364","1588667","KN295154v1","149426","149727","37","1438938"
"chr19","1641268","1641450","KN294345v1","2206480","2206684","52","565212"
"chr19","1654294","1654559","KN294372v1","2081363","2081636","42","427069"
"chr19","1730564","1730813","KN295074v1","95886","96127","36","1634678"
"chr19","1782285","1782578","KN297452v1","1979430","1979725","31","197145"
"chr19","1811698","1811989","KN294499v1","114042","114335","36","1697656"
"chr19","1816823","1817138","KN294520v1","1300419","1300723","37","516404"
"chr19","1857117","1857409","KN294261v1","299536","299827","37","1557581"
"chr19","1857824","1858078","KN296138v1","307856","308112","31","1549968"
"chr19","1858089","1858344","KN296138v1","307856","308112","31","1550233"
"chr19","1859486","1859652","KN294451v1","850657","850819","25","1008829"
"chr19","1859680","1859852","KN294181v1","939094","939251","35","920586"
"chr19","1864869","1865072","KN294470v1","938460","938667","39","926409"
"chr19","1871199","1871369","KN296174v1","30392","30557","35","1840807"
"chr19","1871676","1871810","KN294613v1","562643","562778","14","1309033"
"chr19","1884501","1884793","KN296119v1","1332102","1332392","45","552399"
"chr19","1892414","1892702","KN295075v1","252071","252359","32","1640343"
"chr19","1967512","1967798","KN294992v1","10055","10343","42","1957457"
"chr19","1975960","1976268","KN294499v1","899277","899580","35","1076683"
"chr19","2047518","2047730","KN294536v1","1559140","1559349","36","488378"
"chr19","2070100","2070402","KN295923v1","1430363","1430659","39","639737"
"chr19","2104716","2105005","KN295402v1","915307","915596","42","1189409"
"chr19","2340284","2340543","KN296153v1","2482855","2483119","43","142571"
"chr19","2361804","2362097","KN296620v1","894394","894690","30","1467410"
"chr19","2369358","2369663","KN296000v1","1247118","1247423","38","1122240"
"chr19","2395504","2395814","KN296093v1","185428","185734","46","2210076"
"chr19","2398204","2398496","KN294711v1","1377720","1377992","56","1020484"
"chr19","2425654","2425807","KN297008v1","1491597","1491750","25","934057"
"chr19","2581850","2582041","KN294187v1","1137685","1137878","14","1444165"
"chr19","2607014","2607311","KN295962v1","2457159","2457455","37","149855"
"chr19","2692769","2693064","KN294372v1","1522749","1523043","38","1170020"
"chr19","2716917","2717209","KN294571v1","2837988","2838277","31","121071"
"chr19","3417553","3417840","KN294571v1","1349003","1349300","41","2068550"
"chr19","3435999","3436296","KN296743v1","318132","318443","44","3117867"
"chr19","3476325","3476505","KN294592v1","23351","23536","39","3452974"
"chr19","3507921","3508219","KN294257v1","519362","519655","47","2988559"
"chr19","3876095","3876382","KN296263v1","1248040","1248330","44","2628055"
"chr19","3905907","3906200","KN294373v1","1407897","1408188","36","2498010"
"chr19","3910886","3911179","KN294373v1","1407897","1408188","36","2502989"
"chr19","3920427","3920721","KN295366v1","153538","153829","33","3766889"
"chr19","4003776","4004029","KN296661v1","2087671","2087923","46","1916105"
"chr19","4114678","4114997","KN297227v1","727002","727308","43","3387676"
"chr19","4136985","4137229","KN295936v1","2228111","2228371","52","1908874"
"chr19","4220745","4220931","KN296486v1","1468682","1468869","35","2752063"
"chr19","4247417","4247729","KN294592v1","1387856","1388155","49","2859561"
"chr19","4254042","4254338","KN296075v1","590735","591029","35","3663307"
"chr19","4398549","4398757","KN295736v1","1074700","1074911","25","3323849"
"chr19","4491059","4491322","KN295828v1","1095001","1095277","46","3396058"
"chr19","4501539","4501680","KN297008v1","6657903","6658047","32","2156364"
"chr19","4502559","4502795","KN296146v1","166673","166913","57","4335886"
"chr19","4520010","4520305","KN296145v1","3242116","3242420","39","1277894"
"chr19","4566435","4566742","KN297044v1","108239","108545","35","4458196"
"chr19","4581808","4581975","KN295294v1","769026","769186","32","3812782"
"chr19","4606365","4606648","KN294229v1","183139","183412","39","4423226"
"chr19","4623869","4624156","KN295651v1","1145861","1146156","43","3478008"
"chr19","4627244","4627399","KN296430v1","705227","705382","31","3922017"
"chr19","4706138","4706409","KN296496v1","143366","143630","38","4562772"
"chr19","4843412","4843705","KN295102v1","157119","157420","40","4686293"
"chr19","4862249","4862547","KN296424v1","13894","14185","17","4848355"
"chr19","4869691","4869983","KN296424v1","23387","23676","13","4846304"
"chr19","5035228","5035468","KN295074v1","95886","96127","27","4939342"
"chr19","5054703","5054985","KN296424v1","249184","249464","20","4805519"
"chr19","5056757","5056877","KN295995v1","71301","71424","17","4985456"
"chr19","5056919","5057103","KN294456v1","1183362","1183544","37","3873557"
"chr19","5104100","5104393","KN296424v1","306898","307201","20","4797202"
"chr19","5108465","5108755","KN296424v1","311632","311929","20","4796833"
"chr19","5197336","5197640","KN294520v1","1300419","1300723","44","3896917"
"chr19","5289345","5289525","KN294790v1","2350797","2350969","33","2938548"
"chr19","5295182","5295514","KN296424v1","500396","500704","37","4794786"
"chr19","5299393","5299681","KN296424v1","504469","504766","28","4794924"
"chr19","5333913","5334211","KN296424v1","540469","540777","41","4793444"
"chr19","5480242","5480551","KN296004v1","353630","353936","36","5126612"
"chr19","5618493","5618801","KN294499v1","2127860","2128168","41","3490633"
"chr19","5668887","5669186","KN295854v1","1504180","1504481","35","4164707"
"chr19","5699675","5699987","KN294372v1","1311490","1311797","42","4388185"
"chr19","5699994","5700298","KN296761v1","97995","98298","40","5601999"
"chr19","5848604","5848866","KN296714v1","39326","39592","44","5809278"
"chr19","6032441","6032682","KN295533v1","2274102","2274357","41","3758339"
"chr19","6041712","6042037","KN295102v1","336832","337130","54","5704880"
"chr19","6043269","6043451","KN296486v1","1468682","1468869","42","4574587"
"chr19","6183696","6183996","KN294540v1","651367","651664","35","5532329"
"chr19","6221089","6221401","KN294883v1","392954","393264","42","5828135"
"chr19","6352446","6352743","KN296315v1","221665","221960","39","6130781"
"chr19","6413231","6413385","KN296495v1","1470532","1470683","24","4942699"
"chr19","6470463","6470742","KN294181v1","167090","167370","44","6303373"
"chr19","6591088","6591263","KN294596v1","141115","141287","28","6449973"
"chr19","6603104","6603445","KN297145v1","4997","5308","62","6598107"
"chr19","6650331","6650554","KN295301v1","240798","241015","35","6409533"
"chr19","6674031","6674331","KN294540v1","987552","987850","37","5686479"
"chr19","6691693","6691992","KN294964v1","864674","864972","34","5827019"
"chr19","6760720","6761016","KN294439v1","265245","265540","41","6495475"
"chr19","6802254","6802440","KN294187v1","1137685","1137878","25","5664569"
"chr19","6810761","6811053","KN297141v1","791776","792061","49","6018985"
"chr19","6837009","6837292","KN295913v1","99706","99983","45","6737303"
"chr19","6859259","6859561","KN296498v1","449297","449587","28","6409962"
"chr19","6957964","6958137","KN294713v1","972600","972779","19","5985364"
"chr19","6994178","6994482","KN296498v1","308584","308896","19","6685594"
"chr19","7023131","7023334","KN294456v1","816077","816280","23","6207054"
"chr19","7098704","7099008","KN296498v1","190696","191012","28","6908008"
"chr19","7132574","7132878","KN296498v1","156590","156895","12","6975984"
"chr19","7426172","7426477","KN296424v1","500396","500704","41","6925776"
"chr19","7670359","7670663","KN295343v1","373896","374196","33","7296463"
"chr19","7711167","7711443","KN294326v1","427946","428232","45","7283221"
"chr19","7723302","7723622","KN296266v1","138052","138359","47","7585250"
"chr19","7743853","7744159","KN296484v1","1024460","1024770","32","6719393"
"chr19","7844798","7845086","KN296253v1","63975","64266","45","7780823"
"chr19","7880555","7880883","KN297259v1","828468","828777","64","7052087"
"chr19","8017806","8018094","KN297094v1","111089","111374","29","7906717"
"chr19","8027890","8028175","KN297094v1","123087","123370","16","7904803"
"chr19","8040861","8041230","KN295459v1","679382","679737","103","7361479"
"chr19","8089748","8090060","KN294728v1","1070212","1070532","48","7019536"
"chr19","8101649","8101809","KN296922v1","308569","308730","41","7793080"
"chr19","8120020","8120321","KN297094v1","216838","217130","20","7903182"
"chr19","8131028","8131041","KN294488v1","377499","377511","3","7753529"
"chr19","8131083","8131363","KN294987v1","598695","598975","28","7532388"
"chr19","8177238","8177501","KN294873v1","100974","101250","50","8076264"
"chr19","8203896","8204190","KN297094v1","310570","310868","18","7893326"
"chr19","8223409","8223704","KN296495v1","2925731","2926025","26","5297678"
"chr19","8613379","8613685","KN294564v1","295442","295744","36","8317937"
"chr19","8961592","8961904","KN297442v1","2169868","2170179","25","6791724"
"chr19","9021880","9022136","KN297442v1","2109884","2110140","15","6911996"
"chr19","9030330","9030646","KN296913v1","1867502","1867828","51","7162828"
"chr19","9451567","9451871","KN297442v1","1675798","1676101","18","7775769"
"chr19","9451925","9452048","KN297442v1","1675622","1675745","7","7776303"
"chr19","9452085","9452259","KN297442v1","1675403","1675576","21","7776682"
"chr19","9478248","9478552","KN297442v1","1648457","1648767","16","7829791"
"chr19","9726696","9726867","KN294596v1","141115","141287","26","9585581"
"chr19","9985254","9985554","KN294922v1","720408","720710","44","9264846"
"chr19","10148086","10148390","KN297442v1","962332","962627","45","9185754"
"chr19","10389636","10389876","KN297105v1","520174","520396","43","9869462"
"chr19","10532950","10533250","KN297442v1","590158","590459","11","9942792"
"chr19","10537090","10537391","KN294668v1","4045257","4045554","27","6491833"
"chr19","10840488","10840770","KN297442v1","283668","283970","31","10556820"
"chr19","11342940","11343240","KN294564v1","70559","70856","17","11272381"
"chr19","11530372","11530670","KN294399v1","115875","116174","39","11414497"
"chr19","11595524","11595820","KN297190v1","1876935","1877233","37","9718589"
"chr19","11606389","11606687","KN295962v1","674128","674422","35","10932261"
"chr19","11627737","11628035","KN294842v1","194566","194853","29","11433171"
"chr19","11631245","11631546","KN294842v1","198431","198724","31","11432814"
"chr19","11654777","11655069","KN294842v1","223690","223980","11","11431087"
"chr19","11655613","11655894","KN294842v1","224512","224808","29","11431101"
"chr19","11677826","11678127","KN296484v1","1024460","1024770","40","10653366"
"chr19","11719920","11720228","KN294842v1","290621","290933","24","11429299"
"chr19","11730012","11730305","KN294842v1","297954","298253","19","11432058"
"chr19","11772109","11772394","KN294842v1","345731","346031","25","11426378"
"chr19","11816182","11816486","KN294842v1","389115","389418","12","11427067"
"chr19","11819395","11819697","KN295345v1","868768","869065","30","10950627"
"chr19","12094810","12095104","KN294842v1","678475","678769","17","11416335"
"chr19","12154788","12155005","KN295623v1","334653","334867","35","11820135"
"chr19","12163089","12163381","KN294372v1","1048193","1048493","66","11114896"
"chr19","12186169","12186462","KN295729v1","751374","751667","28","11434795"
"chr19","12189239","12189408","KN296153v1","2118691","2118861","33","10070548"
"chr19","12232856","12233154","KN294842v1","819376","819673","21","11413480"
"chr19","12284313","12284621","KN296119v1","3556005","3556313","38","8728308"
"chr19","12289998","12290275","KN294831v1","170612","170877","51","12119386"
"chr19","12290477","12290519","KN295708v1","999182","999218","14","11291295"
"chr19","12329495","12329794","KN295343v1","373896","374196","35","11955599"
"chr19","12332064","12332226","KN296311v1","1013861","1014022","31","11318203"
"chr19","12339024","12339329","KN294842v1","906001","906315","25","11433023"
"chr19","12350754","12351040","KN294842v1","919848","920125","19","11430906"
"chr19","12437089","12437380","KN294842v1","1003704","1004004","27","11433385"
"chr19","12485360","12485674","KN294842v1","1051652","1051948","29","11433708"
"chr19","12681539","12681718","KN294863v1","491835","492008","32","12189704"
"chr19","12724101","12724417","KN294842v1","1283813","1284097","37","11440288"
"chr19","12730392","12730647","KN295987v1","1193288","1193543","33","11537104"
"chr19","12751283","12751601","KN296484v1","1024460","1024770","44","11726823"
"chr19","12780710","12780895","KN296119v1","3355213","3355396","28","9425497"
"chr19","12801758","12802041","KN297227v1","240655","240937","41","12561103"
"chr19","12815776","12816082","KN294842v1","1379454","1379757","15","11436322"
"chr19","12820942","12821215","KN294842v1","1383208","1383481","11","11437734"
"chr19","13075544","13075857","KN294842v1","1645136","1645448","22","11430408"
"chr19","13320793","13321101","KN296926v1","461285","461598","39","12859508"
"chr19","13333180","13333350","KN296955v1","600596","600766","25","12732584"
"chr19","13370183","13370387","KN297032v1","308157","308361","42","13062026"
"chr19","13370415","13370554","KN296187v1","2257894","2258030","17","11112521"
"chr19","13591489","13591791","KN296665v1","218435","218728","26","13373054"
"chr19","13615963","13616285","KN297023v1","660212","660539","40","12955751"
"chr19","13625056","13625220","KN296879v1","570900","571072","32","13054156"
"chr19","13679988","13680290","KN295045v1","49997","50305","39","13629991"
"chr19","13747090","13747385","KN295045v1","120492","120784","17","13626598"
"chr19","13854843","13855139","KN295045v1","228732","229037","25","13626111"
"chr19","13899216","13899513","KN295045v1","274074","274356","22","13625142"
"chr19","13915913","13916138","KN296305v1","789556","789783","35","13126357"
"chr19","14097788","14097968","KN296119v1","3355213","3355396","35","10742575"
"chr19","14251487","14251779","KN296849v1","441458","441760","49","13810029"
"chr19","14251961","14252136","KN295349v1","47758","47931","24","14204203"
"chr19","14255380","14255748","KN295045v1","642767","643133","17","13612613"
"chr19","14266152","14266465","KN295045v1","654055","654372","18","13612097"
"chr19","14273181","14273488","KN297242v1","1009728","1010033","38","13263453"
"chr19","14281544","14281837","KN295045v1","682678","682971","20","13598866"
"chr19","14295326","14295484","KN296086v1","825589","825753","31","13469737"
"chr19","14338391","14338690","KN295371v1","109487","109778","44","14228904"
"chr19","14351953","14352255","KN295045v1","756205","756493","25","13595748"
"chr19","14435742","14435905","KN295294v1","769026","769186","23","13666716"
"chr19","14453171","14453416","KN295118v1","143380","143629","36","14309791"
"chr19","14479489","14479810","KN295533v1","1559797","1560109","50","12919692"
"chr19","14556156","14556443","KN294561v1","623087","623382","44","13933069"
"chr19","14557197","14557404","KN294345v1","2206480","2206684","41","12350717"
"chr19","14586555","14586837","KN294260v1","738177","738457","31","13848378"
"chr19","14591647","14591933","KN295045v1","992359","992645","13","13599288"
"chr19","14625676","14625931","KN295045v1","1027226","1027471","24","13598450"
"chr19","14689165","14689319","KN294187v1","1542649","1542810","37","13146516"
"chr19","14689964","14690164","KN294451v1","1196687","1196889","40","13493277"
"chr19","14736453","14736754","KN294451v1","1164519","1164817","38","13571934"
"chr19","14802930","14803160","KN295667v1","2051465","2051707","54","12751465"
"chr19","15003275","15003572","KN294372v1","2042506","2042800","33","12960769"
"chr19","15276891","15277200","KN294416v1","303238","303546","39","14973653"
"chr19","15484667","15484834","KN295667v1","2080488","2080645","38","13404179"
"chr19","15602705","15603002","KN295893v1","7122873","7123168","43","8479832"
"chr19","15644755","15645063","KN295586v1","5713036","5713339","30","9931719"
"chr19","15805848","15806147","KN297452v1","1979430","1979725","32","13826418"
"chr19","15817205","15817510","KN294850v1","121634","121934","39","15695571"
"chr19","16124188","16124491","KN296775v1","1102187","1102489","14","15022001"
"chr19","16137961","16138272","KN296775v1","1087858","1088166","24","15050103"
"chr19","16172302","16172597","KN296775v1","1052668","1052977","27","15119634"
"chr19","16181283","16181590","KN295893v1","6332598","6332904","39","9848685"
"chr19","16207914","16208187","KN297404v1","43622","43893","40","16164292"
"chr19","16392447","16392704","KN296775v1","829726","830006","32","15562721"
"chr19","16508013","16508311","KN296775v1","713116","713414","14","15794897"
"chr19","16898855","16899102","KN296775v1","308442","308696","23","16590413"
"chr19","16912669","16912961","KN296775v1","294665","294936","32","16618004"
"chr19","17123980","17124172","KN294404v1","154424","154626","47","16969556"
"chr19","17420410","17420679","KN294365v1","79311","79578","35","17341099"
"chr19","17435606","17435886","KN295257v1","348260","348541","34","17087346"
"chr19","17580221","17580528","KN297044v1","108239","108545","37","17471982"
"chr19","17884518","17884799","KN297360v1","53891","54172","37","17830627"
"chr19","17926753","17927046","KN297452v1","1979430","1979725","30","15947323"
"chr19","18221552","18221715","KN294187v1","1542649","1542810","34","16678903"
"chr19","18230210","18230509","KN294399v1","115875","116174","32","18114335"
"chr19","18247127","18247434","KN295371v1","255428","255736","40","17991699"
"chr19","18259044","18259295","KN295533v1","879003","879251","33","17380041"
"chr19","18309302","18309601","KN294592v1","51794","52092","34","18257508"
"chr19","18339409","18339717","KN295090v1","2429880","2430187","37","15909529"
"chr19","18437261","18437549","KN295746v1","236127","236417","36","18201134"
"chr19","18598586","18598895","KN295854v1","1504180","1504481","40","17094406"
"chr19","18661202","18661471","KN295362v1","113903","114168","37","18547299"
"chr19","18862590","18862882","KN295405v1","1460740","1461028","33","17401850"
"chr19","18872576","18872872","KN294493v1","451388","451686","35","18421188"
"chr19","18896662","18896854","KN294416v1","523339","523527","32","18373323"
"chr19","19109985","19110287","KN296641v1","1285515","1285812","45","17824470"
"chr19","19323989","19324293","KN295586v1","5713036","5713339","39","13610953"
"chr19","19422405","19422703","KN294806v1","654839","655140","30","18767566"
"chr19","19493192","19493492","KN295586v1","5713036","5713339","37","13780156"
"chr19","19710147","19710452","KN296526v1","33090","33393","39","19677057"
"chr19","19820074","19820380","KN294619v1","574808","575116","39","19245266"
"chr19","19903714","19904006","KN294790v1","2790520","2790815","37","17113194"
"chr19","19952030","19952339","KN294385v1","767967","768276","34","19184063"
"chr19","20123220","20123514","KN294540v1","651367","651664","28","19471853"
"chr19","20214897","20215194","KN297203v1","885386","885683","31","19329511"
"chr19","20295295","20295605","KN294970v1","974452","974753","46","19320843"
"chr19","20299119","20299402","KN295257v1","348260","348541","37","19950859"
"chr19","20349817","20350125","KN294520v1","1300419","1300723","35","19049398"
"chr19","20350157","20350435","KN294172v1","1585798","1586062","24","18764359"
"chr19","20358539","20358855","KN295047v1","10643","10961","45","20347896"
"chr19","20372209","20372517","KN295371v1","619650","619955","31","19752559"
"chr19","20426721","20426992","KN296743v1","631299","631569","43","19795422"
"chr19","20499700","20499996","KN296495v1","1209717","1210015","27","19289983"
"chr19","20580381","20580693","KN294540v1","651367","651664","45","19929014"
"chr19","20596057","20596169","KN295171v1","774709","774836","41","19821348"
"chr19","20609256","20609540","KN294693v1","517852","518151","46","20091404"
"chr19","20738248","20738488","KN295936v1","2228111","2228371","63","18510137"
"chr19","20855586","20855879","KN297458v1","321335","321631","42","20534251"
"chr19","20873828","20874128","KN294806v1","654839","655140","35","20218989"
"chr19","20893468","20893770","KN294592v1","51794","52092","38","20841674"
"chr19","20919518","20919798","KN295257v1","348260","348541","32","20571258"
"chr19","20951810","20952120","KN295893v1","6332598","6332904","30","14619212"
"chr19","21038146","21038426","KN295501v1","506527","506803","35","20531619"
"chr19","21039149","21039453","KN296079v1","1016819","1017116","40","20022330"
"chr19","21093269","21093539","KN295980v1","299091","299367","46","20794178"
"chr19","21098854","21099155","KN295898v1","15767","16071","45","21083087"
"chr19","21143507","21143774","KN295729v1","38175","38454","39","21105332"
"chr19","21237336","21237643","KN296004v1","353630","353936","35","20883706"
"chr19","21253185","21253486","KN296357v1","40034","40335","33","21213151"
"chr19","21281943","21282238","KN296759v1","1315279","1315575","35","19966664"
"chr19","21549346","21549642","KN294540v1","651367","651664","44","20897979"
"chr19","21650767","21651061","KN294484v1","361998","362281","46","21288769"
"chr19","21690756","21691060","KN295854v1","1504180","1504481","41","20186576"
"chr19","21752888","21753200","KN294520v1","1300419","1300723","40","20452469"
"chr19","21757599","21757904","KN296761v1","97995","98298","34","21659604"
"chr19","21914975","21915268","KN294326v1","477409","477702","36","21437566"
"chr19","21940365","21940488","KN296145v1","2793164","2793291","31","19147201"
"chr19","21942412","21942676","KN294897v1","138774","139038","48","21803638"
"chr19","21942677","21942900","KN297095v1","3589357","3589578","30","18353320"
"chr19","21943613","21943890","KN294326v1","427946","428232","54","21515667"
"chr19","22025671","22025980","KN295744v1","235007","235306","41","21790664"
"chr19","22077149","22077449","KN296507v1","600509","600805","36","21476640"
"chr19","22179798","22179896","KN296153v1","2295031","2295133","32","19884767"
"chr19","22180197","22180374","KN296486v1","1714803","1714969","46","20465394"
"chr19","22401680","22401991","KN297044v1","108239","108545","45","22293441"
"chr19","22441487","22441795","KN295102v1","157119","157420","41","22284368"
"chr19","22602609","22602908","KN294172v1","7030556","7030863","27","15572053"
"chr19","22677110","22677402","KN294172v1","6958377","6958670","20","15718733"
"chr19","22678888","22679020","KN294451v1","850215","850347","10","21828673"
"chr19","22679340","22679505","KN294451v1","850657","850819","34","21828683"
"chr19","22749181","22749474","KN294172v1","6890735","6891034","20","15858446"
"chr19","22806206","22806506","KN294172v1","6831846","6832158","26","15974360"
"chr19","22810834","22811136","KN296761v1","97995","98298","44","22712839"
"chr19","22820788","22821100","KN294172v1","6816895","6817201","19","16003893"
"chr19","22831740","22832046","KN294172v1","6805524","6805830","8","16026216"
"chr19","22873024","22873335","KN294385v1","291689","291997","35","22581335"
"chr19","22882261","22882571","KN296242v1","863939","864251","37","22018322"
"chr19","22896742","22897030","KN294172v1","6737664","6737958","16","16159078"
"chr19","23022548","23022854","KN296266v1","138052","138359","41","22884496"
"chr19","23080523","23080804","KN294172v1","6548127","6548438","37","16532396"
"chr19","23278776","23279070","KN295962v1","2457159","2457455","34","20821617"
"chr19","23328897","23329086","KN296473v1","44423","44611","19","23284474"
"chr19","23350513","23350813","KN294964v1","864674","864972","28","22485839"
"chr19","23402346","23402639","KN294172v1","6217367","6217667","23","17184979"
"chr19","23442891","23443192","KN294172v1","6175458","6175764","18","17267433"
"chr19","23459274","23459475","KN297165v1","1477031","1477235","32","21982243"
"chr19","23476632","23476945","KN294172v1","6138256","6138563","20","17338376"
"chr19","23493947","23494267","KN294172v1","6123610","6123925","64","17370337"
"chr19","23524516","23524814","KN294172v1","6093035","6093361","36","17431481"
"chr19","23553407","23553687","KN294172v1","6051714","6052001","19","17501693"
"chr19","23556931","23557243","KN294172v1","6047730","6048042","15","17509201"
"chr19","23568057","23568326","KN294172v1","6035473","6035763","33","17532584"
"chr19","23592279","23592630","KN297159v1","1840352","1840710","58","21751927"
"chr19","23606017","23606311","KN294172v1","6890735","6891034","56","16715282"
"chr19","23612068","23612306","KN295294v1","3311128","3311366","50","20300940"
"chr19","23625704","23625982","KN294172v1","5978733","5979010","8","17646971"
"chr19","23730242","23730538","KN294837v1","450075","450374","34","23280167"
"chr19","23818086","23818385","KN296620v1","947748","948045","41","22870338"
"chr19","23860601","23860900","KN294571v1","1349003","1349300","33","22511598"
"chr19","23878994","23879190","KN294705v1","1041928","1042123","13","22837066"
"chr19","23970067","23970369","KN294172v1","5628920","5629223","12","18341147"
"chr19","24000027","24000188","KN295236v1","4199870","4200015","38","19800157"
"chr19","24041413","24041720","KN294172v1","5547977","5548284","15","18493436"
"chr19","24059645","24059957","KN296594v1","162025","162336","36","23897620"
"chr19","24084386","24084679","KN294172v1","5502756","5503051","18","18581630"
"chr19","24129937","24130103","KN296959v1","1152394","1152569","28","22977543"
"chr19","24181621","24181684","KN297026v1","165919","165988","25","24015702"
"chr19","24183548","24183722","KN294451v1","850657","850819","31","23332891"
"chr19","24256771","24257074","KN295854v1","1504180","1504481","35","22752591"
"chr19","24268073","24268342","KN295964v1","43993","44262","37","24224080"
"chr19","24338549","24338847","KN294172v1","5231160","5231480","36","19107389"
"chr19","24374232","24374528","KN294172v1","5196162","5196453","22","19178070"
"chr19","24383423","24383722","KN294172v1","5186667","5186962","15","19196756"
"chr19","24496579","24496742","KN295294v1","769026","769186","23","23727553"
"chr19","24536384","24536751","KN296970v1","536172","536520","87","24000212"
"chr19","24546548","24546827","KN296138v1","156760","157041","33","24389788"
"chr19","24641714","24642027","KN297095v1","3863835","3864149","42","20777879"
"chr19","24774698","24774984","KN294172v1","4794292","4794577","11","19980406"
"chr19","24823469","24823773","KN295548v1","143484","143790","39","24679985"
"chr19","24938437","24938748","KN294172v1","4627675","4627984","20","20310762"
"chr19","24987791","24988080","KN294172v1","4582985","4583284","29","20404806"
"chr19","24992503","24992669","KN294790v1","2350797","2350969","32","22641706"
"chr19","24994675","24994987","KN294385v1","291689","291997","40","24702986"
"chr19","25068818","25069111","KN297452v1","1979430","1979725","41","23089388"
"chr19","25229576","25229873","KN297048v1","47682","47977","34","25181894"
"chr19","25345462","25345642","KN295523v1","1284417","1284596","19","24061045"
"chr19","25463447","25463739","KN294172v1","4114073","4114355","28","21349374"
"chr19","25494627","25494913","KN297008v1","5801252","5801534","36","19693375"
"chr19","25528084","25528382","KN297452v1","1979430","1979725","26","23548654"
"chr19","25528771","25529055","KN294172v1","4045851","4046145","31","21482920"
"chr19","25535924","25536205","KN294172v1","4036619","4036916","37","21499305"
"chr19","25536358","25536540","KN296486v1","1714803","1714969","40","23821555"
"chr19","25606278","25606567","KN294172v1","3961722","3962014","17","21644556"
"chr19","25612688","25612981","KN294172v1","3952769","3953059","20","21659919"
"chr19","25625296","25625585","KN294172v1","3939101","3939395","15","21686195"
"chr19","25646008","25646301","KN294172v1","3916685","3916978","16","21729323"
"chr19","25675318","25675628","KN295236v1","6115355","6115666","35","19559963"
"chr19","25689325","25689622","KN296430v1","480421","480721","32","25208904"
"chr19","25850527","25850797","KN296485v1","447446","447718","34","25403081"
"chr19","25885447","25885751","KN294172v1","3673877","3674180","15","22211570"
"chr19","26180480","26180775","KN294911v1","2237890","2238186","34","23942590"
"chr19","26547683","26547994","KN294172v1","2981945","2982254","23","23565738"
"chr19","26646752","26647054","KN294172v1","2878447","2878757","21","23768305"
"chr19","27182840","27183141","KN297327v1","454982","455285","33","26727858"
"chr19","27242291","27242557","KN297274v1","712841","713109","51","26529450"
"chr19","27482937","27483231","KN294172v1","2053418","2053711","17","25429519"
"chr19","27505735","27506014","KN294172v1","2031083","2031362","11","25474652"
"chr19","27676492","27676786","KN296280v1","422869","423161","37","27253623"
"chr19","27718278","27718581","KN294172v1","1804694","1804996","24","25913584"
"chr19","27762707","27763013","KN294172v1","1757733","1758040","15","26004974"
"chr19","27875393","27875699","KN295893v1","5868387","5868693","42","22007006"
"chr19","27904894","27905201","KN294172v1","1607038","1607346","26","26297856"
"chr19","27908721","27908754","KN296316v1","148146","148173","15","27760575"
"chr19","27909493","27909738","KN297200v1","492594","492837","97","27416899"
"chr19","28056165","28056469","KN294172v1","1462531","1462825","24","26593634"
"chr19","28084275","28084588","KN294172v1","1433157","1433460","23","26651118"
"chr19","28517564","28517873","KN294172v1","1001797","1002104","14","27515767"
"chr19","28694458","28694762","KN294172v1","828938","829244","17","27865520"
"chr19","28704206","28704534","KN297467v1","1155306","1155632","38","27548900"
"chr19","28780176","28780479","KN294172v1","741553","741860","39","28038623"
"chr19","28803046","28803355","KN294172v1","720572","720881","19","28082474"
"chr19","28943737","28944031","KN294172v1","575828","576133","22","28367909"
"chr19","28961998","28962304","KN295586v1","5713036","5713339","48","23248962"
"chr19","29058386","29058656","KN296665v1","243098","243371","59","28815288"
"chr19","29208966","29209270","KN294172v1","321852","322156","11","28887114"
"chr19","29230158","29230524","KN294172v1","301791","302156","26","28928367"
"chr19","29424991","29425286","KN296244v1","671098","671393","45","28753893"
"chr19","29581172","29581481","KN294399v1","115875","116174","37","29465297"
"chr19","29758620","29758876","KN296153v1","2143479","2143736","41","27615141"
"chr19","29815417","29815702","KN296959v1","1102614","1102904","38","28712803"
"chr19","29933226","29933524","KN294540v1","651367","651664","35","29281859"
"chr19","30017200","30017504","KN297406v1","94434","94741","37","29922766"
"chr19","30066338","30066646","KN297044v1","108239","108545","38","29958099"
"chr19","30067104","30067210","KN294987v1","1376021","1376125","34","28691083"
"chr19","30370063","30370380","KN294218v1","2054777","2055092","42","28315286"
"chr19","30388630","30388910","KN295257v1","348260","348541","29","30040370"
"chr19","30392305","30392607","KN295962v1","2457159","2457455","37","27935146"
"chr19","30505880","30506152","KN295501v1","941453","941721","43","29564427"
"chr19","30543845","30544155","KN297219v1","687673","687980","38","29856172"
"chr19","30884818","30885122","KN295667v1","1654970","1655277","37","29229848"
"chr19","31226768","31227069","KN297141v1","1274375","1274677","20","29952393"
"chr19","31694589","31694874","KN297141v1","791776","792061","12","30902813"
"chr19","31837088","31837389","KN295854v1","1504180","1504481","30","30332908"
"chr19","31876244","31876398","KN296311v1","3395386","3395501","69","28480858"
"chr19","31876431","31876524","KN295408v1","16933","17029","23","31859498"
"chr19","32093945","32094227","KN295257v1","348260","348541","33","31745685"
"chr19","32094254","32094277","KN296139v1","69081","69102","5","32025173"
"chr19","32293527","32293825","KN294378v1","142164","142458","44","32151363"
"chr19","32366288","32366516","KN296505v1","36934","37162","28","32329354"
"chr19","32367222","32367518","KN295090v1","291736","292032","43","32075486"
"chr19","32417477","32417765","KN297141v1","86747","87036","15","32330730"
"chr19","32629741","32629891","KN295931v1","69828","69973","33","32559913"
"chr19","32655542","32655855","KN296242v1","863939","864251","29","31791603"
"chr19","32817254","32817563","KN294705v1","1109306","1109614","33","31707948"
"chr19","32817751","32818080","KN295154v1","304698","305022","16","32513053"
"chr19","32849811","32850117","KN295073v1","75619","75926","37","32774192"
"chr19","33010967","33011145","KN296096v1","3761145","3761324","28","29249822"
"chr20","105906117","105906419","KN294964v1","864674","864972","32","105041443"
"chr20","105512869","105513167","KN296079v1","3084734","3085029","30","102428135"
"chr20","108658651","108658824","KN296743v1","1789514","1789673","32","106869137"
"chr20","119930772","119931006","KN296365v1","679575","679791","48","119251197"
"chr20","121372536","121372736","KN294493v1","1284341","1284555","37","120088195"
"chr20","1117625","1117937","KN295601v1","1319399","1319709","39","201774"
"chr20","1474062","1474370","KN294911v1","2511158","2511460","40","1037096"
"chr20","1541584","1541800","KN295343v1","589567","589783","27","952017"
"chr20","1568746","1568922","KN296486v1","1714803","1714969","31","146057"
"chr20","1608969","1609275","KN295872v1","199674","199982","18","1409295"
"chr20","1659034","1659333","KN296145v1","1420580","1420886","57","238454"
"chr20","1678662","1678979","KN295872v1","135415","135729","22","1543247"
"chr20","2052041","2052242","KN294571v1","2367043","2367240","41","315002"
"chr20","2136004","2136299","KN294668v1","2003347","2003642","37","132657"
"chr20","2212383","2212678","KN297146v1","245283","245577","14","1967100"
"chr20","2367613","2367891","KN297146v1","71580","71857","15","2296033"
"chr20","2396267","2396472","KN294613v1","407946","408145","38","1988321"
"chr20","2470230","2470501","KN297274v1","1573694","1573968","34","896536"
"chr20","2564387","2564758","KN296019v1","326373","326716","83","2238014"
"chr20","2633811","2634109","KN296146v1","363445","363739","19","2270366"
"chr20","2838965","2839265","KN296079v1","1016819","1017116","35","1822146"
"chr20","2869925","2870235","KN296146v1","135644","135961","24","2734281"
"chr20","2874019","2874325","KN297044v1","108239","108545","29","2765780"
"chr20","2929240","2929526","KN297452v1","1979430","1979725","42","949810"
"chr20","3202309","3202469","KN295995v1","71091","71264","32","3131218"
"chr20","3354145","3354435","KN295057v1","155127","155416","14","3199018"
"chr20","3613367","3613667","KN295057v1","407902","408182","25","3205465"
"chr20","3803111","3803397","KN295057v1","600227","600526","26","3202884"
"chr20","3833949","3834041","KN296096v1","3761648","3761740","27","72301"
"chr20","3834080","3834253","KN296959v1","1152394","1152569","27","2681686"
"chr20","4162158","4162455","KN295441v1","1423762","1424052","44","2738396"
"chr20","4163065","4163375","KN295057v1","967276","967573","29","3195789"
"chr20","4230846","4231127","KN295057v1","1034348","1034629","13","3196498"
"chr20","4923735","4924035","KN295096v1","447120","447418","32","4476615"
"chr20","4929927","4930215","KN294569v1","795781","796071","42","4134146"
"chr20","5124901","5125172","KN296062v1","1373798","1374059","43","3751103"
"chr20","5412169","5412477","KN296266v1","138052","138359","32","5274117"
"chr20","5579968","5580271","KN294609v1","15556","15853","21","5564412"
"chr20","5588269","5588571","KN295592v1","1762233","1762533","35","3826036"
"chr20","5818644","5818939","KN294479v1","138046","138339","41","5680598"
"chr20","5931205","5931518","KN295930v1","292880","293188","47","5638325"
"chr20","5938197","5938500","KN295526v1","979159","979460","38","4959038"
"chr20","6054276","6054568","KN296641v1","1285515","1285812","43","4768761"
"chr20","6198914","6199197","KN296290v1","1258651","1258933","35","4940263"
"chr20","6298266","6298565","KN295352v1","447012","447311","35","5851254"
"chr20","6329715","6330014","KN295854v1","1504180","1504481","31","4825535"
"chr20","6852154","6852449","KN297203v1","885386","885683","36","5966768"
"chr20","7080978","7081140","KN294451v1","850657","850819","29","6230321"
"chr20","7168089","7168386","KN295962v1","2457159","2457455","46","4710930"
"chr20","7177540","7177839","KN296378v1","801237","801534","35","6376303"
"chr20","7226561","7226846","KN297227v1","240655","240937","39","6985906"
"chr20","7251795","7252099","KN294685v1","1346044","1346352","47","5905751"
"chr20","7294920","7295232","KN295991v1","231987","232297","28","7062933"
"chr20","7386609","7386906","KN294439v1","265245","265540","38","7121364"
"chr20","7386907","7387079","KN296959v1","1152394","1152569","24","6234513"
"chr20","7449535","7449707","KN295319v1","430475","430648","28","7019060"
"chr20","7450015","7450149","KN295692v1","1641976","1642110","15","5808039"
"chr20","7484003","7484336","KN296495v1","2925731","2926025","87","4558272"
"chr20","7517711","7518021","KN296072v1","190243","190551","45","7327468"
"chr20","7546602","7546903","KN296247v1","460642","460944","58","7085960"
"chr20","7547119","7547420","KN294539v1","1456926","1457228","38","6090193"
"chr20","7630892","7631195","KN296153v1","2292745","2293046","36","5338147"
"chr20","7639049","7639355","KN296093v1","185428","185734","14","7453621"
"chr20","7728913","7729091","KN296119v1","3355213","3355396","37","4373700"
"chr20","7782971","7783282","KN296093v1","45238","45542","21","7737733"
"chr20","7818711","7819001","KN296296v1","3313","3610","21","7815398"
"chr20","7820674","7820980","KN296093v1","1032","1331","26","7819642"
"chr20","7821052","7821339","KN296093v1","670","960","17","7820382"
"chr20","7857328","7857624","KN296635v1","1808458","1808757","35","6048870"
"chr20","7873084","7873378","KN296296v1","66249","66543","13","7806835"
"chr20","7886107","7886423","KN296296v1","72025","72338","37","7814082"
"chr20","7950778","7950920","KN297159v1","1909522","1909663","17","6041256"
"chr20","7951205","7951353","KN297008v1","6657903","6658047","37","1293302"
"chr20","7958414","7958574","KN296390v1","43391","43553","66","7915023"
"chr20","8031460","8031756","KN296296v1","230662","230956","12","7800798"
"chr20","8061238","8061542","KN294991v1","1411452","1411759","45","6649786"
"chr20","8086888","8087172","KN296296v1","286609","286914","31","7800279"
"chr20","8090529","8090822","KN296296v1","290290","290576","22","7800239"
"chr20","8095999","8096246","KN295633v1","200390","200624","49","7895609"
"chr20","8106103","8106399","KN297320v1","339616","339913","33","7766487"
"chr20","8128677","8128974","KN296296v1","329048","329342","18","7799629"
"chr20","8130437","8130741","KN294513v1","681816","682125","35","7448621"
"chr20","8274062","8274200","KN294613v1","562643","562778","16","7711419"
"chr20","8274510","8274728","KN294571v1","2367043","2367240","57","5907467"
"chr20","8296843","8297123","KN294536v1","1188957","1189234","63","7107886"
"chr20","8312782","8312837","KN295614v1","28241","28303","29","8284541"
"chr20","8370864","8371149","KN294856v1","123408","123700","45","8247456"
"chr20","8438298","8438609","KN294856v1","195880","196191","20","8242418"
"chr20","8484051","8484359","KN296426v1","184408","184721","46","8299643"
"chr20","8484375","8484676","KN295090v1","1517745","1518055","43","6966630"
"chr20","8532612","8532900","KN294856v1","293727","294016","12","8238885"
"chr20","8595082","8595382","KN294856v1","364019","364300","35","8231063"
"chr20","8604443","8604749","KN296311v1","4507488","4507798","34","4096955"
"chr20","8613313","8613632","KN294181v1","1011769","1012076","52","7601544"
"chr20","8675538","8675822","KN295294v1","1790271","1790554","37","6885267"
"chr20","8713133","8713437","KN295814v1","57734","58046","24","8655399"
"chr20","8799049","8799356","KN295814v1","146282","146586","21","8652767"
"chr20","9064900","9065209","KN295814v1","416174","416483","11","8648726"
"chr20","9105894","9106185","KN295814v1","457495","457786","5","8648399"
"chr20","9109062","9109360","KN295814v1","460740","461047","24","8648322"
"chr20","9147946","9148255","KN295814v1","499186","499495","5","8648760"
"chr20","9335479","9335790","KN294251v1","2039161","2039471","34","7296318"
"chr20","9424743","9424900","KN295814v1","1118418","1118576","30","8306325"
"chr20","9437453","9437758","KN297452v1","1979430","1979725","36","7458023"
"chr20","9439083","9439385","KN295814v1","804008","804295","31","8635075"
"chr20","9457209","9457389","KN295967v1","467933","468109","36","8989276"
"chr20","9496867","9497135","KN295753v1","245053","245324","41","9251814"
"chr20","9584390","9584590","KN296122v1","357971","358155","36","9226419"
"chr20","9605037","9605327","KN296138v1","347026","347321","43","9258011"
"chr20","9709858","9710156","KN294365v1","1180313","1180615","41","8529545"
"chr20","9744108","9744402","KN294900v1","1146517","1146812","34","8597591"
"chr20","9883970","9884287","KN295814v1","1269766","1270070","37","8614204"
"chr20","9895492","9895678","KN295735v1","895035","895215","44","9000457"
"chr20","9901790","9901959","KN295294v1","769026","769186","35","9132764"
"chr20","9913714","9913880","KN294451v1","850657","850819","26","9063057"
"chr20","9914180","9914470","KN295814v1","1303433","1303723","14","8610747"
"chr20","9929511","9929811","KN295814v1","1321656","1321954","22","8607855"
"chr20","10026813","10027100","KN294372v1","1823104","1823399","45","8203709"
"chr20","10045735","10046032","KN294747v1","866490","866789","32","9179245"
"chr20","10075247","10075575","KN294251v1","874353","874679","62","9200894"
"chr20","10172394","10172704","KN295814v1","1576395","1576699","25","8595999"
"chr20","10218986","10219275","KN294619v1","1596339","1596639","45","8622647"
"chr20","10293995","10294315","KN295814v1","1699442","1699753","27","8594553"
"chr20","10401150","10401434","KN297083v1","400309","400588","40","10000841"
"chr20","10431666","10431982","KN297133v1","697008","697316","51","9734658"
"chr20","10449063","10449377","KN295825v1","1299898","1300208","48","9149165"
"chr20","10768804","10769111","KN294578v1","617490","617800","45","10151314"
"chr20","10899773","10900082","KN297249v1","103836","104141","16","10795937"
"chr20","11106609","11106814","KN297249v1","290537","290743","8","10816072"
"chr20","11526446","11526660","KN295498v1","169527","169745","14","11356919"
"chr20","11572426","11572728","KN295498v1","219471","219775","14","11352955"
"chr20","11603214","11603501","KN294728v1","856133","856416","48","10747081"
"chr20","11728334","11728637","KN296731v1","1279927","1280227","34","10448407"
"chr20","11737961","11738266","KN297008v1","6804349","6804651","40","4933612"
"chr20","11774478","11774811","KN296387v1","308582","308897","67","11465896"
"chr20","11812968","11813273","KN295601v1","365785","366093","38","11447183"
"chr20","11850127","11850430","KN295174v1","553151","553423","65","11296976"
"chr20","12000613","12000969","KN296019v1","326373","326716","81","11674240"
"chr20","12035757","12036023","KN296281v1","334470","334737","35","11701287"
"chr20","12071544","12071827","KN296731v1","1077976","1078259","35","10993568"
"chr20","12160671","12160973","KN296153v1","2179938","2180238","35","9980733"
"chr20","12193691","12194015","KN296426v1","184408","184721","55","12009283"
"chr20","12198276","12198572","KN297452v1","1979430","1979725","33","10218846"
"chr20","12401737","12402035","KN295692v1","911249","911547","50","11490488"
"chr20","12409089","12409379","KN295075v1","252071","252359","30","12157018"
"chr20","12436355","12436529","KN295814v1","1118418","1118576","41","11317937"
"chr20","12466305","12466602","KN294571v1","1349003","1349300","36","11117302"
"chr20","12470391","12470676","KN294172v1","4114073","4114355","46","8356318"
"chr20","12477466","12477615","KN294181v1","939094","939251","24","11538372"
"chr20","12480933","12481240","KN296122v1","315036","315346","36","12165897"
"chr20","12493310","12493622","KN296119v1","3556005","3556313","37","8937305"
"chr20","12506506","12506808","KN296577v1","170798","171097","38","12335708"
"chr20","12510455","12510745","KN296063v1","1250917","1251205","34","11259538"
"chr20","12568783","12568957","KN296296v1","24619","24786","28","12544164"
"chr20","12599939","12600233","KN294991v1","1558581","1558873","34","11041358"
"chr20","12605505","12605812","KN296266v1","138052","138359","35","12467453"
"chr20","12618699","12618805","KN296402v1","541900","541997","24","12076799"
"chr20","12619078","12619205","KN294613v1","59320","59453","24","12559758"
"chr20","12708839","12709144","KN297205v1","159049","159357","25","12549790"
"chr20","12836541","12836582","KN296316v1","148146","148173","20","12688395"
"chr20","12836881","12836894","KN296296v1","164966","164979","5","12671915"
"chr20","12867734","12868025","KN297205v1","336117","336411","19","12531617"
"chr20","12964245","12964549","KN297205v1","436922","437214","29","12527323"
"chr20","12995120","12995423","KN297205v1","469418","469727","19","12525702"
"chr20","13001753","13002059","KN297205v1","476075","476381","15","12525678"
"chr20","13055544","13055712","KN296829v1","582931","583096","38","12472613"
"chr20","13093210","13093355","KN297028v1","4571","4723","38","13088639"
"chr20","13618731","13619040","KN295041v1","260122","260428","10","13358609"
"chr20","13906178","13906482","KN294372v1","2056206","2056510","31","11849972"
"chr20","13922004","13922309","KN295041v1","550215","550509","27","13371789"
"chr20","14027213","14027518","KN294372v1","1311490","1311797","37","12715723"
"chr20","15829246","15829552","KN294434v1","634651","634938","35","15194595"
"chr20","15945042","15945334","KN294434v1","511556","511852","18","15433486"
"chr20","16479385","16479659","KN296253v1","27285","27567","23","16452100"
"chr20","16517621","16517930","KN294520v1","1300419","1300723","28","15217202"
"chr20","16724849","16725024","KN295967v1","467933","468109","29","16256916"
"chr20","16930882","16931163","KN296253v1","487586","487862","17","16443296"
"chr20","17156237","17156530","KN296253v1","718856","719154","14","16437381"
"chr20","17217745","17218057","KN296484v1","1024460","1024770","34","16193285"
"chr20","17470252","17470527","KN296253v1","1033396","1033699","46","16436856"
"chr20","17630392","17630702","KN295548v1","143484","143790","38","17486908"
"chr20","17710732","17711000","KN294571v1","1165499","1165774","39","16545233"
"chr20","17753271","17753560","KN295746v1","236127","236417","27","17517144"
"chr20","17809472","17809687","KN296253v1","1387332","1387541","13","16422140"
"chr20","18261282","18261447","KN294613v1","769657","769824","29","17491625"
"chr20","18332258","18332554","KN296865v1","197608","197908","18","18134650"
"chr20","18599201","18599513","KN295038v1","1565123","1565420","68","17034078"
"chr20","18861306","18861471","KN294980v1","230782","230955","44","18630524"
"chr20","18872230","18872383","KN296430v1","705227","705382","27","18167003"
"chr20","19017840","19017983","KN296430v1","705227","705382","32","18312613"
"chr20","19034358","19034525","KN295995v1","71091","71264","33","18963267"
"chr20","19038549","19038858","KN295825v1","2979498","2979808","42","16059051"
"chr20","19134901","19135191","KN296865v1","1019637","1019926","17","18115264"
"chr20","19289881","19290183","KN296865v1","1181154","1181460","22","18108727"
"chr20","19799931","19800239","KN296865v1","1703660","1703969","13","18096271"
"chr20","19803295","19803602","KN296865v1","1707032","1707335","24","18096263"
"chr20","19811366","19811673","KN296865v1","1715154","1715454","39","18096212"
"chr20","19836063","19836367","KN296266v1","138052","138359","32","19698011"
"chr20","19977504","19977813","KN296865v1","1884246","1884554","14","18093258"
"chr20","20051017","20051265","KN296865v1","1958265","1958500","27","18092752"
"chr20","20097265","20097447","KN295967v1","467933","468109","40","19629332"
"chr20","20543519","20543826","KN294970v1","974452","974753","47","19569067"
"chr20","20578858","20579168","KN294747v1","866490","866789","35","19712368"
"chr20","20582420","20582722","KN294451v1","194657","194961","38","20387763"
"chr20","20640761","20641059","KN295744v1","235007","235306","36","20405754"
"chr20","20641937","20642232","KN297452v1","1979430","1979725","32","18662507"
"chr20","20699268","20699470","KN295045v1","1182493","1182695","42","19516775"
"chr20","20699471","20699675","KN297032v1","308157","308361","46","20391314"
"chr20","20822994","20823294","KN294506v1","8190","8489","36","20814804"
"chr20","20867669","20867965","KN295371v1","109487","109778","47","20758182"
"chr20","20897717","20898028","KN297242v1","1009728","1010033","33","19887989"
"chr20","20974281","20974577","KN296635v1","1808458","1808757","42","19165823"
"chr20","20975262","20975564","KN297197v1","4684189","4684491","40","16291073"
"chr20","21062620","21062916","KN294592v1","51794","52092","37","21010826"
"chr20","21067938","21068235","KN295346v1","1790082","1790382","33","19277856"
"chr20","21167925","21168230","KN294964v1","864674","864972","38","20303251"
"chr20","21205153","21205457","KN294747v1","866490","866789","30","20338663"
"chr20","21216848","21217146","KN294378v1","1155375","1155674","30","20061473"
"chr20","21218214","21218376","KN295705v1","614687","614847","52","20603527"
"chr20","21218577","21218677","KN294187v1","2092112","2092208","13","19126465"
"chr20","21390388","21390696","KN294520v1","1300419","1300723","36","20089969"
"chr20","22007808","22008110","KN295198v1","516030","516332","34","21491778"
"chr20","22050496","22050805","KN295102v1","249012","249316","38","21801484"
"chr20","22414024","22414331","KN294513v1","681816","682125","36","21732208"
"chr20","22477411","22477716","KN295935v1","115846","116145","17","22361565"
"chr20","23174529","23174825","KN295854v1","1504180","1504481","39","21670349"
"chr20","23263241","23263499","KN294613v1","439865","440120","57","22823376"
"chr20","23355243","23355544","KN295586v1","5713036","5713339","40","17642207"
"chr20","23513552","23513854","KN294147v1","1614845","1615150","46","21898707"
"chr20","23851338","23851645","KN294543v1","14043","14341","23","23837295"
"chr20","23877368","23877660","KN294733v1","639480","639769","18","23237888"
"chr20","23962688","23962999","KN294733v1","539651","539964","23","23423037"
"chr20","24032573","24032854","KN294733v1","466530","466814","13","23566043"
"chr20","24253166","24253470","KN294733v1","242156","242453","34","24011010"
"chr20","24257213","24257523","KN294733v1","237806","238117","20","24019407"
"chr20","24279701","24280004","KN294733v1","213826","214129","19","24065875"
"chr20","24440153","24440402","KN296266v1","16134","16379","51","24424019"
"chr20","24444968","24445277","KN294733v1","48023","48319","34","24396945"
"chr20","24497534","24497830","KN294410v1","20636","20947","35","24476898"
"chr20","24508373","24508667","KN294410v1","32068","32368","23","24476305"
"chr20","24533006","24533312","KN294520v1","1300419","1300723","33","23232587"
"chr20","24617793","24618088","KN296079v1","3084734","3085029","30","21533059"
"chr20","24628611","24628778","KN296726v1","930925","931090","25","23697686"
"chr20","24642249","24642432","KN296474v1","618090","618279","49","24024159"
"chr20","24903809","24903860","KN295045v1","1336617","1336651","21","23567192"
"chr20","25279523","25279833","KN296766v1","218570","218882","17","25060953"
"chr20","25617195","25617498","KN297164v1","122695","122998","16","25494500"
"chr20","25627831","25628004","KN296959v1","1152394","1152569","34","24475437"
"chr20","25629534","25629830","KN297164v1","110282","110576","22","25519252"
"chr20","27085024","27085312","KN295366v1","153538","153829","52","26931486"
"chr20","28118394","28118625","KN296474v1","618090","618279","50","27500304"
"chr20","28272874","28273032","KN295294v1","769026","769186","25","27503848"
"chr20","29165605","29165896","KN296984v1","869115","869410","26","28296490"
"chr20","29357836","29358118","KN296984v1","671650","671935","32","28686186"
"chr20","29466590","29466899","KN296984v1","572968","573278","16","28893622"
"chr20","29716677","29716962","KN296984v1","331679","331983","27","29384998"
"chr20","29907497","29907793","KN296984v1","166455","166749","18","29741042"
"chr20","29954339","29954605","KN295459v1","963595","963865","58","28990744"
"chr20","29954655","29954668","KN294213v1","437220","437234","1","29517435"
"chr20","30093573","30093841","KN294444v1","220728","221004","41","29872845"
"chr20","30197588","30197875","KN296825v1","2274464","2274753","40","27923124"
"chr20","30417276","30417568","KN294592v1","51794","52092","51","30365482"
"chr20","30625322","30625616","KN294439v1","265245","265540","39","30360077"
"chr20","30831932","30832241","KN297191v1","49658","49954","28","30782274"
"chr20","31035978","31036061","KN294456v1","1106019","1106100","36","29929959"
"chr20","31294675","31294977","KN295037v1","863392","863701","23","30431283"
"chr20","31879496","31879809","KN295037v1","258430","258737","16","31621066"
"chr20","31977033","31977337","KN295037v1","158127","158433","20","31818906"
"chr20","32094807","32095131","KN295037v1","41832","42132","37","32052975"
"chr20","32174959","32175243","KN294506v1","235047","235332","38","31939912"
"chr20","32226873","32227171","KN295319v1","23766","24059","38","32203107"
"chr20","32353431","32353669","KN296508v1","378971","379207","38","31974460"
"chr20","32434816","32435097","KN296290v1","1258651","1258933","35","31176165"
"chr20","33105017","33105186","KN297154v1","211161","211330","28","32893856"
"chr20","33191825","33192124","KN296761v1","97995","98298","31","33093830"
"chr20","33241777","33241942","KN295236v1","151283","151434","46","33090494"
"chr20","33242231","33242512","KN295152v1","573425","573706","46","32668806"
"chr20","33325002","33325295","KN295962v1","674128","674422","29","32650874"
"chr20","33493243","33493424","KN294596v1","141115","141287","35","33352128"
"chr20","34021858","34022102","KN296262v1","415969","416212","19","33605889"
"chr20","34641325","34641534","KN294790v1","808923","809138","40","33832402"
"chr20","35329177","35329471","KN295667v1","1521926","1522223","39","33807251"
"chr20","35565920","35566223","KN296096v1","2440700","2440989","52","33125220"
"chr20","35582514","35582791","KN297095v1","496095","496368","44","35086419"
"chr20","35649725","35649995","KN295825v1","918270","918534","40","34731455"
"chr20","37365514","37365669","KN297008v1","1441000","1441155","32","35924514"
"chr20","37589150","37589450","KN294570v1","184409","184707","43","37404741"
"chr20","38033568","38033859","KN295923v1","1430363","1430659","43","36603205"
"chr20","38155303","38155602","KN296153v1","1424950","1425255","47","36730353"
"chr20","38189426","38189731","KN295343v1","373896","374196","46","37815530"
"chr20","38268059","38268342","KN296188v1","90194","90481","48","38177865"
"chr20","38371440","38371741","KN296296v1","66249","66543","42","38305191"
"chr20","38427866","38428168","KN296547v1","1231688","1231998","43","37196178"
"chr20","38501521","38501831","KN297044v1","108239","108545","40","38393282"
"chr20","38889765","38890065","KN296577v1","170798","171097","40","38718967"
"chr20","39016066","39016286","KN297160v1","18822","19042","32","38997244"
"chr20","39127182","39127483","KN296761v1","97995","98298","27","39029187"
"chr20","39271416","39271721","KN296880v1","282228","282535","39","38989188"
"chr20","39464258","39464588","KN294825v1","559277","559583","59","38904981"
"chr20","39604037","39604342","KN295744v1","235007","235306","37","39369030"
"chr20","39883642","39883920","KN296759v1","422275","422550","51","39461367"
"chr20","39910359","39910688","KN296145v1","2831302","2831618","57","37079057"
"chr20","40028541","40028687","KN295236v1","151283","151434","45","39877258"
"chr20","40085287","40085589","KN294446v1","290641","290939","33","39794646"
"chr20","40109182","40109485","KN295366v1","153538","153829","42","39955644"
"chr20","40160584","40160911","KN296119v1","3556005","3556313","57","36604579"
"chr20","40184152","40184439","KN296119v1","2173753","2174051","43","38010399"
"chr20","40330337","40330639","KN295893v1","6651453","6651742","47","33678884"
"chr20","40601045","40601345","KN297032v1","350057","350356","33","40250988"
"chr20","40635238","40635555","KN297145v1","4997","5308","59","40630241"
"chr20","40660679","40660972","KN294218v1","2054777","2055092","59","38605902"
"chr20","41064074","41064373","KN296557v1","254973","255272","17","40809101"
"chr20","41131511","41131814","KN296557v1","330746","331038","31","40800765"
"chr20","41256195","41256490","KN296557v1","457599","457893","21","40798596"
"chr20","41344218","41344512","KN296557v1","548990","549285","16","40795228"
"chr20","41378419","41378717","KN295962v1","2488019","2488313","35","38890400"
"chr20","41560122","41560420","KN296557v1","768841","769130","18","40791281"
"chr20","42367703","42367870","KN294451v1","850657","850819","39","41517046"
"chr20","42762351","42762646","KN295591v1","1513491","1513795","23","41248860"
"chr20","43106650","43106967","KN294251v1","874353","874679","56","42232297"
"chr20","43356670","43356900","KN295591v1","893323","893551","12","42463347"
"chr20","43608943","43608982","KN295708v1","999182","999218","8","42609761"
"chr20","43609009","43609290","KN295591v1","633811","634109","33","42975198"
"chr20","43852460","43852753","KN295591v1","363168","363454","25","43489292"
"chr20","44433842","44434006","KN296024v1","54273","54437","6","44379569"
"chr20","44610465","44610743","KN294399v1","178526","178809","33","44431939"
"chr20","45272277","45272579","KN296158v1","1447030","1447336","40","43825247"
"chr20","45498687","45498892","KN295045v1","1182493","1182695","39","44316194"
"chr20","45508024","45508330","KN297044v1","108239","108545","40","45399785"
"chr20","45732048","45732347","KN295898v1","367649","367950","39","45364399"
"chr20","45752691","45753026","KN295573v1","2109163","2109481","63","43643528"
"chr20","45832647","45832820","KN294842v1","167464","167629","29","45665183"
"chr20","45892124","45892433","KN296484v1","1024460","1024770","38","44867664"
"chr20","45986737","45987055","KN296484v1","1024460","1024770","41","44962277"
"chr20","46007170","46007332","KN295408v1","16726","16898","36","45990444"
"chr20","46082892","46083047","KN297008v1","1441000","1441155","32","44641892"
"chr20","46560288","46560577","KN296319v1","524387","524684","45","46035901"
"chr20","46588659","46588984","KN295365v1","843813","844123","54","45744846"
"chr20","46594933","46595062","KN297008v1","6657903","6658047","46","39937030"
"chr20","46636354","46636639","KN295366v1","153538","153829","41","46482816"
"chr20","47032904","47033138","KN295526v1","34227","34466","59","46998677"
"chr20","47396952","47397263","KN295090v1","1444968","1445278","39","45951984"
"chr20","47464167","47464468","KN295854v1","1504180","1504481","35","45959987"
"chr20","47515868","47516178","KN296380v1","7066","7372","34","47508802"
"chr20","47561147","47561472","KN297047v1","608166","608490","51","46952981"
"chr20","47620480","47620762","KN295236v1","2638776","2639055","30","44981704"
"chr20","47639008","47639307","KN297343v1","2044825","2045124","41","45594183"
"chr20","47690312","47690622","KN294591v1","115642","115945","47","47574670"
"chr20","47714245","47714554","KN294520v1","1300419","1300723","38","46413826"
"chr20","47799886","47800184","KN294911v1","2445256","2445553","28","45354630"
"chr20","47803472","47803773","KN295592v1","1762233","1762533","38","46041239"
"chr20","47912505","47912784","KN296495v1","2925731","2926025","38","44986774"
"chr20","48044583","48044890","KN295548v1","143484","143790","34","47901099"
"chr20","48244642","48244845","KN297032v1","308157","308361","33","47936485"
"chr20","48289016","48289247","KN295346v1","2023036","2023261","36","46265980"
"chr20","48315894","48316203","KN294172v1","6816895","6817201","42","41498999"
"chr20","48359717","48360023","KN296187v1","363115","363422","41","47996602"
"chr20","48514785","48515092","KN294385v1","291689","291997","36","48223096"
"chr20","48862616","48862889","KN295045v1","756205","756493","41","48106411"
"chr20","48970531","48970838","KN294548v1","186910","187203","46","48783621"
"chr20","49034801","49035065","KN295362v1","113903","114168","37","48920898"
"chr20","49333732","49334020","KN295236v1","1562516","1562803","39","47771216"
"chr20","49477696","49477918","KN294364v1","734431","734649","34","48743265"
"chr20","49495817","49496126","KN294536v1","651643","651940","38","48844174"
"chr20","49570158","49570457","KN294443v1","686140","686441","40","48884018"
"chr20","49866227","49866532","KN294591v1","115642","115945","42","49750585"
"chr20","49906803","49907112","KN297044v1","108239","108545","30","49798564"
"chr20","50012458","50012773","KN294578v1","206614","206933","67","49805844"
"chr20","50421104","50421388","KN294172v1","5743616","5743895","42","44677488"
"chr20","50782735","50783030","KN296959v1","1102614","1102904","39","49680121"
"chr20","50801366","50801673","KN297044v1","108239","108545","35","50693127"
"chr20","50927133","50927300","KN294980v1","230782","230955","30","50696351"
"chr20","51066801","51067111","KN296864v1","1819360","1819669","42","49247441"
"chr20","51508236","51508528","KN297452v1","1979430","1979725","30","49528806"
"chr20","51618722","51619007","KN297047v1","3682185","3682472","30","47936537"
"chr20","51906538","51906881","KN297095v1","3586408","3586756","66","48320130"
"chr20","52384580","52384752","KN295090v1","1465525","1465689","34","50919055"
"chr20","52385337","52385551","KN294345v1","2206480","2206684","38","50178857"
"chr20","52469266","52469560","KN297203v1","885386","885683","41","51583880"
"chr20","52556260","52556570","KN295090v1","1517745","1518055","44","51038515"
"chr20","52575930","52576244","KN295893v1","2419696","2420007","48","50156234"
"chr20","52726357","52726644","KN294571v1","2837988","2838277","36","49888369"
"chr20","52808884","52809164","KN296311v1","6097151","6097432","40","46711733"
"chr20","53029522","53029721","KN296292v1","312589","312775","49","52716933"
"chr20","53870607","53870902","KN296290v1","1191602","1191900","43","52679005"
"chr20","54419677","54419941","KN296460v1","308344","308608","41","54111333"
"chr20","54987688","54987995","KN297044v1","108239","108545","39","54879449"
"chr20","55079223","55079524","KN296484v1","1024460","1024770","42","54054763"
"chr20","55175041","55175356","KN296387v1","308582","308897","61","54866459"
"chr20","55193638","55193917","KN294978v1","2379848","2380134","41","52813790"
"chr20","55417455","55417760","KN294964v1","864674","864972","35","54552781"
"chr20","55459420","55459704","KN295854v1","1777011","1777297","38","53682409"
"chr20","55526702","55526995","KN296864v1","924944","925235","37","54601758"
"chr20","55588419","55588716","KN294172v1","1462531","1462825","40","54125888"
"chr20","55603129","55603436","KN294385v1","767967","768276","37","54835162"
"chr20","55703140","55703426","KN294506v1","235047","235332","31","55468093"
"chr20","56655104","56655406","KN296701v1","963695","963998","18","55691409"
"chr20","56695455","56695746","KN295974v1","690483","690778","34","56004972"
"chr20","56780101","56780387","KN296345v1","714360","714649","23","56065741"
"chr20","56888067","56888368","KN296345v1","597279","597585","19","56290788"
"chr20","57181084","57181372","KN296345v1","303230","303517","15","56877854"
"chr20","57377728","57378028","KN296345v1","96067","96368","19","57281661"
"chr20","57450531","57450831","KN295996v1","883771","884067","35","56566760"
"chr20","57508893","57509186","KN296398v1","40790","41084","16","57468103"
"chr20","57980387","57980687","KN295755v1","60500","60797","43","57919887"
"chr20","58463288","58463590","KN294957v1","53527","53825","48","58409761"
"chr20","58700041","58700342","KN296547v1","1383439","1383739","42","57316602"
"chr20","58701201","58701464","KN294326v1","460637","460911","39","58240564"
"chr20","59083876","59084180","KN294499v1","899277","899580","38","58184599"
"chr20","59141133","59141465","KN296743v1","375694","376011","70","58765439"
"chr20","59342579","59342887","KN294385v1","767967","768276","34","58574612"
"chr20","59644566","59644757","KN295319v1","430475","430648","50","59214091"
"chr20","59888913","59889224","KN295176v1","114150","114462","20","59774763"
"chr20","60021353","60021653","KN297274v1","1043910","1044208","39","58977443"
"chr20","60363405","60363687","KN296929v1","6819","7101","45","60356586"
"chr20","60743574","60743856","KN295257v1","348260","348541","39","60395314"
"chr20","60875626","60875902","KN294758v1","183300","183591","50","60692326"
"chr20","61787003","61787325","KN296761v1","97995","98298","49","61689008"
"chr20","61799634","61799895","KN294825v1","131262","131525","39","61668372"
"chr20","62081556","62081845","KN296754v1","63800","64093","38","62017756"
"chr20","62295214","62295509","KN296763v1","165153","165443","21","62130061"
"chr20","62365294","62365579","KN296763v1","94767","95071","36","62270527"
"chr20","62581194","62581464","KN296859v1","1366227","1366507","42","61214967"
"chr20","62609747","62610026","KN295236v1","2638776","2639055","34","59970971"
"chr20","62631179","62631486","KN296308v1","1267307","1267615","36","61363872"
"chr20","62821838","62822132","KN294303v1","301681","301977","46","62520157"
"chr20","62901339","62901645","KN294416v1","303238","303546","36","62598101"
"chr20","63423413","63423701","KN296063v1","1250917","1251205","40","62172496"
"chr20","63859479","63859660","KN295735v1","895035","895215","39","62964444"
"chr20","64003920","64004218","KN296079v1","1016819","1017116","41","62987101"
"chr20","64469283","64469468","KN295236v1","4802595","4802791","42","59666688"
"chr20","64476846","64476994","KN296884v1","1422698","1422842","30","63054148"
"chr20","64797052","64797351","KN297133v1","503148","503445","37","64293904"
"chr20","64812388","64812570","KN295735v1","895035","895215","38","63917353"
"chr20","64820613","64820918","KN297452v1","1979430","1979725","43","62841183"
"chr20","64981416","64981747","KN295471v1","232855","233169","59","64748561"
"chr20","65118673","65118973","KN294899v1","838816","839121","37","64279857"
"chr20","65192443","65192772","KN296247v1","44902","45215","45","65147541"
"chr20","65268333","65268612","KN294266v1","360526","360806","36","64907807"
"chr20","65268658","65268694","KN295708v1","999182","999218","11","64269476"
"chr20","65313961","65314257","KN294790v1","4553461","4553757","37","60760500"
"chr20","65602321","65602630","KN294705v1","1109306","1109614","36","64493015"
"chr20","65943613","65943881","KN294825v1","131262","131525","37","65812351"
"chr20","66044945","66045228","KN294372v1","2590608","2590892","36","63454337"
"chr20","66144075","66144360","KN297087v1","67231","67493","63","66076844"
"chr20","66293781","66294067","KN294456v1","63433","63720","30","66230348"
"chr20","66431012","66431308","KN294911v1","2445256","2445553","38","63985756"
"chr20","66695279","66695588","KN296513v1","303366","303672","35","66391913"
"chr20","67293969","67294272","KN294261v1","338159","338460","19","66955810"
"chr20","67335585","67335884","KN294261v1","299536","299827","29","67036049"
"chr20","67378394","67378679","KN297165v1","1355223","1355511","43","66023171"
"chr20","67548602","67548939","KN294261v1","81115","81428","46","67467487"
"chr20","67562075","67562373","KN294261v1","68050","68360","26","67494025"
"chr20","67766819","67767050","KN295633v1","200390","200624","31","67566429"
"chr20","67823320","67823562","KN295371v1","756383","756611","74","67066937"
"chr20","67823601","67823613","KN294443v1","170714","170724","3","67652887"
"chr20","67969727","67970017","KN296635v1","5261506","5261803","29","62708221"
"chr20","68341095","68341389","KN296635v1","4886372","4886681","31","63454723"
"chr20","68623045","68623312","KN294790v1","3847979","3848251","39","64775066"
"chr20","68638083","68638389","KN294548v1","707024","707328","42","67931059"
"chr20","69537703","69537990","KN296635v1","3667154","3667443","7","65870549"
"chr20","69657577","69657872","KN296635v1","3538964","3539261","16","66118613"
"chr20","69676077","69676368","KN296635v1","3520957","3521257","27","66155120"
"chr20","69772168","69772474","KN296635v1","3429709","3429998","25","66342459"
"chr20","69877026","69877326","KN294790v1","71150","71455","40","69805876"
"chr20","70337182","70337480","KN296635v1","2847198","2847491","11","67489984"
"chr20","70412281","70412559","KN294170v1","201201","201477","45","70211080"
"chr20","70418224","70418530","KN296635v1","2765112","2765419","15","67653112"
"chr20","70423020","70423257","KN294407v1","786896","787127","46","69636124"
"chr20","70526946","70527236","KN296635v1","2652273","2652552","21","67874673"
"chr20","70838157","70838489","KN296635v1","2334003","2334316","55","68504154"
"chr20","70884595","70884884","KN296635v1","2285329","2285618","24","68599266"
"chr20","70988095","70988394","KN296635v1","2172932","2173231","15","68815163"
"chr20","71103737","71104041","KN294439v1","265245","265540","38","70838492"
"chr20","71276088","71276354","KN296442v1","546513","546771","33","70729575"
"chr20","71334127","71334420","KN295241v1","157199","157498","21","71176928"
"chr20","71405920","71406207","KN296635v1","1735805","1736098","16","69670115"
"chr20","71710003","71710313","KN296311v1","4507488","4507798","35","67202515"
"chr20","71777525","71777855","KN295552v1","215666","215993","61","71561859"
"chr20","71907536","71907838","KN296635v1","1233875","1234148","39","70673661"
"chr20","72031057","72031362","KN296635v1","1109412","1109720","17","70921645"
"chr20","72643915","72644222","KN296635v1","483874","484185","25","72160041"
"chr20","72811527","72811806","KN296635v1","315461","315740","19","72496066"
"chr20","72829045","72829355","KN296635v1","298253","298555","29","72530792"
"chr20","72931115","72931411","KN296635v1","212412","212702","22","72718703"
"chr20","73192295","73192610","KN295974v1","4197714","4198053","37","68994581"
"chr20","73652445","73652622","KN296153v1","2118691","2118861","37","71533754"
"chr20","73746347","73746655","KN295974v1","3622672","3622982","17","70123675"
"chr20","73783167","73783334","KN296296v1","24619","24786","32","73758548"
"chr20","74054069","74054354","KN295586v1","5293886","5294167","30","68760183"
"chr20","74447307","74447585","KN295974v1","2909796","2910104","46","71537511"
"chr20","75291647","75291947","KN295974v1","2054560","2054859","15","73237087"
"chr20","75391497","75391806","KN295977v1","1237273","1237582","36","74154224"
"chr20","75781925","75782230","KN295974v1","1546159","1546464","15","74235766"
"chr20","76015399","76015706","KN295977v1","1237273","1237582","34","74778126"
"chr20","76105279","76105563","KN295974v1","690483","690778","54","75414796"
"chr20","76370830","76371122","KN296296v1","66249","66543","39","76304581"
"chr20","76387450","76387764","KN295974v1","904748","905054","22","75482702"
"chr20","76602565","76602690","KN295571v1","189855","189980","19","76412710"
"chr20","76602722","76602887","KN295480v1","3317210","3317379","39","73285512"
"chr20","76610832","76611126","KN295974v1","690483","690778","18","75920349"
"chr20","76856728","76856919","KN295974v1","439217","439404","23","76417511"
"chr20","76951630","76951927","KN295974v1","337020","337320","17","76614610"
"chr20","77740154","77740434","KN294407v1","3190864","3191165","33","74549290"
"chr20","78223476","78223761","KN294407v1","2708829","2709123","22","75514647"
"chr20","78302541","78302841","KN294407v1","2630162","2630462","19","75672379"
"chr20","78314457","78314754","KN297320v1","339616","339913","48","77974841"
"chr20","78433683","78433702","KN295651v1","344716","344740","5","78088967"
"chr20","78433766","78433972","KN294404v1","154424","154626","52","78279342"
"chr20","78437876","78438175","KN294747v1","866490","866789","32","77571386"
"chr20","78513281","78513593","KN295667v1","1827854","1828139","72","76685427"
"chr20","78519802","78520096","KN296063v1","1250917","1251205","30","77268885"
"chr20","78615174","78615475","KN294407v1","2323451","2323753","23","76291723"
"chr20","78700422","78700593","KN296263v1","1162606","1162775","24","77537816"
"chr20","78771661","78771911","KN297227v1","928236","928488","48","77843425"
"chr20","78964175","78964469","KN295984v1","3278668","3278960","40","75685507"
"chr20","79145593","79145751","KN295294v1","769026","769186","30","78376567"
"chr20","79375384","79375664","KN294407v1","1565517","1565792","25","77809867"
"chr20","79501435","79501706","KN296831v1","373681","373950","53","79127754"
"chr20","79558426","79558717","KN294705v1","870227","870507","48","78688199"
"chr20","79558765","79558782","KN294570v1","158986","159003","4","79399779"
"chr20","79644665","79644974","KN294407v1","1295846","1296141","25","78348819"
"chr20","79717070","79717371","KN294407v1","1223058","1223364","12","78494012"
"chr20","79765803","79766099","KN294407v1","1167713","1168020","31","78598090"
"chr20","79785575","79785862","KN294407v1","1150160","1150448","32","78635415"
"chr20","79864155","79864456","KN294407v1","1074046","1074356","25","78790109"
"chr20","79886080","79886368","KN296495v1","2925731","2926025","42","76960349"
"chr20","79890167","79890459","KN294407v1","1047543","1047835","24","78842624"
"chr20","79922077","79922253","KN295349v1","47758","47931","31","79874319"
"chr20","79963751","79964054","KN294407v1","973531","973853","25","78990220"
"chr20","79965743","79966010","KN294407v1","971816","972070","22","78993927"
"chr20","80089969","80090264","KN295533v1","1124359","1124653","32","78965610"
"chr20","80091372","80091668","KN294193v1","34515","34817","47","80056857"
"chr20","80123602","80123882","KN294407v1","804694","804981","20","79318908"
"chr20","80135213","80135443","KN294407v1","786896","787127","10","79348317"
"chr20","80150472","80150765","KN295962v1","2457159","2457455","36","77693313"
"chr20","80177187","80177476","KN296390v1","129614","129904","38","80047573"
"chr20","80197526","80197822","KN294407v1","726946","727232","30","79470580"
"chr20","80343871","80344165","KN294900v1","1146517","1146812","32","79197354"
"chr20","80517397","80517680","KN294940v1","380863","381150","33","80136534"
"chr20","80565421","80565697","KN294407v1","346530","346806","6","80218891"
"chr20","80566601","80566883","KN294407v1","345364","345647","18","80221237"
"chr20","80673728","80674024","KN294407v1","237176","237476","19","80436552"
"chr20","80692803","80693101","KN294407v1","218390","218696","20","80474413"
"chr20","80698342","80698609","KN294407v1","212417","212687","16","80485925"
"chr20","80770467","80770780","KN296000v1","1247118","1247423","43","79523349"
"chr20","80833294","80833598","KN294407v1","86263","86567","16","80747031"
"chr20","80857778","80858056","KN297427v1","91340","91629","23","80766438"
"chr20","80903210","80903509","KN296577v1","1003855","1004150","17","79899355"
"chr20","80936494","80936791","KN294493v1","991664","991964","34","79944830"
"chr20","81062194","81062496","KN295091v1","924044","924353","43","80138150"
"chr20","81089322","81089613","KN294571v1","1070644","1070950","58","80018678"
"chr20","81117284","81117548","KN296577v1","793692","793952","15","80323592"
"chr20","81244539","81244844","KN296577v1","664305","664610","29","80580234"
"chr20","81380342","81380595","KN296577v1","525904","526154","15","80854438"
"chr20","81416129","81416412","KN297141v1","791776","792061","32","80624353"
"chr20","81474906","81475214","KN296311v1","2760766","2761075","47","78714140"
"chr20","81562144","81562447","KN296577v1","340589","340887","25","81221555"
"chr20","81563575","81563871","KN295984v1","811714","812012","34","80751861"
"chr20","81735914","81736213","KN296577v1","170798","171097","12","81565116"
"chr20","81758853","81759017","KN295820v1","902386","902554","31","80856467"
"chr20","81780651","81780942","KN296577v1","124145","124435","14","81656506"
"chr20","81838763","81838914","KN296836v1","770430","770594","39","81068333"
"chr20","81854884","81855194","KN294520v1","99322","99631","40","81755562"
"chr20","81947941","81948238","KN295988v1","652955","653254","41","81294986"
"chr20","82209802","82210092","KN294777v1","693618","693909","14","81516184"
"chr20","82255646","82255879","KN295633v1","200390","200624","30","82055256"
"chr20","82430808","82431097","KN294399v1","178526","178809","39","82252282"
"chr20","82784839","82785146","KN294777v1","102986","103289","21","82681853"
"chr20","82895658","82895943","KN294219v1","10459","10758","33","82885199"
"chr20","82907271","82907567","KN294219v1","22404","22705","22","82884867"
"chr20","83020188","83020461","KN294219v1","137776","138055","19","82882412"
"chr20","83764014","83764313","KN296079v1","1016819","1017116","32","82747195"
"chr20","84094631","84094935","KN296825v1","1702761","1703066","37","82391870"
"chr20","84143365","84143542","KN296119v1","3355213","3355396","35","80788152"
"chr20","84752935","84753222","KN296096v1","2440700","2440989","37","82312235"
"chr20","85220583","85220749","KN295480v1","2671032","2671189","29","82549551"
"chr20","85221923","85222082","KN295480v1","2671032","2671189","29","82550891"
"chr20","85499079","85499391","KN294520v1","1300419","1300723","41","84198660"
"chr20","85530493","85530792","KN294592v1","51794","52092","33","85478699"
"chr20","85569771","85570066","KN295090v1","2955942","2956240","38","82613829"
"chr20","85576559","85576838","KN294471v1","400264","400561","51","85176295"
"chr20","85607881","85608172","KN297320v1","356322","356612","35","85251559"
"chr20","85748544","85748851","KN295586v1","5713036","5713339","30","80035508"
"chr20","85975539","85975840","KN295441v1","162771","163076","17","85812768"
"chr20","86245566","86245873","KN295441v1","444133","444441","16","85801433"
"chr20","86435061","86435230","KN296174v1","30392","30557","33","86404669"
"chr20","86447771","86447929","KN294548v1","1393080","1393238","20","85054691"
"chr20","86610104","86610404","KN295441v1","815330","815642","29","85794774"
"chr20","86782354","86782670","KN295544v1","58095","58390","46","86724259"
"chr20","86807675","86808001","KN295441v1","1020252","1020580","20","85787423"
"chr20","86892555","86892834","KN295441v1","1106088","1106383","35","85786467"
"chr20","86986781","86987070","KN295441v1","1205596","1205893","23","85781185"
"chr20","87038121","87038300","KN296922v1","308569","308730","46","86729552"
"chr20","87038361","87038659","KN296495v1","1915876","1916172","30","85122485"
"chr20","87065503","87065801","KN295441v1","1292532","1292829","18","85772971"
"chr20","87146703","87146757","KN295045v1","1336617","1336651","22","85810086"
"chr20","87187772","87188063","KN295441v1","1423762","1424052","7","85764010"
"chr20","87206264","87206571","KN296620v1","947748","948045","30","86258516"
"chr20","87225825","87226116","KN296153v1","3956819","3957110","38","83269006"
"chr20","87241992","87242292","KN295441v1","1473719","1474022","14","85768273"
"chr20","87282533","87282837","KN295441v1","1521981","1522281","20","85760552"
"chr20","87312853","87313143","KN294571v1","2837988","2838277","33","84474865"
"chr20","87346717","87347005","KN294181v1","518208","518494","39","86828509"
"chr20","87361010","87361316","KN295441v1","1605177","1605470","25","85755833"
"chr20","87371849","87372171","KN295441v1","1616967","1617290","16","85754882"
"chr20","87375997","87376295","KN295441v1","1621433","1621729","21","85754564"
"chr20","87399728","87400038","KN295441v1","1645680","1645987","10","85754048"
"chr20","87735726","87736021","KN294251v1","1515118","1515410","39","86220608"
"chr20","87799379","87799667","KN297141v1","791776","792061","39","87007603"
"chr20","87808061","87808314","KN295371v1","756383","756611","52","87051678"
"chr20","87819942","87820249","KN297008v1","6804349","6804651","38","81015593"
"chr20","87865701","87865995","KN296732v1","1798740","1799034","29","86066961"
"chr20","87867058","87867229","KN296311v1","1013861","1014022","33","86853197"
"chr20","87982886","87983182","KN294399v1","115875","116174","39","87867011"
"chr20","88049106","88049386","KN296153v1","509017","509296","40","87540089"
"chr20","88057831","88058113","KN295319v1","23766","24059","44","88034065"
"chr20","88058344","88058635","KN295828v1","1055197","1055488","37","87003147"
"chr20","88074947","88075002","KN295045v1","1336617","1336651","26","86738330"
"chr20","88082928","88083086","KN295814v1","1118418","1118576","24","86964510"
"chr20","88083397","88083529","KN294571v1","2366600","2366733","12","85716797"
"chr20","88259834","88260117","KN294251v1","3307315","3307569","64","84952519"
"chr20","88286837","88287131","KN296864v1","3079126","3079418","13","85207711"
"chr20","88307196","88307488","KN296864v1","3059211","3059513","38","85247985"
"chr20","88557421","88557592","KN296153v1","2118691","2118861","26","86438730"
"chr20","88610504","88610812","KN296864v1","2750275","2750569","23","85860229"
"chr20","88654366","88654675","KN296864v1","2702936","2703241","23","85951430"
"chr20","88673753","88674029","KN296864v1","2684169","2684446","12","85989584"
"chr20","88724584","88724881","KN294873v1","432363","432666","40","88292221"
"chr20","88749071","88749361","KN296153v1","1610495","1610789","34","87138576"
"chr20","88864736","88864982","KN296496v1","143366","143630","56","88721370"
"chr20","88964479","88964773","KN295962v1","2520823","2521108","50","86443656"
"chr20","89069748","89070042","KN296864v1","2291565","2291865","26","86778183"
"chr20","89078570","89078878","KN296864v1","2280542","2280834","29","86798028"
"chr20","89129281","89129596","KN296864v1","2223258","2223558","27","86906023"
"chr20","89142792","89143081","KN296864v1","2209840","2210129","11","86932952"
"chr20","89155679","89155976","KN296864v1","2196559","2196855","15","86959120"
"chr20","89253247","89253543","KN296864v1","2098395","2098697","18","87154852"
"chr20","89404406","89404681","KN295501v1","506527","506803","32","88897879"
"chr20","89523436","89523747","KN296864v1","1819360","1819669","19","87704076"
"chr20","89594197","89594499","KN296864v1","1747232","1747534","18","87846965"
"chr20","89637623","89637922","KN296508v1","1489307","1489607","44","88148316"
"chr20","89695828","89696056","KN295748v1","191135","191363","37","89504693"
"chr20","90223085","90223408","KN296864v1","1128140","1128468","22","89094945"
"chr20","90229066","90229358","KN294911v1","2445256","2445553","36","87783810"
"chr20","90254207","90254500","KN296864v1","1098087","1098388","22","89156120"
"chr20","90284340","90284642","KN296864v1","1070402","1070700","17","89213938"
"chr20","90420939","90421230","KN296864v1","924944","925235","9","89495995"
"chr20","90584515","90584822","KN296864v1","760530","760838","30","89823985"
"chr20","90792453","90792769","KN296864v1","547202","547500","33","90245251"
"chr20","90860134","90860439","KN296864v1","475160","475459","18","90384974"
"chr20","90863300","90863608","KN295930v1","122697","123007","33","90740603"
"chr20","91019251","91019551","KN296864v1","303824","304126","23","90715427"
"chr20","91060289","91060437","KN297008v1","6657903","6658047","37","84402386"
"chr20","91115967","91116247","KN296864v1","206726","207012","28","90909241"
"chr20","91170782","91171071","KN296864v1","151611","151922","39","91019171"
"chr20","91352352","91352622","KN296943v1","295934","296196","42","91056418"
"chr20","91833355","91833659","KN296119v1","2087223","2087529","35","89746132"
"chr20","91854338","91854640","KN296761v1","97995","98298","37","91756343"
"chr20","91859176","91859482","KN295343v1","373896","374196","36","91485280"
"chr20","91919172","91919470","KN294520v1","1300419","1300723","38","90618753"
"chr20","92219613","92219921","KN295548v1","143484","143790","34","92076129"
"chr20","92221380","92221682","KN297200v1","98740","99051","40","92122640"
"chr20","92244795","92244942","KN294842v1","167464","167629","39","92077331"
"chr20","92292918","92293202","KN294506v1","235047","235332","39","92057871"
"chr20","92307740","92308021","KN297112v1","5762624","5762919","40","86545116"
"chr20","92318775","92319085","KN296484v1","1024460","1024770","36","91294315"
"chr20","92350272","92350535","KN295936v1","2228111","2228371","35","90122161"
"chr20","92351759","92352009","KN295987v1","1193288","1193543","44","91158471"
"chr20","92383265","92383557","KN294540v1","651367","651664","34","91731898"
"chr20","92434257","92434558","KN294964v1","864674","864972","40","91569583"
"chr20","92548303","92548608","KN297044v1","108239","108545","31","92440064"
"chr20","92601356","92601657","KN296826v1","122558","122853","29","92478798"
"chr20","92644266","92644567","KN294456v1","513291","513590","42","92130975"
"chr20","92644765","92644925","KN294980v1","230782","230955","38","92413983"
"chr20","92656856","92657048","KN295236v1","4802595","4802791","39","87854261"
"chr20","92663481","92663764","KN295533v1","1730829","1731110","39","90932652"
"chr20","92686638","92686938","KN294385v1","291689","291997","42","92394949"
"chr20","92778444","92778639","KN296949v1","276698","276899","31","92501746"
"chr20","92831149","92831454","KN296004v1","353630","353936","33","92477519"
"chr20","92852195","92852482","KN295857v1","32063","32348","32","92820132"
"chr20","92888738","92888905","KN296829v1","582931","583096","29","92305807"
"chr20","92956414","92956722","KN295343v1","373896","374196","53","92582518"
"chr20","93022278","93022604","KN294385v1","291689","291997","59","92730589"
"chr20","93024652","93024942","KN296096v1","2440700","2440989","40","90583952"
"chr20","93178142","93178439","KN294540v1","651367","651664","32","92526775"
"chr20","93241532","93241830","KN294668v1","4045257","4045554","33","89196275"
"chr20","93254799","93255093","KN296296v1","66249","66543","34","93188550"
"chr20","93305237","93305495","KN294825v1","131262","131525","39","93173975"
"chr20","93423325","93423622","KN296507v1","600509","600805","33","92822816"
"chr20","93460901","93461104","KN294946v1","74320","74515","51","93386581"
"chr20","93505248","93505528","KN295090v1","568506","568777","43","92936742"
"chr20","93518738","93519030","KN295070v1","15542","15836","39","93503196"
"chr20","93598607","93598909","KN296495v1","1915876","1916172","32","91682731"
"chr20","93731695","93732004","KN294705v1","1109306","1109614","40","92622389"
"chr20","93799438","93799734","KN295315v1","1631499","1631797","34","92167939"
"chr20","93823229","93823521","KN294377v1","665459","665744","45","93157770"
"chr20","93843585","93843894","KN294485v1","105000","105306","32","93738585"
"chr20","93857685","93857823","KN297008v1","6657903","6658047","27","87199782"
"chr20","93872952","93873218","KN294187v1","907689","907968","46","92965263"
"chr20","93891932","93892240","KN294174v1","245301","245611","43","93646631"
"chr20","93894449","93894749","KN294193v1","816512","816806","43","93077937"
"chr20","93906346","93906568","KN295371v1","756383","756611","61","93149963"
"chr20","93929603","93929809","KN294443v1","649310","649513","30","93280293"
"chr20","93947388","93947682","KN295962v1","674128","674422","35","93273260"
"chr20","94000429","94000725","KN295441v1","1473719","1474022","45","92526710"
"chr20","94164326","94164638","KN296484v1","1024460","1024770","45","93139866"
"chr20","94687092","94687366","KN295586v1","2932674","2932939","41","91754418"
"chr20","94815398","94815580","KN296959v1","1152394","1152569","30","93663004"
"chr20","94867877","94868173","KN294540v1","651367","651664","34","94216510"
"chr20","94879532","94879773","KN294407v1","786896","787127","39","94092636"
"chr20","94932696","94932982","KN295034v1","64250","64533","50","94868446"
"chr20","94933878","94934188","KN296004v1","353630","353936","32","94580248"
"chr20","94937596","94937904","KN296380v1","7066","7372","42","94930530"
"chr20","94943639","94943817","KN294596v1","141115","141287","33","94802524"
"chr20","94952419","94952618","KN296473v1","44423","44611","27","94907996"
"chr20","96114259","96114544","KN296495v1","2925731","2926025","42","93188528"
"chr20","96182067","96182286","KN296263v1","1174252","1174472","26","95007815"
"chr20","96374156","96374463","KN294987v1","1179234","1179541","12","95194922"
"chr20","96406858","96407153","KN297048v1","47682","47977","34","96359176"
"chr20","96438457","96438779","KN296161v1","1131888","1132207","46","95306569"
"chr20","96442440","96442705","KN295375v1","607401","607665","49","95835039"
"chr20","96538893","96539199","KN297044v1","108239","108545","33","96430654"
"chr20","96544303","96544600","KN294987v1","1004803","1005099","18","95539500"
"chr20","96578504","96578811","KN294987v1","970995","971304","19","95607509"
"chr20","96608969","96609253","KN296036v1","1853371","1853650","41","94755598"
"chr20","96627404","96627712","KN294987v1","920676","920976","30","95706728"
"chr20","96640617","96640917","KN297038v1","1772633","1772935","24","94867984"
"chr20","96667641","96668025","KN294372v1","2148036","2148414","85","94519605"
"chr20","96837419","96837705","KN294510v1","147346","147636","41","96690073"
"chr20","96837871","96838171","KN294987v1","707171","707476","23","96130700"
"chr20","96941275","96941554","KN294987v1","598695","598975","13","96342580"
"chr20","97059220","97059520","KN294987v1","481563","481857","26","96577657"
"chr20","97088871","97089180","KN294987v1","451750","452059","13","96637121"
"chr20","97119638","97119932","KN294987v1","420693","420986","10","96698945"
"chr20","97208241","97208540","KN294790v1","4553461","4553757","44","92654780"
"chr20","97544120","97544419","KN294957v1","53527","53825","37","97490593"
"chr20","97593291","97593593","KN296315v1","577799","578100","31","97015492"
"chr20","97608986","97609274","KN294569v1","795781","796071","36","96813205"
"chr20","97715252","97715552","KN294399v1","115875","116174","41","97599377"
"chr20","97726641","97726934","KN295441v1","1621433","1621729","40","96105208"
"chr20","97796847","97797011","KN295236v1","4199870","4200015","59","93596977"
"chr20","97860609","97860809","KN296119v1","3355213","3355396","41","94505396"
"chr20","97930961","97931141","KN297094v1","185988","186163","36","97744973"
"chr20","98382429","98382735","KN297105v1","1585403","1585710","40","96797026"
"chr20","98432934","98433217","KN296108v1","735240","735530","36","97697694"
"chr20","98735286","98735571","KN294172v1","4114073","4114355","52","94621213"
"chr20","99466776","99467076","KN294850v1","121634","121934","38","99345142"
"chr20","99481254","99481554","KN296577v1","124145","124435","40","99357109"
"chr20","99769644","99769895","KN296926v1","782298","782549","40","98987346"
"chr20","99788542","99788823","KN294705v1","2181145","2181423","21","97607397"
"chr20","99828373","99828545","KN294596v1","141115","141287","26","99687258"
"chr20","99925204","99925510","KN294705v1","2025255","2025554","19","97899949"
"chr20","99933895","99934183","KN294705v1","2017061","2017349","11","97916834"
"chr20","100004372","100004650","KN294407v1","1565517","1565792","40","98438855"
"chr20","100004948","100004989","KN296316v1","148146","148173","21","99856802"
"chr20","100026061","100026308","KN295717v1","662962","663211","50","99363099"
"chr20","100162472","100162697","KN294185v1","329688","329917","62","99832784"
"chr20","100182054","100182364","KN296484v1","1024460","1024770","29","99157594"
"chr20","100305109","100305318","KN296430v1","540489","540695","39","99764620"
"chr20","100381535","100381828","KN294705v1","1552952","1553251","23","98828583"
"chr20","100407662","100407881","KN294705v1","1526806","1527025","14","98880856"
"chr20","100428880","100429177","KN294705v1","1504048","1504346","17","98924832"
"chr20","100573280","100573457","KN294980v1","230782","230955","34","100342498"
"chr20","100595933","100596233","KN294705v1","1341014","1341324","24","99254919"
"chr20","100622724","100623034","KN294705v1","1309161","1309444","40","99313563"
"chr20","100633913","100634201","KN294705v1","1298905","1299193","14","99335008"
"chr20","100637195","100637498","KN294187v1","1070521","1070824","48","99566674"
"chr20","100726361","100726653","KN294520v1","1300419","1300723","49","99425942"
"chr20","100825204","100825506","KN294705v1","1109306","1109614","17","99715898"
"chr20","100852113","100852421","KN294705v1","1082508","1082817","14","99769605"
"chr20","100852737","100853078","KN294705v1","1081865","1082188","33","99770872"
"chr20","100910705","100911013","KN294705v1","1026057","1026362","17","99884648"
"chr20","101022297","101022606","KN294705v1","910891","911214","24","100111406"
"chr20","101032908","101033190","KN294705v1","899990","900268","11","100132918"
"chr20","101065641","101065955","KN296806v1","78148","78452","42","100987493"
"chr20","101314286","101314605","KN294510v1","104913","105218","62","101209373"
"chr20","101348914","101349208","KN294705v1","582583","582883","21","100766331"
"chr20","101360409","101360713","KN294705v1","566342","566646","16","100794067"
"chr20","101556581","101556886","KN294705v1","363671","363976","16","101192910"
"chr20","101586966","101587273","KN296311v1","4507488","4507798","40","97079478"
"chr20","101665047","101665383","KN295047v1","10643","10961","69","101654404"
"chr20","101670945","101671247","KN294372v1","1311490","1311797","35","100359455"
"chr20","101694449","101694739","KN296075v1","747794","748081","34","100946655"
"chr20","101739472","101739768","KN294705v1","185206","185505","16","101554266"
"chr20","101778055","101778361","KN294372v1","2056206","2056510","37","99721849"
"chr20","101782863","101783030","KN296311v1","1013861","1014022","36","100769002"
"chr20","101791687","101791988","KN296588v1","994090","994394","36","100797597"
"chr20","101807463","101807608","KN297008v1","1441000","1441155","35","100366463"
"chr20","101832622","101832922","KN294705v1","94235","94555","37","101738387"
"chr20","101916931","101917241","KN294705v1","7649","7950","29","101909282"
"chr20","102004217","102004382","KN295294v1","769026","769186","25","101235191"
"chr20","103485002","103485313","KN294520v1","1300419","1300723","31","102184583"
"chr20","103580130","103580425","KN294561v1","623087","623382","29","102957043"
"chr20","103634008","103634304","KN294456v1","513291","513590","43","103120717"
"chr20","103638159","103638327","KN294470v1","2260068","2260237","31","101378091"
"chr20","103781684","103781991","KN295284v1","267335","267639","42","103514349"
"chr20","103876505","103876750","KN295755v1","46608","46845","61","103829897"
"chr20","103963470","103963635","KN296959v1","1152394","1152569","37","102811076"
"chr20","103963640","103963780","KN296430v1","705227","705382","35","103258413"
"chr20","103963791","103963935","KN296430v1","705227","705382","33","103258564"
"chr20","103982264","103982563","KN295854v1","1504180","1504481","39","102478084"
"chr20","104033910","104034184","KN295257v1","348260","348541","46","103685650"
"chr20","104081752","104081913","KN296743v1","1789514","1789673","29","102292238"
"chr20","104081922","104082217","KN296079v1","3084734","3085029","35","100997188"
"chr20","104139648","104139786","KN295171v1","775136","775271","17","103364512"
"chr20","104140409","104140581","KN294613v1","769657","769824","27","103370752"
"chr20","104143611","104143914","KN295343v1","373896","374196","35","103769715"
"chr20","104152838","104153141","KN297227v1","727002","727308","40","103425836"
"chr20","104170630","104170802","KN295814v1","1118418","1118576","60","103052212"
"chr20","104171109","104171223","KN294187v1","2092112","2092208","23","102078997"
"chr20","104195706","104195873","KN296306v1","3290422","3290582","29","100905284"
"chr20","104223137","104223409","KN296883v1","892041","892315","36","103331096"
"chr20","104231375","104231658","KN294462v1","540671","540960","37","103690704"
"chr20","104236952","104237220","KN296119v1","1099727","1099949","72","103137225"
"chr20","104237498","104237632","KN295261v1","74591","74723","18","104162907"
"chr20","104242459","104242591","KN295171v1","775136","775271","14","103467323"
"chr20","104242900","104243064","KN294239v1","2205879","2206038","27","102037021"
"chr20","104283927","104284219","KN295366v1","153538","153829","37","104130389"
"chr20","104338765","104339063","KN296955v1","243847","244146","30","104094918"
"chr20","104377047","104377359","KN295977v1","1237273","1237582","41","103139774"
"chr20","104415999","104416173","KN295967v1","467933","468109","40","103948066"
"chr20","104416783","104417070","KN296263v1","1248040","1248330","43","103168743"
"chr20","104421082","104421378","KN295744v1","235007","235306","30","104186075"
"chr20","104438514","104438823","KN295154v1","149426","149727","45","104289088"
"chr20","104441092","104441400","KN296096v1","3057578","3057885","56","101383514"
"chr20","104446690","104446931","KN297154v1","1194532","1194778","54","103252158"
"chr20","104461362","104461649","KN295633v1","2031147","2031431","32","102430215"
"chr20","104525797","104526120","KN296484v1","1024460","1024770","46","103501337"
"chr20","104540695","104540988","KN294475v1","320272","320570","37","104220423"
"chr20","104557541","104557827","KN296036v1","1306747","1307034","35","103250794"
"chr20","104562104","104562271","KN295820v1","902386","902554","26","103659718"
"chr20","104562592","104562723","KN294613v1","562643","562778","16","103999949"
"chr20","104575704","104575832","KN295171v1","774709","774836","48","103800995"
"chr20","104577632","104577930","KN295346v1","1790082","1790382","41","102787550"
"chr20","104654629","104654938","KN296486v1","2165350","2165655","34","102489279"
"chr20","104666206","104666432","KN294520v1","535056","535286","38","104131150"
"chr20","104669165","104669476","KN296637v1","513709","514016","41","104155456"
"chr20","104693360","104693653","KN296970v1","1175434","1175726","32","103517926"
"chr20","104805140","104805435","KN296200v1","1285411","1285706","40","103519729"
"chr20","104824841","104825125","KN297028v1","1113262","1113544","31","103711579"
"chr20","104847948","104848235","KN295601v1","2778400","2778694","47","102069548"
"chr20","104905780","104906087","KN294705v1","1109306","1109614","36","103796474"
"chr20","104959132","104959424","KN295366v1","153538","153829","28","104805594"
"chr20","104975838","104976134","KN297452v1","1979430","1979725","34","102996408"
"chr20","104994334","104994591","KN294234v1","2405720","2405976","55","102588614"
"chr20","105002251","105002537","KN295746v1","236127","236417","28","104766124"
"chr20","105061326","105061637","KN296093v1","185428","185734","38","104875898"
"chr20","105066886","105067175","KN294940v1","380863","381150","30","104686023"
"chr20","105086431","105086740","KN295091v1","924044","924353","41","104162387"
"chr20","105160274","105160558","KN295236v1","390148","390438","43","104770126"
"chr20","105261480","105261652","KN297154v1","1695463","1695633","32","103566017"
"chr20","105265272","105265584","KN296711v1","126069","126376","44","105139203"
"chr20","105309366","105309600","KN294407v1","786896","787127","42","104522470"
"chr20","105319720","105320016","KN297452v1","1979430","1979725","34","103340290"
"chr20","105326320","105326562","KN297154v1","1194532","1194778","46","104131788"
"chr20","105500001","105500204","KN296859v1","1427369","1427572","32","104072632"
"chr20","105528792","105529086","KN296079v1","3084734","3085029","38","102444058"
"chr20","105554536","105554844","KN296380v1","7066","7372","36","105547470"
"chr20","105692914","105693210","KN297233v1","1173332","1173631","37","104519582"
"chr20","105776785","105777065","KN297028v1","1113262","1113544","38","104663523"
"chr20","105783751","105784031","KN295257v1","348260","348541","36","105435491"
"chr20","105805862","105806154","KN297452v1","1979430","1979725","29","103826432"
"chr20","105871844","105872024","KN296119v1","3355213","3355396","41","102516631"
"chr20","105872057","105872233","KN296119v1","3355213","3355396","42","102516844"
"chr20","105921007","105921302","KN294571v1","1349003","1349300","37","104572004"
"chr20","105927352","105927651","KN295039v1","294358","294661","37","105632994"
"chr20","105947635","105947794","KN296743v1","1789514","1789673","30","104158121"
"chr20","106016103","106016275","KN297442v1","1675403","1675576","36","104340700"
"chr20","106016580","106016724","KN295550v1","497930","498078","25","105518650"
"chr20","106020291","106020523","KN297343v1","466161","466379","62","105554130"
"chr20","106025012","106025317","KN296761v1","97995","98298","40","105927017"
"chr20","106026427","106026718","KN296609v1","1410682","1410982","49","104615745"
"chr20","106070532","106070828","KN295343v1","373896","374196","34","105696636"
"chr20","106080079","106080392","KN296119v1","3556005","3556313","40","102524074"
"chr20","106120855","106121158","KN296093v1","185428","185734","36","105935427"
"chr20","106206065","106206356","KN294571v1","939030","939314","37","105267035"
"chr20","106228684","106228979","KN297242v1","2085238","2085533","38","104143446"
"chr20","106229177","106229524","KN297050v1","132482","132813","73","106096695"
"chr20","106231847","106232143","KN294592v1","51794","52092","44","106180053"
"chr20","106245606","106245908","KN294251v1","1515118","1515410","50","104730488"
"chr20","106265345","106265650","KN294964v1","864674","864972","40","105400671"
"chr20","106471711","106472033","KN294199v1","195562","195867","53","106276149"
"chr20","106499823","106500000","KN296086v1","825589","825753","38","105674234"
"chr20","106520164","106520433","KN296122v1","12736","13010","47","106507428"
"chr20","106552640","106552953","KN294539v1","1456926","1457228","47","105095714"
"chr20","106634322","106634559","KN297382v1","144772","145000","45","106489550"
"chr20","106651478","106651675","KN295045v1","1182493","1182695","46","105468985"
"chr20","106673530","106673812","KN295257v1","348260","348541","41","106325270"
"chr20","106923213","106923416","KN296859v1","1427369","1427572","44","105495844"
"chr20","106935541","106935855","KN296948v1","334164","334477","39","106601377"
"chr20","106942931","106943233","KN294850v1","121634","121934","31","106821297"
"chr20","106976591","106976896","KN296315v1","577799","578100","34","106398792"
"chr20","107008651","107008948","KN296934v1","452607","452901","43","106556044"
"chr20","107183092","107183356","KN295936v1","2228111","2228371","42","104954981"
"chr20","107236372","107236607","KN297038v1","132080","132318","34","107104292"
"chr20","107322419","107322715","KN296296v1","66249","66543","37","107256170"
"chr20","107410738","107410931","KN294416v1","523339","523527","19","106887399"
"chr20","107423913","107424167","KN295533v1","879003","879251","34","106544910"
"chr20","107440854","107441155","KN294399v1","115875","116174","32","107324979"
"chr20","107459504","107459787","KN295366v1","153538","153829","34","107305966"
"chr20","107551552","107551848","KN297452v1","1979430","1979725","33","105572122"
"chr20","107559831","107560126","KN294619v1","236638","236931","38","107323193"
"chr20","107625610","107625822","KN295623v1","334653","334867","29","107290957"
"chr20","107917195","107917483","KN294181v1","518208","518494","32","107398987"
"chr20","107940088","107940375","KN294287v1","1222157","1222440","44","106717931"
"chr20","108001977","108002161","KN294842v1","740895","741078","37","107261082"
"chr20","108019147","108019431","KN295257v1","348260","348541","30","107670887"
"chr20","108058045","108058338","KN295893v1","7122873","7123168","34","100935172"
"chr20","108085587","108085906","KN294372v1","1311490","1311797","40","106774097"
"chr20","108223245","108223541","KN295962v1","375746","376041","33","107847499"
"chr20","108284737","108285034","KN294365v1","993171","993474","43","107291566"
"chr20","108616213","108616526","KN294187v1","188357","188668","41","108427856"
"chr20","108808948","108809235","KN295893v1","6651453","6651742","33","102157495"
"chr20","108812366","108812648","KN295705v1","2418216","2418494","35","106394150"
"chr20","108837322","108837564","KN295045v1","1027226","1027471","36","107810096"
"chr20","108870607","108870901","KN297452v1","1979430","1979725","30","106891177"
"chr20","108871161","108871457","KN294964v1","864674","864972","34","108006487"
"chr20","108972953","108973251","KN294668v1","4045257","4045554","32","104927696"
"chr20","109016974","109017088","KN297157v1","346096","346184","49","108670878"
"chr20","109037726","109038001","KN297083v1","400309","400588","39","108637417"
"chr20","109044657","109044932","KN296306v1","1833651","1833939","39","107211006"
"chr20","109066579","109066883","KN294399v1","115875","116174","37","108950704"
"chr20","109070979","109071290","KN296484v1","1024460","1024770","27","108046519"
"chr20","109072943","109073177","KN295748v1","191135","191363","32","108881808"
"chr20","109172139","109172434","KN296108v1","735240","735530","33","108436899"
"chr20","109181360","109181723","KN297320v1","845071","845425","66","108336289"
"chr20","109197222","109197528","KN294668v1","4045257","4045554","40","105151965"
"chr20","109214665","109214959","KN296828v1","229290","229585","29","108985375"
"chr20","109232615","109232906","KN296096v1","2440700","2440989","34","106791915"
"chr20","109235670","109235962","KN297452v1","1979430","1979725","30","107256240"
"chr20","109395438","109395731","KN295708v1","2867736","2868029","6","106527702"
"chr20","109407310","109407618","KN295708v1","2858093","2858400","17","106549217"
"chr20","109441980","109442124","KN296884v1","1422698","1422842","29","108019282"
"chr20","109455629","109455910","KN295708v1","2806232","2806523","26","106649397"
"chr20","109618416","109618657","KN295708v1","2638385","2638612","22","106980031"
"chr20","109675028","109675309","KN295257v1","348260","348541","40","109326768"
"chr20","109690901","109691210","KN294499v1","2542984","2543291","32","107147917"
"chr20","110364532","110364848","KN295708v1","1865879","1866193","18","108498653"
"chr20","110403315","110403630","KN295708v1","1826032","1826338","29","108577283"
"chr20","110478714","110479012","KN295708v1","1759624","1759913","21","108719090"
"chr20","110586767","110587073","KN295708v1","1650759","1651063","20","108936008"
"chr20","110630754","110631057","KN296880v1","282228","282535","37","110348526"
"chr20","110656631","110656931","KN295343v1","373896","374196","36","110282735"
"chr20","111053850","111054101","KN296682v1","4040014","4040270","32","107013836"
"chr20","111054112","111054362","KN296682v1","4040014","4040270","34","107014098"
"chr20","111112907","111113217","KN295708v1","1099564","1099870","18","110013343"
"chr20","111151668","111151970","KN296864v1","3059211","3059513","37","108092457"
"chr20","111193625","111193996","KN296161v1","986044","986404","80","110207581"
"chr20","111206942","111207172","KN294911v1","4329651","4329891","37","106877291"
"chr20","111275448","111275749","KN295708v1","928934","929242","21","110346514"
"chr20","111349594","111349850","KN296296v1","6289","6545","52","111343305"
"chr20","111380567","111380851","KN295708v1","809426","809705","30","110571141"
"chr20","111386668","111386966","KN295708v1","812629","812926","20","110574039"
"chr20","111474764","111475050","KN294484v1","361998","362281","40","111112766"
"chr20","111533104","111533380","KN294213v1","437268","437550","42","111095836"
"chr20","111533381","111533539","KN297112v1","2529951","2530122","26","109003430"
"chr20","111574407","111574698","KN295708v1","618371","618661","9","110956036"
"chr20","111588400","111588691","KN297038v1","1342257","1342550","37","110246143"
"chr20","111607650","111607944","KN295708v1","584695","584990","9","111022955"
"chr20","111676327","111676640","KN295708v1","512813","513127","19","111163514"
"chr20","111719115","111719400","KN295708v1","472686","472972","10","111246429"
"chr20","111744513","111744811","KN295708v1","446806","447105","17","111297707"
"chr20","111756958","111757235","KN295708v1","433842","434102","27","111323116"
"chr20","111764293","111764572","KN295708v1","423023","423318","36","111341270"
"chr20","111775867","111776162","KN295708v1","390828","391133","31","111385039"
"chr20","111776219","111776518","KN295708v1","390828","391133","26","111385391"
"chr20","111800395","111800688","KN295366v1","153538","153829","36","111646857"
"chr20","111815235","111815527","KN295708v1","374517","374805","20","111440718"
"chr20","111857173","111857463","KN295708v1","330499","330785","24","111526674"
"chr20","111964680","111964996","KN295708v1","209141","209462","19","111755539"
"chr20","112184758","112184939","KN296110v1","16118","16299","11","112168640"
"chr20","112541735","112542024","KN296036v1","371449","371732","41","112170286"
"chr20","112609725","112610009","KN294372v1","1860677","1860962","53","110749048"
"chr20","112681611","112681895","KN297227v1","240655","240937","32","112440956"
"chr20","112695498","112695777","KN294229v1","183139","183412","41","112512359"
"chr20","112695778","112696060","KN294187v1","1996840","1997115","40","110698938"
"chr20","113251103","113251279","KN295995v1","71091","71264","33","113180012"
"chr20","113335651","113335951","KN296609v1","1410682","1410982","31","111924969"
"chr20","113580369","113580649","KN295236v1","2638776","2639055","47","110941593"
"chr20","113845732","113846077","KN297038v1","95792","96127","72","113749940"
"chr20","113967510","113967817","KN296880v1","282228","282535","41","113685282"
"chr20","114843412","114843711","KN297044v1","818619","818915","20","114024793"
"chr20","114934223","114934524","KN294372v1","1311490","1311797","46","113622733"
"chr20","115074119","115074417","KN294187v1","1444157","1444444","49","113629962"
"chr20","115095332","115095490","KN295814v1","1118418","1118576","21","113976914"
"chr20","115101079","115101252","KN295202v1","2028222","2028396","32","113072857"
"chr20","115160872","115161165","KN294170v1","255694","255987","37","114905178"
"chr20","115197867","115198043","KN294790v1","2350797","2350969","39","112847070"
"chr20","115295043","115295337","KN294479v1","138046","138339","35","115156997"
"chr20","115319175","115319480","KN297044v1","333364","333663","23","114985811"
"chr20","115542065","115542366","KN297044v1","120997","121293","28","115421068"
"chr20","115553792","115554061","KN295964v1","43993","44262","31","115509799"
"chr20","115641590","115641894","KN297044v1","16855","17151","27","115624735"
"chr20","115646342","115646622","KN297044v1","12154","12437","17","115634188"
"chr20","115696889","115697058","KN295667v1","830007","830168","31","114866882"
"chr20","115822500","115822801","KN295854v1","1504180","1504481","38","114318320"
"chr20","115835556","115835767","KN296460v1","412720","412933","32","115422836"
"chr20","115857696","115857736","KN297008v1","1312474","1312513","14","114545222"
"chr20","115858601","115858735","KN295171v1","774709","774836","31","115083892"
"chr20","115925064","115925371","KN295371v1","619650","619955","32","115305414"
"chr20","115925382","115925690","KN294499v1","2542984","2543291","29","113382398"
"chr20","115949579","115949875","KN294399v1","115875","116174","47","115833704"
"chr20","116052981","116053281","KN295315v1","2095049","2095346","33","113957932"
"chr20","116065328","116065651","KN294291v1","421537","421855","48","115643791"
"chr20","116416654","116416823","KN296153v1","2118691","2118861","35","114297963"
"chr20","116433878","116434180","KN296654v1","99566","99868","13","116334312"
"chr20","116445128","116445429","KN294292v1","71877","72183","42","116373251"
"chr20","116463393","116463696","KN295038v1","755697","756003","40","115707696"
"chr20","116465911","116466154","KN295869v1","1226325","1226572","41","115239586"
"chr20","116475675","116475979","KN294262v1","941123","941434","45","115534552"
"chr20","116478290","116478443","KN295294v1","769026","769186","35","115709264"
"chr20","116491525","116491828","KN296654v1","37167","37470","17","116454358"
"chr20","116499628","116499896","KN296654v1","28368","28650","28","116471260"
"chr20","116614538","116614698","KN297242v1","3635969","3636126","29","112978569"
"chr20","116632412","116632619","KN296859v1","1427369","1427572","32","115205043"
"chr20","116683050","116683332","KN294462v1","540671","540960","44","116142379"
"chr20","116703384","116703669","KN296036v1","2120627","2120917","42","114582757"
"chr20","116704420","116704718","KN296495v1","2925731","2926025","34","113778689"
"chr20","116787907","116788080","KN295995v1","71091","71264","35","116716816"
"chr20","116816869","116817030","KN296743v1","1789514","1789673","28","115027355"
"chr20","116837167","116837326","KN295294v1","769026","769186","28","116068141"
"chr20","116879167","116879448","KN294705v1","870227","870507","37","116008940"
"chr20","116978095","116978404","KN296518v1","182187","182475","31","116795908"
"chr20","117043141","117043436","KN296518v1","248069","248371","17","116795072"
"chr20","117064230","117064509","KN296518v1","270219","270514","30","116794011"
"chr20","117088061","117088366","KN296518v1","295474","295780","20","116792587"
"chr20","117181208","117181478","KN295257v1","348260","348541","39","116832948"
"chr20","117641813","117642121","KN294385v1","291689","291997","31","117350124"
"chr20","117852838","117853017","KN296959v1","1152394","1152569","32","116700444"
"chr20","117914909","117915086","KN296153v1","2696247","2696418","33","115218662"
"chr20","117960321","117960623","KN296726v1","507058","507357","38","117453263"
"chr20","117986160","117986489","KN295825v1","2979498","2979808","55","115006662"
"chr20","118064358","118064656","KN295345v1","868768","869065","47","117195590"
"chr20","118120681","118120998","KN294218v1","2054777","2055092","45","116065904"
"chr20","118199861","118200165","KN295038v1","1333645","1333944","52","116866216"
"chr20","118602063","118602356","KN295420v1","372108","372400","38","118229955"
"chr20","118608772","118609076","KN295315v1","1631499","1631797","38","116977273"
"chr20","118616841","118617136","KN294619v1","1362925","1363220","30","117253916"
"chr20","118662883","118663218","KN297145v1","4997","5308","74","118657886"
"chr20","118717577","118717870","KN295533v1","1124359","1124653","40","117593218"
"chr20","118734576","118734822","KN295533v1","879003","879251","25","117855573"
"chr20","118738224","118738509","KN295717v1","287965","288247","46","118450259"
"chr20","118881229","118881529","KN296849v1","39546","39839","17","118841683"
"chr20","118987276","118987558","KN296849v1","139852","140131","19","118847424"
"chr20","119149087","119149384","KN294711v1","312611","312910","37","118836476"
"chr20","119244455","119244745","KN296849v1","394002","394294","24","118850453"
"chr20","119258488","119258630","KN294187v1","1542190","1542331","19","117716298"
"chr20","119258928","119259121","KN294172v1","5506384","5506576","61","113752544"
"chr20","119267919","119268217","KN296849v1","415962","416263","13","118851957"
"chr20","119288937","119289228","KN296849v1","441458","441760","28","118847479"
"chr20","119292790","119293069","KN296849v1","445346","445614","21","118847444"
"chr20","119451919","119452218","KN296849v1","607115","607426","35","118844804"
"chr20","119705091","119705389","KN294693v1","517852","518151","47","119187239"
"chr20","119753110","119753416","KN296849v1","913435","913741","15","118839675"
"chr20","119861897","119862064","KN296311v1","1013861","1014022","30","118848036"
"chr20","119862369","119862508","KN295171v1","775136","775271","15","119087233"
"chr20","119893033","119893237","KN295405v1","471450","471653","32","119421583"
"chr20","119937528","119937686","KN294451v1","850657","850819","24","119086871"
"chr20","119937744","119937851","KN296731v1","120643","120766","29","119817101"
"chr20","120123377","120123669","KN296959v1","44442","44736","29","120078935"
"chr20","120154940","120155090","KN294187v1","1542649","1542810","33","118612291"
"chr20","120218136","120218443","KN294520v1","1300419","1300723","34","118917717"
"chr20","120261097","120261404","KN296380v1","7066","7372","30","120254031"
"chr20","120583272","120583577","KN295102v1","157119","157420","39","120426153"
"chr20","120698201","120698506","KN297197v1","4684189","4684491","38","116014012"
"chr20","120783801","120784082","KN295753v1","245053","245324","62","120538748"
"chr20","120794175","120794475","KN297452v1","1979430","1979725","37","118814745"
"chr20","120828619","120828924","KN296119v1","3719343","3719648","45","117109276"
"chr20","120853285","120853587","KN296481v1","326170","326465","44","120527115"
"chr20","120929460","120929769","KN295371v1","619650","619955","40","120309810"
"chr20","120936819","120936939","KN294980v1","230986","231111","44","120705833"
"chr20","121256479","121256770","KN295667v1","1170103","1170395","35","120086376"
"chr20","121270296","121270606","KN297264v1","658986","659294","44","120611310"
"chr20","121304274","121304451","KN296959v1","1152394","1152569","31","120151880"
"chr20","121324065","121324362","KN297203v1","885386","885683","37","120438679"
"chr20","121366331","121366626","KN295667v1","303286","303575","18","121063045"
"chr20","121492772","121492904","KN296004v1","510443","510558","32","120982329"
"chr20","121493147","121493167","KN296004v1","511102","511119","10","120982045"
"chr20","121493614","121493801","KN297312v1","464912","465094","32","121028702"
"chr20","121570229","121570420","KN296473v1","44423","44611","11","121525806"
"chr20","121579766","121580062","KN295667v1","528594","528886","23","121051172"
"chr20","121595005","121595272","KN296864v1","3158673","3158947","46","118436332"
"chr20","121601322","121601634","KN295667v1","551537","551842","24","121049785"
"chr20","121619553","121619799","KN295893v1","7433014","7433268","41","114186539"
"chr20","121631278","121631570","KN295075v1","252071","252359","35","121379207"
"chr20","121638528","121638884","KN296004v1","353630","353936","80","121284898"
"chr20","121688581","121688855","KN295667v1","636576","636850","11","121052005"
"chr20","121739516","121739536","KN296139v1","69081","69102","6","121670435"
"chr20","121739568","121739878","KN295667v1","693952","694233","42","121045616"
"chr20","121789615","121789916","KN295667v1","756874","757180","29","121032741"
"chr20","121806833","121807128","KN295667v1","774208","774528","36","121032625"
"chr20","121821244","121821441","KN294345v1","2206480","2206684","39","119614764"
"chr20","121821452","121821634","KN294404v1","154424","154626","44","121667028"
"chr20","121844221","121844515","KN297452v1","1979430","1979725","32","119864791"
"chr20","121845748","121846032","KN296311v1","2208406","2208687","58","119637342"
"chr20","121855895","121856270","KN297165v1","948615","948959","103","120907280"
"chr20","121870751","121871012","KN295667v1","832545","832806","11","121038206"
"chr20","121940067","121940313","KN296495v1","553328","553566","49","121386739"
"chr20","121957180","121957493","KN295667v1","924014","924311","33","121033166"
"chr20","121999497","121999582","KN297157v1","346096","346184","24","121653401"
"chr20","122016205","122016367","KN294451v1","850657","850819","29","121165548"
"chr20","122059278","122059554","KN295294v1","1790271","1790554","38","120269007"
"chr20","122119803","122120107","KN296261v1","607411","607706","47","121512392"
"chr20","122133435","122133684","KN295906v1","146901","147160","38","121986534"
"chr20","122153550","122153900","KN296864v1","2177791","2178147","92","119975759"
"chr20","122160570","122160853","KN294399v1","178526","178809","36","121982044"
"chr20","122196384","122196672","KN295667v1","1170103","1170395","21","121026281"
"chr20","122213779","122214049","KN295667v1","1187770","1188032","25","121026009"
"chr20","122258585","122258873","KN296063v1","1250917","1251205","36","121007668"
"chr20","122369554","122369839","KN296167v1","390890","391180","49","121978664"
"chr20","122540261","122540570","KN295667v1","1521926","1522223","24","121018335"
"chr20","122665414","122665721","KN295667v1","1654970","1655277","14","121010444"
"chr20","122775367","122775671","KN296620v1","257480","257787","31","122517887"
"chr20","122821471","122821769","KN295667v1","1813420","1813719","19","121008051"
"chr20","122880831","122881111","KN295667v1","1866332","1866634","38","121014499"
"chr20","122921201","122921493","KN295667v1","1906913","1907200","12","121014288"
"chr20","123079976","123080168","KN295667v1","2073640","2073836","15","121006336"
"chr20","123086829","123087148","KN297327v1","425867","426186","47","122660962"
"chr20","123107145","123107454","KN295667v1","2100500","2100806","23","121006645"
"chr20","123146951","123147261","KN295667v1","2142758","2143066","18","121004193"
"chr20","123154375","123154684","KN295667v1","2150190","2150496","13","121004185"
"chr20","123160466","123160761","KN295667v1","2155438","2155734","21","121005028"
"chr20","123200760","123201053","KN295667v1","2194778","2195068","13","121005982"
"chr20","123218896","123219167","KN296825v1","1898874","1899142","62","121320022"
"chr20","123451774","123451970","KN294571v1","2367043","2367240","34","121084731"
"chr20","123468669","123468965","KN294540v1","651367","651664","37","122817302"
"chr20","123484797","123484872","KN296731v1","893461","893529","33","122591336"
"chr20","123509613","123509895","KN297452v1","1979430","1979725","27","121530183"
"chr20","123521206","123521499","KN296732v1","1798740","1799034","35","121722466"
"chr20","123521753","123522055","KN296486v1","664213","664513","44","122857540"
"chr20","123557160","123557459","KN295526v1","979159","979460","39","122578001"
"chr20","123581079","123581380","KN294520v1","1300419","1300723","40","122280660"
"chr20","123612195","123612539","KN297095v1","3586408","3586756","58","120025787"
"chr20","123642348","123642637","KN294499v1","114042","114335","34","123528306"
"chr20","123653156","123653462","KN294671v1","296141","296444","42","123357015"
"chr20","123762353","123762657","KN295825v1","3253344","3253643","40","120509009"
"chr20","123880386","123880699","KN294790v1","71150","71455","41","123809236"
"chr20","123884622","123884919","KN294187v1","723738","724036","34","123160884"
"chr20","124331941","124332213","KN294326v1","460637","460911","38","123871304"
"chr20","124359375","124359594","KN294339v1","34283","34502","26","124325092"
"chr20","124463310","124463594","KN294940v1","380863","381150","35","124082447"
"chr20","124626089","124626399","KN294467v1","105458","105766","38","124520631"
"chr20","124761733","124762037","KN294964v1","864674","864972","45","123897059"
"chr20","124902795","124903107","KN294520v1","1300419","1300723","37","123602376"
"chr20","124934666","124934922","KN297210v1","51987","52241","33","124882679"
"chr20","124964782","124965099","KN294520v1","1300419","1300723","57","123664363"
"chr20","125025078","125025342","KN296943v1","295934","296196","38","124729144"
"chr20","125138522","125138868","KN294705v1","1696195","1696529","91","123442327"
"chr20","125162993","125163125","KN295171v1","775136","775271","19","124387857"
"chr20","125163390","125163410","KN295249v1","604887","604900","11","124558503"
"chr20","125164007","125164151","KN296180v1","537327","537473","50","124626680"
"chr20","125209247","125209424","KN297044v1","582510","582668","39","124626737"
"chr20","125209720","125209879","KN296311v1","1013861","1014022","25","124195859"
"chr20","125211320","125211494","KN297154v1","211161","211330","34","125000159"
"chr20","125224941","125225232","KN297452v1","1979430","1979725","34","123245511"
"chr20","125248022","125248212","KN294705v1","1041928","1042123","23","124206094"
"chr20","125260726","125261031","KN296000v1","1247118","1247423","36","124013608"
"chr20","125279516","125279807","KN297452v1","1979430","1979725","28","123300086"
"chr20","125339503","125339807","KN294172v1","3708185","3708492","49","121631318"
"chr20","125368503","125368656","KN296062v1","1814487","1814665","48","123554016"
"chr20","125380838","125381127","KN295394v1","630346","630640","32","124750492"
"chr20","125383779","125384077","KN294561v1","623087","623382","46","124760692"
"chr20","125402770","125403049","KN295257v1","348260","348541","39","125054510"
"chr20","125509649","125509950","KN294671v1","296141","296444","33","125213508"
"chr20","125551116","125551420","KN296153v1","3956819","3957110","46","121594297"
"chr20","125556402","125556683","KN295552v1","212176","212457","44","125344226"
"chr20","125821671","125821949","KN294987v1","598695","598975","33","125222976"
"chr20","125921796","125922091","KN294217v1","2705803","2706113","36","123215993"
"chr20","126066142","126066417","KN295828v1","1095001","1095277","43","124971141"
"chr20","126107271","126107580","KN295284v1","267335","267639","30","125839936"
"chr20","126484937","126485264","KN294217v1","2121340","2121660","29","124363597"
"chr20","127183039","127183330","KN297047v1","4500385","4500680","37","122682654"
"chr20","127539666","127539974","KN294217v1","1056246","1056533","38","126483420"
"chr20","127576706","127576991","KN295045v1","756205","756493","54","126820501"
"chr20","127633583","127633908","KN294217v1","962933","963251","22","126670650"
"chr20","127636838","127637133","KN294217v1","959672","959972","22","126677166"
"chr20","127655574","127655874","KN294806v1","654839","655140","34","127000735"
"chr20","127847341","127847637","KN294217v1","744138","744439","18","127103203"
"chr20","127909992","127910275","KN294585v1","123677","123958","46","127786315"
"chr20","127936287","127936494","KN294499v1","488200","488396","56","127448087"
"chr20","127937732","127937794","KN297026v1","165919","165988","22","127771813"
"chr20","128124114","128124407","KN297032v1","350057","350356","43","127774057"
"chr20","128625074","128625269","KN296180v1","2675374","2675563","47","125949700"
"chr20","128898926","128899221","KN296017v1","332028","332317","22","128566898"
"chr20","128905591","128905895","KN296017v1","339692","339993","23","128565899"
"chr20","129172727","129172898","KN296959v1","1152394","1152569","31","128020333"
"chr20","129173207","129173363","KN294181v1","939094","939251","28","128234113"
"chr20","129287265","129287542","KN297083v1","400309","400588","37","128886956"
"chr20","129307609","129307902","KN297452v1","1979430","1979725","30","127328179"
"chr20","129316209","129316500","KN294457v1","1123220","1123511","34","128192989"
"chr20","129331935","129332238","KN295343v1","373896","374196","32","128958039"
"chr20","129363301","129363494","KN294809v1","338554","338741","33","129024747"
"chr20","129363791","129363935","KN297159v1","1909522","1909663","31","127454269"
"chr20","129504071","129504359","KN295869v1","572441","572731","36","128931630"
"chr20","129634989","129635286","KN297227v1","1506101","1506400","36","128128888"
"chr20","129637671","129637973","KN294456v1","513291","513590","41","129124380"
"chr20","129681627","129681916","KN295075v1","252071","252359","39","129429556"
"chr20","129686263","129686570","KN296365v1","715772","716073","40","128970491"
"chr20","129707926","129708234","KN294499v1","2542984","2543291","33","127164942"
"chr20","129734586","129734950","KN296877v1","176991","177339","96","129557595"
"chr20","129796637","129796930","KN295319v1","36043","36339","35","129760594"
"chr20","129805496","129805780","KN297320v1","356322","356612","35","129449174"
"chr20","129838976","129839261","KN295820v1","439050","439341","47","129399926"
"chr20","129860961","129861277","KN295919v1","42663","42982","55","129818298"
"chr20","129914456","129914746","KN297205v1","436922","437214","41","129477534"
"chr20","129915665","129915956","KN294416v1","768533","768836","57","129147132"
"chr20","129928732","129929030","KN297452v1","1979430","1979725","35","127949302"
"chr20","129940741","129940944","KN297165v1","1477031","1477235","33","128463710"
"chr20","130045514","130045816","KN294825v1","559277","559583","42","129486237"
"chr20","130060581","130060872","KN297452v1","1979430","1979725","37","128081151"
"chr20","130087632","130087932","KN294964v1","864674","864972","40","129222958"
"chr20","130164528","130164834","KN296079v1","3084734","3085029","43","127079794"
"chr20","130189516","130189803","KN294172v1","4114073","4114355","42","126075443"
"chr20","130254368","130254656","KN296825v1","2274464","2274753","38","127979904"
"chr20","130374911","130375208","KN295744v1","235007","235306","30","130139904"
"chr20","130474541","130474718","KN296096v1","3761145","3761324","34","126713396"
"chr21","1357774","1358075","KN297187v1","56475","56763","25","1301299"
"chr21","1553751","1554041","KN294570v1","19227","19494","40","1534524"
"chr21","1668405","1668680","KN296108v1","735240","735530","40","933165"
"chr21","1747124","1747433","KN294520v1","1300419","1300723","44","446705"
"chr21","1752328","1752636","KN296004v1","353630","353936","34","1398698"
"chr21","2005280","2005589","KN294520v1","1300419","1300723","39","704861"
"chr21","2037816","2038107","KN296386v1","236314","236606","39","1801502"
"chr21","2040911","2041219","KN295923v1","1617056","1617358","29","423855"
"chr21","2056853","2057147","KN294479v1","138046","138339","37","1918807"
"chr21","2059661","2059956","KN294573v1","62756","63063","29","1996905"
"chr21","2081000","2081297","KN297205v1","268954","269266","47","1812046"
"chr21","2139074","2139386","KN295209v1","12796","13108","41","2126278"
"chr21","2202435","2202746","KN294218v1","2054777","2055092","45","147658"
"chr21","2205488","2205785","KN296969v1","195640","195936","32","2009848"
"chr21","2277944","2278242","KN296079v1","3084734","3085029","40","806790"
"chr21","2334872","2335172","KN296969v1","58739","59019","36","2276133"
"chr21","2363908","2364199","KN296969v1","21158","21450","19","2342750"
"chr21","2388810","2388966","KN294980v1","230782","230955","37","2158028"
"chr21","2445576","2445874","KN295313v1","234606","234907","12","2210970"
"chr21","2502043","2502330","KN296063v1","1250917","1251205","34","1251126"
"chr21","2673140","2673441","KN296761v1","97995","98298","34","2575145"
"chr21","2741109","2741403","KN294172v1","6737664","6737958","38","3996555"
"chr21","2742976","2743155","KN296959v1","1152394","1152569","35","1590582"
"chr21","2772671","2772969","KN294540v1","651367","651664","34","2121304"
"chr21","2788646","2788841","KN294456v1","816077","816280","25","1972569"
"chr21","2790822","2791112","KN294172v1","1462531","1462825","36","1328291"
"chr21","2806946","2807236","KN294399v1","115875","116174","41","2691071"
"chr21","2846011","2846315","KN294372v1","1048193","1048493","45","1797818"
"chr21","2861512","2861668","KN297159v1","1909075","1909226","30","952437"
"chr21","2866225","2866510","KN294861v1","235956","236236","39","2630269"
"chr21","2867862","2868166","KN295441v1","1473719","1474022","37","1394143"
"chr21","2908329","2908626","KN295533v1","1124359","1124653","40","1783970"
"chr21","2916064","2916358","KN296641v1","1285515","1285812","43","1630549"
"chr21","2996748","2997049","KN297044v1","108239","108545","52","2888509"
"chr21","3135878","3136189","KN296311v1","5354766","5355076","39","2218888"
"chr21","3189381","3189696","KN296484v1","1024460","1024770","44","2164921"
"chr21","3200619","3200889","KN294172v1","1585798","1586062","46","1614821"
"chr21","3214266","3214576","KN294292v1","71877","72183","41","3142389"
"chr21","3247181","3247402","KN294372v1","2516220","2516439","36","730961"
"chr21","3277094","3277299","KN295592v1","2117889","2118089","33","1159205"
"chr21","3338957","3339250","KN295828v1","1055197","1055488","38","2283760"
"chr21","3512799","3513094","KN295962v1","375746","376041","36","3137053"
"chr21","3531467","3531780","KN297044v1","108239","108545","33","3423228"
"chr21","3848697","3848981","KN296009v1","1376950","1377229","47","2471747"
"chr21","4438102","4438251","KN297008v1","6657903","6658047","19","2219801"
"chr21","4444297","4444598","KN295854v1","1504180","1504481","35","2940117"
"chr21","4842782","4843087","KN294906v1","106063","106365","16","4736719"
"chr21","4905329","4905629","KN294906v1","44872","45181","22","4860457"
"chr21","5220759","5221050","KN296386v1","236314","236606","47","4984445"
"chr21","5310532","5310822","KN296609v1","2741306","2741592","47","2569226"
"chr21","5323555","5323814","KN295987v1","1193288","1193543","42","4130267"
"chr21","5606261","5606529","KN295362v1","113903","114168","56","5492358"
"chr21","5713078","5713372","KN296609v1","1056268","1056569","46","4656810"
"chr21","5945722","5946003","KN295402v1","1180613","1180897","44","4765109"
"chr21","5958087","5958376","KN296063v1","1250917","1251205","36","4707170"
"chr21","6093165","6093476","KN296093v1","185428","185734","46","5907737"
"chr21","6370881","6371191","KN295236v1","2629750","2630062","42","3741131"
"chr21","6410389","6410663","KN295940v1","74492","74772","48","6335897"
"chr21","6491231","6491540","KN297219v1","687673","687980","43","5803558"
"chr21","6518929","6519218","KN294172v1","2053418","2053711","50","4465511"
"chr21","6788191","6788492","KN295548v1","143484","143790","44","6644707"
"chr21","7227352","7227621","KN295607v1","4385655","4385923","44","2841697"
"chr21","8101126","8101436","KN296484v1","1024460","1024770","35","7076666"
"chr21","8290289","8290590","KN294592v1","51794","52092","38","8238495"
"chr21","8312879","8313192","KN294879v1","746377","746668","65","7566502"
"chr21","8559826","8560153","KN296231v1","401194","401523","39","8158632"
"chr21","8748222","8748510","KN295746v1","236127","236417","31","8512095"
"chr21","8872924","8872992","KN296726v1","937390","937454","25","7935534"
"chr21","9083358","9083478","KN295171v1","774709","774836","41","8308649"
"chr21","9988160","9988448","KN294421v1","1012805","1013097","39","8975355"
"chr21","10745557","10745715","KN296311v1","1013861","1014022","31","9731696"
"chr21","10954656","10954959","KN297203v1","1464838","1465137","15","9489818"
"chr21","11032687","11032997","KN297203v1","1397056","1397366","10","9635631"
"chr21","11150771","11151094","KN297203v1","1280233","1280541","35","9870538"
"chr21","11212238","11212519","KN297203v1","1218262","1218561","32","9993976"
"chr21","11533152","11533462","KN297203v1","885386","885683","25","10647766"
"chr21","11962748","11962987","KN294501v1","2912717","2912970","43","9050031"
"chr21","12186285","12186581","KN297203v1","194747","195039","11","11991538"
"chr21","12291276","12291460","KN294535v1","512706","512875","61","11778570"
"chr21","13279836","13280139","KN297227v1","1506101","1506400","20","11773735"
"chr21","13489051","13489349","KN297227v1","1288618","1288923","25","12200433"
"chr21","13508640","13508954","KN297227v1","1269191","1269501","16","12239449"
"chr21","13553901","13554210","KN297227v1","1224919","1225238","28","12328982"
"chr21","13654186","13654321","KN295301v1","1224012","1224152","42","12430174"
"chr21","13654633","13654767","KN294613v1","562643","562778","14","13091990"
"chr21","13678491","13678756","KN297197v1","3429038","3429300","39","10249453"
"chr21","13782064","13782359","KN297227v1","1008705","1009001","26","12773359"
"chr21","13805680","13805910","KN295748v1","191135","191363","38","13614545"
"chr21","13854209","13854390","KN296859v1","1427369","1427572","63","12426840"
"chr21","13894773","13895091","KN297227v1","893273","893594","24","13001500"
"chr21","13896118","13896458","KN295919v1","42663","42982","80","13853455"
"chr21","14000865","14001168","KN297227v1","792098","792401","16","13208767"
"chr21","14007086","14007391","KN297227v1","785609","785909","23","13221477"
"chr21","14046060","14046301","KN297227v1","747461","747704","19","13298599"
"chr21","14065718","14066024","KN297227v1","727002","727308","14","13338716"
"chr21","14066205","14066507","KN297227v1","726519","726821","22","13339686"
"chr21","14303475","14303763","KN297227v1","482119","482403","22","13821356"
"chr21","14540607","14540896","KN297227v1","240655","240937","20","14299952"
"chr21","15305406","15305696","KN295402v1","915307","915596","46","14390099"
"chr21","15572904","15573199","KN297249v1","103836","104141","37","15469068"
"chr21","15937114","15937263","KN295667v1","830007","830168","39","15107107"
"chr21","16122429","16122730","KN295692v1","4058031","4058318","28","12064398"
"chr21","16152974","16153258","KN295692v1","4021734","4022018","19","12131240"
"chr21","16314490","16314747","KN295607v1","30362","30616","36","16284128"
"chr21","16378914","16379191","KN295692v1","3778724","3778998","8","12600190"
"chr21","16439095","16439369","KN295174v1","553151","553423","44","15885944"
"chr21","16758795","16759058","KN295692v1","3369865","3370128","13","13388930"
"chr21","17207373","17207673","KN295692v1","2924114","2924402","22","14283259"
"chr21","17245203","17245498","KN295692v1","2886930","2887222","21","14358273"
"chr21","17325815","17325968","KN296320v1","206630","206772","34","17119185"
"chr21","17522037","17522308","KN294790v1","3847979","3848251","35","13674058"
"chr21","17729119","17729328","KN295692v1","2407954","2408172","26","15321165"
"chr21","17739764","17740069","KN295692v1","2397077","2397382","14","15342687"
"chr21","17748732","17749034","KN295692v1","2388152","2388455","35","15360580"
"chr21","18016159","18016464","KN295692v1","2111410","2111711","18","15904749"
"chr21","18181032","18181302","KN295692v1","1945144","1945415","14","16235888"
"chr21","18517399","18517705","KN295692v1","1615973","1616263","26","16901426"
"chr21","18698896","18699183","KN294187v1","907689","907968","50","17791207"
"chr21","18846078","18846229","KN296311v1","1013861","1014022","43","17832217"
"chr21","18905101","18905409","KN296609v1","1056268","1056569","40","17848833"
"chr21","19211775","19212053","KN296009v1","1376950","1377229","34","17834825"
"chr21","19655942","19656196","KN295692v1","461282","461551","34","19194660"
"chr21","19777201","19777523","KN295294v1","244045","244353","47","19533156"
"chr21","19886651","19886951","KN295692v1","226778","227094","25","19659873"
"chr21","20082168","20082493","KN294193v1","868371","868704","68","19213797"
"chr21","20187950","20188177","KN296305v1","789556","789783","29","19398394"
"chr21","20584614","20584737","KN296263v1","1162811","1162928","19","19421803"
"chr21","20584780","20584939","KN296174v1","30392","30557","27","20554388"
"chr21","20613982","20614273","KN295984v1","3157265","3157559","47","17456717"
"chr21","20669269","20669553","KN294234v1","2300321","2300606","46","18368948"
"chr21","21057673","21057974","KN296481v1","299554","299855","35","20758119"
"chr21","21098343","21098520","KN296486v1","1714803","1714969","41","19383540"
"chr21","21141586","21141916","KN296278v1","394173","394503","39","20747413"
"chr21","21203247","21203541","KN296075v1","590735","591029","46","20612512"
"chr21","21497686","21498002","KN295038v1","755697","756003","45","20741989"
"chr21","21720178","21720481","KN295107v1","1577282","1577581","27","20142896"
"chr21","22062460","22062748","KN295107v1","1226074","1226364","16","20836386"
"chr21","22115916","22116213","KN295107v1","1172588","1172882","19","20943328"
"chr21","22254664","22254971","KN295107v1","1033978","1034285","23","21220686"
"chr21","22435754","22436055","KN294365v1","1180313","1180615","37","21255441"
"chr21","22437041","22437347","KN295107v1","851129","851460","38","21585912"
"chr21","22644937","22645229","KN295107v1","637950","638242","18","22006987"
"chr21","22808789","22809052","KN295107v1","468977","469235","29","22339812"
"chr21","22834495","22834671","KN294790v1","2350797","2350969","27","20483698"
"chr21","23317400","23317680","KN295596v1","2940377","2940662","44","20377023"
"chr21","23458993","23459296","KN296380v1","7066","7372","35","23451927"
"chr21","24545748","24546043","KN295441v1","1605177","1605470","45","22940571"
"chr21","24603923","24604208","KN295744v1","235007","235306","41","24368916"
"chr21","25022232","25022511","KN297016v1","70076","70353","39","24952156"
"chr21","25044897","25045207","KN296004v1","353630","353936","35","24691267"
"chr21","25242483","25242779","KN296205v1","1047575","1047872","27","24194908"
"chr21","25318087","25318392","KN296310v1","1454035","1454345","46","23864052"
"chr21","25343222","25343415","KN296859v1","1427369","1427572","36","23915853"
"chr21","25388728","25388996","KN294444v1","329995","330265","39","25058733"
"chr21","25450013","25450309","KN294987v1","420693","420986","31","25029320"
"chr21","25468121","25468425","KN297197v1","4684189","4684491","33","20783932"
"chr21","25471334","25471639","KN295708v1","1826032","1826338","41","23645302"
"chr21","25560248","25560552","KN295854v1","1504180","1504481","42","24056068"
"chr21","25776277","25776576","KN295047v1","110658","110961","27","25665619"
"chr21","25804759","25805054","KN295047v1","81519","81814","12","25723240"
"chr21","25813876","25814188","KN295047v1","72628","72935","20","25741248"
"chr21","25859009","25859065","KN295045v1","1336617","1336651","24","24522392"
"chr21","25871967","25872270","KN295047v1","13429","13731","17","25858538"
"chr21","25874747","25875057","KN295047v1","10643","10961","30","25864104"
"chr21","25940793","25941102","KN296484v1","1024460","1024770","38","24916333"
"chr21","26005510","26005817","KN294883v1","392954","393264","36","25612556"
"chr21","26168287","26168595","KN294693v1","1098557","1098860","21","25069730"
"chr21","26450720","26450905","KN294946v1","74320","74515","35","26376400"
"chr21","26450937","26451064","KN295571v1","189855","189980","19","26261082"
"chr21","26729871","26730181","KN296119v1","3556005","3556313","33","23173866"
"chr21","26759560","26759864","KN294693v1","489375","489675","30","26270185"
"chr21","26883931","26884231","KN294693v1","354872","355168","18","26529059"
"chr21","26992374","26992675","KN294693v1","244966","245276","24","26747408"
"chr21","26998808","26999107","KN294693v1","234456","234754","14","26764352"
"chr21","27833148","27833447","KN296739v1","188322","188625","23","27644826"
"chr21","27992325","27992620","KN296739v1","358940","359231","18","27633385"
"chr21","28685462","28685758","KN297452v1","1979430","1979725","40","26706032"
"chr21","29128457","29128749","KN296767v1","323602","323891","21","28804855"
"chr21","29146772","29147081","KN296767v1","305525","305826","19","28841247"
"chr21","29184650","29184941","KN296767v1","266349","266645","17","28918301"
"chr21","29237928","29238155","KN296767v1","213805","214033","11","29024123"
"chr21","29316636","29316922","KN295893v1","7370026","7370312","39","21946610"
"chr21","29475311","29475610","KN294939v1","362625","362926","34","29112686"
"chr21","29835932","29836230","KN294540v1","651367","651664","32","29184565"
"chr21","30184287","30184545","KN297210v1","51987","52241","32","30132300"
"chr21","30360986","30361272","KN296609v1","1410682","1410982","46","28950304"
"chr21","30554724","30555017","KN296404v1","2496020","2496310","38","28058704"
"chr21","30559543","30559848","KN294813v1","87773","88073","38","30471770"
"chr21","30574334","30574627","KN295974v1","2054560","2054859","39","28519774"
"chr21","30632680","30632910","KN295236v1","3592784","3593023","38","27039896"
"chr21","30823719","30824017","KN294790v1","3806584","3806878","39","27017135"
"chr21","30859960","30860270","KN294499v1","2542984","2543291","37","28316976"
"chr21","30883918","30884202","KN296036v1","1306747","1307034","28","29577171"
"chr21","31066450","31066742","KN296486v1","409409","409696","41","30657041"
"chr21","31290293","31290594","KN296315v1","577799","578100","37","30712494"
"chr21","31300081","31300392","KN294520v1","99322","99631","43","31200759"
"chr21","31323155","31323344","KN294416v1","523339","523527","14","30799816"
"chr21","31563507","31563805","KN295102v1","249012","249316","34","31314495"
"chr21","31609532","31609809","KN296311v1","2208406","2208687","43","29401126"
"chr21","31740577","31740882","KN294399v1","115875","116174","40","31624702"
"chr21","31842789","31843094","KN296864v1","3059211","3059513","37","28783578"
"chr21","31847621","31847910","KN297203v1","885386","885683","38","30962235"
"chr21","31969649","31969918","KN297197v1","3429038","3429300","39","28540611"
"chr21","32034762","32034927","KN294187v1","1542649","1542810","37","30492113"
"chr21","32082697","32082994","KN295744v1","235007","235306","34","31847690"
"chr21","32104376","32104687","KN296964v1","792372","792682","38","31312004"
"chr21","32206764","32207069","KN296761v1","97995","98298","44","32108769"
"chr21","32253296","32253602","KN297044v1","108239","108545","48","32145057"
"chr21","32900694","32900989","KN296108v1","735240","735530","31","32165454"
"chr21","33116504","33116762","KN297210v1","51987","52241","41","33064517"
"chr21","33296146","33296444","KN294456v1","513291","513590","40","32782855"
"chr21","33321564","33321866","KN295974v1","2054560","2054859","38","31267004"
"chr21","33353956","33354106","KN295814v1","1118418","1118576","21","32235538"
"chr21","33501928","33502220","KN295394v1","630346","630640","39","32871582"
"chr21","33712262","33712435","KN294378v1","1680015","1680191","35","32032247"
"chr21","33719471","33719732","KN296062v1","1373798","1374059","40","32345673"
"chr21","33844135","33844186","KN295480v1","3316862","3316902","27","30527273"
"chr21","34039326","34039594","KN296335v1","8601","8901","42","34030725"
"chr21","34116733","34117042","KN296335v1","85101","85409","24","34031632"
"chr21","34683587","34683885","KN295198v1","516030","516332","41","34167557"
"chr21","34689308","34689587","KN295980v1","299091","299367","41","34390217"
"chr21","34713040","34713355","KN296761v1","97995","98298","42","34615045"
"chr21","34753645","34753930","KN295835v1","96745","97031","29","34656900"
"chr21","34770725","34770893","KN296964v1","1108534","1108708","33","33662191"
"chr21","34785303","34785377","KN296731v1","893461","893529","30","33891842"
"chr21","34811799","34812097","KN295343v1","373896","374196","36","34437903"
"chr21","34817366","34817550","KN296119v1","3355213","3355396","38","31462153"
"chr21","34818824","34819115","KN296063v1","1250917","1251205","40","33567907"
"chr21","34837110","34837412","KN296495v1","388170","388470","35","34448940"
"chr21","34872741","34873035","KN294540v1","651367","651664","36","34221374"
"chr21","34876443","34876745","KN296153v1","2292745","2293046","40","32583698"
"chr21","34888229","34888529","KN296826v1","122558","122853","36","34765671"
"chr21","34903436","34903725","KN294172v1","6407720","6408021","37","28495716"
"chr21","35131495","35131797","KN297274v1","1273846","1274150","36","33857649"
"chr21","35208418","35208732","KN294499v1","899277","899580","41","34309141"
"chr21","35258884","35259172","KN294992v1","10055","10343","34","35248829"
"chr21","35279873","35280171","KN295533v1","1124359","1124653","35","34155514"
"chr21","35311333","35311635","KN295529v1","60734","61036","14","35250599"
"chr21","35329862","35330117","KN295523v1","1167591","1167841","56","34162271"
"chr21","35432195","35432486","KN294294v1","111889","112180","17","35320306"
"chr21","35486710","35486895","KN296959v1","1152394","1152569","46","34334316"
"chr21","35497520","35497822","KN294294v1","179394","179691","19","35318126"
"chr21","35543707","35544018","KN294294v1","222038","222344","12","35321669"
"chr21","35872499","35872803","KN294475v1","320272","320570","17","35552227"
"chr21","36277492","36277739","KN295350v1","1065881","1066126","30","35211611"
"chr21","36350243","36350521","KN294475v1","811101","811373","17","35539142"
"chr21","36530769","36531078","KN296109v1","1247652","1247961","11","35283117"
"chr21","36787409","36787737","KN296109v1","965354","965686","12","35822055"
"chr21","36800977","36801274","KN296109v1","950063","950349","29","35850914"
"chr21","37108917","37109217","KN296109v1","632766","633060","20","36476151"
"chr21","37250568","37250799","KN296109v1","488517","488752","9","36762051"
"chr21","37354443","37354747","KN296109v1","383719","384023","18","36970724"
"chr21","37477886","37478190","KN296109v1","257489","257793","19","37220397"
"chr21","37840711","37840999","KN297452v1","1979430","1979725","50","35861281"
"chr21","37869453","37869779","KN296311v1","4507488","4507798","61","33361965"
"chr21","38125578","38125749","KN294980v1","230782","230955","45","37894796"
"chr21","38254282","38254597","KN296380v1","7066","7372","46","38247216"
"chr21","38783360","38783665","KN295666v1","791747","792057","41","37991613"
"chr21","38824909","38825163","KN295755v1","46608","46845","59","38778301"
"chr21","38830446","38830755","KN294571v1","1349003","1349300","45","37481443"
"chr21","38862460","38862723","KN294842v1","1383208","1383481","44","37479252"
"chr21","38868068","38868369","KN295343v1","373896","374196","40","38494172"
"chr21","39170684","39170993","KN295343v1","373896","374196","36","38796788"
"chr21","39736721","39737026","KN294583v1","150468","150773","41","39586253"
"chr21","40093628","40093936","KN294578v1","617490","617800","32","39476138"
"chr21","40212418","40212718","KN296731v1","1263856","1264165","44","38948562"
"chr21","40494873","40495130","KN297197v1","3429038","3429300","45","37065835"
"chr21","40533036","40533349","KN294842v1","297954","298253","48","40235082"
"chr21","40875965","40876267","KN295854v1","1504180","1504481","39","39371785"
"chr21","41455707","41455908","KN296263v1","1174252","1174472","57","40281455"
"chr21","41680399","41680697","KN294540v1","651367","651664","34","41029032"
"chr21","41863832","41864135","KN297044v1","108239","108545","42","41755593"
"chr21","41914720","41915017","KN294377v1","56003","56298","15","41858717"
"chr21","41995865","41996176","KN294377v1","142435","142749","19","41853430"
"chr21","42066410","42066714","KN295038v1","755697","756003","43","41310713"
"chr21","42130210","42130516","KN294825v1","559277","559583","36","41570933"
"chr21","42343735","42344035","KN294377v1","508100","508401","12","41835635"
"chr21","42416940","42417249","KN294377v1","581355","581666","18","41835585"
"chr21","42500617","42500898","KN294377v1","665459","665744","26","41835158"
"chr21","43282915","43283221","KN294377v1","1466712","1467018","15","41816203"
"chr21","43704892","43705190","KN294970v1","974452","974753","31","42730440"
"chr21","43829084","43829357","KN295423v1","102359","102641","27","43726725"
"chr21","44001162","44001458","KN296563v1","71","371","22","44001091"
"chr21","44066235","44066506","KN296563v1","65466","65737","13","44000769"
"chr21","44149106","44149393","KN295974v1","690483","690778","41","43458623"
"chr21","44250064","44250373","KN296825v1","1702761","1703066","38","42547303"
"chr21","44625153","44625463","KN296380v1","7066","7372","35","44618087"
"chr21","44738182","44738509","KN295936v1","2770576","2770884","57","41967606"
"chr21","44881294","44881451","KN296495v1","1470532","1470683","41","43410762"
"chr21","44886490","44886790","KN294378v1","1155375","1155674","34","43731115"
"chr21","44924768","44925069","KN295984v1","811714","812012","36","44113054"
"chr21","45125771","45126018","KN295350v1","1065881","1066126","44","44059890"
"chr21","45177487","45177769","KN295257v1","348260","348541","36","44829227"
"chr21","45292593","45292892","KN295854v1","1504180","1504481","33","43788413"
"chr21","45294376","45294700","KN296306v1","3349161","3349475","55","41945215"
"chr21","45330558","45330868","KN295424v1","423225","423534","40","44907333"
"chr21","45344735","45345040","KN294899v1","838816","839121","38","44505919"
"chr21","45359072","45359354","KN296311v1","6097151","6097432","38","39261921"
"chr21","45397776","45398070","KN294499v1","114042","114335","37","45283734"
"chr21","45643647","45643953","KN296311v1","4507488","4507798","47","41136159"
"chr21","46287387","46287669","KN294446v1","335881","336162","32","45951506"
"chr21","46333480","46333760","KN294399v1","178526","178809","41","46154954"
"chr21","46803436","46803682","KN295869v1","1226325","1226572","51","45577111"
"chr21","46940597","46940751","KN295814v1","1118418","1118576","28","45822179"
"chr21","46945550","46945862","KN294385v1","291689","291997","38","46653861"
"chr21","47102033","47102324","KN296528v1","1270782","1271070","38","45831251"
"chr21","47140522","47140826","KN294187v1","188357","188668","38","46952165"
"chr21","47242480","47242784","KN295893v1","2419696","2420007","30","44822784"
"chr21","48479231","48479541","KN295893v1","6332598","6332904","39","42146633"
"chr21","48618784","48619084","KN296356v1","951626","951924","33","47667158"
"chr21","49566645","49566936","KN295963v1","26306","26589","24","49540339"
"chr21","49954348","49954647","KN295963v1","422233","422537","16","49532115"
"chr21","50145619","50145927","KN294443v1","686140","686441","64","49459479"
"chr21","50177909","50178176","KN295090v1","568506","568777","47","49609403"
"chr21","50408187","50408495","KN296806v1","78148","78452","39","50330039"
"chr21","50609178","50609471","KN295090v1","2414211","2414506","41","48194967"
"chr21","50886300","50886600","KN294493v1","991664","991964","32","49894636"
"chr21","51499428","51499701","KN296812v1","225649","225922","18","51273779"
"chr21","51595155","51595327","KN294596v1","141115","141287","35","51454040"
"chr21","51619511","51619809","KN296812v1","118118","118428","21","51501393"
"chr21","51631354","51631641","KN296108v1","735240","735530","36","50896114"
"chr21","51693669","51693973","KN296812v1","39125","39427","26","51654544"
"chr21","51821194","51821490","KN295490v1","93051","93353","16","51728143"
"chr21","51848545","51848836","KN295490v1","124785","125078","14","51723760"
"chr21","51892014","51892316","KN295490v1","175533","175832","22","51716481"
"chr21","51949618","51949927","KN295490v1","228583","228892","17","51721035"
"chr21","52104099","52104402","KN296093v1","185428","185734","40","51918671"
"chr21","52123318","52123625","KN295490v1","410414","410721","11","51712904"
"chr21","52381175","52381469","KN295962v1","674128","674422","34","51707047"
"chr21","52713904","52714195","KN296108v1","735240","735530","34","51978664"
"chr21","52852591","52852901","KN296435v1","2271548","2271854","43","50581043"
"chr21","52903523","52903828","KN296380v1","7066","7372","40","52896457"
"chr21","52945455","52945716","KN296424v1","438034","438306","47","52507421"
"chr21","52945765","52945775","KN296991v1","748286","748296","3","52197479"
"chr21","53826235","53826534","KN295744v1","235007","235306","36","53591228"
"chr21","53855838","53856131","KN294540v1","651367","651664","43","53204471"
"chr21","53922664","53922957","KN296481v1","205477","205769","38","53717187"
"chr21","54060869","54061126","KN295968v1","13334","13594","15","54047535"
"chr21","54169606","54169827","KN295968v1","126205","126426","13","54043401"
"chr21","54342175","54342456","KN295923v1","1465930","1466207","42","52876245"
"chr21","54520756","54521058","KN296761v1","97995","98298","40","54422761"
"chr21","55137104","55137265","KN295294v1","769026","769186","23","54368078"
"chr21","55137318","55137443","KN295995v1","71301","71424","17","55066017"
"chr21","55338894","55339071","KN295592v1","2117889","2118089","50","53221005"
"chr21","55579835","55580143","KN296271v1","245836","246141","40","55333999"
"chr21","56342982","56343289","KN294662v1","393280","393590","25","55949702"
"chr21","56656355","56656649","KN294662v1","73186","73480","16","56583169"
"chr21","56791541","56791812","KN294911v1","1147756","1148045","47","55643785"
"chr21","56832533","56832843","KN295893v1","7021128","7021430","44","49811405"
"chr21","56922957","56923226","KN295034v1","37220","37497","52","56885737"
"chr21","56974230","56974536","KN296380v1","7066","7372","41","56967164"
"chr21","56994533","56994832","KN296959v1","44442","44736","40","56950091"
"chr21","57074851","57074905","KN295614v1","28241","28303","22","57046610"
"chr21","57077399","57077689","KN297452v1","1979430","1979725","40","55097969"
"chr21","57083338","57083509","KN294790v1","2350797","2350969","32","54732541"
"chr21","57674606","57674789","KN295217v1","704277","704458","29","56970329"
"chr21","58052930","58053181","KN297210v1","51987","52241","39","58000943"
"chr21","59196235","59196539","KN294613v1","441189","441484","46","58755046"
"chr21","59270513","59270807","KN296948v1","271010","271304","46","58999503"
"chr21","60109706","60110014","KN295854v1","1504180","1504481","40","58605526"
"chr21","60429208","60429473","KN297386v1","2360289","2360549","48","58068919"
"chr21","60698699","60698863","KN295209v1","548634","548801","40","60150065"
"chr21","60748180","60748473","KN296634v1","1808339","1808631","12","58939841"
"chr21","60800733","60800980","KN296634v1","1753218","1753463","11","59047515"
"chr21","60868417","60868715","KN296634v1","1673780","1674065","26","59194637"
"chr21","60903770","60904063","KN296634v1","1638020","1638314","12","59265750"
"chr21","60909525","60909812","KN296108v1","735240","735530","34","60174285"
"chr21","60994544","60994853","KN296634v1","1546022","1546330","14","59448522"
"chr21","61029222","61029499","KN295633v1","767530","767813","51","60261692"
"chr21","61478538","61478784","KN296634v1","1039067","1039311","13","60439471"
"chr21","61819867","61820167","KN296634v1","690846","691138","29","61129021"
"chr21","62208984","62209278","KN297112v1","467391","467683","52","61741593"
"chr21","62268822","62268981","KN296174v1","30392","30557","34","62238430"
"chr21","62458418","62458731","KN296634v1","35343","35671","29","62423075"
"chr21","63060937","63061216","KN294399v1","178526","178809","40","62882411"
"chr21","63061268","63061279","KN296989v1","719","732","4","63060549"
"chr21","63493550","63493865","KN297148v1","54198","54503","31","63439352"
"chr21","63531372","63531678","KN297148v1","9719","10024","15","63521653"
"chr21","63987465","63987713","KN294193v1","242451","242697","43","63745014"
"chr21","64449150","64449444","KN297046v1","398529","398822","39","64050621"
"chr21","64588758","64589048","KN294172v1","4045851","4046145","41","60542907"
"chr21","64749760","64750054","KN297452v1","1979430","1979725","30","62770330"
"chr21","64832577","64832855","KN294571v1","2837988","2838277","41","61994589"
"chr21","64876867","64877142","KN297016v1","70076","70353","46","64806791"
"chr21","64879260","64879572","KN297452v1","1329372","1329684","47","63549888"
"chr21","65031290","65031599","KN294520v1","1300419","1300723","50","63730871"
"chr21","65434635","65434911","KN295553v1","15837","16112","38","65418798"
"chr21","65726694","65726966","KN296759v1","422275","422550","38","65304419"
"chr21","66169202","66169245","KN296316v1","148146","148173","21","66021056"
"chr21","66457667","66457965","KN295854v1","1504180","1504481","38","64953487"
"chr21","66653922","66654222","KN294964v1","864674","864972","32","65789248"
"chr21","67122022","67122324","KN294520v1","1300419","1300723","37","65821603"
"chr21","67562654","67562979","KN294536v1","1166329","1166654","48","66396325"
"chr21","67642532","67642824","KN295217v1","481687","481981","37","67160845"
"chr21","67762255","67762552","KN296825v1","1702761","1703066","49","66059494"
"chr21","67774834","67775134","KN294592v1","1387856","1388155","41","66386978"
"chr21","67853665","67853952","KN294217v1","1056246","1056533","46","66797419"
"chr21","67866949","67867250","KN296641v1","1285515","1285812","39","66581434"
"chr21","68072878","68073071","KN294864v1","50399","50597","40","68022479"
"chr21","68074157","68074462","KN295722v1","2042350","2042646","42","66031807"
"chr21","68130993","68131299","KN294850v1","121634","121934","45","68009359"
"chr21","68284038","68284318","KN294987v1","598695","598975","39","67685343"
"chr21","68286832","68287119","KN294619v1","236638","236931","53","68050194"
"chr21","68597104","68597379","KN295736v1","1080324","1080599","41","67516780"
"chr21","69014306","69014604","KN294287v1","709415","709716","36","68304891"
"chr21","69230099","69230409","KN294747v1","866490","866789","49","68363609"
"chr21","70019529","70019715","KN296859v1","1427369","1427572","41","68592160"
"chr21","70226193","70226499","KN296484v1","1024460","1024770","40","69201733"
"chr21","70332864","70333145","KN297016v1","70076","70353","42","70262788"
"chr21","70677559","70677860","KN296079v1","3084734","3085029","41","67592825"
"chr21","70805855","70806159","KN296296v1","66249","66543","39","70739606"
"chr21","70810863","70811163","KN297008v1","6804349","6804651","34","64006514"
"chr21","70821357","70821650","KN296847v1","1869581","1869871","39","68951776"
"chr21","70873893","70874054","KN295294v1","769026","769186","28","70104867"
"chr21","71017124","71017314","KN295735v1","895035","895215","34","70122089"
"chr21","71039502","71039791","KN294172v1","2053418","2053711","35","68986084"
"chr21","71185166","71185466","KN296864v1","3059211","3059513","34","68125955"
"chr21","71221411","71221557","KN294187v1","1542649","1542810","34","69678762"
"chr21","71293728","71294002","KN297229v1","281810","282088","38","71011918"
"chr21","71298376","71298664","KN295596v1","2940377","2940662","39","68357999"
"chr21","71417216","71417511","KN296209v1","452815","453119","48","70964401"
"chr21","71505808","71506109","KN294747v1","866490","866789","32","70639318"
"chr21","71538903","71539072","KN297159v1","634455","634627","27","70904448"
"chr21","71539073","71539375","KN295405v1","1443487","1443795","52","70095586"
"chr21","71815686","71815983","KN294372v1","2042506","2042800","30","69773180"
"chr21","71858301","71858591","KN295343v1","373896","374196","33","71484405"
"chr21","71952515","71952794","KN297444v1","491734","492016","37","71460781"
"chr21","72001566","72001866","KN296508v1","1489307","1489607","40","70512259"
"chr21","72020306","72020598","KN295075v1","252071","252359","33","71768235"
"chr21","72188892","72189193","KN294303v1","152922","153223","34","72035970"
"chr21","72262513","72262818","KN295405v1","1443487","1443795","42","70819026"
"chr21","72334559","72334825","KN295692v1","3369865","3370128","41","68964694"
"chr21","72349115","72349418","KN294592v1","51794","52092","42","72297321"
"chr21","72374962","72375266","KN296296v1","66249","66543","55","72308713"
"chr21","72445402","72445713","KN296380v1","7066","7372","40","72438336"
"chr21","72544819","72545081","KN295753v1","245053","245324","46","72299766"
"chr21","72610147","72610438","KN295075v1","252071","252359","33","72358076"
"chr21","72742201","72742456","KN295544v1","200687","200940","42","72541514"
"chr21","72829644","72829937","KN294499v1","114042","114335","15","72715602"
"chr21","73070643","73070714","KN294499v1","357126","357197","2","72713517"
"chr21","73070759","73070926","KN294499v1","357233","357401","10","72713526"
"chr21","73194516","73194723","KN294499v1","488200","488396","16","72706316"
"chr21","73378020","73378330","KN294499v1","672203","672510","18","72705817"
"chr21","73718190","73718520","KN294499v1","1031662","1031961","40","72686528"
"chr21","73865507","73865800","KN294499v1","1184847","1185140","14","72680660"
"chr21","73883659","73883953","KN294499v1","1202830","1203131","20","72680829"
"chr21","73913867","73914155","KN294790v1","3806584","3806878","39","70107283"
"chr21","74096981","74097306","KN294499v1","1420767","1421064","34","72676214"
"chr21","74117892","74118200","KN294499v1","1442665","1442971","13","72675227"
"chr21","74181775","74182081","KN294499v1","1507144","1507447","16","72674631"
"chr21","74261948","74262205","KN296138v1","307856","308112","28","73954092"
"chr21","74295404","74295696","KN294499v1","1606698","1606993","11","72688706"
"chr21","74325415","74325705","KN294499v1","1649087","1649379","15","72676328"
"chr21","74340762","74341069","KN294499v1","1669868","1670177","22","72670894"
"chr21","74376571","74376863","KN294499v1","1708176","1708459","29","72668395"
"chr21","74384073","74384368","KN295361v1","904675","904968","46","73479398"
"chr21","74399840","74400140","KN294499v1","1731865","1732178","32","72667975"
"chr21","74506787","74507083","KN294499v1","1845030","1845326","19","72661757"
"chr21","74589274","74589433","KN296743v1","1789514","1789673","37","72799760"
"chr21","74785247","74785547","KN294499v1","2127860","2128168","29","72657387"
"chr21","74789888","74790186","KN294499v1","2132778","2133080","16","72657110"
"chr21","74997628","74997910","KN294499v1","2342680","2342951","25","72654948"
"chr21","75168783","75169078","KN295854v1","1313417","1313711","39","73855366"
"chr21","75191503","75191799","KN294499v1","2542984","2543291","21","72648519"
"chr21","75208443","75208755","KN294561v1","645779","646083","51","74562664"
"chr21","75412811","75413118","KN296000v1","1247118","1247423","39","74165693"
"chr21","75638373","75638624","KN296992v1","153706","153972","48","75484667"
"chr21","75713147","75713452","KN294451v1","194657","194961","29","75518490"
"chr21","75901471","75901718","KN295572v1","279727","279987","39","75621744"
"chr21","75958475","75958767","KN295075v1","252071","252359","31","75706404"
"chr21","76021200","76021529","KN296263v1","459407","459704","67","75561793"
"chr21","76241265","76241410","KN296430v1","705227","705382","30","75536038"
"chr21","76243235","76243406","KN294790v1","2350797","2350969","26","73892438"
"chr21","76262082","76262392","KN297044v1","108239","108545","37","76153843"
"chr21","76340704","76341001","KN295977v1","921088","921381","31","75419616"
"chr21","76354923","76355257","KN295368v1","1867467","1867801","49","74487456"
"chr21","76361319","76361607","KN295854v1","1504180","1504481","45","74857139"
"chr21","76467266","76467428","KN296311v1","1013861","1014022","33","75453405"
"chr21","76535809","76536094","KN296557v1","768841","769130","42","75766968"
"chr21","76765477","76765770","KN297452v1","1979430","1979725","34","74786047"
"chr21","76907823","76908113","KN295236v1","390148","390438","49","76517675"
"chr21","76931511","76931684","KN294790v1","2350797","2350969","23","74580714"
"chr21","77652488","77652790","KN295854v1","1504180","1504481","39","76148308"
"chr21","78561472","78561781","KN295073v1","466630","466939","20","78094842"
"chr21","78662355","78662664","KN297133v1","697008","697316","41","77965347"
"chr21","78851442","78851752","KN295073v1","166260","166568","17","78685182"
"chr21","78876692","78877012","KN294510v1","104913","105218","49","78771779"
"chr21","78934569","78934862","KN295073v1","75619","75926","26","78858950"
"chr21","79063247","79063548","KN297320v1","339616","339913","30","78723631"
"chr21","79848193","79848337","KN297274v1","555212","555355","19","79292981"
"chr21","79939149","79939438","KN295371v1","415318","415609","44","79523831"
"chr21","80462108","80462380","KN296054v1","63194","63469","15","80398914"
"chr21","80675237","80675540","KN295854v1","1504180","1504481","41","79171057"
"chr21","80784416","80784711","KN295366v1","153538","153829","35","80630878"
"chr21","80880488","80880783","KN294879v1","543464","543768","37","80337024"
"chr21","81291199","81291496","KN294471v1","400264","400561","40","80890935"
"chr21","81725746","81726041","KN297230v1","980921","981216","12","80744825"
"chr21","82004905","82005196","KN297230v1","697615","697876","45","81307290"
"chr21","82151878","82152175","KN297230v1","560502","560796","27","81591376"
"chr21","82259973","82260267","KN297197v1","3802947","3803249","44","78457026"
"chr21","82690526","82690780","KN295034v1","276421","276678","41","82414105"
"chr21","82781387","82781547","KN297008v1","1441000","1441155","34","81340387"
"chr21","82884291","82884602","KN295225v1","194643","194954","12","82689648"
"chr21","82921349","82921532","KN295735v1","895035","895215","41","82026314"
"chr21","82969827","82970131","KN295225v1","280956","281258","17","82688871"
"chr21","82979288","82979534","KN294991v1","1189636","1189880","32","81789652"
"chr21","83244512","83244820","KN295225v1","562163","562460","25","82682349"
"chr21","83252164","83252297","KN294911v1","3872014","3872135","33","79380150"
"chr21","83252298","83252506","KN294536v1","1559140","1559349","20","81693158"
"chr21","83425427","83425725","KN297332v1","94222","94518","46","83331205"
"chr21","83547388","83547695","KN295343v1","373896","374196","44","83173492"
"chr21","83710927","83711193","KN295273v1","8922","9188","14","83702005"
"chr21","83774817","83775128","KN295225v1","1099447","1099754","25","82675370"
"chr21","83789699","83790002","KN295923v1","1430363","1430659","31","82359336"
"chr21","83881369","83881664","KN295225v1","1205007","1205284","35","82676362"
"chr21","83982260","83982569","KN295225v1","1307876","1308186","20","82674384"
"chr21","84507939","84508240","KN295225v1","1851779","1852075","16","82656160"
"chr21","84575314","84575620","KN295225v1","1926101","1926402","28","82649213"
"chr21","84606142","84606447","KN295225v1","1956940","1957244","17","82649202"
"chr21","84794295","84794596","KN296387v1","222262","222566","38","84572033"
"chr21","84829921","84830080","KN295667v1","830007","830168","29","83999914"
"chr21","85590469","85590760","KN294571v1","2837988","2838277","29","82752481"
"chr21","85627532","85627827","KN297452v1","1979430","1979725","34","83648102"
"chr21","85668683","85668962","KN294326v1","427946","428232","37","85240737"
"chr21","85674789","85675085","KN297203v1","885386","885683","35","84789403"
"chr21","85727133","85727441","KN294571v1","1349003","1349300","46","84378130"
"chr21","85838414","85838585","KN294790v1","2350797","2350969","27","83487617"
"chr21","85849209","85849489","KN297095v1","496095","496368","42","85353114"
"chr21","86105882","86106157","KN296485v1","447446","447718","33","85658436"
"chr21","86446904","86447199","KN295346v1","1867303","1867593","50","84579601"
"chr21","86995758","86996062","KN295893v1","1920187","1920491","38","85075571"
"chr21","87041713","87041968","KN296992v1","153706","153972","44","86888007"
"chr21","87251033","87251316","KN296311v1","3653338","3653609","44","83597695"
"chr21","87377659","87377820","KN295814v1","1118418","1118576","33","86259241"
"chr21","87591155","87591509","KN297165v1","3269497","3269812","99","84321658"
"chr21","87731772","87732061","KN295962v1","2371227","2371511","64","85360545"
"chr21","87745078","87745410","KN295424v1","76367","76689","70","87668711"
"chr21","87844539","87844827","KN296496v1","538146","538424","53","87306393"
"chr21","87851248","87851554","KN295343v1","373896","374196","36","87477352"
"chr21","88189986","88190286","KN294540v1","651367","651664","44","87538619"
"chr21","88329372","88329601","KN294790v1","808923","809138","46","87520449"
"chr21","88349979","88350278","KN295345v1","868768","869065","44","87481211"
"chr21","88395520","88395785","KN294716v1","165924","166185","32","88229596"
"chr21","88542660","88542978","KN294716v1","24726","25033","35","88517934"
"chr21","88982588","88982870","KN297091v1","142699","142981","16","88839889"
"chr21","89935559","89935847","KN294456v1","513291","513590","50","89422268"
"chr21","90179840","90180129","KN297168v1","14797","15086","36","90165043"
"chr21","90750942","90751245","KN295962v1","674128","674422","37","90076814"
"chr21","90797656","90797948","KN295091v1","924044","924353","46","89873612"
"chr21","90944379","90944676","KN295962v1","2457159","2457455","31","88487220"
"chr21","91146324","91146629","KN296307v1","165460","165754","30","90980864"
"chr21","91289291","91289572","KN296307v1","10930","11216","14","91278361"
"chr21","91302893","91303222","KN296803v1","299070","299398","16","91003823"
"chr21","91932308","91932620","KN296268v1","352719","353019","24","91579589"
"chr21","92092316","92092596","KN296268v1","518004","518289","29","91574312"
"chr21","92168632","92168939","KN296268v1","600355","600658","24","91568277"
"chr21","92361547","92361812","KN294229v1","183139","183412","43","92178408"
"chr21","92498476","92498766","KN296268v1","941358","941652","16","91557118"
"chr21","92633478","92633744","KN296268v1","1084588","1084853","21","91548890"
"chr21","92635674","92635845","KN295202v1","2028222","2028396","37","90607452"
"chr21","92802711","92803025","KN295090v1","452979","453294","44","92349732"
"chr21","92832188","92832470","KN294583v1","111515","111793","41","92720673"
"chr21","93527147","93527457","KN294713v1","400128","400443","42","93127019"
"chr21","93671693","93671975","KN294571v1","939030","939314","43","92732663"
"chr21","94101290","94101463","KN296086v1","825589","825753","55","93275701"
"chr21","95038791","95039089","KN295810v1","140603","140899","28","94898188"
"chr21","95088925","95089125","KN296180v1","2675374","2675563","41","92413551"
"chr21","95448665","95448941","KN294257v1","1004902","1005180","31","94443763"
"chr21","95645670","95645970","KN295470v1","272474","272776","32","95373196"
"chr21","95790453","95790758","KN296495v1","2925731","2926025","42","92864722"
"chr21","96023700","96023993","KN295725v1","196183","196481","38","95827517"
"chr21","96048772","96049087","KN294385v1","291689","291997","38","95757083"
"chr21","96240888","96241205","KN296242v1","863939","864251","40","95376949"
"chr21","96477959","96478288","KN296430v1","264026","264350","55","96213933"
"chr21","96517289","96517579","KN296970v1","1175434","1175726","33","95341855"
"chr21","96745137","96745329","KN294187v1","1137685","1137878","16","95607452"
"chr21","97601967","97602257","KN294991v1","2014076","2014373","40","95587891"
"chr21","97645401","97645702","KN295501v1","776537","776839","43","96868864"
"chr21","97692827","97693096","KN295257v1","348260","348541","48","97344567"
"chr21","97774753","97775062","KN295523v1","1309472","1309775","41","96465281"
"chr21","97780733","97781045","KN296004v1","353630","353936","32","97427103"
"chr21","97797736","97798027","KN295474v1","1248919","1249206","31","96548817"
"chr21","97820646","97820944","KN295257v1","1909438","1909734","33","95911208"
"chr21","97833009","97833300","KN295962v1","375746","376041","37","97457263"
"chr21","97879586","97879878","KN296836v1","16382","16673","32","97863204"
"chr21","97975935","97976247","KN294520v1","610090","610400","54","97365845"
"chr21","98078053","98078363","KN296242v1","863939","864251","40","97214114"
"chr21","98137221","98137399","KN296153v1","2696247","2696418","45","95440974"
"chr21","98191260","98191556","KN294970v1","974452","974753","41","97216808"
"chr21","98203524","98203787","KN294831v1","170612","170877","48","98032912"
"chr21","98259718","98260017","KN296296v1","66249","66543","34","98193469"
"chr21","98298851","98298999","KN296394v1","93722","93880","37","98205129"
"chr21","98403846","98404172","KN294346v1","278331","278655","51","98125515"
"chr21","98439107","98439412","KN294825v1","559277","559583","37","97879830"
"chr21","98533236","98533549","KN296380v1","7066","7372","47","98526170"
"chr21","98549211","98549512","KN294747v1","866490","866789","33","97682721"
"chr21","98597322","98597625","KN296864v1","3059211","3059513","37","95538111"
"chr21","98617377","98617677","KN296153v1","1424950","1425255","48","97192427"
"chr21","98657894","98658203","KN294470v1","296038","296348","39","98361856"
"chr21","98660805","98661099","KN297452v1","1979430","1979725","33","96681375"
"chr21","98679321","98679585","KN296714v1","39326","39592","37","98639995"
"chr21","98698631","98698922","KN296191v1","846452","846730","53","97852179"
"chr21","98709712","98710018","KN297044v1","108239","108545","34","98601473"
"chr21","98808478","98808797","KN294385v1","291689","291997","44","98516789"
"chr21","98843568","98843843","KN294583v1","111515","111793","42","98732053"
"chr21","98863513","98863660","KN297008v1","6657903","6658047","24","92205610"
"chr21","98939587","98939896","KN296864v1","3059211","3059513","42","95880376"
"chr21","99015866","99016172","KN294294v1","222038","222344","39","98793828"
"chr21","99019483","99019781","KN296495v1","2925731","2926025","29","96093752"
"chr21","99113212","99113257","KN294705v1","1919072","1919111","26","97194140"
"chr21","99234200","99234341","KN297008v1","6657903","6658047","39","92576297"
"chr21","99259160","99259466","KN295361v1","760021","760325","42","98499139"
"chr21","99277219","99277520","KN295854v1","1504180","1504481","32","97773039"
"chr21","99306991","99307287","KN296761v1","97995","98298","36","99208996"
"chr21","99308486","99308799","KN296380v1","7066","7372","39","99301420"
"chr21","99347603","99347911","KN294825v1","559277","559583","33","98788326"
"chr21","99477720","99478009","KN295610v1","214584","214872","41","99263136"
"chr21","99544893","99545198","KN296004v1","353630","353936","36","99191263"
"chr21","99757233","99757544","KN295091v1","924044","924353","40","98833189"
"chr21","99779293","99779595","KN294933v1","702176","702473","36","99077117"
"chr21","99818266","99818559","KN294613v1","781475","781767","36","99036791"
"chr21","99891306","99891592","KN297095v1","496095","496368","42","99395211"
"chr21","99909237","99909546","KN294385v1","291689","291997","45","99617548"
"chr21","99936861","99937155","KN297452v1","1979430","1979725","28","97957431"
"chr21","99987565","99987869","KN294443v1","1296759","1297063","46","98690806"
"chr21","100227634","100227925","KN294540v1","651367","651664","30","99576267"
"chr21","100251363","100251672","KN294303v1","301681","301977","56","99949682"
"chr21","100259674","100259974","KN294346v1","363137","363447","30","99896537"
"chr21","100264898","100265214","KN294262v1","941123","941434","52","99323775"
"chr21","100273724","100274016","KN294346v1","348495","348788","14","99925229"
"chr21","100309012","100309336","KN294346v1","313844","314182","31","99995168"
"chr21","100312824","100313131","KN294346v1","310055","310350","25","100002769"
"chr21","100325462","100325756","KN294346v1","297500","297792","24","100027962"
"chr21","100344377","100344559","KN295261v1","75008","75178","30","100269369"
"chr21","100344585","100344710","KN295571v1","189855","189980","15","100154730"
"chr21","100902228","100902509","KN296252v1","287255","287535","19","100614973"
"chr21","101330160","101330470","KN296252v1","715882","716180","30","100614278"
"chr21","101384530","101384839","KN296252v1","770854","771168","23","100613676"
"chr21","101511666","101511814","KN294187v1","1542649","1542810","29","99969017"
"chr21","101658680","101658983","KN295343v1","160267","160568","38","101498413"
"chr21","101709445","101709739","KN294668v1","4045257","4045554","33","97664188"
"chr21","101728071","101728376","KN295346v1","1790082","1790382","48","99937989"
"chr21","101797252","101797554","KN296806v1","78148","78452","34","101719104"
"chr21","101849612","101849729","KN296145v1","2793164","2793291","31","99056448"
"chr21","102104528","102104829","KN294571v1","1349003","1349300","38","100755525"
"chr21","102149564","102149859","KN294991v1","2014076","2014373","35","100135488"
"chr21","102156630","102156913","KN295692v1","4021734","4022018","34","98134896"
"chr21","102278124","102278417","KN294713v1","906973","907266","36","101371151"
"chr21","102366358","102366665","KN296714v1","13919","14225","42","102352439"
"chr21","102442554","102442821","KN296009v1","1376950","1377229","43","101065604"
"chr21","102519529","102519815","KN296732v1","2792402","2792689","36","99727127"
"chr21","102642902","102643194","KN295075v1","252071","252359","33","102390831"
"chr21","102775385","102775695","KN295154v1","149426","149727","48","102625959"
"chr21","102776030","102776326","KN295962v1","2457159","2457455","43","100318871"
"chr21","102853616","102853918","KN294451v1","1164519","1164817","45","101689097"
"chr21","103073638","103073945","KN296119v1","3405279","3405588","34","99668359"
"chr21","103261525","103261727","KN295894v1","2215631","2215837","38","101045894"
"chr21","103261739","103261792","KN295523v1","3283008","3283049","26","99978731"
"chr21","103298092","103298390","KN295090v1","1517745","1518055","55","101780347"
"chr21","103304469","103304776","KN294199v1","195562","195867","37","103108907"
"chr21","103380298","103380597","KN294187v1","1767651","1767950","43","101612647"
"chr21","103632509","103632817","KN296782v1","84808","85115","9","103547701"
"chr21","103666208","103666397","KN296859v1","1427369","1427572","38","102238839"
"chr21","104081213","104081507","KN297452v1","1979430","1979725","25","102101783"
"chr21","104116034","104116328","KN297233v1","1304691","1304985","12","102811343"
"chr21","104237934","104238091","KN297008v1","1441000","1441155","26","102796934"
"chr21","104238092","104238170","KN295550v1","498465","498533","32","103739627"
"chr21","104238201","104238503","KN297233v1","1173332","1173631","19","103064869"
"chr21","104325989","104326278","KN297233v1","1086453","1086742","14","103239536"
"chr21","104371069","104371364","KN297233v1","1043181","1043481","19","103327888"
"chr21","104445489","104445765","KN294493v1","377513","377791","39","104067976"
"chr21","104569536","104569698","KN296430v1","549156","549318","21","104020380"
"chr21","104594837","104595125","KN297233v1","821033","821328","21","103773804"
"chr21","104614639","104614923","KN296009v1","1376950","1377229","35","103237689"
"chr21","104666053","104666256","KN296119v1","3355213","3355396","57","101310840"
"chr21","104692987","104693163","KN294470v1","2260068","2260237","39","102432919"
"chr21","104693420","104693497","KN295936v1","1333553","1333622","18","103359867"
"chr21","104840649","104840978","KN296231v1","401194","401523","43","104439455"
"chr21","105010003","105010282","KN297233v1","415374","415653","11","104594629"
"chr21","105277697","105277991","KN295633v1","908638","908940","52","104369059"
"chr21","106143406","106143518","KN294172v1","5423877","5423985","25","100719529"
"chr21","106246211","106246505","KN295366v1","24521","24822","35","106221690"
"chr21","106287922","106288220","KN296119v1","2337029","2337329","38","103950893"
"chr21","106351368","106351676","KN294493v1","991664","991964","36","105359704"
"chr21","106401800","106402109","KN294416v1","303238","303546","40","106098562"
"chr21","106598779","106599076","KN296958v1","337794","338086","35","106260985"
"chr21","106921752","106921915","KN295294v1","769026","769186","28","106152726"
"chr21","106940009","106940159","KN294451v1","850657","850819","35","106089352"
"chr21","107004958","107005246","KN294583v1","214761","215045","47","106790197"
"chr21","107058262","107058378","KN297038v1","286729","286830","40","106771533"
"chr21","107058686","107058858","KN296955v1","600596","600766","37","106458090"
"chr21","107155478","107155787","KN296484v1","1024460","1024770","33","106131018"
"chr21","107205673","107205884","KN296122v1","77654","77829","64","107128019"
"chr21","107209297","107209628","KN295241v1","320922","321246","57","106888375"
"chr21","107261870","107262153","KN297028v1","1113262","1113544","31","106148608"
"chr21","107303032","107303326","KN295930v1","537952","538252","38","106765080"
"chr21","107651859","107652102","KN297038v1","132080","132318","34","107519779"
"chr21","107720098","107720398","KN297197v1","4684189","4684491","30","103035909"
"chr21","107738622","107738890","KN295034v1","37220","37497","61","107701402"
"chr21","107787128","107787436","KN296004v1","353630","353936","37","107433498"
"chr21","108010127","108010372","KN295533v1","879003","879251","57","107131124"
"chr21","108082380","108082395","KN296296v1","164966","164979","5","107917414"
"chr21","108082736","108082884","KN297008v1","6657903","6658047","24","101424833"
"chr21","108082930","108082957","KN296139v1","69081","69102","9","108013849"
"chr21","108191523","108191675","KN296086v1","825589","825753","42","107365934"
"chr21","108222381","108222546","KN295814v1","1118418","1118576","25","107103963"
"chr21","108322970","108323020","KN295614v1","28241","28303","23","108294729"
"chr21","108934668","108934916","KN294613v1","439865","440120","62","108494803"
"chr21","108944340","108944642","KN296761v1","97995","98298","38","108846345"
"chr21","108953097","108953393","KN294571v1","1349003","1349300","34","107604094"
"chr21","109041387","109041519","KN296486v1","1468252","1468384","17","107573135"
"chr21","109041520","109041821","KN297242v1","3594348","3594651","37","105447172"
"chr21","109041822","109042005","KN296879v1","570900","571072","32","108470922"
"chr21","109060415","109060627","KN296430v1","540489","540695","39","108519926"
"chr21","109091138","109091433","KN295828v1","1055197","1055488","35","108035941"
"chr21","109127450","109127748","KN295854v1","1504180","1504481","41","107623270"
"chr21","109163196","109163485","KN294187v1","907689","907968","53","108255507"
"chr21","109208505","109208808","KN295893v1","6332598","6332904","36","102875907"
"chr21","109229649","109229936","KN297452v1","1979430","1979725","40","107250219"
"chr21","109247601","109247892","KN294879v1","41343","41633","22","109206258"
"chr21","109249443","109249737","KN294879v1","43038","43322","21","109206405"
"chr21","109262173","109262465","KN294879v1","55754","56047","14","109206419"
"chr21","109296158","109296364","KN295801v1","840804","841003","50","108455354"
"chr21","109317828","109318129","KN294879v1","110388","110694","19","109207440"
"chr21","109344294","109344459","KN294470v1","2260068","2260237","28","107084226"
"chr21","109427285","109427579","KN295366v1","153538","153829","40","109273747"
"chr21","109651563","109651865","KN294879v1","451514","451797","38","109200049"
"chr21","109679742","109680041","KN294879v1","479721","480022","15","109200021"
"chr21","109737997","109738301","KN294879v1","543464","543768","7","109194533"
"chr21","109779000","109779298","KN294879v1","585157","585451","26","109193843"
"chr21","109937812","109938095","KN294879v1","746377","746668","19","109191435"
"chr21","110112785","110113087","KN294879v1","922497","922802","20","109190288"
"chr21","110419620","110419889","KN295936v1","2228111","2228371","42","108191509"
"chr21","110474873","110475037","KN296922v1","308569","308730","34","110166304"
"chr21","110611675","110611975","KN295984v1","811714","812012","34","109799961"
"chr21","110738031","110738307","KN294879v1","1557024","1557283","30","109181007"
"chr21","110757862","110758148","KN295717v1","153364","153650","49","110604498"
"chr21","110759764","110760067","KN296380v1","7066","7372","45","110752698"
"chr21","110782575","110782858","KN295366v1","153538","153829","59","110629037"
"chr21","110827255","110827551","KN294251v1","1515118","1515410","43","109312137"
"chr21","110986715","110987016","KN297197v1","4684189","4684491","38","106302526"
"chr21","111025935","111026236","KN294705v1","185206","185505","35","110840729"
"chr21","111106152","111106451","KN294790v1","2471571","2471870","34","108634581"
"chr21","111293162","111293441","KN296009v1","1376950","1377229","37","109916212"
"chr21","111505896","111506198","KN294747v1","866490","866789","39","110639406"
"chr21","111664708","111665013","KN294470v1","853499","853808","43","110811209"
"chr21","111969411","111969717","KN297044v1","108239","108545","42","111861172"
"chr21","112026705","112026777","KN295614v1","28241","28303","31","111998464"
"chr21","112099636","112099942","KN295633v1","307851","308157","34","111791785"
"chr21","112416349","112416651","KN296864v1","924944","925235","35","111491405"
"chr21","112688420","112688718","KN294592v1","51794","52092","35","112636626"
"chr21","113074749","113074992","KN297264v1","52862","53109","32","113021887"
"chr21","113241394","113241608","KN295623v1","334653","334867","24","112906741"
"chr21","113263102","113263282","KN296922v1","308569","308730","47","112954533"
"chr21","113390172","113390465","KN295420v1","372108","372400","37","113018064"
"chr21","113460306","113460619","KN296484v1","1024460","1024770","40","112435846"
"chr21","113596744","113597017","KN294433v1","173471","173744","38","113423273"
"chr21","113612794","113613002","KN295045v1","1182493","1182695","44","112430301"
"chr21","113727542","113727840","KN294540v1","651367","651664","33","113076175"
"chr21","114264159","114264462","KN295102v1","249012","249316","39","114015147"
"chr21","114279967","114280240","KN297039v1","1348807","1349091","33","112931160"
"chr21","114515999","114516298","KN297039v1","1095496","1095797","25","113420503"
"chr21","114880260","114880568","KN297039v1","730395","730703","15","114149865"
"chr21","114920809","114921103","KN296315v1","221665","221960","32","114699144"
"chr21","115062177","115062451","KN297039v1","551338","551627","26","114510839"
"chr21","115084079","115084352","KN294187v1","907689","907968","49","114176390"
"chr21","115372566","115372875","KN297039v1","217701","218012","21","115154865"
"chr21","116056655","116056950","KN295523v1","1063802","1064098","33","114992853"
"chr21","116485720","116485992","KN295965v1","75137","75409","34","116410583"
"chr21","116668744","116669054","KN296004v1","353630","353936","44","116315114"
"chr21","116803940","116804235","KN296460v1","1364764","1365073","25","115439176"
"chr21","116822749","116823032","KN296460v1","1345885","1346175","39","115476864"
"chr21","116968759","116968926","KN295090v1","1465525","1465689","29","115503234"
"chr21","117021667","117021992","KN294187v1","1156422","1156744","40","115865245"
"chr21","117065520","117065811","KN296460v1","1097810","1098105","35","115967710"
"chr21","117148066","117148373","KN295343v1","373896","374196","34","116774170"
"chr21","117256864","117257172","KN296460v1","908254","908549","25","116348610"
"chr21","117474410","117474717","KN296460v1","692476","692771","25","116781934"
"chr21","117591172","117591432","KN296460v1","572449","572709","12","117018723"
"chr21","117599640","117599844","KN296460v1","562655","562859","10","117036985"
"chr21","117616494","117616806","KN296460v1","544347","544661","16","117072147"
"chr21","117646319","117646609","KN296460v1","506940","507230","6","117139379"
"chr21","117672319","117672452","KN297154v1","1233835","1233967","14","116438484"
"chr21","117672765","117673001","KN294902v1","8943","9164","72","117663822"
"chr21","117677891","117678192","KN296460v1","478286","478587","20","117199605"
"chr21","117714607","117714903","KN296460v1","435695","435987","16","117278912"
"chr21","117717328","117717613","KN296460v1","432986","433269","13","117284342"
"chr21","117788705","117788874","KN296486v1","1714803","1714969","28","116073902"
"chr21","117789232","117789518","KN296460v1","348071","348358","11","117441161"
"chr21","117889311","117889599","KN296460v1","243666","243954","14","117645645"
"chr21","118140990","118141291","KN296380v1","7066","7372","42","118133924"
"chr21","118179525","118179826","KN294520v1","1300419","1300723","39","116879106"
"chr21","118851142","118851456","KN294526v1","575886","576198","58","118275256"
"chr21","118976656","118976971","KN296486v1","1892106","1892416","35","117084550"
"chr21","119020310","119020486","KN297154v1","1695463","1695633","26","117324847"
"chr21","119203803","119204109","KN294501v1","2218064","2218370","36","116985739"
"chr21","119206963","119207127","KN297008v1","6657903","6658047","53","112549060"
"chr21","119711663","119711944","KN295828v1","1095001","1095277","31","118616662"
"chr21","119756817","119757120","KN296004v1","353630","353936","35","119403187"
"chr21","119856796","119857100","KN294172v1","1462531","1462825","43","118394265"
"chr21","120034495","120034777","KN295343v1","373896","374196","40","119660599"
"chr21","120388552","120388851","KN294713v1","906973","907266","34","119481579"
"chr21","120505434","120505695","KN296138v1","307856","308112","32","120197578"
"chr21","120551770","120552059","KN295592v1","1172307","1172593","49","119379463"
"chr21","120561801","120561813","KN294443v1","170714","170724","6","120391087"
"chr21","120562131","120562281","KN295319v1","430475","430648","50","120131656"
"chr21","120582585","120582887","KN294192v1","872123","872412","50","119710462"
"chr21","120648048","120648365","KN296242v1","863939","864251","44","119784109"
"chr21","120661222","120661513","KN295236v1","390148","390438","38","120271074"
"chr21","120671920","120672213","KN295075v1","252071","252359","31","120419849"
"chr21","120673206","120673558","KN294535v1","312299","312652","76","120360907"
"chr21","120673948","120674260","KN297044v1","108239","108545","35","120565709"
"chr21","120709613","120709916","KN297112v1","2616292","2616596","38","118093321"
"chr21","120720230","120720534","KN297044v1","108239","108545","33","120611991"
"chr21","120738621","120738909","KN295343v1","373896","374196","37","120364725"
"chr21","120863005","120863173","KN296311v1","1013861","1014022","29","119849144"
"chr21","120885399","120885695","KN296079v1","1016819","1017116","42","119868580"
"chr21","121199389","121199686","KN295977v1","409488","409777","52","120789901"
"chr21","121255851","121256145","KN295236v1","1688322","1688613","35","119567529"
"chr21","121304161","121304473","KN294199v1","195562","195867","46","121108599"
"chr21","121386926","121387212","KN294536v1","651643","651940","45","120735283"
"chr21","121703457","121703716","KN296460v1","572449","572709","45","121131008"
"chr21","121858814","121859120","KN296306v1","441820","442122","25","121416994"
"chr21","122029240","122029419","KN295967v1","467933","468109","29","121561307"
"chr21","122189209","122189517","KN296311v1","4507488","4507798","35","117681721"
"chr21","122363393","122363678","KN296306v1","950157","950420","35","121413236"
"chr21","122438268","122438515","KN296306v1","1029437","1029678","24","121408831"
"chr21","122594802","122594920","KN294172v1","3927953","3928072","16","118666849"
"chr21","122594946","122595013","KN297008v1","1094032","1094107","28","121500914"
"chr21","122742214","122742511","KN296306v1","1321168","1321474","34","121421046"
"chr21","122792151","122792442","KN296306v1","1377053","1377347","18","121415098"
"chr21","122835035","122835344","KN296306v1","1419590","1419900","18","121415445"
"chr21","123208236","123208547","KN296306v1","1796189","1796496","37","121412047"
"chr21","123246020","123246326","KN294964v1","864674","864972","38","122381346"
"chr21","123264975","123265075","KN297157v1","346096","346184","30","122918879"
"chr21","123332920","123333215","KN296306v1","1927686","1927973","22","121405234"
"chr21","123353545","123353852","KN295586v1","5713036","5713339","37","117640509"
"chr21","123732136","123732432","KN296306v1","2332960","2333255","14","121399176"
"chr21","123897634","123897927","KN296306v1","2498972","2499265","32","121398662"
"chr21","124381132","124381443","KN296306v1","2984447","2984755","18","121396685"
"chr21","124671694","124671859","KN296306v1","3290422","3290582","12","121381272"
"chr21","124731480","124731790","KN296306v1","3349161","3349475","21","121382319"
"chr21","124858229","124858532","KN296306v1","3484182","3484486","21","121374047"
"chr21","124876039","124876335","KN296306v1","3501908","3502211","25","121374131"
"chr21","125087530","125087844","KN296306v1","3723212","3723516","35","121364318"
"chr21","125112816","125113111","KN296306v1","3750460","3750760","17","121362356"
"chr21","125333825","125333927","KN297157v1","346096","346184","39","124987729"
"chr21","125351563","125351855","KN297343v1","2044825","2045124","21","123306738"
"chr21","125448295","125448589","KN297343v1","1939247","1939541","12","123509048"
"chr21","125460896","125461185","KN295854v1","1504180","1504481","42","123956716"
"chr21","125465585","125465874","KN295854v1","1504180","1504481","42","123961405"
"chr21","125857844","125858131","KN294940v1","380863","381150","32","125476981"
"chr21","125890307","125890607","KN297343v1","1489140","1489457","29","124401167"
"chr21","126590312","126590512","KN297032v1","308157","308361","35","126282155"
"chr21","126742583","126742905","KN297343v1","612044","612353","31","126130539"
"chr21","126742924","126743068","KN297008v1","1441000","1441155","31","125301924"
"chr21","127148170","127148460","KN294592v1","51794","52092","41","127096376"
"chr22","51380183","51380319","KN294613v1","562643","562778","14","50817540"
"chr22","6422281","6422578","KN297197v1","4036279","4036580","33","2386002"
"chr22","63700818","63701104","KN297370v1","1077241","1077457","80","62623577"
"chr22","1340237","1340549","KN294917v1","971842","972153","17","368395"
"chr22","1742358","1742610","KN294172v1","1585798","1586062","65","156560"
"chr22","1813166","1813323","KN295995v1","71091","71264","42","1742075"
"chr22","2012680","2012965","KN294917v1","288677","288959","22","1724003"
"chr22","2141688","2141977","KN294917v1","158513","158801","16","1983175"
"chr22","2793294","2793588","KN297197v1","352933","353223","20","2440361"
"chr22","2997582","2997790","KN296460v1","412720","412933","34","2584862"
"chr22","3028240","3028532","KN297197v1","583354","583645","10","2444886"
"chr22","3221362","3221659","KN297197v1","785728","786024","16","2435634"
"chr22","3396439","3396482","KN295045v1","1336617","1336651","15","2059822"
"chr22","3441945","3442212","KN295893v1","7433014","7433268","36","3991069"
"chr22","3486419","3486712","KN297197v1","1071489","1071782","25","2414930"
"chr22","3583258","3583554","KN295102v1","316293","316582","54","3266965"
"chr22","3637058","3637225","KN294842v1","167464","167629","29","3469594"
"chr22","4261259","4261531","KN297197v1","1858355","1858618","21","2402904"
"chr22","4337969","4338277","KN297197v1","1939319","1939628","15","2398650"
"chr22","4581524","4581807","KN297197v1","2185539","2185832","15","2395985"
"chr22","4915306","4915629","KN296036v1","1696646","1696968","44","3218660"
"chr22","4929002","4929307","KN297197v1","2545840","2546128","24","2383162"
"chr22","5043851","5044143","KN297197v1","2668352","2668640","29","2375499"
"chr22","5149956","5150252","KN295533v1","1124359","1124653","32","4025597"
"chr22","5745558","5745864","KN297197v1","3379568","3379875","18","2365990"
"chr22","5795536","5795797","KN297197v1","3429038","3429300","18","2366498"
"chr22","5869479","5869626","KN296086v1","825589","825753","42","5043890"
"chr22","5884551","5884766","KN295449v1","1272311","1272531","17","4612240"
"chr22","6108161","6108479","KN294837v1","421876","422183","46","5686285"
"chr22","6191629","6191924","KN297197v1","3802947","3803249","24","2388682"
"chr22","6212310","6212580","KN297197v1","3824046","3824319","16","2388264"
"chr22","6268784","6269104","KN297197v1","3882171","3882470","35","2386613"
"chr22","6276192","6276491","KN297197v1","3889270","3889564","19","2386922"
"chr22","6307981","6308187","KN296859v1","1427369","1427572","47","4880612"
"chr22","6369582","6369873","KN297197v1","3984639","3984928","10","2384943"
"chr22","6372280","6372474","KN294184v1","390151","390345","32","5982129"
"chr22","6374341","6374635","KN294790v1","2790520","2790815","34","3583821"
"chr22","6750689","6750965","KN295096v1","4609517","4609788","42","2141172"
"chr22","6771279","6771584","KN297197v1","4395585","4395897","18","2375694"
"chr22","6805128","6805438","KN297197v1","4429325","4429625","25","2375803"
"chr22","6991542","6991843","KN297197v1","4616490","4616793","26","2375052"
"chr22","7042507","7042815","KN297197v1","4666476","4666780","12","2376031"
"chr22","7057031","7057309","KN297190v1","5684564","5684844","30","1372467"
"chr22","7068333","7068645","KN297197v1","4694307","4694625","18","2374026"
"chr22","7157825","7158106","KN297259v1","2651890","2652172","16","4505935"
"chr22","7165332","7165630","KN297259v1","2644684","2644993","20","4520648"
"chr22","7300863","7301033","KN296153v1","2118691","2118861","22","5182172"
"chr22","7819595","7819896","KN297259v1","1949386","1949676","29","5870209"
"chr22","7889142","7889458","KN297259v1","1877760","1878071","32","6011382"
"chr22","8121206","8121507","KN296004v1","353630","353936","35","7767576"
"chr22","8234718","8235014","KN297259v1","1509323","1509615","17","6725395"
"chr22","8383778","8384072","KN297197v1","2668352","2668640","38","5715426"
"chr22","8428665","8428960","KN297259v1","1313458","1313757","14","7115207"
"chr22","8450672","8450963","KN297259v1","1290495","1290792","19","7160177"
"chr22","8451298","8451575","KN297259v1","1289876","1290153","8","7161422"
"chr22","8493630","8493926","KN296557v1","548990","549285","31","7944640"
"chr22","8535815","8535998","KN296296v1","24619","24786","49","8511196"
"chr22","8596949","8597247","KN296079v1","3084734","3085029","38","5512215"
"chr22","8619047","8619343","KN294269v1","772756","773053","34","7846291"
"chr22","8880561","8880791","KN297259v1","857839","858069","16","8022722"
"chr22","8888836","8889137","KN295996v1","883771","884067","46","8005065"
"chr22","8894090","8894401","KN296484v1","1024460","1024770","33","7869630"
"chr22","8908980","8909052","KN294780v1","12561","12635","6","8896419"
"chr22","8909364","8909551","KN296119v1","3355213","3355396","42","5554151"
"chr22","9127822","9128158","KN297259v1","590059","590380","39","8537763"
"chr22","9144865","9145130","KN297386v1","2360289","2360549","41","6784576"
"chr22","9150713","9150994","KN297259v1","564182","564465","12","8586531"
"chr22","9161716","9162003","KN297259v1","549459","549751","18","8612257"
"chr22","9177735","9178033","KN295962v1","674128","674422","40","8503607"
"chr22","9181253","9181383","KN296442v1","162263","162395","18","9018990"
"chr22","9181696","9181923","KN296859v1","1427369","1427572","74","7754327"
"chr22","9250363","9250662","KN297259v1","448205","448497","28","8802158"
"chr22","9260759","9261066","KN297259v1","438160","438457","22","8822599"
"chr22","9265382","9265673","KN297259v1","433291","433584","15","8832091"
"chr22","9310495","9310724","KN297259v1","386343","386572","10","8924152"
"chr22","9383167","9383464","KN296495v1","1209717","1210015","32","8173450"
"chr22","9408664","9408920","KN297259v1","284116","284392","31","9124548"
"chr22","9410131","9410441","KN297259v1","282315","282621","15","9127816"
"chr22","9458069","9458351","KN297404v1","49920","50204","37","9408149"
"chr22","9477611","9477904","KN297259v1","214838","215117","29","9262773"
"chr22","9492230","9492384","KN297008v1","1441000","1441155","40","8051230"
"chr22","9503131","9503180","KN295045v1","1336617","1336651","21","8166514"
"chr22","9615896","9616181","KN297259v1","76445","76750","31","9539451"
"chr22","9625265","9625572","KN296004v1","353630","353936","25","9271635"
"chr22","9645257","9645539","KN297259v1","53272","53554","13","9591985"
"chr22","9793329","9793622","KN294372v1","2590608","2590892","22","7202721"
"chr22","9866432","9866719","KN295366v1","153538","153829","35","9712894"
"chr22","10019607","10019889","KN294372v1","2364752","2365034","5","7654855"
"chr22","10108466","10108754","KN294372v1","2276500","2276791","22","7831966"
"chr22","10113297","10113592","KN296495v1","1209717","1210015","32","8903580"
"chr22","10171635","10171942","KN294385v1","767967","768276","46","9403668"
"chr22","10179478","10179755","KN294372v1","2196216","2196497","16","7983262"
"chr22","10254431","10254723","KN294372v1","2127199","2127492","12","8127232"
"chr22","10258353","10258649","KN294372v1","2123275","2123571","21","8135078"
"chr22","10302263","10302571","KN295343v1","373896","374196","36","9928367"
"chr22","10304892","10305056","KN296311v1","1013861","1014022","30","9291031"
"chr22","10312561","10312866","KN294372v1","2073788","2074092","19","8238773"
"chr22","10325608","10325912","KN294372v1","2056206","2056510","7","8269402"
"chr22","10332155","10332452","KN295343v1","373896","374196","36","9958259"
"chr22","10338613","10338906","KN294372v1","2042506","2042800","9","8296107"
"chr22","10347181","10347486","KN297452v1","1979430","1979725","35","8367751"
"chr22","10392041","10392194","KN297008v1","1441000","1441155","33","8951041"
"chr22","10399033","10399196","KN294470v1","2260068","2260237","48","8138965"
"chr22","10410419","10410551","KN294613v1","59320","59453","16","10351099"
"chr22","10410863","10411044","KN296263v1","1162606","1162775","37","9248257"
"chr22","10442097","10442391","KN294372v1","1934106","1934395","17","8507991"
"chr22","10461726","10462010","KN294372v1","1914731","1915015","18","8546995"
"chr22","10477011","10477313","KN294540v1","651367","651664","42","9825644"
"chr22","10515769","10516074","KN294372v1","1860677","1860962","28","8655092"
"chr22","10554311","10554601","KN294372v1","1823104","1823399","20","8731207"
"chr22","10557389","10557557","KN295408v1","16726","16898","29","10540663"
"chr22","10557860","10557993","KN295667v1","829585","829718","17","9728275"
"chr22","10570986","10571235","KN294372v1","1804328","1804575","18","8766658"
"chr22","10594851","10595152","KN294187v1","1070521","1070824","41","9524330"
"chr22","10607509","10607678","KN295294v1","769026","769186","39","9838483"
"chr22","10645733","10645885","KN296495v1","1470532","1470683","26","9175201"
"chr22","10654523","10654643","KN294456v1","1183203","1183320","24","9471320"
"chr22","10654890","10655061","KN295349v1","47758","47931","24","10607132"
"chr22","10677031","10677315","KN294372v1","1687369","1687653","12","8989662"
"chr22","10687475","10687871","KN296654v1","87552","87939","71","10599923"
"chr22","10725523","10725824","KN294372v1","1638361","1638662","12","9087162"
"chr22","10751927","10752315","KN296864v1","2177791","2178147","109","8574136"
"chr22","10782987","10783280","KN294372v1","1578207","1578503","14","9204780"
"chr22","10786620","10786926","KN294251v1","2039161","2039471","35","8747459"
"chr22","10798628","10798921","KN295974v1","690483","690778","44","10108145"
"chr22","10800568","10800860","KN294372v1","1558349","1558643","12","9242219"
"chr22","10828185","10828487","KN294705v1","1109306","1109614","36","9718879"
"chr22","10830592","10830899","KN294372v1","1526419","1526716","29","9304173"
"chr22","10831732","10831993","KN296138v1","307856","308112","31","10523876"
"chr22","10833708","10833871","KN296829v1","582931","583096","27","10250777"
"chr22","10834178","10834193","KN294213v1","437220","437234","1","10396958"
"chr22","10882269","10882565","KN294540v1","651367","651664","34","10230902"
"chr22","10890383","10890679","KN294372v1","1460919","1461198","35","9429464"
"chr22","10937246","10937418","KN297154v1","211161","211330","28","10726085"
"chr22","10989578","10989854","KN296386v1","236314","236606","51","10753264"
"chr22","11033687","11033987","KN294372v1","1311490","1311797","20","9722197"
"chr22","11153154","11153467","KN294499v1","899277","899580","50","10253877"
"chr22","11156348","11156699","KN294147v1","1648910","1649233","102","9507438"
"chr22","11182566","11182859","KN294372v1","1161913","1162228","33","10020653"
"chr22","11201599","11201783","KN295735v1","895035","895215","32","10306564"
"chr22","11327636","11327940","KN297044v1","108239","108545","38","11219397"
"chr22","11353666","11353972","KN294372v1","987748","988054","14","10365918"
"chr22","11386718","11387020","KN294372v1","954292","954607","30","10432426"
"chr22","11461534","11461713","KN294451v1","850657","850819","40","10610877"
"chr22","11477803","11478115","KN294372v1","858237","858550","18","10619566"
"chr22","11481477","11481792","KN296820v1","1303393","1303709","46","10178084"
"chr22","11496274","11496566","KN296036v1","1306747","1307034","30","10189527"
"chr22","11607720","11608001","KN294571v1","2837988","2838277","47","8769732"
"chr22","11611093","11611368","KN294372v1","2081363","2081636","34","9529730"
"chr22","11740543","11740836","KN294372v1","592422","592714","7","11148121"
"chr22","12039367","12039700","KN297050v1","132482","132813","60","11906885"
"chr22","12065887","12066198","KN294372v1","280238","280544","13","11785649"
"chr22","12092130","12092432","KN295090v1","1517745","1518055","34","10574385"
"chr22","12427335","12427645","KN294526v1","37789","38093","31","12389546"
"chr22","12450573","12450730","KN297008v1","1441000","1441155","37","11009573"
"chr22","12507851","12508175","KN294526v1","120035","120338","32","12387816"
"chr22","12541050","12541368","KN294485v1","105000","105306","43","12436050"
"chr22","12658808","12658964","KN296495v1","1470532","1470683","27","11188276"
"chr22","12825402","12825686","KN294526v1","439330","439619","20","12386072"
"chr22","12831221","12831514","KN294526v1","449631","449923","17","12381590"
"chr22","12960889","12961160","KN296879v1","124282","124553","35","12836607"
"chr22","13069573","13069853","KN294758v1","2335286","2335568","37","10734287"
"chr22","13147912","13148222","KN294526v1","770053","770363","18","12377859"
"chr22","13365242","13365572","KN294644v1","640723","641020","97","12724519"
"chr22","13527993","13528151","KN297154v1","1695463","1695633","29","11832530"
"chr22","13604731","13605036","KN296004v1","353630","353936","41","13251101"
"chr22","13629924","13630181","KN295871v1","832393","832646","14","12797531"
"chr22","13940772","13941061","KN295871v1","519299","519594","14","13421473"
"chr22","13968157","13968194","KN295045v1","1336617","1336651","19","12631540"
"chr22","14010053","14010356","KN295286v1","7835","8131","41","14002218"
"chr22","14056192","14056489","KN295871v1","402441","402743","19","13653751"
"chr22","14119960","14120259","KN295871v1","339925","340230","17","13780035"
"chr22","14124800","14125107","KN295871v1","331774","332077","23","13793026"
"chr22","14233268","14233568","KN295871v1","222239","222538","18","14011029"
"chr22","14328140","14328291","KN295735v1","1296248","1296399","21","13031892"
"chr22","14391657","14391961","KN295871v1","63017","63323","18","14328640"
"chr22","14409243","14409548","KN295871v1","45640","45948","14","14363603"
"chr22","14455557","14455858","KN296761v1","97995","98298","37","14357562"
"chr22","14632143","14632455","KN295345v1","868768","869065","38","13763375"
"chr22","15016133","15016430","KN296959v1","44442","44736","32","14971691"
"chr22","15271622","15271921","KN296609v1","1410682","1410982","33","13860940"
"chr22","15315206","15315490","KN297227v1","240655","240937","38","15074551"
"chr22","15806465","15806761","KN295484v1","239927","240228","20","15566538"
"chr22","15958401","15958710","KN295484v1","83207","83516","17","15875194"
"chr22","16122977","16123278","KN296380v1","7066","7372","44","16115911"
"chr22","16308384","16308686","KN295470v1","272474","272776","11","16035910"
"chr22","16700533","16700817","KN296108v1","1849519","1849805","42","14851014"
"chr22","17466846","17467139","KN297245v1","1400749","1401038","35","16066097"
"chr22","17672960","17673110","KN296495v1","1470532","1470683","34","16202428"
"chr22","17763628","17763942","KN297212v1","98197","98511","20","17665431"
"chr22","17850072","17850244","KN296959v1","1152394","1152569","27","16697678"
"chr22","17979875","17980182","KN294991v1","135006","135307","20","17844869"
"chr22","17997151","17997423","KN294991v1","152353","152625","20","17844798"
"chr22","18046018","18046199","KN296486v1","1468682","1468869","30","16577336"
"chr22","18055642","18055921","KN294991v1","207171","207449","18","17848471"
"chr22","18326563","18326865","KN294991v1","478076","478380","29","17848487"
"chr22","18359589","18359897","KN295548v1","143484","143790","34","18216105"
"chr22","18375343","18375637","KN294991v1","527444","527738","16","17847899"
"chr22","18525578","18525759","KN296119v1","3355213","3355396","33","15170365"
"chr22","18526347","18526553","KN294205v1","1216775","1216984","37","17309572"
"chr22","18553887","18554179","KN297048v1","47682","47977","34","18506205"
"chr22","18728360","18728627","KN295090v1","568506","568777","52","18159854"
"chr22","18750047","18750333","KN294940v1","380863","381150","34","18369184"
"chr22","18802348","18802642","KN294269v1","772756","773053","37","18029592"
"chr22","18866244","18866523","KN295075v1","252071","252359","41","18614173"
"chr22","18866684","18866969","KN295343v1","373896","374196","36","18492788"
"chr22","18932105","18932400","KN294991v1","1096709","1097005","12","17835396"
"chr22","18952346","18952636","KN294991v1","1119512","1119818","24","17832834"
"chr22","19008591","19008758","KN295090v1","1465525","1465689","36","17543066"
"chr22","19058797","19059092","KN294991v1","1227626","1227930","21","17831171"
"chr22","19151128","19151426","KN294326v1","477409","477702","33","18673719"
"chr22","19207502","19207805","KN294991v1","1379808","1380111","11","17827694"
"chr22","19238103","19238405","KN294991v1","1411452","1411759","18","17826651"
"chr22","19350929","19351205","KN294991v1","1527922","1528206","19","17823007"
"chr22","19379994","19380282","KN294991v1","1558581","1558873","19","17821413"
"chr22","19739232","19739417","KN296311v1","944376","944554","27","18794856"
"chr22","19751783","19752080","KN294922v1","106205","106504","40","19645578"
"chr22","19760036","19760330","KN294991v1","1962985","1963288","24","17797051"
"chr22","19810173","19810466","KN294991v1","2014076","2014373","11","17796097"
"chr22","19828456","19828765","KN294520v1","1300419","1300723","40","18528037"
"chr22","19853352","19853633","KN294213v1","437268","437550","35","19416084"
"chr22","19855086","19855398","KN297133v1","697008","697316","47","19158078"
"chr22","19887532","19887835","KN296825v1","1702761","1703066","34","18184771"
"chr22","20350144","20350316","KN296357v1","188961","189127","56","20161183"
"chr22","20350364","20350498","KN297274v1","221382","221516","17","20128982"
"chr22","20381918","20382229","KN294172v1","6407720","6408021","40","13974198"
"chr22","20400524","20400677","KN296430v1","705227","705382","28","19695297"
"chr22","21306724","21307030","KN297386v1","1241820","1242127","13","20064904"
"chr22","21388462","21388768","KN297386v1","1323392","1323698","16","20065070"
"chr22","21712119","21712414","KN297386v1","1658354","1658654","21","20053765"
"chr22","21983083","21983383","KN297386v1","1930602","1930930","40","20052481"
"chr22","22158838","22159132","KN296732v1","162975","163269","40","21995863"
"chr22","22200026","22200333","KN297386v1","2162708","2163010","22","20037318"
"chr22","22393718","22393996","KN297386v1","2374484","2374770","22","20019234"
"chr22","22402043","22402326","KN296732v1","2792402","2792689","43","19609641"
"chr22","22458301","22458466","KN296486v1","1714803","1714969","26","20743498"
"chr22","22546895","22547206","KN295430v1","2571642","2571950","36","19975253"
"chr22","22604130","22604420","KN294790v1","3806584","3806878","36","18797546"
"chr22","22610513","22610789","KN294619v1","236638","236931","50","22373875"
"chr22","22803465","22803762","KN296682v1","2618206","2618506","35","20185259"
"chr22","22865023","22865307","KN295034v1","64250","64533","50","22800773"
"chr22","23099267","23099572","KN294485v1","105000","105306","32","22994267"
"chr22","23137840","23138177","KN297274v1","1412869","1413197","58","21724971"
"chr22","23194522","23194842","KN296122v1","315036","315346","38","22879486"
"chr22","24088090","24088361","KN295753v1","245053","245324","36","23843037"
"chr22","24203613","24203899","KN296167v1","390890","391180","41","23812723"
"chr22","24403090","24403386","KN294790v1","2471571","2471870","37","21931519"
"chr22","24636167","24636447","KN294399v1","178526","178809","39","24457641"
"chr22","24636496","24636524","KN295651v1","344716","344740","6","24291780"
"chr22","24786742","24787046","KN296526v1","33090","33393","35","24753652"
"chr22","24848607","24848853","KN295667v1","2051465","2051707","46","22797142"
"chr22","24912232","24912533","KN294540v1","651367","651664","33","24260865"
"chr22","24947396","24947706","KN294513v1","681816","682125","41","24265580"
"chr22","25334674","25334961","KN295079v1","188262","188575","38","25146412"
"chr22","25625659","25625926","KN295079v1","487420","487682","19","25138239"
"chr22","25642448","25642744","KN295079v1","503896","504191","11","25138552"
"chr22","26163547","26163834","KN295045v1","756205","756493","42","25407342"
"chr22","26489998","26490260","KN294234v1","2405720","2405976","46","24084278"
"chr22","26519892","26520176","KN294207v1","1193470","1193766","22","25326422"
"chr22","26528915","26529219","KN294207v1","1184523","1184834","27","25344392"
"chr22","26708048","26708338","KN295573v1","219084","219384","47","26488964"
"chr22","26947066","26947346","KN294207v1","764714","765025","37","26182352"
"chr22","27135801","27135981","KN295814v1","1118418","1118576","48","26017383"
"chr22","27147040","27147220","KN295814v1","1118418","1118576","48","26028622"
"chr22","27260287","27260328","KN296316v1","148146","148173","20","27112141"
"chr22","27562841","27563140","KN294207v1","148738","149037","19","27414103"
"chr22","27834277","27834586","KN295893v1","2419696","2420007","41","25414581"
"chr22","28338102","28338344","KN295337v1","460264","460503","14","27877838"
"chr22","28499351","28499647","KN295337v1","296257","296553","15","28203094"
"chr22","28508856","28509152","KN295337v1","296257","296553","15","28212599"
"chr22","28520312","28520608","KN295337v1","285192","285490","16","28235120"
"chr22","28659175","28659464","KN295337v1","137452","137741","12","28521723"
"chr22","29497881","29498206","KN296141v1","81855","82178","17","29416026"
"chr22","29606998","29607298","KN296035v1","293379","293678","49","29313619"
"chr22","29777535","29777845","KN295441v1","444133","444441","34","29333402"
"chr22","29782733","29783037","KN295236v1","2902206","2902512","35","26880527"
"chr22","29830851","29831161","KN294372v1","1311490","1311797","35","28519361"
"chr22","29930346","29930666","KN295091v1","924044","924353","51","29006302"
"chr22","30063496","30063642","KN294705v1","1355869","1356009","21","28707627"
"chr22","30063948","30064104","KN295294v1","769026","769186","22","29294922"
"chr22","30247514","30247770","KN295315v1","1252934","1253195","44","28994580"
"chr22","30265170","30265477","KN297044v1","108239","108545","34","30156931"
"chr22","30279862","30280162","KN296864v1","1098087","1098388","31","29181775"
"chr22","30300739","30301025","KN296036v1","1306747","1307034","33","28993992"
"chr22","30438149","30438476","KN296036v1","1696646","1696968","45","28741503"
"chr22","30552232","30552515","KN295075v1","252071","252359","34","30300161"
"chr22","31458689","31458990","KN294493v1","991664","991964","34","30467025"
"chr22","32192024","32192326","KN294790v1","71150","71455","36","32120874"
"chr22","32197366","32197646","KN297227v1","240655","240937","34","31956711"
"chr22","32215653","32215953","KN294520v1","1300419","1300723","42","30915234"
"chr22","32278700","32279001","KN294493v1","991664","991964","34","31287036"
"chr22","32316857","32317153","KN296948v1","271010","271304","42","32045847"
"chr22","32460471","32460773","KN295984v1","811714","812012","40","31648757"
"chr22","32511095","32511385","KN294619v1","236638","236931","34","32274457"
"chr22","32513562","32513837","KN295753v1","245053","245324","35","32268509"
"chr22","32557450","32557748","KN294539v1","2302951","2303253","33","30254499"
"chr22","32695063","32695370","KN296880v1","290862","291165","42","32404201"
"chr22","32812554","32812723","KN294980v1","230782","230955","34","32581772"
"chr22","32982418","32982721","KN294520v1","1300419","1300723","35","31681999"
"chr22","33385718","33386017","KN296849v1","441458","441760","39","32944260"
"chr22","33694811","33695117","KN296825v1","1702761","1703066","31","31992050"
"chr22","33738413","33738719","KN294790v1","1645392","1645693","44","32093021"
"chr22","33790331","33790627","KN294218v1","2202652","2202952","41","31587679"
"chr22","33806971","33807170","KN295045v1","1182493","1182695","38","32624478"
"chr22","33924725","33925019","KN296825v1","1782920","1783213","31","32141805"
"chr22","33942825","33943124","KN294540v1","651367","651664","36","33291458"
"chr22","33974036","33974197","KN295667v1","830007","830168","32","33144029"
"chr22","33987969","33988251","KN296255v1","602818","603100","48","33385151"
"chr22","33993522","33993807","KN295319v1","129850","130137","36","33863672"
"chr22","34172144","34172425","KN295825v1","717159","717440","37","33454985"
"chr22","34232776","34233086","KN297044v1","108239","108545","37","34124537"
"chr22","34288428","34288723","KN296849v1","394002","394294","45","33894426"
"chr22","34469377","34469548","KN296829v1","582931","583096","37","33886446"
"chr22","34676299","34676594","KN294976v1","288954","289250","34","34387345"
"chr22","34814344","34814650","KN294446v1","290641","290939","39","34523703"
"chr22","35031903","35032231","KN297274v1","1412869","1413197","54","33619034"
"chr22","35481935","35482215","KN296464v1","390028","390315","41","35091907"
"chr22","35833341","35833623","KN296139v1","7891","8178","38","35825450"
"chr22","36221857","36222126","KN295508v1","147844","148110","35","36074013"
"chr22","36273076","36273270","KN295045v1","1182493","1182695","37","35090583"
"chr22","36330242","36330549","KN294184v1","265083","265403","31","36065159"
"chr22","36448722","36449019","KN296119v1","5156265","5156559","36","31292457"
"chr22","36619306","36619608","KN294184v1","561265","561570","21","36058041"
"chr22","37010872","37011168","KN295962v1","674128","674422","34","36336744"
"chr22","37402046","37402310","KN295459v1","963595","963865","51","36438451"
"chr22","37755398","37755724","KN296641v1","1153434","1153742","37","36601964"
"chr22","37881380","37881674","KN296641v1","1285515","1285812","13","36595865"
"chr22","37884796","37885103","KN296641v1","1288906","1289213","16","36595890"
"chr22","38047182","38047453","KN296641v1","1458374","1458634","23","36588808"
"chr22","38253119","38253397","KN296754v1","238464","238735","45","38014655"
"chr22","38301664","38301977","KN294813v1","87773","88073","45","38213891"
"chr22","38554480","38554779","KN295692v1","1615973","1616263","52","36938507"
"chr22","38651645","38651946","KN294582v1","148271","148567","38","38503374"
"chr22","38719088","38719418","KN296426v1","184408","184721","50","38534680"
"chr22","38806711","38806994","KN294326v1","427946","428232","47","38378765"
"chr22","38911600","38911905","KN296145v1","3242116","3242420","45","35669484"
"chr22","39163379","39163660","KN294789v1","156741","157050","43","39006638"
"chr22","39177154","39177459","KN294372v1","1311490","1311797","44","37865664"
"chr22","39247488","39247781","KN297452v1","1979430","1979725","28","37268058"
"chr22","39636848","39637024","KN296486v1","1468682","1468869","35","38168166"
"chr22","39788394","39788692","KN294260v1","2088783","2089071","31","37699611"
"chr22","39939215","39939519","KN294260v1","1938294","1938597","20","38000921"
"chr22","40173080","40173335","KN294260v1","1700212","1700467","17","38472868"
"chr22","40350063","40350211","KN294187v1","1542649","1542810","38","38807414"
"chr22","40500219","40500512","KN294260v1","1367184","1367477","13","39133035"
"chr22","40548079","40548168","KN295930v1","289717","289808","15","40258362"
"chr22","40548534","40548741","KN296859v1","1427369","1427572","26","39121165"
"chr22","41001558","41001858","KN294260v1","856501","856797","19","40145057"
"chr22","41180445","41180746","KN294260v1","686053","686349","14","40494392"
"chr22","41195266","41195558","KN296108v1","735240","735530","26","40460026"
"chr22","41255770","41256064","KN294260v1","609789","610082","9","40645981"
"chr22","41662269","41662573","KN294260v1","187837","188142","13","41474432"
"chr22","41678629","41678935","KN294260v1","171396","171715","35","41507233"
"chr22","41931558","41931840","KN295363v1","848174","848466","27","41083384"
"chr22","42142057","42142355","KN296948v1","940419","940715","34","41201638"
"chr22","42409155","42409413","KN296948v1","915916","916168","43","41493239"
"chr22","42646914","42647233","KN295363v1","66229","66552","20","42580685"
"chr22","43023912","43024194","KN296139v1","7891","8178","37","43016021"
"chr22","43069065","43069357","KN294571v1","1349003","1349300","38","41720062"
"chr22","43139861","43140165","KN294520v1","1300419","1300723","34","41839442"
"chr22","43443736","43444046","KN296505v1","2200397","2200704","27","41243339"
"chr22","43501142","43501400","KN296505v1","2140481","2140738","13","41360661"
"chr22","43510222","43510533","KN296505v1","2132471","2132780","30","41377751"
"chr22","43715065","43715366","KN296505v1","1919272","1919570","15","41795793"
"chr22","44442853","44443129","KN296278v1","144187","144463","33","44298666"
"chr22","45117663","45117954","KN294693v1","517852","518151","47","44599811"
"chr22","45121603","45121908","KN295343v1","373896","374196","33","44747707"
"chr22","45443232","45443528","KN296505v1","193627","193912","30","45249605"
"chr22","45523844","45524119","KN296505v1","116013","116306","34","45407831"
"chr22","45594316","45594547","KN296505v1","36934","37162","13","45557382"
"chr22","45601444","45601672","KN295371v1","756383","756611","41","44845061"
"chr22","45634522","45634824","KN295198v1","807457","807762","44","44827065"
"chr22","45653810","45654065","KN295430v1","2431410","2431665","60","43222400"
"chr22","45829838","45829998","KN296430v1","705227","705382","35","45124611"
"chr22","45838594","45838918","KN296485v1","540695","540992","41","45297899"
"chr22","45844667","45844931","KN294187v1","907689","907968","55","44936978"
"chr22","45914229","45914501","KN296485v1","447446","447718","14","45466783"
"chr22","45932944","45933210","KN296485v1","428109","428375","12","45504835"
"chr22","46008234","46008521","KN296485v1","349440","349727","10","45658794"
"chr22","46069182","46069478","KN296485v1","287058","287351","10","45782124"
"chr22","46100551","46100730","KN296486v1","1468682","1468869","35","44631869"
"chr22","46153939","46154122","KN295893v1","3902822","3903007","14","42251117"
"chr22","46170214","46170510","KN296485v1","183614","183907","22","45986600"
"chr22","46171719","46172061","KN297274v1","1412869","1413197","49","44758850"
"chr22","46191644","46191938","KN296485v1","166378","166674","13","46025266"
"chr22","46228505","46228681","KN296879v1","570900","571072","33","45657605"
"chr22","46239809","46240088","KN294705v1","870227","870507","30","45369582"
"chr22","46277314","46277611","KN296485v1","72891","73188","12","46204423"
"chr22","46621416","46621656","KN296315v1","1510367","1510606","35","45111049"
"chr22","46840006","46840304","KN294842v1","297954","298253","35","46542052"
"chr22","46842001","46842314","KN296948v1","1357864","1358169","47","45484137"
"chr22","46906467","46906748","KN297153v1","1177947","1178229","32","45728520"
"chr22","47044486","47044634","KN296495v1","1470532","1470683","34","45573954"
"chr22","47071516","47071821","KN296191v1","236826","237128","41","46834690"
"chr22","47133734","47134030","KN295343v1","373896","374196","39","46759838"
"chr22","47136190","47136364","KN295349v1","47758","47931","28","47088432"
"chr22","47271690","47271987","KN295526v1","381860","382152","29","46889830"
"chr22","47324955","47325165","KN295045v1","1182493","1182695","37","46142462"
"chr22","47647337","47647643","KN295633v1","307851","308157","33","47339486"
"chr22","47690059","47690332","KN294187v1","907689","907968","51","46782370"
"chr22","47745627","47745869","KN295667v1","1125641","1125852","52","46619986"
"chr22","47800665","47800956","KN294451v1","858208","858496","51","46942457"
"chr22","47883302","47883587","KN295090v1","291736","292032","51","47591566"
"chr22","48154399","48154683","KN295552v1","212176","212457","36","47942223"
"chr22","48186752","48187022","KN294790v1","3847979","3848251","41","44338773"
"chr22","48193116","48193395","KN297190v1","5684564","5684844","36","42508552"
"chr22","48231811","48232063","KN296242v1","694470","694734","34","47537341"
"chr22","48380014","48380320","KN295548v1","143484","143790","36","48236530"
"chr22","48488416","48488700","KN296732v1","2683870","2684156","31","45804546"
"chr22","48624900","48625202","KN295586v1","5713036","5713339","36","42911864"
"chr22","48648053","48648362","KN296484v1","1024460","1024770","39","47623593"
"chr22","48668657","48668964","KN294520v1","99322","99631","33","48569335"
"chr22","48694539","48694840","KN296635v1","3538964","3539261","44","45155575"
"chr22","48730500","48730809","KN295319v1","52694","53005","22","48677806"
"chr22","48787364","48787553","KN296486v1","1468682","1468869","42","47318682"
"chr22","48801669","48801958","KN295319v1","129850","130137","16","48671819"
"chr22","49076733","49076981","KN295667v1","2051465","2051707","55","47025268"
"chr22","49101933","49102268","KN294346v1","313844","314182","51","48788089"
"chr22","49161725","49162004","KN295319v1","495992","496271","16","48665733"
"chr22","49372126","49372446","KN295319v1","701916","702239","19","48670210"
"chr22","49898800","49898894","KN295550v1","498465","498533","39","49400335"
"chr22","50123736","50123844","KN296296v1","165106","165204","37","49958630"
"chr22","50285033","50285315","KN297016v1","70076","70353","33","50214957"
"chr22","50437738","50438030","KN294569v1","384817","385107","32","50052921"
"chr22","50569765","50570045","KN295257v1","348260","348541","31","50221505"
"chr22","50801619","50801929","KN296119v1","3556005","3556313","39","47245614"
"chr22","50859032","50859319","KN295820v1","879022","879311","35","49980010"
"chr22","50953509","50953798","KN294456v1","63433","63720","38","50890076"
"chr22","51044570","51044764","KN295045v1","1182493","1182695","44","49862077"
"chr22","51149292","51149552","KN296682v1","4040014","4040270","36","47109278"
"chr22","51168304","51168609","KN294842v1","1341246","1341546","36","49827058"
"chr22","51335324","51335627","KN294456v1","513291","513590","46","50822033"
"chr22","51380320","51380601","KN295257v1","348260","348541","44","51032060"
"chr22","51380602","51380641","KN295045v1","1336617","1336651","18","50043985"
"chr22","51407819","51408115","KN296093v1","185428","185734","38","51222391"
"chr22","51408173","51408490","KN297044v1","108239","108545","35","51299934"
"chr22","51556870","51557202","KN294834v1","263365","263698","46","51293505"
"chr22","51646049","51646352","KN295343v1","373896","374196","33","51272153"
"chr22","51693893","51694193","KN294592v1","51794","52092","34","51642099"
"chr22","51736172","51736483","KN294713v1","1002438","1002747","14","50733734"
"chr22","51737697","51737953","KN294987v1","1113247","1113478","61","50624450"
"chr22","51798338","51798539","KN297032v1","308157","308361","37","51490181"
"chr22","51821843","51822142","KN294713v1","909847","910144","16","50911996"
"chr22","51824700","51824995","KN294713v1","906973","907266","16","50917727"
"chr22","51842455","51842755","KN294713v1","887080","887379","9","50955375"
"chr22","51852660","51852851","KN296119v1","3355213","3355396","39","48497447"
"chr22","51873698","51873939","KN296312v1","25630","25846","64","51848068"
"chr22","51874248","51874389","KN294613v1","562643","562778","23","51311605"
"chr22","51914080","51914350","KN294991v1","1322409","1322675","39","50591671"
"chr22","52243997","52244279","KN297112v1","6395083","6395364","35","45848914"
"chr22","52253353","52253657","KN294713v1","466289","466592","18","51787064"
"chr22","52290055","52290364","KN294713v1","422631","422938","15","51867424"
"chr22","52388367","52388670","KN294713v1","323548","323845","14","52064819"
"chr22","52402098","52402302","KN294571v1","2367043","2367240","36","50035055"
"chr22","52402633","52402771","KN294613v1","562643","562778","13","51839990"
"chr22","52412476","52412785","KN294713v1","299543","299853","20","52112933"
"chr22","52424648","52424948","KN294713v1","287238","287538","9","52137410"
"chr22","52464501","52464774","KN297095v1","3485940","3486219","37","48978561"
"chr22","52982742","52983033","KN295075v1","252071","252359","33","52730671"
"chr22","52989267","52989574","KN297044v1","108239","108545","36","52881028"
"chr22","53022209","53022371","KN295814v1","1118418","1118576","24","51903791"
"chr22","53022672","53022790","KN294172v1","5423877","5423985","26","47598795"
"chr22","53217445","53217581","KN296495v1","1470532","1470683","36","51746913"
"chr22","53456418","53456724","KN294385v1","767967","768276","36","52688451"
"chr22","53506341","53506609","KN295931v1","629016","629288","35","52877325"
"chr22","53553756","53554065","KN296380v1","7066","7372","43","53546690"
"chr22","53938742","53938886","KN297008v1","6657903","6658047","26","47280839"
"chr22","54115737","54116037","KN296244v1","671098","671393","33","53444639"
"chr22","54287606","54287897","KN295319v1","129850","130137","32","54157756"
"chr22","54334129","54334405","KN295869v1","572441","572731","38","53761688"
"chr22","54381500","54381794","KN297452v1","1979430","1979725","31","52402070"
"chr22","54454183","54454350","KN296879v1","570900","571072","38","53883283"
"chr22","54853379","54853680","KN295038v1","818676","818972","39","54034703"
"chr22","55244822","55245123","KN294592v1","51794","52092","46","55193028"
"chr22","55471419","55471696","KN296108v1","735240","735530","45","54736179"
"chr22","55737159","55737470","KN294378v1","1155375","1155674","48","54581784"
"chr22","55863504","55863801","KN295241v1","157199","157498","26","55706305"
"chr22","55888249","55888289","KN296139v1","69081","69102","21","55819168"
"chr22","55926371","55926590","KN294339v1","34283","34502","37","55892088"
"chr22","55926601","55926678","KN297159v1","1973041","1973104","34","53953560"
"chr22","56309638","56309933","KN294365v1","1180313","1180615","36","55129325"
"chr22","56951729","56952044","KN294373v1","502253","502562","43","56449476"
"chr22","56960060","56960348","KN296139v1","7891","8178","30","56952169"
"chr22","57290051","57290358","KN295871v1","63017","63323","40","57227034"
"chr22","57382730","57382934","KN295667v1","1125641","1125852","38","56257089"
"chr22","57440065","57440369","KN294187v1","188357","188668","42","57251708"
"chr22","57506571","57506728","KN296486v1","1714803","1714969","37","55791768"
"chr22","57611881","57612195","KN296649v1","602444","602751","20","57009437"
"chr22","57728572","57728869","KN295154v1","149426","149727","29","57579146"
"chr22","57952574","57952885","KN296649v1","258465","258776","19","57694109"
"chr22","58064559","58064840","KN296649v1","145429","145704","16","57919130"
"chr22","58124134","58124429","KN296649v1","84998","85298","18","58039136"
"chr22","59273024","59273298","KN296594v1","275329","275608","27","58997695"
"chr22","59282818","59283103","KN296594v1","265285","265570","17","59017533"
"chr22","59330665","59330977","KN296594v1","215555","215847","31","59115110"
"chr22","59332700","59332872","KN297154v1","211161","211330","34","59121539"
"chr22","59349985","59350237","KN295869v1","1226325","1226572","39","58123660"
"chr22","59388280","59388608","KN296594v1","162025","162336","31","59226255"
"chr22","59397828","59398114","KN296594v1","152542","152827","19","59245286"
"chr22","59675342","59675645","KN297184v1","1823204","1823497","43","57852138"
"chr22","59762717","59763001","KN294842v1","1383208","1383481","58","58379509"
"chr22","59852708","59853011","KN297165v1","3392347","3392649","42","56460361"
"chr22","59918680","59918970","KN294571v1","2837988","2838277","32","57080692"
"chr22","60058554","60058829","KN296201v1","2225366","2225632","41","57833188"
"chr22","60162363","60162502","KN296884v1","1422698","1422842","31","58739665"
"chr22","60285522","60285711","KN296119v1","3355213","3355396","41","56930309"
"chr22","60361248","60361422","KN294571v1","2367043","2367240","47","57994205"
"chr22","60688059","60688338","KN295257v1","348260","348541","37","60339799"
"chr22","60707950","60708283","KN295995v1","7548","7881","49","60700402"
"chr22","60856660","60856971","KN295708v1","2847597","2847886","64","58009063"
"chr22","60894969","60895262","KN297452v1","1979430","1979725","35","58915539"
"chr22","61004728","61005041","KN295907v1","1200915","1201232","39","59803813"
"chr22","61103760","61104032","KN295607v1","4385655","4385923","46","56718105"
"chr22","61234364","61234676","KN294385v1","291689","291997","45","60942675"
"chr22","61278851","61279132","KN296009v1","1376950","1377229","38","59901901"
"chr22","61290474","61290759","KN294501v1","285211","285478","58","61005263"
"chr22","61322045","61322350","KN295586v1","5713036","5713339","33","55609009"
"chr22","61468055","61468350","KN297452v1","1979430","1979725","31","59488625"
"chr22","61620616","61620906","KN294996v1","703231","703527","47","60917385"
"chr22","61829198","61829479","KN294326v1","660448","660733","43","61168750"
"chr22","62210991","62211141","KN297008v1","1441000","1441155","40","60769991"
"chr22","62350182","62350450","KN294741v1","1748071","1748339","51","60602111"
"chr22","62638543","62638834","KN295236v1","1562516","1562803","35","61076027"
"chr22","63134300","63134583","KN296290v1","1258651","1258933","48","61875649"
"chr22","63150799","63150937","KN296495v1","1470532","1470683","40","61680267"
"chr22","63202637","63202944","KN296761v1","97995","98298","43","63104642"
"chr22","63340729","63341031","KN295854v1","1504180","1504481","33","61836549"
"chr22","63343375","63343524","KN297159v1","1909075","1909226","47","61434300"
"chr22","63700627","63700807","KN294842v1","740895","741078","29","62959732"
"chr22","63888702","63889000","KN297370v1","895517","895815","16","62993185"
"chr22","64480306","64480475","KN296174v1","30392","30557","35","64449914"
"chr22","64748664","64748948","KN295257v1","348260","348541","38","64400404"
"chr22","64790903","64791186","KN296244v1","249239","249529","47","64541664"
"chr22","64821725","64822033","KN296484v1","1024460","1024770","41","63797265"
"chr22","65076232","65076537","KN294506v1","54625","54925","39","65021607"
"chr22","65728513","65728777","KN295936v1","2228111","2228371","42","63500402"
"chr22","66127927","66128228","KN295220v1","166443","166753","16","65961484"
"chr22","66262978","66263240","KN295220v1","32575","32837","17","66230403"
"chr22","66627387","66627665","KN295096v1","30658","30957","33","66596729"
"chr22","66680552","66680846","KN295096v1","82493","82801","26","66598059"
"chr22","66771946","66772172","KN295096v1","178028","178269","23","66593918"
"chr22","66941547","66941834","KN295096v1","344750","345035","8","66596797"
"chr22","67043846","67044137","KN295096v1","447120","447418","15","66596726"
"chr22","67108955","67109235","KN295096v1","511719","511994","16","66597236"
"chr22","67207981","67208278","KN295096v1","610983","611281","19","66596998"
"chr22","67223702","67224020","KN295096v1","629731","630051","29","66593971"
"chr22","67273301","67273460","KN296311v1","1013861","1014022","32","66259440"
"chr22","67477577","67477867","KN295096v1","892561","892843","28","66585016"
"chr22","68066994","68067291","KN296508v1","1489307","1489607","30","66577687"
"chr22","68067415","68067699","KN295096v1","1479204","1479508","34","66588211"
"chr22","68213423","68213698","KN295096v1","1659475","1659750","9","66553948"
"chr22","68336993","68337173","KN296119v1","3355213","3355396","32","64981780"
"chr22","68349156","68349453","KN295984v1","811714","812012","41","67537442"
"chr22","68353255","68353557","KN295096v1","1796131","1796436","17","66557124"
"chr22","68900764","68901061","KN295096v1","2347996","2348300","28","66552768"
"chr22","68969664","68969945","KN295096v1","2414935","2415181","43","66554729"
"chr22","69413977","69414193","KN296859v1","1427369","1427572","46","67986608"
"chr22","69414194","69414228","KN296316v1","148146","148173","14","69266048"
"chr22","69711533","69711831","KN294303v1","355736","356034","38","69355797"
"chr22","69777098","69777405","KN295096v1","3232668","3232973","19","66544430"
"chr22","69876405","69876696","KN294970v1","974452","974753","46","68901953"
"chr22","70564096","70564416","KN295096v1","4051524","4051851","28","66512572"
"chr22","70808888","70809192","KN295096v1","4310901","4311204","14","66497987"
"chr22","70814201","70814485","KN295586v1","5293886","5294167","28","65520315"
"chr22","70961073","70961380","KN295096v1","4475723","4476032","20","66485350"
"chr22","71075012","71075312","KN295854v1","1504180","1504481","38","69570832"
"chr22","71349360","71349667","KN296732v1","3303179","3303485","37","68046181"
"chr22","71521839","71522145","KN294970v1","974452","974753","42","70547387"
"chr22","71573214","71573449","KN296062v1","1353746","1353981","34","70219468"
"chr22","71851951","71852110","KN294187v1","1542649","1542810","23","70309302"
"chr22","71852138","71852260","KN295995v1","71301","71424","13","71780837"
"chr22","71901633","71901939","KN294385v1","291689","291997","41","71609944"
"chr22","71920135","71920420","KN295294v1","1790271","1790554","40","70129864"
"chr22","71950628","71950922","KN297327v1","630481","630778","61","71320147"
"chr22","71954953","71955259","KN296311v1","4579398","4579702","37","67375555"
"chr22","71988168","71988468","KN294251v1","1515118","1515410","40","70473050"
"chr22","72160387","72160694","KN296367v1","229842","230149","36","71930545"
"chr22","72241369","72241667","KN295034v1","604953","605250","36","71636416"
"chr22","73567422","73567629","KN295592v1","2117889","2118089","40","71449533"
"chr22","73593597","73593742","KN297432v1","384377","384510","29","73209220"
"chr22","73668848","73669146","KN295154v1","149426","149727","38","73519422"
"chr22","73772607","73772893","KN296263v1","1248040","1248330","47","72524567"
"chr22","73978527","73978813","KN297227v1","1506101","1506400","39","72472426"
"chr22","74003789","74004091","KN294539v1","1881046","1881335","52","72122743"
"chr22","74150250","74150549","KN294850v1","121634","121934","35","74028616"
"chr22","74152310","74152622","KN295045v1","49997","50305","37","74102313"
"chr22","74776796","74777081","KN295814v1","1307312","1307597","38","73469484"
"chr22","74933649","74933932","KN294439v1","265245","265540","47","74668404"
"chr22","75012778","75013076","KN297452v1","1979430","1979725","40","73033348"
"chr22","75092672","75092844","KN296486v1","1714803","1714969","31","73377869"
"chr22","75094019","75094322","KN294325v1","914500","914798","35","74179519"
"chr22","75580897","75581160","KN294187v1","907689","907968","59","74673208"
"chr22","75797549","75797851","KN296921v1","2697417","2697719","37","73100132"
"chr22","75808708","75808996","KN296726v1","936728","937013","35","74871980"
"chr22","76049377","76049672","KN295343v1","373896","374196","35","75675481"
"chr22","76327683","76327966","KN295108v1","471161","471432","26","75856522"
"chr22","76630183","76630403","KN295108v1","747417","747651","26","75882766"
"chr22","76837262","76837567","KN295108v1","939968","940262","26","75897294"
"chr22","77193801","77194047","KN294193v1","242451","242697","41","76951350"
"chr22","77696616","77696914","KN296714v1","13919","14225","43","77682697"
"chr22","77892114","77892423","KN294485v1","105000","105306","37","77787114"
"chr22","77919402","77919596","KN294571v1","2367043","2367240","40","75552359"
"chr22","78172170","78172466","KN296271v1","143383","143673","20","78028787"
"chr22","78195356","78195624","KN296271v1","121078","121345","17","78074278"
"chr22","78800184","78800467","KN295171v1","826970","827256","42","77973214"
"chr22","79133431","79133739","KN294747v1","866490","866789","41","78266941"
"chr22","79210646","79210935","KN295974v1","690483","690778","39","78520163"
"chr22","79233009","79233297","KN295729v1","1381050","1381336","34","77851959"
"chr22","79248454","79248734","KN296743v1","631299","631569","44","78617155"
"chr22","79278995","79279289","KN295366v1","153538","153829","36","79125457"
"chr22","79563712","79563911","KN295371v1","557552","557748","48","79006160"
"chr22","79831837","79832043","KN297048v1","127905","128110","31","79703932"
"chr22","79832044","79832191","KN296119v1","1701971","1702106","40","78130073"
"chr22","79904959","79905254","KN297048v1","47682","47977","16","79857277"
"chr22","80393280","80393424","KN296743v1","1789514","1789673","43","78603766"
"chr22","80473691","80473999","KN296386v1","805650","805950","22","79668041"
"chr22","80516574","80516874","KN296386v1","762075","762374","15","79754499"
"chr22","80534156","80534406","KN295533v1","879003","879251","32","79655153"
"chr22","80899387","80899647","KN295523v1","2671326","2671592","52","78228061"
"chr22","80954467","80954769","KN296732v1","2831297","2831603","45","78123170"
"chr22","81033352","81033641","KN296386v1","236314","236606","16","80797038"
"chr22","81066375","81066672","KN296386v1","203315","203604","19","80863060"
"chr22","81253400","81253646","KN296386v1","15049","15312","25","81238351"
"chr22","81305803","81305999","KN294741v1","155033","155224","18","81150770"
"chr22","81396880","81397166","KN294821v1","141943","142222","28","81254937"
"chr22","82024906","82025197","KN297219v1","721954","722250","35","81302952"
"chr22","82109187","82109517","KN296247v1","44902","45215","46","82064285"
"chr22","82177063","82177342","KN295257v1","348260","348541","34","81828803"
"chr22","82198531","82198725","KN294864v1","50399","50597","29","82148132"
"chr22","82220214","82220502","KN294726v1","110842","111126","46","82109372"
"chr22","82857611","82857868","KN294978v1","1582081","1582340","50","81275530"
"chr22","82857962","82858138","KN297442v1","1675403","1675576","33","81182559"
"chr22","82895764","82896070","KN296380v1","7066","7372","31","82888698"
"chr22","83114146","83114431","KN295692v1","4021734","4022018","27","79092412"
"chr22","83145861","83146165","KN294385v1","767967","768276","37","82377894"
"chr22","83162006","83162152","KN294187v1","1542649","1542810","37","81619357"
"chr22","83720649","83720802","KN297242v1","3635969","3636126","24","80084680"
"chr22","83780850","83781016","KN297154v1","211161","211330","35","83569689"
"chr22","83781217","83781368","KN297026v1","166297","166429","58","83614920"
"chr22","84383445","84383621","KN295820v1","902386","902554","32","83481059"
"chr22","84383653","84383776","KN296731v1","120643","120766","18","84263010"
"chr22","84694871","84695170","KN294964v1","864674","864972","36","83830197"
"chr22","84833486","84833793","KN296484v1","1024460","1024770","48","83809026"
"chr22","85986766","85987063","KN295319v1","23766","24059","42","85963000"
"chr22","86425954","86426265","KN297229v1","59617","59922","50","86366337"
"chr22","86568334","86568462","KN295171v1","774709","774836","40","85793625"
"chr22","86696306","86696609","KN295725v1","1461230","1461528","41","85235076"
"chr22","86722787","86723083","KN295257v1","348260","348541","57","86374527"
"chr22","86858319","86858658","KN297274v1","1412869","1413197","51","85445450"
"chr22","86925033","86925246","KN296486v1","1280003","1280231","49","85645030"
"chr22","86997497","86997776","KN295361v1","652223","652492","50","86345274"
"chr22","87350570","87350864","KN296138v1","259395","259692","50","87091175"
"chr22","87418689","87418994","KN294825v1","559277","559583","42","86859412"
"chr22","87930118","87930362","KN296547v1","107620","107869","54","87822498"
"chr22","88201134","88201438","KN294385v1","767967","768276","38","87433167"
"chr22","88266920","88267214","KN295800v1","208018","208327","29","88058902"
"chr22","88278672","88278983","KN295800v1","220639","220931","36","88058033"
"chr22","88381209","88381503","KN295800v1","322244","322549","25","88058965"
"chr22","88762343","88762647","KN296620v1","257480","257787","43","88504863"
"chr22","88800073","88800361","KN295366v1","153538","153829","31","88646535"
"chr22","88986603","88986915","KN297172v1","37452","37762","25","88949151"
"chr22","89180559","89180846","KN295405v1","157962","158246","37","89022597"
"chr22","89753147","89753452","KN296806v1","78148","78452","45","89674999"
"chr22","89785350","89785615","KN295722v1","1475656","1475925","45","88309694"
"chr22","90189581","90189869","KN294747v1","1172784","1173067","41","89016797"
"chr22","90275753","90276051","KN294747v1","866490","866789","38","89409263"
"chr22","90789351","90789548","KN296486v1","1468682","1468869","49","89320669"
"chr22","90789586","90789710","KN295571v1","189855","189980","18","90599731"
"chr22","90898587","90898773","KN294571v1","2367043","2367240","32","88531544"
"chr22","90947291","90947372","KN295550v1","498465","498533","21","90448826"
"chr22","91166332","91166618","KN295725v1","1461230","1461528","46","89705102"
"chr22","91409640","91409932","KN295366v1","153538","153829","39","91256102"
"chr22","91650151","91650418","KN296749v1","716346","716616","47","90933805"
"chr22","91969337","91969644","KN296380v1","7066","7372","39","91962271"
"chr22","92821019","92821309","KN295746v1","236127","236417","31","92584892"
"chr22","93110183","93110481","KN297467v1","278377","278674","43","92831806"
"chr22","93137462","93137761","KN294172v1","2053418","2053711","46","91084044"
"chr22","93157696","93157988","KN296825v1","1782920","1783213","38","91374776"
"chr22","94778667","94778917","KN297210v1","51987","52241","38","94726680"
"chr22","94905343","94905633","KN295717v1","287965","288247","36","94617378"
"chr22","95035831","95036137","KN296153v1","2292745","2293046","34","92743086"
"chr22","95218622","95218870","KN294218v1","2112945","2113194","36","93105677"
"chr22","95836543","95836840","KN294592v1","51794","52092","30","95784749"
"chr22","95869237","95869531","KN294569v1","795781","796071","32","95073456"
"chr22","95917167","95917474","KN296435v1","2271548","2271854","42","93645619"
"chr22","95977768","95978042","KN294790v1","3847979","3848251","39","92129789"
"chr22","96074047","96074214","KN297442v1","1675403","1675576","28","94398644"
"chr22","96399644","96399927","KN294399v1","178526","178809","33","96221118"
"chr22","96400014","96400034","KN294213v1","437220","437234","7","95962794"
"chr22","96491371","96491641","KN297095v1","3600730","3600996","44","92890641"
"chr22","96551942","96552261","KN296153v1","2694614","2694921","47","93857328"
"chr22","96584223","96584516","KN295977v1","921088","921381","40","95663135"
"chr22","96811956","96812273","KN296926v1","461285","461598","44","96350671"
"chr22","96915380","96915667","KN296323v1","2230947","2231220","23","94684433"
"chr22","97235870","97236146","KN296323v1","1915421","1915718","33","95320449"
"chr22","97713796","97714053","KN296323v1","1443199","1443497","52","96270597"
"chr22","97787478","97787797","KN296323v1","1366623","1366921","28","96420855"
"chr22","97856148","97856284","KN294218v1","2540076","2540196","31","95316072"
"chr22","98097658","98097963","KN296323v1","1058266","1058562","17","97039392"
"chr22","98273075","98273367","KN296323v1","891418","891728","37","97381657"
"chr22","98593150","98593442","KN294571v1","536563","536853","49","98056587"
"chr22","98844436","98844719","KN295642v1","22999","23270","49","98821437"
"chr23","1033800","1034038","KN295748v1","191135","191363","38","842665"
"chr23","1540326","1540621","KN295486v1","5405","5714","29","1534921"
"chr23","2069553","2069876","KN294454v1","117200","117502","46","1952353"
"chr23","2269424","2269763","KN296311v1","2774344","2774671","59","504920"
"chr23","2440617","2440851","KN295428v1","209519","209755","14","2231098"
"chr23","2513072","2513365","KN294479v1","308767","309062","40","2204305"
"chr23","2549347","2549381","KN296316v1","148146","148173","14","2401201"
"chr23","3344244","3344348","KN296296v1","165106","165204","33","3179138"
"chr23","3411664","3411917","KN295236v1","3592784","3593023","47","181120"
"chr23","3578809","3579137","KN295692v1","226778","227094","60","3352031"
"chr23","3676553","3676833","KN295098v1","159876","160152","25","3516677"
"chr23","3868836","3869145","KN295102v1","157119","157420","50","3711717"
"chr23","4792229","4792526","KN296187v1","363115","363422","47","4429114"
"chr23","5100209","5100497","KN296577v1","124145","124435","30","4976064"
"chr23","5322606","5322915","KN294385v1","291689","291997","34","5030917"
"chr23","5968907","5969218","KN294917v1","971842","972153","45","4997065"
"chr23","6083904","6084206","KN295006v1","698089","698384","46","5385815"
"chr23","6299918","6300224","KN296885v1","3132031","3132342","25","3167887"
"chr23","6545631","6545780","KN297008v1","6657903","6658047","33","112272"
"chr23","6570427","6570727","KN296885v1","2854563","2854866","21","3715864"
"chr23","6810997","6811298","KN296885v1","2617986","2618283","24","4193011"
"chr23","7104739","7104998","KN296885v1","2321662","2321927","16","4783077"
"chr23","7132382","7132664","KN296885v1","2291480","2291761","17","4840902"
"chr23","7183817","7184139","KN296885v1","2235681","2235977","41","4948136"
"chr23","7241631","7241936","KN296885v1","2175682","2176004","35","5065949"
"chr23","7384424","7384707","KN296885v1","2026412","2026690","19","5358012"
"chr23","7413924","7414241","KN296885v1","1998051","1998351","28","5415873"
"chr23","7478209","7478509","KN296154v1","3545322","3545618","36","3932887"
"chr23","7521410","7521716","KN296885v1","1885308","1885616","13","5636102"
"chr23","7793622","7793922","KN296885v1","1610947","1611255","18","6182675"
"chr23","8018459","8018767","KN296885v1","1381010","1381341","38","6637449"
"chr23","8135579","8135877","KN296885v1","1256745","1257042","19","6878834"
"chr23","9081822","9082147","KN296885v1","304267","304590","23","8777555"
"chr23","9190651","9190932","KN296885v1","200310","200588","18","8990341"
"chr23","9588773","9589101","KN297341v1","92823","93147","37","9495950"
"chr23","10739190","10739477","KN296620v1","780106","780388","37","9959084"
"chr23","10892576","10892879","KN295980v1","650514","650815","41","10242062"
"chr23","11319879","11320120","KN296958v1","310352","310609","55","11009527"
"chr23","11506163","11506367","KN295045v1","1182493","1182695","32","10323670"
"chr23","11516570","11516853","KN294996v1","723932","724215","15","10792638"
"chr23","11536442","11536710","KN294996v1","703231","703527","39","10833211"
"chr23","11926083","11926386","KN294996v1","296825","297126","36","11629258"
"chr23","12185454","12185753","KN294996v1","35219","35523","28","12150235"
"chr23","12715244","12715489","KN296992v1","3431","3674","32","12711813"
"chr23","12813875","12814052","KN294863v1","491835","492008","35","12322040"
"chr23","13052328","13052636","KN297274v1","1522104","1522408","39","11530224"
"chr23","13227497","13227792","KN295345v1","868768","869065","37","12358729"
"chr23","14401579","14401888","KN296484v1","1024460","1024770","36","13377119"
"chr23","14430551","14430858","KN296308v1","1267307","1267615","36","13163244"
"chr23","14749721","14750015","KN294187v1","907689","907968","55","13842032"
"chr23","14791020","14791328","KN295092v1","1083189","1083496","21","13707831"
"chr23","15122428","15122728","KN295092v1","733315","733614","11","14389113"
"chr23","15473083","15473397","KN295092v1","359867","360163","33","15113216"
"chr23","15635150","15635454","KN295092v1","187012","187305","22","15448138"
"chr23","15647529","15647813","KN295092v1","174774","175055","22","15472755"
"chr23","15651101","15651399","KN295092v1","171235","171533","17","15479866"
"chr23","16065063","16065374","KN296915v1","252221","252518","27","15812842"
"chr23","16076840","16077154","KN296915v1","264607","264921","32","15812233"
"chr23","16150151","16150428","KN295633v1","2031147","2031431","39","14119004"
"chr23","16290828","16291150","KN295893v1","6570985","6571299","48","9719843"
"chr23","16480577","16480861","KN294540v1","651367","651664","47","15829210"
"chr23","17003595","17003908","KN297276v1","325552","325861","38","16678043"
"chr23","17056035","17056351","KN297044v1","108239","108545","45","16947796"
"chr23","17113660","17113966","KN295893v1","6570985","6571299","47","10542675"
"chr23","17219875","17220161","KN296836v1","951909","952194","44","16267966"
"chr23","17334779","17335090","KN296495v1","1593396","1593705","34","15741383"
"chr23","17751620","17751914","KN294446v1","290641","290939","39","17460979"
"chr23","18379351","18379647","KN294439v1","265245","265540","31","18114106"
"chr23","18382896","18383202","KN294540v1","651367","651664","40","17731529"
"chr23","19077770","19078082","KN294187v1","1767651","1767950","46","17310119"
"chr23","19181875","19182174","KN296495v1","2925731","2926025","37","16256144"
"chr23","19190581","19190887","KN294591v1","115642","115945","45","19074939"
"chr23","19259828","19260123","KN294991v1","2014076","2014373","39","17245752"
"chr23","19345628","19345927","KN295984v1","811714","812012","33","18533914"
"chr23","19531295","19531542","KN296926v1","782298","782549","37","18748997"
"chr23","19719833","19720140","KN296319v1","688029","688339","42","19031804"
"chr23","20034550","20034898","KN295085v1","601833","602152","65","19432717"
"chr23","20057507","20057838","KN296311v1","2774344","2774671","51","17283163"
"chr23","20064934","20065252","KN296036v1","1696646","1696968","48","18368288"
"chr23","20124429","20124691","KN297154v1","1194532","1194778","48","18929897"
"chr23","20124740","20124763","KN294484v1","362325","362343","7","19762415"
"chr23","20129643","20129905","KN297154v1","1194532","1194778","48","18935111"
"chr23","20129959","20129982","KN294484v1","362325","362343","7","19767634"
"chr23","20152890","20153167","KN294372v1","2081363","2081636","46","18071527"
"chr23","20157628","20157940","KN294407v1","218390","218696","45","19939238"
"chr23","20454539","20454842","KN297197v1","3802947","3803249","39","16651592"
"chr23","20510457","20510744","KN294217v1","1056246","1056533","41","19454211"
"chr23","21013240","21013388","KN296802v1","753722","753872","41","20259518"
"chr23","21100293","21100585","KN295405v1","1460740","1461028","40","19639553"
"chr23","21146480","21146758","KN295152v1","573425","573706","37","20573055"
"chr23","21419111","21419373","KN294451v1","1131701","1131970","39","20287410"
"chr23","21853409","21853718","KN294385v1","291689","291997","44","21561720"
"chr23","22065994","22066286","KN294172v1","1462531","1462825","39","20603463"
"chr23","22125978","22126275","KN296378v1","801237","801534","39","21324741"
"chr23","22159532","22159841","KN294520v1","1300419","1300723","35","20859113"
"chr23","22306544","22306701","KN296430v1","705227","705382","24","21601317"
"chr23","22307008","22307213","KN294181v1","939094","939251","76","21367914"
"chr23","22484180","22484477","KN296079v1","1016819","1017116","35","21467361"
"chr23","22550910","22551201","KN296153v1","3956819","3957110","34","18594091"
"chr23","22651026","22651329","KN294995v1","74685","74986","36","22576341"
"chr23","22790644","22790893","KN295533v1","879003","879251","36","21911641"
"chr23","22906069","22906372","KN294251v1","2039161","2039471","35","20866908"
"chr23","23027845","23028073","KN295371v1","756383","756611","42","22271462"
"chr23","23456830","23457125","KN294933v1","702176","702473","40","22754654"
"chr23","23879512","23879809","KN295302v1","236375","236672","26","23643137"
"chr23","23963768","23964055","KN294385v1","396632","396925","32","23567136"
"chr23","24266242","24266546","KN294251v1","2039161","2039471","43","22227081"
"chr23","24337131","24337294","KN294181v1","939094","939251","27","23398037"
"chr23","24382086","24382394","KN297044v1","108239","108545","35","24273847"
"chr23","24387022","24387276","KN294613v1","439865","440120","55","23947157"
"chr23","25467707","25467942","KN296455v1","111228","111463","11","25356479"
"chr23","25621953","25622113","KN297008v1","1441000","1441155","29","24180953"
"chr23","25622288","25622299","KN295249v1","604887","604900","3","25017401"
"chr23","25777045","25777351","KN295209v1","625476","625786","53","25151569"
"chr23","25854086","25854409","KN294187v1","1156422","1156744","45","24697664"
"chr23","26083003","26083313","KN295209v1","309285","309597","23","25773718"
"chr23","26114782","26115085","KN295209v1","277190","277497","21","25837592"
"chr23","26319751","26320045","KN295209v1","62414","62708","14","26257337"
"chr23","26364823","26365136","KN295209v1","12796","13108","12","26352027"
"chr23","26462724","26463038","KN297200v1","98740","99051","40","26363984"
"chr23","26537737","26538031","KN296162v1","457341","457638","24","26080396"
"chr23","26565746","26566022","KN296162v1","429730","430025","40","26136016"
"chr23","26616226","26616531","KN296162v1","378959","379267","19","26237267"
"chr23","26780482","26780783","KN294421v1","192687","192995","48","26587795"
"chr23","26834179","26834473","KN296387v1","308582","308897","60","26525597"
"chr23","27308971","27309021","KN295045v1","1336617","1336651","19","25972354"
"chr23","27329700","27330003","KN296702v1","350532","350834","18","26979168"
"chr23","27540369","27540612","KN296702v1","567379","567614","14","26972990"
"chr23","27541521","27541827","KN297044v1","108239","108545","36","27433282"
"chr23","27607261","27607560","KN295090v1","2695348","2695640","38","24911913"
"chr23","27656959","27657271","KN296702v1","685284","685596","21","26971675"
"chr23","27799617","27799918","KN296702v1","829338","829647","22","26970279"
"chr23","27906884","27907190","KN296702v1","937749","938049","15","26969135"
"chr23","27935907","27936220","KN296702v1","971892","972200","18","26964015"
"chr23","28058495","28058806","KN296380v1","7066","7372","36","28051429"
"chr23","29631548","29631849","KN295962v1","815818","816115","39","28815730"
"chr23","29632668","29632961","KN297452v1","1979430","1979725","39","27653238"
"chr23","29650904","29651196","KN295594v1","81743","82033","32","29569161"
"chr23","29651634","29651800","KN296922v1","308569","308730","39","29343065"
"chr23","29685335","29685630","KN294995v1","74685","74986","37","29610650"
"chr23","29702140","29702426","KN296826v1","122558","122853","43","29579582"
"chr23","29767114","29767424","KN294385v1","206990","207294","44","29560124"
"chr23","29782500","29782663","KN294451v1","850657","850819","28","28931843"
"chr23","31342621","31342902","KN294899v1","642744","643023","17","30699877"
"chr23","31535419","31535719","KN294899v1","838816","839121","20","30696603"
"chr23","32005390","32005730","KN297274v1","1412869","1413197","46","30592521"
"chr23","32228699","32228893","KN294345v1","2206480","2206684","37","30022219"
"chr23","32252038","32252349","KN294226v1","1053003","1053303","47","31199035"
"chr23","32291825","32292115","KN294385v1","334037","334321","45","31957788"
"chr23","32380468","32380745","KN295907v1","2641672","2641952","36","29738796"
"chr23","32475168","32475378","KN295045v1","1182493","1182695","43","31292675"
"chr23","32569048","32569356","KN294172v1","2885288","2885591","32","29683760"
"chr23","32853524","32853819","KN296557v1","548990","549285","42","32304534"
"chr23","32898192","32898493","KN294540v1","651367","651664","44","32246825"
"chr23","33130775","33130960","KN296119v1","3355213","3355396","35","29775562"
"chr23","33352492","33352790","KN296119v1","2173753","2174051","42","31178739"
"chr23","33381203","33381535","KN294187v1","1156422","1156744","46","32224781"
"chr23","33392847","33393150","KN295544v1","58095","58390","36","33334752"
"chr23","33646564","33646871","KN295854v1","1504180","1504481","38","32142384"
"chr23","33868941","33869224","KN294747v1","866490","866789","49","33002451"
"chr23","34079263","34079552","KN297452v1","1979430","1979725","37","32099833"
"chr23","34152069","34152349","KN296108v1","428328","428606","37","33723741"
"chr23","34250437","34250743","KN294520v1","1300419","1300723","35","32950018"
"chr23","34261957","34262216","KN296360v1","1968572","1968840","45","32293385"
"chr23","34586310","34586583","KN296879v1","124282","124553","43","34462028"
"chr23","34816465","34816735","KN294911v1","4916474","4916739","15","29899991"
"chr23","35180755","35180917","KN294842v1","167464","167629","33","35013291"
"chr23","35330037","35330335","KN295284v1","267335","267639","46","35062702"
"chr23","35356807","35357088","KN294911v1","4357711","4358010","30","30999096"
"chr23","35371162","35371401","KN294911v1","4343418","4343657","5","31027744"
"chr23","35383912","35384148","KN294911v1","4329651","4329891","11","31054261"
"chr23","35396659","35396951","KN294911v1","4315313","4315611","19","31081346"
"chr23","35528114","35528409","KN296079v1","3084734","3085029","30","32443380"
"chr23","35742599","35742886","KN294911v1","3965368","3965657","14","31777231"
"chr23","35779984","35780017","KN297008v1","1312474","1312513","14","34467510"
"chr23","35780274","35780385","KN295171v1","774709","774836","37","35005565"
"chr23","35797238","35797536","KN294911v1","3911283","3911581","18","31885955"
"chr23","35804831","35805131","KN294911v1","3902629","3902929","19","31902202"
"chr23","35817480","35817768","KN294911v1","3889942","3890228","15","31927538"
"chr23","36428006","36428308","KN294187v1","1070521","1070824","39","35357485"
"chr23","36592436","36592746","KN294911v1","3101468","3101774","22","33490968"
"chr23","36827216","36827521","KN296641v1","1285515","1285812","46","35541701"
"chr23","37021824","37022054","KN294911v1","2656631","2656861","20","34365193"
"chr23","37023802","37024076","KN294911v1","2654124","2654399","16","34369678"
"chr23","37076212","37076522","KN294911v1","2602607","2602917","17","34473605"
"chr23","37128258","37128551","KN294911v1","2549601","2549908","27","34578657"
"chr23","37164969","37165274","KN294911v1","2511158","2511460","19","34653811"
"chr23","37196662","37196968","KN294911v1","2477958","2478255","26","34718704"
"chr23","37228458","37228762","KN294911v1","2445256","2445553","27","34783202"
"chr23","37238757","37238947","KN296153v1","2696247","2696418","42","34542510"
"chr23","37357862","37358156","KN294911v1","2308374","2308661","16","35049488"
"chr23","37405945","37406252","KN294262v1","941123","941434","45","36464822"
"chr23","37425677","37425973","KN294911v1","2237890","2238186","14","35187787"
"chr23","37443451","37443765","KN296935v1","62542","62848","40","37380909"
"chr23","37450724","37450901","KN296486v1","1468682","1468869","46","35982042"
"chr23","37455144","37455310","KN295090v1","1465525","1465689","27","35989619"
"chr23","37462878","37463171","KN294911v1","2200431","2200725","9","35262447"
"chr23","37532322","37532630","KN294911v1","2112878","2113179","29","35419444"
"chr23","37583481","37583658","KN294451v1","850657","850819","46","36732824"
"chr23","37620268","37620572","KN294911v1","2019465","2019769","12","35600803"
"chr23","37639194","37639494","KN296635v1","1808458","1808757","32","35830736"
"chr23","37883268","37883564","KN294911v1","1749789","1750071","25","36133479"
"chr23","37907385","37907660","KN294911v1","1725496","1725758","33","36181889"
"chr23","38055596","38055882","KN294911v1","1579267","1579553","14","36476329"
"chr23","38481626","38481899","KN297276v1","510912","511184","42","37970714"
"chr23","38507696","38507838","KN297008v1","6657903","6658047","26","31849793"
"chr23","39099163","39099313","KN296743v1","1789514","1789673","38","37309649"
"chr23","39115877","39116179","KN296079v1","1016819","1017116","35","38099058"
"chr23","39568779","39569072","KN294911v1","2355","2653","26","39566424"
"chr23","39829064","39829364","KN295544v1","58095","58390","30","39770969"
"chr23","39830623","39830922","KN294446v1","290641","290939","38","39539982"
"chr23","40481682","40482003","KN295346v1","1790082","1790382","49","38691600"
"chr23","40557781","40558073","KN297452v1","1979430","1979725","32","38578351"
"chr23","40619024","40619326","KN296119v1","3719343","3719648","38","36899681"
"chr23","40718223","40718343","KN294172v1","3927953","3928072","14","36790270"
"chr23","40718476","40718642","KN294790v1","2350797","2350969","24","38367679"
"chr23","40765908","40765919","KN294443v1","170714","170724","4","40595194"
"chr23","40766215","40766391","KN297442v1","1675403","1675576","32","39090812"
"chr23","40869985","40870283","KN296495v1","1915876","1916172","29","38954109"
"chr23","40893081","40893380","KN297452v1","1979430","1979725","35","38913651"
"chr23","40958750","40959041","KN294991v1","1454554","1454852","35","39504196"
"chr23","40959304","40959463","KN295814v1","1118418","1118576","20","39840886"
"chr23","40959494","40959658","KN294181v1","939094","939251","28","40020400"
"chr23","40971795","40972103","KN295371v1","619650","619955","34","40352145"
"chr23","41031490","41031786","KN295962v1","2484088","2484391","35","38547402"
"chr23","41037704","41037977","KN297017v1","20923","21196","37","41016781"
"chr23","41063869","41063885","KN294213v1","437220","437234","4","40626649"
"chr23","41064236","41064429","KN295735v1","895035","895215","43","40169201"
"chr23","41088268","41088560","KN296296v1","66249","66543","36","41022019"
"chr23","41106794","41107085","KN296826v1","122558","122853","28","40984236"
"chr23","41195983","41196252","KN294226v1","517047","517317","35","40678936"
"chr23","41221427","41221730","KN294571v1","1349003","1349300","37","39872424"
"chr23","41293527","41293831","KN296526v1","33090","33393","30","41260437"
"chr23","41367763","41368061","KN297203v1","885386","885683","35","40482377"
"chr23","41428070","41428261","KN296119v1","3355213","3355396","40","38072857"
"chr23","41428581","41428718","KN294613v1","562643","562778","20","40865938"
"chr23","41456791","41457082","KN295236v1","1688322","1688613","40","39768469"
"chr23","41579166","41579462","KN297112v1","2525682","2525977","28","39053484"
"chr23","41735880","41736039","KN295814v1","1118418","1118576","30","40617462"
"chr23","41824958","41825268","KN296484v1","1024460","1024770","44","40800498"
"chr23","41869345","41869505","KN295294v1","769026","769186","24","41100319"
"chr23","41919346","41919638","KN295171v1","1412453","1412742","36","40506893"
"chr23","42001101","42001397","KN295525v1","387502","387793","41","41613599"
"chr23","42004380","42004660","KN297112v1","1907418","1907683","43","40096962"
"chr23","42025009","42025186","KN296263v1","1162606","1162775","28","40862403"
"chr23","42040237","42040543","KN296119v1","3405279","3405588","36","38634958"
"chr23","42081736","42082038","KN295930v1","537952","538252","38","41543784"
"chr23","42115568","42115868","KN295854v1","1504180","1504481","37","40611388"
"chr23","42179683","42179828","KN294945v1","39355","39486","43","42140328"
"chr23","42183783","42183966","KN294980v1","230782","230955","38","41953001"
"chr23","42184250","42184384","KN294613v1","562643","562778","12","41621607"
"chr23","42208067","42208371","KN295601v1","950074","950374","36","41257993"
"chr23","42229161","42229331","KN295667v1","830007","830168","29","41399154"
"chr23","42229332","42229675","KN296153v1","403411","403752","65","41825921"
"chr23","42236102","42236266","KN294181v1","939094","939251","21","41297008"
"chr23","42240442","42240735","KN295236v1","3918747","3919036","36","38321695"
"chr23","42382713","42382998","KN296078v1","1043441","1043733","47","41339272"
"chr23","42594417","42594705","KN296139v1","7891","8178","40","42586526"
"chr23","42683901","42684197","KN295744v1","235007","235306","36","42448894"
"chr23","42712874","42713050","KN295352v1","1678301","1678499","43","41034573"
"chr23","42738134","42738416","KN295719v1","124826","125106","39","42613308"
"chr23","42844659","42844951","KN296296v1","66249","66543","34","42778410"
"chr23","42956048","42956223","KN296969v1","197794","197966","40","42758254"
"chr23","43066156","43066451","KN294571v1","2837988","2838277","39","40228168"
"chr23","43149893","43150137","KN295523v1","3921155","3921407","53","39228738"
"chr23","43207524","43207822","KN296296v1","66249","66543","33","43141275"
"chr23","43318073","43318387","KN294536v1","938596","938905","49","42379477"
"chr23","43341487","43341787","KN294899v1","838816","839121","45","42502671"
"chr23","43354081","43354376","KN294571v1","1349003","1349300","40","42005078"
"chr23","43376668","43376972","KN297322v1","1320329","1320630","31","42056339"
"chr23","43399362","43399651","KN294592v1","51794","52092","40","43347568"
"chr23","43483776","43483789","KN297125v1","5716","5730","1","43478060"
"chr23","43483849","43484144","KN296836v1","16382","16673","42","43467467"
"chr23","43614721","43615023","KN296062v1","206482","206782","37","43408239"
"chr23","43649925","43650239","KN297044v1","108239","108545","57","43541686"
"chr23","44076533","44076692","KN296086v1","825589","825753","37","43250944"
"chr23","44096249","44096555","KN296435v1","2271548","2271854","40","41824701"
"chr23","44221543","44221840","KN295241v1","157199","157498","39","44064344"
"chr23","44303832","44303970","KN296320v1","206630","206772","35","44097202"
"chr23","44460749","44461051","KN297242v1","3594348","3594651","22","40866401"
"chr23","44504480","44504749","KN296138v1","307856","308112","44","44196624"
"chr23","44555797","44556095","KN297327v1","630481","630778","45","43925316"
"chr23","44567034","44567048","KN295963v1","26249","26262","3","44540785"
"chr23","44567118","44567397","KN294213v1","437268","437550","33","44129850"
"chr23","44715661","44715971","KN296004v1","353630","353936","35","44362031"
"chr23","44856609","44856894","KN294911v1","2308374","2308661","32","42548235"
"chr23","44873866","44874177","KN295633v1","1457163","1457472","40","43416703"
"chr23","44904718","44905015","KN294582v1","148271","148567","36","44756447"
"chr23","44954334","44954629","KN297047v1","2705188","2705474","50","42249146"
"chr23","45000237","45000533","KN294964v1","864674","864972","42","44135563"
"chr23","45029982","45030269","KN295592v1","1172307","1172593","36","43857675"
"chr23","45099178","45099474","KN297452v1","1979430","1979725","37","43119748"
"chr23","45188480","45188763","KN295692v1","4021734","4022018","34","41166746"
"chr23","45188852","45189127","KN296714v1","39326","39592","41","45149526"
"chr23","45190556","45190831","KN296759v1","422275","422550","37","44768281"
"chr23","45206670","45206962","KN296682v1","5066199","5066491","38","40140471"
"chr23","45252331","45252553","KN296661v1","1445586","1445807","31","43806745"
"chr23","45258748","45259026","KN297141v1","791776","792061","38","44466972"
"chr23","45393861","45394162","KN296004v1","398217","398517","37","44995644"
"chr23","45410580","45410878","KN294957v1","53527","53825","41","45357053"
"chr23","45880918","45881037","KN295171v1","774709","774836","25","45106209"
"chr23","45937094","45937406","KN294613v1","576455","576768","39","45360639"
"chr23","46132249","46132556","KN295586v1","2948702","2949014","60","43183547"
"chr23","46194201","46194476","KN295828v1","1095001","1095277","38","45099200"
"chr23","46231428","46231739","KN296620v1","257480","257787","52","45973948"
"chr23","46540055","46540230","KN296153v1","2118691","2118861","27","44421364"
"chr23","48072723","48073029","KN296625v1","648556","648869","25","47424167"
"chr23","48217156","48217469","KN294385v1","291689","291997","45","47925467"
"chr23","48854481","48854784","KN296948v1","160688","160987","31","48693793"
"chr23","48951355","48951522","KN296174v1","30392","30557","30","48920963"
"chr23","49051194","49051493","KN294747v1","866490","866789","38","48184704"
"chr23","49369340","49369638","KN296620v1","947748","948045","33","48421592"
"chr23","49445357","49445664","KN296484v1","1024460","1024770","36","48420897"
"chr23","49845833","49846134","KN294540v1","651367","651664","31","49194466"
"chr23","50296458","50296767","KN294456v1","513291","513590","45","49783167"
"chr23","50337635","50337932","KN294991v1","2014076","2014373","41","48323559"
"chr23","50428703","50428966","KN295708v1","1586022","1586298","54","48842681"
"chr23","50836299","50836588","KN294192v1","872123","872412","33","49964176"
"chr23","51058062","51058358","KN294747v1","866490","866789","39","50191572"
"chr23","51495775","51496062","KN296063v1","1455130","1455414","33","50040645"
"chr23","51848481","51848785","KN296761v1","97995","98298","28","51750486"
"chr23","51911285","51911591","KN295073v1","75619","75926","35","51835666"
"chr23","52021541","52021850","KN296484v1","1024460","1024770","38","50997081"
"chr23","52074037","52074311","KN294399v1","178526","178809","48","51895511"
"chr23","52078925","52079239","KN294883v1","392954","393264","40","51685971"
"chr23","52176080","52176234","KN297008v1","6657903","6658047","26","45518177"
"chr23","52229956","52230251","KN295671v1","275602","275897","41","51954354"
"chr23","52334874","52335175","KN294399v1","115875","116174","39","52218999"
"chr23","52595211","52595487","KN297153v1","13370","13662","32","52581841"
"chr23","52684948","52685121","KN295667v1","830007","830168","34","51854941"
"chr23","52715322","52715607","KN297153v1","134561","134845","16","52580761"
"chr23","52822386","52822675","KN297153v1","243138","243434","22","52579248"
"chr23","53052879","53053166","KN297153v1","483126","483411","19","52569753"
"chr23","53111200","53111478","KN297153v1","543098","543378","6","52568102"
"chr23","53284431","53284683","KN294548v1","312797","313058","39","52971634"
"chr23","53327871","53328154","KN294456v1","1400896","1401175","45","51926975"
"chr23","53361138","53361424","KN297153v1","790002","790284","15","52571136"
"chr23","53369569","53369785","KN296365v1","679575","679791","35","52689994"
"chr23","53415346","53415628","KN296921v1","1978818","1979096","44","51436528"
"chr23","53519474","53519727","KN295490v1","270372","270637","61","53249102"
"chr23","53553745","53554036","KN297153v1","966926","967217","13","52586819"
"chr23","53764382","53764661","KN297153v1","1177947","1178229","21","52586435"
"chr23","53947496","53947803","KN297153v1","1359462","1359763","24","52588034"
"chr23","53979721","53980035","KN297153v1","1389730","1390044","12","52589991"
"chr23","54277373","54277665","KN295441v1","1423762","1424052","38","52853611"
"chr23","55476123","55476420","KN294987v1","420693","420986","43","55055430"
"chr23","55489473","55489762","KN296726v1","936728","937013","51","54552745"
"chr23","55671588","55671787","KN294946v1","74320","74515","42","55597268"
"chr23","55928442","55928708","KN294790v1","3847979","3848251","39","52080463"
"chr23","55952925","55953219","KN294900v1","1146517","1146812","33","54806408"
"chr23","55969510","55969808","KN295962v1","375746","376041","35","55593764"
"chr23","55972547","55972841","KN295671v1","134642","134950","45","55837905"
"chr23","56202024","56202356","KN297274v1","1412869","1413197","44","54789155"
"chr23","56258179","56258476","KN294161v1","418646","418945","40","55839533"
"chr23","56723785","56724036","KN295022v1","393960","394211","9","56329825"
"chr23","56898940","56899243","KN295022v1","572602","572916","26","56326338"
"chr23","56997505","56997673","KN296486v1","1714803","1714969","32","55282702"
"chr23","57076902","57077070","KN297154v1","1695463","1695633","30","55381439"
"chr23","57138212","57138499","KN296296v1","66249","66543","34","57071963"
"chr23","57181552","57181817","KN295964v1","43993","44262","48","57137559"
"chr23","57199438","57199763","KN294540v1","651367","651664","53","56548071"
"chr23","57272698","57273006","KN295022v1","944106","944414","18","56328592"
"chr23","57288725","57289033","KN295533v1","599575","599890","42","56689150"
"chr23","57299589","57299885","KN295022v1","972253","972550","16","56327336"
"chr23","57308244","57308551","KN295022v1","981058","981366","22","56327186"
"chr23","57369953","57370257","KN296145v1","3242116","3242420","34","54127837"
"chr23","57422278","57422578","KN295022v1","1098622","1098929","15","56323656"
"chr23","57610067","57610244","KN296296v1","24619","24786","30","57585448"
"chr23","57610278","57610396","KN294456v1","1183203","1183320","18","56427075"
"chr23","58168279","58168581","KN294964v1","864674","864972","33","57303605"
"chr23","58288313","58288615","KN294520v1","1300419","1300723","37","56987894"
"chr23","59430153","59430423","KN297259v1","214838","215117","52","59215315"
"chr23","59462561","59462851","KN295343v1","373896","374196","51","59088665"
"chr23","59484607","59484761","KN296829v1","582931","583096","42","58901676"
"chr23","59518911","59519192","KN294856v1","364019","364300","40","59154892"
"chr23","59568428","59568727","KN295526v1","979159","979460","17","58589269"
"chr23","59598809","59599115","KN295526v1","948983","949288","23","58649826"
"chr23","59856569","59856865","KN295692v1","911249","911547","35","58945320"
"chr23","60046644","60046994","KN294790v1","2251032","2251377","77","57795612"
"chr23","60079561","60079846","KN295526v1","467693","467987","25","59611868"
"chr23","60163636","60163928","KN295526v1","381860","382152","9","59781776"
"chr23","60170432","60170611","KN295319v1","430475","430648","30","59739957"
"chr23","60178241","60178524","KN294506v1","235047","235332","36","59943194"
"chr23","60191771","60191893","KN296153v1","1058785","1058901","15","59132986"
"chr23","60191930","60192083","KN295480v1","2671032","2671189","37","57520898"
"chr23","60205388","60205675","KN295526v1","340257","340546","13","59865131"
"chr23","60265863","60266171","KN295526v1","274090","274386","32","59991773"
"chr23","60518371","60518683","KN294499v1","2542984","2543291","47","57975387"
"chr23","60983452","60983727","KN296980v1","458234","458524","29","60525218"
"chr23","61388649","61388935","KN296980v1","868150","868455","29","60520499"
"chr23","61627284","61627573","KN296980v1","1117480","1117769","5","60509804"
"chr23","62016297","62016597","KN296507v1","23763","24065","24","61992534"
"chr23","62183207","62183478","KN296507v1","201805","202080","19","61981402"
"chr23","62473028","62473340","KN296507v1","500586","500898","18","61972442"
"chr23","62506482","62506771","KN296507v1","531616","531907","13","61974866"
"chr23","62527408","62527713","KN297197v1","4684189","4684491","39","57843219"
"chr23","62574186","62574482","KN296507v1","600509","600805","12","61973677"
"chr23","62585143","62585432","KN296108v1","735240","735530","30","61849903"
"chr23","62589376","62589687","KN294454v1","202705","203013","50","62386671"
"chr23","62617582","62617892","KN295871v1","63017","63323","35","62554565"
"chr23","62813745","62814041","KN296507v1","842171","842475","22","61971574"
"chr23","62915880","62916171","KN294644v1","38712","39017","36","62877168"
"chr23","62954944","62955206","KN294644v1","76925","77196","18","62878019"
"chr23","63032832","63033074","KN294644v1","163473","163743","36","62869359"
"chr23","63898897","63899199","KN296000v1","1247118","1247423","34","62651779"
"chr23","64265327","64265487","KN295349v1","47758","47931","32","64217569"
"chr23","65229326","65229624","KN296154v1","754502","754796","13","64474824"
"chr23","65320671","65320973","KN296154v1","846736","847037","16","64473935"
"chr23","65472008","65472197","KN294592v1","23351","23536","36","65448657"
"chr23","65539719","65540017","KN296154v1","1072463","1072761","19","64467256"
"chr23","65682972","65683271","KN296154v1","1221286","1221592","15","64461686"
"chr23","65913728","65913971","KN296154v1","1453266","1453505","16","64460462"
"chr23","65977830","65978143","KN295038v1","755697","756003","42","65222133"
"chr23","66027676","66027942","KN296154v1","1568777","1569044","10","64458899"
"chr23","66079874","66080162","KN296154v1","1622436","1622728","14","64457438"
"chr23","66497266","66497527","KN296154v1","2073822","2074084","7","64423444"
"chr23","66629596","66629898","KN296826v1","122558","122853","43","66507038"
"chr23","66684021","66684313","KN295984v1","3157265","3157559","37","63526756"
"chr23","66913782","66914087","KN296761v1","97995","98298","36","66815787"
"chr23","67530846","67531160","KN296426v1","740411","740728","50","66790435"
"chr23","67562307","67562599","KN296154v1","3156433","3156725","11","64405874"
"chr23","67576292","67576591","KN294685v1","1346044","1346352","42","66230248"
"chr23","67576673","67576967","KN296154v1","3170884","3171203","40","64405789"
"chr23","67645257","67645555","KN296154v1","3238053","3238351","16","64407204"
"chr23","67689229","67689418","KN296964v1","1108534","1108708","51","66580695"
"chr23","67700307","67700438","KN295236v1","4199870","4200015","31","63500437"
"chr23","67743426","67743717","KN296154v1","3345392","3345703","36","64398034"
"chr23","67926350","67926658","KN296154v1","3532479","3532787","17","64393871"
"chr23","67938898","67939184","KN296154v1","3545322","3545618","23","64393576"
"chr23","68065859","68066169","KN296154v1","3679659","3679964","17","64386200"
"chr23","68067949","68068247","KN296154v1","3681693","3682004","27","64386256"
"chr23","68094897","68095175","KN294234v1","2374921","2375187","54","65719976"
"chr23","68393193","68393477","KN296879v1","124282","124553","54","68268911"
"chr23","68429113","68429408","KN295974v1","690483","690778","38","67738630"
"chr23","68432897","68433049","KN296802v1","753722","753872","39","67679175"
"chr23","68756383","68756687","KN295736v1","3990259","3990567","39","64766124"
"chr23","68995740","68996048","KN295236v1","2363921","2364234","43","66631819"
"chr23","69027315","69027610","KN295548v1","694833","695128","50","68332482"
"chr23","69033164","69033478","KN295441v1","1473719","1474022","43","67559445"
"chr23","69099743","69100045","KN295498v1","219471","219775","31","68880272"
"chr23","69119117","69119424","KN294372v1","1048193","1048493","41","68070924"
"chr23","69127822","69128014","KN294809v1","338554","338741","35","68789268"
"chr23","69137213","69137501","KN296714v1","131852","132141","42","69005361"
"chr23","69162028","69162338","KN296187v1","1807828","1808137","34","67354200"
"chr23","69169869","69170188","KN294520v1","1287236","1287558","47","67882633"
"chr23","69177367","69177678","KN296266v1","138052","138359","36","69039315"
"chr23","69394349","69394640","KN296970v1","119755","120044","41","69274594"
"chr23","70154589","70154847","KN297038v1","1955944","1956196","34","68198645"
"chr23","70250173","70250348","KN296959v1","1152394","1152569","33","69097779"
"chr23","70420810","70421105","KN296495v1","2925731","2926025","35","67495079"
"chr23","70476839","70477098","KN294922v1","6435","6707","47","70470404"
"chr23","70478925","70479218","KN297452v1","1979430","1979725","34","68499495"
"chr23","70507022","70507320","KN295343v1","373896","374196","39","70133126"
"chr23","70528309","70528617","KN296145v1","3242116","3242420","35","67286193"
"chr23","70619144","70619439","KN295523v1","1063802","1064098","36","69555342"
"chr23","70730326","70730621","KN297197v1","4684189","4684491","42","66046137"
"chr23","70777224","70777390","KN296086v1","825589","825753","52","69951635"
"chr23","70799204","70799435","KN295533v1","2839113","2839350","36","67960091"
"chr23","71095570","71095883","KN294520v1","1300419","1300723","37","69795151"
"chr23","71369317","71369592","KN294217v1","1056246","1056533","42","70313071"
"chr23","71459054","71459247","KN297386v1","2382714","2382909","33","69076340"
"chr23","71629212","71629504","KN295832v1","1431247","1431555","25","70197965"
"chr23","71919945","71920261","KN296752v1","183256","183564","40","71736689"
"chr23","72175946","72176224","KN295832v1","859272","859550","18","71316674"
"chr23","72412613","72412862","KN295832v1","619607","619857","10","71793006"
"chr23","72507123","72507307","KN296096v1","3761145","3761324","33","68745978"
"chr23","72691211","72691489","KN295832v1","335488","335783","33","72355723"
"chr23","73006263","73006561","KN295832v1","15532","15835","17","72990731"
"chr23","73013577","73013861","KN295832v1","8243","8529","17","73005334"
"chr23","73083035","73083341","KN297095v1","49452","49757","9","73033583"
"chr23","73174585","73174641","KN295614v1","28241","28303","19","73146344"
"chr23","73437057","73437403","KN296161v1","986044","986404","107","72451013"
"chr23","73515608","73515881","KN297095v1","496095","496368","19","73019513"
"chr23","73521834","73522143","KN295257v1","1840086","1840395","38","71681748"
"chr23","73538353","73538644","KN297095v1","519838","520140","27","73018515"
"chr23","73981705","73981991","KN297095v1","983538","983829","23","72998167"
"chr23","74391994","74392172","KN296964v1","1108534","1108708","34","73283460"
"chr23","74398556","74398841","KN297095v1","1394857","1395141","15","73003699"
"chr23","74495808","74496091","KN297095v1","1494904","1495187","18","73000904"
"chr23","74531816","74532124","KN297095v1","1532088","1532394","25","72999728"
"chr23","74661525","74661834","KN297095v1","1663972","1664277","16","72997553"
"chr23","74715724","74715735","KN294443v1","170714","170724","4","74545010"
"chr23","74715855","74716145","KN295501v1","506527","506803","46","74209328"
"chr23","74906476","74906735","KN296749v1","29229","29490","49","74877247"
"chr23","75146345","75146518","KN296086v1","825589","825753","45","74320756"
"chr23","75155512","75155662","KN294187v1","1542649","1542810","35","73612863"
"chr23","75202159","75202459","KN296247v1","460642","460944","32","74741517"
"chr23","75234706","75235001","KN297095v1","2246563","2246858","18","72988143"
"chr23","75293546","75293851","KN297095v1","2302983","2303289","19","72990563"
"chr23","75370749","75371054","KN296093v1","185428","185734","36","75185321"
"chr23","75879173","75879457","KN294842v1","1051652","1051948","74","74827521"
"chr23","76204052","76204200","KN297008v1","6657903","6658047","22","69546149"
"chr23","76204231","76204261","KN294675v1","139522","139545","9","76064709"
"chr23","76391286","76391536","KN297095v1","3420446","3420696","17","72970840"
"chr23","76453416","76453687","KN297095v1","3485940","3486219","18","72967476"
"chr23","76509231","76509513","KN297095v1","3540674","3540976","30","72968557"
"chr23","76560529","76560842","KN294705v1","1109306","1109614","35","75451223"
"chr23","76574920","76575186","KN297095v1","3600730","3600996","20","72974190"
"chr23","76689281","76689575","KN295533v1","1124359","1124653","30","75564922"
"chr23","76745876","76746186","KN297095v1","3777136","3777453","25","72968740"
"chr23","76746384","76746674","KN294499v1","114042","114335","31","76632342"
"chr23","76827445","76827458","KN294213v1","437220","437234","3","76390225"
"chr23","76827519","76827805","KN295257v1","348260","348541","34","76479259"
"chr23","76832621","76832925","KN297095v1","3868967","3869276","26","72963654"
"chr23","76849215","76849505","KN297095v1","3885269","3885568","27","72963946"
"chr23","76983247","76983558","KN297095v1","4020937","4021247","30","72962310"
"chr23","77162809","77163119","KN297304v1","40791","41076","33","77122018"
"chr23","77187244","77187552","KN296714v1","13919","14225","38","77173325"
"chr23","77284693","77284994","KN295343v1","373896","374196","41","76910797"
"chr23","77358806","77359107","KN296281v1","278202","278501","27","77080604"
"chr23","77510995","77511268","KN296316v1","318734","319006","33","77192261"
"chr23","77548554","77548846","KN295474v1","1248919","1249206","42","76299635"
"chr23","77548940","77549236","KN294451v1","1164519","1164817","36","76384421"
"chr23","77584225","77584444","KN297038v1","1152543","1152762","33","76431682"
"chr23","77628516","77628825","KN295984v1","454752","455060","41","77173764"
"chr23","77648764","77649064","KN296635v1","1808458","1808757","39","75840306"
"chr23","77679851","77680159","KN297044v1","108239","108545","31","77571612"
"chr23","77681291","77681589","KN294842v1","345731","346031","31","77335560"
"chr23","77705708","77706000","KN294471v1","400264","400561","46","77305444"
"chr23","77734683","77734826","KN297008v1","6657903","6658047","34","71076780"
"chr23","77739897","77740230","KN294385v1","768856","769188","48","76971041"
"chr23","77771986","77772299","KN294790v1","71150","71455","45","77700836"
"chr23","77981686","77981979","KN297203v1","194747","195039","31","77786939"
"chr23","78189873","78190160","KN294991v1","1558581","1558873","38","76631292"
"chr23","78299772","78300080","KN297044v1","108239","108545","39","78191533"
"chr23","78364495","78364776","KN295962v1","674128","674422","37","77690367"
"chr23","78413280","78413564","KN295038v1","27204","27495","43","78386076"
"chr23","78449895","78450189","KN295352v1","447012","447311","37","78002883"
"chr23","78454182","78454474","KN294539v1","1107554","1107850","36","77346628"
"chr23","78629015","78629174","KN296589v1","94892","95068","38","78534123"
"chr23","78931738","78932044","KN295038v1","755697","756003","35","78176041"
"chr23","78989262","78989562","KN295343v1","373896","374196","38","78615366"
"chr23","79113260","79113574","KN294883v1","392954","393264","37","78720306"
"chr23","79124500","79124797","KN294469v1","163528","163837","55","78960972"
"chr23","79153199","79153476","KN294187v1","907689","907968","50","78245510"
"chr23","79156617","79156795","KN296486v1","1468682","1468869","40","77687935"
"chr23","79223410","79223710","KN295343v1","373896","374196","38","78849514"
"chr23","79253764","79254071","KN297044v1","108239","108545","40","79145525"
"chr23","79271772","79271959","KN296859v1","1427369","1427572","41","77844403"
"chr23","79327961","79328252","KN294269v1","1104065","1104351","37","78223896"
"chr23","79425535","79425707","KN294790v1","2350797","2350969","36","77074738"
"chr23","79492356","79492494","KN294613v1","562643","562778","16","78929713"
"chr23","79492787","79492952","KN294187v1","1542649","1542810","26","77950138"
"chr23","79632585","79632914","KN296426v1","740411","740728","55","78892174"
"chr23","79653823","79654114","KN296847v1","1869581","1869871","36","77784242"
"chr23","79678741","79679030","KN294292v1","69203","69492","47","79609538"
"chr23","79728491","79728802","KN295091v1","924044","924353","53","78804447"
"chr23","79773739","79773972","KN295717v1","2160792","2161022","31","77612947"
"chr23","79819044","79819353","KN297044v1","108239","108545","37","79710805"
"chr23","79911405","79911703","KN294540v1","651367","651664","39","79260038"
"chr23","80287627","80287919","KN295284v1","563549","563858","33","79724078"
"chr23","80379918","80380207","KN294933v1","702176","702473","41","79677742"
"chr23","80384905","80385191","KN295869v1","572441","572731","34","79812464"
"chr23","80430910","80431216","KN296187v1","1807828","1808137","32","78623082"
"chr23","80657595","80657928","KN294172v1","3576082","3576408","52","77081513"
"chr23","80704601","80704906","KN297044v1","108239","108545","34","80596362"
"chr23","80769727","80770034","KN296365v1","1396944","1397254","40","79372783"
"chr23","80793452","80793735","KN294521v1","193032","193313","35","80600420"
"chr23","80799068","80799363","KN295744v1","235007","235306","34","80564061"
"chr23","80844327","80844639","KN295974v1","2909796","2910104","43","77934531"
"chr23","80871591","80871841","KN296538v1","100408","100659","38","80771183"
"chr23","81047172","81047455","KN295034v1","64250","64533","38","80982922"
"chr23","81176669","81176845","KN295735v1","895035","895215","31","80281634"
"chr23","81206037","81206346","KN295923v1","1571691","1571994","48","79634346"
"chr23","81223322","81223631","KN296806v1","78148","78452","28","81145174"
"chr23","81262156","81262455","KN294911v1","2445256","2445553","32","78816900"
"chr23","81287635","81287903","KN295753v1","245053","245324","31","81042582"
"chr23","81298388","81298694","KN297044v1","108239","108545","41","81190149"
"chr23","81311085","81311375","KN295441v1","1423762","1424052","33","79887323"
"chr23","81352162","81352463","KN297452v1","1979430","1979725","35","79372732"
"chr23","81392842","81393131","KN295420v1","372108","372400","34","81020734"
"chr23","81394361","81394662","KN297452v1","1979430","1979725","39","79414931"
"chr23","81399917","81400208","KN294372v1","2042506","2042800","30","79357411"
"chr23","81416034","81416344","KN295090v1","291736","292032","53","81124298"
"chr23","81491355","81491648","KN296495v1","2925731","2926025","30","78565624"
"chr23","81638520","81638811","KN295343v1","160267","160568","37","81478253"
"chr23","81784669","81784973","KN296263v1","459407","459704","45","81325262"
"chr23","81788189","81788492","KN294217v1","744138","744439","39","81044051"
"chr23","81915526","81915817","KN297452v1","1979430","1979725","24","79936096"
"chr23","81916933","81917243","KN296948v1","1357864","1358169","48","80559069"
"chr23","81928446","81928753","KN297133v1","697008","697316","28","81231438"
"chr23","82055794","82056096","KN297293v1","571892","572194","19","81483902"
"chr23","82111774","82111927","KN297008v1","6657903","6658047","27","75453871"
"chr23","82118660","82118967","KN297133v1","697008","697316","34","81421652"
"chr23","82124261","82124568","KN297293v1","509134","509442","22","81615127"
"chr23","82142605","82142907","KN295315v1","1631499","1631797","38","80511106"
"chr23","82228447","82228729","KN297293v1","402291","402596","38","81826156"
"chr23","82235263","82235564","KN296761v1","97995","98298","37","82137268"
"chr23","82322299","82322595","KN297293v1","301142","301442","28","82021157"
"chr23","82380319","82380546","KN294902v1","8943","9164","52","82371376"
"chr23","82390483","82390803","KN297133v1","697008","697316","48","81693475"
"chr23","82742968","82743277","KN296726v1","72652","72952","45","82670316"
"chr23","82793463","82793758","KN297452v1","1979430","1979725","40","80814033"
"chr23","82810296","82810580","KN294571v1","2837988","2838277","34","79972308"
"chr23","82817876","82818177","KN294964v1","864674","864972","37","81953202"
"chr24","1120780","1121056","KN296485v1","447446","447718","40","673334"
"chr24","1139174","1139485","KN296310v1","1454035","1454345","37","314861"
"chr24","1144068","1144299","KN294439v1","287915","288143","38","856153"
"chr24","1416976","1417272","KN295592v1","1762233","1762533","18","345257"
"chr24","1660512","1660792","KN295592v1","1510064","1510352","35","150448"
"chr24","1798032","1798329","KN295592v1","1367812","1368115","13","430220"
"chr24","1964357","1964652","KN295592v1","1197632","1197927","14","766725"
"chr24","1986193","1986489","KN295592v1","1172307","1172593","22","813886"
"chr24","2211050","2211349","KN295592v1","917226","917514","31","1293824"
"chr24","2337288","2337597","KN294445v1","708810","709117","43","1628478"
"chr24","3168168","3168466","KN297189v1","85440","85749","27","3082728"
"chr24","3432877","3433166","KN295045v1","756205","756493","38","2676672"
"chr24","3463064","3463344","KN294213v1","437268","437550","32","3025796"
"chr24","3823958","3824259","KN296292v1","264030","264337","47","3559928"
"chr24","4669376","4669668","KN296548v1","206011","206277","67","4463365"
"chr24","4721097","4721240","KN296802v1","753722","753872","30","3967375"
"chr24","5252772","5253063","KN296590v1","427735","427999","47","4825037"
"chr24","5583199","5583479","KN297242v1","3849667","3849947","11","1733532"
"chr24","5631964","5632274","KN297242v1","3798191","3798490","26","1833773"
"chr24","5712414","5712688","KN297242v1","3717520","3717815","38","1994894"
"chr24","5736764","5737071","KN297242v1","3693207","3693506","21","2043557"
"chr24","5744778","5745089","KN297242v1","3685771","3686074","22","2059007"
"chr24","5793749","5794047","KN295236v1","1688322","1688613","32","4105427"
"chr24","5825632","5825927","KN297242v1","3603081","3603354","49","2222551"
"chr24","5834034","5834336","KN297242v1","3594348","3594651","22","2239686"
"chr24","5877637","5877924","KN295257v1","348260","348541","39","5529377"
"chr24","6007665","6007945","KN297242v1","3420472","3420745","17","2587193"
"chr24","6303990","6304278","KN297242v1","3109457","3109731","30","3194533"
"chr24","6311785","6312067","KN297242v1","3101665","3101961","31","3210120"
"chr24","6405780","6405968","KN297159v1","1972589","1972756","52","4433191"
"chr24","6430274","6430565","KN297242v1","2980780","2981060","20","3449494"
"chr24","6430592","6430609","KN296609v1","1287561","1287578","1","5143031"
"chr24","6746769","6747062","KN294591v1","551295","551590","40","6195474"
"chr24","6999557","6999823","KN297242v1","2409624","2409917","39","4589933"
"chr24","7314957","7315252","KN297242v1","2085238","2085533","8","5229719"
"chr24","7406126","7406436","KN297032v1","13067","13369","36","7393059"
"chr24","7788324","7788615","KN297242v1","1608029","1608335","31","6180295"
"chr24","7933838","7934094","KN297242v1","1450643","1450897","11","6483195"
"chr24","8012235","8012543","KN295343v1","373896","374196","36","7638339"
"chr24","8218716","8218976","KN297242v1","1156948","1157251","52","7061768"
"chr24","8231406","8231700","KN297242v1","1141831","1142124","19","7089575"
"chr24","8294226","8294517","KN297242v1","1078611","1078916","29","7215615"
"chr24","8296558","8296838","KN296138v1","156760","157041","33","8139798"
"chr24","8297912","8298203","KN297242v1","1074922","1075214","24","7222990"
"chr24","8336350","8336630","KN297028v1","569282","569565","38","7767068"
"chr24","8360843","8361145","KN297242v1","1009728","1010033","18","7351115"
"chr24","8715790","8716081","KN297242v1","645124","645417","14","8070666"
"chr24","8735964","8736133","KN295349v1","47758","47931","26","8688206"
"chr24","8752388","8752695","KN297242v1","608944","609251","24","8143444"
"chr24","8796501","8796679","KN296964v1","1108534","1108708","33","7687967"
"chr24","8813143","8813341","KN295801v1","840804","841003","34","7972339"
"chr24","8971311","8971599","KN295623v1","452348","452633","33","8518963"
"chr24","9086173","9086480","KN297242v1","267370","267698","32","8818803"
"chr24","9876248","9876550","KN294509v1","1158601","1158903","17","8717647"
"chr24","10141555","10141833","KN294509v1","872250","872529","18","9269305"
"chr24","10706967","10707260","KN294509v1","312251","312544","22","10394716"
"chr24","10859572","10859872","KN294509v1","159408","159703","21","10700164"
"chr24","10968027","10968182","KN295667v1","830007","830168","31","10138020"
"chr24","11308680","11308845","KN294451v1","850657","850819","29","10458023"
"chr24","11316651","11316944","KN296925v1","200179","200477","14","11116472"
"chr24","11341553","11341859","KN296925v1","330982","331285","19","11010571"
"chr24","11351936","11352276","KN296925v1","340565","340862","64","11011371"
"chr24","11379138","11379436","KN296925v1","364053","364354","21","11015085"
"chr24","11387249","11387526","KN296487v1","194550","194834","40","11192699"
"chr24","11396107","11396303","KN294345v1","2206480","2206684","38","9189627"
"chr24","11430450","11430757","KN296004v1","353630","353936","43","11076820"
"chr24","11462085","11462363","KN295828v1","1095001","1095277","33","10367084"
"chr24","11464804","11465113","KN294284v1","58640","58944","18","11406164"
"chr24","11585225","11585540","KN296825v1","1702761","1703066","37","9882464"
"chr24","11620080","11620207","KN295171v1","775136","775271","21","10844944"
"chr24","11620516","11620695","KN295667v1","830007","830168","35","10790509"
"chr24","11648099","11648263","KN296311v1","1013861","1014022","24","10634238"
"chr24","11695050","11695346","KN295854v1","1504180","1504481","39","10190870"
"chr24","11697264","11697564","KN294365v1","1180313","1180615","36","10516951"
"chr24","11725384","11725664","KN295350v1","1241887","1242168","45","10483497"
"chr24","11751023","11751303","KN297227v1","240655","240937","35","11510368"
"chr24","11752742","11753049","KN294520v1","1300419","1300723","37","10452323"
"chr24","11782137","11782428","KN295420v1","372108","372400","35","11410029"
"chr24","11798841","11799146","KN294520v1","1300419","1300723","40","10498422"
"chr24","11800737","11801025","KN297452v1","1979430","1979725","36","9821307"
"chr24","11805118","11805412","KN296153v1","2292745","2293046","36","9512373"
"chr24","11816232","11816533","KN296402v1","483114","483415","39","11333118"
"chr24","11852055","11852352","KN295366v1","209875","210171","31","11642180"
"chr24","11884935","11885242","KN296609v1","1757848","1758154","39","10127087"
"chr24","11912829","11912998","KN295480v1","2671032","2671189","34","9241797"
"chr24","11933724","11934015","KN295893v1","6651453","6651742","38","5282271"
"chr24","11942729","11943019","KN294591v1","551295","551590","19","11391434"
"chr24","11955774","11956066","KN297320v1","356322","356612","37","11599452"
"chr24","12039403","12039677","KN296759v1","422275","422550","29","11617128"
"chr24","12044583","12044880","KN294591v1","451228","451535","19","11593355"
"chr24","12075671","12076024","KN296970v1","536172","536520","84","11539499"
"chr24","12201981","12202287","KN294591v1","285352","285658","17","11916629"
"chr24","12273794","12274078","KN294591v1","211704","212007","31","12062090"
"chr24","12299468","12299775","KN296266v1","138052","138359","34","12161416"
"chr24","12344395","12344679","KN294591v1","140446","140730","16","12203949"
"chr24","12603399","12603658","KN295906v1","146901","147160","12","12456498"
"chr24","12714529","12714830","KN295906v1","258973","259275","24","12455556"
"chr24","12769443","12769734","KN296738v1","191009","191296","34","12578434"
"chr24","13890894","13891191","KN295301v1","1166131","1166424","14","12724763"
"chr24","13983160","13983327","KN295090v1","1465525","1465689","35","12517635"
"chr24","14006230","14006510","KN295301v1","1045899","1046181","12","12960331"
"chr24","14092436","14092745","KN295301v1","952721","953028","18","13139715"
"chr24","14152970","14153122","KN294980v1","230782","230955","45","13922188"
"chr24","14528908","14528963","KN295045v1","1336617","1336651","24","13192291"
"chr24","14534544","14534838","KN295301v1","489753","490053","17","14044791"
"chr24","14546811","14547091","KN295301v1","471820","472100","12","14074991"
"chr24","14779886","14780111","KN295301v1","240798","241015","18","14539088"
"chr24","14979450","14979766","KN295301v1","48251","48561","27","14931199"
"chr24","15400679","15400967","KN295045v1","756205","756493","38","14644474"
"chr24","15854955","15855257","KN296145v1","28879","29180","38","15826076"
"chr24","15859794","15860087","KN295294v1","1790271","1790554","47","14069523"
"chr24","15870422","15870728","KN294790v1","71150","71455","45","15799272"
"chr24","15936346","15936637","KN294540v1","651367","651664","33","15284979"
"chr24","15953422","15953724","KN297452v1","1979430","1979725","43","13973992"
"chr24","16643304","16643612","KN296275v1","94955","95262","22","16548349"
"chr24","16663187","16663351","KN297154v1","211161","211330","28","16452026"
"chr24","16663387","16663504","KN294172v1","3927953","3928072","19","12735434"
"chr24","16886480","16886757","KN295304v1","239758","240038","43","16646722"
"chr24","17251407","17251717","KN294385v1","767967","768276","50","16483440"
"chr24","17457630","17457927","KN294705v1","1298905","1299193","53","16158725"
"chr24","17779299","17779663","KN294287v1","787872","788197","96","16991427"
"chr24","18758060","18758390","KN297274v1","1412869","1413197","44","17345191"
"chr24","18937733","18938031","KN295343v1","373896","374196","41","18563837"
"chr24","19466034","19466052","KN295152v1","573368","573383","5","18892666"
"chr24","19466212","19466483","KN294548v1","312797","313058","57","19153415"
"chr24","19466523","19466718","KN296090v1","109128","109340","46","19357395"
"chr24","19726282","19726597","KN294485v1","105000","105306","44","19621282"
"chr24","19766043","19766337","KN294540v1","651367","651664","38","19114676"
"chr24","20362675","20362986","KN296319v1","299368","299675","42","20063307"
"chr24","20632190","20632512","KN294257v1","1022785","1023107","38","19609405"
"chr24","20857572","20857883","KN297133v1","697008","697316","40","20160564"
"chr24","21039832","21040139","KN294592v1","51794","52092","38","20988038"
"chr24","21148347","21148510","KN296743v1","1789514","1789673","38","19358833"
"chr24","21382202","21382497","KN295343v1","70146","70443","45","21312056"
"chr24","21699297","21699615","KN295716v1","138265","138555","40","21561032"
"chr24","22156348","22156657","KN295471v1","232855","233169","50","21923493"
"chr24","22168047","22168349","KN294842v1","297954","298253","32","21870093"
"chr24","22239780","22240080","KN294582v1","148271","148567","38","22091509"
"chr24","22253575","22253853","KN295923v1","2002498","2002786","42","20251077"
"chr24","22324589","22324885","KN294416v1","1353944","1354240","43","20970645"
"chr24","22663283","22663566","KN295893v1","4777323","4777603","41","17885960"
"chr24","24056908","24057235","KN295047v1","10643","10961","59","24046265"
"chr24","24186495","24186813","KN295268v1","258440","258744","52","23928055"
"chr24","24189898","24190191","KN295394v1","630346","630640","43","23559552"
"chr24","24779470","24779769","KN294399v1","115875","116174","30","24663595"
"chr24","24807095","24807382","KN295962v1","674128","674422","44","24132967"
"chr24","25120875","25121147","KN297154v1","164484","164756","42","24956391"
"chr24","25706160","25706420","KN297208v1","16130","16374","56","25690030"
"chr24","25716551","25716814","KN297432v1","372470","372736","17","25344081"
"chr24","25752010","25752189","KN297432v1","337000","337181","11","25415010"
"chr24","25961241","25961600","KN297432v1","133254","133594","29","25827987"
"chr24","26150120","26150394","KN294921v1","275933","276212","42","25874187"
"chr24","26174505","26174786","KN294850v1","121634","121934","54","26052871"
"chr24","26636652","26636949","KN295825v1","923117","923415","39","25713535"
"chr24","26667067","26667363","KN295523v1","1063802","1064098","34","25603265"
"chr24","26670768","26671070","KN294613v1","554511","554806","39","26116257"
"chr24","26718579","26718877","KN295962v1","674128","674422","37","26044451"
"chr24","26758911","26759220","KN297044v1","108239","108545","47","26650672"
"chr24","26759618","26759938","KN296042v1","241783","242102","48","26517835"
"chr24","26775000","26775315","KN296620v1","257480","257787","46","26517520"
"chr24","26811180","26811434","KN296343v1","243810","244060","39","26567370"
"chr24","26864676","26864974","KN294790v1","3806584","3806878","37","23058092"
"chr24","26975324","26975627","KN295962v1","674128","674422","40","26301196"
"chr24","27045766","27046071","KN295633v1","307851","308157","43","26737915"
"chr24","27063333","27063644","KN297094v1","229764","230074","42","26833569"
"chr24","27093435","27093737","KN295930v1","590942","591244","38","26502493"
"chr24","27165693","27165969","KN294407v1","1565517","1565792","52","25600176"
"chr24","27270432","27270604","KN296743v1","1789514","1789673","39","25480918"
"chr24","27309446","27309772","KN296310v1","1454035","1454345","60","25855411"
"chr24","27350020","27350307","KN296263v1","1107598","1107890","37","26242422"
"chr24","27391298","27391559","KN297264v1","226484","226731","54","27164814"
"chr24","27640587","27640880","KN297394v1","206842","207138","48","27433745"
"chr24","27652365","27652667","KN295198v1","516030","516332","39","27136335"
"chr24","27695793","27696098","KN296387v1","308582","308897","52","27387211"
"chr24","27716127","27716345","KN295343v1","589567","589783","33","27126560"
"chr24","27765634","27765887","KN295607v1","1162706","1162972","49","26602928"
"chr24","27774306","27774614","KN296486v1","447375","447682","42","27326931"
"chr24","27774912","27775222","KN294705v1","1109306","1109614","43","26665606"
"chr24","27809503","27809647","KN295814v1","1118418","1118576","28","26691085"
"chr24","27907030","27907335","KN295930v1","537952","538252","54","27369078"
"chr24","27916498","27916679","KN296096v1","3761145","3761324","31","24155353"
"chr24","27929767","27930068","KN296577v1","170798","171097","38","27758969"
"chr24","27938304","27938600","KN295962v1","2488019","2488313","32","25450285"
"chr24","27955536","27955831","KN294287v1","709415","709716","39","27246121"
"chr24","28001771","28001922","KN297008v1","1491597","1491750","33","26510174"
"chr24","28041251","28041514","KN295936v1","2228111","2228371","40","25813140"
"chr24","28203493","28203787","KN295962v1","674128","674422","39","27529365"
"chr24","28335680","28335990","KN297044v1","108239","108545","32","28227441"
"chr24","28344602","28344900","KN297197v1","4684189","4684491","39","23660413"
"chr24","28368868","28369187","KN296495v1","1209717","1210015","67","27159151"
"chr24","28535823","28536172","KN295459v1","679382","679737","88","27856441"
"chr24","28666370","28666594","KN295301v1","240798","241015","27","28425572"
"chr24","28762770","28763069","KN294399v1","115875","116174","33","28646895"
"chr24","29027451","29027617","KN296829v1","582931","583096","42","28444520"
"chr24","29278902","29279211","KN296883v1","3845303","3845612","18","25433599"
"chr24","29323801","29324029","KN294439v1","287915","288143","28","29035886"
"chr24","29416534","29416826","KN296883v1","3710140","3710434","13","25706394"
"chr24","29494524","29494824","KN295854v1","1504180","1504481","33","27990344"
"chr24","29551641","29551822","KN294404v1","154424","154626","42","29397217"
"chr24","29611123","29611288","KN297154v1","1695463","1695633","38","27915660"
"chr24","29634240","29634545","KN294671v1","296141","296444","37","29338099"
"chr24","29750586","29750888","KN296883v1","3373290","3373603","25","26377296"
"chr24","29796227","29796508","KN296187v1","2177901","2178181","47","27618326"
"chr24","29885346","29885651","KN295117v1","316571","316882","48","29568775"
"chr24","29925210","29925512","KN296883v1","3203860","3204151","31","26721350"
"chr24","29985591","29985889","KN295923v1","1430363","1430659","33","28555228"
"chr24","29992320","29992626","KN296883v1","3134401","3134702","26","26857919"
"chr24","29993079","29993257","KN296486v1","1714803","1714969","41","28278276"
"chr24","29998010","29998211","KN294879v1","1427141","1427343","30","28570869"
"chr24","30034237","30034547","KN296484v1","1024460","1024770","31","29009777"
"chr24","30294332","30294631","KN296883v1","2836430","2836726","22","27457902"
"chr24","30317563","30317867","KN294520v1","1300419","1300723","32","29017144"
"chr24","30467864","30468164","KN296883v1","2669184","2669494","16","27798680"
"chr24","30842568","30842947","KN296161v1","986044","986404","77","29856524"
"chr24","30928106","30928289","KN295735v1","895035","895215","29","30033071"
"chr24","31145326","31145569","KN295755v1","46608","46845","57","31098718"
"chr24","31703644","31703949","KN296883v1","1469811","1470121","21","30233833"
"chr24","31760182","31760379","KN294345v1","2206480","2206684","34","29553702"
"chr24","32283656","32283925","KN296883v1","892041","892315","22","31391615"
"chr24","32392778","32393091","KN296883v1","784511","784833","21","31608267"
"chr24","32526413","32526698","KN296883v1","652153","652442","15","31874260"
"chr24","32808200","32808474","KN294339v1","195366","195638","45","32612834"
"chr24","32839113","32839407","KN296883v1","338758","339068","27","32500355"
"chr24","32980624","32980927","KN296883v1","206451","206750","20","32774173"
"chr24","33966866","33967118","KN296305v1","789556","789783","33","33177310"
"chr24","34057625","34057928","KN296305v1","879401","879703","14","33178224"
"chr24","34125388","34125698","KN296305v1","947829","948137","19","33177559"
"chr24","34296379","34296688","KN294207v1","1184523","1184834","37","33111856"
"chr24","34550952","34551233","KN295705v1","2418216","2418494","35","32132736"
"chr24","34593897","34594199","KN297044v1","108239","108545","39","34485658"
"chr24","34958609","34958912","KN295090v1","291736","292032","38","34666873"
"chr24","35192008","35192313","KN297192v1","87976","88281","7","35104032"
"chr24","35295212","35295508","KN294378v1","1042916","1043212","42","34252296"
"chr24","35319079","35319352","KN296430v1","280293","280574","49","35038786"
"chr24","35414596","35414813","KN294581v1","140756","140966","56","35273840"
"chr24","35488422","35488690","KN296485v1","447446","447718","37","35040976"
"chr24","35507791","35508043","KN295533v1","879003","879251","44","34628788"
"chr24","35627267","35627569","KN296623v1","247083","247368","57","35380184"
"chr24","35635262","35635547","KN295893v1","7370026","7370312","37","28265236"
"chr24","35649783","35649879","KN296296v1","165106","165204","27","35484677"
"chr24","35810622","35810932","KN294520v1","1300419","1300723","42","34510203"
"chr24","35810974","35811273","KN295343v1","373896","374196","31","35437078"
"chr24","35999736","36000000","KN295936v1","1670037","1670302","39","34329699"
"chr24","36219747","36220040","KN296096v1","2440700","2440989","38","33779047"
"chr24","36323566","36323871","KN294365v1","1180313","1180615","34","35143253"
"chr24","36419499","36419553","KN295614v1","28241","28303","18","36391258"
"chr24","36575123","36575418","KN296296v1","66249","66543","37","36508874"
"chr24","36762638","36762934","KN296178v1","858669","858972","36","35903969"
"chr24","36772638","36772841","KN296859v1","1427369","1427572","53","35345269"
"chr24","37252350","37252648","KN295449v1","646732","647035","13","36605618"
"chr24","37361883","37362155","KN294539v1","1591360","1591636","37","35770523"
"chr24","37759512","37759814","KN295449v1","1165855","1166169","36","36593657"
"chr24","37913496","37913798","KN296036v1","1260230","1260536","31","36653266"
"chr24","37932726","37933026","KN294571v1","1349003","1349300","41","36583723"
"chr24","37939347","37939598","KN295533v1","879003","879251","33","37060344"
"chr24","37984047","37984345","KN296253v1","777735","777985","97","37206312"
"chr24","38032655","38032946","KN295045v1","756205","756493","37","37276450"
"chr24","38113655","38113885","KN296505v1","36934","37162","32","38076721"
"chr24","38601537","38601855","KN294970v1","974452","974753","60","37627085"
"chr24","38601866","38602142","KN295586v1","1680465","1680742","36","36921401"
"chr24","38975652","38975956","KN296922v1","639116","639416","39","38336536"
"chr24","39090222","39090522","KN294451v1","194657","194961","54","38895565"
"chr24","40034749","40035057","KN296518v1","270219","270514","63","39764530"
"chr24","40619685","40619858","KN296079v1","805154","805328","31","39814531"
"chr24","40930034","40930326","KN296657v1","194147","194440","32","40735887"
"chr24","40948590","40948891","KN295893v1","6332598","6332904","45","34615992"
"chr24","40979229","40979368","KN297008v1","6657903","6658047","26","34321326"
"chr24","41012659","41012952","KN296079v1","3084734","3085029","38","37927925"
"chr24","41040686","41040990","KN294399v1","296926","297229","41","40743760"
"chr24","41060215","41060378","KN296174v1","30392","30557","27","41029823"
"chr24","41070208","41070376","KN296292v1","312589","312775","43","40757619"
"chr24","41074443","41074743","KN294850v1","121634","121934","33","40952809"
"chr24","41162496","41162642","KN296442v1","161809","161973","40","41000687"
"chr24","41162947","41162962","KN295152v1","573368","573383","2","40589579"
"chr24","41496799","41496940","KN296495v1","1470092","1470224","24","40026707"
"chr24","41560787","41560950","KN296829v1","582931","583096","28","40977856"
"chr24","41684286","41684571","KN297047v1","659898","660181","35","41024388"
"chr24","41746688","41746995","KN296266v1","138052","138359","33","41608636"
"chr24","41869773","41870077","KN294172v1","6407720","6408021","44","35462053"
"chr24","41967300","41967584","KN297028v1","1113262","1113544","32","40854038"
"chr24","42169379","42169571","KN295045v1","1182493","1182695","32","40986886"
"chr24","42213521","42213818","KN295236v1","3918747","3919036","41","38294774"
"chr24","42322976","42323330","KN297044v1","108239","108545","83","42214737"
"chr24","42328031","42328329","KN294964v1","864674","864972","18","41463357"
"chr24","42361309","42361603","KN295984v1","811714","812012","39","41549595"
"chr24","42411552","42411846","KN295366v1","153538","153829","42","42258014"
"chr24","42581255","42581410","KN294187v1","1542649","1542810","33","41038606"
"chr24","42606176","42606477","KN296806v1","78148","78452","35","42528028"
"chr24","42620540","42620891","KN295323v1","579981","580313","57","42040559"
"chr24","42668464","42668780","KN294234v1","2522651","2522957","40","40145813"
"chr24","42824821","42825121","KN294416v1","303238","303546","43","42521583"
"chr24","42832045","42832359","KN294218v1","2054777","2055092","41","40777268"
"chr24","42983072","42983379","KN294976v1","1041362","1041670","20","41941710"
"chr24","43134691","43134991","KN294976v1","871019","871314","21","42263672"
"chr24","43521808","43521977","KN295408v1","16726","16898","39","43505082"
"chr24","43690069","43690367","KN294976v1","288954","289250","14","43401115"
"chr24","43872376","43872685","KN294976v1","95941","96251","13","43776435"
"chr24","44012559","44012845","KN294287v1","1222157","1222440","13","42790402"
"chr24","44121663","44121938","KN295039v1","240402","240698","51","43881261"
"chr24","44465752","44466080","KN296430v1","264026","264350","41","44201726"
"chr24","44509340","44509641","KN294287v1","709415","709716","17","43799925"
"chr24","44569973","44570292","KN294287v1","647006","647324","20","43922967"
"chr24","44585586","44585833","KN295523v1","1167591","1167841","67","43417995"
"chr24","44694405","44694632","KN295301v1","240798","241015","39","44453607"
"chr24","45025677","45025949","KN296825v1","1898874","1899142","68","43126803"
"chr24","45047211","45047528","KN294287v1","147725","148023","39","44899486"
"chr24","45290340","45290644","KN295893v1","6332598","6332904","36","38957742"
"chr24","45562163","45562331","KN296879v1","570900","571072","24","44991263"
"chr24","46212471","46212521","KN296320v1","206822","206861","28","46005649"
"chr24","46449599","46449824","KN294873v1","1262676","1262901","8","45186923"
"chr24","46452800","46452957","KN295294v1","769026","769186","30","45683774"
"chr24","46603127","46603434","KN294873v1","1409501","1409810","17","45193626"
"chr24","46649838","46650141","KN294873v1","1459289","1459588","18","45190549"
"chr24","46651070","46651371","KN294873v1","1460347","1460646","23","45190723"
"chr24","46713260","46713411","KN297008v1","6657903","6658047","27","40055357"
"chr24","46745639","46745949","KN296311v1","2718997","2719308","37","44026642"
"chr24","46798595","46798895","KN294873v1","1615788","1616084","25","45182807"
"chr24","46985999","46986289","KN297452v1","1979430","1979725","27","45006569"
"chr24","47523833","47524126","KN295892v1","22067","22365","27","47501766"
"chr24","47570688","47570877","KN295523v1","2203731","2203924","40","45366957"
"chr24","47576204","47576477","KN295892v1","72553","72830","12","47503651"
"chr24","47840725","47841029","KN296266v1","138052","138359","34","47702673"
"chr24","47875044","47875336","KN295038v1","1531710","1532002","21","46343334"
"chr24","47945679","47945970","KN295038v1","1462302","1462594","25","46483377"
"chr24","48002592","48002886","KN295038v1","1404761","1405066","21","46597831"
"chr24","48164474","48164784","KN296158v1","1447030","1447336","36","46717444"
"chr24","48329890","48330046","KN295236v1","4199870","4200015","29","44130020"
"chr24","48330049","48330131","KN297159v1","1973041","1973104","22","46357008"
"chr24","48330134","48330295","KN297442v1","1435299","1435460","21","46894835"
"chr24","48421112","48421446","KN296036v1","1696646","1696968","50","46724466"
"chr24","48594251","48594545","KN295038v1","818676","818972","20","47775575"
"chr24","48600590","48600887","KN295038v1","811932","812219","29","47788658"
"chr24","48659418","48659723","KN295038v1","755697","756003","11","47903721"
"chr24","48943127","48943155","KN295651v1","344716","344740","7","48598411"
"chr24","48943250","48943533","KN297083v1","400309","400588","46","48542941"
"chr24","49416680","49417008","KN295038v1","27204","27495","49","49389476"
"chr24","49699178","49699458","KN294739v1","39448","39728","14","49659730"
"chr24","49742455","49742761","KN294739v1","80226","80535","20","49662229"
"chr24","50036269","50036328","KN295550v1","498465","498533","25","49537804"
"chr24","50292502","50292711","KN294739v1","627435","627644","11","49665067"
"chr24","50302474","50302626","KN294182v1","504737","504883","42","49797737"
"chr24","50319959","50320245","KN296498v1","449297","449587","64","49870662"
"chr24","50321856","50322020","KN294451v1","850657","850819","26","49471199"
"chr24","50354183","50354400","KN294739v1","692218","692457","29","49661965"
"chr24","50358657","50358850","KN294739v1","696899","697123","42","49661758"
"chr24","50396633","50396926","KN294739v1","738604","738909","24","49658029"
"chr24","50459622","50459810","KN295045v1","1182493","1182695","46","49277129"
"chr24","50483661","50483968","KN294416v1","303238","303546","34","50180423"
"chr24","50493800","50493988","KN295891v1","15512","15692","39","50478288"
"chr24","50532430","50532720","KN294739v1","884088","884376","10","49648342"
"chr24","50546864","50547168","KN294739v1","898041","898344","14","49648823"
"chr24","50642149","50642441","KN294739v1","1004154","1004447","16","49637995"
"chr24","50699331","50699641","KN294499v1","2127860","2128168","38","48571471"
"chr24","50706356","50706488","KN295171v1","774709","774836","27","49931647"
"chr24","50708507","50708812","KN294739v1","1063713","1064017","16","49644794"
"chr24","50741862","50742142","KN294739v1","1098691","1098979","20","49643171"
"chr24","50756080","50756370","KN294739v1","1113470","1113775","28","49642610"
"chr24","50768387","50768518","KN294613v1","59320","59453","16","50709067"
"chr24","50768829","50769016","KN296486v1","1468682","1468869","37","49300147"
"chr24","50800676","50800969","KN294571v1","1611577","1611871","44","49189099"
"chr24","50873175","50873483","KN294187v1","188357","188668","40","50684818"
"chr24","50891231","50891531","KN296865v1","197608","197908","32","50693623"
"chr24","50952694","50952855","KN297242v1","3635969","3636126","32","47316725"
"chr24","51013424","51013730","KN296484v1","1024460","1024770","39","49988964"
"chr24","51031349","51031634","KN295236v1","1562516","1562803","39","49468833"
"chr24","51068063","51068237","KN295995v1","71091","71264","30","50996972"
"chr24","51097214","51097513","KN296004v1","353630","353936","45","50743584"
"chr24","51102275","51102564","KN295236v1","1688322","1688613","42","49413953"
"chr24","51500274","51500571","KN296641v1","1285515","1285812","40","50214759"
"chr24","51528088","51528405","KN295070v1","36723","37043","47","51491365"
"chr24","51578711","51579018","KN296682v1","2085361","2085660","37","49493350"
"chr24","51693215","51693510","KN296079v1","1016819","1017116","36","50676396"
"chr24","51913692","51913995","KN295236v1","2902206","2902512","38","49011486"
"chr24","51926382","51926567","KN296086v1","825589","825753","49","51100793"
"chr24","52081804","52081978","KN295967v1","467933","468109","33","51613871"
"chr24","52089863","52090173","KN294883v1","392954","393264","36","51696909"
"chr24","52096220","52096509","KN294407v1","2708829","2709123","46","49387391"
"chr24","52291424","52291728","KN296287v1","9382","9685","38","52282042"
"chr24","52350961","52351255","KN295548v1","143484","143790","41","52207477"
"chr24","52370605","52370886","KN294846v1","181961","182242","47","52188644"
"chr24","52380918","52381217","KN295962v1","375746","376041","38","52005172"
"chr24","52704860","52705115","KN297210v1","51987","52241","32","52652873"
"chr24","52813927","52814246","KN296004v1","353630","353936","47","52460297"
"chr24","53004787","53005088","KN295343v1","373896","374196","25","52630891"
"chr24","53134833","53135121","KN296139v1","7891","8178","38","53126942"
"chr24","53191957","53192261","KN294493v1","1132281","1132590","39","52059676"
"chr24","53234071","53234366","KN297452v1","1979430","1979725","36","51254641"
"chr24","53336330","53336638","KN297044v1","108239","108545","39","53228091"
"chr24","53625703","53625895","KN296062v1","2504602","2504805","35","51121101"
"chr24","53625927","53626044","KN295236v1","4879827","4879943","15","48746100"
"chr24","53680548","53680771","KN294711v1","418356","418573","36","53262192"
"chr24","53693619","53693691","KN295550v1","498465","498533","19","53195154"
"chr24","53739851","53740008","KN295667v1","830007","830168","32","52909844"
"chr24","53790332","53790503","KN295995v1","71091","71264","26","53719241"
"chr24","53860264","53860548","KN294462v1","513433","513718","42","53346831"
"chr24","54059088","54059395","KN295236v1","2902206","2902512","36","51156882"
"chr24","54177583","54177890","KN294303v1","302773","303083","29","53874810"
"chr24","54184059","54184362","KN294224v1","792817","793120","41","53391242"
"chr24","54189622","54189819","KN295801v1","840804","841003","41","53348818"
"chr24","54204732","54205041","KN296380v1","7066","7372","34","54197666"
"chr24","54220130","54220439","KN296380v1","7066","7372","36","54213064"
"chr24","54266882","54267177","KN295346v1","1790082","1790382","37","52476800"
"chr24","54612376","54612683","KN297219v1","687673","687980","34","53924703"
"chr24","54641096","54641404","KN296922v1","807854","808152","46","53833242"
"chr24","54713390","54713693","KN294399v1","115875","116174","37","54597515"
"chr24","54722252","54722537","KN294506v1","235047","235332","35","54487205"
"chr24","54812438","54812749","KN297044v1","108239","108545","44","54704199"
"chr24","54870889","54871197","KN296714v1","13919","14225","70","54856970"
"chr24","54900000","54900330","KN294262v1","1770527","1770834","57","53129473"
"chr24","54994523","54994822","KN296079v1","1016819","1017116","40","53977704"
"chr24","55030571","55030963","KN296654v1","87552","87939","76","54943019"
"chr24","55088009","55088304","KN296079v1","3084734","3085029","32","52003275"
"chr24","55502005","55502298","KN297038v1","1342257","1342550","44","54159748"
"chr24","55854330","55854617","KN297452v1","1979430","1979725","33","53874900"
"chr24","56178996","56179301","KN294175v1","175523","175827","43","56003473"
"chr24","56277477","56277711","KN296516v1","117470","117712","48","56160007"
"chr24","56397521","56397810","KN297360v1","141616","141906","45","56255905"
"chr24","56507735","56508013","KN294790v1","3847979","3848251","44","52659756"
"chr24","56508050","56508062","KN296879v1","1383282","1383295","3","55124768"
"chr24","56519039","56519335","KN296557v1","548990","549285","39","55970049"
"chr24","56657540","56657808","KN295501v1","506527","506803","40","56151013"
"chr24","56781054","56781342","KN294571v1","2837988","2838277","37","53943066"
"chr24","56943843","56944139","KN294510v1","147346","147636","42","56796497"
"chr24","57442651","57442943","KN296108v1","735240","735530","36","56707411"
"chr24","57605052","57605344","KN296378v1","801237","801534","33","56803815"
"chr24","57780334","57780634","KN295268v1","158800","159097","25","57621534"
"chr24","57880831","57881124","KN295268v1","258440","258744","24","57622391"
"chr24","57887458","57887764","KN295268v1","265013","265319","14","57622445"
"chr24","57926147","57926468","KN294187v1","1156422","1156744","51","56769725"
"chr24","57964376","57964670","KN297452v1","1979430","1979725","33","55984946"
"chr24","58077701","58077985","KN295729v1","1722065","1722365","39","56355636"
"chr24","58140337","58140587","KN296682v1","4040014","4040270","36","54100323"
"chr24","58198130","58198430","KN295729v1","1588815","1589122","28","56609315"
"chr24","58280542","58280849","KN295729v1","1510771","1511082","27","56769771"
"chr24","58291359","58291654","KN294269v1","772756","773053","40","57518603"
"chr24","58347707","58348001","KN296378v1","801237","801534","36","57546470"
"chr24","58349316","58349622","KN295350v1","668962","669262","44","57680354"
"chr24","58374053","58374349","KN295729v1","1416275","1416583","24","56957778"
"chr24","58403240","58403550","KN295729v1","1381050","1381336","36","57022190"
"chr24","58558815","58559217","KN294372v1","2148036","2148414","100","56410779"
"chr24","58777444","58777720","KN295257v1","348260","348541","33","58429184"
"chr24","59002566","59002727","KN294451v1","850657","850819","30","58151909"
"chr24","59047759","59048059","KN295729v1","751374","751667","19","58296385"
"chr24","59223429","59223730","KN295729v1","572177","572481","20","58651252"
"chr24","59605609","59605890","KN294977v1","95472","95762","48","59510137"
"chr24","59764646","59764962","KN295729v1","53630","53938","28","59711016"
"chr24","59780866","59781150","KN295729v1","38175","38454","10","59742691"
"chr24","59978011","59978319","KN294539v1","1881046","1881335","62","58096965"
"chr24","60019677","60019986","KN294705v1","1109306","1109614","43","58910371"
"chr24","60169950","60170251","KN294619v1","236638","236931","46","59933312"
"chr24","60338021","60338316","KN294831v1","563468","563770","35","59774553"
"chr24","60470256","60470566","KN294372v1","2056206","2056510","51","58414050"
"chr24","61331255","61331535","KN295257v1","348260","348541","32","60982995"
"chr24","61506640","61506919","KN295717v1","287965","288247","42","61218675"
"chr24","61534416","61534691","KN296133v1","168664","168954","49","61365752"
"chr24","61608766","61608921","KN294187v1","1542649","1542810","42","60066117"
"chr24","61684315","61684597","KN294705v1","870227","870507","42","60814088"
"chr24","61684627","61684645","KN296732v1","3189680","3189696","4","58494947"
"chr24","61712930","61713238","KN295667v1","2100500","2100806","40","59612430"
"chr24","61716383","61716675","KN295548v1","970622","970909","44","60745761"
"chr24","62248634","62248831","KN294184v1","390151","390345","36","61858483"
"chr24","62248871","62249150","KN294726v1","413609","413889","26","61835262"
"chr24","62551463","62551728","KN296588v1","754551","754830","39","61796912"
"chr24","62658090","62658396","KN294726v1","8641","8942","24","62649449"
"chr24","62752212","62752533","KN295977v1","136089","136403","53","62616123"
"chr24","62827578","62827873","KN295548v1","143484","143790","48","62684094"
"chr24","62930979","62931249","KN295607v1","4385655","4385923","39","58545324"
"chr24","62968640","62968900","KN295607v1","4385655","4385923","41","58582985"
"chr24","63411194","63411491","KN297229v1","59617","59922","48","63351577"
"chr24","63548412","63548713","KN296732v1","3569299","3569599","44","59979113"
"chr24","63699879","63700049","KN296086v1","825589","825753","39","62874290"
"chr24","64011603","64011938","KN296750v1","1634822","1635109","89","62376781"
"chr24","64045120","64045430","KN296750v1","1603948","1604257","14","62441172"
"chr24","64107734","64108017","KN295257v1","348260","348541","37","63759474"
"chr24","64128362","64128668","KN296750v1","1521979","1522281","39","62606383"
"chr24","64209821","64210134","KN296750v1","1441723","1442035","32","62768098"
"chr24","64496172","64496482","KN296750v1","1172386","1172670","38","63323786"
"chr24","64576604","64576874","KN296750v1","1094766","1095031","14","63481838"
"chr24","64623005","64623306","KN296750v1","1050375","1050679","25","63572630"
"chr24","64721041","64721338","KN296761v1","706874","707173","42","64014167"
"chr24","64771008","64771293","KN296750v1","905767","906055","19","63865241"
"chr24","65233183","65233470","KN296750v1","450617","450904","11","64782566"
"chr24","65351775","65352104","KN296732v1","3129981","3130299","49","62221794"
"chr24","65619636","65619949","KN296750v1","79492","79792","32","65540144"
"chr24","65863920","65864214","KN296547v1","1383439","1383739","35","64480481"
"chr24","65904339","65904422","KN297157v1","346096","346184","21","65558243"
"chr24","66113581","66113875","KN296495v1","2925731","2926025","36","63187850"
"chr24","66139868","66140137","KN294187v1","140872","141146","40","65998996"
"chr24","66372745","66373033","KN296958v1","337794","338086","39","66034951"
"chr24","66485153","66485456","KN296825v1","1702761","1703066","32","64782392"
"chr24","66599049","66599349","KN296096v1","2440700","2440989","40","64158349"
"chr24","66992265","66992545","KN294493v1","377513","377791","41","66614752"
"chr24","66992589","66992599","KN294443v1","170714","170724","3","66821875"
"chr24","67004930","67005241","KN294479v1","138046","138339","59","66866884"
"chr24","67007063","67007365","KN295345v1","868768","869065","37","66138295"
"chr24","67077321","67077550","KN295607v1","356204","356444","72","66721117"
"chr24","67124345","67124650","KN294218v1","2202652","2202952","35","64921693"
"chr24","67139210","67139477","KN295607v1","4385655","4385923","40","62753555"
"chr24","67144873","67145177","KN294172v1","6407720","6408021","29","60737153"
"chr24","67149970","67150277","KN294578v1","617490","617800","40","66532480"
"chr24","67169773","67170023","KN294269v1","1170294","1170536","35","65999479"
"chr24","67188895","67189197","KN296205v1","1047575","1047872","38","66141320"
"chr24","67263716","67264025","KN295038v1","755697","756003","36","66508019"
"chr24","67343534","67343739","KN294520v1","1424047","1424235","40","65919487"
"chr24","67356757","67357039","KN297227v1","240655","240937","42","67116102"
"chr24","67601105","67601408","KN295343v1","373896","374196","39","67227209"
"chr24","67610796","67611096","KN294451v1","194657","194961","38","67416139"
"chr24","67640708","67640899","KN295045v1","1182493","1182695","39","66458215"
"chr24","67961483","67961767","KN297158v1","720100","720407","34","67241383"
"chr24","67985096","67985366","KN297095v1","496095","496368","36","67489001"
"chr24","68032138","68032315","KN297274v1","555668","555838","36","67476470"
"chr24","68067144","68067426","KN295257v1","348260","348541","32","67718884"
"chr24","68154751","68155058","KN297158v1","531791","532097","28","67622960"
"chr24","68273965","68274262","KN297158v1","424000","424297","19","67849965"
"chr24","68441395","68441688","KN296547v1","1383439","1383739","43","67057956"
"chr24","68567747","68568022","KN297158v1","136659","136948","25","68431088"
"chr24","68581279","68581588","KN294991v1","1411452","1411759","33","67169827"
"chr24","68833708","68833868","KN296311v1","1013861","1014022","28","67819847"
"chr24","68888218","68888389","KN296153v1","2118691","2118861","34","66769527"
"chr24","68958358","68958668","KN297044v1","108239","108545","39","68850119"
"chr24","68963908","68964063","KN295667v1","830007","830168","31","68133901"
"chr24","68973025","68973293","KN295501v1","82170","82451","47","68890855"
"chr24","69165726","69165916","KN296119v1","3355213","3355396","31","65810513"
"chr24","69190172","69190466","KN295610v1","214584","214872","51","68975588"
"chr24","69212532","69212689","KN296174v1","30392","30557","40","69182140"
"chr24","69370359","69370666","KN294850v1","121634","121934","44","69248725"
"chr24","69498053","69498338","KN295371v1","415318","415609","46","69082735"
"chr24","69765864","69766156","KN294224v1","792817","793120","50","68973047"
"chr24","69901290","69901560","KN295692v1","3778724","3778998","41","66122566"
"chr24","70017754","70018040","KN296009v1","1376950","1377229","37","68640804"
"chr24","70148719","70149015","KN296486v1","834584","834886","44","69314135"
"chr24","70507466","70507760","KN294172v1","6737664","6737958","26","63769802"
"chr24","70655346","70655506","KN296829v1","582931","583096","42","70072415"
"chr24","70904585","70904867","KN295820v1","879022","879311","45","70025563"
"chr24","70917951","70918248","KN297452v1","1979430","1979725","27","68938521"
"chr24","70984922","70985225","KN294399v1","115875","116174","37","70869047"
"chr24","71118463","71118743","KN294592v1","567946","568227","33","70550517"
"chr24","71245704","71246003","KN295102v1","157119","157420","31","71088585"
"chr24","71274195","71274409","KN296117v1","377982","378198","30","70896213"
"chr24","71343268","71343565","KN295343v1","373896","374196","33","70969372"
"chr24","71600092","71600268","KN294980v1","230782","230955","28","71369310"
"chr24","71600568","71600581","KN295152v1","573368","573383","4","71027200"
"chr24","71686179","71686351","KN295261v1","75008","75178","41","71611171"
"chr24","71748815","71749005","KN295319v1","430475","430648","43","71318340"
"chr24","72100033","72100323","KN294571v1","2837988","2838277","31","69262045"
"chr24","72459003","72459307","KN295893v1","6332598","6332904","43","66126405"
"chr24","72554822","72555127","KN294591v1","115642","115945","47","72439180"
"chr24","72563134","72563415","KN294444v1","329995","330265","45","72233139"
"chr24","73035073","73035240","KN294705v1","1918590","1918760","36","71116483"
"chr24","73036884","73037186","KN295343v1","373896","374196","40","72662988"
"chr24","73086583","73086856","KN294921v1","275933","276212","43","72810650"
"chr24","73226664","73226965","KN295345v1","868768","869065","32","72357896"
"chr24","73364266","73364575","KN294499v1","114042","114335","46","73250224"
"chr24","73441839","73442141","KN294416v1","768533","768836","44","72673306"
"chr24","73559810","73560115","KN296761v1","97995","98298","29","73461815"
"chr24","73693573","73693871","KN294842v1","297954","298253","40","73395619"
"chr24","73768763","73769054","KN297452v1","1979430","1979725","32","71789333"
"chr24","74045426","74045721","KN295526v1","979159","979460","43","73066267"
"chr24","74306658","74306949","KN296119v1","1332102","1332392","36","72974556"
"chr24","74415766","74416060","KN294499v1","114042","114335","42","74301724"
"chr24","74530686","74530985","KN295368v1","2185923","2186218","40","72344763"
"chr24","74663560","74663857","KN294964v1","864674","864972","41","73798886"
"chr24","74745535","74745827","KN296828v1","229290","229585","35","74516245"
"chr24","74837757","74838047","KN295075v1","252071","252359","39","74585686"
"chr24","74918304","74918600","KN294499v1","1420767","1421064","38","73497537"
"chr24","74980748","74981045","KN295725v1","1461230","1461528","41","73519518"
"chr24","75042773","75043080","KN295205v1","462684","462994","40","74580089"
"chr24","75177168","75177216","KN295045v1","1336617","1336651","18","73840551"
"chr24","75363049","75363326","KN295161v1","114735","115010","43","75248314"
"chr24","75378732","75379028","KN294790v1","2471571","2471870","36","72907161"
"chr24","75664629","75664929","KN296761v1","97995","98298","40","75566634"
"chr24","75723210","75723511","KN294535v1","550591","550888","43","75172619"
"chr24","75754342","75754622","KN295525v1","1191117","1191394","46","74563225"
"chr24","75901875","75902154","KN297227v1","240655","240937","33","75661220"
"chr24","76269253","76269543","KN294467v1","247401","247694","45","76021852"
"chr24","76527195","76527485","KN295366v1","153538","153829","39","76373657"
"chr24","76572740","76572989","KN295544v1","200687","200940","41","76372053"
"chr24","76925301","76925592","KN297452v1","1979430","1979725","37","74945871"
"chr24","77138682","77138993","KN296391v1","53960","54269","42","77084722"
"chr24","77384594","77384847","KN294677v1","14932","15190","37","77369662"
"chr24","77384892","77385054","KN297046v1","2760222","2760394","40","74624670"
"chr24","77391938","77392234","KN296108v1","735240","735530","33","76656698"
"chr24","77578845","77579132","KN295075v1","252071","252359","33","77326774"
"chr24","77670741","77671017","KN297047v1","1547463","1547745","35","76123278"
"chr24","77743634","77743918","KN295601v1","277679","277974","48","77465955"
"chr24","77958238","77958544","KN295923v1","1430363","1430659","40","76527875"
"chr24","77965989","77966276","KN295345v1","868768","869065","38","77097221"
"chr24","78044955","78045011","KN295045v1","1336617","1336651","25","76708338"
"chr24","78062595","78062875","KN295854v1","1313417","1313711","40","76749178"
"chr24","78068181","78068333","KN294451v1","850657","850819","35","77217524"
"chr24","78150092","78150368","KN296847v1","1869581","1869871","37","76280511"
"chr24","78156998","78157274","KN294897v1","138774","139038","42","78018224"
"chr24","78177238","78177528","KN295257v1","1909438","1909734","40","76267800"
"chr24","78227974","78228168","KN294187v1","1137685","1137878","11","77090289"
"chr24","78312043","78312343","KN294199v1","195562","195867","37","78116481"
"chr24","78714539","78714817","KN294571v1","2837988","2838277","33","75876551"
"chr24","79714487","79714645","KN295995v1","71091","71264","34","79643396"
"chr24","79732689","79732926","KN295074v1","95886","96127","36","79636803"
"chr24","79732937","79733169","KN295748v1","191135","191363","41","79541802"
"chr24","79745502","79745796","KN296879v1","347682","347972","31","79397820"
"chr24","79906189","79906464","KN294372v1","2081363","2081636","34","77824826"
"chr24","79935755","79936064","KN296311v1","4507488","4507798","34","75428267"
"chr24","79969125","79969434","KN295977v1","1237273","1237582","37","78731852"
"chr24","79976324","79976486","KN297008v1","6657903","6658047","37","73318421"
"chr24","79981924","79982026","KN295171v1","774709","774836","43","79207215"
"chr24","80054414","80054586","KN297274v1","1641003","1641173","36","78413411"
"chr24","80055060","80055360","KN294964v1","471052","471350","31","79584008"
"chr24","80061443","80061630","KN294378v1","1680015","1680191","45","78381428"
"chr24","80099840","80100133","KN294970v1","974452","974753","41","79125388"
"chr24","80101764","80102059","KN297452v1","1979430","1979725","34","78122334"
"chr24","80191650","80191785","KN294613v1","59320","59453","9","80132330"
"chr24","80192086","80192230","KN295236v1","151283","151434","34","80040803"
"chr24","80216169","80216332","KN297008v1","1441000","1441155","38","78775169"
"chr24","80251642","80251797","KN295319v1","430475","430648","44","79821167"
"chr24","80272551","80272710","KN295294v1","769026","769186","29","79503525"
"chr24","80305586","80305897","KN294499v1","2542984","2543291","38","77762602"
"chr24","80334834","80335135","KN297452v1","1979430","1979725","34","78355404"
"chr24","80484831","80484995","KN297154v1","1695463","1695633","29","78789368"
"chr24","80499147","80499400","KN294269v1","1170294","1170536","42","79328853"
"chr24","80506019","80506319","KN295236v1","3010436","3010743","52","77495583"
"chr24","80515656","80515846","KN295202v1","2028222","2028396","37","78487434"
"chr24","80516145","80516279","KN294613v1","59320","59453","18","80456825"
"chr24","80521201","80521475","KN297404v1","43622","43893","43","80477579"
"chr24","80645756","80646047","KN297095v1","2246563","2246858","38","78399193"
"chr24","80686257","80686452","KN294705v1","1041928","1042123","25","79644329"
"chr24","80701579","80701865","KN296290v1","1258651","1258933","37","79442928"
"chr24","80766968","80767242","KN295236v1","2638776","2639055","45","78128192"
"chr24","80905502","80905792","KN296682v1","3655993","3656280","51","77249509"
"chr24","81278352","81278649","KN295744v1","235007","235306","36","81043345"
"chr24","81321056","81321365","KN296486v1","447375","447682","36","80873681"
"chr24","81336803","81337093","KN295962v1","674128","674422","42","80662675"
"chr24","81396641","81396922","KN294399v1","178526","178809","36","81218115"
"chr24","81445788","81446143","KN295424v1","76367","76689","91","81369421"
"chr24","81510148","81510449","KN294457v1","218022","218318","40","81292126"
"chr24","81543895","81544067","KN294980v1","230782","230955","31","81313113"
"chr24","81554419","81554699","KN294705v1","870227","870507","41","80684192"
"chr24","81567757","81568052","KN297452v1","1979430","1979725","34","79588327"
"chr24","81596440","81596750","KN295424v1","423225","423534","32","81173215"
"chr24","81623438","81623736","KN295761v1","279537","279834","38","81343901"
"chr24","81696101","81696404","KN295096v1","4310901","4311204","44","77385200"
"chr24","81756765","81756948","KN296119v1","3355213","3355396","32","78401552"
"chr24","81770810","81771104","KN296119v1","745303","745598","35","81025507"
"chr24","81809706","81810017","KN295090v1","1517745","1518055","51","80291961"
"chr24","81813233","81813392","KN295294v1","769026","769186","26","81044207"
"chr24","81840928","81841227","KN295820v1","879022","879311","39","80961906"
"chr24","81856941","81857249","KN294229v1","325933","326233","42","81531008"
"chr24","82414970","82415279","KN295586v1","5713036","5713339","37","76701934"
"chr24","82462209","82462496","KN294251v1","1515118","1515410","38","80947091"
"chr24","82781401","82781626","KN294439v1","287915","288143","25","82493486"
"chr24","82936187","82936478","KN294991v1","1558581","1558873","33","81377606"
"chr24","83023800","83024108","KN296004v1","353630","353936","36","82670170"
"chr24","83161137","83161431","KN294456v1","513291","513590","31","82647846"
"chr24","83161432","83161740","KN296484v1","1024460","1024770","37","82136972"
"chr24","83181146","83181457","KN295991v1","231987","232297","36","82949159"
"chr24","83196743","83197023","KN294592v1","567946","568227","33","82628797"
"chr24","83269938","83270208","KN296187v1","2177901","2178181","63","81092037"
"chr24","83411446","83411726","KN295366v1","153538","153829","44","83257908"
"chr24","83457196","83457498","KN296435v1","2271548","2271854","39","81185648"
"chr24","83843062","83843353","KN296119v1","5394892","5395183","45","78448170"
"chr24","84700785","84701092","KN295294v1","244045","244353","46","84456740"
"chr24","84914693","84914988","KN297203v1","885386","885683","42","84029307"
"chr25","50331645","50331825","KN294596v1","141115","141287","40","50190530"
"chr25","42074108","42074425","KN294262v1","846456","846757","36","41227652"
"chr25","1120426","1120730","KN295601v1","1319399","1319709","43","198973"
"chr25","1254396","1254685","KN295075v1","252071","252359","32","1002325"
"chr25","1340613","1340913","KN296390v1","129614","129904","19","1210999"
"chr25","1541672","1542005","KN297044v1","108239","108545","53","1433433"
"chr25","1872877","1873157","KN297453v1","221195","221482","16","1651682"
"chr25","2118698","2119003","KN294536v1","66954","67251","31","2051744"
"chr25","2372196","2372489","KN294536v1","372849","373165","35","1999347"
"chr25","2572676","2572947","KN294536v1","583249","583520","17","1989427"
"chr25","2634441","2634744","KN294536v1","651643","651940","24","1982798"
"chr25","2682557","2682855","KN294536v1","700690","700983","19","1981867"
"chr25","2797127","2797419","KN294292v1","69203","69492","41","2727924"
"chr25","2901796","2902086","KN294536v1","922329","922629","34","1979467"
"chr25","2915185","2915482","KN296495v1","2925731","2926025","38","10546"
"chr25","2918361","2918681","KN294536v1","938596","938905","23","1979765"
"chr25","2928360","2928509","KN296495v1","1470532","1470683","27","1457828"
"chr25","2953427","2953718","KN294536v1","982730","983024","23","1970697"
"chr25","3049153","3049467","KN294536v1","1087934","1088229","28","1961219"
"chr25","3127062","3127383","KN294536v1","1166329","1166654","17","1960733"
"chr25","3149618","3149887","KN294536v1","1188957","1189234","23","1960661"
"chr25","3432711","3432994","KN297038v1","1342257","1342550","43","2090454"
"chr25","3631731","3631867","KN295171v1","774709","774836","34","2857022"
"chr25","3684082","3684379","KN294536v1","1747902","1748207","12","1936180"
"chr25","3828439","3828735","KN294536v1","1891103","1891406","24","1937336"
"chr25","3975533","3975851","KN295315v1","1631499","1631797","53","2344034"
"chr25","4019053","4019318","KN294977v1","95472","95762","38","3923581"
"chr25","4045645","4045942","KN294977v1","121438","121735","23","3924207"
"chr25","4050724","4050999","KN297320v1","126805","127086","36","3923919"
"chr25","4110320","4110634","KN294977v1","187585","187879","36","3922735"
"chr25","4217898","4218189","KN296754v1","63800","64093","12","4154098"
"chr25","4776510","4776672","KN296311v1","1013861","1014022","27","3762649"
"chr25","4905449","4905747","KN296623v1","514153","514448","37","4391296"
"chr25","5000473","5000521","KN295045v1","1336617","1336651","16","3663856"
"chr25","5323717","5324014","KN297259v1","384000","384292","34","4939717"
"chr25","5333229","5333307","KN294780v1","12561","12635","15","5320668"
"chr25","5333936","5334111","KN296096v1","3761145","3761324","35","1572791"
"chr25","5357224","5357520","KN296828v1","229290","229585","30","5127934"
"chr25","5376233","5376530","KN296826v1","122558","122853","34","5253675"
"chr25","5401501","5401721","KN295090v1","42834","43042","45","5358667"
"chr25","5414854","5415074","KN295090v1","42834","43042","45","5372020"
"chr25","5466827","5466992","KN295294v1","769026","769186","24","4697801"
"chr25","5500791","5500959","KN296311v1","1013861","1014022","38","4486930"
"chr25","5517480","5517769","KN294940v1","380863","381150","41","5136617"
"chr25","5546357","5546515","KN295294v1","769026","769186","31","4777331"
"chr25","5633539","5633707","KN294842v1","167464","167629","31","5466075"
"chr25","5640861","5641152","KN294510v1","147346","147636","45","5493515"
"chr25","5892635","5892878","KN295717v1","2160792","2161022","40","3731843"
"chr25","6057691","6057994","KN296380v1","7066","7372","38","6050625"
"chr25","6155478","6155653","KN296062v1","1814487","1814665","44","4340991"
"chr25","6169532","6169828","KN296324v1","208092","208392","14","5961440"
"chr25","6194303","6194338","KN296316v1","148146","148173","14","6046157"
"chr25","7693550","7693842","KN294251v1","1515118","1515410","32","6178432"
"chr25","7890291","7890589","KN295965v1","278257","278554","13","7612034"
"chr25","8130107","8130416","KN294199v1","195562","195867","50","7934545"
"chr25","8274701","8274992","KN296153v1","3956819","3957110","34","4317882"
"chr25","8429199","8429494","KN296826v1","122558","122853","37","8306641"
"chr25","8529235","8529288","KN296726v1","937390","937454","24","7591845"
"chr25","8658135","8658434","KN297452v1","1979430","1979725","47","6678705"
"chr25","8772962","8773292","KN295323v1","579981","580313","63","8192981"
"chr25","8871106","8871413","KN296294v1","785488","785795","16","8085618"
"chr25","9147839","9148079","KN296294v1","507915","508147","22","8639924"
"chr25","9309082","9309407","KN296294v1","343001","343311","32","8966081"
"chr25","9389496","9389732","KN296294v1","264932","265169","10","9124564"
"chr25","9429324","9429500","KN295294v1","769026","769186","34","8660298"
"chr25","9435114","9435406","KN296294v1","222731","223022","22","9212383"
"chr25","9473041","9473343","KN296294v1","179139","179449","20","9293902"
"chr25","9502814","9503115","KN296294v1","149495","149790","16","9353319"
"chr25","9519648","9519924","KN296294v1","131295","131580","14","9388353"
"chr25","9532634","9532923","KN296294v1","117496","117785","15","9415138"
"chr25","9541739","9542027","KN296294v1","108632","108921","18","9433107"
"chr25","9576814","9577113","KN296294v1","72943","73241","11","9503871"
"chr25","9719491","9719508","KN296609v1","1287561","1287578","3","8431930"
"chr25","9719556","9719840","KN295405v1","157962","158246","36","9561594"
"chr25","9988927","9989224","KN296430v1","480421","480721","37","9508506"
"chr25","10124307","10124626","KN296609v1","1757848","1758154","51","8366459"
"chr25","10475322","10475515","KN295967v1","467933","468109","42","10007389"
"chr25","10526059","10526255","KN295045v1","1182493","1182695","36","9343566"
"chr25","10626860","10627143","KN296100v1","526758","527057","31","10100102"
"chr25","10889064","10889215","KN297008v1","6657903","6658047","25","4231161"
"chr25","11077720","11078069","KN296100v1","75641","75942","58","11002079"
"chr25","11089886","11090075","KN295261v1","75008","75178","37","11014878"
"chr25","11100096","11100419","KN296732v1","3129981","3130299","45","7970115"
"chr25","11151463","11151771","KN296100v1","2139","2442","33","11149324"
"chr25","11481040","11481351","KN294235v1","819709","820030","44","10661331"
"chr25","11507761","11508047","KN295257v1","348260","348541","41","11159501"
"chr25","11793911","11794220","KN294235v1","510689","510992","23","11283222"
"chr25","11833680","11833983","KN294235v1","464234","464541","9","11369446"
"chr25","12129698","12130004","KN296380v1","7066","7372","32","12122632"
"chr25","13359581","13359881","KN294399v1","115875","116174","45","13243706"
"chr25","13720874","13721156","KN294767v1","867850","868150","29","12853024"
"chr25","13935374","13935675","KN294767v1","644823","645120","15","13290551"
"chr25","13988214","13988525","KN294767v1","591064","591375","17","13397150"
"chr25","14350531","14350833","KN294767v1","215818","216128","24","14134713"
"chr25","14564661","14564955","KN294785v1","16971","17268","28","14547690"
"chr25","15168129","15168443","KN297026v1","1554168","1554492","32","13613961"
"chr25","15274091","15274391","KN297026v1","1447522","1447815","29","13826569"
"chr25","15298087","15298383","KN297026v1","1422890","1423171","30","13875197"
"chr25","15341943","15342243","KN297026v1","1376048","1376355","32","13965895"
"chr25","15353289","15353604","KN297026v1","1364604","1364913","14","13988685"
"chr25","16314783","16315058","KN297026v1","385791","386091","41","15928992"
"chr25","16418196","16418494","KN297026v1","283371","283679","35","16134825"
"chr25","16493400","16493705","KN294705v1","1109306","1109614","35","15384094"
"chr25","16532543","16532839","KN295962v1","375746","376041","36","16156797"
"chr25","16551607","16551923","KN297026v1","143559","143869","18","16408048"
"chr25","16630982","16631278","KN295343v1","373896","374196","36","16257086"
"chr25","16657514","16657758","KN295533v1","879003","879251","37","15778511"
"chr25","16748586","16748868","KN296011v1","57794","58082","16","16690792"
"chr25","16879076","16879381","KN295893v1","6332598","6332904","33","10546478"
"chr25","16987940","16988163","KN296011v1","294294","294517","12","16693646"
"chr25","17145728","17146036","KN296959v1","44442","44736","29","17101286"
"chr25","17159643","17159905","KN296959v1","58438","58700","12","17101205"
"chr25","17281978","17282242","KN296959v1","184849","185113","19","17097129"
"chr25","17282288","17282309","KN295651v1","344716","344740","6","16937572"
"chr25","17311133","17311448","KN294187v1","907689","907968","71","16403444"
"chr25","17377365","17377665","KN296959v1","279456","279765","26","17097909"
"chr25","17549591","17549890","KN296959v1","460038","460331","21","17089553"
"chr25","17688589","17688890","KN294747v1","866490","866789","36","16822099"
"chr25","17751544","17751824","KN295828v1","1095001","1095277","33","16656543"
"chr25","17757155","17757464","KN296484v1","1024460","1024770","41","16732695"
"chr25","18104472","18104752","KN296959v1","1035842","1036118","23","17068630"
"chr25","18165275","18165578","KN296959v1","1102614","1102904","24","17062661"
"chr25","18214852","18215159","KN297219v1","687673","687980","36","17527179"
"chr25","18224185","18224480","KN296959v1","1162299","1162595","15","17061886"
"chr25","18238474","18238771","KN295034v1","604953","605250","30","17633521"
"chr25","18251366","18251672","KN296959v1","1182603","1182904","16","17068763"
"chr25","18254801","18255070","KN294372v1","2081363","2081636","41","16173438"
"chr25","18277847","18278148","KN296000v1","1247118","1247423","44","17030729"
"chr25","18413514","18413818","KN296959v1","1370692","1370997","14","17042822"
"chr25","18424322","18424626","KN296495v1","388170","388470","37","18036152"
"chr25","18491731","18492025","KN296959v1","1450746","1451036","28","17040985"
"chr25","18749917","18750212","KN296959v1","1733727","1734027","22","17016190"
"chr25","18862264","18862579","KN294693v1","809926","810237","51","18052338"
"chr25","19094462","19094770","KN294578v1","617490","617800","21","18476972"
"chr25","19242278","19242567","KN294578v1","469510","469799","17","18772768"
"chr25","19293166","19293333","KN296153v1","2696247","2696418","32","16596919"
"chr25","19405762","19406068","KN294578v1","287800","288105","20","19117962"
"chr25","19486811","19487104","KN294172v1","1462531","1462825","31","18024280"
"chr25","19888565","19888748","KN294790v1","2350797","2350969","35","17537768"
"chr25","19901918","19902212","KN295941v1","212321","212622","22","19689597"
"chr25","19903521","19903826","KN296782v1","84808","85115","42","19818713"
"chr25","20491940","20492252","KN295941v1","815520","815814","37","19676420"
"chr25","20588463","20588754","KN296271v1","143383","143673","41","20445080"
"chr25","21640287","21640434","KN297008v1","6657903","6658047","30","14982384"
"chr25","21705518","21705815","KN295941v1","2057198","2057501","24","19648320"
"chr25","21775080","21775380","KN295941v1","2147266","2147572","18","19627814"
"chr25","21783791","21784099","KN294385v1","291689","291997","38","21492102"
"chr25","21863351","21863514","KN295294v1","769026","769186","32","21094325"
"chr25","21933304","21933613","KN294351v1","91577","91886","41","21841727"
"chr25","22139706","22140025","KN295941v1","2508029","2508354","21","19631677"
"chr25","22186259","22186544","KN295941v1","2554571","2554828","44","19631688"
"chr25","22845401","22845709","KN295352v1","1372981","1373293","25","21472420"
"chr25","22909588","22909882","KN295352v1","1304755","1305052","15","21604833"
"chr25","23056457","23056512","KN295523v1","3283008","3283049","27","19773449"
"chr25","23218181","23218485","KN295352v1","986372","986678","21","22231809"
"chr25","23219318","23219529","KN295352v1","985293","985503","11","22234025"
"chr25","23277673","23277979","KN296806v1","78148","78452","39","23199525"
"chr25","23509030","23509330","KN295352v1","687857","688138","30","22821173"
"chr25","23624914","23625081","KN294451v1","850657","850819","28","22774257"
"chr25","23652319","23652440","KN295171v1","774709","774836","21","22877610"
"chr25","23668577","23668888","KN295352v1","523531","523844","10","23145046"
"chr25","23694686","23694970","KN295352v1","496317","496598","13","23198369"
"chr25","23741945","23742248","KN295352v1","447012","447311","16","23294933"
"chr25","24148089","24148221","KN297432v1","384377","384510","33","23763712"
"chr25","24206228","24206508","KN295922v1","182577","182857","18","24023651"
"chr25","24535417","24535737","KN296775v1","1052668","1052977","39","23482749"
"chr25","24853641","24853910","KN296496v1","462872","463147","17","24390769"
"chr25","24900317","24900484","KN295209v1","548634","548801","40","24351683"
"chr25","24927691","24927984","KN296496v1","538146","538424","23","24389545"
"chr25","24933298","24933607","KN294499v1","899277","899580","42","24034021"
"chr25","25276394","25276697","KN294837v1","421876","422183","37","24854518"
"chr25","25326544","25326831","KN294506v1","235047","235332","29","25091497"
"chr25","25348182","25348491","KN295962v1","972250","972558","39","24375932"
"chr25","25412111","25412413","KN294205v1","826560","826863","39","24585551"
"chr25","25461997","25462294","KN295394v1","630346","630640","43","24831651"
"chr25","25481044","25481370","KN295294v1","3735345","3735670","51","21745699"
"chr25","25498051","25498229","KN295967v1","467933","468109","29","25030118"
"chr25","25512852","25513152","KN294842v1","297954","298253","41","25214898"
"chr25","25562169","25562478","KN296380v1","7066","7372","40","25555103"
"chr25","25590788","25591097","KN295962v1","972250","972558","39","24618538"
"chr25","25612580","25612881","KN294416v1","303238","303546","32","25309342"
"chr25","25683911","25684207","KN294172v1","1462531","1462825","37","24221380"
"chr25","25759718","25759891","KN296311v1","3180381","3180555","29","22579337"
"chr25","25772203","25772513","KN296609v1","1410682","1410982","33","24361521"
"chr25","25818063","25818371","KN294251v1","2039161","2039471","35","23778902"
"chr25","26134903","26135101","KN297032v1","308157","308361","41","25826746"
"chr25","26371474","26371775","KN295871v1","678303","678603","30","25693171"
"chr25","26595224","26595522","KN294922v1","106205","106504","38","26489019"
"chr25","26643790","26644085","KN297452v1","1979430","1979725","35","24664360"
"chr25","26658611","26658926","KN295122v1","332244","332552","43","26326367"
"chr25","26761707","26761990","KN294940v1","380863","381150","34","26380844"
"chr25","26960075","26960372","KN297452v1","1979430","1979725","33","24980645"
"chr25","26963074","26963377","KN294446v1","290641","290939","41","26672433"
"chr25","27005418","27005732","KN296495v1","1779605","1779915","40","25225813"
"chr25","27015788","27016053","KN296255v1","602818","603100","51","26412970"
"chr25","27053469","27053766","KN294619v1","1596339","1596639","42","25457130"
"chr25","27157518","27157818","KN294372v1","2123275","2123571","47","25034243"
"chr25","27252789","27253083","KN296495v1","1915876","1916172","39","25336913"
"chr25","27269303","27269588","KN294506v1","235047","235332","34","27034256"
"chr25","27304841","27304858","KN294726v1","413556","413570","8","26891285"
"chr25","27305158","27305320","KN297442v1","1675403","1675576","42","25629755"
"chr25","27331633","27331887","KN295523v1","1167591","1167841","54","26164042"
"chr25","27338256","27338550","KN297008v1","4050814","4051111","42","23287442"
"chr25","27398787","27399082","KN296000v1","1247118","1247423","42","26151669"
"chr25","27433150","27433364","KN296859v1","1427369","1427572","69","26005781"
"chr25","27617860","27618075","KN294790v1","808923","809138","34","26808937"
"chr25","27636849","27637146","KN294446v1","290641","290939","34","27346208"
"chr25","28505489","28505715","KN295371v1","756383","756611","10","27749106"
"chr25","28527808","28528116","KN295371v1","733959","734269","17","27793849"
"chr25","28628092","28628360","KN294444v1","329995","330265","35","28298097"
"chr25","28637733","28638041","KN295371v1","619650","619955","17","28018083"
"chr25","29003494","29003802","KN295371v1","255428","255736","8","28748066"
"chr25","29064479","29064789","KN295371v1","190620","190920","20","28873859"
"chr25","29108627","29108905","KN295371v1","142136","142449","42","28966491"
"chr25","29117935","29118243","KN295371v1","132842","133146","15","28985093"
"chr25","29309215","29309524","KN295930v1","122697","123007","42","29186518"
"chr25","29396857","29397157","KN294399v1","115875","116174","35","29280982"
"chr25","29420511","29420798","KN294407v1","804694","804981","41","28615817"
"chr25","29432443","29432723","KN296761v1","774603","774879","28","28657840"
"chr25","29457602","29457892","KN294520v1","1300419","1300723","44","28157183"
"chr25","29465109","29465300","KN294416v1","523339","523527","27","28941770"
"chr25","29526801","29527026","KN296062v1","1353746","1353981","54","28173055"
"chr25","30122501","30122789","KN295405v1","157962","158246","43","29964539"
"chr25","30568205","30568515","KN296424v1","500396","500704","41","30067809"
"chr25","30703499","30703808","KN296201v1","1089936","1090239","39","29613563"
"chr25","31414624","31414924","KN297197v1","4684189","4684491","42","26730435"
"chr25","32020112","32020268","KN295814v1","1118418","1118576","31","30901694"
"chr25","32081433","32081735","KN294181v1","167090","167370","65","31914343"
"chr25","34583758","34583993","KN294421v1","680666","680909","43","33903092"
"chr25","35135327","35135633","KN294850v1","121634","121934","43","35013693"
"chr25","35840355","35840629","KN294229v1","183139","183412","48","35657216"
"chr25","36296714","36297002","KN297415v1","884875","885181","30","35411839"
"chr25","37620262","37620570","KN296119v1","3556005","3556313","40","34064257"
"chr25","38031009","38031313","KN296157v1","2601419","2601721","50","35429590"
"chr25","38095243","38095552","KN295983v1","199220","199530","56","37896023"
"chr25","38104182","38104482","KN295394v1","630346","630640","39","37473836"
"chr25","38143043","38143368","KN296538v1","193946","194263","62","37949097"
"chr25","38217994","38218256","KN294897v1","138774","139038","44","38079220"
"chr25","38432718","38432997","KN296138v1","156760","157041","47","38275958"
"chr25","38936187","38936501","KN296795v1","1652879","1653197","51","37283308"
"chr25","39226975","39227281","KN296484v1","1024460","1024770","42","38202515"
"chr25","39815044","39815335","KN297354v1","164517","164806","13","39650527"
"chr25","40283567","40283870","KN296484v1","1024460","1024770","38","39259107"
"chr25","40794705","40794996","KN297354v1","1159872","1160171","21","39634833"
"chr25","41364144","41364394","KN294262v1","122442","122692","11","41241702"
"chr25","41413287","41413612","KN294536v1","1166329","1166654","51","40246958"
"chr25","41679039","41679333","KN294262v1","433610","433898","36","41245429"
"chr25","41679547","41679868","KN295363v1","611888","612208","59","41067659"
"chr25","42088713","42088992","KN296900v1","114935","115220","50","41973778"
"chr25","42170098","42170409","KN294262v1","941123","941434","14","41228975"
"chr25","42291226","42291509","KN296836v1","951909","952194","41","41339317"
"chr25","42291548","42291559","KN297008v1","5363769","5363781","2","36927779"
"chr25","42377269","42377553","KN294262v1","1168420","1168702","10","41208849"
"chr25","42765358","42765658","KN294262v1","1554642","1554942","16","41210716"
"chr25","42966756","42967051","KN294262v1","1770527","1770834","29","41196229"
"chr25","43243635","43243940","KN294262v1","2049278","2049583","10","41194357"
"chr25","43348452","43348760","KN294262v1","2164775","2165084","32","41183677"
"chr25","43408326","43408604","KN295257v1","348260","348541","37","43060066"
"chr25","43480901","43481183","KN294262v1","2290484","2290766","10","41190417"
"chr25","43707209","43707369","KN294980v1","230782","230955","40","43476427"
"chr25","44076703","44077011","KN294262v1","2908633","2908941","22","41168070"
"chr25","44195494","44195806","KN294561v1","645779","646083","44","43549715"
"chr25","44276687","44277005","KN296404v1","3920087","3920405","10","40356600"
"chr25","44312760","44312967","KN294571v1","2367043","2367240","53","41945717"
"chr25","44315971","44316254","KN296404v1","3881143","3881420","18","40434828"
"chr25","44322330","44322627","KN296495v1","2925731","2926025","35","41396599"
"chr25","45165466","45165772","KN296404v1","3005781","3006101","31","42159685"
"chr25","45245587","45245880","KN296404v1","2924741","2925028","20","42320846"
"chr25","45394848","45395156","KN296404v1","2778812","2779121","18","42616036"
"chr25","45650903","45651201","KN296404v1","2521054","2521347","16","43129849"
"chr25","45673321","45673612","KN296404v1","2496020","2496310","15","43177301"
"chr25","45829709","45829973","KN296404v1","2339345","2339611","16","43490364"
"chr25","45961579","45961881","KN296404v1","2204509","2204811","19","43757070"
"chr25","45965523","45965826","KN296404v1","2200608","2200910","12","43764915"
"chr25","46121579","46121593","KN295249v1","604887","604900","3","45516692"
"chr25","46121620","46121896","KN296009v1","1376950","1377229","41","44744670"
"chr25","46178449","46178713","KN296404v1","1985240","1985503","12","44193209"
"chr25","46184907","46185199","KN296404v1","1978457","1978753","18","44206450"
"chr25","46201452","46201734","KN296404v1","1962780","1963053","24","44238672"
"chr25","46202959","46203268","KN296682v1","3268933","3269243","34","42934026"
"chr25","46217014","46217311","KN296404v1","1946757","1947053","20","44270257"
"chr25","46249916","46250212","KN296404v1","1914656","1914947","25","44335260"
"chr25","46309734","46310044","KN296404v1","1854220","1854524","21","44455514"
"chr25","46382172","46382347","KN296174v1","30392","30557","30","46351780"
"chr25","46382380","46382393","KN294281v1","33425","33435","4","46348955"
"chr25","46470598","46470905","KN296404v1","1694249","1694557","16","44776349"
"chr25","46532046","46532344","KN296380v1","7066","7372","44","46524980"
"chr25","46564276","46564567","KN296404v1","1600331","1600621","14","44963945"
"chr25","46615366","46615582","KN297154v1","1934010","1934222","61","44681356"
"chr25","47172983","47173262","KN296404v1","986496","986777","20","46186487"
"chr25","47475160","47475476","KN297197v1","4684189","4684491","44","42790971"
"chr25","47730275","47730438","KN294548v1","1393080","1393238","23","46337195"
"chr25","48383067","48383461","KN294372v1","2148036","2148414","100","46235031"
"chr25","48472483","48472765","KN297452v1","339686","339987","35","48132797"
"chr25","48488100","48488273","KN296486v1","1714803","1714969","35","46773297"
"chr25","48650640","48650938","KN297452v1","516100","516390","22","48134540"
"chr25","48780637","48780941","KN297452v1","657719","658018","19","48122918"
"chr25","48838176","48838489","KN295725v1","1461230","1461528","53","47376946"
"chr25","48841666","48841826","KN296311v1","1013861","1014022","27","47827805"
"chr25","49020671","49020824","KN297008v1","1441000","1441155","33","47579671"
"chr25","49034567","49034859","KN294421v1","1012805","1013097","36","48021762"
"chr25","49080574","49080892","KN294407v1","973531","973853","42","48107043"
"chr25","49203598","49203652","KN295045v1","1336617","1336651","22","47866981"
"chr25","49239102","49239409","KN297322v1","1320329","1320630","35","47918773"
"chr25","49539790","49540082","KN297452v1","1439185","1439488","20","48100605"
"chr25","49712883","49713192","KN297452v1","1619835","1620139","25","48093048"
"chr25","49780410","49780718","KN297452v1","1685054","1685372","20","48095356"
"chr25","49863050","49863346","KN297452v1","1765523","1765830","26","48097527"
"chr25","49958387","49958670","KN297452v1","1871062","1871349","19","48087325"
"chr25","49974899","49975058","KN295236v1","4028993","4029150","28","45945906"
"chr25","50001695","50001975","KN297452v1","1916843","1917139","32","48084852"
"chr25","50030214","50030415","KN295045v1","1182493","1182695","34","48847721"
"chr25","50056740","50056996","KN297452v1","1973926","1974173","17","48082814"
"chr25","50062382","50062682","KN297452v1","1979430","1979725","17","48082952"
"chr25","50068675","50068963","KN297452v1","1990438","1990722","17","48078237"
"chr25","50079584","50079872","KN297452v1","1990438","1990722","17","48089146"
"chr25","50133857","50134181","KN297452v1","2046169","2046464","37","48087688"
"chr25","50141838","50142144","KN297452v1","2054646","2054954","30","48087192"
"chr25","50169005","50169333","KN294187v1","1156422","1156744","48","49012583"
"chr25","50594418","50594727","KN297452v1","2523474","2523783","22","48070944"
"chr25","50747358","50747657","KN295984v1","811714","812012","31","49935644"
"chr25","51037749","51038037","KN297452v1","2983899","2984188","10","48053850"
"chr25","51104760","51104938","KN296119v1","3355213","3355396","39","47749547"
"chr25","51230985","51231262","KN294187v1","907689","907968","56","50323296"
"chr25","51236885","51237187","KN297452v1","3189237","3189540","12","48047648"
"chr25","51777699","51778011","KN296380v1","7066","7372","32","51770633"
"chr25","52032771","52032946","KN296062v1","1814487","1814665","33","50218284"
"chr25","52144729","52145037","KN296157v1","4280337","4280642","20","47864392"
"chr25","52199436","52199738","KN296157v1","4225287","4225589","15","47974149"
"chr25","52513829","52514146","KN296157v1","3901689","3902044","49","48612140"
"chr25","53280815","53281102","KN296157v1","3136719","3137016","26","50144096"
"chr25","53312337","53312636","KN296157v1","3104177","3104485","19","50208160"
"chr25","53452033","53452326","KN296157v1","2966435","2966739","26","50485598"
"chr25","53822452","53822752","KN296157v1","2601419","2601721","17","51221033"
"chr25","53881812","53882090","KN296157v1","2540314","2540615","32","51341498"
"chr25","53959228","53959528","KN296157v1","2457677","2457976","10","51501551"
"chr25","54269926","54270223","KN296157v1","2131007","2131303","13","52138919"
"chr25","54438092","54438379","KN294325v1","243525","243812","42","54194567"
"chr25","54667647","54667956","KN296157v1","1719780","1720089","21","52947867"
"chr25","54681967","54682285","KN296157v1","1705395","1705711","19","52976572"
"chr25","54991890","54992193","KN296157v1","1399235","1399535","16","53592655"
"chr25","55017910","55018043","KN295171v1","774709","774836","43","54243201"
"chr25","55216943","55217130","KN296991v1","1005798","1006002","38","54211145"
"chr25","55240470","55240608","KN295236v1","151283","151434","42","55089187"
"chr25","55353594","55353874","KN295586v1","5293886","5294167","36","50059708"
"chr25","55462316","55462612","KN296157v1","912334","912632","16","54549982"
"chr25","55522803","55523111","KN295923v1","1430363","1430659","41","54092440"
"chr25","55694172","55694464","KN296157v1","667055","667354","22","55027117"
"chr25","55935799","55936089","KN296157v1","416509","416778","39","55519290"
"chr25","56103787","56104001","KN294339v1","34283","34502","30","56069504"
"chr25","56120936","56121218","KN296157v1","216178","216453","23","55904758"
"chr25","56976143","56976449","KN296484v1","1024460","1024770","35","55951683"
"chr25","57013294","57013568","KN296749v1","69439","69705","19","56943855"
"chr25","57394673","57394843","KN297154v1","211161","211330","24","57183512"
"chr25","57612446","57612724","KN296749v1","681793","682073","9","56930653"
"chr25","57645235","57645501","KN296749v1","716346","716616","16","56928889"
"chr25","57675972","57676259","KN296749v1","748161","748444","25","56927811"
"chr25","57676294","57676307","KN294488v1","377499","377511","2","57298795"
"chr25","57794088","57794382","KN296749v1","860382","860672","23","56933706"
"chr25","58020335","58020643","KN294385v1","291689","291997","36","57728646"
"chr25","58192912","58193198","KN296749v1","1245609","1245912","32","56947303"
"chr25","58751297","58751559","KN296943v1","295934","296196","17","58455363"
"chr25","59355992","59356291","KN294208v1","506677","506971","22","58849315"
"chr25","59864188","59864502","KN296859v1","19469","19783","12","59844719"
"chr25","59867081","59867362","KN296859v1","22358","22640","15","59844723"
"chr25","60867089","60867276","KN296119v1","3355213","3355396","39","57511876"
"chr25","61023414","61023710","KN296859v1","1181668","1181972","17","59841746"
"chr25","61060532","61060822","KN296859v1","1216457","1216749","16","59844075"
"chr25","61099980","61100285","KN296859v1","1257702","1258007","13","59842278"
"chr25","61196244","61196552","KN296859v1","1362058","1362367","15","59834186"
"chr25","61200131","61200411","KN296859v1","1366227","1366507","19","59833904"
"chr25","61355813","61356105","KN296859v1","1529236","1529527","20","59826577"
"chr25","61520491","61520628","KN296320v1","206630","206772","43","61313861"
"chr25","61520671","61520705","KN296959v1","185149","185176","10","61335522"
"chr25","61556317","61556610","KN296859v1","1732774","1733074","14","59823543"
"chr25","61645649","61645953","KN296859v1","1824132","1824437","12","59821517"
"chr25","62153238","62153529","KN297105v1","3827248","3827543","24","58325990"
"chr25","62572139","62572437","KN294592v1","51794","52092","34","62520345"
"chr25","62806842","62807145","KN295091v1","924044","924353","39","61882798"
"chr25","62894957","62895179","KN297105v1","3133628","3133851","10","59761329"
"chr25","62914071","62914376","KN297044v1","108239","108545","35","62805832"
"chr25","62983903","62984196","KN297105v1","3043670","3043968","13","59940233"
"chr25","63007929","63008230","KN296926v1","812181","812484","36","62195748"
"chr25","63037458","63037869","KN295893v1","2525842","2526192","119","60511616"
"chr25","63068772","63069068","KN296290v1","599670","599966","33","62469102"
"chr25","63155177","63155474","KN295854v1","1504180","1504481","39","61650997"
"chr25","63462030","63462345","KN297105v1","2552155","2552462","27","60909875"
"chr25","63633222","63633541","KN294499v1","2542984","2543291","43","61090238"
"chr25","64080453","64080733","KN297105v1","1924924","1925213","34","62155529"
"chr25","64084642","64084950","KN297105v1","1920247","1920538","32","62164395"
"chr25","64286136","64286306","KN297154v1","211161","211330","28","64074975"
"chr25","64413744","64414037","KN296296v1","66249","66543","31","64347495"
"chr25","65565003","65565287","KN295596v1","1362506","1362781","36","64202497"
"chr25","66304358","66304656","KN297165v1","340317","340624","20","65964041"
"chr25","66383181","66383491","KN297165v1","414047","414357","14","65969134"
"chr25","66448753","66449037","KN297165v1","478995","479278","11","65969758"
"chr25","66636364","66636648","KN294217v1","1056246","1056533","34","65580118"
"chr25","66663360","66663664","KN297165v1","699345","699617","49","65964015"
"chr25","66771382","66771666","KN297165v1","811895","812177","14","65959487"
"chr25","66905736","66906032","KN297165v1","948615","948959","60","65957121"
"chr25","67226705","67226891","KN296119v1","3355213","3355396","41","63871492"
"chr25","67255387","67255687","KN297165v1","1307540","1307837","34","65947847"
"chr25","67303437","67303730","KN297165v1","1355223","1355511","15","65948214"
"chr25","67348858","67349152","KN295883v1","364520","364802","46","66984338"
"chr25","67423870","67424177","KN294964v1","864674","864972","36","66559196"
"chr25","68002128","68002309","KN297165v1","2069338","2069519","6","65932790"
"chr25","68141339","68141632","KN297165v1","2212201","2212501","18","65929138"
"chr25","68171073","68171385","KN296486v1","447375","447682","42","67723698"
"chr25","68393194","68393538","KN296877v1","176991","177339","67","68216203"
"chr25","68480862","68481035","KN295349v1","47758","47931","34","68433104"
"chr25","68481325","68481460","KN296062v1","2505119","2505254","15","65976206"
"chr25","68565480","68565782","KN297165v1","2629772","2630074","17","65935708"
"chr25","68708329","68708635","KN297165v1","2799798","2800104","12","65908531"
"chr25","68718760","68718994","KN296831v1","238752","238977","53","68480008"
"chr25","68731977","68732257","KN297165v1","2822373","2822654","13","65909604"
"chr25","68749390","68749652","KN297276v1","510912","511184","47","68238478"
"chr25","68833717","68834015","KN297165v1","2924655","2924947","16","65909062"
"chr25","68958595","68958664","KN295614v1","28241","28303","26","68930354"
"chr25","69022362","69022641","KN294493v1","377513","377791","34","68644849"
"chr25","69163024","69163355","KN297165v1","3269497","3269812","46","65893527"
"chr25","69188017","69188315","KN297165v1","3292079","3292377","13","65895938"
"chr25","69286189","69286470","KN296009v1","1376950","1377229","34","67909239"
"chr25","69539669","69539938","KN297165v1","3648948","3649229","18","65890721"
"chr25","69554764","69555041","KN297165v1","3664397","3664665","32","65890367"
"chr25","69895649","69895950","KN297165v1","4006820","4007119","15","65888829"
"chr25","70106819","70107108","KN297165v1","4216841","4217113","39","65889978"
"chr25","70306997","70307306","KN294548v1","1546079","1546390","17","68760918"
"chr25","70320757","70321017","KN294548v1","1532009","1532271","11","68788748"
"chr25","70366661","70366915","KN294548v1","1486220","1486474","14","68880441"
"chr25","70430434","70430735","KN294548v1","1421172","1421466","18","69009262"
"chr25","70458237","70458545","KN294292v1","71877","72183","37","70386360"
"chr25","70646847","70647148","KN297133v1","437372","437675","37","70209475"
"chr25","70712403","70712575","KN296153v1","2118691","2118861","24","68593712"
"chr25","71050444","71050745","KN294668v1","4045257","4045554","59","67005187"
"chr25","71152312","71152595","KN294548v1","707024","707328","29","70445288"
"chr25","71252936","71253238","KN294548v1","598915","599213","21","70654021"
"chr25","71256885","71257171","KN294548v1","594991","595277","15","70661894"
"chr25","71519016","71519319","KN294548v1","321771","322071","14","71197245"
"chr25","71522099","71522392","KN294548v1","318732","319026","22","71203367"
"chr25","71527963","71528254","KN297452v1","1979430","1979725","27","69548533"
"chr25","71543597","71543890","KN295075v1","252071","252359","40","71291526"
"chr25","71544882","71545173","KN294548v1","296620","296907","25","71248262"
"chr25","71651019","71651340","KN294548v1","186910","187203","39","71464109"
"chr25","71923231","71923541","KN296062v1","704848","705157","36","71218383"
"chr25","72085190","72085493","KN296526v1","33090","33393","39","72052100"
"chr25","72112876","72113183","KN295441v1","444133","444441","32","71668743"
"chr25","72131808","72132089","KN297227v1","240655","240937","35","71891153"
"chr25","72171250","72171552","KN295343v1","373896","374196","37","71797354"
"chr25","72237096","72237405","KN296201v1","1089936","1090239","47","71147160"
"chr25","72288792","72288947","KN295294v1","769026","769186","29","71519766"
"chr25","72336099","72336411","KN296311v1","4507488","4507798","37","67828611"
"chr25","72351031","72351338","KN296093v1","185428","185734","32","72165603"
"chr25","72356980","72357270","KN295205v1","895603","895898","37","71461377"
"chr25","72465189","72465352","KN297154v1","1695463","1695633","46","70769726"
"chr25","72481624","72481899","KN296201v1","2225366","2225632","40","70256258"
"chr25","72541077","72541374","KN294540v1","651367","651664","40","71889710"
"chr25","72557403","72557698","KN295854v1","1504180","1504481","35","71053223"
"chr25","72591205","72591500","KN294571v1","2837988","2838277","34","69753217"
"chr25","72606059","72606342","KN297141v1","791776","792061","37","71814283"
"chr25","72646409","72646712","KN295923v1","1430363","1430659","42","71216046"
"chr25","72647860","72648167","KN297274v1","1522104","1522408","39","71125756"
"chr25","72827550","72827862","KN294385v1","291689","291997","32","72535861"
"chr25","72834272","72834568","KN294619v1","1362925","1363220","34","71471347"
"chr25","72950536","72950764","KN295633v1","200390","200624","30","72750146"
"chr25","72977446","72977734","KN295633v1","380279","380574","43","72597167"
"chr25","73000800","73001000","KN296086v1","825589","825753","67","72175211"
"chr25","73025754","73026035","KN294987v1","598695","598975","44","72427059"
"chr25","73127970","73128249","KN294733v1","466530","466814","48","72661440"
"chr25","73188751","73189062","KN294199v1","195562","195867","44","72993189"
"chr25","73214504","73214789","KN294940v1","380863","381150","44","72833641"
"chr25","73595283","73595581","KN295586v1","5713036","5713339","34","67882247"
"chr25","73597033","73597326","KN295236v1","1562516","1562803","40","72034517"
"chr25","73625630","73625897","KN296588v1","754551","754830","41","72871079"
"chr25","73832400","73832726","KN296588v1","1410475","1410784","55","72421925"
"chr25","74182981","74183279","KN294911v1","2237890","2238186","33","71945091"
"chr25","74457104","74457405","KN295586v1","5713036","5713339","37","68744068"
"chr25","74539553","74539839","KN294879v1","746377","746668","52","73793176"
"chr25","74561406","74561703","KN296864v1","1098087","1098388","34","73463319"
"chr25","74758633","74758941","KN294234v1","2615475","2615781","49","72143158"
"chr25","74760427","74760578","KN296802v1","753722","753872","29","74006705"
"chr25","75046493","75046782","KN296726v1","936728","937013","40","74109765"
"chr25","75087709","75088000","KN294569v1","384817","385107","43","74702892"
"chr25","75229814","75230151","KN297452v1","1119950","1120276","42","74109864"
"chr25","75443206","75443504","KN294372v1","2056206","2056510","41","73387000"
"chr25","75451710","75452021","KN296935v1","62542","62848","37","75389168"
"chr25","75464472","75464766","KN296311v1","3031447","3031738","59","72433025"
"chr25","75507607","75507900","KN295209v1","62414","62708","40","75445193"
"chr25","75508729","75509027","KN294668v1","4045257","4045554","35","71463472"
"chr25","75724707","75725007","KN294790v1","4553461","4553757","36","71171246"
"chr25","75921655","75921933","KN294705v1","870227","870507","40","75051428"
"chr25","75930002","75930307","KN294446v1","290641","290939","42","75639361"
"chr25","75938118","75938418","KN294443v1","686140","686441","42","75251978"
"chr25","76116617","76116916","KN296079v1","1284349","1284655","46","74832268"
"chr25","76305257","76305574","KN296864v1","3059211","3059513","42","73246046"
"chr25","76344294","76344502","KN295402v1","1054314","1054523","29","75289980"
"chr25","76449126","76449364","KN296153v1","1322088","1322324","44","75127038"
"chr25","76530416","76530719","KN294520v1","1300419","1300723","35","75229997"
"chr25","76571205","76571506","KN294613v1","441189","441484","37","76130016"
"chr25","76789568","76789900","KN297274v1","1412869","1413197","50","75376699"
"chr25","77093654","77093950","KN295090v1","291736","292032","41","76801918"
"chr25","77214487","77214796","KN294385v1","291689","291997","33","76922798"
"chr25","77243629","77243936","KN294591v1","115642","115945","36","77127987"
"chr25","77341581","77341878","KN294540v1","651367","651664","36","76690214"
"chr25","77560922","77561182","KN297197v1","3429038","3429300","37","74131884"
"chr25","77611616","77611916","KN295075v1","252071","252359","47","77359545"
"chr25","77655967","77656263","KN295034v1","604953","605250","36","77051014"
"chr25","78058460","78058796","KN294251v1","874353","874679","71","77184107"
"chr25","78184575","78184868","KN296339v1","1558157","1558456","49","76626418"
"chr25","78302745","78303048","KN294747v1","866490","866789","40","77436255"
"chr25","78329188","78329468","KN294399v1","178526","178809","35","78150662"
"chr25","78547475","78547659","KN296119v1","3355213","3355396","34","75192262"
"chr25","78960325","78960622","KN297452v1","1979430","1979725","32","76980895"
"chr25","79026794","79027006","KN296424v1","293115","293333","53","78733679"
"chr25","79101070","79101372","KN295963v1","422233","422537","41","78678837"
"chr25","79119232","79119511","KN294234v1","2300321","2300606","36","76818911"
"chr25","79138958","79139261","KN294705v1","1109306","1109614","40","78029652"
"chr25","79176312","79176599","KN295857v1","32063","32348","39","79144249"
"chr25","79222527","79222832","KN296484v1","165139","165443","46","79057388"
"chr25","79357529","79357835","KN296079v1","735963","736271","40","78621566"
"chr25","79405596","79405898","KN297044v1","108239","108545","38","79297357"
"chr25","79504569","79504817","KN297264v1","52862","53109","37","79451707"
"chr25","79943917","79944219","KN295571v1","563591","563893","35","79380326"
"chr25","79997909","79998212","KN294499v1","2132778","2133080","31","77865131"
"chr25","79999022","79999316","KN297190v1","6531045","6531340","32","73467977"
"chr25","80095443","80095749","KN295038v1","755697","756003","32","79339746"
"chr25","80104300","80104561","KN294825v1","131262","131525","37","79973038"
"chr25","80164672","80164964","KN294613v1","441189","441484","40","79723483"
"chr25","80191465","80191760","KN296296v1","66249","66543","33","80125216"
"chr25","80258169","80258455","KN296079v1","1016819","1017116","45","79241350"
"chr25","80363494","80363796","KN294850v1","147480","147784","41","80216014"
"chr25","80392770","80393060","KN294192v1","872123","872412","43","79520647"
"chr25","80747509","80747816","KN294454v1","202705","203013","45","80544804"
"chr25","80802785","80803067","KN294399v1","178526","178809","47","80624259"
"chr25","80864443","80864744","KN296119v1","3719343","3719648","38","77145100"
"chr25","81020390","81020668","KN297229v1","281810","282088","30","80738580"
"chr25","81382176","81382443","KN295362v1","113903","114168","44","81268273"
"chr25","81468529","81468833","KN296714v1","13919","14225","43","81454610"
"chr25","81501722","81502026","KN294187v1","1070521","1070824","35","80431201"
"chr25","81535235","81535542","KN294499v1","899277","899580","37","80635958"
"chr25","81768424","81768617","KN294416v1","523339","523527","31","81245085"
"chr25","81776781","81776954","KN296174v1","30392","30557","32","81746389"
"chr25","81813912","81814188","KN296726v1","106697","106971","52","81707215"
"chr25","81899700","81899726","KN294675v1","139522","139545","6","81760178"
"chr25","81899765","81900028","KN295315v1","1252934","1253195","40","80646831"
"chr25","81908723","81908991","KN296831v1","373681","373950","34","81535042"
"chr25","81926515","81926814","KN296308v1","858546","858837","43","81067969"
"chr25","81998453","81998608","KN297242v1","3635969","3636126","23","78362484"
"chr25","82044929","82045235","KN295284v1","267335","267639","33","81777594"
"chr25","82206076","82206366","KN295366v1","153538","153829","33","82052538"
"chr25","82265852","82265977","KN295236v1","4199870","4200015","37","78065982"
"chr25","82290715","82290999","KN297227v1","240655","240937","34","82050060"
"chr25","82321661","82321961","KN297095v1","3863835","3864149","55","78457826"
"chr25","82383633","82383917","KN295907v1","1276638","1276913","49","81106995"
"chr25","82514408","82514705","KN295923v1","1430363","1430659","31","81084045"
"chr25","82689164","82689333","KN296922v1","308569","308730","32","82380595"
"chr25","82843753","82844056","KN294583v1","245896","246194","45","82597857"
"chr25","83080017","83080309","KN295962v1","674128","674422","35","82405889"
"chr25","83196368","83196621","KN296180v1","1465546","1465793","37","81730822"
"chr25","83450644","83450952","KN294619v1","236638","236931","48","83214006"
"chr25","83471137","83471433","KN295315v1","1631499","1631797","29","81839638"
"chr25","83514381","83514692","KN294520v1","1300419","1300723","45","82213962"
"chr25","83523456","83523599","KN295667v1","2080488","2080645","35","81442968"
"chr25","83532685","83532977","KN295923v1","1430363","1430659","34","82102322"
"chr25","83610113","83610404","KN295365v1","309370","309666","34","83300743"
"chr25","83742162","83742186","KN294484v1","362325","362343","11","83379837"
"chr25","83742326","83742375","KN295045v1","1336617","1336651","22","82405709"
"chr25","83765899","83766176","KN295366v1","153538","153829","71","83612361"
"chr25","83798872","83799074","KN295894v1","2215631","2215837","31","81583241"
"chr25","83897046","83897327","KN296009v1","1376950","1377229","33","82520096"
"chr25","84000056","84000347","KN295075v1","252071","252359","34","83747985"
"chr25","84001332","84001608","KN295034v1","37220","37497","56","83964112"
"chr25","84004754","84005050","KN296958v1","337794","338086","45","83666960"
"chr25","84045898","84046186","KN296167v1","390890","391180","35","83655008"
"chr25","84063547","84063842","KN295343v1","373896","374196","39","83689651"
"chr25","84367407","84367722","KN295430v1","194615","194934","40","84172792"
"chr25","84549099","84549397","KN296079v1","3084734","3085029","28","81464365"
"chr25","84567883","84568184","KN295854v1","1504180","1504481","36","83063703"
"chr25","85207111","85207268","KN296829v1","582931","583096","39","84624180"
"chr25","85540657","85540972","KN297028v1","655130","655446","37","84885527"
"chr25","85722039","85722330","KN297452v1","1979430","1979725","29","83742609"
"chr25","85723663","85723982","KN295919v1","42663","42982","15","85681000"
"chr25","85752490","85752789","KN295919v1","16501","16794","22","85735989"
"chr25","85761835","85762140","KN295919v1","7501","7801","16","85754334"
"chr26","54132524","54132828","KN296849v1","441458","441760","41","53691066"
"chr26","1235201","1235509","KN297253v1","199030","199323","29","1036171"
"chr26","1379501","1379783","KN297253v1","355153","355439","15","1024348"
"chr26","1388827","1389139","KN296004v1","353630","353936","43","1035197"
"chr26","1608633","1608934","KN295102v1","249012","249316","39","1359621"
"chr26","1761050","1761357","KN296119v1","3556005","3556313","43","1794955"
"chr26","1796497","1796910","KN296161v1","986044","986404","114","810453"
"chr26","1842334","1842626","KN294434v1","634651","634938","45","1207683"
"chr26","2222850","2223018","KN296442v1","161809","161973","36","2061041"
"chr26","2260505","2260792","KN295974v1","690483","690778","35","1570022"
"chr26","2471098","2471373","KN296122v1","12736","13010","63","2458362"
"chr26","2878092","2878374","KN296290v1","1258651","1258933","33","1619441"
"chr26","3294460","3294784","KN294790v1","4965383","4965703","51","1670923"
"chr26","3362756","3363047","KN296096v1","2440700","2440989","28","922056"
"chr26","3394106","3394419","KN296484v1","1024460","1024770","35","2369646"
"chr26","3464798","3465030","KN294457v1","410893","411121","35","3053905"
"chr26","3479443","3479751","KN295371v1","619650","619955","37","2859793"
"chr26","3581336","3581662","KN297327v1","425867","426186","52","3155469"
"chr26","4373825","4374135","KN296380v1","7066","7372","33","4366759"
"chr26","4491037","4491331","KN294561v1","623087","623382","30","3867950"
"chr26","4493489","4493634","KN295301v1","1224012","1224152","51","3269477"
"chr26","4528315","4528596","KN294172v1","1980480","1980761","37","2547835"
"chr26","4626487","4626800","KN295930v1","122697","123007","38","4503790"
"chr26","4696361","4696692","KN297274v1","1412869","1413197","47","3283492"
"chr26","4797750","4798044","KN294540v1","651367","651664","32","4146383"
"chr26","4812441","4812600","KN296086v1","825589","825753","40","3986852"
"chr26","4862745","4863036","KN295366v1","153538","153829","31","4709207"
"chr26","4933647","4933812","KN296547v1","644921","645084","27","4288726"
"chr26","4998001","4998295","KN295962v1","2488019","2488313","30","2509982"
"chr26","5262965","5263231","KN296992v1","3431","3674","48","5259534"
"chr26","5350722","5351029","KN294520v1","1300419","1300723","41","4050303"
"chr26","5380758","5381072","KN295449v1","1304761","1305062","45","4075997"
"chr26","5389944","5390093","KN296086v1","825589","825753","41","4564355"
"chr26","5405830","5406050","KN295449v1","1272311","1272531","16","4133519"
"chr26","5770025","5770331","KN297083v1","336698","337008","25","5433327"
"chr26","5834379","5834690","KN294499v1","2542984","2543291","34","3291395"
"chr26","6037005","6037308","KN297095v1","2306767","2307073","44","3730238"
"chr26","6218109","6218397","KN297083v1","773279","773550","32","5444830"
"chr26","6373055","6373360","KN297083v1","931583","931897","22","5441472"
"chr26","6390121","6390403","KN297083v1","948629","948905","14","5441492"
"chr26","6403394","6403682","KN297083v1","962277","962581","26","5441117"
"chr26","6500146","6500460","KN294700v1","15177","15481","28","6484969"
"chr26","6663614","6663922","KN294700v1","181000","181309","14","6482614"
"chr26","6676746","6677039","KN294700v1","199671","199964","9","6477075"
"chr26","6828004","6828300","KN294700v1","358334","358629","11","6469670"
"chr26","7010456","7010757","KN297458v1","153262","153537","33","6857194"
"chr26","7059686","7059970","KN294506v1","235047","235332","40","6824639"
"chr26","7187186","7187493","KN297458v1","339973","340278","21","6847213"
"chr26","7188226","7188486","KN295533v1","879003","879251","49","6309223"
"chr26","7427888","7428070","KN295735v1","895035","895215","38","6532853"
"chr26","7626508","7626672","KN297008v1","1441000","1441155","40","6185508"
"chr26","7632823","7633136","KN295449v1","1304761","1305062","43","6328062"
"chr26","7687340","7687649","KN296453v1","846814","847116","36","6840526"
"chr26","7755735","7756022","KN294462v1","513433","513718","37","7242302"
"chr26","7817387","7817591","KN296859v1","1427369","1427572","32","6390018"
"chr26","7855954","7856248","KN295923v1","336251","336547","33","7519703"
"chr26","7882861","7883185","KN296594v1","162025","162336","48","7720836"
"chr26","7924074","7924384","KN296266v1","138052","138359","38","7786022"
"chr26","7965457","7965732","KN297083v1","773279","773550","43","7192178"
"chr26","7968175","7968317","KN296802v1","753722","753872","31","7214453"
"chr26","7986448","7986751","KN295854v1","1504180","1504481","37","6482268"
"chr26","8127707","8127927","KN295449v1","1272311","1272531","17","6855396"
"chr26","8143784","8143936","KN296086v1","825589","825753","38","7318195"
"chr26","8153006","8153192","KN296119v1","3355213","3355396","41","4797793"
"chr26","8162723","8163025","KN295449v1","1314528","1314827","25","6848195"
"chr26","8424580","8424881","KN295586v1","5713036","5713339","27","2711544"
"chr26","8473161","8473331","KN294790v1","2350797","2350969","33","6122364"
"chr26","8473651","8473786","KN294613v1","59320","59453","15","8414331"
"chr26","8491926","8492103","KN295891v1","15512","15692","28","8476414"
"chr26","8492704","8492720","KN294964v1","594324","594339","5","7898380"
"chr26","8523914","8524092","KN296959v1","1152394","1152569","32","7371520"
"chr26","8578098","8578257","KN297432v1","384377","384510","50","8193721"
"chr26","8790710","8790989","KN295893v1","6651453","6651742","32","2139257"
"chr26","8872772","8873038","KN297172v1","222084","222349","31","8650688"
"chr26","8933372","8933679","KN296484v1","1024460","1024770","39","7908912"
"chr26","8939997","8940295","KN297190v1","1876935","1877233","33","7063062"
"chr26","9007012","9007161","KN294239v1","2205879","2206038","42","6801133"
"chr26","9396838","9397071","KN294439v1","287915","288143","40","9108923"
"chr26","9439276","9439577","KN294287v1","709415","709716","35","8729861"
"chr26","9486625","9486933","KN295526v1","979159","979460","40","8507466"
"chr26","9515273","9515628","KN295919v1","42663","42982","87","9472610"
"chr26","9812523","9812830","KN297133v1","697008","697316","33","9115515"
"chr26","9823856","9824163","KN296880v1","290862","291165","38","9532994"
"chr26","9988931","9989240","KN296380v1","7066","7372","41","9981865"
"chr26","10065661","10066003","KN296210v1","431152","431491","64","9634509"
"chr26","10348814","10349113","KN296577v1","170798","171097","38","10178016"
"chr26","10389129","10389293","KN294980v1","230782","230955","35","10158347"
"chr26","10774801","10775028","KN294372v1","2516220","2516439","41","8258581"
"chr26","10777386","10777678","KN296296v1","66249","66543","36","10711137"
"chr26","10778481","10778781","KN296306v1","3750460","3750760","45","7028021"
"chr26","10779833","10780132","KN295343v1","373896","374196","43","10405937"
"chr26","10836318","10836532","KN295449v1","1272311","1272531","37","9564007"
"chr26","11005174","11005482","KN295154v1","149426","149727","41","10855748"
"chr26","11021364","11021675","KN294585v1","133689","133989","35","10887675"
"chr26","11041811","11042126","KN295820v1","1065330","1065643","23","9976481"
"chr26","11093416","11093696","KN294501v1","2567317","2567598","44","8526099"
"chr26","11215463","11215772","KN296484v1","1024460","1024770","46","10191003"
"chr26","11222526","11222820","KN295820v1","879022","879311","12","10343504"
"chr26","11270623","11270923","KN296761v1","706874","707173","29","10563749"
"chr26","11300664","11300829","KN297327v1","115615","115784","31","11185049"
"chr26","11308297","11308591","KN295962v1","674128","674422","32","10634169"
"chr26","11426409","11426659","KN294226v1","5400","5644","38","11421009"
"chr26","11488272","11488556","KN295287v1","3712","3991","57","11484560"
"chr26","11511676","11511823","KN296743v1","1789514","1789673","37","9722162"
"chr26","11587352","11587639","KN297320v1","356322","356612","30","11231030"
"chr26","11599609","11599856","KN295820v1","507117","507374","21","11092492"
"chr26","11667343","11667638","KN295820v1","439050","439341","23","11228293"
"chr26","11685453","11685755","KN295820v1","418996","419298","15","11266457"
"chr26","11785032","11785323","KN295820v1","314893","315185","19","11470139"
"chr26","12002048","12002224","KN297159v1","634455","634627","26","11367593"
"chr26","12019433","12019732","KN295854v1","1504180","1504481","42","10515253"
"chr26","12020371","12020535","KN296311v1","1013861","1014022","54","11006510"
"chr26","12069704","12070001","KN295820v1","25918","26223","19","12043786"
"chr26","12179261","12179553","KN295586v1","5713036","5713339","21","6466225"
"chr26","12327120","12327432","KN295586v1","5562935","5563239","21","6764185"
"chr26","12401687","12401997","KN294451v1","194657","194961","36","12207030"
"chr26","12596532","12596834","KN294561v1","645779","646083","28","11950753"
"chr26","12597195","12597370","KN295995v1","71091","71264","26","12526104"
"chr26","12628745","12629055","KN295586v1","5261625","5261919","26","7367120"
"chr26","13205282","13205588","KN295586v1","4682874","4683174","24","8522408"
"chr26","14928133","14928397","KN295586v1","2932674","2932939","20","11995459"
"chr26","15171282","15171590","KN294292v1","71877","72183","41","15099405"
"chr26","15351451","15351752","KN295586v1","2496485","2496765","31","12854966"
"chr26","15411927","15412227","KN295586v1","2428444","2428744","11","12983483"
"chr26","15445315","15445625","KN295586v1","2394502","2394812","11","13050813"
"chr26","15447707","15448019","KN295586v1","2392122","2392427","21","13055585"
"chr26","15603293","15603600","KN295586v1","2235572","2235881","18","13367721"
"chr26","15624700","15624861","KN294980v1","230782","230955","35","15393918"
"chr26","15798290","15798588","KN295586v1","2036018","2036316","7","13762272"
"chr26","15831700","15832001","KN295586v1","1999252","1999553","26","13832448"
"chr26","15855525","15855814","KN297354v1","634929","635219","41","15220596"
"chr26","15896876","15897180","KN294205v1","1304053","1304361","42","14592823"
"chr26","15930872","15931158","KN295586v1","1897042","1897344","27","14033830"
"chr26","15962463","15962764","KN295586v1","1864884","1865192","24","14097579"
"chr26","16311785","16312050","KN294825v1","131262","131525","33","16180523"
"chr26","16440206","16440502","KN296682v1","2876495","2876786","48","13563711"
"chr26","16627999","16628304","KN295586v1","1186156","1186474","29","15441843"
"chr26","16740403","16740700","KN294592v1","51794","52092","35","16688609"
"chr26","16904280","16904516","KN296505v1","36934","37162","37","16867346"
"chr26","17006274","17006566","KN295586v1","813393","813686","16","16192881"
"chr26","17017544","17017812","KN295586v1","802151","802421","22","16215393"
"chr26","17035906","17036206","KN295345v1","868768","869065","38","16167138"
"chr26","17159417","17159699","KN296253v1","63975","64266","55","17095442"
"chr26","17191125","17191420","KN295586v1","625684","626003","44","16565441"
"chr26","17229397","17229693","KN294964v1","864674","864972","29","16364723"
"chr26","17277275","17277582","KN294583v1","150468","150773","50","17126807"
"chr26","17362713","17363031","KN295586v1","444000","444313","25","16918713"
"chr26","17583087","17583370","KN296139v1","7891","8178","37","17575196"
"chr26","17685855","17686166","KN295586v1","118716","119000","67","17567139"
"chr26","17686167","17686345","KN295891v1","15512","15692","38","17670655"
"chr26","17709805","17710112","KN295586v1","95118","95422","15","17614687"
"chr26","17755993","17756275","KN294940v1","380863","381150","43","17375130"
"chr26","17804789","17805081","KN294668v1","2003347","2003642","31","15801442"
"chr26","17901195","17901511","KN296761v1","97995","98298","39","17803200"
"chr26","17953916","17953959","KN296316v1","148146","148173","24","17805770"
"chr26","17999540","17999706","KN294451v1","850657","850819","27","17148883"
"chr26","18030344","18030466","KN295171v1","774709","774836","33","17255635"
"chr26","18084937","18085225","KN295671v1","134642","134950","56","17950295"
"chr26","18116479","18116613","KN296959v1","1151950","1152082","18","16964529"
"chr26","18116921","18117083","KN295294v1","769026","769186","28","17347895"
"chr26","18182010","18182265","KN295871v1","832393","832646","36","17349617"
"chr26","18227464","18227767","KN295854v1","1504180","1504481","35","16723284"
"chr26","18345039","18345337","KN294583v1","245896","246194","37","18099143"
"chr26","18405051","18405346","KN296296v1","66249","66543","31","18338802"
"chr26","18412552","18412841","KN294456v1","1400896","1401175","48","17011656"
"chr26","18433664","18433971","KN294825v1","559277","559583","45","17874387"
"chr26","18541838","18542135","KN296806v1","78148","78452","32","18463690"
"chr26","18609688","18609991","KN294619v1","1362925","1363220","40","17246763"
"chr26","18637636","18637932","KN297320v1","356322","356612","31","18281314"
"chr26","18660429","18660593","KN296311v1","1013861","1014022","31","17646568"
"chr26","18669124","18669429","KN296004v1","353630","353936","34","18315494"
"chr26","18708050","18708383","KN297327v1","425867","426186","57","18282183"
"chr26","18730197","18730495","KN295236v1","1688322","1688613","42","17041875"
"chr26","18763537","18763832","KN296296v1","66249","66543","28","18697288"
"chr26","18798449","18798751","KN295346v1","1790082","1790382","36","17008367"
"chr26","18950455","18950749","KN295257v1","1832843","1833134","38","17117612"
"chr26","19069606","19069777","KN296296v1","24619","24786","30","19044987"
"chr26","19084989","19085299","KN295480v1","3172537","3172847","57","15912452"
"chr26","19089331","19089635","KN295343v1","373896","374196","36","18715435"
"chr26","19094816","19095115","KN294536v1","651643","651940","45","18443173"
"chr26","19120860","19121162","KN295102v1","157119","157420","31","18963741"
"chr26","19144247","19144380","KN296959v1","1151950","1152082","16","17992297"
"chr26","19144684","19144862","KN296036v1","1181920","1182098","29","17962764"
"chr26","19167477","19167775","KN295343v1","373896","374196","31","18793581"
"chr26","19184261","19184566","KN295983v1","416706","417016","34","18767555"
"chr26","19259154","19259463","KN294842v1","1341246","1341546","37","17917908"
"chr26","19313178","19313468","KN296864v1","3059211","3059513","46","16253967"
"chr26","19426905","19427067","KN295480v1","2671032","2671189","34","16755873"
"chr26","19465154","19465457","KN294964v1","864674","864972","35","18600480"
"chr26","19474873","19475182","KN296158v1","1695324","1695634","42","17779549"
"chr26","19475989","19476155","KN297154v1","211161","211330","27","19264828"
"chr26","19484072","19484226","KN296430v1","705227","705382","30","18778845"
"chr26","19596434","19596640","KN294921v1","446968","447189","43","19149466"
"chr26","19722941","19723246","KN296145v1","3242116","3242420","29","16480825"
"chr26","19757064","19757364","KN294172v1","6737664","6737958","43","13019400"
"chr26","20085769","20086068","KN295523v1","4153460","4153762","37","15932309"
"chr26","20138383","20138630","KN297264v1","52862","53109","44","20085521"
"chr26","20229997","20230282","KN295075v1","252071","252359","37","19977926"
"chr26","20244882","20245171","KN297044v1","108239","108545","44","20136643"
"chr26","20284273","20284564","KN297190v1","69763","70055","19","20214510"
"chr26","20371095","20371404","KN297190v1","157815","158120","15","20213280"
"chr26","20387710","20388014","KN297190v1","174512","174816","21","20213198"
"chr26","20677018","20677311","KN295523v1","1063802","1064098","30","19613216"
"chr26","21037078","21037363","KN297190v1","831209","831523","35","20205869"
"chr26","21078980","21079271","KN297190v1","873320","873611","11","20205660"
"chr26","21198748","21199030","KN295940v1","74492","74772","43","21124256"
"chr26","21446041","21446344","KN297190v1","1241157","1241454","27","20204884"
"chr26","21918458","21918626","KN296174v1","30392","30557","34","21888066"
"chr26","21918652","21918778","KN295571v1","189855","189980","15","21728797"
"chr26","22020959","22021122","KN297154v1","1695463","1695633","34","20325496"
"chr26","22046468","22046774","KN297190v1","1860717","1861024","21","20185751"
"chr26","22062942","22063252","KN297190v1","1876935","1877233","24","20186007"
"chr26","22445725","22446033","KN297190v1","2275233","2275543","14","20170492"
"chr26","22927468","22927768","KN297190v1","2763053","2763351","15","20164415"
"chr26","23140918","23141204","KN297190v1","2980850","2981145","28","20160068"
"chr26","23367336","23367634","KN297190v1","3210387","3210685","20","20156949"
"chr26","23529824","23530117","KN297190v1","3373303","3373599","12","20156521"
"chr26","23575974","23576189","KN297190v1","3420011","3420220","22","20155963"
"chr26","23740015","23740287","KN297190v1","3577977","3578267","31","20162038"
"chr26","23791945","23792244","KN297190v1","3631501","3631804","21","20160444"
"chr26","23794398","23794711","KN297190v1","3633603","3633897","29","20160795"
"chr26","23819878","23820054","KN296959v1","1152394","1152569","36","22667484"
"chr26","23833162","23833461","KN297190v1","3672635","3672925","21","20160527"
"chr26","23932988","23933287","KN297190v1","3783047","3783352","23","20149941"
"chr26","24101163","24101468","KN297190v1","3955855","3956157","15","20145308"
"chr26","24111765","24112064","KN297190v1","3966488","3966793","17","20145277"
"chr26","24197451","24197598","KN297274v1","2172941","2173098","35","22024510"
"chr26","24197640","24197780","KN296726v1","937746","937877","21","23259894"
"chr26","24362738","24363050","KN297190v1","4220841","4221116","43","20141897"
"chr26","24412073","24412377","KN297452v1","1979430","1979725","46","22432643"
"chr26","24530047","24530353","KN297190v1","4393729","4394031","39","20136318"
"chr26","24575673","24575953","KN297190v1","4442049","4442328","17","20133624"
"chr26","24598691","24598992","KN297190v1","4462460","4462765","19","20136231"
"chr26","24614757","24615062","KN297190v1","4478487","4478786","17","20136270"
"chr26","24670018","24670256","KN297190v1","4537425","4537663","10","20132593"
"chr26","24672553","24672849","KN297190v1","4539973","4540268","21","20132580"
"chr26","24710326","24710617","KN297190v1","4575336","4575627","16","20134990"
"chr26","24747780","24748032","KN297190v1","4612627","4612889","38","20135153"
"chr26","24809227","24809481","KN296682v1","4040014","4040270","35","20769213"
"chr26","25236271","25236576","KN296761v1","97995","98298","47","25138276"
"chr26","25791275","25791567","KN297190v1","5684564","5684844","22","20106711"
"chr26","26340332","26340637","KN297190v1","6240842","6241150","23","20099490"
"chr26","26442961","26443271","KN295893v1","6332598","6332904","34","20110363"
"chr26","26626948","26627231","KN295633v1","2031147","2031431","37","24595801"
"chr26","26640617","26640908","KN297190v1","6549625","6549926","30","20090992"
"chr26","26964088","26964367","KN297190v1","6873549","6873819","25","20090539"
"chr26","27015581","27015864","KN297190v1","6925396","6925685","23","20090185"
"chr26","27257195","27257463","KN294170v1","433975","434244","5","26823220"
"chr26","27410125","27410411","KN295075v1","252071","252359","35","27158054"
"chr26","27423742","27424018","KN294170v1","255694","255987","31","27168048"
"chr26","27473084","27473384","KN294170v1","205638","205933","23","27267446"
"chr26","27546051","27546345","KN294170v1","135390","135690","27","27410661"
"chr26","27593333","27593620","KN294170v1","87073","87368","24","27506260"
"chr26","28023311","28023609","KN296982v1","370377","370685","27","27652934"
"chr26","28042681","28042977","KN297452v1","1979430","1979725","33","26063251"
"chr26","28139234","28139535","KN296982v1","488560","488866","37","27650674"
"chr26","28143578","28143884","KN296557v1","548990","549285","46","27594588"
"chr26","28418081","28418317","KN296982v1","798382","798621","19","27619699"
"chr26","28858597","28858920","KN294181v1","955703","956020","42","27902894"
"chr26","29321184","29321460","KN295964v1","43993","44262","50","29277191"
"chr26","29768174","29768436","KN296306v1","2132653","2132905","35","27635521"
"chr26","30405699","30405999","KN295205v1","296878","297177","17","30108821"
"chr26","30575748","30576058","KN295205v1","462684","462994","9","30113064"
"chr26","30620003","30620313","KN295205v1","511829","512127","29","30108174"
"chr26","30697233","30697527","KN295205v1","590730","591041","39","30106503"
"chr26","30809577","30809887","KN294499v1","899277","899580","36","29910300"
"chr26","30904305","30904579","KN295205v1","802798","803101","34","30101507"
"chr26","30946470","30946780","KN295205v1","845133","845435","18","30101337"
"chr26","30995347","30995674","KN297452v1","1119950","1120276","41","29875397"
"chr26","31130651","31130957","KN295205v1","1033574","1033878","26","30097077"
"chr26","31229058","31229348","KN295205v1","1140127","1140415","15","30088931"
"chr26","31445253","31445544","KN295205v1","1357702","1357984","21","30087551"
"chr26","31597930","31598112","KN295319v1","430475","430648","31","31167455"
"chr26","31645741","31646051","KN295205v1","1562101","1562410","13","30083640"
"chr26","31772407","31772687","KN295205v1","1701713","1702000","30","30070694"
"chr26","31836025","31836319","KN295205v1","1765086","1765385","27","30070939"
"chr26","32011364","32011547","KN294596v1","141115","141287","39","31870249"
"chr26","32019455","32019753","KN294842v1","297954","298253","46","31721501"
"chr26","32019846","32020138","KN296280v1","422869","423161","31","31596977"
"chr26","32025628","32025919","KN295753v1","245053","245324","59","31780575"
"chr26","32307838","32307895","KN295045v1","1336617","1336651","28","30971221"
"chr26","32406261","32406564","KN295257v1","995508","995815","33","31410753"
"chr26","32448565","32448867","KN295102v1","157119","157420","36","32291446"
"chr26","32516009","32516316","KN294385v1","767967","768276","31","31748042"
"chr26","32573767","32574076","KN294520v1","1300419","1300723","39","31273348"
"chr26","32586471","32586778","KN296093v1","185428","185734","41","32401043"
"chr26","32604747","32604940","KN296486v1","1468682","1468869","46","31136065"
"chr26","32670117","32670397","KN295257v1","348260","348541","34","32321857"
"chr26","32683314","32683541","KN294536v1","1559140","1559349","49","31124174"
"chr26","32686138","32686444","KN296880v1","282228","282535","33","32403910"
"chr26","32695982","32696275","KN297047v1","4500385","4500680","47","28195597"
"chr26","32696330","32696653","KN294407v1","973531","973853","42","31722799"
"chr26","32828080","32828337","KN297210v1","51987","52241","34","32776093"
"chr26","32846710","32847007","KN294964v1","864674","864972","36","31982036"
"chr26","32977382","32977687","KN296864v1","3284106","3284408","32","29693276"
"chr26","32995719","32995885","KN296311v1","1013861","1014022","28","31981858"
"chr26","33000633","33000932","KN297452v1","1979430","1979725","29","31021203"
"chr26","33001537","33001840","KN294790v1","71150","71455","14","32930387"
"chr26","33053873","33054132","KN296442v1","546513","546771","31","32507360"
"chr26","33112383","33112682","KN297190v1","6531045","6531340","37","26581338"
"chr26","33261634","33261943","KN294573v1","62756","63063","43","33198878"
"chr26","33353568","33353885","KN295236v1","2902206","2902512","51","30451362"
"chr26","33834675","33834985","KN294520v1","1300419","1300723","38","32534256"
"chr26","33916543","33916837","KN294540v1","651367","651664","38","33265176"
"chr26","34080564","34080878","KN295977v1","136089","136403","46","33944475"
"chr26","34149728","34149983","KN296541v1","431446","431703","42","33718282"
"chr26","34184076","34184320","KN297264v1","52862","53109","36","34131214"
"chr26","34347481","34347794","KN294457v1","81039","81353","39","34266442"
"chr26","34900941","34901247","KN294385v1","767967","768276","36","34132974"
"chr26","34923780","34924074","KN297452v1","1979430","1979725","27","32944350"
"chr26","35668915","35669217","KN294475v1","320272","320570","40","35348643"
"chr26","35709565","35709859","KN294970v1","974452","974753","49","34735113"
"chr26","35875987","35876269","KN296900v1","114935","115220","34","35761052"
"chr26","36583300","36583616","KN296484v1","1024460","1024770","55","35558840"
"chr26","36755933","36756238","KN295102v1","249012","249316","44","36506921"
"chr26","37508235","37508545","KN297044v1","108239","108545","34","37399996"
"chr26","37571559","37571840","KN296970v1","1175434","1175726","55","36396125"
"chr26","37579682","37579980","KN295343v1","373896","374196","33","37205786"
"chr26","37716900","37717194","KN295470v1","272474","272776","42","37444426"
"chr26","37891078","37891412","KN296682v1","2501014","2501334","50","35390064"
"chr26","37943544","37943742","KN294571v1","2367043","2367240","39","35576501"
"chr26","38014559","38014850","KN294187v1","907689","907968","38","37106870"
"chr26","38364933","38365238","KN295898v1","367649","367950","44","37997284"
"chr26","38409509","38409802","KN294582v1","148271","148567","34","38261238"
"chr26","38479149","38479445","KN297452v1","1979430","1979725","38","36499719"
"chr26","38636961","38637272","KN294922v1","720408","720710","48","37916553"
"chr26","38672989","38673160","KN294596v1","141115","141287","31","38531874"
"chr26","38687788","38688034","KN295533v1","879003","879251","30","37808785"
"chr26","38690466","38690778","KN295090v1","1517745","1518055","37","37172721"
"chr26","38735860","38736166","KN294685v1","1346044","1346352","40","37389816"
"chr26","38759497","38759796","KN295343v1","373896","374196","35","38385601"
"chr26","38778888","38779183","KN294484v1","361998","362281","46","38416890"
"chr26","38860058","38860338","KN296079v1","796942","797219","40","38063116"
"chr26","38901163","38901473","KN294591v1","115642","115945","36","38785521"
"chr26","38988862","38989174","KN294987v1","1109317","1109625","44","37879545"
"chr26","39019811","39020120","KN296380v1","7066","7372","32","39012745"
"chr26","39219624","39219929","KN295586v1","4682874","4683174","37","34536750"
"chr26","39238579","39238875","KN296959v1","44442","44736","38","39194137"
"chr26","39246428","39246723","KN295346v1","1790082","1790382","33","37456346"
"chr26","39365639","39365941","KN296096v1","3057578","3057885","43","36308061"
"chr26","39506332","39506637","KN295303v1","94830","95135","36","39411502"
"chr26","39518831","39519124","KN294539v1","1107554","1107850","32","38411277"
"chr26","39548397","39548696","KN297046v1","398529","398822","48","39149868"
"chr26","39608158","39608450","KN296958v1","337794","338086","39","39270364"
"chr26","39608633","39608895","KN295362v1","813828","814087","37","38794805"
"chr26","39656772","39657072","KN295480v1","1341493","1341797","39","38315279"
"chr26","39855108","39855410","KN295371v1","255428","255736","38","39599680"
"chr26","39869109","39869288","KN295735v1","895035","895215","40","38974074"
"chr26","39871542","39871834","KN296959v1","44442","44736","37","39827100"
"chr26","40140372","40140665","KN296154v1","754502","754796","35","39385870"
"chr26","40231171","40231483","KN296706v1","107919","108228","31","40123252"
"chr26","40295746","40296037","KN294571v1","2837988","2838277","38","37457758"
"chr26","40334091","40334384","KN296296v1","66249","66543","36","40267842"
"chr26","40367338","40367624","KN296139v1","7891","8178","14","40359447"
"chr26","40421690","40421989","KN296508v1","269178","269477","35","40152512"
"chr26","40426638","40426951","KN295343v1","373896","374196","39","40052742"
"chr26","40552068","40552372","KN296139v1","194146","194452","25","40357922"
"chr26","40713705","40713874","KN296922v1","308569","308730","35","40405136"
"chr26","40807747","40807978","KN296831v1","238752","238977","52","40568995"
"chr26","40818498","40818809","KN296139v1","455849","456157","17","40362649"
"chr26","41358168","41358466","KN296430v1","775120","775418","15","40583048"
"chr26","41389728","41390024","KN296430v1","742902","743208","26","40646826"
"chr26","41410938","41411243","KN296430v1","720576","720865","38","40690362"
"chr26","41424846","41425150","KN295090v1","291736","292032","33","41133110"
"chr26","41428378","41428583","KN294456v1","816077","816280","22","40612301"
"chr26","41464296","41464597","KN296430v1","664550","664853","18","40799746"
"chr26","41532504","41532809","KN296430v1","596576","596880","19","40935928"
"chr26","41533559","41533861","KN296430v1","595505","595816","40","40938054"
"chr26","41565819","41566116","KN296430v1","557042","557332","13","41008777"
"chr26","41567622","41567896","KN294790v1","3847979","3848251","36","37719643"
"chr26","41571515","41571819","KN296430v1","552423","552719","27","41019092"
"chr26","41582211","41582502","KN295361v1","568711","569010","48","41013500"
"chr26","41635262","41635423","KN295667v1","2080488","2080645","30","39554774"
"chr26","41637597","41637891","KN296430v1","480421","480721","21","41157176"
"chr26","41655596","41655887","KN296315v1","221665","221960","40","41433931"
"chr26","41679327","41679617","KN296430v1","434376","434667","18","41244951"
"chr26","41699655","41699946","KN296430v1","434376","434667","16","41265279"
"chr26","41752856","41753054","KN296062v1","2504602","2504805","47","39248254"
"chr26","41753348","41753479","KN294613v1","562643","562778","23","41190705"
"chr26","41769248","41769552","KN296761v1","97995","98298","35","41671253"
"chr26","41796572","41796845","KN296430v1","336697","336972","7","41459875"
"chr26","41830573","41830831","KN296153v1","129679","129920","59","41700894"
"chr26","41858069","41858387","KN296430v1","264026","264350","24","41594043"
"chr26","41892825","41892991","KN295814v1","1118418","1118576","30","40774407"
"chr26","41893301","41893433","KN297159v1","634927","635059","17","41258374"
"chr26","41918419","41918714","KN296430v1","204162","204453","10","41714257"
"chr26","41926088","41926409","KN296430v1","196170","196485","13","41729918"
"chr26","41934220","41934554","KN296430v1","187129","187455","27","41747091"
"chr26","41992718","41993021","KN296849v1","441458","441760","34","41551260"
"chr26","41999800","41999998","KN294396v1","8440","8626","40","41991360"
"chr26","42143301","42143600","KN294633v1","236465","236767","17","41906836"
"chr26","42168848","42169149","KN297452v1","1979430","1979725","29","40189418"
"chr26","42178934","42179244","KN294633v1","199690","199992","19","41979244"
"chr26","42223776","42224063","KN294633v1","156181","156469","17","42067595"
"chr26","42309893","42310173","KN295533v1","1730829","1731110","36","40579064"
"chr26","42334201","42334486","KN295552v1","212176","212457","38","42122025"
"chr26","42338494","42338794","KN294633v1","30969","31263","23","42307525"
"chr26","42349416","42349701","KN294633v1","18346","18631","15","42331070"
"chr26","42417507","42417815","KN294874v1","56708","57012","25","42360799"
"chr26","42486836","42487141","KN297274v1","1273846","1274150","32","41212990"
"chr26","42519515","42519798","KN294874v1","159651","159935","10","42359864"
"chr26","42555567","42555875","KN294874v1","195980","196295","20","42359587"
"chr26","42619896","42620188","KN294874v1","265478","265775","21","42354418"
"chr26","42873954","42874255","KN295415v1","23860","24158","34","42850094"
"chr26","42929744","42929900","KN295814v1","1118418","1118576","32","41811326"
"chr26","43839638","43839936","KN296145v1","3219494","3219793","35","40620144"
"chr26","44031683","44031968","KN294326v1","427946","428232","39","43603737"
"chr26","44675417","44675746","KN296430v1","264026","264350","46","44411391"
"chr26","44741199","44741506","KN296380v1","7066","7372","31","44734133"
"chr26","44793347","44793627","KN294758v1","2335286","2335568","30","42458061"
"chr26","44806793","44806981","KN296119v1","3355213","3355396","35","41451580"
"chr26","44842380","44842531","KN296119v1","1701971","1702106","44","43140409"
"chr26","44850392","44850695","KN295523v1","3041976","3042278","32","41808416"
"chr26","44881859","44882170","KN295371v1","619650","619955","36","44262209"
"chr26","45173594","45173777","KN295735v1","895035","895215","34","44278559"
"chr26","45329399","45329699","KN295198v1","516030","516332","36","44813369"
"chr26","45884387","45884598","KN296859v1","1427369","1427572","31","44457018"
"chr26","46217304","46217605","KN296180v1","2223658","2223961","11","43993646"
"chr26","46516432","46516726","KN296180v1","1905072","1905356","25","44611360"
"chr26","46743561","46743876","KN296948v1","20580","20890","42","46722981"
"chr26","46950538","46950806","KN294326v1","460637","460911","39","46489901"
"chr26","47631487","47631803","KN296180v1","789327","789621","37","46842160"
"chr26","47776069","47776371","KN294229v1","325933","326233","34","47450136"
"chr26","47788033","47788300","KN296180v1","629431","629696","13","47158602"
"chr26","47806122","47806409","KN296180v1","610916","611202","14","47195206"
"chr26","47846822","47846995","KN294470v1","2260068","2260237","35","45586754"
"chr26","47925796","47926101","KN296180v1","486430","486744","25","47439366"
"chr26","48138795","48139087","KN296180v1","261285","261572","19","47877510"
"chr26","48161471","48161783","KN296180v1","238923","239223","30","47922548"
"chr26","48221475","48221766","KN296180v1","172841","173137","24","48048634"
"chr26","48310913","48311072","KN294842v1","167464","167629","37","48143449"
"chr26","48320967","48321229","KN296180v1","51333","51590","24","48269634"
"chr26","48564862","48565181","KN294218v1","2054777","2055092","47","46510085"
"chr26","48592457","48592756","KN294520v1","1300419","1300723","41","47292038"
"chr26","48698535","48698824","KN294728v1","1520182","1520471","43","47178353"
"chr26","48703847","48704136","KN295594v1","81743","82033","43","48622104"
"chr26","48808405","48808622","KN296119v1","1099727","1099949","40","47708678"
"chr26","48831819","48832130","KN296495v1","388170","388470","38","48443649"
"chr26","48898145","48898457","KN295871v1","63017","63323","36","48835128"
"chr26","48921777","48922080","KN296609v1","2279316","2279621","35","46642461"
"chr26","49033039","49033300","KN297210v1","51987","52241","42","48981052"
"chr26","49240447","49240711","KN296062v1","439920","440187","46","48800527"
"chr26","49411787","49412097","KN296880v1","282228","282535","39","49129559"
"chr26","49595793","49596099","KN297044v1","108239","108545","38","49487554"
"chr26","49750266","49750557","KN297452v1","1979430","1979725","33","47770836"
"chr26","49804443","49804742","KN294571v1","1349003","1349300","33","48455440"
"chr26","50053398","50053650","KN296343v1","243810","244060","18","49809588"
"chr26","50531174","50531460","KN296844v1","876632","876914","25","49654542"
"chr26","51260504","51260717","KN296844v1","118528","118740","20","51141976"
"chr26","51730834","51731116","KN295420v1","372108","372400","34","51358726"
"chr26","51793898","51794201","KN297118v1","497364","497674","20","51296534"
"chr26","51963116","51963411","KN297118v1","326125","326433","27","51636991"
"chr26","51978876","51979131","KN297118v1","308966","309222","14","51669910"
"chr26","52182958","52183236","KN296019v1","49581","49869","43","52133377"
"chr26","52249767","52250057","KN297118v1","21825","22117","27","52227942"
"chr26","52528636","52528939","KN294499v1","2542984","2543291","35","49985652"
"chr26","52541976","52542198","KN297095v1","3589357","3589578","30","48952619"
"chr26","52581969","52582242","KN294558v1","308564","308839","21","52273405"
"chr26","52873690","52873963","KN294995v1","25765","26037","38","52847925"
"chr26","52904472","52904757","KN296495v1","1243624","1243910","35","51660848"
"chr26","53043269","53043594","KN294536v1","1166329","1166654","58","51876940"
"chr26","53068868","53069180","KN296864v1","1819360","1819669","39","51249508"
"chr26","53139850","53140156","KN294592v1","922102","922412","45","52217748"
"chr26","53645291","53645463","KN296959v1","1152394","1152569","27","52492897"
"chr26","53696453","53696691","KN296495v1","553328","553566","38","53143125"
"chr26","53725030","53725339","KN295326v1","229996","230289","38","53495034"
"chr26","53744638","53744930","KN295326v1","254912","255214","31","53489726"
"chr26","53754591","53754793","KN296859v1","1427369","1427572","51","52327222"
"chr26","53797366","53797666","KN295854v1","1504180","1504481","34","52293186"
"chr26","53805091","53805382","KN295326v1","287663","287957","20","53517428"
"chr26","54139987","54140284","KN295343v1","373896","374196","33","53766091"
"chr26","54336524","54336831","KN296380v1","7066","7372","37","54329458"
"chr26","54773240","54773571","KN296732v1","3129981","3130299","43","51643259"
"chr26","54847300","54847587","KN296577v1","124145","124435","39","54723155"
"chr26","55018724","55019021","KN297159v1","2909102","2909401","38","52109622"
"chr26","55261376","55261685","KN295343v1","373896","374196","39","54887480"
"chr26","55340506","55340806","KN294911v1","4357711","4358010","35","50982795"
"chr26","55493423","55493692","KN296883v1","892041","892315","43","54601382"
"chr26","55670782","55671096","KN296311v1","6667137","6667442","66","49003645"
"chr26","55672250","55672556","KN296380v1","7066","7372","35","55665184"
"chr26","55819653","55819947","KN294741v1","177892","178190","18","55641761"
"chr26","55849050","55849249","KN294741v1","207003","207238","52","55642047"
"chr26","55986678","55986998","KN294741v1","342929","343232","37","55643749"
"chr26","56976404","56976698","KN294262v1","146998","147293","55","56829406"
"chr26","57158041","57158340","KN294540v1","651367","651664","38","56506674"
"chr26","57194303","57194598","KN296247v1","460642","460944","34","56733661"
"chr26","57336921","57337166","KN294741v1","1748071","1748339","37","55588850"
"chr26","57347186","57347490","KN296380v1","7066","7372","38","57340120"
"chr26","57416687","57416983","KN294372v1","2042506","2042800","30","55374181"
"chr26","57817860","57818148","KN296167v1","390890","391180","41","57426970"
"chr26","57956626","57956934","KN296004v1","353630","353936","42","57602996"
"chr27","1446663","1446837","KN294713v1","972600","972779","19","474063"
"chr27","1514160","1514450","KN294569v1","795781","796071","43","718379"
"chr27","1535230","1535538","KN297153v1","845269","845578","38","689961"
"chr27","1695680","1695978","KN294292v1","71877","72183","45","1623803"
"chr27","1736836","1737129","KN295746v1","236127","236417","43","1500709"
"chr27","1887370","1887654","KN295257v1","348260","348541","44","1539110"
"chr27","2277554","2277848","KN296657v1","194147","194440","14","2083407"
"chr27","2288432","2288717","KN296657v1","183483","183768","10","2104949"
"chr27","2355712","2355881","KN296486v1","1714803","1714969","25","640909"
"chr27","2613530","2613809","KN294846v1","181961","182242","18","2431569"
"chr27","2732438","2732743","KN296929v1","6819","7101","40","2725619"
"chr27","2961075","2961355","KN295257v1","348260","348541","36","2612815"
"chr27","3384729","3385021","KN294499v1","114042","114335","37","3270687"
"chr27","3506062","3506195","KN295171v1","774709","774836","37","2731353"
"chr27","3641267","3641574","KN295091v1","924044","924353","34","2717223"
"chr27","3713693","3713867","KN295967v1","467933","468109","28","3245760"
"chr27","4413878","4414246","KN296334v1","40338","40704","14","4373540"
"chr27","4487128","4487405","KN296347v1","42238","42546","46","4444890"
"chr27","4487479","4487495","KN295152v1","573368","573383","2","3914111"
"chr27","5086683","5086960","KN295257v1","348260","348541","54","4738423"
"chr27","5250338","5250635","KN295039v1","240402","240698","33","5009936"
"chr27","5560394","5560685","KN294569v1","795781","796071","37","4764613"
"chr27","6214327","6214609","KN294187v1","907689","907968","65","5306638"
"chr27","6320312","6320594","KN296009v1","1376950","1377229","40","4943362"
"chr27","6384112","6384392","KN295747v1","144218","144498","13","6239894"
"chr27","7112292","7112591","KN294245v1","1195817","1196112","15","5916475"
"chr27","7299002","7299298","KN294245v1","978036","978332","17","6320966"
"chr27","7485369","7485676","KN296508v1","1489307","1489607","38","5996062"
"chr27","7818314","7818599","KN296019v1","49581","49869","43","7768733"
"chr27","8086752","8087062","KN294385v1","291689","291997","37","7795063"
"chr27","8254441","8254737","KN294571v1","2902267","2902576","32","5352174"
"chr27","8328529","8328843","KN294571v1","2826366","2826677","24","5502163"
"chr27","8332387","8332425","KN296316v1","148146","148173","18","8184241"
"chr27","8349187","8349490","KN294571v1","2805616","2805926","17","5543571"
"chr27","8402015","8402343","KN296075v1","791563","791863","55","7610452"
"chr27","8417452","8417745","KN294571v1","2735346","2735637","20","5682106"
"chr27","8686726","8686897","KN296153v1","2118691","2118861","21","6568035"
"chr27","9002893","9003236","KN295564v1","813852","814182","68","8189041"
"chr27","9102802","9103089","KN295346v1","1680713","1681005","42","7422089"
"chr27","9156666","9156831","KN294187v1","1542649","1542810","36","7614017"
"chr27","9188594","9188902","KN295893v1","5868387","5868693","29","3320207"
"chr27","9313943","9314249","KN294571v1","1811088","1811384","21","7502855"
"chr27","9348843","9349132","KN294571v1","1775662","1775971","34","7573181"
"chr27","9380205","9380503","KN294571v1","1744599","1744894","14","7635606"
"chr27","9423253","9423557","KN294747v1","866490","866789","46","8556763"
"chr27","9507242","9507537","KN294571v1","1611577","1611871","17","7895665"
"chr27","9510555","9510856","KN294571v1","1608271","1608563","25","7902284"
"chr27","9583036","9583335","KN294571v1","1532309","1532603","19","8050727"
"chr27","9638496","9638795","KN294571v1","1454469","1454763","23","8184027"
"chr27","9642030","9642318","KN294571v1","1349003","1349300","45","8293027"
"chr27","9719047","9719326","KN294571v1","1362414","1362705","24","8356633"
"chr27","9731828","9732128","KN294571v1","1349003","1349300","20","8382825"
"chr27","9737119","9737415","KN294571v1","1343380","1343677","28","8393739"
"chr27","9761875","9762184","KN294571v1","1319547","1319857","22","8442328"
"chr27","9792241","9792547","KN294499v1","2542984","2543291","43","7249257"
"chr27","9881261","9881642","KN294571v1","1194320","1194702","20","8686941"
"chr27","9998256","9998560","KN294571v1","1070644","1070950","25","8927612"
"chr27","10052570","10052861","KN294571v1","1017597","1017893","24","9034973"
"chr27","10129809","10130115","KN294571v1","939030","939314","40","9190779"
"chr27","10227318","10227495","KN296969v1","197794","197966","32","10029524"
"chr27","10237939","10238120","KN295236v1","4199870","4200015","56","6038069"
"chr27","10252484","10252785","KN294193v1","816512","816806","37","9435972"
"chr27","10265673","10266023","KN294571v1","790764","791061","78","9474909"
"chr27","10301149","10301324","KN294596v1","141115","141287","33","10160034"
"chr27","10348386","10348562","KN294596v1","141115","141287","34","10207271"
"chr27","10363778","10364065","KN294571v1","688945","689244","25","9674833"
"chr27","10481958","10482275","KN295202v1","332398","332708","54","10149560"
"chr27","10490617","10490742","KN295962v1","1342705","1342815","43","9147912"
"chr27","10492361","10492659","KN296079v1","3084734","3085029","45","7407627"
"chr27","10502614","10502913","KN294571v1","547158","547459","20","9955456"
"chr27","10508079","10508100","KN294484v1","362325","362343","6","10145754"
"chr27","10508138","10508282","KN297008v1","6657903","6658047","20","3850235"
"chr27","10508347","10508466","KN295236v1","4879827","4879943","14","5628520"
"chr27","10513952","10514257","KN294571v1","530480","530777","13","9983472"
"chr27","10544058","10544360","KN294571v1","503257","503559","14","10040801"
"chr27","10623990","10624209","KN294571v1","423389","423609","9","10200601"
"chr27","10639459","10639614","KN297242v1","3635969","3636126","29","7003490"
"chr27","10659204","10659394","KN295930v1","42097","42287","19","10617107"
"chr27","10659395","10659507","KN294218v1","2540076","2540196","23","8119319"
"chr27","10670518","10670824","KN295758v1","881695","881998","45","9788823"
"chr27","10708963","10709261","KN294571v1","331949","332249","13","10377014"
"chr27","10854038","10854336","KN294571v1","172706","173003","10","10681332"
"chr27","10916865","10917135","KN294964v1","433236","433507","44","10483629"
"chr27","11067934","11068225","KN295983v1","49886","50176","18","11018048"
"chr27","11108774","11109073","KN295983v1","90463","90753","21","11018311"
"chr27","11112625","11112926","KN295983v1","94316","94613","18","11018309"
"chr27","11141732","11142013","KN294326v1","660448","660733","36","10481284"
"chr27","11220222","11220534","KN295983v1","199220","199530","26","11021002"
"chr27","11281933","11282222","KN295983v1","263940","264229","12","11017993"
"chr27","11301204","11301473","KN295983v1","283923","284189","28","11017281"
"chr27","11434162","11434465","KN295983v1","416706","417016","15","11017456"
"chr27","11507352","11507654","KN295983v1","490875","491179","16","11016477"
"chr27","11650408","11650709","KN295983v1","620067","620376","24","11030341"
"chr27","12102570","12102871","KN295983v1","1083506","1083816","27","11019064"
"chr27","12287933","12288245","KN295893v1","2419696","2420007","31","9868237"
"chr27","12413854","12414159","KN295983v1","1400071","1400377","21","11013783"
"chr27","12553603","12553896","KN295983v1","1546567","1546870","25","11007036"
"chr27","12711291","12711544","KN295607v1","30362","30616","36","12680929"
"chr27","12962792","12962964","KN295967v1","467933","468109","32","12494859"
"chr27","13549507","13549817","KN296484v1","1024460","1024770","44","12525047"
"chr27","13855481","13855752","KN295983v1","2895520","2895819","38","10959961"
"chr27","13937237","13937547","KN294539v1","1456926","1457228","52","12480311"
"chr27","14101429","14101732","KN295983v1","3149529","3149832","25","10951900"
"chr27","14113584","14113883","KN295983v1","3161710","3162016","20","10951874"
"chr27","14332943","14333248","KN294842v1","1766237","1766547","51","12566706"
"chr27","14524025","14524317","KN295983v1","3595240","3595539","25","10928785"
"chr27","14526008","14526288","KN295983v1","3596920","3597218","32","10929088"
"chr27","15079722","15080026","KN296864v1","3059211","3059513","43","12020511"
"chr27","15246497","15246757","KN296960v1","1945619","1945882","21","13300878"
"chr27","15372921","15373076","KN296394v1","93722","93880","38","15279199"
"chr27","15406822","15406964","KN295301v1","1224012","1224152","45","14182810"
"chr27","15407460","15407624","KN296588v1","803622","803789","35","14603838"
"chr27","15430124","15430432","KN296960v1","1739649","1739953","24","13690475"
"chr27","15900633","15900922","KN296960v1","1249665","1249950","24","14650968"
"chr27","16193939","16194227","KN296096v1","856752","857045","40","15337187"
"chr27","17005489","17005799","KN294446v1","334147","334458","36","16671342"
"chr27","17071711","17071909","KN295045v1","1182493","1182695","30","15889218"
"chr27","17527872","17528182","KN295984v1","3141945","3142247","44","14385927"
"chr27","17803183","17803316","KN294613v1","59320","59453","14","17743863"
"chr27","17803665","17803802","KN297432v1","384377","384510","31","17419288"
"chr27","18447923","18448113","KN296153v1","2118691","2118861","42","16329232"
"chr27","18750348","18750652","KN296000v1","1247118","1247423","44","17503230"
"chr27","18814546","18814790","KN294226v1","5400","5644","35","18809146"
"chr27","18851600","18851887","KN294726v1","110842","111126","44","18740758"
"chr27","18907928","18908219","KN296732v1","1798740","1799034","42","17109188"
"chr27","19145600","19145871","KN296948v1","1093312","1093584","41","18052288"
"chr27","19822725","19823031","KN294451v1","194657","194961","41","19628068"
"chr27","21010267","21010576","KN295685v1","133529","133838","19","20876738"
"chr27","21034661","21034841","KN294378v1","1680015","1680191","39","19354646"
"chr27","21035927","21036247","KN296145v1","3242116","3242420","53","17793811"
"chr27","21738210","21738500","KN295195v1","338375","338667","27","21399835"
"chr27","21770870","21771166","KN295195v1","305349","305647","18","21465521"
"chr27","21935442","21935722","KN297366v1","1638130","1638409","32","20297312"
"chr27","22122862","22123140","KN295893v1","4777323","4777603","44","17345539"
"chr27","22128252","22128535","KN297227v1","240655","240937","36","21887597"
"chr27","22163207","22163516","KN296096v1","1447688","1447991","43","20715519"
"chr27","22280928","22281227","KN296481v1","326170","326465","42","21954758"
"chr27","22324666","22324975","KN294964v1","710781","711084","53","21613885"
"chr27","22409229","22409539","KN297044v1","108239","108545","49","22300990"
"chr27","23527855","23528164","KN296403v1","277134","277446","20","23250721"
"chr27","23713953","23714254","KN296403v1","84280","84581","10","23629673"
"chr27","23946439","23946742","KN296270v1","156575","156879","18","23789864"
"chr27","23978224","23978521","KN294540v1","651367","651664","33","23326857"
"chr27","24364989","24365281","KN294261v1","299536","299827","32","24065453"
"chr27","24817956","24818133","KN296922v1","308569","308730","35","24509387"
"chr27","24844664","24844969","KN296761v1","97995","98298","26","24746669"
"chr27","24852587","24852759","KN297154v1","1695463","1695633","28","23157124"
"chr27","25120753","25121064","KN295433v1","518783","519070","32","24601970"
"chr27","25293814","25294107","KN295433v1","703170","703461","17","24590644"
"chr27","25699032","25699342","KN297452v1","1979430","1979725","49","23719602"
"chr27","25725883","25726168","KN295586v1","5293886","5294167","27","20431997"
"chr27","25726251","25726277","KN296139v1","69081","69102","9","25657170"
"chr27","25950669","25950992","KN295433v1","1373735","1374053","17","24576934"
"chr27","26300294","26300587","KN294378v1","1155375","1155674","37","25144919"
"chr27","26572433","26572752","KN296426v1","740411","740728","40","25832022"
"chr27","26631854","26632187","KN295195v1","136642","136954","55","26495212"
"chr27","26994921","26995197","KN295433v1","2461219","2461494","15","24533702"
"chr27","27098674","27098955","KN295433v1","2571739","2572020","13","24526935"
"chr27","27549830","27550128","KN296365v1","715772","716073","34","26834058"
"chr27","27947802","27948102","KN294292v1","69203","69492","48","27878599"
"chr27","28560679","28560970","KN294911v1","2355","2653","53","28558324"
"chr27","28822090","28822393","KN296547v1","1383439","1383739","38","27438651"
"chr27","28882532","28882701","KN297154v1","211161","211330","32","28671371"
"chr27","28963049","28963204","KN296495v1","1470532","1470683","31","27492517"
"chr27","29193847","29194108","KN296404v1","1985240","1985503","41","27208607"
"chr27","29925893","29926218","KN296202v1","317043","317329","49","29608850"
"chr27","29927594","29927888","KN296202v1","315353","315662","31","29612241"
"chr27","30042906","30043211","KN296202v1","198857","199163","21","29844049"
"chr27","30350897","30351201","KN296380v1","7066","7372","40","30343831"
"chr27","30435764","30436048","KN294187v1","907689","907968","53","29528075"
"chr27","30474062","30474369","KN294619v1","574808","575116","43","29899254"
"chr27","30537688","30537988","KN294747v1","866490","866789","49","29671198"
"chr27","30560321","30560614","KN296311v1","952618","952911","37","29607703"
"chr27","30639252","30639569","KN296078v1","1310030","1310347","9","29329222"
"chr27","30708094","30708370","KN296078v1","1239546","1239827","16","29468548"
"chr27","30710229","30710538","KN296078v1","1237373","1237702","37","29472856"
"chr27","30751955","30752247","KN296078v1","1195450","1195747","13","29556505"
"chr27","30753765","30754059","KN296078v1","1193636","1193930","12","29560129"
"chr27","30854771","30855094","KN296078v1","1091902","1092204","33","29762869"
"chr27","30902256","30902532","KN296078v1","1043441","1043733","29","29858815"
"chr27","31551124","31551427","KN297452v1","1979430","1979725","42","29571694"
"chr27","32024045","32024343","KN296280v1","139815","140106","29","31884230"
"chr27","32133830","32134119","KN296280v1","252413","252699","16","31881417"
"chr27","32299411","32299703","KN296280v1","422869","423161","8","31876542"
"chr27","32427256","32427533","KN294588v1","1931172","1931453","38","30496084"
"chr27","32448928","32449224","KN295070v1","15542","15836","34","32433386"
"chr27","32449248","32449557","KN297452v1","1979430","1979725","38","30469818"
"chr27","32605074","32605384","KN294527v1","242778","243080","25","32362296"
"chr27","32613459","32613653","KN295045v1","1182493","1182695","52","31430966"
"chr27","32621078","32621370","KN294217v1","746946","747234","44","31874132"
"chr27","32629212","32629511","KN294527v1","218594","218892","27","32410618"
"chr27","32736836","32737136","KN296378v1","801237","801534","29","31935599"
"chr27","32859217","32859467","KN296337v1","11927","12176","10","32847290"
"chr27","32955405","32955682","KN296337v1","110009","110282","13","32845396"
"chr27","33036657","33036954","KN296337v1","192241","192522","35","32844416"
"chr27","33081496","33081805","KN294470v1","296038","296348","37","32785458"
"chr27","33425962","33426254","KN296337v1","591604","591897","14","32834358"
"chr27","33544293","33544601","KN296337v1","708347","708657","23","32835946"
"chr27","33807004","33807300","KN296337v1","990962","991266","29","32816042"
"chr27","34234044","34234332","KN295236v1","1562516","1562803","33","32671528"
"chr27","34284332","34284639","KN294372v1","1311490","1311797","37","32972842"
"chr27","34790061","34790352","KN295974v1","690483","690778","45","34099578"
"chr27","35055203","35055498","KN296079v1","3084734","3085029","38","31970469"
"chr27","35160434","35160733","KN294571v1","1349003","1349300","38","33811431"
"chr27","35328157","35328459","KN297197v1","3802947","3803249","40","31525210"
"chr27","35638180","35638490","KN296319v1","688029","688339","30","34950151"
"chr27","35662843","35663147","KN296761v1","97995","98298","47","35564848"
"chr27","35725815","35726133","KN294526v1","575886","576198","46","35149929"
"chr27","35755865","35756189","KN294262v1","941123","941434","52","34814742"
"chr27","35978055","35978217","KN295294v1","769026","769186","31","35209029"
"chr27","36245818","36245950","KN296174v1","30862","30995","22","36214956"
"chr27","36245984","36246173","KN295801v1","840804","841003","41","35405180"
"chr27","36413245","36413552","KN296093v1","185428","185734","41","36227817"
"chr27","36485865","36486164","KN297203v1","885386","885683","37","35600479"
"chr27","36611663","36611952","KN295075v1","252071","252359","33","36359592"
"chr27","37398766","37399052","KN296829v1","579630","579915","47","36819136"
"chr27","37916750","37917046","KN295122v1","220754","221046","20","37695996"
"chr27","38021052","38021334","KN295122v1","117726","118019","30","37903326"
"chr27","38398335","38398619","KN296036v1","1853371","1853650","43","36544964"
"chr27","38410996","38411241","KN294987v1","449475","449724","32","37961521"
"chr27","38546195","38546521","KN295209v1","12796","13108","46","38533399"
"chr27","39113740","39114035","KN294499v1","114042","114335","31","38999698"
"chr27","39455129","39455413","KN296311v1","5753332","5753621","32","33701797"
"chr27","39514810","39515111","KN295893v1","65034","65336","34","39449776"
"chr27","39550497","39550788","KN296153v1","3956819","3957110","32","35593678"
"chr27","39579724","39580047","KN297197v1","4372557","4372874","36","35207167"
"chr27","39718686","39718847","KN296154v1","1158383","1158548","27","38560303"
"chr27","39979020","39979207","KN296486v1","1468682","1468869","44","38510338"
"chr27","39985035","39985330","KN295962v1","674128","674422","34","39310907"
"chr27","40227651","40227938","KN296365v1","1734359","1734644","36","38493292"
"chr27","40256389","40256688","KN296775v1","1102187","1102489","43","39154202"
"chr27","40642136","40642430","KN297452v1","1979430","1979725","33","38662706"
"chr27","40777371","40777532","KN296430v1","705227","705382","34","40072144"
"chr27","40815113","40815405","KN294260v1","1367184","1367477","37","39447929"
"chr27","41167764","41168058","KN296296v1","66249","66543","36","41101515"
"chr27","41837288","41837602","KN294526v1","770053","770363","41","41067235"
"chr27","41974275","41974507","KN296062v1","2504602","2504805","66","39469673"
"chr27","42080000","42080292","KN296513v1","2291544","2291839","17","39788456"
"chr27","42636050","42636332","KN297227v1","240655","240937","35","42395395"
"chr27","42774402","42774689","KN296513v1","1587071","1587365","14","41187331"
"chr27","42907341","42907611","KN296513v1","1454420","1454711","29","41452921"
"chr27","42936378","42936676","KN296513v1","1423078","1423376","25","41513300"
"chr27","43090781","43090883","KN296296v1","165106","165204","36","42925675"
"chr27","43613613","43613926","KN296513v1","740395","740703","25","42873218"
"chr27","43755832","43756132","KN296145v1","3219494","3219793","35","40536338"
"chr27","43792169","43792473","KN296513v1","411263","411562","16","43380906"
"chr27","43842972","43843253","KN296513v1","355112","355386","25","43487860"
"chr27","43888953","43889243","KN296513v1","303366","303672","34","43585587"
"chr27","43914937","43915247","KN296153v1","2179938","2180238","33","41734999"
"chr27","44296778","44297089","KN295315v1","1631499","1631797","46","42665279"
"chr27","44327809","44328115","KN296484v1","1024460","1024770","41","43303349"
"chr27","44718906","44719068","KN295236v1","151283","151434","33","44567623"
"chr27","45549802","45550077","KN295092v1","174774","175055","48","45375028"
"chr27","45579994","45580289","KN294856v1","123408","123700","38","45456586"
"chr27","45582529","45582753","KN295343v1","589567","589783","34","44992962"
"chr27","45670503","45670563","KN296726v1","937390","937454","23","44733113"
"chr27","45740056","45740353","KN295854v1","1504180","1504481","33","44235876"
"chr27","45822196","45822497","KN296324v1","208092","208392","53","45614104"
"chr27","45840082","45840372","KN296153v1","2253898","2254192","36","43586184"
"chr27","45888858","45889164","KN294325v1","660179","660481","34","45228679"
"chr27","45897966","45898250","KN296495v1","2925731","2926025","44","42972235"
"chr27","46065686","46065854","KN296174v1","30392","30557","39","46035294"
"chr27","46069752","46070020","KN297154v1","1142723","1142978","49","44927029"
"chr27","46085434","46085706","KN296750v1","450617","450904","44","45634817"
"chr27","46120209","46120525","KN294485v1","105000","105306","43","46015209"
"chr27","46126291","46126598","KN295548v1","143484","143790","53","45982807"
"chr27","46153039","46153332","KN296495v1","2925731","2926025","40","43227308"
"chr27","46172578","46172874","KN296154v1","3545322","3545618","34","42627256"
"chr27","46207062","46207322","KN297154v1","1142723","1142978","38","45064339"
"chr27","46219837","46220133","KN294540v1","651367","651664","35","45568470"
"chr27","46232186","46232476","KN296261v1","607411","607706","37","45624775"
"chr27","46242263","46242539","KN297229v1","281810","282088","35","45960453"
"chr27","46418565","46418876","KN294499v1","899277","899580","37","45519288"
"chr27","46438815","46438967","KN296495v1","1470532","1470683","21","44968283"
"chr27","46439289","46439302","KN296296v1","164966","164979","3","46274323"
"chr27","46501446","46501730","KN296263v1","1248040","1248330","44","45253406"
"chr27","46565986","46566306","KN294326v1","602388","602708","43","45963598"
"chr27","46745072","46745337","KN297016v1","70076","70353","47","46674996"
"chr27","46870044","46870325","KN295701v1","646314","646594","45","46223730"
"chr27","46891941","46892233","KN295075v1","252071","252359","39","46639870"
"chr27","46948363","46948729","KN297320v1","845071","845425","63","46103292"
"chr27","47069765","47070054","KN296577v1","124145","124435","32","46945620"
"chr27","47082403","47082692","KN296036v1","1306747","1307034","34","45775656"
"chr27","47099446","47099742","KN296495v1","2925731","2926025","33","44173715"
"chr27","47154883","47155205","KN297219v1","687673","687980","50","46467210"
"chr27","47413823","47413913","KN296296v1","165106","165204","22","47248717"
"chr27","47458434","47458718","KN295735v1","1675335","1675618","38","45783099"
"chr27","47501318","47501621","KN295930v1","122697","123007","44","47378621"
"chr27","47501730","47502039","KN297327v1","930498","930787","37","46571232"
"chr27","47513288","47513586","KN297327v1","917923","918231","37","46595365"
"chr27","47526773","47526974","KN294345v1","2206480","2206684","39","45320293"
"chr27","47742284","47742575","KN296108v1","735240","735530","36","47007044"
"chr27","47796815","47797111","KN297327v1","630481","630778","18","47166334"
"chr27","47797154","47797467","KN297327v1","630152","630440","38","47167002"
"chr27","47985329","47985639","KN297327v1","443424","443727","31","47541905"
"chr27","48027025","48027317","KN296926v1","395917","396212","30","47631108"
"chr27","48056735","48057044","KN297327v1","370800","371110","13","47685935"
"chr27","48086830","48087128","KN297327v1","342749","343053","23","47744081"
"chr27","48095271","48095571","KN297327v1","334930","335229","19","47760341"
"chr27","48297109","48297400","KN296495v1","2925731","2926025","37","45371378"
"chr27","48354805","48355092","KN297327v1","82409","82695","21","48272396"
"chr27","48439114","48439403","KN296557v1","548990","549285","41","47890124"
"chr27","48461831","48462131","KN297041v1","25024","25317","16","48436807"
"chr27","48490783","48491090","KN297041v1","49066","49379","25","48441717"
"chr28","8126455","8126761","KN295893v1","6332598","6332904","35","1793857"
"chr28","1257931","1258202","KN294570v1","19227","19494","18","1238704"
"chr28","1311868","1312175","KN294570v1","70761","71054","26","1241107"
"chr28","1356511","1356823","KN294570v1","158632","158956","22","1197879"
"chr28","1384020","1384329","KN294570v1","175725","176028","26","1208295"
"chr28","1392664","1392961","KN294570v1","184409","184707","21","1208255"
"chr28","1399659","1399936","KN294570v1","191357","191629","12","1208302"
"chr28","1402802","1403089","KN294570v1","200626","200909","18","1202176"
"chr28","1541290","1541588","KN294570v1","344072","344372","20","1197218"
"chr28","1650848","1651134","KN297219v1","1728602","1728890","49","77754"
"chr28","1733764","1734055","KN295586v1","118716","119000","95","1615048"
"chr28","1742808","1743111","KN295345v1","868768","869065","40","874040"
"chr28","1743227","1743376","KN297242v1","3635969","3636126","33","1892742"
"chr28","1767536","1767807","KN297159v1","121796","122060","49","1645740"
"chr28","1786237","1786535","KN294970v1","974452","974753","43","811785"
"chr28","1825917","1826230","KN296484v1","1024460","1024770","35","801457"
"chr28","1889751","1890048","KN294506v1","54625","54925","21","1835126"
"chr28","1912191","1912500","KN297304v1","403469","403773","45","1508722"
"chr28","2058492","2058601","KN296296v1","165106","165204","35","1893386"
"chr28","2066915","2067200","KN294506v1","235047","235332","5","1831868"
"chr28","2133439","2133760","KN295371v1","619650","619955","47","1513789"
"chr28","2156445","2156741","KN294506v1","330557","330853","14","1825888"
"chr28","2200936","2201234","KN294506v1","372668","372961","28","1828268"
"chr28","2240458","2240658","KN297032v1","308157","308361","37","1932301"
"chr28","2319894","2320197","KN295090v1","39156","39463","34","2280738"
"chr28","2388119","2388420","KN294175v1","160210","160517","16","2227909"
"chr28","2403668","2403977","KN294175v1","175523","175827","24","2228145"
"chr28","2405310","2405607","KN294175v1","177167","177443","39","2228143"
"chr28","2412890","2413205","KN296435v1","2271548","2271854","47","141342"
"chr28","2506819","2507130","KN296495v1","2925731","2926025","42","418912"
"chr28","2515646","2515947","KN295241v1","157199","157498","37","2358447"
"chr28","2521172","2521446","KN294571v1","2837988","2838277","54","316816"
"chr28","2521688","2521971","KN294407v1","804694","804981","42","1716994"
"chr28","2571181","2571468","KN294456v1","63433","63720","38","2507748"
"chr28","2592286","2592605","KN295977v1","1237273","1237582","54","1355013"
"chr28","2625918","2626242","KN294471v1","127470","127792","51","2498448"
"chr28","2648967","2649269","KN294378v1","1155375","1155674","37","1493592"
"chr28","2787994","2788281","KN294506v1","235047","235332","29","2552947"
"chr28","2803954","2804250","KN294493v1","63494","63797","49","2740460"
"chr28","2815829","2815974","KN296119v1","1701971","1702106","37","1113858"
"chr28","2829135","2829274","KN297432v1","384377","384510","34","2444758"
"chr28","2873850","2874140","KN295075v1","252071","252359","37","2621779"
"chr28","2882446","2882778","KN294210v1","343402","343710","73","2539044"
"chr28","3049778","3050079","KN294964v1","864674","864972","42","2185104"
"chr28","3146855","3147150","KN294399v1","172411","172706","13","2974444"
"chr28","3152805","3153105","KN294399v1","178526","178809","33","2974279"
"chr28","3199165","3199358","KN294946v1","74320","74515","50","3124845"
"chr28","3474378","3474662","KN296738v1","191009","191296","39","3283369"
"chr28","3541266","3541579","KN294185v1","248638","248901","100","3292628"
"chr28","3549168","3549474","KN295552v1","154979","155282","46","3394189"
"chr28","3558829","3559123","KN295402v1","915307","915596","47","2643522"
"chr28","3593702","3593980","KN295893v1","4777323","4777603","41","1183621"
"chr28","3622463","3622789","KN294536v1","1166329","1166654","57","2456134"
"chr28","3717421","3717705","KN296761v1","774603","774879","42","2942818"
"chr28","3717748","3717769","KN296139v1","69081","69102","5","3648667"
"chr28","3768587","3768910","KN294218v1","2054777","2055092","56","1713810"
"chr28","3807011","3807278","KN296281v1","334470","334737","32","3472541"
"chr28","3824358","3824656","KN296984v1","671650","671935","58","3152708"
"chr28","3845478","3845763","KN296311v1","5753332","5753621","42","1907854"
"chr28","3925151","3925461","KN296806v1","78148","78452","39","3847003"
"chr28","4065869","4066067","KN294946v1","74320","74515","34","3991549"
"chr28","4094485","4094759","KN294571v1","1165499","1165774","47","2928986"
"chr28","4168748","4169049","KN294850v1","121634","121934","37","4047114"
"chr28","4215286","4215580","KN296096v1","2440700","2440989","43","1774586"
"chr28","4279979","4280226","KN296401v1","34738","34982","44","4245241"
"chr28","4561623","4561789","KN294451v1","850657","850819","30","3710966"
"chr28","4921156","4921457","KN294520v1","1300419","1300723","34","3620737"
"chr28","5243632","5243957","KN294964v1","864674","864972","61","4378958"
"chr28","5244519","5244821","KN294842v1","297954","298253","34","4946565"
"chr28","5282785","5283107","KN295692v1","226778","227094","54","5056007"
"chr28","5434158","5434438","KN295165v1","269629","269907","37","5164529"
"chr28","5460555","5460855","KN295854v1","1504180","1504481","37","3956375"
"chr28","5476491","5476755","KN296201v1","2225366","2225632","35","3251125"
"chr28","5992563","5992892","KN297215v1","101917","102234","60","5890646"
"chr28","5998344","5998592","KN295350v1","1065881","1066126","40","4932463"
"chr28","6168669","6168977","KN295962v1","547379","547682","14","5621290"
"chr28","6182629","6182917","KN295962v1","561796","562092","27","5620833"
"chr28","6293444","6293738","KN295962v1","674128","674422","10","5619316"
"chr28","6428807","6429110","KN295962v1","815818","816115","29","5612989"
"chr28","6528830","6529119","KN294571v1","2837988","2838277","38","3690842"
"chr28","6542791","6543092","KN295962v1","927978","928271","28","5614813"
"chr28","6552369","6552539","KN297094v1","185988","186163","30","6366381"
"chr28","6576081","6576391","KN297032v1","13067","13369","54","6563014"
"chr28","6706646","6706952","KN295962v1","1090600","1090906","11","5616046"
"chr28","6713951","6714134","KN296119v1","3355213","3355396","37","3358738"
"chr28","6722828","6722997","KN296292v1","312589","312775","49","6410239"
"chr28","6782001","6782272","KN295962v1","1167043","1167316","15","5614958"
"chr28","6789521","6789813","KN296495v1","2925731","2926025","31","3863790"
"chr28","6809983","6810260","KN294421v1","1091839","1092113","35","5718144"
"chr28","6812805","6813103","KN295962v1","1197775","1198088","30","5615030"
"chr28","6829864","6830157","KN295962v1","1217057","1217351","14","5612807"
"chr28","6833038","6833347","KN295962v1","1220984","1221301","29","5612054"
"chr28","6944580","6944890","KN295962v1","1337545","1337848","30","5607035"
"chr28","7059236","7059536","KN295962v1","1455383","1455682","17","5603853"
"chr28","7062323","7062593","KN295962v1","1460144","1460416","23","5602179"
"chr28","7075640","7075847","KN295801v1","840804","841003","43","6234836"
"chr28","7316930","7317241","KN295343v1","373896","374196","35","6943034"
"chr28","7358428","7358727","KN295962v1","1768595","1768894","16","5589833"
"chr28","7366782","7367058","KN295962v1","1776963","1777247","21","5589819"
"chr28","7374500","7374805","KN294416v1","303238","303546","40","7071262"
"chr28","7467611","7467909","KN295962v1","1877030","1877326","17","5590581"
"chr28","7497962","7498217","KN295962v1","1907715","1907983","29","5590247"
"chr28","7528826","7529107","KN294940v1","380863","381150","43","7147963"
"chr28","7575782","7575959","KN295967v1","467933","468109","30","7107849"
"chr28","7634470","7634778","KN294520v1","1300419","1300723","36","6334051"
"chr28","7705267","7705568","KN294842v1","1341246","1341546","39","6364021"
"chr28","7949916","7950201","KN295962v1","2371227","2371511","13","5578689"
"chr28","8034494","8034693","KN297032v1","308157","308361","36","7726337"
"chr28","8045771","8045845","KN295614v1","28241","28303","32","8017530"
"chr28","8066719","8067029","KN297044v1","108239","108545","33","7958480"
"chr28","8070680","8070901","KN297095v1","3589357","3589578","26","4481323"
"chr28","8133501","8133652","KN295814v1","1118418","1118576","31","7015083"
"chr28","8275559","8275859","KN294842v1","297954","298253","37","7977605"
"chr28","8447203","8447498","KN294705v1","185206","185505","38","8261997"
"chr28","8488681","8488978","KN295744v1","235007","235306","35","8253674"
"chr28","8497984","8498353","KN295459v1","679382","679737","114","7818602"
"chr28","8503130","8503276","KN296802v1","753722","753872","26","7749408"
"chr28","8580417","8580607","KN294378v1","1680015","1680191","40","6900402"
"chr28","8639200","8639507","KN294911v1","2511158","2511460","43","6128042"
"chr28","8774993","8775301","KN295708v1","1826032","1826338","38","6948961"
"chr28","8796379","8796684","KN297095v1","2306767","2307073","48","6489612"
"chr28","8806383","8806691","KN295923v1","1571691","1571994","42","7234692"
"chr28","8832747","8833054","KN295854v1","1504180","1504481","35","7328567"
"chr28","8863138","8863474","KN297050v1","132482","132813","66","8730656"
"chr28","8864092","8864271","KN294863v1","491835","492008","41","8372257"
"chr28","8907108","8907404","KN296836v1","16382","16673","33","8890726"
"chr28","8917827","8918115","KN294462v1","513433","513718","37","8404394"
"chr28","8948262","8948591","KN297205v1","268954","269266","63","8679308"
"chr28","9093305","9093602","KN294964v1","864674","864972","34","8228631"
"chr28","9126277","9126559","KN295592v1","787250","787527","49","8339027"
"chr28","9143987","9144282","KN297452v1","1979430","1979725","34","7164557"
"chr28","9144882","9145181","KN294378v1","1155375","1155674","32","7989507"
"chr28","9216645","9216868","KN295428v1","209519","209755","49","9007126"
"chr28","9291998","9292183","KN296119v1","3355213","3355396","33","5936785"
"chr28","9425538","9425726","KN296119v1","3355213","3355396","37","6070325"
"chr28","9562956","9563262","KN297197v1","4684189","4684491","39","4878767"
"chr28","10044608","10044900","KN297452v1","1979430","1979725","32","8065178"
"chr28","10149032","10149250","KN294385v1","230267","230490","33","9918765"
"chr28","10186960","10187262","KN294578v1","617490","617800","43","9569470"
"chr28","10317040","10317357","KN295736v1","1720748","1721056","54","8596292"
"chr28","10320585","10320872","KN295692v1","4021734","4022018","33","6298851"
"chr28","10365983","10366290","KN296365v1","1396944","1397254","37","8969039"
"chr28","10375685","10375992","KN296365v1","1396944","1397254","37","8978741"
"chr28","10434886","10435295","KN296161v1","986044","986404","98","9448842"
"chr28","10507348","10507647","KN295923v1","1430363","1430659","41","9076985"
"chr28","10521428","10521593","KN296922v1","308569","308730","34","10212859"
"chr28","10604415","10604721","KN294416v1","619199","619506","42","9985216"
"chr28","10829999","10830274","KN295708v1","77511","77788","30","10752488"
"chr28","10883523","10883793","KN296442v1","1017198","1017465","69","9866325"
"chr28","10926645","10926934","KN295825v1","923117","923415","37","10003528"
"chr28","10942453","10942749","KN295352v1","1304755","1305052","37","9637698"
"chr28","11124940","11125242","KN297274v1","1043910","1044208","34","10081030"
"chr28","11128694","11129003","KN297044v1","108239","108545","40","11020455"
"chr28","11308707","11308992","KN296063v1","1455130","1455414","41","9853577"
"chr28","11380183","11380480","KN294172v1","6737664","6737958","39","4642519"
"chr28","11442358","11442643","KN295857v1","32063","32348","30","11410295"
"chr28","11598736","11599033","KN295198v1","516030","516332","33","11082706"
"chr28","11658729","11659033","KN294520v1","1300419","1300723","38","10358310"
"chr28","11903417","11903719","KN294790v1","4553461","4553757","35","7349956"
"chr28","12117853","12118137","KN295596v1","2940377","2940662","41","9177476"
"chr28","12213879","12214178","KN294378v1","1155375","1155674","37","11058504"
"chr28","12499009","12499298","KN295366v1","153538","153829","42","12345471"
"chr28","12539677","12539952","KN297245v1","1400749","1401038","36","11138928"
"chr28","12544418","12544693","KN296485v1","447446","447718","37","12096972"
"chr28","12681537","12681842","KN297133v1","697008","697316","41","11984529"
"chr28","12684619","12684914","KN296495v1","1915876","1916172","28","10768743"
"chr28","12686553","12686799","KN296825v1","1898874","1899142","58","10787679"
"chr28","12710178","12710457","KN297227v1","240655","240937","39","12469523"
"chr28","12751319","12751520","KN295930v1","42097","42287","36","12709222"
"chr28","12763884","12763976","KN296296v1","165106","165204","35","12598778"
"chr28","12785893","12786196","KN296761v1","97995","98298","30","12687898"
"chr28","12822100","12822404","KN297083v1","962277","962581","44","11859823"
"chr28","12861184","12861481","KN297452v1","1979430","1979725","27","10881754"
"chr28","12909840","12910018","KN296959v1","1152394","1152569","30","11757446"
"chr28","12910325","12910426","KN294187v1","2092112","2092208","7","10818213"
"chr28","12930912","12931083","KN296119v1","3355213","3355396","43","9575699"
"chr28","12940564","12940658","KN295550v1","498465","498533","33","12442099"
"chr28","12947096","12947414","KN296484v1","1024460","1024770","45","11922636"
"chr28","12949270","12949319","KN295045v1","1336617","1336651","25","11612653"
"chr28","12991496","12991805","KN295038v1","755697","756003","46","12235799"
"chr28","13001603","13001895","KN296495v1","1915876","1916172","40","11085727"
"chr28","13039791","13040081","KN296108v1","735240","735530","36","12304551"
"chr28","13073070","13073365","KN296577v1","170798","171097","40","12902272"
"chr28","13108140","13108275","KN297008v1","6657903","6658047","50","6450237"
"chr28","13152825","13153121","KN294964v1","864674","864972","38","12288151"
"chr28","13258776","13258936","KN296153v1","2696247","2696418","40","10562529"
"chr28","13596686","13596993","KN294520v1","1300419","1300723","32","12296267"
"chr28","13663916","13664226","KN297274v1","1273846","1274150","36","12390070"
"chr28","13689370","13689678","KN297044v1","108239","108545","35","13581131"
"chr28","13756665","13756961","KN295205v1","1650026","1650335","30","12106639"
"chr28","13771800","13771955","KN297008v1","1441000","1441155","28","12330800"
"chr28","13787607","13787903","KN297159v1","2909102","2909401","37","10878505"
"chr28","13951632","13951947","KN296484v1","1024460","1024770","38","12927172"
"chr28","14023183","14023482","KN295343v1","373896","374196","41","13649287"
"chr28","14114152","14114465","KN296380v1","7066","7372","36","14107086"
"chr28","14229261","14229442","KN295261v1","75008","75178","46","14154253"
"chr28","14235459","14235756","KN297242v1","1009728","1010033","52","13225731"
"chr28","14650589","14650629","KN295045v1","1336617","1336651","12","13313972"
"chr28","14729372","14729658","KN294506v1","235047","235332","35","14494325"
"chr28","14780775","14781032","KN297172v1","186499","186754","34","14594276"
"chr28","14782926","14783227","KN296263v1","459407","459704","43","14323519"
"chr28","15054889","15055193","KN294630v1","653149","653457","31","14401740"
"chr28","15108568","15108732","KN294630v1","710562","710726","10","14398006"
"chr28","15137946","15138243","KN294630v1","737737","738022","30","14400209"
"chr28","15169351","15169591","KN295996v1","449848","450092","36","14719503"
"chr28","15193286","15193571","KN296225v1","104223","104517","34","15089063"
"chr28","15226276","15226473","KN296859v1","1427369","1427572","40","13798907"
"chr28","15253419","15253692","KN296225v1","160277","160555","19","15093142"
"chr28","15276286","15276576","KN296225v1","187532","187830","22","15088754"
"chr28","15286841","15287128","KN296225v1","202191","202479","13","15084650"
"chr28","15303062","15303368","KN294883v1","392954","393264","36","14910108"
"chr28","15341150","15341460","KN296225v1","257804","258101","20","15083346"
"chr28","15345733","15346028","KN296225v1","262604","262903","15","15083129"
"chr28","15439151","15439415","KN296225v1","356924","357189","13","15082227"
"chr28","15485919","15486246","KN294539v1","1456926","1457228","64","14028993"
"chr28","15525048","15525333","KN296225v1","446403","446698","14","15078645"
"chr28","15573582","15573880","KN296247v1","460642","460944","29","15112940"
"chr28","15612400","15612687","KN296225v1","545337","545620","20","15067063"
"chr28","15654597","15654772","KN297205v1","569536","569714","27","15085061"
"chr28","15718435","15718738","KN296225v1","651588","651895","18","15066847"
"chr28","15722392","15722711","KN295441v1","815330","815642","47","14907062"
"chr28","15758958","15759133","KN297154v1","1695463","1695633","35","14063495"
"chr28","15770966","15771171","KN296294v1","507915","508147","75","15263051"
"chr28","15798990","15799285","KN296495v1","2925731","2926025","47","12873259"
"chr28","15946660","15946955","KN296481v1","326170","326465","43","15620490"
"chr28","15971162","15971483","KN294365v1","36037","36346","60","15935125"
"chr28","15995851","15996017","KN296726v1","930925","931090","26","15064926"
"chr28","16028049","16028329","KN296122v1","561811","562075","33","15466238"
"chr28","16108878","16109173","KN296122v1","477940","478234","18","15630938"
"chr28","16159702","16159884","KN294467v1","24643","24823","38","16135059"
"chr28","16160182","16160297","KN297094v1","186194","186310","14","15973988"
"chr28","16475178","16475478","KN296122v1","93930","94232","22","16381248"
"chr28","16489510","16489674","KN295236v1","4879636","4879796","35","11609874"
"chr28","16506983","16507291","KN296122v1","59953","60264","31","16447030"
"chr28","16540794","16541104","KN296242v1","863939","864251","32","15676855"
"chr28","16620293","16620588","KN294251v1","2231373","2231666","43","14388920"
"chr28","16674389","16674572","KN295480v1","3317210","3317379","46","13357179"
"chr28","16694710","16695003","KN295755v1","50131","50431","31","16644579"
"chr28","16704386","16704679","KN295755v1","60197","60499","33","16644189"
"chr28","16714431","16714743","KN295893v1","2419696","2420007","50","14294735"
"chr28","16805061","16805343","KN296643v1","111297","111609","46","16693764"
"chr28","16959776","16960075","KN296643v1","265742","266038","17","16694034"
"chr28","17006471","17006768","KN296643v1","314840","315137","15","16691631"
"chr28","17133480","17133773","KN295962v1","674128","674422","35","16459352"
"chr28","17139181","17139350","KN295577v1","213435","213594","30","16925746"
"chr28","17200922","17201226","KN296643v1","528582","528897","28","16672340"
"chr28","17318595","17318885","KN295366v1","153538","153829","31","17165057"
"chr28","17343166","17343453","KN296643v1","669099","669400","33","16674067"
"chr28","17438303","17438590","KN296643v1","770086","770371","15","16668217"
"chr28","17547536","17547795","KN296643v1","877450","877713","17","16670086"
"chr28","17672162","17672477","KN296096v1","4033320","4033634","18","13638842"
"chr28","17720311","17720606","KN296096v1","3984614","3984903","33","13735697"
"chr28","17817087","17817366","KN296096v1","3883328","3883606","18","13933759"
"chr28","17868352","17868521","KN295294v1","769026","769186","29","17099326"
"chr28","18007768","18008039","KN295096v1","4609517","4609788","39","13398251"
"chr28","18032483","18032778","KN296096v1","3666014","3666309","16","14366469"
"chr28","18325329","18325622","KN296096v1","3372265","3372558","14","14953064"
"chr28","18505103","18505402","KN294399v1","115875","116174","34","18389228"
"chr28","18640067","18640371","KN296096v1","3057578","3057885","27","15582489"
"chr28","18733425","18733585","KN297028v1","4571","4723","36","18728854"
"chr28","18927402","18927713","KN296096v1","2768296","2768604","28","16159106"
"chr28","18992938","18993222","KN296096v1","2690716","2691002","23","16302222"
"chr28","19255610","19255943","KN294850v1","121634","121934","77","19133976"
"chr28","19299498","19299797","KN296096v1","2330505","2330810","19","16968993"
"chr28","19808071","19808352","KN296096v1","1824243","1824519","16","17983828"
"chr28","20008801","20009110","KN296096v1","1619317","1619623","19","18389484"
"chr28","20085526","20085754","KN297105v1","520174","520396","35","19565352"
"chr28","20180263","20180566","KN296096v1","1447688","1447991","16","18732575"
"chr28","20245316","20245633","KN296315v1","577799","578100","54","19667517"
"chr28","20406797","20406969","KN294613v1","769657","769824","32","19637140"
"chr28","20430048","20430354","KN296096v1","1190231","1190537","23","19239817"
"chr28","20432675","20432994","KN295725v1","2090703","2091016","44","18341972"
"chr28","20456192","20456405","KN294571v1","2367043","2367240","57","18089149"
"chr28","20568866","20569158","KN296096v1","1048630","1048925","17","19520236"
"chr28","20673045","20673254","KN294571v1","2367043","2367240","39","18306002"
"chr28","20727116","20727405","KN296311v1","4170151","4170438","36","16556965"
"chr29","21757746","21758032","KN294187v1","1401341","1401636","33","20356405"
"chr29","23592665","23592961","KN296847v1","1869581","1869871","40","21723084"
"chr29","1376927","1377222","KN296528v1","1270782","1271070","46","106145"
"chr29","1660038","1660343","KN297049v1","165878","166185","10","1494160"
"chr29","1730500","1730784","KN295075v1","252071","252359","39","1478429"
"chr29","1847562","1847841","KN294257v1","1004902","1005180","40","842660"
"chr29","1858324","1858633","KN295198v1","516030","516332","39","1342294"
"chr29","2197805","2198093","KN296948v1","1038325","1038620","39","1159480"
"chr29","2218613","2218875","KN295034v1","37220","37497","52","2181393"
"chr29","2220953","2221258","KN296609v1","2279316","2279621","33","58363"
"chr29","2231543","2231844","KN296487v1","183283","183588","15","2048260"
"chr29","2303649","2303947","KN296487v1","110223","110521","12","2193426"
"chr29","2318742","2319027","KN295090v1","291736","292032","47","2027006"
"chr29","2339104","2339409","KN296487v1","78782","79087","12","2260322"
"chr29","2392914","2393221","KN297044v1","108239","108545","33","2284675"
"chr29","2418811","2419105","KN295962v1","2457159","2457455","47","38348"
"chr29","2438421","2438720","KN296122v1","500756","501051","46","1937665"
"chr29","2628369","2628646","KN294213v1","437268","437550","43","2191101"
"chr29","2666524","2666834","KN296484v1","1024460","1024770","23","1642064"
"chr29","2713067","2713239","KN297154v1","211161","211330","33","2501906"
"chr29","2884270","2884570","KN295075v1","482531","482839","26","2401739"
"chr29","2937507","2937768","KN295075v1","536530","536803","32","2400977"
"chr29","2981767","2982051","KN295075v1","580522","580820","28","2401245"
"chr29","3057383","3057676","KN295075v1","655404","655698","19","2401979"
"chr29","3152479","3152649","KN296743v1","1789514","1789673","34","1362965"
"chr29","3156033","3156345","KN296000v1","1247118","1247423","49","1908915"
"chr29","3199363","3199646","KN296503v1","63947","64231","18","3135416"
"chr29","3300795","3300871","KN297157v1","346096","346184","21","2954699"
"chr29","3451358","3451527","KN295995v1","71091","71264","27","3380267"
"chr29","3451556","3451681","KN295571v1","189855","189980","9","3261701"
"chr29","3650710","3650969","KN296503v1","510661","510919","13","3140049"
"chr29","3778400","3778707","KN296187v1","363115","363422","40","3415285"
"chr29","3785121","3785442","KN295368v1","1060473","1060792","44","2724648"
"chr29","3824744","3824913","KN296743v1","1789514","1789673","32","2035230"
"chr29","3835703","3835996","KN296503v1","705647","705944","13","3130056"
"chr29","4003459","4003763","KN296991v1","1180720","1181024","20","2822739"
"chr29","4021727","4022000","KN296991v1","1162357","1162629","22","2859370"
"chr29","4176056","4176268","KN296991v1","1005798","1006002","14","3170258"
"chr29","4190042","4190368","KN295363v1","611888","612208","55","3578154"
"chr29","4262943","4263128","KN295708v1","1603766","1603939","38","2659177"
"chr29","4383964","4384257","KN297184v1","1823204","1823497","32","2560760"
"chr29","4421384","4421656","KN296991v1","748339","748606","15","3673045"
"chr29","4758970","4759250","KN296991v1","406875","407146","19","4352095"
"chr29","4765259","4765543","KN296991v1","400540","400815","21","4364719"
"chr29","4893114","4893424","KN296991v1","266907","267215","16","4626207"
"chr29","4897524","4897828","KN296991v1","262510","262814","16","4635014"
"chr29","5545836","5546139","KN294571v1","536563","536853","45","5009273"
"chr29","5805686","5806014","KN297274v1","1412869","1413197","38","4392817"
"chr29","6121860","6122142","KN294521v1","193032","193313","37","5928828"
"chr29","6126747","6127050","KN295345v1","44501","44793","33","6082246"
"chr29","6236291","6236601","KN295345v1","163103","163402","27","6073188"
"chr29","6468771","6468826","KN295045v1","1336617","1336651","23","5132154"
"chr29","6889720","6889870","KN297008v1","1491597","1491750","24","5398123"
"chr29","6935319","6935615","KN295345v1","868768","869065","20","6066551"
"chr29","7120289","7120584","KN295345v1","1055772","1056066","14","6064517"
"chr29","7359139","7359447","KN295345v1","1296946","1297254","18","6062193"
"chr29","7523113","7523396","KN295257v1","348260","348541","38","7174853"
"chr29","7543512","7543799","KN297444v1","491734","492016","47","7051778"
"chr29","7546362","7546664","KN297048v1","47682","47977","36","7498680"
"chr29","7554738","7555040","KN295586v1","5713036","5713339","41","1841702"
"chr29","7595085","7595384","KN295034v1","604953","605250","42","6990132"
"chr29","7606357","7606658","KN297197v1","4684189","4684491","36","2922168"
"chr29","7623850","7624021","KN297274v1","1641003","1641173","29","5982847"
"chr29","7778688","7778992","KN294399v1","296926","297229","36","7481762"
"chr29","7787742","7788044","KN294539v1","1456926","1457228","47","6330816"
"chr29","7801222","7801533","KN295091v1","924044","924353","33","6877178"
"chr29","7844673","7844849","KN294378v1","1680015","1680191","35","6164658"
"chr29","8108599","8108872","KN295980v1","299091","299367","39","7809508"
"chr29","8112158","8112435","KN296009v1","1376950","1377229","48","6735208"
"chr29","8247551","8247863","KN295102v1","157119","157420","47","8090432"
"chr29","8253501","8253797","KN297190v1","157815","158120","41","8095686"
"chr29","8294421","8294706","KN295977v1","409488","409777","39","7884933"
"chr29","8385930","8386093","KN294842v1","167464","167629","32","8218466"
"chr29","8386094","8386348","KN297210v1","51987","52241","31","8334107"
"chr29","8387093","8387394","KN296004v1","398217","398517","39","7988876"
"chr29","8395462","8395751","KN295366v1","153538","153829","30","8241924"
"chr29","8395752","8396053","KN294813v1","87773","88073","42","8307979"
"chr29","8480948","8481278","KN295609v1","243121","243448","43","8237827"
"chr29","8498159","8498426","KN296311v1","4683693","4683979","56","3814466"
"chr29","8543955","8544262","KN297154v1","1404218","1404517","53","7139737"
"chr29","8720790","8720969","KN296296v1","24619","24786","37","8696171"
"chr29","8793670","8793957","KN295075v1","252071","252359","31","8541599"
"chr29","8833249","8833537","KN296738v1","191009","191296","37","8642240"
"chr29","8838117","8838298","KN294946v1","74320","74515","62","8763797"
"chr29","8896569","8896852","KN296496v1","462872","463147","41","8433697"
"chr29","8903057","8903361","KN294591v1","115642","115945","32","8787415"
"chr29","8924979","8925267","KN294705v1","870227","870507","38","8054752"
"chr29","8935970","8936266","KN297452v1","1979430","1979725","29","6956540"
"chr29","9004396","9004703","KN294187v1","1070521","1070824","42","7933875"
"chr29","9016125","9016422","KN296119v1","1332102","1332392","37","7684023"
"chr29","9019279","9019580","KN295906v1","889903","890202","33","8129376"
"chr29","9038578","9038868","KN296263v1","1248040","1248330","44","7790538"
"chr29","9108666","9108973","KN295893v1","7202903","7203211","41","1905763"
"chr29","9167799","9167970","KN297154v1","211161","211330","42","8956638"
"chr29","9238370","9238662","KN296263v1","1107598","1107890","31","8130772"
"chr29","9361864","9362155","KN294571v1","2837988","2838277","41","6523876"
"chr29","9369198","9369496","KN294385v1","767967","768276","56","8601231"
"chr29","9372936","9373197","KN296138v1","307856","308112","33","9065080"
"chr29","9375717","9375990","KN296948v1","1093312","1093584","47","8282405"
"chr29","9588505","9588738","KN296315v1","220362","220608","57","9368143"
"chr29","9597171","9597348","KN296743v1","1789514","1789673","37","7807657"
"chr29","9600021","9600326","KN294385v1","291689","291997","40","9308332"
"chr29","9760848","9761150","KN294172v1","1462531","1462825","40","8298317"
"chr29","10124591","10124835","KN295239v1","223952","224237","47","9900639"
"chr29","10329303","10329524","KN296294v1","507915","508147","51","9821388"
"chr29","10525341","10525634","KN295239v1","630656","630949","21","9894685"
"chr29","10611654","10611863","KN296547v1","612654","612858","39","9999000"
"chr29","10834858","10835143","KN297113v1","31583","31866","17","10803275"
"chr29","11196901","11197198","KN296795v1","52782","53080","15","11144119"
"chr29","11385294","11385572","KN295907v1","2641672","2641952","41","8743622"
"chr29","11385603","11385624","KN294675v1","139522","139545","5","11246081"
"chr29","11423569","11423842","KN296795v1","305239","305534","31","11118330"
"chr29","11468422","11468721","KN296795v1","351719","352011","22","11116703"
"chr29","11649275","11649568","KN295893v1","7122873","7123168","30","4526402"
"chr29","11786951","11787253","KN296795v1","677838","678134","19","11109113"
"chr29","11895980","11896263","KN295692v1","4021734","4022018","37","7874246"
"chr29","11918640","11918802","KN296829v1","582931","583096","25","11335709"
"chr29","12003938","12004236","KN296795v1","903941","904240","16","11099997"
"chr29","12082147","12082461","KN296795v1","981447","981761","22","11100700"
"chr29","12102003","12102302","KN295591v1","1513491","1513795","40","10588512"
"chr29","12195073","12195373","KN294385v1","1569211","1569513","38","10625862"
"chr29","12398719","12398893","KN294790v1","2350797","2350969","32","10047922"
"chr29","12455287","12455600","KN296795v1","1364136","1364440","32","11091151"
"chr29","12499445","12499768","KN296795v1","1408079","1408393","27","11091366"
"chr29","12726317","12726610","KN296795v1","1645734","1646028","17","11080583"
"chr29","12758019","12758326","KN296795v1","1674525","1674835","19","11083494"
"chr29","12819178","12819456","KN296795v1","1735013","1735291","10","11084165"
"chr29","12939281","12939576","KN296795v1","1857303","1857604","20","11081978"
"chr29","13207207","13207502","KN294790v1","4553461","4553757","39","8653746"
"chr29","13368876","13369153","KN296795v1","2298269","2298546","11","11070607"
"chr29","13556661","13556958","KN296795v1","2501522","2501819","15","11055139"
"chr29","13616038","13616326","KN296795v1","2561966","2562266","27","11054072"
"chr29","13709358","13709687","KN296795v1","2661364","2661681","45","11047994"
"chr29","13725493","13725801","KN296795v1","2677417","2677696","42","11048076"
"chr29","13778047","13778206","KN296743v1","1789514","1789673","28","11988533"
"chr29","13801525","13801833","KN296795v1","2754001","2754307","20","11047524"
"chr29","13901759","13902078","KN296795v1","2856148","2856450","33","11045611"
"chr29","13965051","13965335","KN296795v1","2919203","2919487","12","11045848"
"chr29","14032113","14032410","KN296795v1","2993080","2993377","27","11039033"
"chr29","14459932","14460224","KN295402v1","915307","915596","38","13544625"
"chr29","14534724","14535036","KN295174v1","56478","56788","21","14478246"
"chr29","14684017","14684323","KN295174v1","206854","207144","31","14477163"
"chr29","14700220","14700530","KN295174v1","223112","223422","21","14477108"
"chr29","14772532","14772695","KN295202v1","2028222","2028396","40","12744310"
"chr29","15020123","15020390","KN295174v1","553151","553423","18","14466972"
"chr29","15308111","15308419","KN295174v1","859918","860219","31","14448193"
"chr29","15424404","15424570","KN296802v1","753722","753872","41","14670682"
"chr29","15883774","15884051","KN294588v1","1931172","1931453","43","13952602"
"chr29","16183929","16184239","KN295725v1","2090703","2091016","54","14093226"
"chr29","16977287","16977580","KN294421v1","765107","765402","51","16212180"
"chr29","17079515","17079823","KN296484v1","1024460","1024770","35","16055055"
"chr29","17094754","17095048","KN296849v1","394002","394294","40","16700752"
"chr29","17096181","17096478","KN295343v1","373896","374196","35","16722285"
"chr29","17127963","17128252","KN297452v1","1979430","1979725","31","15148533"
"chr29","17153176","17153486","KN296062v1","226881","227191","37","16926295"
"chr29","17446355","17446649","KN296108v1","735240","735530","44","16711115"
"chr29","17574956","17575253","KN296641v1","1285515","1285812","34","16289441"
"chr29","17771869","17772191","KN295236v1","5272450","5272764","48","12499419"
"chr29","17821124","17821427","KN296761v1","97995","98298","36","17723129"
"chr29","18065305","18065569","KN294741v1","1748071","1748339","56","16317234"
"chr29","18348457","18348727","KN296485v1","447446","447718","36","17901011"
"chr29","18477794","18478107","KN294385v1","291689","291997","43","18186105"
"chr29","18506405","18506717","KN296404v1","3005781","3006101","39","15500624"
"chr29","18752501","18752796","KN297452v1","1979430","1979725","33","16773071"
"chr29","18910139","18910448","KN297242v1","1009728","1010033","41","17900411"
"chr29","18914600","18914770","KN296153v1","2696247","2696418","33","16218353"
"chr29","18923849","18924137","KN294911v1","2308374","2308661","42","16615475"
"chr29","19005922","19006209","KN295814v1","804008","804295","41","18201914"
"chr29","19197602","19197780","KN295735v1","895035","895215","36","18302567"
"chr29","19266807","19267009","KN297165v1","1477031","1477235","28","17789776"
"chr29","19317309","19317620","KN294520v1","1300419","1300723","39","18016890"
"chr29","19413908","19414216","KN296864v1","1563866","1564174","37","17850042"
"chr29","19555329","19555633","KN295345v1","868768","869065","37","18686561"
"chr29","19613703","19614011","KN294520v1","1300419","1300723","33","18313284"
"chr29","19640961","19641087","KN295171v1","774709","774836","25","18866252"
"chr29","19654083","19654383","KN295871v1","678303","678603","35","18975780"
"chr29","19738173","19738469","KN297452v1","1979430","1979725","38","17758743"
"chr29","19984771","19985062","KN297452v1","1979430","1979725","32","18005341"
"chr29","20105553","20105810","KN294187v1","907689","907968","58","19197864"
"chr29","20162292","20162499","KN294345v1","2206480","2206684","31","17955812"
"chr29","20183266","20183583","KN294526v1","575886","576198","48","19607380"
"chr29","20196532","20196701","KN296174v1","30392","30557","31","20166140"
"chr29","20826990","20827305","KN294535v1","550591","550888","52","20276399"
"chr29","21061391","21061728","KN297274v1","1412869","1413197","56","19648522"
"chr29","21138423","21138659","KN297046v1","2365024","2365265","41","18773399"
"chr29","21245821","21246125","KN297197v1","3802947","3803249","35","17442874"
"chr29","21658066","21658349","KN296096v1","2440700","2440989","40","19217366"
"chr29","21699031","21699307","KN295045v1","756205","756493","51","20942826"
"chr29","21706757","21707017","KN295936v1","2228111","2228371","45","19478646"
"chr29","21770231","21770401","KN295820v1","902386","902554","38","20867845"
"chr29","21805770","21805927","KN296743v1","1789514","1789673","28","20016256"
"chr29","21944562","21944735","KN296153v1","2118691","2118861","35","19825871"
"chr29","21969523","21969817","KN294705v1","1298905","1299193","43","20670618"
"chr29","21977881","21978125","KN294226v1","5400","5644","47","21972481"
"chr29","22011924","22012092","KN295523v1","1284417","1284596","33","20727507"
"chr29","22029532","22029833","KN295893v1","7202903","7203211","43","14826629"
"chr29","22043808","22044109","KN294964v1","864674","864972","32","21179134"
"chr29","22044193","22044488","KN297452v1","1979430","1979725","33","20064763"
"chr29","22161876","22162177","KN294747v1","866490","866789","36","21295386"
"chr29","22993649","22993948","KN295533v1","1124359","1124653","31","21869290"
"chr29","23150146","23150391","KN296266v1","16134","16379","46","23134012"
"chr29","23196806","23196969","KN296311v1","1013861","1014022","33","22182945"
"chr29","23234546","23234838","KN297048v1","47682","47977","35","23186864"
"chr29","23260685","23261089","KN294372v1","2148036","2148414","83","21112649"
"chr29","23281369","23281648","KN296036v1","594167","594437","58","22687202"
"chr29","23407285","23407597","KN295708v1","712640","712949","58","22694645"
"chr29","23468797","23468979","KN296122v1","77654","77829","38","23391143"
"chr29","23550983","23551262","KN294705v1","2181145","2181423","36","21369838"
"chr29","23553117","23553413","KN294571v1","1349003","1349300","33","22204114"
"chr29","23653394","23653692","KN296079v1","1016819","1017116","32","22636575"
"chr29","23700060","23700352","KN295102v1","336832","337130","32","23363228"
"chr29","23850602","23850891","KN296072v1","59767","60064","22","23790835"
"chr29","23874574","23874876","KN296072v1","83247","83551","11","23791327"
"chr29","23913228","23913413","KN295236v1","4802595","4802791","43","19110633"
"chr29","23913414","23913705","KN296072v1","119727","120014","19","23793687"
"chr29","23913706","23913807","KN295236v1","4879827","4879943","28","19033879"
"chr29","23924438","23924459","KN295963v1","26249","26262","10","23898189"
"chr29","23924772","23924918","KN295236v1","151283","151434","40","23773489"
"chrUn_KE147540v1","6438","6732","KN296296v1","66249","66543","33","59811"
"chrUn_KE147540v1","19219","19519","KN296557v1","548990","549285","37","529771"
"chrUn_KE147540v1","25450","25755","KN294850v1","121634","121934","34","96184"
"chrUn_KE147540v1","82840","83108","KN296992v1","153706","153972","49","70866"
"chrUn_KE147540v1","126060","126373","KN295045v1","49997","50305","47","76063"
"chrUn_KE147540v1","455129","455416","KN295075v1","252071","252359","33","203058"
"chrUn_KE147540v1","567120","567434","KN297229v1","59617","59922","44","507503"
"chrUn_KE147540v1","621495","621795","KN295343v1","373896","374196","41","247599"
"chrUn_KE147541v1","35734","36029","KN295070v1","15542","15836","34","20192"
"chrUn_KE147541v1","52053","52362","KN295343v1","373896","374196","35","321843"
"chrUn_KE147541v1","52454","52761","KN295735v1","764560","764844","38","712106"
"chrUn_KE147541v1","74445","74653","KN294443v1","649310","649513","31","574865"
"chrUn_KE147541v1","180958","181244","KN295735v1","614859","615155","43","433901"
"chrUn_KE147541v1","285191","285483","KN294506v1","235047","235332","39","50144"
"chrUn_KE147541v1","285486","285791","KN296507v1","803071","803378","48","517585"
"chrUn_KE147541v1","326373","326670","KN295962v1","2457159","2457455","34","2130786"
"chrUn_KE147541v1","409958","410123","KN294842v1","167464","167629","23","242494"
"chrUn_KE147541v1","449190","449354","KN296296v1","24619","24786","30","424571"
"chrUn_KE147541v1","449659","449792","KN294613v1","562643","562778","14","112984"
"chrUn_KE147541v1","496551","496850","KN296108v1","735240","735530","38","238689"
"chrUn_KE147541v1","623698","623952","KN295523v1","2671326","2671592","42","2047628"
"chrUn_KE147541v1","635095","635287","KN296119v1","3355213","3355396","35","2720118"
"chrUn_KE147541v1","638936","639213","KN295735v1","132921","133209","31","506015"
"chrUn_KE147541v1","762416","762722","KN295854v1","1504180","1504481","45","741764"
"chrUn_KE147541v1","794854","795057","KN294443v1","649310","649513","27","145544"
"chrUn_KE147544v1","222357","222737","KN294470v1","900548","900906","103","678191"
"chrUn_KE147546v1","77134","77441","KN295633v1","307851","308157","39","230717"
"chrUn_KE147546v1","257499","257802","KN294499v1","899277","899580","42","641778"
"chrUn_KE147546v1","259702","259989","KN294506v1","235047","235332","36","24655"
"chrUn_KE147546v1","260308","260438","KN294456v1","1105579","1105713","19","845271"
"chrUn_KE147546v1","260721","260872","KN296430v1","705227","705382","28","444506"
"chrUn_KE147547v1","108377","108686","KN295236v1","3010436","3010743","39","2902059"
"chrUn_KE147547v1","110358","110548","KN296119v1","3355213","3355396","35","3244855"
"chrUn_KE147547v1","151581","151886","KN295236v1","4985497","4985798","43","4833916"
"chrUn_KE147547v1","153520","153710","KN296119v1","3355213","3355396","38","3201693"
"chrUn_KE147547v1","274990","275297","KN296964v1","792372","792682","43","517382"
"chrUn_KE147547v1","315722","316034","KN296435v1","2271548","2271854","43","1955826"
"chrUn_KE147547v1","325753","326087","KN294536v1","1166329","1166654","55","840576"
"chrUn_KE147548v1","92437","92671","KN296957v1","6273","6511","25","86164"
"chrUn_KE147548v1","110127","110424","KN294991v1","1558581","1558873","34","1448454"
"chrUn_KE147549v1","64866","65178","KN295096v1","1625375","1625686","32","1560509"
"chrUn_KE147549v1","67532","67835","KN295962v1","2457159","2457455","49","2389627"
"chrUn_KE147549v1","67870","68138","KN295753v1","245053","245324","45","177183"
"chrUn_KE147549v1","68181","68471","KN295735v1","888277","888568","26","820096"
"chrUn_KE147549v1","153084","153371","KN295075v1","252071","252359","32","98987"
"chrUn_KE147549v1","153986","154265","KN295964v1","43993","44262","38","109993"
"chrUn_KE147549v1","204308","204515","KN294536v1","1559140","1559349","30","1354832"
"chrUn_KE147549v1","254909","255201","KN295962v1","2457159","2457455","37","2202250"
"chrUn_KE147549v1","274846","275154","KN296484v1","1024460","1024770","41","749614"
"chrUn_KE147555v1","66908","67209","KN295703v1","185739","186038","40","118831"
"chrUn_KE147559v1","49384","49629","KN295533v1","879003","879251","46","829619"
"chrUn_KE147561v1","38863","39168","KN295236v1","4985497","4985798","39","4946634"
"chrUn_KE147562v1","68961","69252","KN296826v1","122558","122853","41","53597"
"chrUn_KE147562v1","79701","80023","KN297044v1","108239","108545","55","28538"
"chrUn_KE147562v1","113650","113821","KN296959v1","1152394","1152569","30","1038744"
"chrUn_KE147573v1","41488","41664","KN296086v1","825589","825753","36","784101"
"chrUn_KE147573v1","41704","41716","KN297008v1","5363769","5363781","2","5322065"
"chrUn_KE147573v1","73634","73938","KN296745v1","13588","13887","18","60046"
"chrUn_KE147575v1","36697","37002","KN294861v1","153994","154295","19","117297"
"chrUn_KE147575v1","56633","56918","KN296464v1","390028","390315","41","333395"
"chrUn_KE147577v1","16334","16633","KN294520v1","1300419","1300723","36","1284085"
"chrUn_KE147579v1","20567","20871","KN296154v1","3679659","3679964","43","3659092"
"chrUn_KE147582v1","28402","28702","KN294964v1","864674","864972","38","836272"
"chrUn_KE147586v1","10526","10814","KN294172v1","6035473","6035763","49","6024947"
"chrUn_KE147586v1","38947","39250","KN294378v1","1155375","1155674","35","1116428"
"chrUn_KE147590v1","32730","33012","KN294758v1","2335286","2335568","44","2302556"
"chrUn_KE147598v1","21791","22087","KN294900v1","1146517","1146812","41","1124726"
"chrUn_KE147611v1","9270","9559","KN294570v1","134750","135048","24","125480"
"chrUn_KE147612v1","6110","6414","KN294499v1","899277","899580","41","893167"
"chrUn_KE147612v1","8988","9278","KN294192v1","872123","872412","35","863135"
"chrUn_KE147614v1","28125","28289","KN295294v1","769026","769186","29","740901"
"chrUn_KE147614v1","31045","31351","KN297044v1","108239","108545","33","77194"
"chrUn_KE147614v1","36862","37157","KN296883v1","3796145","3796438","36","3759283"
"chrUn_KE147615v1","17943","18213","KN294187v1","140872","141146","45","122929"
"chrUn_KE147615v1","22197","22496","KN294922v1","720408","720710","39","698211"
"chrUn_KE147620v1","13536","13743","KN294345v1","2206480","2206684","34","2192944"
"chrUn_KE147626v1","3154","3329","KN296153v1","2696247","2696418","29","2693093"
"chrUn_KE147628v1","31345","31650","KN294592v1","462090","462394","41","430745"
"chrUn_KE147646v1","24282","24590","KN295708v1","1826032","1826338","34","1801750"
"chrUn_KE147672v1","355","653","KN297200v1","130401","130696","41","130046"
"chrUn_KE147709v1","1690","1934","KN294407v1","786896","787127","49","785206"
"chrUn_KE147717v1","4956","5106","KN294187v1","1542649","1542810","29","1537693"
"chrUn_KE147731v1","1449","1734","KN297047v1","659898","660181","43","658449"
"chrUn_KE147739v1","1042","1198","KN297008v1","1441000","1441155","32","1439958"
"chrUn_KE147813v1","156","407","KN296495v1","797555","797801","51","797399"
"chrUn_KE147841v1","2020","2305","KN295610v1","214584","214872","72","212564"
"chrUn_KE147923v1","92","377","KN297203v1","885386","885683","43","885294"
"chrUn_KE147935v1","93117","93408","KN295962v1","2488019","2488313","40","2394902"
"chrUn_KE147935v1","101778","102077","KN295729v1","1381050","1381336","79","1279272"
"chrUn_KE147935v1","107543","107853","KN295502v1","55634","55944","27","51909"
"chrUn_KE147935v1","214967","215139","KN294470v1","2260068","2260237","33","2045101"
"chrUn_KE147935v1","262900","263106","KN296402v1","45128","45334","9","217772"
"chrUn_KE147935v1","314223","314524","KN294187v1","1767651","1767950","42","1453428"
"chrUn_AQIB01158128v1","22521","22812","KN296316v1","95592","95892","23","73071"
"chrUn_AQIB01158130v1","4825","5091","KN296879v1","827610","827872","44","822785"
"chrUn_AQIB01158139v1","17580","17889","KN297044v1","108239","108545","37","90659"
"chrUn_AQIB01158180v1","8129","8422","KN294373v1","1407897","1408188","36","1399768"
"chrUn_AQIB01158361v1","1705","2005","KN297165v1","2704138","2704432","13","2702433"
"chrUn_AQIB01158377v1","494","683","KN296119v1","3355213","3355396","36","3354719"
"chrUn_AQIB01158458v1","617","909","KN294561v1","623087","623382","33","622470"
"chrUn_AQIB01158464v1","1772","1946","KN294980v1","230782","230955","37","229010"
"chrUn_AQIB01158500v1","1004","1309","KN294717v1","29270","29570","37","28266"
"chrUn_AQIB01158516v1","1028","1193","KN296174v1","30392","30557","21","29364"
"chrUn_AQIB01158522v1","1","186","KN296296v1","24619","24786","39","24618"
"chrUn_AQIB01158522v1","806","1085","KN294451v1","1105175","1105462","44","1104369"
"chrUn_AQIB01158546v1","608","671","KN297008v1","1094032","1094107","24","1093424"
"chrUn_AQIB01158582v1","376","544","KN294613v1","769657","769824","36","769281"
"chrUn_AQIB01158634v1","1124","1402","KN295405v1","157962","158246","34","156838"
"chrUn_AQIB01158637v1","475","773","KN294399v1","115875","116174","32","115400"
"chrUn_AQIB01158657v1","467","768","KN296153v1","750041","750344","43","749574"
"chrUn_AQIB01158682v1","1","204","KN295045v1","1182493","1182695","31","1182492"
"chrUn_AQIB01158770v1","241","538","KN295735v1","1675335","1675618","44","1675094"
"chrUn_AQIB01158790v1","1","289","KN295366v1","153538","153829","39","153537"
"chrUn_AQIB01158799v1","262","566","KN296122v1","434988","435296","24","434726"
"chrUn_AQIB01158854v1","367","661","KN294251v1","1515118","1515410","45","1514751"
"chrUn_AQIB01159022v1","2968","3247","KN297141v1","791776","792061","40","788808"
"chrUn_AQIB01159022v1","7536","7791","KN295940v1","599422","599687","41","591886"
"chrUn_AQIB01159128v1","2130","2411","KN294705v1","870227","870507","30","868097"
"chr1_KE147936v1_random","17890","18103","KN297105v1","3133628","3133851","43","3115738"
"chr2_KE147942v1_random","40522","40682","KN294451v1","850657","850819","34","810135"
"chr2_KE147943v1_random","6304","6614","KN296484v1","1024460","1024770","23","1018156"
"chr2_KE147943v1_random","15141","15443","KN294214v1","362641","362943","22","347500"
"chr2_KE147943v1_random","36035","36330","KN294214v1","393583","393883","25","357548"
"chr2_KE147943v1_random","39232","39528","KN294214v1","396789","397090","21","357557"
"chr5_KE147961v1_random","4089","4395","KN295080v1","120776","121074","41","116687"
"chr9_KE147979v1_random","1232676","1232952","KN295586v1","1680465","1680742","40","447789"
"chr9_KE147979v1_random","1286407","1286578","KN295349v1","47758","47931","34","1238649"
"chr9_KE147979v1_random","1391673","1391962","KN296165v1","37015","37301","11","1354658"
"chr9_KE147980v1_random","184764","185003","KN294269v1","1170294","1170536","38","985530"
"chr9_KE147982v1_random","1759","2069","KN296093v1","185428","185734","45","183669"
"chr9_KE147983v1_random","41898","42214","KN296761v1","97995","98298","49","56097"
"chr9_KE147985v1_random","24613","24936","KN296732v1","3129981","3130299","48","3105368"
"chr9_KE147985v1_random","31181","31488","KN296000v1","1247118","1247423","45","1215937"
"chr9_KE147985v1_random","40908","41220","KN295074v1","748827","749135","39","707919"
"chr9_KE147985v1_random","41222","41532","KN294813v1","87773","88073","48","46551"
"chr9_KE147988v1_random","14228","14521","KN296075v1","590735","591029","32","576507"
"chr9_KE148001v1_random","7233","7538","KN294592v1","462090","462394","41","454857"
"chr9_KE148001v1_random","9561","9871","KN296745v1","13588","13887","27","4027"
"chr9_KE148001v1_random","25947","26235","KN297340v1","80958","81245","13","55011"
"chr9_KE148002v1_random","12508","12644","KN295236v1","151283","151434","49","138775"
"chr9_KE148002v1_random","12950","13084","KN294613v1","562643","562778","11","549693"
"chr9_KE148002v1_random","17681","17991","KN294520v1","1300419","1300723","37","1282738"
"chrX_KE148108v1_random","120838","121144","KN295930v1","590942","591244","15","470104"
"chrX_KE148108v1_random","171974","172237","KN297197v1","3429038","3429300","28","3257064"
"chrX_KE148108v1_random","173475","173781","KN294199v1","195562","195867","39","22087"
"chrX_KE148108v1_random","358128","358396","KN295930v1","347803","348069","7","10325"
"chrX_KE148108v1_random","378807","379104","KN295930v1","322992","323290","23","55815"
"chrX_KE148108v1_random","397452","397749","KN295930v1","305539","305829","23","91913"
"chrX_KE148108v1_random","409351","409645","KN295930v1","293348","293636","23","116003"
"chrX_KE148108v1_random","409805","410113","KN295930v1","292880","293188","15","116925"
"chrX_KE148108v1_random","412877","413172","KN295006v1","698089","698384","37","285212"
"chrX_KE148108v1_random","583299","583609","KN295930v1","122697","123007","9","460602"
"chrX_KE148108v1_random","595311","595605","KN295930v1","109992","110290","15","485319"
"chrX_KE148108v1_random","694270","694580","KN295930v1","11435","11744","20","682835"
"chrX_KE148108v1_random","803030","803341","KN294365v1","993171","993474","33","190141"
"chrX_KE148108v1_random","857857","858157","KN294451v1","1164519","1164817","37","306662"
"chrX_KE148108v1_random","864463","864774","KN295930v1","537952","538252","38","326511"
"chrX_KE148108v1_random","1013568","1013867","KN294199v1","1050567","1050867","38","36999"
"chrX_KE148108v1_random","1017208","1017504","KN294911v1","2237890","2238186","35","1220682"
"chrX_KE148108v1_random","1048812","1049084","KN296496v1","143366","143630","30","905446"
"chrX_KE148108v1_random","1095298","1095616","KN297159v1","584316","584626","42","510982"
"chrX_KE148108v1_random","1166081","1166371","KN294407v1","804694","804981","31","361387"
"chrX_KE148108v1_random","1171601","1171898","KN296948v1","271010","271304","36","900591"
"chrX_KE148108v1_random","1181134","1181441","KN295962v1","2457159","2457455","36","1276025"
"chrX_KE148108v1_random","1204484","1204786","KN294469v1","163528","163837","38","1040956"
"chrX_KE148108v1_random","1212016","1212316","KN295096v1","447120","447418","40","764896"
"chrX_KE148108v1_random","1353668","1353969","KN294444v1","141237","141539","18","1212431"
"chrX_KE148108v1_random","1383150","1383465","KN295666v1","791747","792057","42","591403"
"chrX_KE148108v1_random","1392731","1393011","KN294444v1","186311","186611","31","1206420"
"chrX_KE148108v1_random","1417121","1417306","KN296119v1","3355213","3355396","35","1938092"
"chrX_KE148108v1_random","1428203","1428478","KN294444v1","220728","221004","9","1207475"
"chrX_KE148108v1_random","1534358","1534658","KN294499v1","1442665","1442971","37","91693"
"chrX_KE148108v1_random","1565764","1565967","KN294444v1","369930","370127","13","1195834"
"chrX_KE148108v1_random","1758669","1758970","KN294169v1","183053","183359","15","1575616"
"chrX_KE148108v1_random","1825270","1825496","KN294257v1","1489771","1489991","32","335499"
"chrX_KE148108v1_random","2298399","2298697","KN296948v1","160688","160987","40","2137711"
"chrX_KE148108v1_random","2380769","2380962","KN297386v1","2382714","2382909","25","1945"
"chrX_KE148108v1_random","2511433","2511735","KN294592v1","51794","52092","42","2459639"
"chrX_KE148108v1_random","2573208","2573505","KN295343v1","373896","374196","37","2199312"
"chrX_KE148108v1_random","2660641","2660926","KN294592v1","300620","300898","42","2360021"
"chrX_KE148108v1_random","3165319","3165618","KN294513v1","717593","717888","42","2447726"
"chrX_KE148108v1_random","3315015","3315316","KN294813v1","87773","88073","8","3227242"
"chrX_KE148108v1_random","3652234","3652551","KN296863v1","105870","106194","25","3546364"
"chrX_KE148108v1_random","3933480","3933775","KN294437v1","6880","7178","15","3926600"
"chrX_KE148108v1_random","4088953","4089260","KN294372v1","1311490","1311797","40","2777463"
"chrX_KE148108v1_random","4245588","4245895","KN296813v1","35356","35679","32","4210232"
"chrX_KE148108v1_random","4488295","4488574","KN295586v1","5293886","5294167","38","805591"
"chrX_KE148108v1_random","4744034","4744310","KN294987v1","598695","598975","39","4145339"
"chrX_KE148108v1_random","4846155","4846463","KN294611v1","4367","4667","39","4841788"
"chrX_KE148108v1_random","4935124","4935299","KN294790v1","2350797","2350969","31","2584327"
"chrX_KE148108v1_random","4970794","4971071","KN295350v1","991261","991528","54","3979533"
"chrX_KE148108v1_random","5085425","5085691","KN296138v1","307856","308112","34","4777569"
"chrX_KE148108v1_random","5097559","5097595","KN296316v1","148146","148173","17","4949413"
"chrX_KE148108v1_random","5138917","5139208","KN295075v1","252071","252359","31","4886846"
"chrX_KE148108v1_random","5188474","5188731","KN294716v1","165924","166185","64","5022550"
"chrX_KE148108v1_random","5189816","5190170","KN295284v1","267335","267639","89","4922481"
"chrX_KE148108v1_random","5198858","5199153","KN296079v1","3084734","3085029","31","2114124"
"chrX_KE148108v1_random","5208832","5209134","KN294399v1","115875","116174","43","5092957"
"chrX_KE148108v1_random","5257740","5258028","KN295923v1","1430363","1430659","40","3827377"
"chrX_KE148108v1_random","5617474","5617732","KN295871v1","832393","832646","41","4785081"
"chrX_KE148108v1_random","5845198","5845496","KN296953v1","64168","64473","17","5781030"
"chrX_KE148108v1_random","5899032","5899319","KN295586v1","5293886","5294167","32","605146"
"chrX_KE148108v1_random","6038095","6038297","KN295045v1","1182493","1182695","28","4855602"
"chrX_KE148108v1_random","6605330","6605632","KN295150v1","1654","1954","17","6603676"
"chrX_KE148108v1_random","6675960","6676251","KN295150v1","80996","81293","20","6594964"
"chrX_KE148108v1_random","6731154","6731447","KN295171v1","400181","400483","50","6330973"
"chrX_KE148108v1_random","6938031","6938324","KN295171v1","1412453","1412742","34","5525578"
"chrX_KE148108v1_random","7048741","7049049","KN295871v1","45640","45948","44","7003101"
"chrX_KE148108v1_random","7140270","7140538","KN294561v1","936960","937229","42","6203310"
"chrX_KE148108v1_random","7615123","7615430","KN296079v1","1284349","1284655","41","6330774"
"chrX_KE148108v1_random","7640207","7640388","KN296486v1","1468682","1468869","36","6171525"
"chrX_KE148108v1_random","7833546","7833812","KN295273v1","8922","9188","14","7824624"
"chrX_KE148108v1_random","8327035","8327206","KN297154v1","211161","211330","26","8115874"
"chrX_KE148108v1_random","8327237","8327360","KN295995v1","71301","71424","16","8255936"
"chrX_KE148108v1_random","8782230","8782496","KN295941v1","2554571","2554828","45","6227659"
"chrX_KE148108v1_random","8854484","8854764","KN294501v1","987158","987439","52","7867326"
"chrX_KE148109v1_random","35855","36164","KN294592v1","922102","922412","50","886247"
"chrX_KE148109v1_random","50665","50978","KN296157v1","4280337","4280642","40","4229672"
"chrX_KE148109v1_random","53288","53595","KN295090v1","39156","39463","34","14132"
"chrX_KE148109v1_random","398544","398824","KN297385v1","5172","5468","39","393372"
"chrX_KE148109v1_random","693656","693956","KN296315v1","577799","578100","42","115857"
"chrX_KE148109v1_random","773630","773864","KN297105v1","520174","520396","38","253456"
"chrX_KE148109v1_random","814329","814637","KN296380v1","7066","7372","39","807263"
"chrX_KE148109v1_random","1266876","1267185","KN297200v1","98740","99051","44","1168136"
"chrX_KE148109v1_random","2197505","2197791","KN295857v1","32063","32348","28","2165442"
"chrX_KE148109v1_random","2240479","2240783","KN295586v1","5713036","5713339","35","3472557"
"chrX_KE148109v1_random","2405931","2406083","KN297008v1","6657903","6658047","32","4251972"
"chrX_KE148109v1_random","2513387","2513681","KN295371v1","415318","415609","39","2098069"
"chrX_KE148109v1_random","2526069","2526259","KN296859v1","1427369","1427572","39","1098700"
"chrX_KE148109v1_random","2689523","2689700","KN294596v1","141115","141287","29","2548408"
"chrX_KE148110v1_random","875139","875424","KN294506v1","235047","235332","48","640092"
"chrX_KE148111v1_random","89512","89811","KN295090v1","291736","292032","49","202224"
"chrX_KE148112v1_random","87591","87873","KN297190v1","2980850","2981145","65","2893259"
"chrX_KE148116v1_random","45528","45795","KN294901v1","200297","200564","14","154769"
"chrX_KE148117v1_random","1017","1201","KN295891v1","15512","15692","45","14495"
"chrX_KE148136v1_random","30","313","KN297444v1","491734","492016","36","491704"
"chrY_KE148137v1_random","26278","26581","KN296921v1","1978818","1979096","82","1952540"
"chrY_KE148138v1_random","32578","32878","KN295893v1","7122873","7123168","57","7090295"
"chr10_KE148023v1_random","18205","18511","KN294199v1","195562","195867","35","177357"
"chr10_KE148023v1_random","24342","24650","KN294172v1","6816895","6817201","35","6792553"
"chr10_KE148023v1_random","200973","201272","KN294611v1","4367","4667","29","196606"
"chr10_KE148023v1_random","246360","246654","KN297038v1","1342257","1342550","28","1095897"
"chr10_KE148023v1_random","381663","381938","KN295548v1","970622","970909","41","588959"
"chr10_KE148023v1_random","407941","408127","KN297094v1","185988","186163","37","221953"
"chr10_KE148023v1_random","438954","439107","KN294980v1","230782","230955","35","208172"
"chr10_KE148023v1_random","473046","473340","KN297452v1","1979430","1979725","34","1506384"
"chr11_KE148029v1_random","15141","15445","KN296726v1","19019","19326","17","3878"
"chr17_KE148042v1_random","96692","96990","KN295343v1","373896","374196","37","277204"
"chr17_KE148044v1_random","16319","16626","KN295871v1","678303","678603","41","661984"
"chr18_KE148045v1_random","3530","3828","KN297112v1","5562821","5563124","22","5559291"
"chr20_KE148049v1_random","51251","51492","KN296062v1","797310","797553","42","746059"
"chr20_KE148049v1_random","125871","126144","KN295708v1","77511","77788","40","48360"
"chr20_KE148049v1_random","154389","154631","KN295526v1","34227","34466","39","120162"
"chr20_KE148049v1_random","238905","239205","KN296615v1","65734","66028","22","173171"
"chr20_KE148049v1_random","261457","261776","KN296615v1","39566","39880","22","221891"
"chr20_KE148049v1_random","358525","358787","KN297087v1","67231","67493","8","291294"
"chr20_KE148049v1_random","439527","439823","KN296635v1","3538964","3539261","34","3099437"
"chr20_KE148049v1_random","473995","474153","KN297008v1","6657903","6658047","46","6183908"
"chr20_KE148049v1_random","622915","623216","KN295523v1","3041976","3042278","39","2419061"
"chr20_KE148049v1_random","634444","634724","KN296009v1","1376950","1377229","30","742506"
"chr20_KE148049v1_random","672593","672885","KN294446v1","974412","974701","38","301819"
"chr20_KE148049v1_random","699199","699495","KN297452v1","1979430","1979725","34","1280231"
"chr20_KE148049v1_random","708577","708742","KN296311v1","1013861","1014022","21","305284"
"chr20_KE148049v1_random","710380","710534","KN296154v1","1158383","1158548","39","448003"
"chr20_KE148049v1_random","723141","723437","KN294991v1","2014076","2014373","38","1290935"
"chr20_KE148049v1_random","759980","760187","KN294790v1","808923","809138","40","48943"
"chr20_KE148049v1_random","760446","760497","KN296138v1","110078","110127","31","650368"
"chr20_KE148049v1_random","760572","760685","KN295236v1","4803407","4803521","16","4042835"
"chr20_KE148049v1_random","800137","800424","KN297147v1","436307","436600","37","363830"
"chr20_KE148049v1_random","807199","807510","KN294520v1","1300419","1300723","40","493220"
"chr20_KE148049v1_random","817020","817325","KN294747v1","866490","866789","38","49470"
"chr20_KE148049v1_random","824727","825006","KN294486v1","82200","82485","42","742527"
"chr20_KE148049v1_random","837450","837749","KN295345v1","868768","869065","42","31318"
"chr20_KE148049v1_random","858196","858345","KN296430v1","705227","705382","27","152969"
"chr20_KE148049v1_random","899621","899918","KN295343v1","373896","374196","41","525725"
"chr20_KE148049v1_random","923965","924260","KN295744v1","235007","235306","28","688958"
"chr20_KE148049v1_random","934124","934204","KN295550v1","498465","498533","24","435659"
"chr20_KE148049v1_random","1008002","1008301","KN296311v1","3521375","3521662","38","2513373"
"chr20_KE148049v1_random","1018797","1019106","KN294485v1","105000","105306","28","913797"
"chr20_KE148049v1_random","1162293","1162461","KN296153v1","2696247","2696418","29","1533954"
"chr20_KE148049v1_random","1329224","1329477","KN296138v1","307856","308112","36","1021368"
"chr20_KE148049v1_random","1409249","1409263","KN295152v1","573368","573383","1","835881"
"chr20_KE148049v1_random","1409530","1409646","KN297432v1","384377","384510","41","1025153"
"chr20_KE148049v1_random","1423682","1423971","KN297452v1","1979430","1979725","33","555748"
"chr20_KE148049v1_random","1459804","1460089","KN294479v1","308767","309062","48","1151037"
"chr20_KE148050v1_random","61089","61398","KN296615v1","39566","39880","42","21523"
"chr20_KE148050v1_random","218852","219126","KN295315v1","908935","909214","40","690083"
"chr20_KE148050v1_random","442448","442751","KN296345v1","96067","96368","41","346381"
"chr20_KE148050v1_random","540985","541247","KN297210v1","51987","52241","39","488998"
"chr20_KE148050v1_random","573867","574150","KN295717v1","287965","288247","39","285902"
"chr20_KE148050v1_random","655603","655937","KN294193v1","868371","868704","53","212768"
"chr20_KE148050v1_random","1064511","1064812","KN294991v1","1379808","1380111","39","315297"
"chr20_KE148050v1_random","1187379","1187623","KN295074v1","95886","96127","55","1091493"
"chr20_KE148050v1_random","1246247","1246547","KN297205v1","56473","56771","26","1189774"
"chr20_KE148052v1_random","12730","12877","KN297008v1","6657903","6658047","27","6645173"
"chr20_KE148052v1_random","19386","19699","KN296093v1","185428","185734","41","166042"
"chr21_KE148060v1_random","55238","55533","KN297452v1","1979430","1979725","37","1924192"
"chr21_KE148060v1_random","166851","167150","KN294592v1","1387856","1388155","37","1221005"
"chr21_KE148062v1_random","16460","16755","KN297320v1","356322","356612","42","339862"
"chr21_KE148062v1_random","30502","30676","KN296153v1","2118691","2118861","35","2088189"
"chr21_KE148063v1_random","4486","4536","KN295045v1","1336617","1336651","24","1332131"
"chr27_KE148091v1_random","24913","25220","KN297041v1","111398","111688","31","86485"
"chr27_KE148094v1_random","18294","18579","KN294486v1","82200","82485","41","63906"
"chr28_KE148105v1_random","55073","55340","KN296528v1","740042","740303","40","684969"
"chr28_KE148105v1_random","93318","93618","KN295343v1","373896","374196","32","280578"
"chr28_KE148105v1_random","145520","145806","KN296732v1","2792402","2792689","40","2646882"
"chr28_KE148105v1_random","169174","169472","KN294964v1","864674","864972","40","695500"
"chr28_KE148105v1_random","190843","191140","KN295893v1","7122873","7123168","39","6932030"
"chr28_KE148105v1_random","195467","195772","KN295854v1","1504180","1504481","45","1308713"
"chr28_KE148105v1_random","216696","216709","KN295152v1","573368","573383","3","356672"
"chr28_KE148105v1_random","216754","217047","KN296096v1","2440700","2440989","38","2223946"
"chr28_KE148106v1_random","2301","2466","KN294790v1","2350797","2350969","31","2348496"
"chr28_KE148106v1_random","9891","10178","KN294192v1","872123","872412","50","862232"
"chr2_AQIB01158132v1_random","8485","8781","KN294475v1","320272","320570","36","311787"
"chr2_AQIB01158281v1_random","887","1180","KN295236v1","1688322","1688613","33","1687435"
"chr2_AQIB01159106v1_random","5677","5958","KN295236v1","1688322","1688613","34","1682645"
"chr3_AQIB01156178v1_random","9475","9751","KN295249v1","91134","91410","15","81659"
"chr4_AQIB01159088v1_random","6122","6429","KN296093v1","185428","185734","36","179306"
"chr7_AQIB01158140v1_random","12364","12664","KN295607v1","3185459","3185755","20","3173095"
"chr7_AQIB01159043v1_random","8453","8605","KN296495v1","1470532","1470683","27","1462079"
"chr8_AQIB01159049v1_random","4836","5127","KN295754v1","59876","60171","20","55040"
"chr9_AQIB01159112v1_random","10017","10313","KN297452v1","1979430","1979725","38","1969413"
"chrX_AQIB01158220v1_random","1821","1991","KN296086v1","825589","825753","40","823768"
"chrX_AQIB01158221v1_random","1821","1991","KN296086v1","825589","825753","40","823768"
"chrX_AQIB01158456v1_random","241","498","KN295940v1","599422","599687","45","599181"
"chrX_AQIB01159084v1_random","1168","1471","KN294399v1","296926","297229","30","295758"
"chr16_AQIB01158152v1_random","87","392","KN294372v1","1311490","1311797","37","1311403"
"chr16_AQIB01158430v1_random","1473","1686","KN295045v1","1182493","1182695","54","1181020"
"chr16_AQIB01159032v1_random","4486","4780","KN296263v1","1107598","1107890","12","1103112"
"chr16_AQIB01159089v1_random","64986","65152","KN296743v1","1789514","1789673","31","1724528"
"chr16_AQIB01159142v1_random","6330","6618","KN295533v1","1730829","1731110","43","1724499"
"chr16_AQIB01159142v1_random","7830","8121","KN295962v1","674128","674422","38","666298"
"chr21_AQIB01157201v1_random","4504","4799","KN296481v1","205477","205769","33","200973"
"chr21_AQIB01159035v1_random","10794","11082","KN297343v1","493330","493609","22","482536"
