"chr1","877895","878206","chr4","16497264","16497562","43","15619369"
"chr1","2819567","2819868","chr11","3060770","3061065","39","241203"
"chr1","2824332","2824584","chr3","188434140","188434394","38","185609808"
"chr1","2845323","2845623","chr5","165592457","165592754","40","162747134"
"chr1","2847224","2847513","chr9","91797008","91797295","33","88949784"
"chr1","3533004","3533298","chr8","63104122","63104425","44","59571118"
"chr1","3915125","3915178","chr17","11062823","11062873","11","7147698"
"chr1","4158069","4158209","chr22","40719231","40719400","53","36561162"
"chr1","4727144","4727451","chr2A","70725628","70725935","24","65998484"
"chr1","5326657","5326824","chr2B","189286822","189287010","35","183960165"
"chr1","5327099","5327414","chr15","22210443","22210755","36","16883344"
"chr1","5588340","5588673","chr2A","111423582","111423906","52","105835242"
"chr1","5833207","5833515","chr17","78190632","78190940","35","72357425"
"chr1","6664661","6664969","chr2A","70725628","70725935","31","64060967"
"chr1","6850464","6850605","chr13","20771858","20772001","14","13921394"
"chr1","7107072","7107364","chr11","128800963","128801253","33","121693891"
"chr1","7113748","7114003","chr1","39530925","39531181","35","32417177"
"chr1","7178385","7178697","chr7","126105184","126105492","50","118926799"
"chr1","7698927","7699073","chr5","96948066","96948214","17","89249139"
"chr1","7719402","7719701","chr17","41627992","41628290","37","33908590"
"chr1","7793263","7793544","chr15","25257479","25257757","30","17464216"
"chr1","7996403","7996699","chr12","40024736","40025028","32","32028333"
"chr1","8022383","8022670","chr15","61583294","61583579","31","53560911"
"chr1","8049447","8049738","chr11","64909884","64910171","30","56860437"
"chr1","8284146","8284449","chr15","38502457","38502757","36","30218311"
"chr1","8300574","8300812","chr11","64650050","64650294","28","56349476"
"chr1","8913085","8913382","chr11","64026312","64026611","21","55113227"
"chr1","8952904","8953194","chrX","85204424","85204712","40","76251520"
"chr1","8983262","8983493","chr3","133067438","133067635","76","124084176"
"chr1","9070322","9070632","chr3","177841279","177841587","29","168770957"
"chr1","9757783","9758091","chr7","76502342","76502646","44","66744559"
"chr1","10013231","10013531","chr4","22017222","22017526","38","12003991"
"chr1","10457361","10457492","chr4","94627154","94627284","12","84169793"
"chr1","10829125","10829430","chr19","5778433","5778728","42","5050692"
"chr1","10927827","10927932","chr17","66312234","66312325","37","55384407"
"chr1","11156431","11156511","chr11","18071282","18071348","38","6914851"
"chr1","11175353","11175648","chr7","126105184","126105492","47","114929831"
"chr1","11757023","11757313","chr1","136045107","136045410","53","124288084"
"chr1","12030368","12030517","chr11","60484581","60484730","11","48454213"
"chr1","12537426","12537709","chr1","20953555","20953840","28","8416129"
"chr1","12553604","12553894","chr11","59952492","59952791","29","47398888"
"chr1","12874099","12874402","chrX","15819246","15819549","43","2945147"
"chr1","13072250","13072379","chr8","85879104","85879233","11","72806854"
"chr1","13509885","13510041","chr6","161343636","161343795","17","147833751"
"chr1","14003059","14003215","chr1","40266263","40266419","22","26263204"
"chr1","15043137","15043276","chr1","11883701","11883833","18","3159436"
"chr1","15043287","15043516","chr12","75946712","75946943","36","60903425"
"chr1","15043556","15043573","chrX","29724690","29724707","4","14681134"
"chr1","15577297","15577607","chr15","87833224","87833529","44","72255927"
"chr1","15698563","15698615","chr17","11062823","11062873","28","4635740"
"chr1","16779123","16779377","chr16","2531802","2532050","35","14247321"
"chr1","16779391","16779550","chr7","143721706","143721865","25","126942315"
"chr1","17149750","17150031","chr11","48660141","48660436","37","31510391"
"chr1","17324260","17324568","chr1","204259241","204259546","50","186934981"
"chr1","17381137","17381183","chr1","37763471","37763523","13","20382334"
"chr1","18679208","18679472","chr14","73229251","73229518","36","54550043"
"chr1","18733240","18733542","chr17","41627992","41628290","31","22894752"
"chr1","19105288","19105571","chr1","15629660","15629957","49","3475628"
"chr1","19238425","19238723","chr11","46546168","46546464","23","27307743"
"chr1","19374585","19374881","chr6","107105410","107105702","38","87730825"
"chr1","20091577","20091879","chr7","103893143","103893443","35","83801566"
"chr1","20565732","20565873","chr5","143013879","143014005","54","122448147"
"chr1","20565874","20566112","chr1","24084539","24084781","36","3518665"
"chr1","20566113","20566206","chr12","66811847","66811940","44","46245734"
"chr1","20566207","20566357","chr10","28614456","28614607","32","8048249"
"chr1","20602877","20603167","chr11","8038675","8038973","42","12564202"
"chr1","20631349","20631640","chr20","48609166","48609456","34","27977817"
"chr1","21123504","21123593","chr11","18071282","18071348","44","3052222"
"chr1","21124794","21124918","chr5","143013879","143014005","13","121889085"
"chr1","22156811","22157114","chr11","43668590","43668885","49","21511779"
"chr1","22580097","22580385","chr1","134957856","134958144","36","112377759"
"chr1","24267058","24267366","chr8","39847193","39847497","36","15580135"
"chr1","24704619","24704916","chr22","31901115","31901406","38","7196496"
"chr1","25232725","25233016","chr3","15219656","15219944","45","10013069"
"chr1","25866450","25866806","chr20","35382619","35382956","88","9516169"
"chr1","26988512","26988804","chr6","76870777","76871073","30","49882265"
"chr1","27652526","27652818","chr1","29719627","29719916","49","2067101"
"chr1","28933639","28933939","chr20","53777293","53777592","36","24843654"
"chr1","29379023","29379320","chr5","54230890","54231182","32","24851867"
"chr1","29520212","29520471","chr11","35585630","35585883","23","6065418"
"chr1","29578403","29578697","chr6","153683020","153683310","33","124104617"
"chr1","30281069","30281362","chr5","79226160","79226455","40","48945091"
"chr1","30791003","30791055","chr15","83726252","83726303","19","52935249"
"chr1","31680315","31680596","chr13","62490986","62491262","36","30810671"
"chr1","32194339","32194652","chr11","32882893","32883205","31","688554"
"chr1","32244917","32245188","chr1","65066847","65067132","45","32821930"
"chr1","32295767","32296059","chr17","17611902","17612197","36","14683865"
"chr1","32622443","32622747","chr7","40994538","40994847","35","8372095"
"chr1","32624496","32624764","chr12","69438598","69438867","31","36814102"
"chr1","32698826","32699121","chr8","115618321","115618614","44","82919495"
"chr1","32863846","32864070","chr11","32180536","32180749","34","683310"
"chr1","32916865","32917168","chr2B","229925098","229925407","41","197008233"
"chr1","33422753","33423055","chr11","31634401","31634706","35","1788352"
"chr1","34784805","34785066","chr4","169160237","169160517","47","134375432"
"chr1","37819666","37819929","chrX","41849049","41849316","37","4029383"
"chr1","37878631","37878942","chrX","12638543","12638851","26","25240088"
"chr1","38733596","38733899","chr11","26211070","26211357","42","12522526"
"chr1","39249961","39250260","chrX","117640256","117640547","45","78390295"
"chr1","39253479","39253792","chr7","40994538","40994847","51","1741059"
"chr1","40054317","40054618","chr1","43970240","43970549","46","3915923"
"chr1","40543553","40543857","chr1","102302386","102302692","37","61758833"
"chr1","41555658","41555963","chr14","75316002","75316308","41","33760344"
"chr1","42171911","42172196","chr11","22755867","22756155","27","19416044"
"chr1","46302370","46302667","chr11","18565935","18566232","22","27736435"
"chr1","46383730","46383794","chrUn_NW_014014512v1","4","79","27","46383726"
"chr1","46492747","46492848","chr17","66312234","66312325","40","19819487"
"chr1","46526500","46526808","chr21","38190683","38190991","44","8335817"
"chr1","46615290","46615368","chr11","18071282","18071348","37","28544008"
"chr1","47767965","47768225","chr20","35782725","35783003","47","11985240"
"chr1","48283335","48283633","chr20","53777293","53777592","31","5493958"
"chr1","49806199","49806449","chr17","10299854","10300103","50","39506345"
"chr1","49806520","49806556","chr5","43633117","43633128","33","6173403"
"chr1","50458475","50458558","chr11","18071282","18071348","41","32387193"
"chr1","50640188","50640484","chr8","45317030","45317330","28","5323158"
"chr1","51516125","51516405","chrX","44181035","44181315","32","7335090"
"chr1","51985958","51986261","chr11","12715003","12715309","34","39270955"
"chr1","53047584","53047863","chr6","147286966","147287244","31","94239382"
"chr1","53900416","53900717","chrX","15819246","15819549","36","38081170"
"chr1","55002020","55002323","chr11","9685205","9685520","36","45316815"
"chr1","55137856","55138144","chr1","183504865","183505155","27","128367009"
"chr1","55265576","55265875","chr1","215078248","215078553","43","159812672"
"chr1","55387672","55387961","chr3","15219656","15219944","28","40168016"
"chr1","55397756","55398066","chrUn_NW_014017165v1","966983","967289","44","54430773"
"chr1","55399817","55400094","chr11","9278238","9278512","25","46121579"
"chr1","55423350","55423394","chr1","31474562","31474593","23","23948788"
"chr1","55764481","55764777","chr1","129528337","129528634","36","73763856"
"chr1","56122731","56122998","chr13","62490986","62491262","43","6368255"
"chr1","56335138","56335433","chr7","134503856","134504154","37","78168718"
"chr1","56626189","56626476","chr1","217141048","217141329","30","160514859"
"chr1","56654500","56654797","chr11","110419706","110420001","27","53765206"
"chr1","57045131","57045287","chr16","2855393","2855552","23","54189738"
"chr1","57428720","57428820","chrUn_NW_014014512v1","4","79","51","57428716"
"chr1","57955506","57955798","chr11","6679651","6679941","28","51275855"
"chr1","58274418","58274704","chr11","6366682","6366970","22","51907736"
"chr1","61085478","61085525","chr17","11062823","11062873","26","50022655"
"chr1","61905893","61906170","chr3","157978285","157978563","33","96072392"
"chr1","62695754","62696023","chr1","194691043","194691314","32","131995289"
"chr1","62878261","62878524","chr12","69438598","69438867","35","6560337"
"chr1","63165119","63165410","chr11","70268303","70268589","43","7103184"
"chr1","63256403","63256703","chr20","53777293","53777592","32","9479110"
"chr1","63264708","63265008","chr1","129528337","129528634","37","66263629"
"chr1","63371370","63371552","chr14","33827124","33827303","26","29544246"
"chr1","63698438","63698717","chr3","49872925","49873210","31","13825513"
"chr1","64272010","64272312","chr6","35386974","35387269","39","28885036"
"chr1","64342980","64343268","chrX","71687991","71688285","39","7345011"
"chr1","64760755","64761048","chr19","43966219","43966521","44","20794536"
"chr1","64916787","64917078","chr6","118423541","118423833","31","53506754"
"chr1","65094494","65094783","chr18","23119904","23120193","25","41974590"
"chr1","65620210","65620498","chr11","128800963","128801253","34","63180753"
"chr1","67218091","67218369","chr20","35782725","35783003","36","31435366"
"chr1","68340550","68340864","chr11","75824172","75824484","29","7483622"
"chr1","68815038","68815089","chr15","83726252","83726303","24","14911214"
"chr1","68972074","68972369","chr11","110419706","110420001","30","41447632"
"chr1","68976878","68977180","chr8","45317030","45317330","33","23659848"
"chr1","69042507","69042601","chr17","66312234","66312325","30","2730273"
"chr1","69147607","69147884","chr15","76449237","76449507","42","7301630"
"chr1","69231429","69231723","chr18","23119904","23120193","36","46111525"
"chr1","69818712","69819004","chr4","89813448","89813732","41","19994736"
"chr1","70044319","70044639","chr12","97187848","97188153","57","27143529"
"chr1","70795354","70795668","chr6","31851071","31851367","41","38944283"
"chr1","71875593","71875818","chr6","57957750","57957978","43","13917843"
"chr1","72458985","72459259","chr11","79905185","79905457","43","7446200"
"chr1","73599384","73599684","chr6","71670237","71670532","40","1929147"
"chr1","75408086","75408363","chr5","134611842","134612119","47","59203756"
"chr1","75533574","75533830","chr11","83017967","83018223","25","7484393"
"chr1","75621695","75621982","chr17","46987772","46988059","34","28633923"
"chr1","76257805","76258113","chr3","201400250","201400558","39","125142445"
"chr1","77186806","77186989","chr11","84587362","84587533","29","7400556"
"chr1","78311209","78311467","chr14","73229251","73229518","36","5081958"
"chr1","78505123","78505186","chrUn_NW_014014512v1","4","79","27","78505119"
"chr1","78604440","78604728","chr6","35369030","35369319","32","43235410"
"chr1","78613241","78613543","chr7","103893143","103893443","42","25279902"
"chr1","79090260","79090543","chr12","50134004","50134285","37","28956256"
"chr1","79492803","79492872","chr1","224851565","224851631","21","145358762"
"chr1","79493093","79493111","chrX","106745683","106745702","8","27252590"
"chr1","79493558","79493621","chrUn_NW_014014512v1","4","79","25","79493554"
"chr1","80227759","80228040","chr13","40619311","40619582","43","39608448"
"chr1","81417520","81417811","chr11","88755016","88755303","45","7337496"
"chr1","81417812","81418102","chr11","88755016","88755303","39","7337204"
"chr1","81578539","81578863","chr3","190978307","190978607","58","109399768"
"chr1","82270668","82270967","chr7","146549797","146550097","46","64279129"
"chr1","82712130","82712428","chr1","165956274","165956580","40","83244144"
"chr1","84132009","84132308","chr11","91385156","91385456","34","7253147"
"chr1","84544200","84544517","chr5","133938108","133938410","53","49393908"
"chr1","84952306","84952598","chr19","61151278","61151582","52","23801028"
"chr1","85043150","85043450","chr17","41627992","41628290","49","43415158"
"chr1","85625717","85626000","chr4","95798384","95798673","45","10172667"
"chr1","85756300","85756595","chr9","70731589","70731885","28","15024711"
"chr1","86904239","86904520","chr17","56386670","56386949","44","30517569"
"chr1","87454465","87454767","chr3","47982635","47982933","36","39471830"
"chr1","88417045","88417352","chr11","95684430","95684731","35","7267385"
"chr1","89933719","89933835","chr10","92456170","92456296","33","2522451"
"chr1","89933844","89934080","chr1","24084539","24084781","33","65849305"
"chr1","90589854","90589971","chrX","9877782","9877893","32","80712072"
"chr1","92359861","92359961","chr12","54543161","54543246","35","37816700"
"chr1","93501759","93502060","chr11","100578652","100578960","39","7076893"
"chr1","94731873","94732160","chr19","5778433","5778728","39","88953440"
"chr1","97623393","97623532","chrX","55181789","55181924","18","42441604"
"chr1","97745284","97745439","chr12","57219822","57219981","24","40525462"
"chr1","98818440","98818749","chr19","61151278","61151582","39","37667162"
"chr1","99048814","99049119","chr11","105991938","105992244","39","6943124"
"chr1","99056909","99057207","chr4","102932019","102932315","35","3875110"
"chr1","99095289","99095470","chr12","56190748","56190919","32","42904541"
"chr1","99095471","99095521","chr22","22266059","22266104","17","76829412"
"chr1","99294934","99295239","chr3","177841279","177841587","53","78546345"
"chr1","99640886","99641174","chr11","106572714","106572993","30","6931828"
"chr1","99688815","99689095","chr5","168877801","168878082","29","69188986"
"chr1","99717281","99717324","chr9","127908774","127908805","17","28191493"
"chr1","99997602","99997841","chr8","98443956","98444195","35","1553646"
"chr1","100885018","100885266","chrX","146740752","146741009","44","45855734"
"chr1","101649699","101649983","chr4","89813448","89813732","40","11836251"
"chr1","101795231","101795505","chr11","109174610","109174854","62","7379379"
"chr1","102940507","102940767","chr1","10191710","10191974","43","92748797"
"chr1","103036959","103037259","chr8","63104122","63104425","33","39932837"
"chr1","103206458","103206750","chr20","28258628","28258920","39","74947830"
"chr1","103350490","103350792","chr5","350675","350976","47","102999815"
"chr1","103563239","103563548","chr3","201400250","201400558","40","97837011"
"chr1","103891935","103892157","chr6","154666061","154666290","32","50774126"
"chr1","104514866","104515175","chr7","103893143","103893443","59","621723"
"chr1","105580485","105580736","chr11","112910054","112910310","26","7329569"
"chr1","106294472","106294775","chr11","113718633","113718937","40","7424161"
"chr1","107206637","107206944","chr20","53777293","53777592","42","53429344"
"chr1","108496633","108496928","chr3","188936705","188937006","44","80440072"
"chr1","109077119","109077189","chr4","2675187","2675256","10","106401932"
"chr1","109077190","109077344","chr1","40266263","40266419","22","68810927"
"chr1","109608276","109608580","chr6","141506293","141506596","39","31898017"
"chr1","109754307","109754320","chr19","10595612","10595624","5","99158695"
"chr1","110111181","110111311","chr1","98416825","98416953","26","11694356"
"chr1","110248619","110248920","chr11","117645900","117646202","31","7397281"
"chr1","111042462","111042753","chrX","85204424","85204712","32","25838038"
"chr1","114422135","114422435","chr5","350675","350976","37","114071460"
"chr1","114491864","114492146","chr9","94809313","94809592","54","19682551"
"chr1","115037082","115037397","chr3","22007151","22007466","47","93029931"
"chr1","115116098","115116394","chr20","53777293","53777592","29","61338805"
"chr1","115249786","115250061","chrUn_NW_014018245v1","852","1129","34","115248934"
"chr1","115308478","115308622","chr11","122818302","122818444","16","7509824"
"chr1","115374969","115375145","chr8","41622324","41622510","64","73752645"
"chr1","116732793","116733090","chr3","47982635","47982933","31","68750158"
"chr1","117577758","117578103","chr2A","111423582","111423906","58","6154176"
"chr1","118433081","118433357","chr11","126017635","126017922","36","7584554"
"chr1","119124151","119124444","chr6","76870777","76871073","42","42253374"
"chr1","120235532","120235816","chr11","127804597","127804877","32","7569065"
"chr1","120388189","120388489","chr4","187109232","187109529","47","66721043"
"chr1","120985746","120986050","chr3","201400250","201400558","33","80414504"
"chr1","121033815","121034093","chr3","75068626","75068902","55","45965189"
"chr1","121061267","121061548","chr7","116607205","116607489","30","4454062"
"chr1","124434117","124434418","chr4","47490411","47490709","37","76943706"
"chr1","125162762","125163058","chr19","2752951","2753241","34","122409811"
"chr1","125331629","125331953","chr1","50114456","50114770","46","75217173"
"chr1","125921000","125921303","chr15","48173258","48173561","39","77747742"
"chr2","34447","34745","chr1","27151921","27152213","33","27117474"
"chr2","439899","440206","chr3","47982635","47982933","39","47542736"
"chr2","1361765","1362069","chr3","65210714","65211013","38","63848949"
"chr2","2199996","2200297","chr20","59716317","59716614","42","57516321"
"chr2","3106853","3107157","chr4","22017222","22017526","41","18910369"
"chr2","3406399","3406688","chr6","153683020","153683310","38","150276621"
"chr2","3719625","3719931","chr12","80022143","80022438","43","76302518"
"chr2","3968798","3969104","chr2B","187793374","187793679","36","183824576"
"chr2","3995592","3995897","chr17","13723870","13724174","33","9728278"
"chr2","4444745","4445006","chr10","114560869","114561144","45","110116124"
"chr2","4485517","4485810","chr19","5778433","5778728","34","1292916"
"chr2","4691480","4691777","chr17","41627992","41628290","30","36936512"
"chr2","5805546","5805836","chr17","5806940","5807230","36","1394"
"chr2","6010914","6011205","chr20","55741194","55741487","25","49730280"
"chr2","6716913","6717189","chr2A","31440105","31440385","42","24723192"
"chr2","7523950","7524237","chr20","54215136","54215422","24","46691186"
"chr2","7625486","7625770","chr2A","31440105","31440385","36","23814619"
"chr2","7801109","7801393","chr10","42793784","42794060","42","34992675"
"chr2","7892350","7892655","chr20","53777293","53777592","29","45884943"
"chr2","8671750","8672047","chr14","67305217","67305512","32","58633467"
"chr2","9034806","9035092","chr20","52605424","52605718","30","43570618"
"chr2","9812222","9812518","chr19","24153296","24153588","34","14341074"
"chr2","10202836","10203137","chr11","48781225","48781526","32","38578389"
"chr2","10237554","10237860","chr17","13723870","13724174","32","3486316"
"chr2","10715426","10715728","chr20","50752492","50752802","24","40037066"
"chr2","10735351","10735656","chr3","47982635","47982933","37","37247284"
"chr2","11073324","11073506","chr12","55612867","55613038","42","44539543"
"chr2","11073535","11073654","chr11","3086934","3087051","13","7986601"
"chr2","11383618","11383900","chr4","7983286","7983574","47","3400332"
"chr2","11384427","11384732","chr6","152163250","152163554","38","140778823"
"chr2","11776077","11776383","chr16","54389884","54390188","40","42613807"
"chr2","11872546","11872696","chr3","50803443","50803572","31","38930897"
"chr2","12003826","12004128","chr1","215624579","215624882","34","203620753"
"chr2","12654202","12654294","chr6","74348577","74348674","25","61694375"
"chr2","12681757","12682061","chr17","13723870","13724174","35","1042113"
"chr2","12834156","12834439","chr5","168877801","168878082","34","156043645"
"chr2","13534495","13534671","chr5","159705700","159705867","56","146171205"
"chr2","13537336","13537620","chr10","97460770","97461053","36","83923434"
"chr2","14381795","14382078","chr12","50134004","50134285","32","35752209"
"chr2","14692279","14692582","chrX","114691755","114692055","33","99999476"
"chr2","14723102","14723258","chr1","40266263","40266419","20","25543161"
"chr2","14790416","14790700","chr1","134101825","134102109","40","119311409"
"chr2","14795150","14795445","chr4","189956113","189956401","48","175160963"
"chr2","14848347","14848637","chr7","109757793","109758085","35","94909446"
"chr2","14869438","14869720","chr10","23495805","23496084","32","8626367"
"chr2","14945870","14945944","chr6","15291504","15291571","34","345634"
"chr2","15593986","15594287","chr8","45317030","45317330","33","29723044"
"chr2","15960078","15960379","chr1","129528337","129528634","40","113568259"
"chr2","16207307","16207597","chr19","9716915","9717202","36","6490392"
"chr2","17184002","17184287","chr9","19415757","19416045","30","2231755"
"chr2","17960685","17960980","chr20","43350437","43350722","30","25389752"
"chr2","18022243","18022535","chr1","150437033","150437338","45","132414790"
"chr2","19189333","19189635","chr20","42055141","42055451","30","22865808"
"chr2","19697975","19698280","chrUn_NW_014017165v1","966983","967289","40","18730992"
"chr2","19905739","19905986","chr16","2531802","2532050","33","17373937"
"chr2","19919401","19919675","chr5","168877801","168878082","35","148958400"
"chr2","20187550","20187834","chr3","70938478","70938766","39","50750928"
"chr2","20508267","20508550","chr2B","131715007","131715291","29","111206740"
"chr2","20609010","20609324","chr2A","70725628","70725935","37","50116618"
"chr2","20785110","20785413","chr12","107361376","107361672","42","86576266"
"chr2","20997836","20998140","chr7","40994538","40994847","37","19996702"
"chr2","21361203","21361509","chr8","126575218","126575519","43","105214015"
"chr2","21467535","21467712","chr12","57219822","57219981","42","35752287"
"chr2","21796277","21796566","chr3","61825885","61826173","29","40029608"
"chr2","22231260","22231551","chr21","25527192","25527490","42","3295932"
"chr2","22706858","22707177","chr3","9204233","9204541","48","13502625"
"chr2","22981821","22982132","chr2B","229925098","229925407","36","206943277"
"chr2","23619910","23619978","chr6","15291504","15291571","28","8328406"
"chr2","24609637","24609933","chr20","36567414","36567717","29","11957777"
"chr2","24633969","24634270","chr5","168637578","168637880","34","144003609"
"chr2","25404384","25404651","chr20","35782725","35783003","38","10378341"
"chr2","25404688","25404701","chr5","43633117","43633128","4","18228429"
"chr2","25801220","25801549","chr20","35382619","35382956","38","9581399"
"chr2","26682934","26683242","chr18","15822647","15822952","42","10860287"
"chr2","26888209","26888504","chr9","112044795","112045089","34","85156586"
"chr2","27661490","27661782","chr13","58488430","58488705","92","30826940"
"chr2","27678983","27679264","chrX","44181035","44181315","35","16502052"
"chr2","28005025","28005323","chr20","10099198","10099501","35","17905827"
"chr2","28040778","28041077","chr8","101421423","101421722","38","73380645"
"chr2","30519880","30520173","chr7","103893143","103893443","42","73373263"
"chr2","30885322","30885618","chr1","129528337","129528634","33","98643015"
"chr2","32411585","32411883","chr19","40164309","40164610","38","7752724"
"chr2","33030345","33030640","chr3","146310051","146310351","38","113279706"
"chr2","33042967","33043280","chr7","37871634","37871941","43","4828667"
"chr2","33327811","33328115","chrX","15819246","15819549","33","17508565"
"chr2","33609952","33610081","chr1","11883701","11883833","10","21726251"
"chr2","33617638","33617947","chr2A","70725628","70725935","38","37107990"
"chr2","33714828","33715120","chr20","2881949","2882238","29","30832879"
"chr2","33871102","33871232","chr18","17891015","17891145","14","15980087"
"chr2","33940318","33940623","chr20","3289067","3289372","39","30651251"
"chr2","34122626","34122907","chr8","101244113","101244391","37","67121487"
"chr2","34242138","34242478","chr20","3404979","3405312","44","30837159"
"chr2","34437654","34437950","chr10","27068164","27068457","36","7369490"
"chr2","34529188","34529492","chr3","9143569","9143872","35","25385619"
"chr2","34662504","34662765","chr12","69438598","69438867","35","34776094"
"chr2","35447175","35447301","chr20","295038","295165","14","35152137"
"chr2","35516503","35516782","chr5","168877801","168878082","29","133361298"
"chr2","35758060","35758363","chrX","15819246","15819549","33","19938814"
"chr2","35935468","35935763","chr15","60888293","60888593","36","24952825"
"chr2","36081961","36082214","chr16","75464658","75464909","34","39382697"
"chr2","36468938","36469248","chr11","65684249","65684557","40","29215311"
"chr2","36684407","36684716","chr19","40164309","40164610","38","3479902"
"chr2","37045559","37045855","chr6","16818917","16819210","35","20226642"
"chr2","37070557","37070860","chr2A","70725628","70725935","37","33655071"
"chr2","37306229","37306269","chr14","59640509","59640533","23","22334280"
"chr2","37686388","37686691","chr8","63104122","63104425","39","25417734"
"chr2","37792794","37793093","chr17","41627992","41628290","35","3835198"
"chr2","38262188","38262482","chr20","31416999","31417291","33","6845189"
"chr2","38285835","38286139","chr1","129528337","129528634","33","91242502"
"chr2","38649597","38649875","chr5","168877801","168878082","36","130228204"
"chr2","38707462","38707762","chr17","13723870","13724174","35","24983592"
"chr2","38785318","38785606","chr11","128800963","128801253","32","90015645"
"chr2","38856201","38856526","chr3","103628900","103629226","52","64772699"
"chr2","39103823","39104112","chr20","28258628","28258920","31","10845195"
"chr2","39406328","39406571","chr14","74393293","74393531","36","34986965"
"chr2","39411837","39412132","chr19","5778433","5778728","30","33633404"
"chr2","40789157","40789300","chr12","122703610","122703750","18","81914453"
"chr2","40789610","40789800","chr13","21066147","21066338","36","19723463"
"chr2","40876533","40876833","chr8","45317030","45317330","35","4440497"
"chr2","43028484","43028774","chr6","71670237","71670532","38","28641753"
"chr2","43347086","43347383","chr1","129528337","129528634","34","86181251"
"chr2","43644489","43644784","chr10","33278213","33278509","34","10366276"
"chr2","43957201","43957470","chr7","33926261","33926520","33","10030940"
"chr2","44146618","44146925","chr3","201400250","201400558","38","157253632"
"chr2","44671297","44671606","chr4","148950161","148950466","45","104278864"
"chr2","45776690","45776998","chr2A","70725628","70725935","38","24948938"
"chr2","48129238","48129527","chr11","128800963","128801253","34","80671725"
"chr2","48862749","48862971","chr8","1720266","1720472","37","47142483"
"chr2","49709293","49709592","chr18","32780029","32780325","37","16929264"
"chr2","52396861","52397158","chr12","1151923","1152229","54","51244938"
"chr2","52585378","52585674","chr2B","132409367","132409652","42","79823989"
"chr2","52725249","52725553","chrX","117531967","117532269","48","64806718"
"chr2","54042343","54042584","chr20","2365476","2365713","23","51676867"
"chr2","54402067","54402346","chr3","60436738","60437011","44","6034671"
"chr2","54839070","54839360","chr4","54341913","54342201","38","497157"
"chr2","55148740","55149040","chr10","10801139","10801440","35","44347601"
"chr2","55205083","55205380","chr20","1282379","1282668","25","53922704"
"chr2","55467997","55468304","chr15","60888293","60888593","41","5420296"
"chr2","56230996","56231047","chr15","83726252","83726303","17","27495256"
"chr2","56316020","56316175","chr6","11753379","11753534","26","44562641"
"chr2","56320712","56321022","chr7","76502342","76502646","44","20181630"
"chr2","56684732","56685016","chr7","81229861","81230137","40","24545129"
"chr2","56855413","56855454","chr1","31474562","31474593","22","25380851"
"chr2","57021549","57021854","chr11","65684249","65684557","33","8662700"
"chr2","57479775","57480081","chr3","202786201","202786506","34","145306426"
"chr2","57619444","57619733","chr7","83296424","83296715","30","25676980"
"chr2","57666704","57666834","chr6","151989788","151989918","12","94323084"
"chr2","57697324","57697633","chr12","26721656","26721960","40","30975668"
"chr2","58253869","58254027","chr22","44356732","44356892","26","13897137"
"chr2","58254061","58254178","chr15","38080671","38080787","14","20173390"
"chr2","58744389","58744705","chr3","191822620","191822939","66","133078231"
"chr2","59047204","59047499","chr20","53777293","53777592","36","5269911"
"chr2","59275253","59275563","chr2B","137427533","137427844","41","78152280"
"chr2","59813959","59814204","chr1","24084539","24084781","35","35729420"
"chr2","59816896","59817195","chr10","69396106","69396414","42","9579210"
"chr2","59823298","59823595","chr3","47982635","47982933","38","11840663"
"chr2","60562831","60563114","chr22","20193243","20193523","37","40369588"
"chr2","60642043","60642307","chr1","129238717","129238983","37","68596674"
"chr2","60700358","60700646","chr1","123786179","123786467","37","63085821"
"chr2","61350740","61350978","chr12","40112364","40112598","35","21238376"
"chr2","61535197","61535495","chr1","26540483","26540782","45","34994714"
"chr2","61572092","61572427","chrX","76724331","76724666","49","15152239"
"chr2","61692346","61692557","chr6","79971818","79972032","28","18279472"
"chr2","62222935","62222971","chr9","127908774","127908805","20","65685839"
"chr2","62444334","62444614","chr1","20953555","20953840","34","41490779"
"chr2","62862292","62862574","chr12","121338871","121339155","34","58476579"
"chr2","63161671","63161951","chr3","15219656","15219944","37","47942015"
"chr2","63964198","63964229","chr9","127908774","127908805","15","63944576"
"chr2","64843298","64843588","chr8","45317030","45317330","47","19526268"
"chr2","65558675","65558722","chr15","83726252","83726303","20","18167577"
"chr2","65714561","65714863","chr21","26326581","26326877","28","39387980"
"chr2","66230204","66230480","chr22","39920256","39920532","33","26309948"
"chr2","66417220","66417505","chr6","118423541","118423833","34","52006321"
"chr2","66481012","66481303","chr11","77518805","77519102","43","11037793"
"chr2","66548947","66549246","chr21","25527192","25527490","27","41021755"
"chr2","67382444","67382746","chr21","24718068","24718373","34","42664376"
"chr2","68657551","68657720","chr6","162525883","162526054","23","93868332"
"chr2","70009844","70010144","chr3","47982635","47982933","39","22027209"
"chr2","70633047","70633346","chr4","187109232","187109529","42","116476185"
"chr2","72229992","72230271","chr7","47879962","47880242","36","24350030"
"chr2","73014304","73014592","chr21","19672365","19672657","29","53341939"
"chr2","74174493","74174797","chr6","38412888","38413191","39","35761605"
"chr2","77631666","77631974","chr3","201400250","201400558","39","123768584"
"chr2","77660683","77660987","chr3","201400250","201400558","39","123739567"
"chr2","77842898","77843182","chr2A","31440105","31440385","39","46402793"
"chr2","78431750","78432047","chr3","68609811","68610110","32","9821939"
"chr2","78450706","78451006","chr3","160397043","160397339","47","81946337"
"chr2","78670895","78670911","chrX","29724690","29724707","6","48946205"
"chr2","78670998","78671276","chr22","39920256","39920532","32","38750742"
"chr2","79427509","79427811","chr21","35131858","35132167","37","44295651"
"chr2","80146519","80146667","chr8","15753896","15754032","41","64392623"
"chr2","80276096","80276360","chr6","37010003","37010272","41","43266093"
"chr2","80937487","80937795","chr1","211446608","211446917","32","130509121"
"chr2","81510174","81510465","chr1","178612656","178612947","38","97102482"
"chr2","82022046","82022347","chr21","37784588","37784886","33","44237458"
"chr2","85132630","85132899","chr3","60436738","60437011","45","24695892"
"chr2","85953066","85953372","chr2B","131224486","131224784","34","45271420"
"chr2","86605851","86606160","chr3","201400250","201400558","33","114794399"
"chr2","86760078","86760383","chr7","126105184","126105492","31","39345106"
"chr2","86937271","86937574","chr7","122016068","122016376","38","35078797"
"chr2","87168633","87168952","chr7","40994538","40994847","50","46174095"
"chr2","88137883","88138182","chr17","81453400","81453691","32","6684483"
"chr2","89231282","89231569","chr6","35369030","35369319","36","53862252"
"chr2","89912513","89912813","chr21","45881585","45881894","34","44030928"
"chr2","89944666","89944958","chr1","21970740","21971034","32","67973926"
"chr3","869078","869387","chr3","179632870","179633176","41","178763792"
"chr3","1173098","1173240","chr13","18884510","18884648","20","17711412"
"chr3","1711550","1711865","chr6","32259392","32259695","42","30547842"
"chr3","1908351","1908633","chr6","20809150","20809432","46","18900799"
"chr3","3885151","3885459","chr13","23726638","23726946","31","19841487"
"chr3","4020757","4021058","chrX","20667995","20668298","45","16647238"
"chr3","4457630","4457923","chr2A","70520473","70520764","36","66062843"
"chr3","4963336","4963553","chr1","29310901","29311110","27","24347565"
"chr3","5724775","5725077","chr3","182237969","182238270","37","176513194"
"chr3","5794793","5795123","chr13","26188958","26189266","51","20394165"
"chr3","5862299","5862604","chr13","26254958","26255263","34","20392659"
"chr3","6025616","6025909","chr13","26432602","26432908","38","20406986"
"chr3","7976037","7976339","chr3","143456141","143456448","34","135480104"
"chr3","8167768","8168070","chr2B","173335973","173336275","31","165168205"
"chr3","8415819","8416122","chr8","39847193","39847497","29","31431374"
"chr3","9141406","9141701","chr13","29957699","29957994","31","20816293"
"chr3","9512200","9512505","chr13","30337673","30337977","35","20825473"
"chr3","10235774","10236080","chr8","63104122","63104425","30","52868348"
"chr3","10727087","10727379","chr7","155826111","155826401","38","145099024"
"chr3","10852427","10852708","chr1","132694895","132695167","46","121842468"
"chr3","11286642","11286732","chr12","63683435","63683524","20","52396793"
"chr3","11616361","11616669","chr3","201400250","201400558","30","189783889"
"chr3","11623636","11623783","chr22","20505989","20506140","23","8882353"
"chr3","12337768","12338067","chr3","105389046","105389340","33","93051278"
"chr3","12385441","12385736","chr19","5778433","5778728","38","6607008"
"chr3","14647895","14648199","chr13","35707756","35708053","35","21059861"
"chr3","14946005","14946294","chr4","169342583","169342876","33","154396578"
"chr3","15167486","15167794","chr13","36272529","36272831","36","21105043"
"chr3","15525118","15525407","chr9","19415757","19416045","37","3890639"
"chr3","16674892","16675203","chr3","9143569","9143872","43","7531323"
"chr3","16825606","16825693","chrUn_NW_014014512v1","4","79","38","16825602"
"chr3","17091569","17091838","chr13","38459822","38460091","23","21368253"
"chr3","17389770","17390068","chr17","41627992","41628290","32","24238222"
"chr3","18404018","18404306","chr1","29719627","29719916","36","11315609"
"chr3","19025090","19025394","chr19","5778433","5778728","39","13246657"
"chr3","19174087","19174380","chr6","76870777","76871073","33","57696690"
"chr3","19422849","19423148","chr1","129528337","129528634","33","110105488"
"chr3","20152950","20153247","chr5","79226160","79226455","33","59073210"
"chr3","21184502","21184790","chr6","71670237","71670532","40","50485735"
"chr3","21711185","21711492","chr3","199306186","199306483","38","177595001"
"chr3","22240643","22240948","chr3","131914610","131914917","36","109673967"
"chr3","22477673","22477714","chr15","83726252","83726303","15","61248579"
"chr3","22731332","22731506","chr2B","233819149","233819326","43","211087817"
"chr3","22771311","22771608","chr3","126590511","126590805","32","103819200"
"chr3","22798797","22799124","chrX","76724331","76724666","54","53925534"
"chr3","23042288","23042583","chr2A","5926821","5927113","43","17115467"
"chr3","23489600","23489898","chrUn_NW_014017165v1","966983","967289","25","22522617"
"chr3","24313209","24313496","chr17","41627992","41628290","35","17314783"
"chr3","24394405","24394692","chr6","37010003","37010272","53","12615598"
"chr3","25038835","25039130","chr2B","162803846","162804139","33","137765011"
"chr3","26089844","26090142","chr13","48026265","48026563","35","21936421"
"chr3","26163148","26163441","chr6","42316035","42316327","36","16152887"
"chr3","26501372","26501677","chr8","63104122","63104425","27","36602750"
"chr3","27474256","27474510","chr1","39530925","39531181","26","12056669"
"chr3","27744901","27745201","chr3","47982635","47982933","30","20237734"
"chr3","27864277","27864572","chr9","112044795","112045089","37","84180518"
"chr3","27896522","27896805","chr13","49870676","49870962","20","21974154"
"chr3","28500903","28501197","chr11","110419706","110420001","36","81918803"
"chr3","28501865","28502181","chr5","112345552","112345845","52","83843687"
"chr3","29542357","29542653","chr5","94341395","94341684","32","64799038"
"chr3","30067176","30067465","chr17","82971930","82972224","37","52904754"
"chr3","30430592","30430890","chr4","169342583","169342876","43","138911991"
"chr3","30727140","30727447","chrX","15819246","15819549","31","14907894"
"chr3","31380663","31380953","chr6","35369030","35369319","34","3988367"
"chr3","31861982","31862283","chr11","110419706","110420001","37","78557724"
"chr3","32024830","32025124","chr6","153683020","153683310","41","121658190"
"chr3","32048806","32049094","chr9","19415757","19416045","43","12633049"
"chr3","32309316","32309618","chr15","64799810","64800110","41","32490494"
"chr3","34129699","34130006","chr1","68288646","68288952","39","34158947"
"chr3","34675681","34675987","chr7","126105184","126105492","38","91429503"
"chr3","35949881","35950193","chr19","22817623","22817934","39","13132258"
"chr3","36279393","36279708","chrX","6014746","6015052","42","30264647"
"chr3","36368550","36368850","chr8","45317030","45317330","33","8948480"
"chr3","36769945","36770243","chr4","163148391","163148687","36","126378446"
"chr3","37112617","37112901","chr13","59211040","59211324","30","22098423"
"chr3","37113326","37113624","chr13","59225620","59225918","38","22112294"
"chr3","37115007","37115174","chr11","66883103","66883269","22","29768096"
"chr3","37294673","37294966","chr13","59401053","59401347","34","22106380"
"chr3","37381532","37381839","chr7","40994538","40994847","35","3613006"
"chr3","37988116","37988424","chr1","181665682","181665986","43","143677566"
"chr3","39462139","39462267","chr7","104920439","104920553","39","65458300"
"chr3","39715821","39716087","chr7","33926261","33926520","37","5789560"
"chr3","40305507","40305827","chr13","62340049","62340362","48","22034542"
"chr3","40490811","40491089","chr13","62490986","62491262","30","22000175"
"chr3","40880566","40880881","chr13","62842883","62843185","57","21962317"
"chr3","41007332","41007731","chr3","103628900","103629226","106","62621568"
"chr3","41454505","41454805","chr17","13723870","13724174","34","27730635"
"chr3","41977051","41977344","chr6","145680554","145680847","39","103703503"
"chr3","42319304","42319534","chr7","127741575","127741805","49","85422271"
"chr3","44631638","44631944","chr8","63104122","63104425","46","18472484"
"chr3","46092909","46093236","chr3","103628900","103629226","42","57535991"
"chr3","47233571","47233666","chr8","132369148","132369278","45","85135577"
"chr3","47532992","47533274","chr2B","233567868","233568152","42","186034876"
"chr3","48115797","48116157","chrX","76724331","76724666","79","28608534"
"chr3","48221723","48221998","chr13","62490986","62491262","32","14269263"
"chr3","48550578","48550870","chr6","152281832","152282130","39","103731254"
"chr3","48932412","48932712","chr2B","116262549","116262847","36","67330137"
"chr3","49109941","49110251","chr13","69998375","69998670","35","20888434"
"chr3","49613872","49614129","chr13","70496067","70496327","42","20882195"
"chr3","52165296","52165613","chr6","32259392","32259695","41","19905904"
"chr3","52183477","52183769","chr13","73056980","73057276","37","20873503"
"chr3","52374283","52374416","chr13","73251093","73251220","20","20876810"
"chr3","52519393","52519700","chr5","166605772","166606072","44","114086379"
"chr3","52579329","52579605","chr1","93016318","93016608","49","40436989"
"chr3","52660915","52661214","chr5","143509320","143509612","31","90848405"
"chr3","53061205","53061502","chr2B","173335973","173336275","37","120274768"
"chr3","53416396","53416680","chr1","20953555","20953840","35","32462841"
"chr3","54051393","54051693","chr8","21498463","21498757","41","32552930"
"chr3","54517491","54517729","chr7","30805604","30805851","69","23711887"
"chr3","54572201","54572507","chr1","102302386","102302692","39","47730185"
"chr3","54709081","54709118","chr1","31474562","31474593","16","23234519"
"chr3","54735016","54735256","chr6","49442869","49443117","48","5292147"
"chr3","55049944","55050051","chr8","132369148","132369278","39","77319204"
"chr3","55819466","55819757","chr18","39085478","39085769","42","16733988"
"chr3","56587219","56587501","chr13","77760836","77761123","34","21173617"
"chr3","57558614","57558922","chr7","76502342","76502646","40","18943728"
"chr3","58301719","58302014","chr12","70857006","70857293","40","12555287"
"chr3","59995619","59995923","chr13","81398888","81399187","27","21403269"
"chr3","61325770","61326065","chr13","110872011","110872300","46","49546241"
"chr3","61474492","61474794","chr1","216127275","216127575","49","154652783"
"chr3","62051926","62052205","chr13","83400148","83400428","34","21348222"
"chr3","62617369","62617696","chr15","22242670","22243000","54","40374699"
"chr3","62624374","62624649","chr13","20173388","20173662","40","42450986"
"chr3","63913104","63913264","chr11","84587362","84587533","36","20674258"
"chr3","63916894","63917090","chr13","85264893","85265087","33","21347999"
"chr3","64496055","64496316","chr21","30529362","30529621","42","33966693"
"chr3","64835203","64835496","chr14","68348094","68348391","39","3512891"
"chr3","64971409","64971711","chr10","126934605","126934892","53","61963196"
"chr3","65089270","65089573","chr3","16025438","16025740","49","49063832"
"chr3","65762705","65762976","chr15","71090921","71091205","52","5328216"
"chr3","67046501","67046800","chr13","88432152","88432464","35","21385651"
"chr3","67314594","67314777","chr1","91852703","91852889","37","24538109"
"chr3","68173893","68174172","chr9","107188272","107188556","44","39014379"
"chr3","68501220","68501523","chr18","62828682","62828983","36","5672538"
"chr3","68883960","68884115","chr1","40266263","40266419","22","28617697"
"chr3","69367462","69367614","chr6","31969102","31969250","22","37398360"
"chr3","69407226","69407516","chr11","128800963","128801253","32","59393737"
"chr3","69469877","69470179","chr3","47982635","47982933","43","21487242"
"chr3","70388554","70388832","chr13","91860002","91860282","33","21471448"
"chr3","71205040","71205330","chr13","92665142","92665431","28","21460102"
"chr3","72337131","72337426","chr4","187109232","187109529","30","114772101"
"chr3","73298271","73298545","chr1","146779193","146779461","39","73480922"
"chr3","74029048","74029183","chr12","132358435","132358564","30","58329387"
"chr3","74120357","74120661","chr6","38412888","38413191","37","35707469"
"chr3","76939385","76939688","chr1","102302386","102302692","43","25363001"
"chr3","76944642","76944942","chr6","2975295","2975595","42","73969347"
"chr3","77670220","77670506","chr18","23119904","23120193","36","54550316"
"chr3","77670541","77670562","chr14","59640509","59640533","5","18030032"
"chr3","77699904","77700204","chr13","99346383","99346681","31","21646479"
"chr3","78140196","78140496","chr13","99803569","99803864","34","21663373"
"chr3","78198839","78199137","chr5","181092486","181092782","40","102893647"
"chr3","78260852","78261137","chr17","14358481","14358769","28","63902371"
"chr3","78482994","78483291","chr12","50724103","50724402","41","27758891"
"chr3","78839988","78840288","chr1","212953832","212954134","39","134113844"
"chr3","78951397","78951697","chr11","110419706","110420001","36","31468309"
"chr3","79036907","79037203","chr18","71025358","71025653","37","8011549"
"chr3","79476415","79476714","chr1","212953832","212954134","36","133477417"
"chr3","79491817","79492109","chr13","101177084","101177376","32","21685267"
"chr3","79786444","79786580","chr13","18884510","18884648","24","60901934"
"chr3","79824440","79824663","chr13","101521330","101521552","16","21696890"
"chr3","79904427","79904728","chr7","40994538","40994847","37","38909889"
"chr3","80287704","80288006","chr16","23203953","23204256","35","57083751"
"chr3","80343361","80343611","chr1","39530925","39531181","39","40812436"
"chr3","80370598","80370900","chrX","12638543","12638851","33","67732055"
"chr3","80983654","80983959","chr2A","70725628","70725935","38","10258026"
"chr3","82418724","82419011","chr15","65464966","65465254","43","16953758"
"chr3","85004714","85005007","chr1","134957856","134958144","41","49953142"
"chr3","85798221","85798503","chr5","168877801","168878082","31","83079580"
"chr3","88257826","88257847","chrX","29724690","29724707","7","58533136"
"chr3","88257883","88258167","chr9","107188272","107188556","39","18930389"
"chr3","88625874","88626141","chr3","188434140","188434394","42","99808266"
"chr3","88763068","88763146","chr10","12294695","12294775","29","76468373"
"chr3","88850393","88850693","chr13","110872011","110872300","31","22021618"
"chr3","88913177","88913281","chr12","63683435","63683524","22","25229742"
"chr3","92065423","92065555","chrX","119098980","119099111","17","27033557"
"chr3","92112369","92112659","chr12","40024736","40025028","34","52087633"
"chr4","158723","159011","chr2A","66293177","66293463","25","66134454"
"chr4","1110825","1111132","chrX","15819246","15819549","32","14708421"
"chr4","1426458","1426762","chr5","350675","350976","32","1075783"
"chr4","2800031","2800275","chr19","51178335","51178581","40","48378304"
"chr4","3751576","3751853","chr5","168877801","168878082","37","165126225"
"chr4","4107816","4107913","chr12","63683435","63683524","18","59575619"
"chr4","5672152","5672453","chr5","5956562","5956864","30","284410"
"chr4","8051418","8051694","chr13","40460489","40460767","40","32409071"
"chr4","8233450","8233724","chr6","39063012","39063293","41","30829562"
"chr4","8581955","8582197","chr8","48337545","48337790","44","39755590"
"chr4","9470835","9471124","chr11","64909884","64910171","42","55439049"
"chr4","9683829","9684132","chr19","5778433","5778728","37","3905396"
"chr4","9694297","9694599","chr5","10337319","10337613","30","643022"
"chr4","10466927","10466995","chr4","2675187","2675256","5","7791740"
"chr4","10467215","10467270","chr8","34999002","34999050","13","24531787"
"chr4","10523836","10524128","chr9","112044795","112045089","35","101520959"
"chr4","11015683","11015967","chr2A","66293177","66293463","27","55277494"
"chr4","11188003","11188329","chrX","76724331","76724666","58","65536328"
"chr4","11320111","11320400","chr4","22017222","22017526","49","10697111"
"chr4","11324635","11324943","chr3","108948978","108949286","40","97624343"
"chr4","11687820","11688135","chr5","12324018","12324332","33","636198"
"chr4","12083461","12083700","chr5","12690161","12690405","26","606700"
"chr4","12261487","12261770","chr5","172117633","172117915","45","159856146"
"chr4","12433485","12433794","chr8","63104122","63104425","41","50670637"
"chr4","13573606","13573920","chr8","63104122","63104425","44","49530516"
"chr4","13843085","13843380","chr2A","70725628","70725935","36","56882543"
"chr4","14717358","14717648","chr4","169342583","169342876","37","154625225"
"chr4","15401054","15401356","chr8","63104122","63104425","26","47703068"
"chr4","16322226","16322524","chr2B","116262549","116262847","39","99940323"
"chr4","16639044","16639328","chr1","65066847","65067132","38","48427803"
"chr4","17159403","17159680","chr5","17925271","17925541","33","765868"
"chr4","17471454","17471620","chr11","66883103","66883269","26","49411649"
"chr4","17474132","17474419","chr5","18262226","18262513","28","788094"
"chr4","17739458","17739738","chr9","94809313","94809592","44","77069855"
"chr4","17759171","17759427","chr3","188434140","188434394","34","170674969"
"chr4","18573970","18574267","chr7","52391590","52391888","34","33817620"
"chr4","18728087","18728381","chr4","154027941","154028238","36","135299854"
"chr4","20211482","20211707","chr5","95318134","95318363","31","75106652"
"chr4","20910469","20910738","chr6","10778709","10778983","45","10131760"
"chr4","21114216","21114515","chr14","48313088","48313384","27","27198872"
"chr4","21336498","21336660","chr15","99578587","99578738","45","78242089"
"chr4","21535127","21535420","chr8","18527997","18528287","39","3007130"
"chr4","21632258","21632540","chr5","168877801","168878082","41","147245543"
"chr4","21700818","21701119","chr8","63104122","63104425","34","41403304"
"chr4","22113050","22113350","chr5","93222327","93222635","38","71109277"
"chr4","22435558","22435866","chr5","92890989","92891295","35","70455431"
"chr4","22597050","22597346","chr7","109757793","109758085","32","87160743"
"chr4","24060336","24060644","chr3","47982635","47982933","40","23922299"
"chr4","24498163","24498287","chr1","198945466","198945588","33","174447303"
"chr4","25246931","25247250","chr17","13723870","13724174","47","11523061"
"chr4","25381898","25382195","chr19","5778433","5778728","43","19603465"
"chr4","25838220","25838411","chr1","53177851","53178044","33","27339631"
"chr4","26150306","26150583","chr6","115903121","115903401","38","89752815"
"chr4","27614790","27614998","chr5","91984626","91984799","75","64369836"
"chr4","27905208","27905497","chr5","87278753","87279043","42","59373545"
"chr4","28391615","28391910","chr7","103893143","103893443","44","75501528"
"chr4","28400171","28400491","chrX","76724331","76724666","67","48324160"
"chr4","28459528","28459740","chr12","6942700","6942918","35","21516828"
"chr4","28784161","28784445","chr3","49872925","49873210","32","21088764"
"chr4","29952073","29952384","chr1","102302386","102302692","48","72350313"
"chr4","30237677","30237847","chr7","135173951","135174115","29","104936274"
"chr4","30987143","30987437","chr3","126590511","126590805","47","95603368"
"chr4","31856126","31856413","chr1","134957856","134958144","35","103101730"
"chr4","32520029","32520160","chr5","82458615","82458746","8","49938586"
"chr4","33110932","33111200","chr1","129238717","129238983","33","96127785"
"chr4","33793086","33793381","chr19","41729438","41729734","41","7936352"
"chr4","34112914","34113216","chr9","97258024","97258323","39","63145110"
"chr4","34541697","34541848","chr11","60484581","60484730","21","25942884"
"chr4","34841489","34841763","chr10","23495805","23496084","36","11345684"
"chr4","34866305","34866586","chr18","23119904","23120193","47","11746401"
"chr4","35279691","35279981","chr4","189956113","189956401","23","154676422"
"chr4","35393925","35394224","chr1","204259241","204259546","36","168865316"
"chr4","36007816","36008107","chr5","78515440","78515745","39","42507624"
"chr4","36238162","36238463","chr3","191717604","191717900","37","155479442"
"chr4","36289065","36289355","chr5","1328943","1329235","31","34960122"
"chr4","37316452","37316751","chr2A","27348669","27348962","30","9967783"
"chr4","37499220","37499498","chr19","61813069","61813347","35","24313849"
"chr4","37522290","37522594","chr3","201400250","201400558","40","163877960"
"chr4","37642279","37642571","chr6","153683020","153683310","23","116040741"
"chr4","38335877","38336171","chr10","126934605","126934892","60","88598728"
"chr4","38336213","38336229","chrX","29724690","29724707","6","8611523"
"chr4","38571107","38571375","chr16","2531802","2532050","51","36039305"
"chr4","38677893","38678185","chr1","88207047","88207334","39","49529154"
"chr4","39149478","39149761","chr2A","31440105","31440385","41","7709373"
"chr4","39705368","39705659","chr6","153683020","153683310","31","113977652"
"chr4","41300428","41300734","chr7","122016068","122016376","39","80715640"
"chr4","41517140","41517354","chr5","78288275","78288486","35","36771135"
"chr4","42086111","42086415","chr5","72138163","72138458","27","30052052"
"chr4","42147279","42147546","chr3","191629300","191629566","39","149482021"
"chr4","44032544","44032687","chr17","24567313","24567457","23","19465231"
"chr4","46933287","46933577","chr5","65003925","65004216","25","18070638"
"chr4","46960395","46960689","chr12","107361376","107361672","31","60400981"
"chr4","46995865","46996139","chr13","28521547","28521835","51","18474318"
"chr4","48165335","48165630","chr13","101995546","101995837","36","53830211"
"chr4","49118835","49119125","chr5","62827812","62828110","30","13708977"
"chr4","50102053","50102360","chr18","23021632","23021940","34","27080421"
"chr4","50215735","50216047","chr9","137818037","137818334","63","87602302"
"chr4","50444331","50444628","chr21","37784588","37784886","33","12659743"
"chr4","51195435","51195595","chr4","160997445","160997590","64","109802010"
"chr4","51341436","51341700","chr5","60546890","60547163","32","9205454"
"chr4","51807005","51807305","chr3","190978307","190978607","44","139171302"
"chr4","51834632","51834927","chr1","129528337","129528634","33","77693705"
"chr4","52354763","52355070","chr3","201400250","201400558","34","149045487"
"chr4","52866417","52866700","chr5","59012005","59012284","32","6145588"
"chr4","52951135","52951429","chr11","128800963","128801253","32","75849828"
"chr4","53123377","53123683","chr5","58742674","58742972","32","5619297"
"chr4","53412743","53413006","chr7","33926261","33926520","56","19486482"
"chr4","54040384","54040711","chr9","80512647","80512971","47","26472263"
"chr4","54541053","54541362","chr5","57272443","57272751","29","2731390"
"chr4","56876631","56876910","chr18","33248270","33248549","25","23628361"
"chr4","57276636","57276932","chr5","54541270","54541566","31","2735366"
"chr4","57291596","57291898","chr8","63104122","63104425","35","5812526"
"chr4","57581168","57581455","chr5","54230890","54231182","25","3350278"
"chr4","57585220","57585523","chr1","179902973","179903281","36","122317753"
"chr4","57927023","57927312","chr7","155826111","155826401","27","97899088"
"chr4","58499046","58499311","chr4","13312773","13313043","34","45186273"
"chr4","58631281","58631573","chr5","53197460","53197750","33","5433821"
"chr4","59688950","59689243","chr5","52170104","52170384","42","7518846"
"chr4","59746341","59746621","chr4","169160237","169160517","38","109413896"
"chr4","60354718","60355024","chr5","139733855","139734163","32","79379137"
"chr4","60455993","60456274","chr3","15219656","15219944","34","45236337"
"chr4","61006665","61006957","chr5","1328943","1329235","32","59677722"
"chr4","61457795","61458073","chr17","82773486","82773775","42","21315691"
"chr4","61605892","61606199","chr22","44681192","44681501","33","16924700"
"chr4","62985837","62986027","chr5","48753909","48754099","6","14231928"
"chr4","63366964","63367215","chr2A","59581318","59581573","37","3785646"
"chr4","63400628","63400982","chr10","69396106","69396414","82","5995478"
"chr4","64675341","64675481","chr3","143378569","143378712","30","78703228"
"chr4","65231030","65231170","chr1","11883701","11883833","17","53347329"
"chr4","65231463","65231631","chr4","52232148","52232313","19","12999315"
"chr4","65244763","65245071","chr3","201400250","201400558","36","136155487"
"chr4","65399825","65399902","chr6","15291504","15291571","33","50108321"
"chr4","65453539","65453824","chr5","46204476","46204766","29","19249063"
"chr4","65515197","65515322","chr13","73251093","73251220","19","7735896"
"chr4","65587100","65587366","chr8","101074582","101074861","46","35487482"
"chr4","66019493","66019810","chr1","204259241","204259546","51","138239748"
"chr4","66087660","66087945","chr5","41128447","41128740","43","24959213"
"chr4","66690458","66690729","chr5","43557433","43557710","32","23133025"
"chr4","68139815","68139968","chr6","161343636","161343795","23","93203821"
"chr4","68191278","68191561","chr10","3318573","3318867","40","64872705"
"chr4","69140880","69141167","chr5","41128447","41128740","35","28012433"
"chr4","69606967","69607260","chr18","23119904","23120193","35","46487063"
"chr4","69729141","69729427","chr15","71090921","71091205","33","1361780"
"chr4","69755469","69755773","chr7","103893143","103893443","36","34137674"
"chr4","70175091","70175372","chr5","168877801","168878082","26","98702710"
"chr4","70419274","70419567","chr17","82246794","82247086","30","11827520"
"chr4","70562306","70562611","chr18","55495500","55495805","36","15066806"
"chr4","70568685","70568982","chr5","39624759","39625048","39","30943926"
"chr4","71054798","71055084","chr3","126590511","126590805","37","55535713"
"chr4","71084434","71084586","chr1","144800810","144800957","59","73716376"
"chr4","71159247","71159554","chr11","48781225","48781526","43","22378022"
"chr4","71232341","71232636","chr6","76870777","76871073","34","5638436"
"chr4","72171223","72171523","chr1","20829654","20829955","37","51341569"
"chr4","72471180","72471472","chrX","71687991","71688285","33","783189"
"chr4","72501870","72502163","chr7","109757793","109758085","29","37255923"
"chr4","72717469","72717754","chr3","129249821","129250117","44","56532352"
"chr4","73142890","73143006","chr5","36876749","36876863","9","36266141"
"chr4","73410990","73411229","chr5","36608375","36608616","19","36802615"
"chr4","73817211","73817512","chr5","35974621","35974914","36","37842590"
"chr4","74413737","74413911","chr4","52232148","52232313","23","22181589"
"chr4","74488737","74489043","chr5","35286063","35286357","28","39202674"
"chr4","75041271","75041476","chr5","43633606","43633820","35","31407665"
"chr4","75055914","75056206","chr6","118423541","118423833","30","43367627"
"chr4","75447779","75448066","chrX","117640256","117640547","37","42192477"
"chr4","76005126","76005436","chr21","25802573","25802873","38","50202553"
"chr4","76164507","76164799","chr4","169342583","169342876","35","93178076"
"chr4","76475670","76475977","chr21","38190683","38190991","28","38284987"
"chr4","76864222","76864330","chr5","6715477","6715589","18","70148745"
"chr4","77025138","77025416","chr1","12511073","12511344","42","64514065"
"chr4","77113222","77113568","chr10","108389031","108389371","68","31275809"
"chr4","78988796","78989088","chr19","5778433","5778728","44","73210363"
"chr4","79576882","79577136","chrX","69399487","69399751","55","10177395"
"chr4","79912184","79912411","chr11","8049263","8049498","53","71862921"
"chr4","80554529","80554799","chr6","58265783","58266056","41","22288746"
"chr4","80753694","80754021","chr3","103628900","103629226","55","22875206"
"chr4","80947342","80947641","chr9","92264832","92265126","34","11317490"
"chr4","81490906","81491210","chr4","142904274","142904581","34","61413368"
"chr4","82144963","82145269","chr2A","101570576","101570878","41","19425613"
"chr4","82305329","82305626","chr19","5778433","5778728","32","76526896"
"chr4","82827618","82827916","chr6","35386974","35387269","37","47440644"
"chr4","82957242","82957546","chr9","29058378","29058676","50","53898864"
"chr4","83150417","83150546","chr14","34061420","34061546","18","49088997"
"chr4","83150847","83151007","chr4","52232148","52232313","28","30918699"
"chr4","84688036","84688330","chr17","41627992","41628290","44","43060044"
"chr4","86439586","86439901","chr10","69396106","69396414","48","17043480"
"chr4","87558297","87558582","chr5","21832412","21832701","26","65725885"
"chr4","87703682","87703910","chr5","21681198","21681435","40","66022484"
"chr4","88297337","88297391","chr9","131115865","131115900","27","42818528"
"chr4","88297455","88297733","chr10","23495805","23496084","33","64801650"
"chr4","90655593","90655904","chr7","76502342","76502646","36","14153251"
"chr4","90830765","90831052","chr7","76622688","76622977","40","14208077"
"chr5","6002","6275","chrX","15256010","15256292","46","15250008"
"chr5","92361","92666","chr15","38502457","38502757","40","38410096"
"chr5","103820","104120","chr8","61918149","61918444","49","61814329"
"chr5","123317","123606","chr11","110419706","110420001","42","110296389"
"chr5","137102","137388","chr6","12255009","12255295","52","12117907"
"chr5","167243","167422","chr19","19677246","19677415","32","19510003"
"chr5","204918","205232","chr2A","70725628","70725935","41","70520710"
"chr5","1116994","1117295","chr12","122308758","122309058","36","121191764"
"chr5","1118222","1118536","chr7","32359341","32359658","45","31241119"
"chr5","2028207","2028504","chr15","40762759","40763053","44","38734552"
"chr5","2035772","2036072","chr9","70186079","70186380","35","68150307"
"chr5","2096425","2096727","chr5","350675","350976","39","1745750"
"chr5","2306350","2306592","chr16","2531802","2532050","22","225452"
"chr5","2598276","2598536","chr7","10730414","10730674","38","8132138"
"chr5","2685222","2685518","chr13","99346383","99346681","34","96661161"
"chr5","2919831","2920134","chr16","3324302","3324596","34","404471"
"chr5","2966103","2966385","chr20","28460310","28460601","42","25494207"
"chr5","3118119","3118166","chr10","31415333","31415379","28","28297214"
"chr5","3123579","3123636","chr17","11062823","11062873","29","7939244"
"chr5","4242727","4242994","chr2B","206496178","206496447","52","202253451"
"chr5","4430123","4430408","chr1","20953555","20953840","37","16523432"
"chr5","4464612","4464672","chr19","5271898","5271962","15","807286"
"chr5","4481857","4482027","chr18","58090876","58091047","20","53609019"
"chr5","4945817","4946114","chr19","5778433","5778728","41","832616"
"chr5","4950254","4950546","chr6","25637827","25638117","36","20687573"
"chr5","5336472","5336767","chr1","129528337","129528634","41","124191865"
"chr5","6109026","6109318","chr7","155826111","155826401","35","149717085"
"chr5","6488455","6488596","chr2A","100694978","100695111","28","94206523"
"chr5","6807227","6807524","chr4","179003940","179004230","67","172196713"
"chr5","7102521","7102824","chr1","207829370","207829668","42","200726849"
"chr5","7196465","7196770","chr2A","70725628","70725935","39","63529163"
"chr5","7920325","7920611","chr19","9994363","9994652","43","2074038"
"chr5","8028661","8028960","chr10","3318573","3318867","34","4710088"
"chr5","8287446","8287790","chr16","8862211","8862508","94","574765"
"chr5","8322391","8322675","chr16","8903877","8904163","29","581486"
"chr5","8592405","8592697","chr1","178612656","178612947","41","170020251"
"chr5","9234136","9234377","chr2B","167718485","167718719","31","158484349"
"chr5","9733715","9734025","chr8","63104122","63104425","45","53370407"
"chr5","11219356","11219679","chr17","13723870","13724174","55","2504514"
"chr5","11350368","11350630","chr7","33926261","33926520","44","22575893"
"chr5","11397683","11397966","chr4","169160237","169160517","43","157762554"
"chr5","11398009","11398020","chr5","43633117","43633128","3","32235108"
"chr5","11487293","11487572","chr1","58530395","58530682","38","47043102"
"chr5","11570200","11570484","chrUn_NW_014015321v1","1363","1633","49","11568837"
"chr5","12095096","12095375","chr10","114560869","114561144","32","102465773"
"chr5","12881036","12881337","chr16","13802622","13802916","37","921586"
"chr5","13411082","13411379","chr1","27151921","27152213","33","13740839"
"chr5","13688267","13688572","chr14","74613745","74614052","37","60925478"
"chr5","13916873","13917024","chr11","60484581","60484730","20","46567708"
"chr5","13934995","13935305","chr21","45881585","45881894","36","31946590"
"chr5","13956254","13956544","chr16","14849435","14849727","36","893181"
"chr5","14908381","14908672","chr8","103321813","103322107","36","88413432"
"chr5","16068655","16068953","chr5","72138163","72138458","36","56069508"
"chr5","16114487","16114770","chr5","168877801","168878082","26","152763314"
"chr5","16951265","16951560","chr1","14048400","14048692","35","2902865"
"chr5","17325010","17325297","chr16","19142215","19142505","15","1817205"
"chr5","17710694","17710854","chr5","155656011","155656172","23","137945317"
"chr5","17898188","17898477","chr16","19714945","19715226","33","1816757"
"chr5","18835195","18835494","chr19","5778433","5778728","36","13056762"
"chr5","19184693","19184978","chr1","178612656","178612947","35","159427963"
"chr5","19658610","19658897","chr22","37310009","37310303","36","17651399"
"chr5","19901792","19902080","chrX","26682365","26682654","28","6780573"
"chr5","20046861","20047152","chr11","128800963","128801253","33","108754102"
"chr5","20152711","20153011","chr3","47982635","47982933","31","27829924"
"chr5","20246418","20246717","chr8","45317030","45317330","31","25070612"
"chr5","22329824","22330118","chr3","47982635","47982933","41","25652811"
"chr5","22839861","22840161","chr16","25361750","25362044","35","2521889"
"chr5","22904523","22904792","chr15","76449237","76449507","42","53544714"
"chr5","23436533","23436819","chrX","128461792","128462078","36","105025259"
"chr5","23728193","23728467","chr8","101244113","101244391","43","77515920"
"chr5","23893226","23893515","chr6","152779990","152780280","34","128886764"
"chr5","23921016","23921345","chr3","103628900","103629226","44","79707884"
"chr5","24248756","24249061","chr3","188936705","188937006","38","164687949"
"chr5","24381385","24381676","chr11","128800963","128801253","26","104419578"
"chr5","24436580","24436881","chr3","47982635","47982933","34","23546055"
"chr5","24684936","24685246","chr3","47982635","47982933","36","23297699"
"chr5","25940545","25940853","chr16","28611870","28612176","26","2671325"
"chr5","26146388","26146655","chr13","71686919","71687176","61","45540531"
"chr5","26880566","26880864","chr4","187109232","187109529","31","160228666"
"chr5","26895891","26896174","chr16","30127745","30128019","37","3231854"
"chr5","27003761","27004064","chr5","147639496","147639800","42","120635735"
"chr5","27004065","27004155","chr12","63683435","63683524","15","36679370"
"chr5","27004160","27004253","chr12","63683435","63683524","16","36679275"
"chr5","27004258","27004351","chr12","63683435","63683524","16","36679177"
"chr5","27008749","27008899","chr5","175349986","175350129","18","148341237"
"chr5","27062546","27062838","chr9","106152190","106152483","33","79089644"
"chr5","27277171","27277461","chr1","164415659","164415950","32","137138488"
"chr5","27283071","27283379","chr6","38412888","38413191","37","11129817"
"chr5","27430882","27431173","chr16","31108829","31109134","33","3677947"
"chr5","27554926","27555201","chr2B","213175336","213175614","31","185620410"
"chr5","27987833","27987885","chr17","11062823","11062873","28","16925010"
"chr5","31590769","31591090","chr4","8220525","8220839","53","23370244"
"chr5","32908110","32908388","chr16","46213453","46213731","24","13305343"
"chr5","33342814","33343117","chr21","37784588","37784886","38","4441774"
"chr5","34439093","34439389","chrX","85204424","85204712","38","50765331"
"chr5","34502673","34502944","chr5","168877801","168878082","36","134375128"
"chr5","35354244","35354539","chr16","82556968","82557255","42","47202724"
"chr5","35924731","35925029","chr7","134503856","134504154","33","98579125"
"chr5","35971450","35971730","chr16","49320575","49320854","24","13349125"
"chr5","37198991","37199273","chr5","168877801","168878082","30","131678810"
"chr5","37773578","37773778","chr3","133067438","133067635","24","95293860"
"chr5","38826308","38826598","chr17","75600981","75601272","42","36774673"
"chr5","38829737","38830047","chr21","45881585","45881894","46","7051848"
"chr5","39624048","39624353","chrX","12638543","12638851","34","26985505"
"chr5","40061867","40062169","chr17","13723870","13724174","40","26337997"
"chr5","40824460","40824767","chr5","125726220","125726527","52","84901760"
"chr5","40873864","40873955","chr20","1614919","1615017","29","39258945"
"chr5","40945297","40945578","chr6","39063012","39063293","44","1882285"
"chr5","41677802","41678106","chr8","65919478","65919780","36","24241676"
"chr5","41775896","41776189","chr5","79226160","79226455","31","37450264"
"chr5","42302413","42302721","chr4","22017222","22017526","40","20285191"
"chr5","42754795","42755078","chr16","56218435","56218722","29","13463640"
"chr5","42932277","42932586","chr3","201400250","201400558","36","158467973"
"chr5","44588909","44589216","chr16","58050210","58050512","40","13461301"
"chr5","45279201","45279511","chr21","30765523","30765826","43","14513678"
"chr5","46021380","46021687","chr8","127462489","127462794","35","81441109"
"chr5","46192112","46192380","chr8","78884750","78885024","42","32692638"
"chr5","46192381","46192631","chr1","26561793","26562043","31","19630588"
"chr5","47239558","47239827","chr1","129238717","129238983","36","81999159"
"chr5","47309356","47309633","chr7","81229861","81230137","31","33920505"
"chr5","47315846","47316117","chr3","100247587","100247856","75","52931741"
"chr5","48237845","48238149","chr16","61814053","61814356","31","13576208"
"chr5","48245137","48245422","chr16","61821577","61821876","40","13576440"
"chr5","48384715","48385021","chr8","63104122","63104425","42","14719407"
"chr5","48860940","48861234","chr6","153683020","153683310","35","104822080"
"chr5","49619865","49620171","chr2B","173335973","173336275","43","123716108"
"chr5","49666849","49667154","chr16","63345139","63345442","40","13678290"
"chr5","49739804","49740099","chr10","93128073","93128364","46","43388269"
"chr5","50242750","50243079","chr4","177476561","177476881","50","127233811"
"chr5","50737971","50738276","chr3","9143569","9143872","42","41594402"
"chr5","52362347","52362685","chr17","51243400","51243734","59","1118947"
"chr5","52434491","52434697","chr9","74128466","74128683","45","21693975"
"chr5","52938323","52938595","chr1","12511073","12511344","33","40427250"
"chr5","53114479","53114755","chr10","11452095","11452371","39","41662384"
"chr5","53224919","53225201","chr16","74413005","74413288","26","21188086"
"chr5","53233780","53234085","chr8","63104122","63104425","35","9870342"
"chr5","53266717","53267010","chr17","81453400","81453691","29","28186683"
"chr5","53345868","53346125","chr2A","102264625","102264881","24","48918757"
"chr5","53550747","53551048","chr16","70242556","70242859","34","16691809"
"chr5","53599818","53600122","chr17","13723870","13724174","41","39875948"
"chr5","53695687","53695834","chr8","646547","646701","46","53049140"
"chr5","54291302","54291604","chr7","76502342","76502646","50","22211040"
"chr5","54346981","54347274","chr16","71027415","71027708","27","16680434"
"chr5","54681112","54681404","chrX","140780014","140780316","41","86098902"
"chr5","54735942","54736009","chr15","83726252","83726303","26","28990310"
"chr5","55046615","55046706","chr17","66312234","66312325","20","11265619"
"chr5","55103032","55103190","chr5","35369338","35369489","35","19733694"
"chr5","55159984","55160101","chr3","191367158","191367278","17","136207174"
"chr5","55182003","55182290","chr9","89273537","89273843","52","34091534"
"chr5","55395095","55395383","chr12","80022143","80022438","42","24627048"
"chr5","55996412","55996707","chr19","5778433","5778728","37","50217979"
"chr5","56140701","56141008","chr3","201400250","201400558","36","145259549"
"chr5","56284143","56284433","chrX","85204424","85204712","41","28920281"
"chr5","56310936","56311240","chr16","73027780","73028088","27","16716844"
"chr5","56916494","56916759","chr16","73625525","73625786","29","16709031"
"chr5","57451541","57451812","chr16","74159473","74159742","25","16707932"
"chr5","57549770","57549871","chr2B","120046164","120046266","9","62496394"
"chr5","57549877","57550019","chr12","122703610","122703750","15","65153733"
"chr5","57733816","57734127","chr16","69435092","69435396","37","11701276"
"chr5","57907103","57907404","chr16","69257323","69257622","36","11350220"
"chr5","57947472","57947765","chr4","169342583","169342876","35","111395111"
"chr5","57994687","57994995","chr21","38190683","38190991","31","19804004"
"chr5","58138068","58138338","chr17","68889461","68889733","43","10751393"
"chr5","58185872","58186175","chr8","63104122","63104425","36","4918250"
"chr5","58229372","58229677","chrX","15819246","15819549","39","42410126"
"chr5","58466566","58466880","chrX","15819246","15819549","49","42647320"
"chr5","58793334","58793642","chr22","17382311","17382615","46","41411023"
"chr5","58865101","58865407","chr8","63104122","63104425","40","4239021"
"chr5","58867405","58867513","chr16","68311498","68311601","15","9444093"
"chr5","59144653","59144949","chr16","68044801","68045088","32","8900148"
"chr5","59173283","59173584","chr7","126105184","126105492","34","66931901"
"chr5","59203846","59204049","chr2B","194630686","194630888","25","135426840"
"chr5","59212660","59212957","chr15","60888293","60888593","31","1675633"
"chr5","59259802","59260080","chr13","62490986","62491262","35","3231184"
"chr5","59309117","59309426","chr11","56929915","56930222","41","2379202"
"chr5","59329045","59329317","chr3","191629300","191629566","33","132300255"
"chr5","59643680","59643902","chr9","74128466","74128683","39","14484786"
"chr5","59947399","59947713","chr6","141506293","141506596","47","81558894"
"chr5","60493552","60493827","chr13","20173388","20173662","38","40320164"
"chr5","60808931","60808977","chr15","83726252","83726303","22","22917321"
"chr5","61007346","61007648","chr8","39847193","39847497","30","21160153"
"chr5","61022901","61023194","chr9","131109955","131110248","33","70087054"
"chr5","61033325","61033576","chr16","75464658","75464909","17","14431333"
"chr5","61299554","61299857","chr6","38550740","38551044","38","22748814"
"chr5","61460617","61460930","chr16","75933892","75934198","41","14473275"
"chr5","61722398","61722611","chr1","66138070","66138299","48","4415672"
"chr5","61815991","61816285","chr4","84919365","84919658","32","23103374"
"chr5","61970013","61970310","chr6","42316035","42316327","43","19653978"
"chr5","62416713","62417012","chr7","120015620","120015917","41","57598907"
"chr5","62543199","62543493","chr2A","70520473","70520764","32","7977274"
"chr5","62545530","62545831","chr5","79226160","79226455","41","16680630"
"chr5","62594244","62594542","chr5","165592457","165592754","29","102998213"
"chr5","62664132","62664422","chr1","27151921","27152213","38","35512211"
"chr5","63363904","63364173","chr6","147286966","147287244","42","83923062"
"chr5","63910073","63910357","chr9","107188272","107188556","34","43278199"
"chr5","64259845","64260134","chr16","78800972","78801265","30","14541127"
"chr5","64621539","64621836","chr5","79226160","79226455","32","14604621"
"chr5","65380016","65380316","chr14","38551417","38551703","50","26828599"
"chr5","65493973","65494152","chr10","133758856","133759030","34","68264883"
"chr5","66107198","66107477","chr22","39920256","39920532","31","26186942"
"chr5","66600843","66601153","chr21","35131858","35132167","35","31468985"
"chr5","66606187","66606507","chr17","75312380","75312686","53","8706193"
"chr5","67949118","67949417","chr19","40164309","40164610","28","27784809"
"chr5","68273456","68273757","chr16","82874006","82874307","35","14600550"
"chr5","68477287","68477588","chr16","83080952","83081251","34","14603665"
"chr5","69026012","69026325","chr16","11922843","11923144","53","57103169"
"chr5","69292488","69292774","chr19","45478677","45478960","40","23813811"
"chr5","69649792","69650089","chr3","190978307","190978607","36","121328515"
"chr5","69971023","69971317","chr4","169342583","169342876","32","99371560"
"chr5","70428369","70428667","chr5","1328943","1329235","42","69099426"
"chr5","70565261","70565566","chr1","129528337","129528634","40","58963076"
"chr5","70958805","70959110","chr16","85551544","85551847","34","14592739"
"chr5","72117152","72117338","chr1","91852703","91852889","33","19735551"
"chr5","72808804","72808972","chr6","162525883","162526054","22","89717079"
"chr5","73327666","73327809","chr4","76458542","76458695","33","3130876"
"chr5","74564784","74565075","chr12","31805222","31805513","32","42759562"
"chr5","74599887","74600184","chr10","12257059","12257357","44","62342828"
"chr5","74856650","74856903","chr10","128022523","128022774","45","53165873"
"chr5","75125319","75125573","chr14","105478524","105478784","59","30353205"
"chr5","75133544","75133803","chr7","10730414","10730674","58","64403130"
"chr6","24805","25085","chr3","72793870","72794154","46","72769065"
"chr6","393928","394121","chr8","41622324","41622510","32","41228396"
"chr6","737961","738143","chr3","203629726","203629919","36","202891765"
"chr6","892839","893007","chr4","52232148","52232313","20","51339309"
"chr6","1324857","1325155","chr19","24153296","24153588","40","22828439"
"chr6","1368464","1368526","chr11","18071282","18071348","27","16702818"
"chr6","1955928","1955939","chr5","43633117","43633128","3","41677189"
"chr6","1956236","1956399","chr4","52232148","52232313","24","50275912"
"chr6","1956714","1956730","chr5","43633117","43633128","5","41676403"
"chr6","2549951","2550245","chr5","79226160","79226455","28","76676209"
"chr6","2840923","2841214","chr6","42316035","42316327","33","39475112"
"chr6","3303808","3304102","chr5","54230890","54231182","34","50927082"
"chr6","3753890","3754175","chr6","153683020","153683310","35","149929130"
"chr6","4138296","4138597","chr1","102302386","102302692","39","98164090"
"chr6","4412730","4413026","chr19","4665842","4666133","34","253112"
"chr6","4417494","4417601","chr6","79307932","79308042","23","74890438"
"chr6","5160123","5160173","chr22","22266059","22266104","16","17105936"
"chr6","5455432","5455738","chr3","65210714","65211013","36","59755282"
"chr6","5461012","5461313","chr19","5778433","5778728","30","317421"
"chr6","5465941","5466247","chr5","11971736","11972032","41","6505795"
"chr6","5722569","5722850","chr19","6028006","6028298","37","305437"
"chr6","5746840","5747125","chr19","6053216","6053494","33","306376"
"chr6","6087286","6087468","chr19","19677246","19677415","53","13589960"
"chr6","6215808","6216108","chr2B","218292198","218292498","38","212076390"
"chr6","6419246","6419548","chr8","131759549","131759848","38","125340303"
"chr6","6446847","6447155","chr19","6840650","6840958","35","393803"
"chr6","6724362","6724632","chr1","12511073","12511344","29","5786711"
"chr6","6752473","6752525","chrUn_NW_014014512v1","4","79","26","6752469"
"chr6","6784389","6784710","chr5","125726220","125726527","52","118941831"
"chr6","7197627","7197936","chrX","15819246","15819549","34","8621619"
"chr6","7471894","7472194","chr7","48182271","48182573","33","40710377"
"chr6","7633000","7633089","chr10","37468152","37468246","20","29835152"
"chr6","7663297","7663405","chr19","60186984","60187084","28","52523687"
"chr6","7687321","7687636","chr6","141126055","141126362","42","133438734"
"chr6","8004311","8004626","chr5","125726220","125726527","37","117721909"
"chr6","8117771","8118042","chr3","100247587","100247856","51","92129816"
"chr6","8481860","8482109","chr8","62292080","62292329","33","53810220"
"chr6","8496503","8496793","chr19","9524800","9525091","32","1028297"
"chr6","8508002","8508237","chr4","132503450","132503724","61","123995448"
"chr6","8748907","8749196","chr21","26326581","26326877","35","17577674"
"chr6","8866350","8866604","chrX","69399487","69399751","59","60533137"
"chr6","8915616","8915804","chr1","53177851","53178044","36","44262235"
"chr6","8915839","8916028","chr6","22124939","22125137","36","13209100"
"chr6","9191701","9191746","chr8","34999002","34999050","25","25807301"
"chr6","9292664","9292968","chr7","134503856","134504154","36","125211192"
"chr6","9418855","9418988","chr3","50803443","50803572","14","41384588"
"chr6","9612550","9612658","chr19","17794307","17794415","13","8181757"
"chr6","9643844","9644137","chr17","81453400","81453691","39","71809556"
"chr6","9697976","9698135","chr6","11753379","11753534","30","2055403"
"chr6","10056136","10056322","chr14","33827124","33827303","29","23770988"
"chr6","10239089","10239385","chr19","11569973","11570262","30","1330884"
"chr6","10321900","10322196","chr21","37784588","37784886","33","27462688"
"chr6","10367904","10368183","chr5","168877801","168878082","31","158509897"
"chr6","10434948","10435241","chr4","169342583","169342876","27","158907635"
"chr6","10441213","10441524","chr17","13723870","13724174","39","3282657"
"chr6","10466975","10467269","chr5","11971736","11972032","32","1504761"
"chr6","10633404","10633717","chr1","165956274","165956580","50","155322870"
"chr6","10931493","10931768","chr19","12434015","12434294","25","1502522"
"chr6","10965848","10966108","chr19","12473344","12473605","18","1507496"
"chr6","10993874","10994170","chrX","117640256","117640547","40","106646382"
"chr6","11023152","11023455","chrX","15819246","15819549","40","4796094"
"chr6","11279314","11279594","chr15","71090921","71091205","36","59811607"
"chr6","11292636","11292829","chr19","12901172","12901365","17","1608536"
"chr6","11315882","11316187","chr7","109757793","109758085","47","98441911"
"chr6","11363311","11363607","chr6","153683020","153683310","35","142319709"
"chr6","11588871","11589030","chr11","109524095","109524249","31","97935224"
"chr6","12223283","12223340","chr3","127527482","127527533","27","115304199"
"chr6","12334168","12334289","chr17","66312234","66312325","38","53978066"
"chr6","12416092","12416454","chr10","56239949","56240274","91","43823857"
"chr6","12584554","12584792","chr4","40252072","40252288","66","27667518"
"chr6","12684961","12685193","chrX","10383906","10384140","25","2301055"
"chr6","12881105","12881407","chr17","13723870","13724174","38","842765"
"chr6","12898280","12898409","chr6","31209730","31209860","14","18311450"
"chr6","12957144","12957432","chr2A","33718840","33719135","43","20761696"
"chr6","13428220","13428492","chr8","78884750","78885024","40","65456530"
"chr6","13704012","13704318","chr19","15620600","15620906","32","1916588"
"chr6","13738930","13739004","chr17","66312234","66312325","23","52573304"
"chr6","13775264","13775481","chr9","74128466","74128683","27","60353202"
"chr6","13936930","13937234","chr3","9143569","9143872","43","4793361"
"chr6","14415221","14415496","chr5","17925271","17925541","40","3510050"
"chr6","14783526","14783852","chr5","94341395","94341684","54","79557869"
"chr6","14931557","14931853","chr6","153683020","153683310","36","138751463"
"chr6","15408959","15409232","chr8","78884750","78885024","38","63475791"
"chr6","15444542","15444830","chr17","46987772","46988059","36","31543230"
"chr6","15641074","15641088","chr5","43633117","43633128","5","27992043"
"chr6","15641392","15641424","chr1","31474562","31474593","18","15833170"
"chr6","15732147","15732454","chr7","40994538","40994847","36","25262391"
"chr6","15736391","15736517","chr20","295038","295165","15","15441353"
"chr6","15736823","15736998","chr4","52232148","52232313","29","36495325"
"chr6","15757418","15757715","chr20","28258628","28258920","44","12501210"
"chr6","15778125","15778414","chr1","129528337","129528634","42","113750212"
"chr6","15823220","15823507","chr22","24113317","24113607","28","8290097"
"chr6","15886272","15886408","chr12","123188324","123188457","16","107302052"
"chr6","15908206","15908489","chr2B","229510282","229510566","29","213602076"
"chr6","16431315","16431626","chr7","40994538","40994847","53","24563223"
"chr6","16600643","16600933","chr1","134957856","134958144","32","118357213"
"chr6","16645479","16645758","chr19","18630447","18630736","31","1984968"
"chr6","16665859","16666166","chr3","201400250","201400558","43","184734391"
"chr6","16748796","16748984","chr1","53177851","53178044","33","36429055"
"chr6","16875316","16875621","chr7","40994538","40994847","38","24119222"
"chr6","17005760","17005841","chr3","141294808","141294890","35","124289048"
"chr6","17025766","17026071","chr4","54047260","54047565","33","37021494"
"chr6","17270283","17270580","chr12","4008534","4008830","33","13261749"
"chr6","17400132","17400434","chr19","19390083","19390380","25","1989951"
"chr6","17433797","17434095","chr6","118423541","118423833","28","100989744"
"chr6","17620098","17620326","chrX","10383906","10384140","36","7236192"
"chr6","17661441","17661573","chr14","102995967","102996106","23","85334526"
"chr6","17661584","17661716","chr14","102995967","102996106","23","85334383"
"chr6","17705527","17705677","chr4","160997445","160997590","27","143291918"
"chr6","17912276","17912571","chr3","63025353","63025649","53","45113077"
"chr6","18034577","18034847","chr5","17925271","17925541","33","109306"
"chr6","18137781","18138095","chr1","136045107","136045410","52","117907326"
"chr6","18238432","18238680","chr4","192560449","192560709","61","174322017"
"chr6","18437844","18438150","chr6","154020042","154020349","41","135582198"
"chr6","18684194","18684456","chr15","76449237","76449507","39","57765043"
"chr6","18820099","18820395","chr8","45317030","45317330","45","26496931"
"chr6","18899579","18899878","chr15","64799810","64800110","44","45900231"
"chr6","18969347","18969643","chrX","71687991","71688285","32","52718644"
"chr6","19009801","19009929","chr11","60333707","60333833","10","41323906"
"chr6","19041709","19042018","chr8","63104122","63104425","43","44062413"
"chr6","19631197","19631498","chr1","129528337","129528634","43","109897140"
"chr6","19675987","19676125","chr15","63086034","63086173","19","43410047"
"chr6","19691351","19691680","chrX","76724331","76724666","59","57032980"
"chr6","19707988","19708275","chr19","21981712","21981995","27","2273724"
"chr6","19765199","19765387","chr19","56841339","56841526","20","37076140"
"chr6","19765466","19765627","chr10","136033","136194","17","19629433"
"chr6","19777964","19778263","chr19","22055852","22056154","24","2277888"
"chr6","19782829","19783136","chr5","39772074","39772378","36","19989245"
"chr6","19790377","19790675","chr16","87751224","87751523","39","67960847"
"chr6","19896192","19896402","chr9","74128466","74128683","30","54232274"
"chr6","20070928","20071215","chr6","12255009","12255295","46","7815919"
"chr6","20087455","20087754","chr19","24153296","24153588","26","4065841"
"chr6","20395514","20395815","chr19","22468498","22468798","34","2072984"
"chr6","20399051","20399338","chr19","22476511","22476795","31","2077460"
"chr6","20401467","20401773","chr1","211446608","211446917","37","191045141"
"chr6","20406905","20407191","chr1","83053144","83053430","41","62646239"
"chr6","20527970","20528246","chr17","66057754","66058033","30","45529784"
"chr6","20552726","20553013","chr19","2752951","2753241","36","17799775"
"chr6","20587594","20587899","chr21","35131858","35132167","42","14544264"
"chr6","20750660","20750789","chr18","17891015","17891145","14","2859645"
"chr6","20967731","20968014","chr10","32896555","32896833","33","11928824"
"chr6","21062617","21062756","chr12","122703610","122703750","24","101640993"
"chr6","23309452","23309748","chr6","71670237","71670532","43","48360785"
"chr6","24175330","24175604","chr19","42319321","42319601","39","18143991"
"chr6","24809228","24809511","chr2A","31440105","31440385","39","6630877"
"chr6","24817305","24817369","chr10","12294695","12294775","22","12522610"
"chr6","24904412","24904702","chr4","88709290","88709585","37","63804878"
"chr6","25256082","25256374","chr1","14048400","14048692","28","11207682"
"chr6","27241416","27241713","chr1","136045107","136045410","41","108803691"
"chr6","27605532","27605823","chr1","129528337","129528634","41","101922805"
"chr6","27862122","27862417","chr3","190978307","190978607","32","163116185"
"chr6","27903338","27903380","chr15","83726252","83726303","14","55822914"
"chr6","27964720","27965040","chr3","201400250","201400558","47","173435530"
"chr6","28522043","28522333","chr7","117336431","117336718","39","88814388"
"chr6","29248327","29248628","chr3","203702539","203702838","45","174454212"
"chr6","29277442","29277723","chr5","168877801","168878082","34","139600359"
"chr6","29280613","29280894","chr5","168877801","168878082","34","139597188"
"chr6","29334927","29335229","chr1","129528337","129528634","32","100193410"
"chr6","29395700","29396000","chr6","71670237","71670532","42","42274537"
"chr6","29401789","29402096","chr3","143456141","143456448","36","114054352"
"chr6","29536804","29537132","chr1","121644761","121645093","42","92107957"
"chr6","29544583","29544890","chr3","9204233","9204541","42","20340350"
"chr6","29816260","29816556","chr17","41627992","41628290","29","11811732"
"chr6","29828404","29828713","chr7","104318422","104318732","35","74490018"
"chr6","30233895","30234212","chr3","22007151","22007466","45","8226744"
"chr6","30378655","30378952","chr19","41133825","41134120","27","10755170"
"chr6","30574510","30574814","chr19","41327282","41327591","29","10752772"
"chr6","31041908","31042191","chr7","34500377","34500665","37","3458469"
"chr6","31078849","31079145","chr7","134503856","134504154","28","103425007"
"chr6","31619276","31619573","chr12","122308758","122309058","36","90689482"
"chr6","31633432","31633743","chr19","43029042","43029348","42","11395610"
"chr6","31833613","31833910","chr1","26540483","26540782","39","5293130"
"chr6","31876407","31876705","chr1","102302386","102302692","32","70425979"
"chr6","31943224","31943500","chr18","7959666","7959940","31","23983558"
"chr6","32168046","32168327","chr6","35369030","35369319","44","3200984"
"chr6","32204006","32204290","chr19","45478677","45478960","34","13274671"
"chr6","32333787","32334022","chr9","85946581","85946824","43","53612794"
"chr6","32356860","32357169","chr19","42132532","42132847","28","9775672"
"chr6","32455521","32455811","chr1","164415659","164415950","41","131960138"
"chr6","32517495","32517800","chr19","43554077","43554372","30","11036582"
"chr6","32546348","32546646","chr19","43580239","43580528","35","11033891"
"chr6","32606332","32606628","chr19","43632732","43633028","37","11026400"
"chr6","32609079","32609381","chr10","15836322","15836621","28","16772757"
"chr6","32859215","32859508","chr18","71025358","71025653","34","38166143"
"chr6","32888961","32889268","chr11","32882893","32883205","38","6068"
"chr6","32943417","32943730","chr2A","105966702","105967010","35","73023285"
"chr6","32949630","32949920","chr3","202786201","202786506","43","169836571"
"chr6","33047283","33047576","chr6","31851071","31851367","34","1196212"
"chr6","33312975","33313163","chr9","84575980","84576150","39","51263005"
"chr6","33432669","33432955","chr2A","20537787","20538074","34","12894882"
"chr6","33689735","33690040","chr1","207829370","207829668","49","174139635"
"chr6","34432010","34432295","chr19","45478677","45478960","20","11046667"
"chr6","34448915","34448956","chr15","83726252","83726303","18","49277337"
"chr6","34588703","34588997","chr6","152779990","152780280","30","118191287"
"chr6","34637067","34637366","chr19","45750514","45750810","34","11113447"
"chr6","34661536","34661833","chr16","87751224","87751523","30","53089688"
"chr6","34704271","34704544","chr9","94809313","94809592","45","60105042"
"chr6","34742320","34742620","chr3","138854393","138854689","36","104112073"
"chr6","35222002","35222020","chr5","43633117","43633128","10","8411115"
"chr6","35222021","35222150","chr20","49306880","49307010","13","14084859"
"chr6","35222151","35222192","chr9","127908774","127908805","20","92686623"
"chr6","35609043","35609335","chr19","46790087","46790384","23","11181044"
"chr6","35666943","35666980","chr9","127908774","127908805","20","92241831"
"chr6","36007127","36007313","chr17","28495122","28495311","31","7512005"
"chr6","36442285","36442579","chr14","54321720","54322012","34","17879435"
"chr6","36640939","36641223","chr3","142554513","142554799","40","105913574"
"chr6","38490932","38491237","chr19","50584045","50584352","28","12093113"
"chr6","38989771","38990073","chr7","48182271","48182573","37","9192500"
"chr6","39058042","39058331","chr3","15219656","15219944","41","23838386"
"chr6","39081768","39082010","chr19","51178335","51178581","25","12096567"
"chr6","39290989","39291185","chr5","96772250","96772446","26","57481261"
"chr6","39291204","39291405","chr3","133067438","133067635","31","93776234"
"chr6","39608671","39608960","chr6","153683020","153683310","31","114074349"
"chr6","39814745","39815027","chr8","101244113","101244391","30","61429368"
"chr6","40168923","40169233","chr11","32882893","32883205","35","7286030"
"chr6","40243259","40243529","chr15","83067261","83067529","38","42824002"
"chr6","40623812","40624104","chr17","82971930","82972224","28","42348118"
"chr6","40832544","40832844","chr19","53149486","53149785","26","12316942"
"chr6","41303925","41304232","chr3","202345629","202345926","48","161041704"
"chr6","41399965","41400162","chr3","191822405","191822607","32","150422440"
"chr6","41614802","41615009","chr3","133067438","133067635","29","91452636"
"chr6","41722459","41722590","chr3","50803443","50803572","19","9080984"
"chr6","41722897","41723086","chr19","19677246","19677415","44","22045651"
"chr6","42018442","42018719","chr8","118482696","118482973","35","76464254"
"chr6","42300315","42300575","chr5","9144214","9144479","40","33156101"
"chr6","42411907","42412208","chr19","11768702","11769000","38","30643205"
"chr6","42541935","42542228","chr12","125591231","125591533","45","83049296"
"chr6","42597621","42597921","chr1","129528337","129528634","34","86930716"
"chr6","42661098","42661384","chr1","65066847","65067132","45","22405749"
"chr6","42779785","42779926","chrX","55181789","55181924","18","12402004"
"chr6","42780213","42780372","chr10","37467683","37467844","26","5312530"
"chr6","43141121","43141420","chr12","95802272","95802570","34","52661151"
"chr6","43435365","43435669","chr1","129528337","129528634","34","86092972"
"chr6","43599775","43599918","chr12","122703610","122703750","11","79103835"
"chr6","43600224","43600403","chr4","52232148","52232313","27","8631924"
"chr6","44004026","44004311","chr1","129528337","129528634","47","85524311"
"chr6","44281248","44281456","chr2B","194630686","194630888","32","150349438"
"chr6","44684504","44684812","chr8","63104122","63104425","34","18419618"
"chr6","44833039","44833178","chr12","122703610","122703750","15","77870571"
"chr6","44873619","44873750","chr5","153143511","153143644","26","108269892"
"chr6","45198124","45198288","chr6","149315688","149315873","46","104117564"
"chr6","45242873","45243167","chr6","153683020","153683310","40","108440147"
"chr6","45310289","45310586","chr19","58457629","58457920","34","13147340"
"chr6","45321480","45321781","chr19","58473651","58473938","36","13152171"
"chr6","45391085","45391341","chr19","58528786","58529072","59","13137701"
"chr6","45459793","45459820","chr1","31474562","31474593","18","13985231"
"chr6","45588588","45588718","chr20","49306880","49307010","8","3718292"
"chr6","45628915","45629032","chr1","46193184","46193298","18","564269"
"chr6","45717909","45718205","chr5","54230890","54231182","42","8512981"
"chr6","45773796","45774071","chr10","114560869","114561144","35","68787073"
"chr6","45931315","45931596","chr5","168877801","168878082","37","122946486"
"chr6","46113664","46113969","chr11","65684249","65684557","44","19570585"
"chr6","46177307","46177600","chr6","118423541","118423833","33","72246234"
"chr6","46538777","46539088","chrX","12638543","12638851","38","33900234"
"chr6","47306274","47306581","chr3","182237969","182238270","39","134931695"
"chr6","47615861","47616136","chr7","10730414","10730674","56","36885447"
"chr6","47723727","47724044","chr5","125726220","125726527","45","78002493"
"chr6","48126747","48127054","chr6","38550740","38551044","39","9576007"
"chr6","48592662","48592932","chr19","61813069","61813347","37","13220407"
"chr6","49355708","49356013","chr7","126105184","126105492","38","76749476"
"chr6","49647014","49647319","chr19","63097916","63098216","34","13450902"
"chr6","49689461","49689635","chr6","162525883","162526054","29","112836422"
"chr6","49689650","49689824","chr6","162525883","162526054","29","112836233"
"chr6","49817371","49817669","chr3","65210714","65211013","40","15393343"
"chr6","49970955","49971121","chr4","104744077","104744237","31","54773122"
"chr6","50810506","50810763","chr8","34700122","34700394","57","16110384"
"chr6","50815079","50815275","chr12","49273811","49273988","41","1541268"
"chr7","12189464","12189780","chr17","4847732","4848043","35","7341732"
"chr7","57147173","57147494","chr7","32359341","32359658","55","24787832"
"chr7","559307","559609","chr9","100788706","100789004","42","100229399"
"chr7","971021","971216","chr13","21066147","21066338","37","20095126"
"chr7","1190974","1191282","chrX","15819246","15819549","33","14628272"
"chr7","1689266","1689550","chr10","42793784","42794060","41","41104518"
"chr7","3829804","3830126","chr8","39507789","39508108","77","35677985"
"chr7","4784809","4785113","chr3","182237969","182238270","41","177453160"
"chr7","5680510","5680652","chr16","74997322","74997460","25","69316812"
"chr7","5943964","5944231","chr17","66057754","66058033","48","60113790"
"chr7","5999730","6000000","chr1","129238717","129238983","45","123238987"
"chr7","6048567","6048847","chr13","20173388","20173662","43","14124821"
"chr7","7329114","7329397","chr4","68938247","68938532","31","61609133"
"chr7","7329424","7329435","chr19","10595612","10595624","3","3266188"
"chr7","7446002","7446302","chr4","69059971","69060272","29","61613969"
"chr7","7603527","7603812","chr1","159978508","159978791","36","152374981"
"chr7","8179415","8179698","chr4","69812044","69812326","36","61632629"
"chr7","8717603","8717739","chr4","70357218","70357359","17","61639615"
"chr7","11745594","11745898","chr4","47490411","47490709","38","35744817"
"chr7","11803988","11804130","chr22","41135676","41135804","43","29331688"
"chr7","11831646","11831942","chr4","73646981","73647270","38","61815335"
"chr7","12020460","12020762","chr4","73890915","73891212","29","61870455"
"chr7","12071126","12071427","chr21","30765523","30765826","31","18694397"
"chr7","12147635","12147876","chr1","24084539","24084781","43","11936904"
"chr7","12200289","12200605","chr17","4847732","4848043","35","7352557"
"chr7","12217257","12217520","chr4","183917304","183917581","52","171700047"
"chr7","13386722","13387023","chr7","76502342","76502646","43","63115620"
"chr7","14027945","14028254","chr4","75985887","75986194","32","61957942"
"chr7","14319113","14319418","chr4","76282478","76282789","35","61963365"
"chr7","14498020","14498172","chr4","76458542","76458695","8","61960522"
"chr7","15337999","15338050","chr3","127527482","127527533","28","112189483"
"chr7","15668511","15668813","chr8","63104122","63104425","39","47435611"
"chr7","18612641","18612929","chr7","76622688","76622977","36","58010047"
"chr7","19136932","19137189","chr4","59942061","59942299","42","40805129"
"chr7","19195640","19195944","chr10","65797252","65797556","35","46601612"
"chr7","21650094","21650268","chr6","97917752","97917931","53","76267658"
"chr7","21925702","21926005","chr3","142214858","142215163","35","120289156"
"chr7","22504396","22504691","chr22","31901115","31901406","52","9396719"
"chr7","22556745","22556908","chr4","52232148","52232313","21","29675403"
"chr7","22556947","22557063","chr13","21081647","21081760","18","1475300"
"chr7","23245032","23245255","chr4","55334930","55335167","44","32089898"
"chr7","23728599","23728880","chr15","76449237","76449507","49","52720638"
"chr7","24207641","24207937","chr5","11971736","11972032","28","12235905"
"chr7","24228128","24228393","chr14","73229251","73229518","35","49001123"
"chr7","24501742","24501755","chr5","43633117","43633128","4","19131375"
"chr7","24501905","24502192","chr3","15219656","15219944","35","9282249"
"chr7","24602240","24602531","chr7","20805717","20806009","29","3796523"
"chr7","24667700","24667994","chr4","53876827","53877116","29","29209127"
"chr7","24955070","24955374","chr4","53585953","53586253","27","28630883"
"chr7","24956170","24956504","chrX","76724331","76724666","51","51768161"
"chr7","26300400","26300558","chr4","52232148","52232313","20","25931748"
"chr7","27320907","27321199","chr4","182153903","182154193","42","154832996"
"chr7","28714447","28714739","chr4","49756820","49757110","34","21042373"
"chr7","29856885","29857194","chr7","81528317","81528619","37","51671432"
"chr7","30367976","30368271","chr10","10801139","10801440","40","19566837"
"chr7","30771117","30771280","chr6","161343636","161343795","23","130572519"
"chr7","30771425","30771722","chr5","168637578","168637880","33","137866153"
"chr7","30957320","30957599","chr13","62490986","62491262","26","31533666"
"chr7","31139829","31140134","chr8","127462489","127462794","35","96322660"
"chr7","31199633","31199804","chr13","38856694","38856872","29","7657061"
"chr7","31362775","31363033","chr15","76449237","76449507","62","45086462"
"chr7","31996389","31996682","chr4","46431011","46431299","31","14434622"
"chr7","33075098","33075387","chr2B","229510282","229510566","40","196435184"
"chr7","33728726","33728995","chr12","69438598","69438867","39","35709872"
"chr7","33814209","33814488","chr17","82971930","82972224","42","49157721"
"chr7","34053176","34053476","chr4","88709290","88709585","32","54656114"
"chr7","34207253","34207560","chr5","83135152","83135458","39","48927899"
"chr7","34468453","34468759","chr7","76502342","76502646","37","42033889"
"chr7","34639407","34639708","chr8","126575218","126575519","25","91935811"
"chr7","34741098","34741412","chrX","15819246","15819549","47","18921852"
"chr7","34938774","34939079","chr8","126575218","126575519","29","91636444"
"chr7","35155669","35155945","chr4","89813448","89813732","39","54657779"
"chr7","35444559","35444859","chr5","35286063","35286357","40","158496"
"chr7","35595736","35596037","chr4","90250850","90251148","33","54655114"
"chr7","36058391","36058667","chr4","90694412","90694706","45","54636021"
"chr7","36287798","36288055","chrX","51881103","51881380","64","15593305"
"chr7","36662401","36662696","chr4","187109232","187109529","32","150446831"
"chr7","37601290","37601503","chr9","74128466","74128683","37","36527176"
"chr7","37601997","37602105","chr12","32903709","32903813","27","4698288"
"chr7","37935742","37936046","chr7","125851117","125851418","36","87915375"
"chr7","38148441","38148716","chr1","51849206","51849482","40","13700765"
"chr7","38786207","38786476","chr4","93484048","93484335","43","54697841"
"chr7","39165821","39166123","chr6","35369030","35369319","46","3796791"
"chr7","39838958","39839166","chr8","1720266","1720472","34","38118692"
"chr7","40686095","40686391","chr9","112044795","112045089","38","71358700"
"chr7","41046748","41047039","chr4","95798384","95798673","31","54751636"
"chr7","42594375","42594655","chr17","27991568","27991852","29","14602807"
"chr7","42731683","42731962","chr21","38218040","38218332","46","4513643"
"chr7","43107924","43108196","chr13","62490986","62491262","32","19383062"
"chr7","43476479","43476758","chr5","168877801","168878082","34","125401322"
"chr7","44822746","44823066","chr4","99686634","99686955","36","54863888"
"chr7","45557020","45557323","chr3","47982635","47982933","42","2425615"
"chr7","46712383","46712664","chr17","22287976","22288261","36","24424407"
"chr7","47035065","47035374","chr8","63104122","63104425","35","16069057"
"chr7","47078206","47078506","chr1","181665682","181665986","42","134587476"
"chr7","47979336","47979630","chr4","102932019","102932315","28","54952683"
"chr7","49561506","49561783","chr14","36020665","36020939","44","13540841"
"chr7","49781249","49781407","chr4","104744077","104744237","19","54962828"
"chr7","50512208","50512504","chr7","76502342","76502646","50","25990134"
"chr7","50756861","50757150","chr4","169342583","169342876","34","118585722"
"chr7","51249365","51249633","chr1","132694895","132695167","52","81445530"
"chr7","53706917","53707172","chr4","108743514","108743773","28","55036597"
"chr7","54039613","54039922","chr1","165956274","165956580","39","111916661"
"chr7","54141470","54141777","chr7","76502342","76502646","44","22360872"
"chr7","54616370","54616587","chr4","109733070","109733269","39","55116700"
"chr7","55642577","55642872","chr4","169342583","169342876","43","113700006"
"chr7","55883034","55883326","chr8","63104122","63104425","47","7221088"
"chr7","56154951","56155248","chr19","5778433","5778728","32","50376518"
"chr7","56568212","56568476","chr12","114042218","114042491","34","57474006"
"chr7","56686239","56686543","chr7","126105184","126105492","34","69418945"
"chr7","56727290","56727589","chrX","15819246","15819549","49","40908044"
"chr7","57677717","57678010","chr3","9143569","9143872","40","48534148"
"chr7","57972372","57972661","chr1","212953832","212954134","38","154981460"
"chr7","58168196","58168281","chr4","2675187","2675256","19","55493009"
"chr7","58168292","58168441","chr6","31969102","31969250","16","26199190"
"chr7","58289900","58290193","chr5","79226160","79226455","39","20936260"
"chr7","59732053","59732360","chr7","126105184","126105492","40","66373131"
"chr7","60536100","60536391","chr6","118423541","118423833","28","57887441"
"chr7","60644556","60644850","chr3","192148020","192148316","39","131503464"
"chr7","62926600","62926735","chr4","118211528","118211665","20","55284928"
"chr7","63473850","63474152","chr11","65684249","65684557","45","2210399"
"chr7","63983758","63984092","chr3","201400250","201400558","61","137416492"
"chr7","64088962","64089249","chr19","45478677","45478960","43","18610285"
"chr7","64268336","64268580","chr4","119530599","119530845","27","55262263"
"chr7","66179739","66179990","chr15","76449237","76449507","51","10269498"
"chr7","66392202","66392501","chr1","129528337","129528634","33","63136135"
"chr7","67671730","67672034","chr15","60888293","60888593","41","6783437"
"chr7","68308367","68308659","chr11","110587507","110587797","36","42279140"
"chr7","68519445","68519721","chr2A","31440105","31440385","40","37079340"
"chr7","68553239","68553357","chr4","124614427","124614542","16","56061188"
"chr7","69105031","69105331","chr19","5778433","5778728","36","63326598"
"chr7","70054516","70054817","chr14","87801348","87801649","45","17746832"
"chr7","70247393","70247699","chr10","69396106","69396414","39","851287"
"chr7","70832383","70832675","chr7","136937394","136937692","44","66105011"
"chr7","71463111","71463367","chr4","127566362","127566624","32","56103251"
"chr7","71664147","71664235","chrUn_NW_014014512v1","4","79","30","71664143"
"chr7","72803455","72803703","chr11","8049263","8049498","51","64754192"
"chr7","73331274","73331318","chr3","127527482","127527533","25","54196208"
"chr7","74299049","74299367","chr5","114525301","114525608","53","40226252"
"chr7","74311400","74311694","chr10","27263469","27263764","35","47047931"
"chr7","75080078","75080371","chr1","164415659","164415950","37","89335581"
"chr7","75234338","75234629","chr4","131576456","131576744","30","56342118"
"chr7","75389859","75390161","chr4","131713398","131713702","28","56323539"
"chr7","75738874","75739171","chr17","68509083","68509379","40","7229791"
"chr7","76150018","76150300","chr4","132503450","132503724","31","56353432"
"chr7","77805309","77805585","chr4","134168346","134168622","35","56363037"
"chr7","79032794","79033060","chr8","28934986","28935248","39","50097808"
"chr7","80492269","80492285","chr19","10595612","10595624","5","69896657"
"chr7","81368701","81369004","chr15","86843072","86843381","33","5474371"
"chr7","81374028","81374330","chr4","137916210","137916504","38","56542182"
"chr7","84645596","84645882","chr5","41128447","41128740","41","43517149"
"chr7","85552952","85553229","chr5","134611842","134612119","34","49058890"
"chr7","85976855","85977076","chr5","159636659","159636882","37","73659804"
"chr7","86198810","86199127","chr9","137818037","137818334","44","51619227"
"chr7","86207456","86207743","chr12","70857006","70857293","31","15350450"
"chr7","86307861","86308120","chr2A","20475700","20475956","34","65832161"
"chr7","86458032","86458241","chr14","102536265","102536469","40","16078233"
"chr7","86820585","86820894","chrX","12638543","12638851","30","74182042"
"chr7","86950594","86950884","chr1","183504865","183505155","28","96554271"
"chr7","87185986","87186310","chr4","177476561","177476881","47","90290575"
"chr7","88517350","88517650","chr8","28780985","28781285","42","59736365"
"chr7","88982673","88982992","chr2B","245525116","245525437","47","156542443"
"chr7","89489445","89489735","chr16","7720580","7720878","62","81768865"
"chr7","89901371","89901656","chr4","89813448","89813732","43","87923"
"chr7","90285841","90286134","chr4","147085034","147085327","28","56799193"
"chr7","90856020","90856122","chr6","74348577","74348674","21","16507443"
"chr7","91012448","91012756","chr1","68288646","68288952","43","22723802"
"chr7","91508618","91508929","chr4","22017222","22017526","35","69491396"
"chr7","91727927","91728220","chrX","85204424","85204712","35","6523503"
"chr7","92409088","92409141","chr6","137354866","137354928","24","44945778"
"chr7","94253553","94253865","chr6","28770341","28770652","48","65483212"
"chr7","94531216","94531498","chr1","178612656","178612947","40","84081440"
"chr7","94984414","94984722","chr17","13723870","13724174","28","81260544"
"chr7","96498568","96498879","chr4","154027941","154028238","40","57529373"
"chr7","96557328","96557612","chr4","154094528","154094825","42","57537200"
"chr7","96824683","96824981","chr5","35286063","35286357","54","61538620"
"chr7","96901423","96901715","chr4","154435395","154435689","36","57533972"
"chr7","97348182","97348473","chr4","154731509","154731805","31","57383327"
"chr7","97663330","97663599","chr3","52030350","52030622","45","45632980"
"chr7","97665935","97666234","chr19","2752951","2753241","46","94912984"
"chr7","99493123","99493290","chr4","156928397","156928570","26","57435274"
"chr7","99493336","99493455","chr4","156928650","156928771","14","57435314"
"chr7","99727578","99727798","chr1","66138070","66138299","53","33589508"
"chr7","101205973","101206268","chr4","158838118","158838419","23","57632145"
"chr7","101639630","101639937","chr8","45317030","45317330","43","56322600"
"chr7","101649071","101649369","chr3","33702315","33702614","41","67946756"
"chr7","102221769","102222065","chr4","182153903","182154193","39","79932134"
"chr7","103422898","103423041","chr4","160997445","160997590","18","57574547"
"chr7","103904262","103904525","chr1","21704490","21704748","38","82199772"
"chr7","104079863","104080167","chr4","161643841","161644148","46","57563978"
"chr7","104570526","104570686","chr10","136033","136194","24","104434493"
"chr7","104920595","104920880","chr3","121463422","121463712","38","16542827"
"chr7","104936546","104936853","chr12","1151923","1152229","37","103784623"
"chr7","105545265","105545556","chr4","163148391","163148687","33","57603126"
"chr7","105573622","105573916","chr5","54230890","54231182","36","51342732"
"chr7","108084131","108084417","chr5","54230890","54231182","53","53853241"
"chr7","108165623","108165901","chr13","62490986","62491262","32","45674637"
"chr7","108341269","108341561","chr8","61918149","61918444","42","46423120"
"chr7","108934719","108934995","chr12","114042218","114042491","41","5107499"
"chr7","109100662","109100839","chr7","19113077","19113251","24","89987585"
"chr7","109100871","109100991","chr2A","36285122","36285243","16","72815749"
"chr7","110188899","110189208","chr6","4014288","4014593","38","106174611"
"chr7","110495080","110495293","chr4","168122165","168122391","35","57627085"
"chr7","111237697","111238004","chrX","12638543","12638851","36","98599154"
"chr7","111253725","111253999","chr4","169160237","169160517","29","57906512"
"chr7","111458309","111458604","chr4","169342583","169342876","26","57884274"
"chr7","111835021","111835272","chr16","24344624","24344896","48","87490397"
"chr7","111902345","111902645","chr4","169817779","169818071","36","57915434"
"chr7","113071603","113071901","chr21","37784588","37784886","29","75287015"
"chr7","113384117","113384390","chr13","62490986","62491262","34","50893131"
"chr7","113521622","113521946","chr6","165862849","165863168","55","52341227"
"chr7","113629635","113629946","chr5","147639496","147639800","38","34009861"
"chr7","114088283","114088551","chr5","48373472","48373741","29","65714811"
"chr7","114224582","114224890","chrUn_NW_014017165v1","966983","967289","38","113257599"
"chr7","114503306","114503435","chr20","49306880","49307010","13","65196426"
"chr7","116106388","116106685","chr4","41241129","41241423","37","74865259"
"chr7","116362370","116362614","chr1","24084539","24084781","32","92277831"
"chr7","116741577","116741872","chr10","38549259","38549561","51","78192318"
"chr7","117122378","117122503","chr8","85879104","85879233","11","31243274"
"chr7","117310474","117310757","chr4","175484134","175484414","29","58173660"
"chr7","117512360","117512649","chr5","143509320","143509612","45","25996960"
"chr7","117605781","117606062","chr4","175771349","175771630","24","58165568"
"chr7","118732784","118733075","chr12","31805222","31805513","41","86927562"
"chr7","119126497","119126813","chr4","177476561","177476881","39","58350064"
"chr7","119297324","119297619","chr6","5003677","5003970","32","114293647"
"chr7","119728491","119728787","chr11","45241941","45242239","47","74486550"
"chr7","120435512","120435828","chr4","183122576","183122891","45","62687064"
"chr7","120642733","120643004","chr6","39063012","39063293","42","81579721"
"chr7","120809940","120810204","chr2A","15349093","15349357","33","105460847"
"chr7","121028886","121028924","chr1","31474562","31474593","21","89554324"
"chr7","121826213","121826548","chr3","103628900","103629226","50","18197313"
"chr7","122226199","122226496","chr7","126105184","126105492","56","3878985"
"chr7","122335414","122335721","chr17","13723870","13724174","40","108611544"
"chr7","122371569","122371835","chr6","93466601","93466876","52","28904968"
"chr7","122961129","122961438","chr1","188640279","188640585","39","65679150"
"chr7","123184016","123184312","chr1","70199798","70200098","37","52984218"
"chr7","123502847","123503146","chr10","67104352","67104658","50","56398495"
"chr7","123627446","123627709","chr2A","15349093","15349357","41","108278353"
"chr7","123646717","123647023","chrUn_NW_014017165v1","966983","967289","34","122679734"
"chr7","123772044","123772337","chr5","35286063","35286357","30","88485981"
"chr7","123795911","123796217","chr6","38919801","38920109","36","84876110"
"chr7","123829759","123830054","chr4","182153903","182154193","35","58324144"
"chr7","124168257","124168565","chr2A","70725628","70725935","45","53442629"
"chr7","124522842","124523143","chr5","166605772","166606072","42","42082930"
"chr7","124725011","124725317","chr4","183101935","183102239","43","58376924"
"chr7","125131540","125131695","chr19","2587058","2587225","38","122544482"
"chr7","125515871","125516183","chr4","14476522","14476830","39","111039349"
"chr7","127070718","127071018","chr9","97258024","97258323","35","29812694"
"chr7","127929020","127929311","chrX","13687753","13688045","40","114241267"
"chr7","128236628","128236888","chr1","134957856","134958144","54","6721228"
"chr7","128693673","128693968","chr22","32849584","32849879","31","95844089"
"chr7","129079060","129079308","chr8","98443956","98444195","39","30635104"
"chr7","129542149","129542448","chr9","70186079","70186380","37","59356070"
"chr7","129769881","129770183","chr4","188210018","188210322","33","58440137"
"chr7","130007648","130007953","chr1","207829370","207829668","38","77821722"
"chr7","130686773","130687046","chr12","114042218","114042491","40","16644555"
"chr7","131115638","131115931","chr6","153683020","153683310","36","22567382"
"chr7","131159333","131159630","chr4","189583625","189583913","43","58424292"
"chr7","131511087","131511378","chr19","5778433","5778728","36","125732654"
"chr7","132372559","132372702","chr22","20505989","20506140","22","111866570"
"chr7","132896720","132896837","chr11","3086934","3087051","15","129809786"
"chr7","132897197","132897362","chr9","84575980","84576150","34","48321217"
"chr7","133002287","133002600","chr20","47014945","47015246","63","85987342"
"chr7","133076040","133076115","chr11","18071282","18071348","34","115004758"
"chr7","133152457","133152754","chr3","9143569","9143872","39","124008888"
"chr7","133468504","133468808","chrX","127740682","127740988","46","5727822"
"chr7","133642464","133642761","chr1","178612656","178612947","46","44970192"
"chr7","133932143","133932438","chr4","192400385","192400679","26","58468242"
"chr7","133970785","133971091","chr11","65684249","65684557","33","68286536"
"chr7","134021300","134021601","chr5","350675","350976","37","133670625"
"chr7","134026467","134026721","chr11","47587293","47587550","29","86439174"
"chr7","134073286","134073583","chr12","80022143","80022438","34","54051143"
"chr7","134083521","134083818","chr5","79226160","79226455","30","54857361"
"chr7","134214052","134214180","chr13","114354248","114354375","13","19859804"
"chr7","134246051","134246332","chrUn_NW_014018245v1","852","1129","32","134245199"
"chr7","134343546","134343738","chr3","133067438","133067635","23","1276108"
"chr7","134401659","134401931","chr6","39063012","39063293","36","95338647"
"chr7","134409958","134410253","chr4","192893258","192893544","47","58483300"
"chr7","134863562","134863644","chr3","141294808","141294890","20","6431246"
"chr7","134864025","134864076","chr10","31415333","31415379","11","103448692"
"chr7","134864080","134864228","chr9","20284789","20284936","24","114579291"
"chr7","135355426","135355734","chr7","40994538","40994847","39","94360888"
"chr8","508140","508439","chrX","43650249","43650556","48","43142109"
"chr8","1459666","1459976","chr8","1695030","1695342","28","235364"
"chr8","1484148","1484352","chr8","1720266","1720472","20","236118"
"chr8","1737067","1737365","chr20","53777293","53777592","37","52040226"
"chr8","2067306","2067607","chrX","114691755","114692055","39","112624449"
"chr8","2217574","2217862","chr5","54230890","54231182","40","52013316"
"chr8","2993327","2993652","chr3","103628900","103629226","52","100635573"
"chr8","3047380","3047694","chr7","107405279","107405587","37","104357899"
"chr8","3385589","3385853","chr8","3474882","3475154","38","89293"
"chr8","4977959","4978247","chr12","32699485","32699781","51","27721526"
"chr8","6045397","6045710","chr8","6256180","6256484","35","210783"
"chr8","6063839","6064114","chr1","194691043","194691314","30","188627204"
"chr8","6133869","6134146","chr22","39920256","39920532","36","33786387"
"chr8","6202326","6202633","chr8","6420989","6421291","30","218663"
"chr8","7243759","7244051","chr2A","102530949","102531242","47","95287190"
"chr8","7858587","7858881","chr12","80022143","80022438","33","72163556"
"chr8","9456773","9457064","chr1","134957856","134958144","39","125501083"
"chr8","9695577","9695850","chr2B","206496178","206496447","50","196800601"
"chr8","10327128","10327248","chr6","112832003","112832109","27","102504875"
"chr8","10936242","10936550","chr12","72200141","72200445","40","61263899"
"chr8","11293186","11293452","chr14","57237877","57238138","48","45944691"
"chr8","11516751","11517048","chr19","11768702","11769000","38","251951"
"chr8","12078156","12078284","chr8","9916983","9917103","22","2161173"
"chr8","12890666","12890773","chr5","6715477","6715589","22","6175189"
"chr8","13061302","13061611","chr2B","171336551","171336858","48","158275249"
"chr8","13246145","13246442","chr5","54230890","54231182","37","40984745"
"chr8","13275830","13276122","chr5","54230890","54231182","38","40955060"
"chr8","13478766","13479060","chr1","135781095","135781383","43","122302329"
"chr8","15176880","15177171","chr1","134957856","134958144","33","119780976"
"chr8","15721286","15721519","chr5","8793235","8793461","34","6928051"
"chr8","15968902","15969143","chr8","62292080","62292329","36","46323178"
"chr8","17224641","17224942","chr8","15312250","15312545","34","1912391"
"chr8","17244801","17245089","chr19","5778433","5778728","37","11466368"
"chr8","17599665","17599995","chr3","103628900","103629226","59","86029235"
"chr8","17666828","17667110","chr6","153683020","153683310","43","136016192"
"chr8","17673214","17673336","chr8","9916983","9917103","14","7756231"
"chr8","19474254","19474566","chr4","14476522","14476830","41","4997732"
"chr8","19484955","19485021","chrUn_NW_014014512v1","4","79","23","19484951"
"chr8","19517787","19518092","chr14","100516587","100516891","33","80998800"
"chr8","19910467","19910788","chr19","9381109","9381432","41","10529358"
"chr8","19916431","19916720","chr9","107188272","107188556","37","87271841"
"chr8","20363098","20363393","chr8","18472602","18472912","43","1890496"
"chr8","20416668","20416962","chr5","93889191","93889489","36","73472523"
"chr8","20485168","20485307","chr10","21806417","21806545","50","1321249"
"chr8","20624684","20624971","chr8","18733251","18733541","29","1891433"
"chr8","20948316","20948625","chr8","19060937","19061235","36","1887379"
"chr8","21132816","21133108","chr20","28258628","28258920","29","7125812"
"chr8","21210699","21211003","chr9","89273537","89273843","34","68062838"
"chr8","21231402","21231693","chr2A","27348669","27348962","31","6117267"
"chr8","21314269","21314570","chr7","48182271","48182573","30","26868002"
"chr8","21344313","21344621","chr1","102302386","102302692","35","80958073"
"chr8","21719106","21719380","chr2B","172989118","172989397","34","151270012"
"chr8","22591908","22592214","chr6","152163250","152163554","42","129571342"
"chr8","23029212","23029529","chr3","22007151","22007466","53","1022061"
"chr8","23302756","23303062","chrX","12638543","12638851","37","10664213"
"chr8","23440596","23440875","chr1","134101825","134102109","42","110661229"
"chr8","23498356","23498675","chr16","73027780","73028088","48","49529424"
"chr8","24774378","24774682","chr1","165956274","165956580","36","141181896"
"chr8","26143242","26143550","chr8","63104122","63104425","34","36960880"
"chr8","26527377","26527675","chr4","154027941","154028238","38","127500564"
"chr8","27226398","27226698","chr20","53777293","53777592","29","26550895"
"chr8","27825154","27825449","chr8","26202926","26203223","31","1622228"
"chr8","28521292","28521599","chr8","26900533","26900840","23","1620759"
"chr8","28748184","28748425","chr8","27129565","27129818","34","1618619"
"chr8","28888796","28889066","chr8","78884750","78885024","44","49995954"
"chr8","29035035","29035328","chr19","5778433","5778728","34","23256602"
"chr8","29055997","29056292","chr19","12544604","12544896","26","16511393"
"chr8","29968401","29968672","chr6","93466601","93466876","49","63498200"
"chr8","30185090","30185389","chr8","28596742","28597033","30","1588348"
"chr8","30366891","30367184","chr8","28780985","28781285","33","1585906"
"chr8","30386371","30386656","chr19","9716915","9717202","41","20669456"
"chr8","30521224","30521508","chr5","113994619","113994896","28","83473395"
"chr8","32365322","32365550","chr4","125853023","125853253","36","93487701"
"chr8","32546437","32546540","chr17","65192452","65192554","14","32646015"
"chr8","32655436","32655706","chr1","146779193","146779461","58","114123757"
"chr8","33295363","33295664","chr1","216127275","216127575","39","182831912"
"chr8","33475551","33475748","chr19","24019604","24019785","54","9455947"
"chr8","34403998","34404312","chr8","63104122","63104425","50","28700124"
"chr8","34758749","34759075","chr17","47591772","47592092","63","12833023"
"chr8","34936862","34937148","chr19","45478677","45478960","45","10541815"
"chr8","34989449","34989743","chr6","16818917","16819210","38","18170532"
"chr8","35794472","35794776","chrX","15819246","15819549","25","19975226"
"chr8","35829522","35829757","chr15","78330147","78330388","31","42500625"
"chr8","36024449","36024756","chr4","152485644","152485949","42","116461195"
"chr8","36069658","36069962","chr10","69396106","69396414","43","33326448"
"chr8","36129581","36129864","chr7","138070851","138071143","42","101941270"
"chr8","36226578","36226869","chr3","15219656","15219944","31","21006922"
"chr8","36495092","36495381","chr8","34959294","34959581","28","1535798"
"chr8","39146592","39146881","chr10","27263469","27263764","36","11883123"
"chr8","39455690","39455799","chr5","83340805","83340900","50","43885115"
"chr8","40438974","40439266","chr19","5778433","5778728","31","34660541"
"chr8","40539923","40540219","chr8","39234803","39235098","24","1305120"
"chr8","40564207","40564462","chr16","24344624","24344896","52","16219583"
"chr8","40603882","40604006","chr12","126596170","126596288","18","85992288"
"chr8","40683046","40683083","chr15","83726252","83726303","17","43043206"
"chr8","40698965","40699217","chr7","33926261","33926520","30","6772704"
"chr8","40701873","40702161","chr3","61825885","61826173","36","21124012"
"chr8","40813681","40813989","chr3","63025353","63025649","54","22211672"
"chr8","41101694","41101977","chr3","192148020","192148316","49","151046326"
"chr8","41121960","41122266","chrX","15819246","15819549","31","25302714"
"chr8","41162104","41162400","chr17","82971930","82972224","35","41809826"
"chr8","42909345","42909493","chr12","122703610","122703750","25","79794265"
"chr8","43162912","43163211","chrX","15819246","15819549","36","27343666"
"chr8","43358521","43358832","chrUn_NW_014017165v1","966983","967289","34","42391538"
"chr8","43654426","43654717","chr12","31805222","31805513","36","11849204"
"chr8","43842661","43842968","chr2A","105966702","105967010","43","62124041"
"chr8","43863954","43864186","chr2A","37730788","37731028","52","6133166"
"chr8","46587944","46588224","chr6","12718765","12719056","50","33869179"
"chr8","47605244","47605543","chr8","45317030","45317330","27","2288214"
"chr8","47727986","47728292","chr20","53777293","53777592","38","6049307"
"chr8","47858185","47858456","chr17","68889461","68889733","42","21031276"
"chr8","47983481","47983753","chr7","3204493","3204772","42","44778988"
"chr8","48628023","48628318","chr3","192148020","192148316","39","143519997"
"chr8","48828917","48829223","chrX","15819246","15819549","36","33009671"
"chr8","48899404","48899695","chr10","27068164","27068457","35","21831240"
"chr8","49449085","49449363","chr10","23495805","23496084","37","25953280"
"chr8","49872302","49872612","chr7","40994538","40994847","35","8877764"
"chr8","50486728","50487001","chr7","30805604","30805851","111","19681124"
"chr8","51104437","51104766","chr3","103628900","103629226","47","52524463"
"chr8","51159215","51159505","chr20","28258628","28258920","40","22900587"
"chr8","51201678","51201977","chr8","45317030","45317330","29","5884648"
"chr8","52503445","52503741","chr8","50284456","50284737","36","2218989"
"chr8","53148431","53148675","chr4","59942061","59942299","42","6793630"
"chr8","54131617","54131915","chr3","9143569","9143872","44","44988048"
"chr8","54396855","54397146","chr3","63025353","63025649","48","8628498"
"chr8","54581460","54581770","chr1","204259241","204259546","39","149677781"
"chr8","54868508","54868806","chr8","45317030","45317330","37","9551478"
"chr8","56382513","56382791","chr6","153683020","153683310","37","97300507"
"chr8","57611697","57611995","chr3","47982635","47982933","32","9629062"
"chr8","59589005","59589292","chr5","54230890","54231182","35","5358115"
"chr8","59603993","59604306","chr5","125726220","125726527","46","66122227"
"chr8","59980034","59980290","chr8","100203272","100203530","39","40223238"
"chr8","60781773","60782072","chrX","114691755","114692055","28","53909982"
"chr8","60795147","60795454","chr7","107405279","107405587","24","46610132"
"chr8","61069356","61069631","chr2A","100023557","100023834","41","38954201"
"chr8","62464851","62465116","chr7","91506696","91506956","46","29041845"
"chr8","62539789","62540074","chr16","26102617","26102902","35","36437172"
"chr8","62541691","62541850","chr22","20505989","20506140","27","42035702"
"chr8","62632817","62633085","chr3","100247587","100247856","49","37614770"
"chr8","62633122","62633360","chr8","64969283","64969519","25","2336161"
"chr8","62709155","62709456","chr8","63104122","63104425","37","394967"
"chr8","63014249","63014547","chr6","118423541","118423833","37","55409292"
"chr8","63437641","63437946","chr1","212953832","212954134","36","149516191"
"chr8","63562558","63562848","chr7","155826111","155826401","33","92263553"
"chr8","64045747","64045924","chr10","136033","136194","28","63909714"
"chr8","65199419","65199735","chr8","67603256","67603549","43","2403837"
"chr8","65659992","65660298","chr1","102302386","102302692","35","36642394"
"chr8","65875417","65875720","chr6","152163250","152163554","36","86287833"
"chr8","66155561","66155803","chr12","75946712","75946943","61","9791151"
"chr8","68857739","68858049","chr17","41627992","41628290","50","27229747"
"chr8","69220577","69220884","chr12","125591231","125591533","50","56370654"
"chr8","69253234","69253532","chr8","63104122","63104425","32","6149112"
"chr8","69504856","69504891","chr1","31474562","31474593","19","38030294"
"chr8","69505390","69505409","chrX","29724690","29724707","14","39780700"
"chr8","69719350","69719651","chr4","47490411","47490709","36","22228939"
"chr8","70669613","70669657","chr9","131115865","131115900","25","60446252"
"chr8","71004182","71004458","chr5","134611842","134612119","41","63607660"
"chr8","71125673","71125970","chr8","73735886","73736177","39","2610213"
"chr8","71346092","71346389","chr3","190978307","190978607","43","119632215"
"chr8","71361802","71362022","chr2A","33799326","33799544","35","37562476"
"chr8","73144932","73145224","chr17","75183731","75184026","37","2038799"
"chr8","73231127","73231405","chr12","70857006","70857293","40","2374121"
"chr8","75530994","75531287","chr12","30297041","30297335","34","45233953"
"chr8","75763972","75764274","chr10","33278213","33278509","33","42485759"
"chr8","75891435","75891473","chr1","31474562","31474593","17","44416873"
"chr8","76165107","76165382","chr8","78884750","78885024","17","2719643"
"chr8","76945309","76945619","chr8","79673544","79673847","30","2728235"
"chr8","77159021","77159313","chr8","79896006","79896298","29","2736985"
"chr8","77198753","77198967","chr8","1720266","1720472","32","75478487"
"chr8","77457811","77458113","chr9","112044795","112045089","37","34586984"
"chr8","77764888","77765192","chr8","80497995","80498296","42","2733107"
"chr8","78324854","78325194","chr3","24900015","24900352","55","53424839"
"chr8","78465211","78465476","chr22","37659453","37659723","47","40805758"
"chr8","78570698","78571008","chr8","81297070","81297370","40","2726372"
"chr8","79502510","79502658","chr10","103268874","103269021","24","23766364"
"chr8","79623630","79623923","chr8","82382573","82382860","44","2758943"
"chr8","79761216","79761484","chr8","82513000","82513286","42","2751784"
"chr8","80192705","80193001","chr19","41729438","41729734","34","38463267"
"chr8","80351008","80351303","chr4","41241129","41241423","34","39109879"
"chr8","80788594","80788897","chr8","63104122","63104425","34","17684472"
"chr8","81693623","81693753","chr12","111553130","111553259","12","29859507"
"chr8","82262430","82262726","chr8","39234803","39235098","37","43027627"
"chr8","82362335","82362464","chr6","151989788","151989918","11","69627453"
"chr8","82582911","82583102","chr5","48753909","48754099","41","33829002"
"chr8","82677823","82678121","chr5","181092486","181092782","42","98414663"
"chr8","83526027","83526251","chr4","168122165","168122391","39","84596138"
"chr8","84736157","84736457","chr1","129528337","129528634","31","44792180"
"chr8","85101529","85101822","chr1","207829370","207829668","36","122727841"
"chr8","85162015","85162318","chrX","15819246","15819549","30","69342769"
"chr8","85589183","85589490","chr21","38190683","38190991","42","47398500"
"chr8","85939925","85940034","chr8","9916983","9917103","27","76022942"
"chr8","86532598","86532911","chr7","126105184","126105492","39","39572586"
"chr8","87713229","87713532","chr3","190978307","190978607","41","103265078"
"chr8","87851273","87851567","chr19","5778433","5778728","35","82072840"
"chr8","88205310","88205600","chr1","62054931","62055218","44","26150379"
"chr8","89319173","89319485","chr8","92907880","92908182","36","3588707"
"chr8","89942425","89942628","chr2B","194630686","194630888","27","104688261"
"chr8","90535801","90536091","chr8","94373635","94373912","38","3837834"
"chr8","90930569","90930869","chr3","190978307","190978607","34","100047738"
"chr8","92430107","92430409","chr8","65919478","65919780","38","26510629"
"chr8","94483448","94483687","chr8","98443956","98444195","26","3960508"
"chr8","94787161","94787484","chr8","98758629","98758954","29","3971468"
"chr8","94799930","94800225","chr3","105389046","105389340","33","10589116"
"chr8","95024079","95024184","chr8","132369148","132369278","43","37345069"
"chr8","95339833","95340117","chr8","99302444","99302735","35","3962611"
"chr8","95452177","95452456","chr13","62490986","62491262","38","32961191"
"chr8","95607949","95608234","chr3","165075764","165076053","41","69467815"
"chr8","95729662","95729964","chr10","10801139","10801440","40","84928523"
"chr8","95887026","95887084","chr11","18071282","18071348","19","77815744"
"chr8","96257447","96257694","chr4","119530599","119530845","35","23273152"
"chr8","96397510","96397810","chr2B","241444232","241444533","32","145046722"
"chr8","97101059","97101341","chr15","25257479","25257757","43","71843580"
"chr8","97112121","97112417","chr21","37784588","37784886","33","59327533"
"chr8","97240808","97241073","chr2A","15349093","15349357","40","81891715"
"chr8","97274911","97275203","chr3","18790027","18790320","27","78484884"
"chr8","97453217","97453520","chr8","101421423","101421722","28","3968206"
"chr8","98118412","98118706","chr5","72138163","72138458","29","25980249"
"chr8","98253225","98253514","chr3","128861701","128861995","30","30608476"
"chr8","98343132","98343414","chr17","66057754","66058033","35","32285378"
"chr8","99376107","99376406","chr8","103321813","103322107","28","3945706"
"chr8","99584917","99585209","chrX","117531967","117532269","36","17947050"
"chr8","102300107","102300406","chr1","129528337","129528634","34","27228230"
"chr8","102805673","102805963","chr8","106873439","106873721","35","4067766"
"chr8","103806230","103806540","chr7","40994538","40994847","35","62811692"
"chr8","104035086","104035393","chr1","35751974","35752275","49","68283112"
"chr8","104716558","104716845","chr3","61825885","61826173","33","42890673"
"chr8","105316530","105316831","chr8","45317030","45317330","30","59999500"
"chr8","106812071","106812366","chr6","76870777","76871073","35","29941294"
"chr8","107955412","107955708","chr9","112044795","112045089","34","4089383"
"chr8","108639603","108639896","chr5","143509320","143509612","37","34869717"
"chr8","110828282","110828513","chr3","2987195","2987435","49","107841087"
"chr8","110833865","110834194","chrX","76724331","76724666","50","34109534"
"chr8","112735979","112736277","chr3","162382581","162382880","38","49646602"
"chr8","113262880","113263183","chr2A","70725628","70725935","46","42537252"
"chr8","113858741","113859025","chr8","118482696","118482973","34","4623955"
"chr8","114240482","114240778","chr2A","43683184","43683479","36","70557298"
"chr8","116061134","116061431","chr4","169342583","169342876","35","53281449"
"chr8","116356514","116356825","chr14","60259831","60260143","38","56096683"
"chr8","116361640","116361946","chr12","60738586","60738890","38","55623054"
"chr8","116477510","116477808","chr8","121355525","121355821","22","4878015"
"chr8","118068584","118068743","chr10","136033","136194","24","117932551"
"chr8","118286017","118286327","chrX","6359328","6359636","35","111926689"
"chr8","118989989","118990284","chr3","47982635","47982933","44","71007354"
"chr8","119045148","119045279","chr8","123915506","123915639","13","4870358"
"chr8","119390793","119391089","chr9","100788706","100789004","34","18602087"
"chr8","119411893","119412193","chrX","12638543","12638851","38","106773350"
"chr8","119983484","119983626","chrX","1916259","1916392","26","118067225"
"chr8","120554776","120555059","chr8","101074582","101074861","38","19480194"
"chr8","121234779","121235075","chr2A","33718840","33719135","32","87515939"
"chr8","121725783","121726079","chr6","118423541","118423833","31","3302242"
"chr8","121826077","121826367","chr8","126670182","126670473","29","4844105"
"chr8","121994084","121994384","chr8","126848238","126848518","42","4854154"
"chr8","122286942","122287207","chr13","62490986","62491262","41","59795956"
"chr8","122778900","122779193","chr10","117422561","117422848","49","5356339"
"chr8","123940360","123940660","chr11","95684430","95684731","41","28255930"
"chr8","124399962","124400220","chr8","129304354","129304598","31","4904392"
"chr8","124847399","124847702","chr8","129995786","129996093","37","5148387"
"chr8","124965778","124966077","chr8","45317030","45317330","35","79648748"
"chr8","125579894","125580192","chr8","45317030","45317330","30","80262864"
"chr8","125823537","125823841","chr8","130966838","130967142","30","5143301"
"chr8","126472986","126473290","chr17","13723870","13724174","39","112749116"
"chr8","126571000","126571304","chrX","12638543","12638851","32","113932457"
"chr8","126663745","126664046","chr4","169342583","169342876","40","42678838"
"chr8","126747469","126747704","chr3","2987195","2987435","45","123760274"
"chr8","126841057","126841371","chr7","40994538","40994847","41","85846519"
"chr8","127167449","127167740","chr17","53764873","53765164","34","73402576"
"chr8","127175215","127175523","chr8","132377569","132377877","34","5202354"
"chr8","127983443","127983717","chr13","20173388","20173662","40","107810055"
"chr8","128014541","128014842","chr1","179902973","179903281","41","51888432"
"chr8","128347042","128347333","chr17","68509083","68509379","37","59837959"
"chr8","129373553","129373835","chr3","4958705","4958982","42","124414848"
"chr8","130075811","130076044","chr11","8049263","8049498","43","122026548"
"chr8","130470257","130470537","chr8","135732281","135732572","36","5262024"
"chr8","130522015","130522309","chr19","9381109","9381432","58","121140906"
"chr8","131388136","131388434","chrX","44628923","44629226","37","86759213"
"chr8","131511512","131511798","chr9","107188272","107188556","40","24323240"
"chr8","131551556","131551852","chr1","187364516","187364813","35","55812960"
"chr8","132035474","132035774","chr8","45317030","45317330","34","86718444"
"chr8","132264980","132265278","chr2A","6060442","6060740","43","126204538"
"chr8","132770166","132770461","chr12","95802272","95802570","40","36967894"
"chr8","133131598","133131923","chr1","136045107","136045410","49","2913509"
"chr8","133586905","133587211","chr1","215078248","215078553","36","81491343"
"chr8","133663590","133663895","chr3","9143569","9143872","37","124520021"
"chr8","133745576","133745848","chr22","39920256","39920532","37","93825320"
"chr8","134492919","134493222","chr3","190978307","190978607","35","56485388"
"chr8","134745082","134745381","chr8","140265511","140265800","34","5520429"
"chr8","135051194","135051507","chr6","2614153","2614464","47","132437041"
"chr8","135498277","135498515","chr4","40252072","40252288","47","95246205"
"chr8","137469028","137469333","chr8","28596742","28597033","46","108872286"
"chr8","137766573","137766730","chr8","646547","646701","26","137120026"
"chr8","137815494","137815654","chr22","44356732","44356892","17","93458762"
"chr8","137815949","137816082","chr1","11883701","11883833","15","125932248"
"chr8","137857038","137857336","chr8","143403810","143404123","34","5546772"
"chr8","138699101","138699403","chrX","15819246","15819549","32","122879855"
"chr8","138961209","138961499","chr1","14048400","14048692","33","124912809"
"chr9","702001","702289","chr1","27151921","27152213","35","26449920"
"chr9","805789","806080","chr1","27151921","27152213","52","26346132"
"chr9","1031812","1031953","chrX","1916259","1916392","20","884447"
"chr9","2751861","2752137","chr6","147286966","147287244","35","144535105"
"chr9","2755306","2755506","chr5","96772250","96772446","37","94016944"
"chr9","3036933","3037214","chr10","3011115","3011395","31","25818"
"chr9","3076783","3077081","chr17","13723870","13724174","38","10647087"
"chr9","3378634","3378937","chr19","40164309","40164610","42","36785675"
"chr9","3689704","3690002","chr19","51156345","51156652","43","47466641"
"chr9","4088882","4089188","chr10","3983974","3984281","32","104908"
"chr9","4293500","4293796","chr10","4176112","4176418","35","117388"
"chr9","4323002","4323104","chr10","4205756","4205855","12","117246"
"chr9","4869200","4869493","chr4","169342583","169342876","30","164473383"
"chr9","5064177","5064422","chr7","33926261","33926520","48","28862084"
"chr9","5533368","5533514","chr10","28614456","28614607","21","23081088"
"chr9","5541248","5541542","chr13","99346383","99346681","36","93805135"
"chr9","5768228","5768479","chr3","190797088","190797323","61","185028860"
"chr9","5826673","5826962","chr7","79384569","79384858","29","73557896"
"chr9","5838878","5839166","chr5","94341395","94341684","37","88502517"
"chr9","5911581","5911886","chr1","68288646","68288952","35","62377065"
"chr9","5982276","5982563","chr3","32378170","32378457","31","26395894"
"chr9","6127997","6128171","chr5","168833955","168834116","32","162705958"
"chr9","6396456","6396731","chr22","39920256","39920532","33","33523800"
"chr9","7440923","7441221","chr3","9143569","9143872","33","1702646"
"chr9","7619197","7619492","chr10","7571070","7571369","32","48127"
"chr9","7761186","7761463","chr13","62490986","62491262","36","54729800"
"chr9","8021535","8021821","chr3","61825885","61826173","35","53804350"
"chr9","8231701","8231995","chr6","153683020","153683310","44","145451319"
"chr9","8500418","8500708","chr4","53943611","53943905","32","45443193"
"chr9","8656928","8657205","chr5","5270665","5270921","46","3386263"
"chr9","9183532","9183830","chr4","154027941","154028238","38","144844409"
"chr9","9985631","9985918","chr5","143509320","143509612","42","133523689"
"chr9","10118109","10118388","chr8","78884750","78885024","39","68766641"
"chr9","10407922","10408230","chr1","188640279","188640585","34","178232357"
"chr9","10501813","10502136","chr3","103628900","103629226","44","93127087"
"chr9","10786407","10786422","chr5","43633117","43633128","6","32846710"
"chr9","10867969","10868247","chr8","101244113","101244391","36","90376144"
"chr9","11515219","11515518","chr10","11452095","11452371","36","63124"
"chr9","12167911","12168198","chr9","92264832","92265126","46","80096921"
"chr9","12212236","12212376","chr2A","100694978","100695111","20","88482742"
"chr9","12241543","12241683","chr4","76458542","76458695","52","64216999"
"chr9","12241684","12241872","chr2B","189286822","189287010","34","177045138"
"chr9","12304524","12304812","chr10","12246554","12246842","28","57970"
"chr9","12314764","12315046","chr19","2752951","2753241","34","9561813"
"chr9","12345962","12346250","chr10","12288382","12288672","35","57580"
"chr9","12352222","12352511","chr11","128800963","128801253","37","116448741"
"chr9","12592819","12593123","chr8","45317030","45317330","27","32724211"
"chr9","12918029","12918331","chr8","63104122","63104425","37","50186093"
"chr9","13100498","13100792","chr5","54230890","54231182","33","41130392"
"chr9","13303977","13304271","chr5","79226160","79226455","33","65922183"
"chr9","13313879","13314174","chrX","71687991","71688285","32","58374112"
"chr9","13509315","13509617","chrX","45528909","45529204","38","32019594"
"chr9","13769125","13769408","chr9","123611823","123612100","43","109842698"
"chr9","13911635","13911944","chr16","73027780","73028088","35","59116145"
"chr9","14115407","14115716","chrX","12638543","12638851","37","1476864"
"chr9","14396655","14396925","chr10","14698668","14698933","29","302013"
"chr9","14416961","14417270","chr10","14718497","14718798","42","301536"
"chr9","14473669","14473970","chr12","1837811","1838112","48","12635858"
"chr9","14693035","14693361","chr10","14998178","14998492","53","305143"
"chr9","14838818","14839122","chr3","201400250","201400558","37","186561432"
"chr9","14909947","14910255","chr1","203226770","203227078","34","188316823"
"chr9","15042523","15042803","chr2A","47118351","47118645","41","32075828"
"chr9","15177221","15177514","chr5","54230890","54231182","23","39053669"
"chr9","15214012","15214298","chr5","168877801","168878082","31","153663789"
"chr9","15925668","15925955","chr10","16563285","16563576","31","637617"
"chr9","16356236","16356542","chr18","47734150","47734450","39","31377914"
"chr9","16924559","16924843","chr15","81460455","81460743","33","64535896"
"chr9","17410960","17411260","chr19","40164309","40164610","29","22753349"
"chr9","17513705","17513958","chr11","8049263","8049498","52","9464442"
"chr9","17574379","17574685","chrX","15819246","15819549","38","1755133"
"chr9","17778368","17778637","chr17","68889461","68889733","58","51111093"
"chr9","18373358","18373644","chr10","19095221","19095511","35","721863"
"chr9","18374858","18375153","chrX","71687991","71688285","38","53313133"
"chr9","18425502","18425800","chr10","19153726","19154022","30","728224"
"chr9","18952054","18952342","chrX","15819246","15819549","50","3132808"
"chr9","19375812","19376105","chr1","27151921","27152213","40","7776109"
"chr9","19457152","19457457","chr10","19983441","19983749","29","526289"
"chr9","19855958","19856021","chr11","18071282","18071348","26","1784676"
"chr9","20002930","20003232","chr7","126105184","126105492","41","106102254"
"chr9","20872040","20872341","chr5","35286063","35286357","46","14414023"
"chr9","21174328","21174637","chr1","132632676","132632976","37","111458348"
"chr9","21213665","21213953","chr19","12544604","12544896","35","8669061"
"chr9","21274582","21274894","chr10","21920533","21920831","35","645951"
"chr9","22024824","22025132","chr4","187109232","187109529","38","165084408"
"chr9","22049298","22049588","chr9","112044795","112045089","37","89995497"
"chr9","22725665","22725968","chr8","63104122","63104425","31","40378457"
"chr9","23494065","23494219","chr10","24288081","24288235","6","794016"
"chr9","23662223","23662523","chr4","53585953","53586253","40","29923730"
"chr9","24163935","24164241","chr3","202786201","202786506","37","178622266"
"chr9","24565312","24565607","chr2A","43683184","43683479","39","19117872"
"chr9","24614453","24614746","chr5","79226160","79226455","34","54611707"
"chr9","24626126","24626417","chr3","121463422","121463712","34","96837296"
"chr9","24885094","24885371","chr10","25702954","25703236","36","817860"
"chr9","24932117","24932284","chr4","52232148","52232313","20","27300031"
"chr9","26213786","26214083","chr10","27068164","27068457","28","854378"
"chr9","26413661","26413954","chr10","27263469","27263764","28","849808"
"chr9","26591912","26592198","chr10","27469173","27469459","29","877261"
"chr9","26651996","26652284","chr3","185314437","185314731","41","158662441"
"chr9","26697363","26697657","chr21","37784588","37784886","30","11087225"
"chr9","27411574","27411894","chr13","58058348","58058663","47","30646774"
"chr9","27674345","27674494","chr10","28614456","28614607","16","940111"
"chr9","27834828","27834931","chr10","28771554","28771657","6","936726"
"chr9","28264897","28265192","chr10","29176540","29176835","32","911643"
"chr9","28351680","28351969","chr3","61825885","61826173","36","33474205"
"chr9","28711389","28711688","chr3","47982635","47982933","39","19271246"
"chr9","29140950","29141257","chr3","201400250","201400558","34","172259300"
"chr9","29263350","29263643","chr10","30165161","30165448","33","901811"
"chr9","29268362","29268643","chr13","40460489","40460767","33","11192127"
"chr9","29341371","29341660","chr17","15274064","15274349","42","14067307"
"chr9","30127490","30127804","chr13","49711305","49711611","47","19583815"
"chr9","30524411","30524582","chr19","19677246","19677415","22","10847165"
"chr9","30524624","30524741","chr10","14182690","14182804","15","16341934"
"chr9","31276940","31277036","chrUn_NW_014014512v1","4","79","38","31276936"
"chr9","31496552","31496852","chr5","148892368","148892667","30","117395816"
"chr9","32274353","32274659","chr10","33685571","33685874","29","1411218"
"chr9","33241408","33241683","chr2B","206496178","206496447","45","173254770"
"chr9","34495619","34495928","chr10","35903813","35904104","45","1408194"
"chr9","35452635","35452894","chr10","36868392","36868654","24","1415757"
"chr9","35484238","35484544","chr5","106331020","106331327","43","70846782"
"chr9","35489305","35489611","chr5","106331020","106331327","43","70841715"
"chr9","35754397","35754686","chr10","37391053","37391339","21","1636656"
"chr9","35831465","35831624","chr10","37467683","37467844","19","1636218"
"chr9","35831931","35832026","chr10","37468152","37468246","14","1636221"
"chr9","36889133","36889427","chr3","18790027","18790320","36","18099106"
"chr9","36953713","36954025","chrUn_NW_014017999v1","767","1076","35","36952946"
"chr9","37167476","37167753","chr10","42793784","42794060","37","5626308"
"chr9","37242422","37242718","chr10","42717083","42717389","46","5474661"
"chr9","37849237","37849539","chr14","82441100","82441400","43","44591863"
"chr9","38003273","38003577","chr10","38549259","38549561","23","545986"
"chr9","38286333","38286624","chr8","63104122","63104425","58","24817789"
"chr9","38602770","38603071","chr1","20829654","20829955","41","17773116"
"chr9","38679277","38679583","chr3","201400250","201400558","39","162720973"
"chr9","39112710","39112852","chr17","24567313","24567457","22","14545397"
"chr9","39215891","39216179","chr1","178612656","178612947","38","139396765"
"chr9","39384968","39385267","chr1","129528337","129528634","43","90143369"
"chr9","41001802","41001846","chr15","83726252","83726303","18","42724450"
"chr9","41564657","41564940","chr3","61825885","61826173","40","20261228"
"chr9","41900157","41900457","chr7","111933795","111934096","35","70033638"
"chr9","45042007","45042302","chr3","47982635","47982933","49","2940628"
"chr9","45075232","45075532","chr3","41324175","41324467","39","3751057"
"chr9","46854575","46854887","chr6","38550740","38551044","46","8303835"
"chr9","46947286","46947571","chr12","121338871","121339155","38","74391585"
"chr9","48807237","48807538","chr10","83013994","83014297","32","34206757"
"chr9","48941847","48942114","chr20","35782725","35783003","61","13159122"
"chr9","49080127","49080420","chr5","35286063","35286357","37","13794064"
"chr9","49233031","49233335","chr10","82587009","82587300","39","33353978"
"chr9","50546329","50546624","chr19","5778433","5778728","32","44767896"
"chr9","50861457","50861757","chr10","80982070","80982367","26","30120613"
"chr9","51004953","51005182","chr10","80840052","80840277","25","29835099"
"chr9","51134337","51134626","chr8","18527997","18528287","32","32606340"
"chr9","53290803","53291095","chr1","54821381","54821678","38","1530578"
"chr9","53443248","53443489","chr19","1720794","1721033","30","51722454"
"chr9","53503617","53503887","chr7","17059470","17059738","37","36444147"
"chr9","55357826","55358116","chr18","23119904","23120193","33","32237922"
"chr9","55577794","55578086","chrX","99358492","99358789","25","43780698"
"chr9","56242017","56242303","chr10","74322461","74322754","32","18080444"
"chr9","56526805","56527005","chr5","48753909","48754099","44","7772896"
"chr9","56610403","56610579","chr11","84587362","84587533","27","27976959"
"chr9","57065758","57066043","chr10","73503051","73503339","35","16437293"
"chr9","57132082","57132371","chr5","172813530","172813821","40","115681448"
"chr9","57164788","57164849","chr11","18071282","18071348","26","39093506"
"chr9","57343908","57344053","chr6","162525883","162526054","54","105181975"
"chr9","57539924","57540225","chr10","73027597","73027890","32","15487673"
"chr9","57595686","57595971","chr9","107188272","107188556","37","49592586"
"chr9","57630198","57630486","chr2B","131715007","131715291","32","74084809"
"chr9","57664622","57664917","chr10","72630850","72631144","30","14966228"
"chr9","57705153","57705443","chr10","72589080","72589367","32","14883927"
"chr9","57876953","57877253","chr3","47982635","47982933","34","9894318"
"chr9","57993580","57993878","chr3","41324175","41324467","31","16669405"
"chr9","58229285","58229582","chr1","129528337","129528634","32","71299052"
"chr9","58626619","58626933","chr4","183122576","183122891","37","124495957"
"chr9","58790070","58790368","chr20","47014945","47015246","40","11775125"
"chr9","58870450","58870752","chr8","63104122","63104425","30","4233672"
"chr9","58916035","58916332","chr10","71380055","71380360","33","12464020"
"chr9","59165948","59166008","chr10","12294695","12294775","25","46871253"
"chr9","59628670","59628977","chr10","69396106","69396414","42","9767436"
"chr9","60193364","60193646","chr6","152779990","152780280","38","92586626"
"chr9","60908738","60909025","chr4","137911175","137911462","37","77002437"
"chr9","62188741","62188935","chr2B","189286822","189287010","28","127098081"
"chr9","62531724","62531903","chr6","162525883","162526054","33","99994159"
"chr9","63068587","63068870","chr6","93466601","93466876","39","30398014"
"chr9","63078011","63078312","chr8","63104122","63104425","28","26111"
"chr9","63455172","63455454","chr9","124989046","124989328","30","61533874"
"chr9","64360625","64360909","chr5","168877801","168878082","28","104517176"
"chr9","64395731","64396037","chr1","189523167","189523464","45","125127436"
"chr9","64397649","64397927","chr3","117945065","117945337","42","53547416"
"chr9","64623912","64624240","chr6","165862849","165863168","48","101238937"
"chr9","64628893","64629191","chr10","65534784","65535079","27","905891"
"chr9","65728168","65728456","chr1","29719627","29719916","37","36008541"
"chr9","65910137","65910430","chr1","136955639","136955935","42","71045502"
"chr9","66227087","66227377","chr1","21970740","21971034","47","44256347"
"chr9","67049098","67049398","chrX","15819246","15819549","42","51229852"
"chr9","68077670","68077971","chr11","59952492","59952791","31","8125178"
"chr9","68170757","68171060","chr10","61968105","61968411","30","6202652"
"chr9","68216704","68217015","chr7","40994538","40994847","45","27222166"
"chr9","70495633","70495943","chr2A","70725628","70725935","35","229995"
"chr9","71087296","71087586","chr12","35926846","35927131","51","35160450"
"chr9","71284947","71285225","chr6","135093712","135093989","30","63808765"
"chr9","71304951","71305246","chr10","58722269","58722557","33","12582682"
"chr9","71449931","71450228","chr10","58588985","58589280","31","12860946"
"chr9","71917588","71917884","chr6","31851071","31851367","30","40066517"
"chr9","72279002","72279281","chr17","56386670","56386949","38","15892332"
"chr9","73794444","73794773","chr10","56239949","56240274","25","17554495"
"chr9","75420954","75421161","chr1","113034752","113034953","38","37613798"
"chr9","75440349","75440667","chr10","54659516","54659802","58","20780833"
"chr9","76822591","76822759","chr4","52232148","52232313","40","24590443"
"chr9","78350053","78350336","chr2B","131715007","131715291","35","53364954"
"chr9","78462225","78462526","chr8","131759549","131759848","37","53297324"
"chr9","78813782","78814083","chr4","74057791","74058089","28","4755991"
"chr9","79705288","79705603","chr8","63104122","63104425","58","16601166"
"chr9","79761209","79761495","chr1","159978508","159978791","41","80217299"
"chr9","80397637","80397917","chr6","158256141","158256429","44","77858504"
"chr9","81744069","81744405","chr3","167654667","167655006","48","85910598"
"chr9","82228432","82228588","chr22","20505989","20506140","23","61722443"
"chr9","82228637","82228754","chr10","43002740","43002857","15","39225897"
"chr9","84683858","84684134","chr7","27525332","27525613","31","57158526"
"chr9","84870206","84870485","chr1","62054931","62055218","43","22815275"
"chr9","85476158","85476279","chr10","92456170","92456296","17","6980012"
"chr9","86121792","86122086","chr10","93128073","93128364","26","7006281"
"chr9","87357332","87357635","chr11","48781225","48781526","36","38576107"
"chr9","87590568","87590871","chr14","48313088","48313384","41","39277480"
"chr9","87617325","87617600","chr8","101244113","101244391","37","13626788"
"chr9","87843245","87843407","chr12","126864038","126864194","64","39020793"
"chr9","88752071","88752495","chr3","167654667","167655006","128","78902596"
"chr9","88757417","88757721","chr6","38412888","38413191","36","50344529"
"chr9","88758432","88758739","chr6","38550740","38551044","33","50207692"
"chr9","88874353","88874671","chr10","95824202","95824511","38","6949849"
"chr9","89174624","89174938","chr10","96132357","96132656","37","6957733"
"chr9","89197119","89197421","chr13","48433153","48433446","38","40763966"
"chr9","89727353","89727659","chr7","52391590","52391888","41","37335763"
"chr9","89849456","89849755","chr10","96813022","96813329","38","6963566"
"chr9","89938635","89938932","chr5","165592457","165592754","31","75653822"
"chr9","91919999","91920303","chr10","98871943","98872246","33","6951944"
"chr9","92206794","92207095","chr10","99172504","99172814","32","6965710"
"chr9","92808060","92808351","chr10","99854469","99854762","27","7046409"
"chr9","93150909","93151214","chr9","97258024","97258323","30","4107115"
"chr9","93291965","93292264","chr1","129528337","129528634","28","36236372"
"chr9","93495427","93495623","chr2B","194630686","194630888","33","101135259"
"chr9","94228768","94228928","chr4","94627154","94627284","53","398386"
"chr9","95114774","95115074","chr22","37310009","37310303","44","57804765"
"chr9","95488210","95488529","chr10","102527844","102528151","43","7039634"
"chr9","95772830","95773130","chrUn_NW_014017165v1","966983","967289","41","94805847"
"chr9","96027546","96027676","chr10","103045995","103046125","10","7018449"
"chr9","96061991","96062264","chr22","37659453","37659723","51","58402538"
"chr9","96068611","96068915","chr10","103086215","103086520","31","7017604"
"chr9","96108177","96108471","chr5","41128447","41128740","39","54979730"
"chr9","96638047","96638349","chr4","163148391","163148687","39","66510344"
"chr9","96977940","96978184","chr2B","167718485","167718719","40","70740545"
"chr9","97216172","97216461","chr8","138259734","138260014","47","41043562"
"chr9","97278681","97278963","chr7","142352710","142352990","43","45074029"
"chr9","97674313","97674568","chr10","104679812","104680060","34","7005499"
"chr9","98135432","98135699","chr10","105157228","105157486","50","7021796"
"chr9","99281517","99281824","chr18","15822647","15822952","47","83458870"
"chr9","99649390","99649626","chr6","154666061","154666290","40","55016671"
"chr9","99682670","99682958","chr6","35369030","35369319","35","64313640"
"chr9","99992856","99993138","chr17","46987772","46988059","36","53005084"
"chr9","99999520","99999824","chr10","107039577","107039880","36","7040057"
"chr9","100747055","100747310","chr2A","102264625","102264881","28","1517570"
"chr9","101103113","101103377","chr10","108163839","108164095","31","7060726"
"chr9","101322328","101322632","chr12","122308758","122309058","44","20986430"
"chr9","101572950","101573257","chr10","108653534","108653836","39","7080584"
"chr9","102766898","102766943","chr9","131115865","131115900","27","28348967"
"chr9","102939994","102940200","chr10","110057752","110057959","20","7117758"
"chr9","103009277","103009535","chr14","73229251","73229518","43","29780026"
"chr9","103298891","103299197","chr11","65684249","65684557","37","37614642"
"chr9","103416898","103417206","chr5","83135152","83135458","39","20281746"
"chr9","103846889","103847190","chr3","201400250","201400558","34","97553361"
"chr9","103995333","103995634","chr4","41241129","41241423","46","62754204"
"chr9","105335412","105335705","chr10","112481854","112482147","24","7146442"
"chr9","105950127","105950425","chr10","113095723","113096019","30","7145596"
"chr9","107039653","107039959","chrX","96822397","96822703","39","10217256"
"chr9","108322986","108323268","chr2A","73763398","73763683","44","34559588"
"chr9","108426868","108427172","chr8","39394392","39394691","47","69032476"
"chr9","109020519","109020804","chr1","134101825","134102109","43","25081306"
"chr9","109344628","109344934","chr7","48182271","48182573","45","61162357"
"chr9","109643854","109644155","chr5","168637578","168637880","36","58993724"
"chr9","109657942","109658252","chr2A","70725628","70725935","36","38932314"
"chr9","109755687","109755981","chr5","1328943","1329235","35","108426744"
"chr9","109767248","109767542","chr4","73646981","73647270","35","36120267"
"chr9","110218991","110219275","chr10","117422561","117422848","29","7203570"
"chr9","112295153","112295460","chr10","119498979","119499277","34","7203826"
"chr9","112335124","112335422","chrX","100504824","100505118","37","11830300"
"chr9","112355524","112355813","chr1","134957856","134958144","40","22602332"
"chr9","112856638","112856940","chr1","129528337","129528634","42","16671699"
"chr9","113014380","113014682","chr4","169342583","169342876","36","56328203"
"chr9","113205789","113206089","chr10","120405986","120406287","29","7200197"
"chr9","113309907","113310204","chr10","120515088","120515390","31","7205181"
"chr9","113633313","113633584","chr8","17578078","17578357","51","96055235"
"chr9","113866253","113866546","chr8","101421423","101421722","32","12444830"
"chr9","113953423","113953723","chr10","121184939","121185236","40","7231516"
"chr9","114242542","114242828","chr4","54341913","54342201","36","59900629"
"chr9","114379729","114380029","chr5","5956562","5956864","37","108423167"
"chr9","114585289","114585530","chr4","59942061","59942299","30","54643228"
"chr9","114847898","114848191","chr10","122097408","122097684","39","7249510"
"chr9","115188909","115189220","chr10","122433375","122433679","26","7244466"
"chr9","116777418","116777725","chr10","124946400","124946712","30","8168982"
"chr9","116825638","116825916","chr19","12434015","12434294","35","104391623"
"chr9","117063371","117063666","chr10","125226891","125227187","39","8163520"
"chr9","117487638","117487934","chr10","125670019","125670310","28","8182381"
"chr9","117811043","117811315","chr1","129238717","129238983","33","11427674"
"chr9","117823264","117823560","chr3","47982635","47982933","34","69840629"
"chr9","118676618","118676916","chr10","126881715","126882022","35","8205097"
"chr9","118730862","118731206","chr3","167654667","167655006","50","48923805"
"chr9","118756054","118756357","chr7","40994538","40994847","33","77761516"
"chr9","119164815","119165114","chr3","191717604","191717900","35","72552789"
"chr9","119799164","119799415","chr10","128022523","128022774","22","8223359"
"chr9","120113529","120113819","chr1","12218598","12218890","43","107894931"
"chr9","120535385","120535699","chr3","202786201","202786506","42","82250816"
"chr9","120805433","120805722","chr10","129042364","129042660","33","8236931"
"chr9","121690202","121690507","chr17","68509083","68509379","51","53181119"
"chr9","122655774","122656079","chr4","154731509","154731805","41","32075735"
"chr9","124505017","124505327","chrX","96822397","96822703","44","27682620"
"chrX","19771","19900","chr6","151989788","151989918","10","151970017"
"chrX","48107","48382","chr8","101074582","101074861","45","101026475"
"chrX","182078","182191","chr13","21081647","21081760","10","20899569"
"chrX","391238","391294","chr17","11062823","11062873","28","10671585"
"chrX","401411","401526","chr2A","36285122","36285243","17","35883711"
"chrX","408767","409061","chr19","2752951","2753241","38","2344184"
"chrX","504384","504689","chr1","203226770","203227078","39","202722386"
"chrX","703149","703449","chr3","190978307","190978607","34","190275158"
"chrX","1460859","1461046","chr5","48753909","48754099","27","47293050"
"chrX","1467108","1467295","chr5","48753909","48754099","27","47286801"
"chrX","1761572","1761891","chrX","133850699","133851013","49","132089127"
"chrX","2090996","2091034","chr1","31474562","31474593","21","29383566"
"chrX","3602479","3602773","chrX","5250574","5250883","36","1648095"
"chrX","4816911","4817219","chrX","6359328","6359636","29","1542417"
"chrX","5601631","5601724","chr17","66312234","66312325","45","60710603"
"chrX","6096345","6096644","chrX","7503800","7504099","30","1407455"
"chrX","7223955","7224067","chr13","21081647","21081760","14","13857692"
"chrX","7813481","7813697","chr1","29310901","29311110","30","21497420"
"chrX","8451012","8451294","chr10","126934605","126934892","33","118483593"
"chrX","8958518","8958752","chrX","10383906","10384140","17","1425388"
"chrX","10848563","10848866","chr6","38412888","38413191","37","27564325"
"chrX","11226020","11226304","chr3","61825885","61826173","37","50599865"
"chrX","12281002","12281305","chr1","102302386","102302692","30","90021384"
"chrX","13039557","13039727","chr6","162525883","162526054","16","149486326"
"chrX","13814541","13814844","chr17","13723870","13724174","28","90671"
"chrX","14293117","14293226","chr17","14358130","14358238","10","65013"
"chrX","15130172","15130455","chrX","16689977","16690261","29","1559805"
"chrX","15264795","15265077","chr2A","31440105","31440385","32","16175310"
"chrX","15339867","15339915","chr15","83726252","83726303","26","68386385"
"chrX","17795248","17795467","chr3","146479811","146480057","49","128684563"
"chrX","18506661","18506951","chr16","82556968","82557255","39","64050307"
"chrX","20541915","20542221","chr11","56929915","56930222","23","36388000"
"chrX","21636129","21636427","chr3","190978307","190978607","34","169342178"
"chrX","22473756","22474051","chr2A","66293177","66293463","44","43819421"
"chrX","22527227","22527537","chr11","100578652","100578960","44","78051425"
"chrX","23300948","23301258","chr7","126105184","126105492","45","102804236"
"chrX","23729659","23729966","chrX","25192436","25192739","29","1462777"
"chrX","24758083","24758390","chr6","141126055","141126362","33","116367972"
"chrX","25151555","25151768","chrX","26646714","26646920","24","1495159"
"chrX","25189533","25189820","chr17","68509083","68509379","39","43319550"
"chrX","25498586","25498859","chrX","27005569","27005838","30","1506983"
"chrX","25815028","25815304","chr5","168877801","168878082","34","143062773"
"chrX","26074251","26074538","chr2B","217491744","217492038","46","191417493"
"chrX","27535356","27535655","chr17","41627992","41628290","43","14092636"
"chrX","27965623","27965956","chrX","76724331","76724666","55","48758708"
"chrX","28172275","28172578","chrX","29899780","29900085","24","1727505"
"chrX","28436361","28436624","chrX","41849049","41849316","48","13412688"
"chrX","30195633","30195936","chrX","31925374","31925676","28","1729741"
"chrX","30272595","30272875","chrX","32006718","32007002","31","1734123"
"chrX","30367671","30367966","chr22","32849584","32849879","31","2481913"
"chrX","30622737","30623006","chr16","60903178","60903442","39","30280441"
"chrX","31465926","31466209","chr4","124579563","124579840","45","93113637"
"chrX","32257551","32257882","chr21","38190683","38190991","47","5933132"
"chrX","32351102","32351383","chr13","40460489","40460767","38","8109387"
"chrX","33972841","33973130","chr9","70731589","70731885","44","36758748"
"chrX","34071133","34071439","chr7","40994538","40994847","38","6923405"
"chrX","34650995","34651299","chrX","12638543","12638851","32","22012452"
"chrX","36798475","36798768","chr5","79226160","79226455","36","42427685"
"chrX","37390124","37390427","chr6","38412888","38413191","31","1022764"
"chrX","37985305","37985617","chrX","12638543","12638851","37","25346762"
"chrX","38124929","38125235","chr5","350675","350976","32","37774254"
"chrX","38167398","38167531","chr20","25937506","25937639","12","12229892"
"chrX","38167560","38167856","chr5","10337319","10337613","35","27830241"
"chrX","38270274","38270440","chrX","41245794","41245958","14","2975520"
"chrX","38907195","38907455","chrX","41849049","41849316","28","2941854"
"chrX","39554783","39555081","chrX","42497276","42497575","29","2942493"
"chrX","40133663","40133964","chr18","32917613","32917915","37","7216050"
"chrX","41078014","41078295","chrX","44181035","44181315","27","3103021"
"chrX","41534065","41534364","chrX","44628923","44629226","25","3094858"
"chrX","41783556","41783841","chr2A","66293177","66293463","32","24509621"
"chrX","41790870","41791155","chr2A","66293177","66293463","32","24502307"
"chrX","41839503","41839807","chr7","126105184","126105492","39","84265681"
"chrX","41894289","41894482","chr4","52232148","52232313","53","10337859"
"chrX","41894818","41894950","chr1","11883701","11883833","10","30011117"
"chrX","41969752","41970036","chrX","45035406","45035696","31","3065654"
"chrX","42061984","42062279","chr10","27068164","27068457","39","14993820"
"chrX","42460583","42460883","chrX","45528909","45529204","29","3068326"
"chrX","43117238","43117540","chrX","15819246","15819549","33","27297992"
"chrX","43162800","43163092","chr1","29719627","29719916","35","13443173"
"chrX","43609497","43609551","chr15","83726252","83726303","20","40116755"
"chrX","43609651","43609798","chrX","41472260","41472403","25","2137391"
"chrX","43635845","43636149","chrUn_NW_014017165v1","966983","967289","39","42668862"
"chrX","44047078","44047318","chr7","30805604","30805851","54","13241474"
"chrX","44109125","44109140","chr5","43633117","43633128","4","476008"
"chrX","44109183","44109461","chr9","124989046","124989328","29","80879863"
"chrX","44118420","44118530","chr12","36002996","36003091","26","8115424"
"chrX","44349588","44349893","chr7","81549863","81550171","41","37200275"
"chrX","44350360","44350659","chr8","131759549","131759848","39","87409189"
"chrX","44736672","44736942","chr2A","31440105","31440385","39","13296567"
"chrX","45733350","45733653","chr3","190978307","190978607","38","145244957"
"chrX","45738244","45738441","chr1","9828940","9829136","26","35909304"
"chrX","45843395","45843721","chr3","103628900","103629226","47","57785505"
"chrX","46152854","46153144","chr1","164415659","164415950","32","118262805"
"chrX","46250139","46250310","chr4","52232148","52232313","33","5982009"
"chrX","46250608","46250745","chr12","122703610","122703750","17","76453002"
"chrX","46790869","46791207","chr20","3404979","3405312","61","43385890"
"chrX","46977232","46977523","chr14","92072400","92072692","32","45095168"
"chrX","47002732","47003008","chr4","175372208","175372489","28","128369476"
"chrX","47624134","47624393","chr1","26561793","26562043","50","21062341"
"chrX","48045479","48045780","chr19","40164309","40164610","31","7881170"
"chrX","49553169","49553464","chrX","53739005","53739297","20","4185836"
"chrX","51163787","51164065","chr3","60436738","60437011","44","9272951"
"chrX","52451890","52452151","chr4","59942061","59942299","45","7490171"
"chrX","55768831","55769109","chr13","62490986","62491262","36","6722155"
"chrX","56265713","56266003","chr20","55741194","55741487","41","524519"
"chrX","58253578","58253870","chr1","14048400","14048692","30","44205178"
"chrX","59904538","59904812","chrX","69399487","69399751","31","9494949"
"chrX","59986679","59986983","chrX","69471830","69472131","30","9485151"
"chrX","60245771","60246065","chr8","19406483","19406781","36","40839288"
"chrX","61377930","61378224","chr19","5778433","5778728","35","55599497"
"chrX","61840220","61840513","chr2A","69357887","69358181","33","7517667"
"chrX","61864562","61864859","chr5","181092486","181092782","27","119227924"
"chrX","62193716","62194004","chrX","71687991","71688285","19","9494275"
"chrX","62631917","62632215","chr3","172971393","172971703","46","110339476"
"chrX","63441057","63441342","chr5","54230890","54231182","35","9210167"
"chrX","63874623","63874914","chr6","76870777","76871073","30","12996154"
"chrX","63904859","63905128","chr5","134611842","134612119","35","70706983"
"chrX","66378526","66378845","chrX","12638543","12638851","43","53739983"
"chrX","66567494","66567765","chr7","142352710","142352990","36","75785216"
"chrX","66831935","66832163","chr9","81419160","81419384","35","14587225"
"chrX","68176050","68176378","chr3","103628900","103629226","55","35452850"
"chrX","68370586","68370842","chr1","21704490","21704748","35","46666096"
"chrX","69138098","69138405","chr17","13723870","13724174","35","55414228"
"chrX","69391537","69391836","chr2A","101570576","101570878","35","32179039"
"chrX","70914632","70914929","chr2A","33718840","33719135","31","37195792"
"chrX","71389899","71390175","chr7","95567738","95568012","46","24177839"
"chrX","72092856","72092900","chr9","131115865","131115900","26","59023009"
"chrX","72970904","72971211","chr21","35131858","35132167","40","37839046"
"chrX","74044266","74044545","chr2A","31440105","31440385","40","42604161"
"chrX","74790223","74790522","chrX","15819246","15819549","33","58970977"
"chrX","75463029","75463334","chr8","63104122","63104425","37","12358907"
"chrX","75707168","75707471","chr8","63104122","63104425","42","12603046"
"chrX","76271856","76272158","chrX","86781968","86782274","24","10510112"
"chrX","76644064","76644368","chr10","77339584","77339887","33","695520"
"chrX","76911454","76911592","chrX","55181789","55181924","15","21729665"
"chrX","76934036","76934311","chr13","62490986","62491262","30","14443050"
"chrX","77218203","77218510","chr3","202786201","202786506","40","125567998"
"chrX","77376174","77376476","chrX","87864923","87865224","40","10488749"
"chrX","78362416","78362722","chr3","9143569","9143872","38","69218847"
"chrX","78675998","78676292","chrX","71687991","71688285","35","6988007"
"chrX","80807722","80808028","chr22","49131217","49131525","38","31676505"
"chrX","80909935","80910152","chr9","81419160","81419384","42","509225"
"chrX","81117026","81117218","chr19","12901172","12901365","24","68215854"
"chrX","82297401","82297701","chr4","10397902","10398202","34","71899499"
"chrX","82570929","82571214","chr19","9716915","9717202","35","72854014"
"chrX","82867776","82868079","chr3","202786201","202786506","31","119918425"
"chrX","83384041","83384117","chr4","2675187","2675256","28","80708854"
"chrX","83808014","83808324","chr1","207829370","207829668","47","124021356"
"chrX","84013603","84013912","chrX","24089526","24089833","26","59924077"
"chrX","85274320","85274655","chr1","59564829","59565143","55","25709491"
"chrX","85681143","85681438","chrX","96627503","96627798","25","10946360"
"chrX","85718330","85718633","chr3","190978307","190978607","37","105259977"
"chrX","85733909","85734212","chr21","37784588","37784886","45","47949321"
"chrX","85875703","85876008","chr1","102302386","102302692","40","16426683"
"chrX","85882513","85882800","chr1","134957856","134958144","29","49075343"
"chrX","87553366","87553660","chr6","153683020","153683310","29","66129654"
"chrX","88279502","88279713","chrX","99326379","99326603","36","11046877"
"chrX","88311609","88311908","chr12","36116191","36116487","32","52195418"
"chrX","89412023","89412315","chrX","85204424","85204712","29","4207599"
"chrX","89476458","89476746","chr12","40024736","40025028","36","49451722"
"chrX","89507244","89507548","chr4","22017222","22017526","37","67490022"
"chrX","89684524","89684661","chr9","104424164","104424329","42","14739640"
"chrX","89794426","89794732","chrX","100797082","100797382","26","11002656"
"chrX","90045044","90045321","chr8","118482696","118482973","31","28437652"
"chrX","91699450","91699744","chr3","49872925","49873210","41","41826525"
"chrX","94203011","94203297","chr9","123611823","123612100","52","29408812"
"chrX","95102139","95102411","chrX","41849049","41849316","39","53253090"
"chrX","95651838","95652137","chr19","5778433","5778728","32","89873405"
"chrX","96860482","96860790","chrX","108599990","108600298","26","11739508"
"chrX","97672168","97672467","chr1","181654783","181655085","41","83982615"
"chrX","97673799","97674074","chr7","81229861","81230137","33","16443938"
"chrX","97713832","97714123","chrX","109455748","109456041","33","11741916"
"chrX","101257400","101257697","chrX","113122801","113123091","30","11865401"
"chrX","101694824","101695117","chr15","65464966","65465254","38","36229858"
"chrX","101972112","101972359","chr1","26561793","26562043","40","75410319"
"chrX","102276622","102276736","chrX","114254641","114254778","33","11978019"
"chrX","102679379","102679678","chrX","114691755","114692055","16","12012376"
"chrX","103606682","103606984","chr20","53777293","53777592","35","49829389"
"chrX","104410436","104410741","chr7","40994538","40994847","36","63415898"
"chrX","105105172","105105469","chrX","129255236","129255542","29","24150064"
"chrX","105400832","105401140","chr3","47982635","47982933","37","57418197"
"chrX","105621518","105621668","chr3","143378569","143378712","22","37757051"
"chrX","105894187","105894487","chrX","130076723","130077015","30","24182536"
"chrX","107092634","107092906","chr12","28328051","28328330","35","78764583"
"chrX","108033622","108033714","chrUn_NW_014014512v1","4","79","39","108033618"
"chrX","109262191","109262349","chr4","76458542","76458695","16","32803649"
"chrX","109491273","109491515","chr5","36608375","36608616","28","72882898"
"chrX","109544032","109544340","chrX","133835400","133835700","29","24291368"
"chrX","109565256","109565565","chrX","133850699","133851013","23","24285443"
"chrX","109634492","109634778","chrX","133912689","133912989","43","24278197"
"chrX","110032431","110032720","chr17","68509083","68509379","29","41523348"
"chrX","110037553","110037835","chr5","134611842","134612119","35","24574289"
"chrX","110132490","110132791","chrX","134391211","134391515","24","24258721"
"chrX","110362778","110363060","chr3","49872925","49873210","37","60489853"
"chrX","113096719","113097003","chrX","137472383","137472667","28","24375664"
"chrX","114128915","114129196","chr19","12434015","12434294","34","101694900"
"chrX","114129238","114129249","chr19","10595612","10595624","3","103533626"
"chrX","115029843","115030138","chrX","117640256","117640547","33","2610413"
"chrX","115625366","115625674","chrX","139920702","139921007","36","24295336"
"chrX","115942199","115942492","chr10","71439412","71439709","29","44502787"
"chrX","116285125","116285274","chr5","91984626","91984799","48","24300499"
"chrX","116303303","116303599","chrX","140780014","140780316","27","24476711"
"chrX","117674804","117675091","chr3","47982635","47982933","45","69692169"
"chrX","117728168","117728446","chr3","52030350","52030622","45","65697818"
"chrX","118992182","118992475","chr20","49689972","49690264","33","69302210"
"chrX","120992541","120992841","chr19","40164309","40164610","44","80828232"
"chrX","121227959","121228261","chr8","63104122","63104425","30","58123837"
"chrX","121402129","121402435","chr7","122016068","122016376","36","613939"
"chrX","121482652","121482930","chr8","101074582","101074861","36","20408070"
"chrX","122037241","122037547","chr7","40994538","40994847","26","81042703"
"chrX","122238043","122238337","chrX","96822397","96822703","51","25415646"
"chrX","122929289","122929587","chrX","147667477","147667778","26","24738188"
"chrX","124193093","124193401","chr3","9143569","9143872","38","115049524"
"chrX","124559589","124559885","chrX","149539333","149539626","28","24979744"
"chrX","125456057","125456154","chr12","66811847","66811940","44","58644210"
"chrX","125555116","125555361","chr10","22806043","22806298","43","102749073"
"chrX","127862834","127863140","chr12","31805222","31805513","44","96057612"
"chrX","128502744","128503035","chr11","128800963","128801253","28","298219"
"chrX","128784954","128785248","chr4","41241129","41241423","30","87543825"
"chrX","129149633","129149802","chr11","84587362","84587533","25","44562271"
"chrY","75672","76022","chr7","5138761","5139083","86","5063089"
"chrY","205963","206253","chr1","27199318","27199613","47","26993355"
"chrY","211745","211905","chr7","143721706","143721865","22","143509961"
"chrY","286909","287202","chr7","155811553","155811849","49","155524644"
"chrY","599604","599741","chr10","21806417","21806545","34","21206813"
"chrY","623588","623893","chr6","38412888","38413191","49","37789300"
"chrY","886721","886913","chr10","62147156","62147337","52","61260435"
"chrY","887315","887408","chr12","63683435","63683524","19","62796120"
"chrY","918023","918285","chr15","76449237","76449507","49","75531214"
"chrY","1103714","1103814","chr8","30995029","30995128","26","29891315"
"chrY","1554158","1554204","chr22","22266059","22266104","22","20711901"
"chrY","1555942","1555988","chr22","22266059","22266104","22","20710117"
"chrY","1778241","1778537","chr5","72138163","72138458","47","70359922"
"chrY","1810670","1810978","chr2B","185809395","185809698","43","183998725"
"chrY","2451917","2452207","chr6","153683020","153683310","36","151231103"
"chrY","3017486","3017797","chr8","82382573","82382860","77","79365087"
"chrY","4315038","4315369","chr17","62052622","62052938","65","57737584"
"chrY","4366648","4366921","chr4","54830745","54831023","48","50464097"
"chrY","5101125","5101422","chr14","94168002","94168296","54","89066877"
"chrY","5514104","5514394","chr10","37391053","37391339","60","31876949"
"chrY","5993013","5993217","chr20","2365476","2365713","75","3627537"
"chr10","3527","3762","chr2A","102009724","102009957","30","102006197"
"chr10","46583","46891","chr17","13723870","13724174","35","13677287"
"chr10","133463","133757","chr10","72589080","72589367","40","72455617"
"chr10","272649","272949","chr22","17382311","17382615","31","17109662"
"chr10","328343","328642","chr2A","33718840","33719135","42","33390497"
"chr10","486085","486386","chr2B","130458345","130458651","36","129972260"
"chr10","684081","684151","chr15","83726252","83726303","28","83042171"
"chr10","940105","940405","chrX","15819246","15819549","39","14879141"
"chr10","1521007","1521127","chr7","104920439","104920553","22","103399432"
"chr10","1693301","1693596","chrX","71687991","71688285","35","69994690"
"chr10","1709135","1709433","chr1","34462028","34462318","37","32752893"
"chr10","1903083","1903389","chr11","68182294","68182599","32","66279211"
"chr10","2108569","2108762","chr5","38843045","38843240","32","36734476"
"chr10","2251265","2251570","chr17","13723870","13724174","36","11472605"
"chr10","2315627","2315926","chr1","136955639","136955935","34","134640012"
"chr10","2677864","2677954","chr10","31413847","31413929","31","28735983"
"chr10","2821863","2822173","chrUn_NW_014017165v1","966983","967289","33","1854880"
"chr10","2968519","2968806","chr14","92072400","92072692","39","89103881"
"chr10","3565375","3565678","chr2B","127333372","127333675","33","123767997"
"chr10","5658052","5658359","chrX","6359328","6359636","41","701276"
"chr10","5665345","5665644","chr2B","125216251","125216552","27","119550906"
"chr10","7267019","7267322","chr3","9143569","9143872","47","1876550"
"chr10","7694905","7695176","chr3","52030350","52030622","33","44335445"
"chr10","8677374","8677666","chr5","79226160","79226455","25","70548786"
"chr10","8707672","8707964","chr5","112345552","112345845","37","103637880"
"chr10","10499941","10500000","chr11","18071282","18071348","25","7571341"
"chr10","10609878","10610155","chr6","93466601","93466876","43","82856723"
"chr10","10790263","10790587","chr4","177476561","177476881","56","166686298"
"chr10","10828715","10828781","chr18","8012804","8012869","19","2815911"
"chr10","10829099","10829394","chr1","129528337","129528634","33","118699238"
"chr10","11520628","11520921","chr5","54230890","54231182","32","42710262"
"chr10","11561203","11561234","chr9","131115865","131115900","12","119554662"
"chr10","11561261","11561544","chr5","168877801","168878082","31","157316540"
"chr10","12227962","12228261","chr8","63104122","63104425","38","50876160"
"chr10","12552770","12553069","chr11","110419706","110420001","33","97866936"
"chr10","12804006","12804297","chr7","136937394","136937692","47","124133388"
"chr10","13387262","13387566","chr2B","162803846","162804139","37","149416584"
"chr10","14399192","14399469","chr2B","131715007","131715291","39","117315815"
"chr10","14543120","14543421","chr7","40994538","40994847","34","26451418"
"chr10","16478281","16478402","chr4","156928650","156928771","17","140450369"
"chr10","16577306","16577598","chr14","66820928","66821220","36","50243622"
"chr10","16594022","16594326","chr3","201400250","201400558","35","184806228"
"chr10","17593277","17593587","chr2B","137427533","137427844","26","119834256"
"chr10","17815629","17815929","chr1","20829654","20829955","31","3014025"
"chr10","19130077","19130380","chr2B","223143944","223144246","32","204013867"
"chr10","19274590","19274876","chr17","41627992","41628290","43","22353402"
"chr10","19640590","19640889","chr20","4563402","4563698","38","15077188"
"chr10","19980769","19981063","chr5","79226160","79226455","28","59245391"
"chr10","20394826","20395130","chr14","100516587","100516891","32","80121761"
"chr10","21388834","21389137","chr3","47982635","47982933","38","26593801"
"chr10","21499885","21500000","chr19","60105908","60106024","10","38606023"
"chr10","21501907","21502221","chr1","165956274","165956580","47","144454367"
"chr10","21675829","21676097","chr7","10730414","10730674","52","10945415"
"chr10","21787119","21787417","chr1","26929587","26929884","38","5142468"
"chr10","23607380","23607685","chr17","13723870","13724174","38","9883510"
"chr10","23778445","23778756","chr16","54389884","54390188","43","30611439"
"chr10","24342321","24342626","chr1","129528337","129528634","43","105186016"
"chr10","24551928","24552234","chr8","63104122","63104425","39","38552194"
"chr10","24715026","24715306","chr6","10778709","10778983","41","13936317"
"chr10","25093911","25094221","chr4","22017222","22017526","43","3076689"
"chr10","28355340","28355642","chr4","13936624","13936926","39","14418716"
"chr10","28804879","28805167","chr2B","147525921","147526209","31","118721042"
"chr10","28876605","28876902","chr2B","147597946","147598251","37","118721341"
"chr10","29149718","29149851","chr1","11883701","11883833","7","17266017"
"chr10","29150178","29150346","chr4","52232148","52232313","27","23081970"
"chr10","29372825","29373092","chr1","35613505","35613774","53","6240680"
"chr10","31026468","31026767","chr6","35386974","35387269","41","4360506"
"chr10","31283556","31283740","chr7","19113077","19113251","39","12170479"
"chr10","31283770","31283897","chr10","18292196","18292321","13","12991574"
"chr10","32679549","32679870","chr4","34338360","34338680","49","1658811"
"chr10","32748719","32749035","chr2B","151727942","151728251","27","118979223"
"chr10","34390937","34391048","chr15","77873592","77873712","27","43482655"
"chr10","34470572","34470922","chr10","56239949","56240274","106","21769377"
"chr10","34471001","34471186","chr19","56841339","56841526","22","22370338"
"chr10","34913525","34913757","chr7","33926261","33926520","54","987264"
"chr10","35008342","35008518","chr17","49346700","49346862","33","14338358"
"chr10","35008567","35008866","chr4","124579563","124579840","64","89570996"
"chr10","35820622","35820920","chr3","128861701","128861995","46","93041079"
"chr10","36050879","36051140","chr14","105478524","105478784","44","69427645"
"chr10","36554483","36554777","chr5","94341395","94341684","20","57786912"
"chr10","36775997","36776299","chr19","41729438","41729734","33","4953441"
"chr10","36855179","36855476","chrX","15819246","15819549","51","21035933"
"chr10","36860251","36860353","chr10","12294695","12294775","30","24565556"
"chr10","36940017","36940277","chr8","62292080","62292329","46","25352063"
"chr10","38722826","38723136","chr2A","105966702","105967010","37","67243876"
"chr10","39696745","39697020","chr8","101244113","101244391","32","61547368"
"chr10","40474077","40474382","chr3","47982635","47982933","42","7508558"
"chr10","41683844","41684104","chr8","122722173","122722453","46","81038329"
"chr10","41858014","41858296","chr17","43712500","43712778","34","1854486"
"chr10","42194800","42195102","chr7","40994538","40994847","35","1200262"
"chr10","43052762","43052964","chr3","133067438","133067635","38","90014676"
"chr10","43390319","43390625","chrX","15819246","15819549","37","27571073"
"chr10","43704260","43704425","chr4","52232148","52232313","19","8527888"
"chr10","44462039","44462290","chr4","126926181","126926428","38","82464142"
"chr10","44491734","44492036","chr11","45241941","45242239","81","750207"
"chr10","44575619","44575803","chr1","53177851","53178044","30","8602232"
"chr10","44585516","44585815","chr6","152163250","152163554","38","107577734"
"chr10","44798751","44799046","chr1","129528337","129528634","37","84729586"
"chr10","45338848","45339151","chr2B","164602888","164603189","30","119264040"
"chr10","46010626","46010942","chr1","20953555","20953840","63","25057071"
"chr10","46759782","46760061","chr7","33926261","33926520","43","12833521"
"chr10","48464808","48465041","chr2B","167718485","167718719","18","119253677"
"chr10","48856778","48857078","chr3","191717604","191717900","36","142860826"
"chr10","49609573","49609767","chr2B","168809832","168810022","38","119200259"
"chr10","49869725","49870007","chr5","168877801","168878082","45","119008076"
"chr10","50094910","50095120","chr13","21066147","21066338","41","29028763"
"chr10","50219934","50220013","chr11","18071282","18071348","38","32148652"
"chr10","50288319","50288585","chr4","20732142","20732416","39","29556177"
"chr10","51484899","51485205","chr22","39899681","39899985","49","11585218"
"chr10","51737401","51737685","chr2B","170968738","170969044","40","119231337"
"chr10","52116247","52116525","chr10","11452095","11452371","45","40664152"
"chr10","53020140","53020435","chr5","143509320","143509612","32","90489180"
"chr10","53108969","53109272","chr17","13723870","13724174","35","39385099"
"chr10","53624324","53624629","chrX","12638543","12638851","45","40985781"
"chr10","53766789","53767095","chr2B","201382595","201382888","49","147615806"
"chr10","54126858","54127153","chr2B","173335973","173336275","34","119209115"
"chr10","54193711","54193834","chr3","191367158","191367278","9","137173447"
"chr10","54415568","54415853","chr17","46987772","46988059","32","7427796"
"chr10","54415872","54416040","chr1","64493115","64493287","30","10077243"
"chr10","55082343","55082633","chr18","23119904","23120193","34","31962439"
"chr10","55290707","55290839","chrX","119098980","119099111","11","63808273"
"chr10","55858507","55858799","chr1","178612656","178612947","33","122754149"
"chr10","56078886","56079189","chr6","35369030","35369319","44","20709856"
"chr10","56180669","56180739","chr18","8012804","8012869","19","48167865"
"chr10","56397278","56397537","chr8","118482696","118482973","44","62085418"
"chr10","57358374","57358502","chr3","27849182","27849311","15","29509192"
"chr10","58058588","58058769","chr4","174457778","174457960","31","116399190"
"chr10","58058780","58059030","chr1","60144586","60144836","34","2085806"
"chr10","58917484","58917797","chr6","132386457","132386764","39","73468973"
"chr10","58919386","58919680","chr1","21970740","21971034","29","36948646"
"chr10","59034459","59034640","chr5","48753909","48754099","28","10280550"
"chr10","59478837","59479119","chr2A","31440105","31440385","31","28038732"
"chr10","60865291","60865595","chr2A","70725628","70725935","38","9860337"
"chr10","61317698","61317967","chr2B","180728857","180729130","29","119411159"
"chr10","62841512","62841816","chr7","28440048","28440356","27","34401464"
"chr10","63123272","63123572","chr2B","182549068","182549368","27","119425796"
"chr10","64650411","64650718","chr17","13723870","13724174","38","50926541"
"chr10","65448123","65448422","chr2B","131224486","131224784","34","65776363"
"chr10","65971103","65971391","chr14","54321720","54322012","37","11649383"
"chr10","66235827","66236123","chr4","169342583","169342876","34","103106756"
"chr10","66689906","66690227","chr1","220784032","220784350","66","154094126"
"chr10","67710257","67710537","chr10","97460770","97461053","39","29750513"
"chr10","68236410","68236717","chr2B","187793374","187793679","23","119556964"
"chr10","69695025","69695319","chr4","22017222","22017526","41","47677803"
"chr10","70065035","70065334","chr14","60259831","60260143","53","9805204"
"chr10","72034999","72035299","chrX","15819246","15819549","39","56215753"
"chr10","72337298","72337605","chr6","121988410","121988717","36","49651112"
"chr10","72544981","72545258","chr2B","192089702","192089986","49","119544721"
"chr10","73127506","73127761","chr2B","192660218","192660465","30","119532712"
"chr10","73383212","73383529","chr11","32882893","32883205","47","40500319"
"chr10","74037401","74037707","chr6","152163250","152163554","42","78125849"
"chr10","74205309","74205599","chr4","137916210","137916504","52","63710901"
"chr10","74809974","74810103","chr2B","194558359","194558488","9","119748385"
"chr10","74892272","74892571","chr2B","194629087","194629376","33","119736815"
"chr10","74893931","74894135","chr2B","194630686","194630888","25","119736755"
"chr10","75918592","75918886","chr1","21970740","21971034","37","53947852"
"chr10","76330112","76330374","chr8","28934986","28935248","40","47395126"
"chr10","76369324","76369631","chr5","39772074","39772378","43","36597250"
"chr10","77703991","77704262","chr9","100684220","100684488","32","22980229"
"chr10","78609233","78609508","chr13","62490986","62491262","45","16118247"
"chr10","78873052","78873350","chr2B","137661663","137661956","44","58788611"
"chr10","79706571","79706869","chr4","154027941","154028238","36","74321370"
"chr10","80124692","80125012","chr19","9381109","9381432","54","70743583"
"chr10","80125204","80125516","chr7","107405279","107405587","40","27280075"
"chr10","80491047","80491344","chr2B","200118085","200118388","46","119627038"
"chr10","80572102","80572384","chr17","14358481","14358769","36","66213621"
"chr10","81041489","81041726","chr11","8049263","8049498","63","72992226"
"chr10","81369058","81369346","chr1","134957856","134958144","34","53588798"
"chr10","81458782","81459074","chr21","38218040","38218332","29","43240742"
"chr10","81459107","81459229","chr8","9916983","9917103","14","71542124"
"chr10","81693936","81694236","chr3","11316319","11316624","35","70377617"
"chr10","81869176","81869476","chr6","158256141","158256429","38","76386965"
"chr10","81995077","81995383","chr8","63104122","63104425","33","18890955"
"chr10","82345499","82345787","chr1","65066847","65067132","33","17278652"
"chr10","82864509","82864713","chr3","133067438","133067635","59","50202929"
"chr10","82864975","82865130","chr4","84591004","84591166","43","1726029"
"chr10","83093106","83093404","chr12","97187848","97188153","37","14094742"
"chr10","83093419","83093694","chr12","5366508","5366775","51","77726911"
"chr10","84687559","84687862","chr3","190978307","190978607","40","106290748"
"chr10","84839459","84839724","chr12","69438598","69438867","37","15400861"
"chr10","85430563","85430693","chr2B","178713160","178713291","13","93282597"
"chr10","85684604","85684902","chr7","44084732","44085031","32","41599872"
"chr10","86482218","86482510","chr3","61825885","61826173","37","24656333"
"chr10","87506493","87506527","chr1","31474562","31474593","17","56031931"
"chr10","88021065","88021350","chr5","94341395","94341684","25","6320330"
"chr10","88085282","88085583","chr19","53149486","53149785","35","34935796"
"chr10","88360593","88360665","chrUn_NW_014014512v1","4","79","28","88360589"
"chr10","88414998","88415296","chr2A","70725628","70725935","35","17689370"
"chr10","88540321","88540612","chr6","76676416","76676704","36","11863905"
"chr10","88838912","88838955","chr22","22266059","22266104","11","66572853"
"chr10","89242544","89242848","chrX","15819246","15819549","38","73423298"
"chr10","89346302","89346543","chr1","198109124","198109365","31","108762822"
"chr10","89512881","89513149","chr11","128800963","128801253","51","39288082"
"chr10","89604151","89604448","chr3","47982635","47982933","32","41621516"
"chr10","90762975","90763245","chr9","100684220","100684488","35","9921245"
"chr10","92029422","92029726","chr8","63104122","63104425","29","28925300"
"chr10","93058423","93058702","chr17","27991568","27991852","27","65066855"
"chr10","93245046","93245350","chr3","9143569","9143872","32","84101477"
"chr10","93319217","93319485","chr17","68889461","68889733","44","24429756"
"chr10","93423455","93423748","chr2B","241444232","241444533","28","148020777"
"chr10","93597406","93597699","chr1","129528337","129528634","40","35930931"
"chr10","93886735","93887045","chr6","141126055","141126362","32","47239320"
"chr10","94325952","94326243","chr10","5827700","5827988","41","88498252"
"chr10","94701186","94701494","chr7","126105184","126105492","41","31403998"
"chr10","94984229","94984531","chr1","26540483","26540782","36","68443746"
"chr10","96592791","96592960","chr5","96948066","96948214","52","355275"
"chr10","96856947","96857255","chrX","15819246","15819549","39","81037701"
"chr10","97044647","97044940","chr8","28596742","28597033","36","68447905"
"chr10","97132386","97132682","chr17","5806940","5807230","38","91325446"
"chr10","97134142","97134448","chr1","25123693","25123997","44","72010449"
"chr10","97427643","97427948","chr18","48075726","48076030","38","49351917"
"chr10","97486602","97486907","chr8","63104122","63104425","34","34382480"
"chr10","97742574","97742638","chr14","20411290","20411358","30","77331284"
"chr10","97783049","97783359","chr6","154020042","154020349","44","56236993"
"chr10","97859067","97859175","chr19","17794307","17794415","27","80064760"
"chr10","98302543","98302843","chr2B","218292198","218292498","23","119989655"
"chr10","98417153","98417452","chr2B","218401513","218401805","27","119984360"
"chr10","99126061","99126359","chrX","114691755","114692055","38","15565694"
"chr10","99440698","99441034","chr10","38619961","38620254","102","60820737"
"chr10","99540422","99540586","chr22","18728926","18729085","26","80811496"
"chr10","99540598","99540646","chr17","11062823","11062873","28","88477775"
"chr10","99546922","99547206","chr10","122097408","122097684","43","22550486"
"chr10","100014937","100015214","chr10","114560869","114561144","32","14545932"
"chr10","100934818","100935111","chr19","5778433","5778728","27","95156385"
"chr10","101008618","101008985","chr2B","220918296","220918633","57","119909678"
"chr10","101188875","101189172","chr12","4008534","4008830","38","97180341"
"chr10","101322670","101322797","chr8","85879104","85879233","16","15443566"
"chr10","101530359","101530420","chr17","11062823","11062873","20","90467536"
"chr10","103116794","103117071","chr2B","223122178","223122454","22","120005384"
"chr10","103140766","103141058","chr3","128861701","128861995","44","25720935"
"chr10","103141134","103141262","chr8","123915506","123915639","19","20774372"
"chr10","103377357","103377665","chr10","65797252","65797556","36","37580105"
"chr10","104232234","104232507","chr10","23495805","23496084","36","80736429"
"chr10","104393423","104393710","chr1","134957856","134958144","40","30564433"
"chr10","104425498","104425796","chr3","191717604","191717900","41","87292106"
"chr10","105476371","105476647","chr10","23495805","23496084","34","81980566"
"chr10","106186599","106186901","chr2B","226108438","226108748","31","119921839"
"chr10","107747699","107747983","chr17","56386670","56386949","45","51361029"
"chr10","109037443","109037751","chr3","201400250","201400558","37","92362807"
"chr10","109526607","109526903","chr1","129528337","129528634","51","20001730"
"chr10","110107586","110107648","chrUn_NW_014014512v1","4","79","31","110107582"
"chr10","110239987","110240315","chr15","22242670","22243000","58","87997317"
"chr10","110469978","110470271","chr16","87751224","87751523","50","22718754"
"chr10","110470328","110470550","chr17","46564997","46565230","34","63905331"
"chr10","110804626","110804876","chr7","56939126","56939390","44","53865500"
"chr10","111086647","111086842","chr3","133067438","133067635","28","21980791"
"chr10","111654804","111655105","chr8","39847193","39847497","43","71807611"
"chr10","112123348","112123633","chr2B","232200756","232201050","31","120077408"
"chr10","113128438","113128733","chr2A","5926821","5927113","29","107201617"
"chr10","113214314","113214581","chr5","89138855","89139122","45","24075459"
"chr10","113545435","113545573","chrX","114254641","114254778","33","709206"
"chr10","113545611","113545736","chr10","18292196","18292321","15","95253415"
"chr10","113597164","113597456","chr2B","233618878","233619158","30","120021714"
"chr10","113675995","113676121","chr15","63086034","63086173","28","50589961"
"chr10","113887300","113887587","chr3","15219656","15219944","28","98667644"
"chr10","115811896","115812162","chr1","12511073","12511344","41","103300823"
"chr10","116699271","116699458","chr19","56841339","56841526","27","59857932"
"chr10","116814365","116814669","chr8","126575218","126575519","37","9760853"
"chr10","117665773","117666070","chr3","79046945","79047235","40","38618828"
"chr10","117695417","117695715","chr2B","237717710","237718010","33","120022293"
"chr10","117886563","117886863","chr2B","237907794","237908094","25","120021231"
"chr10","118160119","118160403","chr9","107188272","107188556","35","10971847"
"chr10","120107840","120108130","chr4","169342583","169342876","27","49234743"
"chr10","120203685","120203985","chr5","54230890","54231182","44","65972795"
"chr10","120765680","120765983","chr3","201400250","201400558","42","80634570"
"chr10","120937000","120937257","chrX","41849049","41849316","45","79087951"
"chr10","121036392","121036532","chr8","68088778","68088914","17","52947614"
"chr10","121367931","121368223","chr19","9994363","9994652","20","111373568"
"chr10","121483458","121483753","chr8","45317030","45317330","48","76166428"
"chr10","121707171","121707401","chr2B","241790479","241790698","32","120083308"
"chr10","122736645","122736923","chr1","65066847","65067132","50","57669798"
"chr10","124073522","124073658","chr1","9953695","9953813","49","114119827"
"chr10","125499356","125499662","chr2B","245525116","245525437","36","120025760"
"chr10","126186688","126186985","chr7","134503856","134504154","29","8317168"
"chr10","126223312","126223595","chr3","78185408","78185697","37","48037904"
"chr10","126648573","126648743","chr18","58090876","58091047","23","68557697"
"chr10","127104007","127104282","chr1","217141048","217141329","31","90037041"
"chr10","127279622","127279679","chr11","18071282","18071348","27","109208340"
"chr10","127283245","127283302","chr11","18071282","18071348","27","109211963"
"chr10","127677593","127677884","chr2B","247692328","247692628","39","120014735"
"chr11","1107904","1108211","chr12","1151923","1152229","19","44019"
"chr11","1130473","1130778","chr12","1174324","1174619","42","43851"
"chr11","1448749","1449047","chr10","3318573","3318867","34","1869824"
"chr11","2117923","2118216","chr12","2123351","2123647","32","5428"
"chr11","2353976","2354261","chr3","15219656","15219944","36","12865680"
"chr11","2732893","2733171","chr6","42316035","42316327","42","39583142"
"chr11","2992716","2992965","chr7","83554162","83554411","28","80561446"
"chr11","3150654","3150816","chr22","44356732","44356892","18","41206078"
"chr11","3786074","3786380","chr7","126105184","126105492","37","122319110"
"chr11","4012615","4012915","chr3","68609811","68610110","35","64597196"
"chr11","4528010","4528293","chr12","4532993","4533275","24","4983"
"chr11","5286326","5286609","chr22","37369702","37369985","56","32083376"
"chr11","5373008","5373273","chr12","5366508","5366775","28","6500"
"chr11","5813053","5813165","chr13","21081647","21081760","9","15268594"
"chr11","6004089","6004367","chr13","62490986","62491262","38","56486897"
"chr11","6021030","6021307","chr8","101244113","101244391","41","95223083"
"chr11","6127831","6128117","chr4","142912706","142912992","35","136784875"
"chr11","6194948","6195251","chr19","40164309","40164610","33","33969361"
"chr11","6280009","6280185","chr11","84587362","84587533","33","78307353"
"chr11","6306476","6306754","chr1","228456698","228456989","43","222150222"
"chr11","6443702","6444000","chr1","15804013","15804307","46","9360311"
"chr11","6552857","6553156","chr6","35386974","35387269","32","28834117"
"chr11","6614238","6614532","chr22","45301338","45301633","34","38687100"
"chr11","6629588","6629763","chr12","6644193","6644357","35","14605"
"chr11","6911570","6911842","chr5","168877801","168878082","30","161966231"
"chr11","6928329","6928634","chr7","37871634","37871941","37","30943305"
"chr11","6983026","6983331","chr5","35286063","35286357","40","28303037"
"chr11","7750732","7750794","chr17","11062823","11062873","21","3312091"
"chr11","7837393","7837656","chr2A","102264625","102264881","42","94427232"
"chr11","7922004","7922310","chr12","8364820","8365120","38","442816"
"chr11","8029768","8029841","chr15","83726252","83726303","36","75696484"
"chr11","8580889","8581160","chr3","52030350","52030622","41","43449461"
"chr11","9919180","9919461","chr13","62490986","62491262","34","52571806"
"chr11","10152288","10152577","chr2B","240201274","240201564","41","230048986"
"chr11","10269785","10270092","chr8","63104122","63104425","46","52834337"
"chr11","10285154","10285461","chr8","63104122","63104425","46","52818968"
"chr11","10433367","10433409","chr9","127908774","127908805","20","117475407"
"chr11","10850564","10850855","chr4","7983286","7983574","26","2867278"
"chr11","10915649","10915904","chr16","75464658","75464909","32","64549009"
"chr11","12014334","12014617","chr19","45478677","45478960","34","33464343"
"chr11","12154565","12154857","chr2A","66293177","66293463","34","54138612"
"chr11","12211217","12211486","chr1","129238717","129238983","27","117027500"
"chr11","12499247","12499548","chr2A","33718840","33719135","36","21219593"
"chr11","12514131","12514426","chr5","143509320","143509612","36","130995189"
"chr11","12605688","12605981","chr18","23119904","23120193","33","10514216"
"chr11","12735430","12735718","chr22","32608348","32608633","35","19872918"
"chr11","13764132","13764386","chr12","14278218","14278451","37","514086"
"chr11","14567627","14567927","chr3","47982635","47982933","30","33415008"
"chr11","14961342","14961627","chr12","15465904","15466186","31","504562"
"chr11","15606514","15606820","chr3","47982635","47982933","45","32376121"
"chr11","15647067","15647350","chr5","172117633","172117915","32","156470566"
"chr11","15659248","15659540","chr2A","37951688","37951970","46","22292440"
"chr11","15732641","15732947","chrUn_NW_014017165v1","966983","967289","32","14765658"
"chr11","16216386","16216665","chr10","42793784","42794060","46","26577398"
"chr11","17121996","17122295","chr22","32849584","32849879","36","15727588"
"chr11","17865956","17866256","chr1","102302386","102302692","39","84436430"
"chr11","17904412","17904718","chr3","201400250","201400558","43","183495838"
"chr11","17968208","17968539","chrX","76724331","76724666","48","58756123"
"chr11","18263781","18264110","chr13","23726638","23726946","57","5462857"
"chr11","19036776","19037097","chr19","9381109","9381432","54","9655667"
"chr11","19468677","19468965","chr1","134957856","134958144","30","115489179"
"chr11","20839569","20839860","chr4","169749649","169749943","30","148910080"
"chr11","21860094","21860378","chr1","26315776","26316067","41","4455682"
"chr11","23659560","23659847","chr1","134957856","134958144","37","111298296"
"chr11","24095990","24096300","chr1","102302386","102302692","48","78206396"
"chr11","24107925","24108270","chr12","64581458","64581756","70","40473533"
"chr11","24319100","24319406","chr3","201400250","201400558","38","177081150"
"chr11","25005874","25005963","chr12","63683435","63683524","8","38677561"
"chr11","26407163","26407470","chr12","62273087","62273387","33","35865924"
"chr11","26942152","26942459","chr17","13723870","13724174","38","13218282"
"chr11","27917691","27917991","chr12","60738586","60738890","35","32820895"
"chr11","29362174","29362468","chr6","42316035","42316327","37","12953861"
"chr11","29402657","29402957","chr12","59233123","59233423","32","29830466"
"chr11","29460826","29461124","chr5","165592457","165592754","35","136131631"
"chr11","31088121","31088396","chr5","33247607","33247873","52","2159486"
"chr11","31304965","31305154","chr17","28495122","28495311","25","2809843"
"chr11","31409217","31409430","chr5","78288275","78288486","36","46879058"
"chr11","31606901","31607071","chr4","52232148","52232313","23","20625247"
"chr11","31624719","31625005","chr19","45478677","45478960","44","13853958"
"chr11","31818947","31819226","chrX","44181035","44181315","29","12362088"
"chr11","31952091","31952372","chr12","56297336","56297619","27","24345245"
"chr11","32060160","32060462","chr17","41627992","41628290","43","9567832"
"chr11","32228158","32228436","chr8","101244113","101244391","32","69015955"
"chr11","32658239","32658548","chr3","60190141","60190449","43","27531902"
"chr11","33217166","33217465","chr8","45317030","45317330","40","12099864"
"chr11","33932941","33933244","chr12","50724103","50724402","36","16791162"
"chr11","34164887","34165194","chr3","201400250","201400558","49","167235363"
"chr11","35694360","35694641","chr12","50134004","50134285","25","14439644"
"chr11","35742482","35742779","chr1","188584640","188584938","37","152842158"
"chr11","36564927","36565126","chr12","49273811","49273988","33","12708884"
"chr11","36984884","36985182","chr11","110419706","110420001","38","73434822"
"chr11","37181370","37181644","chr10","114560869","114561144","37","77379499"
"chr11","38525569","38525897","chr12","47286603","47286927","34","8761034"
"chr11","38539745","38539926","chr5","179708298","179708479","29","141168553"
"chr11","39637206","39637487","chr5","168877801","168878082","28","129240595"
"chr11","39731823","39732118","chr9","26544895","26545190","34","13186928"
"chr11","40066899","40067193","chr5","54230890","54231182","36","14163991"
"chr11","40646226","40646360","chr11","67099050","67099178","20","26452824"
"chr11","42527558","42527857","chr13","93822304","93822615","43","51294746"
"chr11","42557572","42557868","chr12","43271014","43271304","31","713442"
"chr11","42909126","42909411","chr9","79603255","79603538","35","36694129"
"chr11","43705681","43705988","chr12","122308758","122309058","38","78603077"
"chr11","44479790","44479839","chr15","83726252","83726303","25","39246462"
"chr11","45094195","45094502","chr12","40772111","40772417","21","4322084"
"chr11","45543250","45543346","chr4","2675187","2675256","30","42868063"
"chr11","45765964","45766264","chr11","110419706","110420001","36","64653742"
"chr11","45863610","45863908","chr6","35386974","35387269","36","10476636"
"chr11","45970771","45971064","chr4","169342583","169342876","34","123371812"
"chr11","46383854","46384147","chr18","28856401","28856701","28","17527453"
"chr11","46493967","46494268","chrX","40401590","40401897","37","6092377"
"chr11","46686158","46686463","chr3","151455813","151456122","41","104769655"
"chr11","47224214","47224358","chr5","91984626","91984799","48","44760412"
"chr11","47804551","47804837","chr5","168877801","168878082","35","121073250"
"chr11","49075426","49075725","chr5","350675","350976","33","48724751"
"chr11","49155059","49155368","chr5","148892368","148892667","46","99737309"
"chr11","49237963","49238263","chr12","36402810","36403112","26","12835153"
"chr11","49281499","49281766","chr2A","37951688","37951970","45","11329811"
"chr11","49377175","49377476","chr5","41128447","41128740","41","8248728"
"chr11","49524552","49524859","chr12","36116191","36116487","38","13408361"
"chr11","49639913","49640005","chr12","36002996","36003091","16","13636917"
"chr11","49713708","49713985","chr12","35926846","35927131","29","13786862"
"chr11","49896536","49896840","chr12","35751600","35751902","29","14144936"
"chr11","50283111","50283385","chr17","43712500","43712778","42","6570611"
"chr11","50374906","50375209","chr15","48173258","48173561","29","2201648"
"chr11","50427335","50427639","chr7","76502342","76502646","30","26075007"
"chr11","50568617","50568919","chr3","201400250","201400558","38","150831633"
"chr11","50708339","50708556","chr12","34882402","34882616","36","15825937"
"chr11","50791836","50792123","chr12","34798148","34798439","35","15993688"
"chr11","51992342","51992644","chrX","71687991","71688285","34","19695649"
"chr11","52030461","52030753","chr6","76870777","76871073","38","24840316"
"chr11","52047323","52047617","chr4","169342583","169342876","26","117295260"
"chr11","52258681","52258878","chr2B","194630686","194630888","32","142372005"
"chr11","52427234","52427544","chr12","32699485","32699781","33","19727749"
"chr11","52492822","52492874","chr17","11062823","11062873","28","41429999"
"chr11","52704148","52704431","chr15","25257479","25257757","46","27446669"
"chr11","53294688","53294996","chrX","15819246","15819549","34","37475442"
"chr11","53559784","53560099","chr12","31528263","31528569","46","22031521"
"chr11","54282963","54283119","chr15","91338865","91339021","23","37055902"
"chr11","54493564","54493841","chr2A","31440105","31440385","41","23053459"
"chr11","54834358","54834644","chr12","30297041","30297335","29","24537317"
"chr11","55702242","55702539","chr1","207829370","207829668","33","152127128"
"chr11","56257682","56257959","chr8","101244113","101244391","32","44986431"
"chr11","56784834","56785114","chr12","28328051","28328330","41","28456783"
"chr11","58291898","58292190","chr12","26816579","26816869","31","31475319"
"chr11","58664683","58664963","chr17","66057754","66058033","36","7393071"
"chr11","60504237","60504531","chr9","106152190","106152483","34","45647953"
"chr11","60644339","60644633","chr3","126590511","126590805","43","65946172"
"chr11","61706912","61707206","chr12","23399625","23399921","35","38307287"
"chr11","61839483","61839787","chr19","5778433","5778728","40","56061050"
"chr11","62849341","62849600","chr12","22228035","22228293","41","40621306"
"chr11","64199523","64199581","chr17","11062823","11062873","25","53136700"
"chr11","64767729","64768026","chr11","110419706","110420001","28","45651977"
"chr11","65106099","65106398","chr1","54821381","54821678","40","10284718"
"chr11","65676268","65676568","chr20","53777293","53777592","38","11898975"
"chr11","66161133","66161430","chr12","70857006","70857293","31","4695873"
"chr11","66734703","66735000","chr12","71425570","71425870","30","4690867"
"chr11","67444648","67444949","chr20","53777293","53777592","37","13667355"
"chr11","69539785","69540085","chr3","146310051","146310351","34","76770266"
"chr11","69728617","69728909","chr12","74525505","74525781","40","4796888"
"chr11","70749537","70749819","chr13","40460489","40460767","39","30289048"
"chr11","71174613","71174869","chr16","75464658","75464909","39","4290045"
"chr11","71758909","71759214","chr3","202786201","202786506","38","131027292"
"chr11","71969172","71969489","chrX","133850699","133851013","38","61881527"
"chr11","72351290","72351610","chr3","203702539","203702838","52","131351249"
"chr11","72918385","72918681","chr12","77713462","77713752","31","4795077"
"chr11","74179503","74179803","chr9","130989939","130990237","36","56810436"
"chr11","74312794","74313103","chr12","79120775","79121070","38","4807981"
"chr11","74653093","74653277","chr2B","189286822","189287010","30","114633729"
"chr11","74812793","74813092","chr17","41627992","41628290","34","33184801"
"chr11","75708030","75708310","chr6","115903121","115903401","32","40195091"
"chr11","75876476","75876759","chr8","82382573","82382860","48","6506097"
"chr11","76423049","76423339","chr12","81575673","81575957","44","5152624"
"chr11","76434620","76434947","chr2B","245525116","245525437","46","169090496"
"chr11","76569739","76570017","chr1","44255144","44255424","41","32314595"
"chr11","78060813","78061090","chr10","114560869","114561144","33","36500056"
"chr11","79057083","79057367","chr3","61825885","61826173","43","17231198"
"chr11","79324960","79325235","chr22","37369702","37369985","52","41955258"
"chr11","80455618","80455670","chr3","127527482","127527533","27","47071864"
"chr11","81071700","81072007","chr2A","70725628","70725935","41","10346072"
"chr11","81337754","81338106","chr12","86711252","86711558","66","5373498"
"chr11","82584933","82585241","chr12","87934960","87935267","25","5350027"
"chr11","82841098","82841367","chr12","88269175","88269440","29","5428077"
"chr11","83171139","83171460","chr4","183122576","183122891","46","99951437"
"chr11","84781827","84782137","chr8","63104122","63104425","44","21677705"
"chr11","85062596","85062892","chr3","190978307","190978607","39","105915711"
"chr11","85106594","85106886","chr6","71670237","71670532","35","13436357"
"chr11","86116454","86116777","chr12","91564873","91565171","46","5448419"
"chr11","88034135","88034422","chr19","9716915","9717202","37","78317220"
"chr11","88700795","88701083","chr3","15219656","15219944","25","73481139"
"chr11","88707394","88707673","chr1","183930965","183931244","26","95223571"
"chr11","88856997","88857280","chr1","20953555","20953840","30","67903442"
"chr11","89652014","89652300","chr2A","31440105","31440385","37","58211909"
"chr11","90219917","90220215","chr12","95802272","95802570","27","5582355"
"chr11","90411711","90412004","chr3","143278092","143278389","37","52866381"
"chr11","90726442","90726740","chr7","120015620","120015917","34","29289178"
"chr11","91441067","91441335","chr6","37010003","37010272","34","54431064"
"chr11","91441393","91441697","chrX","12638543","12638851","38","78802850"
"chr11","91542868","91543176","chr12","97187848","97188153","33","5644980"
"chr11","91595578","91595881","chr4","142904274","142904581","42","51308696"
"chr11","91766739","91767035","chr3","9408996","9409288","35","82357743"
"chr11","91844942","91845218","chr10","114560869","114561144","37","22715927"
"chr11","92510008","92510293","chr12","98165136","98165406","40","5655128"
"chr11","93083746","93084047","chr12","98767073","98767375","28","5683327"
"chr11","93209264","93209407","chr12","112550657","112550792","17","19341393"
"chr11","93333912","93334180","chr7","56939126","56939390","39","36394786"
"chr11","93451960","93452251","chr8","126575218","126575519","37","33123258"
"chr11","93753963","93754283","chr2A","111423582","111423906","54","17669619"
"chr11","94561525","94561730","chr12","100245582","100245790","27","5684057"
"chr11","95035744","95036004","chr16","75464658","75464909","45","19571086"
"chr11","95164136","95164436","chr17","13723870","13724174","33","81440266"
"chr11","95696410","95696711","chr6","20660791","20661093","37","75035619"
"chr11","95815142","95815439","chr21","37784588","37784886","31","58030554"
"chr11","95963356","95963485","chr11","9586958","9587085","42","86376398"
"chr11","96325911","96326210","chr8","61918149","61918444","38","34407762"
"chr11","97029535","97029845","chr3","47982635","47982933","46","49046900"
"chr11","97172369","97172663","chr12","70857006","70857293","45","26315363"
"chr11","97925561","97925853","chr15","92184245","92184545","43","5741316"
"chr11","99539855","99539961","chr17","14358130","14358238","11","85181725"
"chr11","99908340","99908628","chr1","62721037","62721325","32","37187303"
"chr11","100071626","100071929","chr12","105821364","105821662","37","5749738"
"chr11","100283119","100283401","chr5","168877801","168878082","34","68594682"
"chr11","100572311","100572615","chr8","63104122","63104425","32","37468189"
"chr11","100968725","100968780","chr11","18071282","18071348","28","82897443"
"chr11","101538825","101539120","chr6","35386974","35387269","39","66151851"
"chr11","101606902","101607200","chr4","187109232","187109529","29","85502330"
"chr11","102024355","102024640","chr1","164415659","164415950","27","62391304"
"chr11","102066451","102066752","chr7","40994538","40994847","38","61071913"
"chr11","102413520","102413805","chr11","71957030","71957316","39","30456490"
"chr11","102923554","102923789","chr12","108656767","108657004","28","5733213"
"chr11","103916883","103917173","chr5","79226160","79226455","34","24690723"
"chr11","103992604","103992663","chr15","83726252","83726303","25","20266352"
"chr11","105286730","105287029","chr20","3522629","3522926","41","101764101"
"chr11","105493540","105493967","chr10","56239949","56240274","146","49253591"
"chr11","105544466","105544744","chr13","62490986","62491262","30","43053480"
"chr11","105653329","105653458","chr6","151989788","151989918","12","46336459"
"chr11","105664673","105664966","chr11","3060770","3061065","32","102603903"
"chr11","105673947","105674256","chr12","111401719","111402021","31","5727772"
"chr11","105715327","105715635","chr12","111444999","111445310","31","5729672"
"chr11","105841451","105841527","chr6","15291504","15291571","33","90549947"
"chr11","105841540","105841597","chr15","83726252","83726303","21","22115288"
"chr11","105866636","105866942","chr3","47982635","47982933","55","57884001"
"chr11","105981989","105982067","chr11","18071282","18071348","31","87910707"
"chr11","105992135","105992302","chr6","162525883","162526054","25","56533748"
"chr11","106143413","106143717","chr8","131759549","131759848","37","25616136"
"chr11","106883986","106884278","chr6","153683020","153683310","30","46799034"
"chr11","106991737","106992033","chr11","110419706","110420001","43","3427969"
"chr11","107099098","107099396","chrX","71687991","71688285","32","35411107"
"chr11","107204091","107204395","chr12","112933582","112933882","34","5729491"
"chr11","107353350","107353486","chr6","11753379","11753534","40","95599971"
"chr11","107368893","107369168","chr4","132503450","132503724","39","25134557"
"chr11","108285600","108285897","chr3","47982635","47982933","33","60302965"
"chr11","108295099","108295407","chr14","74613745","74614052","37","33681354"
"chr11","108568329","108568386","chr3","127527482","127527533","28","18959153"
"chr11","109624553","109624852","chr17","41627992","41628290","39","67996561"
"chr11","110051410","110051706","chr10","69396106","69396414","45","40655304"
"chr11","111554941","111555243","chr5","79226160","79226455","36","32328781"
"chr11","112449294","112449580","chr1","29719627","29719916","35","82729667"
"chr11","113546228","113546537","chr1","129528337","129528634","43","15982109"
"chr11","113714152","113714454","chr19","5778433","5778728","42","107935719"
"chr11","114249006","114249263","chr7","33926261","33926520","42","80322745"
"chr11","114463983","114464265","chr12","120075469","120075750","24","5611486"
"chr11","115176678","115176969","chr6","153683020","153683310","28","38506342"
"chr11","115317829","115318115","chr2A","31440105","31440385","36","83877724"
"chr11","115459018","115459332","chr7","126105184","126105492","39","10646166"
"chr11","115607738","115608034","chr5","104891649","104891946","38","10716089"
"chr11","115624519","115624808","chr12","121220849","121221135","24","5596330"
"chr11","115742362","115742642","chr12","121338871","121339155","31","5596509"
"chr11","115820478","115820752","chr4","132503450","132503724","35","16682972"
"chr11","115951921","115952173","chr10","128022523","128022774","39","12070602"
"chr11","116115544","116115833","chr9","97407531","97407821","28","18708013"
"chr11","116664384","116664666","chr5","168877801","168878082","30","52213417"
"chr11","116712344","116712637","chr12","122308758","122309058","24","5596414"
"chr11","116751231","116751309","chr3","141294808","141294890","30","24543577"
"chr11","116751650","116751783","chr1","11883701","11883833","14","104867949"
"chr11","116783456","116783756","chr3","192148020","192148316","26","75364564"
"chr11","116919939","116920218","chr1","134101825","134102109","33","17181886"
"chr11","116994114","116994421","chr3","47982635","47982933","35","69011479"
"chr11","117464607","117464701","chr12","66811847","66811940","19","50652760"
"chr11","117516750","117517074","chr1","43970240","43970549","49","73546510"
"chr11","117711348","117711644","chr2A","105966702","105967010","42","11744646"
"chr11","118033693","118033998","chr12","1151923","1152229","37","116881770"
"chr11","118046580","118046873","chr3","47982635","47982933","37","70063945"
"chr11","118145001","118145180","chrX","99358790","99358967","32","18786211"
"chr11","118145477","118145619","chr10","103268874","103269021","24","14876603"
"chr11","118502537","118502677","chr12","124995941","124996086","17","6493404"
"chr11","118614043","118614172","chr5","143013879","143014005","15","24399836"
"chr11","118650739","118651032","chr11","35734034","35734329","32","82916705"
"chr11","118670010","118670293","chr9","92264832","92265126","55","26405178"
"chr11","118698476","118698605","chr13","23302647","23302776","22","95395829"
"chr11","118699526","118699687","chr9","104424164","104424329","31","14275362"
"chr11","119034780","119035078","chr20","39425559","39425857","30","79609221"
"chr11","119115546","119115842","chr3","191717604","191717900","32","72602058"
"chr11","119118478","119118838","chr3","167654667","167655006","91","48536189"
"chr11","119951454","119951757","chr7","146549797","146550097","36","26598343"
"chr11","120006831","120007131","chr12","122308758","122309058","35","2301927"
"chr11","120078577","120078695","chr12","126596170","126596288","8","6517593"
"chr11","120147686","120147978","chr8","61918149","61918444","32","58229537"
"chr11","120431912","120432220","chrX","15819246","15819549","28","104612666"
"chr11","121075599","121075898","chr3","190978307","190978607","29","69902708"
"chr11","122308258","122308551","chr10","93128073","93128364","41","29180185"
"chr11","122563375","122563549","chr1","159133655","159133822","35","36570280"
"chr11","122563587","122563709","chr2A","36285122","36285243","17","86278465"
"chr11","122617741","122617922","chr18","14399984","14400164","32","108217757"
"chr11","122669154","122669382","chr3","146560773","146561000","33","23891619"
"chr11","122832751","122833061","chr17","78657006","78657314","38","44175745"
"chr11","123066173","123066486","chr22","44681192","44681501","40","78384981"
"chr11","123923198","123923494","chr1","178612656","178612947","33","54689458"
"chr11","124254738","124255045","chr12","130728478","130728789","41","6473740"
"chr11","124985312","124985572","chr3","188434140","188434394","38","63448828"
"chr11","126126536","126126823","chr3","121463422","121463712","42","4663114"
"chr11","126969292","126969597","chr20","53777293","53777592","34","73191999"
"chr11","127266103","127266404","chr1","204259241","204259546","37","76993138"
"chr11","128245161","128245433","chr19","1851718","1851989","25","126393443"
"chr11","128282625","128282898","chr18","33248270","33248549","39","95034355"
"chr12","7339785","7340101","chr9","130580438","130580748","40","123240653"
"chr12","10747829","10748135","chr17","13723870","13724174","38","2976041"
"chr12","62692","62752","chr15","83726252","83726303","25","83663560"
"chr12","62885","62898","chr5","43633117","43633128","6","43570232"
"chr12","287116","287422","chr5","125726220","125726527","42","125439104"
"chr12","350507","350748","chr9","137920992","137921235","21","137570485"
"chr12","362022","362320","chr6","118423541","118423833","33","118061519"
"chr12","451136","451446","chr7","40994538","40994847","39","40543402"
"chr12","667148","667451","chr9","137579998","137580297","29","136912850"
"chr12","1258476","1258770","chr9","136960186","136960477","40","135701710"
"chr12","1474189","1474484","chr9","136755559","136755847","26","135281370"
"chr12","1933020","1933311","chr8","45317030","45317330","36","43384010"
"chr12","2239532","2239813","chr9","124989046","124989328","33","122749514"
"chr12","2239839","2239856","chr5","43633117","43633128","7","41393278"
"chr12","2379623","2379832","chr10","111842757","111842965","29","109463134"
"chr12","2706988","2707298","chr4","14476522","14476830","42","11769534"
"chr12","4017102","4017404","chrX","15819246","15819549","38","11802144"
"chr12","6399040","6399347","chr5","79226160","79226455","41","72827120"
"chr12","6760126","6760424","chr17","13723870","13724174","34","6963744"
"chr12","6790561","6790841","chr9","131115962","131116241","25","124325401"
"chr12","6790885","6790914","chr14","59640509","59640533","9","52849624"
"chr12","6796013","6796321","chr21","38190683","38190991","41","31394670"
"chr12","6916216","6916512","chr9","130989939","130990237","33","124073723"
"chr12","7581580","7581857","chr14","48313088","48313384","42","40731508"
"chr12","8065076","8065370","chr19","9994363","9994652","26","1929287"
"chr12","8238060","8238209","chr11","60484581","60484730","14","52246521"
"chr12","8413147","8413451","chr9","129517532","129517824","42","121104385"
"chr12","8572628","8572926","chr9","129359798","129360095","24","120787170"
"chr12","8608602","8608851","chr10","128022523","128022774","28","119413921"
"chr12","8614251","8614334","chr3","127527482","127527533","36","118913231"
"chr12","8614345","8614478","chr2A","100694978","100695111","17","92080633"
"chr12","9087042","9087185","chr12","122703610","122703750","16","113616568"
"chr12","9187893","9188174","chr3","72793870","72794154","51","63605977"
"chr12","9425913","9426179","chr13","71686919","71687176","60","62261006"
"chr12","10067448","10067578","chr2A","100694978","100695111","19","90627530"
"chr12","10190030","10190323","chr5","140242755","140243046","31","130052725"
"chr12","10286749","10287038","chr1","178612656","178612947","21","168325907"
"chr12","10340056","10340212","chr4","52232148","52232313","25","41892092"
"chr12","10340508","10340518","chr5","43633117","43633128","5","33292609"
"chr12","10483883","10484164","chr3","100247587","100247856","54","89763704"
"chr12","10767849","10768149","chr5","79226160","79226455","39","68458311"
"chr12","12000250","12000554","chrX","114691755","114692055","37","102691505"
"chr12","12435801","12436093","chr7","109757793","109758085","33","97321992"
"chr12","12805304","12805618","chr21","35131858","35132167","37","22326554"
"chr12","12825813","12826108","chr6","76870777","76871073","30","64044964"
"chr12","12936642","12936771","chr2B","178713160","178713291","9","165776518"
"chr12","12995931","12996212","chr20","57888176","57888460","39","44892245"
"chr12","13092386","13092676","chr6","76870777","76871073","45","63778391"
"chr12","13300525","13300655","chr6","151989788","151989918","6","138689263"
"chr12","13438198","13438502","chr6","109443167","109443476","38","96004969"
"chr12","13502397","13502449","chr9","131115865","131115900","29","117613468"
"chr12","13516662","13516946","chr6","42919197","42919481","47","29402535"
"chr12","13706324","13706621","chr6","153683020","153683310","41","139976696"
"chr12","14550224","14550528","chr6","141506293","141506596","39","126956069"
"chr12","17318626","17318917","chr12","40024736","40025028","38","22706110"
"chr12","17770260","17770513","chr2A","102264625","102264881","32","84494365"
"chr12","18101800","18102085","chr19","9716915","9717202","32","8384885"
"chr12","19593765","19594062","chr4","154027941","154028238","43","134434176"
"chr12","20098558","20098857","chr3","126590511","126590805","35","106491953"
"chr12","20871473","20871725","chr9","118180893","118181143","31","97309420"
"chr12","22138393","22138695","chr9","116929275","116929574","28","94790882"
"chr12","23459389","23459668","chr8","101074582","101074861","30","77615193"
"chr12","23473894","23474192","chr1","129528337","129528634","35","106054443"
"chr12","24884425","24884719","chr4","41241129","41241423","32","16356704"
"chr12","25495584","25495884","chr3","15219656","15219944","45","10275928"
"chr12","26304112","26304393","chr20","1282379","1282668","37","25021733"
"chr12","26454112","26454417","chr18","47734150","47734450","36","21280038"
"chr12","26685851","26686159","chr3","190978307","190978607","48","164292456"
"chr12","26760988","26761279","chr9","112044795","112045089","27","85283807"
"chr12","27520054","27520359","chr17","13723870","13724174","28","13796184"
"chr12","27545700","27545958","chr19","59210180","59210455","48","31664480"
"chr12","27827634","27827939","chr22","49131217","49131525","34","21303583"
"chr12","28681487","28681786","chr8","63104122","63104425","37","34422635"
"chr12","30824543","30824825","chr9","108066895","108067191","36","77242352"
"chr12","31681302","31681581","chr5","168877801","168878082","32","137196499"
"chr12","31902316","31902604","chr18","39085478","39085769","43","7183162"
"chr12","32104827","32104864","chr19","53911271","53911295","14","21806444"
"chr12","32443101","32443397","chr9","106435355","106435660","36","73992254"
"chr12","32465579","32465877","chr9","84961280","84961575","36","52495701"
"chr12","32739340","32739628","chr9","106152190","106152483","28","73412850"
"chr12","33334600","33334881","chr9","105547372","105547636","44","72212772"
"chr12","33682972","33683271","chr9","105193483","105193793","40","71510511"
"chr12","33841648","33841980","chr9","104978663","104978964","58","71137015"
"chr12","34351645","34351936","chr5","94341395","94341684","30","59989750"
"chr12","34382577","34382874","chr6","2975295","2975595","40","31407282"
"chr12","34386812","34386993","chr9","84575980","84576150","27","50189168"
"chr12","34408739","34409025","chr1","14048400","14048692","40","20360339"
"chr12","34843827","34844127","chr6","2975295","2975595","40","31868532"
"chr12","35156087","35156375","chr19","45478677","45478960","28","10322590"
"chr12","35427571","35427834","chr1","129238717","129238983","42","93811146"
"chr12","35454286","35454555","chr5","48373472","48373741","41","12919186"
"chr12","36811950","36812263","chr2A","70725628","70725935","57","33913678"
"chr12","37844723","37845016","chr4","154731509","154731805","25","116886786"
"chr12","37959582","37959874","chr1","129528337","129528634","30","91568755"
"chr12","38903958","38904261","chrX","99358492","99358789","34","60454534"
"chr12","38926245","38926545","chr8","63104122","63104425","37","24177877"
"chr12","40018029","40018312","chr9","98612519","98612808","30","58594490"
"chr12","40082680","40082971","chr2A","89376142","89376432","50","49293462"
"chr12","41057965","41058054","chr11","18071282","18071348","44","22986683"
"chr12","41159141","41159424","chr9","97467923","97468207","32","56308782"
"chr12","41222824","41223118","chr9","97407531","97407821","33","56184707"
"chr12","41374102","41374393","chr3","185314437","185314731","32","143940335"
"chr12","41700330","41700626","chr12","26721656","26721960","41","14978674"
"chr12","42538700","42538988","chr9","38827008","38827300","23","3711692"
"chr12","43355036","43355341","chr9","38003531","38003831","29","5351505"
"chr12","44722545","44722803","chr7","33926261","33926520","35","10796284"
"chr12","45058695","45058980","chr9","36198654","36198947","36","8860041"
"chr12","45146092","45146400","chr11","65684249","65684557","37","20538157"
"chr12","46287838","46288101","chr12","86425474","86425746","41","40137636"
"chr12","46507020","46507313","chr9","34731036","34731326","37","11775984"
"chr12","46519982","46520284","chr9","34715384","34715682","20","11804598"
"chr12","46648268","46648561","chr11","110419706","110420001","33","63771438"
"chr12","46785542","46785782","chr2A","102009724","102009957","46","55224182"
"chr12","46881893","46882072","chr5","95452781","95452949","37","48570888"
"chr12","46969535","46969841","chr3","9143569","9143872","43","37825966"
"chr12","49563904","49564216","chr1","129528337","129528634","54","79964433"
"chr12","50385475","50385776","chr1","129528337","129528634","36","79142862"
"chr12","51017421","51017722","chr9","130989939","130990237","44","79972518"
"chr12","51617290","51617588","chr4","169342583","169342876","34","117725293"
"chr12","52113422","52113726","chr17","13723870","13724174","43","38389552"
"chr12","52507819","52508118","chr3","9143569","9143872","33","43364250"
"chr12","52534438","52534696","chr13","71686919","71687176","45","19152481"
"chr12","52777476","52777781","chr7","126105184","126105492","36","73327708"
"chr12","52951754","52952045","chr5","94341395","94341684","28","41389641"
"chr12","55315301","55315545","chr1","146779193","146779461","59","91463892"
"chr12","55986302","55986604","chr3","68609811","68610110","39","12623509"
"chr12","56854346","56854619","chr5","113994619","113994896","35","57140273"
"chr12","58665921","58666221","chr1","129528337","129528634","33","70862416"
"chr12","59926117","59926262","chr9","20284789","20284936","20","39641328"
"chr12","60339965","60340266","chr5","143509320","143509612","28","83169355"
"chr12","60405010","60405307","chr1","129528337","129528634","46","69123327"
"chr12","60604952","60604995","chr8","34999002","34999050","11","25605950"
"chr12","61439093","61439183","chrUn_NW_014014512v1","4","79","31","61439089"
"chr12","62000001","62000287","chr12","6089410","6089691","45","55910591"
"chr12","62284370","62284678","chr9","17685918","17686215","33","44598452"
"chr12","62734473","62734754","chr15","25257479","25257757","38","37476994"
"chr12","62987858","62988149","chr9","70186079","70186380","45","7198221"
"chr12","63069140","63069429","chr5","53320013","53320304","35","9749127"
"chr12","63316625","63316922","chr1","218577414","218577711","36","155260789"
"chr12","64188344","64188633","chr1","134957856","134958144","27","70769512"
"chr12","64238628","64238819","chr2B","194630686","194630888","30","130392058"
"chr12","64475071","64475365","chr2A","27348669","27348962","52","37126402"
"chr12","66302326","66302604","chr8","94373635","94373912","35","28071309"
"chr12","67508410","67508467","chr11","18071282","18071348","27","49437128"
"chr12","68185077","68185226","chr4","160997445","160997590","28","92812368"
"chr12","70673732","70674046","chr5","139733855","139734163","45","69060123"
"chr12","70966889","70967173","chr5","168877801","168878082","42","97910912"
"chr12","70983673","70983932","chr10","128022523","128022774","38","57038850"
"chr12","71652159","71652437","chr5","134611842","134612119","39","62959683"
"chr12","72651703","72651970","chr1","129238717","129238983","40","56587014"
"chr12","72700369","72700670","chr1","26540483","26540782","40","46159886"
"chr12","72757980","72758293","chr3","9143569","9143872","44","63614411"
"chr12","72829649","72829952","chr17","68962818","68963120","31","3866831"
"chr12","72890308","72890594","chr17","75600981","75601272","25","2710673"
"chr12","73551341","73551457","chr9","5951194","5951300","20","67600147"
"chr12","73804322","73804613","chr9","5709933","5710213","37","68094389"
"chr12","73982382","73982682","chr9","5529685","5529981","29","68452697"
"chr12","75137109","75137409","chr9","4419605","4419909","22","70717504"
"chr12","75515978","75516273","chr5","350675","350976","34","75165303"
"chr12","77654764","77655072","chr10","69396106","69396414","39","8258658"
"chr12","78144018","78144194","chr6","43805497","43805674","25","34338521"
"chr12","79003790","79004086","chr9","499694","499987","32","78504096"
"chr12","81371990","81372287","chr3","160397043","160397339","36","79025053"
"chr12","82248228","82248524","chr9","69924797","69925096","27","12323431"
"chr12","82507501","82507797","chr15","92184245","92184545","32","9676744"
"chr12","83053611","83053899","chr1","134957856","134958144","36","51904245"
"chr12","83086914","83087219","chr17","13723870","13724174","39","69363044"
"chr12","83246359","83246641","chr18","20401830","20402112","35","62844529"
"chr12","83268466","83268753","chr7","121364366","121364643","38","38095900"
"chr12","83514957","83515262","chr1","102302386","102302692","35","18787429"
"chr12","83572460","83572603","chr3","143378569","143378712","23","59806109"
"chr12","83599694","83599993","chr9","97258024","97258323","34","13658330"
"chr12","84516849","84517156","chr9","97258024","97258323","34","12741175"
"chr12","85705068","85705378","chr16","54389884","54390188","35","31315184"
"chr12","87797418","87797711","chr21","37784588","37784886","38","50012830"
"chr12","87947137","87947382","chr3","190797088","190797323","63","102849951"
"chr12","87973365","87973646","chr1","183930965","183931244","36","95957600"
"chr12","88054582","88054855","chr12","114042218","114042491","33","25987636"
"chr12","88508430","88508723","chr6","153683020","153683310","31","65174590"
"chr12","89288835","89289126","chr9","77214890","77215188","39","12073945"
"chr12","89666709","89666975","chr9","77608553","77608819","21","12058156"
"chr12","89977776","89978074","chr11","64026312","64026611","30","25951464"
"chr12","90492650","90492948","chr5","148892368","148892667","34","58399718"
"chr12","90625418","90625658","chr1","152838239","152838489","56","62212821"
"chr12","91028438","91028605","chr1","110570243","110570399","50","19541805"
"chr12","91028787","91028970","chr5","48753909","48754099","56","42274878"
"chr12","91621694","91621979","chr9","79603255","79603538","27","12018439"
"chr12","91773955","91774241","chr2B","201382595","201382888","46","109608640"
"chr12","92531298","92531587","chr17","14358481","14358769","34","78172817"
"chr12","92547643","92547942","chr5","11971736","11972032","35","80575907"
"chr12","92674845","92675149","chr1","102302386","102302692","41","9627541"
"chr12","92864072","92864380","chrX","15819246","15819549","43","77044826"
"chr12","93320077","93320292","chr9","74128466","74128683","23","19191611"
"chr12","93889211","93889543","chr1","28547325","28547639","59","65341886"
"chr12","94162812","94163115","chrX","15819246","15819549","32","78343566"
"chr12","94400525","94400808","chr2A","31440105","31440385","41","62960420"
"chr12","94669260","94669567","chr21","38190683","38190991","40","56478577"
"chr12","94738297","94738575","chr8","101244113","101244391","36","6505816"
"chr12","94912223","94912521","chr5","51477200","51477500","40","43435023"
"chr12","95053226","95053487","chr15","83067261","83067529","42","11985965"
"chr12","95171639","95171888","chr1","129238717","129238983","42","34067078"
"chr12","95299536","95299832","chr10","27263469","27263764","30","68036067"
"chr12","95709257","95709539","chr9","84248410","84248701","34","11460847"
"chr12","96043010","96043195","chr13","21066147","21066338","22","74976863"
"chr12","96200010","96200316","chr12","36402810","36403112","39","59797200"
"chr12","96350900","96351184","chrX","50086415","50086700","32","46264485"
"chr12","96435048","96435377","chr9","84961280","84961575","54","11473768"
"chr12","97024452","97024746","chr19","40164309","40164610","44","56860143"
"chr12","97406350","97406585","chr9","85946581","85946824","26","11459769"
"chr12","97602383","97602686","chr9","86149176","86149483","34","11453207"
"chr12","98504050","98504323","chr8","78884750","78885024","39","19619300"
"chr12","98540824","98541103","chr7","2756548","2756829","31","95784276"
"chr12","98544552","98544832","chrX","44181035","44181315","35","54363517"
"chr12","98957851","98958151","chr4","154027941","154028238","40","55070090"
"chr12","100202585","100202857","chr18","59999726","59999999","46","40202859"
"chr12","100458290","100458596","chrUn_NW_014017165v1","966983","967289","35","99491307"
"chr12","100502290","100502594","chr2A","70725628","70725935","34","29776662"
"chr12","100625111","100625425","chr9","89273537","89273843","33","11351574"
"chr12","100995633","100995907","chr15","25257479","25257757","33","75738154"
"chr12","101594961","101595182","chr9","81419160","81419384","41","20175801"
"chr12","102214369","102214670","chr3","190978307","190978607","32","88763938"
"chr12","102237457","102237764","chr16","54389884","54390188","32","47847573"
"chr12","102879931","102880222","chr9","91544839","91545132","26","11335092"
"chr12","103462116","103462418","chr2A","30858828","30859128","34","72603288"
"chr12","103559627","103559909","chr9","115609233","115609513","34","12049606"
"chr12","105152439","105152735","chr4","169342583","169342876","37","64190144"
"chr12","105313564","105313854","chr3","162459689","162459963","47","57146125"
"chr12","105515615","105515913","chr3","190978307","190978607","37","85462692"
"chr12","105601101","105601372","chrUn_NW_014018245v1","852","1129","38","105600249"
"chr12","107107730","107108038","chr17","75312380","75312686","36","31795350"
"chr12","107150079","107150380","chr1","20829654","20829955","33","86320425"
"chr12","107186259","107186553","chr14","61201436","61201730","27","45984823"
"chr12","107458836","107459143","chr3","201400250","201400558","35","93941414"
"chr12","107531617","107531925","chr2A","70725628","70725935","38","36805989"
"chr12","107701605","107701906","chr5","181092486","181092782","42","73390881"
"chr12","107743791","107744071","chr17","68509083","68509379","46","39234708"
"chr12","108429420","108429715","chr15","60888293","60888593","34","47541127"
"chr13","257577","257864","chr3","15219656","15219944","24","14962079"
"chr13","446934","447220","chr6","169964116","169964404","32","169517182"
"chr13","1476303","1476594","chr1","161926104","161926400","40","160449801"
"chr13","2987621","2987673","chr17","11062823","11062873","28","8075202"
"chr13","2987685","2987850","chr6","161343636","161343795","30","158355951"
"chr13","3549869","3550074","chr6","79971818","79972032","22","76421949"
"chr13","3634799","3635080","chr8","101074582","101074861","40","97439783"
"chr13","5941065","5941367","chrX","15819246","15819549","42","9878181"
"chr13","5992098","5992374","chr10","23495805","23496084","39","17503707"
"chr13","6030418","6030710","chr6","153683020","153683310","34","147652602"
"chr13","7177365","7177661","chrX","22050191","22050484","32","14872826"
"chr13","7369090","7369398","chr6","83860818","83861120","32","76491728"
"chr13","7761840","7762141","chr6","84259580","84259877","27","76497740"
"chr13","7863229","7863507","chr6","84356712","84356991","23","76493483"
"chr13","7897886","7898188","chr6","3307252","3307557","30","4590634"
"chr13","8122403","8122623","chr2A","33799326","33799544","33","25676923"
"chr13","8438663","8438838","chr4","52232148","52232313","35","43793485"
"chr13","11602010","11602284","chr13","62490986","62491262","45","50888976"
"chr13","11923693","11923986","chr6","88591394","88591697","46","76667701"
"chr13","12219152","12219339","chr19","56841339","56841526","27","44622187"
"chr13","12407079","12407374","chrX","22050191","22050484","30","9643112"
"chr13","12485700","12486003","chr1","129528337","129528634","43","117042637"
"chr13","13452872","13453111","chr19","1720794","1721033","29","11732078"
"chr13","13844899","13845189","chr5","54944534","54944829","44","41099635"
"chr13","14148371","14148655","chr4","95798384","95798673","50","81650013"
"chr13","14430466","14430638","chr6","162525883","162526054","20","148095417"
"chr13","14621355","14621525","chr4","52232148","52232313","28","37610793"
"chr13","16127867","16128167","chr5","166605772","166606072","35","150477905"
"chr13","16406242","16406537","chr21","37784588","37784886","34","21378346"
"chr13","17146362","17146648","chr8","122722173","122722453","46","105575811"
"chr13","17153636","17153910","chr6","93466601","93466876","20","76312965"
"chr13","17252893","17253200","chr6","93561002","93561307","33","76308109"
"chr13","17254309","17254473","chr14","90462302","90462465","62","73207993"
"chr13","17949644","17949961","chr19","9381109","9381432","48","8568535"
"chr13","19062531","19062612","chr3","141294808","141294890","40","122232277"
"chr13","19562173","19562227","chr15","83726252","83726303","18","64164079"
"chr13","20347966","20348270","chr1","207829370","207829668","45","187481404"
"chr13","20512110","20512240","chr1","11883701","11883833","15","8628409"
"chr13","21156055","21156363","chr8","63104122","63104425","44","41948067"
"chr13","21416251","21416507","chr12","129564855","129565107","88","108148604"
"chr13","21436755","21436822","chr10","12294695","12294775","18","9142060"
"chr13","21855011","21855317","chr1","179902973","179903281","33","158047962"
"chr13","21956394","21956660","chr7","33926261","33926520","29","11969867"
"chr13","22258389","22258683","chr6","35369030","35369319","41","13110641"
"chr13","23031805","23032081","chr14","57237877","57238138","57","34206072"
"chr13","23264662","23264764","chr2B","120046164","120046266","19","96781502"
"chr13","23832798","23833094","chr17","36878006","36878303","41","13045208"
"chr13","24183196","24183480","chr1","134101825","134102109","33","109918629"
"chr13","24341999","24342299","chr7","48182271","48182573","42","23840272"
"chr13","24779314","24779603","chr20","1282379","1282668","41","23496935"
"chr13","24987906","24988059","chr8","132369148","132369278","37","107381242"
"chr13","25085732","25086038","chrX","12638543","12638851","42","12447189"
"chr13","28427651","28427954","chr8","63104122","63104425","34","34676471"
"chr13","28734955","28735281","chr22","44681192","44681501","65","15946237"
"chr13","28775481","28775772","chr17","46062057","46062349","28","17286576"
"chr13","30060490","30060798","chr7","40994538","40994847","41","10934048"
"chr13","30199670","30199981","chr7","81549863","81550171","41","51350193"
"chr13","33716727","33717029","chr3","188936705","188937006","34","155219978"
"chr13","33921343","33921660","chr6","141298938","141299243","57","107377595"
"chr13","33947176","33947446","chr16","74159473","74159742","44","40212297"
"chr13","34024056","34024337","chr5","168877801","168878082","34","134853745"
"chr13","34049162","34049470","chr5","139733855","139734163","38","105684693"
"chr13","34062487","34062804","chr8","63104122","63104425","49","29041635"
"chr13","34110072","34110376","chr11","65684249","65684557","33","31574177"
"chr13","34242190","34242485","chr6","31851071","31851367","34","2391119"
"chr13","35047084","35047364","chr6","140201435","140201728","37","105154351"
"chr13","35756247","35756506","chr7","33926261","33926520","40","1829986"
"chr13","36155031","36155332","chr9","70186079","70186380","38","34031048"
"chr13","37092476","37092758","chr6","138180782","138181077","47","101088306"
"chr13","37228443","37228744","chr17","41627992","41628290","43","4399549"
"chr13","38784861","38785157","chr17","41627992","41628290","33","2843131"
"chr13","39867290","39867598","chr13","93822304","93822615","43","53955014"
"chr13","41366900","41367202","chr3","190978307","190978607","39","149611407"
"chr13","41521430","41521723","chr7","109757793","109758085","33","68236363"
"chr13","41963621","41963911","chr6","133497864","133498156","21","91534243"
"chr13","42605053","42605330","chr4","132503450","132503724","40","89898397"
"chr13","42716708","42716991","chr22","31901115","31901406","35","10815593"
"chr13","44025770","44026063","chr2A","65353874","65354164","32","21328104"
"chr13","44372542","44372826","chr1","217141048","217141329","35","172768506"
"chr13","45434374","45434642","chr1","183930965","183931244","49","138496591"
"chr13","46320422","46320706","chr19","45478677","45478960","26","841745"
"chr13","47876702","47877000","chr6","127745506","127745790","35","79868804"
"chr13","50552746","50552856","chrX","9877782","9877893","10","40674964"
"chr13","51101287","51101536","chr19","51178335","51178581","31","77048"
"chr13","51101547","51101765","chr12","34882402","34882616","30","16219145"
"chr13","51566548","51566838","chr9","106965623","106965913","35","55399075"
"chr13","52415739","52416034","chr17","76391630","76391922","36","23975891"
"chr13","53776413","53776683","chr14","90831899","90832164","36","37055486"
"chr13","54012509","54012796","chr5","54230890","54231182","44","218381"
"chr13","55815884","55816187","chr3","201400250","201400558","35","145584366"
"chr13","57337436","57337565","chr20","49306880","49307010","11","8030556"
"chr13","57673349","57673643","chr21","32637680","32637973","39","25035669"
"chr13","57735949","57736250","chr2B","162803846","162804139","40","105067897"
"chr13","58312076","58312340","chr1","146779193","146779461","39","88467117"
"chr13","59789498","59789778","chr6","115903121","115903401","22","56113623"
"chr13","59977255","59977345","chr7","26497973","26498048","36","33479282"
"chr13","60467411","60467705","chr6","115237387","115237684","26","54769976"
"chr13","61221456","61221755","chr20","39425559","39425857","43","21795897"
"chr13","62515234","62515522","chr17","75183731","75184026","40","12668497"
"chr13","62854309","62854607","chr6","112900669","112900983","46","50046360"
"chr13","63177553","63177853","chr7","40994538","40994847","35","22183015"
"chr13","64025393","64025687","chr5","54230890","54231182","33","9794503"
"chr13","64038226","64038517","chr14","92072400","92072692","31","28034174"
"chr13","64432516","64432813","chr6","111286704","111286999","34","46854188"
"chr13","64516444","64516719","chr19","59500001","59500277","30","5016443"
"chr13","64581904","64582212","chr5","139733855","139734163","44","75151951"
"chr13","64582476","64582758","chr5","113994619","113994896","55","49412143"
"chr13","64630328","64630598","chr1","12511073","12511344","34","52119255"
"chr13","64972564","64972860","chr15","92184245","92184545","34","27211681"
"chr13","65156025","65156194","chr2B","131296842","131297018","32","66140817"
"chr13","65714466","65714773","chr18","55495500","55495805","36","10218966"
"chr13","66093879","66094160","chr1","178612656","178612947","40","112518777"
"chr13","66409701","66409992","chr5","41128447","41128740","30","25281254"
"chr13","66739044","66739351","chrX","15819246","15819549","28","50919798"
"chr13","67193755","67194053","chr12","35751600","35751902","45","31442155"
"chr13","67201895","67202203","chr6","108301781","108302083","31","41099886"
"chr13","67442053","67442329","chr22","39920256","39920532","36","27521797"
"chr13","67459159","67459444","chr13","70496067","70496327","60","3036908"
"chr13","68374581","68374890","chr2A","70725628","70725935","41","2351047"
"chr13","68392374","68392661","chr6","107105410","107105702","30","38713036"
"chr13","68423557","68423850","chr2A","6060442","6060740","31","62363115"
"chr13","68613004","68613281","chr10","11452095","11452371","38","57160909"
"chr13","68619728","68620011","chr7","142352710","142352990","29","73732982"
"chr13","68886973","68887158","chr22","48139487","48139666","41","20747486"
"chr13","68919210","68919495","chr4","89813448","89813732","41","20894238"
"chr13","68944620","68944923","chr8","45317030","45317330","34","23627590"
"chr13","68959880","68960177","chr3","138854393","138854689","37","69894513"
"chr13","70548504","70548737","chrX","10383906","10384140","43","60164598"
"chr13","71761257","71761546","chr5","53320013","53320304","40","18441244"
"chr13","73717573","73717872","chr4","74057791","74058089","27","340218"
"chr13","74617845","74618127","chr9","107188272","107188556","38","32570427"
"chr13","74983025","74983316","chr6","100610554","100610843","30","25627529"
"chr13","75978613","75978779","chr6","99622927","99623101","18","23644314"
"chr13","76618734","76619029","chr6","99003669","99003958","32","22384935"
"chr13","76671445","76671656","chr6","79971818","79972032","46","3300373"
"chr13","77037831","77038125","chr6","98579220","98579510","27","21541389"
"chr13","77685378","77685687","chr7","76502342","76502646","39","1183036"
"chr13","77981369","77981420","chr22","22266059","22266104","16","55715310"
"chr13","78295697","78295994","chr8","63104122","63104425","44","15191575"
"chr13","78390655","78390942","chr3","15219656","15219944","34","63170999"
"chr13","78618022","78618327","chrUn_NW_014017165v1","966983","967289","34","77651039"
"chr13","78858371","78858662","chr6","153912761","153913056","30","75054390"
"chr13","78931239","78931443","chr8","1720266","1720472","31","77210973"
"chr13","78967509","78967816","chr6","154020042","154020349","31","75052533"
"chr13","79373160","79373460","chr15","60888293","60888593","33","18484867"
"chr13","79610478","79610717","chr9","85946581","85946824","29","6336103"
"chr13","79630449","79630735","chr3","70938478","70938766","39","8691971"
"chr13","79757906","79758180","chr3","60436738","60437011","54","19321168"
"chr13","80430093","80430397","chr1","14176343","14176638","51","66253750"
"chr13","80889050","80889344","chr7","138070851","138071143","34","57181801"
"chr13","81187593","81187899","chr1","132632676","132632976","43","51445083"
"chr13","81277913","81278207","chr6","156257164","156257462","32","74979251"
"chr13","81381680","81381975","chr6","156345532","156345833","28","74963852"
"chr13","81794034","81794312","chr16","24344624","24344896","49","57449410"
"chr13","81984884","81985181","chr6","158226803","158227100","18","76241919"
"chr13","82013769","82014067","chr6","158256141","158256429","41","76242372"
"chr13","82026423","82026509","chr11","18071282","18071348","40","63955141"
"chr13","82083165","82083475","chr6","158328288","158328592","27","76245123"
"chr13","82229358","82229413","chr3","127527482","127527533","26","45298124"
"chr13","84567147","84567441","chr6","160754191","160754489","27","76187044"
"chr13","84587520","84587820","chr1","129528337","129528634","42","44940817"
"chr13","84631596","84631902","chr4","152485644","152485949","38","67854048"
"chr13","85004927","85005230","chrX","15819246","15819549","32","69185681"
"chr13","85110326","85110387","chr11","18071282","18071348","27","67039044"
"chr13","86003369","86003662","chr8","63104122","63104425","50","22899247"
"chr13","86118527","86118837","chr19","57286695","57287000","40","28831832"
"chr13","86143930","86144096","chr14","50912573","50912739","23","35231357"
"chr13","86144397","86144540","chr12","122703610","122703750","18","36559213"
"chr13","86335366","86335647","chr12","6089410","6089691","37","80245956"
"chr13","86342425","86342710","chr6","118423541","118423833","35","32081116"
"chr13","86384820","86385078","chr6","161709963","161710210","30","75325143"
"chr13","86558914","86559220","chr12","122308758","122309058","37","35749844"
"chr13","86906339","86906591","chr13","40619311","40619582","53","46287028"
"chr13","87173946","87174285","chr3","103628900","103629226","59","16454954"
"chr13","87442393","87442698","chr17","13723870","13724174","33","73718523"
"chr13","87496798","87496943","chr6","66630374","66630519","16","20866424"
"chr13","88219537","88219819","chr10","4698375","4698653","45","83521162"
"chr13","88817339","88817643","chr6","38412888","38413191","39","50404451"
"chr13","88974655","88974957","chr17","53764873","53765164","50","35209782"
"chr13","89382477","89382773","chr3","47982635","47982933","36","41399842"
"chr13","89393238","89393584","chr2A","111423582","111423906","89","22030344"
"chr13","90068846","90069082","chr10","128022523","128022774","52","37953677"
"chr13","90156383","90156680","chr4","3001176","3001475","44","87155207"
"chr13","90364459","90364737","chr8","101074582","101074861","37","10710123"
"chr13","90515058","90515343","chr4","111032840","111033121","44","20517782"
"chr13","90999582","90999850","chr16","60903178","60903442","39","30096404"
"chr13","91191473","91191590","chr6","166498968","166499077","18","75307495"
"chr13","91876390","91876704","chr5","83135152","83135458","47","8741238"
"chr13","92020450","92020743","chr2A","54241192","54241484","36","37779258"
"chr13","92331554","92331857","chr6","167605748","167606053","26","75274194"
"chr13","93802161","93802235","chr11","18071282","18071348","30","75730879"
"chr13","93879806","93880114","chr7","40994538","40994847","42","52885268"
"chr13","94355409","94355695","chr6","169570052","169570340","30","75214643"
"chr13","94687222","94687414","chr5","38843045","38843240","25","55844177"
"chr13","94775345","94775626","chr6","169964116","169964404","33","75188771"
"chr13","95718392","95718674","chr19","45478677","45478960","36","50239715"
"chr13","96801213","96801315","chr6","166498968","166499077","23","69697755"
"chr13","97393538","97393843","chr5","39772074","39772378","43","57621464"
"chr13","97719641","97719932","chr6","71670237","71670532","40","26049404"
"chr13","98020263","98020551","chr20","48609166","48609456","36","49411097"
"chr14","66191296","66191592","chr2A","110109021","110109315","37","43917725"
"chr14","117617","117927","chr8","63104122","63104425","33","62986505"
"chr14","597290","597584","chr6","153683020","153683310","31","153085730"
"chr14","726777","727062","chr4","132503450","132503724","37","131776673"
"chr14","2742135","2742443","chr2A","99945182","99945474","32","97203047"
"chr14","2754581","2754888","chr8","101421423","101421722","36","98666842"
"chr14","2819118","2819405","chr18","23119904","23120193","27","20300786"
"chr14","2860686","2861004","chrX","76724331","76724666","44","73863645"
"chr14","2912281","2912575","chr3","70938478","70938766","30","68026197"
"chr14","3230430","3230737","chr2A","100435808","100436109","34","97205378"
"chr14","3441688","3441924","chr17","10299854","10300103","41","6858166"
"chr14","3823742","3824050","chr17","13723870","13724174","37","9900128"
"chr14","4051852","4052134","chr2A","101300398","101300689","36","97248546"
"chr14","4232259","4232553","chr11","110587507","110587797","34","106355248"
"chr14","4262322","4262623","chr8","63104122","63104425","42","58841800"
"chr14","4307220","4307508","chr17","81453400","81453691","29","77146180"
"chr14","4535068","4535375","chr3","188936705","188937006","39","184401637"
"chr14","4738186","4738418","chr2A","102009724","102009957","18","97271538"
"chr14","4787805","4787869","chr16","3720431","3720478","30","1067374"
"chr14","4899044","4899343","chr12","95802272","95802570","29","90903228"
"chr14","4991347","4991653","chr9","97258024","97258323","42","92266677"
"chr14","5257053","5257346","chr4","169342583","169342876","33","164085530"
"chr14","6342687","6342991","chr15","60888293","60888593","32","54545606"
"chr14","6891983","6892112","chr3","27849182","27849311","11","20957199"
"chr14","6963336","6963625","chr4","84919365","84919658","41","77956029"
"chr14","8022784","8023106","chr19","9381109","9381432","45","1358325"
"chr14","9048505","9048812","chr7","122016068","122016376","30","112967563"
"chr14","9295422","9295700","chr8","101244113","101244391","38","91948691"
"chr14","11147863","11148118","chr20","34396198","34396454","45","23248335"
"chr14","11281529","11281843","chr9","73511509","73511816","50","62229980"
"chr14","11851405","11851727","chr4","183122576","183122891","44","171271171"
"chr14","11982443","11982753","chr3","201400250","201400558","42","189417807"
"chr14","12275399","12275677","chr1","164415659","164415950","50","152140260"
"chr14","12371238","12371547","chr11","65684249","65684557","38","53313011"
"chr14","12387886","12388175","chr12","30297041","30297335","32","17909155"
"chr14","12547900","12548195","chr5","54230890","54231182","31","41682990"
"chr14","13265202","13265517","chr2A","111423582","111423906","25","98158380"
"chr14","15616858","15616977","chr13","18885383","18885498","42","3268525"
"chr14","15617311","15617402","chr3","75011092","75011197","29","59393781"
"chr14","17357283","17357400","chr3","147195406","147195514","41","129838123"
"chr14","18326342","18326630","chr1","178612656","178612947","36","160286314"
"chr14","18432476","18432757","chr5","168877801","168878082","37","150445325"
"chr14","18729119","18729388","chr10","114560869","114561144","37","95831750"
"chr14","20605070","20605343","chr5","168877801","168878082","43","148272731"
"chr14","20644153","20644443","chr3","190978307","190978607","43","170334154"
"chr14","20784266","20784420","chr2A","32844881","32845035","28","12060615"
"chr14","21668464","21668789","chr1","210493591","210493901","56","188825127"
"chr14","24144182","24144478","chr16","74172822","74173114","37","50028640"
"chr14","25850606","25850898","chr5","54230890","54231182","32","28380284"
"chr14","27714803","27715085","chr7","155650211","155650489","48","127935408"
"chr14","28283010","28283287","chr6","147286966","147287244","36","119003956"
"chr14","28283330","28283344","chrX","29724690","29724707","4","1441360"
"chr14","28521136","28521389","chr1","129238717","129238983","40","100717581"
"chr14","29349540","29349746","chr2A","79579451","79579657","19","50229911"
"chr14","30478708","30479011","chr9","89273537","89273843","36","58794829"
"chr14","31192596","31192899","chr5","143509320","143509612","45","112316724"
"chr14","31235109","31235397","chr12","56297336","56297619","49","25062227"
"chr14","32793441","32793741","chr8","130711417","130711715","32","97917976"
"chr14","33153867","33154167","chr5","54230890","54231182","35","21077023"
"chr14","33266403","33266712","chr2A","75595664","75595973","34","42329261"
"chr14","33366389","33366681","chr2A","75500098","75500390","26","42133709"
"chr14","33856049","33856327","chr3","49872925","49873210","37","16016876"
"chr14","34180135","34180414","chr2A","74532670","74532940","34","40352535"
"chr14","34471428","34471741","chr1","204259241","204259546","44","169787813"
"chr14","34510441","34510733","chr2A","74208500","74208773","38","39698059"
"chr14","34684924","34685234","chr2A","74033711","74034012","41","39348787"
"chr14","34727481","34727762","chr2A","73993231","73993520","33","39265750"
"chr14","34855483","34855782","chr2A","73866322","73866612","34","39010839"
"chr14","34965052","34965337","chr2A","73763398","73763683","21","38798346"
"chr14","35988285","35988589","chr10","27469173","27469459","44","8519112"
"chr14","36496060","36496355","chr14","92072400","92072692","34","55576340"
"chr14","36964363","36964666","chrX","15819246","15819549","37","21145117"
"chr14","37204064","37204339","chr9","94809313","94809592","40","57605249"
"chr14","37331875","37332186","chrX","127740682","127740988","31","90408807"
"chr14","37580098","37580391","chr3","121496160","121496455","41","83916062"
"chr14","37756189","37756472","chr11","128800963","128801253","39","91044774"
"chr14","37771082","37771375","chr2A","33718840","33719135","36","4052242"
"chr14","38653822","38654107","chr2A","69616744","69617029","44","30962922"
"chr14","38900742","38901036","chr2A","69357887","69358181","31","30457145"
"chr14","39101076","39101341","chr4","111032840","111033121","41","71931764"
"chr14","40235391","40235684","chr3","190978307","190978607","37","150742916"
"chr14","41036548","41036842","chr9","112044795","112045089","33","71008247"
"chr14","41491027","41491333","chr12","1151923","1152229","44","40339104"
"chr14","41820218","41820523","chr11","68182294","68182599","44","26362076"
"chr14","41912099","41912399","chr3","134321871","134322174","36","92409772"
"chr14","41983321","41983588","chr5","111532810","111533089","48","69549489"
"chr14","42738680","42738973","chr2A","65464174","65464466","28","22725494"
"chr14","42847930","42848207","chr18","20401830","20402112","31","22446100"
"chr14","43456542","43456838","chr19","5778433","5778728","33","37678109"
"chr14","43874000","43874256","chr2A","71079980","71080236","58","27205980"
"chr14","44152253","44152556","chr1","188584640","188584938","42","144432387"
"chr14","44573470","44573762","chr20","47014945","47015246","51","2441475"
"chr14","45066540","45066808","chr2B","213175336","213175614","42","168108796"
"chr14","45121547","45121583","chr1","31474562","31474593","18","13646985"
"chr14","45315066","45315362","chr12","122308758","122309058","36","76993692"
"chr14","45398593","45398883","chr17","41627992","41628290","42","3770601"
"chr14","45424183","45424520","chr1","121644761","121645093","46","76220578"
"chr14","45502989","45503296","chr2A","105966702","105967010","34","60463713"
"chr14","45740596","45740889","chr2A","62466935","62467231","38","16726339"
"chr14","45835639","45835924","chr19","42319321","42319601","43","3516318"
"chr14","45869014","45869316","chr21","30765523","30765826","43","15103491"
"chr14","45882415","45882710","chr2A","33718840","33719135","35","12163575"
"chr14","45921603","45921885","chr17","27991568","27991852","33","17930035"
"chr14","46123644","46123965","chr2A","62102213","62102523","43","15978569"
"chr14","46323158","46323202","chr9","131115865","131115900","25","84792707"
"chr14","47459969","47460276","chr5","180935478","180935787","40","133475509"
"chr14","48650957","48651229","chr2A","15349093","15349357","46","33301864"
"chr14","49011548","49011813","chr1","21704490","21704748","33","27307058"
"chr14","49888962","49889243","chr10","23495805","23496084","40","26393157"
"chr14","50714631","50714835","chr8","1720266","1720472","25","48994365"
"chr14","51263161","51263448","chr12","121338871","121339155","33","70075710"
"chr14","51741177","51741469","chr2A","56464540","56464840","36","4723363"
"chr14","51912554","51912869","chr2B","232200756","232201050","49","180288202"
"chr14","52128830","52129111","chr2A","56095295","56095578","35","3966465"
"chr14","52721596","52721876","chr17","68509083","68509379","51","15787487"
"chr14","53840512","53840791","chr8","101074582","101074861","29","47234070"
"chr14","54358933","54359073","chr8","132369148","132369278","31","78010215"
"chr14","54494601","54494903","chr2A","53600284","53600585","41","894317"
"chr14","54542890","54543197","chr8","107892567","107892868","37","53349677"
"chr14","55375704","55375783","chr3","127527482","127527533","33","72151778"
"chr14","55375794","55376043","chr1","39530925","39531181","35","15844869"
"chr14","57140259","57140545","chr2A","51040087","51040376","32","6100172"
"chr14","58533842","58534127","chr6","158256141","158256429","33","99722299"
"chr14","58898154","58898444","chr18","23119904","23120193","28","35778250"
"chr14","59795142","59795436","chr5","54230890","54231182","33","5564252"
"chr14","59861626","59861934","chrX","15819246","15819549","33","44042380"
"chr14","60063082","60063369","chr1","134957856","134958144","34","74894774"
"chr14","60221903","60222198","chr17","82971930","82972224","32","22750027"
"chr14","60938223","60938529","chrX","96822397","96822703","37","35884174"
"chr14","61128687","61128993","chrX","12638543","12638851","33","48490144"
"chr14","62139658","62139714","chr10","12294695","12294775","30","49844963"
"chr14","62268960","62269265","chr17","68962818","68963120","39","6693858"
"chr14","64560031","64560162","chr20","31016414","31016544","13","33543617"
"chr14","64560559","64560741","chr4","84203386","84203563","30","19642827"
"chr14","64750773","64750918","chr4","52232148","52232313","44","12518625"
"chr14","64751223","64751239","chr5","43633117","43633128","7","21118106"
"chr14","64823475","64823519","chr9","131115865","131115900","23","66292390"
"chr14","65134710","65134993","chr2A","43075428","43075713","43","22059282"
"chr14","65917775","65918071","chr2B","170968738","170969044","43","105050963"
"chr14","66753548","66753848","chrX","15819246","15819549","32","50934302"
"chr14","67713641","67713938","chr1","218577414","218577711","33","150863773"
"chr14","67731918","67732185","chrX","41849049","41849316","33","25882869"
"chr14","68728844","68729126","chr4","112297394","112297682","35","43568550"
"chr14","69039088","69039392","chr2A","33718840","33719135","32","35320248"
"chr14","69811605","69811832","chr8","27129565","27129818","55","42682040"
"chr14","70031987","70032279","chr2A","38148728","38149025","26","31883259"
"chr14","70079773","70080083","chr2A","38101577","38101878","37","31978196"
"chr14","70234252","70234546","chr9","19415757","19416045","35","50818495"
"chr14","70349734","70350013","chr3","174958748","174959029","37","104609014"
"chr14","70350088","70350402","chr1","102302386","102302692","43","31952298"
"chr14","70389588","70389901","chr6","141506293","141506596","39","71116705"
"chr14","70413242","70413545","chr1","102302386","102302692","35","31889144"
"chr14","70463008","70463325","chr4","183122576","183122891","38","112659568"
"chr14","71056647","71056939","chr2A","37157969","37158266","27","33898678"
"chr14","71435688","71435739","chr8","34999002","34999050","26","36436686"
"chr14","71659258","71659438","chr8","41622324","41622510","55","30036934"
"chr14","71781779","71782079","chr15","73438244","73438552","48","1656465"
"chr14","72885213","72885554","chrX","76724331","76724666","56","3839118"
"chr14","73170517","73170739","chr9","74128466","74128683","29","957949"
"chr14","73463689","73463822","chr3","170116728","170116857","27","96653039"
"chr14","74380309","74380509","chrX","26646714","26646920","30","47733595"
"chr14","74492889","74493179","chr3","61825885","61826173","32","12667004"
"chr14","74837675","74837978","chr12","39914724","39915031","39","34922951"
"chr14","75323288","75323597","chr7","126105184","126105492","35","50781896"
"chr14","75383694","75383843","chr2A","32844881","32845035","22","42538813"
"chr14","75406030","75406328","chr4","169342583","169342876","30","93936553"
"chr14","75407135","75407424","chr2A","5926821","5927113","34","69480314"
"chr14","75410898","75411141","chr9","85946581","85946824","29","10535683"
"chr14","75427266","75427445","chr14","103139388","103139572","38","27712122"
"chr14","75427493","75427782","chr2A","32151970","32152262","26","43275523"
"chr14","75433022","75433309","chr6","118423541","118423833","33","42990519"
"chr14","75453634","75453936","chr5","350675","350976","30","75102959"
"chr14","75509401","75509692","chr2B","178282116","178282408","32","102772715"
"chr14","76149268","76149561","chr2A","31440105","31440385","33","44709163"
"chr14","76650973","76651018","chr1","31474562","31474593","26","45176411"
"chr14","76740330","76740632","chr2A","30858828","30859128","34","45881502"
"chr14","77001900","77002209","chr3","201400250","201400558","41","124398350"
"chr14","77428304","77428498","chr17","28495122","28495311","38","48933182"
"chr14","77428519","77428806","chr12","50134004","50134285","31","27294515"
"chr14","78869972","78870278","chr5","166605772","166606072","32","87735800"
"chr14","79241340","79241389","chr15","83726252","83726303","15","4484912"
"chr14","79460717","79461002","chr2A","28239779","28240067","32","51220938"
"chr14","80220308","80220475","chr19","2587058","2587225","21","77633250"
"chr14","80260755","80260922","chr7","19113077","19113251","35","61147678"
"chr14","80355038","80355344","chr7","40994538","40994847","33","39360500"
"chr14","80817973","80818278","chr1","129528337","129528634","42","48710364"
"chr14","80832399","80832700","chr14","87801348","87801649","33","6968949"
"chr14","81213970","81214259","chr3","185314437","185314731","36","104100467"
"chr14","81504780","81505083","chr3","202786201","202786506","30","121281421"
"chr14","81517279","81517572","chrX","71687991","71688285","33","9829288"
"chr14","81620850","81621159","chr6","121988410","121988717","35","40367560"
"chr14","81724120","81724417","chrX","117640256","117640547","35","35916136"
"chr14","81743491","81743635","chr17","24567313","24567457","22","57176178"
"chr14","81807905","81808076","chr14","90462302","90462465","46","8654397"
"chr14","81962206","81962531","chr7","76502342","76502646","61","5459864"
"chr14","82074321","82074630","chr2A","25681071","25681375","38","56393250"
"chr14","82569809","82570111","chr6","118423541","118423833","41","35853732"
"chr14","82730469","82730778","chr1","203226770","203227078","38","120496301"
"chr14","82731687","82732013","chr17","66730343","66730665","43","16001344"
"chr14","83671172","83671477","chr16","54389884","54390188","45","29281288"
"chr14","84696187","84696465","chr3","157978285","157978563","30","73282098"
"chr14","84801279","84801567","chr1","129528337","129528634","42","44727058"
"chr14","85167241","85167517","chr18","20401830","20402112","40","64765411"
"chr14","85277831","85278114","chr2B","229510282","229510566","36","144232451"
"chr14","85564381","85564672","chr2A","22182983","22183273","37","63381398"
"chr14","86083024","86083228","chr1","29310901","29311110","37","56772123"
"chr14","86235326","86235673","chrX","76724331","76724666","56","9510995"
"chr14","86674492","86674788","chr18","71025358","71025653","39","15649134"
"chr14","86856515","86856818","chr5","125726220","125726527","47","38869705"
"chr14","87262129","87262364","chr9","81419160","81419384","56","5842969"
"chr14","87335392","87335651","chr2A","20475700","20475956","32","66859692"
"chr14","87431116","87431346","chr4","40252072","40252288","47","47179044"
"chr14","88762557","88762850","chr10","126934605","126934892","44","38172048"
"chr14","89859037","89859333","chr10","43164197","43164491","36","46694840"
"chr14","91910709","91911008","chr17","13723870","13724174","34","78186839"
"chr14","92375188","92375488","chrX","15819246","15819549","48","76555942"
"chr14","92419711","92419976","chr2A","15349093","15349357","22","77070618"
"chr14","93071149","93071443","chr2A","14717330","14717620","28","78353819"
"chr14","94246695","94246969","chr14","92361319","92361603","50","1885376"
"chr14","95355929","95356229","chrX","32087202","32087495","47","63268727"
"chr14","95729396","95729696","chr3","47982635","47982933","38","47746761"
"chr14","96005440","96005719","chr3","157978285","157978563","28","61972845"
"chr14","96005755","96005768","chr5","43633117","43633128","3","52372638"
"chr14","96296823","96296985","chr6","161343636","161343795","22","65046813"
"chr14","96474747","96474795","chr15","83726252","83726303","15","12748495"
"chr14","98114344","98114624","chr6","149232645","149232928","39","51118301"
"chr14","98459484","98459779","chr2A","9352858","9353153","24","89106626"
"chr14","100415927","100416235","chr15","37682481","37682787","40","62733446"
"chr14","100469710","100470004","chr1","163327443","163327741","39","62857733"
"chr14","100890799","100891082","chr1","217141048","217141329","29","116250249"
"chr14","101149987","101150043","chr15","83726252","83726303","25","17423735"
"chr14","101334489","101334786","chr12","12505893","12506192","40","88828596"
"chr14","101759460","101759738","chr2B","172989118","172989397","30","71229658"
"chr14","101893661","101893961","chr5","148892368","148892667","38","46998707"
"chr14","101901614","101901909","chr2A","5926821","5927113","36","95974793"
"chr14","102174355","102174618","chr8","28934986","28935248","40","73239369"
"chr14","102699448","102699690","chr7","30805604","30805851","40","71893844"
"chr14","103165935","103166212","chr3","87740672","87740958","48","15425263"
"chr14","103190011","103190270","chr2A","4418282","4418532","30","98771729"
"chr14","104535234","104535514","chr1","183930965","183931244","36","79395731"
"chr14","104582676","104582949","chr2B","130002134","130002403","55","25419458"
"chr14","105550273","105550554","chr4","189956113","189956401","37","84405840"
"chr15","333385","333671","chr9","19415757","19416045","41","19082372"
"chr15","490510","490800","chr11","95684430","95684731","37","95193920"
"chr15","513841","514117","chr8","101074582","101074861","42","100560741"
"chr15","726071","726372","chrX","12638543","12638851","38","11912472"
"chr15","983495","983787","chr19","12544604","12544896","37","11561109"
"chr15","998227","998514","chr6","35369030","35369319","37","34370803"
"chr15","2169524","2169830","chr3","37430663","37430970","33","35261139"
"chr15","2394422","2394730","chr10","33278213","33278509","50","30883791"
"chr15","2743625","2743919","chr7","33926261","33926520","68","31182636"
"chr15","3100254","3100501","chr9","81419160","81419384","52","78318906"
"chr15","3149732","3150018","chr3","191772667","191772956","31","188622935"
"chr15","3204715","3205017","chr3","191717604","191717900","22","188512889"
"chr15","3292701","3292993","chr19","53200452","53200742","43","49907751"
"chr15","3963346","3963649","chr1","212953832","212954134","43","208990486"
"chr15","4136975","4137271","chr1","27151921","27152213","36","23014946"
"chr15","4250282","4250585","chr3","190683832","190684139","29","186433550"
"chr15","5012879","5013021","chr11","109524095","109524249","43","104511216"
"chr15","5222744","5223039","chr17","42017590","42017885","31","36794846"
"chr15","5437900","5438202","chr20","53777293","53777592","39","48339393"
"chr15","5684594","5684892","chr1","129528337","129528634","33","123843743"
"chr15","5984555","5984867","chr3","188621239","188621551","32","182636684"
"chr15","6147443","6147746","chr19","5778433","5778728","45","369010"
"chr15","6312656","6312720","chr11","18071282","18071348","25","11758626"
"chr15","6401963","6402258","chr1","129528337","129528634","31","123126374"
"chr15","6464273","6464556","chr3","188152153","188152443","41","181687880"
"chr15","6482126","6482424","chr3","188135280","188135579","20","181653154"
"chr15","7612642","7612955","chr1","204259241","204259546","51","196646599"
"chr15","7724301","7724595","chrX","71687991","71688285","33","63963690"
"chr15","8468625","8468920","chr3","186136882","186137174","34","177668257"
"chr15","8481826","8482127","chr5","148892368","148892667","31","140410542"
"chr15","8491509","8491808","chr3","143459399","143459697","37","134967890"
"chr15","9296905","9297200","chr3","185314437","185314731","20","176017532"
"chr15","9636170","9636466","chr1","134957856","134958144","46","125321686"
"chr15","9640801","9641097","chrX","71687991","71688285","33","62047190"
"chr15","9650567","9650859","chr1","129528337","129528634","48","119877770"
"chr15","9771599","9771903","chr3","188936705","188937006","31","179165106"
"chr15","9772264","9772276","chr5","43633117","43633128","4","33860853"
"chr15","9772408","9772455","chr15","83726252","83726303","22","73953844"
"chr15","10198727","10199022","chr3","184460977","184461271","31","174262250"
"chr15","11279668","11279978","chr7","76502342","76502646","39","65222674"
"chr15","11325020","11325326","chr7","40994538","40994847","36","29669518"
"chr15","11989616","11989922","chrX","12638543","12638851","35","648927"
"chr15","12423092","12423355","chr6","82535735","82536005","37","70112643"
"chr15","13461526","13461806","chr5","168877801","168878082","35","155416275"
"chr15","14808596","14808880","chr2A","31440105","31440385","32","16631509"
"chr15","14987846","14988156","chr7","120760320","120760627","46","105772474"
"chr15","16294961","16295246","chr1","178612656","178612947","42","162317695"
"chr15","16551510","16551795","chr10","43164197","43164491","41","26612687"
"chr15","16641727","16642010","chr3","177980086","177980370","34","161338359"
"chr15","16787224","16787532","chr3","177841279","177841587","33","161054055"
"chr15","16803587","16803905","chr1","43970240","43970549","50","27166653"
"chr15","17059753","17060067","chr1","204259241","204259546","41","187199488"
"chr15","17281236","17281545","chr19","40164309","40164610","33","22883073"
"chr15","17908049","17908329","chr6","58265783","58266056","47","40357734"
"chr15","18975181","18975481","chr3","175647076","175647366","40","156671895"
"chr15","18981580","18981727","chr2A","32844881","32845035","27","13863301"
"chr15","19283287","19283407","chr2A","36285122","36285243","11","17001835"
"chr15","19283606","19283758","chr7","34237682","34237833","30","14954076"
"chr15","19505604","19505912","chr22","44681192","44681501","35","25175588"
"chr15","19516140","19516440","chr12","56435919","56436227","55","36919779"
"chr15","19554792","19555087","chr6","71670237","71670532","40","52115445"
"chr15","20390660","20390930","chr7","94320912","94321188","48","73930252"
"chr15","20580494","20580783","chr11","110419706","110420001","31","89839212"
"chr15","21233745","21234041","chr3","47982635","47982933","42","26748890"
"chr15","21540523","21540832","chr3","172971393","172971703","41","151430870"
"chr15","22149818","22150054","chrX","106745733","106745977","46","84595915"
"chr15","22272481","22272770","chr1","134957856","134958144","39","112685375"
"chr15","22474543","22474823","chr5","168877801","168878082","37","146403258"
"chr15","23188253","23188559","chr8","63104122","63104425","46","39915869"
"chr15","23607312","23607577","chr14","73229251","73229518","36","49621939"
"chr15","25264939","25265222","chr4","142912706","142912992","41","117647767"
"chr15","26269961","26270209","chr6","49442869","49443117","53","23172908"
"chr15","28169178","28169437","chr3","167718058","167718326","38","139548880"
"chr15","28577090","28577110","chrX","29724690","29724707","8","1147600"
"chr15","28577164","28577445","chr3","167299768","167300055","30","138722604"
"chr15","29101125","29101425","chr1","136955639","136955935","38","107854514"
"chr15","29714726","29715023","chrX","71687991","71688285","39","41973265"
"chr15","29847527","29847834","chr1","203226770","203227078","47","173379243"
"chr15","30170627","30170897","chr13","40460489","40460767","41","10289862"
"chr15","30657556","30657859","chr3","165245736","165246029","42","134588180"
"chr15","30774673","30774949","chr8","34700122","34700394","47","3925449"
"chr15","30777915","30778147","chr11","8010237","8010467","44","22767678"
"chr15","30790104","30790411","chr12","95802272","95802570","43","65012168"
"chr15","30880282","30880574","chr3","165075764","165076053","33","134195482"
"chr15","32475963","32476083","chr3","163426333","163426454","13","130950370"
"chr15","32476125","32476292","chr4","52232148","52232313","25","19756023"
"chr15","32677030","32677329","chr3","163206454","163206758","32","130529424"
"chr15","32791957","32792246","chr1","68576878","68577168","35","35784921"
"chr15","33405794","33406063","chr3","162459689","162459963","34","129053895"
"chr15","33472768","33473073","chr17","13723870","13724174","31","19748898"
"chr15","35471209","35471492","chr8","115618321","115618614","44","80147112"
"chr15","35764128","35764424","chr19","11768702","11769000","43","23995426"
"chr15","35858113","35858405","chr5","92731746","92732035","35","56873633"
"chr15","36400711","36401005","chr3","158922047","158922338","34","122521336"
"chr15","37299356","37299634","chr3","157978285","157978563","29","120678929"
"chr15","37351625","37351907","chr1","178612656","178612947","40","141261031"
"chr15","37395313","37395615","chr3","65210714","65211013","36","27815401"
"chr15","37810502","37810813","chr3","157442617","157442916","43","119632115"
"chr15","38398844","38399158","chr21","38190683","38190991","48","208161"
"chr15","38465343","38465618","chr13","62490986","62491262","35","24025643"
"chr15","39460234","39460538","chr8","63104122","63104425","34","23643888"
"chr15","39708081","39708144","chr15","83726252","83726303","30","44018171"
"chr15","39991684","39991994","chr3","12940981","12941276","62","27050703"
"chr15","40126180","40126446","chr3","155160661","155160922","26","115034481"
"chr15","41628035","41628324","chr6","16615349","16615640","39","25012686"
"chr15","41683681","41683979","chr3","153624715","153625025","30","111941034"
"chr15","41819371","41819671","chrX","117640256","117640547","33","75820885"
"chr15","42102348","42102651","chr6","32259392","32259695","28","9842956"
"chr15","43863511","43863792","chr11","128684816","128685096","33","84821305"
"chr15","44154881","44155131","chr6","24726732","24726988","39","19428149"
"chr15","44339172","44339477","chr3","150921068","150921369","32","106581896"
"chr15","46009541","46009685","chr3","149199742","149199892","28","103190201"
"chr15","47858339","47858628","chr19","45478677","45478960","32","2379662"
"chr15","48114852","48115127","chr19","61813069","61813347","36","13698217"
"chr15","48683047","48683264","chr3","146560773","146561000","24","97877726"
"chr15","48761722","48761974","chr1","39530925","39531181","26","9230797"
"chr15","48877177","48877453","chr7","81229861","81230137","34","32352684"
"chr15","49111101","49111379","chr13","40460489","40460767","35","8650612"
"chr15","49912074","49912380","chr22","31759736","31760045","42","18152338"
"chr15","51586340","51586502","chr3","143589497","143589659","22","92003157"
"chr15","51670979","51671273","chr19","5778433","5778728","31","45892546"
"chr15","51714163","51714463","chr3","143459399","143459697","54","91745236"
"chr15","51716444","51716736","chr10","3318573","3318867","29","48397871"
"chr15","51795655","51795967","chrX","6359328","6359636","45","45436327"
"chr15","51796111","51796430","chr3","103628900","103629226","49","51832789"
"chr15","51897113","51897412","chr1","102302386","102302692","37","50405273"
"chr15","52108849","52109160","chr22","17382311","17382615","39","34726538"
"chr15","52168632","52168942","chr6","35386974","35387269","46","16781658"
"chr15","52466558","52466847","chr3","142554513","142554799","24","90087955"
"chr15","52795609","52795910","chr7","48182271","48182573","32","4613338"
"chr15","53626272","53626405","chr1","11883701","11883833","18","41742571"
"chr15","53626716","53626888","chr14","80046367","80046536","28","26419651"
"chr15","53740228","53740524","chr3","191717604","191717900","41","137977376"
"chr15","53942150","53942467","chr3","201400250","201400558","74","147458100"
"chr15","54016502","54016787","chr3","140940963","140941248","29","86924461"
"chr15","54030272","54030313","chr15","83726252","83726303","17","29695980"
"chr15","54298808","54299083","chr2B","229510282","229510566","40","175211474"
"chr15","55494797","55495096","chr19","5778433","5778728","31","49716364"
"chr15","55835588","55835885","chr3","139063276","139063586","40","83227688"
"chr15","56041699","56041991","chr19","5778433","5778728","30","50263266"
"chr15","57071259","57071564","chr1","129528337","129528634","34","72457078"
"chr15","58494458","58494522","chr1","65983611","65983671","15","7489153"
"chr15","58573063","58573376","chr1","204259241","204259546","47","145686178"
"chr15","58687026","58687322","chr4","169342583","169342876","28","110655557"
"chr15","59645246","59645535","chr1","134957856","134958144","32","75312610"
"chr15","59744119","59744440","chr19","9381109","9381432","48","50363010"
"chr15","60439859","60440164","chr2A","70725628","70725935","31","10285769"
"chr15","60587935","60588239","chr3","16025438","16025740","32","44562497"
"chr15","60825186","60825371","chr18","59314497","59314674","32","1510689"
"chr15","62198183","62198486","chrUn_NW_014017165v1","966983","967289","45","61231200"
"chr15","62402809","62403116","chr3","47982635","47982933","39","14420174"
"chr15","63349561","63349868","chr8","63104122","63104425","32","245439"
"chr15","64383928","64384223","chr2A","27348669","27348962","42","37035259"
"chr15","64727789","64728090","chr20","28258628","28258920","42","36469161"
"chr15","64865503","64865820","chr3","20380132","20380442","36","44485371"
"chr15","64922540","64922818","chr9","97467923","97468207","51","32545383"
"chr15","65687856","65688148","chr5","168877801","168878082","51","103189945"
"chr15","66461573","66461861","chr3","15219656","15219944","29","51241917"
"chr15","66489394","66489687","chr3","22036995","22037289","31","44452399"
"chr15","67526257","67526565","chr14","100516587","100516891","35","32990330"
"chr15","67801516","67801824","chr5","131928016","131928324","41","64126500"
"chr15","68480262","68480569","chr3","24041770","24042078","24","44438492"
"chr15","68705543","68705844","chr3","24255209","24255502","31","44450334"
"chr15","69109237","69109535","chr9","21786500","21786800","42","47322737"
"chr15","69155349","69155642","chr5","166605772","166606072","44","97450423"
"chr15","69333941","69334247","chr3","190978307","190978607","46","121644366"
"chr15","69693747","69693922","chr3","25252558","25252733","22","44441189"
"chr15","71151836","71152124","chr6","99003669","99003958","41","27851833"
"chr15","71281174","71281308","chr6","109080184","109080316","16","37799010"
"chr15","71989647","71989927","chr9","94809313","94809592","37","22819666"
"chr15","72122926","72123218","chrX","15819246","15819549","53","56303680"
"chr15","72506304","72506354","chr22","22266059","22266104","17","50240245"
"chr15","72559056","72559358","chr7","33926261","33926520","69","38632795"
"chr15","72983088","72983396","chr1","203226770","203227078","41","130243682"
"chr15","73642452","73642753","chr7","40994538","40994847","45","32647914"
"chr15","73946094","73946401","chr3","29644126","29644433","29","44301968"
"chr15","74194748","74195054","chr3","29894513","29894821","43","44300235"
"chr15","75727703","75727992","chr11","128800963","128801253","36","53073260"
"chr15","75744485","75744791","chr11","65684249","65684557","40","10060236"
"chr15","75982156","75982462","chr8","63104122","63104425","40","12878034"
"chr15","75989940","75990238","chr4","163148391","163148687","41","87158451"
"chr15","76251296","76251591","chr19","5778433","5778728","31","70472863"
"chr15","76255009","76255312","chr9","70186079","70186380","39","6068930"
"chr15","76323922","76324235","chr17","75312380","75312686","49","1011542"
"chr15","76525080","76525376","chr1","203495563","203495853","40","126970483"
"chr15","76652361","76652585","chr8","1720266","1720472","45","74932095"
"chr15","76743090","76743383","chr19","24153296","24153588","32","52589794"
"chr15","76943038","76943341","chr3","32669750","32670053","23","44273288"
"chr15","77000957","77001240","chr7","155650211","155650489","49","78649254"
"chr15","77180141","77180446","chr7","48182271","48182573","33","28997870"
"chr15","77265711","77266006","chr6","153683020","153683310","36","76417309"
"chr15","77444424","77444500","chr11","18071282","18071348","32","59373142"
"chr15","77952163","77952459","chr9","97258024","97258323","29","19305861"
"chr15","77952609","77952915","chr2A","105966702","105967010","32","28014093"
"chr15","78220516","78220646","chr1","189588691","189588821","12","111368175"
"chr15","78777620","78777933","chr6","38412888","38413191","47","40364732"
"chr15","79834947","79835254","chr17","13723870","13724174","40","66111077"
"chr15","80886321","80886618","chr15","92184245","92184545","32","11297924"
"chr15","81351855","81352154","chr3","118724371","118724667","35","37372516"
"chr15","82640901","82641177","chr3","193969929","193970213","37","111329028"
"chr15","83096852","83097116","chr3","194423567","194423839","32","111326715"
"chr15","84422643","84422953","chr2B","187793374","187793679","43","103370731"
"chr15","84606182","84606459","chr4","169160237","169160517","29","84554055"
"chr15","85955570","85955698","chr1","11883701","11883833","23","74071869"
"chr15","86460388","86460676","chr6","35369030","35369319","24","51091358"
"chr15","86865311","86865592","chr16","19142215","19142505","46","67723096"
"chr15","87871157","87871436","chr8","101074582","101074861","30","13203425"
"chr15","87871464","87871475","chr5","43633117","43633128","4","44238347"
"chr15","88349613","88349918","chr3","201874974","201875281","37","113525361"
"chr15","88502974","88503268","chr3","47982635","47982933","40","40520339"
"chr15","88642470","88642775","chr3","47982635","47982933","43","40659835"
"chr15","88828194","88828490","chr3","202345629","202345926","36","113517435"
"chr15","88997238","88997541","chr12","36402810","36403112","42","52594428"
"chr15","89050423","89050714","chr6","153683020","153683310","36","64632597"
"chr15","89246048","89246342","chr17","53764873","53765164","33","35481175"
"chr15","89891677","89891979","chr3","204635339","204635642","22","114743662"
"chr15","89907086","89907407","chr1","102302386","102302692","53","12395300"
"chr15","90163709","90163995","chr22","37310009","37310303","42","52853700"
"chr15","90236035","90236335","chr6","35386974","35387269","37","54849061"
"chr15","90507190","90507471","chr19","55417655","55417952","50","35089535"
"chr15","90551631","90551886","chr6","66659457","66659729","70","23892174"
"chr15","90552110","90552120","chr19","10595612","10595624","7","79956498"
"chr15","90555031","90555312","chr5","168877801","168878082","36","78322770"
"chr15","90706690","90706878","chr2B","189286822","189287010","23","98580132"
"chr15","90788854","90789169","chr3","12940981","12941276","48","77847873"
"chr15","90856026","90856332","chr3","9143569","9143872","44","81712457"
"chr15","91027623","91027858","chr19","1720794","1721033","42","89306829"
"chr15","91254861","91255165","chrX","12638543","12638851","40","78616318"
"chr15","91648388","91648685","chr12","32699485","32699781","36","58948903"
"chr16","61210435","61210740","chr17","13723870","13724174","35","47486565"
"chr16","66584460","66584742","chr16","71876380","71876659","40","5291920"
"chr16","300089","300395","chr3","201400250","201400558","34","201100161"
"chr16","421816","422099","chr1","163327443","163327741","53","162905627"
"chr16","430837","431011","chr22","44356732","44356892","33","43925895"
"chr16","453826","454108","chr17","591449","591735","30","137623"
"chr16","457810","458110","chr3","190978307","190978607","40","190520497"
"chr16","772018","772287","chr6","93466601","93466876","77","92694583"
"chr16","2350532","2350839","chrX","15819246","15819549","34","13468714"
"chr16","2364651","2364782","chr14","59319035","59319164","9","56954384"
"chr16","3689259","3689570","chr6","12846430","12846724","54","9157171"
"chr16","3831800","3832096","chr18","71025358","71025653","30","67193558"
"chr16","3851692","3851977","chr5","41128447","41128740","42","37276755"
"chr16","3867239","3867563","chr11","65684249","65684557","47","61817010"
"chr16","3869728","3869779","chr15","83726252","83726303","19","79856524"
"chr16","4279713","4280007","chr8","63104122","63104425","46","58824409"
"chr16","4334125","4334249","chr5","46143502","46143637","22","41809377"
"chr16","4381630","4381931","chr19","57286695","57287000","32","52905065"
"chr16","4691613","4691760","chr21","21959584","21959725","32","17267971"
"chr16","5155093","5155385","chr17","5806940","5807230","17","651847"
"chr16","5244858","5245142","chr4","175771349","175771630","38","170526491"
"chr16","5608012","5608303","chr5","41128447","41128740","35","35520435"
"chr16","5870938","5871233","chr1","129528337","129528634","32","123657399"
"chr16","6085162","6085454","chr9","19415757","19416045","39","13330595"
"chr16","6392367","6392660","chr17","7051941","7052243","31","659574"
"chr16","6488519","6488828","chr12","1151923","1152229","35","5336596"
"chr16","6974585","6974864","chr6","112585600","112585883","41","105611015"
"chr16","7307420","7307722","chr5","147639496","147639800","37","140332076"
"chr16","7575694","7575956","chrUn_NW_014015321v1","1363","1633","42","7574331"
"chr16","7616595","7616894","chr5","140085427","140085714","62","132468832"
"chr16","7707956","7708072","chr1","35770747","35770862","10","28062791"
"chr16","8152008","8152351","chr17","47591772","47592092","56","39439764"
"chr16","8173492","8173771","chr10","23495805","23496084","31","15322313"
"chr16","8328169","8328463","chr3","190978307","190978607","36","182650138"
"chr16","8386496","8386797","chr17","47360724","47361019","31","38974228"
"chr16","8473394","8473685","chr7","20805717","20806009","35","12332323"
"chr16","8759797","8760091","chr4","169342583","169342876","27","160582786"
"chr16","8796074","8796319","chr5","36608375","36608616","35","27812301"
"chr16","9171202","9171448","chr16","75464658","75464909","32","66293456"
"chr16","9192846","9193119","chr12","114042218","114042491","30","104849372"
"chr16","9195702","9196002","chr5","143509320","143509612","37","134313618"
"chr16","9358582","9358892","chr3","201400250","201400558","39","192041668"
"chr16","9441433","9441723","chr6","35386974","35387269","36","25945541"
"chr16","9685294","9685587","chr5","1328943","1329235","29","8356351"
"chr16","10330892","10331073","chr2B","131296842","131297018","29","120965950"
"chr16","10371307","10371604","chr2A","70725628","70725935","46","60354321"
"chr16","11318041","11318339","chr6","107105410","107105702","36","95787369"
"chr16","11505930","11506204","chr6","115903121","115903401","42","104397191"
"chr16","11967246","11967524","chr17","43712500","43712778","20","31745254"
"chr16","12442464","12442751","chr20","5871644","5871932","24","6570820"
"chr16","13113578","13113885","chr5","148892368","148892667","30","135778790"
"chr16","13345594","13345869","chr19","12434015","12434294","43","911579"
"chr16","13582513","13582800","chr22","24113317","24113607","31","10530804"
"chr16","13657473","13657773","chr17","41944834","41945139","32","28287361"
"chr16","13782095","13782398","chrX","15819246","15819549","32","2037151"
"chr16","13867520","13867828","chr9","89273537","89273843","39","75406017"
"chr16","13969318","13969588","chr1","12511073","12511344","33","1458245"
"chr16","14545362","14545649","chr6","153683020","153683310","32","139137658"
"chr16","14842613","14842920","chr6","2614153","2614464","33","12228460"
"chr16","14848395","14848685","chr10","126934605","126934892","40","112086210"
"chr16","14891020","14891323","chr1","136045107","136045410","44","121154087"
"chr16","15337035","15337165","chr3","27849182","27849311","11","12512147"
"chr16","15358246","15358490","chr3","190797088","190797323","47","175438842"
"chr16","15757096","15757400","chr1","102302386","102302692","37","86545290"
"chr16","15836567","15836861","chr6","71670237","71670532","39","55833670"
"chr16","16268337","16268552","chr4","40252072","40252288","29","23983735"
"chr16","16373714","16374012","chr1","129528337","129528634","40","113154623"
"chr16","16636232","16636538","chr2B","116262549","116262847","38","99626317"
"chr16","16896113","16896409","chr9","112044795","112045089","33","95148682"
"chr16","17012326","17012608","chr18","20401830","20402112","31","3389504"
"chr16","17402419","17402709","chr10","72630850","72631144","36","55228431"
"chr16","17558797","17559092","chr5","54230890","54231182","37","36672093"
"chr16","17618324","17618584","chr2B","214937287","214937555","54","197318963"
"chr16","17763715","17763829","chr4","6424929","6425035","16","11338786"
"chr16","17778006","17778170","chr10","136033","136194","26","17641973"
"chr16","17815530","17815833","chr17","37043800","37044106","31","19228270"
"chr16","17984996","17985286","chr6","153683020","153683310","25","135698024"
"chr16","18469186","18469502","chr7","122016068","122016376","43","103546882"
"chr16","18488441","18488733","chr4","169342583","169342876","30","150854142"
"chr16","18941444","18941752","chr4","169342583","169342876","52","150401139"
"chr16","19033400","19033617","chr4","40252072","40252288","19","21218672"
"chr16","19650713","19650848","chr2B","212627276","212627410","22","192976563"
"chr16","20703112","20703402","chr7","116027177","116027471","42","95324065"
"chr16","21459964","21460032","chr13","110937881","110937954","22","89477917"
"chr16","22428981","22429103","chr8","9916983","9917103","21","12511998"
"chr16","22553632","22553766","chrX","55181789","55181924","16","32628157"
"chr16","22629562","22629693","chr12","54542712","54542856","48","31913150"
"chr16","22630006","22630142","chrX","55181789","55181924","21","32551783"
"chr16","23052921","23053206","chr17","27991568","27991852","19","4938647"
"chr16","23272492","23272678","chr2B","189286822","189287010","25","166014330"
"chr16","23555187","23555490","chr1","102302386","102302692","31","78747199"
"chr16","23915453","23915747","chr5","1328943","1329235","34","22586510"
"chr16","24520592","24520886","chr17","26469563","26469856","34","1948971"
"chr16","24959250","24959528","chr13","40460489","40460767","28","15501239"
"chr16","25379333","25379643","chr17","25624996","25625301","39","245663"
"chr16","25578521","25578822","chr3","47982635","47982933","38","22404114"
"chr16","25961292","25961565","chr7","150813276","150813550","54","124851984"
"chr16","25975990","25976285","chr20","49689972","49690264","38","23713982"
"chr16","26176322","26176627","chr1","102302386","102302692","31","76126064"
"chr16","27254020","27254079","chr15","83726252","83726303","25","56472232"
"chr16","28300208","28300516","chr2B","212078284","212078592","30","183778076"
"chr16","28543149","28543456","chr1","165956274","165956580","38","137413125"
"chr16","29105213","29105498","chr14","92072400","92072692","36","62967187"
"chr16","29679718","29680044","chr10","4176112","4176418","100","25503606"
"chr16","30166236","30166521","chr1","204614951","204615241","39","174448715"
"chr16","30237304","30237461","chr17","19830324","19830482","15","10406980"
"chr16","31094302","31094623","chr17","20679973","20680276","44","10414329"
"chr16","31224989","31225302","chr16","54389884","54390188","43","23164895"
"chr16","31229147","31229458","chr16","54389884","54390188","41","23160737"
"chr16","31229995","31230287","chr5","79226160","79226455","33","47996165"
"chr16","31644550","31644840","chr1","176069881","176070174","36","144425331"
"chr16","31689581","31689874","chr13","101995546","101995837","28","70305965"
"chr16","31739627","31739919","chr9","70731589","70731885","36","38991962"
"chr16","31784449","31784740","chr5","1328943","1329235","33","30455506"
"chr16","31910015","31910315","chr11","110419706","110420001","37","78509691"
"chr16","32005691","32005970","chr17","59993475","59993773","40","27987784"
"chr16","32182420","32182720","chr6","153683020","153683310","38","121500600"
"chr16","34178411","34178567","chr16","54436577","54436697","51","20258166"
"chr16","34178889","34178962","chr3","141294808","141294890","26","107115919"
"chr16","34589972","34590265","chr2B","162803846","162804139","29","128213874"
"chr16","34637549","34637846","chr19","5778433","5778728","38","28859116"
"chr16","34651987","34652245","chr8","72294091","72294356","33","37642104"
"chr16","34804293","34804584","chr7","83296424","83296715","24","48492131"
"chr16","34915215","34915509","chr6","76870777","76871073","28","41955562"
"chr16","35342982","35343263","chr6","39063012","39063293","48","3720030"
"chr16","35575645","35575936","chr8","28596742","28597033","30","6978903"
"chr16","35947322","35947611","chr5","54230890","54231182","39","18283568"
"chr16","36082055","36082353","chr17","36878006","36878303","35","795951"
"chr16","36433851","36434136","chr9","107188272","107188556","35","70754421"
"chr16","37505944","37506237","chr17","54831736","54832025","38","17325792"
"chr16","37778457","37778742","chr12","122308758","122309058","51","84530301"
"chr16","37781666","37781973","chrX","12638543","12638851","40","25143123"
"chr16","38566872","38567174","chr17","53764873","53765164","30","15198001"
"chr16","38676165","38676494","chr17","62052622","62052938","61","23376457"
"chr16","38992073","38992405","chrX","76724331","76724666","46","37732258"
"chr16","39239233","39239538","chr4","142904274","142904581","47","103665041"
"chr16","39570372","39570689","chr19","9381109","9381432","46","30189263"
"chr16","39637674","39637955","chr3","4958705","4958982","44","34678969"
"chr16","40509892","40510190","chr2B","235840215","235840511","55","195330323"
"chr16","41050967","41051275","chr4","54047260","54047565","42","12996293"
"chr16","42032269","42032513","chr11","47587293","47587550","45","5555024"
"chr16","42199619","42199925","chr1","188640279","188640585","39","146440660"
"chr16","42219428","42219724","chr3","160397043","160397339","50","118177615"
"chr16","42577949","42578246","chr10","27068164","27068457","41","15509785"
"chr16","42624078","42624122","chr9","127908774","127908805","24","85284696"
"chr16","42631759","42632054","chr12","80022143","80022438","29","37390384"
"chr16","42840712","42840964","chr13","71686919","71687176","57","28846207"
"chr16","44635766","44636038","chr13","62490986","62491262","39","17855220"
"chr16","44655785","44656066","chr3","70938478","70938766","37","26282693"
"chr16","44932648","44932943","chr19","24153296","24153588","30","20779352"
"chr16","45171862","45171873","chr5","43633117","43633128","3","1538745"
"chr16","45172464","45172640","chr19","19677246","19677415","35","25495218"
"chr16","45579556","45579845","chr17","75600981","75601272","24","30021425"
"chr16","45723194","45723293","chr3","141294808","141294890","40","95571614"
"chr16","45872375","45872689","chr3","177841279","177841587","43","131968904"
"chr16","45996289","45996583","chr17","75183731","75184026","23","29187442"
"chr16","46141919","46142220","chr4","47490411","47490709","39","1348492"
"chr16","46310583","46310858","chr19","37855505","37855777","46","8455078"
"chr16","46336001","46336286","chrX","26682365","26682654","37","19653636"
"chr16","46389737","46390035","chr6","153683020","153683310","29","107293283"
"chr16","46592571","46592856","chr5","110848070","110848357","39","64255499"
"chr16","46605417","46605584","chr6","162525883","162526054","24","115920466"
"chr16","47618085","47618395","chr11","48781225","48781526","52","1163140"
"chr16","48284125","48284429","chr9","137818037","137818334","42","89533912"
"chr16","48806499","48806805","chrX","6014746","6015052","36","42791753"
"chr16","48866595","48866872","chr2B","172989118","172989397","33","124122523"
"chr16","49095953","49096252","chrX","85204424","85204712","44","36108471"
"chr16","49145436","49145724","chr1","134957856","134958144","31","85812420"
"chr16","49417575","49417852","chr13","62490986","62491262","35","13073411"
"chr16","49739152","49739401","chr1","26561793","26562043","40","23177359"
"chr16","50276205","50276485","chr7","95567738","95568012","33","45291533"
"chr16","50454518","50454800","chr5","168877801","168878082","41","118423283"
"chr16","50619383","50619692","chr2B","173335973","173336275","32","122716590"
"chr16","50756937","50757096","chr22","40719231","40719400","42","10037706"
"chr16","51042097","51042390","chr3","51916018","51916322","53","873921"
"chr16","51403384","51403691","chr12","1151923","1152229","34","50251461"
"chr16","51965427","51965727","chr17","68962818","68963120","29","16997391"
"chr16","52028371","52028667","chr6","76870777","76871073","30","24842406"
"chr16","52406570","52406860","chr17","68509083","68509379","32","16102513"
"chr16","53672543","53672845","chr3","201400250","201400558","36","147727707"
"chr16","53865017","53865321","chr7","40994538","40994847","26","12870479"
"chr16","54532347","54532640","chr2A","65464174","65464466","35","10931827"
"chr16","55196663","55196949","chr6","153683020","153683310","35","98486357"
"chr16","55576071","55576377","chr1","179902973","179903281","35","124326902"
"chr16","55827500","55827795","chr2B","178282116","178282408","29","122454616"
"chr16","55936836","55937138","chr3","192148020","192148316","28","136211184"
"chr16","56311887","56312185","chr17","64276397","64276697","26","7964510"
"chr16","56387998","56388279","chr17","64203703","64203982","33","7815705"
"chr16","56633969","56634275","chr11","83101168","83101475","29","26467199"
"chr16","57049556","57049862","chr6","154020042","154020349","35","96970486"
"chr16","57476426","57476724","chr17","63036643","63036936","31","5560217"
"chr16","58164007","58164296","chr11","46546168","46546464","48","11617839"
"chr16","58209949","58210234","chr17","62283310","62283610","43","4073361"
"chr16","58416498","58416830","chr3","103628900","103629226","53","45212402"
"chr16","58441301","58441609","chr14","60259831","60260143","29","1818530"
"chr16","58576494","58576796","chr17","41627992","41628290","35","16948502"
"chr16","58673311","58673567","chr15","76449237","76449507","47","17775926"
"chr16","58784660","58784764","chr6","112832003","112832109","23","54047343"
"chr16","58792001","58792305","chr17","61695882","61696178","24","2903881"
"chr16","58802940","58803237","chr6","35369030","35369319","45","23433910"
"chr16","59205523","59205807","chr6","28781987","28782275","36","30423536"
"chr16","59324360","59324606","chr17","10299854","10300103","12","49024506"
"chr16","59691168","59691449","chr12","126530635","126530912","52","66839467"
"chr16","59706809","59707103","chr17","11275449","11275741","24","48431360"
"chr16","59857516","59857798","chr6","153683020","153683310","39","93825504"
"chr16","59935140","59935412","chr17","11503195","11503471","37","48431945"
"chr16","59935481","59935492","chr5","43633117","43633128","11","16302364"
"chr16","60082311","60082578","chr1","12511073","12511344","30","47571238"
"chr16","60402389","60402520","chr3","170116728","170116857","16","109714339"
"chr16","61129374","61129674","chr3","138854393","138854689","40","77725019"
"chr16","61141757","61142047","chr22","20193243","20193523","43","40948514"
"chr16","61216857","61217164","chr7","40994538","40994847","36","20222319"
"chr16","61241290","61241598","chrX","6014746","6015052","35","55226544"
"chr16","61417205","61417540","chrX","76724331","76724666","49","15307126"
"chr16","61564279","61564482","chr8","1720266","1720472","29","59844013"
"chr16","61567703","61568007","chr1","20829654","20829955","34","40738049"
"chr16","61683425","61683724","chr8","28780985","28781285","32","32902440"
"chr16","61873060","61873369","chr5","166605772","166606072","35","104732712"
"chr16","62220358","62220550","chr3","133067438","133067635","24","70847080"
"chr16","62327873","62328193","chr17","13498010","13498317","39","48829863"
"chr16","62561304","62561592","chr19","45478677","45478960","27","17082627"
"chr16","62736099","62736407","chr17","13971575","13971883","29","48764524"
"chr16","62904608","62904904","chr11","110419706","110420001","29","47515098"
"chr16","62931484","62931507","chrX","29724690","29724707","11","33206794"
"chr16","63092241","63092391","chr6","31969102","31969250","23","31123139"
"chr16","63115949","63116240","chr18","23119904","23120193","26","39996045"
"chr16","63152631","63152930","chr1","129528337","129528634","46","66375706"
"chr16","63854467","63854757","chr17","15274064","15274349","51","48580403"
"chr16","64061744","64061965","chr2A","21684440","21684668","33","42377304"
"chr16","64096880","64097158","chr16","24344624","24344896","55","39752256"
"chr16","64461187","64461466","chr17","15734369","15734649","22","48726818"
"chr16","64541146","64541310","chr12","56190748","56190919","26","8350398"
"chr16","64594345","64594655","chrX","96822397","96822703","39","32228052"
"chr16","65912825","65913085","chr1","10191710","10191974","40","55721115"
"chr16","66062106","66062299","chr3","203629726","203629919","34","137567620"
"chr16","66131538","66131845","chr17","17460728","17461033","26","48670810"
"chr16","66143104","66143399","chr2B","162803846","162804139","36","96660742"
"chr16","66170498","66170656","chr16","2855393","2855552","21","63315105"
"chr16","66273856","66274160","chr17","17611902","17612197","27","48661954"
"chr16","66274473","66274709","chr4","182509244","182509479","35","116234771"
"chr16","66475008","66475296","chr1","217141048","217141329","35","150666040"
"chr16","66664294","66664586","chr1","134957856","134958144","32","68293562"
"chr16","66755525","66755820","chr12","122308758","122309058","35","55553233"
"chr16","66850524","66850827","chr4","41241129","41241423","38","25609395"
"chr16","66920594","66920901","chr12","26721656","26721960","34","40198938"
"chr16","67333988","67334282","chr15","61903815","61904111","34","5430173"
"chr16","67356463","67356704","chrX","153856131","153856369","37","86499668"
"chr16","67367707","67367837","chr1","11883701","11883833","15","55484006"
"chr16","67368145","67368177","chr1","31474562","31474593","16","35893583"
"chr16","67521389","67521687","chr17","18879083","18879382","26","48642306"
"chr16","68069773","68070071","chr11","65684249","65684557","47","2385524"
"chr16","68121044","68121331","chr6","153683020","153683310","37","85561976"
"chr16","68808478","68808785","chr8","63104122","63104425","39","5704356"
"chr16","69299441","69299598","chr1","40266263","40266419","19","29033178"
"chr16","69370288","69370590","chr7","146549797","146550097","40","77179509"
"chr16","69435861","69436168","chrX","6014746","6015052","39","63421115"
"chr16","69713350","69713552","chr2B","194630686","194630888","34","124917336"
"chr16","69890663","69890797","chr1","11883701","11883833","12","58006962"
"chr16","69891108","69891281","chr4","52232148","52232313","22","17658960"
"chr16","70086764","70086897","chr1","11883701","11883833","13","58203063"
"chr16","70087205","70087376","chr9","84575980","84576150","26","14488775"
"chr16","70358366","70358664","chr3","201400250","201400558","39","131041884"
"chr16","70744394","70744702","chr6","28770341","28770652","38","41974053"
"chr16","70745960","70746253","chr1","21970740","21971034","33","48775220"
"chr16","70867873","70867967","chr12","66811847","66811940","12","4056026"
"chr16","70992145","70992471","chr19","9381109","9381432","43","61611036"
"chr16","71006239","71006533","chr21","37784588","37784886","25","33221651"
"chr16","71313791","71313839","chr8","34999002","34999050","26","36314789"
"chr16","71505658","71505949","chr17","53764873","53765164","31","17740785"
"chr16","73155040","73155328","chr8","78884750","78885024","42","5729710"
"chr16","73238589","73238890","chr7","134503856","134504154","35","61265267"
"chr16","73308313","73308522","chr2A","48015291","48015495","31","25293022"
"chr16","73576033","73576308","chr17","27991568","27991852","43","45584465"
"chr16","73756977","73757261","chr2A","20537787","20538074","32","53219190"
"chr16","73769480","73769741","chr22","37659453","37659723","55","36110027"
"chr16","74041819","74042110","chr17","82246794","82247086","34","8204975"
"chr16","74219687","74219980","chr6","152779990","152780280","29","78560303"
"chr16","74422415","74422543","chr18","17891015","17891145","17","56531400"
"chr16","74541479","74541746","chr5","168877801","168878082","37","94336322"
"chr17","1247808","1248150","chr11","65684249","65684557","64","64436441"
"chr17","1688676","1688983","chr1","212953832","212954134","43","211265156"
"chr17","2058692","2058986","chr6","76870777","76871073","37","74812085"
"chr17","3338999","3339307","chr1","102302386","102302692","45","98963387"
"chr17","3856133","3856442","chr2A","105966702","105967010","42","102110569"
"chr17","4408050","4408351","chr21","25802573","25802873","42","21394523"
"chr17","4461821","4462115","chr6","71670237","71670532","25","67208416"
"chr17","5383440","5383623","chr11","84587362","84587533","32","79203922"
"chr17","5424245","5424536","chr1","58530395","58530682","32","53106150"
"chr17","5534996","5535290","chr11","110419706","110420001","33","104884710"
"chr17","6245046","6245361","chr4","183122576","183122891","45","176877530"
"chr17","7185575","7185883","chr6","68829096","68829403","30","61643521"
"chr17","7506450","7506758","chr7","76502342","76502646","46","68995892"
"chr17","9933994","9934290","chr3","190978307","190978607","41","181044313"
"chr17","11094209","11094504","chr6","153683020","153683310","37","142588811"
"chr17","11127657","11127946","chr4","84919365","84919658","38","73791708"
"chr17","11263568","11263627","chr15","83726252","83726303","21","72462684"
"chr17","11832523","11832817","chr17","53764873","53765164","30","41932350"
"chr17","12975035","12975340","chr6","64757611","64757913","32","51782576"
"chr17","13088443","13088722","chr13","40460489","40460767","39","27372046"
"chr17","13793769","13794053","chr9","19415757","19416045","33","5621988"
"chr17","14530347","14530605","chr6","58265783","58266056","29","43735436"
"chr17","14547014","14547303","chr3","15219656","15219944","28","672642"
"chr17","14702829","14703126","chr11","95684430","95684731","30","80981601"
"chr17","14822658","14822890","chr6","57957750","57957978","24","43135092"
"chr17","15672621","15672918","chr7","34178937","34179232","30","18506316"
"chr17","16799422","16799727","chr2B","187793374","187793679","38","170993952"
"chr17","17339638","17339739","chr12","36002996","36003091","17","18663358"
"chr17","20443240","20443528","chr6","52875954","52876243","25","32432714"
"chr17","22088487","22088784","chr19","5778433","5778728","40","16310054"
"chr17","22867810","22868103","chr1","178612656","178612947","38","155744846"
"chr17","22936466","22936765","chr6","50289247","50289540","34","27352781"
"chr17","23709713","23709956","chr6","49442869","49443117","29","25733156"
"chr17","25557554","25557862","chr6","47572208","47572517","32","22014654"
"chr17","26329174","26329450","chr6","46769643","46769923","28","20440469"
"chr17","26884660","26884779","chr12","120868571","120868687","18","93983911"
"chr17","27800643","27800952","chr6","141126055","141126362","37","113325412"
"chr17","27801153","27801311","chr7","143721706","143721865","12","115920553"
"chr17","28745253","28745556","chr4","22017222","22017526","41","6728031"
"chr17","28974926","28975213","chr18","23119904","23120193","34","5855022"
"chr17","29328908","29329183","chr17","27991568","27991852","37","1337340"
"chr17","29780126","29780429","chr17","13723870","13724174","30","16056256"
"chr17","30119066","30119360","chr19","5778433","5778728","28","24340633"
"chr17","30265129","30265399","chr1","130740495","130740787","52","100475366"
"chr17","30418517","30418822","chr3","47982635","47982933","37","17564118"
"chr17","30721374","30721669","chrX","45528909","45529204","41","14807535"
"chr17","30734533","30734843","chr10","61968105","61968411","38","31233572"
"chr17","30889382","30889658","chr8","63104122","63104425","49","32214740"
"chr17","31067001","31067226","chr3","146560773","146561000","42","115493772"
"chr17","32831992","32832297","chrX","86781968","86782274","27","53949976"
"chr17","32880460","32880761","chrX","15819246","15819549","31","17061214"
"chr17","33199836","33200117","chr5","168877801","168878082","28","135677965"
"chr17","33418058","33418348","chr20","1282379","1282668","47","32135679"
"chr17","33835428","33835700","chr5","136477290","136477571","40","102641862"
"chr17","34203918","34204224","chr6","38691287","38691588","34","4487369"
"chr17","34207407","34207684","chr1","65066847","65067132","39","30859440"
"chr17","34220536","34220819","chr6","38672662","38672949","31","4452126"
"chr17","34293697","34293973","chr1","194691043","194691314","37","160397346"
"chr17","34342358","34342663","chr6","38550740","38551044","30","4208382"
"chr17","34344827","34345123","chr5","143509320","143509612","42","109164493"
"chr17","34356838","34357091","chr1","21704490","21704748","33","12652348"
"chr17","34482649","34482955","chr6","38412888","38413191","30","3930239"
"chr17","34813553","34813846","chr10","72630850","72631144","38","37817297"
"chr17","34995668","34995957","chr2A","66293177","66293463","33","31297509"
"chr17","35006466","35006748","chr17","27991568","27991852","30","7014898"
"chr17","35148595","35148887","chr5","94341395","94341684","33","59192800"
"chr17","35491929","35492232","chr6","37400770","37401064","31","1908841"
"chr17","35871761","35872053","chr14","48313088","48313384","24","12441327"
"chr17","35902334","35902629","chr6","36980613","36980914","28","1078279"
"chr17","35968935","35969242","chr3","202786201","202786506","41","166817266"
"chr17","36150680","36150968","chr1","44255144","44255424","36","8104464"
"chr17","37380735","37381005","chr1","194691043","194691314","24","157310308"
"chr17","37400309","37400600","chr6","35369030","35369319","34","2031279"
"chr17","39075908","39076047","chr12","122703610","122703750","13","83627702"
"chr17","39497205","39497509","chrX","15819246","15819549","41","23677959"
"chr17","39897480","39897631","chr2A","32844881","32845035","29","7052599"
"chr17","39898348","39898464","chr4","154753517","154753644","29","114855169"
"chr17","40107518","40107810","chr3","76861197","76861479","44","36753679"
"chr17","40182884","40183149","chr10","128022523","128022774","41","87839639"
"chr17","40220017","40220323","chr21","30765523","30765826","38","9454494"
"chr17","40314294","40314573","chr5","94341395","94341684","33","54027101"
"chr17","41267262","41267567","chr6","31851071","31851367","32","9416191"
"chr17","41367424","41367728","chr8","63104122","63104425","31","21736698"
"chr17","41700215","41700486","chr22","39920256","39920532","41","1779959"
"chr17","42177559","42177852","chr6","30957531","30957834","32","11220028"
"chr17","42377645","42377954","chr6","30576008","30576314","32","11801637"
"chr17","43001345","43001646","chr2B","219105247","219105545","42","176103902"
"chr17","43979591","43979897","chr3","188936705","188937006","41","144957114"
"chr17","44262387","44262669","chr17","27991568","27991852","29","16270819"
"chr17","44271614","44271918","chr6","28770341","28770652","29","15501273"
"chr17","44748017","44748296","chr6","28292220","28292498","65","16455797"
"chr17","45014641","45014943","chr6","28014440","28014731","41","17000201"
"chr17","45442976","45443271","chr7","134503856","134504154","33","89060880"
"chr17","46526138","46526416","chr19","45478677","45478960","66","1047461"
"chr17","46691255","46691554","chr4","163148391","163148687","30","116457136"
"chr17","46781509","46781830","chr6","165862849","165863168","44","119081340"
"chr17","46882174","46882478","chr7","44084732","44085031","44","2797442"
"chr17","46905745","46906051","chr7","122016068","122016376","41","75110323"
"chr17","46907024","46907324","chr3","49872925","49873210","52","2965901"
"chr17","47350442","47350744","chr12","35751600","35751902","33","11598842"
"chr17","47765905","47766212","chr1","129528337","129528634","44","81762432"
"chr17","50195862","50196155","chr13","62490986","62491262","47","12295124"
"chr17","50291507","50291806","chr1","129528337","129528634","32","79236830"
"chr17","50313732","50314016","chrX","85204424","85204712","33","34890692"
"chr17","50436469","50436753","chr1","20953555","20953840","37","29482914"
"chr17","50959211","50959494","chr1","134957856","134958144","39","83998645"
"chr17","51261383","51261671","chr6","21119026","21119307","32","30142357"
"chr17","51321979","51322270","chr4","169342583","169342876","39","118020604"
"chr17","51417300","51417596","chr7","134503856","134504154","35","83086556"
"chr17","51570207","51570501","chr6","20809150","20809432","41","30761057"
"chr17","51718760","51719057","chr5","72138163","72138458","27","20419403"
"chr17","51815502","51815777","chr8","78884750","78885024","47","27069248"
"chr17","52906469","52906779","chr11","65684249","65684557","29","12777780"
"chr17","53636915","53637173","chr7","33926261","33926520","40","19710654"
"chr17","53768644","53768948","chr2B","223143944","223144246","35","169375300"
"chr17","54356098","54356213","chr1","35770747","35770862","12","18585351"
"chr17","54753480","54753781","chr1","212953832","212954134","33","158200352"
"chr17","54970094","54970280","chr10","12071161","12071349","31","42898933"
"chr17","55300606","55300913","chr2B","130458345","130458651","52","75157739"
"chr17","55472977","55473258","chr4","40116377","40116664","42","15356600"
"chr17","55473287","55473305","chrX","29724690","29724707","7","25748597"
"chr17","55538524","55538674","chr12","45156744","45156891","20","10381780"
"chr17","55538676","55539005","chr3","103628900","103629226","43","48090224"
"chr17","55747717","55747997","chr5","168877801","168878082","31","113130084"
"chr17","56631973","56632267","chr6","15761247","15761553","37","40870726"
"chr17","56935885","56936183","chr3","191717604","191717900","48","134781719"
"chr17","56960852","56961126","chr5","134611842","134612119","39","77650990"
"chr17","57074861","57075167","chr6","15304004","15304310","30","41770857"
"chr17","57088330","57088397","chr6","15291504","15291571","5","41796826"
"chr17","58162317","58162611","chr10","113095723","113096019","31","54933406"
"chr17","59281984","59282284","chr8","45317030","45317330","32","13964954"
"chr17","59511663","59511973","chr6","12846430","12846724","47","46665233"
"chr17","59631880","59632164","chr5","168877801","168878082","29","109245921"
"chr17","60512411","60512567","chr8","19302881","19303036","19","41209530"
"chr17","60686771","60687072","chr6","11581917","11582224","28","49104854"
"chr17","61056096","61056376","chr10","97460770","97461053","30","36404674"
"chr17","61084392","61084436","chr15","83726252","83726303","20","22641860"
"chr17","61217871","61218166","chr1","126023115","126023420","43","64805244"
"chr17","61282011","61282251","chr7","83378338","83378586","47","22096327"
"chr17","61324669","61324721","chr22","22266059","22266104","13","39058610"
"chr17","61382404","61382707","chr12","31805222","31805513","40","29577182"
"chr17","61485360","61485655","chr12","95802272","95802570","36","34316912"
"chr17","61672901","61673208","chr4","142904274","142904581","37","81231373"
"chr17","62161711","62162002","chr1","17066132","17066429","50","45095579"
"chr17","62185736","62185860","chr6","10113476","10113602","16","52072260"
"chr17","63152540","63152808","chr7","33926261","33926520","41","29226279"
"chr17","63954013","63954313","chr8","61918149","61918444","37","2035864"
"chr17","64738115","64738409","chr1","27151921","27152213","30","37586194"
"chr17","64753715","64754028","chr6","38919801","38920109","44","25833914"
"chr17","65030436","65030742","chr6","7265948","7266249","36","57764488"
"chr17","66248926","66249167","chr2B","167718485","167718719","31","101469559"
"chr17","67193488","67193798","chr15","37682481","37682787","37","29511007"
"chr17","67207597","67207870","chr2B","229510282","229510566","34","162302685"
"chr17","67209074","67209134","chr11","18071282","18071348","26","49137792"
"chr17","68121233","68121532","chr3","47982635","47982933","33","20138598"
"chr17","68151116","68151417","chr3","188936705","188937006","34","120785589"
"chr17","68184441","68184736","chr5","79226160","79226455","31","11041719"
"chr17","68904143","68904448","chr4","22017222","22017526","36","46886921"
"chr17","69465104","69465411","chr6","2614153","2614464","31","66850951"
"chr17","69515456","69515742","chr9","107188272","107188556","36","37672816"
"chr17","70142278","70142570","chr9","95553385","95553680","34","25411107"
"chr17","71479454","71479732","chr6","629814","630097","30","70849640"
"chr17","71781878","71782157","chr5","172117633","172117915","34","100335755"
"chr17","71901917","71902197","chr19","2752951","2753241","37","69148966"
"chr17","71958143","71958438","chr6","149219","149515","22","71808924"
"chr18","157960","158192","chr2A","21684440","21684668","34","21526480"
"chr18","1637949","1638252","chr18","75124838","75125145","34","73486889"
"chr18","3378751","3379052","chr11","64026312","64026611","32","60647561"
"chr18","3590855","3591163","chrX","12638543","12638851","35","9047688"
"chr18","3720730","3721035","chr5","350675","350976","35","3370055"
"chr18","5451014","5451066","chr17","11062823","11062873","24","5611809"
"chr18","5529398","5529693","chr18","71025358","71025653","24","65495960"
"chr18","5682863","5683157","chr19","45478677","45478960","42","39795814"
"chr18","7593334","7593628","chr12","30297041","30297335","37","22703707"
"chr18","8394952","8395274","chr4","183122576","183122891","49","174727624"
"chr18","8505026","8505328","chrX","12638543","12638851","45","4133517"
"chr18","9205201","9205548","chr15","22242670","22243000","61","13037469"
"chr18","9399357","9399663","chr14","100516587","100516891","32","91117230"
"chr18","10178872","10179187","chrX","43650249","43650556","50","33471377"
"chr18","10314685","10314975","chr2A","110266663","110266954","38","99951978"
"chr18","10371749","10372052","chr8","63104122","63104425","39","52732373"
"chr18","10596020","10596316","chr1","129528337","129528634","35","118932317"
"chr18","11607107","11607407","chr1","129528337","129528634","33","117921230"
"chr18","12414609","12414877","chr7","33926261","33926520","35","21511652"
"chr18","14521238","14521537","chr18","71025358","71025653","35","56504120"
"chr18","15037995","15038288","chr22","45301338","45301633","39","30263343"
"chr18","15695771","15696079","chr6","141126055","141126362","40","125430284"
"chr18","15835540","15835828","chr4","154027941","154028238","41","138192401"
"chr18","16162108","16162412","chr19","5778433","5778728","41","10383675"
"chr18","16303113","16303410","chr18","60128481","60128778","35","43825368"
"chr18","16310170","16310480","chr18","47734150","47734450","48","31423980"
"chr18","16333485","16333786","chr9","70186079","70186380","36","53852594"
"chr18","16365562","16365859","chr6","76870777","76871073","42","60505215"
"chr18","16434351","16434636","chr19","45478677","45478960","31","29044326"
"chr18","16435867","16436120","chr10","128022523","128022774","30","111586656"
"chr18","17325749","17326004","chr11","112910054","112910310","36","95584305"
"chr18","17479661","17479709","chr17","11062823","11062873","26","6416838"
"chr18","18363399","18363570","chr18","58090876","58091047","18","39727477"
"chr18","19213217","19213473","chr18","57247788","57248059","38","38034571"
"chr18","19916527","19916831","chr14","37039865","37040162","30","17123338"
"chr18","20108403","20108688","chr15","76449237","76449507","63","56340834"
"chr18","20170379","20170637","chr6","66630130","66630373","46","46459751"
"chr18","20434068","20434374","chrX","45054779","45055085","39","24620711"
"chr18","20723646","20723940","chr1","27151921","27152213","35","6428275"
"chr18","20784941","20785241","chr18","55665615","55665913","27","34880674"
"chr18","20960782","20961069","chr19","45478677","45478960","31","24517895"
"chr18","21669681","21669964","chr5","168877801","168878082","30","147208120"
"chr18","21748089","21748321","chr5","165400262","165400489","36","143652173"
"chr18","22520595","22520902","chr18","53926558","53926863","42","31405963"
"chr18","24009817","24010115","chr19","5778433","5778728","33","18231384"
"chr18","25145550","25145691","chr15","63086034","63086173","23","37940484"
"chr18","26723701","26724000","chr3","118724371","118724667","35","92000670"
"chr18","26898960","26899258","chr18","50773996","50774296","29","23875036"
"chr18","28164559","28164871","chr14","92072400","92072692","53","63907841"
"chr18","29608734","29609036","chrX","114691755","114692055","40","85083021"
"chr18","29616824","29617119","chr4","22017222","22017526","45","7599602"
"chr18","29620709","29621001","chr5","143509320","143509612","30","113888611"
"chr18","30494429","30494596","chr9","84575980","84576150","31","54081551"
"chr18","31077755","31078033","chr13","62490986","62491262","31","31413231"
"chr18","31484511","31484816","chr15","87833224","87833529","37","56348713"
"chr18","31647200","31647495","chr7","109757793","109758085","41","78110593"
"chr18","31960238","31960528","chr18","45723353","45723644","33","13763115"
"chr18","33180717","33181007","chr1","178612656","178612947","35","145431939"
"chr18","33951714","33952009","chr6","25511736","25512027","43","8439978"
"chr18","34478501","34478802","chr5","168637578","168637880","33","134159077"
"chr18","35156515","35156794","chr1","217141048","217141329","34","181984533"
"chr18","35363942","35364231","chr10","126934605","126934892","50","91570663"
"chr18","35748233","35748262","chr19","53911271","53911295","15","18163038"
"chr18","35748554","35748609","chr15","83726252","83726303","17","47977698"
"chr18","36418169","36418453","chr2A","56095295","56095578","36","19677126"
"chr18","36542800","36543112","chr18","41133091","41133397","36","4590291"
"chr18","37067531","37067831","chr1","43970240","43970549","53","6902709"
"chr18","37085209","37085507","chr3","185314437","185314731","42","148229228"
"chr18","37340579","37340853","chr8","101244113","101244391","34","63903534"
"chr18","37935228","37935526","chr18","39748620","39748926","36","1813392"
"chr18","38583638","38583929","chr6","153683020","153683310","34","115099382"
"chr18","39190756","39190986","chr2A","28819964","28820209","44","10370792"
"chr18","39547463","39547763","chr3","47982635","47982933","39","8435172"
"chr18","39686692","39686992","chr4","47490411","47490709","45","7803719"
"chr18","42359678","42359774","chr3","126459164","126459264","30","84099486"
"chr18","42368444","42368748","chr6","152163250","152163554","44","109794806"
"chr18","42660473","42660766","chr6","2975295","2975595","41","39685178"
"chr18","43058893","43059197","chr18","34638691","34638995","22","8420202"
"chr18","43884133","43884416","chr12","3140845","3141137","33","40743288"
"chr18","44030331","44030623","chr19","2752951","2753241","31","41277380"
"chr18","44051759","44052047","chr18","33591996","33592278","36","10459763"
"chr18","44395669","44396005","chrX","76724331","76724666","50","32328662"
"chr18","44704711","44705025","chr18","32917613","32917915","39","11787098"
"chr18","44818935","44819226","chr13","49870676","49870962","44","5051741"
"chr18","44832184","44832485","chr18","32780029","32780325","30","12052155"
"chr18","44993266","44993528","chr10","114560869","114561144","51","69567603"
"chr18","45433234","45433460","chr12","129564855","129565107","83","84131621"
"chr18","46092995","46093302","chr8","63104122","63104425","38","17011127"
"chr18","46670830","46671128","chr3","9143569","9143872","31","37527261"
"chr18","46832414","46832708","chr6","118423541","118423833","34","71591127"
"chr18","51132390","51132691","chr1","129528337","129528634","37","78395947"
"chr18","51561111","51561407","chr17","42548149","42548446","41","9012962"
"chr18","52218140","52218466","chr4","177476561","177476881","53","125258421"
"chr18","52418044","52418337","chrX","31925374","31925676","44","20492670"
"chr18","53208339","53208632","chr18","24251827","24252121","27","28956512"
"chr18","53334808","53335098","chr19","22060186","22060474","39","31274622"
"chr18","53830008","53830309","chr2A","70725628","70725935","33","16895620"
"chr18","54280225","54280366","chr12","54542712","54542856","48","262487"
"chr18","54327786","54328089","chr5","148892368","148892667","32","94564582"
"chr18","54335140","54335430","chr3","61825885","61826173","31","7490745"
"chr18","54419580","54419888","chr18","23021632","23021940","22","31397948"
"chr18","55514019","55514329","chr1","188640279","188640585","42","133126260"
"chr18","56952717","56953003","chr18","20467014","20467308","36","36485703"
"chr18","57014383","57014666","chr18","20401830","20402112","26","36612553"
"chr18","57042085","57042228","chr12","122703610","122703750","18","65661525"
"chr18","57519650","57519767","chr7","104920439","104920553","14","47400789"
"chr18","59202071","59202389","chr10","69396106","69396414","47","10194035"
"chr18","59363120","59363399","chr17","66057754","66058033","30","6694634"
"chr18","60157227","60157526","chr20","53777293","53777592","31","6379934"
"chr18","60198192","60198471","chr5","168877801","168878082","37","108679609"
"chr18","61012044","61012320","chr6","4077771","4078046","35","56934273"
"chr18","61373693","61373998","chr11","32882893","32883205","47","28490800"
"chr18","61491547","61491617","chr11","18071282","18071348","23","43420265"
"chr18","61879368","61879676","chr17","13723870","13724174","32","48155498"
"chr18","62247293","62247580","chr18","13595464","13595753","25","48651829"
"chr18","62328215","62328381","chr6","161343636","161343795","21","99015421"
"chr18","62618834","62619132","chr9","70186079","70186380","40","7567245"
"chr18","62877588","62877879","chr11","128800963","128801253","35","65923375"
"chr18","63758458","63758759","chr8","28780985","28781285","39","34977473"
"chr18","63920158","63920207","chr15","83726252","83726303","22","19806094"
"chr18","64239346","64239632","chr11","125170917","125171201","33","60931571"
"chr18","64864892","64865189","chr4","84993109","84993408","38","20128217"
"chr18","65327760","65328066","chr13","26254958","26255263","38","39072802"
"chr18","66183169","66183467","chr5","148892368","148892667","38","82709199"
"chr18","66225396","66225669","chr14","73229251","73229518","27","7003855"
"chr18","66283235","66283523","chr5","165592457","165592754","36","99309222"
"chr18","66476714","66476927","chr20","51408247","51408462","28","15068467"
"chr18","66488894","66489188","chr18","9114282","9114560","42","57374612"
"chr18","66554644","66554949","chr2A","27348669","27348962","43","39205975"
"chr18","67254013","67254314","chr3","126590511","126590805","38","59336498"
"chr18","67861976","67862056","chrUn_NW_014014512v1","4","79","28","67861972"
"chr18","68267898","68267947","chr15","83726252","83726303","24","15458354"
"chr18","68778115","68778336","chr1","29310901","29311110","27","39467214"
"chr18","68779792","68779949","chr1","40266263","40266419","16","28513529"
"chr18","69069686","69069987","chr1","216127275","216127575","39","147057589"
"chr18","69437683","69437974","chr5","72138163","72138458","44","2700480"
"chr18","69592520","69592816","chr17","42017590","42017885","35","27574930"
"chr18","70231304","70231607","chr7","50368927","50369228","37","19862377"
"chr18","70485246","70485344","chr8","132369148","132369278","44","61883902"
"chr18","71004127","71004412","chr3","61825885","61826173","28","9178242"
"chr18","71032307","71032584","chr1","20953555","20953840","56","50078752"
"chr18","71285092","71285360","chr7","33926261","33926520","39","37358831"
"chr18","71476367","71476661","chr1","178612656","178612947","36","107136289"
"chr18","71533858","71534156","chr2B","119300690","119300987","33","47766832"
"chr18","72151718","72152040","chrX","76724331","76724666","43","4572613"
"chr19","1295721","1296020","chr3","190978307","190978607","29","189682586"
"chr19","1785155","1785303","chr17","24567313","24567457","26","22782158"
"chr19","1821688","1821990","chr8","101421423","101421722","34","99599735"
"chr19","1975046","1975251","chr3","191822405","191822607","29","189847359"
"chr19","2400322","2400630","chrX","86781968","86782274","40","84381646"
"chr19","2448974","2449213","chr12","129564855","129565107","67","127115881"
"chr19","2470205","2470497","chr15","40762759","40763053","36","38292554"
"chr19","2475791","2476081","chr1","26929587","26929884","31","24453796"
"chr19","3387111","3387401","chr6","153683020","153683310","32","150295909"
"chr19","3481389","3481642","chr1","39530925","39531181","33","36049536"
"chr19","3493876","3494129","chr1","39530925","39531181","33","36037049"
"chr19","4434134","4434289","chr10","37467683","37467844","25","33033549"
"chr19","4519389","4519690","chr17","13723870","13724174","24","9204481"
"chr19","4548777","4549084","chr5","30227156","30227464","34","25678379"
"chr19","5137991","5138300","chr4","22017222","22017526","47","16879231"
"chr19","5138972","5139278","chrX","15819246","15819549","37","10680274"
"chr19","5258657","5258950","chr19","5778433","5778728","26","519776"
"chr19","5330560","5330831","chr8","101244113","101244391","49","95913553"
"chr19","5432305","5432576","chr5","17925271","17925541","46","12492966"
"chr19","5433524","5433813","chr1","26929587","26929884","32","21496063"
"chr19","5449794","5450083","chr1","26929587","26929884","32","21479793"
"chr19","5929016","5929312","chr1","216127275","216127575","49","210198259"
"chr19","6231679","6231978","chr1","216127275","216127575","37","209895596"
"chr19","6371627","6371918","chr1","178612656","178612947","29","172241029"
"chr19","6684216","6684498","chr6","58265783","58266056","42","51581567"
"chr19","6719556","6719711","chr8","19302881","19303036","32","12583325"
"chr19","6843110","6843406","chr5","11971736","11972032","33","5128626"
"chr19","8012314","8012450","chr21","21959584","21959725","25","13947270"
"chr19","8038288","8038591","chr2B","131224486","131224784","31","123186198"
"chr19","8083950","8084226","chrX","41849049","41849316","45","33765099"
"chr19","8157634","8157916","chr20","41540406","41540704","46","33382772"
"chr19","9402356","9402640","chr22","25282852","25283141","31","15880496"
"chr19","9418231","9418308","chr11","18071282","18071348","38","8653051"
"chr19","9722499","9722805","chr3","201400250","201400558","40","191677751"
"chr19","10461983","10462275","chr5","148892368","148892667","43","138430385"
"chr19","10743376","10743652","chr8","25593893","25594170","41","14850517"
"chr19","11526323","11526626","chr8","126575218","126575519","41","115048895"
"chr19","11619239","11619538","chr3","33702315","33702614","36","22083076"
"chr19","12226895","12227208","chr3","201400250","201400558","39","189173355"
"chr19","12290276","12290476","chr3","133067438","133067635","28","120777162"
"chr19","12362664","12362683","chrX","29724690","29724707","10","17362026"
"chr19","12995600","12995889","chr2B","162803846","162804139","45","149808246"
"chr19","13363743","13363783","chr9","131115865","131115900","26","117752122"
"chr19","13435837","13436148","chr22","29387383","29387687","31","15951546"
"chr19","13521579","13521887","chr7","103893143","103893443","39","90371564"
"chr19","13878434","13878511","chr17","66312234","66312325","25","52433800"
"chr19","13921940","13922228","chr17","5806940","5807230","32","8115000"
"chr19","14000649","14000812","chr1","11353338","11353505","39","2647311"
"chr19","14123238","14123534","chr3","47982635","47982933","35","33859397"
"chr19","14652265","14652538","chr13","62490986","62491262","38","47838721"
"chr19","14656509","14656818","chr7","40994538","40994847","38","26338029"
"chr19","14746852","14747170","chr2A","105966702","105967010","39","91219850"
"chr19","14857581","14857868","chr1","20953555","20953840","38","6095974"
"chr19","14934669","14934700","chr1","31474562","31474593","17","16539893"
"chr19","15015732","15016030","chr17","82971930","82972224","43","67956198"
"chr19","15421706","15422012","chr9","97258024","97258323","33","81836318"
"chr19","15545812","15546123","chrUn_NW_014017165v1","966983","967289","38","14578829"
"chr19","15706042","15706336","chr22","31745518","31745814","34","16039476"
"chr19","15720701","15721003","chr7","103893143","103893443","33","88172442"
"chr19","15790076","15790368","chr13","38802129","38802422","33","23012053"
"chr19","15810514","15810803","chr9","97407531","97407821","30","81597017"
"chr19","15855916","15856216","chr22","31901115","31901406","30","16045199"
"chr19","15903252","15903545","chr2A","6060442","6060740","36","9842810"
"chr19","15982821","15983116","chr22","37310009","37310303","38","21327188"
"chr19","16008213","16008458","chr2A","28819964","28820209","31","12811751"
"chr19","16024798","16025114","chr4","131713398","131713702","42","115688600"
"chr19","16105411","16105692","chr6","115903121","115903401","30","99797710"
"chr19","16540840","16541133","chr1","178612656","178612947","35","162071816"
"chr19","16571026","16571329","chr7","48182271","48182573","28","31611245"
"chr19","16688972","16689251","chr22","32760113","32760379","35","16071141"
"chr19","16784445","16784740","chr1","216127275","216127575","33","199342830"
"chr19","16785112","16785392","chrX","12255720","12255997","23","4529392"
"chr19","16785494","16785790","chr2B","241444232","241444533","27","224658738"
"chr19","17137646","17137924","chr22","33206154","33206436","32","16068508"
"chr19","17413193","17413499","chr22","33488753","33489048","36","16075560"
"chr19","18228544","18228844","chr21","30765523","30765826","33","12536979"
"chr19","18254359","18254586","chr4","168122165","168122391","36","149867806"
"chr19","18464084","18464336","chr16","75464658","75464909","32","57000574"
"chr19","19135741","19136034","chr7","134503856","134504154","32","115368115"
"chr19","19330083","19330390","chr14","75316002","75316308","37","55985919"
"chr19","19597886","19598194","chr10","69396106","69396414","44","49798220"
"chr19","19857738","19858020","chr13","20173388","20173662","32","315650"
"chr19","19986890","19987206","chr10","69396106","69396414","36","49409216"
"chr19","20176534","20176833","chr15","98508796","98509084","38","78332262"
"chr19","20993733","20994043","chr1","27151921","27152213","66","6158188"
"chr19","21204131","21204252","chr3","163426333","163426454","12","142222202"
"chr19","21233804","21234086","chr6","12255009","12255295","31","8978795"
"chr19","21234768","21235069","chr22","37310009","37310303","30","16075241"
"chr19","21247586","21247913","chr4","177476561","177476881","49","156228975"
"chr19","21252044","21252320","chr22","37324371","37324661","33","16072327"
"chr19","21299439","21299735","chr5","53320013","53320304","31","32020574"
"chr19","22034769","22035066","chr22","38187998","38188291","28","16153229"
"chr19","22120694","22120998","chr22","38275454","38275747","37","16154760"
"chr19","22158440","22158739","chr3","47982635","47982933","36","25824195"
"chr19","22679021","22679339","chr2B","245525116","245525437","35","222846095"
"chr19","22746753","22747044","chr3","158922047","158922338","38","136175294"
"chr19","22761732","22762031","chr1","102302386","102302692","35","79540654"
"chr19","23055471","23055767","chr1","216127275","216127575","31","193071804"
"chr19","23477106","23477403","chr8","45317030","45317330","30","21839924"
"chr19","23620565","23620853","chr3","15219656","15219944","33","8400909"
"chr19","23748380","23748693","chr10","5452238","5452545","40","18296142"
"chr19","24094096","24094391","chr3","185314437","185314731","33","161220341"
"chr19","24165172","24165464","chr8","45317030","45317330","50","21151858"
"chr19","24169056","24169349","chr4","169342583","169342876","42","145173527"
"chr19","24276680","24276877","chr5","48753909","48754099","27","24477229"
"chr19","24457149","24457458","chr21","38190683","38190991","40","13733534"
"chr19","24483191","24483498","chr2A","70725628","70725935","58","46242437"
"chr19","24643949","24644103","chr10","136033","136194","22","24507916"
"chr19","24653576","24653728","chr10","136033","136194","22","24517543"
"chr19","24703748","24704048","chrX","12638543","12638851","33","12065205"
"chr19","24785427","24785709","chr5","168877801","168878082","35","144092374"
"chr19","25303055","25303365","chr22","41797990","41798300","37","16494935"
"chr19","25578650","25578954","chrX","15819246","15819549","27","9759404"
"chr19","25591003","25591310","chr6","38412888","38413191","45","12821885"
"chr19","25963964","25964233","chr1","12511073","12511344","43","13452891"
"chr19","26282756","26282813","chr3","127527482","127527533","17","101244726"
"chr19","26424526","26424808","chr11","125170917","125171201","32","98746391"
"chr19","26510572","26510860","chr5","54230890","54231182","38","27720318"
"chr19","26567826","26568138","chr3","22007151","22007466","50","4560675"
"chr19","27221722","27221985","chr1","10191710","10191974","34","17030012"
"chr19","27451723","27452010","chr5","94341395","94341684","30","66889672"
"chr19","27754791","27754945","chr4","52232148","52232313","26","24477357"
"chr19","28205071","28205363","chr6","149232645","149232928","80","121027574"
"chr19","28421536","28421822","chr4","40116377","40116664","33","11694841"
"chr19","28709350","28709655","chr22","45301338","45301633","32","16591988"
"chr19","29631315","29631617","chr1","20829654","20829955","34","8801661"
"chr19","29898300","29898594","chr16","87751224","87751523","33","57852924"
"chr19","29980494","29980775","chr12","4532993","4533275","31","25447501"
"chr19","30244838","30245143","chr1","102302386","102302692","38","72057548"
"chr19","31064781","31065088","chr1","102302386","102302692","37","71237605"
"chr19","31686422","31686724","chr4","22017222","22017526","39","9669200"
"chr19","31738615","31738914","chr6","31851071","31851367","34","112456"
"chr19","31906360","31906643","chr22","48692451","48692737","24","16786091"
"chr19","32137572","32137620","chr15","83726252","83726303","21","51588680"
"chr19","32403581","32403879","chr1","129528337","129528634","33","97124756"
"chr19","32525719","32526015","chr1","164415659","164415950","32","131889940"
"chr19","33246859","33247136","chr3","72793870","72794154","44","39547011"
"chr20","49282805","49283142","chr15","56805749","56806083","56","7522944"
"chr20","61472630","61472916","chr2A","66293177","66293463","36","4820547"
"chr20","115867612","115867892","chr13","62490986","62491262","39","53376626"
"chr20","2617804","2617944","chr1","144800810","144800957","36","142183006"
"chr20","2830947","2831232","chrX","73656152","73656436","34","70825205"
"chr20","3688330","3688634","chr18","62828682","62828983","37","59140352"
"chr20","3832414","3832704","chr1","178612656","178612947","36","174780242"
"chr20","4612379","4612687","chr1","181665682","181665986","49","177053303"
"chr20","5579029","5579318","chr4","175771349","175771630","52","170192320"
"chr20","5785172","5785475","chr17","46383374","46383676","34","40598202"
"chr20","6100575","6100846","chr13","62490986","62491262","32","56390411"
"chr20","6989849","6990140","chr1","136045107","136045410","41","129055258"
"chr20","7149912","7149968","chr15","83726252","83726303","15","76576340"
"chr20","7530257","7530550","chr1","135497204","135497491","36","127966947"
"chr20","7692282","7692558","chr13","62490986","62491262","34","54798704"
"chr20","7771623","7771671","chr8","34999002","34999050","14","27227379"
"chr20","7842663","7842971","chr3","190978307","190978607","37","183135644"
"chr20","8075327","8075622","chr1","134957856","134958144","23","126882529"
"chr20","8241368","8241664","chrX","22050191","22050484","32","13808823"
"chr20","8472029","8472301","chr8","72294091","72294356","41","63822062"
"chr20","8506038","8506337","chr15","92184245","92184545","30","83678207"
"chr20","8684144","8684434","chr1","27151921","27152213","28","18467777"
"chr20","9211122","9211430","chr6","2975295","2975595","35","6235827"
"chr20","9215857","9216181","chr17","66730343","66730665","71","57514486"
"chr20","9606167","9606212","chr15","83726252","83726303","24","74120085"
"chr20","9659297","9659489","chr5","38843045","38843240","27","29183748"
"chr20","9662841","9663033","chr5","38843045","38843240","27","29180204"
"chr20","10102448","10102717","chr1","132694895","132695167","23","122592447"
"chr20","10156400","10156626","chr6","154666061","154666290","34","144509661"
"chr20","10158264","10158566","chr1","132630710","132630999","34","122472446"
"chr20","10869270","10869580","chr1","203226770","203227078","47","192357500"
"chr20","11735022","11735304","chr1","130953536","130953832","35","119218514"
"chr20","11949383","11949690","chr12","1151923","1152229","29","10797460"
"chr20","11954686","11954975","chr1","93016318","93016608","31","81061632"
"chr20","12124157","12124426","chr12","69438598","69438867","26","57314441"
"chr20","12453754","12454048","chr5","350675","350976","41","12103079"
"chr20","13078347","13078635","chr11","128800963","128801253","34","115722616"
"chr20","13224022","13224295","chr13","40460489","40460767","29","27236467"
"chr20","13573026","13573326","chr4","142904274","142904581","43","129331248"
"chr20","16816733","16816789","chr15","83726252","83726303","24","66909519"
"chr20","17352661","17352957","chr1","121245298","121245607","37","103892637"
"chr20","17737219","17737527","chr17","78657006","78657314","38","60919787"
"chr20","18046503","18046805","chrX","15819246","15819549","30","2227257"
"chr20","19002505","19002793","chr7","146549797","146550097","44","127547292"
"chr20","19171871","19172189","chr2A","111423582","111423906","60","92251711"
"chr20","19851134","19851424","chr1","123786179","123786467","28","103935045"
"chr20","20131936","20132238","chr17","13723870","13724174","36","6408066"
"chr20","21946444","21946747","chr1","126023115","126023420","34","104076671"
"chr20","21973897","21974199","chr14","87801348","87801649","41","65827451"
"chr20","22549421","22549715","chrX","117640256","117640547","37","95090835"
"chr20","23589678","23589962","chr4","111032840","111033121","36","87443162"
"chr20","24544164","24544467","chr1","110575264","110575567","25","86031100"
"chr20","24548675","24548984","chrX","15819246","15819549","41","8729429"
"chr20","24590310","24590604","chr15","87833224","87833529","45","63242914"
"chr20","24680606","24680893","chr1","27151921","27152213","42","2471315"
"chr20","24836702","24837002","chr1","129528337","129528634","39","104691635"
"chr20","26228326","26228621","chr1","178612656","178612947","38","152384330"
"chr20","26285165","26285471","chr8","63104122","63104425","40","36818957"
"chr20","26884130","26884414","chr1","108360216","108360499","28","81476086"
"chr20","28784040","28784341","chr15","22210443","22210755","39","6573597"
"chr20","29438012","29438309","chr1","105812311","105812609","25","76374299"
"chr20","29443136","29443433","chr1","129528337","129528634","42","100085201"
"chr20","30207797","30208090","chr1","104562532","104562832","38","74354735"
"chr20","30598174","30598440","chr1","104149576","104149832","34","73551402"
"chr20","31695435","31695734","chr3","49872925","49873210","50","18177490"
"chr20","31752238","31752538","chr11","95684430","95684731","38","63932192"
"chr20","32418416","32418717","chr1","102302386","102302692","36","69883970"
"chr20","33112739","33113043","chr9","70955733","70956039","41","37842994"
"chr20","33315861","33316018","chr1","101399048","101399208","15","68083187"
"chr20","33351380","33351683","chr1","101364885","101365187","31","68013505"
"chr20","33388799","33389084","chr3","49872925","49873210","48","16484126"
"chr20","33714175","33714473","chr3","138854393","138854689","39","105140218"
"chr20","33796848","33797118","chr8","28934986","28935248","44","4861862"
"chr20","34838177","34838490","chr17","27991568","27991852","64","6846609"
"chr20","34934645","34934946","chr1","99749232","99749539","43","64814587"
"chr20","35111316","35111607","chr1","134957856","134958144","39","99846540"
"chr20","35658851","35659155","chr1","99032672","99032977","34","63373821"
"chr20","36257524","36257701","chr1","159133655","159133822","29","122876131"
"chr20","36257751","36257887","chr1","98416825","98416953","19","62159074"
"chr20","36562048","36562347","chr1","98103133","98103434","30","61541085"
"chr20","37720131","37720442","chr2A","70725628","70725935","39","33005497"
"chr20","38191859","38192151","chr1","178612656","178612947","34","140420797"
"chr20","38265417","38265713","chr1","96374911","96375205","32","58109494"
"chr20","38982856","38983129","chr8","78884750","78885024","44","39901894"
"chr20","39363731","39364022","chr1","164415659","164415950","32","125051928"
"chr20","39420309","39420612","chr1","95216238","95216544","31","55795929"
"chr20","39441524","39441803","chr6","153683020","153683310","38","114241496"
"chr20","39583094","39583401","chr7","135261325","135261632","33","95678231"
"chr20","40221264","40221558","chr6","42316035","42316327","42","2094771"
"chr20","40898165","40898450","chr1","93753268","93753566","42","52855103"
"chr20","41321109","41321416","chr3","190978307","190978607","36","149657198"
"chr20","41597332","41597628","chr10","3318573","3318867","34","38278759"
"chr20","41624323","41624626","chr4","152485644","152485949","40","110861321"
"chr20","41649196","41649494","chr3","47982635","47982933","35","6333439"
"chr20","41703076","41703150","chr11","18071282","18071348","30","23631794"
"chr20","42038970","42039102","chr12","54542712","54542856","35","12503742"
"chr20","42650302","42650554","chr1","129238717","129238983","52","86588415"
"chr20","43037676","43037692","chr5","43633117","43633128","5","595441"
"chr20","43037750","43038025","chr3","15219656","15219944","41","27818094"
"chr20","43145284","43145571","chr6","118423541","118423833","33","75278257"
"chr20","43361526","43361815","chr19","45478677","45478960","33","2117151"
"chr20","43410313","43410628","chr1","212953832","212954134","48","169543519"
"chr20","43700856","43701151","chr4","25554866","25555163","39","18145990"
"chr20","45779451","45779757","chr3","201400250","201400558","40","155620799"
"chr20","46333077","46333379","chr15","37682481","37682787","38","8650596"
"chr20","46446677","46446983","chr1","15858802","15859106","40","30587875"
"chr20","46621386","46621672","chr1","88207047","88207334","31","41585661"
"chr20","46625830","46626134","chrX","6014746","6015052","35","40611084"
"chr20","46787490","46787808","chr1","59564829","59565143","45","12777339"
"chr20","47829844","47830126","chr7","85351740","85352021","37","37521896"
"chr20","47958485","47958789","chr1","86806253","86806561","38","38847768"
"chr20","48107894","48108076","chr12","49273811","49273988","34","1165917"
"chr20","48545531","48545820","chr1","86214504","86214791","26","37668973"
"chr20","49740642","49740926","chr5","168877801","168878082","38","119137159"
"chr20","50618036","50618165","chr6","151989788","151989918","20","101371752"
"chr20","50633498","50633791","chr22","32849584","32849879","43","17783914"
"chr20","51345298","51345592","chr5","350675","350976","40","50994623"
"chr20","51567954","51568247","chr12","107361376","107361672","30","55793422"
"chr20","53775763","53775863","chr17","65192452","65192554","20","11416689"
"chr20","53833171","53833466","chrX","114691755","114692055","47","60858584"
"chr20","54513303","54513617","chr1","129528337","129528634","46","75015034"
"chr20","55012312","55012451","chr8","132369148","132369278","30","77356836"
"chr20","55110937","55111211","chr10","114560869","114561144","44","59449932"
"chr20","57884829","57885140","chr1","76495701","76496008","23","18610872"
"chr20","58848374","58848659","chr1","65066847","65067132","47","6218473"
"chr20","59427214","59427481","chr1","129238717","129238983","31","69811503"
"chr20","60774408","60774691","chr4","140126943","140127231","41","79352535"
"chr20","62579884","62580193","chr5","5956562","5956864","44","56623322"
"chr20","62633596","62633838","chr4","59942061","59942299","34","2691535"
"chr20","62883164","62883422","chr2A","102264625","102264881","38","39381461"
"chr20","62927293","62927330","chr1","31474562","31474593","20","31452731"
"chr20","62927882","62927900","chr5","43633117","43633128","9","19294765"
"chr20","62976749","62977129","chr1","71384150","71384470","86","8407401"
"chr20","63109675","63109980","chr1","129528337","129528634","39","66418662"
"chr20","63887570","63887851","chr7","116607205","116607489","32","52719635"
"chr20","64070700","64070973","chr12","86425474","86425746","31","22354774"
"chr20","64119493","64119796","chr5","94341395","94341684","41","30221902"
"chr20","64770301","64770609","chr1","69537510","69537812","32","4767209"
"chr20","64832719","64833009","chr1","26315776","26316067","37","38516943"
"chr20","65639014","65639304","chr6","76870777","76871073","36","11231763"
"chr20","65750343","65750640","chr1","68576878","68577168","31","2826535"
"chr20","65944139","65944404","chr1","129238717","129238983","37","63294578"
"chr20","67909470","67909592","chr2A","36285122","36285243","12","31624348"
"chr20","68084386","68084640","chr21","30529362","30529621","34","37555024"
"chr20","68155813","68156095","chr1","66070948","66071230","30","2084865"
"chr20","68242322","68242373","chr8","34999002","34999050","11","33243320"
"chr20","68522496","68522808","chr1","204259241","204259546","43","135736745"
"chr20","68840071","68840358","chr1","20953555","20953840","41","47886516"
"chr20","69089319","69089601","chr1","65066847","65067132","31","4022472"
"chr20","69099195","69099496","chr1","65056948","65057251","26","4042247"
"chr20","69651561","69651859","chr9","137818037","137818334","30","68166476"
"chr20","69789132","69789440","chr2A","70725628","70725935","41","936496"
"chr20","70019275","70019539","chr1","64124932","64125193","28","5894343"
"chr20","71077393","71077690","chr1","129528337","129528634","32","58450944"
"chr20","71336042","71336350","chr6","16615349","16615640","95","54720693"
"chr20","71382044","71382333","chr1","134957856","134958144","33","63575812"
"chr20","71959930","71960233","chrX","15819246","15819549","36","56140684"
"chr20","72055338","72055648","chr17","47569415","47569723","41","24485923"
"chr20","73750036","73750343","chr1","212953832","212954134","45","139203796"
"chr20","73800147","73800400","chr1","60144586","60144836","23","13655561"
"chr20","74216449","74216749","chrX","15819246","15819549","34","58397203"
"chr20","74257993","74258290","chrX","71687991","71688285","31","2570002"
"chr20","74387843","74388153","chr1","59564829","59565143","29","14823014"
"chr20","76079525","76079795","chr6","115903121","115903401","31","39823596"
"chr20","77241500","77241790","chr1","56591004","56591294","25","20650496"
"chr20","77732145","77732448","chrX","15819246","15819549","40","61912899"
"chr20","78394019","78394338","chrX","40401590","40401897","46","37992429"
"chr20","78395554","78395878","chr20","53777293","53777592","52","24618261"
"chr20","78414513","78414804","chr5","54230890","54231182","38","24183623"
"chr20","78512892","78513179","chr16","25361750","25362044","31","53151142"
"chr20","78980724","78981014","chr1","54821381","54821678","38","24159343"
"chr20","79132118","79132425","chr2B","182264910","182265214","38","103132792"
"chr20","79863539","79863846","chrX","71687991","71688285","36","8175548"
"chr20","80059412","80059713","chr14","75338656","75338955","48","4720756"
"chr20","80096201","80096371","chrX","44972611","44972775","29","35123590"
"chr20","80096915","80097227","chr3","190978307","190978607","47","110881392"
"chr20","80176865","80177162","chr4","84919365","84919658","31","4742500"
"chr20","80316497","80316808","chr11","65684249","65684557","34","14632248"
"chr20","80856389","80856675","chr9","19415757","19416045","31","61440632"
"chr20","80869196","80869488","chr11","128800963","128801253","37","47931767"
"chr20","80943505","80943812","chr17","75312380","75312686","34","5631125"
"chr20","81669732","81670031","chr3","47982635","47982933","26","33687097"
"chr20","81917062","81917359","chr1","133577833","133578132","32","51660771"
"chr20","82242602","82242892","chr5","141190506","141190805","38","58947904"
"chr20","83520486","83520797","chr1","50114456","50114770","40","33406030"
"chr20","84230634","84230883","chr1","21704490","21704748","46","62526144"
"chr20","84538773","84539080","chr4","22017222","22017526","46","62521551"
"chr20","85259794","85260120","chr17","47591772","47592092","50","37668022"
"chr20","85269604","85269905","chr1","129528337","129528634","42","44258733"
"chr20","85491058","85491363","chr15","60888293","60888593","28","24602765"
"chr20","86181085","86181352","chr6","39063012","39063293","39","47118073"
"chr20","87020932","87021241","chr21","25527192","25527490","40","61493740"
"chr20","87689772","87690072","chr3","192148020","192148316","39","104458248"
"chr20","87882294","87882587","chr1","45577934","45578228","23","42304360"
"chr20","87896391","87896486","chr20","1614919","1615017","22","86281472"
"chr20","88016596","88016891","chr5","11971736","11972032","42","76044860"
"chr20","89235918","89236196","chr1","44255144","44255424","25","44980774"
"chr20","89326985","89327275","chr8","63104122","63104425","46","26222863"
"chr20","89514474","89514853","chr13","100413253","100413605","94","10898779"
"chr20","89851351","89851628","chr13","40460489","40460767","36","49390862"
"chr20","90156582","90156870","chr22","44681192","44681501","52","45475390"
"chr20","90169243","90169538","chr5","54230890","54231182","35","35938353"
"chr20","90857870","90858161","chr2A","27348669","27348962","35","63509201"
"chr20","91021964","91021977","chr5","43633117","43633128","5","47388847"
"chr20","91450072","91450375","chr8","39394392","39394691","39","52055680"
"chr20","91699928","91700227","chr1","41824786","41825077","34","49875142"
"chr20","92646678","92646899","chr9","74128466","74128683","34","18518212"
"chr20","92986018","92986308","chr6","35369030","35369319","39","57616988"
"chr20","93184846","93185138","chr16","72863050","72863336","43","20321796"
"chr20","93187674","93187960","chrX","85204424","85204712","34","7983250"
"chr20","93188112","93188267","chr14","50912573","50912739","27","42275539"
"chr20","93822702","93822932","chr11","71973720","71973945","32","21848982"
"chr20","93863070","93863364","chr3","202786201","202786506","42","108923131"
"chr20","93894265","93894378","chr13","21081647","21081760","13","72812618"
"chr20","93917008","93917302","chr14","61201436","61201730","35","32715572"
"chr20","93977726","93978025","chr8","61918149","61918444","34","32059577"
"chr20","94422050","94422335","chr6","141122246","141122533","53","46700196"
"chr20","95650318","95650585","chr1","37846137","37846392","39","57804181"
"chr20","95720601","95720733","chr12","54542712","54542856","40","41177889"
"chr20","96615101","96615273","chr1","159133655","159133822","23","62518554"
"chr20","96652958","96653255","chr4","13936624","13936926","38","82716334"
"chr20","96803701","96803937","chrUn_NW_014016388v1","1018","1248","34","96802683"
"chr20","97563097","97563211","chr1","35770747","35770862","8","61792350"
"chr20","97582208","97582492","chr5","168877801","168878082","37","71295593"
"chr20","97727235","97727497","chr8","28934986","28935248","36","68792249"
"chr20","97740420","97740608","chr6","22124939","22125137","48","75615481"
"chr20","97778169","97778438","chr6","4077771","4078046","42","93700398"
"chr20","98649104","98649402","chr3","47982635","47982933","35","50666469"
"chr20","98874542","98874841","chr4","22017222","22017526","36","76857320"
"chr20","99652620","99652916","chr20","53777293","53777592","35","45875327"
"chr20","99703808","99703855","chr1","31474562","31474593","25","68229246"
"chr20","99879649","99879908","chr7","33926261","33926520","35","65953388"
"chr20","99953879","99954175","chr9","70731589","70731885","35","29222290"
"chr20","100225744","100226004","chr15","76449237","76449507","66","23776507"
"chr20","100615411","100615617","chr10","111842757","111842965","28","11227346"
"chr20","100877436","100877705","chr3","60436738","60437011","47","40440698"
"chr20","100898429","100898685","chr8","115410996","115411256","38","14512567"
"chr20","100948369","100948639","chr5","168877801","168878082","46","67929432"
"chr20","101556102","101556196","chr13","18885383","18885498","31","82670719"
"chr20","101684283","101684576","chr3","47982635","47982933","30","53701648"
"chr20","101752967","101753009","chr1","31474562","31474593","24","70278405"
"chr20","102165698","102165982","chrX","71687991","71688285","38","30477707"
"chr20","102465921","102466179","chr12","129564855","129565107","60","27098934"
"chr20","103412438","103412744","chr1","29719627","29719916","31","73692811"
"chr20","103806307","103806487","chr1","29310901","29311110","41","74495406"
"chr20","103930524","103930732","chr8","1720266","1720472","36","102210258"
"chr20","104067072","104067379","chr3","172971393","172971703","38","68904321"
"chr20","104363338","104363634","chr19","2752951","2753241","40","101610387"
"chr20","104365489","104365773","chr12","31805222","31805513","36","72560267"
"chr20","104460523","104460810","chr3","15219656","15219944","34","89240867"
"chr20","104551682","104551989","chr1","28547325","28547639","31","76004357"
"chr20","104597227","104597528","chr3","65210714","65211013","38","39386513"
"chr20","104716653","104716955","chr15","92184245","92184545","36","12532408"
"chr20","104873390","104873674","chr10","37391053","37391339","33","67482337"
"chr20","105027531","105027695","chr4","52232148","52232313","26","52795383"
"chr20","105028012","105028154","chr12","122703610","122703750","25","17675598"
"chr20","105323679","105323831","chr22","20505989","20506140","50","84817690"
"chr20","105593492","105593790","chr6","162706420","162706730","45","57112928"
"chr20","105883065","105883365","chr9","97258024","97258323","30","8625041"
"chr20","105932375","105932674","chr1","27151921","27152213","36","78780454"
"chr20","106203833","106204130","chr6","71670237","71670532","30","34533596"
"chr20","106339960","106340227","chr2B","206496178","206496447","47","100156218"
"chr20","106463390","106463684","chr4","41241129","41241423","31","65222261"
"chr20","106463698","106463980","chr5","168877801","168878082","31","62414103"
"chr20","106540681","106540976","chr5","54230890","54231182","29","52309791"
"chr20","106557028","106557315","chr1","26540483","26540782","27","80016545"
"chr20","106780554","106780853","chr1","26315776","26316067","32","80464778"
"chr20","107749800","107750100","chr1","25123693","25123997","35","82626107"
"chr20","107949650","107949780","chr18","17891015","17891145","10","90058635"
"chr20","107977092","107977398","chr1","24897887","24898190","26","83079205"
"chr20","108033184","108033436","chr2A","102009724","102009957","43","6023460"
"chr20","108770965","108771241","chr13","62490986","62491262","35","46279979"
"chr20","108783682","108783977","chr6","38691287","38691588","36","70092395"
"chr20","109710789","109710841","chr15","83726252","83726303","22","25984537"
"chr20","109718519","109718654","chr5","50370973","50371110","20","59347546"
"chr20","110816363","110816656","chr1","21970740","21971034","24","88845623"
"chr20","111089477","111089768","chr12","30616018","30616307","42","80473459"
"chr20","111346574","111346871","chr3","47982635","47982933","32","63363939"
"chr20","111597520","111597803","chr1","20953555","20953840","32","90643965"
"chr20","111720906","111721201","chr1","196092581","196092875","32","84371675"
"chr20","111727420","111727724","chr1","102302386","102302692","32","9425034"
"chr20","111751715","111752009","chr7","30738198","30738492","44","81013517"
"chr20","112161049","112161344","chr19","5778433","5778728","39","106382616"
"chr20","112232351","112232644","chr1","20319756","20320058","28","91912595"
"chr20","112917370","112917667","chr2B","196039382","196039666","50","83122012"
"chr20","112929803","112930099","chr8","101209516","101209812","30","11720287"
"chr20","112983746","112984043","chr3","47982635","47982933","31","65001111"
"chr20","114044073","114044354","chr5","168877801","168878082","40","54833728"
"chr20","114145862","114146167","chr7","40994538","40994847","44","73151324"
"chr20","115270739","115271075","chrX","76724331","76724666","56","38546408"
"chr20","115522063","115522357","chr1","129528337","129528634","36","14006274"
"chr20","115855732","115856015","chr5","168877801","168878082","28","53022069"
"chr20","116000930","116001240","chrX","15819246","15819549","33","100181684"
"chr20","116447938","116448100","chr10","37467683","37467844","21","78980255"
"chr20","116448392","116448513","chr12","122703610","122703750","31","6255218"
"chr20","116473515","116473823","chr7","126105184","126105492","53","9631669"
"chr20","116580064","116580361","chr4","74057791","74058089","25","42522273"
"chr20","116626158","116626451","chr11","128800963","128801253","32","12174805"
"chr20","118227332","118227653","chr4","177476561","177476881","40","59249229"
"chr20","118354747","118355040","chr6","153683020","153683310","29","35328273"
"chr20","118607553","118607851","chr22","44715879","44716175","33","73891674"
"chr20","118643517","118643769","chr16","24344624","24344896","65","94298893"
"chr20","118988257","118988558","chr1","12799053","12799343","41","106189204"
"chr20","119146568","119146869","chr3","118724371","118724667","40","422197"
"chr20","119258631","119258927","chr15","92184245","92184545","35","27074386"
"chr20","119472809","119473118","chr2A","103785505","103785812","39","15687304"
"chr20","119547017","119547324","chr11","65684249","65684557","37","53862768"
"chr20","119578125","119578214","chr1","134598533","134598635","21","15020408"
"chr20","119879956","119880124","chr4","52232148","52232313","24","67647808"
"chr20","119891301","119891472","chr7","19113077","19113251","24","100778224"
"chr20","120413798","120413973","chr1","11353338","11353505","26","109060460"
"chr20","120784204","120784510","chr3","65210714","65211013","36","55573490"
"chr20","120901495","120901817","chr1","10864172","10864479","60","110037323"
"chr20","121283638","121283929","chr5","143509320","143509612","31","22225682"
"chr20","121361527","121361817","chr5","35286063","35286357","35","86075464"
"chr20","121442044","121442335","chr4","42902925","42903215","28","78539119"
"chr20","121577927","121578150","chr20","1614678","1614913","43","119963249"
"chr20","121649931","121650095","chr4","52232148","52232313","20","69417783"
"chr20","121650356","121650488","chr1","11883701","11883833","18","109766655"
"chr20","121761497","121761788","chr1","10008483","10008774","26","111753014"
"chr20","121939168","121939446","chr13","62490986","62491262","27","59448182"
"chr20","122245890","122245961","chr19","18700212","18700275","21","103545678"
"chr20","122838275","122838581","chr4","22017222","22017526","34","100821053"
"chr20","123182786","123182831","chr9","127908774","127908805","25","4725988"
"chr20","123320628","123320928","chr19","40164309","40164610","31","83156319"
"chr20","125236901","125237035","chr22","41135676","41135804","21","84101225"
"chr20","125481176","125481478","chr8","63104122","63104425","44","62377054"
"chr20","125727542","125727859","chr3","177841279","177841587","82","52113737"
"chr20","126149063","126149353","chr1","178612656","178612947","32","52463593"
"chr20","126405542","126405835","chr2A","70520473","70520764","36","55885069"
"chr20","126665548","126665885","chr1","4861482","4861811","37","121804066"
"chr20","127131667","127131955","chr9","106152190","106152483","37","20979477"
"chr20","129704919","129705215","chr6","35369030","35369319","39","94335889"
"chr20","129922033","129922331","chr3","47982635","47982933","27","81939398"
"chr21","70254423","70254722","chr7","134503856","134504154","43","64249433"
"chr21","1310068","1310200","chrX","1916259","1916392","16","606191"
"chr21","2116657","2116834","chr2B","131296842","131297018","23","129180185"
"chr21","2174736","2174930","chr3","133067438","133067635","24","130892702"
"chr21","2455901","2456185","chr1","12511073","12511344","48","10055172"
"chr21","2684036","2684315","chr18","20401830","20402112","35","17717794"
"chr21","2775337","2775641","chr9","89273537","89273843","38","86498200"
"chr21","2872033","2872335","chr20","47014945","47015246","42","44142912"
"chr21","2972150","2972345","chr1","53177851","53178044","34","50205701"
"chr21","3089200","3089495","chr7","57306325","57306608","37","54217125"
"chr21","3556594","3556871","chr8","101074582","101074861","43","97517988"
"chr21","4294758","4295053","chr3","41324175","41324467","32","37029417"
"chr21","4508818","4509009","chr1","53177851","53178044","23","48669033"
"chr21","5922204","5922493","chr7","53882733","53883022","45","47960529"
"chr21","6263859","6264019","chr4","104744077","104744237","24","98480218"
"chr21","6499054","6499362","chr6","141506293","141506596","36","135007239"
"chr21","7444523","7444825","chr7","52391590","52391888","24","44947067"
"chr21","11222766","11222856","chr12","66811847","66811940","14","55589081"
"chr21","11402420","11402721","chr7","48182271","48182573","27","36779851"
"chr21","11680136","11680441","chr18","55495500","55495805","37","43815364"
"chr21","11997919","11998197","chr4","7983286","7983574","41","4014633"
"chr21","12503440","12503750","chr11","68182294","68182599","41","55678854"
"chr21","13881669","13881945","chr4","182120888","182121163","41","168239219"
"chr21","14037591","14037886","chr5","35286063","35286357","33","21248472"
"chr21","14042933","14043212","chr18","23119904","23120193","34","9076971"
"chr21","14113548","14113838","chr1","164415659","164415950","34","150302111"
"chr21","14496773","14497050","chr8","101244113","101244391","32","86747340"
"chr21","15309274","15309582","chrX","15819246","15819549","33","509972"
"chr21","15579735","15580034","chr7","41263789","41264086","34","25684054"
"chr21","16285471","16285751","chr14","47737643","47737924","40","31452172"
"chr21","17279639","17279931","chr6","140201435","140201728","37","122921796"
"chr21","17416781","17417093","chr8","63104122","63104425","41","45687341"
"chr21","17801533","17801816","chrX","128461792","128462078","32","110660259"
"chr21","18448017","18448325","chr7","44084732","44085031","29","25636715"
"chr21","18710863","18710929","chr6","43913365","43913426","23","25202502"
"chr21","18711246","18711337","chr3","141294808","141294890","31","122583562"
"chr21","19802055","19802357","chr8","127462489","127462794","45","107660434"
"chr21","20491674","20491965","chr7","38872169","38872459","31","18380495"
"chr21","20504967","20505258","chr5","54230890","54231182","35","33725923"
"chr21","20642680","20642987","chr5","125726220","125726527","48","105083540"
"chr21","21315675","21315980","chr9","89273537","89273843","38","67957862"
"chr21","21487731","21488029","chr8","45317030","45317330","38","23829299"
"chr21","22312300","22312578","chr2B","176384895","176385158","40","154072595"
"chr21","22442030","22442333","chr1","102302386","102302692","33","79860356"
"chr21","22568479","22568767","chr18","23119904","23120193","33","551425"
"chr21","24709205","24709500","chr2A","33718840","33719135","33","9009635"
"chr21","24911225","24911528","chr20","53777293","53777592","27","28866068"
"chr21","25144321","25144622","chr5","39772074","39772378","31","14627753"
"chr21","25194120","25194271","chr7","34237682","34237833","13","9043562"
"chr21","25252625","25252918","chr6","71670237","71670532","32","46417612"
"chr21","25387115","25387438","chr19","22817623","22817934","50","2569492"
"chr21","25503677","25503934","chr7","33926261","33926520","23","8422584"
"chr21","26758872","26759177","chr3","65210714","65211013","38","38451842"
"chr21","27951420","27951686","chr2B","172323795","172324061","46","144372375"
"chr21","28076804","28077109","chr3","202786201","202786506","44","174709397"
"chr21","28311823","28312076","chr7","30805604","30805851","27","2493781"
"chr21","28383877","28384161","chr7","30738198","30738492","31","2354321"
"chr21","30171205","30171505","chr13","99346383","99346681","27","69175178"
"chr21","31078671","31078966","chr4","19054418","19054713","37","12024253"
"chr21","33222490","33222790","chr7","76502342","76502646","36","43279852"
"chr21","33732332","33732630","chr7","24912135","24912418","47","8820197"
"chr21","34370704","34371005","chr7","24262679","24262970","47","10108025"
"chr21","34801104","34801397","chr7","23807115","23807404","33","10993989"
"chr21","35890892","35891184","chr9","26544895","26545190","35","9345997"
"chr21","36221258","36221564","chr3","9143569","9143872","43","27077689"
"chr21","36296591","36296896","chr17","75312380","75312686","31","39015789"
"chr21","37244643","37244948","chr3","201400250","201400558","31","164155607"
"chr21","37562970","37563274","chr17","13723870","13724174","35","23839100"
"chr21","39014741","39014892","chr9","20284789","20284936","28","18729952"
"chr21","40065679","40065763","chrUn_NW_014014512v1","4","79","30","40065675"
"chr21","40073549","40073828","chr12","4532993","4533275","34","35540556"
"chr21","41035299","41035565","chr7","17059470","17059738","37","23975829"
"chr21","41803348","41803653","chr17","75312380","75312686","38","33509032"
"chr21","42768564","42768808","chr8","48337545","48337790","34","5568981"
"chr21","43691460","43691740","chrX","125640486","125640766","36","81949026"
"chr21","43949937","43950242","chr8","127462489","127462794","46","83512552"
"chr21","44011067","44011356","chr6","76870777","76871073","39","32859710"
"chr21","44725265","44725531","chr22","20193243","20193523","49","24532022"
"chr21","44880459","44880755","chr14","65680775","65681071","29","20800316"
"chr21","45996941","45997177","chr4","182509244","182509479","40","136512303"
"chr21","47185039","47185312","chr7","33926261","33926520","36","13258778"
"chr21","47455166","47455423","chr7","10730414","10730674","21","36724752"
"chr21","47571943","47572252","chr6","2614153","2614464","34","44957790"
"chr21","49062359","49062668","chr12","1151923","1152229","39","47910436"
"chr21","50661393","50661680","chr7","7618840","7619127","33","43042553"
"chr21","51183793","51184049","chr7","33926261","33926520","41","17257532"
"chr21","51515035","51515341","chrX","12638543","12638851","39","38876492"
"chr21","51606263","51606552","chr2B","240201274","240201564","39","188595011"
"chr21","51936121","51936155","chr19","53911271","53911295","14","1975150"
"chr21","52907134","52907405","chr1","129238717","129238983","32","76331583"
"chr21","53006715","53006977","chr16","60903178","60903442","55","7896463"
"chr21","53047528","53047811","chr1","217141048","217141329","40","164093520"
"chr21","53647681","53647981","chr7","100939128","100939429","31","47291447"
"chr21","54167234","54167535","chr7","103893143","103893443","40","49725909"
"chr21","56833059","56833353","chr7","97762325","97762607","28","40929266"
"chr21","57077089","57077371","chr8","101074582","101074861","36","43997493"
"chr21","58233613","58233914","chr8","63104122","63104425","38","4870509"
"chr21","58543585","58543799","chr7","96005197","96005409","23","37461612"
"chr21","59036328","59036623","chr2A","70520473","70520764","35","11484145"
"chr21","59830547","59830797","chr19","51178335","51178581","33","8652212"
"chr21","60209391","60209696","chr5","148892368","148892667","41","88682977"
"chr21","60281612","60281894","chr7","94320912","94321188","36","34039300"
"chr21","60576511","60576816","chr21","38190683","38190991","32","22385828"
"chr21","61494561","61494846","chr11","128800963","128801253","38","67306402"
"chr21","62696558","62696864","chr1","129528337","129528634","44","66831779"
"chr21","63020318","63020611","chr1","21970740","21971034","34","41049578"
"chr21","63648294","63648570","chr19","59500001","59500277","40","4148293"
"chr21","63680422","63680726","chr8","130711417","130711715","43","67030995"
"chr21","64180923","64181201","chr4","169160237","169160517","31","104979314"
"chr21","64430622","64430929","chr7","90115786","90116094","31","25685164"
"chr21","65314964","65315246","chr10","97460770","97461053","33","32145806"
"chr21","65339700","65339898","chr5","48753909","48754099","42","16585791"
"chr21","67347716","67348009","chrX","26682365","26682654","26","40665351"
"chr21","67827166","67827452","chr5","104891649","104891946","41","37064483"
"chr21","67845057","67845349","chr7","20805717","20806009","37","47039340"
"chr21","68361940","68362241","chr5","168637578","168637880","34","100275638"
"chr21","68685216","68685524","chr3","182237969","182238270","36","113552753"
"chr21","68702922","68703231","chr10","61968105","61968411","41","6734817"
"chr21","69127912","69128241","chr10","56239949","56240274","86","12887963"
"chr21","69206663","69206949","chr3","15219656","15219944","34","53987007"
"chr21","70134458","70134749","chr7","84527562","84527864","38","14393104"
"chr21","70464924","70465217","chr1","188640279","188640585","46","118175355"
"chr21","70720487","70720784","chr8","101421423","101421722","26","30700936"
"chr21","70964026","70964299","chr1","217141048","217141329","37","146177022"
"chr21","71119966","71120263","chr8","45317030","45317330","37","25802936"
"chr21","71259317","71259617","chr17","13723870","13724174","31","57535447"
"chr21","71282875","71283139","chr7","83378338","83378586","28","12095463"
"chr21","71363463","71363736","chr15","76449237","76449507","42","5085774"
"chr21","71433343","71433631","chr7","83226175","83226463","26","11792832"
"chr21","71442598","71442790","chr8","1720266","1720472","55","69722332"
"chr21","71811039","71811331","chr5","54230890","54231182","29","17580149"
"chr21","73867627","73867914","chr16","67884390","67884678","31","5983237"
"chr21","73955375","73955672","chr7","109757793","109758085","26","35802418"
"chr21","74303668","74303967","chr6","38550740","38551044","45","35752928"
"chr21","74318075","74318366","chr13","49870676","49870962","49","24447399"
"chr21","76148446","76148747","chr9","125776096","125776390","43","49627650"
"chr21","76947522","76947826","chr7","112733099","112733402","27","35785577"
"chr21","76956692","76956996","chr7","112741003","112741291","51","35784311"
"chr21","79261895","79262186","chr6","158256141","158256429","47","78994246"
"chr21","79350546","79350834","chr2A","38101577","38101878","32","41248969"
"chr21","79472784","79473059","chr8","101244113","101244391","37","21771329"
"chr21","80157333","80157619","chr4","89813448","89813732","39","9656115"
"chr21","80181686","80181985","chr1","129528337","129528634","28","49346651"
"chr21","80590026","80590316","chr7","116441640","116441930","30","35851614"
"chr21","80756786","80757065","chr7","116607205","116607489","28","35850419"
"chr21","81213134","81213441","chr7","117061800","117062106","31","35848666"
"chr21","81471936","81472204","chr5","168877801","168878082","41","87405865"
"chr21","81666991","81667285","chr9","70731589","70731885","40","10935402"
"chr21","81683361","81683642","chr7","117551235","117551518","27","35867874"
"chr21","81927033","81927341","chr10","69396106","69396414","40","12530927"
"chr21","82649730","82650017","chr10","93128073","93128364","38","10478343"
"chr21","84066464","84066761","chr7","120015620","120015917","27","35949156"
"chr21","84324354","84324656","chr5","5956562","5956864","41","78367792"
"chr21","84796645","84796941","chr5","350675","350976","36","84445970"
"chr21","84844322","84844629","chr6","38412888","38413191","35","46431434"
"chr21","85230972","85231270","chr3","47982635","47982933","43","37248337"
"chr21","85393241","85393513","chr7","121364366","121364643","28","35971125"
"chr21","85780810","85780888","chr6","15291504","15291571","36","70489306"
"chr21","86032451","86032756","chr7","122016068","122016376","37","35983617"
"chr21","86132371","86132534","chr4","52232148","52232313","22","33900223"
"chr21","86132577","86132699","chr3","191367158","191367278","16","105234581"
"chr21","86871316","86871629","chr6","2614153","2614464","41","84257163"
"chr21","89404098","89404389","chr4","169342583","169342876","30","79938485"
"chr21","89552749","89553062","chr7","76502342","76502646","46","13050407"
"chr21","89939959","89940264","chr7","125814498","125814806","25","35874539"
"chr21","89977401","89977689","chr11","134073846","134074135","30","44096445"
"chr21","90223167","90223453","chr20","1282379","1282668","29","88940788"
"chr21","93973208","93973487","chr7","129881422","129881703","49","35908214"
"chr21","93988491","93988789","chr6","76870777","76871073","51","17117714"
"chr21","95180050","95180328","chr12","40024736","40025028","46","55155314"
"chr21","97530025","97530307","chrX","145595829","145596114","47","48065804"
"chr21","98623841","98624150","chr11","65684249","65684557","42","32939592"
"chr21","98647323","98647585","chr1","129238717","129238983","30","30591394"
"chr21","98931309","98931603","chr10","72630850","72631144","32","26300459"
"chr21","99324102","99324269","chr7","135173951","135174115","20","35849849"
"chr21","99339126","99339410","chr17","27991568","27991852","38","71347558"
"chr21","99377033","99377163","chr18","17891015","17891145","15","81486018"
"chr21","99423015","99423318","chr7","125851117","125851418","43","26428102"
"chr21","99833960","99834261","chr8","45317030","45317330","37","54516930"
"chr21","101103846","101104127","chr2A","31440105","31440385","38","69663741"
"chr21","101968665","101968884","chr5","165400262","165400489","41","63431597"
"chr21","102040334","102040634","chr3","138854393","138854689","34","36814059"
"chr21","102226401","102226703","chr7","76502342","76502646","37","25724059"
"chr21","102241210","102241515","chr7","138086745","138087043","34","35845535"
"chr21","102644392","102644676","chr9","19415757","19416045","34","83228635"
"chr21","102656347","102656638","chr5","143509320","143509612","31","40852973"
"chr21","102801914","102802219","chr11","65684249","65684557","34","37117665"
"chr21","102831273","102831581","chr18","34638691","34638995","37","68192582"
"chr21","102834611","102834908","chr7","138673759","138674052","29","35839148"
"chr21","102954123","102954394","chr6","37010003","37010272","33","65944120"
"chr21","103001050","103001358","chrX","15819246","15819549","35","87181804"
"chr21","103665011","103665314","chr5","166605772","166606072","31","62940761"
"chr21","104964871","104965116","chr6","66630130","66630373","32","38334741"
"chr21","105011444","105011725","chr1","134101825","134102109","28","29090381"
"chr21","105951794","105952077","chr1","192536945","192537239","39","86585151"
"chr21","105993908","105994190","chr3","63025353","63025649","50","42968555"
"chr21","106599964","106600222","chr6","37010003","37010272","35","69589961"
"chr21","107349740","107349996","chr16","75464658","75464909","40","31885082"
"chr21","108034508","108034801","chr5","41128447","41128740","32","66906061"
"chr21","108054619","108054917","chr3","68609811","68610110","30","39444808"
"chr21","108068930","108069082","chr11","60484581","60484730","22","47584349"
"chr21","108306316","108306613","chr2B","116262549","116262847","42","7956233"
"chr21","108926320","108926562","chr3","155160661","155160922","50","46234341"
"chr21","108947332","108947649","chrX","133835400","133835700","42","24888068"
"chr21","109426516","109426809","chr17","75183731","75184026","23","34242785"
"chr21","109637835","109638132","chr1","129528337","129528634","29","19890502"
"chr21","109678157","109678456","chr3","191717604","191717900","31","82039447"
"chr21","110138146","110138443","chrX","15819246","15819549","35","94318900"
"chr21","110886477","110886746","chr14","73229251","73229518","36","37657226"
"chr21","111247700","111247993","chr7","146939753","146940046","29","35692053"
"chr21","111265547","111265843","chr7","146902011","146902303","37","35636464"
"chr21","111287528","111287885","chr15","22242670","22243000","75","89044858"
"chr21","111341019","111341306","chr7","146939753","146940046","32","35598734"
"chr21","111922255","111922561","chr8","107892567","107892868","30","4029688"
"chr21","112114244","112114532","chr7","147712217","147712505","33","35597973"
"chr21","113534899","113535092","chr13","21066147","21066338","30","92468752"
"chr21","113587724","113587994","chr14","73229251","73229518","38","40358473"
"chr21","113908681","113908956","chr5","134611842","134612119","35","20703161"
"chr21","114019826","114020124","chr7","149631959","149632257","36","35612133"
"chr21","114197722","114198021","chr5","350675","350976","43","113847047"
"chr21","114633356","114633533","chr4","84203386","84203563","34","30429970"
"chr21","115074747","115075055","chr7","76502342","76502646","50","38572405"
"chr21","115186000","115186270","chr19","1851718","1851989","36","113334282"
"chr21","115285827","115286138","chr15","47955020","47955328","47","67330807"
"chr21","115323495","115323795","chr5","39772074","39772378","37","75551421"
"chr21","115359114","115359406","chr20","48609166","48609456","30","66749948"
"chr21","116109637","116109885","chr7","151761450","151761708","32","35651813"
"chr21","116539344","116539411","chr1","65983611","65983671","32","50555733"
"chr21","116605258","116605465","chr1","29310901","29311110","32","87294357"
"chr21","116979716","116980003","chr10","5827700","5827988","32","111152016"
"chr21","117073260","117073560","chr7","152717077","152717367","43","35643817"
"chr21","118222974","118223051","chr2B","120814724","120814800","9","2591750"
"chr21","119166005","119166176","chr2B","131296842","131297018","20","12130837"
"chr21","120099839","120100117","chr7","155650211","155650489","32","35550372"
"chr21","120251664","120251941","chr10","114560869","114561144","32","5690795"
"chr21","120265668","120265956","chr7","155826111","155826401","27","35560443"
"chr21","120267695","120267986","chr7","155828093","155828385","28","35560398"
"chr21","120487223","120487509","chr7","156052608","156052890","27","35565385"
"chr21","120623866","120623915","chr22","22266059","22266104","23","98357807"
"chr21","121219218","121219401","chr7","156774431","156774615","21","35555213"
"chr21","121597625","121597932","chr7","157179202","157179510","32","35581577"
"chr21","121648489","121648574","chr3","127527482","127527533","37","5878993"
"chr21","121799694","121799890","chr3","133067438","133067635","23","11267744"
"chr21","122042964","122043251","chrX","71687991","71688285","41","50354973"
"chr21","122214495","122214781","chr18","23119904","23120193","38","99094591"
"chr21","122770452","122770546","chr12","63683435","63683524","16","59087017"
"chr21","123037062","123037381","chr7","158221618","158221918","50","35184556"
"chr21","123199867","123200162","chr17","83015027","83015322","32","40184840"
"chr21","123793641","123793889","chr19","12473344","12473605","45","111320297"
"chr21","123958527","123958838","chr7","159142788","159143096","40","35184261"
"chr21","124173485","124173737","chr11","8049263","8049498","51","116124222"
"chr21","124718428","124718703","chr6","37010003","37010272","35","87708425"
"chr21","124992423","124992698","chr2B","196039382","196039666","34","71046959"
"chr21","125477386","125477657","chr7","160661633","160661899","42","35184247"
"chr21","126511066","126511375","chr3","201400250","201400558","41","74889184"
"chr22","1143145","1143440","chr3","203702539","203702838","47","202559394"
"chr22","1228815","1229116","chr3","39850074","39850378","31","38621259"
"chr22","1246097","1246336","chr4","59942061","59942299","31","58695964"
"chr22","2196299","2196598","chr3","126590511","126590805","32","124394212"
"chr22","2517089","2517408","chr11","32882893","32883205","40","30365804"
"chr22","2634779","2635065","chr1","164415659","164415950","37","161780880"
"chr22","3559903","3560182","chr3","117945065","117945337","41","114385162"
"chr22","4578094","4578396","chr3","68609811","68610110","41","64031717"
"chr22","4781060","4781362","chr6","156345532","156345833","36","151564472"
"chr22","5066669","5066970","chr18","62828682","62828983","33","57762013"
"chr22","6240320","6240625","chr8","63104122","63104425","35","56863802"
"chr22","6378617","6378913","chrX","99358492","99358789","40","92979875"
"chr22","6590607","6590641","chrX","106745683","106745702","18","100155076"
"chr22","6711914","6712034","chr3","163426333","163426454","14","156714419"
"chr22","6712068","6712234","chr4","52232148","52232313","26","45520080"
"chr22","7090313","7090607","chr3","46637139","46637433","22","39546826"
"chr22","7133727","7133748","chrX","29724690","29724707","6","22590963"
"chr22","7133797","7134050","chr1","21704490","21704748","40","14570693"
"chr22","7409392","7409692","chr3","46952607","46952910","28","39543215"
"chr22","7919353","7919634","chr5","168877801","168878082","29","160958448"
"chr22","8382263","8382568","chrX","15819246","15819549","30","7436983"
"chr22","8386591","8386861","chr16","24344624","24344896","48","15958033"
"chr22","8548250","8548568","chr19","40164309","40164610","50","31616059"
"chr22","8724020","8724327","chr1","215624579","215624882","27","206900559"
"chr22","9249301","9249527","chr17","10299854","10300103","51","1050553"
"chr22","9266160","9266431","chr3","48884905","48885179","27","39618745"
"chr22","9481808","9482084","chr10","23495805","23496084","39","14013997"
"chr22","9781255","9781566","chr11","128800963","128801253","47","119019708"
"chr22","10077702","10078000","chr3","49671186","49671492","41","39593484"
"chr22","10159562","10159869","chr19","40164309","40164610","37","30004747"
"chr22","10190510","10190802","chr18","23119904","23120193","34","12929394"
"chr22","10194793","10195066","chr12","114042218","114042491","38","103847425"
"chr22","10270898","10271205","chr1","181654783","181655085","41","171383885"
"chr22","10277353","10277645","chr6","42316035","42316327","29","32038682"
"chr22","10326321","10326616","chr19","2752951","2753241","33","7573370"
"chr22","10733077","10733377","chr19","40164309","40164610","39","29431232"
"chr22","10836066","10836343","chr8","118482696","118482973","37","107646630"
"chr22","11168261","11168558","chr9","137818037","137818334","28","126649776"
"chr22","11185613","11185914","chr3","202786201","202786506","32","191600588"
"chr22","11428463","11428748","chr3","51208487","51208771","25","39780024"
"chr22","11429395","11429689","chr1","178612656","178612947","37","167183261"
"chr22","11576151","11576438","chr3","51353214","51353511","38","39777063"
"chr22","11618543","11618823","chrX","44181035","44181315","40","32562492"
"chr22","11671909","11672197","chr7","76622688","76622977","46","64950779"
"chr22","11894151","11894452","chr3","9143569","9143872","32","2750582"
"chr22","12228227","12228499","chr3","52030350","52030622","24","39802123"
"chr22","12230117","12230413","chr1","129528337","129528634","32","117298220"
"chr22","12516606","12516898","chr5","54230890","54231182","33","41714284"
"chr22","12975544","12975844","chr8","45317030","45317330","35","32341486"
"chr22","13401537","13401840","chr7","76502342","76502646","40","63100805"
"chr22","13496517","13496818","chrUn_NW_014017165v1","966983","967289","31","12529534"
"chr22","14091211","14091493","chr13","40460489","40460767","47","26369278"
"chr22","14125936","14126240","chr3","53910201","53910509","31","39784265"
"chr22","14863068","14863256","chr19","19677246","19677415","65","4814178"
"chr22","15911503","15911787","chr9","107188272","107188556","29","91276769"
"chr22","16483500","16483804","chr3","56285715","56286024","38","39802215"
"chr22","16916727","16917002","chr8","118482696","118482973","37","101565969"
"chr22","17473576","17473869","chr14","75316002","75316308","46","57842426"
"chr22","17525510","17525794","chr2B","229510282","229510566","37","211984772"
"chr22","18043021","18043319","chr9","24410830","24411127","33","6367809"
"chr22","18207941","18208238","chr3","58022477","58022769","31","39814536"
"chr22","18292195","18292484","chr3","58117972","58118257","35","39825777"
"chr22","18373872","18374173","chr3","58199170","58199467","30","39825298"
"chr22","18530340","18530476","chrX","1916259","1916392","20","16614081"
"chr22","18808669","18808975","chr10","69396106","69396414","32","50587437"
"chr22","18832132","18832450","chr13","93822304","93822615","48","74990172"
"chr22","18962806","18963103","chr10","43164197","43164491","36","24201391"
"chr22","19382852","19383134","chr8","101074582","101074861","34","81691730"
"chr22","19524242","19524545","chr5","350675","350976","27","19173567"
"chr22","19650123","19650423","chr3","59705114","59705423","30","40054991"
"chr22","20137327","20137629","chr3","60190141","60190449","37","40052814"
"chr22","20215528","20215854","chr1","49079284","49079573","64","28863756"
"chr22","20388020","20388305","chr17","15274064","15274349","56","5113956"
"chr22","20517377","20517662","chr10","33278213","33278509","45","12760836"
"chr22","22733924","22734203","chr8","101244113","101244391","38","78510189"
"chr22","22784841","22785142","chr3","63025353","63025649","39","40240512"
"chr22","23021536","23021831","chr8","39234803","39235098","30","16213267"
"chr22","23139891","23140187","chr3","191717604","191717900","40","168577713"
"chr22","23473871","23474178","chr11","65684249","65684557","34","42210378"
"chr22","24239087","24239223","chr8","15753896","15754032","20","8485191"
"chr22","24937645","24937932","chr3","65187261","65187549","34","40249616"
"chr22","24962154","24962339","chr2B","189286822","189287010","16","164324668"
"chr22","25418596","25418886","chr3","65662423","65662718","20","40243827"
"chr22","25453908","25454036","chr18","17891015","17891145","10","7562893"
"chr22","26205241","26205533","chr3","66461035","66461324","33","40255794"
"chr22","26789608","26789921","chr16","54389884","54390188","47","27600276"
"chr22","27445426","27445725","chr1","178612656","178612947","40","151167230"
"chr22","27619628","27619677","chr17","11062823","11062873","26","16556805"
"chr22","28094464","28094763","chr20","47014945","47015246","42","18920481"
"chr22","28096131","28096401","chr6","37010003","37010272","36","8913872"
"chr22","28345454","28345748","chr6","16615349","16615640","33","11730105"
"chr22","28736267","28736557","chr19","2752951","2753241","36","25983316"
"chr22","29614115","29614420","chr6","38412888","38413191","39","8798773"
"chr22","30650122","30650430","chr6","141126055","141126362","34","110475933"
"chr22","32451197","32451488","chr3","72793870","72794154","34","40342673"
"chr22","33223031","33223176","chr4","52232148","52232313","38","19009117"
"chr22","33971036","33971339","chr14","100516587","100516891","38","66545551"
"chr22","34019819","34020122","chr3","74945900","74946201","30","40926081"
"chr22","34154440","34154722","chr15","71090921","71091205","31","36936481"
"chr22","34251804","34252106","chr3","75163706","75164005","40","40911902"
"chr22","34383288","34383595","chr7","28440048","28440356","32","5943240"
"chr22","34650465","34650771","chr3","75569007","75569313","20","40918542"
"chr22","35914397","35914692","chr3","9143569","9143872","38","26770828"
"chr22","36185755","36186050","chr2B","163866479","163866781","44","127680724"
"chr22","36632456","36632750","chr4","169342583","169342876","41","132710127"
"chr22","38458362","38458518","chr1","40266263","40266419","21","1807901"
"chr22","39026630","39026925","chr12","5366508","5366775","69","33660122"
"chr22","39857833","39858110","chr8","101244113","101244391","44","61386280"
"chr22","40979963","40980238","chr3","4958705","4958982","23","36021258"
"chr22","41509892","41510078","chr5","165573659","165573844","31","124063767"
"chr22","41510115","41510231","chr3","191367158","191367278","20","149857043"
"chr22","42025981","42026264","chr7","116607205","116607489","35","74581224"
"chr22","42407657","42407939","chr5","29443746","29444027","45","12963911"
"chr22","42865185","42865479","chr21","32637680","32637973","36","10227505"
"chr22","44941483","44941771","chr3","15219656","15219944","29","29721827"
"chr22","45005178","45005455","chr2A","100023557","100023834","28","55018379"
"chr22","45557832","45558030","chr6","97917752","97917931","74","52359920"
"chr22","45657736","45658013","chr6","93466601","93466876","80","47808865"
"chr22","45744478","45744782","chr6","38691287","38691588","38","7053191"
"chr22","46521176","46521224","chr17","11062823","11062873","25","35458353"
"chr22","47130652","47130946","chr3","47982635","47982933","49","851983"
"chr22","48212099","48212405","chr17","13723870","13724174","38","34488229"
"chr22","48618855","48619150","chr9","112044795","112045089","34","63425940"
"chr22","48647252","48647557","chr3","63025353","63025649","39","14378101"
"chr22","49085312","49085605","chr19","5778433","5778728","43","43306879"
"chr22","50392464","50392755","chr3","14712649","14712940","20","35679815"
"chr22","50674418","50674707","chr1","178612656","178612947","35","127938238"
"chr22","50893965","50894237","chr3","15219656","15219944","35","35674309"
"chr22","51134712","51135030","chr3","134321871","134322174","38","83187159"
"chr22","51336184","51336454","chr12","115715468","115715738","35","64379284"
"chr22","51861259","51861563","chr14","26318225","26318529","26","25543034"
"chr22","51912752","51913004","chr10","128022523","128022774","34","76109771"
"chr22","52127593","52127875","chr18","61401824","61402111","42","9274231"
"chr22","52341723","52341914","chr1","53177851","53178044","28","836128"
"chr22","52385613","52385916","chr8","63104122","63104425","33","10718509"
"chr22","52504937","52505243","chr6","38412888","38413191","39","14092049"
"chr22","52937547","52937824","chr4","54341913","54342201","40","1404366"
"chr22","53064833","53064990","chr3","132330002","132330161","14","79265169"
"chr22","53089027","53089367","chr1","204259241","204259546","63","151170214"
"chr22","54591567","54591871","chr1","136045107","136045410","45","81453540"
"chr22","55817981","55818122","chr5","36876749","36876863","52","18941232"
"chr22","55970690","55970987","chr3","128861701","128861995","27","72891011"
"chr22","56660320","56660614","chr8","61918149","61918444","36","5257829"
"chr22","56676738","56677013","chr10","23495805","23496084","34","33180933"
"chr22","56975722","56976028","chr14","74613745","74614052","39","17638023"
"chr22","57282460","57282760","chr8","63104122","63104425","38","5821662"
"chr22","57402530","57402817","chr3","127470930","127471229","31","70068400"
"chr22","58270864","58271167","chr3","126585896","126586199","20","68315032"
"chr22","58384726","58385029","chr3","126473574","126473877","27","68088848"
"chr22","58399437","58399567","chr20","31016414","31016544","12","27383023"
"chr22","58877156","58877465","chr5","83135152","83135458","38","24257996"
"chr22","58949892","58950195","chr3","125919058","125919351","39","66969166"
"chr22","59415673","59415980","chr3","125476769","125477078","36","66061096"
"chr22","61380530","61380819","chr3","123486895","123487185","28","62106365"
"chr22","62976602","62976899","chr6","76870777","76871073","38","13894175"
"chr22","62998237","62998542","chr17","41627992","41628290","37","21370245"
"chr22","63385232","63385513","chr8","138259734","138260014","39","74874502"
"chr22","63420249","63420555","chr2A","70725628","70725935","40","7305379"
"chr22","65090838","65091088","chr9","85946581","85946824","38","20855743"
"chr22","65814721","65815003","chr3","119099461","119099754","34","53284740"
"chr22","66179265","66179563","chr3","118724371","118724667","23","52545106"
"chr22","67035632","67035687","chr17","11062823","11062873","13","55972809"
"chr22","68679447","68679718","chr3","116178938","116179209","31","47499491"
"chr22","68800163","68800452","chr3","116064987","116065285","48","47264824"
"chr22","69037192","69037260","chr10","12294695","12294775","18","56742497"
"chr22","70998414","70998706","chr7","103893143","103893443","45","32894729"
"chr22","71361892","71362086","chr1","53177851","53178044","28","18184041"
"chr22","71383206","71383503","chr4","187109232","187109529","35","115726026"
"chr22","71467322","71467459","chr8","68088778","68088914","19","3378544"
"chr22","71518761","71519066","chrX","15819246","15819549","32","55699515"
"chr22","71557626","71557657","chrX","106745683","106745702","13","35188057"
"chr22","71909856","71910165","chr10","69396106","69396414","36","2513750"
"chr22","71923301","71923608","chr3","112926829","112927125","37","41003528"
"chr22","71987746","71988013","chr8","101074582","101074861","45","29086836"
"chr22","72013929","72014225","chr3","112840914","112841217","34","40826985"
"chr22","72282808","72283113","chr6","152163250","152163554","30","79880442"
"chr22","73557992","73558297","chr22","17382311","17382615","37","56175681"
"chr22","73978855","73979166","chr7","122016068","122016376","39","48037213"
"chr22","74864805","74865075","chr4","113135570","113135856","54","38270765"
"chr22","74993668","74993951","chr2A","73763398","73763683","52","1230270"
"chr22","75088737","75089045","chr3","109779921","109780229","28","34691184"
"chr22","75780129","75780422","chr11","65251938","65252230","32","10528191"
"chr22","75801933","75802232","chr10","71439412","71439709","37","4362521"
"chr22","75901414","75901716","chr3","108981358","108981669","45","33079944"
"chr22","75933914","75934206","chr5","168877801","168878082","41","92943887"
"chr22","76301585","76301853","chr4","143158883","143159149","38","66857298"
"chr22","77687513","77687664","chr5","96948066","96948214","22","19260553"
"chr22","77903024","77903331","chrX","15819246","15819549","38","62083778"
"chr22","78645089","78645317","chr3","106018004","106018232","30","27372915"
"chr22","78955756","78956032","chr12","114042218","114042491","34","35086462"
"chr22","79136044","79136343","chr1","207829370","207829668","35","128693326"
"chr22","79224441","79224749","chr14","33718031","33718335","38","45506410"
"chr22","79252245","79252538","chr3","105389046","105389340","33","26136801"
"chr22","81039072","81039351","chr6","35369030","35369319","35","45670042"
"chr22","81915848","81916144","chr17","68509083","68509379","41","13406765"
"chr22","82131965","82132203","chr4","59942061","59942299","29","22189904"
"chr22","83353436","83353738","chr6","152163250","152163554","38","68809814"
"chr22","83382851","83383127","chr8","78884750","78885024","34","4498101"
"chr22","83502109","83502396","chr4","84919365","84919658","41","1417256"
"chr22","84285373","84285436","chr15","83726252","83726303","24","559121"
"chr22","84916269","84916513","chr19","51178335","51178581","38","33737934"
"chr22","87451916","87452208","chr10","93128073","93128364","35","5676157"
"chr22","87929942","87929992","chr17","11062823","11062873","30","76867119"
"chr22","88486796","88487077","chr11","110419706","110420001","50","21932910"
"chr22","88541513","88541800","chr6","35369030","35369319","32","53172483"
"chr22","88802479","88802564","chr17","66312234","66312325","22","22490245"
"chr22","89095804","89096036","chrX","99326379","99326603","47","10230575"
"chr22","89129075","89129365","chr3","90047858","90048147","28","918783"
"chr22","89586688","89586769","chr10","12294695","12294775","21","77291993"
"chr22","89586781","89586938","chr1","40266263","40266419","25","49320518"
"chr22","91472647","91472923","chr3","87740672","87740958","40","3731975"
"chr22","92564696","92564817","chr4","154753517","154753644","22","62188821"
"chr22","92757606","92757905","chr3","86342491","86342797","27","6415115"
"chr22","95806274","95806572","chr22","43198262","43198555","36","52608012"
"chr22","96419796","96419845","chr9","131115865","131115900","26","34696069"
"chr22","96500018","96500318","chr5","11971736","11972032","33","84528282"
"chr22","96884784","96885003","chr7","127741575","127741805","42","30856791"
"chr22","97580536","97580562","chr14","59640509","59640533","10","37940027"
"chr22","97580633","97580910","chr6","147286966","147287244","34","49706333"
"chr22","98871934","98871985","chr17","11062823","11062873","15","87809111"
"chr22","99347420","99347719","chr9","97258024","97258323","39","2089396"
"chr22","99534939","99535233","chr19","2752951","2753241","33","96781988"
"chr22","100802496","100802800","chr22","17382311","17382615","40","83420185"
"chr23","1024649","1024892","chr16","75464658","75464909","36","74440009"
"chr23","1553637","1553925","chr10","93128073","93128364","42","91574436"
"chr23","2497286","2497573","chr5","99782353","99782646","41","97285067"
"chr23","5794824","5795117","chr21","36669654","36669946","30","30874830"
"chr23","7191708","7192012","chr8","63104122","63104425","31","55912414"
"chr23","7275538","7275702","chr9","104424164","104424329","34","97148626"
"chr23","7276014","7276147","chr6","151989788","151989918","17","144713774"
"chr23","7281077","7281385","chr19","40164309","40164610","33","32883232"
"chr23","8512752","8513070","chrX","40401590","40401897","47","31888838"
"chr23","8713599","8713898","chr5","106331020","106331327","33","97617421"
"chr23","8992920","8993220","chr10","74322461","74322754","51","65329541"
"chr23","9756854","9757135","chr2B","229510282","229510566","34","219753428"
"chr23","10876853","10877161","chr11","48781225","48781526","47","37904372"
"chr23","11635648","11635956","chr1","102302386","102302692","43","90666738"
"chr23","11935319","11935610","chr5","109636852","109637155","37","97701533"
"chr23","11935654","11935668","chr5","43633117","43633128","5","31697463"
"chr23","12345739","12346049","chr1","204259241","204259546","43","191913502"
"chr23","12560933","12561239","chr1","129528337","129528634","40","116967404"
"chr23","13733642","13733939","chr2A","33718840","33719135","38","19985198"
"chr23","13758217","13758516","chr7","48182271","48182573","40","34424054"
"chr23","13843629","13843917","chr5","111615406","111615695","28","97771777"
"chr23","14477119","14477418","chr17","46383374","46383676","33","31906255"
"chr23","14515725","14515999","chr22","39920256","39920532","28","25404531"
"chr23","15912080","15912366","chr5","113786866","113787158","29","97874786"
"chr23","16098892","16099177","chr19","45478677","45478960","31","29379785"
"chr23","16120208","16120480","chr5","113994619","113994896","25","97874411"
"chr23","16155819","16156118","chr9","24410830","24411127","44","8255011"
"chr23","16255855","16256154","chr13","59401053","59401347","35","43145198"
"chr23","16651753","16652059","chr5","114525301","114525608","30","97873548"
"chr23","17529684","17529988","chr8","63104122","63104425","41","45574438"
"chr23","17530174","17530274","chr8","132369148","132369278","42","114838974"
"chr23","18152852","18153167","chr7","122016068","122016376","46","103863216"
"chr23","18552580","18552886","chr3","202786201","202786506","34","184233621"
"chr23","19109924","19110201","chr8","118482696","118482973","33","99372772"
"chr23","20162841","20163179","chrX","76724331","76724666","54","56561490"
"chr23","20568156","20568314","chr1","40266263","40266419","26","19698107"
"chr23","21094517","21094793","chr7","81229861","81230137","40","60135344"
"chr23","21707241","21707532","chr5","119628766","119629054","32","97921525"
"chr23","21939880","21940175","chr2A","33718840","33719135","36","11778960"
"chr23","22367155","22367449","chr19","40164309","40164610","32","17797154"
"chr23","25090093","25090402","chr22","39899681","39899985","40","14809588"
"chr23","25729243","25729442","chr5","96772250","96772446","32","71043007"
"chr23","25872153","25872461","chr7","107405279","107405587","28","81533126"
"chr23","25887089","25887392","chr9","70186079","70186380","33","44298990"
"chr23","27050711","27050991","chr13","49870676","49870962","55","22819965"
"chr23","27570181","27570479","chr17","13723870","13724174","46","13846311"
"chr23","29570754","29571038","chrX","8467033","8467313","34","21103721"
"chr23","29646484","29646777","chr12","30297041","30297335","35","650557"
"chr23","30990127","30990427","chr1","215624579","215624882","30","184634452"
"chr23","32185457","32185745","chr8","82382573","82382860","49","50197116"
"chr23","33223047","33223349","chr8","63104122","63104425","36","29881075"
"chr23","34006998","34007295","chr6","35386974","35387269","33","1379976"
"chr23","34182867","34183163","chr9","70186079","70186380","39","36003212"
"chr23","34651233","34651526","chr3","135949754","135950042","32","101298521"
"chr23","35181610","35181914","chr7","40994538","40994847","32","5812928"
"chr23","35530647","35530952","chr11","65684249","65684557","33","30153602"
"chr23","35681271","35681455","chr7","156774431","156774615","31","121093160"
"chr23","35805673","35805755","chr11","18071282","18071348","34","17734391"
"chr23","35840742","35841052","chr5","134595012","134595311","40","98754270"
"chr23","35856331","35856634","chr3","202786201","202786506","30","166929870"
"chr23","35874246","35874526","chr18","23119904","23120193","33","12754342"
"chr23","36548286","36548587","chr6","7265948","7266249","33","29282338"
"chr23","36799625","36799924","chr5","54230890","54231182","38","17431265"
"chr23","36848119","36848152","chrX","106745683","106745702","16","69897564"
"chr23","36865825","36866131","chr6","38550740","38551044","37","1684915"
"chr23","37061391","37061687","chr9","26544895","26545190","31","10516496"
"chr23","37096743","37097014","chr3","100247587","100247856","49","63150844"
"chr23","37163857","37164157","chr22","17818942","17819240","42","19344915"
"chr23","37536950","37537244","chr8","19406483","19406781","42","18130467"
"chr23","37716960","37717264","chr14","74613745","74614052","34","36896785"
"chr23","37759598","37759889","chr9","131115962","131116241","42","93356364"
"chr23","39488015","39488354","chr13","83964123","83964453","78","44476108"
"chr23","40249644","40249934","chr1","178612656","178612947","31","138363012"
"chr23","40900142","40900441","chr10","33278213","33278509","32","7621929"
"chr23","40997501","40997805","chrX","12638543","12638851","43","28358958"
"chr23","41117239","41117531","chr4","90694412","90694706","33","49577173"
"chr23","41151269","41151570","chr9","111252844","111253147","37","70101575"
"chr23","41252293","41252584","chr5","140085427","140085714","29","98833134"
"chr23","41261371","41261678","chr4","22017222","22017526","39","19244149"
"chr23","41309046","41309167","chr11","3086934","3087051","16","38222112"
"chr23","41403923","41404210","chr5","140242755","140243046","22","98838832"
"chr23","41585863","41586146","chr2A","31440105","31440385","32","10145758"
"chr23","41874880","41875088","chr10","111842757","111842965","29","69967877"
"chr23","42116050","42116348","chr1","188584640","188584938","32","146468590"
"chr23","42164198","42164481","chr5","168877801","168878082","30","126713603"
"chr23","42170883","42171184","chr15","60888293","60888593","36","18717410"
"chr23","42355587","42355896","chr17","13723870","13724174","28","28631717"
"chr23","42373983","42374285","chr7","122016068","122016376","38","79642085"
"chr23","43048088","43048384","chr6","71670237","71670532","34","28622149"
"chr23","43227832","43228134","chr5","142063977","142064282","39","98836145"
"chr23","44672047","44672341","chr5","143509320","143509612","32","98837273"
"chr23","44867756","44868058","chr3","190978307","190978607","32","146110551"
"chr23","44969797","44970101","chr6","35386974","35387269","46","9582823"
"chr23","45665717","45665996","chr5","144502509","144502793","29","98836792"
"chr23","45711533","45711827","chr2A","70520473","70520764","31","24808940"
"chr23","47772594","47772671","chr11","18071282","18071348","36","29701312"
"chr23","48754451","48754759","chr5","147639496","147639800","33","98885045"
"chr23","49105146","49105447","chr12","80022143","80022438","32","30916997"
"chr23","49244626","49244902","chr10","114560869","114561144","33","65316243"
"chr23","49591235","49591539","chrUn_NW_014017165v1","966983","967289","35","48624252"
"chr23","49732318","49732621","chr5","148637508","148637811","30","98905190"
"chr23","49985794","49986086","chr5","148892368","148892667","29","98906574"
"chr23","50443442","50443747","chr2A","105966702","105967010","28","55523260"
"chr23","50541072","50541393","chr5","149458297","149458610","30","98917225"
"chr23","51023869","51024169","chr12","30297041","30297335","38","20726828"
"chr23","51660323","51660590","chr4","183917304","183917581","46","132256981"
"chr23","52608521","52608811","chr1","135781095","135781383","41","83172574"
"chr23","53057674","53057966","chr10","58722269","58722557","51","5664595"
"chr23","53301865","53302166","chr4","40116377","40116664","38","13185488"
"chr23","53613584","53613887","chr5","152486903","152487194","26","98873319"
"chr23","53833966","53834272","chr11","65684249","65684557","33","11850283"
"chr23","54134453","54134742","chr5","153000239","153000537","42","98865786"
"chr23","54294916","54295224","chrX","15819246","15819549","37","38475670"
"chr23","56520851","56521190","chr3","167654667","167655006","60","111133816"
"chr23","56711605","56711768","chr5","155656011","155656172","10","98944406"
"chr23","57041697","57042005","chr5","131928016","131928324","40","74886319"
"chr23","57187819","57188118","chr5","156144849","156145147","38","98957030"
"chr23","58263582","58263896","chr10","69396106","69396414","46","11132524"
"chr23","59527767","59528063","chr3","47982635","47982933","40","11545132"
"chr23","60104755","60105057","chr3","202786201","202786506","36","142681446"
"chr23","61312940","61313244","chr5","160920938","160921249","31","99607998"
"chr23","62504516","62504819","chr6","42316035","42316327","40","20188481"
"chr23","62601162","62601462","chr5","162246048","162246339","28","99644886"
"chr23","62775750","62776060","chr14","68836329","68836629","44","6060579"
"chr23","63978692","63979002","chr12","1151923","1152229","44","62826769"
"chr23","64163780","64164079","chr11","64026312","64026611","41","137468"
"chr23","64720424","64720685","chr5","164427432","164427694","19","99707008"
"chr23","65371563","65371860","chr3","185314437","185314731","37","119942874"
"chr23","65529875","65530102","chr5","165400262","165400489","15","99870387"
"chr23","65691707","65691903","chr5","48753909","48754099","27","16937798"
"chr23","65692046","65692237","chr5","165573659","165573844","25","99881613"
"chr23","65710926","65711222","chr5","165592457","165592754","23","99881531"
"chr23","65807144","65807433","chr5","168877801","168878082","36","103070657"
"chr23","66724027","66724330","chr5","166605772","166606072","36","99881745"
"chr23","66896302","66896431","chr6","151989788","151989918","15","85093486"
"chr23","66899778","66899908","chr2B","178713160","178713291","13","111813382"
"chr23","66957333","66957644","chr1","211446608","211446917","50","144489275"
"chr23","67063885","67064181","chr4","169342583","169342876","45","102278698"
"chr23","67098239","67098282","chr9","131115865","131115900","26","64017626"
"chr23","67178175","67178452","chr5","167071141","167071435","35","99892966"
"chr23","67473740","67474031","chr20","28258628","28258920","31","39215112"
"chr23","67674994","67675302","chr5","78515440","78515745","37","10840446"
"chr23","68013621","68013936","chr14","60259831","60260143","44","7753790"
"chr23","68198177","68198473","chr17","41627992","41628290","33","26570185"
"chr23","68738186","68738485","chr5","168637578","168637880","29","99899392"
"chr23","68848141","68848449","chr5","168747569","168747879","31","99899428"
"chr23","68925389","68925688","chr11","110419706","110420001","36","41494317"
"chr23","68938390","68938696","chr3","202786201","202786506","36","133847811"
"chr23","68981615","68981896","chr5","168877801","168878082","25","99896186"
"chr23","69005740","69006048","chr8","63104122","63104425","41","5901618"
"chr23","69025605","69025879","chr22","37659453","37659723","57","31366152"
"chr23","69026890","69027191","chr2B","241444232","241444533","44","172417342"
"chr23","69048617","69048896","chr10","23495805","23496084","34","45552812"
"chr23","69092725","69093013","chr8","63104122","63104425","60","5988603"
"chr23","69124879","69125202","chr3","9143569","9143872","53","59981310"
"chr23","70456696","70456986","chr5","170362321","170362613","30","99905625"
"chr23","70664930","70665207","chr19","45478677","45478960","41","25186253"
"chr23","70966496","70966646","chr4","154753517","154753644","35","83787021"
"chr23","71336137","71336426","chr3","15219656","15219944","37","56116481"
"chr23","71347776","71348110","chrX","76724331","76724666","54","5376555"
"chr23","71503976","71504275","chr5","79226160","79226455","36","7722184"
"chr23","71821088","71821348","chr12","69438598","69438867","37","2382490"
"chr23","72113847","72114157","chr14","94168002","94168296","48","22054155"
"chr23","72209232","72209378","chr9","20284789","20284936","22","51924443"
"chr23","72571485","72571773","chr6","117486934","117487228","44","44915449"
"chr23","72895096","72895396","chr17","13723870","13724174","37","59171226"
"chr23","73050330","73050629","chr20","53777293","53777592","41","19273037"
"chr23","73386387","73386543","chr11","60484581","60484730","19","12901806"
"chr23","74340601","74340902","chr5","174451985","174452287","36","100111384"
"chr23","74927581","74927878","chr5","175028966","175029259","28","100101385"
"chr23","75167192","75167228","chr9","131115865","131115900","22","55948673"
"chr23","76008653","76008859","chrX","26646714","26646920","25","49361939"
"chr23","76753401","76753707","chr17","17460728","17461033","39","59292673"
"chr23","77324841","77325128","chr2B","201382595","201382888","42","124057754"
"chr23","77622074","77622387","chr17","13723870","13724174","45","63898204"
"chr23","77965820","77966132","chr6","141126055","141126362","35","63160235"
"chr23","78212185","78212478","chr6","153683020","153683310","37","75470835"
"chr23","78491530","78491825","chr10","3318573","3318867","42","75172957"
"chr23","79114859","79115148","chr11","128800963","128801253","30","49686104"
"chr23","79350674","79350968","chr3","126590511","126590805","28","47239837"
"chr23","79716194","79716503","chrX","15819246","15819549","39","63896948"
"chr23","79776078","79776386","chr3","143456141","143456448","45","63680063"
"chr23","79804676","79804982","chr7","107405279","107405587","30","27600603"
"chr23","80211500","80211805","chr16","11922843","11923144","34","68288657"
"chr23","81184502","81184637","chr5","46143502","46143637","22","35041000"
"chr23","81301954","81302260","chr3","47982635","47982933","39","33319319"
"chr23","81889002","81889289","chr2A","5926821","5927113","40","75962181"
"chr23","81889347","81889648","chr9","130989939","130990237","39","49100592"
"chr23","82239776","82240077","chr20","53777293","53777592","31","28462483"
"chr23","82243955","82244260","chr3","47982635","47982933","35","34261320"
"chr23","82739153","82739464","chr3","202786201","202786506","41","120047048"
"chr23","82742289","82742429","chr12","54542712","54542856","48","28199577"
"chr24","1185487","1185805","chr1","102302386","102302692","46","101116899"
"chr24","1841489","1841796","chr8","63104122","63104425","44","61262633"
"chr24","2901884","2902182","chr14","24853406","24853708","28","21951522"
"chr24","4682469","4682746","chr1","12511073","12511344","39","7828604"
"chr24","5706503","5706781","chr8","101244113","101244391","31","95537610"
"chr24","6684005","6684276","chrUn_NW_014015321v1","1363","1633","33","6682642"
"chr24","7345443","7345737","chr2B","240201274","240201564","36","232855831"
"chr24","7397701","7397761","chr15","83726252","83726303","25","76328551"
"chr24","7656989","7657305","chr5","12324018","12324332","50","4667029"
"chr24","7865680","7865978","chr1","216127275","216127575","38","208261595"
"chr24","7940595","7940889","chr4","154027941","154028238","51","146087346"
"chr24","8144990","8145288","chr9","97258024","97258323","48","89113034"
"chr24","8332011","8332097","chr14","20411290","20411358","41","12079279"
"chr24","9395868","9396170","chr9","137818037","137818334","41","128422169"
"chr24","10841978","10842259","chr2B","172989118","172989397","36","162147140"
"chr24","11231483","11231530","chr1","31474562","31474593","27","20243079"
"chr24","11599595","11599894","chr14","33718031","33718335","28","22118436"
"chr24","11716131","11716259","chr11","60333707","60333833","12","48617576"
"chr24","11716584","11716759","chr14","33827124","33827303","23","22110540"
"chr24","11877677","11877852","chr1","64493115","64493287","56","52615438"
"chr24","11995849","11996109","chr7","10730414","10730674","41","1265435"
"chr24","12297637","12297923","chr14","34421637","34421921","25","22124000"
"chr24","13358382","13358676","chr7","155826111","155826401","31","142467729"
"chr24","13558552","13558831","chr19","43966219","43966521","50","30407667"
"chr24","13708565","13708863","chr7","76502342","76502646","40","62793777"
"chr24","14339915","14340127","chr9","74128466","74128683","45","59788551"
"chr24","14715337","14715635","chr14","37039865","37040162","29","22324528"
"chr24","14786528","14786830","chr7","103893143","103893443","41","89106615"
"chr24","15057038","15057209","chr6","162525883","162526054","24","147468845"
"chr24","15985885","15986178","chr14","38330719","38331018","37","22344834"
"chr24","16199296","16199579","chr14","38551417","38551703","30","22352121"
"chr24","17978545","17978784","chr4","55334930","55335167","43","37356385"
"chr24","18704149","18704447","chr11","110419706","110420001","38","91715557"
"chr24","19773859","19774158","chr18","14083604","14083899","43","5690255"
"chr24","19780557","19780857","chr1","129528337","129528634","43","109747780"
"chr24","20820573","20820813","chr14","42676817","42677057","30","21856244"
"chr24","21308897","21309209","chr14","75338656","75338955","49","54029759"
"chr24","22192038","22192346","chr14","44014527","44014829","30","21822489"
"chr24","22342118","22342397","chr3","60436738","60437011","44","38094620"
"chr24","24000237","24000542","chrX","45054779","45055085","38","21054542"
"chr24","25891061","25891342","chr14","47737643","47737924","23","21846582"
"chr24","26457536","26457826","chr5","94341395","94341684","26","67883859"
"chr24","26602139","26602442","chr6","169886743","169887039","41","143284604"
"chr24","26762780","26763083","chr14","48602286","48602589","19","21839506"
"chr24","26781011","26781198","chr9","84575980","84576150","41","57794969"
"chr24","26802413","26802452","chr19","53911271","53911295","16","27108858"
"chr24","26969534","26969818","chr1","134101825","134102109","39","107132291"
"chr24","26970263","26970566","chr5","159157708","159158022","37","132187445"
"chr24","27229555","27229848","chr1","220148683","220148979","31","192919128"
"chr24","27332003","27332175","chr9","84575980","84576150","24","57243977"
"chr24","27483518","27483762","chr19","8419032","8419277","53","19064486"
"chr24","27598636","27598930","chr1","216127275","216127575","31","188528639"
"chr24","27712495","27712784","chrX","96822397","96822703","55","69109902"
"chr24","28467649","28467782","chr14","50258512","50258639","15","21790863"
"chr24","29703765","29704050","chr7","142352710","142352990","38","112648945"
"chr24","29779748","29780043","chr4","84919365","84919658","35","55139617"
"chr24","29797730","29798022","chr18","23119904","23120193","31","6677826"
"chr24","29892429","29892571","chr6","79307932","79308042","44","49415503"
"chr24","30382718","30383033","chr1","129528337","129528634","56","99145619"
"chr24","31231697","31232012","chr21","35131858","35132167","50","3900161"
"chr24","31660034","31660338","chr1","181665682","181665986","39","150005648"
"chr24","32511438","32511744","chr14","54184087","54184391","33","21672649"
"chr24","32582532","32582836","chr8","63104122","63104425","34","30521590"
"chr24","32653885","32654177","chr14","54321720","54322012","24","21667835"
"chr24","33029042","33029142","chrUn_NW_014014512v1","4","79","43","33029038"
"chr24","33151114","33151400","chr6","35369030","35369319","35","2217916"
"chr24","33674302","33674613","chrX","43650249","43650556","43","9975947"
"chr24","35021075","35021372","chr22","37310009","37310303","33","2288934"
"chr24","35570107","35570396","chr8","19406483","19406781","40","16163624"
"chr24","35837133","35837282","chr10","103268874","103269021","17","67431741"
"chr24","35995453","35995581","chr13","23302647","23302776","18","12692806"
"chr24","37950538","37950832","chr11","128800963","128801253","32","90850425"
"chr24","37951883","37952189","chr14","59635386","59635681","36","21683503"
"chr24","37957046","37957334","chrX","85204424","85204712","31","47247378"
"chr24","38572063","38572315","chr19","51178335","51178581","32","12606272"
"chr24","39511273","39511586","chr7","126105184","126105492","41","86593911"
"chr24","40001739","40002040","chr6","152163250","152163554","48","112161511"
"chr24","40136976","40137227","chr6","66630130","66630373","42","26493154"
"chr24","40451696","40452002","chr11","65684249","65684557","33","25232553"
"chr24","40821077","40821378","chr3","190978307","190978607","37","150157230"
"chr24","40854611","40854918","chr3","202786201","202786506","33","161931590"
"chr24","40932401","40932691","chr9","112044795","112045089","32","71112394"
"chr24","41016904","41017200","chr5","141190506","141190805","38","100173602"
"chr24","41072459","41072722","chr1","183930965","183931244","39","142858506"
"chr24","41584750","41585049","chr3","202786201","202786506","43","161201451"
"chr24","41797350","41797449","chr20","34569744","34569842","12","7227606"
"chr24","42039916","42040048","chr1","11883701","11883833","18","30156215"
"chr24","42575467","42575774","chr1","102302386","102302692","47","59726919"
"chr24","42605543","42605797","chr3","188434140","188434394","31","145828597"
"chr24","42658994","42659284","chr6","76870777","76871073","45","34211783"
"chr24","42803290","42803586","chr8","63104122","63104425","57","20300832"
"chr24","42836925","42837183","chr6","37891328","37891587","36","4945597"
"chr24","43423588","43423875","chr14","65680775","65681071","32","22257187"
"chr24","43913676","43913974","chr6","71670237","71670532","41","27756561"
"chr24","44392745","44393031","chr9","129690799","129691094","38","85298054"
"chr24","44488521","44488819","chr19","5778433","5778728","34","38710088"
"chr24","44606212","44606490","chr6","135093712","135093989","38","90487500"
"chr24","45082876","45083170","chr14","67305217","67305512","26","22222341"
"chr24","45256702","45256998","chr19","5778433","5778728","49","39478269"
"chr24","46102687","46102997","chr1","211446608","211446917","34","165343921"
"chr24","46615131","46615428","chr5","58923966","58924257","39","12308835"
"chr24","46685603","46685898","chr14","68908438","68908729","34","22222835"
"chr24","46885698","46885983","chr18","56026769","56027064","41","9141071"
"chr24","47802840","47802974","chrX","1916259","1916392","17","45886581"
"chr24","48299071","48299357","chr21","32637680","32637973","36","15661391"
"chr24","48421493","48421615","chr5","143013879","143014005","14","94592386"
"chr24","48537206","48537264","chr18","8012804","8012869","21","40524402"
"chr24","48605212","48605506","chr14","70837738","70838025","28","22232526"
"chr24","49480523","49480775","chr21","30529362","30529621","31","18951161"
"chr24","49519091","49519375","chr17","591449","591735","35","48927642"
"chr24","49933476","49933662","chr19","56841339","56841526","30","6907863"
"chr24","49933663","49933793","chr17","66312234","66312325","51","16378571"
"chr24","50206111","50206397","chr14","72402320","72402598","40","22196209"
"chr24","50338120","50338233","chr6","43771307","43771420","12","6566813"
"chr24","50344592","50344883","chr4","154731509","154731805","34","104386917"
"chr24","50741176","50741211","chr1","31474562","31474593","18","19266614"
"chr24","50883814","50884115","chr8","63104122","63104425","28","12220308"
"chr24","51494942","51495230","chr11","128800963","128801253","36","77306021"
"chr24","51845823","51846109","chr12","30297041","30297335","26","21548782"
"chr24","51886509","51886806","chr14","74080854","74081151","33","22194345"
"chr24","51886829","51887077","chr10","128022523","128022774","39","76135694"
"chr24","51955776","51956079","chr3","47982635","47982933","26","3973141"
"chr24","51959644","51959936","chr20","47014945","47015246","40","4944699"
"chr24","52308588","52308648","chr1","224851565","224851631","22","172542977"
"chr24","52308649","52308833","chr2B","189286822","189287010","44","136978173"
"chr24","52337855","52338141","chr1","134957856","134958144","35","82620001"
"chr24","52345754","52345932","chr14","74525418","74525607","29","22179664"
"chr24","52387937","52387990","chr15","83726252","83726303","22","31338315"
"chr24","52433669","52433973","chr14","74613745","74614052","17","22180076"
"chr24","52453450","52453753","chr17","80921573","80921874","44","28468123"
"chr24","53117173","53117472","chr3","185314437","185314731","31","132197264"
"chr24","53160675","53160943","chr12","69438598","69438867","34","16277923"
"chr24","53177190","53177475","chr10","126934605","126934892","42","73757415"
"chr24","53265460","53265751","chr19","2752951","2753241","30","50512509"
"chr24","53627052","53627215","chr1","37763302","37763470","31","15863750"
"chr24","54616065","54616326","chr11","8049263","8049498","62","46566802"
"chr24","54725637","54725938","chr22","32849584","32849879","30","21876053"
"chr24","54900710","54900775","chrUn_NW_014014512v1","4","79","27","54900706"
"chr24","55530671","55530972","chr7","48182271","48182573","33","7348400"
"chr24","55543039","55543278","chr2B","167718485","167718719","29","112175446"
"chr24","55543367","55543542","chr8","41622324","41622510","52","13921043"
"chr24","55599056","55599363","chr21","32637680","32637973","50","22961376"
"chr24","56301567","56301837","chr8","72294091","72294356","38","15992524"
"chr24","56319127","56319184","chr15","83726252","83726303","25","27407125"
"chr24","56537294","56537470","chr6","99622927","99623101","30","43085633"
"chr24","56918483","56918825","chr14","79358436","79358747","68","22439953"
"chr24","56918830","56918954","chr1","98416825","98416953","16","41497995"
"chr24","56918960","56919163","chr2B","194630686","194630888","27","137711726"
"chr24","57598280","57598583","chrX","15819246","15819549","37","41779034"
"chr24","57716212","57716551","chrX","76724331","76724666","50","19008119"
"chr24","59636257","59636556","chr6","35386974","35387269","42","24249283"
"chr24","60133128","60133423","chr12","36116191","36116487","40","24016937"
"chr24","62659398","62659706","chr20","53777293","53777592","44","8882105"
"chr24","63153628","63153904","chr5","134611842","134612119","32","71458214"
"chr24","63473363","63473653","chr14","85864415","85864708","27","22391052"
"chr24","64473264","64473319","chr9","131115865","131115900","31","66642601"
"chr24","65220212","65220361","chr6","31969102","31969250","20","33251110"
"chr24","65314828","65315127","chr3","68609811","68610110","36","3294983"
"chr24","65443580","65443887","chr14","87800377","87800677","40","22356797"
"chr24","65444547","65444865","chr2A","57487725","57488042","43","7956822"
"chr24","66011571","66011867","chr4","154027941","154028238","38","88016370"
"chr24","66148487","66148754","chr6","37010003","37010272","35","29138484"
"chr24","66208095","66208401","chr14","88549293","88549605","38","22341198"
"chr24","66223172","66223497","chr14","88562951","88563266","42","22339779"
"chr24","66779093","66779219","chr3","27849182","27849311","15","38929911"
"chr24","66801783","66801968","chr18","14399984","14400164","24","52401799"
"chr24","66899387","66899679","chr1","134957856","134958144","32","68058469"
"chr24","67930252","67930444","chr3","203629726","203629919","48","135699474"
"chr24","68131363","68131632","chr14","90365072","90365350","41","22233709"
"chr24","68610152","68610282","chr13","23302647","23302776","12","45307505"
"chr24","68610995","68611263","chr14","90831899","90832164","29","22220904"
"chr24","68875983","68876035","chr3","127527482","127527533","28","58651499"
"chr24","68940145","68940421","chr10","23495805","23496084","31","45444340"
"chr24","69664559","69664860","chr1","27151921","27152213","37","42512638"
"chr24","69844380","69844666","chr1","20953555","20953840","29","48890825"
"chr24","70131779","70132077","chr22","45301338","45301633","34","24830441"
"chr24","70961839","70961885","chr15","83726252","83726303","21","12764413"
"chr24","70977697","70977976","chr22","20193243","20193523","36","50784454"
"chr24","71975384","71975703","chr4","177476561","177476881","42","105501177"
"chr24","73232768","73233055","chr5","97693635","97693926","34","24460867"
"chr24","74027792","74028060","chr12","69438598","69438867","37","4589194"
"chr24","75592708","75593007","chrX","99358492","99358789","36","23765784"
"chr24","78019556","78019891","chr6","35386974","35387269","71","42632582"
"chr24","78270868","78271156","chr6","35369030","35369319","26","42901838"
"chr24","78547712","78548036","chr19","9381109","9381432","42","69166603"
"chr24","79412129","79412449","chr2A","111423582","111423906","78","32011453"
"chr24","80025178","80025453","chr3","58117972","58118257","41","21907206"
"chr24","80030447","80030692","chr12","88269175","88269440","49","8238728"
"chr24","80501781","80502069","chr3","15219656","15219944","35","65282125"
"chr24","80510188","80510250","chr15","83726252","83726303","21","3216064"
"chr24","80531340","80531633","chr14","103021478","103021774","29","22490138"
"chr24","80545814","80546102","chr4","169342583","169342876","40","88796769"
"chr24","80629181","80629353","chr4","52232148","52232313","24","28397033"
"chr24","80945767","80946063","chr3","191717604","191717900","30","110771837"
"chr24","81512862","81513158","chrX","15819246","15819549","41","65693616"
"chr24","81530631","81530870","chrX","10383906","10384140","34","71146725"
"chr24","81573330","81573621","chr17","5806940","5807230","38","75766390"
"chr24","82960964","82961190","chr5","165400262","165400489","31","82439298"
"chr25","1235873","1236158","chr1","209097860","209098156","39","207861987"
"chr25","1500001","1500053","chr3","127527482","127527533","29","126027481"
"chr25","1877212","1877505","chr1","208205304","208205602","30","206328092"
"chr25","2063090","2063398","chr1","102302386","102302692","43","100239296"
"chr25","2290965","2291267","chr15","60888293","60888593","39","58597328"
"chr25","2400882","2401181","chr1","207829370","207829668","31","205428488"
"chr25","2543837","2543971","chr1","207682441","207682576","16","205138604"
"chr25","2546169","2546344","chr2A","113169741","113169916","30","110623572"
"chr25","2579444","2579737","chr6","76870777","76871073","29","74291333"
"chr25","2744888","2745205","chr4","99686634","99686955","50","96941746"
"chr25","2953947","2954245","chr6","2975295","2975595","37","21348"
"chr25","3393610","3393855","chr3","188434140","188434394","50","185040530"
"chr25","3406148","3406433","chr10","15836322","15836621","49","12430174"
"chr25","3492757","3493032","chr4","137911175","137911462","52","134418418"
"chr25","3834991","3835033","chr9","127908774","127908805","20","124073783"
"chr25","3951159","3951451","chr3","9143569","9143872","37","5192410"
"chr25","4199431","4199720","chr1","206029739","206030042","40","201830308"
"chr25","4455319","4455613","chr9","100788706","100789004","34","96333387"
"chr25","4997771","4998069","chr1","205232619","205232918","35","200234848"
"chr25","5182494","5182745","chr10","128022523","128022774","41","122840029"
"chr25","5200611","5200900","chrX","73656152","73656436","36","68455541"
"chr25","5412809","5412947","chrX","55181789","55181924","18","49768980"
"chr25","5481322","5481599","chr2B","229510282","229510566","34","224028960"
"chr25","5529353","5529630","chr1","44255144","44255424","41","38725791"
"chr25","5568519","5568820","chr6","32259392","32259695","38","26690873"
"chr25","5643570","5643863","chr1","204614951","204615241","32","198971381"
"chr25","5807318","5807614","chrX","20667995","20668298","50","14860677"
"chr25","5988846","5989146","chr11","110419706","110420001","32","104430860"
"chr25","6611543","6611836","chr18","47734150","47734450","43","41122607"
"chr25","6765085","6765379","chr1","203495563","203495853","33","196730478"
"chr25","7033595","7033881","chr12","30297041","30297335","37","23263446"
"chr25","7426997","7427283","chr18","20401830","20402112","37","12974833"
"chr25","7658688","7658961","chr6","46769643","46769923","40","39110955"
"chr25","8819161","8819440","chr7","7618840","7619127","49","1200321"
"chr25","9027481","9027728","chrX","106745733","106745977","36","97718252"
"chr25","9326475","9326780","chr1","200846130","200846439","36","191519655"
"chr25","9574129","9574430","chr19","40164309","40164610","38","30590180"
"chr25","9832542","9832839","chr8","10915036","10915330","37","1082494"
"chr25","11128225","11128527","chr3","47982635","47982933","31","36854410"
"chr25","11906343","11906533","chr3","191822405","191822607","29","179916062"
"chr25","13382627","13382880","chr7","33926261","33926520","43","20543634"
"chr25","13437770","13438066","chr11","65684249","65684557","43","52246479"
"chr25","13907585","13907881","chr1","196092581","196092875","32","182184996"
"chr25","14249298","14249344","chr9","131115865","131115900","22","116866567"
"chr25","15115863","15116167","chr2A","70725628","70725935","32","55609765"
"chr25","15307742","15308020","chr1","194691043","194691314","28","179383301"
"chr25","15439543","15439845","chrX","15819246","15819549","32","379703"
"chr25","16704766","16704951","chr13","38856694","38856872","30","22151928"
"chr25","17005392","17005700","chr22","44681192","44681501","35","27675800"
"chr25","17415721","17416012","chr1","192536945","192537239","30","175121224"
"chr25","17592126","17592425","chr1","192352779","192353077","32","174760653"
"chr25","17986856","17986983","chr13","109211023","109211152","14","91224167"
"chr25","18092566","18092837","chr8","101074582","101074861","45","82982016"
"chr25","18259661","18259959","chr1","191668296","191668587","34","173408635"
"chr25","18269919","18270213","chr17","41627992","41628290","38","23358073"
"chr25","19006465","19006783","chr3","188936705","188937006","56","169930240"
"chr25","19308819","19309103","chr9","107188272","107188556","30","87879453"
"chr25","19342328","19342621","chr1","190559905","190560202","33","171217577"
"chr25","19784702","19785008","chr18","39748620","39748926","39","19963918"
"chr25","20099428","20099724","chr1","189746265","189746549","38","169646837"
"chr25","20322208","20322519","chr1","189523167","189523464","33","169200959"
"chr25","21190496","21190804","chr1","188640279","188640585","25","167449783"
"chr25","21246018","21246338","chr19","9381109","9381432","43","11864909"
"chr25","21714934","21715209","chr1","135781095","135781383","40","114066161"
"chr25","21916262","21916562","chr1","187364516","187364813","34","165448254"
"chr25","22861929","22862237","chr1","186381485","186381793","37","163519556"
"chr25","23794854","23795165","chr1","185442367","185442671","32","161647513"
"chr25","23950613","23950890","chr3","174958748","174959029","50","151008135"
"chr25","24120321","24120577","chr10","22806043","22806298","36","1314278"
"chr25","24836092","24836271","chr5","168833955","168834116","44","143997863"
"chr25","25486894","25487196","chr1","102302386","102302692","38","76815492"
"chr25","25525022","25525303","chr1","183712637","183712921","34","158187615"
"chr25","25734568","25734860","chr1","183504865","183505155","26","157770297"
"chr25","27240728","27241022","chr1","182065341","182065643","30","154824613"
"chr25","27292961","27293155","chr5","48753909","48754099","67","21460948"
"chr25","27293427","27293522","chr12","66811847","66811940","16","39518420"
"chr25","27479392","27479697","chr7","40994538","40994847","39","13515146"
"chr25","27545516","27545811","chr4","93159658","93159949","34","65614142"
"chr25","27645822","27646129","chr1","181665682","181665986","33","154019860"
"chr25","27657079","27657369","chr1","181654783","181655085","29","153997704"
"chr25","28134795","28135126","chr19","9381109","9381432","47","18753686"
"chr25","28235693","28236000","chrX","15819246","15819549","32","12416447"
"chr25","28682871","28683152","chr10","114560869","114561144","35","85877998"
"chr25","29415688","29415994","chr1","179902973","179903281","28","150487285"
"chr25","29480309","29480610","chr5","148892368","148892667","42","119412059"
"chr25","30073245","30073553","chr3","47982635","47982933","45","17909390"
"chr25","30205517","30205802","chr5","134611842","134612119","45","104406325"
"chr25","30423519","30423700","chr2B","131296842","131297018","28","100873323"
"chr25","30718742","30719023","chr1","178612656","178612947","29","147893914"
"chr25","30900760","30900873","chr8","132369148","132369278","45","101468388"
"chr25","31467310","31467616","chr2A","70725628","70725935","35","39258318"
"chr25","32354650","32354943","chr8","10915036","10915330","50","21439614"
"chr25","32874974","32875278","chr1","129528337","129528634","37","96653363"
"chr25","33111584","33111859","chr22","37369702","37369985","52","4258118"
"chr25","33652527","33652833","chr1","175565132","175565443","37","141912605"
"chr25","34184690","34184983","chr1","21970740","21971034","38","12213950"
"chr25","34303076","34303374","chr1","129528337","129528634","29","95225261"
"chr25","34304751","34305068","chr1","174912505","174912810","40","140607754"
"chr25","35510503","35510795","chr10","107039577","107039880","45","71529074"
"chr25","35704452","35704760","chr1","173480281","173480587","31","137775829"
"chr25","35868497","35868800","chr22","35376988","35377288","41","491509"
"chr25","36002093","36002286","chr3","133067438","133067635","23","97065345"
"chr25","36530226","36530489","chr7","33926261","33926520","29","2603965"
"chr25","37407568","37407843","chr9","115609233","115609513","45","78201665"
"chr25","38946073","38946355","chr5","168877801","168878082","43","129931728"
"chr25","39860936","39861226","chr11","110419706","110420001","38","70558770"
"chr25","39911337","39911568","chr1","169346080","169346305","26","129434743"
"chr25","41004980","41005285","chr1","212953832","212954134","48","171948852"
"chr25","41885160","41885450","chr1","167243375","167243656","34","125358215"
"chr25","42530304","42530596","chr9","19415757","19416045","39","23114547"
"chr25","43158118","43158401","chr5","168877801","168878082","40","125719683"
"chr25","44365914","44366218","chr8","63104122","63104425","37","18738208"
"chr25","44413146","44413451","chr1","211446608","211446917","33","167033462"
"chr25","44643009","44643309","chr1","164415659","164415950","23","119772650"
"chr25","45726838","45727144","chr1","163327443","163327741","30","117600605"
"chr25","46373039","46373340","chr1","27151921","27152213","38","19221118"
"chr25","46613028","46613323","chr1","161926104","161926400","31","115313076"
"chr25","47554291","47554598","chr1","129528337","129528634","40","81974046"
"chr25","48570658","48570942","chr2A","20537787","20538074","32","28032871"
"chr25","49306180","49306471","chr3","165245736","165246029","30","115939556"
"chr25","49395525","49395833","chr6","7265948","7266249","39","42129577"
"chr25","49405366","49405542","chr1","159133655","159133822","23","109728289"
"chr25","49576284","49576337","chr15","83726252","83726303","12","34149968"
"chr25","50177446","50177725","chr6","39063012","39063293","55","11114434"
"chr25","52806663","52806966","chr20","53777293","53777592","29","970630"
"chr25","53063692","53063740","chr15","83726252","83726303","25","30662560"
"chr25","53070088","53070369","chr13","62490986","62491262","35","9420898"
"chr25","54524393","54524684","chr1","153940423","153940715","27","99416030"
"chr25","55023096","55023373","chr3","60436738","60437011","36","5413642"
"chr25","55162275","55162580","chrX","15819246","15819549","41","39343029"
"chr25","56254469","56254589","chr2A","36285122","36285243","14","19969347"
"chr25","56520980","56521235","chr1","205056613","205056879","48","148535633"
"chr25","57036562","57036873","chr1","203226770","203227078","34","146190208"
"chr25","57233150","57233341","chr1","151101860","151102052","18","93868710"
"chr25","57678353","57678647","chr5","54230890","54231182","38","3447463"
"chr25","57765187","57765411","chr5","8793235","8793461","38","48971952"
"chr25","57772129","57772417","chr1","150501810","150502095","29","92729681"
"chr25","57838431","57838769","chrX","76724331","76724666","48","18885900"
"chr25","58434643","58434935","chr12","31805222","31805513","41","26629421"
"chr25","59210036","59210325","chr18","23119904","23120193","36","36090132"
"chr25","60057977","60058255","chr2B","233916127","233916401","34","173858150"
"chr25","60623184","60623482","chr2A","33718840","33719135","30","26904344"
"chr25","60675362","60675605","chr12","40112364","40112598","38","20562998"
"chr25","61237009","61237050","chr1","31474562","31474593","21","29762447"
"chr25","61464150","61464438","chr1","134101825","134102109","38","72637675"
"chr25","61717695","61717998","chr3","47982635","47982933","42","13735060"
"chr25","61753320","61753611","chr6","12255009","12255295","46","49498311"
"chr25","63310431","63310581","chr1","144800810","144800957","22","81490379"
"chr25","64224588","64224820","chr4","125853023","125853253","33","61628435"
"chr25","65669637","65669946","chr8","133544661","133544967","36","67875024"
"chr25","66214656","66214977","chr3","44589046","44589366","34","21625610"
"chr25","67175732","67176019","chr12","15465904","15466186","42","51709828"
"chr25","67373989","67374288","chr10","107039577","107039880","31","39665588"
"chr25","67985970","67986262","chr6","153683020","153683310","40","85697050"
"chr25","68139671","68139971","chr1","211446608","211446917","28","143306937"
"chr25","68165482","68165723","chr11","8049263","8049498","50","60116219"
"chr25","68715856","68716126","chr3","15219656","15219944","43","53496200"
"chr25","68767637","68767928","chr21","38218040","38218332","35","30549597"
"chr25","69534708","69535005","chr3","9143569","9143872","42","60391139"
"chr25","69603789","69604100","chr8","63104122","63104425","32","6499667"
"chr25","70021262","70021561","chr1","212953832","212954134","38","142932570"
"chr25","70488990","70489287","chr1","213838704","213838999","29","143349714"
"chr25","70628728","70629016","chr1","213983805","213984081","48","143355077"
"chr25","70889814","70890102","chr3","15219656","15219944","32","55670158"
"chr25","70991345","70991639","chr5","41128447","41128740","39","29862898"
"chr25","71687544","71687840","chr1","215078248","215078553","33","143390704"
"chr25","71840087","71840381","chr8","28596742","28597033","29","43243345"
"chr25","71905486","71905767","chr1","215286806","215287092","30","143381320"
"chr25","72345769","72346073","chr17","46383374","46383676","40","25962395"
"chr25","72635478","72635780","chr6","152281832","152282130","39","79646354"
"chr25","72686152","72686224","chr10","12294695","12294775","28","60391457"
"chr25","72732400","72732709","chr1","216127275","216127575","37","143394875"
"chr25","73606798","73607095","chr3","47982635","47982933","30","25624163"
"chr25","73720613","73720899","chr9","19415757","19416045","30","54304856"
"chr25","73930946","73931248","chr8","63104122","63104425","27","10826824"
"chr25","74716322","74716619","chr1","129528337","129528634","34","54812015"
"chr25","75163033","75163336","chrX","15819246","15819549","31","59343787"
"chr25","75474839","75475130","chr1","12218598","12218890","53","63256241"
"chr25","75552733","75552965","chrX","10383906","10384140","36","65168827"
"chr25","75666570","75666855","chr1","167243375","167243656","44","91576805"
"chr25","76212330","76212631","chrUn_NW_014017165v1","966983","967289","41","75245347"
"chr25","77328023","77328195","chr4","52232148","52232313","29","25095875"
"chr25","77328226","77328343","chr11","3086934","3087051","14","74241292"
"chr25","77349257","77349577","chr1","220784032","220784350","45","143434775"
"chr25","78082041","78082325","chr1","221525037","221525327","36","143442996"
"chr25","79021611","79021919","chrX","12638543","12638851","34","66383068"
"chr25","79059417","79059692","chr1","222517354","222517641","35","143457937"
"chr25","80035769","80036033","chr14","73229251","73229518","34","6806518"
"chr25","80110359","80110661","chr1","129528337","129528634","35","49417978"
"chr25","80171191","80171496","chr8","61918149","61918444","46","18253042"
"chr25","80182506","80182800","chr3","158922047","158922338","41","78739541"
"chr25","80594173","80594467","chr17","13723870","13724174","40","66870303"
"chr25","80882984","80883256","chr3","117945065","117945337","34","37062081"
"chr25","81338503","81338712","chr1","29310901","29311110","24","52027602"
"chr25","81493038","81493340","chr3","190978307","190978607","37","109485269"
"chr25","81509721","81510022","chr15","87833224","87833529","28","6323503"
"chr25","81526324","81526604","chr1","225486472","225486758","33","143960148"
"chr25","82953472","82953759","chr1","226894577","226894866","27","143941105"
"chr25","83551738","83552063","chr4","177476561","177476881","57","93924823"
"chr25","84058909","84059055","chr6","31969102","31969250","22","52089807"
"chr25","84199903","84200191","chr19","5778433","5778728","39","78421470"
"chr25","84383947","84384240","chr1","228456698","228456989","45","144072751"
"chr25","84565628","84565938","chr1","204259241","204259546","45","119693613"
"chr25","84628210","84628384","chr18","59314497","59314674","27","25313713"
"chr25","84656963","84657258","chr22","44681192","44681501","42","39975771"
"chr25","84916928","84917245","chr3","184839339","184839643","47","99922411"
"chr26","1627101","1627399","chr15","82436501","82436802","34","80809400"
"chr26","2015760","2016077","chr2B","245525116","245525437","42","243509356"
"chr26","2994048","2994366","chr3","190978307","190978607","51","187984259"
"chr26","3374044","3374353","chr2A","70725628","70725935","36","67351584"
"chr26","3490311","3490608","chr5","54230890","54231182","36","50740579"
"chr26","4784878","4785153","chr15","76449237","76449507","37","71664359"
"chr26","5124415","5124491","chr11","18071282","18071348","33","12946867"
"chr26","5413421","5413701","chr10","32896555","32896833","36","27483134"
"chr26","5454593","5454872","chr9","94809313","94809592","41","89354720"
"chr26","5784779","5785057","chr13","62490986","62491262","25","56706207"
"chr26","6397781","6398069","chr5","94341395","94341684","32","87943614"
"chr26","6846241","6846543","chrX","15819246","15819549","30","8973005"
"chr26","8120843","8121147","chr3","47982635","47982933","42","39861792"
"chr26","8365241","8365371","chr15","73655906","73656036","15","65290665"
"chr26","8387974","8388160","chr14","33827124","33827303","39","25439150"
"chr26","10259826","10260126","chr19","40164309","40164610","34","29904483"
"chr26","11062346","11062386","chr1","31474562","31474593","23","20412216"
"chr26","11356772","11357037","chr7","33926261","33926520","28","22569489"
"chr26","11943021","11943328","chr2A","105966702","105967010","32","94023681"
"chr26","12485350","12485656","chr15","68690683","68690991","33","56205333"
"chr26","14029376","14029731","chr15","22242670","22243000","79","8213294"
"chr26","14613471","14613758","chr18","23119904","23120193","28","8506433"
"chr26","14771260","14771558","chr15","66427854","66428152","33","51656594"
"chr26","14822743","14822952","chr5","43633606","43633820","30","28810863"
"chr26","15241480","15241756","chr15","65464966","65465254","37","50223486"
"chr26","15917916","15918195","chr15","64799810","64800110","41","48881894"
"chr26","16280173","16280473","chr2A","110109021","110109315","34","93828848"
"chr26","16686289","16686598","chr22","36027999","36028305","38","19341710"
"chr26","17090597","17090891","chr3","177841279","177841587","48","160750682"
"chr26","17544143","17544435","chr15","63244842","63245138","22","45700699"
"chr26","17913695","17913991","chr2A","33718840","33719135","36","15805145"
"chr26","18060730","18061021","chrX","85204424","85204712","33","67143694"
"chr26","18076251","18076541","chr11","134073846","134074135","40","115997595"
"chr26","18119451","18119734","chr15","62685957","62686239","20","44566506"
"chr26","18276951","18277248","chr15","62536315","62536612","18","44259364"
"chr26","18434033","18434328","chr1","8400905","8401198","44","10033128"
"chr26","18463131","18463426","chr15","62347474","62347769","31","43884343"
"chr26","18627604","18627910","chr1","204259241","204259546","32","185631637"
"chr26","18679897","18680186","chr15","62126444","62126734","33","43446547"
"chr26","18681218","18681489","chr14","73229251","73229518","40","54548033"
"chr26","18725951","18726080","chr3","27849182","27849311","12","9123231"
"chr26","18767035","18767304","chr7","33926261","33926520","34","15159226"
"chr26","18801318","18801610","chrX","99358492","99358789","38","80557174"
"chr26","19007191","19007494","chr3","201400250","201400558","39","182393059"
"chr26","19145079","19145362","chr15","61614110","61614407","32","42469031"
"chr26","19175137","19175425","chr15","61583294","61583579","30","42408157"
"chr26","19180421","19180716","chr5","123990584","123990883","31","104810163"
"chr26","19236834","19237143","chr2B","229925098","229925407","31","210688264"
"chr26","19283366","19283676","chr1","203226770","203227078","37","183943404"
"chr26","19298332","19298634","chr21","25802573","25802873","37","6504241"
"chr26","19353635","19353776","chr12","122703610","122703750","18","103349975"
"chr26","19361239","19361384","chr1","98416825","98416953","33","79055586"
"chr26","19725980","19726041","chr3","127527482","127527533","21","107801502"
"chr26","19894398","19894675","chr13","62490986","62491262","27","42596588"
"chr26","19961492","19961778","chr17","27991568","27991852","31","8030076"
"chr26","20363809","20364085","chr15","60422848","60423132","35","40059039"
"chr26","20700450","20700616","chr10","136033","136194","15","20564417"
"chr26","21164184","21164469","chr15","59612116","59612403","31","38447932"
"chr26","22659755","22660077","chrX","76724331","76724666","47","54064576"
"chr26","23093707","23094003","chr17","81453400","81453691","29","58359693"
"chr26","23193442","23193737","chr14","68348094","68348391","37","45154652"
"chr26","23992507","23992801","chr17","47360724","47361019","31","23368217"
"chr26","24613166","24613465","chr4","154027941","154028238","38","129414775"
"chr26","25411054","25411360","chrX","15819246","15819549","33","9591808"
"chr26","26565306","26565574","chr1","129238717","129238983","32","102673411"
"chr26","27293587","27293863","chr15","53483400","53483670","28","26189813"
"chr26","27724580","27724886","chr1","178612656","178612947","48","150888076"
"chr26","27909960","27910252","chr6","118423541","118423833","31","90513581"
"chr26","28013281","28013452","chr6","162525883","162526054","17","134512602"
"chr26","28763308","28763602","chr22","32849584","32849879","30","4086276"
"chr26","29013946","29014077","chr15","51679341","51679470","20","22665395"
"chr26","29831395","29831627","chr7","45425439","45425657","61","15594044"
"chr26","31212825","31213112","chr15","49444696","49444979","45","18231871"
"chr26","32050754","32051039","chr19","45478677","45478960","29","13427923"
"chr26","32551204","32551491","chr15","48076873","48077167","24","15525669"
"chr26","32964022","32964327","chr1","181665682","181665986","33","148701660"
"chr26","33086994","33087262","chr5","168877801","168878082","39","135790807"
"chr26","33416211","33416510","chr1","27151921","27152213","41","6264290"
"chr26","34965257","34965558","chr3","190978307","190978607","46","156013050"
"chr26","34986708","34987016","chr15","60807886","60808187","38","25821178"
"chr26","35386381","35386681","chr15","45177058","45177354","27","9790677"
"chr26","37574816","37575106","chr1","178612656","178612947","33","141037840"
"chr26","38223579","38223860","chr6","158256141","158256429","48","120032562"
"chr26","38241160","38241463","chr5","148892368","148892667","39","110651208"
"chr26","38671235","38671524","chr3","76861197","76861479","42","38189962"
"chr26","38912084","38912211","chr15","41190118","41190244","19","2278034"
"chr26","39265706","39266072","chr10","56239949","56240274","104","16974243"
"chr26","39321601","39321889","chr15","40762759","40763053","31","1441158"
"chr26","39374111","39374407","chr15","40762759","40763053","29","1388648"
"chr26","40485292","40485595","chr6","4014288","4014593","39","36471004"
"chr26","40680242","40680546","chr3","9143569","9143872","27","31536673"
"chr26","41212983","41213274","chr8","45317030","45317330","29","4104047"
"chr26","41551524","41551818","chr19","5778433","5778728","31","35773091"
"chr26","41591217","41591497","chr5","168877801","168878082","40","127286584"
"chr26","41631402","41631641","chr1","198109124","198109365","34","156477722"
"chr26","41674534","41674836","chr15","38502457","38502757","24","3172077"
"chr26","41694879","41695181","chr15","38502457","38502757","25","3192422"
"chr26","41821116","41821319","chr5","48753909","48754099","45","6932793"
"chr26","41844864","41845163","chr3","190978307","190978607","35","149133443"
"chr26","41906765","41907082","chr15","38279242","38279561","32","3627523"
"chr26","42223202","42223273","chr11","18071282","18071348","30","24151920"
"chr26","42520838","42521141","chr17","13723870","13724174","29","28796968"
"chr26","43328462","43328725","chr1","10191710","10191974","36","33136752"
"chr26","43373400","43373698","chr8","63104122","63104425","36","19730722"
"chr26","43375933","43376226","chr15","36828199","36828493","31","6547734"
"chr26","44049814","44050077","chr4","13312773","13313043","61","30737041"
"chr26","44140876","44141180","chrX","12638543","12638851","42","31502333"
"chr26","44748102","44748400","chr1","129528337","129528634","41","84780235"
"chr26","44805387","44805685","chr15","35356688","35356987","37","9448699"
"chr26","44876980","44877276","chr3","138854393","138854689","31","93977413"
"chr26","45776930","45777117","chr5","179708298","179708479","39","133931368"
"chr26","46308741","46309035","chr15","33816316","33816615","32","12492425"
"chr26","46549420","46549631","chr17","82532759","82532939","59","35983339"
"chr26","47256683","47256989","chr9","70186079","70186380","41","22929396"
"chr26","47445046","47445345","chr15","32647386","32647681","32","14797660"
"chr26","48533042","48533252","chr6","133929307","133929515","33","85396265"
"chr26","49027588","49027875","chr18","23119904","23120193","30","25907684"
"chr26","49057131","49057429","chrX","99358492","99358789","31","50301361"
"chr26","49341528","49341802","chr22","39920256","39920532","29","9421272"
"chr26","49609901","49610204","chr5","350675","350976","34","49259226"
"chr26","49732192","49732482","chr3","165075764","165076053","34","115343572"
"chr26","51091273","51091570","chrX","25192436","25192739","31","25898837"
"chr26","51953445","51953729","chr17","42548149","42548446","40","9405296"
"chr26","52954612","52954918","chr1","102302386","102302692","38","49347774"
"chr26","53062611","53062908","chr4","84919365","84919658","33","31856754"
"chr26","53508068","53508106","chr17","11062823","11062873","16","42445245"
"chr26","53528041","53528321","chr10","42793784","42794060","38","10734257"
"chr26","53556660","53556968","chr21","38190683","38190991","38","15365977"
"chr26","53785745","53786040","chr13","38802129","38802422","44","14983616"
"chr26","53868803","53869120","chr1","59564829","59565143","49","5696026"
"chr26","53886680","53886976","chr3","47982635","47982933","35","5904045"
"chr26","53911949","53912112","chr4","52232148","52232313","22","1679801"
"chr26","55337749","55338053","chr3","201400250","201400558","34","146062501"
"chr26","55359979","55360261","chr8","78884750","78885024","60","23524771"
"chr26","55591635","55591933","chrX","114691755","114692055","37","59100120"
"chr26","55743447","55743754","chr17","13723870","13724174","36","42019577"
"chr26","55811773","55812079","chr6","28770341","28770652","31","27041432"
"chr26","55819177","55819464","chr11","128800963","128801253","33","72981786"
"chr26","57131290","57131586","chr1","178612656","178612947","35","121481366"
"chr26","57243821","57244117","chr11","110419706","110420001","29","53175885"
"chr27","1330378","1330662","chr5","168877801","168878082","40","167547423"
"chr27","1349969","1350247","chr5","168877801","168878082","43","167527832"
"chr27","1530195","1530487","chr4","169342583","169342876","39","167812388"
"chr27","1959899","1960058","chr4","84591004","84591166","19","82631105"
"chr27","2006833","2007131","chr4","84642688","84642987","32","82635855"
"chr27","2102305","2102316","chr19","10595612","10595624","8","8493307"
"chr27","2102343","2102411","chr11","18071282","18071348","24","15968939"
"chr27","2283552","2283851","chr15","60888293","60888593","27","58604741"
"chr27","2359362","2359660","chr4","84993109","84993408","29","82633747"
"chr27","2736561","2736871","chr3","166781384","166781693","43","164044823"
"chr27","3008399","3008625","chr5","165400262","165400489","34","162391863"
"chr27","4214214","4214339","chr5","143013879","143014005","18","138799665"
"chr27","5487188","5487487","chr15","60888293","60888593","41","55401105"
"chr27","5884832","5885146","chr4","44586911","44587209","55","38702079"
"chr27","5996363","5996659","chr1","20829654","20829955","44","14833291"
"chr27","6319449","6319752","chr1","129528337","129528634","37","123208888"
"chr27","7327934","7328242","chr7","76502342","76502646","43","69174408"
"chr27","7377809","7378148","chr3","167654667","167655006","73","160276858"
"chr27","7595370","7595661","chr4","42902925","42903215","35","35307555"
"chr27","7616149","7616236","chr11","18071282","18071348","37","10455133"
"chr27","8067197","8067352","chr1","40266263","40266419","20","32199066"
"chr27","8101476","8101762","chr3","78185408","78185697","39","70083932"
"chr27","9277888","9278182","chr4","41241129","41241423","27","31963241"
"chr27","9481465","9481763","chr6","7265948","7266249","38","2215517"
"chr27","10226861","10227152","chr17","53764873","53765164","30","43538012"
"chr27","10302036","10302325","chr1","178612656","178612947","31","168310620"
"chr27","10379787","10380085","chr22","32849584","32849879","28","22469797"
"chr27","10516006","10516295","chr6","153683020","153683310","34","143167014"
"chr27","10606916","10607231","chr6","152163250","152163554","37","141556334"
"chr27","10612852","10613146","chr1","54821381","54821678","35","44208529"
"chr27","10639617","10639854","chr11","8049263","8049498","45","2590354"
"chr27","11251366","11251672","chr4","39224517","39224826","36","27973151"
"chr27","11374157","11374442","chr3","65187261","65187549","34","53813104"
"chr27","12311374","12311676","chr3","47982635","47982933","40","35671261"
"chr27","13495576","13495880","chr3","47982635","47982933","39","34487059"
"chr27","13730436","13730724","chr4","84919365","84919658","33","71188929"
"chr27","14320525","14320816","chr5","54230890","54231182","36","39910365"
"chr27","18937783","18938075","chr8","63104122","63104425","38","44166339"
"chr27","19213215","19213508","chr4","169342583","169342876","35","150129368"
"chr27","19320263","19320540","chr8","118482696","118482973","33","99162433"
"chr27","19586864","19587157","chr3","185314437","185314731","44","165727573"
"chr27","20237807","20238047","chr11","8049263","8049498","55","12188544"
"chr27","21232746","21233050","chr3","138854393","138854689","38","117621647"
"chr27","21943308","21943474","chr11","84587362","84587533","48","62644054"
"chr27","22181705","22181765","chr15","83726252","83726303","23","61544547"
"chr27","22316874","22317157","chr6","158256141","158256429","39","135939267"
"chr27","22906551","22906850","chr8","101421423","101421722","37","78514872"
"chr27","24040491","24040621","chr16","23531019","23531142","43","509472"
"chr27","24465430","24465733","chr4","25554866","25555163","25","1089436"
"chr27","24652046","24652094","chr1","31474562","31474593","26","6822516"
"chr27","25903406","25903678","chr4","20732142","20732416","43","5171264"
"chr27","26348208","26348465","chr1","39530925","39531181","26","13182717"
"chr27","27594587","27594627","chr9","131115865","131115900","19","103521278"
"chr27","27594654","27594877","chr4","22438195","22438444","45","5156459"
"chr27","27990607","27990896","chr20","28258628","28258920","33","268021"
"chr27","28511820","28512112","chr9","19415757","19416045","32","9096063"
"chr27","28541461","28541771","chr6","121988410","121988717","41","93446949"
"chr27","28766113","28766411","chr6","35386974","35387269","40","6620861"
"chr27","29240102","29240390","chr19","9994363","9994652","45","19245739"
"chr27","29241615","29241777","chr22","44356732","44356892","21","15115117"
"chr27","29353137","29353431","chr2A","37157969","37158266","37","7804832"
"chr27","29442483","29442751","chr10","54659516","54659802","48","25217033"
"chr27","29569476","29569790","chr1","204259241","204259546","38","174689765"
"chr27","30749235","30749523","chr11","6679651","6679941","34","24069584"
"chr27","30870254","30870545","chr4","19054418","19054713","35","11815836"
"chr27","30934315","30934621","chr2A","70725628","70725935","42","39791313"
"chr27","31202988","31203278","chr1","134957856","134958144","34","103754868"
"chr27","32479384","32479672","chr3","61825885","61826173","30","29346501"
"chr27","32504393","32504694","chr5","148892368","148892667","35","116387975"
"chr27","32602601","32602883","chr4","17336048","17336335","27","15266553"
"chr27","32614801","32615069","chr8","101074582","101074861","37","68459781"
"chr27","32624980","32625264","chr3","140940963","140941248","35","108315983"
"chr27","32816005","32816174","chr1","64493115","64493287","25","31677110"
"chr27","33012588","33012883","chr1","178612656","178612947","43","145600068"
"chr27","33434436","33434740","chr4","16497264","16497562","35","16937172"
"chr27","34969163","34969496","chr10","4176112","4176418","66","30793051"
"chr27","35180689","35180725","chr1","31474562","31474593","19","3706127"
"chr27","36122824","36123124","chr4","163148391","163148687","44","127025567"
"chr27","36593622","36593901","chr4","13312773","13313043","25","23280849"
"chr27","37971850","37972148","chr3","185314437","185314731","47","147342587"
"chr27","39401050","39401342","chr4","10397902","10398202","30","29003148"
"chr27","39552777","39553080","chr8","63104122","63104425","32","23551345"
"chr27","39581012","39581190","chr5","179708298","179708479","58","140127286"
"chr27","40375812","40375918","chr10","21806417","21806545","33","18569395"
"chr27","40376082","40376314","chr2B","167718485","167718719","28","127342403"
"chr27","40541627","40541928","chr5","148892368","148892667","29","108350741"
"chr27","41109408","41109681","chr2A","100023557","100023834","37","58914149"
"chr27","41116156","41116430","chr2A","100023557","100023834","37","58907401"
"chr27","42821463","42821719","chr1","146779193","146779461","44","103957730"
"chr27","43031326","43031629","chr2A","70725628","70725935","36","27694302"
"chr27","43836264","43836551","chr19","9716915","9717202","39","34119349"
"chr27","43910416","43910693","chr4","8023017","8023296","27","35887399"
"chr27","44103418","44103726","chr2B","229925098","229925407","38","185821680"
"chr27","44490572","44490883","chr4","8631071","8631370","36","35859501"
"chr27","45771633","45771929","chr4","3001176","3001475","26","42770457"
"chr27","46022761","46023058","chr6","38691287","38691588","37","7331474"
"chr27","46058823","46059112","chr5","79226160","79226455","38","33167337"
"chr27","46201231","46201528","chr4","41241129","41241423","33","4960102"
"chr27","46230374","46230561","chr2B","189286822","189287010","22","143056448"
"chr27","46564157","46564433","chr22","39920256","39920532","33","6643901"
"chr27","46752783","46753098","chr2B","229925098","229925407","45","183172315"
"chr27","46765780","46766092","chr2A","12229108","12229406","93","34536672"
"chr27","46849147","46849438","chr1","134957856","134958144","32","88108709"
"chr27","46883369","46883667","chr19","5778433","5778728","30","41104936"
"chr27","46910221","46910523","chr4","1905890","1906178","34","45004331"
"chr27","47297538","47297845","chr17","47569415","47569723","28","271877"
"chr27","47847150","47847444","chr1","14176343","14176638","39","33670807"
"chr27","48450037","48450346","chr7","126105184","126105492","32","77655147"
"chr28","1350239","1350544","chr5","35286063","35286357","39","33935824"
"chr28","1379443","1379747","chr8","63104122","63104425","37","61724679"
"chr28","1839619","1839741","chr3","191367158","191367278","18","189527539"
"chr28","1962981","1963001","chrX","29724690","29724707","15","27761709"
"chr28","1963027","1963148","chr4","156928650","156928771","13","154965623"
"chr28","2359713","2359998","chr17","5806940","5807230","38","3447227"
"chr28","2452246","2452420","chr2A","48015291","48015495","44","45563045"
"chr28","3393634","3393938","chr19","57286695","57287000","30","53893061"
"chr28","3489652","3489942","chr9","19415757","19416045","24","15926105"
"chr28","3562624","3562923","chr7","79674337","79674634","33","76111713"
"chr28","3825550","3825846","chr7","79416469","79416771","31","75590919"
"chr28","3856678","3856971","chr3","47982635","47982933","35","44125957"
"chr28","4078311","4078578","chr15","83067261","83067529","45","78988950"
"chr28","4240200","4240485","chr4","89307807","89308099","34","85067607"
"chr28","4256329","4256632","chr3","201400250","201400558","37","197143921"
"chr28","4337569","4337871","chr3","191717604","191717900","40","187380035"
"chr28","5226399","5226705","chr3","202786201","202786506","42","197559802"
"chr28","5246173","5246487","chrX","15819246","15819549","40","10573073"
"chr28","6239717","6240015","chr6","76870777","76871073","46","70631060"
"chr28","6664360","6664653","chr7","76622688","76622977","27","69958328"
"chr28","6719907","6720209","chr7","76502342","76502646","35","69782435"
"chr28","6751471","6751779","chrX","86781968","86782274","41","80030497"
"chr28","6792142","6792438","chr7","76502342","76502646","30","69710200"
"chr28","7045943","7046241","chr15","87833224","87833529","38","80787281"
"chr28","7080150","7080434","chr12","30616018","30616307","47","23535868"
"chr28","7194557","7194842","chr1","217141048","217141329","32","209946491"
"chr28","7202618","7202897","chr3","15219656","15219944","38","8017038"
"chr28","7261879","7262177","chr17","41627992","41628290","31","34366113"
"chr28","7392388","7392646","chr7","75908334","75908590","28","68515946"
"chr28","7418688","7418751","chr6","15291504","15291571","25","7872816"
"chr28","7611567","7611847","chr19","45478677","45478960","45","37867110"
"chr28","7705569","7705701","chr18","17891015","17891145","12","10185446"
"chr28","8077244","8077374","chr13","23302647","23302776","12","15225403"
"chr28","8191464","8191744","chr7","105692232","105692526","49","97500768"
"chr28","8218974","8219275","chr2A","27348669","27348962","35","19129695"
"chr28","8322584","8322917","chr7","81943184","81943492","50","73620600"
"chr28","8452876","8453166","chr18","23119904","23120193","32","14667028"
"chr28","8693251","8693574","chr7","81549863","81550171","47","72856612"
"chr28","8713277","8713578","chr7","81528317","81528619","26","72815040"
"chr28","8991032","8991333","chrX","15819246","15819549","31","6828214"
"chr28","9142018","9142305","chr12","70857006","70857293","35","61714988"
"chr28","9165747","9166019","chr13","20173388","20173662","34","11007641"
"chr28","9507211","9507516","chrX","100797082","100797382","39","91289871"
"chr28","9583447","9583750","chr6","35386974","35387269","39","25803527"
"chr28","9653605","9653667","chr6","15291504","15291571","25","5637899"
"chr28","9845639","9845693","chr15","83726252","83726303","20","73880613"
"chr28","11734112","11734414","chr1","20829654","20829955","39","9095542"
"chr28","11766664","11766751","chr14","20411290","20411358","38","8644626"
"chr28","12301754","12302050","chr3","47982635","47982933","29","35680881"
"chr28","12511582","12511879","chr7","106138541","106138845","28","93626959"
"chr28","12678295","12678575","chr2B","229510282","229510566","32","216831987"
"chr28","12695403","12695681","chr12","6123152","6123430","35","6572251"
"chr28","12748667","12748870","chr3","191822405","191822607","29","179073738"
"chr28","12748871","12748924","chr22","22266059","22266104","23","9517188"
"chr28","12864181","12864529","chr4","177476561","177476881","75","164612380"
"chr28","13015028","13015314","chr7","105532223","105532516","33","92517195"
"chr28","13033904","13034192","chr3","15219656","15219944","35","2185752"
"chr28","13341619","13341919","chr8","63104122","63104425","41","49762503"
"chr28","13521099","13521394","chr5","54230890","54231182","36","40709791"
"chr28","13658402","13658674","chr3","32378170","32378457","43","18719768"
"chr28","13718220","13718335","chr7","104920439","104920553","16","91202219"
"chr28","13721611","13721802","chr4","52232148","52232313","58","38510537"
"chr28","13722104","13722200","chr4","93443131","93443229","26","79721027"
"chr28","14160272","14160580","chr1","102302386","102302692","35","88142114"
"chr28","14320807","14321113","chr19","40164309","40164610","35","25843502"
"chr28","14498899","14499201","chr17","13723870","13724174","33","775029"
"chr28","14703631","14703925","chr6","153683020","153683310","37","138979389"
"chr28","14740655","14740947","chr19","2752951","2753241","28","11987704"
"chr28","14773630","14773929","chr7","103864253","103864550","29","89090623"
"chr28","15257641","15257943","chr7","6244362","6244662","21","9013279"
"chr28","15491305","15491627","chrX","114691755","114692055","63","99200450"
"chr28","15509373","15509451","chrUn_NW_014014512v1","4","79","28","15509369"
"chr28","15643234","15643531","chr7","6630455","6630753","27","9012779"
"chr28","15790538","15790828","chr18","71025358","71025653","36","55234820"
"chr28","15992740","15993027","chr7","6014324","6014618","38","9978416"
"chr28","16081651","16081845","chr3","133067438","133067635","25","116985787"
"chr28","16081847","16081976","chr4","76458542","76458695","36","60376695"
"chr28","16082079","16082265","chr3","133067438","133067635","32","116985359"
"chr28","16583110","16583231","chr1","46193184","46193298","22","29610074"
"chr28","16583490","16583504","chr19","10595612","10595624","12","5987878"
"chr28","16672528","16672558","chr1","31474562","31474593","3","14802034"
"chr28","16900698","16900933","chr8","1720266","1720472","48","15180432"
"chr28","17115071","17115411","chr7","4819663","4819970","57","12295408"
"chr28","17339627","17339750","chr17","66312234","66312325","39","48972607"
"chr28","18250710","18251014","chr1","102302386","102302692","40","84051676"
"chr28","18478263","18478561","chr1","181665682","181665986","47","163187419"
"chr28","19254539","19254661","chr12","126663140","126663266","12","107408601"
"chr28","19254665","19254974","chr2A","70725628","70725935","33","51470963"
"chr28","19691974","19692261","chr6","84356712","84356991","45","64664738"
"chr28","20267931","20268189","chr1","28529654","28529920","48","8261723"
"chr29","1556454","1556750","chr2A","70725628","70725935","44","69169174"
"chr29","1904254","1904558","chr3","47982635","47982933","36","46078381"
"chr29","2051202","2051500","chr1","129528337","129528634","36","127477135"
"chr29","2138385","2138688","chr15","81375712","81376017","45","79237327"
"chr29","2267469","2267722","chr3","190797088","190797323","59","188529619"
"chr29","2486138","2486438","chr1","21970740","21971034","34","19484602"
"chr29","3028434","3028740","chr17","13723870","13724174","32","10695436"
"chr29","3275183","3275431","chr10","114197897","114198152","38","110922714"
"chr29","3423497","3423812","chr10","69396106","69396414","45","65972609"
"chr29","3624429","3624731","chrX","140780014","140780316","36","137155585"
"chr29","3687366","3687660","chr3","191717604","191717900","34","188030238"
"chr29","3721379","3721675","chr9","70731589","70731885","41","67010210"
"chr29","3741716","3741766","chr15","83726252","83726303","15","79984536"
"chr29","3906554","3906853","chr15","83189950","83190248","27","79283396"
"chr29","4251593","4251888","chr15","83535772","83536064","40","79284179"
"chr29","4425340","4425499","chr4","104744077","104744237","20","100318737"
"chr29","4636243","4636568","chr3","103628900","103629226","57","98992657"
"chr29","4799748","4800051","chr5","350675","350976","34","4449073"
"chr29","5997508","5997789","chr19","42319321","42319601","37","36321813"
"chr29","7460364","7460680","chr6","30576008","30576314","54","23115644"
"chr29","7463783","7464101","chr6","30576008","30576314","54","23112225"
"chr29","7481579","7481797","chr15","86834178","86834407","29","79352599"
"chr29","8428769","8429064","chr15","87777392","87777698","39","79348623"
"chr29","8725509","8725816","chr17","13723870","13724174","45","4998361"
"chr29","9122472","9122749","chr22","39920256","39920532","39","30797784"
"chr29","9265647","9265945","chr15","88491086","88491379","30","79225439"
"chr29","9423188","9423451","chr14","73229251","73229518","29","63806063"
"chr29","9546447","9546719","chr10","114560869","114561144","28","105014422"
"chr29","10992594","10992944","chr10","108389031","108389371","68","97396437"
"chr29","11339913","11340194","chr3","60436738","60437011","51","49096825"
"chr29","11350635","11350922","chr15","90670464","90670748","37","79319829"
"chr29","11390645","11390953","chrX","12638543","12638851","31","1247898"
"chr29","11999548","11999713","chr15","91338865","91339021","23","79339317"
"chr29","12000012","12000151","chr12","122703610","122703750","20","110703598"
"chr29","12000166","12000462","chr1","221525037","221525327","51","209524871"
"chr29","12074361","12074642","chr17","27991568","27991852","37","15917207"
"chr29","12409271","12409557","chr15","91730181","91730461","38","79320910"
"chr29","12871347","12871625","chr15","71090921","71091205","42","58219574"
"chr29","13006163","13006429","chr15","92316741","92317014","36","79310578"
"chr29","13012948","13012982","chr1","31474562","31474593","19","18461614"
"chr29","13200040","13200107","chr6","15291504","15291571","28","2091464"
"chr29","13248688","13248749","chr3","127527482","127527533","27","114278794"
"chr29","13641621","13641853","chrX","10383906","10384140","52","3257715"
"chr29","14669977","14670275","chr9","70186079","70186380","38","55516102"
"chr29","15821107","15821279","chr15","95105180","95105340","23","79284073"
"chr29","16780066","16780318","chr3","188434140","188434394","43","171654074"
"chr29","17173054","17173336","chr16","74413005","74413288","37","57239951"
"chr29","17335516","17335827","chr3","201400250","201400558","37","184064734"
"chr29","17404058","17404365","chr3","201400250","201400558","39","183996192"
"chr29","17620712","17621001","chr15","96905924","96906220","27","79285212"
"chr29","17626770","17627071","chr16","87751224","87751523","37","70124454"
"chr29","18962060","18962311","chr10","128022523","128022774","36","109060463"
"chr29","19476522","19476802","chr5","168877801","168878082","34","149401279"
"chr29","19478100","19478408","chr1","204259241","204259546","57","184781141"
"chr29","20023743","20024026","chr5","59012005","59012284","31","38988262"
"chr29","20228587","20228893","chr3","201400250","201400558","41","181171663"
"chr29","20522804","20523084","chr2B","196039382","196039666","36","175516578"
"chr29","20925690","20925997","chrX","40401590","40401897","37","19475900"
"chr29","21389600","21389877","chr5","168877801","168878082","39","147488201"
"chr29","21742464","21742755","chr13","56225328","56225621","43","34482864"
"chr29","21744745","21745039","chr6","16818917","16819210","34","4925828"
"chr29","21808172","21808470","chr14","20235218","20235511","34","1572954"
"chr29","23166817","23167008","chr5","96772250","96772446","23","73605433"
"chr29","23184831","23185133","chr14","21741743","21742038","37","1443088"
"chr29","23491235","23491552","chr15","86843072","86843381","48","63351837"
"chr29","23713412","23713692","chr5","53320013","53320304","50","29606601"
"chrUn_KE147546v1","74022","74318","chr6","118423541","118423833","40","118349519"
"chrUn_KE147546v1","247799","248030","chr2B","167718485","167718719","38","167470686"
"chrUn_KE147546v1","317890","318025","chr16","51134674","51134808","21","50816784"
"chrUn_KE147547v1","22002","22252","chr1","21704490","21704748","47","21682488"
"chrUn_KE147547v1","282633","282934","chr3","160397043","160397339","38","160114410"
"chrUn_KE147547v1","353358","353614","chr12","129564855","129565107","43","129211497"
"chrUn_KE147547v1","384677","384979","chr17","13723870","13724174","48","13339193"
"chrUn_KE147548v1","117936","118247","chr17","46383374","46383676","53","46265438"
"chrUn_KE147555v1","113641","113757","chr15","38080671","38080787","13","37967030"
"chrUn_KE147569v1","27892","28196","chr7","125814498","125814806","55","125786606"
"chrUn_KE147573v1","76977","77131","chr9","20284789","20284936","44","20207812"
"chrUn_KE147577v1","31460","31776","chr22","44681192","44681501","50","44649732"
"chrUn_KE147579v1","36134","36287","chr4","160997445","160997590","55","160961311"
"chrUn_KE147590v1","7774","8079","chr3","177841279","177841587","44","177833505"
"chrUn_KE147590v1","36703","37008","chrX","96822397","96822703","42","96785694"
"chrUn_KE147590v1","44988","45293","chrX","96822397","96822703","42","96777409"
"chrUn_KE147605v1","35467","35664","chr5","48753909","48754099","40","48718442"
"chrUn_KE147605v1","35949","36082","chr6","151989788","151989918","19","151953839"
"chrUn_KE147609v1","2266","2520","chr7","33926261","33926520","38","33923995"
"chrUn_KE147611v1","4841","5148","chr3","47982635","47982933","40","47977794"
"chrUn_KE147611v1","7303","7591","chr4","169160237","169160517","47","169152934"
"chrUn_KE147611v1","33820","34127","chr3","47982635","47982933","40","47948815"
"chrUn_KE147611v1","36282","36570","chr4","169160237","169160517","47","169123955"
"chrUn_KE147612v1","9596","9726","chr20","49306880","49307010","14","49297284"
"chrUn_KE147615v1","24993","25275","chr7","57316361","57316652","37","57291368"
"chrUn_KE147632v1","1630","1911","chr5","168877801","168878082","40","168876171"
"chrUn_KE147633v1","30668","30732","chr6","15291504","15291571","27","15260836"
"chrUn_KE147645v1","4248","4537","chr19","2752951","2753241","49","2748703"
"chrUn_KE147647v1","7612","7915","chr17","13723870","13724174","47","13716258"
"chrUn_KE147661v1","20190","20476","chr1","134957856","134958144","32","134937666"
"chrUn_KE147675v1","15649","15934","chr12","126530635","126530912","69","126514986"
"chrUn_KE147694v1","4780","5104","chr13","58058348","58058663","47","58053568"
"chrUn_KE147731v1","6067","6151","chr7","104557827","104557911","14","104551760"
"chrUn_KE147935v1","293237","293539","chr1","129528337","129528634","39","129235100"
"chrUn_KE147935v1","328195","328494","chr5","54230890","54231182","42","53902695"
"chrUn_AQIB01158128v1","15505","15783","chr2A","15395592","15395878","46","15380087"
"chrUn_AQIB01158532v1","1","107","chr6","166498968","166499077","15","166498967"
"chrUn_AQIB01158869v1","232","519","chr5","92731746","92732035","38","92731514"
"chrUn_AQIB01159010v1","12737","13038","chr5","54230890","54231182","51","54218153"
"chrUn_AQIB01159133v1","3305","3598","chr13","18704143","18704436","35","18700838"
"chr2_KE147943v1_random","769","931","chr4","52232148","52232313","26","52231379"
"chr2_KE147943v1_random","1233","1428","chr7","143755019","143755236","62","143753786"
"chr9_KE147979v1_random","1272092","1272363","chr12","69438598","69438867","35","68166506"
"chr9_KE147979v1_random","1367306","1367572","chr9","107188272","107188556","49","105820966"
"chr9_KE148007v1_random","4177","4326","chr17","24567313","24567457","23","24563136"
"chr9_KE148015v1_random","6579","6810","chr9","81419160","81419384","37","81412581"
"chrX_KE148108v1_random","367812","367999","chr9","84575980","84576150","37","84208168"
"chrX_KE148108v1_random","368026","368144","chr17","9815418","9815537","18","9447392"
"chrX_KE148108v1_random","401629","401931","chr5","54230890","54231182","35","53829261"
"chrX_KE148108v1_random","1031302","1031352","chr15","83726252","83726303","18","82694950"
"chrX_KE148108v1_random","1103956","1104086","chr14","59319035","59319164","12","58215079"
"chrX_KE148108v1_random","2170112","2170403","chr5","79226160","79226455","33","77056048"
"chrX_KE148108v1_random","2523972","2524266","chr5","41128447","41128740","36","38604475"
"chrX_KE148108v1_random","3246954","3247258","chrX","121304942","121305249","31","118057988"
"chrX_KE148108v1_random","3617029","3617321","chr18","23119904","23120193","35","19502875"
"chrX_KE148108v1_random","3977589","3977826","chrX","122116497","122116733","27","118138908"
"chrX_KE148108v1_random","4070862","4071183","chr1","28547325","28547639","52","24476463"
"chrX_KE148108v1_random","4668526","4668825","chr21","37784588","37784886","27","33116062"
"chrX_KE148108v1_random","4789397","4789457","chr10","12294695","12294775","27","7505298"
"chrX_KE148108v1_random","5097598","5097719","chr3","74623441","74623570","17","69525843"
"chrX_KE148108v1_random","5109825","5110129","chr3","9143569","9143872","38","4033744"
"chrX_KE148108v1_random","5131620","5131900","chr17","66057754","66058033","33","60926134"
"chrX_KE148108v1_random","5584960","5585255","chr14","92072400","92072692","45","86487440"
"chrX_KE148108v1_random","6143112","6143399","chr8","78884750","78885024","44","72741638"
"chrX_KE148108v1_random","6536544","6536895","chrX","76724331","76724666","63","70187787"
"chrX_KE148108v1_random","7476079","7476356","chr7","81229861","81230137","36","73753782"
"chrX_KE148108v1_random","8375696","8375975","chrX","126608767","126609046","26","118233071"
"chrX_KE148108v1_random","8376014","8376027","chr5","43633117","43633128","3","35257103"
"chrX_KE148109v1_random","27754","28084","chr4","177476561","177476881","54","177448807"
"chrX_KE148109v1_random","1152184","1152480","chr2A","33718840","33719135","37","32566656"
"chrX_KE148109v1_random","1804539","1804832","chrX","117082366","117082659","23","115277827"
"chrX_KE148109v1_random","2196256","2196563","chrX","117531967","117532269","28","115335711"
"chrX_KE148109v1_random","2305235","2305522","chrX","117640256","117640547","21","115335021"
"chrX_KE148109v1_random","2606742","2607038","chrX","115223065","115223364","33","112616323"
"chrX_KE148109v1_random","2689704","2689994","chr5","96932633","96932928","45","94242929"
"chrX_KE148116v1_random","10","77","chrUn_NW_014014512v1","4","79","33","6"
"chrY_KE148137v1_random","170539","170817","chr8","122722173","122722453","59","122551634"
"chrY_KE148137v1_random","355887","356156","chrX","109406756","109407034","60","109050869"
"chrY_KE148138v1_random","165713","165729","chrX","29724690","29724707","6","29558977"
"chrY_KE148138v1_random","165771","166052","chr8","138259734","138260014","54","138093963"
"chr10_KE148023v1_random","33589","33887","chr6","152281832","152282130","35","152248243"
"chr10_KE148023v1_random","147107","147396","chr6","35369030","35369319","27","35221923"
"chr10_KE148023v1_random","451012","451313","chrX","15819246","15819549","35","15368234"
"chr10_KE148023v1_random","466549","466677","chr4","94627154","94627284","15","94160605"
"chr10_KE148023v1_random","466708","466887","chr7","19113077","19113251","28","18646369"
"chr20_KE148049v1_random","49611","49874","chr1","128594515","128594792","40","128544904"
"chr20_KE148049v1_random","548760","548890","chr1","189588691","189588821","8","189039931"
"chr20_KE148049v1_random","600311","600609","chr3","47982635","47982933","30","47382324"
"chr20_KE148049v1_random","746313","746622","chr14","74613745","74614052","34","73867432"
"chr20_KE148049v1_random","750030","750318","chr11","64909884","64910171","40","64159854"
"chr20_KE148049v1_random","944950","945244","chr19","5778433","5778728","31","4833483"
"chr20_KE148049v1_random","1037784","1038083","chr1","129528337","129528634","15","128490553"
"chr20_KE148049v1_random","1106583","1106865","chr9","19415757","19416045","42","18309174"
"chr20_KE148049v1_random","1329478","1329766","chr1","134957856","134958144","30","133628378"
"chr20_KE148049v1_random","1331191","1331474","chr6","35369030","35369319","31","34037839"
"chr20_KE148049v1_random","1501604","1501664","chr11","18071282","18071348","27","16569678"
"chr20_KE148050v1_random","324407","324581","chr10","133758856","133759030","33","133434449"
"chr20_KE148050v1_random","711345","711651","chr5","148892368","148892667","38","148181023"
"chr20_KE148050v1_random","1185767","1186035","chr5","168877801","168878082","36","167692034"
"chr21_KE148060v1_random","41122","41375","chr3","100247587","100247856","60","100206465"
"chr21_KE148060v1_random","48960","49258","chr17","62283310","62283610","52","62234350"
"chr21_KE148060v1_random","248906","249186","chr6","39063012","39063293","47","38814106"
"chr21_KE148062v1_random","37432","37724","chr20","49689972","49690264","32","49652540"
"chr21_KE148062v1_random","40858","41143","chr7","57276288","57276575","34","57235430"
"chr27_KE148094v1_random","16092","16378","chr4","7983286","7983574","32","7967194"
"chr28_KE148105v1_random","111522","111718","chr5","48753909","48754099","42","48642387"
"chr28_KE148105v1_random","111790","111920","chr20","31016414","31016544","14","30904624"
"chr28_KE148105v1_random","178347","178614","chr5","171405702","171405972","41","171227355"
"chr3_AQIB01156178v1_random","28662","28894","chr6","154666061","154666290","50","154637399"
"chr9_AQIB01159135v1_random","5680","5979","chr1","26540483","26540782","42","26534803"
"chr9_AQIB01159135v1_random","10525","10825","chr8","45317030","45317330","36","45306505"
"chrX_AQIB01158900v1_random","352","642","chr3","15219656","15219944","31","15219304"
"chrX_AQIB01159053v1_random","1081","1368","chr17","66057754","66058033","43","66056673"
"chrY_AQIB01158473v1_random","1635","1802","chr7","34237682","34237833","56","34236047"
"chr15_AQIB01159137v1_random","5169","5469","chr3","143459399","143459697","54","143454230"
"chr16_AQIB01159089v1_random","2272","2561","chr11","46546168","46546464","48","46543896"
"chr16_AQIB01159089v1_random","56764","57047","chr17","62283310","62283610","41","62226546"
"chr28_AQIB01158178v1_random","5406","5706","chr12","107361376","107361672","40","107355970"
