"chr1","9436935","9437234","chr1","138704511","138704815","42","129267576"
"chr1","22020061","22020363","chr5","2298333","2298635","43","19721728"
"chr1","160432056","160432296","chr18","14014813","14015053","44","146417243"
"chr1","202374938","202375243","chr9","65758722","65759027","41","136616216"
"chr1","11403083","11403370","chr9","100788821","100789109","46","89385738"
"chr1","25952102","25952392","chr19","24203448","24203737","34","1748654"
"chr1","26738581","26738857","chr19","35339526","35339803","32","8600945"
"chr1","27131764","27131947","chr10","129582432","129582603","41","102450668"
"chr1","32243449","32243757","chr1","137129532","137129843","41","104886083"
"chr1","40501063","40501341","chr9","100953573","100953853","40","60452510"
"chr1","43122571","43122856","chrX","106830287","106830578","36","63707716"
"chr1","44957493","44957777","chr19","43797153","43797433","44","1160340"
"chr1","51117905","51118214","chr1","150617160","150617461","42","99499255"
"chr1","51511213","51511498","chr17","72866963","72867249","42","21355750"
"chr1","52559600","52559881","chr3","3108457","3108738","45","49451143"
"chr1","52690828","52691102","chr4","34845790","34846071","49","17845038"
"chr1","65798011","65798238","chr1","192262423","192262637","42","126464412"
"chr1","102105004","102105130","chr3","107071732","107071860","19","4966728"
"chr1","110493533","110493800","chr1","190633251","190633514","44","80139718"
"chr1","117178247","117178552","chr5","7574884","7575188","36","109603363"
"chr1","117309311","117309598","chr3","142314167","142314458","40","25004856"
"chr1","178913000","178913310","chr5","129591545","129591851","39","49321455"
"chr1","181010309","181010601","chr9","44828899","44829193","45","136181410"
"chr1","207880120","207880430","chr18","10830546","10830857","38","197049574"
"chr1","76893","77201","chr20","23337174","23337477","45","23260281"
"chr1","101056","101352","chr5","26961498","26961795","38","26860442"
"chr1","127782","128051","chr19","23560118","23560385","41","23432336"
"chr1","157183","157358","chr13","69995974","69996153","31","69838791"
"chr1","169374","169679","chr1","168595556","168595859","43","168426182"
"chr1","174382","174517","chr4","43236196","43236331","16","43061814"
"chr1","174821","174957","chr2","60825536","60825646","48","60650715"
"chr1","277622","277918","chr5","26961498","26961795","38","26683876"
"chr1","411459","411758","chr5","26961498","26961795","38","26550039"
"chr1","457114","457197","chr10","128335653","128335737","15","127878539"
"chr1","483766","484035","chr19","23560118","23560385","41","23076352"
"chr1","515775","515942","chr22","33000003","33000176","28","32484228"
"chr1","527970","528275","chr1","168595556","168595859","43","168067586"
"chr1","532977","533112","chr4","43236196","43236331","16","42703219"
"chr1","533416","533512","chr12","12610453","12610557","24","12077037"
"chr1","647211","647512","chr6","17068239","17068542","37","16421028"
"chr1","692085","692168","chr10","128335653","128335737","12","127643568"
"chr1","718759","719028","chr2","90417029","90417300","41","89698270"
"chr1","769822","770127","chr1","168595556","168595859","45","167825734"
"chr1","774791","774926","chr4","43236196","43236331","14","42461405"
"chr1","775231","775351","chr1","194561384","194561483","35","193786153"
"chr1","803150","803446","chr15","1426884","1427178","38","623734"
"chr1","852971","853263","chr5","10876020","10876309","38","10023049"
"chr1","893848","894130","chrX","118749545","118749828","33","117855697"
"chr1","907253","907562","chr6","17068239","17068542","45","16160986"
"chr1","972484","972777","chr5","94234310","94234606","47","93261826"
"chr1","986776","987071","chr17","42545319","42545613","48","41558543"
"chr1","987108","987241","chr22","17035586","17035722","14","16048478"
"chr1","994042","994334","chr5","132893438","132893729","38","131899396"
"chr1","1010065","1010354","chr8","117614816","117615105","43","116604751"
"chr1","1011059","1011333","chr9","111808991","111809257","53","110797932"
"chr1","1016361","1016495","chr22","17035586","17035722","16","16019225"
"chr1","1016552","1016677","chr7","149916580","149916705","32","148900028"
"chr1","1016972","1017104","chr4","38241259","38241391","11","37224287"
"chr1","1119751","1120058","chr5","82166217","82166519","55","81046466"
"chr1","1194983","1195291","chr15","17053141","17053444","48","15858158"
"chr1","1224282","1224578","chr5","94234310","94234606","39","93010028"
"chr1","1276485","1276774","chr10","103403508","103403801","40","102127023"
"chr1","1316054","1316301","chr1","43724514","43724757","47","42408460"
"chr1","1379123","1379356","chrX","11729705","11729948","43","10350582"
"chr1","1406075","1406366","chr15","22391678","22391973","54","20985603"
"chr1","1408763","1409016","chr7","54583079","54583328","50","53174316"
"chr1","1424088","1424222","chr1","172218988","172219121","12","170794900"
"chr1","1457978","1458280","chr5","23380593","23380893","51","21922615"
"chr1","1463935","1464224","chr9","17803887","17804180","44","16339952"
"chr1","1483491","1483809","chr2","17712441","17712762","67","16228950"
"chr1","1487998","1488255","chr13","59198364","59198619","46","57710366"
"chr1","1488262","1488478","chr14","900723","900930","66","587539"
"chr1","1488769","1488823","chr5","108403576","108403630","18","106914807"
"chr1","1521700","1522028","chr13","57414367","57414663","69","55892667"
"chr1","1544336","1544635","chr6","17068239","17068542","35","15523903"
"chr1","1552739","1553039","chr5","154800624","154800924","43","153247885"
"chr1","1557131","1557442","chr3","165648344","165648651","42","164091213"
"chr1","1567689","1567929","chr10","34329847","34330103","37","32762158"
"chr1","1593316","1593600","chr16","61819076","61819365","42","60225760"
"chr1","1609226","1609526","chr1","10143237","10143538","38","8534011"
"chr1","1613161","1613479","chr15","9916758","9917071","48","8303597"
"chr1","1659539","1659847","chr1","184817871","184818171","51","183158332"
"chr1","1689705","1690002","chr19","36430405","36430704","38","34740700"
"chr1","1724850","1725158","chr22","32581263","32581567","51","30856413"
"chr1","1742972","1743265","chr18","12009257","12009549","42","10266285"
"chr1","1766920","1767216","chr14","53496364","53496654","41","51729444"
"chr1","1769136","1769264","chr10","48138660","48138788","19","46369524"
"chr1","1769579","1769757","chr3","53757892","53758068","37","51988313"
"chr1","1802487","1802784","chr12","115383799","115384092","42","113581312"
"chr1","1811082","1811387","chr5","60529593","60529894","43","58718511"
"chr1","1813150","1813410","chr11","71830463","71830730","60","70017313"
"chr1","1816637","1816920","chr12","48605950","48606233","40","46789313"
"chr1","1826135","1826434","chr1","15931085","15931383","38","14104950"
"chr1","1831452","1831728","chr4","10516598","10516864","38","8685146"
"chr1","1859017","1859317","chr2","14206640","14206942","49","12347623"
"chr1","1861919","1862229","chr12","118103641","118103963","71","116241722"
"chr1","1871170","1871452","chr16","22392028","22392302","50","20520858"
"chr1","1877019","1877317","chr11","82219674","82219971","33","80342655"
"chr1","1881421","1881699","chr9","84109498","84109792","52","82228077"
"chr1","1908010","1908310","chr5","45634674","45634962","61","43726664"
"chr1","1951789","1951880","chr7","47186925","47187015","12","45235136"
"chr1","1989493","1989760","chr9","40913684","40913950","47","38924191"
"chr1","1995219","1995511","chr10","14603732","14604030","39","12608513"
"chr1","1999535","1999832","chr5","94234310","94234606","38","92234775"
"chr1","2002398","2002682","chr7","45351199","45351483","44","43348801"
"chr1","2004671","2004980","chrX","47176701","47177007","41","45172030"
"chr1","2006904","2007167","chr7","36440271","36440530","35","34433367"
"chr1","2007334","2007562","chr11","6168932","6169146","58","4161598"
"chr1","2011259","2011568","chr17","69358056","69358361","44","67346797"
"chr1","2013801","2014098","chr2","137593855","137594162","53","135580054"
"chr1","2058614","2058919","chr22","28997304","28997607","41","26938690"
"chr1","2138654","2138941","chr10","45660121","45660403","41","43521467"
"chr1","2141311","2141645","chr9","98029843","98030162","53","95888532"
"chr1","2225461","2225767","chr5","94532768","94533076","39","92307307"
"chr1","2235031","2235343","chr3","106655459","106655766","42","104420428"
"chr1","2244296","2244603","chrX","43662320","43662619","43","41418024"
"chr1","2366519","2366834","chr7","36801075","36801384","40","34434556"
"chr1","2389270","2389566","chr7","36824293","36824592","39","34435023"
"chr1","2411231","2411531","chr1","168595556","168595859","37","166184325"
"chr1","2571745","2571995","chrX","117776653","117776896","42","115204908"
"chr1","2580260","2580561","chr9","115770764","115771066","56","113190504"
"chr1","2788812","2789105","chr5","133149107","133149395","51","130360295"
"chr1","2846393","2846703","chr6","17068239","17068542","40","14221846"
"chr1","3150274","3150585","chr15","20018055","20018360","55","16867781"
"chr1","3724737","3725034","chr19","42079978","42080278","40","38355241"
"chr1","3740445","3740734","chr14","46399012","46399299","47","42658567"
"chr1","3786216","3786508","chr9","65543045","65543338","50","61756829"
"chr1","3794369","3794639","chr1","77941930","77942215","52","74147561"
"chr1","3840231","3840537","chr3","106655459","106655766","43","102815228"
"chr1","3842788","3843087","chr3","84743220","84743519","42","80900432"
"chr1","3856133","3856382","chr12","54811547","54811805","40","50955414"
"chr1","3869069","3869360","chr3","105291145","105291432","37","101422076"
"chr1","3877329","3877628","chr7","6894852","6895150","40","3017523"
"chr1","3901567","3901874","chr2","171330283","171330586","34","167428716"
"chr1","3913855","3914141","chr21","46276068","46276356","47","42362213"
"chr1","3916952","3917249","chr5","108572775","108573060","49","104655823"
"chr1","3933281","3933594","chr11","64363135","64363445","46","60429854"
"chr1","3936251","3936550","chr1","10143237","10143538","38","6206986"
"chr1","3937684","3937988","chr5","136750937","136751240","40","132813253"
"chr1","3942035","3942339","chr7","38207838","38208149","54","34265803"
"chr1","3965016","3965309","chr7","38231894","38232182","43","34266878"
"chr1","3974244","3974533","chr1","75555059","75555337","53","71580815"
"chr1","3983780","3984090","chr6","17068239","17068542","50","13084459"
"chr1","4003158","4003457","chrX","11722716","11723009","45","7719558"
"chr1","4011553","4011863","chr9","99935150","99935455","44","95923597"
"chr1","4052314","4052623","chr2","14723039","14723343","47","10670725"
"chr1","4155107","4155380","chr7","79364610","79364894","47","75209503"
"chr1","4169721","4170031","chr3","177888845","177889151","39","173719124"
"chr1","4225407","4225694","chr15","41758838","41759130","42","37533431"
"chr1","4380262","4380512","chr2","125678259","125678509","40","121297997"
"chr1","4434742","4435033","chr7","128775041","128775329","45","124340299"
"chr1","4472886","4473055","chr17","34108233","34108402","33","29635347"
"chr1","4473087","4473219","chr4","34136029","34136154","22","29662942"
"chr1","4499008","4499279","chr7","38768177","38768435","43","34269169"
"chr1","4503262","4503562","chr6","94863182","94863479","44","90359920"
"chr1","4539872","4540159","chrX","50876841","50877130","42","46336969"
"chr1","4562131","4562429","chr19","917453","917749","45","3644678"
"chr1","4562993","4563308","chr4","43074425","43074733","56","38511432"
"chr1","4635619","4635909","chr1","148289026","148289314","49","143653407"
"chr1","4667933","4668224","chr5","73178966","73179258","38","68511033"
"chr1","4893976","4894267","chr8","17968026","17968320","36","13074050"
"chr1","5021595","5021924","chr11","42920256","42920567","59","37898661"
"chr1","5024421","5024704","chr7","79364610","79364894","33","74340189"
"chr1","5134604","5134915","chr14","69766565","69766870","49","64631961"
"chr1","5261268","5261579","chr3","106655459","106655766","41","101394191"
"chr1","5372599","5372892","chr5","63326522","63326817","38","57953923"
"chr1","5625373","5625674","chr12","44183194","44183496","37","38557821"
"chr1","5770311","5770618","chr10","16060753","16061059","48","10290442"
"chr1","5821051","5821328","chr4","151051212","151051502","56","145230161"
"chr1","5944688","5944981","chr18","8503340","8503640","52","2558652"
"chr1","5972875","5973184","chr6","17068239","17068542","43","11095364"
"chr1","6009859","6010176","chr6","154513729","154514039","51","148503870"
"chr1","6056054","6056344","chr15","68809459","68809748","32","62753405"
"chr1","6067749","6068042","chr7","40415849","40416150","33","34348100"
"chr1","6079271","6079535","chr14","10657124","10657381","42","4577853"
"chr1","6110948","6111251","chr22","33981676","33981980","36","27870728"
"chr1","6111252","6111556","chr4","11141283","11141584","36","5030031"
"chr1","6120390","6120652","chr22","48463951","48464216","50","42343561"
"chr1","6141334","6141634","chr5","1667879","1668174","53","4473455"
"chr1","6156255","6156558","chr2","8426666","8426970","44","2270411"
"chr1","6187032","6187329","chr3","139623739","139624033","43","133436707"
"chr1","6205477","6205750","chr5","82180645","82180927","46","75975168"
"chr1","6222139","6222443","chr1","172257719","172258009","40","166035580"
"chr1","6229064","6229196","chr2","7486438","7486570","27","1257374"
"chr1","6229510","6229637","chr22","17101792","17101919","30","10872282"
"chr1","6230920","6231200","chr1","75555059","75555337","63","69324139"
"chr1","6236269","6236561","chr22","30202132","30202421","38","23965863"
"chr1","6316528","6316815","chr13","54153625","54153901","43","47837097"
"chr1","6326644","6326958","chr19","26467351","26467655","44","20140707"
"chr1","6347484","6347790","chr12","110699815","110700119","41","104352331"
"chr1","6353351","6353657","chr4","15705730","15706030","47","9352379"
"chr1","6371763","6372065","chr1","202849760","202850061","45","196477997"
"chr1","6372548","6372849","chr7","40749143","40749446","47","34376595"
"chr1","6379785","6380054","chr7","40760215","40760484","44","34380430"
"chr1","6407043","6407297","chr7","40788898","40789151","35","34381855"
"chr1","6410663","6410967","chr5","26961498","26961795","47","20550835"
"chr1","6413775","6413915","chr7","40797338","40797483","18","34383563"
"chr1","6438830","6439135","chr7","40825869","40826170","41","34387039"
"chr1","6458030","6458316","chr15","32068518","32068804","38","25610488"
"chr1","6466516","6466812","chr14","20315438","20315736","49","13848922"
"chr1","6476189","6476492","chr15","22401594","22401899","38","15925405"
"chr1","6493668","6493959","chr5","2532160","2532447","43","3961508"
"chr1","6529644","6529955","chr22","28997304","28997607","43","22467660"
"chr1","6542756","6542879","chr8","118518401","118518523","12","111975645"
"chr1","6548139","6548446","chr10","117620910","117621216","42","111072771"
"chr1","6558419","6558437","chr5","1117652","1117667","6","5440767"
"chr1","6558727","6558885","chrX","106480049","106480214","39","99921322"
"chr1","6559193","6559329","chr1","149093423","149093554","17","142534230"
"chr1","6577254","6577539","chr19","23505949","23506227","39","16928695"
"chr1","6631346","6631554","chr10","102319746","102319954","39","95688400"
"chr1","6633627","6633926","chr2","68453324","68453613","46","61819697"
"chr1","6671823","6672134","chr7","45344118","45344429","44","38672295"
"chr1","6726596","6726892","chr22","40230801","40231098","37","33504205"
"chr1","6736746","6736978","chr2","62154256","62154490","40","55417510"
"chr1","6737101","6737413","chr10","90431710","90432016","44","83694609"
"chr1","6741815","6742125","chr3","106655459","106655766","42","99913644"
"chr1","6747413","6747711","chr4","37931785","37932081","41","31184372"
"chr1","6760454","6760759","chr5","128544719","128545020","51","121784265"
"chr1","6764788","6765071","chr10","45660121","45660403","49","38895333"
"chr1","6775104","6775407","chr22","7822716","7823014","40","1047612"
"chr1","6789805","6790128","chr22","33981676","33981980","55","27191871"
"chr1","6791964","6792257","chr10","79399405","79399694","48","72607441"
"chr1","6860628","6860939","chr7","57213096","57213404","47","50352468"
"chr1","6860965","6861255","chr9","111649807","111650101","45","104788842"
"chr1","6933274","6933559","chr20","38471285","38471567","41","31538011"
"chr1","6947378","6947681","chr5","47841271","47841566","45","40893893"
"chr1","6984361","6984647","chr7","41410566","41410850","51","34426205"
"chr1","7004766","7005071","chr5","2239871","2240172","44","4764895"
"chr1","7033586","7033893","chr3","106655459","106655766","36","99621873"
"chr1","7079473","7079771","chr12","60882509","60882808","41","53803036"
"chr1","7128832","7129137","chr6","17068239","17068542","44","9939407"
"chr1","7129956","7130238","chr4","37824304","37824582","39","30694348"
"chr1","7138714","7139001","chr4","16350054","16350344","39","9211340"
"chr1","7169515","7169826","chr7","41600588","41600885","53","34431073"
"chr1","7240519","7240805","chr7","49632330","49632627","56","42391811"
"chr1","7325847","7326158","chr7","41754185","41754494","42","34428338"
"chr1","7377675","7377946","chr16","46612302","46612576","46","39234627"
"chr1","7449489","7449799","chr11","24201870","24202181","43","16752381"
"chr1","7533631","7533944","chr1","82669756","82670065","44","75136125"
"chr1","7593490","7593790","chr7","6894852","6895150","39","698638"
"chr1","7619653","7619903","chr5","124044504","124044756","36","116424851"
"chr1","7654099","7654408","chr7","21844210","21844521","43","14190111"
"chr1","7672414","7672716","chr4","21748719","21749015","42","14076305"
"chr1","7688005","7688304","chr6","17068239","17068542","41","9380234"
"chr1","7729115","7729415","chr4","27438396","27438702","41","19709281"
"chr1","7730615","7730901","chrX","45666740","45667025","41","37936125"
"chr1","7735216","7735464","chr11","32759698","32759945","35","25024482"
"chr1","7744129","7744431","chr1","96018777","96019077","32","88274648"
"chr1","7746634","7746936","chr6","13168853","13169146","40","5422219"
"chr1","7747907","7748211","chrX","97185025","97185330","38","89437118"
"chr1","7755044","7755352","chr3","153217268","153217573","32","145462224"
"chr1","7764677","7764973","chr12","100785810","100786105","32","93021133"
"chr1","7783034","7783324","chr7","42213988","42214274","57","34430954"
"chr1","7796315","7796614","chr10","14603732","14604030","43","6807417"
"chr1","7804874","7805167","chr14","83739394","83739686","38","75934520"
"chr1","7807951","7808259","chr4","23117480","23117789","41","15309529"
"chr1","7838405","7838687","chr7","42281212","42281484","43","34442807"
"chr1","7848532","7848816","chr7","42290431","42290718","49","34441899"
"chr1","7956914","7957196","chr20","27529242","27529530","42","19572328"
"chr1","7957869","7958180","chr22","33981676","33981980","43","26023807"
"chr1","7972758","7973055","chr10","89487563","89487852","49","81514805"
"chr1","7987409","7987707","chr1","191329552","191329859","51","183342143"
"chr1","7993764","7994063","chr13","39885762","39886059","49","31891998"
"chr1","7994521","7994812","chr6","47311288","47311574","45","39316767"
"chr1","7998250","7998557","chr7","58293030","58293333","45","50294780"
"chr1","8002765","8003066","chr1","135983511","135983815","40","127980746"
"chr1","8005922","8006226","chr11","111117466","111117768","41","103111544"
"chr1","8038662","8038954","chr3","165307604","165307896","42","157268942"
"chr1","8046605","8046906","chr3","106655459","106655766","49","98608854"
"chr1","8062268","8062569","chr3","81239903","81240189","51","73177635"
"chr1","8067729","8068033","chr6","17068239","17068542","47","9000510"
"chr1","8072092","8072270","chr6","95441019","95441197","26","87368927"
"chr1","8072820","8073112","chr1","157959927","157960225","47","149887107"
"chr1","8073457","8073763","chr13","35663090","35663393","41","27589633"
"chr1","8074155","8074472","chr4","156187006","156187309","58","148112851"
"chr1","8082728","8083036","chr1","168595556","168595859","47","160512828"
"chr1","8092030","8092319","chr3","26554940","26555226","52","18462910"
"chr1","8119520","8119827","chr22","33981676","33981980","36","25862156"
"chr1","8130637","8130940","chr1","168595556","168595859","32","160464919"
"chr1","8135349","8135651","chr7","42577989","42578271","61","34442640"
"chr1","8143696","8143989","chr3","14997753","14998043","39","6854057"
"chr1","8148509","8148806","chr5","94234310","94234606","41","86085801"
"chr1","8149846","8150151","chr7","42592712","42593010","45","34442866"
"chr1","8151083","8151382","chr5","40811415","40811717","40","32660332"
"chr1","8152366","8152664","chr7","5138178","5138476","43","3014188"
"chr1","8173185","8173345","chr10","27469878","27470033","33","19296693"
"chr1","8173645","8173778","chr1","172218988","172219121","11","164045343"
"chr1","8174063","8174362","chr1","98572733","98573027","39","90398670"
"chr1","8187336","8187664","chr14","85439538","85439863","51","77252202"
"chr1","8195339","8195467","chr11","63186025","63186149","16","54990686"
"chr1","8198366","8198661","chr5","143023404","143023700","43","134825038"
"chr1","8207162","8207453","chr1","145176527","145176816","42","136969365"
"chr1","8224050","8224353","chr7","42669887","42670194","37","34445837"
"chr1","8235517","8235797","chr2","80644634","80644911","34","72409117"
"chr1","8280209","8280341","chr1","108326226","108326361","16","100046017"
"chr1","8280649","8280702","chr2","29385613","29385662","17","21104964"
"chr1","8284424","8284721","chr10","22559240","22559536","31","14274816"
"chr1","8291084","8291390","chrX","107894156","107894464","48","99603072"
"chr1","8292664","8292968","chrX","51010603","51010904","39","42717939"
"chr1","8299718","8300016","chr8","97626025","97626321","41","89326307"
"chr1","8304243","8304418","chrX","106480049","106480214","35","98175806"
"chr1","8304419","8304721","chr11","44091908","44092214","36","35787489"
"chr1","8304722","8304734","chr5","92524075","92524085","6","84219353"
"chr1","8306103","8306412","chr7","42753483","42753789","40","34447380"
"chr1","8327749","8328058","chr16","66850820","66851128","40","58523071"
"chr1","8341641","8341903","chr2","17841149","17841409","40","9499508"
"chr1","8451150","8451449","chr5","94234310","94234606","36","85783160"
"chr1","8453524","8453817","chr12","31252957","31253248","39","22799433"
"chr1","8475093","8475390","chr13","39885762","39886059","41","31410669"
"chr1","8475396","8475711","chr16","38005025","38005333","45","29529629"
"chr1","8531177","8531496","chr8","95455016","95455346","77","86923839"
"chr1","8532440","8532595","chr13","20601962","20602113","30","12069522"
"chr1","8532895","8533031","chr5","110490948","110491082","19","101958053"
"chr1","8553896","8554194","chr6","108364918","108365211","43","99811022"
"chr1","8584868","8585164","chr14","32745447","32745743","43","24160579"
"chr1","8601018","8601317","chr2","125108166","125108464","43","116507148"
"chr1","8608804","8608936","chr1","172218988","172219121","12","163610184"
"chr1","8623170","8623453","chr2","56700759","56701042","47","48077589"
"chr1","8649448","8649746","chr6","85210606","85210909","36","76561158"
"chr1","8720775","8721063","chr12","14388541","14388831","42","5667766"
"chr1","8743286","8743560","chr11","64864741","64865027","59","56121455"
"chr1","8747787","8748077","chr4","34845790","34846071","38","26098003"
"chr1","8763352","8763655","chrX","45981223","45981523","46","37217871"
"chr1","8766259","8766576","chr11","9158438","9158743","54","392179"
"chr1","8767700","8767998","chr7","43238555","43238859","40","34470855"
"chr1","8778853","8779142","chr15","49359997","49360293","38","40581144"
"chr1","8779912","8780091","chr17","34022994","34023171","34","25243082"
"chr1","8797092","8797390","chr7","43264336","43264641","65","34467244"
"chr1","8800684","8800970","chr11","51323948","51324238","39","42523264"
"chr1","8812366","8812651","chr3","80959478","80959762","40","72147112"
"chr1","8813607","8813914","chr6","17068239","17068542","43","8254632"
"chr1","8824703","8824989","chr4","16350054","16350344","38","7525351"
"chr1","8838970","8839257","chr4","16350054","16350344","49","7511084"
"chr1","8839450","8839716","chr7","43312969","43313257","51","34473519"
"chr1","8869559","8869859","chr5","125994971","125995268","39","117125412"
"chr1","8894721","8895019","chr15","49359997","49360293","44","40465276"
"chr1","8900168","8900469","chr21","47829961","47830265","54","38929793"
"chr1","8901033","8901204","chrX","106480049","106480214","24","97579016"
"chr1","8901552","8901694","chr5","22176811","22176954","20","13275259"
"chr1","8903242","8903555","chr7","102737006","102737318","43","93833764"
"chr1","8913009","8913343","chr2","48786213","48786524","70","39873204"
"chr1","8914876","8915170","chr6","45252461","45252755","49","36337585"
"chr1","8916739","8917043","chr9","101796262","101796572","47","92879523"
"chr1","8917793","8917928","chr4","43236196","43236331","13","34318403"
"chr1","8929415","8929697","chr2","35075957","35076247","46","26146542"
"chr1","8931141","8931440","chr11","64792839","64793136","44","55861698"
"chr1","8949982","8950283","chr12","100785810","100786105","34","91835828"
"chr1","8952146","8952436","chrUn_GL286331","13459","13750","39","8938687"
"chr1","8952664","8952956","chr10","8026640","8026929","37","926024"
"chr1","8955942","8956234","chr22","9714411","9714706","32","758469"
"chr1","8970502","8970800","chr5","87867004","87867300","48","78896502"
"chr1","8979993","8980287","chr5","132893438","132893729","38","123913445"
"chr1","8990319","8990618","chr8","107362312","107362609","52","98371993"
"chr1","8991220","8991484","chr4","35578547","35578811","39","26587327"
"chr1","8999169","8999296","chr8","68724288","68724416","19","59725119"
"chr1","9005580","9005811","chr12","23783657","23783884","52","14778077"
"chr1","9013196","9013329","chrX","62934441","62934571","16","53921245"
"chr1","9019642","9019952","chr14","81929198","81929500","42","72909556"
"chr1","9026729","9026886","chr7","149001425","149001575","31","139974696"
"chr1","9027198","9027333","chr16","5151743","5151874","14","3875455"
"chr1","9028885","9029009","chr6","49067549","49067673","21","40038664"
"chr1","9042276","9042435","chr10","86740300","86740444","39","77698024"
"chr1","9044048","9044355","chr4","87172393","87172702","53","78128345"
"chr1","9044543","9044854","chr7","43494621","43494933","40","34450078"
"chr1","9062590","9062897","chr19","4520386","4520688","43","4542204"
"chr1","9063358","9063671","chr3","106655459","106655766","42","97592101"
"chr1","9072674","9072991","chr17","54870851","54871173","53","45798177"
"chr1","9075961","9076255","chr10","16033492","16033786","36","6957531"
"chr1","9077118","9077426","chr5","1214302","1214607","53","7862816"
"chr1","9086377","9086689","chr2","162172264","162172572","48","153085887"
"chr1","9106682","9106963","chr4","108747172","108747456","41","99640490"
"chr1","9107503","9107646","chr1","151072765","151072907","20","141965262"
"chr1","9107943","9108100","chr5","64547457","64547612","35","55439514"
"chr1","9109387","9109693","chr5","72100902","72101202","47","62991515"
"chr1","9110241","9110550","chr22","40503125","40503432","40","31392884"
"chr1","9113662","9113952","chr11","83568424","83568714","33","74454762"
"chr1","9121356","9121662","chr5","26961498","26961795","43","17840142"
"chr1","9125968","9126254","chr5","94234310","94234606","43","85108342"
"chr1","9138231","9138524","chr15","41758838","41759130","38","32620607"
"chr1","9142560","9142871","chr7","43611685","43612003","51","34469125"
"chr1","9144697","9144920","chr12","22745496","22745719","33","13600799"
"chr1","9146413","9146698","chr2","56700759","56701042","53","47554346"
"chr1","9146707","9146900","chr9","42312955","42313157","40","33166248"
"chr1","9153459","9153760","chr2","36118562","36118865","51","26965103"
"chr1","9173512","9173792","chr3","80959478","80959762","40","71785966"
"chr1","9175913","9176212","chr1","39141468","39141769","43","29965555"
"chr1","9177190","9177308","chr15","61467699","61467834","32","52290509"
"chr1","9178172","9178476","chr6","17068239","17068542","40","7890067"
"chr1","9189071","9189379","chr13","31331915","31332215","41","22142844"
"chr1","9194955","9195262","chrX","47176701","47177007","50","37981746"
"chr1","9208237","9208529","chr4","156698023","156698319","45","147489786"
"chr1","9212168","9212470","chr6","43666330","43666629","34","34454162"
"chr1","9215635","9215928","chr4","36563326","36563622","48","27347691"
"chr1","9224217","9224521","chr22","15341421","15341725","40","6117204"
"chr1","9227371","9227678","chr18","39712282","39712591","35","30484911"
"chr1","9236380","9236688","chr7","10120794","10121094","58","884414"
"chr1","9245950","9246243","chr5","38614488","38614784","38","29368538"
"chr1","9254074","9254380","chr10","99253011","99253314","46","89998937"
"chr1","9274737","9275014","chr14","18936862","18937136","42","9662125"
"chr1","9276384","9276681","chr5","38614488","38614784","35","29338104"
"chr1","9366575","9366872","chr5","109594551","109594853","37","100227976"
"chr1","9381366","9381662","chr6","147894727","147895020","42","138513361"
"chr1","9393310","9393603","chr7","43892666","43892959","40","34499356"
"chr1","9395970","9396266","chr6","147894727","147895020","36","138498757"
"chr1","9399103","9399411","chr8","106281938","106282251","44","96882835"
"chr1","9401292","9401607","chr1","184817871","184818171","52","175416579"
"chr1","9403169","9403355","chrX","106480049","106480214","41","97076880"
"chr1","9403655","9403789","chr15","24947299","24947432","15","15543644"
"chr1","9415021","9415312","chr7","43918375","43918665","31","34503354"
"chr1","9428045","9428340","chr11","120968393","120968688","52","111540348"
"chr1","9445262","9445571","chr3","153217268","153217573","44","143772006"
"chr1","9455137","9455253","chr18","2999548","2999662","10","6455589"
"chr1","9457929","9458011","chr2","172037559","172037641","10","162579630"
"chr1","9460631","9460932","chr19","26753276","26753574","39","17292645"
"chr1","9469421","9469723","chr11","64234338","64234642","42","54764917"
"chr1","9479718","9480024","chr3","106655459","106655766","41","97175741"
"chr1","9480468","9480759","chr9","99776089","99776389","41","90295621"
"chr1","9489687","9489998","chr13","100982850","100983160","46","91493163"
"chr1","9493189","9493448","chrUn_GL286336","9474","9735","39","9483715"
"chr1","9493789","9494019","chr2","43057964","43058207","38","33564175"
"chr1","9500003","9500117","chr5","95721121","95721237","10","86221118"
"chr1","9500427","9500717","chr3","14997753","14998043","44","5497326"
"chr1","9504054","9504384","chr22","39620740","39621034","72","30116686"
"chr1","9507242","9507546","chr2","154533489","154533792","44","145026247"
"chr1","9515188","9515336","chr5","71653861","71654000","29","62138673"
"chr1","9515646","9515814","chrX","106480049","106480214","38","96964403"
"chr1","9524704","9524841","chr22","18782112","18782243","15","9257408"
"chr1","9526437","9526679","chr9","123741406","123741645","50","114214969"
"chr1","9535316","9535627","chr9","101796262","101796572","42","92260946"
"chr1","9545701","9545975","chr11","123931609","123931879","44","114385908"
"chr1","9550685","9550977","chr7","44050196","44050514","52","34499511"
"chr1","9551102","9551404","chr10","87329962","87330263","51","77778860"
"chr1","9552225","9552531","chr6","59828671","59828961","53","50276446"
"chr1","9563711","9563958","chr11","32759698","32759945","31","23195987"
"chr1","9568964","9569259","chr5","38614488","38614784","36","29045524"
"chr1","9570703","9571012","chr20","12401994","12402298","46","2831291"
"chr1","9577176","9577510","chr7","106080561","106080866","86","96503385"
"chr1","9599240","9599554","chrX","45535931","45536241","55","35936691"
"chr1","9611195","9611497","chr22","15119676","15119973","43","5508481"
"chr1","9654778","9655089","chr3","108570361","108570666","47","98915583"
"chr1","9660924","9661234","chr5","83155514","83155824","37","73494590"
"chr1","9661579","9661714","chr1","116955977","116956111","17","107294398"
"chr1","9662008","9662167","chr1","199296013","199296162","36","189634005"
"chr1","9673255","9673560","chr6","17068239","17068542","53","7394984"
"chr1","9677364","9677665","chr12","50984823","50985126","46","41307459"
"chr1","9693207","9693528","chr22","27266646","27266955","52","17573439"
"chr1","9694251","9694544","chr8","96510016","96510309","41","86815765"
"chr1","9709726","9710021","chr2","31372053","31372354","41","21662327"
"chr1","9712270","9712580","chrX","47176701","47177007","39","37464431"
"chr1","9738653","9738951","chr17","69075766","69076065","44","59337113"
"chr1","9740116","9740359","chrX","11729705","11729948","39","1989589"
"chr1","9743287","9743461","chr2","125879517","125879691","25","116136230"
"chr1","9746898","9747203","chr6","17068239","17068542","40","7321341"
"chr1","9762961","9763261","chr9","109143507","109143803","35","99380546"
"chr1","9764359","9764664","chr22","31767114","31767422","49","22002755"
"chr1","9776938","9777237","chr22","29825053","29825352","44","20048115"
"chr1","9777240","9777552","chr22","13872106","13872416","51","4094866"
"chr1","9784994","9785306","chr4","36522598","36522895","79","26737604"
"chr1","9794321","9794608","chr5","46330077","46330361","41","36535756"
"chr1","9797860","9798105","chr20","31286422","31286674","41","21488562"
"chr1","9803521","9803819","chr13","57414367","57414663","38","47610846"
"chr1","9809499","9809628","chr5","106446206","106446330","15","96636707"
"chr1","9809917","9810063","chr16","43898945","43899089","30","34089028"
"chr1","9820238","9820544","chr2","8426666","8426970","42","1393572"
"chr1","9834876","9835180","chr3","106655459","106655766","39","96820583"
"chr1","9840853","9841119","chr7","67196083","67196346","39","57355230"
"chr1","9855908","9856177","chr2","116781828","116782085","47","106925920"
"chr1","9911435","9911722","chr22","4577957","4578244","46","5333478"
"chr1","9913330","9913640","chr17","31215312","31215621","41","21301982"
"chr1","9933945","9934251","chrX","106754938","106755243","44","96820993"
"chr1","9939084","9939360","chr11","128665552","128665831","50","118726468"
"chr1","9939837","9940145","chr2","94752074","94752384","52","84812237"
"chr1","9944952","9945261","chr6","93506061","93506372","46","83561109"
"chr1","9949411","9949755","chr22","41857491","41857814","65","31908080"
"chr1","9950811","9951104","chr14","63484983","63485281","44","53534172"
"chr1","9956162","9956421","chr6","17516467","17516732","48","7560305"
"chr1","9965391","9965702","chr16","25492826","25493133","45","15527435"
"chr1","9966017","9966312","chrX","45929390","45929683","36","35963373"
"chr1","9969509","9969768","chr22","27309991","27310258","37","17340482"
"chr1","9973859","9974127","chr7","44516581","44516849","39","34542722"
"chr1","9975219","9975518","chr7","44518193","44518488","46","34542974"
"chr1","9980356","9980642","chr2","11864999","11865280","48","1884643"
"chr1","9985674","9985948","chr2","63221999","63222273","48","53236325"
"chr1","9987990","9988294","chr9","108878803","108879104","50","98890813"
"chr1","9991186","9991469","chrX","21213150","21213438","44","11221964"
"chr1","10002488","10002803","chr13","97340307","97340616","51","87337819"
"chr1","10008329","10008443","chr16","41652507","41652623","17","31644178"
"chr1","10008731","10008796","chr4","1645807","1645886","30","8362924"
"chr1","10009519","10009814","chr2","10593959","10594242","51","584440"
"chr1","10026752","10026951","chr1","103619152","103619352","33","93592400"
"chr1","10039426","10039738","chr4","155160654","155160966","48","145121228"
"chr1","10041692","10041978","chr9","120778095","120778380","45","110736403"
"chr1","10055638","10055921","chr4","38209077","38209362","36","28153439"
"chr1","10069535","10069793","chr7","89336131","89336394","43","79266596"
"chr1","10073440","10073721","chr7","59161627","59161913","52","49088187"
"chr1","10079178","10079459","chrX","17930524","17930805","45","7851346"
"chr1","10093692","10093994","chr5","26961498","26961795","47","16867806"
"chr1","10095788","10096070","chr7","79364610","79364894","36","69268822"
"chr1","10096759","10097054","chr2","19920919","19921219","42","9824160"
"chr1","10097529","10097832","chr5","83113160","83113466","43","73015631"
"chr1","10097880","10098152","chr9","102546701","102546970","38","92448821"
"chr1","10098956","10099253","chr1","193584163","193584462","38","183485207"
"chr1","10111675","10111978","chr17","69075766","69076065","35","58964091"
"chr1","10114582","10114872","chr1","187402046","187402335","39","177287464"
"chr1","10115297","10115571","chr7","44674099","44674369","42","34558802"
"chr1","10142853","10143119","chr7","44701226","44701502","47","34558373"
"chr1","10148658","10148973","chr7","44706805","44707121","36","34558147"
"chr1","10158727","10159037","chr1","82669756","82670065","38","72511029"
"chr1","10166506","10166641","chr4","159802286","159802422","14","149635780"
"chr1","10166983","10167140","chr8","12461153","12461316","28","2294170"
"chr1","10177238","10177494","chr12","55166447","55166701","39","44989209"
"chr1","10182971","10183142","chr7","51800454","51800616","34","41617483"
"chr1","10183170","10183289","chr7","46435641","46435758","10","36252471"
"chr1","10193659","10193961","chr5","74833270","74833574","37","64639611"
"chr1","10194803","10195112","chr5","107932565","107932875","35","97737762"
"chr1","10198429","10198725","chr14","83739394","83739686","37","73540965"
"chr1","10206953","10207233","chr7","57572748","57573029","38","47365795"
"chr1","10218426","10218720","chr20","12729984","12730279","33","2511558"
"chr1","10221095","10221397","chr5","1104017","1104317","39","9117078"
"chr1","10230428","10230735","chr3","106655459","106655766","30","96425031"
"chr1","10231379","10231686","chr3","106655459","106655766","41","96424080"
"chr1","10240210","10240507","chr1","15931085","15931383","39","5690875"
"chr1","10243135","10243424","chr7","44809553","44809844","40","34566418"
"chr1","10252030","10252339","chr6","17068239","17068542","37","6816209"
"chr1","10254944","10255247","chr22","28997304","28997607","45","18742360"
"chr1","10256720","10257010","chr22","31883877","31884161","39","21627157"
"chr1","10257664","10257976","chr9","55048246","55048550","49","44790582"
"chr1","10267008","10267326","chr7","44835182","44835496","55","34568174"
"chr1","10273272","10273448","chr4","18286635","18286809","30","8013363"
"chr1","10276799","10277098","chr1","173519983","173520284","37","163243184"
"chr1","10284405","10284712","chr9","86614407","86614709","48","76330002"
"chr1","10294587","10294862","chr7","22234456","22234733","45","11939869"
"chr1","10340565","10340791","chr7","44913751","44913976","44","34573186"
"chr1","10359753","10360033","chr15","37619139","37619418","37","27259386"
"chr1","10375382","10375684","chr5","78720646","78720949","46","68345264"
"chr1","10394810","10395068","chr3","47236608","47236860","46","36841798"
"chr1","10396357","10396575","chr7","49908001","49908221","36","39511644"
"chr1","10397639","10397938","chr4","7925635","7925934","38","2472004"
"chr1","10409650","10409955","chr22","40503125","40503432","40","30093475"
"chr1","10428521","10428811","chrX","47125049","47125340","39","36696528"
"chr1","10435982","10436277","chr16","18806808","18807107","38","8370826"
"chr1","10447311","10447602","chr4","15382674","15382968","37","4935363"
"chr1","10466679","10466979","chr7","73567641","73567941","47","63100962"
"chr1","10482135","10482422","chrX","118749545","118749828","38","108267410"
"chr1","10487786","10488080","chr4","58786062","58786360","45","48298276"
"chr1","10504813","10505089","chr5","127053067","127053332","45","116548254"
"chr1","10526931","10527231","chr18","8503340","8503640","41","2023591"
"chr1","10546284","10546584","chr22","28997304","28997607","35","18451020"
"chr1","10558454","10558764","chr5","94532768","94533076","42","83974314"
"chr1","10567506","10567794","chr2","92432908","92433203","47","81865402"
"chr1","10568731","10569039","chr3","106655459","106655766","36","96086728"
"chr1","10573819","10574117","chr1","148395182","148395475","40","137821363"
"chr1","10600435","10600743","chr1","27883875","27884177","42","17283440"
"chr1","10610966","10611283","chr8","93697187","93697481","58","83086221"
"chr1","10620507","10620833","chr7","45201937","45202253","50","34581430"
"chr1","10718859","10719217","chr4","107899588","107899898","88","97180729"
"chr1","10729808","10730094","chr22","45163672","45163961","41","34433864"
"chr1","10742702","10743004","chr20","22923582","22923882","35","12180880"
"chr1","10757506","10757811","chr21","40584762","40585072","39","29827256"
"chr1","10768234","10768517","chrUn_GL288700","6268","6551","37","10761966"
"chr1","10768860","10769160","chr3","152941248","152941549","40","142172388"
"chr1","10769527","10769816","chr19","24203448","24203737","35","13433921"
"chr1","10783591","10783893","chr7","49632330","49632627","33","38848739"
"chr1","10823597","10823888","chr20","27822433","27822727","48","16998836"
"chr1","10826227","10826524","chr3","123910184","123910483","39","113083957"
"chr1","10848727","10849039","chr10","90431710","90432016","51","79582983"
"chr1","10850909","10851187","chr9","113874562","113874835","41","103023653"
"chr1","10873750","10874053","chr22","29825053","29825352","38","18951303"
"chr1","10887859","10888164","chr1","168595556","168595859","41","157707697"
"chr1","10896028","10896335","chrX","47176701","47177007","44","36280673"
"chr1","10899293","10899591","chr22","4334459","4334753","43","6564834"
"chr1","10909017","10909313","chr4","140143172","140143479","46","129234155"
"chr1","10925202","10925496","chr15","68809459","68809748","43","57884257"
"chr1","10931692","10931998","chr8","80779437","80779743","41","69847745"
"chr1","10932935","10933234","chr4","156698023","156698319","31","145765088"
"chr1","10933996","10934249","chr2","62122108","62122356","43","51188112"
"chr1","10948943","10949244","chr20","22923582","22923882","45","11974639"
"chr1","10950028","10950334","chr22","33981676","33981980","41","23031648"
"chr1","10952523","10952811","chr6","17068239","17068542","50","6115716"
"chr1","10961662","10961966","chr7","45569289","45569574","60","34607627"
"chr1","10962164","10962465","chr4","32607236","32607530","40","21645072"
"chr1","10963107","10963418","chr6","17068239","17068542","37","6105132"
"chr1","10965580","10965846","chrX","43824727","43824993","57","32859147"
"chr1","10970346","10970637","chr10","74928334","74928624","37","63957988"
"chr1","10984808","10985103","chr4","162045743","162046038","44","151060935"
"chr1","10991095","10991408","chr2","162172264","162172572","39","151181169"
"chr1","10992218","10992497","chr5","41236817","41237096","44","30244599"
"chr1","11000288","11000582","chr16","74285601","74285897","40","63285313"
"chr1","11009440","11009733","chr11","43485145","43485437","34","32475705"
"chr1","11032627","11032931","chr3","108570361","108570666","39","97537734"
"chr1","11033683","11033926","chr7","54130077","54130316","40","43096394"
"chr1","11035243","11035528","chr19","6867541","6867823","44","4167702"
"chr1","11046012","11046312","chr22","33925235","33925530","43","22879223"
"chr1","11050754","11050831","chr11","86990800","86990875","12","75940046"
"chr1","11055121","11055408","chr16","69273754","69274049","53","58218633"
"chr1","11074414","11074716","chr5","84826899","84827194","37","73752485"
"chr1","11079397","11079693","chr1","157959927","157960225","35","146880530"
"chr1","11091665","11091985","chrX","11218716","11219017","63","127051"
"chr1","11092516","11092818","chrX","16692831","16693132","42","5600315"
"chr1","11096244","11096449","chr21","49804306","49804510","29","38708062"
"chr1","11101164","11101446","chr7","45701626","45701901","44","34600462"
"chr1","11111197","11111509","chr18","39712282","39712591","41","28601085"
"chr1","11119149","11119284","chr5","154199517","154199649","17","143080368"
"chr1","11119600","11119767","chr1","167234017","167234184","36","156114417"
"chr1","11120257","11120517","chr12","4286115","4286374","34","6834142"
"chr1","11136845","11137140","chr20","27822433","27822727","37","16685588"
"chr1","11139992","11140123","chr6","118257223","118257355","19","107117231"
"chr1","11141397","11141668","chr7","45742561","45742823","37","34601164"
"chr1","11142297","11142596","chr16","54091968","54092259","40","42949671"
"chr1","11145668","11145803","chr1","172218988","172219121","15","161073320"
"chr1","11153787","11154098","chr12","28553718","28554019","49","17399931"
"chr1","11155981","11156289","chr9","11967801","11968108","41","811820"
"chr1","11175747","11176047","chr10","75801881","75802174","39","64626134"
"chr1","11197553","11197842","chr19","24203448","24203737","40","13005895"
"chr1","11202931","11203242","chr6","119827925","119828231","39","108624994"
"chr1","11203404","11203685","chr2","10593959","10594242","46","609445"
"chr1","11209879","11210167","chr7","53508928","53509213","41","42299049"
"chr1","11220999","11221294","chr5","94234310","94234606","36","83013311"
"chr1","11230141","11230426","chr12","43825860","43826148","54","32595719"
"chr1","11239624","11239932","chr7","45841624","45841934","37","34602000"
"chr1","11242218","11242528","chr11","111117466","111117768","46","99875248"
"chr1","11254146","11254439","chr5","94234310","94234606","36","82980164"
"chr1","11267966","11268118","chr15","74442096","74442243","25","63174130"
"chr1","11268459","11268594","chr22","17035586","17035722","10","5767127"
"chr1","11276382","11276679","chr1","194633565","194633866","39","183357183"
"chr1","11277294","11277573","chr10","94034287","94034571","56","82756993"
"chr1","11277948","11278257","chr6","135098116","135098421","51","123820168"
"chr1","11290697","11290987","chr4","54258451","54258734","42","42967754"
"chr1","11291326","11291629","chr7","148985140","148985448","41","137693814"
"chr1","11303023","11303324","chr7","45922925","45923223","39","34619902"
"chr1","11307659","11307971","chr1","168595556","168595859","41","157287897"
"chr1","11314250","11314560","chr5","134608851","134609157","35","123294601"
"chr1","11315396","11315704","chr3","106655459","106655766","30","95340063"
"chr1","11321229","11321534","chr22","28997304","28997607","34","17676075"
"chr1","11326478","11326838","chr9","83000299","83000633","79","71673821"
"chr1","11332822","11333121","chr22","28997304","28997607","34","17664482"
"chr1","11347712","11348021","chr13","35663090","35663393","49","24315378"
"chr1","11353536","11353833","chr10","90908610","90908909","55","79555074"
"chr1","11356529","11356849","chr2","192738409","192738717","46","181381880"
"chr1","11356996","11357312","chr9","99935150","99935455","43","88578154"
"chr1","11358442","11358735","chr18","5141985","5142278","42","6216457"
"chr1","11363221","11363527","chr22","33981676","33981980","38","22618455"
"chr1","11376188","11376509","chr9","98029843","98030162","50","86653655"
"chr1","11390047","11390354","chrX","47176701","47177007","38","35786654"
"chr1","11404686","11404995","chr6","17068239","17068542","42","5663553"
"chr1","11414508","11414796","chr13","100242598","100242888","40","88828090"
"chr1","11421809","11422101","chr5","45608098","45608388","35","34186289"
"chr1","11424926","11425244","chr10","90431710","90432016","51","79006784"
"chr1","11429798","11430095","chr6","49767047","49767345","45","38337249"
"chr1","11437455","11437749","chr4","16350054","16350344","46","4912599"
"chr1","11458016","11458274","chr11","126142075","126142326","37","114684059"
"chr1","11493443","11493736","chr5","132580082","132580369","32","121086639"
"chr1","11495113","11495418","chr3","106655459","106655766","40","95160346"
"chr1","11578602","11578898","chr7","46292384","46292671","42","34713782"
"chr1","11590954","11591264","chr12","87913370","87913678","43","76322416"
"chr1","11596984","11597296","chr3","84624674","84624979","44","73027690"
"chr1","11633227","11633509","chr11","97727292","97727572","39","86094065"
"chr1","11633550","11633846","chr4","30880097","30880395","42","19246547"
"chr1","11639729","11640032","chr9","99101995","99102300","42","87462266"
"chr1","11641235","11641534","chr11","123371423","123371718","42","111730188"
"chr1","11644186","11644485","chr1","152107290","152107588","46","140463104"
"chr1","11686441","11686702","chr2","89755135","89755393","63","78068694"
"chr1","11695297","11695612","chr7","46411877","46412184","56","34716580"
"chr1","11708330","11708584","chr15","65468871","65469122","40","53760541"
"chr1","11717003","11717297","chr12","100785810","100786105","36","89068807"
"chr1","11718022","11718334","chr19","43837344","43837658","42","32119322"
"chr1","11726089","11726393","chr6","17068239","17068542","39","5342150"
"chr1","11733610","11733909","chr17","19805804","19806104","38","8072194"
"chr1","11739269","11739568","chr9","91498490","91498786","36","79759221"
"chr1","11759516","11759830","chr15","2738051","2738361","43","9021465"
"chr1","11773426","11773737","chr11","123924507","123924822","38","112151081"
"chr1","11785723","11786032","chr3","165648344","165648651","48","153862621"
"chr1","11813393","11813690","chr5","23380593","23380893","39","11567200"
"chr1","11814246","11814547","chr7","46553198","46553493","39","34738952"
"chr1","11821276","11821566","chr9","84109498","84109792","41","72288222"
"chr1","11851710","11851906","chr6","87840825","87841020","25","75989115"
"chr1","11853908","11854218","chr5","64708567","64708868","45","52854659"
"chr1","11855254","11855555","chr6","17068239","17068542","36","5212985"
"chr1","11876700","11876984","chrX","107798255","107798539","37","95921555"
"chr1","11886642","11886944","chr4","26335541","26335842","43","14448899"
"chr1","11889449","11889754","chr9","111187673","111187975","47","99298224"
"chr1","11902634","11902933","chr5","26961498","26961795","37","15058864"
"chr1","11941986","11942292","chr5","110323891","110324187","48","98381905"
"chr1","11945697","11946008","chr7","106080561","106080866","39","94134864"
"chr1","11946988","11947266","chr21","43336613","43336889","44","31389625"
"chr1","11950800","11951093","chr11","67036150","67036441","45","55085350"
"chr1","11951284","11951534","chr20","35673131","35673379","37","23721847"
"chr1","11961787","11962086","chr5","2239871","2240172","43","9721916"
"chr1","11987028","11987342","chr8","89746565","89746876","49","77759537"
"chr1","11987348","11987647","chr4","21718170","21718470","40","9730822"
"chr1","12018067","12018155","chr22","459271","459357","16","11558796"
"chr1","12023058","12023359","chr22","33981676","33981980","47","21958618"
"chr1","12026996","12027309","chr22","31767114","31767422","41","19740118"
"chr1","12033710","12034003","chr5","38614488","38614784","35","26580778"
"chr1","12036424","12036731","chr9","11967801","11968108","47","68623"
"chr1","12044455","12044753","chr1","155767295","155767592","40","143722840"
"chr1","12059038","12059347","chr6","17068239","17068542","42","5009201"
"chr1","12065079","12065382","chr1","168595556","168595859","35","156530477"
"chr1","12071859","12071986","chr3","165337457","165337591","17","153265598"
"chr1","12074274","12074579","chr7","6894852","6895150","43","5179422"
"chr1","12074975","12075251","chr2","113220106","113220388","43","101145131"
"chr1","12078282","12078584","chrX","93623389","93623691","40","81545107"
"chr1","12083407","12083706","chr6","17068239","17068542","43","4984832"
"chr1","12087156","12087467","chr5","127485810","127486119","43","115398654"
"chr1","12093545","12093788","chr5","3672109","3672360","41","8421436"
"chr1","12094614","12094924","chrX","45395851","45396165","42","33301237"
"chr1","12099144","12099444","chr8","107362312","107362609","45","95263168"
"chr1","12100675","12100975","chrX","97185025","97185330","36","85084350"
"chr1","12113341","12113473","chr7","46869318","46869449","14","34755977"
"chr1","12122836","12123128","chr14","5921690","5921981","37","6201146"
"chr1","12129895","12130210","chr6","17068239","17068542","45","4938344"
"chr1","12139750","12139936","chr15","6967945","6968130","27","5171805"
"chr1","12153994","12154303","chr7","80047681","80047980","50","67893687"
"chr1","12160254","12160385","chr15","33787703","33787834","24","21627449"
"chr1","12170665","12170975","chr14","68680785","68681094","52","56510120"
"chr1","12174268","12174546","chr11","23439208","23439487","34","11264940"
"chr1","12175933","12176246","chr1","27883875","27884177","47","15707942"
"chr1","12187141","12187452","chr5","150153039","150153350","44","137965898"
"chr1","12196019","12196329","chr12","36521035","36521342","43","24325016"
"chr1","12210979","12211247","chrX","39387728","39387995","51","27176749"
"chr1","12225963","12226278","chr7","46984113","46984428","39","34758150"
"chr1","12247158","12247429","chr12","5182050","5182334","49","7065108"
"chr1","12262699","12263002","chrX","97185025","97185330","45","84922326"
"chr1","12270175","12270479","chr8","90070086","90070388","44","77799911"
"chr1","12274411","12274611","chr7","61908734","61908933","34","49634323"
"chr1","12280501","12280788","chr6","85003601","85003881","47","72723100"
"chr1","12285256","12285583","chr5","96896431","96896755","56","84611175"
"chr1","12286076","12286377","chr5","38201290","38201586","44","25915214"
"chr1","12288841","12289141","chr7","47068876","47069165","46","34780035"
"chr1","12323945","12324188","chr7","47114303","47114544","44","34790358"
"chr1","12343189","12343469","chr4","34845790","34846071","41","22502601"
"chr1","12352009","12352304","chr13","20723712","20724002","42","8371703"
"chr1","12361855","12362162","chr5","42661443","42661746","40","30299588"
"chr1","12388293","12388608","chr16","75482904","75483210","46","63094611"
"chr1","12391580","12391700","chr6","80381063","80381185","30","67989483"
"chr1","12421834","12422128","chr3","152863410","152863699","48","140441576"
"chr1","12455637","12455897","chr7","47248723","47248983","31","34793086"
"chr1","12456356","12456665","chr1","137129532","137129843","42","124673176"
"chr1","12517650","12517928","chr2","10414629","10414909","42","2103021"
"chr1","12529925","12530238","chr16","32621016","32621322","46","20091091"
"chr1","12530903","12531209","chr22","28997304","28997607","37","16466401"
"chr1","12607897","12608176","chr7","47417155","47417433","35","34809258"
"chr1","12610069","12610376","chr7","47419338","47419633","55","34809269"
"chr1","12613763","12614070","chr2","9886138","9886441","34","2727625"
"chr1","12625980","12626287","chr10","117620910","117621216","39","104994930"
"chr1","12637425","12637667","chr7","86905300","86905537","42","74267875"
"chr1","12643449","12643758","chrX","45395851","45396165","40","32752402"
"chr1","12648409","12648702","chr21","50309276","50309562","52","37660867"
"chr1","12679090","12679242","chr10","100550541","100550700","37","87871451"
"chr1","12679270","12679389","chr7","65757736","65757854","12","53078466"
"chr1","12722051","12722349","chr1","27883875","27884177","41","15161824"
"chr1","12747065","12747368","chr4","30643780","30644085","38","17896715"
"chr1","12752303","12752582","chr22","32856560","32856853","54","20104257"
"chr1","12790363","12790644","chr4","136035930","136036213","53","123245567"
"chr1","12792582","12792820","chr7","117634686","117634924","56","104842104"
"chr1","12836528","12836630","chr7","12879902","12880008","14","43374"
"chr1","12837712","12838019","chr9","11967801","11968108","55","869911"
"chr1","12856040","12856315","chr1","144871896","144872170","51","132015856"
"chr1","12858262","12858502","chr9","37701340","37701568","54","24843078"
"chr1","12874339","12874479","chr11","117469614","117469755","25","104595275"
"chr1","12891303","12891404","chr1","118887978","118888077","13","105996675"
"chr1","12892487","12892771","chr4","34845790","34846071","52","21953303"
"chr1","12936036","12936310","chrX","39387728","39387995","39","26451692"
"chr1","12952449","12952585","chr11","109899418","109899552","22","96946969"
"chr1","12952859","12953016","chr9","43291243","43291387","29","30338384"
"chr1","13006590","13006823","chr5","134387174","134387424","51","121380584"
"chr1","13008111","13008406","chr9","99455195","99455505","61","86447084"
"chr1","13026507","13026799","chr14","81732110","81732406","57","68705603"
"chr1","13028717","13028956","chr10","17281910","17282142","55","4253193"
"chr1","13044588","13044728","chr11","117469614","117469755","25","104425026"
"chr1","13082619","13082925","chr5","7574884","7575188","57","5507735"
"chr1","13098481","13098707","chr4","21615913","21616146","53","8517432"
"chr1","13103197","13103261","chr5","121134217","121134283","10","108031020"
"chr1","13123513","13123577","chr5","121134217","121134283","10","108010704"
"chr1","13128082","13128308","chr4","21615913","21616146","53","8487831"
"chr1","13143864","13144170","chr5","7574884","7575188","57","5568980"
"chr1","13184207","13184347","chr11","117469614","117469755","25","104285407"
"chr1","13199997","13200236","chr10","17281910","17282142","56","4081913"
"chr1","13202154","13202446","chr14","81732110","81732406","56","68529956"
"chr1","13220551","13220846","chr9","99455195","99455505","61","86234644"
"chr1","13234678","13234959","chr2","118887413","118887694","41","105652735"
"chr1","13235661","13235969","chr6","17068239","17068542","48","3832578"
"chr1","13239185","13239485","chr2","192738409","192738717","48","179499224"
"chr1","13248776","13248933","chr9","43291243","43291387","29","30042467"
"chr1","13249207","13249343","chr11","109899418","109899552","22","96650211"
"chr1","13265476","13265750","chr1","138060195","138060467","40","124794719"
"chr1","13309032","13309316","chr2","83138548","83138833","54","69829516"
"chr1","13310400","13310501","chr1","118887978","118888077","13","105577578"
"chr1","13327358","13327493","chr9","39456312","39456442","28","26128954"
"chr1","13345722","13345961","chr7","117634686","117634924","54","104288964"
"chr1","13347879","13348186","chr14","81732110","81732406","69","68384231"
"chr1","13366289","13366578","chr1","164311115","164311418","58","150944826"
"chr1","13367867","13368100","chr5","134387174","134387424","50","121019307"
"chr1","13379694","13379987","chr15","6011216","6011510","43","7368478"
"chr1","13380048","13380354","chr7","56596965","56597275","47","43216917"
"chr1","13383559","13383868","chr2","137593855","137594162","41","124210296"
"chr1","13392757","13393110","chr6","17068239","17068542","85","3675482"
"chr1","13398360","13398491","chrUn_GL286373","488043","488175","15","12910317"
"chr1","13403516","13403805","chr10","122062048","122062334","51","108658532"
"chr1","13410045","13410174","chr9","39456312","39456442","13","26046267"
"chr1","13412131","13412317","chr20","26835036","26835223","31","13422905"
"chr1","13413355","13413664","chr12","27257719","27258031","48","13844364"
"chr1","13415083","13415381","chr5","50556024","50556321","39","37140941"
"chr1","13426297","13426603","chr3","153217268","153217573","48","139790971"
"chr1","13428182","13428426","chr5","123938398","123938642","43","110510216"
"chr1","13441945","13442229","chr4","16350054","16350344","51","2908109"
"chr1","13442631","13442942","chr5","129591545","129591851","41","116148914"
"chr1","13443062","13443298","chr2","196279413","196279650","45","182836351"
"chr1","13447299","13447602","chr1","202849760","202850061","48","189402461"
"chr1","13454001","13454251","chr7","24573963","24574211","31","11119962"
"chr1","13455281","13455588","chr6","141003358","141003658","42","127548077"
"chr1","13490148","13490458","chr2","9886138","9886441","37","3604010"
"chr1","13523450","13523760","chr6","21957187","21957498","54","8433737"
"chr1","13526616","13526879","chr11","109240498","109240754","50","95713882"
"chr1","13533471","13533782","chr7","76330112","76330423","41","62796641"
"chr1","13558967","13559258","chr7","47771162","47771456","44","34212195"
"chr1","13589844","13590127","chr2","10414629","10414909","42","3175215"
"chr1","13667273","13667582","chr7","47866961","47867263","42","34199688"
"chr1","13696199","13696491","chr5","132893438","132893729","39","119197239"
"chr1","13725214","13725504","chr4","16350054","16350344","38","2624840"
"chr1","13931847","13932157","chr11","108993011","108993317","53","95061164"
"chr1","14047589","14047919","chr13","18130900","18131229","56","4083311"
"chr1","14102915","14103220","chr9","115637925","115638221","53","101535010"
"chr1","14267701","14267981","chr1","189468811","189469090","49","175201110"
"chr1","14338192","14338505","chr19","18047197","18047497","55","3709005"
"chr1","14348052","14348351","chr7","48582379","48582675","42","34234327"
"chr1","14411304","14411595","chr12","52530244","52530526","44","38118940"
"chr1","14464529","14464820","chr19","43977271","43977559","41","29512742"
"chr1","14489448","14489736","chr9","44537673","44537953","42","30048225"
"chr1","14524039","14524317","chr17","73825384","73825660","39","59301345"
"chr1","14560345","14560594","chr2","37529205","37529456","35","22968860"
"chr1","14595396","14595710","chr17","54870851","54871173","48","40275455"
"chr1","14721872","14722179","chr12","27257719","27258031","45","12535847"
"chr1","14732357","14732666","chr6","17068239","17068542","51","2335882"
"chr1","14743153","14743443","chr10","16033492","16033786","35","1290339"
"chr1","14763740","14764047","chr12","80419888","80420192","43","65656148"
"chr1","14790721","14790990","chr7","49079053","49079308","51","34288332"
"chr1","14808287","14808597","chr10","126696429","126696740","45","111888142"
"chr1","14838639","14838921","chr7","49130155","49130437","33","34291516"
"chr1","14860198","14860492","chr10","79733069","79733359","46","64872871"
"chr1","14870335","14870638","chr7","49162759","49163057","43","34292424"
"chr1","14905061","14905359","chr6","123235089","123235376","48","108330028"
"chr1","14921700","14922011","chr5","11704563","11704869","49","3217137"
"chr1","14931155","14931465","chr7","49219241","49219563","53","34288086"
"chr1","14948875","14949155","chr9","111461476","111461764","39","96512601"
"chr1","14965973","14966275","chr5","62823651","62823960","43","47857678"
"chr1","14989195","14989495","chr14","83739394","83739686","39","68750199"
"chr1","14992992","14993126","chr2","137370413","137370543","21","122377421"
"chr1","15005504","15005804","chr10","16033492","16033786","54","1027988"
"chr1","15025841","15025926","chr20","10950849","10950934","7","4074992"
"chr1","15030256","15030560","chrX","47176701","47177007","48","32146445"
"chr1","15033737","15034038","chr2","15746747","15747046","42","713010"
"chr1","15040939","15041260","chr3","106655459","106655766","51","91614520"
"chr1","15047489","15047783","chr7","89217839","89218129","48","74170350"
"chr1","15055195","15055488","chr13","58247712","58248008","38","43192517"
"chr1","15078134","15078423","chr1","92333049","92333349","49","77254915"
"chr1","15082684","15082935","chr7","49380506","49380762","42","34297822"
"chr1","15092491","15092774","chr6","19297176","19297455","52","4204685"
"chr1","15149427","15149724","chr3","177773552","177773857","45","162624125"
"chr1","15160266","15160572","chr10","117620910","117621216","38","102460644"
"chr1","15162167","15162461","chr9","58325543","58325835","38","43163376"
"chr1","15173212","15173520","chr22","33981676","33981980","36","18808464"
"chr1","15215745","15216057","chr3","153217268","153217573","42","138001523"
"chr1","15224898","15225179","chr5","154020351","154020637","46","138795453"
"chr1","15229284","15229577","chr1","168595556","168595859","47","153366272"
"chr1","15231268","15231567","chr1","13954469","13954768","44","1276799"
"chr1","15232014","15232315","chr7","49532335","49532640","48","34300321"
"chr1","15239305","15239616","chr10","90431710","90432016","41","75192405"
"chr1","15256372","15256672","chr7","148985140","148985448","43","133728768"
"chr1","15301746","15302034","chr22","28997304","28997607","43","13695558"
"chr1","15347483","15347748","chr15","29193671","29193937","36","13846188"
"chr1","15351064","15351372","chr11","17740738","17741037","42","2389674"
"chr1","15367956","15368273","chr7","49674110","49674420","46","34306154"
"chr1","15396528","15396839","chr2","31372053","31372354","46","15975525"
"chr1","15415479","15415789","chr6","135098116","135098421","42","119682637"
"chr1","15417976","15418289","chr22","6945334","6945647","36","8472642"
"chr1","15425243","15425536","chrX","10848381","10848675","34","4576862"
"chr1","15433149","15433444","chr12","100785810","100786105","44","85352661"
"chr1","15456077","15456359","chr2","56700759","56701042","42","41244682"
"chr1","15463768","15464061","chrX","106830287","106830578","54","91366519"
"chr1","15465004","15465308","chrX","47176701","47177007","41","31711697"
"chr1","15471265","15471575","chr10","90431710","90432016","48","74960445"
"chr1","15475445","15475757","chr6","17068239","17068542","42","1592794"
"chr1","15483646","15483941","chr10","16033492","16033786","44","549846"
"chr1","15484902","15485194","chr15","6011216","6011510","36","9473686"
"chr1","15490586","15490882","chr12","22817671","22817967","40","7327085"
"chr1","15494284","15494581","chr2","19920919","19921219","39","4426635"
"chr1","15506167","15506452","chr14","79740069","79740351","37","64233902"
"chr1","15511407","15511703","chr5","52498828","52499124","37","36987421"
"chr1","15514724","15515033","chr5","2508969","2509278","48","13005755"
"chr1","15518864","15519174","chr13","18393383","18393690","45","2874519"
"chr1","15530696","15530987","chr14","83739394","83739686","39","68208698"
"chr1","15533345","15533652","chr22","28997304","28997607","41","13463959"
"chr1","15539746","15540041","chr5","94234310","94234606","40","78694564"
"chr1","15547445","15547741","chr5","5324822","5325117","42","10222623"
"chr1","15561403","15561696","chrX","137955665","137955956","39","122394262"
"chr1","15572353","15572659","chr16","298977","299284","37","15273376"
"chr1","15580202","15580503","chr6","17068239","17068542","34","1488037"
"chr1","15594420","15594720","chr22","10679582","10679884","41","4914838"
"chr1","15594721","15594858","chr4","26022910","26023045","18","10428189"
"chr1","15604026","15604256","chr7","11016979","11017210","48","4587047"
"chr1","15608369","15608676","chr9","106855708","106856013","43","91247339"
"chr1","15608948","15609129","chr12","4348306","4348486","41","11260642"
"chr1","15609437","15609568","chr19","35917124","35917261","16","20307687"
"chr1","15611519","15611811","chr10","74504509","74504804","35","58892990"
"chr1","15619111","15619423","chr3","106655459","106655766","48","91036348"
"chr1","15634856","15634930","chr9","100279098","100279173","15","84644242"
"chr1","15641190","15641485","chr20","29549977","29550272","44","13908787"
"chr1","15642642","15642786","chr12","102587935","102588079","18","86945293"
"chr1","15643082","15643166","chr7","43968061","43968143","25","28324979"
"chr1","15644895","15645191","chr14","83739394","83739686","47","68094499"
"chr1","15678271","15678567","chr5","60529593","60529894","37","44851322"
"chr1","15678910","15679217","chr6","93506061","93506372","41","77827151"
"chr1","15686469","15686648","chrUn_GL286397","305059","305228","37","15381410"
"chr1","15686949","15687086","chr19","35917124","35917261","16","20230175"
"chr1","15694747","15695057","chr3","106655459","106655766","42","90960712"
"chr1","15702416","15702717","chr7","80047681","80047980","38","64345265"
"chr1","15712838","15713099","chr7","50030995","50031257","26","34318157"
"chr1","15740279","15740577","chr4","15705730","15706030","36","34549"
"chr1","15760249","15760555","chr3","106655459","106655766","36","90895210"
"chr1","15762088","15762256","chrX","106480049","106480214","27","90717961"
"chr1","15762561","15762680","chr11","63186025","63186149","20","47423464"
"chr1","15769934","15770245","chr11","64363135","64363445","44","48593201"
"chr1","15773862","15774164","chr7","62848906","62849206","50","47075044"
"chr1","15779292","15779602","chr1","168595556","168595859","44","152816264"
"chr1","15780204","15780494","chr12","84690705","84690998","40","68910501"
"chr1","15783911","15784203","chr8","17986475","17986786","46","2202564"
"chr1","15786851","15787134","chr7","50110520","50110807","40","34323669"
"chr1","15790215","15790518","chr4","156698023","156698319","42","140907808"
"chr1","15804508","15804797","chr5","92860881","92861172","34","77056373"
"chr1","15818777","15819086","chr1","143276088","143276390","44","127457311"
"chr1","15824195","15824330","chr1","172218988","172219121","23","156394793"
"chr1","15824627","15824786","chr10","100550541","100550700","31","84725914"
"chr1","15826792","15826927","chr2","151896913","151897047","19","136070121"
"chr1","15833306","15833575","chr1","75555059","75555337","53","59721753"
"chr1","15853157","15853177","chr10","17789322","17789342","6","1936165"
"chr1","15853511","15853660","chr12","56417780","56417916","27","40564269"
"chr1","15853965","15854100","chr4","43236196","43236331","12","27382231"
"chr1","15857365","15857656","chr7","89217839","89218129","33","73360474"
"chr1","15877284","15877565","chr12","11789686","11789970","50","4087598"
"chr1","15880454","15880756","chr6","17068239","17068542","37","1187785"
"chr1","15887743","15888035","chrX","17243808","17244094","45","1356065"
"chr1","15901361","15901669","chr12","79466586","79466890","67","63565225"
"chr1","15901905","15902228","chr5","96896431","96896755","49","80994526"
"chr1","15906430","15906762","chr12","4240854","4241177","64","11665576"
"chr1","15907200","15907489","chr4","30880097","30880395","40","14972897"
"chr1","15936656","15936778","chr7","131572147","131572266","16","115635491"
"chr1","15938136","15938415","chr3","117679562","117679828","46","101741426"
"chr1","15954873","15955179","chr12","27257719","27258031","39","11302846"
"chr1","15974573","15974875","chrX","107683765","107684064","43","91709192"
"chr1","15980603","15980885","chrX","105924911","105925188","36","89944308"
"chr1","15985026","15985320","chr8","95234794","95235088","41","79249768"
"chr1","15986340","15986630","chr7","12856994","12857284","47","3129346"
"chr1","16002855","16003185","chr9","35187592","35187919","61","19184737"
"chr1","16053037","16053327","chr12","29333369","29333657","43","13280332"
"chr1","16074741","16074887","chr6","149721651","149721799","18","133646910"
"chr1","16075187","16075360","chr3","53757892","53758068","31","37682705"
"chr1","16085958","16086252","chrX","69095527","69095826","40","53009569"
"chr1","16102311","16102620","chr1","168595556","168595859","49","152493245"
"chr1","16113648","16113934","chr7","49560480","49560768","43","33446832"
"chr1","16113944","16114179","chr5","95024651","95024885","36","78910707"
"chr1","16121518","16121820","chr9","84995814","84996115","48","68874296"
"chr1","16157507","16157808","chr4","106715273","106715572","48","90557766"
"chr1","16158521","16158812","chr5","96131874","96132165","39","79973353"
"chr1","16160785","16161080","chr1","186704593","186704886","40","170543808"
"chr1","16169763","16170053","chr4","38209077","38209362","39","22039314"
"chr1","16180148","16180451","chr15","24649508","24649805","41","8469360"
"chr1","16188291","16188598","chr1","138704511","138704815","51","122516220"
"chr1","16213776","16214060","chr5","38801240","38801522","44","22587464"
"chr1","16220526","16220675","chr1","174801627","174801776","15","158581101"
"chr1","16222277","16222591","chrX","124381299","124381609","51","108159022"
"chr1","16245319","16245613","chr5","94234310","94234606","42","77988991"
"chr1","16259483","16259795","chr9","54183120","54183430","46","37923637"
"chr1","16277443","16277747","chr3","84624674","84624979","44","68347231"
"chr1","16281649","16281999","chr11","28420742","28421070","74","12139093"
"chr1","16288676","16288974","chr10","14603732","14604030","47","1684944"
"chr1","16297944","16298243","chr4","156698023","156698319","37","140400079"
"chr1","16300894","16301198","chr10","127954939","127955242","38","111654045"
"chr1","16308741","16309042","chr7","50609063","50609357","40","34300322"
"chr1","16309763","16309913","chr13","27991512","27991647","32","11681749"
"chr1","16310212","16310381","chr4","34157283","34157451","32","17847071"
"chr1","16310713","16310993","chr5","134387174","134387424","64","118076461"
"chr1","16320727","16320818","chr4","159590003","159590096","14","143269276"
"chr1","16323515","16323821","chr1","184817871","184818171","45","168494356"
"chr1","16327704","16328000","chr6","17068239","17068542","42","740535"
"chr1","16332536","16332840","chr3","108570361","108570666","45","92237825"
"chr1","16336350","16336655","chr12","20572358","20572667","45","4236008"
"chr1","16346754","16347044","chr2","15944306","15944594","43","402448"
"chr1","16347240","16347514","chr9","75309029","75309307","43","58961789"
"chr1","16350465","16350757","chrX","140448051","140448339","66","124097586"
"chr1","16365297","16365592","chrX","86580996","86581293","38","70215699"
"chr1","16380310","16380466","chr18","38568747","38568911","34","22188437"
"chr1","16380768","16380906","chr12","23912299","23912438","24","7531531"
"chr1","16381281","16381571","chr5","69022445","69022742","42","52641164"
"chr1","16388128","16388405","chr1","201842259","201842526","51","185454131"
"chr1","16388679","16388938","chr7","50684421","50684663","47","34295742"
"chr1","16394697","16394978","chr12","48605950","48606233","47","32211253"
"chr1","16408591","16408891","chr6","17068239","17068542","33","659648"
"chr1","16416396","16416698","chr16","53668583","53668884","38","37252187"
"chr1","16429887","16430134","chr11","32759698","32759945","40","16329811"
"chr1","16436485","16436807","chr13","88836338","88836664","54","72399853"
"chr1","16437770","16438062","chr1","77244892","77245188","37","60807122"
"chr1","16461409","16461701","chr11","82219674","82219971","42","65758265"
"chr1","16462989","16463286","chrX","45981223","45981523","44","29518234"
"chr1","16474691","16474986","chr6","17068239","17068542","47","593548"
"chr1","16490173","16490358","chr15","6967945","6968130","22","9522228"
"chr1","16492671","16492806","chr4","43236196","43236331","12","26743525"
"chr1","16496217","16496538","chr11","124673390","124673705","41","108177173"
"chr1","16497162","16497478","chr7","50779450","50779764","36","34282288"
"chr1","16504893","16505125","chr22","31518540","31518771","37","15013647"
"chr1","16507911","16508191","chr21","27518","27788","47","16480393"
"chr1","16510541","16510833","chr7","32099825","32100120","42","15589284"
"chr1","16531541","16531825","chr12","11789686","11789970","50","4741855"
"chr1","16533159","16533453","chr19","24203448","24203737","45","7670289"
"chr1","16544961","16545262","chr1","179405301","179405601","45","162860340"
"chr1","16573621","16573895","chr5","155565032","155565305","46","138991411"
"chr1","16616418","16616718","chr5","94234310","94234606","33","77617892"
"chr1","16624670","16624969","chr9","103685426","103685723","46","87060756"
"chr1","16657952","16658232","chr7","60622958","60623238","38","43965006"
"chr1","16660577","16660862","chr21","27518","27788","49","16633059"
"chr1","16663212","16663515","chr3","165648344","165648651","45","148985132"
"chr1","16677298","16677605","chr17","46251571","46251874","51","29574273"
"chr1","16690156","16690451","chr10","14603732","14604030","38","2086424"
"chr1","16709217","16709523","chr5","2239871","2240172","43","14469346"
"chr1","16728032","16728327","chr7","125443365","125443662","43","108715333"
"chr1","16743947","16744250","chr3","165648344","165648651","45","148904397"
"chr1","16746603","16746888","chr21","27518","27788","49","16719085"
"chr1","16749236","16749516","chr7","60622958","60623238","39","43873722"
"chr1","16790397","16790651","chr14","21170276","21170525","34","4379879"
"chr1","16862668","16862970","chr7","40960117","40960419","45","24097449"
"chr1","16874481","16874775","chr19","24203448","24203737","44","7328967"
"chr1","16876096","16876379","chr9","29083846","29084131","51","12207750"
"chr1","16899416","16899715","chr7","32099825","32100120","48","15200409"
"chr1","16902053","16902337","chr21","27518","27788","53","16874535"
"chr1","16908758","16908994","chr20","21200623","21200858","41","4291865"
"chr1","16915898","16916192","chr17","73420131","73420419","39","56504233"
"chr1","16916836","16917145","chr21","40584762","40585072","35","23667926"
"chr1","16919888","16920070","chr1","184351715","184351894","32","167431827"
"chr1","16920357","16920492","chr22","17035586","17035722","13","115229"
"chr1","16928847","16929126","chr14","17368679","17368957","39","439832"
"chr1","16931762","16932066","chr19","23295013","23295320","49","6363251"
"chr1","16942824","16942956","chr17","52749755","52749887","14","35806931"
"chr1","16947827","16948127","chr7","50816398","50816699","52","33868571"
"chr1","16962736","16962806","chr6","76604838","76604910","11","59642102"
"chr1","16964104","16964372","chr1","198804270","198804512","97","181840166"
"chr1","16964981","16965114","chr7","14132148","14132281","17","2832833"
"chr1","16995472","16995745","chr5","154035428","154035699","47","137039956"
"chr1","17006255","17006550","chr7","112086131","112086426","32","95079876"
"chr1","17010114","17010377","chr7","12587592","12587853","36","4422522"
"chr1","17015728","17016012","chr2","17313050","17313343","53","297322"
"chr1","17017861","17018168","chr2","124980237","124980538","45","107962376"
"chr1","17026359","17026662","chr5","99799393","99799697","47","82773034"
"chr1","17034434","17034679","chr15","26057042","26057287","33","9022608"
"chr1","17040848","17041159","chr3","84166865","84167168","45","67126017"
"chr1","17047075","17047385","chr7","45344118","45344429","45","28297043"
"chr1","17061075","17061398","chr12","14442646","14442956","54","2618429"
"chr1","17079794","17080090","chr10","126070729","126071027","38","108990935"
"chr1","17109486","17109790","chr6","94863182","94863479","43","77753696"
"chr1","17125395","17125703","chr19","25591314","25591622","39","8465919"
"chr1","17136820","17137123","chrX","30043039","30043339","40","12906219"
"chr1","17169238","17169536","chr20","23248359","23248652","43","6079121"
"chr1","17175617","17175905","chrX","17243808","17244094","32","68191"
"chr1","17191071","17191350","chr15","16049636","16049913","46","1141435"
"chr1","17216589","17216896","chr1","82669756","82670065","35","65453167"
"chr1","17259071","17259398","chr5","87454864","87455158","63","70195793"
"chr1","17276053","17276363","chr12","110699815","110700119","42","93423762"
"chr1","17291485","17291777","chr2","137365843","137366137","38","120074358"
"chr1","17299162","17299398","chr1","193956231","193956461","44","176657069"
"chr1","17313218","17313519","chr7","67310637","67310940","38","49997419"
"chr1","17327529","17327825","chr22","7212609","7212901","51","10114920"
"chr1","17332250","17332549","chr2","80721805","80722103","37","63389555"
"chr1","17340791","17341093","chr6","154513729","154514039","48","137172938"
"chr1","17342693","17342987","chr1","209526500","209526793","38","192183807"
"chr1","17353958","17354256","chr11","9443706","9444010","53","7910252"
"chr1","17365586","17365884","chr9","100523236","100523533","42","83157650"
"chr1","17384458","17384719","chr7","51278659","51278918","43","33894201"
"chr1","17392872","17393159","chr5","637686","637980","55","16755186"
"chr1","17399755","17400060","chr7","45708752","45709057","54","28308997"
"chr1","17403652","17403954","chr7","51306411","51306684","51","33902759"
"chr1","17405262","17405542","chr5","1642234","1642514","40","15763028"
"chr1","17413852","17413980","chr22","34407965","34408089","17","16994113"
"chr1","17426755","17427059","chr7","30011356","30011665","43","12584601"
"chr1","17445934","17446198","chr20","7774398","7774666","45","9671536"
"chr1","17449898","17450195","chr18","29057219","29057511","40","11607321"
"chr1","17452131","17452427","chr18","4701650","4701950","44","12750481"
"chr1","17456817","17457109","chr10","7401926","7402222","47","10054891"
"chr1","17468215","17468512","chr20","29549977","29550272","47","12081762"
"chr1","17468684","17468990","chr2","8010187","8010487","43","9458497"
"chr1","17472598","17472879","chr7","49560480","49560768","53","32087882"
"chr1","17507571","17507795","chr12","22089917","22090150","41","4582346"
"chr1","17508546","17508835","chr8","9296584","9296876","34","8211962"
"chr1","17525721","17526030","chr3","106655459","106655766","46","89129738"
"chr1","17529001","17529302","chr12","87913370","87913678","38","70384369"
"chr1","17541549","17541685","chr7","51449957","51450089","15","33908408"
"chr1","17541990","17542168","chr14","94170216","94170394","35","76628226"
"chr1","17548647","17548948","chr5","76241670","76241978","41","58693023"
"chr1","17552401","17552571","chrX","108352935","108353103","31","90800534"
"chr1","17552604","17552723","chrX","107984432","107984552","17","90431828"
"chr1","17557061","17557374","chr9","85779282","85779593","42","68222221"
"chr1","17567375","17567667","chr1","172257719","172258009","40","154690344"
"chr1","17577037","17577345","chr7","16121759","16122064","43","1455278"
"chr1","17579019","17579318","chr1","157959927","157960225","36","140380908"
"chr1","17581034","17581339","chrX","51938318","51938628","41","34357284"
"chr1","17598103","17598395","chr3","145801070","145801369","43","128202967"
"chr1","17600773","17601079","chr9","45396887","45397186","44","27796114"
"chr1","17601443","17601745","chr7","87073863","87074158","46","69472420"
"chr1","17650451","17650755","chr1","27883875","27884177","40","10233424"
"chr1","17725566","17725857","chr14","4609829","4610121","42","13115737"
"chr1","17787273","17787570","chr12","107300154","107300445","47","89512881"
"chr1","17811862","17812156","chr7","51738856","51739141","43","33926994"
"chr1","17863030","17863330","chr7","6894852","6895150","38","10968178"
"chr1","17939089","17939384","chr9","112240509","112240808","38","94301420"
"chr1","17994958","17995238","chr7","51946632","51946915","49","33951674"
"chr1","17997747","17998057","chr7","51949943","51950248","50","33952196"
"chr1","18002687","18003000","chr9","99776089","99776389","56","81773402"
"chr1","18018808","18019123","chrX","15478140","15478450","48","2540668"
"chr1","18039873","18040186","chr9","11967801","11968108","59","6072072"
"chr1","18070439","18070741","chr20","22923582","22923882","48","4853143"
"chr1","18203298","18203608","chr3","106655459","106655766","46","88452161"
"chr1","18210860","18211171","chr13","43465639","43465945","48","25254779"
"chr1","18224784","18225064","chrX","105924911","105925188","36","87700127"
"chr1","18273040","18273330","chr11","118075028","118075334","43","99801988"
"chr1","18274744","18275052","chr7","102737006","102737318","48","84462262"
"chr1","18342095","18342393","chr22","7822716","7823014","41","10519379"
"chr1","18371290","18371586","chr7","52336159","52336443","42","33964869"
"chr1","18418734","18419041","chr5","84717109","84717410","44","66298375"
"chr1","18423509","18423815","chr7","52395765","52396069","38","33972256"
"chr1","18449902","18450209","chr5","43497583","43497891","43","25047681"
"chr1","18471870","18472176","chr7","52444945","52445254","35","33973075"
"chr1","18487541","18487837","chr5","94234310","94234606","43","75746769"
"chr1","18494118","18494387","chr18","4009184","4009472","48","14484934"
"chr1","18563082","18563411","chr1","174248029","174248340","66","155684947"
"chr1","18564158","18564462","chr7","52547757","52548059","39","33983599"
"chr1","18577657","18577894","chr7","52566642","52566868","43","33988985"
"chr1","18581796","18582079","chr7","52570464","52570752","36","33988668"
"chr1","18585176","18585484","chr16","50586614","50586920","42","32001438"
"chr1","18586033","18586345","chr5","97331411","97331721","40","78745378"
"chr1","18596192","18596522","chr4","132633047","132633383","64","114036855"
"chr1","18610568","18610840","chr7","129397165","129397435","51","110786597"
"chr1","18656214","18656517","chr7","52645416","52645713","40","33989202"
"chr1","18702051","18702348","chr2","7736700","7736996","42","10965351"
"chr1","18707381","18707724","chr15","25343001","25343338","54","6635620"
"chr1","18712800","18713092","chr4","12463368","12463662","43","6249432"
"chr1","18713930","18714206","chr19","6867541","6867823","42","11846389"
"chr1","18714240","18714251","chr5","92524075","92524085","3","73809835"
"chr1","18776199","18776504","chr1","168595556","168595859","40","149819357"
"chr1","18779892","18780171","chr7","52771341","52771632","43","33991449"
"chr1","18782026","18782318","chr10","55872616","55872911","40","37090590"
"chr1","18797320","18797631","chr1","172873149","172873460","42","154075829"
"chr1","18844471","18844781","chr7","52838547","52838856","49","33994076"
"chr1","18867546","18867848","chr22","41060009","41060309","40","22192463"
"chr1","18870752","18871052","chr10","14603732","14604030","41","4267020"
"chr1","18890260","18890564","chr7","52885289","52885593","36","33995029"
"chr1","18891746","18892044","chr17","34551820","34552118","36","15660074"
"chr1","18894259","18894558","chr5","94234310","94234606","41","75340051"
"chr1","18896612","18896916","chr4","36522598","36522895","37","17625986"
"chr1","18897261","18897569","chr18","29127518","29127823","49","10230257"
"chr1","18914535","18914840","chr2","168879156","168879455","46","149964621"
"chr1","18915843","18916133","chr8","117614816","117615105","44","98698973"
"chr1","18986591","18986896","chr5","134608851","134609157","48","115622260"
"chr1","18988330","18988636","chr3","108570361","108570666","43","89582031"
"chr1","18990343","18990638","chr10","16033492","16033786","36","2956851"
"chr1","18993738","18994043","chr12","18910665","18910972","45","83073"
"chr1","18994563","18994851","chr12","98175864","98176149","42","79181301"
"chr1","19022966","19023244","chr10","101732804","101733077","44","82709838"
"chr1","19031845","19032131","chr1","145176527","145176816","45","126144682"
"chr1","19053050","19053341","chr2","170651743","170652040","47","151598693"
"chr1","19063707","19064018","chr18","29127518","29127823","35","10063811"
"chr1","19123170","19123472","chr18","8503340","8503640","42","10619830"
"chr1","19142842","19143091","chr11","119859546","119859804","45","100716704"
"chr1","19158860","19159156","chr7","53168688","53168991","48","34009828"
"chr1","19176091","19176392","chrX","64125472","64125772","44","44949381"
"chr1","19215679","19215988","chr13","2495222","2495525","47","16720457"
"chr1","19217266","19217529","chr7","53229413","53229679","36","34012147"
"chr1","19221790","19222045","chr15","29193671","29193937","37","9971881"
"chr1","19228770","19229061","chr5","31692982","31693278","41","12464212"
"chr1","19236686","19236991","chr6","7892688","7892995","36","11343998"
"chr1","19246109","19246409","chr7","53260208","53260508","40","34014099"
"chr1","19259938","19260063","chr4","8351522","8351647","12","10908416"
"chr1","19276520","19276823","chrX","60350699","60350998","46","41074179"
"chr1","19290875","19291188","chr5","97331411","97331721","39","78040536"
"chr1","19292426","19292726","chr7","53304171","53304467","34","34011745"
"chr1","19302692","19302987","chr5","26961498","26961795","53","7658806"
"chr1","19310416","19310698","chr15","45493172","45493455","48","26182756"
"chr1","19314898","19315208","chr21","40584762","40585072","40","21269864"
"chr1","19318666","19318799","chr22","33953563","33953694","16","14634897"
"chr1","19328975","19329275","chr10","14603732","14604030","37","4725243"
"chr1","19355212","19355512","chrX","16707913","16708211","35","2647299"
"chr1","19358136","19358437","chr22","29825053","29825352","39","10466917"
"chr1","19383164","19383466","chr6","17068239","17068542","41","2314925"
"chr1","19396659","19396970","chr6","41026834","41027145","49","21630175"
"chr1","19403993","19404258","chr8","25287298","25287560","45","5883305"
"chr1","19404262","19404564","chr10","8101520","8101824","45","11302742"
"chr1","19463898","19464215","chr5","15022197","15022519","56","4441701"
"chr1","19487154","19487291","chr12","31083657","31083797","18","11596503"
"chr1","19489067","19489367","chr5","26961498","26961795","42","7472431"
"chr1","19503085","19503393","chr2","171330283","171330586","45","151827198"
"chr1","19509675","19509973","chr2","147751218","147751518","49","128241543"
"chr1","19516030","19516341","chr4","43074425","43074733","48","23558395"
"chr1","19529207","19529505","chr7","53547350","53547643","37","34018143"
"chr1","19532889","19533023","chr15","23758140","23758272","15","4225251"
"chr1","19565813","19566069","chr5","120949198","120949447","39","101383385"
"chr1","19578637","19578945","chr6","17068239","17068542","34","2510398"
"chr1","19581153","19581451","chr5","110918761","110919060","42","91337608"
"chr1","19583090","19583343","chr7","53582865","53583110","33","33999775"
"chr1","19583870","19584156","chr20","23017174","23017462","41","3433304"
"chr1","19585230","19585534","chr11","116119274","116119581","42","96534044"
"chr1","19604225","19604525","chr12","87295569","87295868","45","67691344"
"chr1","19611690","19611987","chr1","187177722","187178017","37","167566032"
"chr1","19635453","19635644","chr19","13498566","13498747","36","6136887"
"chr1","19635674","19635794","chr9","98985016","98985137","20","79349342"
"chr1","19639777","19640066","chr2","8798514","8798801","41","10841263"
"chr1","19641969","19642279","chr11","125799128","125799440","37","106157159"
"chr1","19649375","19649657","chr4","155962523","155962803","34","136313148"
"chr1","19652706","19652994","chr15","20770296","20770585","34","1117590"
"chr1","19683797","19684060","chr13","31079075","31079335","38","11395278"
"chr1","19755122","19755413","chr13","35663090","35663393","45","15907968"
"chr1","19758813","19759129","chr5","43497583","43497891","40","23738770"
"chr1","19767811","19768113","chr4","11141283","11141584","38","8626528"
"chr1","19775902","19776207","chr3","106655459","106655766","49","86879557"
"chr1","19776749","19777054","chr7","45352279","45352590","42","25575530"
"chr1","19784252","19784555","chr7","44766973","44767280","39","24982721"
"chr1","19792766","19793069","chr6","17068239","17068542","49","2724527"
"chr1","19805287","19805587","chr16","94282491","94282791","41","74477204"
"chr1","19825674","19825976","chr15","28665070","28665364","50","8839396"
"chr1","19829740","19830052","chr6","17068239","17068542","38","2761501"
"chr1","19843627","19843925","chr7","53849584","53849881","38","34005957"
"chr1","19862799","19863088","chr10","8026640","8026929","41","11836159"
"chr1","19875453","19875760","chr11","63112901","63113208","42","43237448"
"chr1","19934735","19935036","chrUn_GL289051","12267","12561","36","19922468"
"chr1","19943745","19944020","chrX","25455014","25455280","42","5511269"
"chr1","19947399","19947694","chr12","100785810","100786105","40","80838411"
"chr1","19947696","19947983","chr18","29057219","29057511","39","9109523"
"chr1","19991077","19991375","chr5","26961498","26961795","40","6970421"
"chr1","20017173","20017458","chr2","66805774","66806063","44","46788601"
"chr1","20058892","20059090","chrX","47514970","47515166","29","27456078"
"chr1","20064292","20064611","chr11","124673390","124673705","46","104609098"
"chr1","20071827","20072122","chr8","104318752","104319045","42","84246925"
"chr1","20073601","20073881","chr5","140441209","140441488","45","120367608"
"chr1","20080324","20080602","chr9","39561803","39562076","53","19481479"
"chr1","20106990","20107222","chr7","54130077","54130316","30","34023087"
"chr1","20144796","20145108","chrX","16667006","16667313","52","3477790"
"chr1","20206719","20207033","chr3","21055528","21055838","46","848809"
"chr1","20227426","20227709","chr12","24025253","24025538","39","3797827"
"chr1","20227747","20227758","chr5","92524075","92524085","3","72296328"
"chr1","20239182","20239475","chr10","126287645","126287938","40","106048463"
"chr1","20262475","20262786","chr19","12527067","12527372","43","7735408"
"chr1","20329263","20329578","chr7","54333915","54334198","65","34004652"
"chr1","20395947","20396184","chr7","86905300","86905537","44","66509353"
"chr1","20397146","20397474","chrX","122250423","122250744","54","101853277"
"chr1","20427696","20427985","chr21","43075982","43076273","37","22648286"
"chr1","20440155","20440464","chr16","298977","299284","39","20141178"
"chr1","20444834","20445127","chr10","101816662","101816963","47","81371828"
"chr1","20447593","20447883","chr13","28239152","28239435","53","7791559"
"chr1","20450866","20451163","chr8","32394971","32395275","54","11944105"
"chr1","20502549","20502833","chr7","54514827","54515109","32","34012278"
"chr1","20509506","20509805","chr17","37986925","37987221","41","17477419"
"chr1","20512538","20512839","chr2","38899352","38899646","42","18386814"
"chr1","20512865","20513097","chr11","129559533","129559768","34","109046668"
"chr1","20517928","20518213","chr21","46276068","46276356","44","25758140"
"chr1","20537144","20537278","chr15","5602058","5602192","16","14935086"
"chr1","20537593","20537763","chr10","5461271","5461436","32","15076322"
"chr1","20541812","20542062","chr7","54559247","54559505","39","34017435"
"chr1","20548003","20548285","chr10","14603732","14604030","42","5944271"
"chr1","20576342","20576612","chr6","154139321","154139589","50","133562979"
"chr1","20577005","20577309","chr14","59493591","59493891","40","38916586"
"chr1","20600474","20600783","chr1","82669756","82670065","49","62069282"
"chr1","20665395","20665700","chr9","100740779","100741081","38","80075384"
"chr1","20672943","20673214","chr21","40124234","40124510","49","19451291"
"chr1","20676550","20676860","chr12","112769436","112769743","44","92092886"
"chr1","20681207","20681491","chr1","178778640","178778928","40","158097433"
"chr1","20683373","20683676","chr6","17068239","17068542","34","3615134"
"chr1","20695177","20695488","chr1","168595556","168595859","38","147900379"
"chr1","20700062","20700370","chr22","33981676","33981980","43","13281614"
"chr1","20713010","20713292","chr18","27480667","27480952","33","6767657"
"chr1","20735094","20735360","chr1","186123695","186123963","56","165388601"
"chr1","20760561","20760854","chr12","100785810","100786105","45","80025249"
"chr1","20809977","20810143","chr7","149001425","149001575","39","128191448"
"chr1","20810454","20810587","chr7","74506681","74506813","15","53696227"
"chr1","20843234","20843545","chr9","11967801","11968108","50","8875433"
"chr1","20859598","20859892","chr6","43666330","43666629","45","22806732"
"chr1","20861692","20861988","chr10","16033492","16033786","36","4828200"
"chr1","20882340","20882649","chr9","8886595","8886904","46","11995745"
"chr1","20908868","20909167","chr5","116115777","116116067","38","95206909"
"chr1","20948729","20948961","chr22","31518540","31518771","33","10569811"
"chr1","20963672","20963949","chr15","65170626","65170895","50","44206954"
"chr1","20972352","20972651","chr20","24416646","24416941","46","3444294"
"chr1","21014636","21014934","chr14","83739394","83739686","43","62724758"
"chr1","21030905","21031193","chr10","59839766","59840054","41","38808861"
"chr1","21061742","21062046","chr11","111117466","111117768","41","90055724"
"chr1","21063728","21064027","chr20","24710965","24711256","51","3647237"
"chr1","21078703","21079000","chr13","15397870","15398167","38","5680833"
"chr1","21082328","21082611","chr7","61916529","61916807","53","40834201"
"chr1","21086662","21086965","chr22","15341421","15341725","41","5745241"
"chr1","21107170","21107471","chr5","131192627","131192936","53","110085457"
"chr1","21109791","21110087","chr5","38614488","38614784","43","17504697"
"chr1","21132783","21133083","chr20","20591422","20591717","44","541361"
"chr1","21138541","21138828","chr7","55168075","55168349","47","34029534"
"chr1","21160904","21161178","chr9","107196094","107196371","47","86035190"
"chr1","21162469","21162771","chr2","42977015","42977317","49","21814546"
"chr1","21166444","21166758","chr22","40503125","40503432","52","19336681"
"chr1","21170389","21170685","chr7","55212543","55212834","38","34042154"
"chr1","21180272","21180565","chr17","73420131","73420419","40","52239859"
"chr1","21209708","21209958","chr17","8754101","8754348","43","12455607"
"chr1","21216300","21216601","chr20","23337174","23337477","36","2120874"
"chr1","21220513","21220808","chr10","55872616","55872911","46","34652103"
"chr1","21225683","21225993","chr18","39712282","39712591","43","18486599"
"chr1","21239889","21240198","chr15","22401594","22401899","40","1161705"
"chr1","21291540","21291837","chr6","130906435","130906726","40","109614895"
"chr1","21311842","21312141","chr7","55360465","55360769","38","34048623"
"chr1","21315512","21315812","chr2","31372053","31372354","37","10056541"
"chr1","21321636","21321911","chr1","65177764","65178041","34","43856128"
"chr1","21333550","21333846","chr7","55385053","55385352","39","34051503"
"chr1","21340557","21340845","chr5","51459104","51459400","48","30118547"
"chr1","21353021","21353306","chr19","16266278","16266559","36","5086743"
"chr1","21354324","21354629","chr1","186704593","186704886","54","165350269"
"chr1","21369405","21369712","chr1","15931085","15931383","36","5438320"
"chr1","21390168","21390470","chr15","66384582","66384873","33","44994414"
"chr1","21397161","21397434","chr1","160994574","160994850","37","139597413"
"chr1","21474194","21474466","chr20","7774398","7774666","46","13699796"
"chr1","21487033","21487316","chr4","1485587","1485864","45","20001446"
"chr1","21490070","21490376","chr7","55468881","55469193","35","33978811"
"chr1","21500325","21500642","chr2","171032147","171032451","49","149531822"
"chr1","21500823","21501125","chr6","17068239","17068542","43","4432584"
"chr1","21504805","21505099","chrUn_GL286838","5758","6037","46","21499047"
"chr1","21519515","21519814","chr7","55500517","55500817","43","33981002"
"chr1","21549463","21549761","chr12","27257719","27258031","49","5708256"
"chr1","21555419","21555717","chr5","109443296","109443591","41","87887877"
"chr1","21556657","21556953","chr12","107488690","107488986","32","85932033"
"chr1","21578651","21578964","chr21","40584762","40585072","46","19006111"
"chr1","21638176","21638485","chr10","87329962","87330263","40","65691786"
"chr1","21647218","21647477","chr7","55627385","55627642","31","33980167"
"chr1","21685321","21685614","chr2","154533489","154533792","49","132848168"
"chr1","21707882","21708165","chr9","111461476","111461764","53","89753594"
"chr1","21718986","21719318","chr2","137593855","137594162","64","115874869"
"chr1","21720511","21720828","chr14","19124339","19124646","57","2596172"
"chr1","21723237","21723531","chr12","7765758","7766060","43","13957479"
"chr1","21732050","21732291","chr1","77823170","77823415","46","56091120"
"chr1","21733134","21733429","chr5","100355199","100355490","38","78622065"
"chr1","21753270","21753541","chr22","9886250","9886514","57","11867020"
"chr1","21758890","21759205","chr3","106655459","106655766","48","84896569"
"chr1","21765334","21765625","chrX","106830287","106830578","43","85064953"
"chr1","21769421","21769710","chr7","55933964","55934256","42","34164543"
"chr1","21789126","21789382","chr7","58441225","58441463","47","36652099"
"chr1","21797298","21797609","chrX","107766457","107766766","42","85969159"
"chr1","21802209","21802495","chr7","55788854","55789139","44","33986645"
"chr1","21817863","21818175","chr1","172873149","172873460","49","151055286"
"chr1","21818176","21818311","chr20","22715714","22715849","13","897538"
"chr1","21835702","21836006","chr22","28997304","28997607","35","7161602"
"chr1","21879656","21879952","chr6","147894727","147895020","37","126015071"
"chr1","21881662","21881972","chr5","64309139","64309447","45","42427477"
"chr1","21892593","21892890","chr7","42176041","42176343","48","20283448"
"chr1","21900659","21900892","chr9","101052040","101052272","38","79151381"
"chr1","21912699","21912994","chr16","91604004","91604295","45","69691305"
"chr1","21919144","21919442","chr9","115637925","115638221","32","93718781"
"chr1","21919912","21920205","chr4","32607236","32607530","39","10687324"
"chr1","21925895","21926113","chrX","7879338","7879558","42","14046557"
"chr1","21928436","21928737","chr5","37665916","37666213","43","15737480"
"chr1","21930492","21930789","chr12","115383799","115384092","40","93453307"
"chr1","21940800","21941098","chr9","115637925","115638221","27","93697125"
"chr1","21957704","21957998","chr10","58374927","58375209","47","36417223"
"chr1","21963136","21963440","chr12","28553718","28554019","36","6590582"
"chr1","21967514","21967825","chr10","126696429","126696740","46","104728915"
"chr1","21971404","21971699","chr4","168156555","168156848","34","146185151"
"chr1","21982337","21982605","chr11","123931609","123931879","43","101949272"
"chr1","21991337","21991635","chr12","31122344","31122642","34","9131007"
"chr1","21993179","21993490","chr5","125737225","125737535","48","103744046"
"chr1","21997079","21997377","chrUn_GL286451","117883","118189","48","21879196"
"chr1","22000817","22001134","chr2","9544077","9544373","70","12456740"
"chr1","22006361","22006552","chr7","85958195","85958373","36","63951834"
"chr1","22014525","22014822","chr5","106897987","106898285","40","84883462"
"chr1","22033340","22033643","chr9","55048246","55048550","34","33014906"
"chr1","22034652","22034949","chr7","56013648","56013949","36","33978996"
"chr1","22044259","22044565","chr15","72185705","72186015","45","50141446"
"chr1","22046328","22046629","chr5","154800624","154800924","44","132754296"
"chr1","22061927","22062234","chr5","11618038","11618344","40","10443889"
"chr1","22065794","22066039","chr12","101743324","101743572","42","79677530"
"chr1","22069171","22069475","chr22","15341421","15341725","37","6727750"
"chr1","22076178","22076425","chr20","35673131","35673379","38","13596953"
"chr1","22152344","22152649","chr7","49325114","49325419","41","27172770"
"chr1","22170485","22170783","chr5","87454864","87455158","41","65284379"
"chr1","22186542","22186841","chr10","29910934","29911230","41","7724392"
"chr1","22187780","22188084","chr20","23337174","23337477","37","1149394"
"chr1","22294651","22294945","chr5","143023404","143023700","41","120728753"
"chr1","22294973","22295263","chr20","23248359","23248652","48","953386"
"chr1","22311083","22311367","chrX","17543907","17544194","37","4767176"
"chr1","22312288","22312623","chr7","56303673","56304004","41","33991385"
"chr1","22348917","22349216","chr7","6894852","6895150","35","15454065"
"chr1","22354390","22354698","chr1","168595556","168595859","46","146241166"
"chr1","22354874","22355178","chr7","56346716","56347019","39","33991842"
"chr1","22368682","22368972","chrX","45666740","45667025","44","23298058"
"chr1","22369008","22369020","chr5","92524075","92524085","3","70155067"
"chr1","22416077","22416381","chr1","29005974","29006273","41","6589897"
"chr1","22422574","22422886","chr1","168595556","168595859","42","146172982"
"chr1","22453938","22454252","chrUn_GL286451","397516","397830","41","22056422"
"chr1","22467476","22467774","chr4","166282997","166283293","41","143815521"
"chr1","22469545","22469836","chr5","133149107","133149395","52","110679562"
"chr1","22477757","22477848","chr12","20773238","20773329","13","1704519"
"chr1","22541991","22542302","chr7","42669887","42670194","38","20127896"
"chr1","22549007","22549292","chr19","28847007","28847290","37","6298000"
"chr1","22558074","22558372","chr3","41933866","41934161","38","19375792"
"chr1","22596651","22596957","chr1","168595556","168595859","44","145998905"
"chr1","22621397","22621707","chr9","95060973","95061282","43","72439576"
"chr1","22624328","22624573","chr1","204054205","204054451","38","181429877"
"chr1","22640389","22640699","chr22","33981676","33981980","34","11341287"
"chr1","22651446","22651755","chr5","83113160","83113466","41","60461714"
"chr1","22669095","22669406","chr7","56669844","56670143","47","34000749"
"chr1","22681198","22681492","chr5","94234310","94234606","38","71553112"
"chr1","22697219","22697513","chr20","27822433","27822727","32","5125214"
"chr1","22716335","22716638","chr9","65621114","65621411","49","42904779"
"chr1","22726409","22726721","chr17","43047641","43047952","37","20321232"
"chr1","22739208","22739515","chrX","249256","249560","42","22489952"
"chr1","22749023","22749319","chr2","6633357","6633652","40","16115666"
"chr1","22764465","22764745","chr3","137032013","137032300","46","114267548"
"chr1","22778015","22778277","chr7","12625452","12625715","42","10152563"
"chr1","22834643","22834954","chr3","106655459","106655766","39","83820816"
"chr1","22846137","22846445","chr10","90431710","90432016","47","67585573"
"chr1","22859514","22859808","chr14","46527925","46528222","34","23668411"
"chr1","22897506","22897810","chr4","36522598","36522895","38","13625092"
"chr1","22926979","22927280","chr1","179921641","179921936","50","156994662"
"chr1","22942049","22942350","chr7","56954211","56954516","38","34012162"
"chr1","22943572","22943884","chr5","97331411","97331721","38","74387839"
"chr1","22990128","22990434","chr2","39017158","39017460","37","16027030"
"chr1","22991588","22991870","chr10","75033486","75033768","34","52041898"
"chr1","23013169","23013472","chr5","124338115","124338421","39","101324946"
"chr1","23014832","23015140","chr10","35587352","35587663","42","12572520"
"chr1","23017711","23018022","chr6","17068239","17068542","38","5949472"
"chr1","23042763","23043047","chr4","11116373","11116655","40","11926390"
"chr1","23048867","23049176","chr12","5316705","5317011","42","17732162"
"chr1","23070190","23070488","chr11","65163335","65163629","45","42093145"
"chr1","23096691","23096987","chr3","19707105","19707399","44","3389586"
"chr1","23104171","23104483","chr7","148985140","148985448","51","125880969"
"chr1","23115549","23115841","chr10","89487563","89487852","28","66372014"
"chr1","23118130","23118406","chrX","118749545","118749828","41","95631415"
"chr1","23133481","23133764","chr12","17597171","17597452","42","5536310"
"chr1","23156099","23156400","chr2","171330283","171330586","34","148174184"
"chr1","23166373","23166677","chr5","134608851","134609157","41","111442478"
"chr1","23172506","23172814","chr7","45344118","45344429","47","22171612"
"chr1","23176063","23176364","chr4","156698023","156698319","35","133521960"
"chr1","23183496","23183798","chr22","29825053","29825352","38","6641557"
"chr1","23202086","23202392","chr1","168595556","168595859","49","145393470"
"chr1","23207117","23207423","chr4","32607236","32607530","46","9400119"
"chr1","23210081","23210377","chr11","110069339","110069632","45","86859258"
"chr1","23212827","23213125","chr11","65163335","65163629","43","41950508"
"chr1","23223057","23223342","chr2","39544771","39545056","47","16321714"
"chr1","23225727","23225836","chr9","41804625","41804731","11","18578898"
"chr1","23226383","23226723","chr5","122078982","122079323","60","98852599"
"chr1","23233698","23234006","chr7","57244942","57245250","44","34011244"
"chr1","23235122","23235335","chr22","4284952","4285161","29","18950170"
"chr1","23237258","23237526","chr9","102546701","102546970","36","79309443"
"chr1","23245885","23246191","chr7","57256447","57256744","38","34010562"
"chr1","23247955","23248253","chr2","35240011","35240299","52","11992056"
"chr1","23265268","23265557","chr3","188219301","188219587","36","164954033"
"chr1","23269891","23270164","chr4","13851306","13851576","49","9418585"
"chr1","23293289","23293600","chr21","35849518","35849828","45","12556229"
"chr1","23297452","23297752","chr7","12951502","12951800","41","10345950"
"chr1","23297828","23298127","chr5","143575904","143576201","41","120278076"
"chr1","23327406","23327718","chr2","18184436","18184746","46","5142970"
"chr1","23328513","23328799","chr10","8026640","8026929","41","15301873"
"chr1","23365433","23365720","chr1","150943574","150943865","41","127578141"
"chr1","23376650","23376965","chr4","160766248","160766567","47","137389598"
"chr1","23379625","23379934","chr7","57400159","57400465","40","34020534"
"chr1","23380164","23380421","chr14","45208132","45208385","39","21827968"
"chr1","23410522","23410829","chr16","38005025","38005333","42","14594503"
"chr1","23413137","23413427","chr8","73879847","73880131","55","50466710"
"chr1","23419561","23419859","chr17","73665047","73665345","44","50245486"
"chr1","23460225","23460536","chr2","61456106","61456415","41","37995881"
"chr1","23474573","23474882","chr7","57495882","57496190","42","34021309"
"chr1","23487327","23487633","chr13","81005871","81006179","63","57518544"
"chr1","23495414","23495698","chr7","100829162","100829457","48","77333748"
"chr1","23507236","23507545","chr7","148985140","148985448","41","125477904"
"chr1","23510330","23510614","chr9","112754308","112754601","42","89243978"
"chr1","23523792","23524072","chr5","84726667","84726945","43","61202875"
"chr1","23536604","23536910","chr1","78546905","78547207","46","55010301"
"chr1","23539412","23539714","chrX","139254397","139254690","40","115714985"
"chr1","23540729","23541037","chr4","159221657","159221968","45","135680928"
"chr1","23550220","23550518","chr14","43386246","43386546","40","19836026"
"chr1","23564549","23564816","chr11","60354466","60354729","47","36789917"
"chr1","23567416","23567713","chr4","7925635","7925934","47","15641781"
"chr1","23583199","23583494","chr7","57617693","57617988","41","34034494"
"chr1","23600087","23600312","chr12","51608967","51609196","50","28008880"
"chr1","23610167","23610427","chrX","39387728","39387995","42","15777561"
"chr1","23616785","23617092","chrX","47176701","47177007","38","23559916"
"chr1","23617724","23618019","chr4","38452112","38452407","40","14834388"
"chr1","23623752","23624065","chr13","54727596","54727903","45","31103844"
"chr1","23631543","23631818","chrX","60275475","60275754","31","36643932"
"chr1","23635866","23636168","chr14","98381171","98381475","39","74745305"
"chr1","23640696","23641009","chr9","93766565","93766871","45","70125869"
"chr1","23642532","23642827","chr5","76517538","76517828","36","52875006"
"chr1","23647613","23647925","chr6","17068239","17068542","41","6579374"
"chr1","23656576","23656884","chr5","47854845","47855147","41","24198269"
"chr1","23665453","23665748","chr6","110803087","110803394","49","87137634"
"chr1","23665762","23666055","chr2","164335751","164336041","40","140669989"
"chr1","23676971","23677265","chr10","16169668","16169965","36","7507303"
"chr1","23689844","23690152","chr7","57714064","57714360","41","34024220"
"chr1","23691135","23691439","chr14","5591353","5591647","41","18099782"
"chr1","23704247","23704548","chr4","35811683","35811985","50","12107436"
"chr1","23721501","23721808","chr7","57748343","57748643","39","34026842"
"chr1","23741015","23741316","chr6","43666330","43666629","37","19925315"
"chr1","23763910","23764190","chr9","8743583","8743862","50","15020327"
"chr1","23765552","23765847","chr7","87849905","87850200","33","64084353"
"chr1","23768332","23768630","chr1","160343198","160343494","47","136574866"
"chr1","23775897","23776185","chr10","16033492","16033786","33","7742405"
"chr1","23783456","23783754","chr5","94234310","94234606","38","70450854"
"chr1","23805948","23806252","chr7","43575304","43575597","45","19769356"
"chr1","23821075","23821373","chr11","111248785","111249079","44","87427710"
"chr1","23827302","23827614","chr3","165648344","165648651","40","141821042"
"chr1","23829481","23829792","chr7","45344118","45344429","41","21514637"
"chr1","23842877","23843100","chr2","50522634","50522866","46","26679757"
"chr1","23862174","23862465","chr7","57876151","57876441","41","34013977"
"chr1","23870082","23870402","chr13","63985086","63985395","48","40115004"
"chr1","23884353","23884604","chr7","43989282","43989541","35","20104929"
"chr1","23890873","23891178","chr16","1171147","1171451","47","22719726"
"chr1","23894521","23894794","chrUn_GL286373","1517685","1517954","56","22376836"
"chr1","23899534","23899841","chr3","106655459","106655766","48","82755925"
"chr1","23907481","23907791","chr14","81929198","81929500","44","58021717"
"chr1","23914086","23914394","chr7","47866961","47867263","45","23952875"
"chr1","23921148","23921445","chr9","89755736","89756034","53","65834588"
"chr1","23949525","23949832","chr9","95060973","95061282","41","71111448"
"chr1","23949835","23950144","chr9","99776089","99776389","51","75826254"
"chr1","23953900","23954175","chrUn_GL288700","6268","6551","41","23947632"
"chr1","23972432","23972741","chr7","57967572","57967878","40","33995140"
"chr1","23982983","23983283","chr3","150073804","150074104","39","126090821"
"chr1","23988359","23988461","chr19","863227","863327","10","23125132"
"chr1","23997194","23997496","chr4","108404859","108405147","56","84407665"
"chr1","23999610","23999901","chr16","54091968","54092259","37","30092358"
"chr1","24011306","24011573","chr9","14610288","14610551","51","9401018"
"chr1","24012330","24012638","chr7","70908532","70908839","39","46896202"
"chr1","24013413","24013715","chr7","58013256","58013557","42","33999843"
"chr1","24017882","24018191","chr1","137129532","137129843","35","113111650"
"chr1","24019640","24019937","chr7","58021124","58021408","34","34001484"
"chr1","24030241","24030538","chr10","29910934","29911230","39","5880693"
"chr1","24037042","24037342","chr5","94234310","94234606","36","70197268"
"chr1","24038021","24038313","chr2","11710590","11710879","45","12327431"
"chr1","24039491","24039802","chr22","7822716","7823014","42","16216775"
"chr1","24047878","24048145","chr2","2700473","2700739","34","21347405"
"chr1","24050475","24050782","chr1","168595556","168595859","38","144545081"
"chr1","24053147","24053441","chrX","17855428","17855719","50","6197719"
"chr1","24068695","24069022","chr7","58059327","58059643","53","33990632"
"chr1","24126889","24127216","chr6","23708738","23709062","54","418151"
"chr1","24137505","24137816","chrX","47666054","47666361","50","23528549"
"chr1","24146330","24146516","chr8","12275381","12275564","28","11870949"
"chr1","24146576","24146699","chr2","55122657","55122762","34","30976081"
"chr1","24167391","24167684","chr9","44828899","44829193","35","20661508"
"chr1","24204660","24204942","chr5","116115777","116116067","42","91911117"
"chr1","24242450","24242750","chr5","86517819","86518118","39","62275369"
"chr1","24245193","24245507","chr4","82226247","82226558","57","57981054"
"chr1","24279166","24279479","chr9","101796262","101796572","44","77517096"
"chr1","24287780","24288097","chr4","38206264","38206577","53","13918484"
"chr1","24315975","24316240","chr2","18858873","18859140","39","5457102"
"chr1","24360163","24360467","chr3","2808599","2808903","49","21551564"
"chr1","24368699","24369004","chr7","58382760","58383060","40","34014061"
"chr1","24371307","24371607","chrX","86580996","86581293","40","62209689"
"chr1","24371896","24372181","chr9","1932661","1932946","33","22439235"
"chr1","24405004","24405256","chr2","62122108","62122356","35","37717104"
"chr1","24443009","24443101","chr3","137630819","137630912","20","113187810"
"chr1","24456469","24456669","chr11","114497656","114497847","38","90041187"
"chr1","24456749","24457061","chr3","106655459","106655766","43","82198710"
"chr1","24462486","24462775","chr4","16350054","16350344","39","8112432"
"chr1","24487767","24488061","chr10","16033492","16033786","38","8454275"
"chr1","24493077","24493369","chr12","31252957","31253248","39","6759880"
"chr1","24512102","24512362","chr8","105733645","105733904","39","81221543"
"chr1","24517124","24517416","chrX","29157569","29157849","47","4640445"
"chr1","24533518","24533820","chr9","99204970","99205269","44","74671452"
"chr1","24543700","24544003","chr15","20913964","20914267","39","3629736"
"chr1","24549301","24549602","chr5","134979517","134979816","41","110430216"
"chr1","24554954","24555264","chr1","137754148","137754444","65","113199194"
"chr1","24571591","24571883","chr5","26961498","26961795","37","2389907"
"chr1","24574129","24574418","chr10","94583845","94584136","34","70009716"
"chr1","24591276","24591567","chr5","4626496","4626785","39","19964780"
"chr1","24596000","24596283","chr15","27359087","27359374","46","2763087"
"chr1","24604700","24604831","chr7","58649269","58649401","14","34044569"
"chr1","24612568","24612864","chr9","45396887","45397186","45","20784319"
"chr1","24613344","24613652","chr12","31281547","31281855","46","6668203"
"chr1","24621668","24621966","chr7","6894852","6895150","43","17726816"
"chr1","24626570","24626866","chr10","14603732","14604030","36","10022838"
"chr1","24628674","24628976","chr5","92511557","92511857","45","67882883"
"chr1","24634507","24634813","chr1","168595556","168595859","44","143961049"
"chr1","24634818","24635118","chr6","132370017","132370315","40","107735199"
"chr1","24637512","24637819","chr9","99101995","99102300","41","74464483"
"chr1","24641045","24641336","chr2","9767135","9767430","43","14873910"
"chr1","24660503","24660630","chr17","62899993","62900116","20","38239490"
"chr1","24682103","24682415","chr7","56596965","56597275","44","31914862"
"chr1","24699234","24699527","chr22","30202132","30202421","36","5502898"
"chr1","24712124","24712298","chr17","34108233","34108402","32","9396109"
"chr1","24712599","24712738","chr4","43236196","43236331","16","18523597"
"chr1","24718677","24718975","chr4","13742025","13742320","36","10976652"
"chr1","24739150","24739463","chr5","110862498","110862806","52","86123348"
"chr1","24748493","24748798","chr2","10212665","10212969","57","14535828"
"chr1","24748940","24749245","chr7","58791805","58792104","49","34042865"
"chr1","24788152","24788289","chr12","50418916","50419049","15","25630764"
"chr1","24789236","24789541","chr18","8503340","8503640","39","16285896"
"chr1","24804819","24805113","chr13","51070455","51070769","49","26265636"
"chr1","24822342","24822636","chr1","91574966","91575269","47","66752624"
"chr1","24837732","24837846","chr10","58788395","58788510","14","33950663"
"chr1","24875693","24875996","chr6","17068239","17068542","33","7807454"
"chr1","24915142","24915444","chr5","107592159","107592460","37","82677017"
"chr1","24977226","24977522","chr7","59024448","59024744","50","34047222"
"chr1","25000339","25000643","chr5","86230872","86231167","38","61230533"
"chr1","25014889","25015222","chrX","34517534","34517872","64","9502645"
"chr1","25016182","25016492","chrX","124381299","124381609","42","99365117"
"chr1","25105574","25105881","chr3","21055528","21055838","41","4050046"
"chr1","25112948","25113031","chr10","74413128","74413211","14","49300180"
"chr1","25117961","25118260","chr1","168595556","168595859","41","143477595"
"chr1","25165501","25165803","chr6","45201117","45201413","59","20035616"
"chr1","25177974","25178285","chr9","11967801","11968108","41","13210173"
"chr1","25186798","25187107","chr2","858886","859191","38","24327912"
"chr1","25189064","25189345","chr1","79719295","79719578","43","54530231"
"chr1","25207379","25207686","chr6","44165230","44165536","46","18957851"
"chr1","25215620","25215910","chr3","45658377","45658667","46","20442757"
"chr1","25225246","25225538","chr5","75080426","75080719","46","49855180"
"chr1","25228343","25228635","chr10","16033492","16033786","41","9194851"
"chr1","25249346","25249640","chr1","172257719","172258009","44","147008373"
"chr1","25261706","25262011","chr5","80129022","80129326","43","54867316"
"chr1","25280309","25280605","chr5","26961498","26961795","32","1681189"
"chr1","25289197","25289494","chr12","115383799","115384092","44","90094602"
"chr1","25316338","25316634","chr12","50172288","50172590","51","24855950"
"chr1","25318306","25318604","chr1","54676551","54676852","43","29358245"
"chr1","25326235","25326521","chr1","16726046","16726319","47","8600189"
"chr1","25327176","25327476","chr5","94234310","94234606","40","68907134"
"chr1","25332042","25332336","chr5","60529593","60529894","42","35197551"
"chr1","25345779","25346087","chr3","108570361","108570666","42","83224582"
"chr1","25346737","25347041","chr9","111994900","111995200","44","86648163"
"chr1","25363975","25364275","chr5","94234310","94234606","40","68870335"
"chr1","25364939","25365216","chr1","16726046","16726319","41","8638893"
"chr1","25375794","25376090","chr5","82166217","82166519","53","56790423"
"chr1","25412743","25413032","chr13","20723712","20724002","32","4689031"
"chr1","25443970","25444282","chr3","93990955","93991253","49","68546985"
"chr1","25451625","25451960","chr2","133713298","133713608","62","108261673"
"chr1","25454489","25454781","chr10","16033492","16033786","34","9420997"
"chr1","25466977","25467277","chr6","17068239","17068542","44","8398738"
"chr1","25468835","25469141","chr9","53300055","53300358","47","27831220"
"chr1","25488493","25488784","chr1","10143237","10143538","47","15345256"
"chr1","25488806","25489120","chrUn_GL286451","397516","397830","48","25091290"
"chr1","25519893","25520196","chr1","157959927","157960225","40","132440034"
"chr1","25526353","25526638","chr19","6867541","6867823","37","18658812"
"chr1","25533381","25533572","chrX","47514970","47515166","28","21981589"
"chr1","25553570","25553789","chr7","59552767","59552975","39","33999197"
"chr1","25575947","25576241","chr20","27822433","27822727","41","2246486"
"chr1","25594268","25594558","chr1","163381580","163381871","34","137787312"
"chr1","25595898","25596204","chr7","59590863","59591162","40","33994965"
"chr1","25600770","25601093","chr1","141439713","141440021","54","115838943"
"chr1","25602792","25603099","chr12","55963104","55963411","42","30360312"
"chr1","25607752","25608046","chr1","148707234","148707528","34","123099482"
"chr1","25627309","25627574","chr15","84589150","84589423","44","58961841"
"chr1","25631816","25632077","chr22","45711094","45711348","47","20079278"
"chr1","25636873","25637177","chr2","18742940","18743241","40","6893933"
"chr1","25649643","25649937","chr9","789934","790226","38","24859709"
"chr1","25656096","25656397","chr22","33981676","33981980","34","8325580"
"chr1","25682756","25683053","chr7","53849584","53849881","40","28166828"
"chr1","25691036","25691342","chr4","45361414","45361713","48","19670378"
"chr1","25701783","25702087","chr6","17068239","17068542","44","8633544"
"chr1","25762986","25763274","chr15","20770296","20770585","42","4992690"
"chr1","25764408","25764716","chr2","171330283","171330586","42","145565875"
"chr1","25846138","25846442","chr3","106655459","106655766","40","80809321"
"chr1","25847257","25847564","chr1","168595556","168595859","43","142748299"
"chr1","25847674","25847973","chr6","84601168","84601470","53","58753494"
"chr1","25856083","25856393","chr4","82226247","82226558","35","56370164"
"chr1","25877664","25877942","chr3","12919156","12919427","40","12958508"
"chr1","25911824","25912106","chr4","34845790","34846071","43","8933966"
"chr1","25918358","25918656","chr5","38614488","38614784","48","12696130"
"chr1","25936332","25936633","chr7","59968252","59968551","37","34031920"
"chr1","25937347","25937645","chr2","170778290","170778584","35","144840943"
"chr1","25945434","25945743","chr3","84624674","84624979","45","58679240"
"chr1","25951390","25951704","chr22","10306224","10306530","48","15645166"
"chr1","25953559","25953820","chr7","12587592","12587853","34","13365967"
"chr1","25970185","25970502","chr5","2508969","2509278","45","23461216"
"chr1","26000145","26000404","chr15","65244081","65244344","47","39243936"
"chr1","26007364","26007629","chr10","218629","218896","42","25788735"
"chr1","26026298","26026592","chr4","81531318","81531613","33","55505020"
"chr1","26037257","26037533","chrX","103099580","103099851","37","77062323"
"chr1","26056758","26057062","chr11","124429251","124429550","36","98372493"
"chr1","26065044","26065323","chr4","37824304","37824582","36","11759260"
"chr1","26068549","26068860","chr12","91267902","91268208","41","65199353"
"chr1","26086278","26086429","chr9","100751399","100751543","40","74665121"
"chr1","26089462","26089764","chr1","210023077","210023381","47","183933615"
"chr1","26091271","26091577","chr4","15705730","15706030","38","10385541"
"chr1","26098281","26098582","chr7","60135418","60135711","40","34037137"
"chr1","26099595","26099896","chr7","60136255","60136553","47","34036660"
"chr1","26105812","26106129","chr3","19635604","19635905","50","6470208"
"chr1","26109125","26109422","chr12","100785810","100786105","29","74676685"
"chr1","26134691","26134998","chr10","73421728","73422031","48","47287037"
"chr1","26142196","26142466","chr5","32929108","32929393","60","6786912"
"chr1","26144145","26144436","chr12","31252957","31253248","35","5108812"
"chr1","26152842","26153137","chr13","31331915","31332215","46","5179073"
"chr1","26180999","26181306","chr22","33981676","33981980","40","7800677"
"chr1","26192857","26193055","chr7","60246083","60246284","32","34053226"
"chr1","26194806","26195092","chr3","99085596","99085883","42","72890790"
"chr1","26208301","26208596","chr20","29549977","29550272","36","3341676"
"chr1","26218251","26218542","chr12","100785810","100786105","40","74567559"
"chr1","26316947","26317257","chr10","125143151","125143447","64","98826204"
"chr1","26327665","26327976","chr11","64363135","64363445","50","38035470"
"chr1","26348565","26348855","chrX","34784477","34784768","32","8435912"
"chr1","26357733","26358045","chr22","33981676","33981980","40","7623943"
"chr1","26373107","26373414","chr1","168595556","168595859","41","142222449"
"chr1","26375861","26376168","chr4","139952375","139952669","57","113576514"
"chr1","26408260","26408548","chr9","110500593","110500886","39","84092333"
"chr1","26415984","26416291","chr6","17068239","17068542","41","9347745"
"chr1","26419966","26420264","chr1","186704593","186704886","51","160284627"
"chr1","26437476","26437775","chr12","100785810","100786105","34","74348334"
"chr1","26451453","26451621","chr12","24348367","24348543","36","2103086"
"chr1","26451905","26452046","chr5","2493535","2493675","20","23958370"
"chr1","26478597","26478896","chr7","60543073","60543374","43","34064476"
"chr1","26491300","26491572","chr2","48151729","48151998","40","21660429"
"chr1","26503317","26503622","chr4","43115700","43116002","40","16612383"
"chr1","26511021","26511313","chr12","52349448","52349741","44","25838427"
"chr1","26516409","26516699","chr4","15343198","15343471","52","11173211"
"chr1","26521405","26521704","chrX","117770352","117770650","41","91248947"
"chr1","26547888","26548054","chr1","136124767","136124935","27","109576879"
"chr1","26549289","26549579","chr6","149299474","149299765","35","122750185"
"chr1","26549691","26549868","chr8","107033491","107033663","34","80483800"
"chr1","26550482","26550618","chr2","55374449","55374584","12","28823967"
"chr1","26559365","26559665","chr7","60632318","60632609","46","34072953"
"chr1","26568914","26569188","chr2","5237615","5237899","57","21331299"
"chr1","26575905","26576192","chr20","29549977","29550272","43","2974072"
"chr1","26588225","26588515","chr5","121924126","121924414","39","95335901"
"chr1","26593609","26593913","chr4","36522598","36522895","46","9928989"
"chr1","26606299","26606610","chr16","25492826","25493133","42","1113473"
"chr1","26607898","26608205","chr15","1415638","1415950","52","25192260"
"chr1","26612240","26612548","chr22","31767114","31767422","34","5154874"
"chr1","26617288","26617580","chr4","36522598","36522895","38","9905310"
"chr1","26628458","26628765","chr1","184817871","184818171","39","158189413"
"chr1","26652023","26652296","chr10","101732804","101733077","38","75080781"
"chr1","26653274","26653562","chr5","121924126","121924414","50","95270852"
"chr1","26656799","26657112","chr21","35849518","35849828","52","9192719"
"chr1","26657254","26657389","chr22","17035586","17035722","11","9621668"
"chr1","26657390","26657677","chr9","25249922","25250207","44","1407468"
"chr1","26657678","26657839","chr10","100550541","100550700","29","73892863"
"chr1","26659545","26659839","chr8","93697187","93697481","34","67037642"
"chr1","26660868","26661140","chr9","100953573","100953853","39","74292705"
"chr1","26663949","26664261","chr3","106655459","106655766","48","79991510"
"chr1","26672588","26672713","chr7","100066534","100066660","13","73393946"
"chr1","26681439","26681748","chr12","55963104","55963411","36","29281665"
"chr1","26711115","26711421","chr5","122186797","122187095","51","95475682"
"chr1","26725853","26726155","chr15","17566864","17567166","45","9158989"
"chr1","26737113","26737417","chrX","35289377","35289681","51","8552264"
"chr1","26750973","26751263","chr14","63994771","63995061","36","37243798"
"chr1","26770476","26770783","chr7","113470784","113471078","47","86700308"
"chr1","26777786","26778087","chr6","17068239","17068542","35","9709547"
"chr1","26843507","26843799","chr10","126287645","126287938","38","99444138"
"chr1","26844037","26844338","chr21","32861641","32861942","36","6017604"
"chr1","26860000","26860317","chr21","32861641","32861942","49","6001641"
"chr1","26871976","26872283","chr3","106655459","106655766","39","79783483"
"chr1","26891539","26891713","chr4","34157283","34157451","28","7265744"
"chr1","26892006","26892140","chr1","172218988","172219121","15","145326982"
"chr1","26902767","26903064","chr1","193707550","193707844","39","166804783"
"chr1","26904161","26904421","chr7","86905300","86905537","58","60001139"
"chr1","26917608","26917910","chr15","17424364","17424665","40","9493244"
"chr1","26924857","26925180","chrX","110354719","110355037","46","83429862"
"chr1","26947479","26947624","chr1","79729473","79729618","23","52781994"
"chr1","26947923","26948082","chr14","71113075","71113234","29","44165152"
"chr1","26957811","26958115","chr2","129057586","129057890","46","102099775"
"chr1","26964392","26964523","chr22","16588786","16588917","12","10375606"
"chr1","26979785","26980078","chr6","43722493","43722797","43","16742708"
"chr1","27003328","27003628","chr15","25321014","25321315","36","1682314"
"chr1","27017169","27017284","chr10","15509085","15509201","18","11508084"
"chr1","27019407","27019712","chr22","33981676","33981980","33","6962269"
"chr1","27020631","27020931","chr5","94234310","94234606","39","67213679"
"chr1","27025149","27025445","chr9","115637925","115638221","36","88612776"
"chr1","27032444","27032604","chrX","106480049","106480214","34","79447605"
"chr1","27032915","27033049","chr5","154199517","154199649","16","127166602"
"chr1","27034837","27035145","chr20","23337174","23337477","41","3697663"
"chr1","27055887","27056203","chr6","21189464","21189769","47","5866423"
"chr1","27061997","27062311","chr7","45344118","45344429","44","18282121"
"chr1","27069193","27069357","chrX","106480049","106480214","29","79410856"
"chr1","27069667","27069801","chr2","55575957","55576091","15","28506290"
"chr1","27075958","27076260","chr6","17068239","17068542","37","10007719"
"chr1","27087128","27087406","chr11","15919850","15920134","38","11167278"
"chr1","27094444","27094752","chr6","17068239","17068542","43","10026205"
"chr1","27096860","27097126","chrX","39387728","39387995","39","12290868"
"chr1","27131311","27131467","chr15","74708494","74708646","30","47577183"
"chr1","27133057","27133369","chr12","87913370","87913678","44","60780313"
"chr1","27139795","27140092","chr7","145693234","145693534","42","118553439"
"chr1","27140928","27141222","chr13","9808601","9808897","45","17332327"
"chr1","27168236","27168551","chr6","41026834","41027145","49","13858598"
"chr1","27175496","27175755","chr1","76969129","76969401","40","49793633"
"chr1","27175756","27176055","chr5","47854845","47855147","47","20679089"
"chr1","27187957","27188134","chrX","106480049","106480214","33","79292092"
"chr1","27188742","27188876","chr16","68359062","68359197","19","41170320"
"chr1","27194002","27194318","chr11","64363135","64363445","50","37169133"
"chr1","27198764","27199071","chr18","39712282","39712591","46","12513518"
"chr1","27201986","27202201","chr5","42952168","42952379","57","15750182"
"chr1","27214808","27215122","chr21","37409587","37409898","46","10194779"
"chr1","27224667","27224964","chr7","61354960","61355267","42","34130293"
"chr1","27227570","27227864","chr8","115834570","115834861","51","88607000"
"chr1","27230395","27230716","chr12","31281547","31281855","64","4051152"
"chr1","27241891","27242191","chr4","43115700","43116002","41","15873809"
"chr1","27248986","27249280","chr5","75080426","75080719","43","47831440"
"chr1","27252543","27252822","chr22","39601666","39601944","50","12349123"
"chr1","27264020","27264310","chr10","128724321","128724610","44","101460301"
"chr1","27270433","27270720","chr7","61403156","61403443","37","34132723"
"chr1","27277853","27278142","chr5","41283150","41283438","41","14005297"
"chr1","27313867","27314169","chr5","94234310","94234606","41","66920443"
"chr1","27317223","27317362","chr9","100869692","100869832","19","73552469"
"chr1","27317663","27317829","chr4","34157283","34157451","32","6839620"
"chr1","27329820","27330111","chr13","43918238","43918525","34","16588418"
"chr1","27371304","27371599","chr11","82167729","82168015","39","54796425"
"chr1","27376978","27377282","chr7","61510517","61510825","32","34133539"
"chr1","27385786","27385847","chr5","95341238","95341302","14","67955452"
"chr1","27386141","27386226","chr7","61520083","61520163","8","34133942"
"chr1","27402007","27402310","chrX","44027620","44027925","46","16625613"
"chr1","27422857","27423159","chr4","43115700","43116002","46","15692843"
"chr1","27426514","27426809","chr5","94234310","94234606","36","66807796"
"chr1","27448569","27448860","chr7","61584607","61584892","43","34136038"
"chr1","27449316","27449612","chr5","5052462","5052757","35","22396854"
"chr1","27457043","27457177","chr14","1341561","1341692","20","26115482"
"chr1","27458516","27458815","chr9","106557112","106557416","47","79098596"
"chr1","27462822","27463119","chr2","59774655","59774949","56","32311833"
"chr1","27477970","27478240","chr11","120908157","120908415","54","93430187"
"chr1","27480235","27480545","chr3","106655459","106655766","43","79175224"
"chr1","27483068","27483187","chr14","59989172","59989292","15","32506104"
"chr1","27483487","27483657","chr4","34157283","34157451","34","6673796"
"chr1","27495337","27495632","chr1","98572733","98573027","42","71077396"
"chr1","27507053","27507152","chr4","71667104","71667204","17","44160051"
"chr1","27514834","27515116","chr14","75602","75879","36","27439232"
"chr1","27538120","27538432","chr1","82669756","82670065","44","55131636"
"chr1","27541309","27541618","chrX","47176701","47177007","38","19635392"
"chr1","27607956","27608250","chr6","13168853","13169146","34","14439103"
"chr1","27620035","27620325","chrX","21470063","21470355","39","6149972"
"chr1","27637606","27637897","chr7","63062538","63062830","45","35424932"
"chr1","27638593","27638888","chr6","154189614","154189914","43","126551021"
"chr1","27651495","27651821","chr13","39142810","39143128","65","11491315"
"chr1","27664090","27664398","chr3","106655459","106655766","41","78991369"
"chr1","27676896","27677190","chr12","22817671","22817967","36","4859225"
"chr1","27707118","27707135","chrX","140734729","140734741","5","113027611"
"chr1","27707176","27707519","chr12","78188376","78188731","91","50481200"
"chr1","27715167","27715302","chr6","139231067","139231202","16","111515900"
"chr1","27715614","27715785","chrX","51105865","51106036","33","23390251"
"chr1","27722229","27722538","chr6","17068239","17068542","43","10653990"
"chr1","27723271","27723568","chr5","94234310","94234606","38","66511039"
"chr1","27732924","27733230","chr1","25957169","25957480","45","1775755"
"chr1","27736589","27736926","chr12","31281547","31281855","66","3544958"
"chr1","27737570","27737891","chr7","6231691","6232004","49","21505879"
"chr1","27747635","27747943","chr16","51641934","51642237","47","23894299"
"chr1","27757364","27757668","chr10","16169668","16169965","36","11587696"
"chr1","27761680","27761980","chr7","61913698","61913997","40","34152018"
"chr1","27768271","27768506","chr12","50128129","50128366","35","22359858"
"chr1","27769222","27769532","chr5","26961498","26961795","55","807724"
"chr1","27813178","27813474","chr19","6037738","6038039","46","21775440"
"chr1","27815894","27816030","chr6","139231067","139231202","13","111415173"
"chr1","27816326","27816502","chr5","92923149","92923319","34","65106823"
"chr1","27821735","27822049","chr11","17740738","17741037","47","10080997"
"chr1","27830195","27830507","chr21","40584762","40585072","39","12754567"
"chr1","27843377","27843661","chr12","50226392","50226683","50","22383015"
"chr1","27860410","27860707","chr7","80905976","80906275","37","53045566"
"chr1","27861343","27861477","chr7","80185646","80185776","12","52324303"
"chr1","27899091","27899223","chrX","123968835","123968968","19","96069744"
"chr1","27900113","27900411","chr2","18780256","18780558","48","9119857"
"chr1","27900675","27900932","chr7","62078234","62078491","34","34177559"
"chr1","27909436","27909728","chr3","152941248","152941549","50","125031812"
"chr1","27919531","27919834","chr9","9514307","9514603","44","18405224"
"chr1","27986400","27986695","chr7","103328929","103329224","35","75342529"
"chr1","27995869","27996172","chr10","14603732","14604030","39","13392137"
"chr1","27998769","27999068","chr7","62177319","62177616","37","34178550"
"chr1","28013782","28014082","chr22","7822716","7823014","35","20191066"
"chr1","28016246","28016557","chr22","34979749","34980053","44","6963503"
"chr1","28023957","28024268","chr7","102737006","102737318","43","74713049"
"chr1","28033913","28034067","chr22","7803329","7803480","25","20230584"
"chr1","28055463","28055770","chr1","168595556","168595859","36","140540093"
"chr1","28062719","28063025","chr5","61640351","61640649","53","33577632"
"chr1","28069164","28069408","chr7","14985535","14985782","37","13083629"
"chr1","28073300","28073599","chr7","62247078","62247379","40","34173778"
"chr1","28076429","28076686","chr10","8736436","8736699","41","19339993"
"chr1","28099618","28099915","chr7","62272189","62272483","34","34172571"
"chr1","28102626","28102924","chrX","51320913","51321212","35","23218287"
"chr1","28106296","28106613","chr7","62278068","62278384","39","34171772"
"chr1","28109886","28110198","chrX","15478140","15478450","50","12631746"
"chr1","28113505","28113813","chr9","11967801","11968108","36","16145704"
"chr1","28118811","28119029","chr7","62294822","62295041","28","34176011"
"chr1","28124754","28124807","chr6","92677989","92678043","5","64553235"
"chr1","28131758","28132046","chr9","115051876","115052165","45","86920118"
"chr1","28137835","28138131","chr7","62321114","62321416","52","34183279"
"chr1","28140632","28140938","chr5","136750937","136751240","44","108610305"
"chr1","28148477","28148751","chr1","92343049","92343302","60","64194572"
"chr1","28157135","28157466","chr7","10569817","10570151","69","17587318"
"chr1","28165121","28165433","chr7","66105076","66105385","41","37939955"
"chr1","28168666","28168967","chr1","182969072","182969372","42","154800406"
"chr1","28169718","28170018","chr11","122522866","122523164","36","94353148"
"chr1","28178249","28178560","chr5","94532768","94533076","43","66354519"
"chr1","28179534","28179818","chr22","13479451","13479712","55","14700083"
"chr1","28182054","28182359","chr8","94030215","94030516","42","65848161"
"chr1","28184629","28184939","chr3","106655459","106655766","41","78470830"
"chr1","28197234","28197550","chr5","26961498","26961795","55","1235736"
"chr1","28211875","28212165","chr9","25579608","25579899","44","2632267"
"chr1","28214252","28214563","chr1","184817871","184818171","50","156603619"
"chr1","28224272","28224567","chr10","16033492","16033786","32","12190780"
"chr1","28254157","28254454","chr5","110918761","110919060","36","82664604"
"chr1","28277206","28277514","chr4","156698023","156698319","54","128420817"
"chr1","28283525","28283814","chr19","6867541","6867823","40","21415984"
"chr1","28288348","28288640","chr2","31372053","31372354","47","3083705"
"chr1","28290345","28290647","chr18","32266919","32267219","38","3976574"
"chr1","28293199","28293487","chr13","30492010","30492303","45","2198811"
"chr1","28303494","28303780","chr17","34882535","34882834","55","6579041"
"chr1","28324471","28324775","chr8","7930001","7930301","62","20394470"
"chr1","28328414","28328707","chr7","113470784","113471078","40","85142370"
"chr1","28337597","28337847","chr7","24573963","24574211","28","3763634"
"chr1","28342160","28342467","chr6","17068239","17068542","42","11273921"
"chr1","28345546","28345835","chr7","62529658","62529942","42","34184112"
"chr1","28348653","28348884","chr13","91173042","91173273","32","62824389"
"chr1","28354957","28355268","chr1","82468827","82469129","43","54113870"
"chr1","28371893","28372184","chr1","100819915","100820205","41","72448022"
"chr1","28377238","28377539","chr21","32861641","32861942","37","4484403"
"chr1","28386086","28386393","chr5","136750937","136751240","41","108364851"
"chr1","28396251","28396552","chr5","39910644","39910945","41","11514393"
"chr1","28398537","28398834","chr13","57414367","57414663","36","29015830"
"chr1","28400092","28400399","chr13","18393383","18393690","34","10006709"
"chr1","28404078","28404249","chr7","60177337","60177510","26","31773259"
"chr1","28427244","28427549","chr6","17068239","17068542","38","11359005"
"chr1","28450808","28451119","chr7","62638728","62639046","35","34187920"
"chr1","28452523","28452825","chrY","2468652","2468956","47","25983871"
"chr1","28462439","28462662","chr5","492363","492583","35","27970076"
"chr1","28469774","28470071","chrX","101551083","101551377","42","73081309"
"chr1","28472994","28473297","chr8","90070086","90070388","43","61597092"
"chr1","28486585","28486869","chr22","16092546","16092835","46","12394039"
"chr1","28492155","28492470","chr7","62676652","62676948","43","34184497"
"chr1","28492481","28492785","chr9","44728825","44729124","45","16236344"
"chr1","28494376","28494667","chr7","62681141","62681431","38","34186765"
"chr1","28504555","28504853","chr3","94762904","94763199","37","66258349"
"chr1","28511668","28511963","chr10","46916961","46917259","44","18405293"
"chr1","28515435","28515745","chr6","17068239","17068542","39","11447196"
"chr1","28528038","28528173","chr10","15174808","15174941","18","13353230"
"chr1","28528478","28528640","chrX","140734265","140734421","34","112205787"
"chr1","28528835","28529180","chr10","97010952","97011267","71","68482117"
"chr1","28531263","28531514","chr4","44721112","44721351","47","16189849"
"chr1","28540414","28540703","chr14","5921690","5921981","34","22618724"
"chr1","28541484","28541795","chr12","31281547","31281855","37","2740063"
"chr1","28542025","28542304","chr3","45152244","45152520","36","16610219"
"chr1","28545719","28546009","chr2","72221187","72221480","44","43675468"
"chr1","28556180","28556481","chr14","83739394","83739686","40","55183214"
"chr1","28560280","28560575","chr5","38614488","38614784","58","10054208"
"chr1","28563983","28564273","chr5","126079965","126080261","46","97515982"
"chr1","28570029","28570171","chr2","13170433","13170575","19","15399596"
"chr1","28574078","28574387","chr15","17424364","17424665","41","11149714"
"chr1","28579106","28579395","chr1","10143237","10143538","47","18435869"
"chr1","28590716","28591011","chr12","15053437","15053737","44","13537279"
"chr1","28595626","28595929","chr10","81273718","81274013","53","52678092"
"chr1","28601274","28601530","chr7","62790067","62790326","38","34188793"
"chr1","28603896","28604204","chr5","150153039","150153350","34","121549143"
"chr1","28607855","28608050","chr5","39826562","39826762","40","11218707"
"chr1","28608355","28608387","chr20","254300","254321","16","28354055"
"chr1","28616115","28616425","chr3","106655459","106655766","46","78039344"
"chr1","28624465","28624776","chr4","140143172","140143479","39","111518707"
"chr1","28627105","28627409","chr22","28997304","28997607","36","370199"
"chr1","28629331","28629635","chr18","9790500","9790798","51","18838831"
"chr1","28633495","28633630","chr13","11692454","11692589","13","16941041"
"chr1","28633934","28634108","chr22","2626133","2626298","29","26007801"
"chr1","28645689","28645990","chr7","113798427","113798728","49","85152738"
"chr1","28651335","28651435","chr16","57360039","57360137","13","28708704"
"chr1","28652923","28653230","chr6","119365724","119366021","48","90712801"
"chr1","28661138","28661440","chr19","24203448","24203737","53","4457690"
"chr1","28662118","28662393","chr7","90166386","90166659","44","61504268"
"chr1","28667455","28667755","chr1","15931085","15931383","42","12736370"
"chr1","28678628","28678878","chr1","92343049","92343302","54","63664421"
"chr1","28682341","28682640","chr7","103841183","103841481","44","75158842"
"chr1","28691011","28691319","chr2","18780256","18780558","44","9910755"
"chr1","28694962","28695261","chr5","93868350","93868644","42","65173388"
"chr1","28705107","28705404","chr9","110500593","110500886","55","81795486"
"chr1","28708749","28708849","chrX","46588384","46588492","16","17879635"
"chr1","28709158","28709328","chrX","106480049","106480214","31","77770891"
"chr1","28709586","28709866","chr12","109176744","109176996","85","80467158"
"chr1","28710166","28710304","chr7","94914850","94914984","23","66204684"
"chr1","28721811","28722121","chr10","90431710","90432016","47","61709899"
"chr1","28727749","28728047","chr15","61219971","61220268","47","32492222"
"chr1","28729342","28729635","chr11","65163335","65163629","38","36433993"
"chr1","28741005","28741297","chr3","152941248","152941549","42","124200243"
"chr1","28741300","28741593","chr19","17553942","17554236","49","11187358"
"chr1","28750811","28751110","chr7","89289607","89289906","47","60538796"
"chr1","28762824","28763126","chr19","28173346","28173646","48","589478"
"chr1","28770318","28770603","chr5","94612495","94612765","42","65842177"
"chr1","28771968","28772095","chr7","62981492","62981618","10","34209524"
"chr1","28772109","28772324","chr14","65483278","65483507","40","36711169"
"chr1","28784591","28784855","chr9","18645261","18645527","36","10139330"
"chr1","28786041","28786349","chr1","138077483","138077787","45","109291442"
"chr1","28786970","28787265","chr1","98572733","98573027","40","69785763"
"chr1","28787830","28788122","chrX","137955665","137955956","37","109167835"
"chr1","28793521","28793816","chr1","98572733","98573027","41","69779212"
"chr1","28801226","28801387","chr10","43520058","43520215","25","14718832"
"chr1","28801413","28801540","chr4","8351522","8351647","16","20449891"
"chr1","28817715","28818018","chr4","16350054","16350344","52","12467661"
"chr1","28820194","28820480","chr7","63783719","63784005","37","34963525"
"chr1","28822496","28822769","chr9","101543738","101544016","49","72721242"
"chr1","28823896","28824197","chr18","5258624","5258924","41","23565272"
"chr1","28841718","28842022","chr5","110862498","110862806","46","82020780"
"chr1","28870240","28870542","chr1","82669756","82670065","43","53799516"
"chr1","28872599","28872892","chr1","201685710","201686002","41","172813111"
"chr1","28900282","28900586","chr22","31767114","31767422","41","2866832"
"chr1","28916355","28916641","chr18","4154574","4154859","39","24761781"
"chr1","28944535","28944817","chr16","93798075","93798362","42","64853540"
"chr1","28947546","28947824","chr5","120950753","120951044","50","92003207"
"chr1","28952865","28953028","chr5","83055008","83055176","21","54102143"
"chr1","28959213","28959516","chr3","84624674","84624979","40","55665461"
"chr1","28964158","28964451","chr10","16033492","16033786","42","12930666"
"chr1","28993647","28993956","chr7","63211306","63211608","41","34217659"
"chr1","29037648","29037833","chr5","32658697","32658884","29","3621049"
"chr1","29044560","29044875","chr7","63264271","63264584","47","34219711"
"chr1","29051615","29051912","chr1","98572733","98573027","37","69521118"
"chr1","29058993","29059259","chrX","39387728","39387995","34","10328735"
"chr1","29067073","29067215","chr8","29474193","29474329","17","407120"
"chr1","29067521","29067683","chr7","51800454","51800616","27","22732933"
"chr1","29077945","29078232","chr11","82257931","82258225","48","53179986"
"chr1","29080136","29080401","chr7","51163550","51163810","57","22083414"
"chr1","29089982","29090248","chr7","63304963","63305230","33","34214981"
"chr1","29098733","29099002","chr7","63315188","63315467","50","34216455"
"chr1","29115111","29115422","chr11","16209591","16209894","38","12905520"
"chr1","29116151","29116453","chr7","10120794","10121094","39","18995357"
"chr1","29157888","29158182","chr2","35075957","35076247","45","5918069"
"chr1","29173454","29173749","chr3","136341766","136342059","46","107168312"
"chr1","29175140","29175408","chr5","101358503","101358784","53","72183363"
"chr1","29205173","29205483","chr3","106655459","106655766","39","77450286"
"chr1","29220109","29220413","chr7","145836428","145836725","53","116616319"
"chr1","29246621","29246914","chr1","172257719","172258009","42","143011098"
"chr1","29265356","29265660","chr17","69358056","69358361","45","40092700"
"chr1","29274769","29275065","chr5","10038314","10038610","38","19236455"
"chr1","29314584","29314878","chr7","63555527","63555820","33","34240943"
"chr1","29353640","29353950","chr12","18910665","18910972","46","10442975"
"chr1","29442554","29442853","chr22","33925235","33925530","35","4482681"
"chr1","29604925","29605242","chr11","124673390","124673705","53","95068465"
"chr1","29654923","29655230","chr9","112726070","112726370","41","83071147"
"chr1","29662709","29663000","chr3","16000457","16000749","39","13662252"
"chr1","29681787","29682105","chr21","40584762","40585072","50","10902975"
"chr1","29792130","29792439","chr21","40584762","40585072","40","10792632"
"chr1","29871510","29871815","chr4","168156555","168156848","50","138285045"
"chr1","29905757","29906041","chr21","50309276","50309562","41","20403519"
"chr1","29927853","29928154","chr5","26961498","26961795","35","2966355"
"chr1","29943653","29943960","chr3","106655459","106655766","41","76711806"
"chr1","30047171","30047420","chr19","36223261","36223511","40","6176090"
"chr1","30088489","30088788","chr6","17068239","17068542","41","13020250"
"chr1","30160021","30160331","chr2","31372053","31372354","46","1212032"
"chr1","30181590","30181896","chr3","153217268","153217573","54","123035678"
"chr1","30245436","30245733","chr5","50556024","50556321","44","20310588"
"chr1","30260021","30260319","chr1","202849760","202850061","44","172589739"
"chr1","30333605","30333908","chr2","18780256","18780558","43","11553349"
"chr1","30345196","30345493","chr5","108405234","108405527","37","78060038"
"chr1","30355691","30355993","chr6","17068239","17068542","40","13287452"
"chr1","30530292","30530575","chr1","169249136","169249415","52","138718844"
"chr1","30558211","30558518","chr1","152980737","152981041","41","122422526"
"chr1","30669583","30669880","chr5","94234310","94234606","36","63564727"
"chr1","30681098","30681411","chr9","103532999","103533309","45","72851901"
"chr1","30688718","30688938","chr7","64887807","64888007","38","34199089"
"chr1","30751457","30751746","chr18","4009184","4009472","38","26742273"
"chr1","30775928","30776230","chrX","47382214","47382513","54","16606286"
"chr1","30785987","30786263","chrUn_GL286397","204143","204413","48","30581844"
"chr1","30811614","30811900","chr5","114862754","114863041","41","84051140"
"chr1","30821111","30821401","chr9","84968584","84968874","43","54147473"
"chr1","30854540","30854833","chr5","143023404","143023700","34","112168864"
"chr1","30861959","30862256","chr3","13337916","13338214","33","17524043"
"chr1","30896709","30896975","chr2","17754172","17754433","51","13142537"
"chr1","30917087","30917396","chr19","36085999","36086309","43","5168912"
"chr1","30922981","30923234","chr5","94612495","94612765","54","63689514"
"chr1","30927090","30927379","chr5","80700303","80700590","42","49773213"
"chr1","30938264","30938552","chr22","37875133","37875426","43","6936869"
"chr1","30962401","30962711","chr7","65168930","65169223","37","34206529"
"chr1","30972492","30972794","chr4","43115700","43116002","43","12143208"
"chr1","31034370","31034508","chr5","156347483","156347620","28","125313113"
"chr1","31049234","31049530","chr5","140968757","140969050","40","109919523"
"chr1","31058688","31058983","chr2","792358","792641","51","30266330"
"chr1","31060605","31060913","chr6","17068239","17068542","46","13992366"
"chr1","31069247","31069554","chr9","11967801","11968108","42","19101446"
"chr1","31070510","31070796","chr7","43701136","43701414","48","12630626"
"chr1","31075601","31075896","chr6","147894727","147895020","39","116819126"
"chr1","31079500","31079796","chr5","26961498","26961795","31","4118002"
"chr1","31092105","31092417","chr9","11967801","11968108","45","19124304"
"chr1","31097686","31097966","chr4","38332215","38332481","58","7234529"
"chr1","31098702","31098769","chr11","115177316","115177380","12","84078614"
"chr1","31104313","31104614","chr3","106655459","106655766","46","75551146"
"chr1","31113696","31114000","chr10","22559240","22559536","41","8554456"
"chr1","31121543","31121851","chr8","106515743","106516048","55","75394200"
"chr1","31133216","31133521","chr16","1171147","1171451","52","29962069"
"chr1","31134040","31134331","chr7","65340101","65340392","40","34206061"
"chr1","31142795","31143100","chr22","28997304","28997607","42","2145491"
"chr1","31156145","31156444","chr1","142027264","142027557","50","110871119"
"chr1","31156666","31156907","chr17","68372412","68372653","32","37215746"
"chr1","31156908","31157206","chr4","43571318","43571598","44","12414410"
"chr1","31160611","31160908","chr17","69075766","69076065","47","37915155"
"chr1","31168784","31168915","chr16","70208284","70208415","14","39039500"
"chr1","31191009","31191306","chr10","16169668","16169965","38","15021341"
"chr1","31216861","31217165","chr10","22559240","22559536","41","8657621"
"chr1","31250227","31250535","chr15","20912636","20912943","49","10337591"
"chr1","31251457","31251750","chr7","6894852","6895150","38","24356605"
"chr1","31283321","31283607","chr11","111297598","111297881","44","80014277"
"chr1","31298378","31298683","chr7","65506676","65506973","42","34208298"
"chr1","31301946","31302246","chr12","87290615","87290915","43","55988669"
"chr1","31314707","31314966","chr7","118220702","118220963","40","86905995"
"chr1","31331140","31331445","chr2","94274126","94274432","48","62942986"
"chr1","31342057","31342344","chrX","17243808","17244094","36","14098249"
"chr1","31350590","31350900","chr9","101796262","101796572","45","70445672"
"chr1","31354893","31355199","chr3","84624674","84624979","33","53269781"
"chr1","31359234","31359554","chr3","177773552","177773857","58","146414318"
"chr1","31375584","31375909","chr6","47905683","47906004","59","16530099"
"chr1","31383043","31383341","chr6","132370017","132370315","30","100986974"
"chr1","31388082","31388375","chr21","43655043","43655339","46","12266961"
"chr1","31391112","31391407","chr6","130906435","130906726","40","99515323"
"chr1","31391992","31392288","chr9","18506440","18506733","41","12885552"
"chr1","31393259","31393592","chr12","12071873","12072177","61","19321386"
"chr1","31398707","31398994","chr1","207385394","207385679","49","175986687"
"chr1","31401860","31402148","chr4","16350054","16350344","46","15051806"
"chr1","31402259","31402570","chrX","122774008","122774319","43","91371749"
"chr1","31416712","31417019","chr1","174132039","174132344","39","142715327"
"chr1","31440332","31440639","chr22","33981676","33981980","42","2541344"
"chr1","31449533","31449818","chr2","8015687","8015971","55","23433846"
"chr1","31519024","31519308","chr9","1932661","1932946","44","29586363"
"chr1","31554751","31555065","chr3","106655459","106655766","39","75100708"
"chr1","31556642","31556913","chr7","65764821","65765073","44","34208179"
"chr1","31565071","31565305","chr19","42766292","42766526","33","11201221"
"chr1","31572388","31572676","chr9","111461476","111461764","50","79889088"
"chr1","31599180","31599467","chr1","175231041","175231331","43","143631861"
"chr1","31599645","31599948","chr7","60725740","60726038","40","29126095"
"chr1","31610969","31611263","chr7","65811889","65812182","37","34200920"
"chr1","31612053","31612397","chr7","65812979","65813315","53","34200926"
"chr1","31677077","31677388","chr9","11967801","11968108","44","19709276"
"chr1","31687100","31687400","chr22","33981676","33981980","36","2294576"
"chr1","31710307","31710606","chr20","28819206","28819499","45","2891101"
"chr1","31818932","31819241","chr2","48786213","48786524","45","16967281"
"chr1","31833928","31834050","chr13","54047549","54047676","15","22213621"
"chr1","31834347","31834495","chr9","100751399","100751543","27","68917052"
"chr1","31839137","31839268","chr1","94024215","94024339","23","62185078"
"chr1","31841063","31841360","chr12","4260213","4260507","48","27580850"
"chr1","31847790","31848091","chr11","64234338","64234642","38","32386548"
"chr1","31852880","31853171","chr5","65424325","65424625","41","33571445"
"chr1","31859375","31859681","chr18","7824264","7824570","45","24035111"
"chr1","31863117","31863407","chr15","24792039","24792329","39","7071078"
"chr1","31863721","31864008","chr5","147388748","147389034","42","115525027"
"chr1","31865502","31865771","chr1","138060195","138060467","43","106194693"
"chr1","31869917","31870209","chr7","66074014","66074297","44","34204097"
"chr1","31871293","31871586","chr1","181618034","181618324","39","149746741"
"chr1","31872061","31872367","chr15","20912636","20912943","36","10959425"
"chr1","31878834","31879127","chr8","95234794","95235088","47","63355960"
"chr1","31900322","31900618","chr3","19707105","19707399","38","12193217"
"chr1","31902831","31903133","chr5","136750937","136751240","35","104848106"
"chr1","31936171","31936426","chr5","10561304","10561546","56","21374867"
"chr1","31964903","31965215","chr6","104409780","104410085","40","72444877"
"chr1","31971870","31972171","chr5","77976326","77976624","41","46004456"
"chr1","31978525","31978817","chr6","152500617","152500903","70","120522092"
"chr1","31997318","31997614","chr12","115383799","115384092","39","83386481"
"chr1","31999212","31999388","chr7","59336747","59336927","31","27337535"
"chr1","32016977","32017278","chr10","22559240","22559536","38","9457737"
"chr1","32018789","32019122","chr11","14010031","14010355","58","18008758"
"chr1","32047161","32047458","chrX","127730143","127730441","41","95682982"
"chr1","32070908","32071044","chr7","79609225","79609358","17","47538317"
"chr1","32071670","32071840","chrX","106480049","106480214","33","74408379"
"chr1","32081466","32081760","chr6","109618442","109618737","37","77536976"
"chr1","32082445","32082755","chr9","11967801","11968108","40","20114644"
"chr1","32092477","32092786","chr11","111117466","111117768","44","79024989"
"chr1","32093400","32093711","chr2","63925527","63925835","42","31832127"
"chr1","32114159","32114452","chr2","7088245","7088531","39","25025914"
"chr1","32120869","32121171","chr18","4701650","4701950","51","27419219"
"chr1","32130504","32130777","chr8","51222183","51222456","44","19091679"
"chr1","32134895","32135085","chr5","1353158","1353333","41","30781737"
"chr1","32135367","32135497","chr5","545542","545676","17","31589825"
"chr1","32186926","32187201","chr4","15343198","15343471","49","16843728"
"chr1","32188357","32188652","chr22","38371936","38372229","41","6183579"
"chr1","32193495","32193526","chr10","17789322","17789342","13","14404173"
"chr1","32193559","32193856","chr19","28847007","28847290","50","3346552"
"chr1","32218656","32218962","chr5","133794997","133795301","36","101576341"
"chr1","32220171","32220476","chrX","16692831","16693132","41","15527340"
"chr1","32224661","32224838","chr1","185459583","185459757","35","153234922"
"chr1","32225134","32225275","chrX","4002913","4003054","17","28222221"
"chr1","32230558","32230847","chr1","164272987","164273278","50","132042429"
"chr1","32259334","32259623","chr1","130305122","130305403","44","98045788"
"chr1","32261241","32261362","chr10","118643284","118643405","24","86382043"
"chr1","32261980","32262181","chr1","64646809","64647000","37","32384829"
"chr1","32262219","32262413","chr1","164713545","164713738","26","132451326"
"chr1","32262414","32262721","chr21","40584762","40585072","45","8322348"
"chr1","32263110","32263393","chr19","6867541","6867823","45","25395569"
"chr1","32269155","32269436","chr4","140046894","140047175","36","107777739"
"chr1","32272022","32272226","chr13","95491905","95492112","33","63219883"
"chr1","32293484","32293621","chr7","66526062","66526197","17","34232578"
"chr1","32293919","32294089","chrUn_GL286397","305059","305228","31","31988860"
"chr1","32294148","32294434","chr1","81519934","81520217","43","49225786"
"chr1","32298721","32299016","chr13","95665824","95666115","35","63367103"
"chr1","32300301","32300585","chr10","100963554","100963833","53","68663253"
"chr1","32304563","32304863","chr2","112027460","112027756","48","79722897"
"chr1","32320618","32320929","chr9","103532999","103533309","40","71212381"
"chr1","32340554","32340821","chr17","16304245","16304514","43","16036309"
"chr1","32340979","32341248","chr10","93494866","93495138","46","61153887"
"chr1","32347628","32347940","chr6","112846301","112846609","42","80498673"
"chr1","32368701","32368998","chr10","16033492","16033786","39","16335209"
"chr1","32381945","32382248","chr12","102161373","102161676","38","69779428"
"chr1","32412178","32412476","chr5","116115777","116116067","41","83703599"
"chr1","32429040","32429348","chr3","106655459","106655766","38","74226419"
"chr1","32441519","32441794","chrX","105924911","105925188","52","73483392"
"chr1","32460135","32460460","chr3","184153801","184154126","49","151693666"
"chr1","32469901","32470143","chr3","186538935","186539185","55","154069034"
"chr1","32472634","32472915","chr9","44537673","44537953","39","12065039"
"chr1","32475300","32475612","chr9","91776812","91777118","43","59301512"
"chr1","32475817","32476117","chr5","114605647","114605941","41","82129830"
"chr1","32478230","32478523","chr1","194339217","194339507","37","161860987"
"chr1","32487560","32487867","chr7","45344118","45344429","53","12856558"
"chr1","32488784","32489095","chr2","171330283","171330586","42","138841499"
"chr1","32512767","32513066","chr5","35735021","35735325","36","3222254"
"chr1","32514143","32514441","chr12","16856383","16856691","46","15657760"
"chr1","32515846","32516110","chrUn_GL286397","204143","204413","44","32311703"
"chr1","32557020","32557307","chr11","51323948","51324238","38","18766928"
"chr1","32560595","32560925","chr7","54586977","54587300","58","22026382"
"chr1","32576729","32576858","chr11","63186025","63186149","18","30609296"
"chr1","32577912","32578070","chr10","27469878","27470033","26","5108034"
"chr1","32578377","32578512","chr2","2261829","2261964","18","30316548"
"chr1","32580272","32580568","chr9","108759085","108759380","46","76178813"
"chr1","32590903","32591208","chr5","44394384","44394690","46","11803481"
"chr1","32598224","32598535","chr7","30011356","30011665","46","2586868"
"chr1","32626538","32626848","chr7","58166645","58166955","42","25540107"
"chr1","32638631","32638918","chrX","17543907","17544194","47","15094724"
"chr1","32639016","32639321","chr12","53805487","53805786","43","21166471"
"chr1","32656347","32656651","chr6","117443564","117443866","42","84787217"
"chr1","32658546","32658798","chr1","43724514","43724757","40","11065968"
"chr1","32678615","32678888","chrX","39572202","39572468","47","6893587"
"chr1","32696794","32697047","chr2","62157574","62157824","47","29460780"
"chr1","32721157","32721433","chr10","131586575","131586862","63","98865418"
"chr1","32752582","32752877","chr13","39885762","39886059","44","7133180"
"chr1","32762979","32763283","chr9","99776089","99776389","40","67013110"
"chr1","32764459","32764764","chr16","18789847","18790151","46","13974612"
"chr1","32799987","32800280","chr5","116115777","116116067","43","83315790"
"chr1","32802822","32802978","chr5","110150151","110150304","33","77347329"
"chr1","32803278","32803431","chr7","73388997","73389153","28","40585719"
"chr1","32821626","32821932","chr18","39712282","39712591","56","6890656"
"chr1","32833356","32833659","chrX","47176701","47177007","45","14343345"
"chr1","32839979","32840285","chr6","17068239","17068542","38","15771740"
"chr1","32923283","32923590","chr7","67163093","67163394","42","34239810"
"chr1","32930806","32931101","chr10","16033492","16033786","38","16897314"
"chr1","32935763","32936048","chr11","43485145","43485437","52","10549382"
"chr1","32957553","32957841","chr4","41546974","41547260","39","8589421"
"chr1","32968824","32969136","chr4","37002455","37002760","47","4033631"
"chr1","32978339","32978455","chr11","62743422","62743538","10","29765083"
"chr1","32996079","32996370","chr11","122453676","122453968","34","89457597"
"chr1","33020563","33020856","chr10","115125796","115126088","36","82105233"
"chr1","33022352","33022656","chr5","1214302","1214607","44","31808050"
"chr1","33059729","33060022","chr22","16786440","16786733","44","16273289"
"chr1","33068978","33069275","chr1","54676551","54676852","52","21607573"
"chr1","33075191","33075501","chr5","94188648","94188957","42","61113457"
"chr1","33076829","33077128","chr2","61800729","61801029","41","28723900"
"chr1","33079905","33080166","chr7","12587592","12587853","33","20492313"
"chr1","33095846","33096137","chr9","99273608","99273898","33","66177762"
"chr1","33107005","33107284","chr19","6867541","6867823","42","26239464"
"chr1","33108343","33108638","chr6","17068239","17068542","37","16040104"
"chr1","33109317","33109626","chr1","74747856","74748157","46","41638539"
"chr1","33155098","33155370","chr10","101732804","101733077","38","68577706"
"chr1","33232271","33232560","chr18","25224694","25224986","46","8007577"
"chr1","33233407","33233703","chr20","29549977","29550272","37","3683430"
"chr1","33236799","33237077","chr11","129768700","129768980","40","96531901"
"chr1","33285137","33285429","chr6","17724674","17724965","40","15560463"
"chr1","33288455","33288765","chr6","58565009","58565311","53","25276554"
"chr1","33305482","33305780","chr14","63899008","63899305","38","30593526"
"chr1","33570167","33570445","chr10","85088466","85088732","46","51518299"
"chr1","33578309","33578612","chr9","45396887","45397186","54","11818578"
"chr1","33616229","33616537","chr3","106655459","106655766","41","73039230"
"chr1","33629942","33629997","chr6","92677989","92678043","6","59048047"
"chr1","33642070","33642375","chr10","35587352","35587663","43","1945282"
"chr1","33688543","33688831","chr2","35171915","35172199","51","1483372"
"chr1","33788226","33788527","chr6","43666330","43666629","35","9878104"
"chr1","33946621","33946934","chr6","41026834","41027145","46","7080213"
"chr1","34304053","34304380","chr5","50664126","50664440","63","16360073"
"chr1","34371429","34371710","chr15","37619139","37619418","34","3247710"
"chr1","34449145","34449419","chr5","75030413","75030685","47","40581268"
"chr1","34623228","34623526","chr7","68912399","68912690","51","34289171"
"chr1","34626221","34626523","chr10","18062344","18062642","44","16563877"
"chr1","34707282","34707585","chr1","168595556","168595859","39","133888274"
"chr1","34712743","34713062","chr5","94532768","94533076","52","59820025"
"chr1","34733390","34733716","chr9","72585809","72586125","54","37852419"
"chr1","34800549","34800775","chr6","123843235","123843462","44","89042686"
"chr1","34805460","34805746","chr7","69113282","69113568","28","34307822"
"chr1","34812664","34812995","chr5","96896431","96896755","49","62083767"
"chr1","34834218","34834526","chr5","129591545","129591851","43","94757327"
"chr1","34836546","34836820","chr7","42003875","42004146","37","7167329"
"chr1","34854025","34854328","chr9","99776089","99776389","42","64922064"
"chr1","34919497","34919806","chr1","168595556","168595859","40","133676059"
"chr1","34939854","34940144","chr4","16350054","16350344","42","18589800"
"chr1","34964017","34964306","chr16","69698488","69698782","43","34734471"
"chr1","34969019","34969316","chr12","31252957","31253248","52","3716062"
"chr1","34997300","34997604","chr1","168595556","168595859","39","133598256"
"chr1","35010016","35010320","chr20","27822433","27822727","49","7187583"
"chr1","35024868","35025170","chr10","126070729","126071027","41","91045861"
"chr1","35028032","35028329","chr4","25542330","25542622","40","9485702"
"chr1","35041329","35041563","chr7","74031641","74031870","42","38990312"
"chr1","35044913","35045212","chr2","186851454","186851757","44","151806541"
"chr1","35048565","35048873","chr2","61800729","61801029","42","26752164"
"chr1","35049758","35050065","chr12","112769436","112769743","41","77719678"
"chr1","35066993","35067278","chr13","20723712","20724002","38","14343281"
"chr1","35073825","35074087","chr21","36540332","36540585","47","1466507"
"chr1","35082336","35082630","chr5","38614488","38614784","35","3532152"
"chr1","35093288","35093596","chr1","168595556","168595859","43","133502268"
"chr1","35101720","35101839","chr15","72243566","72243686","31","37141846"
"chr1","35107828","35108138","chrX","45395851","45396165","40","10288023"
"chr1","35153978","35154121","chr9","46471584","46471729","25","11317606"
"chr1","35154418","35154607","chr22","32196157","32196346","41","2958261"
"chr1","35157950","35158190","chr16","5739637","5739869","52","29418313"
"chr1","35163382","35163686","chr10","117620910","117621216","40","82457528"
"chr1","35166377","35166512","chrX","125208861","125208996","20","90042484"
"chr1","35166812","35166997","chr4","134812114","134812292","39","99645302"
"chr1","35167220","35167550","chr6","132767618","132767935","50","97600398"
"chr1","35172293","35172566","chr9","107321008","107321282","44","72148715"
"chr1","35188675","35188972","chr7","74136586","74136880","47","38947911"
"chr1","35194968","35195269","chr1","81154398","81154690","45","45959430"
"chr1","35198151","35198238","chr2","11874524","11874610","13","23323627"
"chr1","35199450","35199711","chr3","37393335","37393599","58","2193885"
"chr1","35204508","35204790","chr12","29333369","29333657","45","5871139"
"chr1","35216291","35216584","chr3","7492158","7492451","41","27724133"
"chr1","35217367","35217631","chr4","147196456","147196720","34","111979089"
"chr1","35220807","35221099","chr5","132893438","132893729","46","97672631"
"chr1","35234526","35234620","chr3","187193098","187193189","11","151958572"
"chr1","35234927","35235150","chr11","99182753","99182981","51","63947826"
"chr1","35239854","35240116","chr3","164416344","164416606","44","129176490"
"chr1","35243305","35243600","chr13","96512019","96512310","39","61268714"
"chr1","35246547","35246843","chr1","186704593","186704886","48","151458046"
"chr1","35259177","35259470","chr9","45396887","45397186","49","10137710"
"chr1","35264318","35264617","chr5","26961498","26961795","35","8302820"
"chr1","35282981","35283279","chr12","82875955","82876235","63","47592974"
"chr1","35289945","35290265","chrX","90076480","90076790","56","54786535"
"chr1","35303406","35303646","chr7","86905300","86905537","47","51601894"
"chr1","35307997","35308291","chr22","34293384","34293683","34","1014613"
"chr1","35312733","35312884","chr2","14289663","14289811","30","21023070"
"chr1","35313194","35313334","chr9","100869692","100869832","23","65556498"
"chr1","35318450","35318757","chr13","18393383","18393690","39","16925067"
"chr1","35326858","35327158","chr18","5141985","5142278","42","30184873"
"chr1","35337077","35337362","chr1","42156505","42156788","47","6819428"
"chr1","35355946","35356215","chr22","32853809","32854082","57","2502137"
"chr1","35376919","35377206","chrX","90644206","90644491","34","55267287"
"chr1","35403967","35404033","chr5","121134217","121134283","8","85730250"
"chr1","35443390","35443673","chr19","28847007","28847290","36","6596383"
"chr1","35472310","35472594","chr7","69801852","69802130","35","34329542"
"chr1","35480500","35480797","chr20","27822433","27822727","41","7658067"
"chr1","35503883","35504185","chr6","17068239","17068542","36","18435644"
"chr1","35512587","35512895","chr3","106655459","106655766","37","71142872"
"chr1","35521059","35521353","chr19","628913","629205","44","34892146"
"chr1","35552793","35553098","chr12","31281547","31281855","56","4271246"
"chr1","35578810","35579109","chr22","40339324","40339631","44","4760514"
"chr1","35598325","35598627","chr11","74360467","74360765","46","38762142"
"chr1","35608083","35608387","chr6","17068239","17068542","38","18539844"
"chr1","35611542","35611837","chr10","8026640","8026929","39","27584902"
"chr1","35617058","35617347","chr7","63062538","63062830","40","27445480"
"chr1","35624471","35624780","chrX","47176701","47177007","35","11552230"
"chr1","35625848","35626137","chr6","130906435","130906726","35","95280587"
"chr1","35662644","35662768","chrX","104950766","104950888","17","69288122"
"chr1","35662794","35662974","chr17","34108233","34108402","29","1554561"
"chr1","35664687","35664973","chrX","46083719","46084002","46","10419032"
"chr1","35671304","35671605","chr14","59493591","59493891","38","23822287"
"chr1","35674429","35674735","chr4","15705730","15706030","41","19968699"
"chr1","35676428","35676546","chr7","46435641","46435758","12","10759213"
"chr1","35677339","35677637","chr7","70018676","70018965","41","34341337"
"chr1","35678628","35678714","chr5","116502719","116502803","17","80824091"
"chr1","35687917","35688216","chr7","70031632","70031928","45","34343715"
"chr1","35690464","35690776","chr14","46372540","46372849","50","10682076"
"chr1","35695006","35695297","chr1","168595556","168595859","39","132900550"
"chr1","35706694","35706960","chrX","39387728","39387995","39","3681034"
"chr1","35709978","35710279","chr2","9846302","9846596","38","25863676"
"chr1","35721388","35721687","chr22","28997304","28997607","39","6724084"
"chr1","35721857","35722169","chr2","63925527","63925835","42","28203670"
"chr1","35722632","35722930","chr9","114425388","114425679","47","78702756"
"chr1","35730262","35730594","chrX","122250423","122250744","59","86520161"
"chr1","35735426","35735722","chr6","4245255","4245549","37","31490171"
"chr1","35735938","35736240","chr6","17068239","17068542","45","18667699"
"chr1","35754346","35754619","chrX","18451821","18452083","42","17302525"
"chr1","35784855","35785165","chr6","17068239","17068542","41","18716616"
"chr1","35794882","35795175","chr7","70150743","70151029","37","34355861"
"chr1","35810858","35811159","chr4","48881856","48882133","79","13070998"
"chr1","35818342","35818652","chr5","38771450","38771759","36","2953108"
"chr1","35820352","35820656","chr9","99776089","99776389","40","63955737"
"chr1","35821894","35822179","chr3","137011734","137012015","47","101189840"
"chr1","35829554","35829866","chr2","171032147","171032451","45","135202593"
"chr1","35831080","35831380","chr1","137129532","137129843","48","101298452"
"chr1","35835007","35835356","chr7","153212018","153212354","70","117377011"
"chr1","35837078","35837383","chr9","15982483","15982780","41","19854595"
"chr1","35838065","35838355","chr15","71401826","71402113","40","35563761"
"chr1","35840159","35840461","chrX","48721748","48722046","36","12881589"
"chr1","35842521","35842816","chr9","111187673","111187975","42","75345152"
"chr1","35847225","35847535","chr15","25321014","25321315","35","10526211"
"chr1","35865150","35865454","chr1","150872655","150872961","44","115007505"
"chr1","35867487","35867675","chr13","35534487","35534672","33","333000"
"chr1","35867991","35868126","chr12","50418916","50419049","13","14550925"
"chr1","35891555","35891864","chr13","43913074","43913381","54","8021519"
"chr1","35905482","35905765","chr2","13234812","13235094","46","22670670"
"chr1","35908817","35909117","chr4","139472435","139472735","35","103563618"
"chr1","35916364","35916667","chr6","17068239","17068542","46","18848125"
"chr1","35918536","35918855","chr7","70277472","70277797","46","34358936"
"chr1","35943005","35943290","chr8","32478813","32479091","48","3464192"
"chr1","35957445","35957738","chr16","64725351","64725644","33","28767906"
"chr1","35971157","35971458","chr10","22559240","22559536","40","13411917"
"chr1","35986714","35987018","chr6","17068239","17068542","30","18918475"
"chr1","35987046","35987343","chr12","100785810","100786105","38","64798764"
"chr1","35995683","35995977","chr7","70369560","70369855","38","34373877"
"chr1","35996996","35997306","chr4","42695729","42696041","50","6698733"
"chr1","36002027","36002317","chr13","40511017","40511308","47","4508990"
"chr1","36020634","36020917","chr2","11092101","11092385","46","24928533"
"chr1","36032709","36032842","chr5","158422918","158423048","16","122390209"
"chr1","36033163","36033352","chr11","67263151","67263331","39","31229988"
"chr1","36040791","36041094","chr4","43115700","43116002","35","7074909"
"chr1","36042085","36042384","chr7","70419558","70419860","42","34377473"
"chr1","36044412","36044741","chr14","14218793","14219102","56","21825619"
"chr1","36050204","36050495","chr1","15402428","15402720","33","20647776"
"chr1","36051135","36051234","chr1","118887978","118888077","13","82836843"
"chr1","36077647","36077935","chr11","5538090","5538384","53","30539557"
"chr1","36085475","36085819","chr13","18130900","18131229","61","17954575"
"chr1","36110472","36110791","chr2","203429902","203430221","63","167319430"
"chr1","36120209","36120467","chr9","39007168","39007436","43","2886959"
"chr1","36120809","36121105","chr13","39885762","39886059","37","3764953"
"chr1","36132763","36132902","chr7","94914850","94914984","13","58782087"
"chr1","36133214","36133390","chr4","34157283","34157451","35","1975931"
"chr1","36148179","36148312","chr5","3916008","3916145","15","32232171"
"chr1","36191526","36191831","chr3","84367567","84367871","41","48176041"
"chr1","36193909","36194210","chr22","40230801","40231098","53","4036892"
"chr1","36198039","36198306","chr1","204047288","204047558","39","167849249"
"chr1","36198356","36198664","chr1","184817871","184818171","47","148619515"
"chr1","36201838","36202102","chr22","27309991","27310258","40","8891847"
"chr1","36208667","36208966","chr16","27361913","27362210","44","8846754"
"chr1","36212409","36212718","chr6","17068239","17068542","46","19144170"
"chr1","36220000","36220292","chrUn_GL286253","70610","70903","41","36149390"
"chr1","36220394","36220490","chr6","33353431","33353525","13","2866963"
"chr1","36222858","36223120","chr8","89660449","89660717","48","53437591"
"chr1","36231933","36232226","chr5","10038314","10038610","41","26193619"
"chr1","36239258","36239566","chr7","67310637","67310940","60","31071379"
"chr1","36246280","36246532","chr5","75953485","75953729","41","39707205"
"chr1","36247333","36247625","chr14","39054710","39055003","39","2807377"
"chr1","36255487","36255798","chr12","110699815","110700119","39","74444328"
"chr1","36265874","36266174","chr7","60136255","60136553","45","23870381"
"chr1","36267898","36268196","chr17","68699016","68699308","41","32431118"
"chr1","36273760","36274056","chr9","84874634","84874934","41","48600874"
"chr1","36295999","36296273","chr16","30667959","30668233","43","5628040"
"chr1","36299493","36299808","chr6","17068239","17068542","45","19231254"
"chr1","36318489","36318625","chr5","80409687","80409818","14","44091198"
"chr1","36318948","36318967","chr20","254300","254321","11","36064648"
"chr1","36370881","36371178","chr4","156698023","156698319","37","120327142"
"chr1","36392609","36392866","chr7","70760338","70760593","30","34367729"
"chr1","36423953","36424239","chr22","30202132","30202421","53","6221821"
"chr1","36426704","36427005","chr7","77701649","77701948","39","41274945"
"chr1","36437508","36437812","chr12","22318360","22318667","43","14119148"
"chr1","36452878","36453183","chrX","54048363","54048646","61","17595485"
"chr1","36462961","36463266","chr22","29825053","29825352","34","6637908"
"chr1","36474471","36474614","chr1","99278484","99278627","17","62804013"
"chr1","36505427","36505734","chr22","31745442","31745750","48","4759985"
"chr1","36517947","36518174","chr3","4731138","4731363","31","31786809"
"chr1","36527022","36527343","chr7","70887457","70887780","50","34360435"
"chr1","36550696","36550992","chr10","106035630","106035922","40","69484934"
"chr1","36595819","36596112","chr1","98572733","98573027","38","61976914"
"chr1","36633306","36633614","chr6","17068239","17068542","38","19565067"
"chr1","36641181","36641479","chrX","43662320","43662619","42","7021139"
"chr1","36684928","36685233","chr2","18780256","18780558","46","17904672"
"chr1","36890187","36890477","chr5","61886039","61886332","38","24995852"
"chr1","36909295","36909600","chr5","38201290","38201586","40","1291995"
"chr1","36988009","36988306","chr12","64684421","64684717","43","27696412"
"chr1","37045504","37045813","chr2","162172264","162172572","36","125126760"
"chr1","37116295","37116605","chr18","39712282","39712591","42","2595987"
"chr1","37188495","37188794","chr10","16033492","16033786","45","21155003"
"chr1","37348823","37349101","chr4","37824304","37824582","34","475481"
"chr1","37381238","37381544","chr6","17068239","17068542","45","20312999"
"chr1","37415189","37415497","chrX","15478140","15478450","38","21937049"
"chr1","37417911","37418227","chr3","106655459","106655766","49","69237548"
"chr1","37421232","37421528","chr5","107174426","107174723","44","69753194"
"chr1","37428178","37428490","chr1","25957169","25957480","41","11471009"
"chr1","37436362","37436656","chr10","20827679","20827973","39","16608683"
"chr1","37463838","37464145","chr4","169036358","169036663","38","131572520"
"chr1","37465347","37465674","chr10","97247949","97248282","62","59782602"
"chr1","37468321","37468631","chr3","106655459","106655766","43","69187138"
"chr1","37507685","37507846","chr4","104293583","104293720","47","66785898"
"chr1","37510382","37510681","chr4","118120643","118120945","43","80610261"
"chr1","37524106","37524221","chr5","110026400","110026508","33","72502294"
"chr1","37524531","37524673","chr12","51134156","51134298","18","13609625"
"chr1","37525871","37526161","chrX","51548479","51548767","35","14022608"
"chr1","37528284","37528557","chr9","34310757","34311030","46","3217527"
"chr1","37543859","37544162","chr14","83739394","83739686","50","46195535"
"chr1","37546392","37546702","chr1","168595556","168595859","41","131049164"
"chr1","37547456","37547761","chr7","71936759","71937063","40","34389303"
"chr1","37578158","37578454","chr16","94282491","94282791","41","56704333"
"chr1","37637450","37637760","chr16","644213","644527","46","36993237"
"chr1","37656451","37656736","chr7","72054483","72054770","35","34398032"
"chr1","37658839","37659153","chrX","107991838","107992145","44","70332999"
"chr1","37659714","37659986","chr7","72057680","72057951","29","34397966"
"chr1","37662860","37663167","chr6","17068239","17068542","47","20594621"
"chr1","37680412","37680702","chr1","109097553","109097841","40","71417141"
"chr1","37688059","37688347","chr1","202849760","202850061","46","165161701"
"chr1","37702670","37702967","chr6","123805159","123805454","30","86102489"
"chr1","37703434","37703732","chr4","168156555","168156848","37","130453121"
"chr1","37739414","37739711","chrX","68901296","68901591","52","31161882"
"chr1","37747269","37747570","chr6","113761187","113761484","52","76013918"
"chr1","37748911","37749222","chr13","18393383","18393690","39","19355528"
"chr1","37751297","37751585","chrX","46083719","46084002","40","8332422"
"chr1","37754794","37755099","chr5","20046695","20046994","53","17708099"
"chr1","37760802","37761107","chr5","26961498","26961795","39","10799304"
"chr1","37768404","37768698","chr7","6894852","6895150","36","30873552"
"chr1","37787585","37787885","chr10","14603732","14604030","39","23183853"
"chr1","37797142","37797417","chr8","32478813","32479091","38","5318329"
"chr1","37804983","37805280","chr22","15552195","15552487","45","22252788"
"chr1","37816393","37816704","chr13","97340307","97340616","38","59523914"
"chr1","37826697","37826981","chr19","6867541","6867823","43","30959156"
"chr1","37852636","37852930","chr6","4245255","4245549","38","33607381"
"chr1","37856492","37856792","chr2","171330283","171330586","38","133473791"
"chr1","37868983","37869292","chr1","184817871","184818171","38","146948888"
"chr1","37879521","37879779","chr7","72292542","72292803","40","34413021"
"chr1","37901993","37902286","chr7","72316266","72316558","40","34414273"
"chr1","37906574","37906889","chr19","43463036","43463348","46","5556462"
"chr1","37917340","37917623","chr2","56700759","56701042","38","18783419"
"chr1","37955265","37955334","chr2","184811708","184811775","11","146856443"
"chr1","37956547","37956845","chr5","39910644","39910945","44","1954097"
"chr1","37964881","37965184","chr6","17068239","17068542","44","20896642"
"chr1","37966973","37967261","chrUn_GL286400","1172695","1172985","46","36794278"
"chr1","37977421","37977555","chrX","4156108","4156243","14","33821313"
"chr1","37977869","37978046","chr10","112554522","112554695","33","74576653"
"chr1","37978056","37978363","chr2","127060567","127060875","42","89082511"
"chr1","37984809","37985107","chr5","38850852","38851148","40","866043"
"chr1","38006961","38007283","chr10","90431710","90432016","52","52424749"
"chr1","38009672","38009983","chr7","72414765","72415066","45","34405093"
"chr1","38018067","38018370","chr22","33981676","33981980","43","4036391"
"chr1","38032387","38032659","chr19","14781759","14782022","43","23250628"
"chr1","38082140","38082456","chrX","22706298","22706606","56","15375842"
"chr1","38086666","38086963","chr15","20018055","20018360","51","18068611"
"chr1","38096469","38096795","chrX","86412094","86412417","53","48315625"
"chr1","38099958","38100268","chr1","26088103","26088403","52","12011855"
"chr1","38132591","38132877","chr22","9748388","9748679","52","28384203"
"chr1","38141993","38142290","chr7","72557821","72558117","35","34415828"
"chr1","38165788","38166092","chr5","150153039","150153350","47","111987251"
"chr1","38282667","38282972","chr1","27883875","27884177","40","10398792"
"chr1","38308067","38308369","chr5","15053573","15053874","42","23254494"
"chr1","38415922","38416226","chrX","112877634","112877932","40","74461712"
"chr1","38417252","38417553","chr20","25091334","25091631","41","13325918"
"chr1","38432311","38432620","chr2","171330283","171330586","39","132897972"
"chr1","38437430","38437729","chrUn_GL286262","40235","40532","42","38397195"
"chr1","38439507","38439792","chr7","72852980","72853263","37","34413473"
"chr1","38447881","38448163","chr4","34845790","34846071","36","3602091"
"chr1","38459935","38460231","chr12","115383799","115384092","34","76923864"
"chr1","38468382","38468517","chr7","72881581","72881714","16","34413199"
"chr1","38491017","38491133","chrUn_GL288948","14485","14600","15","38476532"
"chr1","38526505","38526810","chr6","17068239","17068542","46","21458266"
"chr1","38535591","38535905","chr11","124322704","124323011","48","85787113"
"chr1","38566099","38566403","chr9","99935150","99935455","40","61369051"
"chr1","38627243","38627543","chr4","7925635","7925934","42","30701608"
"chr1","38661839","38662133","chr15","68809459","68809748","31","30147620"
"chr1","38676282","38676585","chr7","73082368","73082669","42","34406086"
"chr1","38684682","38684990","chrX","47176701","47177007","42","8492019"
"chr1","38688784","38689079","chr5","25502393","25502687","39","13186391"
"chr1","38692593","38692877","chrX","17930997","17931281","47","20761596"
"chr1","38755956","38756221","chr7","73172071","73172340","33","34416115"
"chr1","38762416","38762718","chr7","13017719","13018023","38","25744697"
"chr1","38774059","38774375","chr2","858886","859191","44","37915173"
"chr1","38809612","38809898","chr8","113198670","113198968","44","74389058"
"chr1","38833975","38834266","chr13","43918238","43918525","36","5084263"
"chr1","38854066","38854368","chr1","184817871","184818171","36","145963805"
"chr1","38857680","38857976","chr5","65424325","65424625","45","26566645"
"chr1","38858418","38858720","chr1","202589323","202589615","42","163730905"
"chr1","38878072","38878362","chr1","169249136","169249415","56","130371064"
"chr1","38884005","38884141","chr5","1338424","1338558","11","37545581"
"chr1","38884787","38884967","chr8","107033491","107033663","29","68148704"
"chr1","38900340","38900635","chr5","75080426","75080719","41","36180086"
"chr1","38900766","38901083","chr14","79148123","79148432","48","40247357"
"chr1","38915136","38915383","chr7","73324844","73325093","29","34409708"
"chr1","38921127","38921397","chr7","73332577","73332848","54","34411450"
"chr1","38925216","38925530","chr8","96849493","96849796","51","57924277"
"chr1","38936292","38936485","chr12","24348367","24348543","42","14587925"
"chr1","38936799","38936933","chr3","183625307","183625441","10","144688508"
"chr1","38939380","38939662","chr12","74222344","74222625","63","35282964"
"chr1","38944092","38944383","chr9","16016919","16017208","38","22927173"
"chr1","38950006","38950091","chr4","47274571","47274660","20","8324565"
"chr1","38950386","38950554","chrX","106480049","106480214","30","67529663"
"chr1","38963149","38963478","chrX","124381299","124381609","57","85418150"
"chr1","38973413","38973704","chrX","86580996","86581293","44","47607583"
"chr1","38988932","38989222","chr15","23622429","23622723","49","15366503"
"chr1","39036082","39036405","chrX","135463481","135463793","56","96427399"
"chr1","39036721","39037011","chr5","79752580","79752868","58","40715859"
"chr1","39041745","39042031","chr9","103686028","103686312","37","64644283"
"chr1","39042214","39042512","chr10","14603732","14604030","34","24438482"
"chr1","39054202","39054500","chr3","151588626","151588920","49","112534424"
"chr1","39061088","39061401","chr12","18910665","18910972","42","20150423"
"chr1","39066359","39066538","chr7","85958195","85958373","34","46891836"
"chr1","39066847","39066972","chr20","12714318","12714442","14","26352529"
"chr1","39146161","39146479","chr10","126696429","126696740","45","87550268"
"chr1","39149252","39149587","chr4","136438284","136438617","74","97289032"
"chr1","39150031","39150317","chr11","76250599","76250893","54","37100568"
"chr1","39179734","39180035","chr5","39910644","39910945","37","730910"
"chr1","39180334","39180616","chr10","115591667","115591949","40","76411333"
"chr1","39203992","39204233","chr11","107735854","107736095","37","68531862"
"chr1","39209808","39210108","chr7","73634303","73634609","37","34424495"
"chr1","39217293","39217517","chr14","60570379","60570602","41","21353086"
"chr1","39217598","39217899","chr17","6338874","6339169","65","32878724"
"chr1","39218772","39219079","chr3","106655459","106655766","43","67436687"
"chr1","39220185","39220472","chr1","145176527","145176816","36","105956342"
"chr1","39220482","39220783","chr5","45348829","45349134","44","6128347"
"chr1","39229739","39230035","chr7","73656883","73657167","53","34427144"
"chr1","39241378","39241682","chr3","177773552","177773857","40","138532174"
"chr1","39253510","39253815","chr5","31523966","31524270","62","7729544"
"chr1","39262120","39262422","chr14","88153946","88154251","45","48891826"
"chr1","39300763","39301027","chr1","174866579","174866855","64","135565816"
"chr1","39304979","39305277","chr15","17424364","17424665","43","21880615"
"chr1","39306150","39306427","chr1","75555059","75555337","41","36248909"
"chr1","39306894","39307171","chr12","17597171","17597452","39","21709723"
"chr1","39351582","39351887","chr3","106655459","106655766","41","67303877"
"chr1","39352523","39352764","chr4","56091260","56091493","43","16738737"
"chr1","39366697","39366943","chr5","30677871","30678116","35","8688826"
"chr1","39366944","39367246","chr1","185263937","185264240","43","145896993"
"chr1","39373571","39373867","chr13","114718297","114718592","35","75344726"
"chr1","39373960","39374266","chr9","84417011","84417314","41","45043051"
"chr1","39389352","39389659","chr13","18393383","18393690","41","20995969"
"chr1","39404214","39404484","chr7","73826499","73826782","47","34422285"
"chr1","39418581","39418875","chr6","4245255","4245549","40","35173326"
"chr1","39438510","39438795","chr3","38816960","38817251","44","621550"
"chr1","39464626","39464926","chr10","16033492","16033786","48","23431134"
"chr1","39551725","39552031","chr18","39712282","39712591","44","160557"
"chr1","39579397","39579567","chr17","34108233","34108402","31","5471164"
"chr1","39580470","39580628","chr7","19466300","19466459","46","20114170"
"chr1","39587828","39588133","chr1","184817871","184818171","43","145230043"
"chr1","39604959","39605254","chr10","16033492","16033786","45","23571467"
"chr1","39612785","39613088","chr2","61800729","61801029","46","22187944"
"chr1","39664534","39664788","chr14","59202610","59202867","36","19538076"
"chr1","39693831","39694103","chr5","80972903","80973173","58","41279072"
"chr1","39703681","39703970","chr3","64780939","64781231","41","25077258"
"chr1","39724102","39724406","chr2","7568525","7568816","63","32155577"
"chr1","39732091","39732391","chr6","43666330","43666629","34","3934239"
"chr1","39782871","39783046","chr3","44235146","44235314","32","4452275"
"chr1","39795244","39795523","chr8","32478813","32479091","37","7316431"
"chr1","39801205","39801505","chr5","86230872","86231167","34","46429667"
"chr1","39804075","39804381","chr8","28391412","28391706","58","11412663"
"chr1","39813574","39813862","chr7","65605749","65606045","44","25792175"
"chr1","39813871","39814181","chr1","15931085","15931383","51","23882786"
"chr1","39823790","39824095","chr4","8301431","8301725","43","31522359"
"chr1","39830596","39830843","chr13","90135421","90135672","39","50304825"
"chr1","39914113","39914420","chrX","97185025","97185330","44","57270912"
"chr1","39914492","39914715","chr9","101780577","101780772","73","61866085"
"chr1","39915322","39915457","chr4","8753868","8754005","17","31161454"
"chr1","39915917","39916213","chr5","25502393","25502687","48","14413524"
"chr1","39916946","39917224","chr9","44537673","44537953","56","4620727"
"chr1","39933392","39933692","chr10","14603732","14604030","32","25329660"
"chr1","39945095","39945386","chr15","41758838","41759130","38","1813743"
"chr1","39948238","39948507","chr7","65616948","65617213","41","25668710"
"chr1","39951711","39952011","chr1","27883875","27884177","43","12067836"
"chr1","39979011","39979257","chr5","120774376","120774617","41","80795365"
"chr1","39987331","39987623","chr5","73178966","73179258","38","33191635"
"chr1","39990586","39990672","chr2","9987287","9987373","14","30003299"
"chr1","39994237","39994529","chr12","29333369","29333657","39","10660868"
"chr1","40014543","40014850","chr6","17068239","17068542","44","22946304"
"chr1","40031183","40031466","chr12","25816606","25816887","44","14214577"
"chr1","40031800","40032115","chr6","47097678","47097981","46","7065878"
"chr1","40043595","40043900","chr1","168595556","168595859","40","128551961"
"chr1","40045545","40045852","chr19","25591314","25591622","46","14454231"
"chr1","40058444","40058733","chr7","55245516","55245807","48","15187072"
"chr1","40063179","40063476","chr5","94234310","94234606","43","54171131"
"chr1","40079387","40079695","chr22","33981676","33981980","37","6097711"
"chr1","40106428","40106709","chr17","69931558","69931839","43","29825130"
"chr1","40121339","40121637","chr5","15879188","15879493","46","24242151"
"chr1","40126347","40126640","chr15","49359997","49360293","37","9233650"
"chr1","40139580","40139883","chr1","202849760","202850061","44","162710180"
"chr1","40149465","40149765","chr5","47854845","47855147","37","7705380"
"chr1","40152294","40152393","chr6","95261626","95261727","15","55109332"
"chr1","40153723","40154017","chr7","47489633","47489927","38","7335910"
"chr1","40181148","40181454","chr6","134807179","134807485","40","94626031"
"chr1","40185222","40185429","chrX","140817948","140818150","27","100632726"
"chr1","40185873","40186181","chr13","35663090","35663393","52","4522783"
"chr1","40203110","40203372","chr8","25287298","25287560","42","14915812"
"chr1","40216773","40217066","chr10","16033492","16033786","40","24183281"
"chr1","40225297","40225595","chr9","115637925","115638221","35","75412628"
"chr1","40228023","40228297","chr2","27037500","27037770","40","13190523"
"chr1","40245228","40245508","chrX","14397583","14397859","41","25847645"
"chr1","40247315","40247605","chr8","104929951","104930243","40","64682636"
"chr1","40252262","40252568","chr3","92279326","92279632","43","52027064"
"chr1","40280416","40280723","chr5","124338115","124338421","41","84057699"
"chr1","40287401","40287690","chr10","14603732","14604030","36","25683669"
"chr1","40306845","40307144","chr7","74875642","74875945","32","34568797"
"chr1","40430760","40431047","chr3","188219301","188219587","44","147788541"
"chr1","40440917","40441194","chr4","13548026","13548304","47","26892891"
"chr1","40460563","40460701","chr22","17035586","17035722","16","23424977"
"chr1","40461000","40461163","chr17","34108233","34108402","30","6352767"
"chr1","40485897","40486220","chr1","183250340","183250667","57","142764443"
"chr1","40513584","40513887","chr1","168595556","168595859","36","128081972"
"chr1","40533821","40534126","chr10","127954939","127955242","36","87421118"
"chr1","40537459","40537754","chr4","16350054","16350344","41","24187405"
"chr1","40538576","40538850","chr5","127875197","127875486","54","87336621"
"chr1","40591040","40591337","chr10","16033492","16033786","30","24557548"
"chr1","40611838","40612125","chr16","51373405","51373686","47","10761567"
"chr1","40643471","40643778","chr22","28997304","28997607","43","11646167"
"chr1","40655723","40656035","chr2","15966839","15967139","54","24688884"
"chr1","40671749","40672057","chr19","36705791","36706096","45","3965958"
"chr1","40678126","40678426","chr7","75204945","75205249","39","34526819"
"chr1","40715122","40715407","chr7","75244702","75244978","42","34529580"
"chr1","40728315","40728607","chr22","4334459","4334753","42","36393856"
"chr1","40733740","40734045","chr7","13017719","13018023","49","27716021"
"chr1","40778077","40778367","chr5","85871139","85871427","40","45093062"
"chr1","40844477","40844785","chr1","139998747","139999059","41","99154270"
"chr1","40857434","40857742","chr7","66105076","66105385","47","25247642"
"chr1","40865582","40865885","chrX","107683765","107684064","38","66818183"
"chr1","40867985","40868259","chr5","15793858","15794130","42","25074127"
"chr1","40874425","40874708","chr7","75410967","75411254","35","34536542"
"chr1","40906061","40906399","chr15","62836485","62836818","50","21930424"
"chr1","40939255","40939541","chr8","1003114","1003391","50","39936141"
"chr1","40940280","40940586","chr3","106655459","106655766","42","65715179"
"chr1","40948257","40948508","chr5","3672109","3672360","42","37276148"
"chr1","40957304","40957610","chr9","11967801","11968108","41","28989503"
"chr1","40960816","40961125","chr3","166503171","166503470","51","125542355"
"chr1","40963933","40964092","chrX","98641885","98642034","27","57677952"
"chr1","40964396","40964558","chr22","45879150","45879303","29","4914754"
"chr1","40982395","40982689","chr7","87073863","87074158","40","46091468"
"chr1","41000261","41000551","chr20","24710965","24711256","42","16289296"
"chr1","41025628","41025914","chr5","116115777","116116067","40","75090149"
"chr1","41029214","41029499","chr5","139845172","139845451","44","98815958"
"chr1","41043094","41043393","chrX","66172056","66172348","41","25128962"
"chr1","41062322","41062459","chr2","2261829","2261964","18","38800493"
"chr1","41062769","41062935","chr4","34157283","34157451","23","6905486"
"chr1","41103133","41103441","chrX","122357604","122357911","48","81254471"
"chr1","41114684","41114979","chr22","7493496","7493788","42","33621188"
"chr1","41187181","41187492","chr2","171330283","171330586","48","130143102"
"chr1","41188248","41188393","chr7","75767162","75767304","17","34578914"
"chr1","41267085","41267395","chrX","11178414","11178721","46","30088671"
"chr1","41300107","41300361","chr7","60984375","60984638","51","19684268"
"chr1","41301695","41301989","chr13","87217072","87217365","46","45915377"
"chr1","41347794","41348101","chr6","112846301","112846609","38","71498507"
"chr1","41353504","41353604","chr6","95261626","95261727","8","53908122"
"chr1","41392978","41393280","chr10","14603732","14604030","40","26789246"
"chr1","41594221","41594521","chr9","111187673","111187975","38","69593452"
"chr1","41686062","41686373","chr1","168595556","168595859","42","126909494"
"chr1","41691884","41692141","chr9","8577903","8578168","44","33113981"
"chr1","41750704","41751008","chr7","76293659","76293945","52","34542955"
"chr1","41779488","41779796","chr10","90431710","90432016","52","48652222"
"chr1","41786746","41787051","chr22","33981676","33981980","44","7805070"
"chr1","41841808","41842101","chr9","5091298","5091590","39","36750510"
"chr1","41883972","41884260","chr14","76282973","76283262","45","34399001"
"chr1","41885384","41885676","chr13","96512019","96512310","40","54626635"
"chr1","42023027","42023306","chr11","63400353","63400623","48","21377326"
"chr1","42078775","42079063","chr15","68809459","68809748","35","26730684"
"chr1","42132261","42132571","chr14","79148123","79148432","48","37015862"
"chr1","42182510","42182797","chr2","49330876","49331163","35","7148366"
"chr1","42206821","42207127","chr12","23985616","23985915","46","18221205"
"chr1","42211974","42212250","chr5","94664013","94664296","38","52452039"
"chr1","42238030","42238331","chr4","87666623","87666927","48","45428593"
"chr1","42257434","42257764","chr4","3193957","3194281","61","39063477"
"chr1","42262567","42262880","chr5","35735021","35735325","45","6527546"
"chr1","42273392","42273695","chr14","69557130","69557432","39","27283738"
"chr1","42299626","42299911","chr7","76930373","76930651","39","34630747"
"chr1","42301200","42301501","chr4","156698023","156698319","48","114396823"
"chr1","42331099","42331384","chr19","24203448","24203737","42","18127651"
"chr1","42336635","42336920","chrX","23358219","23358508","44","18978416"
"chr1","42359125","42359426","chr5","92897843","92898143","42","50538718"
"chr1","42367151","42367426","chr4","78101089","78101362","38","35733938"
"chr1","42377728","42377986","chr7","77014058","77014314","42","34636330"
"chr1","42386598","42386880","chr5","90802761","90803053","55","48416163"
"chr1","42389530","42389824","chr18","5141985","5142278","44","37247545"
"chr1","42390027","42390336","chr7","77025542","77025837","45","34635515"
"chr1","42408926","42409231","chr1","201369278","201369591","43","158960352"
"chr1","42445152","42445449","chr5","86230872","86231167","45","43785720"
"chr1","42446376","42446665","chr12","90701319","90701611","43","48254943"
"chr1","42472031","42472265","chr2","94147109","94147345","33","51675078"
"chr1","42595265","42595573","chr6","93506061","93506372","39","50910796"
"chr1","42610410","42610724","chr4","82226247","82226558","55","39615837"
"chr1","42615296","42615602","chr10","126287645","126287938","44","83672349"
"chr1","42622538","42622776","chr4","45928096","45928333","48","3305558"
"chr1","42669422","42669584","chr7","77341981","77342154","25","34672559"
"chr1","42720414","42720726","chr9","11967801","11968108","39","30752613"
"chr1","42726568","42726863","chr9","5091298","5091590","44","37635270"
"chr1","42759597","42759881","chr7","45351199","45351483","40","2591602"
"chr1","42760974","42761269","chr4","43311502","43311796","38","550528"
"chr1","42763390","42763700","chrX","51938318","51938628","39","9174928"
"chr1","42768982","42769260","chr7","31532619","31532895","47","11236363"
"chr1","42791720","42792017","chr7","80047681","80047980","39","37255961"
"chr1","42919785","42920094","chr9","116937360","116937671","39","74017575"
"chr1","42931544","42931852","chr7","58066603","58066906","52","15135059"
"chr1","42947464","42947725","chr7","4785811","4786082","81","38161653"
"chr1","42989062","42989354","chr9","61301992","61302280","38","18312930"
"chr1","43019592","43019896","chr22","28997304","28997607","40","14022288"
"chr1","43026683","43026818","chr22","17035586","17035722","14","25991097"
"chr1","43027140","43027308","chr22","2626133","2626298","28","40401007"
"chr1","43027576","43027889","chr22","8759266","8759572","47","34268310"
"chr1","43092284","43092576","chr6","17724674","17724965","40","25367610"
"chr1","43163335","43163638","chr9","99935150","99935455","39","56771815"
"chr1","43185572","43185700","chr17","34212554","34212681","21","8973018"
"chr1","43185942","43186092","chr1","156273170","156273314","41","113087228"
"chr1","43202503","43202808","chr1","168595556","168595859","46","125393053"
"chr1","43212652","43212965","chr7","77932181","77932478","46","34719529"
"chr1","43219695","43219984","chr7","77939337","77939621","43","34719642"
"chr1","43225891","43226182","chr18","5141985","5142278","35","38083906"
"chr1","43231574","43231879","chr17","24906552","24906856","50","18325022"
"chr1","43254873","43255017","chr1","79729473","79729618","20","36474600"
"chr1","43264329","43264664","chr12","1551146","1551485","56","41713183"
"chr1","43266570","43266875","chr1","168595556","168595859","41","125328986"
"chr1","43277985","43278279","chr1","143540704","143540993","39","100262719"
"chr1","43286957","43287264","chr10","23365070","23365380","40","19921887"
"chr1","43289622","43289926","chr2","10270322","10270631","46","33019300"
"chr1","43298427","43298733","chr5","136750937","136751240","44","93452510"
"chr1","43318502","43318803","chr2","61800729","61801029","35","18482227"
"chr1","43343057","43343353","chr4","156698023","156698319","30","113354966"
"chr1","43356705","43356992","chr7","78076999","78077297","47","34720294"
"chr1","43375308","43375613","chr7","78095339","78095641","39","34720031"
"chr1","43458865","43459138","chr1","138060195","138060467","34","94601330"
"chr1","43460718","43461021","chr21","29631349","29631656","44","13829369"
"chr1","43463984","43464291","chr3","177773552","177773857","37","134309568"
"chr1","43474871","43475177","chr6","17068239","17068542","39","26406632"
"chr1","43481974","43482276","chr7","43502512","43502814","38","20538"
"chr1","43487402","43487696","chr7","78212045","78212333","43","34724643"
"chr1","43504806","43505102","chr7","78227238","78227534","60","34722432"
"chr1","43517532","43517825","chr20","27822433","27822727","41","15695099"
"chr1","43557352","43557650","chr2","31372053","31372354","37","12185299"
"chr1","43562418","43562711","chr1","145176527","145176816","41","101614109"
"chr1","43632727","43633012","chr7","78359796","78360093","45","34727069"
"chr1","43636513","43636808","chr5","143023404","143023700","38","99386891"
"chr1","43642173","43642466","chr12","26112515","26112796","49","17529658"
"chr1","43656330","43656637","chr4","106597579","106597886","39","62941249"
"chr1","43686336","43686636","chr20","27822433","27822727","31","15863903"
"chr1","43694235","43694534","chr4","156698023","156698319","39","113003788"
"chr1","43710090","43710381","chr15","20770296","20770585","41","22939794"
"chr1","43719689","43719962","chr5","101924265","101924533","42","58204576"
"chr1","43726596","43726893","chr3","173168716","173169010","45","129442120"
"chr1","43746765","43747065","chr10","121197224","121197521","39","77450459"
"chr1","43781325","43781622","chr10","121197224","121197521","48","77415899"
"chr1","43784227","43784538","chrX","93623389","93623691","34","49839162"
"chr1","43809713","43810022","chr3","106655459","106655766","40","62845746"
"chr1","43917684","43917967","chr2","56700759","56701042","44","12783075"
"chr1","43988240","43988379","chrX","63436555","63436688","26","19448315"
"chr1","43988701","43988867","chr7","51800454","51800616","33","7811753"
"chr1","44022699","44023005","chr12","106025067","106025372","51","62002368"
"chr1","44037995","44038306","chr7","78754479","78754797","46","34716484"
"chr1","44046740","44047048","chr5","2298333","2298635","44","41748407"
"chr1","44050635","44050927","chr5","3538085","3538378","36","40512550"
"chr1","44052904","44053200","chr17","69075766","69076065","38","25022862"
"chr1","44060188","44060477","chr10","3416264","3416557","39","40643924"
"chr1","44068023","44068317","chrX","97185025","97185330","47","53117002"
"chr1","44075014","44075108","chr4","138149471","138149564","17","94074457"
"chr1","44077074","44077374","chr4","147076387","147076688","47","102999313"
"chr1","44091374","44091661","chr13","101782563","101782851","51","57691189"
"chr1","44095930","44096241","chr6","17068239","17068542","43","27027691"
"chr1","44099498","44099814","chr5","31371357","31371639","68","12728141"
"chr1","44099955","44100079","chr4","8351522","8351647","11","35748433"
"chr1","44100117","44100287","chr5","60872172","60872338","36","16772055"
"chr1","44109898","44110206","chr12","110699815","110700119","41","66589917"
"chr1","44127557","44127590","chr11","120922270","120922309","8","76794713"
"chr1","44128079","44128345","chr13","20651017","20651278","60","23477062"
"chr1","44131702","44131993","chr8","87864795","87865087","47","43733093"
"chr1","44146208","44146528","chr3","184361440","184361751","55","140215232"
"chr1","44149092","44149409","chr5","31170185","31170501","50","12978907"
"chr1","44155353","44155655","chr6","17068239","17068542","47","27087114"
"chr1","44158352","44158644","chr11","43485145","43485437","35","673207"
"chr1","44165130","44165439","chr6","147805528","147805834","44","103640398"
"chr1","44181355","44181661","chr10","35587352","35587663","41","8594003"
"chr1","44194573","44194888","chr12","12071873","12072177","50","32122700"
"chr1","44198532","44198828","chr22","37689785","37690081","39","6508747"
"chr1","44203923","44204217","chr20","12812437","12812731","42","31391486"
"chr1","44207460","44207747","chr5","63326522","63326817","37","19119062"
"chr1","44343958","44344233","chr1","130305122","130305403","45","85961164"
"chr1","44351037","44351332","chr5","26961498","26961795","29","17389539"
"chr1","44373643","44373953","chr1","82669756","82670065","35","38296113"
"chr1","44403379","44403676","chr22","33925235","33925530","50","10478144"
"chr1","44432945","44433229","chr7","79162816","79163111","42","34729871"
"chr1","44435648","44435950","chr7","79165216","79165518","45","34729568"
"chr1","44452638","44452771","chr5","81520581","81520712","16","37067943"
"chr1","44461901","44462230","chr1","101977404","101977714","61","57515503"
"chr1","44468632","44468929","chr10","126287645","126287938","38","81819013"
"chr1","44475289","44475589","chr22","33981676","33981980","32","10493613"
"chr1","44477976","44478242","chr6","17285930","17286191","40","27192046"
"chr1","44480620","44480911","chr22","33981676","33981980","51","10498944"
"chr1","44482628","44482920","chr1","209526500","209526793","38","165043872"
"chr1","44487551","44487672","chr2","46985136","46985256","14","2497585"
"chr1","44487725","44487908","chr4","134812114","134812292","34","90324389"
"chr1","44488709","44489029","chr7","79228859","79229170","39","34740150"
"chr1","44503052","44503358","chr5","134608851","134609157","38","90105799"
"chr1","44529386","44529675","chr7","79268147","79268436","31","34738761"
"chr1","44556034","44556331","chr10","16033492","16033786","38","28522542"
"chr1","44560562","44560860","chr1","168595556","168595859","40","124034994"
"chr1","44570792","44571094","chr12","51884744","51885046","43","7313952"
"chr1","44577686","44577829","chr1","79729473","79729618","20","35151787"
"chr1","44578137","44578435","chr16","70193256","70193554","46","25615119"
"chr1","44613619","44613910","chr11","97658809","97659082","48","53045190"
"chr1","44658557","44658851","chr7","79410869","79411168","37","34752312"
"chr1","44675679","44675972","chr22","29799969","29800263","33","14875710"
"chr1","44686395","44686693","chr7","79442545","79442842","33","34756150"
"chr1","44694498","44694815","chr18","10830546","10830857","37","33863952"
"chr1","44699448","44699747","chr7","45987500","45987802","43","1288052"
"chr1","44699820","44700128","chr7","58166645","58166955","43","13466825"
"chr1","44701647","44701936","chr15","41758838","41759130","44","2942809"
"chr1","44720754","44721070","chr5","2508969","2509278","35","42211785"
"chr1","44742437","44742741","chr8","50068578","50068880","32","5326141"
"chr1","44764190","44764476","chr5","80700303","80700590","34","35936113"
"chr1","44773364","44773670","chr7","79537374","79537674","36","34764010"
"chr1","44777086","44777370","chr12","106951882","106952171","49","62174796"
"chr1","44781880","44782119","chr5","127285333","127285575","34","82503453"
"chr1","44788972","44789271","chr4","37454427","37454718","51","7334545"
"chr1","44817814","44818072","chrX","76749788","76750050","48","31931974"
"chr1","44825128","44825437","chr1","168595556","168595859","41","123770428"
"chr1","44840429","44840744","chr5","134608851","134609157","48","89768422"
"chr1","44851954","44852263","chr11","108993011","108993317","42","64141057"
"chr1","44853995","44854294","chr7","79628628","79628924","31","34774633"
"chr1","44864936","44865233","chr22","28997304","28997607","34","15867632"
"chr1","44869196","44869489","chr3","38816960","38817251","43","6052236"
"chr1","44889254","44889549","chr10","16033492","16033786","38","28855762"
"chr1","44889631","44889828","chr22","6225239","6225442","28","38664392"
"chr1","44915017","44915311","chr9","44828899","44829193","35","86118"
"chr1","44919066","44919366","chr22","31423312","31423609","35","13495754"
"chr1","44925948","44926243","chr22","39620740","39621034","35","5305208"
"chr1","44935502","44935800","chr10","92532910","92533208","38","47597408"
"chr1","44965635","44965939","chr12","43959451","43959753","38","1006184"
"chr1","44967165","44967458","chr1","184617680","184617976","38","139650515"
"chr1","44977469","44977759","chr5","26961498","26961795","38","18015971"
"chr1","44979682","44979960","chrX","108601114","108601388","43","63621432"
"chr1","44993194","44993481","chr12","29333369","29333657","41","15659825"
"chr1","45021738","45022038","chr7","6894852","6895150","31","38126886"
"chr1","45032483","45032786","chr9","112602836","112603142","41","67570353"
"chr1","45049537","45049802","chr7","79814821","79815081","39","34765284"
"chr1","45053480","45053783","chr14","43386246","43386546","44","1667234"
"chr1","45054300","45054600","chr10","14603732","14604030","41","30450568"
"chr1","45086882","45087183","chr15","22401594","22401899","38","22685288"
"chr1","45120063","45120326","chrX","90546446","90546718","44","45426383"
"chr1","45173993","45174290","chr20","27822433","27822727","40","17351560"
"chr1","45174461","45174753","chr2","10284179","10284464","58","34890282"
"chr1","45208738","45209046","chr5","134608851","134609157","45","89400113"
"chr1","45218409","45218707","chr5","106685442","106685733","47","61467033"
"chr1","45226378","45226688","chr13","84459624","84459931","38","39233246"
"chr1","45231462","45231754","chr7","26918353","26918647","40","18313109"
"chr1","45256082","45256393","chr5","94532768","94533076","53","49276686"
"chr1","45277748","45278031","chr2","37096231","37096518","40","8181517"
"chr1","45283315","45283607","chr1","163381580","163381871","39","118098265"
"chr1","45294976","45295286","chr1","25957169","25957480","35","19337807"
"chr1","45309352","45309584","chr5","2632096","2632327","32","42677256"
"chr1","45315799","45315973","chr1","168483469","168483640","24","123167670"
"chr1","45330668","45330797","chr10","15838990","15839119","10","29491678"
"chr1","45347285","45347575","chr13","39885762","39886059","48","5461523"
"chr1","45366120","45366386","chr2","2700473","2700739","36","42665647"
"chr1","45396100","45396395","chr15","6320517","6320802","50","39075583"
"chr1","45396806","45397118","chr22","33981676","33981980","43","11415130"
"chr1","45398307","45398575","chr7","80228079","80228343","41","34829772"
"chr1","45441615","45441920","chr3","138195419","138195723","41","92753804"
"chr1","45443283","45443595","chr4","36928360","36928665","51","8514923"
"chr1","45458284","45458581","chr15","5688723","5689022","29","39769561"
"chr1","45476225","45476498","chr2","5886298","5886574","51","39589927"
"chr1","45484454","45484748","chr8","93697187","93697481","48","48212733"
"chr1","45485508","45485820","chr5","78562869","78563170","45","33077361"
"chr1","45494675","45494897","chr14","82160981","82161192","39","36666306"
"chr1","45538270","45538572","chr11","51483535","51483837","53","5945265"
"chr1","45546583","45546895","chr7","129617938","129618245","44","84071355"
"chr1","45557913","45558215","chr8","3713977","3714274","41","41843936"
"chr1","45559992","45560285","chr10","29910934","29911230","45","15649058"
"chr1","45597028","45597299","chr19","4188463","4188738","38","41408565"
"chr1","45618943","45619214","chr15","89750734","89751007","49","44131791"
"chr1","45629955","45630250","chr15","41758838","41759130","39","3871117"
"chr1","45643659","45643965","chr7","27825392","27825700","45","17818267"
"chr1","45662770","45663072","chr3","64986478","64986781","45","19323708"
"chr1","45668373","45668680","chr7","80548419","80548716","45","34880046"
"chr1","45677055","45677363","chrUn_GL286451","117883","118189","41","45559172"
"chr1","45697248","45697551","chr7","80586657","80586959","43","34889409"
"chr1","45712034","45712314","chrX","17930524","17930805","46","27781510"
"chr1","45735083","45735382","chr9","115637925","115638221","42","69902842"
"chr1","45735622","45735829","chrX","128210614","128210799","45","82474992"
"chr1","45736128","45736256","chr13","70602985","70603114","23","24866857"
"chr1","45743729","45744031","chr5","52498828","52499124","47","6755099"
"chr1","45768396","45768680","chr22","29295972","29296261","44","16472424"
"chr1","45775224","45775501","chr11","66153144","66153422","47","20377920"
"chr1","45776899","45777032","chr4","43236196","43236331","20","2540703"
"chr1","45792698","45792999","chrX","106813117","106813416","48","61020419"
"chr1","45796024","45796330","chr5","6629520","6629828","40","39166504"
"chr1","45810855","45811150","chr5","94234310","94234606","39","48423455"
"chr1","45831781","45832079","chrX","118063257","118063558","33","72231476"
"chr1","45853368","45853649","chr3","167059124","167059410","45","121205756"
"chr1","45859159","45859399","chrX","124457055","124457290","40","78597896"
"chr1","45880699","45880994","chr13","59154693","59154990","47","13273994"
"chr1","45896043","45896330","chrX","17930524","17930805","39","27965519"
"chr1","45905175","45905469","chr8","32478813","32479091","51","13426362"
"chr1","45932400","45932671","chr2","177730881","177731158","41","131798481"
"chr1","45934457","45934722","chrX","22332396","22332662","41","23602061"
"chr1","45966451","45966740","chr5","110918761","110919060","46","64952310"
"chr1","45967082","45967369","chr5","116115777","116116067","40","70148695"
"chr1","45976317","45976494","chr7","80810498","80810675","25","34834181"
"chr1","45980004","45980297","chr7","80813834","80814122","41","34833830"
"chr1","45993402","45993692","chr5","79752580","79752868","45","33759178"
"chr1","46000032","46000337","chr1","202849760","202850061","38","156849728"
"chr1","46012844","46012936","chr1","51558747","51558844","16","5545903"
"chr1","46032848","46032998","chr9","46471584","46471729","27","438736"
"chr1","46033290","46033454","chr3","39961452","39961617","24","6071838"
"chr1","46078256","46078551","chr7","80924312","80924617","44","34846056"
"chr1","46104647","46104950","chr3","153217268","153217573","40","107112621"
"chr1","46110112","46110421","chr9","9142343","9142648","51","36967769"
"chr1","46122378","46122667","chr13","40511017","40511308","35","5611361"
"chr1","46149528","46149830","chr8","89746565","89746876","51","43597037"
"chr1","46162619","46162922","chr8","93697187","93697481","43","47534568"
"chr1","46167874","46168161","chr19","45166286","45166570","44","1001588"
"chr1","46178077","46178368","chr10","55872616","55872911","34","9694539"
"chr1","46182428","46182695","chrX","39387728","39387995","32","6794700"
"chr1","46198937","46199236","chr7","47866961","47867263","39","1668024"
"chr1","46202411","46202724","chr6","18703661","18703971","37","27498750"
"chr1","46222892","46223217","chr5","94857921","94858240","54","48635029"
"chr1","46224778","46225060","chrX","105924911","105925188","43","59700133"
"chr1","46229685","46230000","chr19","25591314","25591622","56","20638371"
"chr1","46234624","46234651","chr10","17789322","17789342","7","28445302"
"chr1","46234680","46234963","chr3","111736801","111737080","39","65502121"
"chr1","46256862","46257177","chr2","186353864","186354175","40","140097002"
"chr1","46263790","46264095","chr5","62837906","62838210","48","16574116"
"chr1","46265201","46265416","chr14","51715330","51715541","39","5450129"
"chr1","46271374","46271668","chr1","186704593","186704886","45","140433219"
"chr1","46281798","46282092","chr2","168455951","168456250","34","122174153"
"chr1","46290952","46291223","chr4","130607877","130608149","37","84316925"
"chr1","46292032","46292273","chr13","58585116","58585360","46","12293084"
"chr1","46293752","46294057","chr2","6965455","6965749","63","39328297"
"chr1","46299599","46299877","chr3","111736801","111737080","41","65437202"
"chr1","46312095","46312404","chr7","145693234","145693534","42","99381139"
"chr1","46315025","46315162","chr1","197910364","197910508","29","151595339"
"chr1","46315445","46315619","chr17","34108233","34108402","33","12207212"
"chr1","46319679","46319799","chr5","95721121","95721237","22","49401442"
"chr1","46333274","46333557","chr10","44777832","44778120","48","1555442"
"chr1","46367760","46368064","chr11","125799128","125799440","43","79431368"
"chr1","46372714","46373020","chr3","2808599","2808903","44","43564115"
"chr1","46377057","46377349","chr13","27927922","27928207","36","18449135"
"chr1","46378202","46378496","chr10","22559240","22559536","43","23818962"
"chr1","46443655","46443955","chr5","26961498","26961795","41","19482157"
"chr1","46462810","46463122","chrX","47176701","47177007","44","713891"
"chr1","46501277","46501566","chr7","27522668","27522952","59","18978609"
"chr1","46572223","46572517","chrX","140437749","140438042","41","93865526"
"chr1","46573734","46574032","chr10","16169668","16169965","33","30404066"
"chr1","46593577","46593884","chr14","46372540","46372849","40","221037"
"chr1","46623250","46623525","chr5","15793858","15794130","49","30829392"
"chr1","46634331","46634640","chr7","81477437","81477744","39","34843106"
"chr1","46641067","46641377","chr7","81483563","81483853","50","34842496"
"chr1","46659967","46660273","chr1","82669756","82670065","44","36009789"
"chr1","46661077","46661373","chr19","37691091","37691388","40","8969986"
"chr1","46672247","46672514","chr6","17285930","17286191","42","29386317"
"chr1","46679634","46679879","chr2","138499762","138500000","43","91820128"
"chr1","46682742","46682999","chr5","8940511","8940767","42","37742231"
"chr1","46738710","46738994","chr7","81605262","81605547","34","34866552"
"chr1","46800330","46800628","chr4","36522598","36522895","41","10277732"
"chr1","46843629","46843796","chr7","82046299","82046459","21","35202670"
"chr1","46872972","46873186","chr7","82027153","82027365","29","35154181"
"chr1","46893968","46894186","chr5","492363","492583","35","46401605"
"chr1","46896184","46896490","chr18","4701650","4701950","43","42194534"
"chr1","47031760","47032066","chr5","116789166","116789470","47","69757406"
"chr1","47071117","47071423","chr12","115383799","115384092","43","68312682"
"chr1","47073423","47073641","chr5","492363","492583","35","46581060"
"chr1","47094727","47094941","chr7","82027153","82027365","28","34932426"
"chr1","47096627","47096929","chr10","90431710","90432016","41","43335083"
"chr1","47117469","47117636","chr7","82046299","82046459","20","34928830"
"chr1","47249574","47249876","chr2","139362540","139362829","46","92112966"
"chr1","47261107","47261414","chr1","168595556","168595859","41","121334449"
"chr1","47261462","47261762","chr17","69075766","69076065","44","21814304"
"chr1","47264958","47265260","chr13","1968946","1969248","46","45296012"
"chr1","47284608","47284908","chr9","35074414","35074712","36","12210194"
"chr1","47285864","47286173","chr18","10830546","10830857","46","36455318"
"chr1","47286923","47287022","chr1","183704417","183704513","12","136417494"
"chr1","47289717","47289958","chr8","42710720","42710953","59","4578997"
"chr1","47291599","47291865","chrY","1998751","1999014","38","45292848"
"chr1","47296519","47296831","chr7","58385068","58385368","50","11088549"
"chr1","47305136","47305424","chr2","56700759","56701042","40","9395623"
"chr1","47306873","47307171","chr2","858886","859191","50","46447987"
"chr1","47308772","47309067","chr7","38103035","38103332","40","9205737"
"chr1","47315370","47315659","chrX","33892988","33893266","52","13422382"
"chr1","47320099","47320388","chrX","47232641","47232935","45","87458"
"chr1","47342989","47343286","chr5","63326522","63326817","39","15983533"
"chr1","47347623","47347930","chr7","82248115","82248413","47","34900492"
"chr1","47349811","47350105","chr10","115125796","115126088","39","67775985"
"chr1","47351854","47352163","chr6","17068239","17068542","40","30283615"
"chr1","47359721","47359811","chr1","180878830","180878920","5","133519109"
"chr1","47370357","47370655","chr20","27822433","27822727","37","19547924"
"chr1","47382099","47382401","chr5","40811415","40811717","36","6570684"
"chr1","47385548","47385851","chrX","93623389","93623691","39","46237841"
"chr1","47387067","47387364","chr9","28990018","28990314","37","18397049"
"chr1","47391487","47391785","chr11","74360467","74360765","37","26968980"
"chr1","47392393","47392686","chr14","63994771","63995061","37","16602378"
"chr1","47426249","47426557","chr6","31032931","31033246","43","16393318"
"chr1","47504129","47504430","chr5","110918761","110919060","40","63414632"
"chr1","47666875","47667166","chr5","127875197","127875486","48","80208322"
"chr1","47949398","47949707","chr18","39712282","39712591","40","8237116"
"chr1","47966623","47966904","chr1","40046052","40046333","42","7920571"
"chr1","48598495","48598720","chr20","28905745","28905975","41","19692750"
"chr1","48797606","48797846","chr11","82251323","82251566","35","33453717"
"chr1","48849691","48850002","chrX","93623389","93623691","41","44773698"
"chr1","48926298","48926587","chr9","37642064","37642351","49","11284234"
"chr1","49303451","49303775","chr12","31281547","31281855","57","18021904"
"chr1","49329025","49329326","chr1","190336387","190336690","42","141007362"
"chr1","49542618","49542925","chr4","36904943","36905240","45","12637675"
"chr1","49666283","49666566","chr2","56700759","56701042","43","7034476"
"chr1","49687490","49687801","chr5","7574884","7575188","54","42112606"
"chr1","49899759","49900051","chr1","100819915","100820205","39","50920156"
"chr1","50027131","50027409","chr7","55921811","55922099","55","5894680"
"chr1","50029034","50029327","chr10","29077715","29078004","53","20951319"
"chr1","50029539","50029833","chr7","84911799","84912084","43","34882260"
"chr1","50267848","50268145","chr7","79564408","79564709","36","29296560"
"chr1","50358606","50358739","chr13","28207770","28207902","12","22150836"
"chr1","50389487","50389787","chr16","61261331","61261629","37","10871844"
"chr1","50407193","50407498","chr2","12828952","12829252","42","37578241"
"chr1","50449913","50450210","chr4","66293935","66294233","38","15844022"
"chr1","50455832","50456087","chr11","13204541","13204798","40","37251291"
"chr1","50468303","50468459","chr5","64547457","64547612","29","14079154"
"chr1","50468759","50468895","chr7","144987726","144987861","14","94518967"
"chr1","50478164","50478462","chr5","94234310","94234606","39","43756146"
"chr1","50490079","50490384","chr9","1932661","1932946","50","48557418"
"chr1","50513198","50513502","chr7","85422772","85423081","49","34909574"
"chr1","50534292","50534573","chr12","29333369","29333657","42","21200923"
"chr1","50545290","50545566","chr16","69022185","69022460","38","18476895"
"chr1","50557911","50558198","chr7","85467089","85467391","47","34909178"
"chr1","50594031","50594332","chr5","31224399","31224698","37","19369632"
"chr1","50602504","50602801","chr5","143023404","143023700","40","92420900"
"chr1","50643597","50643889","chr1","148142743","148143031","41","97499146"
"chr1","50665895","50666129","chr15","62374294","62374533","38","11708399"
"chr1","50670664","50670930","chr7","60984375","60984638","48","10313711"
"chr1","50671123","50671418","chr1","98572733","98573027","41","47901610"
"chr1","50683245","50683543","chr3","53287845","53288140","38","2604600"
"chr1","50691251","50691541","chr1","163381580","163381871","50","112690329"
"chr1","50733825","50734096","chrUn_GL286409","1285513","1285786","45","49448312"
"chr1","50750612","50750922","chr11","127345231","127345539","43","76594619"
"chr1","50752677","50752983","chr7","85690346","85690649","34","34937669"
"chr1","50758218","50758352","chr22","44327323","44327458","13","6430895"
"chr1","50769769","50770068","chr10","14603732","14604030","36","36166037"
"chr1","50783592","50783879","chr20","28636143","28636428","38","22147449"
"chr1","50798890","50799110","chr6","143751420","143751632","40","92952530"
"chr1","50815742","50816043","chr15","61219971","61220268","40","10404229"
"chr1","50826270","50826566","chr15","61219971","61220268","44","10393701"
"chr1","50830099","50830408","chr1","187131170","187131479","51","136301071"
"chr1","50882312","50882649","chr15","8491363","8491685","54","42390949"
"chr1","50911061","50911370","chr3","165648344","165648651","40","114737283"
"chr1","50911414","50911704","chr15","68809459","68809748","40","17898045"
"chr1","50927299","50927554","chr1","208231121","208231388","47","157303822"
"chr1","50948521","50948825","chr7","49492951","49493260","44","1455570"
"chr1","50950950","50951253","chr7","6894852","6895150","47","44056098"
"chr1","50962100","50962399","chr2","62689969","62690263","44","11727869"
"chr1","50988289","50988605","chrUn_GL286451","397516","397830","50","50590773"
"chr1","50991971","50992282","chr1","184817871","184818171","38","133825900"
"chr1","51002310","51002595","chr7","89457490","89457780","56","38455180"
"chr1","51009070","51009379","chr10","48102560","48102860","39","2906510"
"chr1","51011548","51011845","chr4","158146980","158147273","45","107135432"
"chr1","51028080","51028373","chr7","86006428","86006710","53","34978348"
"chr1","51039725","51040015","chr22","30202132","30202421","43","20837593"
"chr1","51042215","51042508","chr15","61219971","61220268","45","10177756"
"chr1","51054270","51054571","chr10","14603732","14604030","38","36450538"
"chr1","51055239","51055549","chr13","18393383","18393690","37","32661856"
"chr1","51064935","51065248","chr5","2840514","2840824","45","48224421"
"chr1","51068852","51069159","chr21","48419771","48420077","44","2649081"
"chr1","51081928","51082217","chr12","55307599","55307888","37","4225671"
"chr1","51087643","51087941","chr7","86070575","86070866","36","34982932"
"chr1","51089988","51090290","chr7","86072899","86073201","40","34982911"
"chr1","51110687","51110988","chr5","64150454","64150751","44","13039767"
"chr1","51115063","51115341","chr14","77766834","77767117","42","26651771"
"chr1","51138696","51138988","chrX","108021574","108021865","44","56882878"
"chr1","51141837","51142074","chr9","36066745","36066976","44","15075092"
"chr1","51146177","51146472","chr5","127746291","127746583","35","76600114"
"chr1","51150192","51150492","chr4","21834214","21834512","34","29315978"
"chr1","51163830","51164132","chrX","47176701","47177007","50","3987129"
"chr1","51170752","51170926","chr5","93759828","93759997","34","42589076"
"chr1","51174697","51174964","chr5","8792495","8792757","43","42382202"
"chr1","51186682","51186967","chrX","105924911","105925188","44","54738229"
"chr1","51194486","51194800","chr13","84568707","84569016","43","33374221"
"chr1","51197823","51198115","chr6","45418973","45419253","42","5778850"
"chr1","51201773","51202073","chr5","153587527","153587824","42","102385754"
"chr1","51206934","51207256","chr9","35187592","35187919","55","16019342"
"chr1","51216170","51216483","chr5","1214302","1214607","46","50001868"
"chr1","51223465","51223597","chr14","65544687","65544821","17","14321222"
"chr1","51225297","51225563","chr15","49783308","49783587","48","1441989"
"chr1","51226830","51226959","chr12","27626025","27626157","10","23600805"
"chr1","51232294","51232603","chr7","58614178","58614486","46","7381884"
"chr1","51234413","51234713","chr16","54091968","54092259","47","2857555"
"chr1","51238732","51239028","chr10","16033492","16033786","36","35205240"
"chr1","51251798","51252106","chr3","80802077","80802383","41","29550279"
"chr1","51254452","51254762","chr1","168595556","168595859","45","117341104"
"chr1","51265034","51265341","chr4","107038485","107038784","45","55773451"
"chr1","51270331","51270534","chrX","140817948","140818150","32","89547617"
"chr1","51274465","51274774","chr9","103511786","103512094","41","52237321"
"chr1","51281164","51281459","chr2","8798514","8798801","38","42482650"
"chr1","51297216","51297518","chr5","94234310","94234606","44","42937094"
"chr1","51319679","51319987","chr16","74139192","74139501","42","22819513"
"chr1","51320864","51321173","chr15","83479661","83479973","35","32158797"
"chr1","51327700","51327995","chr14","83739394","83739686","39","32411694"
"chr1","51338593","51338902","chr12","27257719","27258031","40","24080874"
"chr1","51350922","51351216","chr3","45658377","45658667","39","5692545"
"chr1","51358700","51359003","chr7","66077660","66077969","48","14718960"
"chr1","51363016","51363315","chr7","80047681","80047980","36","28684665"
"chr1","51368585","51368894","chr4","158766463","158766761","48","107397878"
"chr1","51373732","51373960","chr11","100051405","100051630","31","48677673"
"chr1","51376382","51376685","chr22","28997304","28997607","39","22379078"
"chr1","51379126","51379419","chr6","147894727","147895020","41","96515601"
"chr1","51379780","51380074","chr17","54417945","54418244","49","3038165"
"chr1","51399577","51399870","chr7","86387719","86388010","42","34988142"
"chr1","51424622","51424929","chr7","148985140","148985448","44","97560518"
"chr1","51430287","51430584","chr22","29334272","29334570","41","22096015"
"chr1","51437493","51437782","chr7","86430660","86430946","47","34993167"
"chr1","51451932","51452184","chr12","20528814","20529059","53","30923118"
"chr1","51468846","51469157","chr7","86464928","86465240","49","34996082"
"chr1","51470363","51470670","chr3","177773552","177773857","39","126303189"
"chr1","51482498","51482765","chr7","86475184","86475453","37","34992686"
"chr1","51528591","51528890","chr6","154609995","154610287","61","103081404"
"chr1","51530716","51530988","chr7","69583753","69584027","52","18053037"
"chr1","51535554","51535862","chr9","37605194","37605489","61","13930360"
"chr1","51538009","51538316","chr5","129591545","129591851","38","78053536"
"chr1","51555558","51555870","chr1","139683851","139684159","41","88128293"
"chr1","51560968","51561255","chr7","86568700","86568988","27","35007732"
"chr1","51562927","51563239","chr6","112846301","112846609","50","61283374"
"chr1","51568734","51569019","chr6","60139121","60139399","57","8570387"
"chr1","51582332","51582629","chr10","55872616","55872911","37","4290284"
"chr1","51587095","51587390","chr7","86595348","86595644","45","35008253"
"chr1","51591526","51591784","chr4","38031431","38031693","46","13560095"
"chr1","51607154","51607461","chr3","106655459","106655766","44","55048305"
"chr1","51608305","51608602","chrX","17243808","17244094","43","34364497"
"chr1","51624305","51624612","chr6","17068239","17068542","46","34556066"
"chr1","51625519","51625823","chr7","86644779","86645081","48","35019260"
"chr1","51628673","51628977","chr7","148985140","148985448","44","97356467"
"chr1","51649122","51649410","chrX","17543907","17544194","45","34105215"
"chr1","51668340","51668652","chr7","86703716","86704026","33","35035376"
"chr1","51676178","51676438","chr10","88594260","88594518","48","36918082"
"chr1","51680372","51680678","chrX","16268147","16268445","48","35412225"
"chr1","51684528","51684833","chr15","22872591","22872890","38","28811937"
"chr1","51685414","51685697","chr2","5037327","5037617","43","46648087"
"chr1","51720793","51721097","chr17","69358056","69358361","44","17637263"
"chr1","51770138","51770442","chr3","39190625","39190923","50","12579513"
"chr1","51772231","51772535","chr7","10120794","10121094","46","41651437"
"chr1","51803195","51803492","chr7","6894852","6895150","41","44908343"
"chr1","51819020","51819316","chr1","79808169","79808469","45","27989149"
"chr1","51832036","51832346","chr12","12071873","12072177","41","39760163"
"chr1","51834300","51834615","chr15","5688723","5689022","51","46145577"
"chr1","51835457","51835764","chr1","82669756","82670065","44","30834299"
"chr1","51845313","51845619","chr3","153217268","153217573","49","101371955"
"chr1","51846117","51846413","chr9","35074414","35074712","49","16771703"
"chr1","51864671","51864966","chrUn_GL286262","40235","40532","40","51824436"
"chr1","51929331","51929615","chr7","45351199","45351483","38","6578132"
"chr1","51940341","51940636","chr13","30370402","30370695","43","21569939"
"chr1","51955400","51955699","chr19","24203448","24203737","45","27751952"
"chr1","51971899","51972186","chr5","132893438","132893729","41","80921539"
"chr1","51982472","51982778","chr11","123924507","123924822","43","71942035"
"chr1","51983678","51983977","chr7","87073863","87074158","46","35090185"
"chr1","51991556","51991868","chr7","87082953","87083263","35","35091397"
"chr1","52001000","52001292","chr5","38861768","38862061","40","13139232"
"chr1","52010710","52010986","chr7","87104838","87105108","41","35094128"
"chr1","52016964","52017273","chr6","17068239","17068542","46","34948725"
"chr1","52026618","52026753","chr12","28012779","28012914","15","24013839"
"chr1","52027846","52028124","chr7","87118319","87118596","43","35090473"
"chr1","52038316","52038607","chr17","37986925","37987221","42","14051391"
"chr1","52039334","52039629","chr1","172257719","172258009","31","120218385"
"chr1","52046594","52046735","chr22","17035586","17035722","16","35011008"
"chr1","52048586","52048863","chr1","42156505","42156788","46","9892081"
"chr1","52061215","52061510","chr6","17068239","17068542","40","34992976"
"chr1","52085568","52085873","chr21","29631349","29631656","48","22454219"
"chr1","52091641","52091925","chr10","79566266","79566542","49","27474625"
"chr1","52099916","52100135","chr7","88016274","88016493","25","35916358"
"chr1","52129800","52130091","chr4","16350054","16350344","41","35779746"
"chr1","52148640","52148938","chr7","87946167","87946461","38","35797527"
"chr1","52164211","52164513","chr1","185263937","185264240","44","133099726"
"chr1","52201375","52201678","chr6","17068239","17068542","31","35133136"
"chr1","52202273","52202580","chr1","82468827","82469129","45","30266554"
"chr1","52203175","52203462","chr1","204428237","204428521","46","152225062"
"chr1","52204454","52204748","chr7","87881139","87881429","34","35676685"
"chr1","52231236","52231526","chr5","79752580","79752868","32","27521344"
"chr1","52232448","52232754","chr22","33981676","33981980","36","18250772"
"chr1","52242032","52242331","chr2","29497456","29497755","42","22744576"
"chr1","52262790","52263106","chr3","106655459","106655766","42","54392669"
"chr1","52279476","52279763","chr2","131198340","131198624","51","78918864"
"chr1","52288639","52288955","chr12","27257719","27258031","50","25030920"
"chr1","52291999","52292314","chr8","74645185","74645493","55","22353186"
"chr1","52294921","52295204","chr19","39001265","39001534","47","13293656"
"chr1","52300856","52301159","chr18","8503340","8503640","41","43797516"
"chr1","52317237","52317509","chr1","75555059","75555337","52","23237822"
"chr1","52335852","52336146","chr10","16033492","16033786","35","36302360"
"chr1","52336360","52336657","chrX","93042255","93042549","54","40705895"
"chr1","52340618","52340933","chrX","107827107","107827417","45","55486489"
"chr1","52376237","52376511","chr4","14908055","14908338","42","37468182"
"chr1","52383076","52383346","chr4","98696895","98697167","51","46313819"
"chr1","52391618","52391927","chr7","87691670","87691980","46","35300052"
"chr1","52398268","52398563","chr7","87682030","87682323","25","35283762"
"chr1","52409329","52409616","chr11","15686953","15687243","48","36722376"
"chr1","52429586","52429892","chr9","103532999","103533309","46","51103413"
"chr1","52441887","52442183","chr5","26961498","26961795","44","25480389"
"chr1","52460225","52460483","chr12","14997713","14997969","34","37462512"
"chr1","52499117","52499422","chr5","2298333","2298635","49","50200784"
"chr1","52499794","52499911","chr6","7928230","7928345","15","44571564"
"chr1","52510031","52510344","chr3","44692186","44692494","61","7817845"
"chr1","52514159","52514462","chr6","17068239","17068542","42","35445920"
"chr1","52521384","52521680","chr9","99776089","99776389","46","47254705"
"chr1","52523324","52523626","chr14","37097736","37098031","55","15425588"
"chr1","52537954","52538252","chr15","22315101","22315397","47","30222853"
"chr1","52545094","52545394","chr7","6894852","6895150","46","45650242"
"chr1","52557474","52557765","chr5","126829273","126829564","48","74271799"
"chr1","52562233","52562476","chr12","4286115","4286374","36","48276118"
"chr1","52563132","52563431","chr2","61800729","61801029","37","9237597"
"chr1","52577947","52578226","chr10","8736436","8736699","53","43841511"
"chr1","52582826","52583127","chr13","54727596","54727903","40","2144770"
"chr1","52621372","52621687","chr1","195460436","195460744","52","142839064"
"chr1","52626685","52627000","chr1","138077483","138077787","70","85450798"
"chr1","52631203","52631504","chr21","40584762","40585072","44","12046441"
"chr1","52654901","52655214","chr3","106655459","106655766","47","54000558"
"chr1","52658045","52658339","chr9","39780849","39781143","36","12877196"
"chr1","52670282","52670599","chr1","184817871","184818171","47","132147589"
"chr1","52685867","52686165","chr12","100785810","100786105","38","48099943"
"chr1","52693296","52693635","chr3","21104959","21105285","64","31588337"
"chr1","52695012","52695318","chr10","90431710","90432016","37","37736698"
"chr1","52709662","52709972","chr7","148985140","148985448","48","96275478"
"chr1","52715513","52715809","chr1","13954469","13954768","37","38761044"
"chr1","52717010","52717301","chr9","52770466","52770758","43","53456"
"chr1","52718792","52719097","chr19","26467351","26467655","39","26251441"
"chr1","52721841","52721967","chr14","1341561","1341692","17","51380280"
"chr1","52737071","52737179","chr10","58838212","58838321","12","6101141"
"chr1","52738205","52738480","chr4","153251075","153251339","49","100512870"
"chr1","52743927","52744236","chr18","39712282","39712591","39","13031645"
"chr1","52751354","52751648","chr7","42367252","42367545","37","10384102"
"chr1","52759839","52760129","chr2","8798514","8798801","45","43961325"
"chr1","52773192","52773494","chrX","97185025","97185330","39","44411833"
"chr1","52775424","52775715","chr4","151051212","151051502","44","98275788"
"chr1","52790970","52791272","chrX","86580996","86581293","44","33790026"
"chr1","52807177","52807300","chr4","106521719","106521841","14","53714542"
"chr1","52814876","52815159","chrX","17543907","17544194","43","35270969"
"chr1","52823853","52824145","chr9","103172360","103172645","48","50348507"
"chr1","52835756","52836073","chrX","47176701","47177007","47","5659055"
"chr1","52845308","52845623","chr15","24683449","24683755","54","28161859"
"chr1","52849375","52849666","chrX","17543907","17544194","45","35305468"
"chr1","52851395","52851698","chr3","150073804","150074104","52","97222409"
"chr1","52855319","52855489","chr21","41033871","41034039","25","11821448"
"chr1","52872599","52872912","chr4","34020527","34020840","45","18852072"
"chr1","52883108","52883423","chrX","122774008","122774319","53","69890900"
"chr1","52883439","52883726","chrUn_GL286293","22081","22370","44","52861358"
"chr1","52939668","52939969","chr6","17068239","17068542","50","35871429"
"chr1","52960769","52961051","chr5","44695769","44696048","38","8265000"
"chr1","52965638","52965944","chr4","19980098","19980393","54","32985540"
"chr1","52973582","52973901","chr9","101017703","101018007","64","48044121"
"chr1","52988676","52988980","chr9","45396887","45397186","45","7591789"
"chr1","53000001","53000106","chr6","116349416","116349530","20","63349415"
"chr1","53000677","53000970","chr16","25425936","25426223","51","27574741"
"chr1","53021318","53021617","chr4","16350054","16350344","37","36671264"
"chr1","53030610","53030929","chr21","40584762","40585072","48","12445848"
"chr1","53033323","53033625","chrX","106754938","106755243","37","53721615"
"chr1","53033982","53034284","chr1","192264175","192264477","50","139230193"
"chr1","53036861","53037142","chr5","66580234","66580523","42","13543373"
"chr1","53147794","53148097","chr7","148985140","148985448","35","95837346"
"chr1","53164085","53164386","chr16","58717","59022","57","53105368"
"chr1","53170072","53170383","chrX","124381299","124381609","37","71211227"
"chr1","53199063","53199352","chr1","15931085","15931383","46","37267978"
"chr1","53213647","53213947","chr3","106655459","106655766","37","53441812"
"chr1","53347245","53347560","chr15","26045961","26046275","47","27301284"
"chr1","53389726","53389853","chr13","70602985","70603114","21","17213259"
"chr1","53418295","53418617","chr5","124338115","124338421","56","70919820"
"chr1","53440504","53440717","chr12","5148433","5148646","36","48292071"
"chr1","53469794","53470095","chr7","80047681","80047980","40","26577887"
"chr1","53491968","53492277","chr7","88719582","88719893","36","35227614"
"chr1","53492288","53492600","chr4","132092351","132092663","51","78600063"
"chr1","53516548","53516831","chrX","135380698","135380985","53","81864150"
"chr1","53622148","53622456","chr5","8258993","8259302","41","45363155"
"chr1","53646528","53646831","chr7","88890511","88890822","41","35243983"
"chr1","53673890","53674201","chr18","39712282","39712591","38","13961608"
"chr1","53757229","53757530","chr14","43386246","43386546","39","10370983"
"chr1","53775956","53776256","chr10","14603732","14604030","41","39172224"
"chr1","53789822","53790080","chr7","89037542","89037801","41","35247720"
"chr1","53798547","53798854","chr12","83078942","83079243","44","29280395"
"chr1","53804476","53804776","chr6","43666330","43666629","37","10138146"
"chr1","53806965","53807274","chr6","18703661","18703971","49","35103304"
"chr1","53819972","53820284","chr5","124338115","124338421","44","70518143"
"chr1","53830172","53830452","chr19","22748565","22748846","38","31081607"
"chr1","53837291","53837584","chr19","808823","809114","45","53028468"
"chr1","53863739","53864041","chr10","16033492","16033786","52","37830247"
"chr1","53874485","53874772","chrX","17243808","17244094","37","36630677"
"chr1","53897196","53897511","chr6","112846301","112846609","43","58949105"
"chr1","53898463","53898763","chr1","202589323","202589615","39","148690860"
"chr1","53900322","53900623","chr2","18780256","18780558","41","35120066"
"chr1","53903567","53903858","chr8","96452414","96452711","39","42548847"
"chr1","53906642","53906953","chrX","47176701","47177007","41","6729941"
"chr1","53925819","53926098","chr1","83763268","83763542","48","29837449"
"chr1","53944225","53944363","chr7","89191151","89191289","26","35246926"
"chr1","53969049","53969366","chr5","94857921","94858240","42","40888872"
"chr1","53971239","53971537","chr5","94234310","94234606","35","40263071"
"chr1","53977181","53977480","chr10","16033492","16033786","38","37943689"
"chr1","53981862","53982160","chr7","89262500","89262799","35","35280638"
"chr1","54021225","54021531","chrX","44027620","44027925","45","9993605"
"chr1","54033319","54033624","chr20","12401994","12402298","42","41631325"
"chr1","54034492","54034790","chr15","24649508","24649805","42","29384984"
"chr1","54036002","54036293","chr21","40446927","40447225","45","13589075"
"chr1","54054962","54055264","chr7","149873242","149873540","54","95818280"
"chr1","54065797","54066102","chr7","89337183","89337499","51","35271386"
"chr1","54075732","54076057","chr18","9863619","9863928","56","44212113"
"chr1","54104541","54104841","chr7","13017719","13018023","41","41086822"
"chr1","54123364","54123659","chr4","156698023","156698319","37","102574659"
"chr1","54130348","54130649","chr15","5688723","5689022","54","48441625"
"chr1","54143054","54143365","chr22","28997304","28997607","38","25145750"
"chr1","54146812","54147104","chr3","15515987","15516279","51","38630825"
"chr1","54179964","54180252","chr5","94234310","94234606","43","40054346"
"chr1","54187794","54188090","chr12","100785810","100786105","44","46598016"
"chr1","54203463","54203775","chr7","89485814","89486124","33","35282351"
"chr1","54204102","54204415","chrX","108739049","108739349","57","54534947"
"chr1","54231681","54231993","chr12","27257719","27258031","45","26973962"
"chr1","54236112","54236420","chr2","14083073","14083375","51","40153039"
"chr1","54254822","54255130","chr21","40584762","40585072","43","13670060"
"chr1","54276331","54276633","chr3","106655459","106655766","38","52379128"
"chr1","54297348","54297647","chr5","110918761","110919060","35","56621413"
"chr1","54308186","54308319","chrX","63436555","63436688","19","9128369"
"chr1","54308619","54308794","chr17","34108233","34108402","36","20200386"
"chr1","54345860","54346175","chr12","31281547","31281855","50","23064313"
"chr1","54355345","54355649","chr4","36522598","36522895","40","17832747"
"chr1","54368020","54368313","chr4","35811683","35811985","47","18556337"
"chr1","54418153","54418433","chr4","34845790","34846071","40","19572363"
"chr1","54418470","54418782","chr7","89701761","89702068","45","35283291"
"chr1","54419231","54419376","chr7","94914850","94914984","24","40495619"
"chr1","54419440","54419626","chr5","1353158","1353333","41","53066282"
"chr1","54420092","54420382","chr10","126901235","126901521","38","72481143"
"chr1","54423818","54424113","chr1","13954469","13954768","39","40469349"
"chr1","54426026","54426192","chrX","107323132","107323304","32","52897106"
"chr1","54426505","54426690","chr5","92714776","92714958","50","38288271"
"chr1","54435775","54436083","chr4","11141283","11141584","46","43294492"
"chr1","54437263","54437549","chr9","108878803","108879104","48","54441540"
"chr1","54437649","54437954","chr13","39885762","39886059","43","14551887"
"chr1","54439234","54439542","chr9","35373116","35373420","38","19066118"
"chr1","54492661","54492792","chr3","152069384","152069518","20","97576723"
"chr1","54495598","54495890","chr2","9767135","9767430","46","44728463"
"chr1","54508005","54508173","chr4","34157283","34157451","35","20350722"
"chr1","54508773","54508915","chr4","8753868","8754005","23","45754905"
"chr1","54508926","54509241","chrUn_GL286451","117883","118189","47","54391043"
"chr1","54515415","54515733","chr4","125981054","125981345","78","71465639"
"chr1","54519448","54519760","chr12","91267902","91268208","39","36748454"
"chr1","54530753","54531059","chr2","13687630","13687935","43","40843123"
"chr1","54531542","54531851","chr6","17068239","17068542","50","37463303"
"chr1","54550859","54551158","chr11","75298799","75299105","44","20747940"
"chr1","54553234","54553490","chr1","150914547","150914804","44","96361313"
"chr1","54563778","54564082","chr3","182415044","182415341","43","127851266"
"chr1","54566175","54566473","chr5","26961498","26961795","34","27604677"
"chr1","54573451","54573746","chr5","38614488","38614784","37","15958963"
"chr1","54587551","54587860","chr3","106655459","106655766","37","52067908"
"chr1","54616366","54616672","chr13","57414367","57414663","41","2798001"
"chr1","54625985","54626319","chr5","763697","764005","74","53862288"
"chr1","54626851","54627156","chr6","17068239","17068542","36","37558612"
"chr1","54628778","54629087","chr5","107932565","107932875","46","53303787"
"chr1","54637245","54637492","chr7","22428824","22429073","47","32208421"
"chr1","54638372","54638652","chr13","58927298","58927573","45","4288926"
"chr1","54645275","54645573","chrX","17855428","17855719","45","36789847"
"chr1","54655894","54656185","chr1","98572733","98573027","41","43916839"
"chr1","54662255","54662552","chr9","119720360","119720654","38","65058105"
"chr1","54669718","54670023","chr3","64986478","64986781","49","10316760"
"chr1","54674986","54675275","chr11","43485145","43485437","43","11189841"
"chr1","54691524","54691803","chr19","23505949","23506227","37","31185575"
"chr1","54694476","54694761","chr5","138134926","138135216","47","83440450"
"chr1","54696660","54696971","chr22","32362495","32362804","39","22334165"
"chr1","54709237","54709517","chrUn_GL288700","6268","6551","38","54702969"
"chr1","54734067","54734371","chr7","6894852","6895150","34","47839215"
"chr1","54762134","54762437","chr1","74747856","74748157","45","19985722"
"chr1","54818593","54818891","chr20","29549977","29550272","51","25268616"
"chr1","54833835","54834137","chr10","90431710","90432016","49","35597875"
"chr1","54891181","54891465","chr6","152010941","152011228","46","97119760"
"chr1","54923535","54923839","chr7","90171236","90171541","40","35247701"
"chr1","54933507","54933804","chr10","15344695","15344990","37","39588812"
"chr1","55018863","55019110","chr2","7114712","7114952","45","47904151"
"chr1","55074352","55074635","chr13","29004459","29004743","50","26069893"
"chr1","55108987","55109276","chr6","17068239","17068542","50","38040748"
"chr1","55208346","55208652","chr4","44677030","44677337","43","10531316"
"chr1","55227003","55227135","chr17","52749755","52749887","12","2477248"
"chr1","55228525","55228830","chrUn_GL286262","40235","40532","41","55188290"
"chr1","55254317","55254633","chr7","102737006","102737318","43","47482689"
"chr1","55291761","55292050","chr10","55872616","55872911","48","580855"
"chr1","55344718","55345009","chr7","56170171","56170464","43","825453"
"chr1","55387581","55387880","chr2","170778290","170778584","40","115390709"
"chr1","55439464","55439755","chr12","31252957","31253248","40","24186507"
"chr1","55446945","55447245","chr10","14603732","14604030","41","40843213"
"chr1","55581467","55581659","chr1","192635468","192635649","29","137054001"
"chr1","55631781","55632082","chr22","28997304","28997607","37","26634477"
"chr1","55752631","55752948","chr13","27271078","27271383","58","28481553"
"chr1","55840221","55840529","chr5","77362804","77363108","49","21522583"
"chr1","55983144","55983419","chr7","91194464","91194738","36","35211320"
"chr1","56012179","56012460","chr1","130305122","130305403","42","74292943"
"chr1","56277140","56277444","chr14","78273610","78273913","42","21996470"
"chr1","56382293","56382591","chr10","74504509","74504804","33","18122216"
"chr1","56401859","56402168","chr3","177888845","177889151","45","121486986"
"chr1","56402691","56402978","chr5","2532160","2532447","33","53870531"
"chr1","56455728","56456028","chr22","15891703","15892006","43","40564025"
"chr1","56469394","56469685","chr1","134559355","134559646","46","78089961"
"chr1","56492711","56493017","chr1","168595556","168595859","41","112102845"
"chr1","56533054","56533311","chr11","123942134","123942398","46","67409080"
"chr1","56556782","56556883","chr7","91781617","91781720","17","35224835"
"chr1","56594591","56594868","chrUn_GL286397","204143","204413","42","56390448"
"chr1","56595043","56595346","chr9","112240509","112240808","40","55645466"
"chr1","56604645","56604968","chr17","68610381","68610692","62","12005736"
"chr1","56622060","56622341","chr17","42545319","42545613","45","14076741"
"chr1","56632879","56633011","chr7","91855585","91855717","19","35222706"
"chr1","56649813","56650117","chr2","13687630","13687935","38","42962183"
"chr1","56689436","56689735","chr12","100785810","100786105","37","44096374"
"chr1","56695204","56695490","chr7","91919094","91919382","40","35223890"
"chr1","56717146","56717462","chr9","116937360","116937671","47","60220214"
"chr1","56859784","56860073","chr22","34040608","34040901","41","22819176"
"chr1","56914660","56914977","chr4","149992499","149992801","56","93077839"
"chr1","56942421","56942716","chr10","16033492","16033786","39","40908929"
"chr1","57045416","57045726","chr3","173740795","173741099","39","116695379"
"chr1","57169985","57170298","chrX","39219992","39220300","45","17949993"
"chr1","57197054","57197366","chr3","119208858","119209170","45","62011804"
"chr1","57287779","57288095","chr11","123924507","123924822","48","66636728"
"chr1","57331952","57332262","chr9","91776812","91777118","50","34444860"
"chr1","57376989","57377295","chr1","168595556","168595859","42","111218567"
"chr1","57480487","57480784","chr7","92746296","92746589","34","35265809"
"chr1","57618133","57618430","chr7","80905976","80906275","36","23287843"
"chr1","57659694","57659978","chr1","130305122","130305403","45","72645428"
"chr1","57739487","57739748","chr7","92997550","92997807","42","35258063"
"chr1","57765798","57765930","chr5","98737086","98737218","12","40971288"
"chr1","57984917","57985207","chr5","82953739","82954031","44","24968822"
"chr1","58000556","58000870","chr2","8426666","8426970","48","49573890"
"chr1","58020723","58021033","chr7","93297491","93297803","39","35276768"
"chr1","58113965","58114275","chr5","84826899","84827194","50","26712934"
"chr1","58287742","58288049","chr5","15342496","15342804","51","42945246"
"chr1","58295809","58296116","chr8","108764374","108764677","41","50468565"
"chr1","58541029","58541323","chr9","116937360","116937671","46","58396331"
"chr1","58552128","58552254","chr5","153944013","153944134","16","95391885"
"chr1","58552306","58552376","chr6","16808585","16808647","21","41743721"
"chr1","58552384","58552510","chr5","112523260","112523386","16","53970876"
"chr1","58552564","58552731","chr10","27469878","27470033","30","31082686"
"chr1","58596290","58596570","chr7","93887975","93888249","41","35291685"
"chr1","58648243","58648524","chr2","141936322","141936607","36","83288079"
"chr1","58665763","58666070","chr4","58786062","58786360","50","120299"
"chr1","58732866","58733169","chr6","119827925","119828231","47","61095059"
"chr1","58915219","58915520","chr22","28997304","28997607","42","29917915"
"chr1","59035993","59036265","chr1","15624742","15625015","39","43411251"
"chr1","59139037","59139348","chr4","136906557","136906867","42","77767520"
"chr1","59140235","59140536","chr4","38452112","38452407","47","20688123"
"chr1","59247398","59247697","chr15","49359997","49360293","43","9887401"
"chr1","59334135","59334443","chr10","81273718","81274013","45","21939583"
"chr1","59398248","59398536","chr8","111628886","111629177","49","52230638"
"chr1","59599097","59599376","chr7","94860990","94861260","48","35261893"
"chr1","59599413","59599707","chr4","156698023","156698319","36","97098610"
"chr1","59669570","59669694","chr5","139740366","139740492","10","80070796"
"chr1","59721329","59721636","chr6","119827925","119828231","39","60106596"
"chr1","59819139","59819449","chr13","111809627","111809941","37","51990488"
"chr1","59869189","59869490","chr10","16033492","16033786","42","43835697"
"chr1","59932692","59932964","chr12","84631321","84631591","50","24698629"
"chr1","60239740","60240020","chr20","29471461","29471743","32","30768279"
"chr1","60377908","60378199","chr3","177773552","177773857","48","117395644"
"chr1","60456377","60456683","chr3","106655459","106655766","43","46199082"
"chr1","60485542","60485850","chr12","101583352","101583654","46","41097810"
"chr1","60528968","60529251","chr14","79740069","79740351","50","19211101"
"chr1","60843882","60844160","chr2","1992181","1992460","40","58851701"
"chr1","60882745","60883086","chr15","25343001","25343338","62","35539744"
"chr1","60907177","60907481","chr13","57414367","57414663","44","3492810"
"chr1","60944981","60945262","chrX","18828260","18828542","36","42116721"
"chr1","60966017","60966195","chr12","4348306","4348486","36","56617711"
"chr1","60966492","60966636","chr1","197910364","197910508","16","136943872"
"chr1","61020327","61020612","chrX","39866052","39866340","35","21154275"
"chr1","61027646","61027955","chr16","46365642","46365954","50","14662004"
"chr1","61039400","61039682","chr5","96366397","96366682","38","35326997"
"chr1","61059106","61059400","chr7","96383773","96384067","31","35324667"
"chr1","61063615","61063907","chr1","175198764","175199057","45","114135149"
"chr1","61065858","61066164","chr2","154533489","154533792","40","93467631"
"chr1","61072238","61072542","chr10","127954939","127955242","47","66882701"
"chr1","61129440","61129749","chr3","106655459","106655766","41","45526019"
"chr1","61138550","61138880","chr5","44704184","44704506","61","16434366"
"chr1","61147156","61147450","chr5","126079965","126080261","40","64932809"
"chr1","61160919","61161213","chrX","42534809","42535106","37","18626110"
"chr1","61173380","61173689","chr19","43463036","43463348","47","17710344"
"chr1","61175156","61175441","chr15","3129492","3129772","47","58045664"
"chr1","61199713","61199999","chr4","16350054","16350344","41","44849659"
"chr1","61256146","61256458","chr3","177773552","177773857","41","116517406"
"chr1","61280962","61281267","chr7","96608564","96608859","36","35327602"
"chr1","61303993","61304286","chr13","85995336","85995633","38","24691343"
"chr1","61328724","61329022","chr5","92897843","92898143","39","31569119"
"chr1","61333716","61334020","chr6","43666330","43666629","42","17667386"
"chr1","61363949","61364246","chr15","24649508","24649805","37","36714441"
"chr1","61384950","61385246","chr15","20770296","20770585","33","40614654"
"chr1","61394827","61395128","chrX","51320913","51321212","58","10073914"
"chr1","61489234","61489542","chr8","105518514","105518818","45","44029280"
"chr1","61497956","61498268","chr12","20572358","20572667","40","40925598"
"chr1","61540995","61541289","chr22","40230801","40231098","37","21310194"
"chr1","61615736","61616022","chr13","61522239","61522528","42","93497"
"chr1","61620958","61621265","chr1","168595556","168595859","44","106974598"
"chr1","61663706","61664013","chr3","106655459","106655766","38","44991753"
"chr1","61668668","61668968","chr6","6582963","6583269","47","55085705"
"chr1","61676705","61677007","chr5","2298333","2298635","36","59378372"
"chr1","61702368","61702667","chr9","41786898","41787194","43","19915470"
"chr1","61703414","61703712","chr1","148425546","148425843","40","86722132"
"chr1","61705208","61705484","chrX","39387728","39387995","41","22317480"
"chr1","61712898","61713183","chr11","61683952","61684244","47","28946"
"chr1","61713196","61713509","chr7","144982540","144982842","53","83269344"
"chr1","61726234","61726527","chr2","164335751","164336041","46","102609517"
"chr1","61736022","61736322","chr13","43694410","43694711","40","18041612"
"chr1","61745261","61745573","chr7","45344118","45344429","40","16401143"
"chr1","61748247","61748555","chr7","144982540","144982842","38","83234293"
"chr1","61750991","61751297","chr7","97045409","97045716","43","35294418"
"chr1","61780182","61780486","chr2","9745444","9745747","37","52034738"
"chr1","61835395","61835703","chr6","43666330","43666629","43","18169065"
"chr1","61837507","61837807","chr15","17424364","17424665","42","44413143"
"chr1","61846600","61846897","chr7","97136730","97137025","39","35290130"
"chr1","61858266","61858561","chr1","10530868","10531162","42","51327398"
"chr1","61861858","61862162","chr7","77701649","77701948","53","15839791"
"chr1","61868507","61868798","chr7","97159722","97160014","28","35291215"
"chr1","61874173","61874496","chr13","88836338","88836664","55","26962165"
"chr1","61879834","61880123","chr7","6894852","6895150","45","54984982"
"chr1","61901941","61902239","chr21","40446927","40447225","49","21455014"
"chr1","61908976","61909279","chr22","33981676","33981980","38","27927300"
"chr1","61912312","61912602","chr3","166033952","166034235","51","104121640"
"chr1","61924089","61924383","chr7","97218592","97218888","40","35294503"
"chr1","61936580","61936877","chr7","97230645","97230935","44","35294065"
"chr1","61941370","61941650","chr1","130305122","130305403","41","68363752"
"chr1","61949625","61949915","chr7","97235869","97236160","40","35286244"
"chr1","61949918","61950216","chr4","3128000","3128295","42","58821918"
"chr1","61963315","61963608","chr5","66580234","66580523","40","4616919"
"chr1","61969696","61969993","chr7","6894852","6895150","40","55074844"
"chr1","61984165","61984461","chr13","47952139","47952433","43","14032026"
"chr1","61996732","61997041","chr2","63925527","63925835","40","1928795"
"chr1","61998086","61998383","chr14","5921690","5921981","43","56076396"
"chr1","62017442","62017757","chr8","26533131","26533437","49","35484311"
"chr1","62059340","62059630","chr22","35510267","35510558","42","26549073"
"chr1","62064328","62064626","chr2","151564441","151564740","45","89500113"
"chr1","62080332","62080631","chr22","24673181","24673472","33","37407151"
"chr1","62084980","62085235","chr2","62122108","62122356","38","37128"
"chr1","62103471","62103773","chr10","126070729","126071027","43","63967258"
"chr1","62124078","62124382","chr2","61800729","61801029","46","323349"
"chr1","62125768","62126070","chr11","78018862","78019160","40","15893094"
"chr1","62131873","62132146","chr4","27729677","27729954","42","34402196"
"chr1","62135235","62135538","chr7","11556117","11556418","39","50579118"
"chr1","62145675","62145982","chr19","11933584","11933885","36","50212091"
"chr1","62152857","62153024","chr7","97450711","97450881","22","35297854"
"chr1","62173687","62173994","chr13","84459624","84459931","43","22285937"
"chr1","62184205","62184512","chr2","171330283","171330586","46","109146078"
"chr1","62185431","62185737","chr6","40009056","40009364","45","22176375"
"chr1","62197104","62197396","chr10","16033492","16033786","39","46163612"
"chr1","62202579","62202669","chr22","10086646","10086737","29","52115933"
"chr1","62202983","62203125","chr10","76450569","76450700","32","14247586"
"chr1","62214420","62214708","chr1","140085111","140085403","48","77870691"
"chr1","62217710","62218008","chr8","28391412","28391706","49","33826298"
"chr1","62218965","62219272","chr5","78562869","78563170","42","16343904"
"chr1","62225007","62225355","chr9","69311039","69311376","65","7086032"
"chr1","62230375","62230683","chr9","99101995","99102300","41","36871620"
"chr1","62232222","62232551","chr2","162172264","162172572","56","99940042"
"chr1","62233568","62233832","chr15","7698304","7698571","42","54535264"
"chr1","62235445","62235695","chr9","35933144","35933389","47","26302301"
"chr1","62243342","62243636","chr5","94234310","94234606","36","31990968"
"chr1","62249982","62250287","chr20","26623765","26624068","32","35626217"
"chr1","62254554","62254867","chrX","39144822","39145130","54","23109732"
"chr1","62261153","62261459","chr12","55440489","55440791","46","6820664"
"chr1","62291608","62291896","chr2","7568525","7568816","45","54723083"
"chr1","62303866","62304172","chr7","97599869","97600171","37","35296003"
"chr1","62343403","62343705","chr3","106655459","106655766","35","44312056"
"chr1","62350819","62351129","chr8","94144707","94145013","41","31793888"
"chr1","62352028","62352319","chr4","162252003","162252294","31","99899975"
"chr1","62359851","62360142","chrX","17823913","17824200","41","44535938"
"chr1","62366145","62366450","chr14","37265042","37265338","41","25101103"
"chr1","62369745","62370051","chr17","69075766","69076065","36","6706021"
"chr1","62443980","62444280","chr6","17068239","17068542","45","45375741"
"chr1","62534005","62534298","chr1","98572733","98573027","43","36038728"
"chr1","62534811","62535113","chr1","184817871","184818171","37","122283060"
"chr1","62568306","62568604","chr9","20122679","20122976","46","42445627"
"chr1","62569723","62570013","chr2","9600069","9600362","41","52969654"
"chr1","62630903","62631201","chr13","18729449","18729750","39","43901454"
"chr1","62632695","62632991","chr8","93697187","93697481","36","31064492"
"chr1","62655413","62655726","chr9","11967801","11968108","56","50687612"
"chr1","62708394","62708695","chr5","3372867","3373162","41","59335527"
"chr1","62733197","62733500","chr2","18780256","18780558","40","43952941"
"chr1","62765353","62765615","chr6","149193266","149193527","42","86427913"
"chr1","62768638","62768958","chr10","56732797","56733103","54","6035841"
"chr1","62769807","62770088","chr7","45351199","45351483","40","17418608"
"chr1","62780890","62781188","chr4","16350054","16350344","39","46430836"
"chr1","62782889","62783177","chr9","123438666","123438953","39","60655777"
"chr1","62871885","62872195","chr6","17068239","17068542","41","45803646"
"chr1","62946029","62946343","chr18","39712282","39712591","47","23233747"
"chr1","62956249","62956568","chr12","4240854","4241177","44","58715395"
"chr1","62972136","62972454","chr7","98363107","98363403","64","35390971"
"chr1","63025645","63025920","chr5","1246545","1246823","36","61779100"
"chr1","63064985","63065289","chr7","98462290","98462590","37","35397305"
"chr1","63166382","63166692","chr3","106655459","106655766","46","43489077"
"chr1","63170178","63170443","chr7","31532619","31532895","50","31637559"
"chr1","63174046","63174354","chr2","48004660","48004970","44","15169386"
"chr1","63186458","63186740","chr12","24025253","24025538","36","39161205"
"chr1","63229580","63229858","chr7","51490632","51490916","39","11738948"
"chr1","63245829","63246136","chr2","138937103","138937408","40","75691274"
"chr1","63247403","63247716","chr15","1415638","1415950","53","61831765"
"chr1","63252281","63252587","chr22","28997304","28997607","41","34254977"
"chr1","63253314","63253612","chr5","26961498","26961795","36","36291816"
"chr1","63258550","63258846","chr10","14603732","14604030","35","48654818"
"chr1","63271021","63271302","chr10","15634508","15634789","43","47636513"
"chr1","63284763","63285049","chr2","11710590","11710879","46","51574173"
"chr1","63288604","63288912","chr1","176637352","176637656","44","113348748"
"chr1","63291948","63292254","chr10","46768669","46768960","53","16523279"
"chr1","63338001","63338314","chr6","18492890","18493198","45","44845111"
"chr1","63339721","63340036","chr5","134608851","134609157","46","71269130"
"chr1","63343424","63343722","chr10","99917853","99918154","42","36574429"
"chr1","63357097","63357392","chr7","128775041","128775329","50","65417944"
"chr1","63357519","63357833","chrUn_GL286451","117883","118189","45","63239636"
"chr1","63373014","63373306","chr15","76664935","76665226","50","13291921"
"chr1","63374928","63375209","chr7","98807411","98807694","46","35432483"
"chr1","63382197","63382457","chr5","92171336","92171598","48","28789139"
"chr1","63388012","63388218","chr7","98826916","98827122","29","35438904"
"chr1","63423025","63423322","chr2","152226173","152226473","40","88803148"
"chr1","63427788","63428109","chr11","108574603","108574909","49","45146815"
"chr1","63445003","63445309","chr20","23337174","23337477","43","40107829"
"chr1","63445901","63446198","chrX","46153481","46153779","36","17292420"
"chr1","63536365","63536680","chr3","3804205","3804512","51","59732160"
"chr1","63617460","63617759","chr7","96194147","96194420","74","32576687"
"chr1","63677217","63677458","chr7","99139883","99140124","26","35462666"
"chr1","63682452","63682735","chr7","99144711","99145002","41","35462259"
"chr1","63683355","63683673","chr3","106655459","106655766","51","42972104"
"chr1","63700047","63700352","chr1","15467012","15467316","44","48233035"
"chr1","63771321","63771618","chr13","58247712","58248008","45","5523609"
"chr1","63862111","63862418","chr6","18492890","18493198","39","45369221"
"chr1","64146194","64146505","chr3","106655459","106655766","36","42509265"
"chr1","64305311","64305609","chr7","6894852","6895150","38","57410459"
"chr1","64340070","64340387","chrX","43300456","43300763","66","21039614"
"chr1","64342166","64342461","chr1","172257719","172258009","41","107915553"
"chr1","64464589","64464897","chr2","138937103","138937408","44","74472514"
"chr1","64522309","64522593","chr7","63783719","63784005","40","738590"
"chr1","64588421","64588677","chr7","32052029","32052285","43","32536392"
"chr1","64640394","64640677","chr5","2532160","2532447","39","62108234"
"chr1","64646448","64646736","chr13","20723712","20724002","44","43922736"
"chr1","64680207","64680499","chr7","100204507","100204805","42","35524300"
"chr1","64693554","64693859","chr8","117593121","117593425","45","52899567"
"chr1","64701358","64701658","chr6","17068239","17068542","38","47633119"
"chr1","64727163","64727461","chr7","74618084","74618380","40","9890921"
"chr1","64785368","64785668","chr5","94234310","94234606","38","29448942"
"chr1","64799436","64799740","chr7","49632330","49632627","47","15167106"
"chr1","64801113","64801398","chr11","103427244","103427528","38","38626131"
"chr1","64880684","64880969","chr19","17052341","17052630","60","47828343"
"chr1","64897148","64897447","chr1","184817871","184818171","44","119920723"
"chr1","64910552","64910863","chr22","41060009","41060309","47","23850543"
"chr1","64914566","64914863","chr12","90198453","90198750","31","25283887"
"chr1","64916556","64916856","chr7","86001846","86002142","45","21085290"
"chr1","64940317","64940615","chr7","19310248","19310549","41","45630069"
"chr1","64953661","64953974","chr15","24683449","24683755","50","40270212"
"chr1","64962786","64963095","chr4","54721559","54721862","41","10241227"
"chr1","64971563","64971858","chr3","150073804","150074104","36","85102241"
"chr1","64990026","64990327","chr6","121643346","121643654","47","56653320"
"chr1","65013115","65013422","chr3","106655459","106655766","37","41642344"
"chr1","65046717","65046841","chr11","63186025","63186149","16","1860692"
"chr1","65056641","65056945","chr1","12491044","12491347","48","52565597"
"chr1","65085596","65085723","chr7","100673558","100673685","18","35587962"
"chr1","65089754","65090095","chrX","34517534","34517872","69","30572220"
"chr1","65096880","65097186","chr1","176637352","176637656","45","111540472"
"chr1","65097841","65098127","chr1","121387305","121387594","40","56289464"
"chr1","65136576","65136882","chr22","42099915","42100227","49","23036661"
"chr1","65142793","65143102","chr7","100730971","100731265","52","35588178"
"chr1","65146072","65146353","chr17","73825384","73825660","42","8679312"
"chr1","65155645","65155959","chr2","10247017","10247315","55","54908628"
"chr1","65166851","65167152","chr3","93990955","93991253","44","28824104"
"chr1","65171786","65172062","chr7","15357172","15357456","47","49814614"
"chr1","65172856","65173163","chr6","18703661","18703971","46","46469195"
"chr1","65180166","65180352","chr1","122236268","122236453","32","57056102"
"chr1","65181401","65181687","chr4","25411160","25411441","45","39770241"
"chr1","65188113","65188415","chr6","17068239","17068542","43","48119874"
"chr1","65196460","65196764","chr6","47097678","47097981","39","18098782"
"chr1","65204204","65204500","chr5","94234310","94234606","42","29030106"
"chr1","65214110","65214410","chr22","34293384","34293683","38","30920726"
"chr1","65220470","65220775","chr22","28997304","28997607","43","36223166"
"chr1","65237359","65237661","chr21","32861641","32861942","38","32375718"
"chr1","65240922","65241220","chr15","5688723","5689022","38","59552199"
"chr1","65245880","65246187","chr22","47863679","47863984","39","17382201"
"chr1","65248654","65248943","chr7","6894852","6895150","42","58353802"
"chr1","65252238","65252368","chr11","63186025","63186149","26","2066213"
"chr1","65256345","65256645","chr6","17068239","17068542","36","48188106"
"chr1","65269088","65269383","chr7","6894852","6895150","39","58374236"
"chr1","65270665","65270977","chr9","95060973","95061282","46","29790308"
"chr1","65280939","65281225","chr11","60063858","60064154","50","5217081"
"chr1","65291034","65291332","chr5","94234310","94234606","40","28943276"
"chr1","65381270","65381562","chr18","33144319","33144613","40","32236951"
"chr1","65391786","65392075","chr7","101014322","101014609","42","35622536"
"chr1","65523301","65523609","chr7","101147252","101147547","36","35623951"
"chr1","65557421","65557719","chr11","123371423","123371718","41","57814002"
"chr1","65604350","65604616","chr11","8737101","8737368","44","56867249"
"chr1","65640765","65641077","chr4","155160654","155160966","54","89519889"
"chr1","65689311","65689616","chr7","101294566","101294870","40","35605255"
"chr1","65798558","65798652","chr1","117137733","117137826","13","51339175"
"chr1","65809049","65809360","chr9","101796262","101796572","38","35987213"
"chr1","65828260","65828545","chr4","11116373","11116655","41","54711887"
"chr1","65953907","65954196","chr4","137411403","137411694","40","71457496"
"chr1","66001724","66002022","chr5","38201290","38201586","44","27800434"
"chr1","66114633","66114935","chr5","2298333","2298635","43","63816300"
"chr1","66279401","66279623","chr7","101902545","101902776","36","35623144"
"chr1","66295425","66295719","chr3","153217268","153217573","60","86921843"
"chr1","66530650","66530963","chr2","94274126","94274432","51","27743476"
"chr1","66623257","66623550","chrX","47133077","47133369","40","19490180"
"chr1","66683696","66684016","chr9","101796262","101796572","60","35112566"
"chr1","66793217","66793497","chr1","100819915","100820205","43","34026698"
"chr1","66830495","66830810","chr12","18910665","18910972","48","47919830"
"chr1","66865142","66865445","chr4","54721559","54721862","41","12143583"
"chr1","66912201","66912484","chr7","67018368","67018662","48","106167"
"chr1","66937304","66937607","chr6","119827925","119828231","45","52890621"
"chr1","66941689","66941987","chr7","102532024","102532318","37","35590335"
"chr1","66950105","66950408","chr7","102540876","102541178","36","35590771"
"chr1","66953588","66953902","chr18","39712282","39712591","47","27241306"
"chr1","66994363","66994668","chrX","47176701","47177007","36","19817662"
"chr1","67015390","67015686","chr11","50100194","50100491","46","16915196"
"chr1","67023487","67023786","chr20","20042650","20042951","44","46980837"
"chr1","67023944","67024245","chr5","77976326","77976624","35","10952382"
"chr1","67088239","67088544","chr20","23337174","23337477","41","43751065"
"chr1","67090861","67091150","chr9","36147217","36147502","61","30943644"
"chr1","67098240","67098527","chr20","27529242","27529530","45","39568998"
"chr1","67106365","67106674","chrX","64005210","64005515","49","3101155"
"chr1","67112982","67113277","chr7","102703387","102703686","33","35590405"
"chr1","67127651","67127934","chr15","37619139","37619418","34","29508512"
"chr1","67128422","67128718","chr5","26961498","26961795","38","40166924"
"chr1","67131120","67131434","chr12","31281547","31281855","51","35849573"
"chr1","67132239","67132533","chr1","148395182","148395475","46","81262943"
"chr1","67164210","67164342","chr4","160321328","160321452","19","93157118"
"chr1","67187784","67188081","chrX","63101865","63102164","43","4085919"
"chr1","67219085","67219374","chr10","8026640","8026929","40","59192445"
"chr1","67235383","67235692","chr13","18393383","18393690","38","48842000"
"chr1","67257692","67257991","chr2","131563999","131564294","45","64306307"
"chr1","67282151","67282463","chr2","54709737","54710047","49","12572414"
"chr1","67284978","67285241","chr7","24342974","24343236","47","42942004"
"chr1","67308740","67309028","chr18","41463106","41463395","37","25845634"
"chr1","67325263","67325560","chr1","74568224","74568517","47","7242961"
"chr1","67339205","67339507","chr2","18780256","18780558","33","48558949"
"chr1","67346379","67346685","chr10","94808394","94808700","42","27462015"
"chr1","67355132","67355442","chr22","47863679","47863984","42","19491453"
"chr1","67359440","67359731","chr1","172257719","172258009","46","104898279"
"chr1","67360120","67360415","chr4","36522598","36522895","39","30837522"
"chr1","67360513","67360810","chr7","72079376","72079671","37","4718863"
"chr1","67364110","67364406","chr9","37552129","37552422","43","29811981"
"chr1","67378916","67379218","chr20","22923582","22923882","37","44455334"
"chr1","67379229","67379531","chr6","17068239","17068542","33","50310990"
"chr1","67392624","67392923","chr2","29467750","29468049","49","37924874"
"chr1","67394986","67395296","chr11","64363135","64363445","39","3031851"
"chr1","67417504","67417810","chr4","167498559","167498869","61","100081055"
"chr1","67421672","67421951","chr15","49047155","49047439","49","18374517"
"chr1","67433298","67433519","chr5","89041817","89042021","43","21608519"
"chr1","67448230","67448519","chr13","96512019","96512310","41","29063789"
"chr1","67448905","67449210","chr22","37472441","37472746","42","29976464"
"chr1","67460272","67460564","chr4","42309794","42310093","46","25150478"
"chr1","67466554","67466808","chr7","103083681","103083927","37","35617127"
"chr1","67474524","67474833","chr7","148985140","148985448","49","81510616"
"chr1","67475157","67475463","chr8","108764374","108764677","34","41289217"
"chr1","67477578","67477725","chr1","139293001","139293149","33","71815423"
"chr1","67478041","67478202","chrX","106480049","106480214","34","39002008"
"chr1","67484810","67485123","chr9","36007342","36007651","40","31477468"
"chr1","67486208","67486505","chr7","92746296","92746589","43","25260088"
"chr1","67488231","67488529","chr7","6894852","6895150","51","60593379"
"chr1","67492332","67492613","chr22","45658818","45659100","50","21833514"
"chr1","67493721","67494040","chr21","35849518","35849828","49","31644203"
"chr1","67496551","67496854","chr13","114718297","114718592","36","47221746"
"chr1","67498471","67498748","chr1","198952709","198952990","41","131454238"
"chr1","67509599","67509897","chr6","132370017","132370315","41","64860418"
"chr1","67510402","67510712","chr12","20572358","20572667","43","46938044"
"chr1","67511117","67511410","chrUn_GL286331","13459","13750","50","67497658"
"chr1","67519793","67520099","chr3","93990955","93991253","41","26471162"
"chr1","67542273","67542571","chr10","22559240","22559536","40","44983033"
"chr1","67596820","67597126","chr2","61800729","61801029","47","5796091"
"chr1","67613645","67613954","chr18","39712282","39712591","44","27901363"
"chr1","67617035","67617331","chr3","175384951","175385242","40","107767916"
"chr1","67620252","67620561","chr1","137129532","137129843","43","69509280"
"chr1","67620931","67621230","chr11","82257931","82258225","45","14637000"
"chr1","67650657","67650958","chr5","26961498","26961795","39","40689159"
"chr1","67664578","67664882","chr9","35074414","35074712","38","32590164"
"chr1","67717234","67717528","chr4","38452112","38452407","41","29265122"
"chr1","67747119","67747419","chr1","82463476","82463771","37","14716357"
"chr1","67786641","67786922","chr10","6172687","6172963","52","61613954"
"chr1","67915870","67916165","chr4","156698023","156698319","35","88782153"
"chr1","67922556","67922859","chr9","101017703","101018007","50","33095147"
"chr1","67943622","67943925","chr1","138704511","138704815","42","70760889"
"chr1","68020377","68020696","chr11","64363135","64363445","51","3657242"
"chr1","68094570","68094872","chr22","33981676","33981980","39","34112894"
"chr1","68249173","68249423","chr5","129116131","129116385","52","60866958"
"chr1","68260957","68261255","chr12","29083968","29084265","38","39176989"
"chr1","68275003","68275315","chr12","4240854","4241177","56","64034149"
"chr1","68315796","68316075","chr18","38365138","38365415","44","29950658"
"chr1","68356388","68356680","chr18","5378777","5379070","44","62977611"
"chr1","68367090","68367395","chr3","150580694","150580999","50","82213604"
"chr1","68380773","68381074","chr9","115637925","115638221","41","47257152"
"chr1","68419700","68420016","chr5","11462021","11462334","55","56957679"
"chr1","68445531","68445816","chr17","69931558","69931839","37","1486027"
"chr1","68506114","68506416","chr14","46527925","46528222","40","21978189"
"chr1","68527169","68527479","chr12","51884744","51885046","50","16642425"
"chr1","68562312","68562598","chr7","60669448","60669733","43","7892864"
"chr1","68836414","68836726","chr9","8886595","8886904","53","59949819"
"chr1","68867432","68867731","chr9","83274648","83274943","54","14407216"
"chr1","68869297","68869601","chr6","117236195","117236494","44","48366898"
"chr1","69206163","69206461","chr1","168595556","168595859","49","99389393"
"chr1","69225340","69225625","chr22","4907544","4907838","47","64317796"
"chr1","69255137","69255413","chr6","21935529","21935792","45","47319608"
"chr1","69509046","69509231","chr12","4348306","4348486","39","65160740"
"chr1","69509538","69509558","chr22","10279268","10279287","9","59230270"
"chr1","69509666","69509800","chr7","88968428","88968564","18","19458762"
"chr1","69633405","69633728","chr12","29286803","29287123","55","40346602"
"chr1","69781400","69781709","chr9","106557112","106557416","47","36775712"
"chr1","69842917","69843223","chr6","131260221","131260525","50","61417304"
"chr1","69891450","69891747","chr7","105582486","105582781","35","35691036"
"chr1","70016997","70017281","chr1","168355505","168355788","47","98338508"
"chr1","70073919","70074219","chr5","94234310","94234606","43","24160391"
"chr1","70082823","70083083","chrX","39387728","39387995","41","30695095"
"chr1","70128965","70129262","chr5","26961498","26961795","44","43167467"
"chr1","70133222","70133493","chr11","97658809","97659082","44","27525587"
"chr1","70167617","70167914","chr15","24649508","24649805","37","45518109"
"chr1","70183975","70184272","chr7","78286259","78286557","48","8102284"
"chr1","70233230","70233539","chr1","168595556","168595859","50","98362326"
"chr1","70255033","70255343","chr6","50558708","50559008","45","19696325"
"chr1","70275680","70275982","chr6","17068239","17068542","41","53207441"
"chr1","70278211","70278543","chr22","28244847","28245147","65","42033364"
"chr1","70279501","70279802","chr6","17068239","17068542","41","53211262"
"chr1","70285188","70285493","chr9","111187673","111187975","43","40902485"
"chr1","70285631","70285874","chr1","43724514","43724757","41","26561117"
"chr1","70314957","70315101","chr1","99278484","99278627","21","28963527"
"chr1","70341354","70341661","chr1","168595556","168595859","39","98254202"
"chr1","70349854","70350155","chr2","135385355","135385645","45","65035501"
"chr1","70358971","70359277","chr22","40503125","40503432","48","29855846"
"chr1","70362449","70362698","chr15","64960164","64960414","53","5402285"
"chr1","70363995","70364271","chr6","157479174","157479450","44","87115179"
"chr1","70376444","70376745","chr12","115383799","115384092","41","45007355"
"chr1","70391352","70391650","chr10","25293333","25293633","45","45098019"
"chr1","70395687","70395985","chr5","26961498","26961795","37","43434189"
"chr1","70397566","70397862","chr15","48000311","48000605","37","22397255"
"chr1","70404328","70404617","chr3","106655459","106655766","52","36251131"
"chr1","70408819","70409094","chr4","106189513","106189789","37","35780694"
"chr1","70417278","70417584","chr19","11148613","11148915","42","59268665"
"chr1","70428628","70428911","chr10","128279702","128279982","40","57851074"
"chr1","70436033","70436355","chr6","48779208","48779521","66","21656825"
"chr1","70469705","70470011","chr7","106080561","106080866","42","35610856"
"chr1","70489356","70489656","chr5","2239871","2240172","45","68249485"
"chr1","70510433","70510741","chr7","106244543","106244855","39","35734110"
"chr1","70576424","70576731","chr1","187189788","187190096","43","116613364"
"chr1","70640092","70640382","chr7","106350202","106350491","46","35710110"
"chr1","70883781","70884109","chr5","86580285","86580595","64","15696504"
"chr1","70892569","70892867","chr9","45396887","45397186","33","25495682"
"chr1","70956728","70956996","chr5","87327853","87328126","56","16371125"
"chr1","70996990","70997288","chr2","19920919","19921219","45","51076071"
"chr1","71029644","71029926","chrX","68962815","68963097","37","2066829"
"chr1","71043808","71044115","chr21","40584762","40585072","48","30459046"
"chr1","71089340","71089633","chr1","148395182","148395475","57","77305842"
"chr1","71118934","71119236","chr2","190053366","190053672","58","118934432"
"chr1","71206489","71206761","chr2","186457218","186457490","38","115250729"
"chr1","71276897","71277176","chr2","74284539","74284826","46","3007642"
"chr1","71288143","71288453","chr1","153015463","153015764","48","81727320"
"chr1","71293314","71293600","chr7","49560480","49560768","43","21732834"
"chr1","71400753","71401043","chr5","63326522","63326817","42","8074231"
"chr1","71442334","71442635","chr8","110498332","110498633","43","39055998"
"chr1","71448317","71448612","chr14","36994514","36994806","38","34453803"
"chr1","71450525","71450836","chr1","168595556","168595859","46","97145031"
"chr1","71495197","71495506","chr2","137593855","137594162","41","66098658"
"chr1","71747428","71747724","chr15","49359997","49360293","44","22387431"
"chr1","71759597","71759908","chr14","19124339","19124646","53","52635258"
"chr1","71775347","71775645","chr5","92511557","92511857","43","20736210"
"chr1","71775710","71775994","chr2","118887413","118887694","48","47111703"
"chr1","71867071","71867372","chr11","60049710","60049990","58","11817361"
"chr1","71896036","71896300","chr7","107704985","107705238","35","35808949"
"chr1","71970410","71970701","chr7","49560480","49560768","57","22409930"
"chr1","72004309","72004583","chr6","104623993","104624283","63","32619684"
"chr1","72182213","72182505","chr2","55079404","55079690","47","17102809"
"chr1","72461449","72461746","chr4","78780467","78780761","42","6319018"
"chr1","72467182","72467438","chrX","46306990","46307242","45","26160192"
"chr1","72513978","72514271","chr10","14603732","14604030","36","57910246"
"chr1","72522384","72522677","chr7","45055573","45055866","45","27466811"
"chr1","72618538","72618843","chr3","177773552","177773857","49","105155014"
"chr1","72861717","72862030","chr18","39712282","39712591","46","33149435"
"chr1","72893221","72893476","chr6","135660593","135660851","50","62767372"
"chr1","72971967","72972266","chr5","26961498","26961795","44","46010469"
"chr1","73005963","73006185","chr5","120871632","120871860","50","47865669"
"chr1","73023318","73023629","chr10","13265518","13265823","63","59757800"
"chr1","73052511","73052819","chr9","103532999","103533309","42","30480488"
"chr1","73155022","73155328","chr5","42661443","42661746","40","30493579"
"chr1","73203166","73203440","chr19","5095615","5095894","60","68107551"
"chr1","73405767","73406062","chr14","33643912","33644206","42","39761855"
"chr1","73425874","73426178","chr7","109238901","109239206","43","35813027"
"chr1","73671323","73671629","chr4","21748719","21749015","45","51922604"
"chr1","73748027","73748301","chr4","34845790","34846071","45","38902237"
"chr1","73773335","73773632","chr6","123805159","123805454","43","50031824"
"chr1","73785494","73785795","chr22","33981676","33981980","36","39803818"
"chr1","73906479","73906794","chr9","103532999","103533309","40","29626520"
"chr1","74105258","74105552","chrX","107509939","107510230","47","33404681"
"chr1","74117494","74117767","chr1","167484662","167484939","46","93367168"
"chr1","74259500","74259799","chr14","96991347","96991655","54","22731847"
"chr1","74412622","74412913","chr7","110219359","110219656","44","35806737"
"chr1","74820846","74821160","chr7","6231691","6232004","43","68589155"
"chr1","74939354","74939657","chr22","29463593","29463898","56","45475761"
"chr1","75028528","75028829","chr3","123910184","123910483","43","48881656"
"chr1","75061402","75061698","chr5","26961498","26961795","43","48099904"
"chr1","75230607","75230914","chr11","95741675","95741975","50","20511068"
"chr1","75322032","75322318","chr7","144985148","144985434","44","69663116"
"chr1","75336168","75336453","chr2","56700759","56701042","42","18635409"
"chr1","75371916","75372216","chr21","40446927","40447225","42","34924989"
"chr1","75424297","75424570","chr3","72187718","72187993","41","3236579"
"chr1","75457576","75457870","chr15","41758838","41759130","39","33698738"
"chr1","75519276","75519570","chr5","126079965","126080261","41","50560689"
"chr1","75584606","75584894","chr7","129397165","129397435","64","53812559"
"chr1","75690846","75690963","chr17","58173664","58173778","17","17517182"
"chr1","75729886","75730191","chr7","111468330","111468627","45","35738444"
"chr1","75735038","75735339","chr14","59493591","59493891","52","16241447"
"chr1","75751494","75751798","chr2","19920919","19921219","53","55830575"
"chr1","75772358","75772665","chr3","106655459","106655766","37","30883101"
"chr1","75805377","75805686","chr10","90431710","90432016","45","14626333"
"chr1","75809630","75809950","chrUn_GL286262","40235","40532","55","75769395"
"chr1","75810861","75811175","chr22","4496939","4497254","46","71313922"
"chr1","75848945","75849231","chrX","17543907","17544194","33","58305038"
"chr1","75874893","75875193","chr7","77701649","77701948","52","1826756"
"chr1","75908149","75908445","chrX","11175322","11175616","35","64732827"
"chr1","75934905","75935197","chr7","111635399","111635691","47","35700494"
"chr1","75964517","75964804","chr1","175848280","175848568","41","99883763"
"chr1","76020832","76021094","chr7","111763289","111763547","47","35742457"
"chr1","76043094","76043391","chr2","12828952","12829252","36","63214142"
"chr1","76114661","76114947","chr4","55360916","55361195","51","20753745"
"chr1","76123750","76124050","chr12","110699815","110700119","46","34576065"
"chr1","76184257","76184517","chr22","9886250","9886514","37","66298007"
"chr1","76282748","76283058","chr12","22341026","22341325","51","53941722"
"chr1","76455904","76456200","chr15","47718331","47718627","52","28737573"
"chr1","76637823","76638127","chr22","6443352","6443651","40","70194471"
"chr1","76904547","76904838","chr7","96383773","96384067","43","19479226"
"chr1","76975809","76976121","chr1","168595556","168595859","49","91619747"
"chr1","77124327","77124631","chr1","13783933","13784234","43","63340394"
"chr1","77158009","77158316","chr1","168595556","168595859","31","91437547"
"chr1","77212929","77213204","chrX","118258396","118258668","31","41045467"
"chr1","77286565","77286853","chr5","79752580","79752868","42","2466015"
"chr1","77393932","77394240","chr1","204488347","204488650","43","127094415"
"chr1","77425305","77425610","chr2","858886","859191","38","76566419"
"chr1","77460724","77461022","chr3","138159195","138159493","39","60698471"
"chr1","77482491","77482785","chr5","26961498","26961795","42","50520993"
"chr1","77483883","77484175","chr11","74360467","74360765","49","3123416"
"chr1","77485836","77486136","chr9","101064126","101064428","41","23578290"
"chr1","77505586","77505919","chr1","179261926","179262249","72","101756340"
"chr1","77506717","77507009","chr7","113290548","113290839","41","35783831"
"chr1","77513558","77513779","chr2","129050027","129050247","35","51536469"
"chr1","77516788","77517096","chr8","8204172","8204481","46","69312616"
"chr1","77533234","77533535","chr5","134608851","134609157","46","57075617"
"chr1","77546448","77546730","chr15","49522194","49522467","44","28024254"
"chr1","77555018","77555302","chr14","31380799","31381092","43","46174219"
"chr1","77569055","77569357","chr21","29789174","29789470","39","47779881"
"chr1","77580638","77580925","chr7","19913463","19913745","41","57667175"
"chr1","77582824","77583131","chr17","69358056","69358361","51","8224768"
"chr1","77592328","77592601","chr5","4408628","4408899","41","73183700"
"chr1","77617658","77617962","chr10","29910934","29911230","49","47706724"
"chr1","77625709","77626020","chr12","28551283","28551589","43","49074426"
"chr1","77635624","77635928","chr6","17068239","17068542","33","60567385"
"chr1","77648850","77649138","chr7","97159722","97160014","53","19510872"
"chr1","77656971","77657281","chr9","106557112","106557416","47","28900141"
"chr1","77666252","77666540","chr13","101231461","101231736","50","23565209"
"chr1","77674670","77674972","chrX","97185025","97185330","41","19510355"
"chr1","77681600","77681918","chr7","113470784","113471078","48","35789184"
"chr1","77691137","77691411","chr10","218629","218896","45","77472508"
"chr1","77692783","77693075","chr1","178591743","178592033","38","100898960"
"chr1","77699239","77699524","chr15","9697080","9697368","46","68002159"
"chr1","77725947","77726245","chr6","17068239","17068542","41","60657708"
"chr1","77755415","77755707","chrX","127886517","127886812","50","50131102"
"chr1","77764656","77764920","chr12","62255290","62255544","44","15509366"
"chr1","77768733","77768988","chrX","17616439","17616683","45","60152294"
"chr1","77769197","77769498","chr10","117620910","117621216","39","39851713"
"chr1","77771249","77771383","chr1","172218988","172219121","12","94447739"
"chr1","77771694","77771862","chr4","34157283","34157451","36","43614411"
"chr1","77775456","77775747","chrX","47757700","47758002","52","30017756"
"chr1","77778698","77778975","chr4","155277483","155277764","43","77498785"
"chr1","77787983","77788302","chr9","115044282","115044584","52","37256299"
"chr1","77791560","77791863","chr14","43386246","43386546","40","34405314"
"chr1","77793449","77793763","chr12","23798815","23799128","55","53994634"
"chr1","77795629","77795903","chr5","100268330","100268601","45","22472701"
"chr1","77805518","77805821","chr22","33981676","33981980","45","43823842"
"chr1","77815931","77816243","chr9","93766565","93766871","47","15950634"
"chr1","77818630","77818763","chrUn_GL288948","14485","14600","36","77804145"
"chr1","77824984","77825304","chr20","12368154","12368458","57","65456830"
"chr1","77835667","77835976","chr7","57213096","57213404","45","20622571"
"chr1","77851868","77852184","chr3","106655459","106655766","48","28803591"
"chr1","77852688","77852989","chr15","49359997","49360293","39","28492691"
"chr1","77862685","77862961","chr11","97658809","97659082","37","19796124"
"chr1","77868231","77868526","chr9","106891453","106891749","45","29023222"
"chr1","77880257","77880555","chr8","4323588","4323882","36","73556669"
"chr1","77885749","77886051","chr20","29450125","29450426","37","48435624"
"chr1","77886109","77886384","chr19","4188463","4188738","41","73697646"
"chr1","77895582","77895874","chrX","21470063","21470355","40","56425519"
"chr1","77895894","77896170","chrX","103099580","103099851","46","25203686"
"chr1","77924081","77924376","chr7","87073863","87074158","41","9149782"
"chr1","77970773","77971060","chr13","26068204","26068492","60","51902569"
"chr1","77976500","77976792","chr7","113760741","113761031","43","35784241"
"chr1","77993307","77993613","chr2","13687630","13687935","46","64305677"
"chr1","78019871","78020162","chr3","80959478","80959762","44","2939607"
"chr1","78063603","78063918","chr1","168595556","168595859","40","90531953"
"chr1","78064743","78065044","chr5","106897987","106898285","40","28833244"
"chr1","78073109","78073401","chr20","3559064","3559362","38","74514045"
"chr1","78084232","78084528","chr7","6894852","6895150","38","71189380"
"chr1","78100648","78100940","chr15","23622429","23622723","43","54478219"
"chr1","78107543","78107854","chr10","90431710","90432016","41","12324167"
"chr1","78124724","78124998","chr2","72246490","72246757","42","5878234"
"chr1","78448335","78448465","chr3","258844","258974","11","78189491"
"chr1","78562302","78562591","chr18","21242451","21242743","42","57319851"
"chr1","78576536","78576824","chr15","33491143","33491432","44","45085393"
"chr1","78597268","78597540","chr1","171688057","171688330","40","93090789"
"chr1","78621281","78621571","chr21","50309276","50309562","39","28312005"
"chr1","78623996","78624295","chr5","78101738","78102026","62","522258"
"chr1","78705825","78706073","chrX","17616439","17616683","41","61089386"
"chr1","78769539","78769846","chr10","127954939","127955242","58","49185400"
"chr1","78937163","78937465","chr15","48420238","48420542","45","30516925"
"chr1","79032035","79032169","chr20","12605514","12605647","16","66426521"
"chr1","79032483","79032667","chr9","114601130","114601312","38","35568647"
"chr1","79134552","79134847","chr2","25253652","25253947","42","53880900"
"chr1","79137320","79137627","chr22","33981676","33981980","42","45155644"
"chr1","79244407","79244673","chr4","10516598","10516864","50","68727809"
"chr1","79277503","79277806","chr5","39910644","39910945","40","39366859"
"chr1","79326846","79327156","chr1","156164792","156165101","49","76837946"
"chr1","79343888","79344156","chr7","115207118","115207377","39","35863230"
"chr1","79358702","79358986","chr20","28636143","28636428","42","50722559"
"chr1","79680286","79680555","chr1","192281623","192281895","49","112601337"
"chr1","79703799","79704079","chr1","1407198","1407479","56","78296601"
"chr1","79712905","79713217","chr19","25591314","25591622","51","54121591"
"chr1","79906976","79907241","chr7","12625452","12625715","45","67281524"
"chr1","79946535","79946815","chr12","17597171","17597452","42","62349364"
"chr1","80173369","80173663","chr9","108878803","108879104","42","28705434"
"chr1","80222094","80222404","chr19","26467351","26467655","49","53754743"
"chr1","80249363","80249643","chr9","42833542","42833826","48","37415821"
"chr1","80267116","80267413","chr6","119365724","119366021","46","39098608"
"chr1","80321669","80321954","chr7","85364057","85364348","47","5042388"
"chr1","80352117","80352390","chr7","116207605","116207873","37","35855488"
"chr1","80374415","80374703","chr7","116232252","116232536","39","35857837"
"chr1","80387433","80387745","chr6","17068239","17068542","47","63319194"
"chr1","80497295","80497599","chr7","116364193","116364498","39","35866898"
"chr1","80539364","80539515","chr9","39119150","39119289","38","41420214"
"chr1","80539516","80539815","chr9","115637925","115638221","46","35098409"
"chr1","80539816","80539954","chr6","44109882","44110016","18","36429934"
"chr1","80586556","80586834","chr11","67181567","67181838","52","13404989"
"chr1","80597166","80597473","chr14","76473282","76473587","52","4123884"
"chr1","80612204","80612505","chr13","31331915","31332215","50","49280289"
"chr1","80718776","80719057","chr4","34845790","34846071","42","45872986"
"chr1","80829804","80830095","chr5","127746291","127746583","42","46916487"
"chr1","80906785","80907053","chr8","25287298","25287560","48","55619487"
"chr1","80953255","80953544","chr6","17098595","17098886","56","63854660"
"chr1","81085659","81085932","chr7","116942979","116943251","46","35857320"
"chr1","81111000","81111303","chr1","15467012","15467316","47","65643988"
"chr1","81170305","81170321","chrX","140734729","140734741","4","59564424"
"chr1","81170356","81170640","chr14","18936862","18937136","50","62233494"
"chr1","81173048","81173345","chr4","110072542","110072840","51","28899494"
"chr1","81271959","81272248","chr18","21242451","21242743","51","60029508"
"chr1","81284743","81285028","chr7","117149068","117149356","34","35864325"
"chr1","81322859","81323157","chr15","22924211","22924507","44","58398648"
"chr1","81364701","81364963","chr8","37025846","37026103","39","44338855"
"chr1","81394923","81395194","chr10","11728225","11728492","58","69666698"
"chr1","81422253","81422544","chr2","9600069","9600362","40","71822184"
"chr1","81525325","81525617","chr7","117393450","117393743","40","35868125"
"chr1","81545289","81545579","chr20","29549977","29550272","42","51995312"
"chr1","81602178","81602307","chr21","46829406","46829535","16","34772772"
"chr1","81603960","81604264","chr1","141836257","141836563","43","60232297"
"chr1","81624299","81624546","chr20","35673131","35673379","32","45951168"
"chr1","81631205","81631506","chr6","17068239","17068542","54","64562966"
"chr1","81633314","81633625","chr5","134608851","134609157","45","52975537"
"chr1","81636852","81637142","chr7","117505542","117505821","47","35868690"
"chr1","81659053","81659361","chr9","11967801","11968108","45","69691252"
"chr1","81668555","81668869","chrX","22706298","22706606","40","58962257"
"chr1","81690211","81690505","chr13","20723712","20724002","36","60966499"
"chr1","81695538","81695840","chr5","110918761","110919060","38","29223223"
"chr1","81720172","81720471","chr7","117590682","117590985","41","35870510"
"chr1","81730447","81730740","chr9","20806439","20806737","43","60924008"
"chr1","81768799","81769092","chr11","67036150","67036441","46","14732649"
"chr1","81784446","81784746","chr2","18780256","18780558","37","63004190"
"chr1","81861607","81861905","chr6","43666330","43666629","50","38195277"
"chr1","81912060","81912371","chr11","123924507","123924822","50","42012447"
"chr1","82020284","82020593","chr6","17068239","17068542","43","64952045"
"chr1","82053149","82053454","chr3","106655459","106655766","49","24602310"
"chr1","82157272","82157639","chr8","120058188","120058562","79","37900916"
"chr1","82163603","82163900","chr7","75011478","75011771","49","7152125"
"chr1","82188526","82188799","chrX","103099580","103099851","39","20911054"
"chr1","82219648","82219960","chr12","54083207","54083510","52","28136441"
"chr1","82224737","82225044","chr7","118102085","118102391","42","35877348"
"chr1","82295195","82295488","chr15","49359997","49360293","41","32935198"
"chr1","82379752","82380041","chr2","170778290","170778584","42","88398538"
"chr1","82401944","82402258","chr4","22815676","22815985","59","59586268"
"chr1","82465329","82465445","chr20","10970773","10970890","19","71494556"
"chr1","82493118","82493353","chr7","45993452","45993686","28","36499666"
"chr1","82519038","82519342","chr5","2298333","2298635","42","80220705"
"chr1","82550518","82550823","chr5","2508969","2509278","55","80041549"
"chr1","82634989","82635303","chr20","12705737","12706042","46","69929252"
"chr1","82638487","82638785","chr7","6894852","6895150","37","75743635"
"chr1","82703087","82703382","chr7","118602906","118603190","50","35899819"
"chr1","82733104","82733411","chr4","70805236","70805533","52","11927868"
"chr1","82918629","82918930","chr9","112248250","112248546","36","29329621"
"chr1","82943090","82943393","chr5","86230872","86231167","56","3287782"
"chr1","83022330","83022601","chr5","8450837","8451089","67","74571493"
"chr1","83034796","83035058","chrX","39387728","39387995","37","43647068"
"chr1","83532310","83532635","chr3","21104959","21105285","49","62427351"
"chr1","83538924","83539219","chr20","27822433","27822727","38","55716491"
"chr1","83726923","83727176","chr7","119641890","119642159","50","35914967"
"chr1","83809027","83809336","chr1","168595556","168595859","41","84786529"
"chr1","83811786","83812077","chr7","119727370","119727658","43","35915584"
"chr1","83937206","83937502","chrX","23036255","23036544","37","60900951"
"chr1","83983063","83983350","chr15","73705389","73705677","47","10277674"
"chr1","84112223","84112536","chr5","94188648","94188957","44","10076425"
"chr1","84149983","84150309","chr5","64309139","64309447","53","19840844"
"chr1","84158066","84158333","chr20","3558077","3558345","57","80599989"
"chr1","84199864","84200142","chr2","162645841","162646127","41","78445977"
"chr1","84207866","84208139","chr11","97658809","97659082","40","13450943"
"chr1","84214493","84214794","chr2","9018638","9018935","45","75195855"
"chr1","84241392","84241697","chr7","120171380","120171681","32","35929988"
"chr1","84306518","84306830","chr7","75011478","75011771","60","9295040"
"chr1","84306867","84306883","chrX","140734729","140734741","4","56427862"
"chr1","84431439","84431733","chr7","120354096","120354389","33","35922657"
"chr1","84434253","84434556","chr6","17068239","17068542","41","67366014"
"chr1","84514686","84514988","chr7","120434116","120434414","38","35919430"
"chr1","84524994","84525266","chr16","38181601","38181884","42","46343393"
"chr1","84531153","84531462","chr10","47323959","47324262","45","37207194"
"chr1","84544556","84544860","chr16","51641934","51642237","34","32902622"
"chr1","84559339","84559631","chr10","89487563","89487852","47","4928224"
"chr1","84585474","84585779","chr11","63009394","63009698","43","21576080"
"chr1","84640579","84640874","chr11","67036150","67036441","40","17604429"
"chr1","84672745","84673035","chr6","147894727","147895020","40","63221982"
"chr1","84676714","84677014","chr10","117620910","117621216","44","32944196"
"chr1","84794375","84794664","chr5","115343003","115343296","51","30548628"
"chr1","84809485","84809778","chr8","112018521","112018812","39","27209036"
"chr1","85006147","85006446","chr4","15705730","15706030","38","69300417"
"chr1","85057126","85057416","chr7","120945034","120945330","28","35887908"
"chr1","85103606","85103888","chr7","58160492","58160776","45","26943114"
"chr1","85135889","85136197","chr2","72416351","72416662","43","12719538"
"chr1","85161446","85161751","chr9","37569669","37569973","46","47591777"
"chr1","85167833","85168131","chrX","23855536","23855832","42","61312297"
"chr1","85231916","85232228","chr3","106655459","106655766","47","21423543"
"chr1","85234514","85234795","chr2","79072524","79072812","45","6161990"
"chr1","85235435","85235687","chr7","121145887","121146138","37","35910452"
"chr1","85242050","85242384","chr13","61846841","61847189","83","23395209"
"chr1","85306546","85306787","chr4","26060440","26060681","36","59246106"
"chr1","85338759","85339063","chr15","24683449","24683755","41","60655310"
"chr1","85435781","85436100","chr6","17068239","17068542","62","68367542"
"chr1","85475846","85476161","chr2","138263047","138263351","59","52787201"
"chr1","85487902","85488187","chr2","56700759","56701042","36","28787143"
"chr1","85498643","85498946","chr3","106655459","106655766","45","21156816"
"chr1","85515108","85515240","chr7","80185646","80185776","14","5329462"
"chr1","85540676","85540983","chr3","108570361","108570666","34","23029685"
"chr1","85574766","85574880","chr20","35548946","35549062","12","50025820"
"chr1","85639647","85639825","chrX","106480049","106480214","36","20840402"
"chr1","85640116","85640251","chr7","79609225","79609358","19","6030891"
"chr1","85686988","85687311","chr6","155965426","155965743","59","70278438"
"chr1","85690744","85691032","chr10","16033492","16033786","35","69657252"
"chr1","85700816","85701061","chrX","140835584","140835827","43","55134768"
"chr1","85724055","85724355","chr3","150502640","150502937","54","64778585"
"chr1","85737563","85737863","chr14","33669909","33670206","36","52067654"
"chr1","85740483","85740771","chr7","121639903","121640171","48","35899420"
"chr1","85763478","85763794","chr2","127060567","127060875","44","41297089"
"chr1","85782099","85782387","chr17","69931558","69931839","45","15850541"
"chr1","85866493","85866790","chr16","33828417","33828713","42","52038076"
"chr1","85883228","85883520","chr1","163381580","163381871","49","77498352"
"chr1","85886068","85886348","chr15","66384582","66384873","48","19501486"
"chr1","85914379","85914690","chrX","47176701","47177007","45","38737678"
"chr1","85915656","85915919","chr7","38768177","38768435","47","47147479"
"chr1","85960601","85960883","chr5","31371357","31371639","42","54589244"
"chr1","86160712","86161031","chr6","47107776","47108084","49","39052936"
"chr1","86182656","86182930","chrX","127737589","127737860","48","41554933"
"chr1","86228317","86228633","chr7","122092073","122092393","45","35863756"
"chr1","86359517","86359817","chr5","78562869","78563170","43","7796648"
"chr1","86386365","86386687","chr13","18393383","18393690","56","67992982"
"chr1","86444916","86445193","chr9","98920232","98920504","35","12475316"
"chr1","86462717","86463004","chr6","96140837","96141122","47","9678120"
"chr1","86530707","86531005","chr13","97064854","97065149","42","10534147"
"chr1","86554414","86554564","chr11","117307342","117307491","17","30752928"
"chr1","86575809","86576093","chr12","17597171","17597452","44","68978638"
"chr1","86702883","86703173","chr4","12463368","12463662","35","74239515"
"chr1","86718043","86718345","chr5","74809771","74810060","45","11908272"
"chr1","86739863","86740163","chr4","38452112","38452407","48","48287751"
"chr1","86831349","86831658","chr3","106655459","106655766","45","19824110"
"chr1","86849649","86849967","chr7","144668647","144668973","49","57818998"
"chr1","86867205","86867490","chr5","31371357","31371639","44","55495848"
"chr1","86918947","86919244","chr21","29415791","29416085","62","57503156"
"chr1","86944355","86944653","chr6","17068239","17068542","41","69876116"
"chr1","86949101","86949408","chr9","11967801","11968108","45","74981300"
"chr1","86952249","86952537","chr1","100819915","100820205","40","13867666"
"chr1","86970409","86970693","chr11","15856369","15856659","44","71114040"
"chr1","87027694","87027988","chr13","114718297","114718592","42","27690603"
"chr1","87185609","87185862","chr7","22428824","22429073","42","64756785"
"chr1","87241716","87241983","chr6","17285930","17286191","41","69955786"
"chr1","87375058","87375357","chr17","69075766","69076065","43","18299292"
"chr1","87422409","87422711","chr3","177773552","177773857","48","90351143"
"chr1","87424146","87424445","chr5","26961498","26961795","55","60462648"
"chr1","87477874","87478058","chr7","123363514","123363698","26","35885640"
"chr1","87481660","87481977","chr7","80905976","80906275","55","6575684"
"chr1","87631497","87631797","chr22","7706978","7707288","43","79924519"
"chr1","87716663","87716972","chr3","177773552","177773857","46","90056889"
"chr1","87728561","87728865","chr12","27713051","27713349","40","60015510"
"chr1","87813827","87814133","chr7","6894852","6895150","47","80918975"
"chr1","87834375","87834686","chr7","123715383","123715673","56","35881008"
"chr1","87945927","87946231","chr6","141824298","141824598","44","53878371"
"chr1","87992662","87992941","chr21","43336613","43336889","46","44656049"
"chr1","88122092","88122312","chr7","124019764","124019997","42","35897672"
"chr1","88368829","88369135","chr7","124259091","124259397","37","35890262"
"chr1","88406409","88406722","chr3","165648344","165648651","43","77241935"
"chr1","88606274","88606579","chr7","124519133","124519433","46","35912859"
"chr1","88612918","88613001","chr7","124525620","124525702","9","35912702"
"chr1","88622546","88622827","chr5","41527539","41527823","47","47095007"
"chr1","88624240","88624535","chr11","123371423","123371718","43","34747183"
"chr1","88709060","88709351","chr1","75821885","75822175","45","12887175"
"chr1","88764901","88765228","chr7","124715970","124716300","48","35951069"
"chr1","88776463","88776755","chr10","14603732","14604030","40","74172731"
"chr1","88802329","88802625","chr4","30880097","30880395","39","57922232"
"chr1","88818366","88818676","chrX","92444036","92444345","39","3625670"
"chr1","88839805","88840087","chrX","17543907","17544194","42","71295898"
"chr1","88844576","88844855","chr11","97727292","97727572","44","8882716"
"chr1","88907003","88907302","chr14","17292461","17292759","50","71614542"
"chr1","88913980","88914215","chrX","39193215","39193434","45","49720765"
"chr1","88934174","88934462","chr9","20838286","20838576","41","68095888"
"chr1","88934990","88935301","chr6","41026834","41027145","44","47908156"
"chr1","88940082","88940371","chr7","124888065","124888353","23","35947983"
"chr1","89023830","89024135","chr12","60882509","60882808","47","28141321"
"chr1","89102647","89102938","chr2","11710590","11710879","43","77392057"
"chr1","89116031","89116313","chr7","125231884","125232168","38","36115853"
"chr1","89178044","89178331","chr5","1642234","1642514","42","87535810"
"chr1","89381003","89381288","chr3","26688498","26688781","45","62692505"
"chr1","89385542","89385832","chr8","111628886","111629177","35","22243344"
"chr1","89387651","89387952","chr5","116115777","116116067","54","26728126"
"chr1","89537459","89537767","chr19","25591314","25591622","45","63946145"
"chr1","89593093","89593393","chr7","145693234","145693534","40","56100141"
"chr1","89615129","89615416","chr7","125672272","125672574","40","36057143"
"chr1","89680550","89680860","chr11","125799128","125799440","43","36118578"
"chr1","89694583","89694859","chr3","6494628","6494898","47","83199955"
"chr1","89707125","89707427","chr22","28997304","28997607","33","60709821"
"chr1","89744340","89744653","chr7","32003277","32003587","43","57741063"
"chr1","89761090","89761391","chr1","168595556","168595859","39","78834466"
"chr1","89845442","89845725","chr19","878460","878755","45","88966982"
"chr1","89930212","89930481","chr2","94047821","94048101","39","4117609"
"chr1","89941760","89942042","chr8","32901710","32901981","39","57040050"
"chr1","89949282","89949587","chr22","31767114","31767422","41","58182168"
"chr1","89964348","89964657","chr3","165648344","165648651","40","75683996"
"chr1","90031559","90031858","chr9","99358799","99359098","43","9327240"
"chr1","90036557","90036861","chr5","83113160","83113466","40","6923397"
"chr1","90044286","90044581","chr11","81906871","81907167","41","8137415"
"chr1","90141518","90141840","chr7","126254930","126255241","61","36113412"
"chr1","90145958","90146266","chr22","28997304","28997607","40","61148654"
"chr1","90338377","90338512","chr22","16588786","16588917","10","73749591"
"chr1","90467481","90467762","chrX","105924911","105925188","43","15457430"
"chr1","90467794","90467805","chr5","92524075","92524085","2","2056281"
"chr1","90479724","90480020","chr12","87295569","87295868","49","3184155"
"chr1","90628766","90629082","chr6","96626818","96627126","53","5998052"
"chr1","90662744","90663039","chr5","94234310","94234606","37","3571566"
"chr1","90791156","90791476","chr6","132767618","132767935","48","41976462"
"chr1","90810506","90810810","chr5","42661443","42661746","38","48149063"
"chr1","90852605","90852915","chr7","67310637","67310940","41","23541968"
"chr1","90954412","90954706","chr5","84826899","84827194","38","6127513"
"chr1","90984457","90984692","chr10","93506542","93506778","37","2522085"
"chr1","91016839","91017132","chr7","127241655","127241950","36","36224816"
"chr1","91029584","91029882","chr2","7440171","7440473","40","83589413"
"chr1","91049259","91049548","chr14","83739394","83739686","50","7309865"
"chr1","91050544","91050789","chr17","74612855","74613103","29","16437689"
"chr1","91060630","91060869","chrX","117776653","117776896","33","26716023"
"chr1","91140786","91141043","chr7","127337362","127337618","40","36196576"
"chr1","91143290","91143595","chr12","49321944","49322244","43","41821346"
"chr1","91237489","91237759","chr16","92089757","92090031","46","852268"
"chr1","91303843","91304154","chrX","47176701","47177007","46","44127142"
"chr1","91321161","91321469","chr2","171330283","171330586","45","80009122"
"chr1","91380472","91380722","chrX","91801794","91802046","44","421322"
"chr1","91432675","91432929","chr7","127595751","127596008","33","36163076"
"chr1","91506669","91506964","chr6","117785921","117786212","40","26279252"
"chr1","91518808","91519079","chr7","127661895","127662140","43","36143087"
"chr1","91678630","91678930","chr6","17068239","17068542","43","74610391"
"chr1","91773097","91773228","chr1","149093423","149093554","20","57320326"
"chr1","91774144","91774435","chr20","27822433","27822727","41","63951711"
"chr1","91787693","91787956","chr4","31053333","31053576","66","60734360"
"chr1","91829094","91829408","chr3","106655459","106655766","45","14826365"
"chr1","91833486","91833801","chr20","7769176","7769486","50","84064310"
"chr1","91869383","91869685","chr1","168595556","168595859","45","76726173"
"chr1","91873665","91873967","chr7","128044815","128045116","36","36171150"
"chr1","91882139","91882436","chr5","92897843","92898143","45","1015704"
"chr1","91887237","91887564","chr9","95060973","95061282","66","3173736"
"chr1","91888872","91889184","chrUn_GL286451","117883","118189","37","91770989"
"chr1","91893293","91893580","chr7","128069948","128070237","43","36176655"
"chr1","91917879","91918022","chr1","99278484","99278627","29","7360605"
"chr1","91921676","91921961","chr15","41758838","41759130","50","50162838"
"chr1","91922790","91923085","chr5","120684415","120684709","39","28761625"
"chr1","91937011","91937312","chr14","69766565","69766870","43","22170446"
"chr1","91941668","91941700","chr14","64342854","64342892","14","27598814"
"chr1","91941754","91941999","chr14","33885170","33885411","47","58056584"
"chr1","91945432","91945742","chr11","64234338","64234642","50","27711094"
"chr1","91946903","91947208","chr14","75711916","75712224","43","16234987"
"chr1","91955176","91955480","chr1","168595556","168595859","46","76640380"
"chr1","91957839","91958142","chr7","128228727","128229030","54","36270888"
"chr1","91983680","91983969","chr11","60118744","60119041","57","31864936"
"chr1","91989016","91989092","chr6","140331212","140331293","10","48342196"
"chr1","91989375","91989660","chr11","120913191","120913478","39","28923816"
"chr1","92010268","92010585","chr7","128284430","128284740","51","36274162"
"chr1","92012629","92012927","chr7","128286705","128287003","38","36274076"
"chr1","92017353","92017660","chr7","58066603","58066906","47","33950750"
"chr1","92021119","92021415","chr14","46527925","46528222","40","45493194"
"chr1","92022363","92022632","chr7","128297183","128297466","45","36274820"
"chr1","92034643","92034943","chr7","128324839","128325125","43","36290196"
"chr1","92081579","92081873","chr14","76177735","76178027","34","15903844"
"chr1","92085310","92085529","chr18","5773759","5773972","28","86311551"
"chr1","92110994","92111292","chr13","99797880","99798169","43","7686886"
"chr1","92119889","92120191","chrX","124381299","124381609","48","32261410"
"chr1","92127553","92127860","chr12","26214375","26214676","56","65913178"
"chr1","92130694","92131003","chr5","83441294","83441602","44","8689400"
"chr1","92164337","92164615","chr4","37824304","37824582","40","54340033"
"chr1","92166413","92166724","chr2","8618681","8618990","44","83547732"
"chr1","92194261","92194554","chr18","5378777","5379070","42","86815484"
"chr1","92195000","92195116","chr5","64638251","64638379","30","27556749"
"chr1","92198072","92198379","chr10","117669281","117669589","47","25471209"
"chr1","92201174","92201479","chr1","202849760","202850061","50","110648586"
"chr1","92211917","92212203","chr2","56700759","56701042","37","35511158"
"chr1","92213908","92214197","chr19","23405062","23405351","37","68808846"
"chr1","92223525","92223833","chrUn_GL286451","117883","118189","42","92105642"
"chr1","92239470","92239763","chr5","52498828","52499124","34","39740642"
"chr1","92241498","92241762","chr5","8839207","8839467","53","83402291"
"chr1","92260334","92260628","chr5","38614488","38614784","39","53645846"
"chr1","92302003","92302281","chrX","45666740","45667025","38","46635263"
"chr1","92314470","92314762","chr6","132370017","132370315","41","40055547"
"chr1","92322283","92322575","chr13","93656496","93656787","41","1334213"
"chr1","92344129","92344415","chr1","89249307","89249598","40","3094822"
"chr1","92350658","92350940","chr15","68809459","68809748","41","23541199"
"chr1","92356153","92356276","chr2","19494034","19494158","14","72862119"
"chr1","92379654","92379974","chr12","29286803","29287123","52","63092851"
"chr1","92384340","92384638","chr4","156698023","156698319","32","64313683"
"chr1","92407011","92407315","chr2","31372053","31372354","45","61034958"
"chr1","92408086","92408370","chr14","4755988","4756272","37","87652098"
"chr1","92408396","92408414","chr10","17789322","17789342","4","74619074"
"chr1","92418752","92419051","chr22","15341421","15341725","41","77077331"
"chr1","92419220","92419505","chr14","21485011","21485295","42","70934209"
"chr1","92440783","92441063","chr1","89810213","89810493","42","2630570"
"chr1","92457016","92457327","chr6","132767618","132767935","41","40310602"
"chr1","92460400","92460681","chr6","117795787","117796072","52","25335387"
"chr1","92462276","92462574","chr14","81929198","81929500","40","10533078"
"chr1","92508331","92508627","chr3","94762904","94763199","40","2254573"
"chr1","92512865","92513176","chrX","39219992","39220300","42","53292873"
"chr1","92521410","92521707","chr8","93697187","93697481","36","1175777"
"chr1","92523804","92524126","chr11","124322704","124323011","51","31798900"
"chr1","92527133","92527444","chr3","108570361","108570666","49","16043228"
"chr1","92557727","92558037","chr5","44394384","44394690","52","48163343"
"chr1","92561667","92561935","chrX","39387728","39387995","44","53173939"
"chr1","92575560","92575868","chrX","124381299","124381609","55","31805739"
"chr1","92583227","92583537","chr18","39712282","39712591","38","52870945"
"chr1","92596676","92596759","chr14","94627748","94627832","8","2031072"
"chr1","92612427","92612739","chr11","125799128","125799440","41","33186701"
"chr1","92637124","92637397","chr2","185050040","185050312","42","92412916"
"chr1","92647764","92648044","chr10","101732804","101733077","43","9085040"
"chr1","92693980","92694286","chr8","98342110","98342415","46","5648130"
"chr1","92713494","92713781","chr11","5061596","5061881","41","87651898"
"chr1","92731043","92731337","chr2","29497456","29497755","46","63233587"
"chr1","92752195","92752478","chr19","16281211","16281488","41","76470984"
"chr1","92755127","92755436","chr1","150996901","150997203","47","58241774"
"chr1","92760451","92760750","chr5","84633061","84633356","41","8127390"
"chr1","92766800","92767102","chr22","33925235","33925530","38","58841565"
"chr1","92775148","92775441","chr3","19707105","19707399","44","73068043"
"chr1","92783244","92783512","chr20","3558077","3558345","55","89225167"
"chr1","92802397","92802694","chr2","9886138","9886441","38","82916259"
"chr1","92806785","92807087","chr2","7440171","7440473","40","85366614"
"chr1","92818800","92819110","chr6","17068239","17068542","39","75750561"
"chr1","92863771","92864084","chr5","98774092","98774405","46","5910321"
"chr1","92867500","92867805","chr1","141836257","141836563","44","48968757"
"chr1","92875435","92875738","chr20","35338412","35338716","47","57537023"
"chr1","92878417","92878538","chr5","1117500","1117621","17","91760917"
"chr1","92878856","92879030","chr4","34157283","34157451","30","58721573"
"chr1","92897851","92898128","chr3","72187718","72187993","43","20710133"
"chr1","92928680","92928990","chr8","98342110","98342415","41","5413430"
"chr1","92932159","92932458","chr9","111187673","111187975","39","18255514"
"chr1","92939672","92939961","chrX","47125049","47125340","41","45814623"
"chr1","92954367","92954674","chr12","27257719","27258031","43","65696648"
"chr1","92996518","92996821","chr12","87913370","87913678","35","5083148"
"chr1","93011027","93011326","chr5","154831379","154831677","39","61820352"
"chr1","93045010","93045347","chr7","129525128","129525464","42","36480118"
"chr1","93068453","93068764","chr7","71936759","71937063","49","21131694"
"chr1","93072749","93073049","chr5","94234310","94234606","34","1161561"
"chr1","93086222","93086516","chr7","136659990","136660294","47","43573768"
"chr1","93088575","93088871","chr7","129568258","129568551","42","36479683"
"chr1","93097596","93097895","chr4","139472435","139472735","46","46374839"
"chr1","93134962","93135271","chr17","28672169","28672473","43","64462793"
"chr1","93162315","93162633","chr4","7829805","7830112","49","85332510"
"chr1","93163347","93163642","chr11","96814317","96814618","42","3650970"
"chr1","93163694","93163997","chr14","16678626","16678927","49","76485068"
"chr1","93177298","93177611","chr3","106655459","106655766","49","13478161"
"chr1","93194886","93195169","chr16","92089757","92090031","40","1105129"
"chr1","93265221","93265293","chr10","7600385","7600457","10","85664836"
"chr1","93285149","93285457","chr8","80779437","80779743","45","12505712"
"chr1","93290409","93290716","chr1","185200684","185200988","46","91910275"
"chr1","93312937","93313249","chr1","138374509","138374818","49","45061572"
"chr1","93316295","93316605","chr21","40584762","40585072","39","52731533"
"chr1","93321250","93321543","chr7","6894852","6895150","38","86426398"
"chr1","93325523","93325819","chr11","111117466","111117768","45","17791943"
"chr1","93419657","93419968","chr1","82669756","82670065","45","10749901"
"chr1","93466874","93467156","chr2","10414629","10414909","40","83052245"
"chr1","93497632","93497919","chr6","61254524","61254812","35","32243108"
"chr1","93508068","93508352","chr1","173250980","173251263","50","79742912"
"chr1","93517029","93517310","chr3","72187718","72187993","51","21329311"
"chr1","93566766","93567027","chr7","43989282","43989541","32","49577484"
"chr1","93567905","93568212","chr22","40503125","40503432","39","53064780"
"chr1","93643242","93643574","chr3","21104959","21105285","60","72538283"
"chr1","93647784","93648071","chr4","16350054","16350344","36","77297730"
"chr1","93650110","93650395","chr12","100785810","100786105","45","7135700"
"chr1","93661343","93661481","chr20","41847193","41847324","18","51814150"
"chr1","93684724","93685029","chr3","106655459","106655766","43","12970735"
"chr1","93687297","93687606","chr4","158989006","158989316","44","65301709"
"chr1","93707428","93707720","chr10","16169668","16169965","32","77537760"
"chr1","93800292","93800602","chr9","11967801","11968108","39","81832491"
"chr1","93904892","93905192","chr2","168879156","168879455","49","74974264"
"chr1","93918934","93919243","chr3","106655459","106655766","39","12736525"
"chr1","93941897","93942196","chr6","43666330","43666629","48","50275567"
"chr1","93953429","93953734","chr2","8426666","8426970","41","85526763"
"chr1","93973999","93974283","chr19","6867541","6867823","28","87106458"
"chr1","93975394","93975695","chr6","147894727","147895020","41","53919333"
"chr1","93999053","93999345","chr7","130482559","130482852","36","36483506"
"chr1","94058355","94058661","chr15","48420238","48420542","50","45638117"
"chr1","94167301","94167611","chr7","130656119","130656430","46","36488818"
"chr1","94217252","94217544","chr5","38614488","38614784","39","55602764"
"chr1","94312432","94312727","chr10","55872616","55872911","36","38439816"
"chr1","94427659","94427775","chr2","137160924","137161039","27","42733265"
"chr1","94439360","94439640","chr7","130983919","130984208","35","36544559"
"chr1","94454655","94454951","chr5","26961498","26961795","40","67493157"
"chr1","94502498","94502795","chr9","106891453","106891749","41","12388955"
"chr1","94523872","94524184","chr10","5946181","5946484","60","88577691"
"chr1","94531290","94531600","chr5","128544719","128545020","46","34013429"
"chr1","94595375","94595663","chr2","133820062","133820368","48","39224687"
"chr1","94646848","94646910","chr8","113418224","113418275","21","18771376"
"chr1","94681204","94681501","chr1","6722876","6723172","41","87958328"
"chr1","94745021","94745312","chr9","8632506","8632798","38","86112515"
"chr1","94804841","94805112","chr2","8798514","8798801","47","86006327"
"chr1","94918612","94918907","chr1","82463476","82463771","39","12455136"
"chr1","94940531","94940832","chr19","44765414","44765713","54","50175117"
"chr1","94955332","94955633","chr12","99758518","99758819","42","4803186"
"chr1","94956626","94956922","chr4","119549523","119549818","35","24592897"
"chr1","94960831","94961006","chr8","107033491","107033663","33","12072660"
"chr1","94961051","94961168","chr1","68202546","68202661","25","26758505"
"chr1","94976414","94976707","chr1","82463476","82463771","44","12512938"
"chr1","94995431","94995719","chr1","145176527","145176816","38","50181096"
"chr1","95001490","95001795","chr5","2508969","2509278","43","92492521"
"chr1","95018254","95018572","chr7","131619499","131619803","46","36601245"
"chr1","95026647","95026841","chrX","47514970","47515166","26","47511677"
"chr1","95052576","95052874","chr7","131652958","131653265","35","36600382"
"chr1","95058333","95058636","chr7","13017719","13018023","45","82040614"
"chr1","95106419","95106738","chr7","131712678","131712990","61","36606259"
"chr1","95109492","95109788","chr1","193266464","193266759","37","98156972"
"chr1","95114554","95114841","chr5","3538085","3538378","47","91576469"
"chr1","95132177","95132478","chr6","17068239","17068542","42","78063938"
"chr1","95135396","95135697","chr7","131747931","131748225","44","36612535"
"chr1","95200365","95200670","chr19","26467351","26467655","47","68733014"
"chr1","95225345","95225644","chr9","109143507","109143803","41","13918162"
"chr1","95251347","95251641","chr5","131099093","131099387","38","35847746"
"chr1","95266221","95266527","chr12","28553718","28554019","39","66712503"
"chr1","95358562","95358854","chr10","16033492","16033786","43","79325070"
"chr1","95425065","95425364","chr11","16209591","16209894","44","79215474"
"chr1","95754903","95755215","chr7","66105076","66105385","38","29649827"
"chr1","95991110","95991400","chr22","15178673","15178961","44","80812437"
"chr1","96026111","96026436","chr6","132767618","132767935","50","36741507"
"chr1","96042499","96042806","chr6","7892688","7892995","37","88149811"
"chr1","96214573","96214860","chr5","109457317","109457606","39","13242744"
"chr1","96443244","96443533","chr19","23405062","23405351","40","73038182"
"chr1","96456475","96456775","chr6","17068239","17068542","46","79388236"
"chr1","96489784","96490065","chrUn_GL286397","204143","204413","51","96285641"
"chr1","96521717","96522031","chr7","133151919","133152217","49","36630202"
"chr1","96601524","96601811","chr5","95271625","95271914","40","1329899"
"chr1","96627713","96628018","chr13","35663090","35663393","48","60964623"
"chr1","96629447","96629732","chr5","38801240","38801522","37","57828207"
"chr1","96659534","96659840","chr6","17068239","17068542","45","79591295"
"chr1","96682301","96682604","chr21","41080431","41080724","42","55601870"
"chr1","96699551","96699855","chr7","133322333","133322636","38","36622782"
"chr1","96729043","96729321","chr19","6867541","6867823","45","89861502"
"chr1","96822963","96823260","chr20","29549977","29550272","37","67272986"
"chr1","96976824","96977101","chr7","133589877","133590164","43","36613053"
"chr1","96988436","96988724","chr10","9287553","9287848","44","87700883"
"chr1","97133716","97134014","chr7","6894852","6895150","38","90238864"
"chr1","97154475","97154722","chr10","59012003","59012260","66","38142472"
"chr1","97365669","97365932","chr7","133979076","133979321","50","36613407"
"chr1","97383195","97383504","chr11","20691935","20692246","37","76691260"
"chr1","97405507","97405816","chr22","33981676","33981980","39","63423831"
"chr1","97415352","97415621","chr15","37619139","37619418","43","59796213"
"chr1","97557299","97557615","chr4","158922649","158922955","55","61365350"
"chr1","97562730","97563018","chr13","43918238","43918525","34","53644492"
"chr1","97695848","97696157","chr13","18393383","18393690","41","79302465"
"chr1","97730233","97730523","chr19","24203448","24203737","50","73526785"
"chr1","97946023","97946331","chr10","90431710","90432016","63","7514313"
"chr1","98174138","98174437","chr7","19310248","19310549","36","78863890"
"chr1","98223888","98224201","chr10","90431710","90432016","52","7792178"
"chr1","98238375","98238671","chr10","14603732","14604030","46","83634643"
"chr1","98354210","98354320","chr22","13727593","13727704","10","84626617"
"chr1","98389148","98389457","chr7","53651921","53652230","48","44737227"
"chr1","98395685","98395969","chr5","80700303","80700590","40","17695382"
"chr1","98475679","98475984","chr15","77597111","77597407","48","20878568"
"chr1","98482944","98483256","chr19","26467351","26467655","47","72015593"
"chr1","98492649","98492953","chr7","58066603","58066906","48","40426046"
"chr1","98530272","98530549","chr7","86043379","86043673","50","12486893"
"chr1","98607819","98607934","chr4","13421850","13421966","17","85185969"
"chr1","98607966","98608155","chr12","88653573","88653756","45","9954393"
"chr1","98711031","98711296","chr6","149193266","149193527","41","50482235"
"chr1","98831703","98831922","chr7","49908001","49908221","36","48923702"
"chr1","98942090","98942340","chr7","51163550","51163810","57","47778540"
"chr1","98951981","98952285","chr1","184817871","184818171","38","85865890"
"chr1","99048146","99048440","chr19","24203448","24203737","38","74844698"
"chr1","99254437","99254733","chr2","12828952","12829252","40","86425485"
"chr1","99258539","99258837","chr8","3713977","3714274","33","95544562"
"chr1","99294414","99294713","chr12","22817671","22817967","39","76476743"
"chr1","99377016","99377290","chr10","16974737","16975008","50","82402279"
"chr1","99434948","99435252","chr1","168595556","168595859","40","69160608"
"chr1","99546028","99546338","chr9","11967801","11968108","45","87578227"
"chr1","99562501","99562777","chr7","136170472","136170741","46","36607971"
"chr1","99596344","99596430","chr12","116071997","116072083","17","16475653"
"chr1","99652322","99652633","chr1","203950546","203950853","42","104298224"
"chr1","99678106","99678404","chr5","47854845","47855147","47","51823261"
"chr1","99682737","99683035","chr4","147076387","147076688","41","47393650"
"chr1","99703477","99703709","chr3","1067892","1068127","35","98635585"
"chr1","99718327","99718628","chr2","80721805","80722103","44","18996522"
"chr1","99792798","99793111","chrX","63023683","63023996","44","36769115"
"chr1","99802387","99802672","chr1","145176527","145176816","42","45374140"
"chr1","99821135","99821446","chr1","137129532","137129843","41","37308397"
"chr1","99831336","99831653","chr6","40009056","40009364","55","59822280"
"chr1","99838286","99838586","chrUn_GL286262","40235","40532","28","99798051"
"chr1","99844541","99844841","chr3","150099768","150100059","50","50255227"
"chr1","99911448","99911742","chr13","58644101","58644390","48","41267347"
"chr1","99929031","99929330","chr5","38614488","38614784","42","61314543"
"chr1","99933507","99933789","chr7","79364610","79364894","45","20568897"
"chr1","99954998","99955259","chrUn_GL286435","388384","388640","31","99566614"
"chr1","99962521","99962832","chr3","106655459","106655766","44","6692938"
"chr1","99972332","99972635","chr1","188105254","188105557","40","88132922"
"chr1","100021114","100021383","chr22","27309991","27310258","33","72711123"
"chr1","100062803","100062926","chrX","47538529","47538650","14","52524274"
"chr1","100078788","100079083","chr7","136440687","136440967","39","36361899"
"chr1","100081367","100081675","chr11","15721891","15722192","47","84359476"
"chr1","100096834","100097129","chr1","201136591","201136881","39","101039757"
"chr1","100099986","100100274","chr8","59645234","59645522","37","40454752"
"chr1","100128034","100128331","chr7","6894852","6895150","42","93233182"
"chr1","100133764","100134085","chr12","22817671","22817967","60","77316093"
"chr1","100155906","100155973","chrUn_GL286435","462","529","8","100155444"
"chr1","100163791","100164090","chr5","132866059","132866355","40","32702268"
"chr1","100172405","100172617","chr5","143052796","143053007","32","42880391"
"chr1","100189059","100189370","chr15","20018055","20018360","48","80171004"
"chr1","100221353","100221451","chr1","153677941","153678037","21","53456588"
"chr1","100225545","100225848","chr2","31372053","31372354","38","68853492"
"chr1","100227837","100228149","chr22","28997304","28997607","49","71230533"
"chr1","100228477","100228779","chr3","173975218","173975517","45","73746741"
"chr1","100247822","100248119","chr15","61219971","61220268","36","39027851"
"chr1","100281711","100282004","chr6","17068239","17068542","47","83213472"
"chr1","100282806","100283095","chr14","65349280","65349557","62","34933526"
"chr1","100283161","100283460","chr2","1330315","1330623","58","98952846"
"chr1","100341984","100342277","chr9","115637925","115638221","42","15295941"
"chr1","100348913","100349210","chr2","6873859","6874157","46","93475054"
"chr1","100360346","100360644","chr5","26961498","26961795","33","73398848"
"chr1","100385908","100386182","chr2","151318278","151318555","41","50932370"
"chr1","100386537","100386695","chrUn_GL286373","105744","105907","33","100280793"
"chr1","100428926","100429206","chr5","46330077","46330361","39","54098849"
"chr1","100487277","100487560","chr3","111736801","111737080","43","11249524"
"chr1","100546227","100546540","chr21","35849518","35849828","47","64696709"
"chr1","100710762","100711080","chr20","23337174","23337477","67","77373588"
"chr1","100773726","100774032","chr1","138077483","138077787","43","37303757"
"chr1","100794508","100794814","chr13","43694410","43694711","40","57100098"
"chr1","100836971","100837259","chrX","51731835","51732123","37","49105136"
"chr1","100988564","100988851","chr3","3823081","3823357","41","97165483"
"chr1","101072893","101073217","chr7","66105076","66105385","49","34967817"
"chr1","101089125","101089425","chr19","18353916","18354217","41","82735209"
"chr1","101206126","101206424","chr12","31122344","31122642","45","70083782"
"chr1","101206944","101207254","chr2","14826551","14826859","51","86380393"
"chr1","101213481","101213766","chr11","15919850","15920134","37","85293631"
"chr1","101219082","101219383","chr1","168595556","168595859","43","67376474"
"chr1","101227416","101227558","chr11","109497348","109497490","21","8269932"
"chr1","101227567","101227858","chr7","137583353","137583632","42","36355786"
"chr1","101246699","101247003","chr22","35774174","35774471","48","65472525"
"chr1","101255574","101255873","chr1","168595556","168595859","37","67339982"
"chr1","101277783","101278091","chr6","132767618","132767935","48","31489835"
"chr1","101306167","101306469","chr20","2006121","2006422","42","99300046"
"chr1","101317178","101317501","chr3","106655459","106655766","65","5338281"
"chr1","101326269","101326564","chr4","25542330","25542622","43","75783939"
"chr1","101404008","101404280","chr7","137749561","137749838","37","36345553"
"chr1","101439687","101439985","chr5","63326522","63326817","40","38113165"
"chr1","101454580","101454877","chrUn_GL286405","376","676","45","101454204"
"chr1","101463598","101463906","chr5","43400841","43401151","42","58062757"
"chr1","101483740","101484028","chr17","73944491","73944782","41","27539249"
"chr1","101582118","101582412","chr13","39885762","39886059","34","61696356"
"chr1","101686055","101686324","chr7","19441114","19441384","54","82244941"
"chr1","101831913","101832188","chr22","6810476","6810743","52","95021437"
"chr1","101862994","101863273","chr4","154371566","154371831","68","52508572"
"chr1","101917431","101917716","chr15","28163057","28163342","46","73754374"
"chr1","102105168","102105332","chr4","156579178","156579353","36","54474010"
"chr1","102122427","102122737","chr4","105918608","105918917","52","3796181"
"chr1","102155227","102155508","chr7","138471108","138471391","39","36315881"
"chr1","102336509","102336780","chr12","5655097","5655369","51","96681412"
"chr1","102375314","102375433","chrX","107984432","107984552","14","5609118"
"chr1","102682361","102682660","chr2","18780256","18780558","46","83902105"
"chr1","102786266","102786562","chr13","52270839","52271130","48","50515427"
"chr1","102811343","102811641","chr17","73944491","73944782","46","28866852"
"chr1","103007576","103007886","chr17","69075766","69076065","52","33931810"
"chr1","103196100","103196426","chr11","108948769","108949075","65","5752669"
"chr1","103428473","103428759","chr13","9838981","9839265","34","93589492"
"chr1","103434571","103434873","chr5","43400841","43401151","55","60033730"
"chr1","103469013","103469256","chr4","26060440","26060681","36","77408573"
"chr1","103585136","103585445","chr7","144982540","144982842","53","41397404"
"chr1","103831908","103832212","chr5","2508969","2509278","51","101322939"
"chr1","103919753","103920020","chr2","142623289","142623554","52","38703536"
"chr1","104106982","104107278","chr7","80047681","80047980","44","24059301"
"chr1","104107305","104107315","chr5","92524075","92524085","1","11583230"
"chr1","104155979","104156290","chr6","96626818","96627126","42","7529161"
"chr1","104287848","104288137","chrX","66146500","66146784","49","38141348"
"chr1","104288486","104288504","chr5","1117652","1117667","6","103170834"
"chr1","104288553","104288836","chr15","20770296","20770585","39","83518257"
"chr1","104311807","104312117","chr1","168595556","168595859","44","64283749"
"chr1","104458335","104458639","chr21","32861641","32861942","47","71596694"
"chr1","104667248","104667459","chr9","49915546","49915765","44","54751702"
"chr1","104725047","104725333","chr3","80959478","80959762","49","23765569"
"chr1","104759217","104759510","chr21","31104707","31105000","48","73654510"
"chr1","104861339","104861640","chr4","35519993","35520292","54","69341346"
"chr1","104884805","104885066","chr1","193375453","193375712","43","88490648"
"chr1","105179256","105179512","chr1","175000063","175000324","42","69820807"
"chr1","105207808","105208113","chr10","55872616","55872911","54","49335192"
"chr1","105208457","105208727","chr14","18936862","18937136","43","86271595"
"chr1","105255833","105256146","chr21","40584762","40585072","42","64671071"
"chr1","105283390","105283479","chr1","152705314","152705399","19","47421924"
"chr1","105355443","105355730","chr2","20239284","20239572","51","85116159"
"chr1","105465938","105466237","chr17","73665047","73665345","42","31800891"
"chr1","105492958","105493266","chr1","197436545","197436854","62","91943587"
"chr1","105544578","105544884","chr12","58605846","58606148","64","46938732"
"chr1","105567533","105567840","chr12","5316705","5317011","43","100250828"
"chr1","105607030","105607323","chr1","193266464","193266759","50","87659434"
"chr1","105788122","105788427","chr5","83113160","83113466","47","22674962"
"chr1","105868804","105869097","chr9","1932661","1932946","60","103936143"
"chr1","105926165","105926474","chr6","106862679","106862987","48","936514"
"chr1","106011023","106011306","chr22","3240330","3240610","53","102770693"
"chr1","106023339","106023638","chr1","168595556","168595859","35","62572217"
"chr1","106045355","106045659","chr14","46372540","46372849","42","59672815"
"chr1","106070550","106070678","chr1","135922227","135922364","38","29851677"
"chr1","106096612","106096914","chr1","209770752","209771048","45","103674140"
"chr1","106158082","106158373","chr5","145021706","145021988","55","38863624"
"chr1","106357676","106357965","chr1","15931085","15931383","40","90426591"
"chr1","106386627","106386942","chr14","46372540","46372849","61","60014087"
"chr1","106434958","106435247","chr14","83433453","83433742","37","23001505"
"chr1","106455097","106455410","chr2","154533489","154533792","52","48078392"
"chr1","106483627","106483945","chr1","168595556","168595859","48","62111929"
"chr1","106492263","106492561","chr11","106664928","106665234","57","172665"
"chr1","106674071","106674367","chr4","30880097","30880395","39","75793974"
"chr1","106682732","106683029","chr1","98572733","98573027","46","8109999"
"chr1","106713679","106713987","chr2","186353864","186354175","49","79640185"
"chr1","106782956","106783241","chr19","6867541","6867823","34","99915415"
"chr1","106938833","106939122","chr1","194339217","194339507","42","87400384"
"chr1","107025028","107025320","chr2","56700759","56701042","50","50324269"
"chr1","107135025","107135335","chr7","143194512","143194825","41","36059487"
"chr1","107433262","107433570","chr7","143499384","143499697","45","36066122"
"chr1","107469495","107469752","chr12","14206628","14206891","53","93262867"
"chr1","107489669","107489966","chr8","93697187","93697481","42","13792482"
"chr1","107587615","107587892","chr15","27957096","27957370","43","79630519"
"chr1","107625255","107625566","chr2","171330283","171330586","44","63705028"
"chr1","107637341","107637660","chr7","143708201","143708505","54","36070860"
"chr1","107656944","107657254","chrUn_GL286451","117883","118189","45","107539061"
"chr1","107968372","107968635","chrX","39387728","39387995","37","68580644"
"chr1","108068707","108069019","chr12","28553718","28554019","57","79514989"
"chr1","108150919","108151230","chr22","28997304","28997607","46","79153615"
"chr1","108189531","108189828","chr8","81232672","81232960","46","26956859"
"chr1","108217905","108218189","chr7","100261297","100261583","48","7956608"
"chr1","108256640","108256919","chr12","115669075","115669351","41","7412435"
"chr1","108277651","108277894","chrUn_GL286435","196670","196914","35","108080981"
"chr1","108416487","108416730","chrUn_GL286435","196670","196914","35","108219817"
"chr1","108437457","108437736","chr12","115669075","115669351","41","7231618"
"chr1","108481034","108481304","chr7","129171775","129172049","40","20690741"
"chr1","108497391","108497696","chr14","69557130","69557432","45","38940261"
"chr1","108499744","108499999","chr4","10758200","10758472","46","97741544"
"chr1","108592876","108593175","chr5","38614488","38614784","46","69978388"
"chr1","108641894","108642189","chr10","29910934","29911230","34","78730960"
"chr1","108664032","108664316","chr9","99076556","99076841","38","9587476"
"chr1","108687390","108687709","chr6","41026834","41027145","50","67660556"
"chr1","108724799","108725107","chr6","17068239","17068542","42","91656560"
"chr1","108727044","108727358","chr7","144548033","144548335","43","35820989"
"chr1","108765847","108766152","chr18","39712282","39712591","49","69053565"
"chr1","108781714","108782010","chr19","24203448","24203737","44","84578266"
"chr1","108802115","108802399","chr10","101732804","101733077","33","7069311"
"chr1","108832209","108832524","chr7","144668647","144668973","48","35836438"
"chr1","108836960","108837209","chr9","102803383","102803640","40","6033577"
"chr1","108840891","108841173","chr2","80644634","80644911","39","28196257"
"chr1","108841212","108841222","chr5","92524075","92524085","2","16317137"
"chr1","108844081","108844362","chr9","100953573","100953853","40","7890508"
"chr1","108864794","108865040","chrX","117776653","117776896","41","8911859"
"chr1","108912764","108912882","chr11","60338302","60338420","13","48574462"
"chr1","108919003","108919307","chr5","80129022","80129326","37","28789981"
"chr1","108920187","108920490","chr9","20122679","20122976","39","88797508"
"chr1","108928720","108929007","chr1","178591743","178592033","40","69663023"
"chr1","108930608","108930904","chr10","79733069","79733359","35","29197539"
"chr1","108931991","108932283","chr14","83739394","83739686","40","25192597"
"chr1","108936086","108936394","chr18","29127518","29127823","45","79808568"
"chr1","108942905","108943207","chr3","106655459","106655766","48","2287446"
"chr1","108945885","108946027","chr11","5411303","5411443","20","103534582"
"chr1","108951125","108951407","chr2","8015687","8015971","69","100935438"
"chr1","108952518","108952823","chr2","171330283","171330586","42","62377765"
"chr1","108958598","108958889","chr1","21791975","21792268","39","87166623"
"chr1","108962588","108962886","chr18","11005953","11006253","51","97956635"
"chr1","108968931","108969222","chr8","51757576","51757869","41","57211355"
"chr1","108988765","108989056","chr10","16033492","16033786","36","92955273"
"chr1","109001013","109001293","chr2","49330876","49331163","50","59670137"
"chr1","109008620","109008905","chr4","11116373","11116655","40","97892247"
"chr1","109015340","109015627","chr9","44537673","44537953","37","64477667"
"chr1","109021654","109021826","chr5","43249956","43250127","25","65771698"
"chr1","109022581","109022885","chr7","144874654","144874957","38","35852073"
"chr1","109038695","109039008","chr2","62697446","62697757","45","46341249"
"chr1","109045201","109045515","chr2","17712441","17712762","60","91332760"
"chr1","109045974","109046282","chrX","38632184","38632489","44","70413790"
"chr1","109048817","109049102","chr3","137032013","137032300","46","27983196"
"chr1","109052527","109052643","chr7","25044378","25044491","23","84008149"
"chr1","109060475","109060766","chr7","144915670","144915955","37","35855195"
"chr1","109061682","109061899","chr8","73973606","73973821","33","35088076"
"chr1","109070520","109070693","chr1","169183283","169183452","22","60112763"
"chr1","109072781","109073031","chr11","32759698","32759945","36","76313083"
"chr1","109080978","109081258","chr14","46455961","46456218","64","62625017"
"chr1","109086862","109087160","chr9","115637925","115638221","40","6551063"
"chr1","109097434","109097535","chr1","153677941","153678037","19","44580507"
"chr1","109108131","109108442","chr22","40339324","40339631","52","68768807"
"chr1","109119200","109119483","chr3","136739684","136739981","58","27620484"
"chr1","109125231","109125371","chr7","60175777","60175909","20","48949454"
"chr1","109126478","109126770","chr6","147894727","147895020","42","38768249"
"chr1","109127867","109128172","chr1","27883875","27884177","49","81243992"
"chr1","109137206","109137503","chr8","3713977","3714274","42","105423229"
"chr1","109171271","109171562","chr13","99797880","99798169","41","9373391"
"chr1","109175545","109175851","chr3","106655459","106655766","36","2520086"
"chr1","109206012","109206314","chr2","153476374","153476675","40","44270362"
"chr1","109215695","109216003","chr7","42669887","42670194","45","66545808"
"chr1","109227620","109227938","chrX","122250423","122250744","57","13022803"
"chr1","109233685","109233862","chr9","107746034","107746206","30","1487651"
"chr1","109234179","109234323","chr12","31083657","31083797","16","78150522"
"chr1","109291535","109291847","chr13","18393383","18393690","46","90898152"
"chr1","109291848","109291982","chr8","105529389","105529524","14","3762459"
"chr1","109337638","109337923","chr12","11789686","11789970","42","97547952"
"chr1","109355878","109356171","chr22","31423312","31423609","47","77932566"
"chr1","109368012","109368316","chr6","43666330","43666629","37","65701682"
"chr1","109384797","109385105","chrX","16692831","16693132","43","92691966"
"chr1","109395209","109395520","chr10","29890503","29890815","46","79504706"
"chr1","109421256","109421481","chr11","63060886","63061120","47","46360370"
"chr1","109459511","109459803","chrX","17021103","17021398","44","92438408"
"chr1","109460245","109460546","chr5","5052462","5052757","51","104407783"
"chr1","109463444","109463732","chr7","145355777","145356065","55","35892333"
"chr1","109474311","109474640","chr7","145367752","145368069","49","35893441"
"chr1","109494555","109494868","chr3","106655459","106655766","43","2839096"
"chr1","109537258","109537544","chr5","80700303","80700590","30","28836955"
"chr1","109556956","109557234","chr7","145450596","145450878","33","35893640"
"chr1","109571636","109571928","chr5","47395324","47395618","39","62176312"
"chr1","109596344","109596649","chr7","145495611","145495916","42","35899267"
"chr1","109655224","109655529","chr1","210023077","210023381","48","100367853"
"chr1","109801454","109801702","chrX","122989753","122990007","40","13188299"
"chr1","109813247","109813556","chr14","81929198","81929500","45","27884049"
"chr1","109827401","109827698","chr7","96977213","96977512","47","12850188"
"chr1","109833857","109834133","chrX","50894535","50894820","49","58939322"
"chr1","109871862","109872169","chr7","87305539","87305840","37","22566323"
"chr1","109933333","109933631","chr12","115383799","115384092","34","5450466"
"chr1","109945413","109945710","chr5","143023404","143023700","42","33077991"
"chr1","109949355","109949634","chr5","41236817","41237096","36","68712538"
"chr1","109954960","109955247","chr3","137011734","137012015","39","27056774"
"chr1","110013428","110013714","chr19","28847007","28847290","40","81166421"
"chr1","110013795","110014100","chr1","168595556","168595859","35","58581761"
"chr1","110028749","110029048","chr13","9808601","9808897","39","100220148"
"chr1","110036818","110037134","chr15","26045961","26046275","55","83990857"
"chr1","110052479","110052769","chr5","52498828","52499124","47","57553651"
"chr1","110073251","110073439","chr19","13498566","13498747","35","96574685"
"chr1","110080244","110080522","chr2","56700759","56701042","37","53379485"
"chr1","110111467","110111773","chr7","145997419","145997730","42","35885952"
"chr1","110264800","110265100","chr1","79817376","79817673","41","30447424"
"chr1","110322926","110323243","chr7","146212401","146212711","47","35889475"
"chr1","110325636","110325936","chr7","146215101","146215398","42","35889465"
"chr1","110349899","110350164","chr6","26035672","26035939","42","84314227"
"chr1","110361247","110361556","chr21","38427933","38428243","46","71933314"
"chr1","110369318","110369610","chr16","4337618","4337911","46","106031700"
"chr1","110388719","110389009","chr7","146281948","146282236","34","35893229"
"chr1","110395061","110395355","chrX","106830287","106830578","50","3564774"
"chr1","110409622","110409925","chr22","40503125","40503432","35","69906497"
"chr1","110410520","110410813","chr11","111248785","111249079","39","838265"
"chr1","110422462","110422756","chr5","114932595","114932890","33","4510133"
"chr1","110432686","110432987","chr5","94234310","94234606","42","16198376"
"chr1","110434568","110434851","chr10","126140422","126140698","50","15705854"
"chr1","110449213","110449508","chr7","87849905","87850200","36","22599308"
"chr1","110505999","110506286","chr9","113188066","113188360","46","2682067"
"chr1","110545884","110546146","chr16","32334557","32334814","44","78211327"
"chr1","110644507","110644798","chr1","202968520","202968804","60","92324013"
"chr1","110681855","110682163","chr10","35587352","35587663","42","75094503"
"chr1","110697785","110698093","chr1","27883875","27884177","52","82813910"
"chr1","110792790","110793100","chr18","38793266","38793575","52","71999524"
"chr1","110852934","110853237","chr6","113761187","113761484","40","2908253"
"chr1","110857131","110857453","chr11","20789638","20789959","49","90067493"
"chr1","110886567","110886844","chr4","34845790","34846071","39","76040777"
"chr1","110966008","110966321","chr5","2508969","2509278","49","108457039"
"chr1","110977088","110977391","chr7","52547757","52548059","42","58429331"
"chr1","111043053","111043341","chr15","76664935","76665226","39","34378118"
"chr1","111070627","111070920","chr4","44126936","44127223","46","66943691"
"chr1","111107173","111107422","chr6","132418226","132418480","37","21311053"
"chr1","111158060","111158368","chr3","21055528","21055838","52","90102532"
"chr1","111180882","111181177","chr7","89855702","89855996","41","21325180"
"chr1","111321351","111321648","chrX","108628781","108629079","35","2692570"
"chr1","111524628","111524919","chr3","142314167","142314458","46","30789539"
"chr1","111525582","111525889","chr7","147490918","147491219","34","35965336"
"chr1","111527007","111527311","chr6","17068239","17068542","32","94458768"
"chr1","111548009","111548319","chr7","147519966","147520275","40","35971957"
"chr1","111667403","111667697","chr5","94234310","94234606","37","17433093"
"chr1","111671467","111671773","chr12","15067551","15067856","46","96603916"
"chr1","112124003","112124288","chr9","1932661","1932946","39","110191342"
"chr1","112163611","112163909","chr15","61219971","61220268","35","50943640"
"chr1","112273842","112274115","chr15","5544817","5545089","43","106729025"
"chr1","112302004","112302312","chr15","22401594","22401899","43","89900410"
"chr1","112339756","112339968","chr7","148335435","148335643","29","35995679"
"chr1","112348111","112348417","chr1","176789652","176789956","53","64441541"
"chr1","112391712","112391990","chr9","42116299","42116587","48","70275413"
"chr1","112408845","112409147","chr7","148403476","148403774","35","35994631"
"chr1","112412609","112412923","chr9","8886595","8886904","48","103526014"
"chr1","112433312","112433601","chr5","94234310","94234606","37","18199002"
"chr1","112443227","112443512","chr2","141091123","141091408","36","28647896"
"chr1","112443513","112443648","chr20","22715714","22715849","16","89727799"
"chr1","112451490","112451795","chr20","35366546","35366853","43","77084944"
"chr1","112463322","112463617","chr4","156698023","156698319","38","44234701"
"chr1","112487651","112487959","chr3","90874267","90874573","43","21613384"
"chr1","112488012","112488322","chr22","33981676","33981980","54","78506336"
"chr1","112535091","112535375","chr7","148532507","148532793","29","35997416"
"chr1","112537001","112537298","chr10","16033492","16033786","34","96503509"
"chr1","112543587","112543891","chr2","14723039","14723343","42","97820548"
"chr1","112570896","112571174","chrX","118749545","118749828","40","6178649"
"chr1","112604026","112604326","chr6","147985747","147986047","44","35381721"
"chr1","112627363","112627666","chr7","148621889","148622175","52","35994526"
"chr1","112641608","112641906","chr1","168026515","168026818","40","55384907"
"chr1","112643839","112644144","chr6","17068239","17068542","39","95575600"
"chr1","112690998","112691298","chr3","94762904","94763199","43","17928094"
"chr1","112741024","112741324","chr5","26961498","26961795","38","85779526"
"chr1","112765181","112765425","chr7","23810526","23810770","37","88954655"
"chr1","112775583","112775891","chr1","194886027","194886340","46","82110444"
"chr1","112803493","112803786","chr1","186704593","186704886","41","73901100"
"chr1","112837484","112837782","chr1","176500964","176501258","50","63663480"
"chr1","112846777","112847087","chr14","79148123","79148432","38","33698654"
"chr1","112847098","112847405","chr5","1667879","1668174","55","111179219"
"chr1","112856933","112857242","chr12","31281547","31281855","49","81575386"
"chr1","112864504","112864806","chr12","31281547","31281855","47","81582957"
"chr1","112866704","112867003","chr22","17195235","17195526","47","95671469"
"chr1","112873719","112874023","chr19","44765414","44765713","49","68108305"
"chr1","112886148","112886459","chr2","31372053","31372354","45","81514095"
"chr1","112892225","112892524","chr8","95534048","95534347","45","17358177"
"chr1","112916649","112916944","chr6","147894727","147895020","35","34978078"
"chr1","112944705","112944992","chr4","16350054","16350344","47","96594651"
"chr1","112946290","112946359","chr10","37802728","37802794","9","75143562"
"chr1","112953154","112953452","chr20","23017174","23017462","46","89935980"
"chr1","112958180","112958470","chr5","35217281","35217578","47","77740899"
"chr1","112962073","112962378","chr1","168707277","168707576","46","55745204"
"chr1","112962490","112962582","chrX","122708087","122708184","13","9745597"
"chr1","112971635","112971946","chr15","72185705","72186015","43","40785930"
"chr1","113013561","113013856","chr10","29910934","29911230","40","83102627"
"chr1","113041260","113041549","chr4","38209077","38209362","41","74832183"
"chr1","113046123","113046447","chr10","27712339","27712660","48","85333784"
"chr1","113051937","113052219","chr21","32748907","32749190","44","80303030"
"chr1","113060218","113060492","chrX","118749545","118749828","45","5689327"
"chr1","113111033","113111335","chr9","123910723","123911020","50","10799690"
"chr1","113149960","113150265","chr3","106655459","106655766","38","6494501"
"chr1","113160859","113161168","chr15","20912636","20912943","45","92248223"
"chr1","113162986","113163280","chr7","149157438","149157721","42","35994452"
"chr1","113210759","113211076","chr1","175204701","175205006","60","61993942"
"chr1","113294555","113294838","chr9","42116299","42116587","40","71178256"
"chr1","113332168","113332437","chrX","39387728","39387995","43","73944440"
"chr1","113496976","113497220","chr7","65593392","65593633","38","47903584"
"chr1","113543582","113543885","chr9","84995814","84996115","47","28547768"
"chr1","113546350","113546636","chr7","70755193","70755479","42","42791157"
"chr1","113605974","113606266","chr10","89487563","89487852","37","24118411"
"chr1","113616886","113617188","chr4","11967909","11968209","44","101648977"
"chr1","113651489","113651790","chr16","70494945","70495243","37","43156544"
"chr1","113800984","113801282","chr15","6011216","6011510","37","107789768"
"chr1","113801961","113802255","chr7","149831674","149831964","41","36029713"
"chr1","113839930","113840248","chr6","17068239","17068542","51","96771691"
"chr1","113841597","113841902","chr10","14603732","14604030","44","99237865"
"chr1","113861546","113861677","chr7","94914850","94914984","10","18946696"
"chr1","113884940","113885255","chr6","17068239","17068542","47","96816701"
"chr1","113885430","113885672","chr7","149917172","149917415","33","36031742"
"chr1","113892839","113893091","chr11","22966695","22966946","41","90926144"
"chr1","113906047","113906357","chr3","106655459","106655766","39","7250588"
"chr1","113921120","113921419","chr1","79808169","79808469","47","34112951"
"chr1","113926867","113927156","chr12","118295565","118295854","38","4368698"
"chr1","113938627","113938928","chr6","43666330","43666629","45","70272297"
"chr1","113994896","113995207","chr7","45344118","45344429","48","68650778"
"chr1","114273980","114274275","chr4","37454427","37454718","44","76819553"
"chr1","114316802","114317109","chrX","97185025","97185330","48","17131777"
"chr1","114343826","114344178","chr5","96896431","96896755","61","17447395"
"chr1","114345200","114345520","chr21","40584762","40585072","52","73760438"
"chr1","114356048","114356380","chr15","25343001","25343338","56","89013047"
"chr1","114357340","114357645","chr3","2808599","2808903","34","111548741"
"chr1","114381216","114381507","chr7","150422886","150423183","38","36041670"
"chr1","114385772","114386060","chr12","22817671","22817967","45","91568101"
"chr1","114400215","114400502","chr21","50309276","50309562","52","64090939"
"chr1","114404136","114404444","chr2","154703298","154703594","47","40299162"
"chr1","114450330","114450692","chr5","5364201","5364544","74","109086129"
"chr1","114480953","114481194","chr17","45472265","45472504","39","69008688"
"chr1","114485994","114486279","chr2","56700759","56701042","40","57785235"
"chr1","114486806","114487102","chr5","60529593","60529894","39","53957213"
"chr1","114494939","114495211","chr1","166024291","166024562","42","51529352"
"chr1","114499879","114500000","chr10","58788395","58788510","15","55711484"
"chr1","114512048","114512352","chr10","16033492","16033786","45","98478556"
"chr1","114522863","114522997","chr5","122380283","122380412","16","7857420"
"chr1","114523219","114523517","chr5","26961498","26961795","32","87561721"
"chr1","114541628","114541850","chr7","88016274","88016493","47","26525354"
"chr1","114548429","114548677","chr1","178639955","178640206","36","64091526"
"chr1","114551776","114552084","chr3","106655459","106655766","36","7896317"
"chr1","114571064","114571359","chr8","23914180","23914475","44","90656884"
"chr1","114575176","114575493","chr12","88271382","88271690","50","26303794"
"chr1","114578995","114579280","chr7","150634899","150635188","38","36055904"
"chr1","114591904","114592184","chr1","117520902","117521184","36","2928998"
"chr1","114597500","114597797","chr7","43575304","43575597","36","71022196"
"chr1","114598681","114598982","chr2","153476374","153476675","37","38877693"
"chr1","114608002","114608294","chr7","150662905","150663188","40","36054903"
"chr1","114616108","114616414","chr7","150674262","150674567","38","36058154"
"chr1","114624612","114624919","chr9","99935150","99935455","41","14689462"
"chr1","114626508","114626809","chr1","27883875","27884177","47","86742633"
"chr1","114633170","114633468","chr7","32003277","32003587","56","82629893"
"chr1","114635727","114636027","chr1","78546905","78547207","49","36088822"
"chr1","114641964","114642249","chr2","11710590","11710879","41","102931374"
"chr1","114653117","114653408","chr2","49330876","49331163","44","65322241"
"chr1","114681313","114681623","chr7","150736860","150737169","43","36055547"
"chr1","114688135","114688427","chr3","45658377","45658667","40","69029758"
"chr1","114692851","114693106","chr12","52105632","52105896","46","62587219"
"chr1","114698477","114698762","chr9","99273608","99273898","36","15424869"
"chr1","114743203","114743502","chr2","66805774","66806063","48","47937429"
"chr1","114754061","114754292","chr9","46142114","46142339","31","68611947"
"chr1","114780959","114781265","chr2","162172264","162172572","43","47391305"
"chr1","114817731","114818032","chr2","8957058","8957360","49","105860673"
"chr1","114853576","114853887","chr21","40584762","40585072","53","74268814"
"chr1","114871561","114871885","chr3","119208858","119209170","55","4337297"
"chr1","114905957","114906266","chr1","182969072","182969372","44","68063115"
"chr1","114940098","114940394","chr4","43311502","43311796","44","71628596"
"chr1","114946726","114947048","chr2","48786213","48786524","52","66160513"
"chr1","115005719","115006009","chr5","26961498","26961795","41","88044221"
"chr1","115122441","115122731","chr4","16350054","16350344","32","98772387"
"chr1","115274288","115274581","chr13","94316383","94316679","38","20957905"
"chr1","115357896","115358179","chr5","88618634","88618922","38","26739262"
"chr1","115483088","115483390","chr3","53371996","53372298","45","62111092"
"chr1","115493304","115493615","chr7","151580783","151581094","43","36087479"
"chr1","115555920","115556223","chr1","157959927","157960225","45","42404007"
"chr1","115585458","115585746","chr9","41858928","41859218","47","73726530"
"chr1","115604795","115605085","chr7","57522175","57522462","50","58082620"
"chr1","115673595","115673887","chr22","16333585","16333878","41","99340010"
"chr1","115678674","115678973","chr3","70576608","70576908","41","45102066"
"chr1","115687756","115687918","chr2","14004582","14004742","38","101683174"
"chr1","115689676","115689967","chr5","116115777","116116067","37","426101"
"chr1","115743855","115744170","chr7","151821706","151822023","49","36077851"
"chr1","115774878","115775180","chr14","98989660","98989955","44","16785218"
"chr1","115864312","115864620","chr7","151951607","151951914","44","36087295"
"chr1","115870212","115870509","chr12","101612021","101612310","52","14258191"
"chr1","115888146","115888458","chrX","107065364","107065673","37","8822782"
"chr1","115902348","115902645","chr19","18047197","18047497","39","97855151"
"chr1","115988534","115988831","chrX","17543907","17544194","46","98444627"
"chr1","116043143","116043432","chr7","80316209","80316500","36","35726934"
"chr1","116094649","116094938","chr14","5921690","5921981","46","110172959"
"chr1","116200637","116200945","chr7","152299669","152299974","46","36099032"
"chr1","116220781","116221076","chr3","84624674","84624979","49","31596107"
"chr1","116227767","116228074","chr22","28997304","28997607","41","87230463"
"chr1","116250992","116251130","chrX","98606070","98606201","19","17644922"
"chr1","116251424","116251606","chr3","53757892","53758068","42","62493532"
"chr1","116263680","116263969","chr7","55245516","55245807","45","61018164"
"chr1","116275193","116275501","chr1","63874425","63874742","50","52400768"
"chr1","116369515","116369818","chr3","94762904","94763199","45","21606611"
"chr1","116442712","116443046","chr15","25343001","25343338","62","91099711"
"chr1","116443056","116443134","chr19","24525608","24525686","14","91917448"
"chr1","116459654","116459949","chr10","20827679","20827973","41","95631975"
"chr1","116473632","116473944","chr9","98029843","98030162","73","18443789"
"chr1","116555976","116556281","chr13","18393383","18393690","34","98162593"
"chr1","116585641","116585919","chr17","63995118","63995389","45","52590523"
"chr1","116623404","116623645","chr7","152745341","152745596","37","36121937"
"chr1","116641220","116641525","chr2","63925527","63925835","41","52715693"
"chr1","116662077","116662369","chr12","100785810","100786105","33","15876267"
"chr1","116669511","116669818","chr6","17068239","17068542","43","99601272"
"chr1","116688275","116688578","chr7","6894852","6895150","35","109793423"
"chr1","116730417","116730716","chr3","152941248","152941549","37","36210831"
"chr1","116773970","116774269","chr13","26041449","26041747","37","90732521"
"chr1","116776788","116777087","chr13","101188845","101189147","37","15587943"
"chr1","116869981","116870286","chr7","45802006","45802306","49","71067975"
"chr1","116888967","116889263","chr3","53287845","53288140","46","63601122"
"chr1","116896909","116897211","chr5","99799393","99799697","40","17097516"
"chr1","116925153","116925452","chr7","45802006","45802306","42","71123147"
"chr1","116973348","116973630","chr1","189468811","189469090","47","72495463"
"chr1","117008183","117008475","chr9","58325543","58325835","36","58682640"
"chr1","117025081","117025391","chr18","39712282","39712591","40","77312799"
"chr1","117052083","117052388","chrX","97185025","97185330","45","19867058"
"chr1","117064196","117064400","chr18","6083181","6083377","45","110981015"
"chr1","117067250","117067548","chr6","135098116","135098421","48","18030866"
"chr1","117078959","117079263","chr11","118075028","118075334","42","996069"
"chr1","117085272","117085534","chr7","59156437","59156699","40","57928835"
"chr1","117127489","117127777","chr1","171298490","171298773","51","54171001"
"chr1","117166818","117167107","chr6","116190747","116191038","43","976071"
"chr1","117176817","117177128","chr10","90431710","90432016","44","26745107"
"chr1","117212343","117212637","chr3","110699020","110699313","48","6513323"
"chr1","117217170","117217459","chr7","153346172","153346451","52","36129002"
"chr1","117253778","117254091","chr22","33981676","33981980","45","83272102"
"chr1","117269941","117270073","chr7","153390442","153390574","12","36120501"
"chr1","117293857","117294151","chrX","48721748","48722046","42","68572109"
"chr1","117304383","117304669","chr7","153430832","153431118","36","36126449"
"chr1","117439499","117439794","chr8","94858581","94858875","39","22580918"
"chr1","117464085","117464370","chr7","153592472","153592770","51","36128387"
"chr1","117488214","117488494","chr7","144592291","144592572","42","27104077"
"chr1","117493501","117493805","chr12","28553718","28554019","39","88939783"
"chr1","117547632","117547909","chr12","81352230","81352503","44","36195402"
"chr1","117549067","117549363","chr11","123371423","123371718","33","5822356"
"chr1","117693786","117694064","chr14","32695338","32695603","48","84998448"
"chr1","117750743","117751042","chr10","117521492","117521786","49","229251"
"chr1","117801166","117801464","chr20","28811494","28811790","37","88989672"
"chr1","117916752","117917063","chr5","134608851","134609157","40","16692099"
"chr1","117932918","117933216","chrX","107991838","107992145","46","9941080"
"chr1","117942963","117943252","chr10","8026640","8026929","37","109916323"
"chr1","117944694","117944992","chr1","26088103","26088403","46","91856591"
"chr1","117980220","117980531","chr7","30011356","30011665","43","87968864"
"chr1","118020149","118020461","chr14","5169835","5170152","58","112850314"
"chr1","118083051","118083254","chr4","132805582","132805787","38","14722531"
"chr1","118202534","118202835","chr8","1018204","1018477","68","117184330"
"chr1","118429753","118430058","chr2","14723039","14723343","39","103706714"
"chr1","118446150","118446457","chr2","154533489","154533792","50","36087339"
"chr1","118531695","118532005","chr21","35849518","35849828","46","82682177"
"chr1","118760140","118760399","chr21","37712205","37712464","48","81047935"
"chr1","118892951","118893265","chr14","79148123","79148432","50","39744828"
"chr1","118968212","118968506","chr7","6894852","6895150","40","112073360"
"chr1","119051763","119052059","chr3","106655459","106655766","47","12396304"
"chr1","119056012","119056336","chr12","31281547","31281855","56","87774465"
"chr1","119105629","119105921","chr14","83739394","83739686","40","35366235"
"chr1","119124211","119124494","chr2","9600069","9600362","37","109524142"
"chr1","119143195","119143500","chr15","16223725","16224030","45","102919470"
"chr1","119167761","119167893","chr4","34144507","34144640","15","85023254"
"chr1","119187703","119188015","chr16","89824416","89824719","51","29363287"
"chr1","119232055","119232365","chr2","162172264","162172572","45","42940209"
"chr1","119267412","119267720","chr5","1152728","1153041","49","118114684"
"chr1","119267941","119268220","chrX","14397583","14397859","35","104870358"
"chr1","119286143","119286435","chr14","37265042","37265338","43","82021101"
"chr1","119340195","119340481","chr7","155605337","155605635","49","36265142"
"chr1","119776231","119776541","chr9","101796262","101796572","41","17979969"
"chr1","119837797","119838104","chr15","83479661","83479973","51","36358136"
"chr1","119930497","119930784","chr1","42156505","42156788","35","77773992"
"chr1","119999600","119999865","chr10","101732804","101733077","43","18266796"
"chr1","120047399","120047698","chr18","513811","514115","37","119533588"
"chr1","120109449","120109741","chr17","1644069","1644364","43","118465380"
"chr1","120116873","120117169","chr6","17068239","17068542","43","103048634"
"chr1","120126158","120126485","chr9","72585809","72586125","66","47540349"
"chr1","120140209","120140490","chr2","67045768","67046049","48","53094441"
"chr1","120200434","120200743","chr9","99935150","99935455","48","20265284"
"chr1","120215003","120215296","chr5","38068631","38068922","58","82146372"
"chr1","120236909","120237214","chr3","177888845","177889151","47","57651936"
"chr1","120238210","120238509","chr5","106897987","106898285","32","13340223"
"chr1","120253250","120253552","chrX","43662320","43662619","38","76590930"
"chr1","120278615","120278914","chr2","31372053","31372354","42","88906562"
"chr1","120302475","120302764","chr4","16350054","16350344","37","103952421"
"chr1","120316310","120316620","chr13","58808680","58808991","42","61507630"
"chr1","120356891","120357012","chr3","175584186","175584310","16","55227295"
"chr1","120357060","120357236","chr17","34108233","34108402","35","86248827"
"chr1","120395527","120395571","chr20","11638990","11639034","11","108756537"
"chr1","120454704","120454977","chr5","155565032","155565305","42","35110328"
"chr1","120540916","120541217","chr2","59389250","59389550","39","61151666"
"chr1","120581766","120582076","chr13","58808680","58808991","41","61773086"
"chr1","120595627","120595916","chr4","16350054","16350344","37","104245573"
"chr1","120619478","120619777","chr2","31372053","31372354","42","89247425"
"chr1","120644790","120645092","chr2","14620852","14621158","38","106023938"
"chr1","120659896","120660197","chr22","28997304","28997607","31","91662592"
"chr1","120661192","120661497","chr3","177888845","177889151","47","57227653"
"chr1","120683114","120683407","chr5","38068631","38068922","59","82614483"
"chr1","120697638","120697939","chr20","42344201","42344495","45","78353437"
"chr1","120745902","120746200","chr18","513811","514115","38","120232091"
"chr1","120790634","120790899","chr10","101732804","101733077","44","19057830"
"chr1","120817416","120817691","chr5","155565032","155565305","45","34747616"
"chr1","120845629","120845945","chr3","106655459","106655766","43","14190170"
"chr1","120900344","120900637","chr1","158120682","158120981","44","37220338"
"chr1","120942901","120943016","chr3","73774761","73774870","45","47168140"
"chr1","120943114","120943390","chr1","90294210","90294476","65","30648904"
"chr1","120965839","120966142","chr6","17068239","17068542","51","103897600"
"chr1","120975877","120976179","chr15","22401594","22401899","45","98574283"
"chr1","120999035","120999164","chr14","53610471","53610598","16","67388564"
"chr1","121006141","121006396","chr15","17150309","17150567","39","103855832"
"chr1","121007445","121007739","chr19","24203448","24203737","40","96803997"
"chr1","121015856","121016153","chr7","6894852","6895150","42","114121004"
"chr1","121026600","121026900","chr18","3686955","3687258","45","117339645"
"chr1","121073267","121073568","chr2","18780256","18780558","46","102293011"
"chr1","121074834","121075117","chr19","32861086","32861367","38","88213748"
"chr1","121101541","121101837","chr4","30880097","30880395","43","90221444"
"chr1","121129129","121129423","chr7","44446894","44447196","39","76682235"
"chr1","121136516","121136827","chr10","39679505","39679806","54","81457011"
"chr1","121142716","121143005","chr1","77301807","77302094","34","43840909"
"chr1","121162599","121162910","chr4","42695729","42696041","37","78466870"
"chr1","121179099","121179395","chr4","156698023","156698319","38","35518924"
"chr1","121179405","121179541","chr11","8933852","8933994","16","112245553"
"chr1","121204379","121204559","chr8","88016741","88016912","22","33187638"
"chr1","121259189","121259498","chr14","78722586","78722888","53","42536603"
"chr1","121306956","121307262","chr19","28373303","28373605","47","92933653"
"chr1","121335011","121335244","chr12","41972566","41972794","28","79362445"
"chr1","121354422","121354695","chr19","4188463","4188738","42","117165959"
"chr1","121354755","121355044","chr1","65233227","65233518","42","56121528"
"chr1","121463655","121463745","chr3","47070639","47070720","20","74393016"
"chr1","143319505","143319623","chr5","124538732","124538850","18","18780773"
"chr1","143350925","143351196","chr8","32478813","32479091","42","110872112"
"chr1","143375701","143376000","chr9","35074414","35074712","40","108301287"
"chr1","143408302","143408575","chr17","6210689","6210957","56","137197613"
"chr1","143410076","143410355","chr13","68600472","68600753","47","74809604"
"chr1","143459665","143459975","chr3","165518689","165518997","43","22059024"
"chr1","143466943","143467245","chr7","87849905","87850200","43","55617038"
"chr1","143472191","143472494","chr1","168595556","168595859","45","25123365"
"chr1","143481896","143482200","chr19","27021921","27022220","43","116459975"
"chr1","143605635","143605894","chr9","39007168","39007436","47","104598467"
"chr1","143646184","143646483","chr21","32861641","32861942","41","110784543"
"chr1","143686927","143687238","chr10","28524939","28525237","63","115161988"
"chr1","143722815","143723098","chr21","27518","27788","51","143695297"
"chr1","143725463","143725759","chr2","129057586","129057890","50","14667877"
"chr1","143747086","143747391","chr3","2808599","2808903","49","140938487"
"chr1","143758959","143759261","chr11","64234338","64234642","46","79524621"
"chr1","143782190","143782320","chr5","74477520","74477649","16","69304670"
"chr1","143789306","143789561","chr15","17150309","17150567","41","126638997"
"chr1","143790625","143790919","chr19","24203448","24203737","39","119587177"
"chr1","143799047","143799349","chr1","150872655","150872961","43","7073608"
"chr1","143809879","143810182","chr20","12454753","12455058","40","131355126"
"chr1","143860710","143861010","chr2","18780256","18780558","46","125080454"
"chr1","143888981","143889277","chr4","30880097","30880395","44","113008884"
"chr1","143916438","143916736","chr8","108764374","108764677","38","35152064"
"chr1","143924457","143924767","chr10","39679505","39679806","52","104244952"
"chr1","143930660","143930949","chr1","77301807","77302094","32","66628853"
"chr1","143950228","143950557","chr9","98029843","98030162","52","45920385"
"chr1","143966749","143967045","chr4","37414221","37414521","38","106552528"
"chr1","143967055","143967195","chr6","47984408","47984551","14","95982647"
"chr1","143992005","143992183","chr8","88016741","88016912","25","55975264"
"chr1","144098058","144098364","chr7","78772892","78773196","49","65325166"
"chr1","144113277","144113571","chr2","59300350","59300645","39","84812927"
"chr1","144144869","144144987","chr5","124538732","124538850","18","19606137"
"chr1","144176502","144176773","chr8","32478813","32479091","42","111697689"
"chr1","144201309","144201608","chr9","35074414","35074712","42","109126895"
"chr1","144233899","144234172","chr17","6210689","6210957","56","138023210"
"chr1","144235690","144235969","chr13","68600472","68600753","47","75635218"
"chr1","144285285","144285591","chr6","17068239","17068542","40","127217046"
"chr1","144292570","144292872","chr7","87849905","87850200","43","56442665"
"chr1","144297821","144298122","chr6","17068239","17068542","42","127229582"
"chr1","144307525","144307829","chr19","27021921","27022220","43","117285604"
"chr1","144362915","144363207","chr6","48174401","48174701","43","96188514"
"chr1","144413100","144413392","chr5","137644407","137644689","112","6768693"
"chr1","144417644","144417959","chr3","106655459","106655766","44","37762185"
"chr1","144434256","144434521","chr5","155565032","155565305","46","11130776"
"chr1","144483763","144483807","chr20","11638990","11639034","11","132844773"
"chr1","144521806","144521960","chr1","199296013","199296162","30","54774207"
"chr1","144522000","144522121","chr3","175584186","175584310","16","31062186"
"chr1","144542473","144542705","chr1","156301354","156301587","36","11758881"
"chr1","144553143","144553411","chr9","57369063","57369338","47","87184080"
"chr1","144556683","144557012","chr13","88836338","88836664","55","55720345"
"chr1","144568874","144569211","chr5","96896431","96896755","52","47672443"
"chr1","144603320","144603612","chr6","48174401","48174701","43","96428919"
"chr1","144658549","144658853","chr19","27021921","27022220","43","117636628"
"chr1","144668256","144668557","chr6","17068239","17068542","42","127600017"
"chr1","144673506","144673807","chr7","87849905","87850200","42","56823601"
"chr1","144680785","144681091","chr6","17068239","17068542","40","127612546"
"chr1","144730407","144730686","chr13","68600472","68600753","47","76129935"
"chr1","144732204","144732477","chr17","6210689","6210957","56","138521515"
"chr1","144764783","144765082","chr9","35074414","35074712","42","109690369"
"chr1","144789611","144789882","chr8","32478813","32479091","42","112310798"
"chr1","144821576","144821694","chr5","124538732","124538850","18","20282844"
"chr1","144851899","144852193","chr2","59300350","59300645","39","85551549"
"chr1","144862344","144862650","chr7","78772892","78773196","49","66089452"
"chr1","144867920","144868207","chr9","56335758","56336046","36","88532162"
"chr1","144925013","144925304","chr1","65233227","65233518","42","79691786"
"chr1","144925364","144925668","chr1","48351088","48351393","46","96574276"
"chr1","144940518","144940818","chr14","32745447","32745743","45","112195071"
"chr1","144944826","144945059","chr12","41972566","41972794","29","102972260"
"chr1","144972827","144973133","chr19","28373303","28373605","47","116599524"
"chr1","145014020","145014321","chr2","61800729","61801029","47","83213291"
"chr1","145020798","145021108","chr7","130262321","130262624","54","14758477"
"chr1","145075806","145075986","chr8","88016741","88016912","25","57059065"
"chr1","145100792","145100932","chr6","47984408","47984551","13","97116384"
"chr1","145100942","145101238","chr4","156698023","156698319","39","11597081"
"chr1","145117420","145117744","chr11","118075028","118075334","48","27042392"
"chr1","145151059","145151358","chr9","96651703","96652000","45","48499356"
"chr1","145161870","145162168","chr19","4520386","4520688","42","140641484"
"chr1","145170286","145170581","chr19","24203448","24203737","40","120966838"
"chr1","145171645","145171900","chr7","136470690","136470946","39","8700955"
"chr1","145178836","145178966","chr5","74477520","74477649","16","70701316"
"chr1","145228482","145228774","chr6","48174401","48174701","45","97054081"
"chr1","145281642","145281931","chr5","137644407","137644689","109","7637235"
"chr1","145286148","145286436","chr1","202394399","202394681","36","57108251"
"chr1","145286464","145286477","chr5","92524075","92524085","3","52762389"
"chr1","145399532","145399799","chr5","155565032","155565305","43","10165500"
"chr1","145454991","145455278","chr12","26112515","26112796","62","119342476"
"chr1","145461308","145461486","chr7","97450711","97450881","38","48010597"
"chr1","145494466","145494772","chr2","24406490","24406787","40","121087976"
"chr1","145501821","145502122","chr1","138049116","138049416","46","7452705"
"chr1","145504121","145504416","chr4","167399917","167400204","53","21895796"
"chr1","145548675","145548808","chr7","80185646","80185776","12","65363029"
"chr1","145585238","145585501","chr10","85088466","85088732","47","60496772"
"chr1","145602473","145602778","chr22","33981676","33981980","34","111620797"
"chr1","145634082","145634380","chr7","67018368","67018662","34","78615714"
"chr1","145675735","145676029","chr10","45141228","45141517","42","100534507"
"chr1","145697046","145697316","chrX","90546446","90546718","39","55150600"
"chr1","145713167","145713461","chrX","112877634","112877932","45","32835533"
"chr1","145734833","145735136","chr6","136003549","136003853","41","9731284"
"chr1","145739580","145739877","chr10","14603732","14604030","28","131135848"
"chr1","145740850","145741137","chr7","26918353","26918647","47","118822497"
"chr1","145742885","145742998","chr10","15509085","15509201","14","130233800"
"chr1","145754352","145754635","chr5","108572775","108573060","46","37181577"
"chr1","145754964","145755248","chr6","47765518","47765810","43","97989446"
"chr1","145763416","145763738","chr11","125799128","125799440","46","19964288"
"chr1","145774340","145774650","chr1","82669756","82670065","38","63104584"
"chr1","145790862","145791160","chr18","8503340","8503640","39","137287522"
"chr1","145793839","145794143","chr5","64708567","64708868","39","81085272"
"chr1","145806068","145806375","chr7","148985140","148985448","40","3179072"
"chr1","145812376","145812683","chr22","28997304","28997607","42","116815072"
"chr1","145819757","145820058","chr1","138049116","138049416","43","7770641"
"chr1","145822045","145822339","chr4","167399917","167400204","52","21577872"
"chr1","145835565","145835875","chrY","2049375","2049686","47","143786190"
"chr1","145838400","145838715","chr22","33981676","33981980","45","111856724"
"chr1","145838990","145839284","chr8","28391412","28391706","33","117447578"
"chr1","145844639","145844899","chr8","71335887","71336150","54","74508752"
"chr1","145862536","145862824","chr19","31817790","31818080","33","114044746"
"chr1","145905929","145906228","chr18","1250320","1250607","47","144655609"
"chr1","145910555","145910853","chrX","93623389","93623691","36","52287166"
"chr1","145928381","145928728","chr16","46709587","46709924","69","99218794"
"chr1","145986669","145986975","chr19","43463036","43463348","63","102523633"
"chr1","145999024","145999255","chrX","46423577","46423820","49","99575447"
"chr1","146000064","146000345","chr1","189468811","189469090","57","43468747"
"chr1","146003712","146004016","chr13","84459624","84459931","41","61544088"
"chr1","146011155","146011496","chr19","11943645","11943975","70","134067510"
"chr1","146012470","146012744","chr12","9156202","9156479","44","136856268"
"chr1","146026162","146026454","chrX","137946355","137946647","41","8079807"
"chr1","146026887","146027194","chr3","106655459","106655766","41","39371428"
"chr1","146029546","146029834","chr14","83739394","83739686","41","62290152"
"chr1","146044497","146044581","chr13","55446220","55446301","13","90598277"
"chr1","146045046","146045101","chr3","139442016","139442072","11","6603030"
"chr1","146051150","146051269","chr7","53668736","53668850","18","92382414"
"chr1","146051578","146051756","chr6","117854755","117854907","64","28196823"
"chr1","146132669","146132933","chr5","155565032","155565305","47","9432363"
"chr1","146159076","146159341","chr10","101732804","101733077","44","44426272"
"chr1","146206763","146207063","chr18","513811","514115","36","145692952"
"chr1","146270415","146270706","chr4","16350054","16350344","45","129920361"
"chr1","146277852","146278145","chr6","17068239","17068542","44","129209613"
"chr1","146287779","146288109","chr15","24667163","24667483","65","121620616"
"chr1","146304987","146305287","chr11","116364877","116365178","44","29940110"
"chr1","146333604","146333900","chr6","48174401","48174701","44","98159203"
"chr1","146368483","146368798","chr3","106655459","106655766","43","39713024"
"chr1","146380636","146380957","chr5","1152728","1153041","51","145227908"
"chr1","146384220","146384489","chr15","74081389","74081666","45","72302831"
"chr1","146391286","146391518","chr1","156301354","156301587","37","9910068"
"chr1","146411789","146411919","chr2","6359353","6359480","16","140052436"
"chr1","146411946","146412118","chr17","34108233","34108402","31","112303713"
"chr1","146450410","146450454","chr20","11638990","11639034","11","134811420"
"chr1","146500257","146500343","chr16","19314818","19314903","13","127185439"
"chr1","146509201","146509508","chr9","95060973","95061282","44","51448228"
"chr1","146671988","146672252","chr20","27310803","27311075","39","119361185"
"chr1","146766890","146767202","chr2","94274126","94274432","50","52492764"
"chr1","146777661","146777992","chr9","101796262","101796572","58","44981399"
"chr1","146795406","146795703","chr9","45396887","45397186","43","101398519"
"chr1","146815061","146815343","chr3","166297349","166297632","32","19482288"
"chr1","146816484","146816819","chr5","10790397","10790737","63","136026087"
"chr1","146844504","146844809","chr14","96991347","96991655","47","49853157"
"chr1","146862344","146862650","chr15","24683449","24683755","45","122178895"
"chr1","146880610","146880895","chr20","27529242","27529530","37","119351368"
"chr1","146890716","146890943","chr1","193956231","193956461","45","47065515"
"chr1","146912654","146912844","chr7","123363514","123363698","37","23549140"
"chr1","146916490","146916799","chr4","168156555","168156848","60","21240065"
"chr1","146935580","146935882","chr1","168595556","168595859","36","21659976"
"chr1","146978261","146978527","chr5","155565032","155565305","46","8586771"
"chr1","147044185","147044314","chr18","861433","861553","24","146182752"
"chr1","147049734","147050026","chr12","102758810","102759101","44","44290924"
"chr1","147087278","147087574","chr12","100785810","100786105","43","46301468"
"chr1","147116739","147116993","chr1","175000063","175000324","44","27883324"
"chr1","147144010","147144314","chr2","8013908","8014211","51","139130102"
"chr1","147170580","147170880","chr3","177773552","177773857","45","30602972"
"chr1","147188241","147188544","chr17","40821489","40821793","45","106366752"
"chr1","147222088","147222376","chrX","17746090","17746376","45","129475998"
"chr1","147272919","147273177","chr22","35878506","35878763","43","111394413"
"chr1","147290085","147290384","chr6","43666330","43666629","63","103623755"
"chr1","147365199","147365322","chr15","24738581","24738706","15","122626618"
"chr1","147368881","147369183","chr18","2122641","2122933","42","145246240"
"chr1","147413905","147414189","chr3","80959478","80959762","46","66454427"
"chr1","147524354","147524643","chr5","26967484","26967769","44","120556870"
"chr1","147530898","147531210","chr1","201369278","201369591","37","53838380"
"chr1","147548967","147549276","chr6","17068239","17068542","38","130480728"
"chr1","147704690","147704988","chr1","39193873","39194170","42","108510817"
"chr1","147840234","147840542","chr5","38171978","38172283","46","109668256"
"chr1","147842444","147842748","chr7","47617416","47617717","49","100225028"
"chr1","147892483","147892547","chr2","11265080","11265150","12","136627403"
"chr1","147922908","147923227","chr1","82669756","82670065","44","65253152"
"chr1","147956742","147957038","chr7","67018368","67018662","33","80938374"
"chr1","147998598","147998901","chr10","126070729","126071027","42","21927869"
"chr1","148028014","148028301","chr12","26112515","26112796","60","121915499"
"chr1","148034437","148034615","chr7","60177337","60177510","39","87857100"
"chr1","148067608","148067914","chr22","28997304","28997607","41","119070304"
"chr1","148074972","148075273","chr1","138049116","138049416","46","10025856"
"chr1","148077275","148077570","chr4","167399917","167400204","53","19322642"
"chr1","148114920","148115194","chr5","155565032","155565305","46","7450112"
"chr1","148154760","148155067","chr13","18393383","18393690","34","129761377"
"chr1","148183098","148183408","chr4","168156555","168156848","61","19973457"
"chr1","148223875","148224182","chr9","95060973","95061282","44","53162902"
"chr1","148233067","148233153","chr16","19314818","19314903","13","128918249"
"chr1","148368728","148369020","chr19","30886156","30886448","41","117482572"
"chr1","148382188","148382420","chr2","8715368","8715600","39","139666820"
"chr1","148403014","148403129","chr3","73774761","73774870","45","74628253"
"chr1","148403238","148403492","chr1","13737389","13737622","61","134665849"
"chr1","148417070","148417375","chr1","91158514","91158822","51","57258556"
"chr1","148427148","148427448","chr5","110918761","110919060","48","37508387"
"chr1","148472448","148472743","chr6","48174401","48174701","41","100298047"
"chr1","148527640","148527955","chr3","106655459","106655766","44","41872181"
"chr1","148583624","148583881","chr7","46045826","46046087","46","102537798"
"chr1","148610006","148610271","chr10","101732804","101733077","44","46877202"
"chr1","148657502","148657802","chr18","513811","514115","36","148143691"
"chr1","148721198","148721489","chr4","16350054","16350344","45","132371144"
"chr1","148728635","148728928","chr6","17068239","17068542","44","131660396"
"chr1","148738562","148738892","chr15","24667163","24667483","65","124071399"
"chr1","148755770","148756070","chr11","116364877","116365178","45","32390893"
"chr1","148811874","148812175","chr20","42344201","42344495","45","106467673"
"chr1","148848387","148848692","chr16","51641934","51642237","45","97206453"
"chr1","148849687","148849984","chr5","106897987","106898285","31","41951700"
"chr1","148865086","148865388","chr2","14620852","14621158","37","134244234"
"chr1","148890472","148890776","chr2","31372053","31372354","41","117518419"
"chr1","148914346","148914635","chr4","16350054","16350344","33","132564292"
"chr1","148928169","148928479","chr13","58808680","58808991","40","90119489"
"chr1","148969705","148970005","chr2","59389250","59389550","37","89580455"
"chr1","148978469","148978597","chr18","861433","861553","19","148117036"
"chr1","149070076","149070345","chr5","155565032","155565305","44","6494956"
"chr1","149122695","149122739","chr20","11638990","11639034","11","137483705"
"chr1","149160725","149160879","chr1","199296013","199296162","29","50135288"
"chr1","149160923","149161045","chr4","47420766","47420885","17","101740157"
"chr1","149201808","149202118","chr13","58808680","58808991","40","90393128"
"chr1","149215650","149215939","chr4","16350054","16350344","33","132865596"
"chr1","149239497","149239799","chr2","31372053","31372354","40","117867444"
"chr1","149264882","149265188","chr2","14620852","14621158","33","134644030"
"chr1","149280277","149280574","chr5","106897987","106898285","31","42382290"
"chr1","149281569","149281874","chr16","51641934","51642237","45","97639635"
"chr1","149318062","149318363","chr20","42344201","42344495","45","106973861"
"chr1","149412899","149413207","chr18","513811","514115","40","148899088"
"chr1","149460970","149461234","chr10","101732804","101733077","46","47728166"
"chr1","149481502","149481743","chr7","54130077","54130316","45","95351425"
"chr1","149559792","149560107","chr3","106655459","106655766","44","42904333"
"chr1","149594403","149594696","chr6","48174401","48174701","43","101420002"
"chr1","149637049","149637182","chr15","67791836","67791959","44","81845213"
"chr1","149637280","149637556","chr1","90294210","90294476","65","59343070"
"chr1","149657568","149657872","chr1","91158514","91158822","51","58499054"
"chr1","149667611","149667913","chr15","27110344","27110643","45","122557267"
"chr1","149690830","149690960","chr5","74477520","74477649","16","75213310"
"chr1","149697915","149698170","chr15","17150309","17150567","41","132547606"
"chr1","149699234","149699528","chr19","24203448","24203737","39","125495786"
"chr1","149707656","149707968","chr5","114232117","114232428","47","35475539"
"chr1","149718418","149718721","chr20","12454753","12455058","42","137263665"
"chr1","149768622","149768923","chr2","18780256","18780558","46","130988366"
"chr1","149796916","149797212","chr22","28383777","28384071","42","121413139"
"chr1","149824193","149824484","chr9","106891453","106891749","39","42932740"
"chr1","149869358","149869660","chr8","108764374","108764677","42","41104984"
"chr1","149889625","149889724","chr2","6818922","6819023","10","143070703"
"chr1","149897501","149897837","chr2","10546719","10547041","61","139350782"
"chr1","149919568","149919743","chr19","781258","781429","30","149138310"
"chr1","149920040","149920175","chr13","11692454","11692589","14","138227586"
"chr1","149938179","149938481","chr5","60529593","60529894","43","89408586"
"chr1","149958940","149959249","chr6","17068239","17068542","39","132890701"
"chr1","149964394","149964530","chr18","3922548","3922683","16","146041846"
"chr1","149985126","149985430","chr2","10406818","10407122","41","139578308"
"chr1","149995298","149995605","chr4","82226247","82226558","39","67769051"
"chr1","150000194","150000501","chr14","79148123","79148432","47","70852071"
"chr1","150000697","150000980","chr4","34845790","34846071","37","115154907"
"chr1","150004278","150004568","chr2","56700759","56701042","40","93303519"
"chr1","150015282","150015567","chr4","147076387","147076688","51","2938895"
"chr1","150020254","150020557","chr5","94234310","94234606","37","55785944"
"chr1","150024767","150025077","chr3","106655459","106655766","36","43369308"
"chr1","150038376","150038686","chr22","40503125","40503432","46","109535251"
"chr1","150044204","150044497","chr1","178591743","178592033","42","28547539"
"chr1","150045095","150045393","chr1","13954469","13954768","43","136090626"
"chr1","150071505","150071805","chrX","107273049","107273349","38","42798456"
"chr1","150088469","150088778","chr4","167498559","167498869","54","17410090"
"chr1","150097440","150097742","chr5","124212426","124212733","39","25885014"
"chr1","150114206","150114484","chr2","10593959","10594242","43","139520247"
"chr1","150118411","150118705","chr10","20827679","20827973","35","129290732"
"chr1","150124538","150124858","chr2","66976947","66977265","53","83147591"
"chr1","150129546","150129852","chr10","47337774","47338089","43","102791772"
"chr1","150139884","150140203","chr18","4105250","4105558","40","146034634"
"chr1","150143309","150143603","chr11","124429251","124429550","39","25714058"
"chr1","150147562","150147850","chr5","2532160","2532447","37","147615402"
"chr1","150158405","150158697","chr11","43485145","43485437","40","106673260"
"chr1","150176057","150176349","chr5","143023404","143023700","38","7152653"
"chr1","150185239","150185531","chr18","5141985","5142278","39","145043254"
"chr1","150185745","150186007","chr10","16974737","16975008","52","133211008"
"chr1","150189381","150189675","chr4","16350054","16350344","44","133839327"
"chr1","150192640","150192938","chr18","4163430","4163728","40","146029210"
"chr1","150195635","150195929","chr18","4165822","4166119","39","146029813"
"chr1","150201016","150201325","chr16","25492826","25493133","50","124708190"
"chr1","150203905","150204198","chr12","98246373","98246670","53","51957532"
"chr1","150204218","150204524","chr22","33981676","33981980","42","116222542"
"chr1","150216370","150216673","chr15","24683449","24683755","49","125532921"
"chr1","150225388","150225691","chr1","143071638","143071945","42","7153750"
"chr1","150275855","150276169","chr18","4253198","4253508","42","146022657"
"chr1","150277216","150277527","chr12","112769436","112769743","43","37507780"
"chr1","150287318","150287619","chr7","44282663","44282962","42","106004655"
"chr1","150289335","150289619","chr9","115637925","115638221","48","34651410"
"chr1","150298934","150299161","chr15","31993657","31993884","39","118305277"
"chr1","150300061","150300353","chr13","100242598","100242888","34","50057463"
"chr1","150305597","150305836","chr7","86905300","86905537","35","63400297"
"chr1","150308550","150308847","chr5","126079965","126080261","42","24228585"
"chr1","150317602","150317890","chr2","50163373","50163660","48","100154229"
"chr1","150323365","150323644","chr6","149299474","149299765","51","1023891"
"chr1","150327057","150327365","chr2","63925527","63925835","42","86401530"
"chr1","150329762","150330059","chr1","15931085","15931383","39","134398677"
"chr1","150369770","150370081","chr3","106655459","106655766","43","43714311"
"chr1","150373012","150373312","chr2","60819266","60819572","31","89553746"
"chr1","150394585","150394880","chr7","56944191","56944490","51","93450394"
"chr1","150398556","150398842","chrUn_GL286397","35383","35669","43","150363173"
"chr1","150406417","150406698","chr2","12639326","12639613","48","137767091"
"chr1","150411844","150412134","chr14","36994514","36994806","45","113417330"
"chr1","150420544","150420840","chr9","53455731","53456029","41","96964813"
"chr1","150427191","150427502","chr11","20691935","20692246","40","129735256"
"chr1","150434534","150434843","chr21","36515805","36516115","44","113918729"
"chr1","150436621","150436919","chr5","94234310","94234606","40","56202311"
"chr1","150448161","150448468","chr1","138704511","138704815","44","11743650"
"chr1","150456942","150457235","chr5","52498828","52499124","41","97958114"
"chr1","150458629","150458942","chr7","145693234","145693534","55","4765395"
"chr1","150478666","150478795","chrX","4156108","4156243","22","146322558"
"chr1","150479076","150479262","chr5","131703068","131703238","41","18776008"
"chr1","150481499","150481824","chr1","201369278","201369591","55","50887779"
"chr1","150492891","150493168","chr15","49783308","49783587","46","100709583"
"chr1","150494084","150494391","chr22","28997304","28997607","40","121496780"
"chr1","150494458","150494743","chr19","24203448","24203737","32","126291010"
"chr1","150500314","150500602","chr18","4477902","4478188","47","146022412"
"chr1","150514696","150514988","chr1","184817871","184818171","51","34303175"
"chr1","150581707","150582008","chr15","49359997","49360293","47","101221710"
"chr1","150610967","150611279","chr7","148985140","148985448","42","1625827"
"chr1","150618994","150619285","chr7","13017719","13018023","48","137601275"
"chr1","150621267","150621572","chr2","31372053","31372354","39","119249214"
"chr1","150636223","150636344","chr13","54047549","54047676","17","96588674"
"chr1","150651035","150651333","chr5","94234310","94234606","38","56416725"
"chr1","150651368","150651664","chr18","4641197","4641492","39","146010171"
"chr1","150679823","150679949","chr15","17737589","17737713","18","132942234"
"chr1","150685433","150685741","chr18","4669655","4669962","37","146015778"
"chr1","150689659","150689938","chr22","32224724","32225003","48","118464935"
"chr1","150691014","150691153","chr7","56002444","56002584","19","94688570"
"chr1","150695124","150695436","chr15","3609834","3610142","41","147085290"
"chr1","150704762","150705044","chr12","11789686","11789970","39","138915076"
"chr1","150707655","150707947","chr14","5921690","5921981","35","144785965"
"chr1","150734359","150734665","chr18","4717074","4717383","37","146017285"
"chr1","150739429","150739662","chr10","42730640","42730885","59","108008789"
"chr1","150739696","150739727","chr10","17789322","17789342","12","132950374"
"chr1","150775695","150775822","chr5","61792270","61792399","34","88983425"
"chr1","150776136","150776283","chr1","79729473","79729618","27","71046663"
"chr1","150793610","150793901","chr5","138005279","138005569","36","12788331"
"chr1","150801125","150801418","chr18","4774374","4774686","47","146026751"
"chr1","150821647","150821992","chr5","158739281","158739596","70","7917634"
"chr1","150824444","150824752","chrX","127290140","127290448","40","23534304"
"chr1","150824856","150825159","chr2","129057586","129057890","41","21767270"
"chr1","150830077","150830381","chr4","40012501","40012789","52","110817576"
"chr1","150839959","150840263","chr22","33925235","33925530","40","116914724"
"chr1","150845319","150845619","chr18","4819870","4820164","44","146025449"
"chr1","150860216","150860514","chr3","152941248","152941549","35","2081032"
"chr1","150885581","150885848","chr3","123520044","123520313","46","27365537"
"chr1","150895330","150895646","chr17","70937992","70938299","54","79957338"
"chr1","150910631","150910798","chrX","106480049","106480214","23","44430582"
"chr1","150911104","150911247","chr7","94914850","94914984","20","55996254"
"chr1","150918954","150919232","chr1","15624742","15625015","39","135294212"
"chr1","150923595","150923683","chr3","83359020","83359101","25","67564575"
"chr1","150923941","150924109","chr1","84092964","84093133","48","66830977"
"chr1","150929360","150929681","chr18","9863619","9863928","55","141065741"
"chr1","150948730","150949018","chr12","14388541","14388831","45","136560189"
"chr1","150955807","150956106","chr1","193266464","193266759","40","42310657"
"chr1","150961371","150961666","chr11","123371423","123371718","35","27589948"
"chr1","150975893","150976025","chr12","73266739","73266868","21","77709154"
"chr1","150987446","150987744","chr19","42079978","42080278","39","108907468"
"chr1","150990565","150990860","chrX","140946413","140946712","46","10044152"
"chr1","150992573","150992798","chr6","21391697","21391926","46","129600876"
"chr1","150996122","150996428","chr3","64986478","64986781","46","86009644"
"chr1","151004448","151004731","chr10","8026640","8026929","45","142977808"
"chr1","151010672","151010955","chr15","7230382","7230667","47","143780290"
"chr1","151053486","151053781","chr7","89217839","89218129","39","61835647"
"chr1","151074871","151075153","chr4","36006595","36006883","47","115068276"
"chr1","151078631","151078970","chr7","10569817","10570151","68","140508814"
"chr1","151080566","151080878","chr1","202849760","202850061","50","51769194"
"chr1","151081207","151081519","chr3","152941248","152941549","48","1860041"
"chr1","151108165","151108469","chr18","5083556","5083854","48","146024609"
"chr1","151109837","151110005","chr4","34157283","34157451","35","116952554"
"chr1","151110043","151110161","chr11","122103322","122103440","17","29006721"
"chr1","151111000","151111158","chrX","16015193","16015343","33","135095807"
"chr1","151123899","151124033","chr9","58349880","58350006","32","92774019"
"chr1","151167550","151167861","chr9","8886595","8886904","43","142280955"
"chr1","151168819","151168930","chr10","98753651","98753758","15","52415168"
"chr1","151183491","151183761","chr9","40913684","40913950","42","110269807"
"chr1","151186280","151186578","chr14","16678626","16678927","35","134507654"
"chr1","151199331","151199631","chr12","99758518","99758819","47","51440813"
"chr1","151201349","151201637","chr2","141442095","141442375","55","9759254"
"chr1","151205167","151205473","chr20","29549977","29550272","53","121655190"
"chr1","151206866","151207169","chr20","11819723","11820021","52","139387143"
"chr1","151214751","151215017","chr20","28262059","28262327","43","122952692"
"chr1","151219099","151219402","chr6","17068239","17068542","39","134150860"
"chr1","151227609","151227902","chr22","4577957","4578244","53","146649652"
"chr1","151230554","151230831","chrX","118749545","118749828","47","32481009"
"chr1","151239256","151239543","chr9","12502039","12502314","47","138737217"
"chr1","151251556","151251687","chr7","66605645","66605777","15","84645911"
"chr1","151280294","151280426","chr7","145162888","145163023","17","6117406"
"chr1","151280738","151280908","chr22","2626133","2626298","39","148654605"
"chr1","151285719","151286010","chr22","35530146","35530439","42","115755573"
"chr1","151304654","151304829","chr7","19466300","19466459","37","131838354"
"chr1","151305129","151305265","chr1","171773189","171773324","18","20468060"
"chr1","151323957","151324260","chr10","16033492","16033786","44","135290465"
"chr1","151332653","151332955","chr5","123871201","123871501","38","27461452"
"chr1","151337719","151338021","chr22","28997304","28997607","47","122340415"
"chr1","151338984","151339290","chr11","95741675","95741975","42","55597309"
"chr1","151350924","151351228","chr7","6894852","6895150","40","144456072"
"chr1","151352619","151352916","chr5","116115777","116116067","46","35236842"
"chr1","151353018","151353332","chr7","53651921","53652230","49","97701097"
"chr1","151353466","151353781","chr10","90431710","90432016","45","60921756"
"chr1","151356356","151356658","chr6","17068239","17068542","38","134288117"
"chr1","151359902","151360165","chrX","107074395","107074658","44","44285507"
"chr1","151361328","151361633","chr20","3586707","3587012","45","147774621"
"chr1","151367072","151367403","chr19","21847813","21848125","66","129519259"
"chr1","151367850","151367966","chr1","110504083","110504200","19","40863767"
"chr1","151434027","151434325","chr5","38614488","38614784","43","112819539"
"chr1","151435494","151435793","chr10","16033492","16033786","39","135402002"
"chr1","151437474","151437762","chr1","181618034","181618324","44","30180560"
"chr1","151445240","151445579","chrX","34517534","34517872","53","116927706"
"chr1","151450923","151451133","chr5","10791120","10791311","46","140659803"
"chr1","151466479","151466765","chr15","45493172","45493455","50","105973307"
"chr1","151467762","151467832","chr6","76604838","76604910","11","74862924"
"chr1","151477795","151478079","chr1","40046052","40046333","41","111431743"
"chr1","151482557","151482792","chr3","1067892","1068127","37","150414665"
"chr1","151483101","151483182","chr14","71097369","71097443","16","80385732"
"chr1","151488970","151489279","chr13","84459624","84459931","38","67029346"
"chr1","151509660","151509903","chr2","16423174","16423417","46","135086486"
"chr1","151525115","151525412","chr18","5527226","5527519","45","145997889"
"chr1","151544317","151544596","chr4","37824304","37824582","35","113720013"
"chr1","151550340","151550644","chr4","21834214","21834512","43","129716126"
"chr1","151576633","151576922","chr5","91053328","91053616","46","60523305"
"chr1","151590387","151590699","chr7","30482621","30482927","45","121107766"
"chr1","151603402","151603710","chr11","63112901","63113208","37","88490501"
"chr1","151605195","151605491","chr6","17068239","17068542","49","134536956"
"chr1","151625225","151625532","chr1","137129532","137129843","42","14495693"
"chr1","151625555","151625801","chr11","32759698","32759945","46","118865857"
"chr1","151625802","151626147","chr1","179037278","179037621","81","27411476"
"chr1","151649881","151650187","chr5","107592159","107592460","50","44057722"
"chr1","151682753","151683050","chr18","5701860","5702159","37","145980893"
"chr1","151696642","151696949","chr10","74914655","74914957","41","76781987"
"chr1","151723414","151723720","chr5","94234310","94234606","41","57489104"
"chr1","151733871","151734143","chr10","101732804","101733077","40","50001067"
"chr1","151735461","151735745","chr4","14908055","14908338","50","136827406"
"chr1","151782181","151782460","chr18","5800068","5800334","39","145982113"
"chr1","151842468","151842780","chr7","27825392","27825700","42","124017076"
"chr1","151848937","151849238","chr1","168595556","168595859","47","16746619"
"chr1","151893089","151893399","chr9","95060973","95061282","49","56832116"
"chr1","151902712","151903007","chr6","43666330","43666629","47","108236382"
"chr1","151911210","151911498","chr7","59073261","59073550","39","92837949"
"chr1","151922004","151922307","chr2","72192841","72193137","43","79729163"
"chr1","151927329","151927631","chr9","109143507","109143803","53","42783822"
"chr1","151929438","151929736","chr3","110529432","110529736","61","41400006"
"chr1","151931473","151931772","chr4","156698023","156698319","43","4766550"
"chr1","152030341","152030649","chr9","94222646","94222952","42","57807695"
"chr1","152047044","152047339","chr2","38899352","38899646","45","113147692"
"chr1","152048955","152049261","chr2","11877098","11877404","42","140171857"
"chr1","152122863","152123158","chr1","182969072","182969372","41","30846209"
"chr1","152429568","152429870","chr10","127954939","127955242","45","24474629"
"chr1","152494040","152494352","chr6","139371267","139371576","47","13122773"
"chr1","152636226","152636530","chr9","100817932","100818230","57","51818294"
"chr1","152813640","152813928","chr18","6085925","6086217","44","146727715"
"chr1","152816517","152816833","chrX","107903336","107903640","47","44913181"
"chr1","152879211","152879520","chr9","99935150","99935455","46","52944061"
"chr1","152944188","152944490","chr12","100785810","100786105","47","52158378"
"chr1","152964133","152964438","chr9","93766565","93766871","40","59197568"
"chr1","152992280","152992591","chr18","7097222","7097523","74","145895058"
"chr1","153275290","153275566","chr12","12830190","12830456","59","140445100"
"chr1","153435772","153436064","chr9","84109498","84109792","41","69326274"
"chr1","153448614","153448926","chrX","15478140","15478450","53","137970474"
"chr1","153450370","153450522","chr9","100751399","100751543","38","52698971"
"chr1","153450553","153450671","chr6","134795845","134795964","14","18654708"
"chr1","153481553","153481842","chr3","143331648","143331939","41","10149905"
"chr1","153510495","153510820","chr12","27257719","27258031","51","126252776"
"chr1","153524885","153525186","chr5","94234310","94234606","45","59290575"
"chr1","153560600","153560912","chr6","7892688","7892995","45","145667912"
"chr1","153593670","153593959","chr4","16350054","16350344","37","137243616"
"chr1","153594445","153594711","chr7","54565358","54565626","46","99029087"
"chr1","153602410","153602719","chr1","82669756","82670065","41","70932654"
"chr1","153603130","153603307","chr9","37378839","37379016","26","116224291"
"chr1","153632888","153633191","chr10","126696429","126696740","42","26936459"
"chr1","153652165","153652462","chr5","116508981","116509268","38","37143184"
"chr1","153653457","153653759","chrX","23750481","23750780","38","129902976"
"chr1","153705810","153706112","chr1","198610100","198610399","49","44904290"
"chr1","153711736","153712020","chr9","85621834","85622126","42","68089902"
"chr1","153720290","153720604","chr4","158989006","158989316","47","5268716"
"chr1","153755757","153756045","chr13","9838981","9839265","39","143916776"
"chr1","153785944","153786241","chr5","3156621","3156912","60","150629323"
"chr1","153810463","153810755","chr18","7749666","7749962","39","146060797"
"chr1","153811068","153811199","chr13","28207770","28207902","12","125603298"
"chr1","153816802","153817051","chr14","600590","600842","37","153216212"
"chr1","153829818","153830121","chr7","49632330","49632627","45","104197488"
"chr1","153831933","153832227","chr1","181618034","181618324","35","27786101"
"chr1","153835712","153836022","chr6","17068239","17068542","45","136767473"
"chr1","153836260","153836550","chr9","84109498","84109792","44","69726762"
"chr1","153839688","153839982","chr5","74809771","74810060","45","79029917"
"chr1","153846245","153846537","chr4","35645392","35645686","46","118200853"
"chr1","153850638","153850932","chr12","90411730","90412023","41","63438908"
"chr1","153859893","153860215","chr6","18703661","18703971","50","135156232"
"chr1","153864788","153865077","chrX","11722716","11723009","44","142142072"
"chr1","153871571","153871770","chr7","89916513","89916713","34","63955058"
"chr1","153872036","153872336","chr15","25321014","25321315","41","128551022"
"chr1","153877597","153877905","chr18","7824264","7824570","44","146053333"
"chr1","153894197","153894481","chr1","187320659","187320945","43","33426462"
"chr1","153906128","153906430","chr10","16033492","16033786","48","137872636"
"chr1","153924579","153924879","chr18","7871617","7871912","52","146052962"
"chr1","153938127","153938421","chr5","94234310","94234606","32","59703817"
"chr1","154013292","154013603","chrUn_GL286451","117883","118189","42","153895409"
"chr1","154013755","154014064","chr10","92874299","92874600","45","61139456"
"chr1","154016664","154016787","chr5","29799406","29799526","16","124217258"
"chr1","154016814","154016982","chr4","34157283","34157451","33","119859531"
"chr1","154028814","154029094","chr15","41758838","41759130","45","112269976"
"chr1","154037657","154037918","chr18","7994571","7994825","33","146043086"
"chr1","154041335","154041613","chr2","14578512","14578786","59","139462823"
"chr1","154043629","154043899","chr6","132833142","132833416","46","21210487"
"chr1","154064795","154065076","chr2","56700759","56701042","40","97364036"
"chr1","154078313","154078613","chr18","8022025","8022330","36","146056288"
"chr1","154080392","154080701","chr5","35735021","35735325","60","118345371"
"chr1","154080719","154081003","chr10","98086533","98086813","53","55994186"
"chr1","154084207","154084511","chr3","106655459","106655766","42","47428748"
"chr1","154092379","154092686","chr12","31281547","31281855","50","122810832"
"chr1","154105979","154106289","chr5","84871601","84871910","41","69234378"
"chr1","154107584","154107888","chr22","28997304","28997607","41","125110280"
"chr1","154123608","154123891","chr2","131563999","131564294","42","22559609"
"chr1","154131793","154132102","chr9","45396887","45397186","51","108734906"
"chr1","154140069","154140378","chr14","69766565","69766870","40","84373504"
"chr1","154142610","154142904","chr6","13168853","13169146","40","140973757"
"chr1","154150446","154150748","chr20","515212","515510","31","153635234"
"chr1","154173708","154173979","chr9","44537673","44537953","45","109636035"
"chr1","154189201","154189508","chr2","94274126","94274432","45","59915075"
"chr1","154214845","154215144","chr4","36522598","36522895","34","117692247"
"chr1","154217535","154217809","chr6","21505215","21505475","48","132712320"
"chr1","154227540","154227847","chr12","20572358","20572667","37","133655182"
"chr1","154235520","154235762","chr4","118695925","118696167","38","35539595"
"chr1","154238729","154239040","chr14","79148123","79148432","35","75090606"
"chr1","154250572","154250867","chr5","35735021","35735325","46","118515551"
"chr1","154277748","154278049","chr5","26961498","26961795","43","127316250"
"chr1","154278517","154278793","chr18","27825641","27825905","58","126452876"
"chr1","154280590","154280751","chr10","27469878","27470033","36","126810712"
"chr1","154281043","154281179","chr7","80185646","80185776","16","74095397"
"chr1","154301383","154301657","chr18","7796849","7797123","34","146504534"
"chr1","154303687","154303987","chr12","60625306","60625604","39","93678381"
"chr1","154304369","154304680","chr5","38171978","38172283","51","116132391"
"chr1","154307188","154307489","chr12","83078942","83079243","44","71228246"
"chr1","154311265","154311575","chr5","117918076","117918387","48","36393189"
"chr1","154315314","154315619","chr1","168595556","168595859","45","14280242"
"chr1","154357060","154357357","chr2","171020737","171021036","41","16663677"
"chr1","154360767","154361066","chr16","46737969","46738263","59","107622798"
"chr1","154365093","154365392","chr3","153217268","153217573","52","1147825"
"chr1","154369102","154369390","chr2","152265184","152265469","52","2103918"
"chr1","154384435","154384727","chr5","57988222","57988514","43","96396213"
"chr1","154387433","154387746","chr1","137129532","137129843","45","17257901"
"chr1","154390589","154390892","chr4","7829805","7830112","40","146560784"
"chr1","154397213","154397513","chr12","26112515","26112796","57","128284698"
"chr1","154411060","154411359","chr8","32738718","32739013","42","121672342"
"chr1","154420556","154420831","chr12","4286115","4286374","48","150134441"
"chr1","154435228","154435529","chr13","57414367","57414663","41","97020861"
"chr1","154457051","154457352","chr4","147076387","147076688","42","7380664"
"chr1","154483710","154484014","chr2","80721805","80722103","50","73761905"
"chr1","154488251","154488556","chr5","47854845","47855147","41","106633406"
"chr1","154514878","154515167","chr22","29295972","29296261","43","125218906"
"chr1","154522924","154523201","chr3","164936931","164937204","48","10414007"
"chr1","154535117","154535393","chr2","167384406","167384674","42","12849289"
"chr1","154593883","154594180","chr1","184817871","184818171","42","30223988"
"chr1","154608330","154608641","chr19","49479979","49480278","54","105128351"
"chr1","154625577","154625722","chr22","29058273","29058417","18","125567304"
"chr1","154626025","154626070","chr6","47396553","47396594","12","107229472"
"chr1","154648108","154648243","chr7","45968721","45968856","11","108679387"
"chr1","154648544","154648715","chr19","781258","781429","28","153867286"
"chr1","154668355","154668656","chr19","928887","929192","49","153739468"
"chr1","154691270","154691568","chr18","8653885","8654177","31","146037385"
"chr1","154770775","154771057","chr10","124125547","124125831","36","30645228"
"chr1","154798917","154799216","chr4","155847592","155847894","33","1048675"
"chr1","154827519","154827798","chr16","92089757","92090031","39","62737762"
"chr1","154853663","154853954","chr8","960667","960958","37","153892996"
"chr1","154854936","154855218","chr14","75602","75879","39","154779334"
"chr1","154887559","154887860","chr8","108764374","108764677","44","46123185"
"chr1","154893524","154893659","chr5","3959402","3959536","13","150934122"
"chr1","154899576","154899888","chr22","11507473","11507778","44","143392103"
"chr1","154902665","154902972","chr12","31281547","31281855","47","123621118"
"chr1","154907263","154907559","chr3","106655459","106655766","47","48251804"
"chr1","154915028","154915325","chr22","9673671","9673970","34","145241357"
"chr1","154915774","154916068","chr1","15931085","15931383","35","138984689"
"chr1","154917240","154917556","chr6","112846301","112846609","41","42070939"
"chr1","154920375","154920661","chr1","173322579","173322868","34","18402204"
"chr1","154931873","154931988","chr22","14303607","14303722","14","140628266"
"chr1","154934013","154934294","chr4","11116373","11116655","45","143817640"
"chr1","154977120","154977414","chr18","8956389","8956675","41","146020731"
"chr1","154979881","154980017","chr4","43236196","43236331","15","111743685"
"chr1","154980314","154980469","chr10","27469878","27470033","32","127510436"
"chr1","154985405","154985706","chr5","108405234","108405527","39","46580171"
"chr1","154995503","154995816","chr15","61611621","61611921","41","93383882"
"chr1","154996601","154996778","chr4","156579178","156579353","35","1582577"
"chr1","154997071","154997205","chr2","2261829","2261964","16","152735242"
"chr1","155020990","155021296","chr1","184817871","184818171","51","29796881"
"chr1","155046599","155046900","chr4","26335541","26335842","40","128711058"
"chr1","155068262","155068427","chr7","19466300","19466459","37","135601962"
"chr1","155068462","155068580","chr2","46994144","46994263","15","108074318"
"chr1","155090669","155090979","chr18","10830546","10830857","52","144260123"
"chr1","155097151","155097285","chr5","1338424","1338558","9","153758727"
"chr1","155097599","155097744","chr7","44320568","44320702","42","110777031"
"chr1","155100414","155100726","chr10","126696429","126696740","41","28403985"
"chr1","155104270","155104559","chr1","145176527","145176816","45","9927743"
"chr1","155105364","155105599","chr10","47157591","47157822","32","107947773"
"chr1","155106331","155106449","chr5","124538732","124538850","12","30567599"
"chr1","155106766","155106950","chr1","185459583","185459757","38","30352817"
"chr1","155112991","155113125","chr15","23758140","23758272","14","131354851"
"chr1","155113435","155113635","chr10","16776015","16776206","48","138337420"
"chr1","155115391","155115483","chr12","4054508","4054604","13","151060883"
"chr1","155119164","155119471","chr9","93766565","93766871","47","61352599"
"chr1","155140919","155141202","chr5","50782392","50782669","51","104358527"
"chr1","155147885","155148183","chr5","26961498","26961795","38","128186387"
"chr1","155152507","155152815","chr1","137129532","137129843","46","18022975"
"chr1","155164371","155164689","chr5","128080562","128080880","49","27083809"
"chr1","155171138","155171438","chr3","150073804","150074104","41","5097334"
"chr1","155225989","155226308","chrX","111613417","111613746","70","43612572"
"chr1","155229630","155229913","chrX","46083719","46084002","43","109145911"
"chr1","155239249","155239573","chr5","19163464","19163772","62","136075785"
"chr1","155249499","155249599","chr21","40517446","40517548","13","114732053"
"chr1","155249907","155250074","chr8","12461153","12461316","31","142788754"
"chr1","155270085","155270384","chr3","164779921","164780228","52","9509836"
"chr1","155302046","155302224","chr19","13498566","13498747","47","141803480"
"chr1","155302537","155302671","chr17","62936207","62936341","16","92366330"
"chr1","155314182","155314478","chr1","121251145","121251442","64","34063037"
"chr1","155351268","155351568","chr11","76131606","76131904","52","79219662"
"chr1","155372011","155372291","chr3","14997753","14998043","44","140374258"
"chr1","155381590","155381915","chr18","9403691","9404012","51","145977899"
"chr1","155381926","155382208","chrX","105924911","105925188","38","49457015"
"chr1","155385162","155385472","chr7","40960117","40960419","47","114425045"
"chr1","155386385","155386693","chr15","42794496","42794802","53","112591889"
"chr1","155389391","155389698","chrX","127832393","127832699","43","27556998"
"chr1","155391673","155391982","chr8","51118232","51118537","56","104273441"
"chr1","155405199","155405501","chr14","84427354","84427651","49","70977845"
"chr1","155416128","155416416","chr1","184817871","184818171","52","29401743"
"chr1","155424971","155425274","chr5","94234310","94234606","48","61190661"
"chr1","155426056","155426368","chrX","22706298","22706606","44","132719758"
"chr1","155429981","155430275","chr10","16033492","16033786","49","139396489"
"chr1","155434877","155435152","chr7","70755193","70755479","40","84679684"
"chr1","155437854","155438147","chr16","22196152","22196447","44","133241702"
"chr1","155454486","155454794","chr3","106655459","106655766","41","48799027"
"chr1","155461803","155462099","chr6","17068239","17068542","40","138393564"
"chr1","155472010","155472308","chr1","193131488","193131783","54","37659478"
"chr1","155475147","155475433","chr15","28802900","28803193","44","126672247"
"chr1","155490330","155490614","chr12","115669075","115669351","56","39821255"
"chr1","155512449","155512726","chr11","97658809","97659082","40","57853640"
"chr1","155526925","155527228","chr2","31372053","31372354","38","124154872"
"chr1","155530444","155530762","chr3","21055528","21055838","43","134474916"
"chr1","155538014","155538341","chr18","9570463","9570789","55","145967551"
"chr1","155545739","155545874","chr7","144987726","144987861","17","10558013"
"chr1","155545875","155546181","chr19","928887","929192","44","154616988"
"chr1","155546182","155546347","chrX","106480049","106480214","30","49066133"
"chr1","155555216","155555518","chr6","17068239","17068542","38","138486977"
"chr1","155579806","155580100","chr2","43981078","43981373","40","111598728"
"chr1","155598442","155598745","chr4","37809868","37810167","52","117788574"
"chr1","155603083","155603424","chr3","106655459","106655766","64","48947624"
"chr1","155621035","155621328","chr11","13198138","13198436","40","142422897"
"chr1","155653498","155653793","chr15","5688723","5689022","36","149964775"
"chr1","155662719","155662999","chr7","59174909","59175184","45","96487810"
"chr1","155668021","155668334","chr17","37986925","37987221","54","117681096"
"chr1","155683367","155683691","chr18","9863619","9863928","55","145819748"
"chr1","155708535","155708701","chrUn_GL286397","305059","305228","42","155403476"
"chr1","155709001","155709147","chr22","29058273","29058417","23","126650728"
"chr1","155723757","155724056","chr1","157959927","157960225","39","2236170"
"chr1","155738690","155738972","chr12","25816606","25816887","40","129922084"
"chr1","155739219","155739509","chr5","92860881","92861172","34","62878338"
"chr1","155755068","155755368","chr5","60529593","60529894","55","95225475"
"chr1","155763721","155764032","chr1","137129532","137129843","41","18634189"
"chr1","155766764","155767067","chr5","94532768","94533076","49","61233996"
"chr1","155770569","155770882","chr19","26753276","26753574","53","129017293"
"chr1","155779816","155780098","chr11","23439208","23439487","38","132340608"
"chr1","155780311","155780621","chr1","138049116","138049416","48","17731195"
"chr1","155781769","155782055","chr14","21093388","21093678","33","134688381"
"chr1","155785494","155785779","chr22","30202132","30202421","60","125583362"
"chr1","155787991","155788292","chr9","65758722","65759027","42","90029269"
"chr1","155797562","155797870","chr4","119549523","119549818","48","36248039"
"chr1","155800276","155800564","chr5","94234310","94234606","37","61565966"
"chr1","155812559","155812856","chr10","16169668","16169965","37","139642891"
"chr1","155814827","155815112","chr14","83433453","83433742","46","72381374"
"chr1","155819008","155819308","chr9","59150868","59151164","51","96668140"
"chr1","155819910","155820213","chr6","17068239","17068542","40","138751671"
"chr1","155832013","155832309","chr4","48790765","48791046","50","107041248"
"chr1","155839367","155839667","chr6","17068239","17068542","37","138771128"
"chr1","155858704","155858993","chr9","111649807","111650101","44","44208897"
"chr1","155863640","155863931","chr14","63899008","63899305","37","91964632"
"chr1","155867065","155867358","chr4","36646587","36646878","32","119220478"
"chr1","155875410","155875701","chr1","82463476","82463771","39","73411934"
"chr1","155885624","155885883","chr16","71796556","71796812","53","84089068"
"chr1","155894422","155894714","chr12","114130464","114130766","32","41763958"
"chr1","155905832","155906128","chr2","36243322","36243613","36","119662510"
"chr1","155955724","155956007","chr5","94234310","94234606","46","61721414"
"chr1","155956108","155956398","chr5","4626496","4626785","36","151329612"
"chr1","155959216","155959547","chr5","84727325","84727651","62","71231891"
"chr1","155984873","155985184","chr12","27257719","27258031","39","128727154"
"chr1","155987456","155987587","chr14","83343449","83343579","13","72644007"
"chr1","156003064","156003372","chr5","38171978","38172283","37","117831086"
"chr1","156007366","156007677","chr3","118779592","118779903","39","37227774"
"chr1","156018735","156019053","chr4","38206264","38206577","58","117812471"
"chr1","156021482","156021803","chr1","172873149","172873460","50","16851667"
"chr1","156027814","156028114","chr5","26961498","26961795","40","129066316"
"chr1","156038807","156039090","chr14","105224271","105224557","48","50814536"
"chr1","156062773","156063076","chr6","17068239","17068542","37","138994534"
"chr1","156071417","156071714","chr5","84826899","84827194","41","71244518"
"chr1","156107796","156108066","chr9","20968353","20968619","45","135139443"
"chr1","156116923","156117229","chr9","101017703","101018007","51","55099220"
"chr1","156121874","156122114","chr11","82251323","82251566","37","73870551"
"chr1","156142581","156142883","chr7","58066603","58066906","46","98075978"
"chr1","156145344","156145620","chr11","97658809","97659082","43","58486535"
"chr1","156151551","156151864","chr5","93732459","93732776","49","62419092"
"chr1","156163440","156163749","chr7","45344118","45344429","39","110819322"
"chr1","156166210","156166342","chr9","15979242","15979372","18","140186968"
"chr1","156190416","156190720","chr9","41786898","41787194","46","114403518"
"chr1","156216110","156216416","chr5","60529593","60529894","41","95686517"
"chr1","156217444","156217748","chrX","23750481","23750780","42","132466963"
"chr1","156225849","156226152","chrX","17633918","17634220","43","138591931"
"chr1","156262090","156262171","chr18","22419935","22420016","12","133842155"
"chr1","156286842","156287133","chr5","56304718","56305012","38","99982124"
"chr1","156298310","156298611","chr5","26961498","26961795","38","129336812"
"chr1","156313062","156313363","chr11","113182289","113182593","50","43130773"
"chr1","156321592","156321865","chr17","63995118","63995389","45","92326474"
"chr1","156347970","156348281","chr2","15966839","15967139","46","140381131"
"chr1","156353798","156353988","chr8","55602683","55602872","30","100751115"
"chr1","156368529","156368842","chr6","17068239","17068542","48","139300290"
"chr1","156375730","156376044","chr7","13017719","13018023","63","143358011"
"chr1","156404638","156404929","chr10","46916961","46917259","34","109487677"
"chr1","156445463","156445784","chrX","51938318","51938628","50","104507145"
"chr1","156469253","156469557","chr18","10525741","10526044","37","145943512"
"chr1","156501904","156502213","chr1","10143237","10143538","54","146358667"
"chr1","156516432","156516748","chr13","18393383","18393690","45","138123049"
"chr1","156518318","156518611","chrUn_GL286253","70610","70903","37","156447708"
"chr1","156519460","156519768","chr9","101796262","101796572","44","54723198"
"chr1","156529501","156529637","chr2","133539304","133539438","14","22990197"
"chr1","156532105","156532407","chr7","31684964","31685265","38","124847141"
"chr1","156554777","156555067","chr14","83739394","83739686","43","72815383"
"chr1","156561174","156561466","chr12","79135553","79135852","35","77425621"
"chr1","156577173","156577463","chr7","49632330","49632627","44","106944843"
"chr1","156579092","156579386","chr2","66805774","66806063","42","89773318"
"chr1","156590218","156590431","chr10","60346736","60346952","30","96243482"
"chr1","156604985","156605295","chr3","106655459","106655766","45","49949526"
"chr1","156613634","156613946","chr13","23412477","23412783","44","133201157"
"chr1","156621103","156621402","chr7","41072320","41072621","44","115548783"
"chr1","156630036","156630356","chr20","23402338","23402648","61","133227698"
"chr1","156631766","156632080","chr6","17068239","17068542","47","139563527"
"chr1","156634018","156634329","chr1","142141574","142141900","61","14492444"
"chr1","156650669","156650955","chr18","10720957","10721249","40","145929712"
"chr1","156685855","156686154","chr1","98572733","98573027","40","58113122"
"chr1","156686161","156686473","chr2","64097965","64098258","45","92588196"
"chr1","156686839","156687151","chr7","58166645","58166955","48","98520194"
"chr1","156688580","156688883","chr16","22208388","22208684","48","134480192"
"chr1","156696041","156696203","chr4","34157283","34157451","22","122538758"
"chr1","156696500","156696617","chr1","165363326","165363444","21","8666826"
"chr1","156701857","156702170","chrX","30043039","30043339","60","126658818"
"chr1","156715943","156716230","chr18","10785404","10785681","37","145930539"
"chr1","156719748","156720048","chr13","60772663","60772959","61","95947085"
"chr1","156736086","156736363","chr18","10805602","10805881","46","145930484"
"chr1","156762262","156762460","chr2","72515499","72515672","61","84246763"
"chr1","156780046","156780353","chr1","194886027","194886340","43","38105981"
"chr1","156787823","156788133","chr10","8101520","8101824","55","148686303"
"chr1","156788660","156788965","chr1","164311115","164311418","44","7522455"
"chr1","156850535","156850855","chr7","145367752","145368069","50","11482783"
"chr1","156918087","156918397","chr1","184817871","184818171","41","27899784"
"chr1","156919454","156919753","chr18","10995489","10995785","36","145923965"
"chr1","156928564","156928870","chr7","13017719","13018023","45","143910845"
"chr1","156985433","156985723","chr12","63521099","63521384","32","93464334"
"chr1","157055225","157055514","chr7","42343780","42344070","35","114711445"
"chr1","157058540","157058844","chr6","44165230","44165536","38","112893310"
"chr1","157066763","157067073","chr3","108570361","108570666","46","48496402"
"chr1","157079504","157079799","chr13","114718297","114718592","39","42361207"
"chr1","157080065","157080359","chr9","1932661","1932946","43","155147404"
"chr1","157098102","157098395","chr5","94234310","94234606","34","62863792"
"chr1","157110417","157110704","chr5","65031296","65031585","45","92079121"
"chr1","157506751","157507065","chr7","9093350","9093661","51","148413401"
"chr1","157594900","157595199","chr10","126070729","126071027","39","31524171"
"chr1","157748137","157748423","chr20","3647517","3647789","58","154100620"
"chr1","157836979","157837242","chr18","11774912","11775153","51","146062067"
"chr1","157927535","157927819","chr14","4755988","4756272","38","153171547"
"chr1","157963462","157963769","chr18","39712282","39712591","46","118251180"
"chr1","157976100","157976334","chr1","66921388","66921619","42","91054712"
"chr1","158004663","158004956","chr13","86429548","86429846","42","71575115"
"chr1","158017411","158017718","chr15","20913964","20914267","39","137103447"
"chr1","158032761","158033070","chr1","168595556","168595859","38","10562795"
"chr1","158109676","158109970","chr18","12009257","12009549","46","146100419"
"chr1","158121177","158121481","chr3","106655459","106655766","40","51465718"
"chr1","158134537","158134850","chr21","35849518","35849828","43","122285019"
"chr1","158168875","158169161","chr11","109804060","109804353","56","48364815"
"chr1","158273384","158273690","chr2","13941060","13941364","41","144332324"
"chr1","158542336","158542630","chr17","37986925","37987221","42","120555411"
"chr1","158672815","158673133","chr1","185167919","185168230","61","26495104"
"chr1","158693572","158693691","chr10","5461587","5461706","19","153231985"
"chr1","158693729","158693891","chr8","12461153","12461316","39","146232576"
"chr1","158879309","158879379","chr17","73194043","73194117","15","85685266"
"chr1","159004424","159004703","chr8","12403455","12403734","47","146600969"
"chr1","159011100","159011397","chr9","115637925","115638221","42","43373175"
"chr1","159058072","159058366","chr21","40446927","40447225","40","118611145"
"chr1","159094415","159094723","chr6","17068239","17068542","42","142026176"
"chr1","159137375","159137678","chr20","23337174","23337477","34","135800201"
"chr1","159165001","159165286","chr4","41546974","41547260","44","117618027"
"chr1","159251716","159252014","chr5","1654339","1654635","46","157597377"
"chr1","159285905","159286187","chr9","44537673","44537953","45","114748232"
"chr1","159764186","159764500","chr22","10553012","10553326","51","149211174"
"chr1","159816269","159816562","chr14","39054710","39055003","32","120761559"
"chr1","159817033","159817340","chr15","20913964","20914267","38","138903069"
"chr1","159886073","159886354","chr4","33510327","33510605","39","126375746"
"chr1","159904208","159904520","chr18","13463726","13464032","54","146440482"
"chr1","159916989","159917077","chr13","44829219","44829302","15","115087770"
"chr1","159988813","159989092","chr15","20770296","20770585","41","139218517"
"chr1","160015207","160015497","chr9","84968584","84968874","40","75046623"
"chr1","160047752","160048040","chr17","69931558","69931839","49","90116194"
"chr1","160145232","160145536","chr9","103532999","103533309","47","56612233"
"chr1","160154089","160154383","chr18","13730453","13730724","48","146423636"
"chr1","160165988","160166289","chr10","77477064","77477359","45","82688924"
"chr1","160170580","160170884","chr8","107471536","107471835","42","52699044"
"chr1","160196466","160196775","chr7","35375276","35375583","41","124821190"
"chr1","160235143","160235418","chr7","10824329","10824605","41","149410814"
"chr1","160235741","160236038","chr6","147894727","147895020","35","12341014"
"chr1","160263342","160263646","chr2","7736700","7736996","51","152526642"
"chr1","160287048","160287338","chr9","84968584","84968874","41","75318464"
"chr1","160302891","160303202","chr20","28636143","28636428","62","131666748"
"chr1","160320328","160320632","chr18","13904359","13904669","37","146415969"
"chr1","160321506","160321791","chr7","58160492","58160776","45","102161014"
"chr1","160329831","160330112","chr19","6867541","6867823","41","153462290"
"chr1","160345653","160345966","chr13","63985086","63985395","53","96360567"
"chr1","160347632","160347913","chr19","4188463","4188738","38","156159169"
"chr1","160378540","160378842","chr3","177773552","177773857","46","17395012"
"chr1","160380137","160380448","chrUn_GL286451","117883","118189","41","160262254"
"chr1","160380593","160380893","chr1","168595556","168595859","36","8214963"
"chr1","160381570","160381873","chr6","141824298","141824598","41","18557272"
"chr1","160393255","160393539","chr18","13970429","13970707","34","146422826"
"chr1","160448321","160448618","chr5","60529593","60529894","37","99918728"
"chr1","160452893","160453181","chr5","2532160","2532447","32","157920733"
"chr1","160485045","160485351","chr8","107362312","107362609","44","53122733"
"chr1","160568610","160568899","chr1","189468811","189469090","48","28900201"
"chr1","160712462","160712764","chr18","14279332","14279631","37","146433130"
"chr1","160716980","160717285","chr1","84074904","84075213","50","76642076"
"chr1","160747398","160747708","chr4","89994430","89994716","57","70752968"
"chr1","160754930","160755224","chr11","43485145","43485437","37","117269785"
"chr1","160828466","160828782","chr22","33981676","33981980","46","126846790"
"chr1","160852268","160852557","chr5","38995156","38995434","41","121857112"
"chr1","160859924","160860214","chr5","80700303","80700590","44","80159621"
"chr1","160863325","160863619","chr5","41521574","41521864","46","119341751"
"chr1","160864699","160865001","chr22","28997304","28997607","35","131867395"
"chr1","160873606","160873736","chr7","74506681","74506813","19","86366925"
"chr1","160876968","160877254","chr12","82381807","82382098","43","78495161"
"chr1","160882861","160883167","chr18","14452950","14453258","47","146429911"
"chr1","160889977","160890277","chr2","18360128","18360420","48","142529849"
"chr1","160891457","160891532","chr2","132655053","132655130","9","28236404"
"chr1","160916103","160916405","chr10","74928334","74928624","47","85987769"
"chr1","160945353","160945446","chr1","180878830","180878920","14","19933477"
"chr1","160959463","160959754","chr4","16350054","16350344","37","144609409"
"chr1","160977254","160977553","chr5","124264788","124265092","58","36712466"
"chr1","160978239","160978552","chr2","94274126","94274432","46","66704113"
"chr1","160984003","160984294","chr11","123660063","123660343","47","37323940"
"chr1","160990851","160991147","chr1","82468827","82469129","42","78522024"
"chr1","160993905","160994077","chr5","110878827","110878990","41","50115078"
"chr1","160994387","160994521","chr14","65544687","65544821","11","95449700"
"chr1","161004278","161004560","chr13","101326777","101327058","47","59677501"
"chr1","161004879","161005162","chr7","6721352","6721636","44","154283527"
"chr1","161005453","161005672","chr22","5506627","5506840","34","155498826"
"chr1","161009686","161009950","chrX","62174671","62174945","56","98835015"
"chr1","161011042","161011332","chr5","87938443","87938732","44","73072599"
"chr1","161014658","161014793","chr4","8753868","8754005","12","152260790"
"chr1","161015409","161015605","chr7","85958195","85958373","45","75057214"
"chr1","161016056","161016194","chr4","26022910","26023045","15","134993146"
"chr1","161016508","161016669","chr12","12681729","12681887","29","148334779"
"chr1","161028633","161028889","chr12","62255290","62255544","44","98773343"
"chr1","161030684","161030994","chr1","137129532","137129843","32","23901152"
"chr1","161040981","161041285","chr5","2298333","2298635","31","158742648"
"chr1","161050296","161050608","chr2","94274126","94274432","40","66776170"
"chr1","161058344","161058654","chr19","25591314","25591622","37","135467030"
"chr1","161062447","161062746","chr2","9018638","9018935","41","152043809"
"chr1","161065071","161065275","chr22","6225239","6225442","30","154839832"
"chr1","161065915","161066164","chr2","59368786","59369038","40","101697129"
"chr1","161095514","161095821","chr13","9808601","9808897","49","151286913"
"chr1","161107533","161107831","chr18","14627661","14627958","31","146479872"
"chr1","161109714","161109821","chr9","114528475","114528582","15","46581239"
"chr1","161110082","161110381","chr18","14631294","14631593","39","146478788"
"chr1","161116245","161116521","chrX","52014464","52014749","41","109101781"
"chr1","161137661","161137954","chr18","5141985","5142278","39","155995676"
"chr1","161140160","161140450","chr15","33247474","33247763","37","127892686"
"chr1","161152444","161152736","chr19","4837928","4838225","50","156314516"
"chr1","161168659","161168963","chr18","14696421","14696719","32","146472238"
"chr1","161207485","161207755","chr5","126747837","126748108","48","34459648"
"chr1","161211367","161211679","chr1","137129532","137129843","42","24081835"
"chr1","161221639","161221966","chr9","54475594","54475917","55","106746045"
"chr1","161238594","161238893","chr18","14768991","14769288","39","146469603"
"chr1","161244426","161244733","chr15","62836485","62836818","75","98407941"
"chr1","161247184","161247490","chr19","4520386","4520688","47","156726798"
"chr1","161263258","161263537","chrX","107864085","107864361","39","53399173"
"chr1","161263900","161264212","chr22","33981676","33981980","43","127282224"
"chr1","161268545","161268848","chr22","33981676","33981980","43","127286869"
"chr1","161301723","161302037","chr7","144982540","144982842","47","16319183"
"chr1","161312737","161313026","chr18","4154574","4154859","42","157158163"
"chr1","161319434","161319745","chr12","112769436","112769743","45","48549998"
"chr1","161348152","161348458","chr3","177773552","177773857","43","16425400"
"chr1","161354718","161355004","chr8","17980486","17980769","44","143374232"
"chr1","161356930","161357225","chrX","86580996","86581293","49","74775934"
"chr1","161360831","161361076","chr17","74612855","74613103","33","86747976"
"chr1","161372099","161372399","chr15","34431057","34431360","42","126941042"
"chr1","161375404","161375701","chr10","16033492","16033786","42","145341912"
"chr1","161384114","161384379","chr22","27309991","27310258","38","134074123"
"chr1","161391715","161392017","chr10","59511118","59511416","54","101880597"
"chr1","161411067","161411130","chr11","117966385","117966456","13","43444682"
"chr1","161415664","161415975","chr21","40584762","40585072","47","120830902"
"chr1","161416174","161416486","chr5","94532768","94533076","43","66883406"
"chr1","161417114","161417397","chr5","4408628","4408899","46","157008486"
"chr1","161418309","161418616","chr14","46372540","46372849","34","115045769"
"chr1","161534761","161535087","chr1","183250340","183250667","54","21715579"
"chr1","161535663","161535924","chr9","107321008","107321282","49","54214655"
"chr1","161575129","161575407","chr4","58039848","58040130","40","103535281"
"chr1","161577304","161577597","chr11","15686953","15687243","34","145890351"
"chr1","161577773","161578067","chr18","15161506","15161797","35","146416267"
"chr1","161584749","161585039","chr7","12587592","12587853","60","148997157"
"chr1","161587485","161587793","chr15","25321014","25321315","45","136266471"
"chr1","161614707","161615033","chr1","183250340","183250667","54","21635633"
"chr1","161615612","161615873","chr9","107321008","107321282","47","54294604"
"chr1","161656969","161657247","chr4","58039848","58040130","40","103617121"
"chr1","161659144","161659437","chr11","15686953","15687243","34","145972191"
"chr1","161659613","161659907","chr18","15161506","15161797","35","146498107"
"chr1","161666553","161666843","chr7","12587592","12587853","60","149078961"
"chr1","161669289","161669569","chr10","128279702","128279982","38","33389587"
"chr1","161700877","161701187","chr21","38427933","38428243","42","123272944"
"chr1","161757751","161757933","chr3","165836825","165837009","24","4079074"
"chr1","161779745","161780036","chr18","15281460","15281759","31","146498285"
"chr1","161798332","161798598","chr7","19441114","19441384","35","142357218"
"chr1","161807866","161808178","chr7","45344118","45344429","41","116463748"
"chr1","161878117","161878414","chr13","12060053","12060349","47","149818064"
"chr1","161887071","161887379","chr5","97635281","97635587","46","64251790"
"chr1","161894957","161895257","chr18","8503340","8503640","48","153391617"
"chr1","161896134","161896396","chr8","103326535","103326798","48","58569599"
"chr1","161930891","161931173","chr18","15447147","15447414","40","146483744"
"chr1","161991453","161991738","chr4","108747172","108747456","37","53244281"
"chr1","162020515","162020810","chr22","43014695","43015008","49","119005820"
"chr1","162066922","162067262","chr3","21104959","21105285","58","140961963"
"chr1","162076584","162076748","chr6","14303599","14303767","19","147772985"
"chr1","162121236","162121418","chr5","44350433","44350627","36","117770803"
"chr1","162123237","162123467","chr5","44769776","44770013","34","117353461"
"chr1","162153128","162153428","chr1","191777789","191778086","49","29624661"
"chr1","162217268","162217564","chr18","5141985","5142278","31","157075283"
"chr1","162264816","162265114","chr6","39589289","39589584","45","122675527"
"chr1","162394728","162395048","chr18","15920478","15920786","46","146474250"
"chr1","162414004","162414306","chr1","164311115","164311418","42","1897111"
"chr1","162418569","162418861","chr18","25212489","25212780","40","137206080"
"chr1","162430471","162430762","chr19","28092505","28092800","49","134337966"
"chr1","162431764","162432069","chr4","71892953","71893250","44","90538811"
"chr1","162434449","162434717","chr11","97658809","97659082","44","64775640"
"chr1","162461790","162462091","chr6","17068239","17068542","43","145393551"
"chr1","162462618","162462944","chr12","18833173","18833494","50","143629445"
"chr1","162476296","162476603","chr1","168595556","168595859","44","6119260"
"chr1","162504776","162505074","chr10","16033492","16033786","38","146471284"
"chr1","162508135","162508411","chr19","5095615","5095894","53","157412520"
"chr1","162508435","162508714","chr19","43797153","43797433","48","118711282"
"chr1","162509662","162509944","chr2","80644634","80644911","33","81865028"
"chr1","162518415","162518698","chr18","27703983","27704268","50","134814432"
"chr1","162532572","162532849","chr4","34845790","34846071","44","127686782"
"chr1","162533489","162533771","chr4","104457272","104457564","55","58076217"
"chr1","162533838","162534117","chr10","55468220","55468492","52","107065618"
"chr1","162538063","162538357","chr20","27822433","27822727","41","134715630"
"chr1","162566631","162566927","chr10","6199016","6199311","34","156367615"
"chr1","162567790","162568095","chr18","25296652","25296950","50","137271138"
"chr1","162573683","162573981","chr5","23380593","23380893","46","139193090"
"chr1","162579856","162580166","chr9","11967801","11968108","38","150612055"
"chr1","162584982","162585189","chr20","21540308","21540499","44","141044674"
"chr1","162589695","162589990","chr5","136750937","136751240","44","25838758"
"chr1","162595840","162596152","chr3","106655459","106655766","35","55940381"
"chr1","162608499","162608810","chr6","17068239","17068542","45","145540260"
"chr1","162650314","162650626","chr1","12491044","12491347","43","150159270"
"chr1","162689723","162690028","chr9","2215139","2215442","47","160474584"
"chr1","162695233","162695530","chr7","15853091","15853389","41","146842142"
"chr1","162739320","162739606","chr2","67250902","67251188","42","95488418"
"chr1","162787905","162788259","chr5","10790397","10790737","70","151997508"
"chr1","162827317","162827623","chr10","14603732","14604030","57","148223585"
"chr1","163008114","163008398","chr4","34845790","34846071","47","128162324"
"chr1","163008437","163008448","chr5","92524075","92524085","2","70484362"
"chr1","163081857","163082141","chr11","15919850","15920134","44","147162007"
"chr1","163096295","163096478","chr3","46923942","46924121","37","116172353"
"chr1","163221216","163221488","chr16","92089757","92090031","47","71131459"
"chr1","163418752","163419035","chr1","189468811","189469090","41","26050059"
"chr1","163840326","163840608","chrX","68962815","68963097","47","94877511"
"chr1","163882933","163883204","chr11","97658809","97659082","40","66224124"
"chr1","163910252","163910395","chr1","99278484","99278627","16","64631768"
"chr1","163910641","163910801","chrX","108352935","108353103","36","55557706"
"chr1","164309191","164309500","chr22","33981676","33981980","45","130327515"
"chr1","164401334","164401640","chr3","106655459","106655766","36","57745875"
"chr1","164411788","164412089","chr2","183662984","183663286","37","19251196"
"chr1","164449785","164449918","chr7","30159076","30159208","15","134290709"
"chr1","164523806","164523923","chr22","41367404","41367523","15","123156402"
"chr1","164523953","164524125","chr19","781258","781429","34","163742695"
"chr1","164538254","164538561","chr7","143607383","143607691","43","20930871"
"chr1","164539580","164539874","chr2","18360128","18360420","47","146179452"
"chr1","164569596","164569857","chr6","135180773","135181034","49","29388823"
"chr1","164571919","164572206","chr18","41356292","41356575","44","123215627"
"chr1","164580283","164580580","chr10","46916961","46917259","31","117663322"
"chr1","164591012","164591311","chr1","98572733","98573027","34","66018279"
"chr1","164665274","164665586","chr22","28997304","28997607","48","135667970"
"chr1","164751034","164751332","chr12","79143458","79143759","32","85607576"
"chr1","164826393","164826704","chr14","46372540","46372849","40","118453853"
"chr1","164853922","164854205","chr10","59839766","59840054","49","105014156"
"chr1","164870362","164870643","chr17","69931558","69931839","36","94938804"
"chr1","164874486","164874792","chr6","17068239","17068542","45","147806247"
"chr1","164877381","164877674","chr4","40611184","40611470","43","124266197"
"chr1","164913902","164914223","chr1","181979628","181979948","53","17065726"
"chr1","164934009","164934321","chrX","47176701","47177007","46","117757308"
"chr1","165125379","165125679","chr3","181768830","181769124","43","16643451"
"chr1","165165926","165166222","chr10","16033492","16033786","44","149132434"
"chr1","165174032","165174147","chr5","133716690","133716807","16","31457342"
"chr1","165227258","165227542","chr4","12681660","12681942","46","152545598"
"chr1","165251084","165251381","chr3","53287845","53288140","35","111963239"
"chr1","165294682","165294978","chr3","19707105","19707399","32","145587577"
"chr1","165399337","165399634","chr5","26961498","26961795","45","138437839"
"chr1","165417822","165418140","chr5","140883167","140883472","53","24534655"
"chr1","165470989","165471306","chr10","117803656","117803958","62","47667333"
"chr1","165488967","165489262","chr11","123371423","123371718","37","42117544"
"chr1","165505492","165505801","chr6","17068239","17068542","47","148437253"
"chr1","165603508","165603798","chr8","105134875","105135167","44","60468633"
"chr1","165621900","165622199","chr18","40304574","40304864","40","125317326"
"chr1","165625391","165625693","chr5","2239871","2240172","41","163385520"
"chr1","165638503","165638809","chr5","94234310","94234606","46","71404193"
"chr1","165644750","165645060","chr6","21189464","21189769","43","144455286"
"chr1","165687706","165688016","chr5","150153039","150153350","39","15534667"
"chr1","165694675","165694984","chr6","112846301","112846609","38","52848374"
"chr1","165735512","165735812","chr6","17068239","17068542","39","148667273"
"chr1","165738042","165738316","chr6","31709696","31709966","48","134028346"
"chr1","165746980","165747293","chr4","87172393","87172702","47","78574587"
"chr1","165750788","165751095","chr20","31903262","31903563","40","133847526"
"chr1","165771987","165772296","chr13","97340307","97340616","41","68431680"
"chr1","165774153","165774455","chr22","28997304","28997607","37","136776849"
"chr1","165816589","165816885","chr11","62590101","62590389","49","103226488"
"chr1","165839945","165840218","chr9","44537673","44537953","45","121302272"
"chr1","165848351","165848641","chrX","39866052","39866340","44","125982299"
"chr1","165870827","165871115","chr5","2532160","2532447","35","163338667"
"chr1","165880890","165881205","chr19","25591314","25591622","47","140289576"
"chr1","165951526","165951821","chr5","140968757","140969050","36","24982769"
"chr1","165952147","165952450","chr9","14632502","14632808","47","151319645"
"chr1","165957372","165957669","chr18","39981533","39981824","33","125975839"
"chr1","165959304","165959620","chr18","39979598","39979908","51","125979706"
"chr1","165990295","165990591","chr5","94234310","94234606","38","71755985"
"chr1","166021179","166021503","chr18","39941593","39941899","59","126079586"
"chr1","166053979","166054275","chr5","38614488","38614784","38","127439491"
"chr1","166130982","166131280","chr13","95665824","95666115","40","70465158"
"chr1","166306299","166306469","chr6","45375084","45375248","27","120931215"
"chr1","166377071","166377187","chr2","13193728","13193848","21","153183343"
"chr1","166603526","166603837","chr10","56081359","56081668","45","110522167"
"chr1","166619148","166619459","chr5","64309139","64309447","41","102310009"
"chr1","166659592","166659893","chr5","128460117","128460412","53","38199475"
"chr1","166676059","166676275","chr20","20939892","20940105","33","145736167"
"chr1","166690940","166690994","chr10","79210228","79210273","14","87480712"
"chr1","166714693","166715000","chr6","106862679","106862987","43","59852014"
"chr1","166728159","166728457","chr14","83739394","83739686","34","82988765"
"chr1","166735309","166735613","chr7","6894852","6895150","54","159840457"
"chr1","166825045","166825346","chr12","115383799","115384092","39","51441246"
"chr1","166828041","166828340","chr20","22923582","22923882","38","143904459"
"chr1","166867586","166867875","chr18","39351324","39351623","43","127516262"
"chr1","167057917","167058206","chrX","17543907","17544194","40","149514010"
"chr1","167143301","167143616","chr7","54586977","54587300","55","112556324"
"chr1","167159276","167159574","chr15","83010481","83010777","43","84148795"
"chr1","167160990","167161295","chr20","22923582","22923882","37","144237408"
"chr1","167204573","167204870","chr6","147894727","147895020","35","19309846"
"chr1","167224823","167225127","chr6","17068239","17068542","41","150156584"
"chr1","167237774","167238081","chrX","60134051","60134357","44","107103723"
"chr1","167251849","167252153","chr10","89879053","89879335","54","77372796"
"chr1","167261680","167261984","chr4","110072542","110072840","42","57189138"
"chr1","167312238","167312528","chr5","84813121","84813406","53","82499117"
"chr1","167340420","167340726","chr19","43463036","43463348","53","123877384"
"chr1","167381604","167381909","chr5","134608851","134609157","40","32772753"
"chr1","167397564","167397844","chr18","38830796","38831084","34","128566768"
"chr1","167399664","167399968","chr10","60509625","60509936","50","106890039"
"chr1","167444931","167445225","chr6","147894727","147895020","35","19550204"
"chr1","167469029","167469246","chr1","170325060","170325269","37","2856031"
"chr1","167547640","167547930","chr18","38688009","38688304","26","128859631"
"chr1","167573756","167573900","chr1","78736037","78736176","26","88837719"
"chr1","167574206","167574341","chr2","2261829","2261964","13","165312377"
"chr1","167615777","167616088","chr13","18393383","18393690","41","149222394"
"chr1","167658414","167658730","chr3","119208858","119209170","48","48449556"
"chr1","167682173","167682467","chr14","37265042","37265338","35","130417131"
"chr1","167701320","167701605","chr13","52270839","52271130","35","115430481"
"chr1","167702499","167702819","chr8","106281938","106282251","53","61420561"
"chr1","167709385","167709682","chr18","29127518","29127823","48","138581867"
"chr1","167725303","167725478","chr12","1341661","1341832","45","166383642"
"chr1","167725784","167725913","chr1","172218988","172219121","18","4493204"
"chr1","167731153","167731435","chr19","5095615","5095894","49","162635538"
"chr1","167741331","167741624","chr10","16033492","16033786","44","151707839"
"chr1","167751389","167751695","chr3","106655459","106655766","36","61095930"
"chr1","167753999","167754297","chr7","127042977","127043277","43","40711022"
"chr1","167757868","167758170","chr6","119365724","119366021","43","48392144"
"chr1","167796567","167796885","chr3","106655459","106655766","47","61141108"
"chr1","167798014","167798314","chr3","123910184","123910483","34","43887830"
"chr1","167801281","167801577","chr11","123389101","123389396","54","44412180"
"chr1","167807076","167807375","chr18","38474307","38474594","52","129332769"
"chr1","167817087","167817361","chr5","84726667","84726945","41","83090420"
"chr1","167824039","167824335","chr18","38458877","38459174","34","129365162"
"chr1","167828680","167828969","chr4","16350054","16350344","32","151478626"
"chr1","167833464","167833763","chr22","1192535","1192835","37","166640929"
"chr1","167835607","167835902","chr18","38446834","38447137","35","129388773"
"chr1","167882203","167882507","chr22","29825053","29825352","36","138057150"
"chr1","167883037","167883337","chr7","6894852","6895150","37","160988185"
"chr1","167893431","167893719","chr12","32375878","32376166","51","135517553"
"chr1","167897220","167897505","chr9","113874562","113874835","59","54022658"
"chr1","167939481","167939758","chr10","101732804","101733077","39","66206677"
"chr1","167951293","167951595","chrX","16692831","16693132","42","151258462"
"chr1","167963426","167963726","chr5","25902148","25902449","48","142061278"
"chr1","167967749","167968030","chr8","117922753","117923033","42","50044996"
"chr1","167969765","167970077","chr18","38315500","38315804","44","129654265"
"chr1","168058563","168058869","chr14","46372540","46372849","40","121686023"
"chr1","168095853","168096160","chr5","134608851","134609157","46","33487002"
"chr1","168141066","168141361","chr4","6898633","6898927","44","161242433"
"chr1","168167417","168167749","chr1","129549542","129549867","69","38617875"
"chr1","168186214","168186523","chr17","69075766","69076065","46","99110448"
"chr1","168204059","168204379","chr2","60819266","60819572","43","107384793"
"chr1","168241203","168241492","chr9","103614099","103614393","54","64627104"
"chr1","168249250","168249535","chr9","1932661","1932946","31","166316589"
"chr1","168272307","168272606","chr4","36522598","36522895","36","131749709"
"chr1","168432726","168433030","chrUn_GL288400","4717","5009","45","168428009"
"chr1","168444250","168444559","chr3","106655459","106655766","40","61788791"
"chr1","168617381","168617677","chr22","38371936","38372229","49","130245445"
"chr1","168648136","168648444","chr12","14407561","14407869","50","154240575"
"chr1","168702613","168702910","chr10","22559240","22559536","40","146143373"
"chr1","168798125","168798146","chr10","17789322","17789342","7","151008803"
"chr1","168798177","168798457","chr22","39569038","39569316","42","129229139"
"chr1","168911739","168911998","chr3","164416344","164416606","35","4495395"
"chr1","168989210","168989505","chrX","112012488","112012785","44","56976722"
"chr1","169022234","169022548","chr1","137843186","137843499","51","31179048"
"chr1","169025829","169025909","chr2","172037559","172037641","12","3011730"
"chr1","169028569","169028841","chr10","101732804","101733077","36","67295765"
"chr1","169071499","169071789","chr6","117795787","117796072","67","51275712"
"chr1","169072467","169072814","chr4","34141149","34141483","73","134931318"
"chr1","169074440","169074736","chr4","26335541","26335842","47","142738899"
"chr1","169170634","169170930","chr12","51636008","51636300","58","117534626"
"chr1","169266786","169267091","chrX","124361919","124362215","42","44904867"
"chr1","169296974","169297273","chr10","16033492","16033786","40","153263482"
"chr1","169307739","169308036","chr3","182415044","182415341","39","13107305"
"chr1","169315253","169315565","chr22","17132549","17132858","43","152182704"
"chr1","169323836","169324154","chr6","7892688","7892995","49","161431148"
"chr1","169361938","169362220","chr10","10973408","10973688","41","158388530"
"chr1","169396272","169396539","chrX","22332396","22332662","39","147063876"
"chr1","169419298","169419440","chr12","31083657","31083797","18","138335641"
"chr1","169473233","169473545","chr1","141439713","141440021","48","28033520"
"chr1","169476437","169476724","chr7","76089413","76089698","47","93387024"
"chr1","169487692","169487931","chr18","36983027","36983262","38","132504665"
"chr1","169580389","169580670","chr17","8612490","8612777","48","160967899"
"chr1","169610515","169610779","chr17","17051820","17052085","45","152558695"
"chr1","169624473","169624767","chr22","17195235","17195526","42","152429238"
"chr1","169626301","169626556","chr22","17022728","17022985","41","152603573"
"chr1","169627895","169628195","chr4","26335541","26335842","47","143292354"
"chr1","169778451","169778637","chr6","59361717","59361896","38","110416734"
"chr1","169778638","169778934","chr9","101959983","101960281","37","67818655"
"chr1","169778935","169779068","chr10","15838990","15839119","14","153939945"
"chr1","169799552","169799852","chr18","36677530","36677830","38","133122022"
"chr1","169812576","169812870","chr14","83739394","83739686","40","86073182"
"chr1","169957617","169957926","chr9","112070728","112071030","44","57886889"
"chr1","170021435","170021739","chr1","168595556","168595859","41","1425879"
"chr1","170028324","170028636","chrX","51938318","51938628","48","118090006"
"chr1","170082691","170082993","chr14","16678626","16678927","39","153404065"
"chr1","170187737","170188014","chr8","90399720","90399996","47","79788017"
"chr1","170208749","170209047","chr6","130906435","130906726","48","39302314"
"chr1","170299899","170300189","chr7","57796291","57796585","52","112503608"
"chr1","170484450","170484743","chr1","134559355","134559646","46","35925095"
"chr1","170488707","170488833","chr4","66217912","66218040","16","104270795"
"chr1","170684471","170684767","chr9","65621114","65621411","39","105063357"
"chr1","170830036","170830328","chr10","46916961","46917259","42","123913075"
"chr1","170976466","170976653","chr10","94523661","94523848","28","76452805"
"chr1","171005071","171005370","chr15","66783083","66783377","55","104221988"
"chr1","171026270","171026572","chr22","41060009","41060309","42","129966261"
"chr1","171173962","171174256","chr6","13168853","13169146","38","158005109"
"chr1","171193777","171194079","chr12","79143458","79143759","38","92050319"
"chr1","171254096","171254388","chr3","45658377","45658667","39","125595719"
"chr1","171315015","171315310","chr18","35282600","35282887","41","136032415"
"chr1","171322571","171322851","chr15","21275845","21276125","38","150046726"
"chr1","171323382","171323678","chr10","126287645","126287938","40","45035737"
"chr1","171343462","171343760","chr1","102238250","102238553","39","69105212"
"chr1","171385991","171386303","chr11","108574603","108574909","44","62811388"
"chr1","171393228","171393538","chrX","46153481","46153779","44","125239747"
"chr1","171407205","171407466","chr4","153251075","153251339","46","18156130"
"chr1","171412719","171413006","chr14","36994514","36994806","53","134418205"
"chr1","171415035","171415332","chr3","153217268","153217573","49","18197767"
"chr1","171433178","171433501","chr21","40584762","40585072","48","130848416"
"chr1","171454235","171454546","chr12","51930100","51930406","42","119524135"
"chr1","171478382","171478692","chr5","4793924","4794233","46","166684458"
"chr1","171492739","171493049","chrX","92316634","92316949","42","79176105"
"chr1","171502741","171503021","chr7","103732296","103732579","44","67770445"
"chr1","171506077","171506196","chr9","111395848","111395966","16","60110229"
"chr1","171523754","171524047","chr22","4577957","4578244","32","166945797"
"chr1","171546594","171546917","chr18","35111927","35112218","63","136434667"
"chr1","171547634","171547951","chr7","58614178","58614486","51","112933456"
"chr1","171615936","171616218","chrUn_GL288700","6268","6551","35","171609668"
"chr1","171631570","171631874","chr7","58013256","58013557","45","113618314"
"chr1","171639670","171639973","chr18","9863619","9863928","55","161776051"
"chr1","171647898","171648204","chr16","19592451","19592765","41","152055447"
"chr1","171682634","171682916","chr8","11501957","11502233","62","160180677"
"chr1","171686519","171686825","chr1","168595556","168595859","46","3090963"
"chr1","171708018","171708354","chr18","34964701","34965051","56","136743317"
"chr1","171725316","171725434","chr9","114485233","114485346","26","57240083"
"chr1","171735890","171736186","chr10","16033492","16033786","36","155702398"
"chr1","171744849","171745118","chr18","34917548","34917817","36","136827301"
"chr1","171770285","171770582","chr3","84743220","84743519","38","87027065"
"chr1","171772670","171772975","chr12","48263346","48263644","48","123509324"
"chr1","171779590","171779902","chr12","27257719","27258031","46","144521871"
"chr1","171807042","171807352","chr1","168595556","168595859","41","3211486"
"chr1","171814204","171814499","chr22","33925235","33925530","40","137888969"
"chr1","171833940","171834238","chr9","65621114","65621411","42","106212826"
"chr1","171838420","171838726","chr10","101816662","101816963","46","70021758"
"chr1","171894123","171894257","chr3","258844","258974","16","171635279"
"chr1","171909159","171909455","chr20","27500147","27500445","46","144409012"
"chr1","171936075","171936374","chr7","149873242","149873540","51","22062833"
"chr1","172106159","172106412","chr8","110461208","110461464","45","61644951"
"chr1","172415525","172415829","chr19","16569886","16570185","38","155845639"
"chr1","172601208","172601514","chr12","100785810","100786105","55","71815398"
"chr1","172612330","172612607","chr10","10973408","10973688","41","161638922"
"chr1","172613691","172613982","chr13","15397870","15398167","39","157215821"
"chr1","172641855","172642156","chr1","194633565","194633866","41","21991710"
"chr1","172740386","172740693","chr22","28997304","28997607","43","143743082"
"chr1","172839697","172839816","chr1","172800750","172800866","16","38947"
"chr1","172839862","172840025","chrUn_GL286397","305059","305228","42","172534803"
"chr1","172958876","172959182","chr5","38614488","38614784","40","134344388"
"chr1","173002683","173002973","chr7","79703571","79703866","50","93299112"
"chr1","173088769","173089049","chr14","18936862","18937136","41","154151907"
"chr1","173239749","173240055","chr5","134608851","134609157","48","38630898"
"chr1","173404635","173404931","chr15","61219971","61220268","38","112184664"
"chr1","173462167","173462482","chr6","119827925","119828231","45","53634242"
"chr1","173519867","173520133","chr15","92354884","92355150","54","81164983"
"chr1","173523091","173523401","chr1","137129532","137129843","37","36393559"
"chr1","173537313","173537566","chr9","106988297","106988550","44","66549016"
"chr1","173614812","173615118","chr2","62697446","62697757","56","110917366"
"chr1","173630568","173630845","chr9","36147217","36147502","44","137483351"
"chr1","173658042","173658352","chr7","45344118","45344429","44","128313924"
"chr1","173735937","173736253","chr7","13017719","13018023","47","160718218"
"chr1","173745160","173745462","chr21","35849518","35849828","53","137895642"
"chr1","173750484","173750859","chr3","142624099","142624450","100","31126385"
"chr1","173790488","173790780","chr15","61219971","61220268","44","112570517"
"chr1","173799850","173800159","chr1","168595556","168595859","45","5204294"
"chr1","173834709","173834724","chr20","2556641","2556654","5","171278068"
"chr1","173834799","173835071","chr1","144871896","144872170","46","28962903"
"chr1","173845740","173845872","chr5","64638251","64638379","12","109207489"
"chr1","173849252","173849548","chr15","5688723","5689022","37","168160529"
"chr1","173855106","173855401","chr6","17068239","17068542","37","156786867"
"chr1","173858583","173858882","chr5","94234310","94234606","36","79624273"
"chr1","173864937","173865210","chr10","103221998","103222281","53","70642939"
"chr1","173872726","173873021","chr5","38614488","38614784","36","135258238"
"chr1","173913493","173913574","chr8","112199337","112199417","14","61714156"
"chr1","173913873","173914090","chr10","17322075","17322297","43","156591798"
"chr1","173915394","173915705","chr22","28997304","28997607","41","144918090"
"chr1","173919609","173919890","chr15","37619139","37619418","41","136300470"
"chr1","173930510","173930824","chr1","82669756","82670065","46","91260754"
"chr1","173939270","173939555","chr2","64644868","64645158","50","109294402"
"chr1","173958261","173958564","chr5","92511557","92511857","39","81446704"
"chr1","173990949","173991238","chr1","172257719","172258009","46","1733230"
"chr1","173992150","173992447","chr5","92897843","92898143","38","81094307"
"chr1","173994111","173994412","chr9","99776089","99776389","47","74218022"
"chr1","174009557","174009846","chr10","8026640","8026929","39","165982917"
"chr1","174038845","174038969","chr16","77000001","77000126","15","97038844"
"chr1","174042407","174042709","chr18","32933022","32933320","39","141109385"
"chr1","174054964","174055256","chr6","117785921","117786212","53","56269043"
"chr1","174059237","174059537","chr5","94234310","94234606","36","79824927"
"chr1","174061899","174062221","chr20","29549977","29550272","57","144511922"
"chr1","174073121","174073420","chr22","29658722","29659023","41","144414399"
"chr1","174076296","174076599","chr6","17068239","17068542","40","157008057"
"chr1","174106618","174106900","chr16","61037602","61037878","43","113069016"
"chr1","174119950","174120231","chr1","175848280","175848568","46","1728330"
"chr1","174149943","174150233","chr11","67036150","67036441","31","107113793"
"chr1","174199295","174199591","chr10","55872616","55872911","45","118326679"
"chr1","174203939","174204250","chr18","32764918","32765209","45","141439021"
"chr1","174220385","174220694","chr18","32750810","32751120","38","141469575"
"chr1","174222855","174222987","chr6","139231067","139231202","14","34991788"
"chr1","174223294","174223462","chr8","23965333","23965497","31","150257961"
"chr1","174224193","174224478","chr4","16350054","16350344","39","157874139"
"chr1","174232226","174232499","chr18","32739265","32739534","40","141492961"
"chr1","174245639","174245935","chr7","6894852","6895150","33","167350787"
"chr1","174251898","174252194","chr5","26961498","26961795","38","147290400"
"chr1","174255527","174255824","chr7","31853604","31853897","41","142401923"
"chr1","174287494","174287792","chr4","137141192","137141483","49","37146302"
"chr1","174305385","174305685","chr3","84743220","84743519","47","89562165"
"chr1","174328488","174328777","chr11","51323948","51324238","39","123004540"
"chr1","174332381","174332694","chr7","25839667","25839985","50","148492714"
"chr1","174339613","174339902","chr2","131582638","131582920","37","42756975"
"chr1","174375783","174376063","chr2","56700759","56701042","48","117675024"
"chr1","174418759","174419049","chr22","29295972","29296261","37","145122787"
"chr1","174440566","174440857","chr13","41048085","41048368","47","133392481"
"chr1","174457478","174457799","chr7","58166645","58166955","57","116290833"
"chr1","174466505","174466786","chrX","68962815","68963097","39","105503690"
"chr1","174534495","174534804","chr5","150153039","150153350","45","24381456"
"chr1","174604862","174605144","chr7","144915670","144915955","46","29689192"
"chr1","174662093","174662403","chr6","17068239","17068542","42","157593854"
"chr1","174662433","174662693","chr1","62560464","62560721","41","112101969"
"chr1","174685552","174685857","chr3","136273959","136274266","48","38411593"
"chr1","174690830","174691127","chr7","120171380","120171681","48","54519450"
"chr1","174730976","174731271","chr6","17068239","17068542","44","157662737"
"chr1","174742237","174742538","chrX","112877634","112877932","46","61864603"
"chr1","174748897","174749201","chr3","106655459","106655766","44","68093438"
"chr1","174759314","174759617","chr5","83113160","83113466","34","91646154"
"chr1","174790909","174791213","chr1","168595556","168595859","33","6195353"
"chr1","174793702","174793996","chr4","150068857","150069148","39","24724845"
"chr1","174806788","174807086","chr13","57414367","57414663","41","117392421"
"chr1","174814696","174814988","chr18","32242274","32242567","37","142572422"
"chr1","174823864","174824007","chr11","109899418","109899552","33","64924446"
"chr1","174824298","174824513","chr22","28463022","28463224","48","146361276"
"chr1","174852532","174852841","chr18","39712282","39712591","39","135140250"
"chr1","174854716","174855037","chr12","4240854","4241177","52","170613862"
"chr1","174862896","174863193","chr5","94234310","94234606","42","80628586"
"chr1","174881493","174881799","chr18","32130724","32131022","46","142750769"
"chr1","174886810","174887104","chr22","32423331","32423634","47","142463479"
"chr1","174887754","174888051","chr10","16033492","16033786","37","158854262"
"chr1","174888589","174888796","chr12","109546877","109547082","26","65341712"
"chr1","174894751","174895056","chr5","38171978","38172283","43","136722773"
"chr1","174900624","174900817","chr18","32111000","32111194","23","142789624"
"chr1","174906028","174906317","chr1","145176527","145176816","55","29729501"
"chr1","174912981","174913275","chr10","16033492","16033786","34","158879489"
"chr1","174923601","174923908","chr10","126696429","126696740","40","48227172"
"chr1","174939274","174939574","chr7","103331608","103331913","50","71607666"
"chr1","174943989","174944295","chr12","22817671","22817967","45","152126318"
"chr1","174952915","174953035","chr2","3070110","3070225","22","171882805"
"chr1","174961563","174961873","chr6","132767618","132767935","40","42193945"
"chr1","174962816","174963112","chr9","20122679","20122976","31","154840137"
"chr1","174967331","174967637","chr19","38640517","38640819","44","136326814"
"chr1","175001750","175002045","chr4","21814543","21814830","41","153187207"
"chr1","175035245","175035551","chr6","17068239","17068542","41","157967006"
"chr1","175047336","175047660","chr5","126792158","126792484","56","48255178"
"chr1","175075313","175075595","chr9","1932661","1932946","40","173142652"
"chr1","175110893","175111035","chr13","45935307","45935448","18","129175586"
"chr1","175111335","175111516","chr12","4348306","4348486","31","170763029"
"chr1","175112599","175112921","chr7","66105076","66105385","54","109007523"
"chr1","175156660","175156966","chr10","46768669","46768960","48","128387991"
"chr1","175224224","175224533","chr3","106655459","106655766","49","68568765"
"chr1","175283114","175283410","chr12","22817671","22817967","40","152465443"
"chr1","175284493","175284798","chr18","31727705","31728008","42","143556788"
"chr1","175336886","175337192","chr10","98627092","98627395","48","76709794"
"chr1","175347417","175347720","chr10","127954939","127955242","46","47392478"
"chr1","175359140","175359444","chr2","31372053","31372354","41","143987087"
"chr1","175722457","175722766","chr5","83113160","83113466","53","92609297"
"chr1","175723601","175723888","chr7","53446817","53447104","58","122276784"
"chr1","175767161","175767451","chr18","31260720","31261017","32","144506441"
"chr1","175976271","175976577","chr3","106655459","106655766","42","69320812"
"chr1","176018884","176019156","chrX","90546446","90546718","38","85472438"
"chr1","176028283","176028526","chr18","30970821","30971058","34","145057462"
"chr1","176041684","176041832","chr1","99278484","99278627","26","76763200"
"chr1","176042122","176042288","chrX","106480049","106480214","27","69562073"
"chr1","176042754","176043044","chr5","41521574","41521864","47","134521180"
"chr1","176065705","176066025","chr1","13783933","13784234","55","162281772"
"chr1","176073950","176074226","chr18","30930056","30930332","38","145143894"
"chr1","176152451","176152738","chrX","86629726","86630020","50","89522725"
"chr1","176173706","176174013","chr5","94532768","94533076","49","81640938"
"chr1","176178889","176178969","chr2","132655053","132655130","18","43523836"
"chr1","176179009","176179303","chr3","41933866","41934161","40","134245143"
"chr1","176210317","176210631","chr3","106655459","106655766","49","69554858"
"chr1","176210686","176210959","chrX","90546446","90546718","35","85664240"
"chr1","176226164","176226464","chr5","50685831","50686130","43","125540333"
"chr1","176266563","176266843","chr18","30749622","30749912","50","145516941"
"chr1","176266882","176267192","chr15","1415638","1415950","44","174851244"
"chr1","176271958","176272226","chr9","102546701","102546970","40","73725257"
"chr1","176327115","176327408","chr15","17954849","17955148","46","158372266"
"chr1","176350868","176351165","chr13","86345977","86346272","42","90004891"
"chr1","176481693","176482009","chr18","30567586","30567896","38","145914107"
"chr1","176731314","176731610","chr21","47549670","47549960","54","129181644"
"chr1","176848772","176849053","chr2","56700759","56701042","52","120148013"
"chr1","176906576","176906868","chr11","19953198","19953505","53","156953378"
"chr1","176994370","176994638","chr2","86985197","86985480","47","90009173"
"chr1","177076515","177076822","chr18","29945451","29945760","34","147131064"
"chr1","177285663","177285960","chr1","15931085","15931383","42","161354578"
"chr1","177485145","177485445","chr18","29512368","29512680","50","147972777"
"chr1","177706722","177706983","chr14","3719987","3720247","38","173986735"
"chr1","177878135","177878439","chr2","9886138","9886441","34","167991997"
"chr1","177996612","177996908","chr18","29011093","29011400","43","148985519"
"chr1","178038781","178039066","chr10","89487563","89487852","53","88551218"
"chr1","178079353","178079663","chr7","148985140","148985448","42","29094213"
"chr1","178099679","178099974","chr11","14706895","14707194","38","163392784"
"chr1","178151121","178151424","chr2","7440171","7440473","45","170710950"
"chr1","178197033","178197175","chr2","72470822","72470965","21","105726211"
"chr1","178197464","178197631","chr9","107746034","107746206","34","70451430"
"chr1","178272647","178272945","chr9","115637925","115638221","42","62634722"
"chr1","178338114","178338429","chr5","114232117","114232428","44","64105997"
"chr1","178369255","178369522","chr4","10758200","10758472","36","167611055"
"chr1","178390387","178390678","chr18","28631461","28631754","41","149758926"
"chr1","178436746","178436867","chr5","92592478","92592602","20","85844268"
"chr1","178539844","178540159","chr2","168099119","168099433","40","10440725"
"chr1","178543665","178543955","chr14","63994771","63995061","42","114548894"
"chr1","178546693","178547000","chr9","26063037","26063343","47","152483656"
"chr1","178584595","178584895","chr9","20122679","20122976","40","158461916"
"chr1","178586293","178586531","chr11","115251333","115251572","36","63334960"
"chr1","178611424","178611731","chr7","6894852","6895150","45","171716572"
"chr1","178615706","178616017","chr19","25591314","25591622","39","153024392"
"chr1","178622213","178622522","chr22","28997304","28997607","43","149624909"
"chr1","178635147","178635435","chr5","80700303","80700590","37","97934844"
"chr1","178661292","178661568","chr4","37824304","37824582","37","140836988"
"chr1","178668094","178668398","chr10","34580936","34581229","60","144087158"
"chr1","178678042","178678355","chrX","20539804","20540111","63","158138238"
"chr1","178681798","178682095","chr7","145693234","145693534","41","32988564"
"chr1","178691627","178691919","chr20","24710965","24711256","58","153980662"
"chr1","178697744","178698039","chr20","27822433","27822727","40","150875311"
"chr1","178702944","178703249","chr6","17068239","17068542","37","161634705"
"chr1","178729934","178730241","chr15","48420238","48420542","50","130309696"
"chr1","178731273","178731582","chr7","66105076","66105385","44","112626197"
"chr1","178748040","178748338","chr15","61219971","61220268","39","117528069"
"chr1","178761552","178761819","chr18","28265884","28266147","44","150495668"
"chr1","178788894","178789206","chr8","50068578","50068880","52","128720316"
"chr1","178794123","178794412","chr10","55872616","55872911","40","122921507"
"chr1","178812929","178813232","chr1","184817871","184818171","41","6004942"
"chr1","178817078","178817371","chr7","5968836","5969132","54","172848242"
"chr1","178834769","178835076","chr16","71714539","71714845","50","107120230"
"chr1","178835381","178835691","chr10","90431710","90432016","44","88403671"
"chr1","178848660","178848929","chr10","218629","218896","45","178630031"
"chr1","178861897","178862171","chr7","43383739","43384009","36","135478158"
"chr1","178906091","178906387","chr5","25502393","25502687","39","153403698"
"chr1","178962878","178963160","chrX","105924911","105925188","47","73037967"
"chr1","178967767","178968066","chr1","193266464","193266759","40","14298697"
"chr1","178971068","178971366","chr15","61219971","61220268","36","117751097"
"chr1","179001998","179002285","chr1","169233439","169233727","40","9768559"
"chr1","179010319","179010613","chr5","126079965","126080261","40","52930354"
"chr1","179057064","179057358","chr12","100785810","100786105","38","78271254"
"chr1","179061077","179061319","chr18","27986025","27986267","34","151075052"
"chr1","179065148","179065426","chrX","62947794","62948081","49","116117354"
"chr1","179070036","179070345","chr15","20018055","20018360","38","159051981"
"chr1","179078422","179078721","chr6","147894727","147895020","46","31183695"
"chr1","179088227","179088492","chrX","39387728","39387995","40","139700499"
"chr1","179098109","179098378","chr5","100268330","100268601","41","78829779"
"chr1","179101378","179101670","chr5","92511557","92511857","39","86589821"
"chr1","179113518","179113646","chr4","134811517","134811645","16","44302001"
"chr1","179113962","179113972","chr5","92524075","92524085","4","86589887"
"chr1","179114261","179114453","chr12","4348306","4348486","55","174765955"
"chr1","179116830","179117134","chr7","6894852","6895150","54","172221978"
"chr1","179122646","179122959","chr22","40503125","40503432","43","138619521"
"chr1","179123224","179123516","chr10","16033492","16033786","38","163089732"
"chr1","179124465","179124763","chr15","22401594","22401899","41","156722871"
"chr1","179174665","179174906","chr15","19032308","19032545","48","160142357"
"chr1","179175842","179176154","chr5","26961498","26961795","50","152214344"
"chr1","179178116","179178420","chr16","41656277","41656574","50","137521839"
"chr1","179217014","179217322","chr7","62676652","62676948","54","116540362"
"chr1","179221309","179221606","chr14","37265042","37265338","41","141956267"
"chr1","179232390","179232673","chr7","6721352","6721636","47","172511038"
"chr1","179242623","179242927","chr1","168595556","168595859","34","10647067"
"chr1","179245302","179245604","chr15","5688723","5689022","41","173556579"
"chr1","179252142","179252426","chr1","189468811","189469090","45","10216669"
"chr1","179256751","179257074","chr12","29286803","29287123","45","149969948"
"chr1","179274960","179275253","chr2","61800729","61801029","51","117474231"
"chr1","179285120","179285396","chrX","90546446","90546718","43","88738674"
"chr1","179294539","179294832","chr4","16350054","16350344","36","162944485"
"chr1","179304679","179304943","chr5","15793858","15794130","49","163510821"
"chr1","179309883","179310198","chr13","84459624","84459931","41","94850259"
"chr1","179326546","179326859","chr18","39712282","39712591","38","139614264"
"chr1","179331456","179331587","chr7","30159076","30159208","14","149172380"
"chr1","179333420","179333555","chr13","27991512","27991647","18","151341908"
"chr1","179336181","179336494","chr12","28909285","28909588","53","150426896"
"chr1","179359826","179360123","chr5","38614488","38614784","43","140745338"
"chr1","179361438","179361731","chr1","168595556","168595859","47","10765882"
"chr1","179366938","179367237","chr4","43311502","43311796","41","136055436"
"chr1","179371146","179371452","chr18","27656193","27656498","33","151714953"
"chr1","179376934","179377231","chr9","106891453","106891749","39","72485481"
"chr1","179383896","179384024","chr3","107071732","107071860","13","72312164"
"chr1","179394308","179394611","chr20","22923582","22923882","35","156470726"
"chr1","179408381","179408674","chr5","106685442","106685733","49","72722939"
"chr1","179432430","179432725","chr3","109012290","109012581","43","70420140"
"chr1","179478818","179479128","chr1","168595556","168595859","43","10883262"
"chr1","179493962","179494250","chr13","43918238","43918525","37","135575724"
"chr1","179506451","179506746","chr9","20122679","20122976","44","159383772"
"chr1","179553913","179554213","chr17","69075766","69076065","42","110478147"
"chr1","179612654","179612956","chr12","28553718","28554019","31","151058936"
"chr1","179642090","179642399","chr10","117620910","117621216","40","62021180"
"chr1","179654483","179654796","chr18","27445033","27445333","41","152209450"
"chr1","179693522","179693819","chr10","9287553","9287848","45","170405969"
"chr1","179722031","179722307","chr18","27384431","27384715","46","152337600"
"chr1","179732600","179732906","chr3","106655459","106655766","43","73077141"
"chr1","179749570","179749875","chr17","69075766","69076065","43","110673804"
"chr1","179757530","179757835","chr15","49359997","49360293","38","130397533"
"chr1","179776212","179776516","chr6","134807179","134807485","50","44969033"
"chr1","179806822","179807102","chr4","112217152","112217434","47","67589670"
"chr1","179810763","179811054","chr3","151812520","151812803","53","27998243"
"chr1","179855897","179856189","chr10","29910934","29911230","52","149944963"
"chr1","179893444","179893740","chr11","123371423","123371718","40","56522021"
"chr1","179899647","179899944","chr5","110865515","110865812","37","69034132"
"chr1","179907102","179907211","chr7","56993945","56994054","8","122913157"
"chr1","179909756","179910063","chr15","76198954","76199256","46","103710802"
"chr1","179948739","179949033","chr2","18360128","18360420","40","161588611"
"chr1","179951154","179951455","chr1","10143237","10143538","49","169807917"
"chr1","179961164","179961469","chr12","28553718","28554019","46","151407446"
"chr1","179961859","179962146","chr3","41610981","41611273","40","138350878"
"chr1","180002197","180002475","chr19","6867541","6867823","37","173134656"
"chr1","180016661","180016962","chr4","88579677","88579978","42","91436984"
"chr1","180021374","180021673","chr2","151564441","151564740","45","28456933"
"chr1","180038932","180039265","chr18","27097178","27097470","79","152941754"
"chr1","180121599","180121828","chr5","2632096","2632327","26","177489503"
"chr1","180129981","180130282","chr3","106655459","106655766","42","73474522"
"chr1","180142601","180142891","chr10","63768903","63769187","36","116373698"
"chr1","180172524","180172818","chr22","9714411","9714706","37","170458113"
"chr1","180242995","180243283","chr4","58309547","58309834","52","121933448"
"chr1","180296427","180296730","chr6","17068239","17068542","45","163228188"
"chr1","180385888","180386185","chr8","97143744","97144032","38","83242144"
"chr1","180461954","180462252","chr1","184617680","184617976","40","4155726"
"chr1","180480750","180481051","chr8","95534048","95534347","43","84946702"
"chr1","180512692","180512920","chrUn_GL286420","806159","806382","42","179706533"
"chr1","180546705","180547010","chr11","65163335","65163629","45","115383370"
"chr1","180551350","180551615","chr4","110973858","110974125","44","69577492"
"chr1","180582248","180582565","chr9","66342592","66342903","47","114239656"
"chr1","180624422","180624731","chrX","107827107","107827417","42","72797315"
"chr1","180629177","180629485","chr5","110862498","110862806","39","69766679"
"chr1","180668124","180668428","chr3","106655459","106655766","41","74012665"
"chr1","180689882","180690169","chr21","43075982","43076273","47","137613900"
"chr1","180738000","180738310","chr2","48786213","48786524","42","131951787"
"chr1","180758427","180758717","chr15","14060870","14061163","37","166697557"
"chr1","180803974","180804275","chrX","97185025","97185330","48","83618949"
"chr1","180836077","180836373","chr18","26321208","26321498","42","154514869"
"chr1","180852980","180853219","chr14","42157869","42158113","46","138695111"
"chr1","180876354","180876656","chr22","29463593","29463898","39","151412761"
"chr1","180900743","180900995","chr10","8736436","8736699","46","172164307"
"chr1","180910987","180911255","chr18","25151162","25151423","43","155759825"
"chr1","180914905","180915103","chr1","138441847","138442046","30","42473058"
"chr1","180940227","180940515","chr9","20459161","20459449","41","160481066"
"chr1","180963224","180963511","chr7","40582196","40582491","39","140381028"
"chr1","180979925","180980223","chr22","28997304","28997607","42","151982621"
"chr1","181035019","181035348","chrX","17393994","17394310","61","163641025"
"chr1","181052789","181053095","chr5","107932565","107932875","35","73120224"
"chr1","181054569","181054889","chr5","93732459","93732776","48","87322110"
"chr1","181072472","181072761","chr4","144984738","144985034","40","36087734"
"chr1","181082713","181083016","chr7","136659990","136660294","47","44422723"
"chr1","181083630","181083911","chr18","24993474","24993748","42","156090156"
"chr1","181115426","181115517","chr12","114255843","114255935","10","66859583"
"chr1","181119977","181120263","chr18","24956552","24956827","39","156163425"
"chr1","181121885","181122183","chr1","172257719","172258009","40","8864166"
"chr1","181201908","181202190","chr5","88887311","88887588","43","92314597"
"chr1","181229266","181229561","chr5","153587527","153587824","34","27641739"
"chr1","181338084","181338384","chr3","84743220","84743519","42","96594864"
"chr1","181355306","181355587","chr19","6867541","6867823","40","174487765"
"chr1","181397342","181397595","chr2","17003008","17003267","33","164394334"
"chr1","181411612","181411909","chr9","115637925","115638221","35","65773687"
"chr1","181428900","181429199","chr5","86230872","86231167","39","95198028"
"chr1","181548120","181548425","chr5","43482234","43482540","42","138065886"
"chr1","181618283","181618584","chr10","7798078","7798379","34","173820205"
"chr1","181881337","181881615","chr13","7353190","7353465","55","174528147"
"chr1","181941304","181941587","chr18","24093388","24093679","46","157847916"
"chr1","181968900","181969204","chr5","38614488","38614784","46","143354412"
"chr1","181971923","181972234","chr2","128120969","128121276","45","53850954"
"chr1","181999245","181999524","chr14","76706016","76706302","50","105293229"
"chr1","182007529","182007843","chr9","8886595","8886904","47","173120934"
"chr1","182043182","182043489","chr1","25957169","25957480","42","156086013"
"chr1","182044611","182044917","chr11","96814317","96814618","38","85230294"
"chr1","182074978","182075277","chr7","6894852","6895150","36","175180126"
"chr1","182107865","182108149","chr7","71084780","71085058","44","111023085"
"chr1","182109340","182109485","chr6","149721651","149721799","19","32387689"
"chr1","182109789","182109928","chr9","100751399","100751543","23","81358390"
"chr1","182124140","182124427","chr5","82093594","82093881","36","100030546"
"chr1","182141383","182141562","chr3","53757892","53758068","35","128383491"
"chr1","182141878","182142015","chr1","193332341","193332477","23","11190463"
"chr1","182146764","182147067","chr10","121197224","121197521","37","60949540"
"chr1","182160378","182160685","chr7","4838284","4838577","54","177322094"
"chr1","182176499","182176751","chr5","120949198","120949447","38","61227301"
"chr1","182217746","182217868","chr2","67080271","67080393","15","115137475"
"chr1","182247142","182247441","chr5","140968757","140969050","41","41278385"
"chr1","182295199","182295509","chr2","61800729","61801029","52","120494470"
"chr1","182308046","182308338","chr4","16350054","16350344","37","165957992"
"chr1","182311581","182311878","chr6","147894727","147895020","40","34416854"
"chr1","182319692","182319977","chr1","145176527","145176816","44","37143165"
"chr1","182323067","182323364","chr15","5688723","5689022","42","176634344"
"chr1","182341377","182341669","chr1","12491044","12491347","40","169850333"
"chr1","182344442","182344749","chr6","17068239","17068542","45","165276203"
"chr1","182348435","182348739","chr6","17068239","17068542","42","165280196"
"chr1","182378783","182379081","chr7","67018368","67018662","46","115360415"
"chr1","182380968","182381279","chr1","98572733","98573027","53","83808235"
"chr1","182397580","182397868","chr2","8798514","8798801","39","173599066"
"chr1","182404165","182404463","chr15","61219971","61220268","35","121184194"
"chr1","182409942","182410249","chr5","75838852","75839162","39","106571090"
"chr1","182412973","182413282","chr11","122871241","122871556","38","59541732"
"chr1","182417442","182417728","chr1","169249136","169249415","58","13168306"
"chr1","182420647","182420944","chr18","23615819","23616119","37","158804828"
"chr1","182433944","182434244","chr15","28379421","28379719","45","154054523"
"chr1","182436129","182436414","chr6","136043924","136044206","38","46392205"
"chr1","182440689","182440823","chr3","183625307","183625441","15","1184618"
"chr1","182456887","182457170","chr5","52793407","52793690","42","129663480"
"chr1","182486311","182486654","chr2","108754814","108755119","91","73731497"
"chr1","182501253","182501276","chr10","17789322","17789342","8","164711931"
"chr1","182501338","182501618","chr5","44695769","44696048","44","137805569"
"chr1","182534546","182534840","chr7","32099825","32100120","37","150434721"
"chr1","182571744","182572052","chr18","23495516","23495823","36","159076228"
"chr1","182591591","182591878","chr5","154020351","154020637","38","28571240"
"chr1","182694525","182694823","chr14","83739394","83739686","38","98955131"
"chr1","182713172","182713483","chr3","106655459","106655766","41","76057713"
"chr1","182759003","182759284","chr4","34845790","34846071","42","147913213"
"chr1","182759316","182759341","chr10","17789322","17789342","7","164969994"
"chr1","182776470","182776779","chr3","106655459","106655766","51","76121011"
"chr1","182798234","182798522","chr6","43666330","43666629","47","139131904"
"chr1","182833997","182834129","chr18","23235534","23235666","15","159598463"
"chr1","182843964","182844250","chr4","16350054","16350344","48","166493910"
"chr1","182844817","182844962","chr2","8868216","8868359","18","173976601"
"chr1","182869142","182869213","chr11","117966385","117966456","10","64902757"
"chr1","182879729","182880023","chr13","97064854","97065149","40","85814875"
"chr1","182884049","182884283","chr15","38705448","38705675","41","144178601"
"chr1","182907601","182907878","chr5","31371357","31371639","38","151536244"
"chr1","182910882","182911189","chr5","26961498","26961795","44","155949384"
"chr1","182917397","182917543","chr6","16428974","16429121","23","166488423"
"chr1","182922324","182922575","chr12","23768258","23768513","33","159154066"
"chr1","182945782","182946082","chr19","38640517","38640819","44","144305265"
"chr1","182949416","182949722","chr18","23119801","23120105","44","159829615"
"chr1","182958141","182958433","chr18","23109786","23110084","43","159848355"
"chr1","182966529","182966826","chr18","8503340","8503640","45","174463189"
"chr1","182976863","182977170","chr3","106655459","106655766","42","76321404"
"chr1","182982322","182982454","chr12","52830461","52830594","19","130151861"
"chr1","182989495","182989766","chr8","89229741","89230008","58","93759754"
"chr1","183011681","183011971","chr3","45152244","45152520","44","137859437"
"chr1","183020469","183020647","chrX","106480049","106480214","38","76540420"
"chr1","183020648","183020942","chrX","111591699","111591994","43","71428949"
"chr1","183020943","183021084","chr12","23912299","23912438","21","159108644"
"chr1","183036397","183036689","chr1","168595556","168595859","45","14440841"
"chr1","183049456","183049763","chr11","64234338","64234642","41","118815118"
"chr1","183079233","183079527","chr3","182146154","182146435","47","933079"
"chr1","183081316","183081549","chr18","22989107","22989349","46","160092209"
"chr1","183099085","183099389","chr13","43694410","43694711","43","139404675"
"chr1","183145916","183146210","chr2","59720232","59720530","45","123425684"
"chr1","183179858","183180171","chr14","14218793","14219102","53","168961065"
"chr1","183182651","183182951","chr5","56365052","56365353","44","126817599"
"chr1","183255663","183255962","chr2","18780256","18780558","44","164475407"
"chr1","183256783","183257051","chr15","29193671","29193937","39","154063112"
"chr1","183273920","183274211","chr15","49359997","49360293","42","133913923"
"chr1","183294995","183295300","chr7","55940898","55941201","48","127354097"
"chr1","183299090","183299400","chr6","17068239","17068542","36","166230851"
"chr1","183313487","183313785","chr18","22745885","22746186","39","160567602"
"chr1","183321459","183321762","chr15","72134385","72134688","39","111187074"
"chr1","183327062","183327355","chr2","8798514","8798801","37","174528548"
"chr1","183373613","183373917","chr10","90431710","90432016","34","92941903"
"chr1","183378762","183379047","chr5","2532160","2532447","38","180846602"
"chr1","183381414","183381725","chr18","22674455","22674752","42","160706959"
"chr1","183384200","183384498","chr18","22671686","22671991","36","160712514"
"chr1","183411324","183411603","chr12","82738598","82738871","51","100672726"
"chr1","183432860","183433150","chr13","61522239","61522528","41","121910621"
"chr1","183453132","183453445","chr16","25492826","25493133","41","157960306"
"chr1","183460275","183460581","chr6","17068239","17068542","46","166392036"
"chr1","183468725","183469031","chr9","11967801","11968108","37","171500924"
"chr1","183526157","183526453","chr6","16595904","16596201","38","166930253"
"chr1","183534579","183534863","chrX","107864085","107864361","49","75670494"
"chr1","183557882","183558173","chr5","52498828","52499124","45","131059054"
"chr1","183558570","183558863","chrX","16163378","16163666","34","167395192"
"chr1","183568169","183568465","chr7","145693234","145693534","47","37874935"
"chr1","183569599","183569889","chr10","8026640","8026929","41","175542959"
"chr1","183580695","183580992","chr18","22472445","22472747","40","161108250"
"chr1","183638998","183639305","chr2","31372053","31372354","41","152266945"
"chr1","183779266","183779549","chr1","15624742","15625015","42","168154524"
"chr1","183814990","183815287","chr5","94234310","94234606","41","89580680"
"chr1","183981371","183981689","chr1","194886027","194886340","55","10904656"
"chr1","184013033","184013335","chr4","15705730","15706030","37","168307303"
"chr1","184059577","184059870","chr5","94234310","94234606","46","89825267"
"chr1","184066394","184066704","chr1","138077483","138077787","48","45988911"
"chr1","184209485","184209785","chr18","21826316","21826613","34","162383169"
"chr1","184227148","184227446","chr11","14702691","14702988","38","169524457"
"chr1","184238002","184238273","chr16","92089757","92090031","51","92148245"
"chr1","184268299","184268608","chr3","106655459","106655766","45","77612840"
"chr1","184295700","184295988","chr1","15402428","15402720","43","168893272"
"chr1","184331782","184332091","chr4","11141283","11141584","48","173190499"
"chr1","184364662","184364963","chr18","21687979","21688279","42","162676683"
"chr1","184448086","184448382","chr1","98572733","98573027","44","85875353"
"chr1","184468953","184469276","chr12","49952782","49953106","52","134516171"
"chr1","184470597","184470906","chr3","106655459","106655766","40","77815138"
"chr1","184546153","184546451","chr15","22391678","22391973","36","162154475"
"chr1","184564315","184564604","chr8","93697187","93697481","37","90867128"
"chr1","184612939","184613236","chr14","84125610","84125909","44","100487329"
"chr1","184643075","184643378","chr3","106655459","106655766","44","77987616"
"chr1","184647801","184648103","chr1","15931085","15931383","41","168716716"
"chr1","184670219","184670511","chr4","151607684","151607975","34","33062535"
"chr1","184675602","184675901","chr10","14603732","14604030","43","170071870"
"chr1","184688015","184688308","chr20","27822433","27822727","46","156865582"
"chr1","184734187","184734472","chr16","92089757","92090031","43","92644430"
"chr1","184748168","184748478","chr3","106655459","106655766","46","78092709"
"chr1","184773123","184773422","chr5","26961498","26961795","39","157811625"
"chr1","184776813","184777137","chr4","20278830","20279149","52","164497983"
"chr1","184789482","184789770","chr13","20723712","20724002","38","164065770"
"chr1","184793279","184793583","chr18","21254736","21255034","34","163538543"
"chr1","184797138","184797441","chr18","8503340","8503640","38","176293798"
"chr1","184806763","184807069","chr1","202849760","202850061","41","18042997"
"chr1","184807506","184807776","chrX","17764090","17764357","41","167043416"
"chr1","184869548","184869841","chr20","27822433","27822727","37","157047115"
"chr1","184876416","184876703","chr18","21192618","21192909","44","163683798"
"chr1","184885052","184885336","chr2","71332269","71332554","45","113552783"
"chr1","184898333","184898625","chr1","153539243","153539538","36","31359090"
"chr1","184903902","184904195","chr18","21162694","21162988","39","163741208"
"chr1","184904673","184904956","chr16","6895924","6896219","40","178008749"
"chr1","184926227","184926537","chr7","97526122","97526435","44","87400105"
"chr1","184982840","184983138","chrX","16692831","16693132","43","168290009"
"chr1","185011886","185012186","chr11","123371423","123371718","42","61640463"
"chr1","185013768","185013886","chr5","95721121","95721237","15","89292647"
"chr1","185018701","185019007","chr7","58066603","58066906","36","126952098"
"chr1","185029802","185030104","chr14","69557130","69557432","41","115472672"
"chr1","185043808","185044121","chr4","82226247","82226558","51","102817561"
"chr1","185055406","185055720","chr11","64234338","64234642","59","120821068"
"chr1","185099052","185099347","chr15","5688723","5689022","35","179410329"
"chr1","185122683","185122983","chr18","20973438","20973740","36","164149245"
"chr1","185131859","185132167","chr5","38171978","38172283","43","146959881"
"chr1","185132236","185132548","chr4","42695729","42696041","45","142436507"
"chr1","185136128","185136433","chr5","78562869","78563170","51","106573259"
"chr1","185166917","185167171","chr2","125678259","125678509","42","59488658"
"chr1","185205365","185205654","chr2","10593959","10594242","44","174611406"
"chr1","185222475","185222787","chr17","7637757","7638063","53","177584718"
"chr1","185273123","185273409","chr19","4502474","4502758","40","180770649"
"chr1","185292469","185292774","chr18","20848345","20848651","41","164444124"
"chr1","185329749","185330042","chrX","90644206","90644491","41","94685543"
"chr1","185430234","185430531","chr17","73944491","73944782","38","111485743"
"chr1","185494560","185494858","chr13","95665824","95666115","46","89828736"
"chr1","185567866","185568201","chr15","25343001","25343338","59","160224865"
"chr1","185653986","185654265","chr18","20499385","20499665","40","165154601"
"chr1","185671248","185671552","chr2","68886400","68886700","43","116784848"
"chr1","185726797","185727093","chr4","30880097","30880395","32","154846700"
"chr1","185740716","185741022","chr5","124212426","124212733","45","61528290"
"chr1","185747323","185747619","chr2","9600069","9600362","39","176147254"
"chr1","185814693","185814978","chr2","10593959","10594242","34","175220734"
"chr1","185832014","185832317","chr1","150872655","150872961","44","34959359"
"chr1","185845211","185845520","chr7","58066603","58066906","41","127778608"
"chr1","185941911","185942222","chr1","170155596","170155907","44","15786315"
"chr1","185978676","185978980","chr6","87765454","87765755","50","98213222"
"chr1","186046197","186046484","chr1","197034847","197035133","49","10988650"
"chr1","186354898","186355203","chr15","5688723","5689022","45","180666175"
"chr1","186421584","186421880","chr13","43694410","43694711","43","142727174"
"chr1","186432786","186433083","chr10","14603732","14604030","34","171829054"
"chr1","186441937","186442235","chr7","45708752","45709057","52","140733185"
"chr1","186447156","186447448","chr3","4006648","4006941","39","182440508"
"chr1","186452240","186452537","chr10","126070729","126071027","43","60381511"
"chr1","186465622","186465933","chr9","54183120","54183430","46","132282502"
"chr1","186491514","186491806","chr18","19680891","19681170","55","166810623"
"chr1","186516143","186516448","chr17","10066533","10066838","40","176449610"
"chr1","186542596","186542888","chr5","83585749","83586036","49","102956847"
"chr1","186585941","186586243","chr3","106655459","106655766","45","79930482"
"chr1","186615698","186615991","chr5","126079965","126080261","38","60535733"
"chr1","186625311","186625590","chr19","6867541","6867823","43","179757770"
"chr1","186627979","186628284","chr11","14697218","14697525","46","171930761"
"chr1","186647102","186647396","chrX","22345096","22345392","40","164302006"
"chr1","186665301","186665602","chr1","138077483","138077787","46","48587818"
"chr1","186688393","186688692","chr22","32856560","32856853","55","153831833"
"chr1","186709425","186709738","chr9","116937360","116937671","47","69772065"
"chr1","186772554","186772846","chr7","70852416","70852709","45","115920138"
"chr1","186772847","186772982","chr1","172218988","172219121","14","14553859"
"chr1","186787576","186787873","chr1","151007459","151007748","45","35780117"
"chr1","186862224","186862511","chr9","59049377","59049667","47","127812847"
"chr1","186893648","186893948","chr18","19354635","19354940","49","167539013"
"chr1","186897497","186897808","chrUn_GL286451","117883","118189","43","186779614"
"chr1","186923134","186923181","chr8","115689545","115689587","21","71233589"
"chr1","187137500","187137811","chr9","11967801","11968108","53","175169699"
"chr1","187201017","187201319","chrX","22494263","22494554","50","164706754"
"chr1","187230866","187231171","chr5","26961498","26961795","42","160269368"
"chr1","187303814","187304124","chr18","18996529","18996832","55","168307285"
"chr1","187317421","187317742","chr2","8957058","8957360","58","178360363"
"chr1","187321827","187322042","chr11","13974682","13974885","42","173347145"
"chr1","187361887","187362193","chr5","94234310","94234606","55","93127577"
"chr1","187394883","187395186","chr9","101017703","101018007","44","86377180"
"chr1","187403284","187403562","chr4","34845790","34846071","40","152557494"
"chr1","187425861","187426148","chr6","117785921","117786212","49","69639940"
"chr1","187473828","187474136","chr1","168595556","168595859","44","18878272"
"chr1","187522330","187522466","chr10","29151799","29151935","21","158370531"
"chr1","187522777","187522942","chrX","107985331","107985511","42","79537446"
"chr1","187545914","187546186","chrX","47367543","47367804","49","140178371"
"chr1","187576375","187576684","chr7","130262321","130262624","48","57314054"
"chr1","187580300","187580607","chr13","15437236","15437540","52","172143064"
"chr1","187613184","187613490","chr19","47302906","47303202","63","140310278"
"chr1","187620853","187621038","chr15","6967945","6968130","29","180652908"
"chr1","187761588","187761887","chr2","11710590","11710879","49","176050998"
"chr1","187803272","187803572","chr13","31892724","31893019","47","155910548"
"chr1","187895601","187895896","chr18","18461463","18461758","39","169434138"
"chr1","187980063","187980359","chr16","27361913","27362210","40","160618150"
"chr1","188078063","188078366","chr2","61800729","61801029","40","126277334"
"chr1","188095105","188095393","chr7","22313904","22314192","49","165781201"
"chr1","188195614","188195914","chr3","152941248","152941549","45","35254366"
"chr1","188391022","188391303","chrUn_GL286838","5758","6037","46","188385264"
"chr1","188536724","188537032","chr7","148985140","148985448","54","39551584"
"chr1","188553417","188553702","chr3","106705197","106705482","44","81848220"
"chr1","188585502","188585781","chr1","169233439","169233727","59","19352063"
"chr1","188696934","188697140","chr8","115243466","115243688","62","73453468"
"chr1","188811203","188811512","chr5","2080907","2081217","41","186730296"
"chr1","188945014","188945321","chr5","50685831","50686130","44","138259183"
"chr1","188999516","188999820","chr6","17068239","17068542","50","171931277"
"chr1","189072268","189072600","chr10","103370350","103370658","73","85701918"
"chr1","189134905","189135185","chr18","17495553","17495840","47","171639352"
"chr1","189229249","189229563","chr2","168099119","168099433","44","21130130"
"chr1","189281117","189281383","chr2","69001988","69002268","58","120279129"
"chr1","189386432","189386719","chr2","56700759","56701042","52","132685673"
"chr1","189419394","189419633","chrX","11729705","11729948","42","177689689"
"chr1","189497719","189498018","chr22","16525766","16526062","51","172971953"
"chr1","189509983","189510213","chr1","102511866","102512095","39","86998117"
"chr1","189542473","189542776","chr5","38614488","38614784","48","150927985"
"chr1","189558331","189558555","chrUn_GL286451","232412","232640","35","189325919"
"chr1","189582590","189582836","chr14","33885170","33885411","36","155697420"
"chr1","189646903","189647202","chr8","106281938","106282251","52","83364965"
"chr1","189892649","189892942","chr6","132699067","132699361","57","57193582"
"chr1","190286937","190287243","chr12","31281547","31281855","47","159005390"
"chr1","190431373","190431643","chrX","121828888","121829161","47","68602485"
"chr1","190594707","190595016","chr4","53071595","53071899","52","137523112"
"chr1","190608380","190608668","chr5","154020351","154020637","48","36588029"
"chr1","190875870","190876148","chr7","94860990","94861260","52","96014880"
"chr1","190975729","190976012","chrX","107753876","107754165","51","83221853"
"chr1","190982294","190982480","chr9","101780577","101780772","61","89201717"
"chr1","190992136","190992444","chr5","136750937","136751240","46","54241199"
"chr1","191018460","191018764","chr7","43502512","43502814","48","147515948"
"chr1","191091739","191092050","chr7","42581600","42581909","50","148510139"
"chr1","191211113","191211419","chr21","40584762","40585072","40","150626351"
"chr1","191454211","191454501","chr1","98572733","98573027","43","92881478"
"chr1","191503075","191503360","chr17","69931558","69931839","43","121571517"
"chr1","191518694","191519005","chr5","2508969","2509278","55","189009725"
"chr1","191525825","191526108","chr1","117520902","117521184","38","74004923"
"chr1","191661171","191661257","chr2","9987287","9987373","17","181673884"
"chr1","191699121","191699399","chr2","144993605","144993886","43","46705516"
"chr1","191775801","191776111","chrX","124381299","124381609","49","67394502"
"chr1","191874718","191875024","chr2","8957058","8957360","45","182917660"
"chr1","192109928","192110240","chr5","42661443","42661746","61","149448485"
"chr1","192134974","192135274","chr1","184817871","184818171","43","7317103"
"chr1","192152105","192152216","chr11","16457713","16457822","12","175694392"
"chr1","192162300","192162582","chr10","15634508","15634789","53","176527792"
"chr1","192494626","192494868","chr18","43787087","43787329","25","148707539"
"chr1","192697411","192697718","chr5","112310577","112310889","48","80386834"
"chr1","192702713","192702809","chr5","101448037","101448136","19","91254676"
"chr1","192765573","192765861","chr2","189976145","189976422","51","2789428"
"chr1","192777800","192778096","chr8","15269228","15269521","49","177508572"
"chr1","192790746","192791053","chr9","100308024","100308330","53","92482722"
"chr1","192855136","192855430","chr20","27822433","27822727","38","165032703"
"chr1","192865548","192865820","chrUn_GL288700","6268","6551","41","192859280"
"chr1","192961549","192961858","chr20","23337174","23337477","39","169624375"
"chr1","192963606","192963882","chr20","3558077","3558345","48","189405529"
"chr1","192991810","192992106","chr2","8742483","8742777","36","184249327"
"chr1","193010054","193010357","chr22","28997304","28997607","38","164012750"
"chr1","193027404","193027711","chr1","168595556","168595859","40","24431848"
"chr1","193050451","193050768","chr18","44331409","44331718","50","148719042"
"chr1","193098260","193098549","chr16","638713","638993","51","192459547"
"chr1","193143828","193144132","chr11","111117466","111117768","45","82026362"
"chr1","193159361","193159661","chr18","44437184","44437472","45","148722177"
"chr1","193162392","193162668","chr11","97727292","97727572","39","95435100"
"chr1","193169264","193169564","chr5","2298333","2298635","46","190870931"
"chr1","193171932","193172223","chr10","6199016","6199311","45","186972916"
"chr1","193191392","193191686","chr14","83739394","83739686","42","109451998"
"chr1","193197644","193197947","chr1","168595556","168595859","39","24602088"
"chr1","193199430","193199729","chr5","26961498","26961795","44","166237932"
"chr1","193230141","193230446","chr1","27883875","27884177","49","165346266"
"chr1","193286816","193287123","chr12","83078942","83079243","49","110207874"
"chr1","193321689","193321991","chr19","49269382","49269679","48","144052307"
"chr1","193373064","193373341","chr7","114227","114501","45","193258837"
"chr1","193384319","193384617","chr4","36522598","36522895","35","156861721"
"chr1","193424081","193424394","chr9","116937360","116937671","47","76486721"
"chr1","193425274","193425596","chr13","57673541","57673870","47","135751733"
"chr1","193496654","193496913","chr12","54811547","54811805","46","138685107"
"chr1","193497555","193497849","chr1","15402428","15402720","45","178095127"
"chr1","193550702","193551012","chr1","187189788","187190096","51","6360914"
"chr1","193581811","193582115","chr5","86230872","86231167","48","107350939"
"chr1","193659492","193659782","chr4","22365048","22365343","49","171294444"
"chr1","193767928","193768211","chrX","17243808","17244094","46","176524120"
"chr1","193835307","193835564","chr1","173992408","173992672","44","19842899"
"chr1","194011460","194011712","chrY","1625873","1626122","57","192385587"
"chr1","194047624","194047926","chr2","9886138","9886441","39","184161486"
"chr1","194351121","194351209","chr1","180878830","180878920","10","13472291"
"chr1","194391220","194391530","chr7","145068699","145069007","46","49322521"
"chr1","194421814","194422095","chr13","68600472","68600753","40","125821342"
"chr1","194427863","194428158","chr12","16573202","16573498","43","177854661"
"chr1","194508169","194508451","chr3","111736801","111737080","47","82771368"
"chr1","194559682","194559978","chr16","38005025","38005333","50","156554657"
"chr1","194564576","194564873","chr7","6894852","6895150","41","187669724"
"chr1","194614393","194614675","chr22","8738357","8738648","53","185876036"
"chr1","194796329","194796624","chr18","45871797","45872095","47","148924532"
"chr1","194860247","194860511","chr1","172595137","172595409","60","22265110"
"chr1","195142694","195142997","chr1","202849760","202850061","62","7707066"
"chr1","195220627","195220756","chr8","32372278","32372409","25","162848349"
"chr1","195220802","195220986","chr4","156579178","156579353","46","38641624"
"chr1","195230876","195231155","chr10","100963554","100963833","42","94267322"
"chr1","195358534","195358827","chr10","27398526","27398820","49","167960008"
"chr1","195424733","195425030","chr1","167052038","167052326","53","28372695"
"chr1","195558265","195558574","chr9","120793182","120793495","48","74765083"
"chr1","195568720","195569020","chr15","5688723","5689022","49","189879997"
"chr1","195598397","195598721","chr21","32691427","32691746","54","162906970"
"chr1","195838777","195839033","chr12","84617212","84617475","52","111221565"
"chr1","196015271","196015509","chr1","92343049","92343302","47","103672222"
"chr1","196044188","196044481","chr4","25542330","25542622","41","170501858"
"chr1","196087631","196087941","chr15","17566864","17567166","46","178520767"
"chr1","196212641","196213020","chr3","84739572","84739912","105","111473069"
"chr1","196282844","196283143","chr7","45042946","45043245","47","151239898"
"chr1","196332786","196333088","chr15","17424364","17424665","50","178908422"
"chr1","196384425","196384729","chr12","28884834","28885126","52","167499591"
"chr1","196622366","196622660","chr5","63326522","63326817","47","133295844"
"chr1","196639290","196639589","chr10","14603732","14604030","42","182035558"
"chr1","196642088","196642384","chr9","100523236","100523533","43","96118852"
"chr1","196688623","196688910","chr12","92030142","92030434","49","104658481"
"chr1","196700374","196700683","chr2","5681073","5681382","45","191019301"
"chr1","196742093","196742390","chr2","68886400","68886700","46","127855693"
"chr1","196768450","196768744","chr12","27520421","27520703","67","169248029"
"chr1","196777706","196778011","chr1","174405210","174405519","53","22372496"
"chr1","196824246","196824557","chr1","184817871","184818171","45","12006375"
"chr1","196826512","196826747","chr15","62374294","62374533","43","134452218"
"chr1","196853134","196853430","chrX","45981223","45981523","55","150871911"
"chr1","196856792","196857104","chr9","11967801","11968108","47","184888991"
"chr1","196866730","196867036","chr7","58066603","58066906","40","138800127"
"chr1","196890977","196891259","chr13","28747326","28747613","47","168143651"
"chr1","196903371","196903667","chr20","29549977","29550272","43","167353394"
"chr1","196948264","196948575","chr3","106655459","106655766","44","90292805"
"chr1","196950454","196950768","chr1","193624041","193624352","57","3326413"
"chr1","196955567","196955875","chr5","19163464","19163772","54","177792103"
"chr1","197137512","197137780","chr20","35416531","35416796","55","161720981"
"chr1","197147342","197147638","chr1","98572733","98573027","48","98574609"
"chr1","197148048","197148359","chr15","17424364","17424665","58","179723684"
"chr1","197225894","197226204","chr8","45536010","45536315","63","151689884"
"chr1","197341261","197341555","chr14","37265042","37265338","44","160076219"
"chr1","197351060","197351419","chr9","35187592","35187919","76","162163468"
"chr1","197419361","197419662","chr17","69075766","69076065","49","128343595"
"chr1","197484150","197484461","chr5","41190460","41190769","34","156293690"
"chr1","197542918","197543233","chr12","27257719","27258031","47","170285199"
"chr1","197702979","197703285","chr22","28997304","28997607","43","168705675"
"chr1","197751563","197751829","chrX","105924911","105925188","35","91826652"
"chr1","197756293","197756603","chr10","117620910","117621216","43","80135383"
"chr1","197766784","197767093","chr22","28997304","28997607","41","168769480"
"chr1","197784209","197784501","chr12","100785810","100786105","41","96998399"
"chr1","197814809","197815104","chr5","94234310","94234606","34","103580499"
"chr1","197866343","197866680","chr11","117996156","117996495","68","79870187"
"chr1","197888910","197889218","chr5","8732041","8732342","47","189156869"
"chr1","197962637","197962948","chr5","94532768","94533076","38","103429869"
"chr1","198023780","198024038","chr22","48625436","48625691","52","149398344"
"chr1","198063628","198063915","chr5","25454865","25455151","43","172608763"
"chr1","198154338","198154662","chr8","76827765","76828085","68","121326573"
"chr1","198242386","198242473","chr8","25854485","25854575","19","172387901"
"chr1","198242762","198242964","chr21","34979920","34980108","68","163262842"
"chr1","198342984","198343264","chr19","19792281","19792560","40","178550703"
"chr1","198398661","198398958","chr11","124429251","124429550","35","73969410"
"chr1","198433758","198434048","chr1","150130166","150130458","54","48303592"
"chr1","198508610","198508721","chr19","21568224","21568321","38","176940386"
"chr1","198508722","198508795","chr6","14818379","14818456","11","183690343"
"chr1","198571000","198571307","chr7","6894852","6895150","47","191676148"
"chr1","198598067","198598327","chr4","163464650","163464911","59","35133417"
"chr1","198614841","198615152","chr5","8258993","8259302","43","190355848"
"chr1","198632823","198633133","chr2","171032147","171032451","49","27600676"
"chr1","198720332","198720628","chr13","57414367","57414663","36","141305965"
"chr1","198740296","198740597","chr7","125443365","125443662","44","73296931"
"chr1","198767757","198768066","chr1","138077483","138077787","52","60690274"
"chr1","198843549","198843852","chr10","14603732","14604030","47","184239817"
"chr1","198920902","198921212","chr10","94067858","94068168","42","104853044"
"chr1","198922333","198922524","chr12","20464873","20465062","37","178457460"
"chr1","199212240","199212515","chr22","41649645","41649920","39","157562595"
"chr1","199268931","199269249","chr8","105518514","105518818","50","93750417"
"chr1","199458592","199458903","chr19","25591314","25591622","43","173867278"
"chr1","199568763","199569065","chr10","14603732","14604030","47","184965031"
"chr1","199611084","199611386","chr9","44828899","44829193","48","154782185"
"chr1","199624299","199624596","chr5","26961498","26961795","39","172662801"
"chr1","199653989","199654289","chr18","39712282","39712591","45","159941707"
"chr1","199680356","199680661","chr15","20913964","20914267","37","178766392"
"chr1","199727932","199728170","chr14","34514445","34514685","48","165213487"
"chr1","199779560","199779854","chr22","17195235","17195526","39","182584325"
"chr1","199828533","199828834","chrX","249256","249560","46","199579277"
"chr1","199836213","199836512","chr15","22391678","22391973","45","177444535"
"chr1","199843434","199843712","chr7","57714959","57715249","52","142128475"
"chr1","199873415","199873725","chr19","21428119","21428411","50","178445296"
"chr1","199877228","199877536","chrX","47176701","47177007","42","152700527"
"chr1","199888300","199888597","chr15","49359997","49360293","39","150528303"
"chr1","199890453","199890748","chr10","16033492","16033786","47","183856961"
"chr1","199907018","199907113","chr1","201758721","201758810","15","1851703"
"chr1","199911582","199911835","chr5","3672109","3672360","38","196239473"
"chr1","199912143","199912453","chr6","17068239","17068542","50","182843904"
"chr1","199914030","199914335","chr15","20018055","20018360","32","179895975"
"chr1","199919384","199919675","chr7","89217839","89218129","34","110701545"
"chr1","199923380","199923515","chr1","172218988","172219121","16","27704392"
"chr1","199923847","199924043","chrX","128210614","128210799","39","71713233"
"chr1","199925349","199925617","chr13","16985633","16985905","50","182939716"
"chr1","199943212","199943505","chrX","47813459","47813748","38","152129753"
"chr1","199950931","199951235","chr5","94234310","94234606","59","105716621"
"chr1","199965706","199966002","chr15","5688723","5689022","40","194276983"
"chr1","199977930","199978228","chr12","100785810","100786105","35","99192120"
"chr1","200006417","200006716","chr5","94234310","94234606","42","105772107"
"chr1","200008602","200008901","chr14","83739394","83739686","42","116269208"
"chr1","200010887","200011176","chr7","65168930","65169223","44","134841957"
"chr1","200014830","200015134","chr19","21573100","21573389","51","178441730"
"chr1","200017283","200017590","chr22","28997304","28997607","52","171019979"
"chr1","200020600","200020697","chr1","118887978","118888077","11","81132622"
"chr1","200023510","200023810","chr4","36522598","36522895","36","163500912"
"chr1","200026295","200026583","chr7","113470784","113471078","42","86555511"
"chr1","200104652","200104962","chr14","69766565","69766870","43","130338087"
"chr1","200113899","200114200","chr6","147894727","147895020","39","52219172"
"chr1","200119635","200119908","chr9","17953510","17953783","39","182166125"
"chr1","200137139","200137465","chr17","54870851","54871173","49","145266288"
"chr1","200171467","200171767","chr6","17068239","17068542","36","183103228"
"chr1","200197548","200197842","chr6","147894727","147895020","35","52302821"
"chr1","200228718","200228993","chr5","14724484","14724769","45","185504234"
"chr1","200253049","200253357","chr5","94532768","94533076","40","105720281"
"chr1","200255834","200256137","chr7","50741447","50741749","46","149514387"
"chr1","200279114","200279406","chr8","76373330","76373622","42","123905784"
"chr1","200288073","200288400","chr4","12177793","12178121","72","188110280"
"chr1","200305304","200305603","chr7","87305539","87305840","40","112999765"
"chr1","200306680","200306990","chr5","134608851","134609157","39","65697829"
"chr1","200377828","200378139","chr5","124338115","124338421","45","76039713"
"chr1","200384680","200384964","chr19","6867541","6867823","40","193517139"
"chr1","200393557","200393858","chr4","53071595","53071899","51","147321962"
"chr1","200419559","200419870","chr1","99824035","99824338","48","100595524"
"chr1","200440373","200440684","chr9","11967801","11968108","46","188472572"
"chr1","200457339","200457627","chr13","43918238","43918525","36","156539101"
"chr1","200476815","200477107","chr19","22056101","22056390","38","178420714"
"chr1","200484477","200484720","chrX","106769094","106769337","41","93715383"
"chr1","200520163","200520457","chr7","80905976","80906275","44","119614187"
"chr1","200524578","200524896","chr13","100386262","100386572","50","100138316"
"chr1","200529983","200530285","chr8","114463427","114463732","39","86066556"
"chr1","200536392","200536559","chr5","19370780","19370942","37","181165612"
"chr1","200545895","200546211","chr17","74428572","74428877","41","126117323"
"chr1","200549940","200550241","chr20","27822433","27822727","47","172727507"
"chr1","200554110","200554406","chr18","5382908","5383205","36","195171202"
"chr1","200560282","200560571","chr4","155765974","155766263","40","44794308"
"chr1","200607131","200607437","chr1","168595556","168595859","46","32011575"
"chr1","200616977","200617267","chr11","67036150","67036441","41","133580827"
"chr1","200666831","200667112","chr5","74809771","74810060","38","125857060"
"chr1","200682133","200682429","chr2","9018638","9018935","40","191663495"
"chr1","200688843","200689170","chr2","113181843","113182166","61","87507000"
"chr1","200711944","200712241","chr4","156698023","156698319","43","44013921"
"chr1","200718659","200718957","chr22","40230801","40231098","43","160487858"
"chr1","200722523","200722806","chr9","44537673","44537953","42","156184850"
"chr1","200750902","200751201","chr14","32745447","32745743","37","168005455"
"chr1","200753015","200753317","chr19","38640517","38640819","60","162112498"
"chr1","200762905","200763180","chr7","67348821","67349091","39","133414084"
"chr1","200785693","200785989","chr2","63088442","63088738","41","137697251"
"chr1","200810607","200810905","chr1","100155424","100155723","48","100655183"
"chr1","200824697","200825001","chr1","184817871","184818171","38","16006826"
"chr1","200826149","200826444","chr14","83739394","83739686","39","117086755"
"chr1","200861718","200862016","chr3","106655459","106655766","46","94206259"
"chr1","200865947","200866241","chr15","22391678","22391973","41","178474269"
"chr1","200870519","200870801","chr19","25939530","25939819","42","174930989"
"chr1","200878882","200879172","chr15","9697080","9697368","35","191181802"
"chr1","200904091","200904387","chr5","153587527","153587824","42","47316564"
"chr1","200914457","200914750","chr11","67036150","67036441","34","133878307"
"chr1","200926414","200926715","chr7","6894852","6895150","41","194031562"
"chr1","200943015","200943309","chr18","8503340","8503640","46","192439675"
"chr1","200951523","200951767","chr19","17604692","17604936","39","183346831"
"chr1","201042125","201042437","chrX","14937429","14937740","46","186104696"
"chr1","201046194","201046478","chrX","17543907","17544194","45","183502287"
"chr1","201063299","201063587","chr1","172257719","172258009","44","28805580"
"chr1","201113518","201113799","chrX","7315503","7315783","51","193798015"
"chr1","201130582","201130866","chr15","20770296","20770585","37","180360286"
"chr1","201168437","201168740","chr1","101492422","101492722","43","99676015"
"chr1","201196356","201196644","chr1","98572733","98573027","41","102623623"
"chr1","201202783","201203055","chr6","340635","340904","40","200862148"
"chr1","201279816","201280063","chr2","8551946","8552192","35","192727870"
"chr1","201434573","201434858","chr19","23045305","23045590","31","178389268"
"chr1","201438883","201439181","chr2","18780256","18780558","40","182658627"
"chr1","201439277","201439580","chr1","168595556","168595859","41","32843721"
"chr1","201442720","201443053","chr19","23055552","23055873","53","178387168"
"chr1","201445610","201445902","chr4","158146980","158147273","40","43298630"
"chr1","201449713","201449994","chr17","69931558","69931839","40","131518155"
"chr1","201502854","201503156","chr11","116441871","116442170","47","85060983"
"chr1","201508219","201508499","chr19","23126769","23127040","37","178381450"
"chr1","201510449","201510747","chr5","57988222","57988514","42","143522227"
"chr1","201518778","201519080","chr5","26961498","26961795","39","174557280"
"chr1","201524326","201524633","chr7","22356297","22356598","39","179168029"
"chr1","201525915","201526054","chr4","8753868","8754005","21","192772047"
"chr1","201564333","201564637","chr7","86991991","86992285","42","114572342"
"chr1","201580492","201580789","chr15","49359997","49360293","40","152220495"
"chr1","201589884","201590192","chr20","23337174","23337477","43","178252710"
"chr1","201604395","201604708","chr5","134608851","134609157","46","66995544"
"chr1","201607492","201607791","chr5","94234310","94234606","37","107373182"
"chr1","201627268","201627574","chr19","23247382","23247678","48","178379886"
"chr1","201643425","201643712","chr19","23264569","23264863","57","178378856"
"chr1","201674755","201675051","chr3","2808599","2808903","49","198866156"
"chr1","201676970","201677272","chr6","43666330","43666629","40","158010640"
"chr1","201677623","201677929","chr20","22923582","22923882","64","178754041"
"chr1","201681693","201681832","chr12","31083657","31083797","16","170598036"
"chr1","201682137","201682308","chr5","92923149","92923319","27","108758988"
"chr1","201714021","201714210","chr3","165836825","165837009","25","35877196"
"chr1","201722824","201723124","chr4","16350054","16350344","47","185372770"
"chr1","201760184","201760325","chr14","4374667","4374807","21","197385517"
"chr1","201785789","201786092","chr8","108764374","108764677","29","93021415"
"chr1","201816675","201816973","chr10","85194167","85194458","56","116622508"
"chr1","201862176","201862466","chr4","16350054","16350344","39","185512122"
"chr1","201871377","201871691","chr6","132767618","132767935","54","69103759"
"chr1","201877219","201877473","chr11","126142075","126142326","42","75735144"
"chr1","201913324","201913625","chr6","17068239","17068542","40","184845085"
"chr1","201940586","201940748","chr5","92523616","92523781","26","109416970"
"chr1","201941047","201941256","chr6","118104845","118105057","61","83836202"
"chr1","201966561","201966847","chr10","45281123","45281406","39","156685438"
"chr1","201980332","201980642","chr19","23614301","23614608","38","178366031"
"chr1","201987429","201987737","chr7","45344118","45344429","41","156643311"
"chr1","202004045","202004327","chr19","23641105","23641390","41","178362940"
"chr1","202006584","202006888","chr5","57519579","57519877","47","144487005"
"chr1","202032738","202033036","chr4","110072542","110072840","38","91960196"
"chr1","202038455","202038764","chr6","17068239","17068542","37","184970216"
"chr1","202049954","202050259","chrX","107242305","107242611","48","94807649"
"chr1","202050270","202050457","chr13","58790198","58790381","27","143260072"
"chr1","202052314","202052590","chr16","69379771","69380066","54","132672543"
"chr1","202055725","202056016","chr1","196006002","196006291","47","6049723"
"chr1","202057452","202057585","chr5","154199517","154199649","14","47857935"
"chr1","202058924","202059218","chr17","34551820","34552118","39","167507104"
"chr1","202060506","202060788","chr9","58325543","58325835","45","143734963"
"chr1","202067971","202068247","chr12","102424969","102425248","58","99643002"
"chr1","202071344","202071638","chr6","8827125","8827411","43","193244219"
"chr1","202081186","202081487","chr10","81273718","81274013","36","120807468"
"chr1","202082919","202083238","chr10","92589542","92589866","48","109493377"
"chr1","202090528","202090826","chr4","19980098","19980393","37","182110430"
"chr1","202093514","202093650","chr11","109899418","109899552","17","92194096"
"chr1","202105121","202105417","chr7","31684964","31685265","42","170420157"
"chr1","202110578","202110707","chr4","20953082","20953204","17","181157496"
"chr1","202124885","202125179","chr7","106056918","106057215","39","96067967"
"chr1","202125727","202126020","chr19","23783625","23783913","49","178342102"
"chr1","202129001","202129308","chr2","171032147","171032451","39","31096854"
"chr1","202139633","202139947","chr5","2080907","2081217","46","200058726"
"chr1","202145832","202146119","chr6","151058379","151058657","49","51087453"
"chr1","202153148","202153423","chrX","40904965","40905227","49","161248183"
"chr1","202175097","202175320","chr10","92273721","92273947","33","109901376"
"chr1","202180907","202181195","chr4","54258451","54258734","45","147922456"
"chr1","202211361","202211660","chr19","23873071","23873374","34","178338290"
"chr1","202298978","202299279","chr5","84717109","84717410","42","117581869"
"chr1","202311378","202311688","chr19","23976135","23976441","40","178335243"
"chr1","202340232","202340538","chr4","11141283","11141584","41","191198949"
"chr1","202363752","202364059","chrX","127290140","127290448","42","75073612"
"chr1","202366238","202366541","chr1","168595556","168595859","34","33770682"
"chr1","202372937","202373235","chr5","94234310","94234606","34","108138627"
"chr1","202388190","202388505","chr1","150943574","150943865","53","51444616"
"chr1","202423673","202423983","chrX","15630442","15630752","46","186793231"
"chr1","202432272","202432566","chr1","15931085","15931383","36","186501187"
"chr1","202441853","202442147","chr19","24115699","24115985","40","178326154"
"chr1","202455987","202456277","chr11","43485145","43485437","40","158970842"
"chr1","202457268","202457580","chr5","97331411","97331721","44","105125857"
"chr1","202476402","202476697","chr10","121197224","121197521","40","81279178"
"chr1","202488749","202489060","chr9","14632502","14632808","56","187856247"
"chr1","202504113","202504406","chr19","17553942","17554236","43","184950171"
"chr1","202648180","202648468","chr1","197034847","197035133","50","5613333"
"chr1","202764355","202764663","chrX","107766457","107766766","42","94997898"
"chr1","202769388","202769696","chr7","45344118","45344429","45","157425270"
"chr1","202775574","202775879","chr2","159959895","159960193","39","42815679"
"chr1","202780169","202780489","chr15","20913964","20914267","50","181866205"
"chr1","202822866","202823099","chr22","31518540","31518771","32","171304326"
"chr1","202831726","202832034","chr19","24517003","24517289","50","178314723"
"chr1","202842432","202842713","chr1","37610147","37610426","46","165232285"
"chr1","202870539","202870824","chr6","147868787","147869076","40","55001752"
"chr1","202900582","202900870","chr2","8798514","8798801","35","194102068"
"chr1","202906667","202906961","chr7","67018368","67018662","30","135888299"
"chr1","202921178","202921474","chr7","6894852","6895150","31","196026326"
"chr1","202925824","202926127","chr7","49632330","49632627","42","153293494"
"chr1","202927700","202927997","chr7","6894852","6895150","40","196032848"
"chr1","202937818","202938089","chr11","123942134","123942398","38","78995684"
"chr1","202967515","202967816","chr22","6915827","6916123","51","196051688"
"chr1","202994963","202995253","chr13","92450310","92450595","46","110544653"
"chr1","203053252","203053568","chr21","40584762","40585072","47","162468490"
"chr1","203132565","203132876","chr19","24836786","24837094","47","178295779"
"chr1","203135377","203135673","chr13","40597284","40597579","38","162538093"
"chr1","203138812","203139118","chr15","61219971","61220268","37","141918841"
"chr1","203141573","203141882","chr12","55963104","55963411","44","147178469"
"chr1","203212413","203212700","chr10","113826954","113827238","35","89385459"
"chr1","203248066","203248366","chr13","35663090","35663393","41","167584976"
"chr1","203249836","203249932","chr4","122922863","122922957","19","80326973"
"chr1","203250011","203250297","chr14","51767928","51768212","37","151482083"
"chr1","203280435","203280743","chr7","58166645","58166955","56","145113790"
"chr1","203294403","203294674","chr9","113874562","113874835","42","89419841"
"chr1","203309817","203310116","chr4","156179473","156179777","54","47130344"
"chr1","203312335","203312634","chr1","157959927","157960225","40","45352408"
"chr1","203319802","203320083","chr19","16281211","16281488","42","187038591"
"chr1","203337106","203337408","chr4","15705730","15706030","43","187631376"
"chr1","203385045","203385345","chr5","92511557","92511857","38","110873488"
"chr1","203394797","203395091","chr1","15931085","15931383","39","187463712"
"chr1","203400630","203400920","chrX","11722716","11723009","36","191677914"
"chr1","203532787","203533086","chr7","72373538","72373831","38","131159249"
"chr1","203536176","203536472","chr19","25270200","25270484","41","178265976"
"chr1","203548280","203548567","chr18","28168242","28168528","42","175380038"
"chr1","203579153","203579464","chr8","91012702","91013008","44","112566451"
"chr1","203585139","203585441","chr1","168595556","168595859","38","34989583"
"chr1","203595641","203595922","chr15","95173986","95174244","58","108421655"
"chr1","203607627","203607934","chrX","86580996","86581293","49","117026631"
"chr1","203613513","203613819","chr10","90431710","90432016","39","113181803"
"chr1","203622285","203622600","chr5","833973","834283","47","202788312"
"chr1","203633483","203633712","chr4","71830291","71830529","44","131803192"
"chr1","203652139","203652445","chr18","39712282","39712591","44","163939857"
"chr1","203695939","203696226","chr15","41758838","41759130","37","161937101"
"chr1","203704468","203704779","chr13","97340307","97340616","47","106364161"
"chr1","203718306","203718598","chr22","30202132","30202421","39","173516174"
"chr1","203749728","203750036","chrX","39219992","39220300","41","164529736"
"chr1","203758157","203758448","chr13","43918238","43918525","44","159839919"
"chr1","203769107","203769397","chr13","61457918","61458205","41","142311189"
"chr1","203775118","203775417","chr3","165518689","165518997","47","38256429"
"chr1","203779471","203779775","chr5","129591545","129591851","40","74187926"
"chr1","203791976","203792285","chr3","165518689","165518997","48","38273287"
"chr1","203811811","203812116","chr12","44183194","44183496","45","159628617"
"chr1","203814836","203815129","chr8","96510016","96510309","40","107304820"
"chr1","203839788","203840102","chr1","168595556","168595859","41","35244232"
"chr1","203840103","203840237","chr2","55575957","55576091","16","148264146"
"chr1","203844156","203844468","chr1","138077483","138077787","50","65766673"
"chr1","203847854","203848157","chr5","38614488","38614784","37","165233366"
"chr1","203855057","203855349","chr15","20770296","20770585","42","183084761"
"chr1","203881677","203881977","chr7","6894852","6895150","45","196986825"
"chr1","203890299","203890606","chr1","168595556","168595859","36","35294743"
"chr1","203910791","203911097","chr1","193266464","193266759","38","10644327"
"chr1","203928488","203928787","chr10","14603732","14604030","34","189324756"
"chr1","203930869","203931164","chr20","29549977","29550272","38","174380892"
"chr1","203939020","203939320","chr10","14603732","14604030","38","189335288"
"chr1","203943623","203943924","chr6","141003358","141003658","41","62940265"
"chr1","204009883","204010183","chr4","156698023","156698319","43","47311860"
"chr1","204011018","204011303","chr4","11116373","11116655","40","192894645"
"chr1","204015461","204015777","chr17","73410423","73410719","80","130605038"
"chr1","204034774","204035064","chr4","33362777","33363069","38","170671997"
"chr1","204050606","204050913","chr7","6894852","6895150","47","197155754"
"chr1","204052988","204053272","chr19","25892847","25893137","33","178160141"
"chr1","204053336","204053620","chr19","25892847","25893137","35","178160489"
"chr1","204059927","204060241","chr12","33299560","33299868","46","170760367"
"chr1","204064637","204064929","chr17","62880704","62880997","54","141183933"
"chr1","204067815","204068125","chr9","8886595","8886904","46","195181220"
"chr1","204077794","204078114","chr7","102737006","102737318","50","101340788"
"chr1","204090397","204090710","chrX","124381299","124381609","40","79709098"
"chr1","204111699","204111843","chr10","86740300","86740444","34","117371399"
"chr1","204115688","204115965","chr4","34845790","34846071","43","169269898"
"chr1","204118006","204118302","chr5","94234310","94234606","35","109883696"
"chr1","204118340","204118642","chr1","178591743","178592033","60","25526597"
"chr1","204186438","204186729","chr4","16350054","16350344","38","187836384"
"chr1","204200322","204200627","chr13","43694410","43694711","45","160505912"
"chr1","204290708","204291005","chr7","41202096","41202396","38","163088612"
"chr1","204334617","204334922","chr6","17068239","17068542","51","187266378"
"chr1","204341905","204342200","chr7","25395929","25396223","46","178945976"
"chr1","204344318","204344621","chr12","83078942","83079243","35","121265376"
"chr1","204349257","204349562","chr2","18780256","18780558","35","185569001"
"chr1","204352092","204352404","chrX","45395851","45396165","38","158956241"
"chr1","204373078","204373382","chr3","142437232","142437540","54","61935846"
"chr1","204379514","204379819","chr22","29825053","29825352","45","174554461"
"chr1","204381987","204382279","chr14","43386246","43386546","38","160995741"
"chr1","204535547","204535839","chr1","169233439","169233727","48","35302108"
"chr1","204569900","204570201","chrX","16692831","16693132","41","187877069"
"chr1","204590012","204590304","chr12","84690705","84690998","42","119899307"
"chr1","204604914","204605198","chr19","26514266","26514535","44","178090648"
"chr1","204632349","204632647","chr19","26544278","26544574","35","178088071"
"chr1","204657971","204658277","chrX","47176701","47177007","34","157481270"
"chr1","204666681","204666986","chr9","104240252","104240561","36","100426429"
"chr1","204668313","204668600","chr7","70755193","70755479","36","133913120"
"chr1","204690021","204690312","chr10","16033492","16033786","38","188656529"
"chr1","204754299","204754611","chr5","122186797","122187095","45","82567502"
"chr1","204759270","204759612","chr13","12881556","12881873","70","191877714"
"chr1","204768849","204769133","chr1","140980803","140981087","46","63788046"
"chr1","204777408","204777696","chr5","38614488","38614784","46","166162920"
"chr1","204778684","204778984","chr5","2298333","2298635","42","202480351"
"chr1","204792745","204793049","chr7","27825392","27825700","51","176967353"
"chr1","204818386","204818687","chr5","124264788","124265092","40","80553598"
"chr1","204844599","204844672","chr7","80693470","80693543","11","124151129"
"chr1","204845238","204845485","chr5","30926229","30926477","52","173919009"
"chr1","204851322","204851632","chr3","106655459","106655766","44","98195863"
"chr1","204897741","204898037","chr20","27822433","27822727","42","177075308"
"chr1","204936195","204936500","chr5","134608851","134609157","39","70327344"
"chr1","205010620","205010927","chr10","127954939","127955242","36","77055681"
"chr1","205023353","205023674","chr7","56446062","56446383","51","148577291"
"chr1","205027356","205027484","chr14","97974268","97974389","16","107053088"
"chr1","205104240","205104551","chr1","184817871","184818171","49","20286369"
"chr1","205106313","205106617","chr1","202849760","202850061","45","2256553"
"chr1","205110028","205110319","chr4","167399917","167400204","53","37710111"
"chr1","205117046","205117353","chr12","51884744","51885046","45","153232302"
"chr1","205133599","205133901","chr1","65612520","65612822","51","139521079"
"chr1","205155388","205155692","chr3","106655459","106655766","49","98499929"
"chr1","205171972","205172255","chr5","31371357","31371639","33","173800615"
"chr1","205173112","205173420","chr21","35849518","35849828","48","169323594"
"chr1","205184917","205185212","chr15","41758838","41759130","40","163426079"
"chr1","205193589","205193887","chr10","18062344","18062642","38","187131245"
"chr1","205203205","205203485","chr6","93779145","93779423","59","111424060"
"chr1","205207081","205207378","chr1","13783933","13784234","38","191423148"
"chr1","205278951","205279260","chr12","27257719","27258031","41","178021232"
"chr1","205281863","205282168","chr2","13687630","13687935","44","191594233"
"chr1","205297639","205297938","chr14","43386246","43386546","37","161911393"
"chr1","205305700","205306013","chr2","10270322","10270631","44","195035378"
"chr1","205322365","205322603","chr11","67088509","67088747","48","138233856"
"chr1","205345456","205345764","chr19","27422184","27422481","46","177923272"
"chr1","205364543","205364839","chr19","27917078","27917370","44","177447465"
"chr1","205370337","205370627","chr1","135216932","135217218","44","70153405"
"chr1","205380585","205380851","chr15","7698304","7698571","32","197682281"
"chr1","205389038","205389348","chr1","82669756","82670065","35","122719282"
"chr1","205390075","205390376","chr5","126412354","126412653","43","78977721"
"chr1","205419476","205419765","chr5","51512940","51513223","52","153906536"
"chr1","205470767","205471077","chr7","33473055","33473357","45","171997712"
"chr1","205478434","205478694","chr22","15698901","15699162","41","189779533"
"chr1","205480180","205480477","chr6","149650544","149650836","37","55829636"
"chr1","205487649","205487946","chr12","23985616","23985915","44","181502033"
"chr1","205496394","205496673","chr9","44537673","44537953","40","160958721"
"chr1","205508867","205509155","chr13","1676664","1676953","39","203832203"
"chr1","205521208","205521513","chr5","26961498","26961795","41","178559710"
"chr1","205547262","205547558","chr14","32745447","32745743","42","172801815"
"chr1","205550649","205550925","chr1","15624742","15625015","39","189925907"
"chr1","205550972","205550991","chr10","17789322","17789342","6","187761650"
"chr1","205552878","205553196","chr6","17068239","17068542","57","188484639"
"chr1","205553530","205553750","chr5","492363","492583","37","205061167"
"chr1","205557193","205557491","chr16","33828417","33828713","40","171728776"
"chr1","205562636","205562936","chr16","38005025","38005333","40","167557611"
"chr1","205573692","205573996","chr6","17068239","17068542","47","188505453"
"chr1","205621519","205621817","chr14","36994514","36994806","29","168627005"
"chr1","205643915","205644222","chr5","140668797","140669102","42","64975118"
"chr1","205649276","205649570","chr5","5077481","5077778","49","200571795"
"chr1","205653828","205654141","chr12","31281547","31281855","34","174372281"
"chr1","205674305","205674628","chr4","35684777","35685097","50","169989528"
"chr1","205684548","205684787","chr19","27769433","27769672","32","177915115"
"chr1","205690600","205690903","chr2","31372053","31372354","42","174318547"
"chr1","205724414","205724693","chr3","111736801","111737080","44","93987613"
"chr1","205725041","205725180","chr8","105529389","105529524","23","100195652"
"chr1","205728976","205729267","chr14","63994771","63995061","39","141734205"
"chr1","205739998","205740304","chr11","77085186","77085488","49","128654812"
"chr1","205751745","205752057","chr9","11967801","11968108","47","193783944"
"chr1","205753094","205753362","chr7","57479178","57479455","42","148273916"
"chr1","205757805","205758121","chr12","107084348","107084652","49","98673457"
"chr1","205778307","205778612","chr9","99812855","99813159","44","105965452"
"chr1","205802887","205803182","chr19","27886998","27887296","33","177915889"
"chr1","205815701","205815964","chr7","90166386","90166659","45","115649315"
"chr1","205824414","205824716","chr13","99797880","99798169","53","106026534"
"chr1","205833853","205834147","chrX","8916050","8916338","33","196917803"
"chr1","205846105","205846395","chr11","116173867","116174160","37","89672238"
"chr1","205865408","205865708","chr19","27940989","27941289","37","177924419"
"chr1","205898937","205899070","chr11","97440761","97440894","15","108458176"
"chr1","205905965","205906260","chr9","107680524","107680812","41","98225441"
"chr1","205916820","205917124","chr19","27965304","27965601","49","177951516"
"chr1","205931466","205931766","chr2","18780256","18780558","37","187151210"
"chr1","205941158","205941470","chr2","171032147","171032451","48","34909011"
"chr1","206029304","206029552","chrX","121813692","121813947","44","84215612"
"chr1","206066335","206066626","chr3","138216033","138216322","36","67850302"
"chr1","206088407","206088704","chr15","76205965","76206264","38","129882442"
"chr1","206099323","206099618","chr1","98572733","98573027","36","107526590"
"chr1","206104184","206104486","chr22","33981676","33981980","42","172122508"
"chr1","206131587","206131897","chr2","9886138","9886441","42","196245449"
"chr1","206133386","206133696","chr2","12950404","12950714","44","193182982"
"chr1","206135875","206136184","chr6","17068239","17068542","46","189067636"
"chr1","206155353","206155661","chr10","39679505","39679806","53","166475848"
"chr1","206161554","206161843","chr1","77301807","77302094","35","128859747"
"chr1","206181113","206181441","chr9","98029843","98030162","52","108151270"
"chr1","206197635","206197931","chr4","156698023","156698319","38","49499612"
"chr1","206197941","206198081","chr6","47984408","47984551","15","158213533"
"chr1","206222893","206223073","chr8","88016741","88016912","22","118206152"
"chr1","206277688","206277999","chr14","78722586","78722888","51","127555102"
"chr1","206325335","206325642","chr19","28373303","28373605","50","177952032"
"chr1","206353365","206353598","chr12","41972566","41972794","26","164380799"
"chr1","206373090","206373393","chr1","48351088","48351393","45","158022002"
"chr1","206373453","206373742","chr1","65233227","65233518","42","141140226"
"chr1","206414020","206414335","chr15","77426351","77426662","45","128987669"
"chr1","206475453","206475753","chr5","92511557","92511857","44","113963896"
"chr1","206540900","206541194","chr5","132893438","132893729","38","73647462"
"chr1","206570110","206570393","chr22","41649645","41649920","45","164920465"
"chr1","206573185","206573246","chr2","17939165","17939227","9","188634020"
"chr1","206581317","206581611","chr14","83739394","83739686","43","122841923"
"chr1","206601288","206601597","chr19","28668819","28669126","37","177932469"
"chr1","206608771","206609072","chr22","33981676","33981980","30","172627095"
"chr1","206617390","206617682","chr9","110668585","110668877","43","95948805"
"chr1","206622191","206622498","chr22","28997304","28997607","48","177624887"
"chr1","206645837","206646149","chr12","18910665","18910972","40","187735172"
"chr1","206666600","206666898","chr5","83113160","83113466","44","123553440"
"chr1","206676926","206677229","chr19","28744469","28744768","36","177932457"
"chr1","206677741","206678048","chr1","27883875","27884177","48","178793866"
"chr1","206713585","206713891","chr9","42427653","42427954","48","164285932"
"chr1","206720353","206720658","chr1","96467171","96467470","55","110253182"
"chr1","206736661","206736959","chr13","57968754","57969046","44","148767907"
"chr1","206747628","206747921","chr3","142534037","142534332","34","64213591"
"chr1","206753546","206753827","chr19","28824151","28824430","37","177929395"
"chr1","206766963","206767271","chr20","22923582","22923882","40","183843381"
"chr1","206767726","206768029","chr6","17068239","17068542","37","189699487"
"chr1","206817758","206818063","chr3","106655459","106655766","41","100162299"
"chr1","206822920","206823224","chr19","28905649","28905959","44","177917271"
"chr1","206933869","206934160","chr8","5171533","5171821","49","201762336"
"chr1","206939716","206940017","chr19","29030482","29030777","40","177909234"
"chr1","206952702","206953015","chr16","50353254","50353563","56","156599448"
"chr1","206959206","206959530","chr12","1551146","1551485","64","205408060"
"chr1","207087873","207088115","chr17","74612855","74613103","33","132475018"
"chr1","207114486","207114791","chrX","47176701","47177007","44","159937785"
"chr1","207137637","207137917","chrX","105924911","105925188","40","101212726"
"chr1","207145094","207145400","chr10","117620910","117621216","39","89524184"
"chr1","207230984","207231286","chr5","35735021","35735325","33","171495963"
"chr1","207325053","207325352","chr22","28997304","28997607","38","178327749"
"chr1","207349187","207349479","chr4","30880097","30880395","36","176469090"
"chr1","207365697","207365991","chrX","107273049","107273349","49","100092648"
"chr1","207382121","207382405","chr1","189468811","189469090","43","17913310"
"chr1","207383830","207384128","chr6","17068239","17068542","41","190315591"
"chr1","207485949","207486256","chr5","15342496","15342804","39","192143453"
"chr1","207505164","207505460","chr1","77301807","77302094","54","130203357"
"chr1","207541357","207541653","chr7","113798427","113798728","43","93742930"
"chr1","207559914","207560210","chr7","113798427","113798728","43","93761487"
"chr1","207576969","207577275","chr1","168595556","168595859","41","38981413"
"chr1","207709554","207709856","chr22","28582730","28583032","48","179126824"
"chr1","207898083","207898344","chr9","18645261","18645527","37","189252822"
"chr1","207932314","207932603","chr11","43485145","43485437","38","164447169"
"chr1","207992114","207992419","chr3","106655459","106655766","46","101336655"
"chr1","208116890","208117182","chr13","20723712","20724002","39","187393178"
"chr1","208119601","208119913","chr13","61629335","61629642","41","146490266"
"chr1","208265892","208266181","chr15","49359997","49360293","42","158905895"
"chr1","208423321","208423594","chr2","61437492","61437763","41","146985829"
"chr1","208499889","208499997","chr2","171705474","171705580","14","36794415"
"chr1","208504985","208505294","chr6","116696421","116696730","43","91808564"
"chr1","208701001","208701311","chr7","145217718","145218024","44","63483283"
"chr1","208763124","208763425","chr2","168879156","168879455","43","39883968"
"chr1","208844403","208844628","chr1","168831576","168831792","45","40012827"
"chr1","208888765","208889069","chr22","28997304","28997607","34","179891461"
"chr1","208914071","208914384","chr14","79148123","79148432","40","129765948"
"chr1","208914823","208915117","chr11","123371423","123371718","36","85543400"
"chr1","209002931","209003230","chr19","917453","917749","43","208085478"
"chr1","209026438","209026737","chr20","22923582","22923882","38","186102856"
"chr1","209128316","209128433","chr12","109518504","109518621","25","99609812"
"chr1","209195451","209195735","chr3","16194284","16194570","50","193001167"
"chr1","209270686","209270993","chr2","59206808","59207104","47","150063878"
"chr1","209279117","209279423","chr22","29825053","29825352","40","179454064"
"chr1","209344587","209344858","chr17","34544521","34544794","38","174800066"
"chr1","209355105","209355419","chr5","101953882","101954194","45","107401223"
"chr1","209378821","209379106","chr1","108827556","108827838","46","100551265"
"chr1","209442797","209443096","chr9","45396887","45397186","48","164045910"
"chr1","209447564","209447872","chr1","82669756","82670065","42","126777808"
"chr1","209563495","209563793","chr12","28553718","28554019","40","181009777"
"chr1","209635420","209635701","chrX","108677319","108677604","41","100958101"
"chr1","209642465","209642778","chr18","39712282","39712591","41","169930183"
"chr1","209645435","209645738","chr9","20122679","20122976","39","189522756"
"chr1","209717574","209717898","chr1","168595556","168595859","52","41122018"
"chr1","209729077","209729363","chr19","31817790","31818080","30","177911287"
"chr1","209731719","209732006","chr10","16033492","16033786","41","193698227"
"chr1","209751146","209751437","chr6","147894727","147895020","34","61856419"
"chr1","209754738","209755006","chrX","39387728","39387995","36","170367010"
"chr1","209820018","209820321","chr1","185333960","185334259","40","24486058"
"chr1","209821662","209821979","chr4","160766248","160766567","53","49055414"
"chr1","209822290","209822552","chr19","31922264","31922526","29","177900026"
"chr1","209832613","209832885","chr21","35623967","35624238","43","174208646"
"chr1","209893060","209893332","chr19","14807382","14807644","37","195085678"
"chr1","209929166","209929466","chr5","112343419","112343719","37","97585747"
"chr1","209930420","209930711","chr7","69525922","69526215","46","140404498"
"chr1","209933674","209933965","chr18","9731948","9732239","38","200201726"
"chr1","209943255","209943537","chr7","96194147","96194420","49","113749108"
"chr1","210013088","210013369","chr3","19431374","19431672","52","190581714"
"chr1","210056841","210057144","chr7","6894852","6895150","43","203161989"
"chr1","210082975","210083290","chr9","112908463","112908769","60","97174512"
"chr1","210116333","210116642","chr10","90431710","90432016","49","119684623"
"chr1","210178884","210179182","chr6","119365724","119366021","40","90813160"
"chr1","210205078","210205383","chr4","30880097","30880395","49","179324981"
"chr1","210218313","210218614","chr8","50068578","50068880","48","160149735"
"chr1","210276401","210276634","chr20","20200931","20201157","40","190075470"
"chr1","210304846","210305122","chr15","94880481","94880751","42","115424365"
"chr1","210320060","210320366","chrX","98649902","98650213","49","111670158"
"chr1","210327304","210327416","chr5","62934145","62934254","16","147393159"
"chr1","210330815","210331121","chr19","14399146","14399450","54","195931669"
"chr1","210365622","210365915","chr19","14359956","14360255","40","196005666"
"chr1","210366350","210366647","chr19","14359203","14359519","54","196007147"
"chr1","210380259","210380564","chr6","17068239","17068542","44","193312020"
"chr1","210383058","210383343","chr8","111628886","111629177","41","98754172"
"chr1","210421461","210421744","chrX","17543907","17544194","36","192877554"
"chr1","210541447","210541748","chr22","28997304","28997607","34","181544143"
"chr1","210550676","210550967","chr17","73455682","73455975","36","137094994"
"chr1","210563946","210564261","chr17","54870851","54871173","46","155693095"
"chr1","210583948","210584240","chr15","26562213","26562515","46","184021735"
"chr1","210708978","210709251","chr9","42309743","42310027","52","168399235"
"chr1","210717824","210718134","chr1","184817871","184818171","46","25899953"
"chr1","210803113","210803401","chr1","163381580","163381871","41","47421533"
"chr1","210850217","210850522","chr9","101017703","101018007","54","109832514"
"chr1","210881018","210881302","chr5","82180645","82180927","51","128700373"
"chr1","211016627","211016943","chr5","2080907","2081217","46","208935720"
"chr1","211041753","211042054","chr1","209245053","209245349","42","1796700"
"chr1","211063459","211063756","chr19","13635775","13636065","39","197427684"
"chr1","211098039","211098350","chr2","37291410","37291713","63","173806629"
"chr1","211114985","211115287","chr22","31895458","31895761","58","179219527"
"chr1","211139737","211139921","chr10","17010288","17010473","23","194129449"
"chr1","211141018","211141318","chr10","126070729","126071027","35","85070289"
"chr1","211145399","211145686","chr3","188980572","188980859","49","22164827"
"chr1","211149203","211149511","chr2","171330283","171330586","40","39818920"
"chr1","211153078","211153380","chr5","23380593","23380893","51","187772485"
"chr1","211170874","211171179","chr7","66077660","66077969","45","145093214"
"chr1","211187016","211187315","chr22","29825053","29825352","39","181361963"
"chr1","211230451","211230789","chr22","24847365","24847700","63","186383086"
"chr1","211234492","211234787","chr5","144558989","144559284","35","66675503"
"chr1","211307207","211307493","chr2","67250902","67251188","41","144056305"
"chr1","211324191","211324489","chr15","49359997","49360293","44","161964194"
"chr1","211336659","211336958","chr14","37265042","37265338","44","174071617"
"chr1","211336960","211337031","chr15","22687697","22687765","11","188649263"
"chr1","211362403","211362697","chr6","17068239","17068542","43","194294164"
"chr1","211364891","211365193","chr6","17068239","17068542","41","194296652"
"chr1","211413091","211413372","chr2","68309966","68310243","41","143103125"
"chr1","211423499","211423786","chr13","69447885","69448168","42","141975614"
"chr1","211425554","211425849","chr6","48349798","48350093","41","163075756"
"chr1","211429707","211430017","chr8","94030215","94030516","44","117399492"
"chr1","211436066","211436371","chr5","36342260","36342561","42","175093806"
"chr1","211438333","211438646","chr4","36522598","36522895","45","174915735"
"chr1","211439472","211439774","chr2","170651743","170652040","65","40787729"
"chr1","211483180","211483473","chr5","26961498","26961795","41","184521682"
"chr1","211497393","211497528","chr1","171773189","171773324","17","39724204"
"chr1","211506729","211506864","chr22","17035586","17035722","13","194471143"
"chr1","211507177","211507330","chr2","14289663","14289811","29","197217514"
"chr1","211509741","211510050","chrUn_GL286451","117883","118189","43","211391858"
"chr1","211520149","211520463","chr22","40503125","40503432","41","171017024"
"chr1","211525801","211526112","chr10","37229551","37229853","43","174296250"
"chr1","211537833","211538119","chr6","22245167","22245459","45","189292666"
"chr1","211545871","211546159","chr4","16350054","16350344","34","195195817"
"chr1","211570471","211570768","chr7","1031266","1031558","50","210539205"
"chr1","211585810","211586112","chr20","22923582","22923882","40","188662228"
"chr1","211593568","211593705","chr22","17035586","17035722","16","194557982"
"chr1","211594002","211594182","chr13","35534487","35534672","33","176059515"
"chr1","211610329","211610621","chr13","43918238","43918525","43","167692091"
"chr1","211629751","211630024","chr2","80644634","80644911","46","130985117"
"chr1","211648774","211649066","chr12","29333369","29333657","38","182315405"
"chr1","211650079","211650373","chrX","47014209","47014503","39","164635870"
"chr1","211652756","211653065","chr14","19124339","19124646","38","192528417"
"chr1","211673127","211673440","chr3","106655459","106655766","43","105017668"
"chr1","211680271","211680581","chr12","27257719","27258031","42","184422552"
"chr1","211704907","211705209","chr6","17068239","17068542","54","194636668"
"chr1","211720470","211720769","chr19","12993799","12994091","35","198726671"
"chr1","211724262","211724563","chr20","23337174","23337477","42","188387088"
"chr1","211728155","211728460","chr12","91267902","91268208","39","120460253"
"chr1","211767137","211767435","chr1","37477985","37478284","41","174289152"
"chr1","211771500","211771796","chr2","9767135","9767430","44","202004365"
"chr1","211774133","211774415","chr9","57369063","57369338","48","154405070"
"chr1","211776287","211776537","chr9","99318006","99318247","45","112458281"
"chr1","211785611","211785906","chr15","22391678","22391973","38","189393933"
"chr1","211787221","211787509","chr21","43075982","43076273","47","168711239"
"chr1","211788401","211788709","chrX","47176701","47177007","38","164611700"
"chr1","211793448","211793731","chr15","37619139","37619418","34","174174309"
"chr1","211796974","211797277","chr6","17068239","17068542","43","194728735"
"chr1","211801803","211802116","chr19","23711730","23712031","53","188090073"
"chr1","211817827","211818134","chr1","27883875","27884177","42","183933952"
"chr1","211822495","211822793","chr5","94234310","94234606","33","117588185"
"chr1","211847394","211847684","chr7","47489633","47489927","34","164357761"
"chr1","211861856","211862156","chr15","22915647","22915946","36","188946209"
"chr1","211864328","211864645","chr4","40287458","40287769","48","171576870"
"chr1","211864894","211865204","chr15","1415638","1415950","50","210449256"
"chr1","211876128","211876433","chr2","162172264","162172572","41","49703864"
"chr1","211877851","211878154","chrX","16692831","16693132","38","195185020"
"chr1","211878386","211878680","chr19","12822587","12822882","32","199055799"
"chr1","211930251","211930557","chr1","164311115","164311418","42","47619136"
"chr1","211960763","211961041","chr19","12743195","12743465","45","199217568"
"chr1","211961428","211961728","chr5","94234310","94234606","33","117727118"
"chr1","211967181","211967472","chr4","136902204","136902496","38","75064977"
"chr1","211997597","211997893","chr7","80047681","80047980","40","131949916"
"chr1","212004065","212004357","chr11","20513555","20513852","47","191490510"
"chr1","212043550","212043850","chr22","28997304","28997607","45","183046246"
"chr1","212044324","212044618","chrX","107273049","107273349","37","104771275"
"chr1","212045953","212046075","chr16","69600209","69600334","16","142445744"
"chr1","212099252","212099533","chr5","44695769","44696048","39","167403483"
"chr1","212117156","212117454","chr5","94234310","94234606","42","117882846"
"chr1","212121344","212121619","chr18","44439312","44439587","40","167682032"
"chr1","212123263","212123396","chrUn_GL286373","488043","488175","15","211635220"
"chr1","212123704","212123881","chr5","92923149","92923319","37","119200555"
"chr1","212128011","212128286","chr15","27957096","27957370","35","184170915"
"chr1","212130734","212131049","chrX","92316634","92316949","41","119814100"
"chr1","212145383","212145667","chr19","6867541","6867823","36","205277842"
"chr1","212154318","212154629","chr6","17068239","17068542","45","195086079"
"chr1","212156428","212156710","chr19","12544614","12544878","47","199611814"
"chr1","212158577","212158866","chrX","17543907","17544194","40","194614670"
"chr1","212174541","212174832","chr1","145176527","145176816","35","66998014"
"chr1","212185190","212185265","chr7","79490405","79490480","7","132694785"
"chr1","212185291","212185329","chr11","117367672","117367713","8","94817619"
"chr1","212253419","212253721","chr7","148985140","148985448","44","63268279"
"chr1","212266024","212266297","chr16","92089757","92090031","44","120176267"
"chr1","212268493","212268768","chr1","191977192","191977461","38","20291301"
"chr1","212314558","212314861","chr7","129627052","129627353","48","82687506"
"chr1","212326316","212326605","chr5","99573543","99573835","41","112752773"
"chr1","212334283","212334574","chr2","7863053","7863343","59","204471230"
"chr1","212336103","212336414","chr7","90171236","90171541","45","122164867"
"chr1","212342956","212343251","chr19","12372881","12373174","46","199970075"
"chr1","212363419","212363730","chr6","17068239","17068542","41","195295180"
"chr1","212369499","212369799","chr8","96954708","96955008","38","115414791"
"chr1","212372004","212372312","chr5","94532768","94533076","43","117839236"
"chr1","212401676","212401974","chr14","83739394","83739686","34","128662282"
"chr1","212422133","212422441","chr5","129591545","129591851","44","82830588"
"chr1","212439970","212440281","chr5","94532768","94533076","40","117907202"
"chr1","212443393","212443689","chr13","26566423","26566724","61","185876970"
"chr1","212481652","212481942","chr5","63326522","63326817","43","149155130"
"chr1","212499182","212499498","chr5","128080562","128080880","51","84418620"
"chr1","212537264","212537562","chr6","13168853","13169146","36","199368411"
"chr1","212544920","212545184","chr16","94184511","94184771","39","118360409"
"chr1","212549144","212549440","chr14","83739394","83739686","41","128809750"
"chr1","212550940","212551229","chr7","96383773","96384067","45","116167167"
"chr1","212563352","212563663","chr19","12161609","12161921","43","200401743"
"chr1","212580328","212580605","chr6","132814369","132814657","61","79765959"
"chr1","212692473","212692737","chrX","107074395","107074658","31","105618078"
"chr1","212708178","212708461","chr5","79752580","79752868","47","132955598"
"chr1","212747761","212748065","chr5","149487359","149487663","44","63260402"
"chr1","212772378","212772703","chr3","21104959","21105285","60","191667419"
"chr1","212803159","212803483","chr19","11943645","11943975","44","200859514"
"chr1","212820373","212820662","chr10","13508919","13509206","39","199311454"
"chr1","212823187","212823470","chr15","68809459","68809748","47","144013728"
"chr1","212841758","212842060","chr15","22391678","22391973","41","190450080"
"chr1","212852388","212852567","chr2","66795192","66795379","34","146057196"
"chr1","212865486","212865781","chr16","61261331","61261629","31","151604155"
"chr1","212873025","212873339","chr21","36464719","36465028","52","176408306"
"chr1","212889485","212889773","chr19","11868149","11868432","46","201021336"
"chr1","212891127","212891455","chr9","57032244","57032574","68","155858883"
"chr1","212939969","212940056","chr13","13649090","13649176","18","199290879"
"chr1","212966782","212967043","chr3","47236608","47236860","56","165730174"
"chr1","212985420","212985716","chr9","99101995","99102300","42","113883425"
"chr1","213018934","213019235","chr1","63503705","63504005","41","149515229"
"chr1","213088370","213088662","chr19","11692505","11692791","33","201395865"
"chr1","213096407","213096680","chr9","99317171","99317443","46","113779236"
"chr1","213106934","213107241","chr1","138077483","138077787","41","75029451"
"chr1","213161323","213161620","chr19","11627406","11627697","36","201533917"
"chr1","213178259","213178569","chr7","22356297","22356598","46","190821962"
"chr1","213193245","213193561","chr5","108573768","108574076","53","104619477"
"chr1","213289758","213290038","chr5","31371357","31371639","31","181918401"
"chr1","213311894","213312186","chr4","158766463","158766761","41","54545431"
"chr1","213322024","213322306","chrX","17930524","17930805","43","195391500"
"chr1","213400697","213401006","chrUn_GL286451","117883","118189","40","213282814"
"chr1","213491266","213491540","chrX","90546446","90546718","51","122944820"
"chr1","213496476","213496778","chr7","82029024","82029320","41","131467452"
"chr1","213598636","213598915","chr22","41206671","41206946","40","172391965"
"chr1","213603578","213603889","chr1","210023077","210023381","46","3580501"
"chr1","213662267","213662577","chr15","24683449","24683755","54","188978818"
"chr1","213671549","213671813","chr7","44323093","44323354","44","169348456"
"chr1","213738713","213738832","chr2","46994144","46994263","11","166744569"
"chr1","213860798","213861107","chr22","42099915","42100227","48","171760883"
"chr1","213948991","213949252","chr19","10799256","10799505","46","203149735"
"chr1","213974222","213974502","chr4","159733342","159733603","51","54240880"
"chr1","214055749","214056060","chrX","47176701","47177007","39","166879048"
"chr1","214108392","214108699","chr7","45344118","45344429","41","168764274"
"chr1","214238566","214238928","chr19","10502249","10502546","92","203736317"
"chr1","214243089","214243366","chr8","32478813","32479091","48","181764276"
"chr1","214245207","214245500","chr9","111649807","111650101","45","102595400"
"chr1","214284568","214284815","chr16","9468269","9468513","33","204816299"
"chr1","214286489","214286769","chr20","38471285","38471567","55","175815204"
"chr1","214294386","214294688","chr12","115383799","115384092","46","98910587"
"chr1","214368701","214368990","chr10","16033492","16033786","36","198335209"
"chr1","214388396","214388707","chr6","17068239","17068542","38","197320157"
"chr1","214402164","214402459","chr21","43075982","43076273","38","171326182"
"chr1","214406205","214406501","chr1","87115579","87115873","46","127290626"
"chr1","214423700","214424005","chr12","83078942","83079243","44","131344758"
"chr1","214490566","214490828","chr13","39460953","39461216","43","175029613"
"chr1","214517709","214517960","chr19","10216220","10216467","38","204301489"
"chr1","214521937","214522234","chr14","83739394","83739686","41","130782543"
"chr1","214528649","214528947","chr4","43311502","43311796","39","171217147"
"chr1","214558558","214558848","chr8","104786596","104786893","45","109771962"
"chr1","214559887","214560212","chr6","41026834","41027145","54","173533053"
"chr1","214591876","214592169","chr2","35335828","35336125","43","179256048"
"chr1","214595087","214595377","chr11","70228462","70228754","44","144366625"
"chr1","214600178","214600475","chr9","115637925","115638221","40","98962253"
"chr1","214676209","214676517","chr1","168595556","168595859","37","46080653"
"chr1","214682185","214682493","chr10","14603732","14604030","43","200078453"
"chr1","214713710","214714024","chr7","45344118","45344429","55","169369592"
"chr1","214845572","214845864","chr1","137754148","137754444","41","77091424"
"chr1","214900725","214900899","chr6","24150949","24151130","33","190749776"
"chr1","214937262","214937525","chr7","76296293","76296554","52","138640969"
"chr1","214998776","214999087","chr10","117620910","117621216","47","97377866"
"chr1","215136108","215136397","chr19","9623403","9623690","53","205512705"
"chr1","215196088","215196386","chr3","38392861","38393158","45","176803227"
"chr1","215238563","215238833","chr16","92089757","92090031","40","123148806"
"chr1","215582550","215582861","chr1","150872655","150872961","45","64709895"
"chr1","215593858","215594159","chr13","87545369","87545669","37","128048489"
"chr1","215643010","215643297","chr2","80644634","80644911","43","134998376"
"chr1","215770828","215771155","chr3","21104959","21105285","63","194665869"
"chr1","215787764","215788005","chr16","22459303","22459543","43","193328461"
"chr1","216028106","216028386","chr20","23460105","23460387","40","192568001"
"chr1","216110944","216111260","chr4","43074425","43074733","53","173036519"
"chr1","216300742","216301049","chr19","8525044","8525356","51","207775698"
"chr1","216317566","216317874","chr1","184817871","184818171","45","31499695"
"chr1","216370077","216370386","chr10","90431710","90432016","45","125938367"
"chr1","216475493","216475674","chr12","112554458","112554640","33","103921035"
"chr1","216529831","216530133","chr6","17068239","17068542","42","199461592"
"chr1","216589648","216589926","chr1","204428237","204428521","46","12161411"
"chr1","216653833","216654142","chr20","8343644","8343954","59","208310189"
"chr1","216669604","216669904","chr3","152941248","152941549","42","63728356"
"chr1","216696971","216697265","chr16","8351943","8352237","35","208345028"
"chr1","216764277","216764568","chr6","147894727","147895020","33","68869550"
"chr1","216795332","216795640","chr21","40584762","40585072","43","176210570"
"chr1","216859982","216860261","chr6","157479174","157479450","44","59380808"
"chr1","216912840","216913141","chr5","72834097","72834398","53","144078743"
"chr1","216986433","216986743","chr12","100785810","100786105","67","116200623"
"chr1","217155436","217155747","chr6","106862679","106862987","44","110292757"
"chr1","217213663","217213947","chr1","117520902","117521184","45","99692761"
"chr1","217263255","217263566","chr16","298977","299284","43","216964278"
"chr1","217325375","217325678","chr5","2298333","2298635","43","215027042"
"chr1","217376886","217377177","chr19","7384414","7384696","45","209992472"
"chr1","217388329","217388597","chr12","15581161","15581439","55","201807168"
"chr1","217423420","217423732","chr5","69504080","69504387","52","147919340"
"chr1","217454613","217454927","chr2","12779024","12779323","80","204675589"
"chr1","217505820","217506077","chr20","490147","490398","42","217015673"
"chr1","217509059","217509317","chr2","17003008","17003267","46","200506051"
"chr1","217570127","217570412","chr22","15382419","15382702","37","202187708"
"chr1","217590025","217590321","chr15","49359997","49360293","35","168230028"
"chr1","217595495","217595799","chr5","86230872","86231167","42","131364623"
"chr1","217603611","217603922","chrUn_GL286856","3914","4216","43","217599697"
"chr1","217618706","217618976","chrY","144901","145172","35","217473805"
"chr1","217622547","217622841","chr5","10038314","10038610","42","207584233"
"chr1","217633464","217633536","chr19","7133746","7133818","9","210499718"
"chr1","217635422","217635697","chrUn_GL286627","17884","18158","37","217617538"
"chr1","217649197","217649495","chr1","157959927","157960225","43","59689270"
"chr1","217664290","217664594","chr14","1742492","1742796","40","215921798"
"chr1","217680643","217680946","chr18","39712282","39712591","41","177968361"
"chr1","217700580","217700903","chr10","76979144","76979458","64","140721436"
"chr1","217700979","217701273","chr15","7680588","7680875","45","210020391"
"chr1","217730220","217730520","chr4","36563326","36563622","42","181166894"
"chr1","217797240","217797549","chr3","106655459","106655766","47","111141781"
"chr1","217803736","217804045","chr10","35587352","35587663","45","182216384"
"chr1","217863116","217863429","chrX","47176701","47177007","48","170686415"
"chr1","217868665","217868981","chr21","37242502","37242812","54","180626163"
"chr1","217894503","217894670","chr7","85958195","85958373","41","131936308"
"chr1","217894973","217895100","chr9","113277693","113277817","20","104617280"
"chr1","217898360","217898658","chr5","120684415","120684709","51","97213945"
"chr1","217943568","217943821","chr5","492363","492583","71","217451205"
"chr1","217991070","217991378","chr1","26088103","26088403","46","191902967"
"chr1","217996203","217996473","chr19","6744154","6744425","48","211252049"
"chr1","218045702","218045974","chr2","63221999","63222273","47","154823703"
"chr1","218102946","218103254","chr3","47736656","47736965","39","170366290"
"chr1","218131728","218132028","chr19","6624819","6625120","42","211506909"
"chr1","218140595","218140906","chr3","106655459","106655766","39","111485136"
"chr1","218184253","218184530","chr10","90160237","90160518","42","128024016"
"chr1","218283843","218284141","chr15","17471539","17471830","42","200812304"
"chr1","218327311","218327603","chr19","6448197","6448492","41","211879114"
"chr1","218354902","218355199","chr19","6421622","6421922","44","211933280"
"chr1","218404128","218404416","chr5","10876020","10876309","49","207528108"
"chr1","218411588","218411882","chr3","64986478","64986781","42","153425110"
"chr1","218413090","218413331","chr15","16343258","16343496","35","202069832"
"chr1","218454001","218454291","chr5","1667879","1668174","47","216786122"
"chr1","218464252","218464534","chr10","124125547","124125831","41","94338705"
"chr1","218483041","218483339","chr12","16856383","16856691","48","201626658"
"chr1","218483973","218484256","chr9","44537673","44537953","53","173946300"
"chr1","218490949","218491233","chr1","40046052","40046333","40","178444897"
"chr1","218555656","218555951","chr9","99776089","99776389","40","118779567"
"chr1","218563988","218564265","chr19","4188463","4188738","36","214375525"
"chr1","218606560","218606871","chr5","2508969","2509278","54","216097591"
"chr1","218666594","218666877","chrX","21470063","21470355","38","197196531"
"chr1","218714216","218714487","chr15","21507391","21507663","43","197206825"
"chr1","218721235","218721517","chr17","69931558","69931839","46","148789677"
"chr1","218798277","218798573","chr2","29467750","29468049","57","189330527"
"chr1","218896791","218897123","chr4","38408418","38408740","64","180488373"
"chr1","218899621","218899920","chr10","126070729","126071027","49","92828892"
"chr1","219026678","219026973","chr12","100785810","100786105","47","118240868"
"chr1","219125244","219125544","chrX","45981223","45981523","46","173144021"
"chr1","219151150","219151458","chr5","83113160","83113466","39","136037990"
"chr1","219354202","219354495","chr5","94234310","94234606","45","125119892"
"chr1","219400501","219400799","chr19","5295329","5295626","40","214105172"
"chr1","219595260","219595574","chr12","31281547","31281855","51","188313713"
"chr1","219595710","219595997","chr15","68809459","68809748","44","150786251"
"chr1","219604264","219604547","chr19","5095615","5095894","37","214508649"
"chr1","219635044","219635355","chr19","5069406","5069712","41","214565638"
"chr1","219658013","219658305","chr1","186704593","186704886","37","32953420"
"chr1","219667548","219667833","chr2","108856787","108857066","55","110810761"
"chr1","219671455","219671763","chr10","16033492","16033786","54","203637963"
"chr1","219764365","219764671","chr4","158989006","158989316","43","60775359"
"chr1","219796215","219796495","chr2","141091123","141091408","52","78705092"
"chr1","219874191","219874488","chr19","31483805","31484097","45","188390386"
"chr1","219898803","219899103","chr19","4801567","4801865","38","215097236"
"chr1","219899108","219899375","chr22","5379353","5379621","49","214519755"
"chr1","219931481","219931780","chr19","4760915","4761210","42","215170566"
"chr1","219954399","219954704","chr7","13017719","13018023","35","206936680"
"chr1","219956532","219956664","chr19","4734598","4734726","16","215221934"
"chr1","219983613","219983911","chr19","25486163","25486460","41","194497450"
"chr1","220001359","220001636","chr10","15634508","15634789","58","204366851"
"chr1","220020885","220021182","chr19","4659081","4659370","39","215361804"
"chr1","220030811","220031106","chr7","6894852","6895150","36","213135959"
"chr1","220050926","220051229","chr20","27822433","27822727","40","192228493"
"chr1","220054605","220054907","chr11","111117466","111117768","33","108937139"
"chr1","220058529","220058828","chr2","18780256","18780558","46","201278273"
"chr1","220086275","220086573","chr15","6011216","6011510","48","214075059"
"chr1","220095075","220095338","chr7","12587592","12587853","37","207507483"
"chr1","220106616","220106930","chr8","91012702","91013008","44","129093914"
"chr1","220110050","220110359","chr2","94752074","94752384","52","125357976"
"chr1","220120382","220120675","chrX","43541005","43541298","44","176579377"
"chr1","220128905","220129181","chr9","66208858","66209116","41","153920047"
"chr1","220131172","220131361","chr4","134812114","134812292","38","85319058"
"chr1","220131651","220131785","chr4","43236196","43236331","13","176895455"
"chr1","220135365","220135659","chr5","94234310","94234606","42","125901055"
"chr1","220136139","220136431","chr15","1284466","1284757","38","218851673"
"chr1","220152076","220152376","chr7","50809255","50809555","35","169342821"
"chr1","220155955","220156250","chr5","52498828","52499124","35","167657127"
"chr1","220159736","220160046","chr19","4485186","4485500","44","215674550"
"chr1","220202661","220202971","chr10","90431710","90432016","43","129770951"
"chr1","220299807","220300112","chr11","66981130","66981438","44","153318677"
"chr1","220305754","220306032","chr10","60017760","60018041","48","160287994"
"chr1","220324564","220324839","chr22","32224724","32225003","49","188099840"
"chr1","220392470","220392778","chr5","83113160","83113466","53","137279310"
"chr1","220394927","220395215","chr3","110525473","110525756","38","109869454"
"chr1","220417324","220417609","chr19","4230249","4230538","24","216187075"
"chr1","220496449","220496769","chr9","8886595","8886904","54","211609854"
"chr1","220557294","220557579","chr7","89457490","89457780","58","131099804"
"chr1","220578845","220579144","chr21","40446927","40447225","42","180131918"
"chr1","220626542","220626834","chr6","93359075","93359367","49","127267467"
"chr1","220678454","220678724","chr6","9386663","9386935","34","211291791"
"chr1","220699442","220699742","chr11","20691935","20692246","50","200007507"
"chr1","220729337","220729639","chr19","3898214","3898509","27","216831123"
"chr1","220950375","220950690","chr19","48596628","48596929","48","172353747"
"chr1","220967750","220968061","chr2","114528005","114528309","53","106439745"
"chr1","220993897","220994149","chr19","4303650","4303899","45","216690247"
"chr1","221013302","221013596","chr10","16033492","16033786","41","204979810"
"chr1","221075398","221075719","chr7","52547757","52548059","57","168527641"
"chr1","221077192","221077496","chr12","107084348","107084652","44","113992844"
"chr1","221147070","221147349","chr10","101732804","101733077","44","119414266"
"chr1","221150438","221150721","chr19","3473580","3473861","43","217676858"
"chr1","221190041","221190336","chr10","94123570","94123871","53","127066471"
"chr1","221295200","221295493","chr1","137754148","137754444","44","83541052"
"chr1","221311381","221311675","chr5","143023404","143023700","41","78287977"
"chr1","221324361","221324534","chr2","72266528","72266684","48","149057833"
"chr1","221330580","221330870","chr14","63994771","63995061","39","157335809"
"chr1","221417437","221417747","chr3","108570361","108570666","42","112847076"
"chr1","221453667","221453969","chr5","2555257","2555561","44","218898410"
"chr1","221602785","221603069","chr18","20785989","20786271","47","200816796"
"chr1","221610854","221611124","chr4","37824304","37824582","39","183786550"
"chr1","221633180","221633475","chr13","8604548","8604844","42","213028632"
"chr1","221697679","221697958","chr9","113267427","113267709","50","108430252"
"chr1","221755303","221755601","chr22","28997304","28997607","37","192757999"
"chr1","221802932","221803189","chr13","15443880","15444138","43","206359052"
"chr1","221922485","221922787","chr19","2698165","2698474","49","219224320"
"chr1","221997701","221998013","chr5","125737225","125737535","47","96260476"
"chr1","222068694","222068777","chr10","74413128","74413211","11","147655566"
"chr1","222154594","222154906","chr7","144982540","144982842","46","77172054"
"chr1","222189009","222189297","chr1","204428237","204428521","54","17760772"
"chr1","222250770","222251051","chr1","75555059","75555337","58","146695711"
"chr1","222449755","222450056","chr12","83078942","83079243","35","139370813"
"chr1","222515238","222515543","chr1","168595556","168595859","44","53919682"
"chr1","222520252","222520387","chr4","43236196","43236331","14","179284056"
"chr1","222520689","222520800","chr5","110026400","110026508","20","112494289"
"chr1","222532337","222532629","chrUn_GL287824","14710","15005","40","222517627"
"chr1","222542529","222542822","chr5","94234310","94234606","44","128308219"
"chr1","222582901","222583211","chr3","165648344","165648651","52","56934557"
"chr1","222646139","222646440","chr7","45266716","45267022","40","177379423"
"chr1","222689161","222689441","chr15","5690439","5690726","45","216998722"
"chr1","222695210","222695503","chr5","79173819","79174110","37","143521391"
"chr1","222701724","222702023","chr8","93697187","93697481","40","129004537"
"chr1","222706587","222706876","chr6","144098416","144098697","47","78608171"
"chr1","222708027","222708319","chr4","38209077","38209362","33","184498950"
"chr1","222708380","222708667","chr10","16033492","16033786","48","206674888"
"chr1","222715426","222715571","chr11","8933852","8933994","17","213781574"
"chr1","222741049","222741361","chr16","74139192","74139501","50","148601857"
"chr1","222762829","222763109","chr17","69931558","69931839","41","152831271"
"chr1","222772473","222772782","chr1","27883875","27884177","50","194888598"
"chr1","222779732","222780021","chr5","8464809","8465101","38","214314923"
"chr1","222806597","222806907","chr9","99935150","99935455","43","122871447"
"chr1","222830389","222830680","chr12","29333369","29333657","43","193497020"
"chr1","222949112","222949424","chr10","90431710","90432016","53","132517402"
"chr1","222949623","222949926","chrX","40018448","40018754","39","182931175"
"chr1","222955094","222955384","chr3","45658377","45658667","43","177296717"
"chr1","222984124","222984422","chr15","27004995","27005293","57","195979129"
"chr1","223010209","223010514","chr12","83078942","83079243","35","139931267"
"chr1","223015837","223016137","chr4","26335541","26335842","44","196680296"
"chr1","223040755","223041064","chr3","106655459","106655766","42","116385296"
"chr1","223065784","223066096","chr12","27257719","27258031","43","195808065"
"chr1","223071239","223071535","chr7","77478031","77478330","48","145593208"
"chr1","223095290","223095596","chr9","115558616","115558918","45","107536674"
"chr1","223105050","223105359","chr6","7892688","7892995","42","215212362"
"chr1","223107751","223108047","chr5","26961498","26961795","40","196146253"
"chr1","223115249","223115550","chr3","123910184","123910483","47","99205065"
"chr1","223118265","223118561","chr6","147894727","147895020","32","75223538"
"chr1","223201204","223201339","chr8","105529389","105529524","13","117671815"
"chr1","223355080","223355373","chr6","147894727","147895020","37","75460353"
"chr1","223416840","223417153","chr5","4793924","4794233","59","218622916"
"chr1","223433131","223433433","chr5","52498828","52499124","42","170934303"
"chr1","223529659","223529951","chr1","194635066","194635353","50","28894593"
"chr1","223532165","223532445","chr19","1300173","1300464","47","222231992"
"chr1","223621864","223622104","chr3","184898374","184898604","33","38723490"
"chr1","223654661","223654986","chr7","43526515","43526841","55","180128146"
"chr1","223658521","223658828","chr6","47097678","47097981","49","176560843"
"chr1","223692209","223692498","chr12","43658639","43658939","40","180033570"
"chr1","223697171","223697481","chrX","64005210","64005515","46","159691961"
"chr1","223702144","223702452","chr6","17068239","17068542","41","206633905"
"chr1","223704009","223704307","chr7","146273567","146273869","42","77430442"
"chr1","223744579","223744797","chr22","4284952","4285161","34","219459627"
"chr1","223744798","223745056","chr9","97532844","97533097","44","126211954"
"chr1","223745504","223745625","chr2","13193728","13193848","14","210551776"
"chr1","223746476","223746779","chr19","18353916","18354217","44","205392560"
"chr1","223764444","223764752","chr1","168595556","168595859","46","55168888"
"chr1","223782503","223782752","chrUn_GL286397","204143","204413","48","223578360"
"chr1","223839658","223839947","chr5","74809771","74810060","50","149029887"
"chr1","223854440","223854568","chr5","74477520","74477649","19","149376920"
"chr1","223854868","223855054","chr11","73238953","73239132","36","150615915"
"chr1","223879547","223879857","chr22","36283325","36283636","43","187596222"
"chr1","223883070","223883373","chr9","20122679","20122976","44","203760391"
"chr1","223887024","223887317","chr19","1014181","1014472","44","222872843"
"chr1","223917044","223917349","chr6","17068239","17068542","39","206848805"
"chr1","223944250","223944519","chr19","23560118","23560385","41","200384132"
"chr1","223988674","223988809","chr4","43236196","43236331","14","180752478"
"chr1","223989113","223989288","chr17","34108233","34108402","31","189880880"
"chr1","224028057","224028353","chr15","1426884","1427178","39","222601173"
"chr1","224048496","224048789","chr14","63899008","63899305","33","160149488"
"chr1","224062400","224062686","chr5","94234310","94234606","47","129828090"
"chr1","224075656","224075956","chr6","73505999","73506291","44","150569657"
"chr1","224083490","224083794","chr20","35037813","35038115","41","189045677"
"chr1","224088243","224088553","chr2","128120969","128121276","52","95967274"
"chr1","224093175","224093470","chr7","32099825","32100120","31","191993350"
"chr1","224094237","224094528","chr19","954631","954917","39","223139606"
"chr1","224103619","224103920","chr22","28997304","28997607","46","195106315"
"chr1","224104039","224104320","chr19","22748565","22748846","37","201355474"
"chr1","224117732","224117914","chr3","165836825","165837009","26","58280907"
"chr1","224130060","224130350","chr10","116747550","116747837","37","107382510"
"chr1","224136753","224137051","chr2","39166809","39167108","43","184969944"
"chr1","224142369","224142448","chr15","24512458","24512536","17","199629911"
"chr1","224143866","224144167","chr8","95385992","95386289","47","128757874"
"chr1","224166943","224167254","chr19","883735","884043","39","223283208"
"chr1","224173319","224173611","chr22","35530146","35530439","35","188643173"
"chr1","224176517","224176652","chr9","108604835","108604967","18","115571682"
"chr1","224176960","224177134","chrX","108352935","108353103","36","115824025"
"chr1","224177343","224177643","chr5","86230872","86231167","44","137946471"
"chr1","224179999","224180290","chr9","99227652","99227945","37","124952347"
"chr1","224202091","224202394","chr15","20018055","20018360","40","204184036"
"chr1","224209558","224209847","chr2","14817396","14817687","45","209392162"
"chr1","224212004","224212300","chr6","109618442","109618737","31","114593562"
"chr1","224216249","224216557","chrX","127832393","127832699","44","96383856"
"chr1","224217476","224217782","chr6","112846301","112846609","37","111371175"
"chr1","224222623","224222934","chrX","52368989","52369294","46","171853634"
"chr1","224235154","224235466","chr21","38427933","38428243","45","185807221"
"chr1","224246754","224247074","chr3","106655459","106655766","55","117591295"
"chr1","224256144","224256447","chr7","13017719","13018023","40","211238425"
"chr1","224259094","224259379","chr3","45152244","45152520","44","179106850"
"chr1","224276246","224276537","chr5","138347025","138347319","46","85929221"
"chr1","224292754","224293054","chrX","40208271","40208570","48","184084483"
"chr1","224316856","224317159","chr22","28997304","28997607","35","195319552"
"chr1","224321435","224321772","chr4","71396154","71396476","75","152925281"
"chr1","224331052","224331189","chr8","29474193","29474329","12","194856859"
"chr1","224335173","224335385","chrX","140817948","140818150","38","83517225"
"chr1","224336073","224336387","chr5","60529593","60529894","45","163806480"
"chr1","224339062","224339363","chr20","23337174","23337477","41","201001888"
"chr1","224355039","224355343","chr9","99935150","99935455","44","124419889"
"chr1","224361115","224361417","chr13","43694410","43694711","36","180666705"
"chr1","224377487","224377779","chr5","60529593","60529894","33","163847894"
"chr1","224452153","224452448","chr7","80047681","80047980","38","144404472"
"chr1","224483391","224483696","chr21","36290256","36290554","48","188193135"
"chr1","224500395","224500694","chr19","503895","504196","51","223996500"
"chr1","224509041","224509319","chr2","80644634","80644911","41","143864407"
"chr1","224537958","224538248","chr5","50718053","50718343","39","173819905"
"chr1","224706952","224707255","chr13","31331915","31332215","42","193375037"
"chr1","224757961","224758138","chrX","106480049","106480214","35","118277912"
"chr1","224758165","224758283","chr7","131572147","131572266","9","93186018"
"chr1","224790843","224791140","chr10","79313181","79313476","33","145477662"
"chr1","224797570","224797920","chr14","85225132","85225479","79","139572438"
"chr1","224812268","224812563","chr20","29549977","29550272","37","195262291"
"chr1","224909440","224909731","chr4","156698023","156698319","35","68211417"
"chr1","225095976","225096281","chr12","98175864","98176149","52","126920112"
"chr1","225142647","225142936","chr5","112572984","112573270","40","112569663"
"chr1","225162855","225163167","chr8","97001630","97001940","44","128161225"
"chr1","225181905","225182214","chr14","68680785","68681094","53","156501120"
"chr1","225285267","225285566","chr4","26335541","26335842","42","198949726"
"chr1","225374271","225374560","chr11","67036150","67036441","36","158338121"
"chr1","225376145","225376441","chr1","98572733","98573027","42","126803412"
"chr1","225397764","225398069","chr18","38487048","38487351","43","186910716"
"chr1","225430909","225431182","chr22","6173033","6173300","50","219257876"
"chr1","225433243","225433553","chr13","57450897","57451206","45","167982346"
"chr1","225434761","225435061","chr13","39885762","39886059","36","185548999"
"chr1","225448982","225449293","chr4","23117480","23117789","45","202331502"
"chr1","225450267","225450578","chr10","90431710","90432016","38","135018557"
"chr1","225479637","225479936","chr10","117620910","117621216","48","107858727"
"chr1","225499390","225499699","chr2","35522640","35522948","41","189976750"
"chr1","225506230","225506487","chr2","151454707","151454964","40","74051523"
"chr1","225520012","225520309","chr19","18248485","18248786","32","207271527"
"chr1","225552952","225553251","chr1","202849760","202850061","42","22703192"
"chr1","225557542","225557834","chr17","1254415","1254710","35","224303127"
"chr1","225560223","225560495","chr13","101231461","101231736","41","124328762"
"chr1","225571097","225571400","chr11","14697218","14697525","49","210873879"
"chr1","225580639","225580931","chr10","82178981","82179276","54","143401658"
"chr1","225584959","225585245","chr21","40370081","40370362","50","185214878"
"chr1","225586744","225586926","chr12","112554458","112554640","26","113032286"
"chr1","225619262","225619561","chrX","17021103","17021398","36","208598159"
"chr1","225629304","225629602","chr7","6894852","6895150","36","218734452"
"chr1","225676034","225676165","chr2","118751693","118751823","13","106924341"
"chr1","225676169","225676474","chr1","153772637","153772934","46","71903532"
"chr1","225678460","225678548","chr1","180878830","180878920","10","44799630"
"chr1","225682194","225682477","chr10","113826954","113827238","41","111855240"
"chr1","225698747","225699054","chr2","858886","859191","46","224839861"
"chr1","225728648","225728948","chr12","2070710","2071010","43","223657938"
"chr1","225732483","225732786","chr19","18047197","18047497","23","207685286"
"chr1","225734497","225734786","chr19","24203448","24203737","34","201531049"
"chr1","225738254","225738565","chrX","47176701","47177007","37","178561553"
"chr1","225742790","225743099","chr19","18034576","18034874","33","207708214"
"chr1","225758646","225758932","chr12","5182050","5182334","52","220576596"
"chr1","225771466","225771768","chr6","119365724","119366021","42","106405742"
"chr1","225785680","225785985","chr19","38640517","38640819","43","187145163"
"chr1","225791016","225791170","chr15","26415621","26415775","26","199375395"
"chr1","225803791","225804088","chr19","17972472","17972765","36","207831319"
"chr1","225807775","225808072","chr9","45396887","45397186","45","180410888"
"chr1","225818820","225818955","chrX","63436555","63436688","30","162382265"
"chr1","225819256","225819413","chr4","34157283","34157451","29","191661973"
"chr1","225821248","225821545","chr10","16033492","16033786","32","209787756"
"chr1","225826182","225826469","chr22","4907544","4907838","52","220918638"
"chr1","225863635","225863940","chr3","106655459","106655766","36","119208176"
"chr1","225894377","225894661","chr9","17953510","17953783","47","207940867"
"chr1","225932224","225932538","chr1","82669756","82670065","42","143262468"
"chr1","225935463","225935675","chr9","116017064","116017275","33","109918399"
"chr1","225981962","225982259","chr6","149299474","149299765","37","76682488"
"chr1","225986067","225986356","chr19","17808040","17808328","60","208178027"
"chr1","225989349","225989653","chr2","31372053","31372354","38","194617296"
"chr1","226004130","226004412","chr4","10978931","10979218","37","215025199"
"chr1","226005888","226006187","chrX","45395851","45396165","58","180610037"
"chr1","226008386","226008696","chr9","11967801","11968108","42","214040585"
"chr1","226018351","226018486","chr8","105529389","105529524","15","120488962"
"chr1","226038070","226038365","chr1","168595556","168595859","36","57442514"
"chr1","226042966","226043272","chr2","61800729","61801029","36","164242237"
"chr1","226053654","226053892","chr4","134634648","134634893","38","91419006"
"chr1","226059080","226059376","chr5","94234310","94234606","36","131824770"
"chr1","226060107","226060403","chr2","40596894","40597189","46","185463213"
"chr1","226077143","226077280","chr1","108326226","108326361","19","117750917"
"chr1","226077577","226077743","chr3","39961452","39961617","34","186116125"
"chr1","226084155","226084466","chr5","15342496","15342804","44","210741659"
"chr1","226088053","226088361","chr9","99935150","99935455","48","126152903"
"chr1","226092384","226092684","chrX","40208271","40208570","37","185884113"
"chr1","226095962","226096264","chr19","17700824","17701133","41","208395138"
"chr1","226103638","226103948","chr2","60819266","60819572","39","165284372"
"chr1","226105359","226105658","chr4","15705730","15706030","46","210399629"
"chr1","226113925","226114254","chr12","27257719","27258031","60","198856206"
"chr1","226119952","226120262","chrX","47176701","47177007","43","178943251"
"chr1","226129537","226129818","chr6","151058379","151058657","47","75071158"
"chr1","226140472","226140558","chr10","68182500","68182585","8","157957972"
"chr1","226140738","226141045","chr21","40584762","40585072","43","185555976"
"chr1","226165165","226165470","chr1","168595556","168595859","45","57569609"
"chr1","226182335","226182625","chr9","42253130","42253423","46","183929205"
"chr1","226196358","226196604","chr1","43724514","43724757","26","182471844"
"chr1","226197540","226197836","chr22","36640923","36641218","35","189556617"
"chr1","226198193","226198492","chr17","19805804","19806104","39","206392389"
"chr1","226207361","226207653","chr3","45658377","45658667","37","180548984"
"chr1","226230546","226230842","chr4","12463368","12463662","47","213767178"
"chr1","226237667","226237971","chr1","202849760","202850061","36","23387907"
"chr1","226243413","226243717","chr6","17068239","17068542","33","209175174"
"chr1","226243887","226244175","chr14","63994771","63995061","38","162249116"
"chr1","226244184","226244456","chr3","6494628","6494898","44","219749556"
"chr1","226251064","226251229","chr5","131703068","131703238","33","94547996"
"chr1","226251528","226251660","chr20","41847193","41847324","13","184404335"
"chr1","226264565","226264878","chr2","63925527","63925835","51","162339038"
"chr1","226272052","226272355","chr4","110072542","110072840","43","116199510"
"chr1","226273835","226274132","chr6","17068239","17068542","37","209205596"
"chr1","226295169","226295452","chr7","70755193","70755479","35","155539976"
"chr1","226298579","226298909","chr16","9086565","9086873","77","217212014"
"chr1","226300575","226300870","chr1","172257719","172258009","35","54042856"
"chr1","226304917","226305183","chr19","17492754","17493014","35","208812163"
"chr1","226318937","226319231","chr10","81511499","81511789","44","144807438"
"chr1","226328183","226328494","chr7","53651921","53652230","40","172676262"
"chr1","226330156","226330466","chr22","33981676","33981980","47","192348480"
"chr1","226334531","226334663","chr9","112099686","112099818","15","114234845"
"chr1","226334802","226335118","chr5","150153039","150153350","39","76181763"
"chr1","226338713","226338976","chr22","27309991","27310258","40","199028722"
"chr1","226346493","226346802","chr5","2840514","2840824","45","223505979"
"chr1","226349532","226349831","chr10","7401926","7402222","42","218947606"
"chr1","226357132","226357461","chr12","27257719","27258031","63","199099413"
"chr1","226386988","226387284","chr1","193707550","193707844","39","32679438"
"chr1","226405341","226405605","chr2","12461550","12461810","45","213943791"
"chr1","226513394","226513681","chr1","98572733","98573027","43","127940661"
"chr1","226573839","226574135","chr4","156698023","156698319","35","69875816"
"chr1","226592908","226593203","chr10","14603732","14604030","36","211989176"
"chr1","226669864","226670173","chrUn_GL286451","117883","118189","49","226551981"
"chr1","226741999","226742307","chr9","99776089","99776389","34","126965910"
"chr1","226744281","226744567","chr2","2824671","2824953","37","223919610"
"chr1","226752827","226753138","chr1","156927757","156928060","47","69825070"
"chr1","226758447","226758749","chr4","36904943","36905240","44","189853504"
"chr1","226765614","226765923","chr6","17068239","17068542","44","209697375"
"chr1","226773068","226773356","chr20","12359908","12360197","47","214413160"
"chr1","226774561","226774830","chr11","120908157","120908415","56","105866404"
"chr1","226789700","226789988","chr11","120356023","120356312","45","106433677"
"chr1","226805913","226806212","chr2","55476417","55476716","41","171329496"
"chr1","226815766","226816065","chrUn_GL286262","40235","40532","42","226775531"
"chr1","226839391","226839645","chr10","34329847","34330103","47","192509544"
"chr1","226861065","226861362","chr22","45325164","45325459","44","181535901"
"chr1","226869186","226869480","chr15","38532091","38532380","42","188337095"
"chr1","226904639","226904950","chr5","97331411","97331721","40","129573228"
"chr1","227022150","227022445","chr16","94234736","94235025","44","132787414"
"chr1","227024961","227025266","chr1","27883875","27884177","49","199141086"
"chr1","227060718","227061020","chr5","134608851","134609157","33","92451867"
"chr1","227088738","227089024","chr7","58655269","58655556","39","168433469"
"chr1","227090529","227090827","chr4","168156555","168156848","44","58933974"
"chr1","227111492","227111782","chr8","890925","891225","38","226220567"
"chr1","227151791","227152037","chr3","139590987","139591221","64","87560804"
"chr1","227176003","227176252","chr19","16658655","16658910","41","210517348"
"chr1","227200149","227200488","chrX","34517534","34517872","67","192682615"
"chr1","227247216","227247500","chr7","58160492","58160776","43","169086724"
"chr1","227262951","227263252","chr19","16569886","16570185","36","210693065"
"chr1","227279775","227280073","chr10","16033492","16033786","39","211246283"
"chr1","227284695","227284977","chr17","62591086","62591366","58","164693609"
"chr1","227291267","227291579","chr21","40584762","40585072","38","186706505"
"chr1","227296424","227296728","chr6","132370017","132370315","40","94926407"
"chr1","227321830","227321988","chr2","146211766","146211925","32","81110064"
"chr1","227322296","227322429","chr1","79729473","79729618","27","147592823"
"chr1","227340106","227340406","chr22","15341421","15341725","41","211998685"
"chr1","227347423","227347711","chr4","16350054","16350344","41","210997369"
"chr1","227358254","227358545","chrX","140437749","140438042","36","86920505"
"chr1","227374375","227374664","chr4","40012501","40012789","49","187361874"
"chr1","227375720","227376015","chr19","17020118","17020413","41","210355602"
"chr1","227379525","227379812","chr19","16463831","16464112","35","210915694"
"chr1","227394399","227394643","chr8","49789434","49789682","50","177604965"
"chr1","227396318","227396610","chr1","172257719","172258009","38","55138599"
"chr1","227416850","227417153","chr5","114232117","114232428","51","113184733"
"chr1","227426753","227427062","chr1","184817871","184818171","50","42608882"
"chr1","227453403","227453671","chr7","25185968","25186243","47","202267435"
"chr1","227455583","227455886","chr6","149078496","149078795","45","78377087"
"chr1","227783573","227783862","chr7","10120794","10121094","37","217662779"
"chr1","227814953","227815253","chrX","40018448","40018754","45","187796505"
"chr1","227834387","227834680","chr7","70418575","70418867","44","157415812"
"chr1","227864264","227864545","chr11","54811788","54812076","56","173052476"
"chr1","227930739","227931013","chr4","13548026","13548304","45","214382713"
"chr1","227962597","227962873","chr10","53428216","53428497","50","174534381"
"chr1","227981234","227981503","chr19","23560118","23560385","42","204421116"
"chr1","227991084","227991404","chrUn_GL288472","11678","11990","50","227979406"
"chr1","228028293","228028622","chrX","122250423","122250744","56","105777870"
"chr1","228052190","228052443","chr2","62122108","62122356","35","165930082"
"chr1","228103519","228103807","chr11","122453676","122453968","42","105649843"
"chr1","228111753","228112047","chr11","43485145","43485437","36","184626608"
"chr1","228116764","228117082","chrX","107894156","107894464","56","120222608"
"chr1","228183533","228183839","chr7","106080561","106080866","39","122102972"
"chr1","228191477","228191749","chr19","33553282","33553561","54","194638195"
"chr1","228221370","228221666","chr7","86196529","86196823","39","142024841"
"chr1","228387852","228388156","chr5","2080907","2081217","47","226306945"
"chr1","228466613","228466885","chr16","92089757","92090031","45","136376856"
"chr1","228473679","228473768","chr1","180878830","180878920","11","47594849"
"chr1","228491447","228491739","chr2","179315904","179316198","35","49175543"
"chr1","228663621","228663932","chr21","35849518","35849828","41","192814103"
"chr1","228665967","228666259","chr9","112589297","112589586","47","116076670"
"chr1","228704443","228704748","chr17","42545319","42545613","61","186159124"
"chr1","228704794","228705101","chr18","29127518","29127823","43","199577276"
"chr1","228719448","228719745","chr7","79410869","79411168","45","149308579"
"chr1","228789407","228789706","chr5","26961498","26961795","48","201827909"
"chr1","228815360","228815506","chr12","56417780","56417916","29","172397580"
"chr1","228815507","228815802","chr4","98654388","98654681","43","130161119"
"chr1","228815803","228815931","chr14","53085201","53085331","16","175730602"
"chr1","228840088","228840408","chr21","43278009","43278321","47","185562079"
"chr1","228872815","228873126","chr22","15341421","15341725","49","213531394"
"chr1","228874180","228874464","chr1","198952709","198952990","49","29921471"
"chr1","229073857","229074156","chr9","65621114","65621411","36","163452743"
"chr1","229186466","229186544","chr3","3695784","3695862","12","225490682"
"chr1","229189575","229189877","chr20","23337174","23337477","38","205852401"
"chr1","229193622","229193753","chr2","118751693","118751823","12","110441929"
"chr1","229222525","229222818","chr10","16033492","16033786","41","213189033"
"chr1","229254027","229254304","chr19","4188463","4188738","46","225065564"
"chr1","229262662","229262957","chr5","26961498","26961795","43","202301164"
"chr1","229277867","229278164","chr5","29096140","29096435","36","200181727"
"chr1","229303090","229303385","chr1","54651218","54651523","61","174651872"
"chr1","229320439","229320742","chr1","15931085","15931383","36","213389354"
"chr1","229371347","229371668","chr7","57213096","57213404","49","172158251"
"chr1","229376114","229376398","chr5","122419785","122420070","44","106956329"
"chr1","229406123","229406419","chr4","156698023","156698319","36","72708100"
"chr1","229428731","229429028","chr5","26961498","26961795","33","202467233"
"chr1","229429349","229429645","chr10","55872616","55872911","46","173556733"
"chr1","229437239","229437542","chr9","99776089","99776389","33","129661150"
"chr1","229480732","229480993","chr7","1354097","1354363","49","228126635"
"chr1","229489589","229489883","chr15","61219971","61220268","46","168269618"
"chr1","229515482","229515779","chr4","6898633","6898927","39","222616849"
"chr1","229520223","229520497","chr22","27309991","27310258","43","202210232"
"chr1","229524157","229524462","chr4","43053382","43053677","56","186470775"
"chr1","229560605","229560920","chr17","72455777","72456083","54","157104828"
"chr1","229582881","229583200","chr15","62836485","62836818","67","166746396"
"chr1","229604945","229605258","chr19","15568258","15568583","55","214036687"
"chr1","229616007","229616310","chr5","65424325","65424625","45","164191682"
"chr1","229679232","229679521","chr20","23248359","23248652","41","206430873"
"chr1","229724166","229724448","chr12","2794020","2794308","42","226930146"
"chr1","229805996","229806286","chr9","16016919","16017208","38","213789077"
"chr1","229840939","229841240","chr7","96194147","96194420","58","133646792"
"chr1","230089140","230089448","chr5","75114662","75114973","58","154974478"
"chr1","230269189","230269485","chr10","16033492","16033786","37","214235697"
"chr1","230282603","230282897","chr12","74534266","74534559","50","155748337"
"chr1","230312431","230312735","chr15","76198954","76199256","37","154113477"
"chr1","230390742","230391039","chr10","81273718","81274013","46","149117024"
"chr1","230436981","230437290","chr14","69766565","69766870","43","160670416"
"chr1","230446959","230447243","chrX","17243808","17244094","33","213203151"
"chr1","230467026","230467328","chr20","22923582","22923882","45","207543444"
"chr1","230497843","230498160","chr3","153217268","153217573","52","77280575"
"chr1","230506075","230506390","chr7","26117330","26117636","43","204388745"
"chr1","230543304","230543594","chrX","18251827","18252115","43","212291477"
"chr1","230580341","230580648","chr2","154533489","154533792","43","76046852"
"chr1","230630924","230631214","chr4","150068857","150069148","41","80562067"
"chr1","230636091","230636407","chr1","137129532","137129843","39","93506559"
"chr1","230683788","230684091","chr4","15705730","15706030","45","214978058"
"chr1","230731584","230731895","chrX","122774008","122774319","47","107957576"
"chr1","230822572","230822866","chr1","100819915","100820205","46","130002657"
"chr1","230881828","230882126","chr2","8957058","8957360","42","221924770"
"chr1","230887400","230887727","chr19","43463036","43463348","51","187424364"
"chr1","230909222","230909348","chr22","15309149","15309283","20","215600073"
"chr1","230909349","230909604","chr17","74612855","74613103","39","156296494"
"chr1","230980327","230980626","chr9","45396887","45397186","44","185583440"
"chr1","230983955","230984274","chr16","46365642","46365954","66","184618313"
"chr1","230989135","230989435","chr1","157959927","157960225","45","73029208"
"chr1","231014000","231014293","chr4","16350054","16350344","42","214663946"
"chr1","231059053","231059336","chr15","37619139","37619418","37","193439914"
"chr1","231111872","231112002","chr1","198780050","198780185","28","32331822"
"chr1","231132477","231132758","chr15","37619139","37619418","41","193513338"
"chr1","231228317","231228616","chr1","193266464","193266759","46","37961853"
"chr1","231243311","231243616","chr1","191028712","191029018","53","40214599"
"chr1","231285682","231285993","chr7","106080561","106080866","34","125205121"
"chr1","231321311","231321440","chr5","143750114","143750242","18","87571197"
"chr1","231322565","231322845","chr19","11253506","11253785","43","220069059"
"chr1","231356078","231356377","chr7","26918353","26918647","35","204437725"
"chr1","231361769","231362062","chr6","17068239","17068542","40","214293530"
"chr1","231375057","231375350","chr1","13954469","13954768","46","217420588"
"chr1","231402438","231402734","chr6","13168853","13169146","40","218233585"
"chr1","231413076","231413344","chr10","88594260","88594518","42","142818816"
"chr1","231432837","231433144","chr10","90431710","90432016","42","141001127"
"chr1","231435184","231435482","chr11","124429251","124429550","37","107005933"
"chr1","231445902","231446205","chr2","159959895","159960193","43","71486007"
"chr1","231455597","231455897","chr2","186055485","186055784","40","45400112"
"chr1","231458194","231458508","chr8","97594661","97594975","54","133863533"
"chr1","231458744","231459058","chr9","76086153","76086454","66","155372591"
"chr1","231478688","231478993","chr8","115904131","115904431","75","115574557"
"chr1","231482729","231483031","chr15","22401594","22401899","44","209081135"
"chr1","231495513","231495815","chr9","21108205","21108513","45","210387308"
"chr1","231525788","231526051","chr20","7774398","7774666","53","223751390"
"chr1","231530953","231531257","chr10","127954939","127955242","62","103576014"
"chr1","231533069","231533400","chr1","35104746","35105074","62","196428323"
"chr1","231547373","231547690","chr5","2057306","2057619","43","229490067"
"chr1","231566849","231567144","chr3","13337916","13338214","45","218228933"
"chr1","231574284","231574553","chr4","12273894","12274168","39","219300390"
"chr1","231580544","231580833","chr2","8798514","8798801","41","222782030"
"chr1","231587279","231587583","chr4","1643958","1644258","42","229943321"
"chr1","231602905","231603124","chr13","59193871","59194081","40","172409034"
"chr1","231633885","231634183","chr2","35330180","35330476","39","196303705"
"chr1","231689328","231689629","chr7","67310637","67310940","34","164378691"
"chr1","231766008","231766312","chr6","17068239","17068542","44","214697769"
"chr1","231782656","231782963","chr1","184817871","184818171","53","46964785"
"chr1","231788002","231788300","chr13","86656439","86656734","39","145131563"
"chr1","231817090","231817382","chr2","48330699","48330994","46","183486391"
"chr1","231942382","231942692","chr3","94762904","94763199","47","137179478"
"chr1","231987907","231988198","chr9","39173909","39174204","43","192813998"
"chr1","232053081","232053419","chr22","41857491","41857814","61","190195590"
"chr1","232069507","232069789","chr10","45839169","45839455","44","186230338"
"chr1","232294526","232294826","chr12","4260213","4260507","44","228034313"
"chr1","232370451","232370762","chr3","85673480","85673788","60","146696971"
"chr1","232504257","232504557","chr12","115383799","115384092","42","117120458"
"chr1","232608071","232608347","chr19","47508131","47508405","43","185099940"
"chr1","232633361","232633640","chr1","90771836","90772117","42","141861525"
"chr1","232651835","232652144","chr22","28997304","28997607","35","203654531"
"chr1","232707853","232708162","chr17","69358056","69358361","40","163349797"
"chr1","232724630","232724939","chr9","101796262","101796572","46","130928368"
"chr1","232844647","232844950","chr5","45812194","45812499","57","187032453"
"chr1","232857846","232858149","chr4","42309794","42310093","36","190548052"
"chr1","232929077","232929357","chr11","14132149","14132431","43","218796928"
"chr1","232946619","232946917","chr1","168595556","168595859","48","64351063"
"chr1","232959929","232960238","chr14","105713744","105714051","51","127246185"
"chr1","233007846","233007978","chr5","154199517","154199649","12","78808329"
"chr1","233022686","233022994","chr11","20691935","20692246","41","212330751"
"chr1","233048175","233048470","chr7","34196522","34196822","37","198851653"
"chr1","233057588","233057865","chr5","122675128","122675414","55","110382460"
"chr1","233062954","233063234","chr2","56700759","56701042","41","176362195"
"chr1","233067482","233067772","chr8","52987285","52987578","46","180080197"
"chr1","233141385","233141687","chr19","47005570","47005867","35","186135815"
"chr1","233148421","233148701","chr6","35546234","35546509","44","197602187"
"chr1","233154787","233155088","chr5","26961498","26961795","47","206193289"
"chr1","233163204","233163497","chr19","46976038","46976330","36","186187166"
"chr1","233206738","233207018","chr14","83433453","83433742","42","149773285"
"chr1","233275224","233275501","chr19","46861778","46862053","34","186413446"
"chr1","233292195","233292508","chr5","114232117","114232428","50","119060078"
"chr1","233321293","233321597","chr7","19310248","19310549","40","214011045"
"chr1","233440494","233440792","chr1","22141344","22141639","37","211299150"
"chr1","233463017","233463304","chr22","10286252","10286536","43","223176765"
"chr1","233514176","233514489","chr3","177773552","177773857","41","55740624"
"chr1","233554792","233555045","chr12","62255290","62255544","38","171299502"
"chr1","233556399","233556711","chr13","84459624","84459931","49","149096775"
"chr1","233573208","233573473","chr5","27763185","27763450","49","205810023"
"chr1","233732574","233732865","chr22","7822716","7823014","49","225909858"
"chr1","233741225","233741541","chr3","88537828","88538136","55","145203397"
"chr1","233860511","233860819","chr3","92279326","92279632","43","141581185"
"chr1","233968468","233968784","chr12","20572358","20572667","55","213396110"
"chr1","233993118","233993264","chr15","96599791","96599940","18","137393327"
"chr1","234015065","234015363","chr6","149650544","149650836","42","84364521"
"chr1","234116500","234116813","chr6","17068239","17068542","39","217048261"
"chr1","234183016","234183316","chr1","13954469","13954768","42","220228547"
"chr1","234243071","234243363","chr5","41077820","41078119","41","193165251"
"chr1","234252079","234252369","chr14","97977526","97977812","41","136274553"
"chr1","234304171","234304428","chr19","45993458","45993717","36","188310713"
"chr1","234352943","234353241","chr14","79148123","79148432","45","155204820"
"chr1","234360085","234360389","chr5","7574884","7575188","40","226785201"
"chr1","234361859","234362153","chr9","112754308","112754601","47","121607551"
"chr1","234365126","234365408","chr3","111736801","111737080","34","122628325"
"chr1","234385506","234385797","chr20","42344201","42344495","43","192041305"
"chr1","234386642","234386937","chr4","156698023","156698319","33","77688619"
"chr1","234392087","234392350","chr18","32862150","32862415","52","201529937"
"chr1","234407342","234407633","chr10","29910934","29911230","34","204496408"
"chr1","234410792","234411089","chr14","16678626","16678927","49","217732166"
"chr1","234416311","234416596","chr5","147388748","147389034","45","87027563"
"chr1","234466582","234466902","chr19","45810364","45810683","42","188656218"
"chr1","234483888","234484180","chr12","43965665","43965955","39","190518223"
"chr1","234484617","234484920","chr5","40811415","40811717","38","193673202"
"chr1","234502442","234502762","chr3","40890698","40891013","50","193611744"
"chr1","234510979","234511280","chrX","23750481","23750780","39","210760498"
"chr1","234526092","234526382","chr14","36994514","36994806","36","197531578"
"chr1","234561849","234562118","chr9","66208858","66209116","57","168352991"
"chr1","234592684","234592999","chr18","9863619","9863928","44","224729065"
"chr1","234636958","234637260","chr7","49632330","49632627","38","185004628"
"chr1","234686494","234686799","chr3","150073804","150074104","43","84612690"
"chr1","234698976","234699278","chr22","45325164","45325459","48","189373812"
"chr1","234762907","234763208","chr12","89569616","89569915","37","145193291"
"chr1","234766374","234766685","chr22","33981676","33981980","56","200784698"
"chr1","234791908","234792158","chr14","21170276","21170525","33","213621632"
"chr1","234850199","234850440","chr19","45407970","45408212","38","189442229"
"chr1","234853744","234854071","chr22","35811223","35811543","61","199042521"
"chr1","234879924","234880227","chr6","17068239","17068542","45","217811685"
"chr1","234967230","234967537","chr11","64363135","64363445","52","170604095"
"chr1","234999597","234999670","chr5","116482820","116482885","15","118516777"
"chr1","235015352","235015649","chr19","45240314","45240603","38","189775038"
"chr1","235016359","235016653","chr10","99341389","99341684","35","135674970"
"chr1","235037374","235037669","chr12","100785810","100786105","40","134251564"
"chr1","235038376","235038677","chrX","86580996","86581293","57","148457380"
"chr1","235046991","235047277","chrX","45666740","45667025","38","189380251"
"chr1","235055618","235055904","chr4","21814543","21814830","36","213241075"
"chr1","235065498","235065809","chr5","97331411","97331721","47","137734087"
"chr1","235076373","235076686","chr13","15397870","15398167","54","219678503"
"chr1","235081800","235082102","chr6","17068239","17068542","30","218013561"
"chr1","235092260","235092555","chr9","110213618","110213912","43","124878642"
"chr1","235101283","235101527","chr22","31518540","31518771","40","203582743"
"chr1","235105515","235105807","chr4","16350054","16350344","46","218755461"
"chr1","235117177","235117490","chr5","19163464","19163772","55","215953713"
"chr1","235159973","235160269","chr15","56571725","56572023","49","178588248"
"chr1","235184809","235185116","chr13","43465639","43465945","48","191719170"
"chr1","235218865","235219164","chr12","79143458","79143759","49","156075407"
"chr1","235220891","235221197","chr2","54709737","54710047","44","180511154"
"chr1","235231477","235231787","chr19","21149218","21149524","42","214082259"
"chr1","235290214","235290447","chr12","22838907","22839152","43","212451307"
"chr1","235292332","235292632","chr8","75893091","75893389","39","159399241"
"chr1","235295228","235295529","chr5","94234310","94234606","41","141060918"
"chr1","235308084","235308406","chr11","111117466","111117768","61","124190618"
"chr1","235313057","235313323","chr7","24420441","24420717","55","210892616"
"chr1","235316230","235316515","chr10","42308184","42308464","40","193008046"
"chr1","235323041","235323337","chr15","76198954","76199256","50","159124087"
"chr1","235338882","235339017","chrX","62934441","62934571","19","172404441"
"chr1","235339319","235339498","chr8","23965333","23965497","40","211373986"
"chr1","235347751","235348047","chr12","22817671","22817967","38","212530080"
"chr1","235349019","235349113","chr5","2343863","2343959","12","233005156"
"chr1","235349419","235349645","chr1","192262423","192262637","37","43086996"
"chr1","235356380","235356678","chr15","49359997","49360293","37","185996383"
"chr1","235358216","235358509","chr21","36512579","36512875","49","198845637"
"chr1","235359801","235360100","chr1","154819691","154819989","39","80540110"
"chr1","235360710","235361013","chr2","152226173","152226473","49","83134537"
"chr1","235363423","235363709","chr3","138216033","138216322","43","97147390"
"chr1","235364029","235364342","chr14","16678626","16678927","52","218685403"
"chr1","235378565","235378879","chr2","80721805","80722103","52","154656760"
"chr1","235389842","235390150","chr6","17068239","17068542","52","218321603"
"chr1","235413385","235413682","chrX","108594481","108594783","41","126818904"
"chr1","235415886","235416195","chr3","153217268","153217573","43","82198618"
"chr1","235418925","235419222","chr7","6894852","6895150","37","228524073"
"chr1","235431980","235432282","chr12","9386693","9386994","39","226045287"
"chr1","235433234","235433521","chr5","126079965","126080261","41","109353269"
"chr1","235433522","235433652","chr9","39456312","39456442","15","195977210"
"chr1","235457900","235458195","chr16","93965192","93965487","50","141492708"
"chr1","235459791","235460091","chr18","9790500","9790798","34","225669291"
"chr1","235469545","235469861","chr7","57292095","57292411","48","178177450"
"chr1","235471664","235471962","chr15","83510124","83510419","46","151961540"
"chr1","235490235","235490528","chr7","89855702","89855996","42","145634533"
"chr1","235511224","235511531","chr4","15010684","15010996","46","220500540"
"chr1","235514722","235515039","chr3","106655459","106655766","49","128859263"
"chr1","235523022","235523314","chr6","117785921","117786212","45","117737101"
"chr1","235526060","235526359","chr21","32861641","32861942","37","202664419"
"chr1","235526613","235526923","chr11","64234338","64234642","37","171292275"
"chr1","235529260","235529555","chr4","156698023","156698319","44","78831237"
"chr1","235542392","235542640","chr19","44747148","44747394","25","190795244"
"chr1","235563141","235563432","chr22","32856560","32856853","52","202706581"
"chr1","235574114","235574392","chr13","63533613","63533884","45","172040501"
"chr1","235574824","235575124","chr4","30880097","30880395","39","204694727"
"chr1","235592224","235592525","chr10","74504509","74504804","38","161087715"
"chr1","235598733","235599026","chr11","123371423","123371718","32","112227310"
"chr1","235599305","235599615","chr3","106655459","106655766","46","128943846"
"chr1","235600134","235600413","chr6","157479174","157479450","41","78120960"
"chr1","235606936","235607246","chr1","62443207","62443511","53","173163729"
"chr1","235618646","235618955","chr7","45344118","45344429","36","190274528"
"chr1","235621282","235621593","chr13","31331915","31332215","42","204289367"
"chr1","235622432","235622567","chr9","36067757","36067892","14","199554675"
"chr1","235622892","235623059","chrX","106480049","106480214","26","129142843"
"chr1","235624105","235624410","chr10","14603732","14604030","48","221020373"
"chr1","235647678","235647916","chr8","74093613","74093847","40","161554065"
"chr1","235693998","235694314","chr1","82669756","82670065","42","153024242"
"chr1","235773035","235773347","chr19","44523157","44523454","51","191249878"
"chr1","235810862","235811171","chr22","28997304","28997607","37","206813558"
"chr1","235812222","235812523","chr10","27398526","27398820","41","208413696"
"chr1","235828923","235829212","chr14","17569740","17570022","43","218259183"
"chr1","235872650","235872931","chr5","65031296","65031585","42","170841354"
"chr1","235875938","235876236","chr19","44415644","44415940","40","191460294"
"chr1","235899953","235900269","chrX","47176701","47177007","45","188723252"
"chr1","235913809","235914092","chr10","16033492","16033786","46","219880317"
"chr1","235915092","235915375","chr4","136035930","136036213","44","99879162"
"chr1","235959296","235959430","chr15","28744876","28745010","18","207214420"
"chr1","235959729","235959907","chr12","24348367","24348543","40","211611362"
"chr1","235982871","235983172","chr2","18742940","18743241","36","217239931"
"chr1","235991343","235991632","chr1","155066552","155066843","35","80924791"
"chr1","235999932","236000000","chr22","18106242","18106311","8","217893690"
"chr1","236003588","236003884","chr5","143023404","143023700","44","92980184"
"chr1","236022781","236023072","chr1","193266464","193266759","41","42756317"
"chr1","236025258","236025561","chr6","17068239","17068542","28","218957019"
"chr1","236026729","236027040","chr18","39712282","39712591","39","196314447"
"chr1","236037376","236037671","chr5","38614488","38614784","40","197422888"
"chr1","236047746","236048051","chr14","81929198","81929500","41","154118548"
"chr1","236054631","236054941","chr7","106080561","106080866","41","129974070"
"chr1","236098036","236098334","chr10","16033492","16033786","45","220064544"
"chr1","236105749","236106054","chr5","94188648","94188957","39","141917101"
"chr1","236119188","236119461","chr4","80819038","80819294","72","155300150"
"chr1","236126786","236127060","chr1","81287395","81287676","48","154839391"
"chr1","236127954","236128270","chr21","40584762","40585072","45","195543192"
"chr1","236166696","236166796","chr19","44124164","44124264","25","192042532"
"chr1","236169758","236170067","chr6","17068239","17068542","43","219101519"
"chr1","236177546","236177855","chr2","10204558","10204866","43","225972988"
"chr1","236196133","236196439","chr7","13017719","13018023","42","223178414"
"chr1","236222114","236222411","chr1","155311323","155311621","44","80910791"
"chr1","236250190","236250488","chr20","22923582","22923882","36","213326608"
"chr1","236258605","236258909","chr20","11721382","11721679","47","224537223"
"chr1","236262402","236262704","chr11","123896228","123896527","39","112366174"
"chr1","236263242","236263548","chr20","22923582","22923882","41","213339660"
"chr1","236264562","236264856","chr4","10274002","10274296","40","225990560"
"chr1","236292767","236293068","chr4","88579677","88579978","37","147713090"
"chr1","236294959","236295265","chr19","43463036","43463348","44","192831923"
"chr1","236299753","236300056","chr22","28997304","28997607","41","207302449"
"chr1","236317060","236317373","chr6","17068239","17068542","39","219248821"
"chr1","236326126","236326406","chr5","31371357","31371639","39","204954769"
"chr1","236328858","236329167","chr1","137129532","137129843","44","99199326"
"chr1","236331283","236331583","chr6","17068239","17068542","35","219263044"
"chr1","236334464","236334772","chr12","31281547","31281855","46","205052917"
"chr1","236337841","236338141","chr19","43965472","43965770","42","192372369"
"chr1","236341900","236342212","chr18","8022025","8022330","45","228319875"
"chr1","236342228","236342531","chr1","27883875","27884177","38","208458353"
"chr1","236343938","236344252","chr3","40890698","40891013","43","195453240"
"chr1","236363884","236364149","chr10","59707945","59708217","58","176655939"
"chr1","236373215","236373504","chr4","16350054","16350344","35","220023161"
"chr1","236393384","236393696","chr7","45344118","45344429","46","191049266"
"chr1","236398113","236398396","chr12","26112515","26112796","57","210285598"
"chr1","236399193","236399487","chr4","11116373","11116655","44","225282820"
"chr1","236402959","236403245","chr2","31276923","31277210","38","205126036"
"chr1","236434236","236434539","chr3","177773552","177773857","43","58660684"
"chr1","236442118","236442425","chr7","46929593","46929901","42","189512525"
"chr1","236470907","236471042","chr19","43895965","43896100","14","192574942"
"chr1","236489592","236489729","chr7","150580360","150580494","23","85909232"
"chr1","236510694","236511007","chr9","111187673","111187975","46","125323021"
"chr1","236519949","236520256","chr18","10830546","10830857","41","225689403"
"chr1","236521547","236521844","chr1","82463476","82463771","51","154058071"
"chr1","236543946","236544250","chr19","43837344","43837658","50","192706602"
"chr1","236577193","236577430","chr19","43804297","43804525","38","192772896"
"chr1","236597257","236597552","chr7","10120794","10121094","39","226476463"
"chr1","236600540","236600834","chr10","101816662","101816963","46","134783878"
"chr1","236626883","236627228","chr10","97247949","97248282","70","139378934"
"chr1","236636417","236636715","chr1","187177722","187178017","47","49458695"
"chr1","236650958","236651245","chr3","188219301","188219587","37","48431657"
"chr1","236662371","236662671","chr6","43666330","43666629","33","192996041"
"chr1","236667949","236668246","chr4","168156555","168156848","34","68511394"
"chr1","236674762","236675059","chr4","156698023","156698319","35","79976739"
"chr1","236711349","236711649","chr10","16169668","16169965","39","220541681"
"chr1","236716836","236717135","chr3","138159195","138159493","39","98557641"
"chr1","236767956","236768222","chr1","204047288","204047558","49","32720668"
"chr1","236789988","236790275","chr1","178591743","178592033","43","58198245"
"chr1","236792609","236792798","chr19","13498566","13498747","39","223294043"
"chr1","236793109","236793245","chr7","57991959","57992094","15","178801150"
"chr1","236811945","236812173","chr2","186210478","186210710","51","50601467"
"chr1","236882392","236882692","chr3","182415044","182415341","39","54467348"
"chr1","236912958","236913266","chr12","7765758","7766060","49","229147200"
"chr1","236967760","236968021","chr16","30667959","30668233","41","206299801"
"chr1","236988112","236988408","chr12","90198453","90198750","43","146789659"
"chr1","236999034","236999308","chr14","21109543","21109821","39","215889491"
"chr1","237004556","237004861","chr12","87290615","87290915","34","149713941"
"chr1","237092515","237092830","chr19","43306456","43306763","40","193786059"
"chr1","237102575","237102860","chr16","92089757","92090031","36","145012818"
"chr1","237105415","237105550","chr1","172218988","172219121","16","64886427"
"chr1","237122400","237122681","chr4","34845790","34846071","39","202276610"
"chr1","237213900","237214220","chr1","137129532","137129843","52","100084368"
"chr1","237219011","237219317","chr3","84624674","84624979","40","152594337"
"chr1","237226764","237227073","chr1","157959927","157960225","52","79266837"
"chr1","237252883","237253193","chr6","17068239","17068542","43","220184644"
"chr1","237265315","237265621","chr1","184817871","184818171","42","52447444"
"chr1","237271851","237272152","chr19","43119234","43119537","40","194152617"
"chr1","237336574","237336872","chr8","105064985","105065281","39","132271589"
"chr1","237336969","237337270","chr13","43694410","43694711","40","193642559"
"chr1","237350294","237350601","chr22","6945334","6945647","45","230404960"
"chr1","237396983","237397263","chr8","1018204","1018477","51","236378779"
"chr1","237398912","237399217","chr11","111117466","111117768","45","126281446"
"chr1","237427509","237427812","chr6","18703661","18703971","44","218723848"
"chr1","237434783","237435072","chr10","94219386","94219673","40","143215397"
"chr1","237447955","237448225","chrX","90546446","90546718","49","146901509"
"chr1","237451289","237451598","chr5","38614488","38614784","53","198836801"
"chr1","237480137","237480373","chr4","61734715","61734951","40","175745422"
"chr1","237520754","237521045","chr19","24203448","24203737","36","213317306"
"chr1","237538490","237538798","chr3","153217268","153217573","41","84321222"
"chr1","237564265","237564569","chr5","2298333","2298635","50","235265932"
"chr1","237609377","237609664","chr6","147894727","147895020","58","89714650"
"chr1","237690580","237690821","chr15","26057042","26057287","46","211633538"
"chr1","237721515","237721818","chr5","42661443","42661746","40","195060072"
"chr1","237736179","237736510","chr7","69029515","69029831","60","168706664"
"chr1","237836890","237837182","chr15","48357741","48358034","49","189479149"
"chr1","237854311","237854587","chr15","23158422","23158689","50","214695889"
"chr1","237875763","237876050","chr12","107300154","107300445","39","130575609"
"chr1","237899039","237899346","chr19","21847813","21848125","58","216051226"
"chr1","237983996","237984296","chr20","515212","515510","43","237468784"
"chr1","238137553","238137866","chr7","144982540","144982842","44","93155013"
"chr1","238176981","238177256","chr22","28038393","28038661","54","210138588"
"chr1","238229523","238229833","chr21","40172356","40172654","42","198057167"
"chr1","238335293","238335592","chr1","187177722","187178017","40","51157571"
"chr1","238381944","238382120","chr3","53757892","53758068","33","184624052"
"chr1","238382404","238382539","chr2","2261829","2261964","14","236120575"
"chr1","238408328","238408639","chr7","57213096","57213404","41","181195232"
"chr1","238415488","238415794","chr1","203950546","203950853","48","34464942"
"chr1","238494937","238495244","chr1","168595556","168595859","39","69899381"
"chr1","238521436","238521725","chr5","89299383","89299671","53","149222053"
"chr1","238597208","238597540","chr13","88836338","88836664","55","149760870"
"chr1","238704732","238705029","chr7","45042946","45043245","42","193661786"
"chr1","238716784","238717093","chr22","33981676","33981980","45","204735108"
"chr1","238784411","238784703","chr1","139655472","139655767","40","99128939"
"chr1","238800728","238801039","chr11","118075028","118075334","49","120725700"
"chr1","238812435","238812729","chr3","173647426","173647719","54","65165009"
"chr1","238898004","238898305","chr11","82219674","82219971","47","156678330"
"chr1","238985083","238985373","chr22","45163672","45163961","44","193821411"
"chr1","239089706","239090016","chr12","25586511","25586813","48","213503195"
"chr1","239217355","239217636","chr13","58927298","58927573","44","180290057"
"chr1","239219104","239219421","chr5","64309139","64309447","46","174909965"
"chr1","239248478","239248802","chr2","61062755","61063065","53","178185723"
"chr1","239257742","239257929","chr12","19558507","19558691","28","219699235"
"chr1","239265780","239266073","chr11","43485145","43485437","45","195780635"
"chr1","239297818","239298094","chr1","185863542","185863799","61","53434276"
"chr1","239317665","239317962","chr5","94234310","94234606","40","145083355"
"chr1","239357043","239357319","chr12","110413093","110413372","39","128943950"
"chr1","239398241","239398537","chr1","98572733","98573027","35","140825508"
"chr1","239463995","239464298","chr13","114718297","114718592","37","124745698"
"chr1","239529329","239529639","chr4","53071595","53071899","40","186457734"
"chr1","239549374","239549677","chr14","44889403","44889707","55","194659971"
"chr1","239588941","239589233","chr6","11599554","11599848","43","227989387"
"chr1","239658744","239659036","chr21","47428029","47428322","39","192230715"
"chr1","239668063","239668388","chr9","98029843","98030162","67","141638220"
"chr1","239768768","239769064","chr19","40922127","40922425","37","198846641"
"chr1","239791091","239791404","chr20","35855711","35856022","51","203935380"
"chr1","239814757","239815075","chr6","58979896","58980205","63","180834861"
"chr1","239859420","239859715","chr19","43396943","43397233","46","196462477"
"chr1","239867406","239867699","chr5","5052462","5052757","34","234814944"
"chr1","239894422","239894732","chr22","33981676","33981980","46","205912746"
"chr1","239919112","239919415","chrX","45981223","45981523","48","193937889"
"chr1","239933393","239933703","chr2","47887890","47888194","49","192045503"
"chr1","239935469","239935746","chr5","134265918","134266196","44","105669551"
"chr1","240035909","240036115","chr10","36074787","36074999","38","203961122"
"chr1","240052855","240053156","chr4","34845790","34846071","55","205207065"
"chr1","240073870","240074141","chr9","114150063","114150344","45","125923807"
"chr1","240081695","240081974","chr21","43336613","43336889","56","196745082"
"chr1","240120876","240121163","chrUn_GL286373","1632949","1633226","48","238487927"
"chr1","240127122","240127370","chr1","141368780","141369029","39","98758342"
"chr1","240129506","240129801","chr7","80905976","80906275","38","159223530"
"chr1","240130296","240130602","chrX","60350699","60350998","46","179779597"
"chr1","240137810","240138093","chr11","18004745","18005027","48","222133065"
"chr1","240138418","240138722","chr5","154831379","154831677","44","85307039"
"chr1","240146421","240146656","chr19","40601898","40602135","31","199544523"
"chr1","240167795","240168064","chr5","52286347","52286617","48","187881448"
"chr1","240313688","240313985","chr7","100829162","100829457","40","139484526"
"chr1","240370941","240371259","chr8","121411784","121412095","56","118959157"
"chr1","240409129","240409441","chr7","79475334","79475644","56","160933795"
"chr1","240495959","240496229","chr19","16266278","16266559","35","224229681"
"chr1","240507357","240507631","chr10","101732804","101733077","37","138774553"
"chr1","240520547","240520837","chr13","19501169","19501450","39","221019378"
"chr1","240525498","240525776","chrX","23036255","23036544","52","217489243"
"chr1","240535518","240535828","chr9","8886595","8886904","44","231648923"
"chr1","240542319","240542615","chr7","57714959","57715249","47","182827360"
"chr1","240546053","240546368","chr19","40166096","40166402","39","200379957"
"chr1","240598987","240599283","chr4","152020591","152020890","39","88578396"
"chr1","240625751","240626054","chr6","17068239","17068542","39","223557512"
"chr1","240641071","240641352","chr19","40068645","40068926","36","200572426"
"chr1","240642935","240643220","chr15","71382825","71383118","50","169260110"
"chr1","240645755","240645900","chrX","90248590","90248732","18","150397165"
"chr1","240646198","240646359","chr4","34157283","34157451","32","206488915"
"chr1","240673634","240673940","chr6","17068239","17068542","38","223605395"
"chr1","240673983","240674257","chr11","5462192","5462471","54","235211791"
"chr1","240677426","240677719","chr7","86991991","86992285","34","153685435"
"chr1","240684503","240684815","chr2","153476374","153476675","41","87208129"
"chr1","240692668","240692960","chr8","104929951","104930243","45","135762717"
"chr1","240713605","240713881","chrX","68962815","68963097","42","171750790"
"chr1","240738450","240738751","chr4","35456588","35456885","41","205281862"
"chr1","240745794","240746066","chrX","118258396","118258668","45","122487398"
"chr1","240755178","240755465","chr11","50457420","50457705","42","190297758"
"chr1","240759097","240759326","chr15","62420633","62420858","39","178338464"
"chr1","240780165","240780465","chr11","123389101","123389396","42","117391064"
"chr1","240863192","240863502","chr3","106655459","106655766","38","134207733"
"chr1","240876680","240876970","chr19","39878265","39878553","26","200998415"
"chr1","240881920","240882214","chr5","74139641","74139930","44","166742279"
"chr1","240934877","240935197","chr14","60435327","60435639","45","180499550"
"chr1","240970704","240971005","chr2","171330283","171330586","54","69640421"
"chr1","240997547","240997837","chr19","39769912","39770198","33","201227635"
"chr1","241006908","241007216","chr12","5316705","5317011","42","235690203"
"chr1","241008631","241008940","chr2","10759886","10760193","46","230248745"
"chr1","241013054","241013362","chr1","168595556","168595859","39","72417498"
"chr1","241017215","241017472","chr10","118508862","118509119","45","122508353"
"chr1","241017966","241018282","chr12","31281547","31281855","43","209736419"
"chr1","241033074","241033357","chr9","25579608","25579899","41","215453466"
"chr1","241044100","241044409","chr4","30643780","30644085","50","210400320"
"chr1","241057633","241057866","chr1","137852019","137852254","49","103205614"
"chr1","241082943","241083253","chr9","104240252","104240561","40","136842691"
"chr1","241087667","241087943","chr1","138060195","138060467","42","103027472"
"chr1","241128302","241128600","chr5","26961498","26961795","45","214166804"
"chr1","241148041","241148350","chr8","73303684","73303992","50","167844357"
"chr1","241149773","241150035","chr7","28543437","28543698","44","212606336"
"chr1","241155116","241155397","chr14","105224271","105224557","54","135930845"
"chr1","241179097","241179387","chr6","158149500","158149785","47","83029597"
"chr1","241264216","241264510","chr2","36258162","36258457","40","205006054"
"chr1","241341871","241342173","chr3","106655459","106655766","44","134686412"
"chr1","241375050","241375352","chr22","28997304","28997607","36","212377746"
"chr1","241420475","241420783","chr3","106655459","106655766","40","134765016"
"chr1","241554291","241554573","chr22","32224724","32225003","55","209329567"
"chr1","241585476","241585782","chr22","33981676","33981980","49","207603800"
"chr1","241586192","241586500","chr9","14438848","14439151","48","227147344"
"chr1","241587467","241587742","chr4","25411160","25411441","46","216176307"
"chr1","241645664","241645878","chr22","4284952","4285161","28","237360712"
"chr1","241735534","241735788","chr5","93364731","93364987","42","148370803"
"chr1","241763428","241763712","chr3","4006648","4006941","46","237756780"
"chr1","241766429","241766720","chr22","33925235","33925530","57","207841194"
"chr1","241805291","241805600","chr5","136750937","136751240","47","105054354"
"chr1","241813661","241813962","chr20","27822433","27822727","47","213991228"
"chr1","241850830","241851129","chr9","76086153","76086454","45","165764677"
"chr1","241866180","241866412","chr10","93506542","93506778","33","148359638"
"chr1","241868093","241868398","chr9","11967801","11968108","42","229900292"
"chr1","241881024","241881331","chr6","17068239","17068542","40","224812785"
"chr1","241888793","241889084","chr1","189438019","189438316","35","52450774"
"chr1","241897061","241897353","chr1","172257719","172258009","53","69639342"
"chr1","241898687","241898979","chr2","18360128","18360420","45","223538559"
"chr1","241907729","241908021","chr14","83739394","83739686","43","158168335"
"chr1","241909431","241909699","chr10","101732804","101733077","35","140176627"
"chr1","241912793","241913102","chr7","102737006","102737318","46","139175787"
"chr1","241914732","241915032","chr10","14603732","14604030","32","227311000"
"chr1","241916825","241917129","chr2","171330283","171330586","42","70586542"
"chr1","241922426","241922732","chr2","13687630","13687935","44","228234796"
"chr1","241923030","241923322","chrX","48721748","48722046","39","193201282"
"chr1","241929806","241930100","chr20","42344201","42344495","36","199585605"
"chr1","241938414","241938731","chr15","22401594","22401899","50","219536820"
"chr1","241942094","241942401","chr12","48861847","48862157","40","193080247"
"chr1","241955600","241955906","chr1","139683851","139684159","49","102271749"
"chr1","241955932","241956227","chr2","1927884","1928176","51","240028048"
"chr1","241968950","241969237","chr9","53724088","53724379","48","188244862"
"chr1","241982818","241983099","chr9","99076556","99076841","41","142906262"
"chr1","241983952","241984245","chr1","137754148","137754444","38","104229804"
"chr1","241984765","241984921","chr1","184295731","184295859","44","57689034"
"chr1","241985213","241985357","chr1","79729473","79729618","25","162255740"
"chr1","241985619","241985906","chr11","122453676","122453968","38","119531943"
"chr1","241987093","241987390","chr17","54417945","54418244","38","187569148"
"chr1","242003961","242004106","chr1","175513249","175513397","24","66490712"
"chr1","242018709","242018962","chr2","32459548","32459797","46","209559161"
"chr1","242109198","242109494","chr4","156698023","156698319","32","85411175"
"chr1","242120325","242120451","chr7","88152152","88152275","18","153968173"
"chr1","242144500","242144806","chr2","47168032","47168334","39","194976468"
"chr1","242179621","242179911","chr19","38593502","38593784","36","203586119"
"chr1","242191304","242191604","chr3","152941248","152941549","44","89250056"
"chr1","242201933","242202240","chr8","108764374","108764677","37","133437559"
"chr1","242220754","242221015","chr7","60984375","60984638","42","181236379"
"chr1","242266095","242266399","chr19","38501354","38501663","39","203764741"
"chr1","242274267","242274398","chr3","72120195","72120319","30","170154072"
"chr1","242277701","242278004","chr1","175742404","175742704","43","66535297"
"chr1","242285826","242286135","chr19","38481552","38481856","39","203804274"
"chr1","242404876","242405167","chr5","42661443","42661746","49","199743433"
"chr1","242466611","242466906","chrX","17021103","17021398","46","225445508"
"chr1","242508799","242509092","chr14","5921690","5921981","36","236587109"
"chr1","242526427","242526707","chr7","49731433","49731723","52","192794994"
"chr1","242527115","242527435","chr19","38236102","38236416","44","204291013"
"chr1","242535045","242535338","chr12","88654778","88655074","43","153880267"
"chr1","242561481","242561774","chr6","17098595","17098886","43","225462886"
"chr1","242593140","242593439","chr15","18304423","18304719","44","224288717"
"chr1","242607226","242607506","chr9","12174131","12174412","42","230433095"
"chr1","242646391","242646709","chr10","90431710","90432016","51","152214681"
"chr1","242661709","242661960","chr11","36374667","36374915","47","206287042"
"chr1","242674173","242674479","chr19","38108079","38108374","45","204566094"
"chr1","242688356","242688644","chr19","24203448","24203737","33","218484908"
"chr1","242734980","242735239","chr7","28543437","28543698","39","214191543"
"chr1","242738463","242738768","chr22","28997304","28997607","46","213741159"
"chr1","242778904","242779199","chr5","132893438","132893729","45","109885466"
"chr1","242795163","242795319","chrUn_GL286234","74493","74637","36","242720670"
"chr1","242795357","242795481","chr5","130478058","130478184","12","112317299"
"chr1","242798996","242799304","chr3","2808599","2808903","42","239990397"
"chr1","242808589","242808891","chrUn_GL286451","117883","118189","40","242690706"
"chr1","242835690","242835989","chr15","41758838","41759130","46","201076852"
"chr1","242894537","242894828","chrX","106830287","106830578","40","136064250"
"chr1","242940888","242941148","chr1","186591693","186591955","33","56349195"
"chr1","242974575","242974878","chr15","63729450","63729748","47","179245125"
"chr1","242979004","242979305","chr6","17068239","17068542","35","225910765"
"chr1","242988645","242988964","chr5","47237707","47238022","52","195750938"
"chr1","243019804","243020105","chr6","17068239","17068542","39","225951565"
"chr1","243046436","243046705","chr2","164785563","164785832","43","78260873"
"chr1","243092805","243093110","chr1","168595556","168595859","45","74497249"
"chr1","243097815","243097950","chr4","43236196","43236331","14","199861619"
"chr1","243098252","243098421","chr17","34108233","34108402","22","208990019"
"chr1","243110676","243110971","chr12","107488690","107488986","39","135621986"
"chr1","243172353","243172651","chr2","21436669","21436967","46","221735684"
"chr1","243173454","243173752","chr5","5052462","5052757","39","238120992"
"chr1","243246227","243246531","chr6","17068239","17068542","32","226177988"
"chr1","243258411","243258702","chr14","36994514","36994806","37","206263897"
"chr1","243262109","243262405","chrX","17021103","17021398","36","226241006"
"chr1","243295985","243296295","chr7","45344118","45344429","49","197951867"
"chr1","243305815","243306107","chr17","47766188","47766480","43","195539627"
"chr1","243312425","243312725","chr6","43666330","43666629","37","199646095"
"chr1","243314719","243315009","chr19","24203448","24203737","34","219111271"
"chr1","243328262","243328576","chr18","10830546","10830857","45","232497716"
"chr1","243353209","243353520","chr18","9863619","9863928","40","233489590"
"chr1","243399530","243399809","chr11","23439208","23439487","46","219960322"
"chr1","243402146","243402381","chr10","129233997","129234227","40","114168149"
"chr1","243451644","243451945","chr19","37377978","37378275","54","206073666"
"chr1","243508685","243508966","chr14","79740069","79740351","48","163768616"
"chr1","243577163","243577446","chr7","54514827","54515109","35","189062336"
"chr1","243625125","243625432","chr22","33981676","33981980","43","209643449"
"chr1","243646362","243646654","chr9","109143507","109143803","40","134502855"
"chr1","243666003","243666303","chr6","17068239","17068542","41","226597764"
"chr1","243686652","243686963","chrX","124381299","124381609","50","119305353"
"chr1","243817459","243817765","chr7","6894852","6895150","42","236922607"
"chr1","243874429","243874504","chr1","72721543","72721617","8","171152886"
"chr1","244009039","244009318","chr19","36800831","36801104","36","207208208"
"chr1","244014750","244015014","chr7","46045826","46046087","35","197968924"
"chr1","244078666","244078987","chr4","35684777","35685097","56","208393889"
"chr1","244079774","244080079","chrX","45395851","45396165","40","198683923"
"chr1","244103609","244103898","chr10","8026640","8026929","38","236076969"
"chr1","244141725","244142038","chr18","38793266","38793575","44","205348459"
"chr1","244177732","244178029","chr13","43694410","43694711","43","200483322"
"chr1","244221636","244221925","chr11","61683952","61684244","41","182537684"
"chr1","244269888","244270180","chr4","16350054","16350344","39","227919834"
"chr1","244274703","244274998","chr5","39910644","39910945","44","204364059"
"chr1","244296844","244296965","chr7","131572147","131572266","15","112724697"
"chr1","244296997","244297157","chr5","112523551","112523711","38","131773446"
"chr1","244337568","244337860","chr1","163381580","163381871","41","80955988"
"chr1","244354355","244354660","chr12","112745516","112745814","45","131608839"
"chr1","244357942","244358255","chr14","68739938","68740247","56","175618004"
"chr1","244358302","244358596","chr14","83739394","83739686","45","160618908"
"chr1","244361219","244361528","chr22","33981676","33981980","35","210379543"
"chr1","244366598","244366901","chr6","17068239","17068542","30","227298359"
"chr1","244374588","244374897","chr6","17068239","17068542","41","227306349"
"chr1","244380118","244380419","chr10","126696429","126696740","41","117683689"
"chr1","244460632","244460936","chr5","69022445","69022742","42","175438187"
"chr1","244475245","244475533","chr8","94578308","94578601","40","149896937"
"chr1","244580048","244580294","chr5","79564014","79564254","55","165016034"
"chr1","244606594","244606900","chr20","29358747","29359048","44","215247847"
"chr1","244608933","244609209","chr19","36225159","36225420","40","208383774"
"chr1","244610745","244611059","chr3","108570361","108570666","42","136040384"
"chr1","244639405","244639692","chr12","50226392","50226683","49","194413013"
"chr1","244697226","244697493","chr22","17154023","17154289","43","227543203"
"chr1","244703001","244703308","chr15","49359997","49360293","40","195343004"
"chr1","244720663","244720968","chr11","20891472","20891775","49","223829191"
"chr1","244723985","244724117","chr15","37735435","37735564","14","206988550"
"chr1","244733450","244733712","chr10","101732804","101733077","41","143000646"
"chr1","244743216","244743475","chr9","102803383","102803640","42","141939833"
"chr1","244747602","244747907","chr7","10032722","10033022","52","234714880"
"chr1","244749127","244749387","chrX","107074395","107074658","39","137674732"
"chr1","244752637","244752943","chr13","43694410","43694711","51","201058227"
"chr1","244762194","244762462","chr1","83116588","83116855","38","161645606"
"chr1","244774127","244774329","chr10","118972376","118972577","38","125801751"
"chr1","244774839","244774948","chr7","56993945","56994054","19","187780894"
"chr1","244777343","244777633","chr8","107981640","107981935","52","136795703"
"chr1","244783564","244783867","chr1","168595556","168595859","42","76188008"
"chr1","244787067","244787341","chr19","36056091","36056361","28","208730976"
"chr1","244787374","244787673","chr6","147894727","147895020","46","96892647"
"chr1","244797456","244797757","chr6","17068239","17068542","34","227729217"
"chr1","244798902","244799209","chr5","2508969","2509278","41","242289933"
"chr1","244804545","244804846","chrX","122417274","122417573","43","122387271"
"chr1","244811944","244812237","chr11","123371423","123371718","34","121440521"
"chr1","244818298","244818601","chr6","17068239","17068542","36","227750059"
"chr1","244827614","244827918","chr7","56013648","56013949","41","188813966"
"chr1","244830007","244830305","chr6","43666330","43666629","34","201163677"
"chr1","244838798","244839087","chr4","16350054","16350344","37","228488744"
"chr1","244869536","244869780","chr21","35780861","35781111","43","209088675"
"chr1","244884547","244884847","chr10","90431710","90432016","39","154452837"
"chr1","244886937","244887263","chr5","6629520","6629828","55","238257417"
"chr1","244890481","244890772","chr18","5141985","5142278","41","239748496"
"chr1","244896871","244897189","chr1","201369278","201369591","52","43527593"
"chr1","244907826","244908127","chr2","9745444","9745747","40","235162382"
"chr1","244909135","244909435","chrX","64005210","64005515","48","180903925"
"chr1","244909869","244909996","chr10","48138660","48138788","16","196771209"
"chr1","244914000","244914291","chr11","123371423","123371718","48","121542577"
"chr1","244928942","244929260","chr1","171506927","171507244","49","73422015"
"chr1","244929931","244930078","chr1","79729473","79729618","19","165200458"
"chr1","244932320","244932621","chr14","15548560","15548873","50","229383760"
"chr1","244933052","244933352","chr5","92511557","92511857","35","152421495"
"chr1","244967767","244968053","chr9","123438666","123438953","42","121529101"
"chr1","244975590","244975860","chr8","89660449","89660717","32","155315141"
"chr1","244979293","244979605","chr21","40584762","40585072","45","204394531"
"chr1","244982383","244982593","chr22","4284952","4285161","31","240697431"
"chr1","244983458","244983759","chr3","152941248","152941549","38","92042210"
"chr1","244985582","244985877","chr4","36563326","36563622","39","208422256"
"chr1","244987198","244987496","chr17","42545319","42545613","46","202441879"
"chr1","244990660","244990819","chr7","85958195","85958373","50","159032465"
"chr1","245005357","245005643","chr19","35880420","35880704","47","209124937"
"chr1","245006305","245006582","chr12","48605950","48606233","58","196400355"
"chr1","245009853","245010160","chr22","33981676","33981980","41","211028177"
"chr1","245013749","245014061","chr7","66077660","66077969","45","178936089"
"chr1","245029602","245029895","chr7","31853604","31853897","41","213175998"
"chr1","245033719","245034019","chr10","90431710","90432016","40","154602009"
"chr1","245034323","245034630","chr6","110803087","110803394","43","134231236"
"chr1","245047689","245048004","chr10","23365070","23365380","61","221682619"
"chr1","245061824","245062127","chr8","50068578","50068880","44","194993246"
"chr1","245065159","245065352","chr13","15911487","15911680","38","229153672"
"chr1","245081462","245081768","chr22","33981676","33981980","43","211099786"
"chr1","245093417","245093725","chr5","115114975","115115287","42","129978442"
"chr1","245110102","245110385","chr12","18122313","18122592","45","226987789"
"chr1","245117054","245117353","chr2","61800729","61801029","37","183316325"
"chr1","245121889","245122201","chr2","63925527","63925835","49","181196362"
"chr1","245146769","245146905","chr15","61467699","61467834","25","183679070"
"chr1","245147222","245147356","chr13","28207770","28207902","11","216939452"
"chr1","245149820","245150124","chr10","90431710","90432016","36","154718110"
"chr1","245163169","245163441","chrX","103099580","103099851","42","142063589"
"chr1","245199488","245199783","chr1","98572733","98573027","46","146626755"
"chr1","245239894","245240171","chr2","8798514","8798801","51","236441380"
"chr1","245247169","245247476","chrX","64005210","64005515","49","181241959"
"chr1","245257740","245258032","chr15","41758838","41759130","36","203498902"
"chr1","245273133","245273441","chr6","17068239","17068542","46","228204894"
"chr1","245286826","245287121","chr13","26533090","26533386","39","218753736"
"chr1","245359013","245359319","chr3","152941248","152941549","43","92417765"
"chr1","245401587","245401893","chr11","15721891","15722192","37","229679696"
"chr1","245406776","245407087","chr14","79148123","79148432","38","166258653"
"chr1","245422817","245423127","chr19","43463036","43463348","45","201959781"
"chr1","245424157","245424418","chr19","35450338","35450602","38","209973819"
"chr1","245436891","245437186","chr11","67036150","67036441","38","178400741"
"chr1","245466644","245466950","chr6","17068239","17068542","46","228398405"
"chr1","245467613","245467895","chr17","50666660","50666941","35","194800953"
"chr1","245504944","245505237","chr21","40446927","40447225","33","205058017"
"chr1","245517084","245517373","chr4","136902204","136902496","55","108614880"
"chr1","245534782","245535082","chr20","22923582","22923882","39","222611200"
"chr1","245545103","245545401","chr3","152941248","152941549","33","92603855"
"chr1","245552617","245552899","chr16","25445657","25445936","48","220106960"
"chr1","245565275","245565589","chr6","131260221","131260525","46","114305054"
"chr1","245613321","245613615","chr5","38614488","38614784","41","206998833"
"chr1","245659757","245660059","chr2","7736700","7736996","49","237923057"
"chr1","245665707","245665984","chr2","150729266","150729547","46","94936441"
"chr1","245667879","245668195","chr7","57213096","57213404","44","188454783"
"chr1","245689558","245689857","chr2","52631573","52631872","44","193057985"
"chr1","245712753","245713063","chr7","42581600","42581909","45","203131153"
"chr1","245735384","245735707","chr3","21104959","21105285","62","224630425"
"chr1","245784844","245785181","chr19","35027074","35027397","53","210757770"
"chr1","245824435","245824574","chr15","23758140","23758272","13","222066295"
"chr1","245824882","245825053","chr17","34108233","34108402","33","211716649"
"chr1","245897613","245897910","chr12","101611483","101611774","45","144286130"
"chr1","245924656","245924963","chr3","106655459","106655766","39","139269197"
"chr1","245928391","245928685","chr20","27822433","27822727","39","218105958"
"chr1","245941518","245941822","chr5","83113160","83113466","40","162828358"
"chr1","245949528","245949821","chrX","47133077","47133369","37","198816451"
"chr1","245977397","245977696","chr4","36522598","36522895","38","209454799"
"chr1","246013177","246013479","chr11","16209591","16209894","43","229803586"
"chr1","246063665","246063939","chr12","8160740","8161007","45","237902925"
"chr1","246155699","246156000","chr4","22365048","22365343","46","223790651"
"chr1","246201731","246202034","chr10","127954939","127955242","41","118246792"
"chr1","246227957","246228269","chr15","20913964","20914267","54","225313993"
"chr1","246286871","246287171","chr6","17068239","17068542","50","229218632"
"chr1","246306094","246306355","chr10","17072193","17072439","53","229233901"
"chr1","246327913","246328212","chr17","69075766","69076065","42","177252147"
"chr1","246367507","246367731","chr20","20984166","20984392","35","225383341"
"chr1","246372609","246372792","chr9","8648433","8648617","53","237724176"
"chr1","246375718","246376029","chr1","25957169","25957480","43","220418549"
"chr1","246379718","246380037","chrX","107827107","107827417","51","138552611"
"chr1","246383680","246383759","chr8","112199337","112199417","8","134184343"
"chr1","246399012","246399323","chr3","177773552","177773857","38","68625460"
"chr1","246431448","246431754","chr1","168099049","168099352","45","78332399"
"chr1","246433386","246433685","chrX","69095527","69095826","45","177337859"
"chr1","246441601","246441907","chr14","69766565","69766870","59","176675036"
"chr1","246466887","246467202","chr11","125799128","125799440","50","120667759"
"chr1","246468362","246468658","chr14","32745447","32745743","41","213722915"
"chr1","246475361","246475646","chrX","68962815","68963097","46","177512546"
"chr1","246480796","246481088","chr1","137737331","137737618","43","108743465"
"chr1","246495660","246495968","chr9","2215139","2215442","65","244280521"
"chr1","246507699","246508046","chr9","86077592","86077931","88","160430107"
"chr1","246556992","246557295","chr2","159959895","159960193","47","86597097"
"chr1","246571153","246571449","chrX","46751776","46752069","35","199819377"
"chr1","246580738","246581038","chr22","15341421","15341725","43","231239317"
"chr1","246585368","246585663","chr7","96977213","96977512","42","149608155"
"chr1","246594489","246594783","chrX","127886517","127886812","43","118707972"
"chr1","246622826","246623123","chr12","23468748","23469043","39","223154078"
"chr1","246629729","246630030","chr9","99935150","99935455","45","146694579"
"chr1","246633168","246633461","chr9","100523236","100523533","42","146109932"
"chr1","246660445","246660751","chr9","103532999","103533309","51","143127446"
"chr1","246681444","246681739","chr12","100785810","100786105","34","145895634"
"chr1","246684179","246684496","chr3","40890698","40891013","50","205793481"
"chr1","246698158","246698443","chr11","96363611","96363898","50","150334547"
"chr1","246702005","246702315","chr1","182478739","182479046","44","64223266"
"chr1","246704149","246704433","chrX","17855428","17855719","45","228848721"
"chr1","246708461","246708762","chr6","17068239","17068542","45","229640222"
"chr1","246735533","246735831","chr10","126287645","126287938","34","120447888"
"chr1","246737601","246737891","chrX","106830287","106830578","43","139907314"
"chr1","246746559","246746851","chr11","43485145","43485437","39","203261414"
"chr1","246762560","246762865","chr3","108570361","108570666","40","138192199"
"chr1","246778030","246778328","chr3","3804205","3804512","44","242973825"
"chr1","246802901","246803207","chr12","110699815","110700119","50","136103086"
"chr1","246824019","246824307","chr17","34117439","34117730","53","212706580"
"chr1","246827961","246828270","chr5","114232117","114232428","43","132595844"
"chr1","246828639","246828953","chr19","34021993","34022303","41","212806646"
"chr1","246848584","246848856","chr21","38030693","38030964","44","208817891"
"chr1","246867970","246868128","chrX","106480049","106480214","31","140387921"
"chr1","246868420","246868552","chr5","1338424","1338558","16","245529996"
"chr1","246886055","246886355","chr6","147805528","147805834","42","99080527"
"chr1","246897032","246897325","chr5","8464809","8465101","37","238432223"
"chr1","246935752","246936037","chr19","33915437","33915726","42","213020315"
"chr1","246948070","246948372","chr2","124980237","124980538","41","121967833"
"chr1","246964589","246964899","chr15","17566864","17567166","42","229397725"
"chr1","246980418","246980717","chr7","145693234","145693534","48","101287184"
"chr1","246989736","246990004","chr4","61835443","61835723","51","185154293"
"chr1","246993892","246994111","chr22","40622618","40622839","32","206371274"
"chr1","247068037","247068337","chr2","9886138","9886441","44","237181899"
"chr1","247076659","247076960","chr14","83739394","83739686","38","163337265"
"chr1","247136665","247136960","chr6","109618442","109618737","41","137518223"
"chr1","247157968","247158275","chr2","61800729","61801029","39","185357239"
"chr1","247201102","247201401","chr6","119308593","119308895","36","127892509"
"chr1","247221919","247222254","chr16","25377834","25378138","73","221844085"
"chr1","247245100","247245418","chr22","33981676","33981980","49","213263424"
"chr1","247265721","247265920","chr2","2406570","2406776","36","244859151"
"chr1","247266507","247266601","chr22","42444208","42444302","13","204822299"
"chr1","247275370","247275628","chr12","117300504","117300763","41","129974866"
"chr1","247278964","247279275","chr11","20691935","20692246","51","226587029"
"chr1","247314742","247315050","chr19","32894482","32894784","53","214420260"
"chr1","247345762","247346056","chr6","147894727","147895020","38","99451035"
"chr1","247372982","247373110","chr1","182711408","182711538","26","64661574"
"chr1","247385950","247386259","chr10","56081359","56081668","41","191304591"
"chr1","247402958","247403255","chr7","103328929","103329224","46","144074029"
"chr1","247434971","247435235","chr9","40913684","40913950","43","206521287"
"chr1","247479259","247479523","chr11","22966695","22966946","51","224512564"
"chr1","247541728","247542038","chr12","27257719","27258031","39","220284009"
"chr1","247604417","247604729","chr1","184817871","184818171","50","62786546"
"chr1","247715974","247716262","chr19","32590122","32590411","33","215125852"
"chr1","247739734","247740005","chr10","5497465","5497725","57","242242269"
"chr1","247766716","247767018","chr6","17068239","17068542","43","230698477"
"chr1","247839931","247840230","chr1","25148537","25148837","47","222691394"
"chr1","247868901","247869199","chr4","25542330","25542622","38","222326571"
"chr1","247932057","247932358","chr6","17068239","17068542","47","230863818"
"chr1","248138318","248138603","chrX","18828260","18828542","55","229310058"
"chr1","248172860","248173149","chr11","15686953","15687243","43","232485907"
"chr1","248195641","248195922","chr5","94664013","94664296","42","153531628"
"chr1","248304738","248305048","chr13","84459624","84459931","54","163845114"
"chr1","248331184","248331412","chr7","65593392","65593633","48","182737792"
"chr1","248456532","248456823","chr1","137754148","137754444","39","110702384"
"chr1","248520591","248520726","chr16","70208284","70208415","20","178312307"
"chr1","248521066","248521226","chr5","143577449","143577597","38","104943617"
"chr1","248605104","248605382","chr5","80700303","80700590","48","167904801"
"chr1","248635236","248635527","chr20","23248359","23248652","38","225386877"
"chr1","248741209","248741506","chr9","99776089","99776389","41","148965120"
"chr1","248743183","248743485","chrX","112877634","112877932","43","135865549"
"chr1","248761065","248761356","chr2","18974215","18974502","35","229786850"
"chr1","248818066","248818375","chr22","33981676","33981980","46","214836390"
"chr1","248829277","248829588","chrUn_GL286451","397516","397830","42","248431761"
"chr1","248839733","248840037","chr19","25591314","25591622","44","223248419"
"chr1","248860743","248861039","chr1","148395182","148395475","42","100465561"
"chr1","248868376","248868685","chr2","162172264","162172572","44","86696112"
"chr1","248901987","248902283","chr9","109143507","109143803","42","139758480"
"chr2","9437122","9437431","chr1","183777870","183778179","44","174340748"
"chr2","35651489","35651793","chr6","17068239","17068542","49","18583250"
"chr2","127925991","127926296","chr10","18062344","18062642","47","109863647"
"chr2","148897638","148897948","chr18","9863619","9863928","47","139034019"
"chr2","169869217","169869522","chr14","81929198","81929500","42","87940019"
"chr2","48496471","48496764","chr22","24673181","24673472","38","23823290"
"chr2","52690738","52691038","chr3","153217268","153217573","50","100526530"
"chr2","55181281","55181428","chr2","8868216","8868359","23","46313065"
"chr2","61734664","61734977","chr4","82226247","82226558","45","20491583"
"chr2","62128046","62128355","chr14","45079291","45079596","39","17048755"
"chr2","62390233","62390533","chr7","6894852","6895150","38","55495381"
"chr2","65273838","65274094","chr7","67348821","67349091","43","2074983"
"chr2","69337061","69337363","chr20","22923582","22923882","38","46413479"
"chr2","113639341","113639624","chr12","84920402","84920678","45","28718939"
"chr2","137101029","137101340","chr3","150073804","150074104","49","12972775"
"chr2","170524485","170524784","chr1","164477981","164478271","47","6046504"
"chr2","171179812","171180116","chr18","8503340","8503640","45","162676472"
"chr2","202506169","202506455","chr8","960667","960958","49","201545502"
"chr2","214302486","214302782","chr6","147894727","147895020","34","66407759"
"chr2","223870902","223871211","chr13","100386262","100386572","46","123484640"
"chr2","224001978","224002276","chr4","12463368","12463662","38","211538610"
"chr2","241041403","241041718","chr11","20691935","20692246","43","220349468"
"chr2","177244","177542","chr6","43666330","43666629","48","43489086"
"chr2","301405","301737","chr13","57673541","57673870","61","57372136"
"chr2","394750","395056","chr15","64332107","64332409","47","63937357"
"chr2","616996","617291","chr11","123371423","123371718","37","122754427"
"chr2","634363","634660","chr1","186704593","186704886","43","186070230"
"chr2","678425","678726","chr5","61538560","61538865","40","60860135"
"chr2","702412","702544","chr1","202475559","202475691","13","201773147"
"chr2","832150","832482","chr18","2778179","2778508","91","1946029"
"chr2","933395","933692","chr20","12729984","12730279","36","11796589"
"chr2","948084","948369","chr7","79364610","79364894","44","78416526"
"chr2","1236935","1237242","chr5","124338115","124338421","43","123101180"
"chr2","1290318","1290612","chr5","94234310","94234606","43","92943992"
"chr2","1400211","1400483","chrX","39387728","39387995","41","37987517"
"chr2","1459936","1460235","chr6","44409695","44409997","42","42949759"
"chr2","1569541","1569843","chr15","20018055","20018360","46","18448514"
"chr2","1700625","1700889","chr11","108062890","108063157","41","106362265"
"chr2","1753426","1753719","chr5","38614488","38614784","35","36861062"
"chr2","1792588","1792899","chr1","82669756","82670065","44","80877168"
"chr2","1805604","1805895","chr18","4009184","4009472","46","2203580"
"chr2","1844978","1845276","chr6","132814369","132814657","50","130969391"
"chr2","1857863","1858163","chr5","110918761","110919060","37","109060898"
"chr2","1890070","1890371","chr7","80047681","80047980","42","78157611"
"chr2","1904363","1904670","chr17","69358056","69358361","44","67453693"
"chr2","1926558","1926838","chr1","165744173","165744453","52","163817615"
"chr2","1975447","1975580","chr6","22500816","22500949","14","20525369"
"chr2","1975584","1975872","chr1","107540372","107540664","41","105564788"
"chr2","1988742","1988827","chr14","106886325","106886410","11","104897583"
"chr2","2006569","2006873","chr16","51641934","51642237","44","49635365"
"chr2","2011107","2011432","chr13","18393383","18393690","51","16382276"
"chr2","2106330","2106619","chr4","155495685","155495965","48","153389355"
"chr2","2160935","2161236","chr2","94274126","94274432","47","92113191"
"chr2","2176501","2176798","chr5","26961498","26961795","38","24784997"
"chr2","2282793","2283072","chr7","58655269","58655556","39","56372476"
"chr2","2433972","2434260","chr4","37824304","37824582","41","35390332"
"chr2","2636295","2636598","chr15","22391678","22391973","46","19755383"
"chr2","2648421","2648731","chr6","31032931","31033246","38","28384510"
"chr2","2699937","2700250","chr2","162172264","162172572","41","159472327"
"chr2","2770832","2771072","chr2","62798379","62798605","54","60027547"
"chr2","2786609","2786916","chr5","60529593","60529894","39","57742984"
"chr2","2897529","2897827","chrX","16707913","16708211","38","13810384"
"chr2","2968296","2968614","chr20","12401994","12402298","56","9433698"
"chr2","3013470","3013794","chr19","43463036","43463348","56","40449566"
"chr2","3027883","3028177","chr2","37218828","37219126","46","34190945"
"chr2","3098765","3099062","chr4","25542330","25542622","46","22443565"
"chr2","3118523","3118831","chr12","43959451","43959753","43","40840928"
"chr2","3175793","3176076","chr10","15634508","15634789","48","12458715"
"chr2","3327189","3327477","chr13","39885762","39886059","43","36558573"
"chr2","3351005","3351300","chr13","57414367","57414663","39","54063362"
"chr2","3395561","3395729","chrX","106480049","106480214","30","103084488"
"chr2","3396029","3396164","chr6","139231067","139231202","15","135835038"
"chr2","3435020","3435312","chr10","16033492","16033786","40","12598472"
"chr2","3555889","3556191","chr22","29463593","29463898","47","25907704"
"chr2","3560632","3560934","chr19","25591314","25591622","48","22030682"
"chr2","3572149","3572354","chr9","112676972","112677186","43","109104823"
"chr2","3613965","3614217","chr14","105169989","105170226","42","101556024"
"chr2","3788916","3789151","chr4","38242150","38242374","42","34453234"
"chr2","3923164","3923463","chr5","114397277","114397576","45","110474113"
"chr2","3926431","3926727","chrX","127730143","127730441","47","123803712"
"chr2","3964378","3964687","chr2","31372053","31372354","48","27407675"
"chr2","4112001","4112315","chr15","74701087","74701396","57","70589086"
"chr2","4288484","4288778","chr14","83739394","83739686","43","79450910"
"chr2","4747454","4747764","chrX","47176701","47177007","41","42429247"
"chr2","5161630","5161914","chr1","13032366","13032651","46","7870736"
"chr2","5162390","5162685","chr14","103652236","103652532","44","98489846"
"chr2","5232357","5232587","chr5","91261005","91261246","42","86028648"
"chr2","5268811","5269080","chr5","133143273","133143547","51","127874462"
"chr2","5303031","5303329","chr5","94234310","94234606","40","88931279"
"chr2","5321324","5321640","chr8","106281938","106282251","51","100960614"
"chr2","5460282","5460595","chr22","28997304","28997607","46","23537022"
"chr2","5477000","5477296","chr10","46916961","46917259","48","41439961"
"chr2","5523434","5523710","chr10","101732804","101733077","42","96209370"
"chr2","5525986","5526274","chr2","9177763","9178050","50","3651777"
"chr2","5531154","5531423","chr9","102546701","102546970","47","97015547"
"chr2","5532106","5532415","chr6","46783923","46784230","57","41251817"
"chr2","5561566","5561869","chr12","28553718","28554019","41","22992152"
"chr2","5573061","5573348","chr20","28636143","28636428","49","23063082"
"chr2","5575332","5575629","chr12","9396909","9397202","48","3821577"
"chr2","5626262","5626591","chr4","20278830","20279149","61","14652568"
"chr2","5667426","5667729","chr11","115118138","115118431","55","109450712"
"chr2","5798706","5798986","chrX","112485556","112485837","39","106686850"
"chr2","5799044","5799064","chr10","17789322","17789342","6","11990278"
"chr2","5962781","5963074","chr7","50925908","50926206","57","44963127"
"chr2","6138325","6138644","chr2","182715108","182715419","56","176576783"
"chr2","6158812","6159049","chr3","1067892","1068127","34","5090920"
"chr2","6197283","6197588","chr10","44913577","44913884","49","38716294"
"chr2","6250737","6251017","chr6","151058379","151058657","50","144807642"
"chr2","6295625","6295933","chr14","102432654","102432959","43","96137029"
"chr2","6307156","6307480","chr13","88836338","88836664","48","82529182"
"chr2","6409452","6409746","chr5","129591545","129591851","57","123182093"
"chr2","6433886","6434171","chr10","17357237","17357515","40","10923351"
"chr2","6453474","6453765","chr1","163381580","163381871","44","156928106"
"chr2","6702159","6702448","chr4","108184543","108184829","53","101482384"
"chr2","7095717","7096011","chr5","125853064","125853359","38","118757347"
"chr2","7178098","7178406","chr13","18393383","18393690","49","11215285"
"chr2","7234629","7234914","chr5","67034018","67034302","51","59799389"
"chr2","7261996","7262294","chr7","146273567","146273869","34","139011571"
"chr2","7445478","7445777","chr10","16033492","16033786","43","8588014"
"chr2","7478187","7478501","chr22","15985089","15985391","47","8506902"
"chr2","7493214","7493489","chr4","62011501","62011784","48","54518287"
"chr2","7509476","7509768","chr22","35530146","35530439","37","28020670"
"chr2","7527037","7527337","chr7","10120794","10121094","36","2593757"
"chr2","7598143","7598435","chr22","28383777","28384071","42","20785634"
"chr2","7681734","7682007","chr10","101732804","101733077","36","94051070"
"chr2","7805626","7805756","chr7","102770432","102770564","17","94964806"
"chr2","7805783","7805951","chr22","6222819","6222983","30","1582964"
"chr2","7896788","7897115","chr1","35104746","35105074","57","27207958"
"chr2","8055640","8055952","chrX","107827107","107827417","38","99771467"
"chr2","8084430","8084726","chr5","94234310","94234606","34","86149880"
"chr2","8114495","8114764","chr10","8493916","8494183","44","379421"
"chr2","8205307","8205590","chr9","111461476","111461764","42","103256169"
"chr2","8262384","8262697","chrX","124381299","124381609","37","116118915"
"chr2","8381768","8382074","chr14","100278870","100279183","43","91897102"
"chr2","8387275","8387581","chr6","87765454","87765755","42","79378179"
"chr2","8433115","8433424","chr14","60435327","60435639","46","52002212"
"chr2","8440769","8441108","chr2","137288772","137289096","67","128848003"
"chr2","8474608","8474913","chr14","100181762","100182063","37","91707154"
"chr2","8517336","8517620","chr12","29333369","29333657","45","20816033"
"chr2","8593136","8593337","chr10","113982889","113983094","25","105389753"
"chr2","8705451","8705770","chr5","134608851","134609157","57","125903400"
"chr2","8741286","8741613","chr12","91267902","91268208","59","82526616"
"chr2","8815426","8815690","chr14","99843287","99843544","38","91027861"
"chr2","8825091","8825390","chr10","14603732","14604030","46","5778641"
"chr2","8844359","8844664","chr1","168595556","168595859","40","159751197"
"chr2","8856547","8856854","chr5","134608851","134609157","38","125752304"
"chr2","8940282","8940592","chr9","8886595","8886904","39","53687"
"chr2","9014643","9014960","chr7","57292095","57292411","45","48277452"
"chr2","9029449","9029712","chr20","490147","490398","51","8539302"
"chr2","9046642","9046902","chr13","69727006","69727274","49","60680364"
"chr2","9079275","9079575","chr6","43666330","43666629","41","34587055"
"chr2","9101215","9101508","chr1","209526500","209526793","36","200425285"
"chr2","9128969","9129260","chr14","36994514","36994806","29","27865545"
"chr2","9151448","9151745","chr5","94234310","94234606","33","85082862"
"chr2","9159817","9160104","chr4","38209077","38209362","40","29049260"
"chr2","9174493","9174795","chr5","38614488","38614784","46","29439995"
"chr2","9176769","9177065","chr20","11107950","11108244","45","1931181"
"chr2","9185164","9185473","chr11","63112901","63113208","48","53927737"
"chr2","9254354","9254527","chr7","85958195","85958373","28","76703841"
"chr2","9254554","9254673","chr5","108582680","108582799","12","99328126"
"chr2","9257519","9257823","chr14","99403205","99403508","47","90145686"
"chr2","9263910","9264195","chrX","125536683","125536965","47","116272773"
"chr2","9274320","9274622","chr6","17068239","17068542","44","7793919"
"chr2","9276531","9276833","chr6","17068239","17068542","43","7791708"
"chr2","9338896","9339196","chr9","83274648","83274943","56","73935752"
"chr2","9357197","9357496","chr2","9886138","9886441","44","528941"
"chr2","9380213","9380497","chr4","21068788","21069070","34","11688575"
"chr2","9446185","9446298","chr20","35398218","35398329","11","25952033"
"chr2","9446610","9446767","chr9","37785793","37785949","31","28339183"
"chr2","9457753","9458008","chr7","10223925","10224171","37","766172"
"chr2","9470932","9471232","chr10","22559240","22559536","34","13088308"
"chr2","9496108","9496428","chr17","46418435","46418746","53","36922327"
"chr2","9527041","9527280","chrX","11729705","11729948","37","2202664"
"chr2","9530955","9531252","chr7","6894852","6895150","49","2636103"
"chr2","9550437","9550743","chr7","32003277","32003587","42","22452840"
"chr2","9565967","9566099","chr3","183625307","183625441","16","174059340"
"chr2","9566395","9566575","chr3","53757892","53758068","37","44191497"
"chr2","9574897","9575197","chr7","10120794","10121094","34","545897"
"chr2","9581865","9582206","chr1","179037278","179037621","66","169455413"
"chr2","9582563","9582774","chr9","116017064","116017275","26","106434501"
"chr2","9593237","9593508","chr2","66965755","66966032","44","57372518"
"chr2","9596703","9596943","chr15","19032308","19032545","55","9435605"
"chr2","9603641","9603937","chr13","15397870","15398167","49","5794229"
"chr2","9605551","9605861","chr16","89824416","89824719","52","80218865"
"chr2","9634813","9635115","chr10","18062344","18062642","37","8427531"
"chr2","9656690","9656971","chr8","110582308","110582580","52","100925618"
"chr2","9659574","9659860","chr7","58655269","58655556","34","48995695"
"chr2","9662318","9662615","chrX","45981223","45981523","34","36318905"
"chr2","9670013","9670326","chrUn_GL286451","397516","397830","41","9272497"
"chr2","9670856","9671147","chrX","11722716","11723009","33","2051860"
"chr2","9672169","9672473","chr15","61219971","61220268","42","51547802"
"chr2","9673278","9673574","chr4","12463368","12463662","44","2790090"
"chr2","9683341","9683645","chr2","7440171","7440473","40","2243170"
"chr2","9685264","9685570","chr6","41026834","41027145","49","31341570"
"chr2","9688630","9688937","chr4","140143172","140143479","44","130454542"
"chr2","9708502","9708786","chr9","1932661","1932946","36","7775841"
"chr2","9792329","9792625","chr7","55245516","55245807","40","45453187"
"chr2","9802178","9802483","chr11","123371423","123371718","41","113569245"
"chr2","9822653","9822966","chr1","168595556","168595859","47","158772903"
"chr2","9833098","9833401","chr5","47854845","47855147","37","38021747"
"chr2","9837001","9837306","chr6","17068239","17068542","37","7231238"
"chr2","9841998","9842254","chr14","98740976","98741237","39","88898978"
"chr2","9842255","9842373","chr7","3241069","3241188","22","6601186"
"chr2","9869594","9869884","chr10","16033492","16033786","35","6163898"
"chr2","9966116","9966420","chr5","2987934","2988233","42","6978182"
"chr2","9977329","9977621","chr3","45658377","45658667","43","35681048"
"chr2","9984780","9985082","chr14","14218793","14219102","56","4234013"
"chr2","9989551","9989849","chr18","3287014","3287306","39","6702537"
"chr2","10024212","10024518","chr3","108570361","108570666","46","98546149"
"chr2","10064709","10065041","chr1","183250340","183250667","43","173185631"
"chr2","10070338","10070644","chr5","39910644","39910945","38","29840306"
"chr2","10074830","10075128","chr5","94234310","94234606","35","84159480"
"chr2","10081889","10082139","chr1","204051428","204051680","39","193969539"
"chr2","10095018","10095310","chr10","79313181","79313476","45","69218163"
"chr2","10096987","10097278","chrX","18278852","18279145","42","8181865"
"chr2","10108288","10108582","chr8","75893091","75893389","44","65784803"
"chr2","10150033","10150163","chr5","19371277","19371408","18","9221244"
"chr2","10153050","10153341","chr1","192352962","192353255","40","182199912"
"chr2","10154192","10154517","chr5","25502393","25502687","60","15348201"
"chr2","10175600","10175904","chr14","98412608","98412907","42","88237008"
"chr2","10209030","10209357","chr2","62710925","62711236","59","52501895"
"chr2","10259067","10259372","chr6","43666330","43666629","35","33407263"
"chr2","10280744","10281034","chr1","178778640","178778928","46","168497896"
"chr2","10288208","10288487","chr22","27145220","27145502","53","16857012"
"chr2","10299356","10299635","chr22","6946793","6947067","38","3352563"
"chr2","10315731","10316018","chr9","2223141","2223424","35","8092590"
"chr2","10324811","10325132","chr2","177834903","177835224","44","167510092"
"chr2","10339320","10339648","chr14","85225132","85225479","65","74885812"
"chr2","10376444","10376736","chr12","4260213","4260507","42","6116231"
"chr2","10379046","10379181","chr9","36067757","36067892","14","25688711"
"chr2","10418135","10418474","chr9","100258454","100258773","65","89840319"
"chr2","10437963","10438255","chr20","27822433","27822727","45","17384470"
"chr2","10450836","10451136","chr14","98129265","98129563","40","87678429"
"chr2","10459866","10460164","chr6","17068239","17068542","44","6608373"
"chr2","10464961","10465258","chr5","116115777","116116067","39","105650816"
"chr2","10472734","10473038","chr13","107510177","107510469","50","97037443"
"chr2","10484060","10484371","chr18","9863619","9863928","44","620441"
"chr2","10498585","10498891","chr1","168595556","168595859","43","158096971"
"chr2","10530208","10530500","chr14","98050629","98050926","47","87520421"
"chr2","10533347","10533655","chr22","28997304","28997607","43","18463957"
"chr2","10542421","10542723","chr2","31372053","31372354","39","20829632"
"chr2","10551111","10551417","chr1","174132039","174132344","41","163580928"
"chr2","10595594","10595891","chr1","178591743","178592033","45","167996149"
"chr2","10638793","10639102","chr5","15342496","15342804","43","4703703"
"chr2","10640916","10641038","chr2","13193728","13193848","14","2552812"
"chr2","10643968","10644269","chr9","11967801","11968108","49","1323833"
"chr2","10652914","10653210","chr10","88272035","88272333","40","77619121"
"chr2","10654929","10655234","chr4","40287458","40287769","51","29632529"
"chr2","10660326","10660617","chr14","4846350","4846637","38","5813976"
"chr2","10661377","10661670","chr1","78774278","78774569","39","68112901"
"chr2","10666354","10666623","chr19","14781759","14782022","48","4115405"
"chr2","10672711","10673003","chr14","5921690","5921981","46","4751021"
"chr2","10679993","10680299","chr9","8886595","8886904","48","1793398"
"chr2","10696876","10697171","chr4","146248250","146248550","48","135551374"
"chr2","10718929","10719106","chr12","24348367","24348543","40","13629438"
"chr2","10719406","10719540","chr4","71763764","71763896","13","61044358"
"chr2","10725132","10725369","chr5","95024651","95024885","39","84299519"
"chr2","10729173","10729406","chr1","200633262","200633498","34","189904089"
"chr2","10730123","10730415","chr5","132893438","132893729","38","122163315"
"chr2","10745359","10745640","chr7","58780482","58780767","40","48035123"
"chr2","10746076","10746299","chr2","129050027","129050247","32","118303951"
"chr2","10782444","10782550","chr19","45803882","45803993","21","35021438"
"chr2","10782860","10782980","chr5","110026400","110026508","41","99243540"
"chr2","10789981","10790270","chr3","94762904","94763199","42","83972923"
"chr2","10793407","10793663","chr14","21170276","21170525","39","10376869"
"chr2","10797903","10798214","chr22","33981676","33981980","43","23183773"
"chr2","10798298","10798589","chr6","144077515","144077809","52","133279217"
"chr2","10827542","10827836","chr12","74255542","74255836","36","63428000"
"chr2","10834777","10835066","chr12","14388541","14388831","37","3553764"
"chr2","10850971","10851266","chr10","126287645","126287938","36","115436674"
"chr2","10867105","10867410","chr14","105224271","105224557","54","94357166"
"chr2","10886120","10886424","chr9","99935150","99935455","39","89049030"
"chr2","10927746","10928046","chr19","917453","917749","42","10010293"
"chr2","11029644","11029947","chr14","96991347","96991655","45","85961703"
"chr2","11052640","11052942","chr5","35735021","35735325","34","24682381"
"chr2","11082458","11082759","chr20","12279842","12280144","42","1197384"
"chr2","11087453","11087758","chr6","17068239","17068542","38","5980786"
"chr2","11095880","11096179","chr10","14603732","14604030","39","3507852"
"chr2","11106904","11107194","chr4","168156555","168156848","41","157049651"
"chr2","11108368","11108674","chr1","185490088","185490389","48","174381720"
"chr2","11115954","11116269","chr22","33981676","33981980","46","22865722"
"chr2","11119856","11120157","chr4","110072542","110072840","35","98952686"
"chr2","11129173","11129480","chr7","16121759","16122064","50","4992586"
"chr2","11141122","11141427","chr3","106655459","106655766","41","95514337"
"chr2","11153979","11154230","chr14","97429469","97429720","26","86275490"
"chr2","11172877","11173162","chr3","188219301","188219587","32","177046424"
"chr2","11198878","11199203","chr3","106655459","106655766","58","95456581"
"chr2","11247738","11248037","chr14","97337705","97337997","40","86089967"
"chr2","11255638","11255954","chr12","12071873","12072177","41","816235"
"chr2","11336961","11337259","chr4","25899642","25899937","40","14562681"
"chr2","11337633","11337942","chr15","24649508","24649805","43","13311875"
"chr2","11358276","11358569","chr5","36342260","36342561","36","24983984"
"chr2","11360654","11360951","chr6","119365724","119366021","36","108005070"
"chr2","11377743","11377936","chr8","55602683","55602872","28","44224940"
"chr2","11384315","11384616","chrX","107683765","107684064","48","96299450"
"chr2","11412867","11413177","chr10","90431710","90432016","37","79018843"
"chr2","11417568","11417851","chr7","51490632","51490916","47","40073064"
"chr2","11432090","11432378","chr16","48377660","48377947","38","36945570"
"chr2","11441235","11441533","chr1","15931085","15931383","36","4489850"
"chr2","11500001","11500159","chr13","20601962","20602113","28","9101961"
"chr2","11500459","11500587","chrX","63436555","63436688","26","51936096"
"chr2","11504940","11505229","chr15","24649508","24649805","37","13144568"
"chr2","11525223","11525517","chr14","69316202","69316499","43","57790979"
"chr2","11545897","11546205","chr20","23337174","23337477","41","11791277"
"chr2","11546944","11547241","chr3","84624674","84624979","40","73077730"
"chr2","11566036","11566316","chr9","107321008","107321282","43","95754972"
"chr2","11567114","11567424","chr3","106655459","106655766","39","95088345"
"chr2","11576754","11577069","chr10","126696429","126696740","44","115119675"
"chr2","11587944","11588243","chr10","46916961","46917259","41","35329017"
"chr2","11611912","11612209","chr14","83739394","83739686","37","72127482"
"chr2","11622092","11622380","chr1","201839779","201840070","43","190217687"
"chr2","11623609","11623929","chr9","46198853","46199164","57","34575244"
"chr2","11740427","11740711","chr6","44490788","44491068","53","32750361"
"chr2","11779882","11780180","chr7","6894852","6895150","38","4885030"
"chr2","11784024","11784324","chr22","32362495","32362804","40","20578471"
"chr2","11831155","11831445","chr4","14908055","14908338","50","3076900"
"chr2","11846972","11847260","chrX","21470063","21470355","44","9623091"
"chr2","11859768","11860081","chr6","148215658","148215964","51","136355890"
"chr2","11898184","11898485","chr14","96663838","96664138","35","84765654"
"chr2","11902364","11902668","chr2","37438788","37439093","41","25536424"
"chr2","11917579","11917892","chr3","108570361","108570666","43","96652782"
"chr2","11934358","11934655","chr10","14603732","14604030","50","2669374"
"chr2","11943894","11944192","chr9","99776089","99776389","40","87832195"
"chr2","12004137","12004445","chr4","36522598","36522895","41","24518461"
"chr2","12015588","12015884","chr10","85714744","85715033","45","73699156"
"chr2","12117992","12118283","chr19","28204517","28204804","62","16086525"
"chr2","12231967","12232275","chr1","168595556","168595859","45","156363589"
"chr2","12360031","12360315","chr2","71332269","71332554","45","58972238"
"chr2","12638522","12638829","chr11","44087762","44088066","49","31449240"
"chr2","12654990","12655296","chr3","106655459","106655766","34","94000469"
"chr2","12660058","12660338","chr14","95893183","95893448","43","83233125"
"chr2","12771997","12772246","chr12","62255290","62255544","37","49483293"
"chr2","12772608","12772889","chr7","51490632","51490916","44","38718024"
"chr2","12794837","12795134","chr14","36994514","36994806","40","24199677"
"chr2","12916439","12916742","chr9","108283532","108283799","68","95367093"
"chr2","12923633","12923943","chr10","90431710","90432016","39","77508077"
"chr2","13047358","13047649","chr17","73944491","73944782","47","60897133"
"chr2","13191736","13192039","chr15","34593565","34593865","53","21401829"
"chr2","13400152","13400442","chr5","84069115","84069398","46","70668963"
"chr2","13417687","13417982","chr5","158406626","158406921","48","144988939"
"chr2","13483268","13483558","chr14","33669909","33670206","43","20186641"
"chr2","13854347","13854655","chr12","27257719","27258031","50","13403372"
"chr2","13875770","13876067","chr11","15219264","15219565","44","1343494"
"chr2","14051688","14051986","chr9","99776089","99776389","49","85724401"
"chr2","14150865","14151208","chr17","54870851","54871173","69","40719986"
"chr2","14310106","14310401","chr15","20239675","20239971","43","5929569"
"chr2","14402597","14402880","chr5","44695769","44696048","47","30293172"
"chr2","14416636","14416948","chr7","53651921","53652230","43","39235285"
"chr2","14482399","14482704","chr12","24684882","24685176","49","10202483"
"chr2","14487119","14487370","chr11","119953496","119953741","35","105466377"
"chr2","14516401","14516711","chr5","2080907","2081217","39","12435494"
"chr2","14613440","14613712","chr4","108440705","108440988","60","93827265"
"chr2","14616786","14617094","chr2","138937103","138937408","47","124320317"
"chr2","14887122","14887415","chr5","5052462","5052757","38","9834660"
"chr2","14888123","14888430","chr18","3214625","3214931","38","11673498"
"chr2","14945799","14946075","chr3","188219301","188219587","42","173273502"
"chr2","14989339","14989586","chrX","17616439","17616683","41","2627100"
"chr2","15013503","15013789","chr2","36825524","36825807","51","21812021"
"chr2","15093134","15093432","chr10","16033492","16033786","43","940358"
"chr2","15151844","15152145","chr1","168595556","168595859","44","153443712"
"chr2","15263152","15263391","chr14","93300536","93300757","43","78037384"
"chr2","15296257","15296555","chr22","32856560","32856853","51","17560303"
"chr2","15314072","15314390","chr5","125737225","125737535","55","110423153"
"chr2","15349672","15349803","chr7","88968428","88968564","20","73618756"
"chr2","15351395","15351683","chr12","10181011","10181298","44","5170384"
"chr2","15498930","15499227","chr5","38614488","38614784","46","23115558"
"chr2","15540713","15541023","chr7","106080561","106080866","40","90539848"
"chr2","15550576","15550884","chr7","45266716","45267022","43","29716140"
"chr2","15599291","15599612","chr7","57292095","57292411","49","41692804"
"chr2","15621650","15621953","chr10","39679505","39679806","40","24057855"
"chr2","15646393","15646696","chr14","43386246","43386546","39","27739853"
"chr2","15676802","15677099","chr12","79143458","79143759","40","63466656"
"chr2","15779241","15779525","chr4","38209077","38209362","49","22429836"
"chr2","15821717","15822024","chr5","2508969","2509278","43","13312748"
"chr2","15828233","15828513","chr11","97727292","97727572","37","81899059"
"chr2","15831568","15831871","chr10","18062344","18062642","35","2230776"
"chr2","15838150","15838437","chr14","92718152","92718439","26","76880002"
"chr2","15855426","15855733","chr5","139159587","139159894","49","123304161"
"chr2","15859773","15860076","chr12","110699815","110700119","42","94840042"
"chr2","15865126","15865428","chr6","17068239","17068542","43","1203113"
"chr2","15898975","15899280","chr5","41077820","41078119","54","25178845"
"chr2","15902049","15902321","chr14","92650078","92650352","34","76748029"
"chr2","15903349","15903639","chr7","60229058","60229345","37","44325709"
"chr2","15906978","15907286","chr9","8886595","8886904","45","7020383"
"chr2","15911142","15911418","chr19","5095615","5095894","38","10815527"
"chr2","15914222","15914531","chr10","90431710","90432016","41","74517488"
"chr2","15922389","15922681","chr15","49359997","49360293","41","33437608"
"chr2","15930317","15930628","chr6","41026834","41027145","49","25096517"
"chr2","15934896","15935194","chr5","128140152","128140449","39","112205256"
"chr2","15957700","15958010","chrX","90421778","90422079","38","74464078"
"chr2","15977323","15977560","chr22","31518540","31518771","30","15541217"
"chr2","15992188","15992487","chr19","38640517","38640819","41","22648329"
"chr2","15994700","15994978","chr19","4188463","4188738","43","11806237"
"chr2","16018196","16018494","chr2","61800729","61801029","48","45782533"
"chr2","16024714","16025000","chr1","168595556","168595859","55","152570842"
"chr2","16086306","16086608","chr4","147076387","147076688","44","130990081"
"chr2","16095670","16095980","chr5","102422486","102422794","40","86326816"
"chr2","16117769","16118074","chr3","106655459","106655766","41","90537690"
"chr2","16124605","16124903","chr12","90198453","90198750","42","74073848"
"chr2","16157055","16157344","chr14","83433453","83433742","41","67276398"
"chr2","16179080","16179359","chr1","138060195","138060467","36","121881115"
"chr2","16192446","16192749","chr2","14723039","14723343","46","1469407"
"chr2","16199345","16199641","chr4","156698023","156698319","36","140498678"
"chr2","16276419","16276727","chr1","168595556","168595859","38","152319137"
"chr2","16278656","16278965","chr5","150153039","150153350","38","133874383"
"chr2","16310325","16310642","chr1","175832541","175832853","48","159522216"
"chr2","16378988","16379306","chr17","54870851","54871173","51","38491863"
"chr2","16542813","16543102","chr4","88122957","88123236","45","71580144"
"chr2","16607594","16607896","chr10","29910934","29911230","46","13303340"
"chr2","16678867","16679164","chr12","60882509","60882808","47","44203642"
"chr2","16785968","16786266","chr14","91758754","91759042","39","74972786"
"chr2","16851846","16852138","chr2","131228804","131229095","46","114376958"
"chr2","16906826","16907094","chr1","171688057","171688330","40","154781231"
"chr2","16965163","16965451","chr8","111220904","111221190","44","94255741"
"chr2","16986334","16986623","chr5","143023404","143023700","41","126037070"
"chr2","17030582","17030880","chr11","98233835","98234135","37","81203253"
"chr2","17033635","17033938","chr1","168595556","168595859","45","151561921"
"chr2","17098442","17098735","chr1","148395182","148395475","42","131296740"
"chr2","17151499","17151797","chr10","55872616","55872911","34","38721117"
"chr2","17228662","17228965","chrX","92444036","92444345","52","75215374"
"chr2","17395683","17395984","chr20","22923582","22923882","37","5527899"
"chr2","17467565","17467865","chr2","171330283","171330586","34","153862718"
"chr2","17621314","17621618","chr9","99935150","99935455","48","82313836"
"chr2","17625866","17626118","chr10","93506542","93506778","48","75880676"
"chr2","17631877","17632168","chr10","5507597","5507886","57","12124280"
"chr2","17639967","17640282","chrX","45395851","45396165","42","27755884"
"chr2","17690312","17690620","chr1","12491044","12491347","49","5199268"
"chr2","17704976","17705288","chr3","106655459","106655766","46","88950483"
"chr2","17714077","17714393","chr10","23365070","23365380","60","5650993"
"chr2","17732417","17732721","chr6","17068239","17068542","37","664178"
"chr2","17739363","17739663","chr4","26335541","26335842","47","8596178"
"chr2","17740572","17740879","chr9","116937360","116937671","48","99196788"
"chr2","17747494","17747803","chr18","39712282","39712591","39","21964788"
"chr2","17751198","17751493","chr14","105224271","105224557","54","87473073"
"chr2","17766171","17766469","chr12","92789007","92789303","38","75022836"
"chr2","17785613","17785920","chr2","60819266","60819572","54","43033653"
"chr2","17826482","17826778","chr6","40009056","40009364","51","22182574"
"chr2","17838915","17839224","chr13","18393383","18393690","48","554468"
"chr2","17943428","17943736","chr9","95060973","95061282","47","77117545"
"chr2","17961123","17961411","chr14","90641096","90641385","43","72679973"
"chr2","17965585","17965890","chr6","135415982","135416286","46","117450397"
"chr2","18195833","18196122","chr3","20835521","20835813","42","2639688"
"chr2","18209465","18209706","chr5","44769776","44770013","38","26560311"
"chr2","18229646","18229918","chr18","44439312","44439587","44","26209666"
"chr2","18352644","18352943","chr7","152890807","152891106","36","134538163"
"chr2","18389784","18390094","chr3","106655459","106655766","52","88265675"
"chr2","18729547","18729817","chr8","25287298","25287560","49","6557751"
"chr2","19095510","19095820","chr3","106655459","106655766","48","87559949"
"chr2","19230389","19230691","chr3","106655459","106655766","44","87425070"
"chr2","19239972","19240289","chr12","24226161","24226471","48","4986189"
"chr2","19428751","19429032","chr20","20058081","20058356","42","629330"
"chr2","19457396","19457684","chr3","111670059","111670348","53","92212663"
"chr2","19707428","19707722","chr14","88914556","88914848","51","69207128"
"chr2","19831270","19831561","chr6","48349798","48350093","56","28518528"
"chr2","19854685","19854988","chr7","49632330","49632627","41","29777645"
"chr2","19995171","19995482","chr9","95060973","95061282","42","75065802"
"chr2","20030932","20031232","chr20","27822433","27822727","36","7791501"
"chr2","20038924","20039215","chr15","61219971","61220268","37","41181047"
"chr2","20043212","20043514","chrX","45981223","45981523","43","25938011"
"chr2","20059533","20059652","chr7","131572147","131572266","16","111512614"
"chr2","20135455","20135732","chr2","61590744","61591027","52","41455289"
"chr2","20147749","20148055","chr7","46884758","46885064","41","26737009"
"chr2","20163293","20163579","chr1","202394399","202394681","39","182231106"
"chr2","20207440","20207729","chr10","46768669","46768960","51","26561229"
"chr2","20243489","20243798","chr4","156698023","156698319","40","136454534"
"chr2","20267027","20267324","chr13","39885762","39886059","39","19618735"
"chr2","20268338","20268642","chr19","38640517","38640819","53","18372179"
"chr2","20271313","20271604","chr6","8827125","8827411","54","11444188"
"chr2","20292372","20292618","chr10","17072193","17072439","43","3220179"
"chr2","20293429","20293731","chr1","184817871","184818171","52","164524442"
"chr2","20328053","20328350","chr6","58341970","58342265","53","38013917"
"chr2","20361565","20361876","chr1","137129532","137129843","45","116767967"
"chr2","20370695","20370975","chr22","47501277","47501564","39","27130582"
"chr2","20372491","20372784","chr8","93697187","93697481","39","73324696"
"chr2","20387087","20387394","chr13","97340307","97340616","39","76953220"
"chr2","20395651","20395820","chr21","41033871","41034039","26","20638220"
"chr2","20404252","20404558","chr1","168595556","168595859","38","148191304"
"chr2","20443635","20443935","chr5","38614488","38614784","45","18170853"
"chr2","20455688","20455986","chr5","94234310","94234606","47","73778622"
"chr2","20473684","20473974","chr14","63994771","63995061","39","43521087"
"chr2","20521060","20521345","chr14","88041457","88041740","32","67520397"
"chr2","20530848","20531146","chr18","21242451","21242743","42","711603"
"chr2","20633515","20633822","chr18","10830546","10830857","44","9802969"
"chr2","20786186","20786489","chr10","90431710","90432016","41","69645524"
"chr2","20846262","20846510","chr14","87713096","87713344","33","66866834"
"chr2","20889734","20890040","chr18","39062464","39062769","47","18172730"
"chr2","21024336","21024643","chr14","87548713","87549019","44","66524377"
"chr2","21074254","21074551","chr15","49359997","49360293","41","28285743"
"chr2","21106536","21106832","chr7","58166645","58166955","48","37060109"
"chr2","21203511","21203818","chr9","26063037","26063343","53","4859526"
"chr2","21272614","21272934","chr7","42581600","42581909","50","21308986"
"chr2","21366589","21366896","chr4","158922649","158922955","46","137556060"
"chr2","21475873","21475999","chr6","49067549","49067673","15","27591676"
"chr2","21476107","21476416","chr18","39712282","39712591","40","18236175"
"chr2","21499800","21500000","chr14","61181919","61182116","35","39682119"
"chr2","21538952","21539254","chr20","22923582","22923882","50","1384630"
"chr2","21691724","21692007","chr2","80644634","80644911","48","58952910"
"chr2","21883158","21883457","chr13","94316383","94316679","47","72433225"
"chr2","21911439","21911719","chr17","50669988","50670268","46","28758549"
"chr2","21943524","21943824","chr4","139472435","139472735","43","117528911"
"chr2","22008947","22009261","chr3","106655459","106655766","51","84646512"
"chr2","22081866","22082161","chr15","49359997","49360293","44","27278131"
"chr2","22189141","22189398","chr1","190633251","190633514","47","168444110"
"chr2","22320034","22320345","chr2","183662984","183663286","55","161342950"
"chr2","22435266","22435577","chr12","31514445","31514755","45","9079179"
"chr2","22473281","22473588","chr3","136742208","136742511","51","114268927"
"chr2","22717871","22718155","chr3","90762246","90762527","55","68044375"
"chr2","22838911","22839219","chr6","17068239","17068542","42","5770672"
"chr2","22853210","22853531","chrX","107827107","107827417","54","84973897"
"chr2","23122666","23122902","chr9","36066745","36066976","44","12944079"
"chr2","23236864","23237173","chr20","23337174","23337477","38","100310"
"chr2","23258571","23258872","chr11","27351073","27351371","41","4092502"
"chr2","23274614","23274924","chr22","36035102","36035417","43","12760488"
"chr2","23326994","23327306","chr11","64363135","64363445","42","41036141"
"chr2","23343023","23343313","chr13","31331915","31332215","46","7988892"
"chr2","23359038","23359336","chr9","35074414","35074712","47","11715376"
"chr2","23379964","23380259","chr1","148189748","148190043","43","124809784"
"chr2","23475919","23476170","chr1","157040793","157041056","54","133564874"
"chr2","23480207","23480508","chrX","125244595","125244900","45","101764388"
"chr2","23522152","23522449","chr5","38614488","38614784","36","15092336"
"chr2","23558403","23558701","chr5","77976326","77976624","46","54417923"
"chr2","23565230","23565363","chr4","88072876","88073006","16","64507646"
"chr2","23597408","23597724","chr5","114232117","114232428","37","90634709"
"chr2","23704485","23704777","chr4","16350054","16350344","36","7354431"
"chr2","23714573","23714872","chr14","84845532","84845834","30","61130959"
"chr2","23720292","23720594","chr9","20122679","20122976","43","3597613"
"chr2","23734159","23734459","chr2","159959895","159960193","40","136225736"
"chr2","23743285","23743578","chr20","29549977","29550272","43","5806692"
"chr2","23799292","23799600","chr11","125799128","125799440","40","101999836"
"chr2","23848221","23848492","chr14","84714139","84714409","40","60865918"
"chr2","23849550","23849838","chr12","29333369","29333657","39","5483819"
"chr2","23873905","23874202","chr5","126079965","126080261","42","102206060"
"chr2","23877251","23877484","chr7","17676215","17676438","47","6201036"
"chr2","23882197","23882495","chr5","98845274","98845574","50","74963077"
"chr2","23913354","23913657","chr1","182969072","182969372","37","159055718"
"chr2","23928307","23928594","chr2","10593959","10594242","34","13334348"
"chr2","23946143","23946320","chr1","185459583","185459757","38","161513440"
"chr2","23946621","23946754","chr14","65544687","65544821","13","41598066"
"chr2","23957310","23957550","chr10","103120421","103120654","34","79163111"
"chr2","23974696","23975004","chr11","64363135","64363445","49","40388439"
"chr2","23977837","23978127","chr10","89616519","89616815","45","65638682"
"chr2","23985243","23985551","chr9","11967801","11968108","39","12017442"
"chr2","23990486","23990788","chr11","123371423","123371718","43","99380937"
"chr2","24014839","24015149","chr7","106080561","106080866","44","82065722"
"chr2","24034139","24034442","chr6","17068239","17068542","39","6965900"
"chr2","24061184","24061475","chr14","84503966","84504258","37","60442782"
"chr2","24068835","24069146","chr13","84459624","84459931","42","60390789"
"chr2","24090305","24090583","chr13","41048085","41048368","51","16957780"
"chr2","24092294","24092601","chr18","39712282","39712591","43","15619988"
"chr2","24094811","24095070","chr14","59202610","59202867","45","35107799"
"chr2","24125563","24125862","chr14","84437331","84437633","37","60311768"
"chr2","24136236","24136527","chr22","30202132","30202421","46","6065896"
"chr2","24140174","24140476","chr22","38663189","38663492","38","14523015"
"chr2","24177159","24177458","chr22","7822716","7823014","44","16354443"
"chr2","24204887","24205151","chr4","10516598","10516864","36","13688289"
"chr2","24250928","24251043","chr22","13727593","13727704","13","10523335"
"chr2","24329251","24329566","chr1","155695790","155696108","58","131366539"
"chr2","24339207","24339487","chr12","26112515","26112796","51","1773308"
"chr2","24384247","24384522","chr15","6320517","6320802","54","18063730"
"chr2","24387505","24387781","chr2","72727351","72727628","54","48339846"
"chr2","24394341","24394651","chr10","90431710","90432016","55","66037369"
"chr2","24402026","24402310","chr3","137011734","137012015","51","112609708"
"chr2","24405256","24405425","chrX","108352935","108353103","29","83947679"
"chr2","24405716","24405851","chr22","17035586","17035722","13","7370130"
"chr2","24408760","24409086","chr7","148985140","148985448","56","124576380"
"chr2","24412434","24412737","chr7","145693234","145693534","40","121280800"
"chr2","24414900","24415193","chr11","123371423","123371718","34","98956523"
"chr2","24419001","24419298","chr22","40230801","40231098","38","15811800"
"chr2","24421190","24421490","chr14","16678626","16678927","43","7742564"
"chr2","24426412","24426698","chrX","1713038","1713311","39","22713374"
"chr2","24428213","24428490","chr18","5476126","5476403","51","18952087"
"chr2","24439000","24439297","chr12","49321944","49322244","34","24882944"
"chr2","24455325","24455624","chr6","147894727","147895020","44","123439402"
"chr2","24458618","24458918","chr1","168595556","168595859","37","144136938"
"chr2","24465835","24466130","chr4","156698023","156698319","37","132232188"
"chr2","24474573","24474880","chr13","43507051","43507367","64","19032478"
"chr2","24540461","24540758","chr10","16033492","16033786","30","8506969"
"chr2","24550827","24551112","chr14","83991654","83991935","31","59440827"
"chr2","24553222","24553516","chrX","11722716","11723009","37","12830506"
"chr2","24567758","24568043","chr6","154756738","154757021","40","130188980"
"chr2","24677062","24677373","chr6","93506061","93506372","37","68828999"
"chr2","24701729","24702025","chr7","6894852","6895150","42","17806877"
"chr2","24718550","24718882","chr2","14875141","14875478","77","9843409"
"chr2","24730744","24731055","chr6","41026834","41027145","47","16296090"
"chr2","24765897","24766194","chr6","116190747","116191038","49","91424850"
"chr2","24775394","24775492","chr3","10613063","10613161","14","14162331"
"chr2","24784393","24784694","chr4","21718170","21718470","39","3066223"
"chr2","24790922","24791224","chr1","157959927","157960225","42","133169005"
"chr2","24829011","24829316","chr10","8101520","8101824","39","16727491"
"chr2","24835654","24835951","chr12","113956799","113957093","35","89121145"
"chr2","24865183","24865454","chr21","37285054","37285330","43","12419871"
"chr2","24904249","24904546","chr22","33981676","33981980","47","9077427"
"chr2","24906849","24907142","chr5","78562869","78563170","49","53656020"
"chr2","24907713","24908022","chr3","106655459","106655766","44","81747746"
"chr2","24921462","24921764","chr4","155989713","155990018","49","131068251"
"chr2","24941441","24941753","chr3","2808599","2808903","48","22132842"
"chr2","24970461","24970756","chr12","20922607","20922906","53","4047854"
"chr2","24992637","24992949","chr5","94532768","94533076","41","69540131"
"chr2","24995242","24995544","chr21","32861641","32861942","40","7866399"
"chr2","24997792","24998095","chr6","43666330","43666629","36","18668538"
"chr2","25003613","25003921","chr3","106655459","106655766","41","81651846"
"chr2","25015629","25015934","chr1","91158514","91158822","41","66142885"
"chr2","25017468","25017730","chr7","49703032","49703292","39","24685564"
"chr2","25028716","25028982","chr5","128808017","128808285","42","103779301"
"chr2","25040969","25041268","chr4","158766463","158766761","45","133725494"
"chr2","25047488","25047799","chr18","15281460","15281759","42","9766028"
"chr2","25061128","25061412","chr3","137011734","137012015","47","111950606"
"chr2","25070259","25070558","chr7","6894852","6895150","38","18175407"
"chr2","25074284","25074593","chr13","18393383","18393690","35","6680901"
"chr2","25074621","25074916","chr7","6894852","6895150","40","18179769"
"chr2","25085464","25085764","chr3","152941248","152941549","43","127855784"
"chr2","25095414","25095716","chr9","111187673","111187975","43","86092259"
"chr2","25104066","25104391","chr14","83402739","83403061","50","58298673"
"chr2","25105142","25105450","chr1","184817871","184818171","46","159712729"
"chr2","25106296","25106456","chr14","83400673","83400843","31","58294377"
"chr2","25106743","25106883","chr7","56002444","56002584","18","30895701"
"chr2","25107839","25108131","chr13","35663090","35663393","45","10555251"
"chr2","25108719","25109023","chr1","184817871","184818171","49","159709152"
"chr2","25117989","25118279","chrX","115531831","115532121","41","90413842"
"chr2","25124775","25125075","chr9","109143507","109143803","46","84018732"
"chr2","25137890","25138202","chr19","38640517","38640819","38","13502627"
"chr2","25140032","25140326","chr15","49047155","49047439","39","23907123"
"chr2","25140761","25141060","chr10","18062344","18062642","42","7078417"
"chr2","25142161","25142465","chr2","9886138","9886441","35","15256023"
"chr2","25142469","25142787","chr14","83359261","83359567","45","58216792"
"chr2","25148273","25148554","chr22","40524198","40524480","41","15375925"
"chr2","25151252","25151555","chr10","8101520","8101824","37","17049732"
"chr2","25156279","25156593","chr5","94857921","94858240","51","69701642"
"chr2","25180933","25181241","chr3","47736656","47736965","47","22555723"
"chr2","25187349","25187647","chr10","126070729","126071027","41","100883380"
"chr2","25192698","25192983","chr2","56700759","56701042","38","31508061"
"chr2","25214484","25214770","chr18","21431056","21431348","50","3783428"
"chr2","25221361","25221668","chr3","106655459","106655766","38","81434098"
"chr2","25279679","25279990","chr1","168595556","168595859","48","143315877"
"chr2","25283081","25283382","chr7","66077660","66077969","41","40794579"
"chr2","25299649","25299960","chr12","48861847","48862157","42","23562198"
"chr2","25344452","25344751","chr1","78550229","78550532","43","53205777"
"chr2","25382520","25382828","chrX","124381299","124381609","38","98998779"
"chr2","25392127","25392412","chr6","136043924","136044206","33","110651797"
"chr2","25396249","25396530","chr4","131620274","131620554","45","106224025"
"chr2","25407969","25408023","chr8","20157155","20157210","15","5250814"
"chr2","25408322","25408563","chrX","59961464","59961685","51","34553142"
"chr2","25428432","25428731","chr2","18780256","18780558","36","6648176"
"chr2","25435024","25435320","chr7","55245516","55245807","43","29810492"
"chr2","25437266","25437560","chrX","48721748","48722046","39","23284482"
"chr2","25456561","25456867","chr21","40584762","40585072","42","15128201"
"chr2","25459487","25459793","chr5","124338115","124338421","39","98878628"
"chr2","25469460","25469741","chr2","66805774","66806063","43","41336314"
"chr2","25471388","25471701","chr15","22915647","22915946","55","2555741"
"chr2","25501384","25501671","chr6","117792600","117792890","51","92291216"
"chr2","25509744","25510050","chr3","106655459","106655766","39","81145715"
"chr2","25543294","25543602","chr1","82669756","82670065","41","57126462"
"chr2","25545634","25545920","chr1","200040617","200040903","39","174494983"
"chr2","25550690","25550948","chr13","59198364","59198619","40","33647674"
"chr2","25564375","25564687","chr3","106655459","106655766","48","81091084"
"chr2","25631913","25632217","chr3","106655459","106655766","44","81023546"
"chr2","25642757","25643053","chr5","94234310","94234606","34","68591553"
"chr2","25656892","25657188","chr14","82833417","82833717","38","57176525"
"chr2","25674735","25675032","chr6","13168853","13169146","41","12505882"
"chr2","25686454","25686749","chr1","168595556","168595859","48","142909102"
"chr2","25690913","25691204","chr13","14803101","14803398","55","10887812"
"chr2","25710285","25710588","chr11","54908349","54908660","45","29198064"
"chr2","25717375","25717676","chr4","19980098","19980393","47","5737277"
"chr2","25747887","25748176","chr11","97417585","97417865","56","71669698"
"chr2","25748226","25748517","chr9","103172360","103172645","43","77424134"
"chr2","25782846","25783158","chr9","11967801","11968108","41","13815045"
"chr2","25792971","25793260","chrX","10725445","10725745","55","15067526"
"chr2","25811763","25812052","chr4","16350054","16350344","38","9461709"
"chr2","25821482","25821594","chr10","103182969","103183081","17","77361487"
"chr2","25831038","25831319","chr13","43825085","43825367","51","17994047"
"chr2","25833413","25833707","chr8","86591044","86591342","41","60757631"
"chr2","25841566","25841701","chr1","172218988","172219121","15","146377422"
"chr2","25841963","25842140","chr3","53757892","53758068","35","27915929"
"chr2","25846364","25846666","chr9","111187673","111187975","37","85341309"
"chr2","25855261","25855400","chr22","14923891","14924028","19","10931370"
"chr2","25855692","25855849","chr11","60786865","60787017","35","34931173"
"chr2","25879855","25880167","chr18","39712282","39712591","39","13832427"
"chr2","25881547","25881854","chr1","138077483","138077787","46","112195936"
"chr2","25887821","25888131","chr14","82589904","82590198","36","56702083"
"chr2","25888291","25888534","chr1","188025457","188025700","44","162137166"
"chr2","25899938","25900227","chr14","63994771","63995061","35","38094833"
"chr2","25914131","25914296","chr10","29640597","29640756","33","3726466"
"chr2","25914607","25914716","chr22","13727593","13727704","24","12187014"
"chr2","25914723","25915012","chr7","89217839","89218129","37","63303116"
"chr2","25922127","25922424","chr14","82159120","82159418","38","56236993"
"chr2","25930361","25930525","chrX","108352935","108353103","29","82422574"
"chr2","25930839","25930985","chr12","51134156","51134298","21","25203317"
"chr2","25931649","25931932","chr5","116115777","116116067","44","90184128"
"chr2","25934297","25934602","chr3","106655459","106655766","44","80721162"
"chr2","25946273","25946408","chr3","258844","258974","14","25687429"
"chr2","25946704","25946870","chr19","781258","781429","30","25165446"
"chr2","25949693","25949960","chrX","90546446","90546718","37","64596753"
"chr2","25959492","25959739","chr1","198582794","198583041","34","172623302"
"chr2","26001122","26001411","chr14","83739394","83739686","40","57738272"
"chr2","26007106","26007389","chr5","94664013","94664296","42","68656907"
"chr2","26023779","26024094","chr8","106353247","106353555","46","80329468"
"chr2","26030329","26030433","chr5","40042596","40042695","17","14012267"
"chr2","26030498","26030790","chrX","45859938","45860230","44","19829440"
"chr2","26057641","26057923","chr4","34845790","34846071","46","8788149"
"chr2","26066778","26067076","chr12","28553718","28554019","39","2486940"
"chr2","26069714","26070006","chr14","82438052","82438341","44","56368338"
"chr2","26085207","26085506","chr3","165681329","165681631","44","139596122"
"chr2","26094570","26094858","chr4","41546974","41547260","42","15452404"
"chr2","26108929","26109209","chr5","31371357","31371639","41","5262428"
"chr2","26144421","26144723","chr15","17053141","17053444","42","9091280"
"chr2","26146615","26146933","chr3","106655459","106655766","49","80508844"
"chr2","26151286","26151583","chr5","86230872","86231167","38","60079586"
"chr2","26159170","26159481","chr4","23117480","23117789","43","3041690"
"chr2","26161487","26161779","chr6","17068239","17068542","45","9093248"
"chr2","26167433","26167733","chr14","32745447","32745743","43","6578014"
"chr2","26170502","26170840","chr14","82337960","82338288","39","56167458"
"chr2","26171355","26171592","chr14","4332987","4333193","60","21838368"
"chr2","26180614","26180916","chr6","17068239","17068542","39","9112375"
"chr2","26186694","26186999","chr6","17068239","17068542","43","9118455"
"chr2","26192505","26192761","chrUn_GL286373","1517685","1517954","47","24674820"
"chr2","26202459","26202752","chr12","31252957","31253248","46","5050498"
"chr2","26216318","26216618","chrX","91265453","91265750","41","65049135"
"chr2","26218727","26219036","chr1","197436545","197436854","42","171217818"
"chr2","26229833","26230122","chr14","82277854","82278145","34","56048021"
"chr2","26241921","26242189","chr17","38584692","38584974","57","12342771"
"chr2","26260072","26260379","chr18","39712282","39712591","41","13452210"
"chr2","26261493","26261786","chr5","116115777","116116067","43","89854284"
"chr2","26286922","26287225","chr1","184817871","184818171","39","158530949"
"chr2","26293340","26293632","chr1","40046052","40046333","41","13752712"
"chr2","26333832","26334108","chr3","184619156","184619440","51","158285324"
"chr2","26336444","26336752","chr18","9863619","9863928","44","16472825"
"chr2","26344144","26344443","chr9","15982483","15982780","51","10361661"
"chr2","26358125","26358415","chr4","38174355","38174645","53","11816230"
"chr2","26361654","26361956","chr4","19980098","19980393","48","6381556"
"chr2","26363780","26364042","chr15","63120202","63120463","44","36756422"
"chr2","26365796","26366100","chr11","16209591","16209894","36","10156205"
"chr2","26394129","26394418","chr22","15031094","15031376","46","11363035"
"chr2","26406428","26406728","chr15","49359997","49360293","39","22953569"
"chr2","26424670","26424973","chr20","27822433","27822727","42","1397763"
"chr2","26427128","26427412","chr14","82029769","82030056","41","55602641"
"chr2","26447555","26447866","chr3","106655459","106655766","34","80207904"
"chr2","26506718","26507010","chr5","36245174","36245466","38","9738456"
"chr2","26525805","26526116","chr2","11642004","11642310","45","14883801"
"chr2","26531812","26532117","chr14","81929198","81929500","39","55397386"
"chr2","26543707","26544019","chr8","97594661","97594975","51","71050954"
"chr2","26547554","26547858","chr1","15931085","15931383","42","10616469"
"chr2","26551006","26551290","chr5","45343522","45343803","34","18792516"
"chr2","26560578","26560880","chr1","168595556","168595859","38","142034978"
"chr2","26622701","26623012","chr12","12071873","12072177","41","14550828"
"chr2","26632475","26632786","chr3","106655459","106655766","49","80022984"
"chr2","26641809","26642091","chr1","172257719","172258009","55","145615910"
"chr2","26701661","26701963","chr1","171789327","171789626","51","145087666"
"chr2","26714604","26714886","chr15","58592468","58592749","32","31877864"
"chr2","26719985","26720283","chr4","130800332","130800629","51","104080347"
"chr2","26745412","26745708","chr4","41546974","41547260","44","14801562"
"chr2","26754648","26754956","chr14","81687967","81688285","51","54933319"
"chr2","26760284","26760579","chr5","94234310","94234606","41","67474026"
"chr2","26766316","26766618","chr2","18780256","18780558","43","7986060"
"chr2","26773614","26773910","chr15","49359997","49360293","40","22586383"
"chr2","26776918","26777210","chr4","16350054","16350344","44","10426864"
"chr2","26808517","26808839","chr1","175832541","175832853","49","149024024"
"chr2","26809562","26809847","chr5","147388748","147389034","36","120579186"
"chr2","26809873","26809884","chr5","92524075","92524085","4","65714202"
"chr2","26822215","26822514","chr5","86230872","86231167","44","59408657"
"chr2","26851661","26851957","chr5","132893438","132893729","38","106041777"
"chr2","26866724","26867031","chr5","124338115","124338421","37","97471391"
"chr2","26871455","26871740","chr2","62380758","62381043","39","35509303"
"chr2","26882619","26882929","chr3","177888845","177889151","49","151006226"
"chr2","26883387","26883698","chr4","23117480","23117789","43","3765907"
"chr2","26891681","26891972","chr4","16350054","16350344","39","10541627"
"chr2","26929220","26929531","chr1","168595556","168595859","42","141666336"
"chr2","26935406","26935710","chr9","115637925","115638221","36","88702519"
"chr2","26937631","26937738","chr5","121107994","121108091","35","94170363"
"chr2","26937781","26938005","chr3","111692421","111692632","60","84754640"
"chr2","26954743","26955046","chr6","17068239","17068542","39","9886504"
"chr2","26956842","26957143","chrX","10725445","10725745","44","16231397"
"chr2","26966289","26966567","chrX","90546446","90546718","48","63580157"
"chr2","27011564","27011868","chr1","168595556","168595859","36","141583992"
"chr2","27044964","27045268","chr5","123871201","123871501","38","96826237"
"chr2","27046801","27047096","chr12","16012986","16013285","59","11033815"
"chr2","27074365","27074663","chr19","27021921","27022220","35","52444"
"chr2","27075605","27075616","chr10","130972896","130972907","10","103897291"
"chr2","27075908","27076042","chr9","36067757","36067892","15","8991849"
"chr2","27088409","27088722","chr20","35275825","35276127","57","8187416"
"chr2","27116925","27117210","chrX","17543907","17544194","39","9573018"
"chr2","27125619","27125919","chr2","168879156","168879455","39","141753537"
"chr2","27141810","27142110","chr6","147894727","147895020","39","120752917"
"chr2","27163207","27163498","chrX","17855428","17855719","38","9307779"
"chr2","27166314","27166622","chr11","22133329","22133631","52","5032985"
"chr2","27168529","27168839","chr7","66105076","66105385","50","38936547"
"chr2","27170191","27170491","chr11","124429251","124429550","45","97259060"
"chr2","27176274","27176554","chr4","37824304","37824582","45","10648030"
"chr2","27195213","27195473","chr8","97468591","97468839","61","70273378"
"chr2","27223152","27223457","chr3","106655459","106655766","42","79432307"
"chr2","27246036","27246345","chr1","168595556","168595859","39","141349520"
"chr2","27266624","27266915","chr17","42545319","42545613","38","15278695"
"chr2","27278399","27278713","chr6","17068239","17068542","39","10210160"
"chr2","27279317","27279595","chr1","89810213","89810493","49","62530896"
"chr2","27289861","27290165","chr12","88654778","88655074","42","61364917"
"chr2","27296758","27297058","chr5","26961498","26961795","41","335260"
"chr2","27310116","27310395","chr14","83739394","83739686","39","56429278"
"chr2","27318366","27318646","chr3","184619156","184619440","35","157300790"
"chr2","27319655","27319955","chr7","65310891","65311181","54","37991236"
"chr2","27325096","27325385","chr7","124888065","124888353","41","97562969"
"chr2","27330177","27330486","chrX","36243193","36243499","47","8913016"
"chr2","27339706","27340016","chr18","39712282","39712591","39","12372576"
"chr2","27340252","27340533","chr14","81103665","81103931","44","53763413"
"chr2","27349645","27349939","chr3","150294493","150294784","41","122944848"
"chr2","27394950","27395272","chrX","90076480","90076790","50","62681530"
"chr2","27395989","27396278","chr5","122419785","122420070","36","95023796"
"chr2","27396533","27396841","chr5","99799393","99799697","39","72402860"
"chr2","27399392","27399600","chr14","81045038","81045245","33","53645646"
"chr2","27401547","27401856","chr9","101796262","101796572","38","74394715"
"chr2","27411253","27411547","chr1","140085111","140085403","45","112673858"
"chr2","27412904","27413031","chr7","62981492","62981618","16","35568588"
"chr2","27415997","27416293","chr1","201685710","201686002","38","174269713"
"chr2","27419164","27419467","chr10","98627092","98627395","39","71207928"
"chr2","27427313","27427619","chr12","50172288","50172590","59","22744975"
"chr2","27437905","27438192","chr1","82463476","82463771","37","55025571"
"chr2","27456763","27457066","chr4","156698023","156698319","37","129241260"
"chr2","27469112","27469418","chr13","35663090","35663393","39","8193978"
"chr2","27486942","27487244","chr5","123871201","123871501","48","96384259"
"chr2","27500078","27500437","chr7","10569817","10570151","75","16930261"
"chr2","27516284","27516594","chr10","71567659","71567967","41","44051375"
"chr2","27520754","27521069","chr15","22908060","22908367","50","4612694"
"chr2","27538551","27538852","chr2","31372053","31372354","42","3833502"
"chr2","27548791","27549099","chr11","118075028","118075334","34","90526237"
"chr2","27561063","27561338","chr2","87942648","87942919","60","60381585"
"chr2","27563563","27563859","chr7","15853091","15853389","34","11710472"
"chr2","27587269","27587576","chr5","134608851","134609157","45","107021582"
"chr2","27636484","27636774","chr4","34040893","34041179","52","6404409"
"chr2","27643897","27644198","chr5","56365052","56365353","44","28721155"
"chr2","27651865","27652179","chr15","72185705","72186015","39","44533840"
"chr2","27684145","27684444","chr14","80750111","80750399","39","53065966"
"chr2","27691590","27691889","chr1","168595556","168595859","46","140903966"
"chr2","27699012","27699307","chr1","153539243","153539538","45","125840231"
"chr2","27712884","27713186","chr8","80779437","80779743","46","53066553"
"chr2","27713594","27713900","chr7","44846137","44846443","38","17132543"
"chr2","27714705","27715009","chr7","44446894","44447196","46","16732189"
"chr2","27718031","27718286","chr15","46322093","46322350","35","18604062"
"chr2","27722601","27722907","chrX","109030128","109030429","37","81307527"
"chr2","27759296","27759605","chr6","17068239","17068542","39","10691057"
"chr2","27760656","27760952","chr10","55872616","55872911","42","28111960"
"chr2","27762553","27762861","chr10","126696429","126696740","41","98933876"
"chr2","27765223","27765518","chr15","20464324","20464619","42","7300899"
"chr2","27767021","27767328","chr7","75011478","75011771","50","47244457"
"chr2","27805561","27805874","chr14","80627557","80627858","42","52821996"
"chr2","27843978","27844284","chr15","25321014","25321315","50","2522964"
"chr2","27845967","27846267","chr3","53304381","53304673","46","25458414"
"chr2","27860968","27861267","chr2","137923952","137924247","39","110062984"
"chr2","28065859","28066192","chr14","80360318","80360636","55","52294459"
"chr2","28087657","28087949","chr1","193266464","193266759","34","165178807"
"chr2","28100168","28100482","chr1","184817871","184818171","47","156717703"
"chr2","28165530","28165834","chr14","65532493","65532795","40","37366963"
"chr2","28229579","28229886","chr22","28997304","28997607","32","767725"
"chr2","28249076","28249388","chrX","45395851","45396165","49","17146775"
"chr2","28255284","28255573","chr20","27529242","27529530","38","726042"
"chr2","28260933","28261239","chr13","18393383","18393690","41","9867550"
"chr2","28273437","28273737","chr6","17068239","17068542","39","11205198"
"chr2","28353361","28353664","chr7","145367752","145368069","55","117014391"
"chr2","28354057","28354363","chr1","13954469","13954768","41","14399588"
"chr2","28388771","28389078","chr5","4793924","4794233","47","23594847"
"chr2","28418701","28419010","chr8","17471458","17471767","41","10947243"
"chr2","28421559","28421869","chr3","108570361","108570666","44","80148802"
"chr2","28504461","28504771","chr9","91986133","91986436","42","63481672"
"chr2","28535639","28535944","chr12","4900795","4901099","41","23634844"
"chr2","28540889","28541173","chr3","182022692","182022972","47","153481803"
"chr2","28550171","28550475","chr13","43694410","43694711","40","15144239"
"chr2","28574382","28574549","chrX","106480049","106480214","29","77905667"
"chr2","28574577","28574696","chr11","60338302","60338420","10","31763725"
"chr2","28587335","28587627","chr7","45650829","45651125","50","17063494"
"chr2","28655898","28656076","chr3","53757892","53758068","28","25101994"
"chr2","28656701","28656836","chr1","108326226","108326361","16","79669525"
"chr2","28658087","28658390","chr6","17068239","17068542","41","11589848"
"chr2","28669310","28669418","chr7","56993945","56994054","8","28324635"
"chr2","28690203","28690505","chr22","40230801","40231098","37","11540598"
"chr2","28712597","28712906","chr13","36439491","36439803","44","7726894"
"chr2","28718820","28719127","chr6","149078496","149078795","51","120359676"
"chr2","28725725","28726017","chrX","138490842","138491134","56","109765117"
"chr2","28728347","28728652","chr10","33140740","33141041","46","4412393"
"chr2","28735645","28735943","chr1","172257719","172258009","45","143522074"
"chr2","28759234","28759546","chr16","75482904","75483210","35","46723670"
"chr2","28764679","28764930","chr14","79639676","79639929","44","50874997"
"chr2","28769987","28770272","chrX","17543907","17544194","36","11226080"
"chr2","28772035","28772314","chr5","35348413","35348694","48","6576378"
"chr2","28784634","28784945","chr11","44091908","44092214","41","15307274"
"chr2","28789594","28789902","chr13","18393383","18393690","44","10396211"
"chr2","28817594","28817878","chr13","96689855","96690133","47","67872261"
"chr2","28827977","28828286","chr14","79581318","79581623","38","50753341"
"chr2","28835227","28835530","chr11","44157181","44157481","48","15321954"
"chr2","28838690","28838840","chr6","46131573","46131722","19","17292883"
"chr2","28846123","28846425","chr20","22923582","22923882","37","5922541"
"chr2","28847460","28847774","chr7","58166645","58166955","47","29319185"
"chr2","28851601","28851908","chr5","43400841","43401151","38","14549240"
"chr2","28856947","28857233","chr2","56700759","56701042","43","27843812"
"chr2","28862709","28862840","chr6","131713275","131713405","17","102850566"
"chr2","28871016","28871284","chrX","18342405","18342672","51","10528611"
"chr2","28874498","28874775","chr4","154744523","154744801","44","125870025"
"chr2","28879106","28879313","chr13","40343824","40344028","30","11464718"
"chr2","28892619","28892920","chr13","35663090","35663393","42","6770471"
"chr2","28910703","28910997","chrX","22356240","22356533","45","6554463"
"chr2","28953817","28954105","chrX","17855428","17855719","40","11098389"
"chr2","28974128","28974389","chr14","79435589","79435842","33","50461461"
"chr2","28974609","28974930","chr5","110862498","110862806","50","81887889"
"chr2","28989048","28989350","chr2","159959895","159960193","40","130970847"
"chr2","28989705","28989807","chrX","101524017","101524114","24","72534312"
"chr2","28992778","28993078","chr5","38614488","38614784","35","9621710"
"chr2","29001503","29001794","chr10","16169668","16169965","42","12831835"
"chr2","29019176","29019469","chr2","15944306","15944594","46","13074870"
"chr2","29083318","29083609","chrX","17855428","17855719","47","11227890"
"chr2","29109778","29110079","chr6","17068239","17068542","46","12041539"
"chr2","29110683","29110985","chr8","25288622","25288927","47","3822061"
"chr2","29195482","29195737","chrUn_GL286435","449984","450238","48","28745498"
"chr2","29201506","29201798","chrY","2641146","2641442","45","26560360"
"chr2","29248194","29248467","chr4","61835443","61835723","46","32587249"
"chr2","29265008","29265317","chrX","47176701","47177007","43","17911693"
"chr2","29285570","29285862","chr10","16033492","16033786","40","13252078"
"chr2","29383322","29383616","chrX","93058679","93058973","41","63675357"
"chr2","29419043","29419353","chr3","177888845","177889151","43","148469802"
"chr2","29465412","29465716","chr2","168879156","168879455","43","139413744"
"chr2","29499208","29499494","chr5","96441121","96441410","47","66941913"
"chr2","29541313","29541590","chr5","112572984","112573270","44","83031671"
"chr2","29637476","29637722","chr13","31479731","31479984","43","1842255"
"chr2","29683095","29683405","chr7","148985140","148985448","43","119302045"
"chr2","29756530","29756826","chr2","73418486","73418787","44","43661956"
"chr2","29915261","29915519","chr21","36540332","36540585","51","6625071"
"chr2","29943565","29943827","chr10","128365034","128365286","40","98421469"
"chr2","29944698","29945004","chrX","47176701","47177007","50","17232003"
"chr2","30058837","30059138","chr10","9287553","9287848","46","20771284"
"chr2","30070448","30070747","chr11","122453676","122453968","42","92383228"
"chr2","30075670","30075951","chrX","105924911","105925188","36","75849241"
"chr2","30083428","30083714","chr2","61865345","61865632","40","31781917"
"chr2","30112201","30112503","chrX","112877634","112877932","37","82765433"
"chr2","30130831","30131141","chr22","31895458","31895761","63","1764627"
"chr2","30138083","30138383","chr1","184817871","184818171","38","154679788"
"chr2","30181812","30182013","chr2","13453983","13454181","32","16727829"
"chr2","30289426","30289733","chr9","106891453","106891749","46","76602027"
"chr2","30292490","30292631","chr14","76691321","76691456","20","46398831"
"chr2","30292934","30293085","chr5","110150151","110150304","31","79857217"
"chr2","30304551","30304836","chr1","189468811","189469090","39","159164260"
"chr2","30345757","30346068","chr14","76743182","76743488","43","46397425"
"chr2","30363987","30364228","chr4","45928096","45928333","43","15564109"
"chr2","30392984","30393273","chr16","92089757","92090031","45","61696773"
"chr2","30471214","30471509","chrX","22356240","22356533","35","8114974"
"chr2","30511231","30511314","chr14","76914346","76914429","9","46403115"
"chr2","30525112","30525375","chr19","14781759","14782022","50","15743353"
"chr2","30598968","30599281","chr10","90431710","90432016","42","59832742"
"chr2","30648533","30648814","chr12","50929742","50930024","41","20281209"
"chr2","30668030","30668188","chrX","140734265","140734421","27","110066235"
"chr2","30668225","30668344","chr11","60338302","60338420","16","29670077"
"chr2","30675477","30675771","chr1","98572733","98573027","37","67897256"
"chr2","30688005","30688313","chr18","38793266","38793575","38","8105261"
"chr2","30712645","30712938","chr10","16033492","16033786","44","14679153"
"chr2","30776253","30776512","chr13","36744801","36745063","49","5968548"
"chr2","30783899","30784198","chr5","94234310","94234606","32","63450411"
"chr2","30810922","30811226","chr7","45344118","45344429","42","14533196"
"chr2","30858384","30858677","chr4","78780467","78780761","43","47922083"
"chr2","31002147","31002441","chr14","77406455","77406751","41","46404308"
"chr2","31038085","31038392","chr9","101796262","101796572","42","70758177"
"chr2","31105466","31105752","chrX","66146500","66146784","42","35041034"
"chr2","31183875","31184182","chr9","8886595","8886904","45","22297280"
"chr2","31195350","31195636","chr3","80959478","80959762","43","49764128"
"chr2","31246901","31247183","chr10","129720266","129720546","41","98473365"
"chr2","31289870","31290173","chr16","93832586","93832889","48","62542716"
"chr2","31363030","31363332","chr22","33981676","33981980","41","2618646"
"chr2","31380991","31381289","chr12","28553718","28554019","44","2827273"
"chr2","31427560","31427860","chr13","18729449","18729750","43","12698111"
"chr2","31488327","31488639","chr3","106655459","106655766","45","75167132"
"chr2","31611996","31612312","chr1","174405210","174405519","56","142793214"
"chr2","31761088","31761383","chr7","49465777","49466070","40","17704689"
"chr2","31766755","31767055","chr17","69075766","69076065","38","37309011"
"chr2","31801466","31801777","chr5","40811415","40811717","49","9009949"
"chr2","31830496","31830784","chr10","89487563","89487852","43","57657067"
"chr2","31840033","31840323","chr12","112051901","112052188","49","80211868"
"chr2","31846096","31846396","chr6","123665512","123665816","42","91819416"
"chr2","31846932","31847224","chr14","76472091","76472387","48","44625159"
"chr2","31851731","31851995","chr14","76462581","76462853","48","44610850"
"chr2","31870589","31870877","chr4","16350054","16350344","37","15520535"
"chr2","31875686","31875986","chr6","43666330","43666629","37","11790644"
"chr2","31885116","31885419","chr14","76427354","76427658","34","44542238"
"chr2","31901091","31901401","chr1","194197069","194197378","47","162295978"
"chr2","31928261","31928575","chrX","47176701","47177007","45","15248440"
"chr2","31943025","31943294","chr7","12625452","12625715","47","19317573"
"chr2","31948621","31948808","chr2","66795192","66795379","34","34846571"
"chr2","31950437","31950749","chr4","43074425","43074733","46","11123988"
"chr2","31953455","31953756","chrX","30043039","30043339","37","1910416"
"chr2","31961075","31961363","chr5","64669504","64669794","40","32708429"
"chr2","31969990","31970269","chr7","114227","114501","40","31855763"
"chr2","31972429","31972719","chr10","126287645","126287938","36","94315216"
"chr2","31976297","31976594","chr1","172197414","172197706","43","140221117"
"chr2","31977491","31977822","chr14","108343882","108344189","71","76366391"
"chr2","31985335","31985625","chr4","137607297","137607587","37","105621962"
"chr2","31988265","31988562","chr5","94234310","94234606","36","62246045"
"chr2","31996271","31996570","chr3","2808599","2808903","45","29187672"
"chr2","32000052","32000223","chr2","137800524","137800657","58","105800472"
"chr2","32000530","32000665","chr1","172218988","172219121","15","140218458"
"chr2","32028990","32029274","chr20","29471461","29471743","42","2557529"
"chr2","32037562","32037852","chr5","143023404","143023700","33","110985842"
"chr2","32046944","32047245","chr6","17068239","17068542","48","14978705"
"chr2","32047959","32048248","chr7","89217839","89218129","39","57169880"
"chr2","32057517","32057816","chr9","39173909","39174204","38","7116392"
"chr2","32067058","32067361","chr4","15705730","15706030","40","16361328"
"chr2","32068326","32068623","chr13","97064854","97065149","38","64996528"
"chr2","32068929","32069235","chr6","17068239","17068542","50","15000690"
"chr2","32070069","32070367","chr12","4260213","4260507","37","27809856"
"chr2","32074500","32074806","chr19","26467351","26467655","44","5607149"
"chr2","32075541","32075850","chr1","150617160","150617461","45","118541619"
"chr2","32116465","32116766","chrX","40208271","40208570","50","8091806"
"chr2","32127179","32127416","chr3","175333614","175333851","42","143206435"
"chr2","32127983","32128294","chr2","128453977","128454288","52","96325994"
"chr2","32147380","32147615","chr14","83437585","83437826","38","51290205"
"chr2","32148390","32148527","chr7","79609225","79609358","12","47460835"
"chr2","32148826","32148986","chr10","27469878","27470033","31","4678948"
"chr2","32165212","32165503","chr14","76177735","76178027","30","44012523"
"chr2","32175697","32175982","chr4","41546974","41547260","45","9371277"
"chr2","32176768","32177072","chr22","33981676","33981980","38","1804908"
"chr2","32177320","32177588","chr4","107243813","107244085","49","75066493"
"chr2","32177651","32177924","chr10","55238858","55239128","57","23061207"
"chr2","32185716","32186028","chr10","5179689","5180000","46","27006027"
"chr2","32186717","32187025","chr14","76154042","76154343","57","43967325"
"chr2","32189282","32189596","chrX","45395851","45396165","51","13206569"
"chr2","32211606","32211919","chr6","17068239","17068542","44","15143367"
"chr2","32228768","32229051","chr3","175906026","175906308","53","143677258"
"chr2","32229148","32229470","chr1","90294210","90294476","91","58065062"
"chr2","32298554","32298855","chr2","14826551","14826859","53","17472003"
"chr2","32299839","32299985","chr6","139231067","139231202","35","106931228"
"chr2","32300285","32300455","chr19","781258","781429","33","31519027"
"chr2","32318495","32318776","chr13","61457918","61458205","51","29139423"
"chr2","32321154","32321456","chr9","112240509","112240808","43","79919355"
"chr2","32323046","32323178","chr19","44923433","44923566","13","12600387"
"chr2","32325636","32325952","chr1","201369278","201369591","45","169043642"
"chr2","32327727","32328071","chr2","13126065","13126406","75","19201662"
"chr2","32330635","32330904","chr9","106156217","106156486","46","73825582"
"chr2","32332712","32333002","chr22","29825053","29825352","34","2507659"
"chr2","32360917","32361234","chr16","19592451","19592765","55","12768466"
"chr2","32368666","32368946","chrX","17543907","17544194","40","14824759"
"chr2","32369429","32369726","chr5","86230872","86231167","42","53861443"
"chr2","32378459","32378756","chr4","134890656","134890954","37","102512197"
"chr2","32411485","32411778","chr11","67036150","67036441","47","34624665"
"chr2","32417773","32418077","chrX","47176701","47177007","53","14758928"
"chr2","32420508","32420810","chr9","99776089","99776389","44","67355581"
"chr2","32432135","32432427","chr16","54091968","54092259","40","21659833"
"chr2","32436574","32436862","chr14","75914687","75914970","41","43478113"
"chr2","32458725","32458989","chr6","156886623","156886893","54","124427898"
"chr2","32461205","32461343","chr9","100751399","100751543","33","68290194"
"chr2","32461384","32461505","chrX","51323907","51324028","16","18862523"
"chr2","32472093","32472367","chrX","90546446","90546718","42","58074353"
"chr2","32482921","32483215","chr10","99341389","99341684","46","66858468"
"chr2","32489530","32489686","chr14","75862151","75862324","34","43372621"
"chr2","32490266","32490542","chr15","68435167","68435452","50","35944901"
"chr2","32498061","32498351","chr1","204116258","204116542","70","171618197"
"chr2","32498879","32499017","chr4","71763764","71763896","20","39264885"
"chr2","32503885","32504029","chr8","96996348","96996483","51","64492463"
"chr2","32504078","32504198","chr19","29687084","29687204","12","2816994"
"chr2","32519505","32519817","chr15","22401594","22401899","45","10117911"
"chr2","32521463","32521779","chr9","100258454","100258773","52","67736991"
"chr2","32542802","32543098","chr9","99776089","99776389","43","67233287"
"chr2","32546797","32546993","chr14","75812908","75813103","28","43266111"
"chr2","32561231","32561536","chr13","18393383","18393690","53","14167848"
"chr2","32570343","32570483","chr7","56002444","56002584","22","23432101"
"chr2","32581869","32582158","chr10","16033492","16033786","41","16548377"
"chr2","32599047","32599343","chr13","114718297","114718592","47","82119250"
"chr2","32603464","32603734","chr8","30522620","30522877","53","2080844"
"chr2","32604880","32605182","chr14","75760993","75761282","52","43156113"
"chr2","32634667","32634955","chr2","56700759","56701042","42","24066092"
"chr2","32639723","32639999","chr16","92089757","92090031","49","59450034"
"chr2","32643297","32643605","chr6","14683514","14683814","42","17959783"
"chr2","32669603","32669913","chr10","90431710","90432016","42","57762107"
"chr2","32670606","32670918","chr22","31767114","31767422","41","903492"
"chr2","32679711","32680018","chr11","17740738","17741037","58","14938973"
"chr2","32692694","32692990","chrUn_GL286400","1193256","1193550","47","31499438"
"chr2","32697758","32698017","chrX","136717299","136717558","45","104019541"
"chr2","32706078","32706382","chr13","31331915","31332215","38","1374163"
"chr2","32710428","32710728","chr20","22923582","22923882","32","9786846"
"chr2","32730615","32730921","chr22","15341421","15341725","36","17389194"
"chr2","32753430","32753739","chr19","14220987","14221283","56","18532443"
"chr2","32753784","32754102","chr5","129591545","129591851","45","96837761"
"chr2","32774178","32774464","chr7","87881139","87881429","51","55106961"
"chr2","32776602","32776909","chr3","106655459","106655766","42","73878857"
"chr2","32800486","32800799","chr5","94532768","94533076","45","61732282"
"chr2","32863040","32863317","chr11","23439208","23439487","33","9423832"
"chr2","32875701","32876011","chr1","156164792","156165101","44","123289091"
"chr2","32888647","32888961","chr12","51620390","51620700","41","18731743"
"chr2","32906374","32906675","chr2","152226173","152226473","45","119319799"
"chr2","32921520","32921825","chr14","75446348","75446644","45","42524828"
"chr2","32943485","32943796","chr7","16121759","16122064","47","16821726"
"chr2","32943798","32943929","chr7","64686118","64686250","14","31742320"
"chr2","32996880","32997184","chr5","35735021","35735325","39","2738141"
"chr2","33004513","33004783","chr14","75348384","75348644","44","42343871"
"chr2","33052880","33053170","chr14","36994514","36994806","42","3941634"
"chr2","33074455","33074587","chr3","183625307","183625441","15","150550852"
"chr2","33074897","33075078","chr22","29564611","29564789","31","3510286"
"chr2","33080016","33080323","chr5","11618038","11618344","42","21461978"
"chr2","33113888","33114141","chr12","113748512","113748766","38","80634624"
"chr2","33124127","33124422","chr1","98572733","98573027","38","65448606"
"chr2","33150686","33151039","chr15","25343001","25343338","73","7807685"
"chr2","33189219","33189494","chr2","80644634","80644911","34","47455415"
"chr2","33227034","33227326","chr5","133149107","133149395","46","99922073"
"chr2","33239607","33239938","chr1","179261926","179262249","57","146022319"
"chr2","33320086","33320379","chr9","44828899","44829193","45","11508813"
"chr2","33346402","33346699","chr9","107280416","107280711","35","73934014"
"chr2","33372594","33372869","chr13","9838981","9839265","48","23533613"
"chr2","33402147","33402446","chr10","16033492","16033786","42","17368655"
"chr2","33447441","33447724","chr20","27822433","27822727","49","5625008"
"chr2","33461278","33461576","chr5","113898892","113899193","44","80437614"
"chr2","33491037","33491344","chr22","33981676","33981980","41","490639"
"chr2","33496574","33496888","chr14","74836897","74837207","42","41340323"
"chr2","33507114","33507391","chr14","74825414","74825689","32","41318300"
"chr2","33507537","33507825","chr10","8026640","8026929","36","25480897"
"chr2","33509119","33509411","chr7","87849905","87850200","37","54340786"
"chr2","33536021","33536334","chr18","9863619","9863928","41","23672402"
"chr2","33544032","33544325","chr1","163381580","163381871","36","129837548"
"chr2","33548718","33548988","chr1","135737053","135737324","43","102188335"
"chr2","33567288","33567567","chr1","15624742","15625015","43","17942546"
"chr2","33639925","33640237","chr7","53651921","53652230","38","20011996"
"chr2","33642157","33642440","chr5","32929108","32929393","44","713049"
"chr2","33669817","33670110","chr1","163381580","163381871","42","129711763"
"chr2","33688410","33688708","chr10","46916961","46917259","38","13228551"
"chr2","33757164","33757467","chr2","131563999","131564294","47","97806835"
"chr2","33845251","33845560","chr5","124212426","124212733","41","90367175"
"chr2","34064744","34065048","chr11","108574603","108574909","55","74509859"
"chr2","34152283","34152590","chr9","108382969","108383277","45","74230686"
"chr2","34180141","34180442","chr5","92897843","92898143","50","58717702"
"chr2","34193749","34194043","chr14","74155315","74155607","43","39961566"
"chr2","34243463","34243765","chr14","74107013","74107313","38","39863550"
"chr2","34300973","34301272","chr15","49359997","49360293","38","15059024"
"chr2","34377582","34377871","chr1","155066552","155066843","36","120688970"
"chr2","34487847","34488152","chrX","60134051","60134357","53","25646204"
"chr2","34496865","34496878","chr5","92524075","92524085","4","58027210"
"chr2","34497030","34497319","chr5","46690762","46691050","47","12193732"
"chr2","34603109","34603267","chr14","63816506","63816666","38","29213397"
"chr2","34624121","34624411","chr20","27822433","27822727","39","6801688"
"chr2","34673387","34673656","chr22","28038393","28038661","58","6634994"
"chr2","34778475","34778770","chr5","26961498","26961795","45","7816977"
"chr2","34876005","34876249","chr7","58441225","58441463","42","23565220"
"chr2","34908324","34908634","chr14","73448699","73449005","38","38540375"
"chr2","34957802","34957933","chr14","73398156","73398287","14","38440354"
"chr2","34990539","34990825","chr4","89994430","89994716","47","55003891"
"chr2","35064327","35064623","chrX","111591699","111591994","41","76527372"
"chr2","35119393","35119700","chr16","76936817","76937117","61","41817424"
"chr2","35142334","35142601","chr10","19781273","19781542","52","15361061"
"chr2","35177024","35177069","chr17","30166426","30166455","21","5010598"
"chr2","35351604","35351842","chr11","22683081","22683315","45","12668523"
"chr2","35426808","35427129","chr5","143023404","143023700","67","107596596"
"chr2","35429081","35429385","chr10","126696429","126696740","49","91267348"
"chr2","35580633","35580921","chr5","25454865","25455151","37","10125768"
"chr2","35629608","35629912","chr2","18780256","18780558","36","16849352"
"chr2","35637552","35637706","chr13","20601962","20602113","37","15035590"
"chr2","35637707","35638006","chr15","5688723","5689022","35","29948984"
"chr2","35638007","35638149","chr7","46093323","46093466","20","10455316"
"chr2","35799559","35799865","chr3","106655459","106655766","44","70855900"
"chr2","35810548","35810840","chr10","20827679","20827973","32","14982869"
"chr2","35955405","35955704","chr13","39885762","39886059","41","3930357"
"chr2","35991269","35991576","chr14","72377521","72377825","45","36386252"
"chr2","36156507","36156807","chr5","94234310","94234606","37","58077803"
"chr2","36223015","36223312","chrX","48721748","48722046","50","12498733"
"chr2","36281034","36281220","chr7","59336747","59336927","25","23055713"
"chr2","36300112","36300412","chr2","7736700","7736996","49","28563412"
"chr2","36347704","36348008","chr12","83078942","83079243","45","46731238"
"chr2","36353610","36353933","chr5","72704603","72704922","42","36350993"
"chr2","36415926","36416211","chr14","71890674","71890958","30","35474748"
"chr2","36474574","36474866","chr4","138920299","138920592","42","102445725"
"chr2","36509240","36509543","chr14","71799507","71799808","46","35290267"
"chr2","36522520","36522830","chr7","58166645","58166955","36","21644125"
"chr2","36598962","36599099","chr22","17035586","17035722","19","19563376"
"chr2","36610288","36610627","chr6","132767618","132767935","70","96157330"
"chr2","36640402","36640703","chr15","48420238","48420542","41","11779836"
"chr2","36768150","36768451","chrX","93623389","93623691","43","56855239"
"chr2","36773463","36773736","chr2","162473812","162474088","49","125700349"
"chr2","36776519","36776807","chr2","37103680","37103973","46","327161"
"chr2","36810633","36810932","chr18","4701650","4701950","47","32108983"
"chr2","36813168","36813465","chr13","57414367","57414663","41","20601199"
"chr2","36852875","36853182","chr6","17068239","17068542","39","19784636"
"chr2","36857393","36857697","chr18","26908901","26909202","57","9948492"
"chr2","36867212","36867325","chr4","106477351","106477448","29","69610139"
"chr2","36878741","36879050","chr4","23117480","23117789","39","13761261"
"chr2","36899905","36900183","chr14","71395260","71395537","56","34495355"
"chr2","36904545","36904828","chr10","45334405","45334685","48","8429860"
"chr2","36908691","36908980","chr2","168641492","168641773","45","131732801"
"chr2","36930751","36931054","chr1","184817871","184818171","50","147887120"
"chr2","36934795","36935063","chr4","104637506","104637768","47","67702711"
"chr2","36942699","36942995","chr8","96954708","96955008","39","60012009"
"chr2","36971264","36971549","chrX","40686274","40686560","46","3715010"
"chr2","36986920","36987052","chr15","24947299","24947432","15","12039621"
"chr2","36987147","36987435","chr5","132862951","132863249","47","95875804"
"chr2","36999396","36999690","chrX","22409192","22409484","44","14590204"
"chr2","37002977","37003288","chr5","94532768","94533076","65","57529791"
"chr2","37019898","37020204","chr6","17068239","17068542","41","19951659"
"chr2","37026812","37027103","chr5","38801240","38801522","39","1774428"
"chr2","37038138","37038439","chr4","15705730","15706030","36","21332408"
"chr2","37042610","37042912","chr6","17068239","17068542","40","19974371"
"chr2","37059465","37059759","chr19","36430405","36430704","41","629060"
"chr2","37063807","37064113","chr22","28997304","28997607","40","8066503"
"chr2","37065325","37065608","chr5","76517538","76517828","46","39452213"
"chr2","37067487","37067801","chr14","71216791","71217096","40","34149304"
"chr2","37094660","37094963","chr2","858886","859191","52","36235774"
"chr2","37106762","37107062","chr12","15053437","15053737","37","22053325"
"chr2","37108576","37108867","chr17","46834181","46834474","37","9725605"
"chr2","37115894","37116198","chr14","71171741","71172050","42","34055847"
"chr2","37127742","37128041","chr7","6894852","6895150","38","30232890"
"chr2","37158860","37159145","chr2","56700759","56701042","45","19541899"
"chr2","37166602","37166891","chr8","111628886","111629177","39","74462284"
"chr2","37178226","37178532","chrX","17633918","17634220","53","19544308"
"chr2","37180602","37180905","chr2","9886138","9886441","51","27294464"
"chr2","37182254","37182627","chr1","187373625","187373970","97","150191371"
"chr2","37185435","37185737","chr5","26961498","26961795","37","10223937"
"chr2","37193176","37193465","chr3","80959478","80959762","50","43766302"
"chr2","37194240","37194378","chr7","57582863","57582999","14","20388623"
"chr2","37197590","37197876","chr6","132814369","132814657","45","95616779"
"chr2","37202364","37202674","chr1","137129532","137129843","42","99927168"
"chr2","37213407","37213713","chr3","153217268","153217573","45","116003861"
"chr2","37294793","37295093","chr7","42343780","42344070","45","5048987"
"chr2","37320424","37320731","chr3","106655459","106655766","42","69335035"
"chr2","37327894","37328013","chr1","126134487","126134606","12","88806593"
"chr2","37328701","37329004","chr14","70953757","70954063","50","33625056"
"chr2","37329855","37330151","chr14","70952626","70952924","54","33622771"
"chr2","37335106","37335402","chr4","25899642","25899937","42","11435464"
"chr2","37337220","37337541","chr1","171377047","171377340","71","134039827"
"chr2","37378795","37379103","chr5","129591545","129591851","36","92212750"
"chr2","37428166","37428428","chr3","189075923","189076184","41","151647757"
"chr2","37441449","37441754","chr14","70818486","70818795","41","33377037"
"chr2","37512477","37512786","chr9","91776812","91777118","41","54264335"
"chr2","37562819","37563112","chr16","61819076","61819365","37","24256257"
"chr2","37574540","37574825","chr4","108747172","108747456","54","71172632"
"chr2","37640728","37641014","chrX","68556717","68557005","38","30915989"
"chr2","37746663","37746959","chr4","152648208","152648501","37","114901545"
"chr2","37760778","37761084","chr9","11967801","11968108","52","25792977"
"chr2","37879074","37879362","chr6","147894727","147895020","50","110015653"
"chr2","37887047","37887336","chr3","188219301","188219587","41","150332254"
"chr2","37899438","37899718","chr8","1018204","1018477","51","36881234"
"chr2","37908897","37909164","chr10","93494866","93495138","59","55585969"
"chr2","38077807","38078120","chr6","17068239","17068542","48","21009568"
"chr2","38173073","38173350","chr12","5468640","5468923","51","32704433"
"chr2","38220545","38220840","chr7","150606861","150607157","48","112386316"
"chr2","38243951","38244256","chr1","168595556","168595859","37","130351605"
"chr2","38274264","38274550","chrX","50894535","50894820","49","12620271"
"chr2","38305247","38305567","chr6","43666330","43666629","56","5361083"
"chr2","38320864","38321194","chr9","108585894","108586209","64","70265030"
"chr2","38326707","38327009","chr1","79523372","79523676","43","41196665"
"chr2","38337203","38337515","chr9","53671570","53671883","44","15334367"
"chr2","38355701","38355996","chr9","44828899","44829193","44","6473198"
"chr2","38385435","38385747","chr6","17068239","17068542","36","21317196"
"chr2","38395415","38395554","chr12","105074030","105074163","22","66678615"
"chr2","38395853","38396017","chr3","39961452","39961617","27","1565599"
"chr2","38405590","38405690","chr1","76782168","76782273","18","38376578"
"chr2","38408663","38408966","chr5","35735021","35735325","39","2673642"
"chr2","38461010","38461280","chr19","6867541","6867823","49","31593469"
"chr2","38463124","38463432","chr3","106655459","106655766","36","68192335"
"chr2","38464129","38464437","chr3","106655459","106655766","44","68191330"
"chr2","38468448","38468752","chr4","155847592","155847894","54","117379144"
"chr2","38478505","38478811","chr14","69814457","69814763","28","31335952"
"chr2","38514107","38514409","chr6","17068239","17068542","28","21445868"
"chr2","38520928","38521233","chr6","17068239","17068542","39","21452689"
"chr2","38529809","38530121","chr18","39712282","39712591","43","1182473"
"chr2","38531271","38531583","chr9","100258454","100258773","49","61727183"
"chr2","38531648","38531906","chr12","4286115","4286374","35","34245533"
"chr2","38545009","38545286","chr10","16974737","16975008","48","21570272"
"chr2","38546884","38547190","chr14","69750389","69750677","49","31203505"
"chr2","38591694","38591992","chr7","6894852","6895150","38","31696842"
"chr2","38596268","38596557","chr6","4245255","4245549","48","34351013"
"chr2","38631104","38631402","chr14","76282973","76283262","42","37651869"
"chr2","38649088","38649352","chr2","7000774","7001034","45","31648314"
"chr2","38656460","38656772","chr7","45352279","45352590","46","6695819"
"chr2","38657928","38658081","chr10","115787986","115788149","34","77130058"
"chr2","38658373","38658504","chr7","79609225","79609358","16","40950852"
"chr2","38660027","38660336","chr5","94532768","94533076","50","55872741"
"chr2","38669913","38670163","chr12","62255290","62255544","34","23585377"
"chr2","38678983","38679286","chr4","71846653","71846956","41","33167670"
"chr2","38685735","38686012","chr4","155277483","155277764","40","116591748"
"chr2","38695674","38695998","chr21","35849518","35849828","48","2846156"
"chr2","38696782","38697089","chr7","45344118","45344429","35","6647336"
"chr2","38697951","38698220","chr8","32478813","32479091","48","6219138"
"chr2","38707827","38708097","chrX","90546446","90546718","41","51838619"
"chr2","38714221","38714511","chrX","47133077","47133369","37","8418856"
"chr2","38722078","38722202","chr14","69559441","69559566","11","30837363"
"chr2","38723924","38724218","chr12","34135524","34135815","36","4588400"
"chr2","38726950","38727235","chr21","35965645","35965932","43","2761305"
"chr2","38739015","38739319","chr7","66105076","66105385","53","27366061"
"chr2","38761203","38761507","chr22","28997304","28997607","38","9763899"
"chr2","38772911","38773211","chr3","166503171","166503470","45","127730260"
"chr2","38773447","38773741","chr10","126208775","126209071","47","87435328"
"chr2","38779237","38779529","chr14","69495538","69495833","33","30716301"
"chr2","38780637","38780928","chr1","100819915","100820205","35","62039278"
"chr2","38787758","38788038","chrX","65730608","65730894","51","26942850"
"chr2","38803789","38804061","chrX","118258396","118258668","34","79454607"
"chr2","38807048","38807351","chr1","168595556","168595859","45","129788508"
"chr2","38813938","38814236","chr9","115637925","115638221","42","76823987"
"chr2","38815061","38815359","chr1","172307161","172307457","62","133492100"
"chr2","38822405","38822694","chr10","8026640","8026929","41","30795765"
"chr2","38823730","38824028","chr1","157959927","157960225","36","119136197"
"chr2","38850794","38851085","chr10","16033492","16033786","48","22817302"
"chr2","38881651","38881949","chr13","28183179","28183472","44","10698472"
"chr2","38887659","38887950","chr14","69386629","69386917","43","30498970"
"chr2","38896129","38896437","chr11","116119274","116119581","45","77223145"
"chr2","38915370","38915671","chr4","18176246","18176544","48","20739124"
"chr2","38932119","38932425","chr6","132370017","132370315","47","93437898"
"chr2","38938982","38939272","chr2","1627632","1627922","42","37311350"
"chr2","38946621","38946925","chr14","69324826","69325129","35","30378205"
"chr2","38954634","38954933","chr6","132370017","132370315","31","93415383"
"chr2","39010034","39010344","chr1","197436545","197436854","42","158426511"
"chr2","39046496","39046796","chr1","184817871","184818171","44","145771375"
"chr2","39047665","39047967","chr6","43666330","43666629","49","4618665"
"chr2","39052871","39053165","chr1","193266464","193266759","34","154213593"
"chr2","39077061","39077343","chr2","63953345","63953627","52","24876284"
"chr2","39081238","39081540","chr1","82463476","82463771","52","43382238"
"chr2","39089845","39090157","chr7","76994374","76994687","47","37904529"
"chr2","39097551","39097862","chr14","69183208","69183525","40","30085657"
"chr2","39099742","39100016","chrUn_GL286397","204143","204413","40","38895599"
"chr2","39110819","39110952","chr22","10535132","10535263","15","28575687"
"chr2","39122487","39122580","chrY","34828","34921","12","39087659"
"chr2","39123354","39123657","chr1","10143237","10143538","46","28980117"
"chr2","39133670","39133964","chr5","26961498","26961795","42","12172172"
"chr2","39140867","39141166","chr7","53555498","53555793","40","14414631"
"chr2","39142506","39142810","chr6","17068239","17068542","37","22074267"
"chr2","39159562","39159877","chr1","187131170","187131479","46","147971608"
"chr2","39161743","39162031","chr14","69096386","69096668","35","29934643"
"chr2","39162873","39163154","chr16","51875037","51875319","35","12712164"
"chr2","39163672","39163926","chr14","21170276","21170525","43","17993396"
"chr2","39164416","39164719","chrX","97185025","97185330","45","58020609"
"chr2","39170969","39171251","chr19","23649633","23649916","43","15521336"
"chr2","39180687","39180986","chr14","69080086","69080382","41","29899399"
"chr2","39187786","39188069","chr19","6867541","6867823","34","32320245"
"chr2","39206045","39206379","chr1","129549542","129549867","64","90343497"
"chr2","39212672","39212960","chrX","39866052","39866340","46","653380"
"chr2","39226795","39227085","chr14","69010392","69010662","59","29783597"
"chr2","39238743","39239051","chr15","20018055","20018360","39","19220688"
"chr2","39239808","39240097","chr2","56700759","56701042","31","17460951"
"chr2","39242816","39243143","chr10","90431710","90432016","69","51188894"
"chr2","39282216","39282379","chr9","43696127","43696288","28","4413911"
"chr2","39295716","39296023","chr5","70995077","70995378","52","31699361"
"chr2","39303542","39303836","chr1","148395182","148395475","42","109091640"
"chr2","39313546","39313813","chr1","135413527","135413787","48","96099981"
"chr2","39386806","39387116","chr3","106655459","106655766","47","67268653"
"chr2","39398763","39399067","chr2","9886138","9886441","45","29512625"
"chr2","39476970","39477250","chr20","28636143","28636428","38","10840827"
"chr2","39486954","39487251","chr4","25899642","25899937","35","13587312"
"chr2","39489879","39490176","chr11","65163335","65163629","34","25673456"
"chr2","39490870","39491164","chr22","41060009","41060309","35","1569139"
"chr2","39526377","39526665","chr20","27822433","27822727","42","11703944"
"chr2","39544129","39544438","chr6","132767618","132767935","44","93223489"
"chr2","39545569","39545827","chr14","68679121","68679382","40","29133552"
"chr2","39559903","39560199","chrX","107702388","107702686","36","68142485"
"chr2","39574402","39574711","chr1","137129532","137129843","46","97555130"
"chr2","39593230","39593540","chr9","11967801","11968108","42","27625429"
"chr2","39639614","39639919","chr18","10830546","10830857","37","28809068"
"chr2","39751682","39751986","chr14","68472858","68473165","49","28721176"
"chr2","39769420","39769685","chr12","109767158","109767424","34","69997738"
"chr2","39775489","39775786","chr6","17068239","17068542","45","22707250"
"chr2","39815064","39815379","chr2","129271963","129272269","45","89456899"
"chr2","39876726","39877026","chr18","29057219","29057511","44","10819507"
"chr2","39944014","39944299","chr2","162351554","162351836","43","122407540"
"chr2","39966628","39966925","chr5","84826899","84827194","43","44860271"
"chr2","40117263","40117580","chr22","41857491","41857814","51","1740228"
"chr2","40289570","40289862","chr2","10984361","10984639","52","29305209"
"chr2","40289896","40289912","chrX","140734729","140734741","5","100444833"
"chr2","40301635","40301706","chr10","117106089","117106160","9","76804454"
"chr2","40361888","40362194","chrX","107827107","107827417","42","67465219"
"chr2","40387664","40387962","chr2","13941060","13941364","49","26446604"
"chr2","40542550","40542861","chr9","84995814","84996115","58","44453264"
"chr2","40632650","40632945","chr5","26961498","26961795","46","13671152"
"chr2","40806081","40806386","chr20","22923582","22923882","50","17882499"
"chr2","40836652","40836951","chr13","43519277","43519578","43","2682625"
"chr2","40999428","40999726","chrX","117740283","117740576","44","76740855"
"chr2","41108999","41109313","chr13","65848895","65849202","49","24739896"
"chr2","41150155","41150444","chr14","5921690","5921981","51","35228465"
"chr2","41173927","41174247","chr13","57673541","57673870","67","16499614"
"chr2","41236202","41236467","chr22","27309991","27310258","40","13926211"
"chr2","41238216","41238466","chr12","17923539","17923788","40","23314677"
"chr2","41292268","41292590","chr19","43972587","43972896","60","2680319"
"chr2","41351409","41351695","chrX","6993278","6993566","47","34358131"
"chr2","41424425","41424731","chr5","86230872","86231167","55","44806447"
"chr2","41533393","41533700","chr6","17068239","17068542","42","24465154"
"chr2","41539007","41539302","chr10","55872616","55872911","40","14333609"
"chr2","41780866","41781133","chr14","66313483","66313744","41","24532617"
"chr2","41824455","41824750","chr14","66264756","66265050","37","24440301"
"chr2","41846548","41846831","chr10","16033492","16033786","46","25813056"
"chr2","41860160","41860441","chr9","88506482","88506766","46","46646322"
"chr2","41872322","41872604","chr14","65667417","65667703","52","23795095"
"chr2","42020810","42021114","chrX","127886517","127886812","51","85865707"
"chr2","42033765","42034064","chr9","111187673","111187975","42","69153908"
"chr2","42043468","42043784","chr2","48786213","48786524","56","6742745"
"chr2","42052467","42052768","chr1","138077483","138077787","48","96025016"
"chr2","42065214","42065512","chr13","59154693","59154990","50","17089479"
"chr2","42081055","42081353","chr14","66017833","66018127","29","23936778"
"chr2","42136365","42136662","chr4","104685477","104685770","58","62549112"
"chr2","42146787","42147102","chr16","25377834","25378138","62","16768953"
"chr2","42153593","42153887","chr3","53304381","53304673","41","11150788"
"chr2","42176784","42177073","chr6","22245167","22245459","47","19931617"
"chr2","42179605","42179900","chr4","156698023","156698319","38","114518418"
"chr2","42181288","42181595","chr3","106655459","106655766","45","64474171"
"chr2","42201800","42202099","chr7","6894852","6895150","34","35306948"
"chr2","42219636","42219946","chr15","76198954","76199256","48","33979318"
"chr2","42227938","42228233","chr10","126287645","126287938","41","84059707"
"chr2","42240859","42241165","chr14","65859136","65859427","50","23618277"
"chr2","42265405","42265536","chr4","43319843","43319972","19","1054438"
"chr2","42278291","42278603","chr8","17471458","17471767","50","24806833"
"chr2","42291399","42291705","chr22","7505061","7505367","43","34786338"
"chr2","42310367","42310645","chr3","111736801","111737080","40","69426434"
"chr2","42323655","42323974","chr8","28816379","28816693","57","13507276"
"chr2","42335039","42335340","chr12","44158707","44159011","43","1823668"
"chr2","42379904","42380222","chr21","35849518","35849828","47","6530386"
"chr2","42404447","42404737","chr13","43918238","43918525","45","1513791"
"chr2","42415913","42416195","chrX","39387728","39387995","61","3028185"
"chr2","42416547","42416843","chr12","20922607","20922906","53","21493940"
"chr2","42428180","42428489","chr2","127060567","127060875","51","84632387"
"chr2","42428838","42429145","chr3","106655459","106655766","40","64226621"
"chr2","42433457","42433761","chr3","106655459","106655766","43","64222002"
"chr2","42446175","42446478","chr5","26961498","26961795","39","15484677"
"chr2","42451443","42451732","chr9","18829703","18829990","31","23621740"
"chr2","42473344","42473639","chr11","119088311","119088608","40","76614967"
"chr2","42473870","42474111","chr1","204054205","204054451","30","161580335"
"chr2","42500001","42500125","chr2","13193728","13193848","16","29306273"
"chr2","42500409","42500553","chr11","7875650","7875811","37","34624759"
"chr2","42501697","42501976","chr11","23439208","23439487","39","19062489"
"chr2","42510045","42510331","chr10","99125314","99125604","36","56615269"
"chr2","42547341","42547628","chr14","65501363","65501644","37","22954022"
"chr2","42571111","42571410","chr11","118075028","118075334","49","75503917"
"chr2","42580648","42580888","chr5","106896258","106896504","39","64315610"
"chr2","42585465","42585773","chr4","43115700","43116002","45","530235"
"chr2","42590614","42590871","chr1","96721324","96721574","48","54130710"
"chr2","42592869","42593164","chr5","132893438","132893729","40","90300569"
"chr2","42601690","42601860","chr11","64803956","64804125","41","22202266"
"chr2","42602133","42602276","chr10","85012631","85012774","21","42410498"
"chr2","42607715","42607957","chr11","96493246","96493484","36","53885531"
"chr2","42609817","42610122","chr22","41060009","41060309","42","1549808"
"chr2","42612580","42612882","chr9","20122679","20122976","44","22489901"
"chr2","42627557","42627877","chrX","122250423","122250744","59","79622866"
"chr2","42645243","42645523","chr5","2106608","2106887","42","40538635"
"chr2","42672847","42673153","chr9","108878803","108879104","44","66205956"
"chr2","42686545","42686835","chr14","65339155","65339451","40","22652610"
"chr2","42790529","42790830","chr12","28553718","28554019","39","14236811"
"chr2","42797711","42798010","chr14","65229531","65229829","40","22431820"
"chr2","42798758","42799045","chr5","79752580","79752868","40","36953822"
"chr2","42803539","42803614","chr2","132655053","132655130","11","89851514"
"chr2","42836576","42836881","chr7","49632330","49632627","42","6795754"
"chr2","42896514","42896817","chr14","65127512","65127831","52","22230998"
"chr2","42912233","42912543","chr14","54658868","54659174","43","11746635"
"chr2","42953554","42953862","chr3","106655459","106655766","43","63701905"
"chr2","42963879","42964188","chr13","18393383","18393690","39","24570496"
"chr2","42966828","42967131","chr6","17068239","17068542","32","25898589"
"chr2","43031412","43031727","chrX","47176701","47177007","46","4145289"
"chr2","43040850","43041161","chr9","8886595","8886904","43","34154255"
"chr2","43045381","43045545","chrX","106480049","106480214","36","63434668"
"chr2","43045585","43045736","chr10","76254530","76254663","30","33208945"
"chr2","43095191","43095496","chr2","61800729","61801029","42","18705538"
"chr2","43103715","43104033","chr7","6231691","6232004","44","36872024"
"chr2","43112477","43112782","chrX","17633918","17634220","32","25478559"
"chr2","43116174","43116481","chr1","156164792","156165101","49","113048618"
"chr2","43141544","43141854","chr1","168595556","168595859","46","125454012"
"chr2","43148294","43148596","chr6","43666330","43666629","40","518036"
"chr2","43150812","43151104","chrX","107717777","107718069","43","64566965"
"chr2","43182021","43182322","chr22","28997304","28997607","47","14184717"
"chr2","43190038","43190338","chr11","118075028","118075334","47","74884990"
"chr2","43195719","43196016","chr14","64832260","64832535","50","21636541"
"chr2","43198988","43199292","chrX","45395851","45396165","44","2196863"
"chr2","43205084","43205415","chr7","20421751","20422066","72","22783333"
"chr2","43206955","43207272","chr2","63925527","63925835","49","20718572"
"chr2","43234638","43234970","chr3","21104959","21105285","62","22129679"
"chr2","43289638","43289953","chr7","102737006","102737318","46","59447368"
"chr2","43338155","43338456","chr13","35663090","35663393","35","7675065"
"chr2","43353654","43353822","chrX","106480049","106480214","26","63126395"
"chr2","43354121","43354254","chr6","44109882","44110016","11","755761"
"chr2","43372754","43372990","chr22","38268150","38268400","55","5104604"
"chr2","43381584","43381883","chr5","38614488","38614784","45","4767096"
"chr2","43396519","43396839","chr10","117620910","117621216","51","74224391"
"chr2","43435501","43435809","chr8","26191626","26191934","54","17243875"
"chr2","43442156","43442460","chr9","84968584","84968874","48","41526428"
"chr2","43501662","43501967","chr20","22923582","22923882","35","20578080"
"chr2","43575538","43575835","chr6","59369458","59369756","45","15793920"
"chr2","43582217","43582511","chr14","83739394","83739686","44","40157177"
"chr2","43582570","43582868","chr3","138159195","138159493","35","94576625"
"chr2","43635224","43635521","chr1","84821970","84822264","40","41186746"
"chr2","43648602","43648879","chr4","34345753","34346033","37","9302849"
"chr2","43650140","43650432","chr12","17807751","17808040","42","25842389"
"chr2","43654745","43655051","chr11","98562914","98563217","42","54908169"
"chr2","43659572","43659858","chr12","23349108","23349402","43","20310464"
"chr2","43700660","43700915","chr10","94562529","94562792","38","50861869"
"chr2","43730401","43730698","chr14","64267281","64267583","35","20536880"
"chr2","43756663","43756933","chr14","64238726","64238986","46","20482063"
"chr2","43760360","43760662","chr6","17068239","17068542","39","26692121"
"chr2","43817205","43817514","chr1","184817871","184818171","47","141000666"
"chr2","43873190","43873491","chr1","79817376","79817673","43","35944186"
"chr2","43882981","43883291","chrY","2468652","2468956","52","41414329"
"chr2","43896230","43896370","chr12","112406847","112406978","20","68510617"
"chr2","43908549","43908834","chr20","25465621","25465895","48","18442928"
"chr2","43920146","43920434","chr2","9234387","9234668","42","34685759"
"chr2","43921010","43921272","chrX","39387728","39387995","38","4533282"
"chr2","43926422","43926665","chrX","11729705","11729948","34","32196717"
"chr2","43959623","43959911","chr10","15634508","15634789","52","28325115"
"chr2","43986130","43986430","chr15","22915647","22915946","39","21070483"
"chr2","43994959","43995214","chr13","36751036","36751290","33","7243923"
"chr2","43998602","43998851","chr1","204054205","204054451","45","160055603"
"chr2","44000784","44001079","chr20","20042650","20042951","31","23958134"
"chr2","44006913","44007210","chr4","156698023","156698319","43","112691110"
"chr2","44007443","44007730","chr20","9607677","9607957","49","34399766"
"chr2","44009763","44010052","chr5","2532160","2532447","45","41477603"
"chr2","44011340","44011620","chr3","111524504","111524785","42","67513164"
"chr2","44015685","44015990","chr2","171330283","171330586","48","127314598"
"chr2","44032159","44032461","chr22","15891703","15892006","45","28140456"
"chr2","44039127","44039425","chr9","45396887","45397186","41","1357760"
"chr2","44050030","44050319","chr5","94234310","94234606","37","50184280"
"chr2","44062516","44062814","chr22","4249958","4250255","42","39812558"
"chr2","44074825","44075127","chr9","100740779","100741081","39","56665954"
"chr2","44076530","44076813","chr1","194468808","194469082","55","150392278"
"chr2","44080325","44080621","chr8","93697187","93697481","39","49616862"
"chr2","44083844","44084142","chr14","63915690","63915968","54","19831846"
"chr2","44089826","44090137","chr15","20913964","20914267","44","23175862"
"chr2","44104240","44104528","chr4","128516326","128516617","42","84412086"
"chr2","44109570","44109877","chr11","64363135","64363445","44","20253565"
"chr2","44117078","44117385","chrUn_GL286420","156525","156826","42","43960553"
"chr2","44124087","44124380","chrX","45981223","45981523","43","1857136"
"chr2","44131956","44132248","chr6","147894727","147895020","40","103762771"
"chr2","44142741","44143003","chr4","134918673","134918938","52","90775932"
"chr2","44144901","44145213","chr5","79041657","79041969","39","34896756"
"chr2","44150124","44150413","chr14","63836460","63836751","37","19686336"
"chr2","44152269","44152574","chr3","64986478","64986781","47","20834209"
"chr2","44160833","44161119","chr4","53757761","53758047","45","9596928"
"chr2","44171548","44171852","chr1","168595556","168595859","39","124424008"
"chr2","44173661","44173952","chr13","43918238","43918525","46","255423"
"chr2","44225648","44225954","chrX","93623389","93623691","43","49397741"
"chr2","44236114","44236427","chr22","33981676","33981980","46","10254438"
"chr2","44241450","44241742","chr7","53910519","53910802","42","9669069"
"chr2","44274027","44274171","chr1","199296013","199296162","28","155021986"
"chr2","44274474","44274608","chr2","2261829","2261964","15","42012645"
"chr2","44278997","44279299","chr3","108570361","108570666","41","64291364"
"chr2","44289199","44289510","chr3","106655459","106655766","39","62366260"
"chr2","44303246","44303535","chr1","201000462","201000755","50","156697216"
"chr2","44327579","44327890","chr12","110699815","110700119","46","66372236"
"chr2","44375787","44376087","chr6","119365724","119366021","38","74989937"
"chr2","44423171","44423483","chr3","106655459","106655766","47","62232288"
"chr2","44436067","44436376","chr3","106655459","106655766","40","62219392"
"chr2","44458043","44458346","chr6","17068239","17068542","38","27389804"
"chr2","44465316","44465564","chr14","63477367","63477614","31","19012051"
"chr2","44471728","44471980","chr13","40729660","40729910","53","3742068"
"chr2","44485963","44486266","chr9","112602836","112603142","42","68116873"
"chr2","44500687","44500981","chr4","16350054","16350344","40","28150633"
"chr2","44510848","44511140","chr14","64508527","64508821","40","19997679"
"chr2","44516740","44517041","chr9","65758722","65759027","38","21241982"
"chr2","44564177","44564474","chr22","33925235","33925530","44","10638942"
"chr2","44574757","44575054","chr19","6867541","6867823","53","37707216"
"chr2","44596167","44596476","chr14","63358259","63358560","36","18762092"
"chr2","44695939","44696242","chr12","110699815","110700119","40","66003876"
"chr2","44734407","44734711","chrUn_GL286451","117883","118189","40","44616524"
"chr2","44828127","44828435","chr6","38930160","38930460","45","5897967"
"chr2","44850408","44850705","chr8","116726021","116726318","42","71875613"
"chr2","44958623","44958956","chr2","94752074","94752384","63","49793451"
"chr2","44982627","44982929","chr11","120915613","120915916","41","75932986"
"chr2","45027722","45028032","chr7","45344118","45344429","38","316396"
"chr2","45096055","45096352","chr10","126115477","126115768","50","81019422"
"chr2","45118818","45119098","chr9","75309029","75309307","33","30190211"
"chr2","45122316","45122610","chr7","4838284","4838577","37","40284032"
"chr2","45175581","45175889","chr22","33981676","33981980","40","11193905"
"chr2","45183311","45183493","chr9","100382045","100382219","61","55198734"
"chr2","45371399","45371684","chr1","204428237","204428521","38","159056838"
"chr2","45475705","45475998","chr1","163381580","163381871","39","117905875"
"chr2","45556449","45556762","chr5","94532768","94533076","50","48976319"
"chr2","45575708","45575998","chr9","115637925","115638221","39","70062217"
"chr2","45645144","45645437","chr2","188998162","188998446","50","143353018"
"chr2","45661198","45661486","chr14","62244177","62244460","36","16582979"
"chr2","45668059","45668320","chr14","62237387","62237642","38","16569328"
"chr2","45695491","45695786","chr2","18360128","18360420","40","27335363"
"chr2","45709813","45710095","chr8","12298282","12298565","46","33411531"
"chr2","45716235","45716548","chr8","98342110","98342415","51","52625875"
"chr2","45744626","45744908","chr2","11092101","11092385","40","34652525"
"chr2","45748891","45749175","chr22","47501277","47501564","45","1752386"
"chr2","45756970","45757324","chr3","150071350","150071697","75","104314380"
"chr2","45785209","45785516","chr9","103532999","103533309","39","57747790"
"chr2","45837260","45837556","chrX","86580996","86581293","41","40743736"
"chr2","45934367","45934662","chr5","5052462","5052757","42","40881905"
"chr2","45935505","45935799","chr4","36522598","36522895","43","9412907"
"chr2","45951825","45952130","chr6","17068239","17068542","44","28883586"
"chr2","45977361","45977653","chr14","61912865","61913140","49","15935504"
"chr2","45990655","45990961","chr14","5399570","5399866","42","40591085"
"chr2","46019841","46020149","chr10","126696429","126696740","42","80676588"
"chr2","46045597","46045903","chr1","155890351","155890659","56","109844754"
"chr2","46062669","46062928","chr11","120908157","120908415","46","74845488"
"chr2","46064000","46064308","chr9","103532999","103533309","34","57468999"
"chr2","46081814","46082096","chr10","74928334","74928624","37","28846520"
"chr2","46112534","46112819","chr4","34845790","34846071","37","11266744"
"chr2","46122222","46122527","chr5","99799393","99799697","42","53677171"
"chr2","46124043","46124338","chr6","123805159","123805454","31","77681116"
"chr2","46137470","46137772","chr1","69415676","69415962","49","23278206"
"chr2","46540160","46540466","chr15","48357741","48358034","61","1817581"
"chr2","46573066","46573359","chr22","31323429","31323728","42","15249637"
"chr2","46640131","46640430","chr5","143547085","143547387","46","96906954"
"chr2","46640433","46640736","chr3","150580694","150580999","45","103940261"
"chr2","46728556","46728855","chr21","32861641","32861942","47","13866915"
"chr2","46743988","46744289","chr4","149992499","149992801","41","103248511"
"chr2","46772027","46772317","chr9","20122679","20122976","48","26649348"
"chr2","46772976","46773256","chr4","62011501","62011784","40","15238525"
"chr2","46786591","46786933","chr3","21104959","21105285","74","25681632"
"chr2","46961623","46961924","chr14","60874186","60874495","46","13912563"
"chr2","46965564","46965861","chr2","61800729","61801029","47","14835165"
"chr2","46969997","46970287","chr5","38201290","38201586","61","8768707"
"chr2","46990923","46991215","chr4","16350054","16350344","41","30640869"
"chr2","47010688","47010999","chr14","69766565","69766870","48","22755877"
"chr2","47017995","47018297","chr9","20122679","20122976","38","26895316"
"chr2","47037969","47038285","chr21","40584762","40585072","45","6453207"
"chr2","47082102","47082387","chr19","6867541","6867823","35","40214561"
"chr2","47097836","47097966","chr12","3357023","3357152","12","43740813"
"chr2","47112155","47112469","chr15","1415638","1415950","46","45696517"
"chr2","47114764","47115067","chr14","60715116","60715410","37","13600352"
"chr2","47120049","47120356","chr14","19124339","19124646","39","27995710"
"chr2","47122818","47123125","chr1","173962313","173962617","39","126839495"
"chr2","47123973","47124284","chr14","17859559","17859863","49","29264414"
"chr2","47130515","47130814","chr10","99341389","99341684","37","52210874"
"chr2","47140895","47141186","chr2","19920919","19921219","50","27219976"
"chr2","47153472","47153787","chr7","47489633","47489927","65","336161"
"chr2","47168784","47169073","chr5","60552801","60553092","36","13384017"
"chr2","47183345","47183459","chr10","58788395","58788510","14","11605050"
"chr2","47188687","47188770","chr2","11874524","11874610","11","35314163"
"chr2","47211989","47212244","chr14","60636127","60636386","37","13424138"
"chr2","47212724","47213033","chr14","60635375","60635671","43","13422651"
"chr2","47216360","47216654","chr5","126079965","126080261","38","78863605"
"chr2","47229662","47229702","chr2","59266920","59266965","11","12037258"
"chr2","47230000","47230112","chr7","36232613","36232721","16","10997387"
"chr2","47230907","47231215","chr5","150153039","150153350","41","102922132"
"chr2","47243156","47243454","chr5","2298333","2298635","44","44944823"
"chr2","47244639","47244937","chr4","16350054","16350344","45","30894585"
"chr2","47260472","47260767","chr22","4334459","4334753","44","42926013"
"chr2","47261404","47261706","chr5","94234310","94234606","41","46972906"
"chr2","47279765","47280044","chr11","97727292","97727572","37","50447527"
"chr2","47292106","47292420","chr14","60548101","60548407","41","13255995"
"chr2","47292479","47292601","chr6","49067549","49067673","20","1775070"
"chr2","47307699","47308000","chr1","168595556","168595859","39","121287857"
"chr2","47318456","47318741","chr19","45214543","45214823","42","2103913"
"chr2","47318980","47319271","chr2","59408418","59408705","44","12089438"
"chr2","47319423","47319730","chr15","25321014","25321315","41","21998409"
"chr2","47322094","47322395","chr5","39910644","39910945","42","7411450"
"chr2","47327599","47327899","chr5","5052462","5052757","42","42275137"
"chr2","47330210","47330507","chr3","64986478","64986781","43","17656268"
"chr2","47335830","47336141","chr13","18393383","18393690","39","28942447"
"chr2","47349373","47349683","chr3","106655459","106655766","47","59306086"
"chr2","47356307","47356617","chr1","168595556","168595859","37","121239249"
"chr2","47356977","47357287","chr1","138077483","138077787","56","90720506"
"chr2","47359909","47360193","chr1","209415419","209415714","52","162055510"
"chr2","47364812","47365109","chr5","94234310","94234606","35","46869498"
"chr2","47370577","47370742","chr4","151826744","151826907","55","104456167"
"chr2","47371008","47371144","chr16","71789265","71789405","28","24418257"
"chr2","47380807","47381114","chr7","57769273","57769582","45","10388466"
"chr2","47387573","47387891","chr6","17068239","17068542","46","30319334"
"chr2","47393345","47393645","chr12","115383799","115384092","37","67990454"
"chr2","47397446","47397583","chr5","120807347","120807475","38","73409901"
"chr2","47397875","47398010","chr7","88968428","88968564","17","41570553"
"chr2","47399602","47399910","chr1","184817871","184818171","45","137418269"
"chr2","47404706","47405007","chr5","99799393","99799697","36","52394687"
"chr2","47409207","47409337","chr16","13500023","13500154","11","33909184"
"chr2","47444769","47445079","chr3","106655459","106655766","44","59210690"
"chr2","47462049","47462347","chr20","31477625","31477925","53","15984424"
"chr2","47469305","47469600","chr4","162252003","162252294","46","114782698"
"chr2","47498798","47499087","chrX","50876841","50877130","40","3378043"
"chr2","47526450","47526763","chr12","112769436","112769743","49","65242986"
"chr2","47538489","47538756","chr4","104637506","104637768","33","57099017"
"chr2","47550379","47550682","chr13","84459624","84459931","31","36909245"
"chr2","47609843","47610144","chr4","110509006","110509308","37","62899163"
"chr2","47613644","47613864","chr9","57869396","57869618","37","10255752"
"chr2","47623430","47623732","chr1","175742404","175742704","49","128118974"
"chr2","47666877","47667170","chr8","105953884","105954178","30","58287007"
"chr2","47701085","47701343","chr10","7125168","7125422","51","40575917"
"chr2","47703137","47703443","chr3","152941248","152941549","41","105238111"
"chr2","47706633","47706894","chr7","12625452","12625715","50","35081181"
"chr2","47715374","47715649","chr3","118496824","118497111","55","70781450"
"chr2","47722179","47722458","chr16","92089757","92090031","42","44367578"
"chr2","47730981","47731299","chrUn_GL286262","40235","40532","60","47690746"
"chr2","47736193","47736497","chr6","17068239","17068542","42","30667954"
"chr2","47739027","47739337","chrX","14937429","14937740","47","32801598"
"chr2","47749041","47749173","chr14","1341561","1341692","11","46407480"
"chr2","47756887","47757193","chr1","27883875","27884177","34","19873012"
"chr2","47757877","47758159","chr7","72314273","72314557","46","24556396"
"chr2","47759475","47759777","chr6","17068239","17068542","43","30691236"
"chr2","47764463","47764773","chr3","106655459","106655766","42","58890996"
"chr2","47765306","47765513","chr5","39826562","39826762","39","7938744"
"chr2","47780043","47780352","chr12","23402419","23402722","49","24377624"
"chr2","47785225","47785517","chr14","17292461","17292759","51","30492764"
"chr2","47794272","47794571","chr14","14370406","14370706","40","33423866"
"chr2","47795463","47795769","chrX","124212990","124213294","50","76417527"
"chr2","47802337","47802632","chr7","131598230","131598524","55","83795893"
"chr2","47827302","47827606","chr1","168595556","168595859","46","120768254"
"chr2","47833766","47833966","chr5","91946865","91947069","31","44113099"
"chr2","47843736","47844040","chr9","112070728","112071030","39","64226992"
"chr2","47847427","47847723","chr4","43721507","43721798","43","4125920"
"chr2","47861908","47862222","chr6","147894727","147895020","56","100032819"
"chr2","47863670","47863953","chr12","29333369","29333657","44","18530301"
"chr2","47897415","47897727","chr3","106655459","106655766","45","58758044"
"chr2","47924865","47925161","chr14","59851058","59851353","33","11926193"
"chr2","47929661","47929971","chr5","38771450","38771759","49","9158211"
"chr2","47955836","47956134","chr3","84743220","84743519","42","36787384"
"chr2","47956318","47956628","chrX","92444036","92444345","39","44487718"
"chr2","47965991","47966296","chr20","11743226","11743529","38","36222765"
"chr2","47994376","47994675","chr14","59769996","59770294","44","11775620"
"chr2","48016925","48017236","chr15","17053141","17053444","48","30963784"
"chr2","48022110","48022404","chr18","20348278","20348576","38","27673832"
"chr2","48036535","48036806","chr18","19730651","19730916","51","28305884"
"chr2","48082565","48082870","chr4","53071595","53071899","37","4989030"
"chr2","48123237","48123538","chr15","76198954","76199256","49","28075717"
"chr2","48165994","48166297","chrX","23750481","23750780","41","24415513"
"chr2","48168594","48168878","chr1","202394399","202394681","43","154225805"
"chr2","48182213","48182506","chr4","34838282","34838576","43","13343931"
"chr2","48182507","48182811","chr3","106655459","106655766","43","58472952"
"chr2","48191023","48191327","chr3","106655459","106655766","36","58464436"
"chr2","48199625","48199928","chr1","27883875","27884177","39","20315750"
"chr2","48224594","48224893","chr22","15891703","15892006","45","32332891"
"chr2","48231921","48232206","chr14","59532669","59532955","44","11300748"
"chr2","48235842","48236193","chr10","98190348","98190670","72","49954506"
"chr2","48248185","48248493","chr14","59515599","59515899","36","11267414"
"chr2","48268226","48268528","chr20","12401994","12402298","33","35866232"
"chr2","48272556","48272851","chr10","22559240","22559536","29","25713316"
"chr2","48303513","48303811","chr10","16033492","16033786","39","32270021"
"chr2","48305190","48305489","chr9","99776089","99776389","36","51470899"
"chr2","48308859","48309152","chr9","109143507","109143803","43","60834648"
"chr2","48320294","48320589","chr10","16033492","16033786","39","32286802"
"chr2","48336127","48336419","chr4","32607236","32607530","48","15728891"
"chr2","48337292","48337605","chr9","45517356","45517655","60","2819936"
"chr2","48356160","48356450","chr5","96441121","96441410","38","48084961"
"chr2","48359314","48359593","chr9","44537673","44537953","46","3821641"
"chr2","48367843","48368141","chr4","156698023","156698319","39","108330180"
"chr2","48384051","48384344","chr3","185910517","185910805","42","137526466"
"chr2","48394892","48395185","chr15","76972004","76972304","55","28577112"
"chr2","48426834","48427136","chr5","40811415","40811717","47","7615419"
"chr2","48428139","48428433","chr10","27869408","27869703","37","20558731"
"chr2","48447667","48447977","chr1","168595556","168595859","36","120147889"
"chr2","48471958","48472268","chr21","40584762","40585072","38","7887196"
"chr2","48483186","48483482","chr2","61239537","61239820","51","12756351"
"chr2","48494719","48495005","chr19","45214543","45214823","50","3280176"
"chr2","48509427","48509725","chr7","49632330","49632627","38","1122903"
"chr2","48513210","48513508","chr4","12463368","12463662","57","36049842"
"chr2","48516208","48516512","chr11","101484038","101484336","43","52967830"
"chr2","48521076","48521370","chr14","63994771","63995061","41","15473695"
"chr2","48523664","48523962","chr8","1566381","1566676","47","46957283"
"chr2","48541068","48541364","chr9","99273608","99273898","44","50732540"
"chr2","48563687","48563998","chr15","22401594","22401899","62","26162093"
"chr2","48570053","48570352","chr5","26961498","26961795","38","21608555"
"chr2","48570882","48571155","chrUn_GL286838","5758","6037","39","48565124"
"chr2","48574094","48574401","chr22","28997304","28997607","38","19576790"
"chr2","48584288","48584567","chr19","31817790","31818080","35","16766498"
"chr2","48610373","48610653","chr12","112416688","112416973","50","63806315"
"chr2","48619187","48619482","chr7","26918353","26918647","43","21700834"
"chr2","48634118","48634405","chr13","100760266","100760552","46","52126148"
"chr2","48670111","48670391","chr5","140968757","140969050","54","92298646"
"chr2","48671192","48671498","chr12","84716889","84717196","58","36045697"
"chr2","48747080","48747388","chr7","53651921","53652230","45","4904841"
"chr2","49092655","49092964","chr10","90431710","90432016","45","41339055"
"chr2","49119988","49120297","chr11","108574603","108574909","46","59454615"
"chr2","49350402","49350701","chr1","10143237","10143538","51","39207165"
"chr2","49435450","49435750","chr12","9386693","9386994","45","40048757"
"chr2","49451701","49451987","chr1","143540704","143540993","43","94089003"
"chr2","49779549","49779840","chr1","193707550","193707844","42","143928001"
"chr2","49791367","49791681","chrX","43348679","43348989","48","6442688"
"chr2","49835944","49836248","chr9","111706569","111706867","56","61870625"
"chr2","49894849","49895140","chr4","12463368","12463662","39","37431481"
"chr2","49964886","49965177","chr9","99776089","99776389","52","49811203"
"chr2","49976018","49976334","chr8","50068578","50068880","51","92560"
"chr2","50111366","50111657","chr7","6894852","6895150","49","43216514"
"chr2","50191036","50191338","chr14","57538791","57539087","50","7347755"
"chr2","50270674","50270958","chr8","112102995","112103279","43","61832321"
"chr2","50327648","50327948","chr22","28997304","28997607","39","21330344"
"chr2","50429257","50429551","chr7","6894852","6895150","43","43534405"
"chr2","50447194","50447505","chr1","203129224","203129528","45","152682030"
"chr2","50454046","50454351","chr1","168595556","168595859","45","118141510"
"chr2","50560467","50560694","chr9","85359735","85359972","45","34799268"
"chr2","50589426","50589653","chr1","102511866","102512095","40","51922440"
"chr2","50600322","50600624","chr6","43666330","43666629","28","6933992"
"chr2","50605987","50606274","chrX","66146500","66146784","44","15540513"
"chr2","50610807","50611047","chr5","45779160","45779404","47","4831647"
"chr2","50617181","50617448","chr7","46045826","46046087","44","4571355"
"chr2","50782221","50782500","chr8","32901710","32901981","41","17880511"
"chr2","50896565","50896861","chr5","94234310","94234606","36","43337745"
"chr2","50932106","50932302","chr15","24055842","24056038","33","26876264"
"chr2","51130211","51130519","chr20","41044046","41044357","42","10086165"
"chr2","51222589","51222880","chr1","168595556","168595859","46","117372967"
"chr2","51224358","51224657","chr3","142046958","142047256","38","90822600"
"chr2","51458841","51459144","chr12","88219729","88220037","46","36760888"
"chr2","51488690","51488994","chr16","298977","299284","48","51189713"
"chr2","51558246","51558536","chr4","12463368","12463662","44","39094878"
"chr2","51579162","51579474","chrUn_GL286451","117883","118189","45","51461279"
"chr2","51580100","51580397","chr10","92853066","92853365","35","41272966"
"chr2","51690401","51690697","chr8","73586977","73587272","48","21896576"
"chr2","51927519","51927802","chr3","80959478","80959762","40","29031959"
"chr2","52012901","52013143","chrUn_GL286373","20856","21092","33","51992045"
"chr2","52098078","52098382","chr6","17068239","17068542","45","35029839"
"chr2","52170434","52170736","chr6","17068239","17068542","39","35102195"
"chr2","52214278","52214548","chr14","55296963","55297237","34","3082685"
"chr2","52262790","52263059","chr6","118684064","118684330","51","66421274"
"chr2","52454200","52454480","chr15","69608201","69608462","55","17154001"
"chr2","52530443","52530752","chr4","158922649","158922955","47","106392206"
"chr2","52628849","52629150","chr7","80047681","80047980","50","27418832"
"chr2","52630783","52630909","chr13","54047549","54047676","15","1416766"
"chr2","52712611","52712911","chr14","54813341","54813642","36","2100730"
"chr2","52720389","52720549","chr5","110150151","110150304","36","57429762"
"chr2","52720829","52720960","chr7","79609225","79609358","19","26888396"
"chr2","52772345","52772629","chr6","17098595","17098886","45","35673750"
"chr2","52840605","52840865","chr9","20968353","20968619","50","31872252"
"chr2","52855037","52855106","chr1","74882731","74882800","8","22027694"
"chr2","52865983","52866291","chr5","94532768","94533076","43","41666785"
"chr2","52869284","52869587","chr10","81273718","81274013","44","28404434"
"chr2","52888055","52888301","chr14","54636241","54636488","31","1748186"
"chr2","52962627","52962921","chr2","7820633","7820925","48","45141994"
"chr2","52999114","52999423","chr8","14861580","14861870","60","38137534"
"chr2","53140333","53140630","chr7","103328929","103329224","69","50188596"
"chr2","53172465","53172747","chr15","7215738","7216022","41","45956727"
"chr2","53311989","53312281","chr14","39054710","39055003","39","14257279"
"chr2","53335377","53335682","chr16","298977","299284","49","53036400"
"chr2","53508095","53508381","chr6","149299474","149299765","37","95791379"
"chr2","53707680","53707989","chrX","47176701","47177007","48","6530979"
"chr2","53711502","53711793","chr12","19429966","19430258","52","34281536"
"chr2","53713057","53713172","chr14","53856328","53856443","16","143271"
"chr2","53720872","53721122","chr14","53848838","53849080","40","127966"
"chr2","53734919","53735219","chr13","87545369","87545669","42","33810450"
"chr2","53773756","53774052","chr5","94234310","94234606","44","40460554"
"chr2","53790109","53790397","chr2","56700759","56701042","42","2910650"
"chr2","53816266","53816569","chr5","38614488","38614784","40","15201778"
"chr2","53820282","53820573","chr7","89217839","89218129","40","35397557"
"chr2","53823356","53823656","chr22","29825053","29825352","36","23998303"
"chr2","53838079","53838379","chr5","94623422","94623726","61","40785343"
"chr2","53838620","53838913","chr5","94234310","94234606","38","40395690"
"chr2","53845247","53845542","chr5","60529593","60529894","41","6684346"
"chr2","53868175","53868457","chr5","116115777","116116067","54","62247602"
"chr2","53880175","53880439","chr12","27229327","27229593","74","26650848"
"chr2","53890746","53891046","chr12","115383799","115384092","45","61493053"
"chr2","53905045","53905329","chr18","4081044","4081334","48","49824001"
"chr2","53909678","53909989","chr14","53646771","53647071","46","262907"
"chr2","53923641","53923943","chr7","130262321","130262624","50","76338680"
"chr2","53926692","53926979","chr14","5921690","5921981","39","48005002"
"chr2","53927665","53927969","chr11","124429251","124429550","50","70501586"
"chr2","53957959","53958206","chr15","32569569","32569810","38","21388390"
"chr2","53965247","53965514","chr14","53587242","53587508","48","378005"
"chr2","53966380","53966556","chr7","77341981","77342154","32","23375601"
"chr2","53967991","53968294","chr12","51619438","51619739","43","2348553"
"chr2","53977980","53978281","chr1","138049116","138049416","35","84071136"
"chr2","53978604","53978936","chr22","4507532","4507842","79","49471072"
"chr2","53979696","53979991","chr14","53578820","53579124","36","400876"
"chr2","53985860","53986153","chr5","73714009","73714305","50","19728149"
"chr2","53986343","53986629","chr1","186704593","186704886","40","132718250"
"chr2","53989968","53990277","chr19","25591314","25591622","42","28398654"
"chr2","53995520","53995752","chr4","21615913","21616146","37","32379607"
"chr2","54006843","54007168","chrX","45395851","45396165","49","8610992"
"chr2","54011954","54012251","chr14","53551049","53551345","36","460905"
"chr2","54017259","54017554","chr5","113537391","113537686","44","59520132"
"chr2","54018752","54019044","chr20","12729984","12730279","42","41288768"
"chr2","54046196","54046502","chr2","3731580","3731878","51","50314616"
"chr2","54048993","54049265","chr22","45072832","45073104","49","8976161"
"chr2","54072555","54072862","chr13","31331915","31332215","46","22740640"
"chr2","54075217","54075529","chr1","137129532","137129843","52","83054315"
"chr2","54077960","54078246","chr3","90762246","90762527","49","36684286"
"chr2","54078605","54078897","chr1","148395182","148395475","35","94316577"
"chr2","54084283","54084591","chrX","47176701","47177007","43","6907582"
"chr2","54125800","54126108","chrX","47176701","47177007","44","6949099"
"chr2","54136201","54136307","chr5","56039745","56039850","18","1903544"
"chr2","54142441","54142748","chr6","17068239","17068542","50","37074202"
"chr2","54168143","54168475","chr14","85439538","85439863","58","31271395"
"chr2","54170154","54170452","chr14","53376864","53377158","39","793290"
"chr2","54194038","54194339","chr5","84717109","84717410","35","30523071"
"chr2","54243630","54243854","chr7","73331353","73331562","47","19087723"
"chr2","54244204","54244479","chr8","32478813","32479091","36","21765391"
"chr2","54298760","54299052","chr1","145176527","145176816","42","90877767"
"chr2","54362560","54362845","chr3","173168716","173169010","49","118806156"
"chr2","54395563","54395863","chr19","24918820","24919125","35","29476743"
"chr2","54400208","54400508","chr1","202849760","202850061","40","148449552"
"chr2","54406506","54406642","chr1","172218988","172219121","13","117812482"
"chr2","54445140","54445276","chr22","17035586","17035722","13","37409554"
"chr2","54445588","54445768","chr8","107033491","107033663","45","52587903"
"chr2","54447419","54447721","chr2","9886138","9886441","54","44561281"
"chr2","54450502","54450834","chr1","129549542","129549867","70","75099040"
"chr2","54580816","54581113","chr12","22817671","22817967","42","31763145"
"chr2","54625579","54625888","chr4","82226247","82226558","43","27600668"
"chr2","54640547","54640851","chr4","35456588","35456885","45","19183959"
"chr2","54785171","54785482","chr14","52732294","52732601","47","2052877"
"chr2","54862054","54862365","chr13","18393383","18393690","42","36468671"
"chr2","55016301","55016603","chr6","17068239","17068542","41","37948062"
"chr2","55056446","55056600","chr2","31322147","31322308","31","23734299"
"chr2","55067413","55067713","chr14","52406522","52406818","39","2660891"
"chr2","55104037","55104355","chr6","132767618","132767935","52","77663581"
"chr2","55105228","55105523","chr17","73665047","73665345","35","18559819"
"chr2","55114417","55114713","chr5","38614488","38614784","38","16499929"
"chr2","55116863","55117173","chr1","101977404","101977714","46","46860541"
"chr2","55125484","55125770","chr10","44777832","44778120","48","10347652"
"chr2","55135196","55135506","chr8","91012702","91013008","44","35877506"
"chr2","55180995","55181280","chr14","52189021","52189310","36","2991974"
"chr2","55192134","55192414","chr4","16350054","16350344","38","38842080"
"chr2","55202615","55202915","chrX","17543907","17544194","41","37658708"
"chr2","55226637","55226931","chr5","116115777","116116067","43","60889140"
"chr2","55233633","55233921","chr9","107118382","107118667","55","51884749"
"chr2","55247275","55247569","chr9","111187673","111187975","40","55940398"
"chr2","55247899","55248188","chr12","113593825","113594118","54","58345926"
"chr2","55259664","55259952","chr13","61522239","61522528","44","6262575"
"chr2","55266242","55266539","chr1","6722876","6723172","38","48543366"
"chr2","55275034","55275328","chr7","44611770","44612073","49","10663264"
"chr2","55278783","55279054","chr2","63686756","63687020","56","8407973"
"chr2","55306597","55306875","chr7","10524872","10525156","45","44781725"
"chr2","55310300","55310591","chr14","52081605","52081890","51","3228695"
"chr2","55323723","55324012","chr1","169233439","169233727","38","113909716"
"chr2","55324645","55324945","chr9","99776089","99776389","38","44451444"
"chr2","55329766","55330060","chrY","2660542","2660832","38","52669224"
"chr2","55354144","55354425","chr6","112951571","112951861","40","57597427"
"chr2","55369450","55369706","chr14","52020423","52020676","40","3349027"
"chr2","55380616","55380915","chr22","9673671","9673970","39","45706945"
"chr2","55384668","55384955","chr14","52009744","52010034","40","3374924"
"chr2","55387500","55387809","chr12","82233200","82233504","41","26845700"
"chr2","55394864","55395145","chr4","155495685","155495965","36","100100821"
"chr2","55486246","55486538","chr5","65031296","65031585","43","9545050"
"chr2","55499175","55499466","chr15","41758838","41759130","36","13740337"
"chr2","55502452","55502732","chr7","89217839","89218129","46","33715387"
"chr2","55528400","55528694","chr10","29910934","29911230","40","25617466"
"chr2","55546723","55547032","chr1","199242898","199243208","42","143696175"
"chr2","55555464","55555600","chr20","39451525","39451654","28","16103939"
"chr2","55559840","55560130","chr1","148395182","148395475","36","92835342"
"chr2","55567423","55567715","chr14","51804035","51804326","44","3763388"
"chr2","55595027","55595324","chr4","21718170","21718470","40","33876857"
"chr2","55599156","55599466","chr6","93506061","93506372","42","37906905"
"chr2","55638021","55638318","chrX","11722716","11723009","38","43915305"
"chr2","55638780","55639075","chr22","40230801","40231098","42","15407979"
"chr2","55645836","55646127","chr8","117614816","117615105","37","61968980"
"chr2","55652849","55653147","chr3","152941248","152941549","38","97288399"
"chr2","55657047","55657342","chr2","168879156","168879455","43","113222109"
"chr2","55692818","55692895","chr3","83359020","83359101","14","27666202"
"chr2","55703055","55703352","chr10","27398526","27398820","39","28304529"
"chr2","55714842","55715118","chr1","198578380","198578654","45","142863538"
"chr2","55730530","55730841","chr6","137759846","137760156","45","82029316"
"chr2","55748899","55749210","chr22","33981676","33981980","39","21767223"
"chr2","55755282","55755578","chr8","95234794","95235088","37","39479512"
"chr2","55785085","55785203","chr22","34035840","34035958","12","21749245"
"chr2","55906223","55906523","chr10","14603732","14604030","37","41302491"
"chr2","56114474","56114764","chr5","63326522","63326817","46","7212048"
"chr2","56181103","56181400","chr12","22341026","22341325","43","33840077"
"chr2","56189298","56189588","chr1","172257719","172258009","45","116068421"
"chr2","56285090","56285403","chr4","42695729","42696041","43","13589361"
"chr2","56350291","56350454","chr12","54908449","54908614","18","1441842"
"chr2","56352352","56352644","chr9","20122679","20122976","45","36229673"
"chr2","56782229","56782557","chr5","143218381","143218690","59","86436152"
"chr2","56782558","56782695","chr8","105529389","105529524","12","48746831"
"chr2","56859193","56859471","chr1","176541076","176541362","54","119681883"
"chr2","56964216","56964512","chr7","80047681","80047980","40","23083465"
"chr2","57057609","57057912","chr11","108157979","108158266","53","51100370"
"chr2","57173511","57173822","chrX","23092045","23092349","47","34081466"
"chr2","57338256","57338549","chr14","50025547","50025839","37","7312709"
"chr2","57339149","57339454","chr14","50024623","50024935","61","7314526"
"chr2","57350314","57350576","chr7","107704985","107705238","51","50354671"
"chr2","57380482","57380786","chrX","69126951","69127253","47","11746469"
"chr2","57494096","57494395","chrX","90421778","90422079","43","32927682"
"chr2","57505727","57506013","chr2","11710590","11710879","41","45795137"
"chr2","57531502","57531783","chr9","111461476","111461764","42","53929974"
"chr2","57567895","57568184","chr5","2532160","2532447","41","55035735"
"chr2","57629230","57629546","chr5","136750937","136751240","48","79121707"
"chr2","57809695","57809997","chr6","9017770","9018064","46","48791925"
"chr2","57858581","57858866","chr14","49442191","49442475","43","8416390"
"chr2","57986597","57986898","chr22","28997304","28997607","33","28989293"
"chr2","57997621","57997919","chr22","8456296","8456598","59","49541325"
"chr2","58001540","58001835","chr4","6898633","6898927","43","51102907"
"chr2","58067928","58068209","chr4","131620274","131620554","44","73552346"
"chr2","58119216","58119494","chrUn_GL286397","204143","204413","47","57915073"
"chr2","58120170","58120490","chr2","62710925","62711236","46","4590755"
"chr2","58246159","58246467","chr5","2508969","2509278","39","55737190"
"chr2","58278753","58279041","chr10","39546087","39546375","48","18732666"
"chr2","58363506","58363808","chr6","43666330","43666629","43","14697176"
"chr2","58411554","58411832","chr2","80644634","80644911","40","22233080"
"chr2","58441133","58441409","chr14","48806834","48807104","39","9634299"
"chr2","58523153","58523437","chr12","26112515","26112796","50","32410638"
"chr2","58554486","58554790","chrX","1364309","1364613","42","57190177"
"chr2","58669637","58669934","chr1","63503705","63504005","50","4834068"
"chr2","58818792","58819086","chr2","31372053","31372354","39","27446739"
"chr2","59017744","59018018","chr18","44439312","44439587","36","14578432"
"chr2","59020240","59020568","chr14","48224660","48224974","53","10795580"
"chr2","59061108","59061407","chr12","100785810","100786105","43","41724702"
"chr2","59244869","59245186","chrUn_GL286451","117883","118189","51","59126986"
"chr2","59275767","59276074","chr6","17068239","17068542","56","42207528"
"chr2","59283220","59283542","chr7","96383773","96384067","68","37100553"
"chr2","59304794","59305105","chr1","168595556","168595859","49","109290762"
"chr2","59417027","59417319","chr12","31252957","31253248","37","28164070"
"chr2","59477629","59477960","chr5","128080562","128080880","57","68602933"
"chr2","59751436","59751732","chr5","94234310","94234606","31","34482874"
"chr2","59760823","59761129","chr7","130262321","130262624","43","70501498"
"chr2","59848617","59848903","chr7","77979454","77979753","50","18130837"
"chr2","59966089","59966393","chr1","202849760","202850061","38","142883671"
"chr2","60180494","60180806","chr7","54538496","54538801","50","5641998"
"chr2","60343922","60344215","chr8","111628886","111629177","41","51284964"
"chr2","60348403","60348717","chr12","29286803","29287123","54","31061600"
"chr2","60388695","60389000","chr10","89368906","89369206","42","28980211"
"chr2","60403362","60403761","chr1","174408314","174408666","115","114004952"
"chr2","60558140","60558432","chr3","41933866","41934161","46","18624274"
"chr2","60596888","60597184","chr7","49632330","49632627","44","10964558"
"chr2","60617701","60618017","chr14","5169835","5170152","53","55447866"
"chr2","60621440","60621733","chr6","147894727","147895020","36","87273287"
"chr2","60640306","60640602","chr5","94234310","94234606","40","33594004"
"chr2","60645975","60646280","chr3","84166865","84167168","49","23520890"
"chr2","60657513","60657645","chr3","45039510","45039642","16","15618003"
"chr2","60665953","60666253","chr12","115383799","115384092","40","54717846"
"chr2","60684034","60684314","chr12","115669075","115669351","50","54985041"
"chr2","60687024","60687287","chr4","71595866","71596123","47","10908842"
"chr2","60692102","60692395","chr20","42344201","42344495","47","18347901"
"chr2","60694785","60695085","chr22","41918017","41918317","40","18776768"
"chr2","60701659","60701956","chr22","41060009","41060309","32","19641650"
"chr2","60706815","60707101","chr2","10414629","10414909","46","50292186"
"chr2","60708464","60708791","chr17","54268547","54268882","76","6439917"
"chr2","60720099","60720408","chr5","60529593","60529894","42","190506"
"chr2","60721754","60722059","chr12","83078942","83079243","40","22357188"
"chr2","60724433","60724711","chr2","14166051","14166336","55","46558382"
"chr2","60726546","60726842","chr7","100327979","100328271","51","39601433"
"chr2","60727155","60727258","chr17","28245468","28245568","16","32481687"
"chr2","60727625","60727928","chr1","187131170","187131479","45","126403545"
"chr2","60731491","60731726","chr3","110798755","110798985","44","50067264"
"chr2","60733336","60733625","chr4","26335541","26335842","47","34397795"
"chr2","60742011","60742307","chr10","55872616","55872911","34","4869395"
"chr2","60753278","60753568","chr5","2532160","2532447","50","58221118"
"chr2","60763808","60764102","chr15","23622429","23622723","42","37141379"
"chr2","60764418","60764725","chr9","84995814","84996115","56","24231396"
"chr2","60783501","60783757","chr14","46455961","46456218","29","14327540"
"chr2","60788319","60788618","chr14","46452126","46452418","38","14336193"
"chr2","60790807","60791103","chr5","5077481","5077778","43","55713326"
"chr2","60796301","60796438","chr8","29474193","29474329","15","31322108"
"chr2","60800178","60800482","chr21","36714531","36714832","48","24085647"
"chr2","60810789","60810903","chr10","58788395","58788510","15","2022394"
"chr2","60811213","60811401","chr5","110901489","110901673","34","50090276"
"chr2","60827721","60828018","chr1","15931085","15931383","37","44896636"
"chr2","60838137","60838443","chr18","39712282","39712591","39","21125855"
"chr2","60849118","60849441","chr6","93506061","93506372","55","32656943"
"chr2","60855706","60856019","chr10","94067858","94068168","40","33212152"
"chr2","60869621","60869917","chr14","83739394","83739686","37","22869773"
"chr2","60872962","60873258","chr5","26961498","26961795","37","33911464"
"chr2","60903541","60903830","chr3","138159195","138159493","49","77255654"
"chr2","60910652","60910948","chr13","39885762","39886059","42","21024890"
"chr2","60987657","60987939","chr1","25973999","25974284","68","35013658"
"chr2","61003180","61003479","chr10","16033492","16033786","39","44969688"
"chr2","61015218","61015441","chr5","41379988","41380210","34","19635230"
"chr2","61056200","61056459","chr10","17072193","17072439","40","43984007"
"chr2","61100107","61100403","chr20","29150900","29151196","40","31949207"
"chr2","61102536","61102837","chr1","193266464","193266759","46","132163928"
"chr2","61104788","61104899","chrX","101129918","101130030","13","40025130"
"chr2","61132970","61133267","chr12","22817671","22817967","39","38315299"
"chr2","61154773","61155089","chr4","107441782","107442098","44","46287009"
"chr2","61157051","61157341","chr21","50309276","50309562","35","10847775"
"chr2","61159296","61159595","chr5","110918761","110919060","36","49759465"
"chr2","61196993","61197274","chr4","155277483","155277764","49","94080490"
"chr2","61219389","61219688","chrX","86580996","86581293","45","25361607"
"chr2","61227434","61227712","chr4","38209077","38209362","44","23018357"
"chr2","61258980","61259285","chr3","165648344","165648651","37","104389364"
"chr2","61259392","61259685","chr14","45963297","45963590","44","15296095"
"chr2","61270438","61270735","chr14","46527925","46528222","44","14742513"
"chr2","61286374","61286663","chr6","147894727","147895020","45","86608353"
"chr2","61294452","61294717","chrX","107074395","107074658","45","45779943"
"chr2","61295978","61296284","chr3","177888845","177889151","58","116592867"
"chr2","61303897","61304194","chr22","40230801","40231098","46","21073096"
"chr2","61316303","61316592","chr14","5921690","5921981","38","55394613"
"chr2","61317245","61317534","chr10","8026640","8026929","42","53290605"
"chr2","61326226","61326526","chr14","45897161","45897439","53","15429065"
"chr2","61336529","61336838","chr9","11967801","11968108","50","49368728"
"chr2","61342292","61342611","chr8","91012702","91013008","50","29670410"
"chr2","61344991","61345288","chr5","38614488","38614784","39","22730503"
"chr2","61347398","61347673","chr11","23439208","23439487","31","37908190"
"chr2","61353395","61353722","chr1","77884185","77884505","66","16530790"
"chr2","61364647","61364936","chr2","56700759","56701042","50","4663888"
"chr2","61384388","61384698","chr5","115180435","115180736","57","53796047"
"chr2","61397484","61397618","chr12","50418916","50419049","16","10978568"
"chr2","61397918","61398080","chr10","100550541","100550700","37","39152623"
"chr2","61408614","61408916","chr2","138937103","138937408","47","77528489"
"chr2","61417720","61418040","chr5","128080562","128080880","52","66662842"
"chr2","61435747","61436033","chr2","7617626","7617911","42","53818121"
"chr2","61438330","61438630","chrX","46153481","46153779","45","15284849"
"chr2","61446514","61446813","chr20","22923582","22923882","45","38522932"
"chr2","61450519","61450611","chr14","24729104","24729197","15","36721415"
"chr2","61453429","61453742","chr7","13017719","13018023","45","48435710"
"chr2","61454149","61454423","chr10","45660121","45660403","44","15794028"
"chr2","61462268","61462565","chrX","107273049","107273349","43","45810781"
"chr2","61475511","61475817","chr6","17068239","17068542","47","44407272"
"chr2","61477257","61477530","chrX","105924911","105925188","53","44447654"
"chr2","61479187","61479472","chr2","6965455","6965749","58","54513732"
"chr2","61500201","61500298","chr2","181017728","181017822","17","119517527"
"chr2","61500599","61500816","chr1","192262423","192262637","44","130761824"
"chr2","61503257","61503429","chr22","2626133","2626298","35","58877124"
"chr2","61503723","61503866","chr5","75254082","75254229","21","13750359"
"chr2","61506141","61506440","chr11","60063858","60064154","43","1442283"
"chr2","61512762","61513005","chr5","9429851","9430094","52","52082911"
"chr2","61513364","61513624","chr14","45695378","45695642","38","15817986"
"chr2","61542492","61542622","chr9","112099686","112099818","13","50557194"
"chr2","61551957","61552114","chr10","27469878","27470033","38","34082079"
"chr2","61552415","61552505","chr7","49704715","49704807","17","11847700"
"chr2","61552507","61552597","chr11","7876514","7876605","9","53675993"
"chr2","61556178","61556449","chr9","44537673","44537953","33","17018505"
"chr2","61556809","61557089","chr9","44537673","44537953","38","17019136"
"chr2","61569286","61569577","chr10","44777832","44778120","38","16791454"
"chr2","61574681","61574969","chrX","17543907","17544194","35","44030774"
"chr2","61578656","61578914","chr14","59202610","59202867","44","2376046"
"chr2","61595529","61595822","chr10","16033492","16033786","34","45562037"
"chr2","61600191","61600493","chr12","22341026","22341325","38","39259165"
"chr2","61607830","61607962","chr7","80185646","80185776","27","18577816"
"chr2","61607963","61608266","chr6","17068239","17068542","35","44539724"
"chr2","61608956","61609157","chr5","91946865","91947069","31","30337909"
"chr2","61610593","61610860","chr14","45582801","45583070","36","16027792"
"chr2","61614423","61614725","chr13","28183179","28183472","46","33431244"
"chr2","61623035","61623315","chr7","80101657","80101936","43","18478622"
"chr2","61625157","61625459","chr10","14603732","14604030","39","47021425"
"chr2","61629545","61629840","chr7","79564408","79564709","37","17934863"
"chr2","61635297","61635601","chr3","150073804","150074104","49","88438507"
"chr2","61638374","61638677","chr22","33981676","33981980","38","27656698"
"chr2","61643109","61643420","chr7","16121759","16122064","46","45521350"
"chr2","61643956","61644235","chr7","103101942","103102233","48","41457986"
"chr2","61663515","61663826","chr2","63925527","63925835","45","2262012"
"chr2","61672462","61672749","chr5","79692276","79692564","42","18019814"
"chr2","61682747","61683052","chr19","4520386","4520688","39","57162361"
"chr2","61695836","61696128","chr2","7209274","7209568","39","54486562"
"chr2","61699076","61699375","chr13","39885762","39886059","41","21813314"
"chr2","61701382","61701661","chr12","29333369","29333657","47","32368013"
"chr2","61712781","61713092","chr12","87913370","87913678","38","26200589"
"chr2","61724620","61724913","chr19","45166286","45166570","40","16558334"
"chr2","61739308","61739602","chr14","45458298","45458584","46","16281010"
"chr2","61745175","61745477","chr6","17068239","17068542","41","44676936"
"chr2","61757791","61758098","chr7","71936759","71937063","46","10178968"
"chr2","61779392","61779676","chr8","3845842","3846127","50","57933550"
"chr2","61794801","61795020","chrX","18493141","18493358","40","43301660"
"chr2","61800807","61801094","chr17","6352518","6352805","45","55448289"
"chr2","61805937","61806244","chr14","45405229","45405538","47","16400708"
"chr2","61811365","61811672","chr5","83113160","83113466","41","21301795"
"chr2","61815536","61815850","chr9","101796262","101796572","43","39980726"
"chr2","61830399","61830704","chr7","148985140","148985448","37","87154741"
"chr2","61846899","61847180","chr14","657039","657312","45","61189860"
"chr2","61849504","61849805","chr9","99776089","99776389","41","37926585"
"chr2","61890559","61890851","chr7","27280206","27280495","46","34610353"
"chr2","61899664","61899971","chr4","68854443","68854746","52","6954779"
"chr2","61917072","61917371","chr14","45300887","45301180","33","16616185"
"chr2","61920982","61921269","chr15","6011216","6011510","50","55909766"
"chr2","61942541","61942836","chrY","2468652","2468956","47","59473889"
"chr2","61943553","61943862","chr10","47323959","47324262","48","14619594"
"chr2","61954688","61954974","chr22","30202132","30202421","46","31752556"
"chr2","61956742","61957049","chr7","42581600","42581909","46","19375142"
"chr2","61962879","61963170","chr3","142314167","142314458","36","80351288"
"chr2","61972841","61972970","chrX","62934441","62934571","19","961600"
"chr2","61974013","61974291","chrX","63400794","63401071","48","1426781"
"chr2","61989464","61989761","chr5","38614488","38614784","43","23374976"
"chr2","61998243","61998558","chrX","47176701","47177007","46","14821542"
"chr2","62000003","62000223","chrX","139663999","139664219","37","77663996"
"chr2","62000271","62000589","chr14","9812814","9813112","61","52187457"
"chr2","62003856","62004156","chr2","8957058","8957360","51","53046798"
"chr2","62008802","62009083","chr19","16281211","16281488","43","45727591"
"chr2","62011966","62012258","chrX","68962815","68963097","49","6950849"
"chr2","62038496","62038848","chr5","96896431","96896755","73","34857935"
"chr2","62045569","62045701","chr1","58462691","58462822","14","3582878"
"chr2","62064160","62064473","chr3","106655459","106655766","48","44591299"
"chr2","62086842","62087121","chr1","75555059","75555337","49","13468217"
"chr2","62089277","62089582","chr7","144982540","144982842","40","82893263"
"chr2","62121088","62121397","chr6","7892688","7892995","38","54228400"
"chr2","62121457","62121765","chr16","50353254","50353563","36","11768203"
"chr2","62127742","62128039","chr16","27361913","27362210","37","34765829"
"chr2","62132564","62132854","chr11","82257931","82258225","50","20125367"
"chr2","62189513","62189772","chr2","17003008","17003267","42","45186505"
"chr2","62228333","62228631","chr5","136750937","136751240","40","74522604"
"chr2","62261662","62261923","chr2","7961600","7961858","57","54300062"
"chr2","62273090","62273379","chr10","8026640","8026929","43","54246450"
"chr2","62306266","62306604","chr3","21104959","21105285","64","41201307"
"chr2","62308786","62309000","chr19","27819021","27819230","30","34489765"
"chr2","62315802","62316092","chr4","12463368","12463662","33","49852434"
"chr2","62357594","62357886","chr1","15931085","15931383","39","46426509"
"chr2","62414598","62414900","chr7","6894852","6895150","40","55519746"
"chr2","62418374","62418646","chr2","13600925","13601188","44","48817449"
"chr2","62489894","62490189","chr3","142314167","142314458","43","79824273"
"chr2","62549484","62549787","chr1","143276088","143276390","45","80726604"
"chr2","62579082","62579368","chr5","38614488","38614784","56","23964594"
"chr2","62598516","62598809","chr1","98572733","98573027","39","35974217"
"chr2","62667995","62668288","chr10","102176713","102177004","35","39508718"
"chr2","62689361","62689669","chr8","111220904","111221190","58","48531543"
"chr2","62757404","62757732","chr7","66105076","66105385","60","3347672"
"chr2","62774089","62774399","chr13","18393383","18393690","41","44380706"
"chr2","62798085","62798386","chr10","14603732","14604030","46","48194353"
"chr2","62805525","62805814","chr6","149644095","149644385","53","86838570"
"chr2","62827672","62827968","chr14","83739394","83739686","26","20911722"
"chr2","62861462","62861769","chr22","28997304","28997607","49","33864158"
"chr2","62863001","62863282","chr4","121116021","121116303","33","58253020"
"chr2","62863314","62863456","chr11","110151860","110151990","29","47288546"
"chr2","62893762","62894060","chr5","41077820","41078119","43","21815942"
"chr2","62905543","62905833","chr7","113470784","113471078","39","50565241"
"chr2","62912281","62912557","chr14","44238135","44238412","38","18674146"
"chr2","62917899","62918196","chr20","22923582","22923882","39","39994317"
"chr2","62920663","62920968","chr8","75893091","75893389","51","12972428"
"chr2","62932672","62932970","chr1","182969072","182969372","39","120036400"
"chr2","62962043","62962346","chr3","148129417","148129720","52","85167374"
"chr2","63017206","63017323","chr5","60678704","60678820","13","2338502"
"chr2","63096205","63096514","chrX","47176701","47177007","36","15919504"
"chr2","63099551","63099831","chr2","8798514","8798801","37","54301037"
"chr2","63102879","63103188","chr14","44038231","44038539","41","19064648"
"chr2","63127858","63128146","chr6","149299474","149299765","41","86171616"
"chr2","63131831","63132135","chr6","19320079","19320383","42","43811752"
"chr2","63147687","63147988","chr1","168595556","168595859","38","105447869"
"chr2","63161760","63162069","chr15","42794496","42794802","45","20367264"
"chr2","63291527","63291837","chr18","39712282","39712591","45","23579245"
"chr2","63294222","63294531","chr18","39712282","39712591","51","23581940"
"chr2","63339164","63339472","chr7","53651921","53652230","46","9687243"
"chr2","63350998","63351280","chr19","4188463","4188738","36","59162535"
"chr2","63380456","63380738","chr5","108572775","108573060","55","45192319"
"chr2","63401492","63401812","chr9","99299451","99299768","60","35897959"
"chr2","63416191","63416497","chr15","5260462","5260773","42","58155729"
"chr2","63456136","63456406","chr1","138060195","138060467","42","74604059"
"chr2","63515739","63516033","chr3","173168716","173169010","39","109652977"
"chr2","63517878","63518187","chr3","177773552","177773857","44","114255674"
"chr2","63579328","63579637","chr5","124338115","124338421","41","60758787"
"chr2","63609085","63609381","chr13","84459624","84459931","37","20850539"
"chr2","63633780","63634062","chr4","16350054","16350344","46","47283726"
"chr2","63653629","63653925","chr9","115637925","115638221","42","51984296"
"chr2","63708945","63709165","chr4","45928096","45928333","46","17780849"
"chr2","63763224","63763521","chr1","202849760","202850061","39","139086536"
"chr2","63886990","63887279","chr11","61683952","61684244","45","2203038"
"chr2","63941754","63942050","chr10","22559240","22559536","38","41382514"
"chr2","63953127","63953432","chr6","17068239","17068542","39","46884888"
"chr2","63968430","63968717","chr9","37642064","37642351","49","26326366"
"chr2","63983154","63983436","chr17","63750732","63751007","43","232422"
"chr2","64050770","64051085","chr5","19163464","19163772","51","44887306"
"chr2","64109399","64109680","chr4","155495685","155495965","37","91386286"
"chr2","64109963","64110274","chr12","27257719","27258031","42","36852244"
"chr2","64110688","64110929","chrX","117776653","117776896","33","53665965"
"chr2","64131620","64131920","chr14","42834418","42834713","33","21297202"
"chr2","64200775","64201110","chr1","77884185","77884505","63","13683410"
"chr2","64209838","64210117","chr15","37619139","37619418","38","26590699"
"chr2","64210540","64210837","chr5","26961498","26961795","42","37249042"
"chr2","64216726","64217017","chrX","11722716","11723009","38","52494010"
"chr2","64223759","64224067","chr22","32362495","32362804","44","31861264"
"chr2","64293039","64293345","chr11","123896228","123896527","34","59603189"
"chr2","64293698","64293999","chr5","43497583","43497891","50","20796115"
"chr2","64319626","64319923","chr9","115637925","115638221","43","51318299"
"chr2","64333929","64334231","chr6","116309630","116309931","38","51975701"
"chr2","64371222","64371512","chr9","20122679","20122976","51","44248543"
"chr2","64418490","64418771","chr11","97727292","97727572","42","33308802"
"chr2","64444561","64444861","chr5","154831379","154831677","47","90386818"
"chr2","64484422","64484733","chr5","134608851","134609157","50","70124429"
"chr2","64504097","64504308","chr15","31993657","31993884","40","32510440"
"chr2","64549309","64549601","chr9","65868270","65868561","48","1318961"
"chr2","64555279","64555553","chrX","14397583","14397859","42","50157696"
"chr2","64560591","64560892","chr1","39183883","39184174","47","25376708"
"chr2","64564841","64565137","chr10","102901949","102902246","39","38337108"
"chr2","64575748","64576038","chr9","18829703","18829990","34","45746045"
"chr2","64598408","64598727","chr11","123924507","123924822","51","59326099"
"chr2","64608585","64608891","chr10","90431710","90432016","32","25823125"
"chr2","64623786","64624088","chr5","47854845","47855147","38","16768941"
"chr2","64673920","64674215","chr9","106891453","106891749","33","42217533"
"chr2","64704454","64704753","chr5","86230872","86231167","36","21526418"
"chr2","64747517","64747826","chr7","27825392","27825700","40","36922125"
"chr2","64759215","64759346","chr20","41847193","41847324","15","22912022"
"chr2","64781078","64781391","chr3","106655459","106655766","39","41874381"
"chr2","64810124","64810432","chr14","65576975","65577276","49","766851"
"chr2","64837521","64837656","chr2","2261829","2261964","14","62575692"
"chr2","64877063","64877355","chr7","6894852","6895150","41","57982211"
"chr2","64877693","64878000","chr10","126696429","126696740","38","61818736"
"chr2","64884846","64885156","chr2","171330283","171330586","46","106445437"
"chr2","64900505","64900807","chr22","28997304","28997607","37","35903201"
"chr2","64956316","64956609","chr16","61261331","61261629","41","3694985"
"chr2","64964508","64964799","chr14","41974053","41974352","34","22990455"
"chr2","64971730","64972040","chr6","17068239","17068542","47","47903491"
"chr2","64997820","64997954","chr13","6086065","6086199","15","58911755"
"chr2","64998273","64998436","chr22","2626133","2626298","28","62372140"
"chr2","65001998","65002280","chr11","103427244","103427528","42","38425246"
"chr2","65025285","65025505","chr22","40622618","40622839","29","24402667"
"chr2","65026354","65026633","chrX","118258396","118258668","46","53232042"
"chr2","65036588","65036874","chr1","168355505","168355788","42","103318917"
"chr2","65037926","65038233","chr11","111117466","111117768","43","46079540"
"chr2","65039058","65039366","chr5","126827654","126827958","47","61788596"
"chr2","65041215","65041478","chr6","17285930","17286191","44","47755285"
"chr2","65062252","65062551","chr7","10120794","10121094","44","54941458"
"chr2","65065688","65065972","chr8","29498971","29499252","50","35566717"
"chr2","65095732","65095871","chr22","17035586","17035722","19","48060146"
"chr2","65096166","65096341","chr5","92923149","92923319","34","27826983"
"chr2","65100478","65100782","chr6","17068239","17068542","45","48032239"
"chr2","65100864","65101170","chr7","80047681","80047980","45","14946817"
"chr2","65112148","65112446","chr7","15853091","15853389","33","49259057"
"chr2","65123986","65124280","chr1","91574966","91575269","52","26450980"
"chr2","65125416","65125713","chr22","33981676","33981980","46","31143740"
"chr2","65133310","65133608","chr11","11474840","11475145","42","53658470"
"chr2","65136181","65136476","chr14","41813262","41813566","41","23322919"
"chr2","65141246","65141545","chr5","77976326","77976624","40","12835080"
"chr2","65143270","65143564","chr4","156698023","156698319","41","91554753"
"chr2","65152456","65152765","chr14","697029","697339","41","64455427"
"chr2","65158022","65158325","chr18","39712282","39712591","41","25445740"
"chr2","65176411","65176704","chr5","79752580","79752868","43","14576169"
"chr2","65208698","65209005","chr15","30909305","30909615","69","34299393"
"chr2","65213679","65213975","chr6","119365724","119366021","47","54152045"
"chr2","65219633","65219933","chr13","25439183","25439481","50","39780450"
"chr2","65223022","65223263","chr5","61052867","61053110","46","4170155"
"chr2","65233595","65233910","chr10","77656754","77657065","48","12423159"
"chr2","65237707","65238017","chr6","152071882","152072175","61","86834175"
"chr2","65283731","65284011","chr5","25454865","25455151","47","39828866"
"chr2","65288271","65288566","chr4","150068857","150069148","41","84780586"
"chr2","65296133","65296371","chrX","3447013","3447246","41","61849120"
"chr2","65303728","65304042","chr10","94067858","94068168","52","28764130"
"chr2","65307193","65307495","chr14","41621141","41621443","39","23686052"
"chr2","65352621","65352923","chr12","83078942","83079243","40","17726321"
"chr2","65371796","65372095","chr3","106655459","106655766","46","41283663"
"chr2","65387790","65388087","chr7","130262321","130262624","43","64874531"
"chr2","65390804","65391104","chr7","80047681","80047980","46","14656877"
"chr2","65393327","65393629","chr12","28553718","28554019","42","36839609"
"chr2","65400969","65401275","chrX","30043039","30043339","47","35357930"
"chr2","65418527","65418854","chr10","90431710","90432016","55","25013183"
"chr2","65419928","65420239","chr12","27257719","27258031","42","38162209"
"chr2","65440759","65441072","chr5","83155514","83155824","39","17714755"
"chr2","65469479","65469769","chr9","1932661","1932946","37","63536818"
"chr2","65481043","65481177","chr7","144987726","144987861","14","79506683"
"chr2","65509402","65509696","chr10","14603732","14604030","40","50905670"
"chr2","65522603","65522903","chr5","141344953","141345247","41","75822350"
"chr2","65538984","65539284","chr22","28997304","28997607","40","36541680"
"chr2","65542116","65542428","chr22","37324208","37324514","40","28217908"
"chr2","65543254","65543537","chr14","41363048","41363329","37","24180206"
"chr2","65555585","65555877","chr10","82178981","82179276","51","16623396"
"chr2","65578029","65578326","chr8","84523546","84523843","43","18945517"
"chr2","65583474","65583597","chr22","6725232","6725359","16","58858242"
"chr2","65609965","65610268","chr1","101283996","101284296","41","35674031"
"chr2","65627281","65627577","chr18","15281460","15281759","37","50345821"
"chr2","65629627","65629747","chr5","74477520","74477649","26","8847893"
"chr2","65661568","65661865","chr4","138639337","138639637","46","72977769"
"chr2","65728281","65728592","chr9","8886595","8886904","45","56841686"
"chr2","65748289","65748598","chr2","35522640","35522948","47","30225649"
"chr2","65777190","65777477","chr14","41112991","41113285","41","24664199"
"chr2","65849236","65849525","chr12","26714195","26714484","35","39135041"
"chr2","65849532","65849830","chr6","17068239","17068542","42","48781293"
"chr2","66019040","66019362","chrX","122250423","122250744","57","56231383"
"chr2","66034134","66034452","chr14","40854077","40854385","49","25180057"
"chr2","66074292","66074603","chr7","72056800","72057112","47","5982508"
"chr2","66081659","66081998","chr3","21104959","21105285","63","44976700"
"chr2","66124156","66124467","chr11","20891472","20891775","42","45232684"
"chr2","66236778","66237080","chr7","10120794","10121094","49","56115984"
"chr2","66341165","66341441","chr18","41088850","41089124","43","25252315"
"chr2","66500416","66500724","chr2","138937103","138937408","43","72436687"
"chr2","66594344","66594646","chr12","31122344","31122642","44","35472000"
"chr2","66608660","66608965","chr1","17925259","17925557","49","48683401"
"chr2","66685817","66686121","chr6","17068239","17068542","42","49617578"
"chr2","66745982","66746281","chr10","16033492","16033786","42","50712490"
"chr2","66807237","66807549","chr3","84166865","84167168","51","17359628"
"chr2","66904683","66904924","chr14","39936019","39936276","45","26968664"
"chr2","66905879","66906130","chr12","44334778","44335031","51","22571101"
"chr2","66932231","66932507","chr6","16608103","16608382","49","50324128"
"chr2","67008869","67009183","chr9","86623295","86623600","51","19614426"
"chr2","67094355","67094669","chr5","124338115","124338421","59","57243760"
"chr2","67127657","67127913","chr12","24093398","24093654","39","43034259"
"chr2","67294779","67295060","chr10","128001955","128002239","49","60707176"
"chr2","67423224","67423540","chr19","43463036","43463348","46","23960188"
"chr2","67426306","67426492","chr7","350278","350460","25","67076028"
"chr2","67459246","67459555","chrX","22989959","22990252","59","44469287"
"chr2","67597485","67597707","chr5","41379988","41380210","39","26217497"
"chr2","67754487","67754792","chr11","111117466","111117768","43","43362979"
"chr2","67781065","67781351","chr5","8119924","8120214","36","59661141"
"chr2","67831906","67832157","chr7","54130077","54130316","40","13701829"
"chr2","67916875","67917172","chr1","15931085","15931383","35","51985790"
"chr2","67936773","67937033","chr12","84310239","84310498","42","16373466"
"chr2","67992856","67993148","chr1","21791975","21792268","34","46200881"
"chr2","68026743","68027012","chr2","130018638","130018897","48","61991895"
"chr2","68076168","68076430","chr2","48151729","48151998","52","19924439"
"chr2","68113856","68113979","chr9","113277693","113277817","12","45163837"
"chr2","68114019","68114180","chr10","27469878","27470033","31","40644141"
"chr2","68118287","68118594","chr19","36085999","36086309","39","32032288"
"chr2","68124121","68124417","chr5","38614488","38614784","40","29509633"
"chr2","68182535","68182651","chr1","180264367","180264482","14","112081832"
"chr2","68187886","68188193","chr7","145217718","145218024","42","77029832"
"chr2","68189586","68189891","chr11","44157181","44157481","45","24032405"
"chr2","68264039","68264346","chr9","101796262","101796572","42","33532223"
"chr2","68270216","68270514","chr13","39885762","39886059","39","28384454"
"chr2","68284535","68284838","chr1","82669756","82670065","42","14385221"
"chr2","68290025","68290325","chr22","33981676","33981980","42","34308349"
"chr2","68296931","68297065","chr7","98150017","98150148","19","29853086"
"chr2","68323751","68324039","chrX","17543907","17544194","50","50779844"
"chr2","68355690","68355997","chr12","9390750","9391052","45","58964940"
"chr2","68370471","68370782","chr14","38589137","38589459","40","29781334"
"chr2","68372178","68372475","chr4","156698023","156698319","38","88325845"
"chr2","68387011","68387267","chr2","125678259","125678509","40","57291248"
"chr2","68394290","68394544","chr19","23134298","23134557","49","45259992"
"chr2","68397504","68397627","chr4","106521719","106521841","12","38124215"
"chr2","68457365","68457642","chr21","36596515","36596795","40","31860850"
"chr2","68484407","68484708","chr1","172257719","172258009","45","103773312"
"chr2","68543977","68544278","chr2","31372053","31372354","39","37171924"
"chr2","68589305","68589609","chr5","37885432","37885729","56","30703873"
"chr2","68722297","68722595","chr14","38267749","38268052","34","30454548"
"chr2","68818311","68818627","chr7","53651921","53652230","44","15166390"
"chr2","68835435","68835740","chr1","138077483","138077787","51","69242048"
"chr2","68839772","68840008","chr10","47157591","47157822","36","21682181"
"chr2","68876630","68876925","chr5","38614488","38614784","41","30262142"
"chr2","68947602","68947888","chr7","55245516","55245807","48","13702086"
"chr2","68957711","68958019","chr18","10830546","10830857","43","58127165"
"chr2","69028935","69029241","chr11","14702691","14702988","55","54326244"
"chr2","69049299","69049606","chr11","113521307","113521611","45","44472008"
"chr2","69051005","69051289","chr2","162524515","162524802","46","93473510"
"chr2","69056670","69056978","chr6","17068239","17068542","47","51988431"
"chr2","69091160","69091470","chr14","46372540","46372849","46","22718620"
"chr2","69098704","69098995","chr9","44828899","44829193","41","24269805"
"chr2","69127946","69128241","chr5","84826899","84827194","50","15698953"
"chr2","69194575","69194862","chr4","10274002","10274296","36","58920573"
"chr2","69210654","69210959","chr22","28997304","28997607","39","40213350"
"chr2","69256665","69256945","chr11","115278740","115279027","47","46022075"
"chr2","69320506","69320804","chr5","26961498","26961795","42","42359008"
"chr2","69327821","69328115","chr5","74833270","74833574","40","5505449"
"chr2","69328702","69329003","chr2","19920919","19921219","47","49407783"
"chr2","69343415","69343711","chr11","95687035","95687331","40","26343620"
"chr2","69362965","69363113","chr5","126146453","126146604","19","56783488"
"chr2","69368446","69368752","chr7","13017719","13018023","48","56350727"
"chr2","69371067","69371378","chr11","118075028","118075334","44","48703961"
"chr2","69380056","69380373","chr5","94532768","94533076","53","25152712"
"chr2","69381864","69382162","chr7","6894852","6895150","47","62487012"
"chr2","69391608","69391870","chr7","129397165","129397435","50","60005557"
"chr2","69394433","69394731","chr22","7822716","7823014","37","61571717"
"chr2","69414336","69414642","chr16","25492826","25493133","46","43921510"
"chr2","69433484","69433752","chr4","10516598","10516864","40","58916886"
"chr2","69456424","69456690","chr12","48747343","48747600","48","20709081"
"chr2","69503514","69503817","chr1","82463476","82463771","52","12959962"
"chr2","69504115","69504420","chr1","12491044","12491347","44","57013071"
"chr2","69522522","69522833","chr18","9863619","9863928","37","59658903"
"chr2","69552431","69552731","chr20","29549977","29550272","40","40002454"
"chr2","69574089","69574404","chr15","20018055","20018360","56","49556034"
"chr2","69595101","69595415","chr4","82226247","82226558","42","12631146"
"chr2","69633888","69634172","chr15","20770296","20770585","36","48863592"
"chr2","69648544","69648842","chr6","17068239","17068542","40","52580305"
"chr2","69669328","69669625","chr5","25502393","25502687","38","44166935"
"chr2","69687222","69687520","chr12","100785810","100786105","46","31098588"
"chr2","69690227","69690538","chr3","106655459","106655766","37","36965232"
"chr2","69708781","69708907","chr18","9713430","9713557","26","59995351"
"chr2","69711048","69711282","chr10","117816440","117816669","39","48105392"
"chr2","69715198","69715507","chr4","158989006","158989316","43","89273808"
"chr2","69729021","69729314","chr6","147894727","147895020","43","78165706"
"chr2","69746775","69747014","chr7","86905300","86905537","68","17158525"
"chr2","69749658","69749940","chr21","45907208","45907487","45","23842450"
"chr2","69778816","69779133","chr8","98342110","98342415","47","28563294"
"chr2","69780191","69780495","chr5","38614488","38614784","37","31165703"
"chr2","69803856","69804159","chr1","168595556","168595859","38","98791700"
"chr2","69804764","69805075","chr2","11642004","11642310","44","58162760"
"chr2","69813759","69814057","chr12","99758518","99758819","44","29944759"
"chr2","69819786","69820097","chr4","71892953","71893250","43","2073167"
"chr2","69821478","69821747","chr14","37096089","37096367","32","32725389"
"chr2","69824221","69824521","chr1","10143237","10143538","40","59680984"
"chr2","69833333","69833635","chr7","40960117","40960419","45","28873216"
"chr2","69861801","69862023","chr14","37050533","37050750","31","32811268"
"chr2","69865366","69865658","chr11","67036150","67036441","33","2829216"
"chr2","69874423","69874548","chr15","24738581","24738706","12","45135842"
"chr2","69908517","69908802","chr14","36995670","36995952","34","32912847"
"chr2","69909665","69909969","chr1","168595556","168595859","36","98685891"
"chr2","69919339","69919617","chr12","48605950","48606233","46","21313389"
"chr2","69937615","69937913","chr4","156698023","156698319","40","86760408"
"chr2","69937915","69938043","chr11","109899418","109899552","19","39961503"
"chr2","69981545","69981857","chr22","35977533","35977832","46","34004012"
"chr2","69999390","69999685","chrX","10992816","10993113","50","59006574"
"chr2","70001264","70001440","chr5","68270097","68270271","35","1731167"
"chr2","70007834","70008135","chr10","14603732","14604030","41","55404102"
"chr2","70015681","70015962","chr17","69931558","69931839","43","84123"
"chr2","70045679","70045915","chr5","139256600","139256840","39","69210921"
"chr2","70057486","70057778","chr4","16350054","16350344","38","53707432"
"chr2","70061114","70061419","chr9","12808115","12808422","38","57252999"
"chr2","70064813","70065122","chr14","36811947","36812259","44","33252866"
"chr2","70065926","70066214","chr1","145176527","145176816","53","75110601"
"chr2","70072441","70072751","chr15","20913964","20914267","42","49158477"
"chr2","70105802","70105941","chr9","100751399","100751543","24","30645597"
"chr2","70106254","70106389","chr16","68359062","68359197","14","1747192"
"chr2","70119489","70119799","chr6","17068239","17068542","47","53051250"
"chr2","70134560","70134849","chr8","117614816","117615105","48","47480256"
"chr2","70137201","70137452","chr14","36734115","36734364","32","33403086"
"chr2","70139894","70140157","chr14","36730896","36731157","38","33408998"
"chr2","70151354","70151666","chr3","106655459","106655766","51","36504105"
"chr2","70160134","70160442","chr2","171330283","171330586","45","101170149"
"chr2","70167459","70167754","chr10","16033492","16033786","38","54133967"
"chr2","70173265","70173580","chr9","91776812","91777118","45","21603547"
"chr2","70174026","70174305","chr22","45658818","45659100","39","24515208"
"chr2","70184240","70184476","chr14","36689874","36690112","31","33494366"
"chr2","70192769","70193071","chr2","171330283","171330586","44","101137514"
"chr2","70196128","70196422","chr22","8738357","8738648","42","61457771"
"chr2","70198881","70199188","chr14","36675652","36675954","35","33523229"
"chr2","70207244","70207579","chr12","118103641","118103963","71","47896397"
"chr2","70237583","70237879","chr15","49359997","49360293","42","20877586"
"chr2","70245915","70246223","chr7","13017719","13018023","40","57228196"
"chr2","70250613","70250903","chr15","6320517","6320802","56","63930096"
"chr2","70251651","70251807","chr3","85010536","85010708","45","14758885"
"chr2","70252101","70252189","chr9","5587621","5587706","11","64664480"
"chr2","70252190","70252426","chr22","31518540","31518771","37","38733650"
"chr2","70264334","70264626","chr20","42344201","42344495","34","27920133"
"chr2","70264734","70264963","chr13","116011942","116012171","37","45747208"
"chr2","70269990","70270292","chr22","15119676","15119973","44","55150314"
"chr2","70272119","70272425","chr22","33981676","33981980","34","36290443"
"chr2","70272689","70272996","chr7","106080561","106080866","45","35807872"
"chr2","70279809","70280102","chr3","106655459","106655766","45","36375650"
"chr2","70302937","70303225","chr5","154020351","154020637","42","83717414"
"chr2","70305164","70305474","chr14","36559583","36559885","40","33745581"
"chr2","70306840","70307127","chrX","46083719","46084002","42","24223121"
"chr2","70311812","70312113","chr12","43658639","43658939","37","26653173"
"chr2","70328161","70328284","chr14","59989172","59989292","15","10338989"
"chr2","70328593","70328751","chrX","106480049","106480214","28","36151456"
"chr2","70331737","70332026","chr15","68809459","68809748","39","1522278"
"chr2","70343471","70343752","chr17","39832628","39832904","38","30510843"
"chr2","70365928","70366214","chr2","59298867","59299154","35","11067061"
"chr2","70396215","70396518","chr1","27883875","27884177","38","42512340"
"chr2","70439182","70439489","chr10","74517493","74517800","43","4078311"
"chr2","70502328","70502618","chr21","40170657","40170955","54","30331671"
"chr2","70522426","70522712","chr14","36321867","36322153","33","34200559"
"chr2","70562615","70562895","chr2","18382252","18382536","44","52180363"
"chr2","70578365","70578664","chr5","94234310","94234606","44","23655945"
"chr2","70591083","70591341","chr1","75454262","75454514","45","4863179"
"chr2","70629127","70629425","chr4","156698023","156698319","35","86068896"
"chr2","70688822","70689111","chr10","85630081","85630362","48","14941259"
"chr2","70727613","70727893","chr2","80644634","80644911","37","9917021"
"chr2","70740691","70740999","chr9","11967801","11968108","42","58772890"
"chr2","70802376","70802672","chr13","31331915","31332215","43","39470461"
"chr2","70869318","70869642","chr7","88138666","88138981","52","17269348"
"chr2","70875617","70875913","chr5","26961498","26961795","37","43914119"
"chr2","70957079","70957399","chr10","90431710","90432016","52","19474631"
"chr2","70965896","70966176","chr4","155962523","155962803","47","84996627"
"chr2","70968638","70968935","chr14","83739394","83739686","34","12770756"
"chr2","70999028","70999309","chr5","108572775","108573060","48","37573747"
"chr2","71010959","71011270","chr12","33299560","33299868","50","37711399"
"chr2","71031508","71031788","chrX","105924911","105925188","47","34893403"
"chr2","71033848","71034151","chr7","80047681","80047980","48","9013833"
"chr2","71065552","71065845","chr12","31252957","31253248","38","39812595"
"chr2","71097078","71097383","chr6","17068239","17068542","42","54028839"
"chr2","71104562","71104878","chr1","201369278","201369591","62","130264716"
"chr2","71104882","71105175","chr9","20806439","20806737","46","50298443"
"chr2","71112434","71112736","chr8","110498332","110498633","36","39385898"
"chr2","71141748","71142058","chr18","39712282","39712591","44","31429466"
"chr2","71146335","71146636","chr13","39885762","39886059","34","31260573"
"chr2","71195647","71195936","chr14","36994514","36994806","34","34201133"
"chr2","71200470","71200781","chr1","168595556","168595859","48","97395086"
"chr2","71208143","71208440","chr6","63084837","63085131","45","8123306"
"chr2","71254436","71254743","chr5","6629520","6629828","43","64624916"
"chr2","71286308","71286619","chr5","78562869","78563170","40","7276561"
"chr2","71300499","71300803","chr18","39712282","39712591","43","31588217"
"chr2","71346746","71347046","chr15","49359997","49360293","50","21986749"
"chr2","71374646","71374937","chr1","135216932","135217218","59","63842286"
"chr2","71383563","71383738","chr3","53757892","53758068","35","17625671"
"chr2","71383782","71383901","chr12","90274174","90274291","12","18890392"
"chr2","71387394","71387680","chr22","43140894","43141178","44","28246500"
"chr2","71493571","71493881","chr18","39712282","39712591","38","31781289"
"chr2","71509768","71510070","chr7","56359080","56359389","47","15150688"
"chr2","71518811","71519122","chr5","15342496","15342804","41","56176315"
"chr2","71650199","71650509","chr2","10406818","10407122","43","61243381"
"chr2","72001470","72001775","chr2","94274126","94274432","43","22272656"
"chr2","72157460","72157755","chr1","172257719","172258009","40","100100259"
"chr2","72231986","72232274","chr5","100292655","100292945","39","28060669"
"chr2","72318399","72318643","chr14","34514445","34514685","35","37803954"
"chr2","72357410","72357701","chr1","75821885","75822175","45","3464475"
"chr2","72360094","72360385","chr5","50414868","50415162","47","21945226"
"chr2","72398415","72398713","chr1","63503705","63504005","38","8894710"
"chr2","72430354","72430659","chr12","31281547","31281855","52","41148807"
"chr2","72467765","72468070","chr5","134608851","134609157","41","62141086"
"chr2","72499231","72499530","chr1","157959927","157960225","42","85460696"
"chr2","72580136","72580442","chr18","39712282","39712591","37","32867854"
"chr2","72582226","72582531","chr10","114518980","114519278","70","41936754"
"chr2","72583712","72584022","chr17","24010629","24010937","43","48573083"
"chr2","72594978","72595262","chr4","160036884","160037168","38","87441906"
"chr2","72606624","72606910","chr7","27280206","27280495","50","45326418"
"chr2","72679074","72679368","chr14","36994514","36994806","40","35684560"
"chr2","72720466","72720778","chr5","1367590","1367901","55","71352876"
"chr2","72735903","72736211","chr14","34049362","34049675","44","38686541"
"chr2","72763422","72763723","chr1","168595556","168595859","52","95832134"
"chr2","72766672","72766981","chr12","22532948","22533254","49","50233724"
"chr2","72781857","72782169","chr2","11642004","11642310","45","61139853"
"chr2","72787200","72787499","chr14","33996098","33996391","49","38791102"
"chr2","72840617","72840912","chr4","30880097","30880395","38","41960520"
"chr2","72853580","72853884","chrX","17633918","17634220","40","55219662"
"chr2","72864991","72865292","chr7","50957152","50957450","51","21907839"
"chr2","72877546","72877800","chr7","148969864","148970105","55","76092318"
"chr2","72881089","72881384","chr10","27398526","27398820","37","45482563"
"chr2","72890643","72890840","chr2","66795192","66795379","30","6095451"
"chr2","72905407","72905717","chr1","138077483","138077787","45","65172076"
"chr2","72977697","72978002","chr10","27979674","27979979","43","44998023"
"chr2","73021229","73021502","chr14","33748130","33748396","38","39273099"
"chr2","73038940","73039227","chr19","6867541","6867823","37","66171399"
"chr2","73046127","73046424","chr5","38614488","38614784","42","34431639"
"chr2","73065716","73065854","chr2","14076481","14076618","18","58989235"
"chr2","73100411","73100725","chr6","121643346","121643654","43","48542935"
"chr2","73104296","73104569","chr5","26967484","26967769","41","46136812"
"chr2","73104595","73104613","chrX","140734729","140734741","7","67630134"
"chr2","73115562","73115857","chr10","55872616","55872911","37","17242946"
"chr2","73124668","73124968","chr7","6894852","6895150","38","66229816"
"chr2","73135020","73135300","chrX","17243808","17244094","40","55891212"
"chr2","73136412","73136723","chr1","168595556","168595859","41","95459144"
"chr2","73137744","73138073","chr4","34141149","34141483","64","38996595"
"chr2","73148893","73149185","chr12","29333369","29333657","40","43815524"
"chr2","73152288","73152577","chr9","111486696","111486971","48","38334408"
"chr2","73164170","73164471","chr13","57414367","57414663","41","15749803"
"chr2","73173606","73173741","chr6","139231067","139231202","15","66057461"
"chr2","73188727","73189015","chr12","19511079","19511365","54","53677648"
"chr2","73207558","73207852","chr3","48927118","48927409","42","24280440"
"chr2","73213697","73213995","chr22","33981676","33981980","44","39232021"
"chr2","73216275","73216408","chr3","152069384","152069518","18","78853109"
"chr2","73216409","73216711","chr1","176789652","176789956","43","103573243"
"chr2","73271638","73271928","chr1","209526500","209526793","42","136254862"
"chr2","73321660","73321955","chr18","5141985","5142278","39","68179675"
"chr2","73322501","73322809","chrX","47176701","47177007","48","26145800"
"chr2","73339830","73340145","chr22","15341421","15341725","44","57998409"
"chr2","73340249","73340544","chr20","12729984","12730279","30","60610265"
"chr2","73347049","73347328","chr2","56700759","56701042","43","16646290"
"chr2","73357727","73358031","chr7","74875642","74875945","41","1517915"
"chr2","73394361","73394649","chr5","26961498","26961795","44","46432863"
"chr2","73403899","73404198","chr15","5688723","5689022","42","67715176"
"chr2","73406704","73406924","chr7","49908001","49908221","31","23498703"
"chr2","73412508","73412819","chr6","17068239","17068542","44","56344269"
"chr2","73439986","73440282","chr20","27822433","27822727","38","45617553"
"chr2","73440489","73440724","chr3","3310239","3310475","36","70130250"
"chr2","73457239","73457522","chr6","135728772","135729053","48","62271533"
"chr2","73457751","73458053","chr1","182969072","182969372","38","109511321"
"chr2","73556700","73557000","chr9","111187673","111187975","41","37630973"
"chr2","73564184","73564487","chr13","18393383","18393690","46","55170801"
"chr2","73568996","73569314","chrX","124381299","124381609","52","50812303"
"chr2","73613559","73613857","chr13","43694410","43694711","35","29919149"
"chr2","73653517","73653828","chr12","20572358","20572667","45","53081159"
"chr2","73675176","73675467","chr4","16350054","16350344","39","57325122"
"chr2","73747734","73748043","chr21","40584762","40585072","45","33162972"
"chr2","73748496","73748802","chr2","8957058","8957360","47","64791438"
"chr2","73781696","73781995","chr8","3713977","3714274","39","70067719"
"chr2","73782032","73782331","chr5","133166485","133166779","42","59384453"
"chr2","73818742","73819039","chr12","28553718","28554019","46","45265024"
"chr2","73819994","73820168","chr10","5461271","5461436","37","68358723"
"chr2","73820464","73820610","chr1","172218988","172219121","24","98398524"
"chr2","73825765","73826058","chr5","94234310","94234606","32","20408545"
"chr2","73858304","73858439","chr8","105529389","105529524","18","31671085"
"chr2","73861856","73862153","chr11","14263299","14263592","41","59598557"
"chr2","73871777","73872072","chr5","48331120","48331417","43","25540657"
"chr2","73910497","73910862","chr2","14875141","14875478","92","59035356"
"chr2","73914278","73914584","chrX","47176701","47177007","39","26737577"
"chr2","73934791","73935094","chr6","17068239","17068542","43","56866552"
"chr2","73961749","73962046","chr5","26961498","26961795","44","47000251"
"chr2","73965961","73966284","chr4","160766248","160766567","60","86800287"
"chr2","73971344","73971636","chr2","168797082","168797370","41","94825738"
"chr2","73976087","73976399","chr14","79148123","79148432","47","5172036"
"chr2","74016438","74016751","chr12","27257719","27258031","44","46758719"
"chr2","74022772","74023075","chr1","98572733","98573027","45","24549961"
"chr2","74062882","74063183","chr3","152941248","152941549","36","78878366"
"chr2","74119074","74119370","chr9","20122679","20122976","35","53996395"
"chr2","74121713","74122007","chr10","126287645","126287938","42","52165932"
"chr2","74132886","74133213","chr4","20278830","20279149","48","53854056"
"chr2","74164238","74164544","chr9","91776812","91777118","35","17612574"
"chr2","74169649","74169927","chr2","80644634","80644911","37","6474985"
"chr2","74173377","74173649","chr22","27309991","27310258","41","46863386"
"chr2","74175965","74176083","chr5","108582680","108582799","12","34406715"
"chr2","74176125","74176298","chr17","34108233","34108402","29","40067892"
"chr2","74182552","74182860","chr16","38005025","38005333","39","36177527"
"chr2","74200990","74201276","chr14","32652916","32653200","36","41548074"
"chr2","74203929","74204213","chr5","94664013","94664296","41","20460084"
"chr2","74215611","74215908","chr14","37265042","37265338","31","36950569"
"chr2","74241459","74241769","chr12","87913370","87913678","39","13671911"
"chr2","74242690","74242953","chr9","18645261","18645527","36","55597429"
"chr2","74296481","74296810","chr9","100258454","100258773","50","25961973"
"chr2","74302335","74302621","chr5","46330077","46330361","37","27972258"
"chr2","74312301","74312529","chr12","21544773","21545001","35","52767528"
"chr2","74352318","74352625","chr22","1189325","1189625","53","73162993"
"chr2","74382318","74382612","chr10","79871788","79872080","44","5489470"
"chr2","74394591","74394828","chr1","150797152","150797389","44","76402561"
"chr2","74397300","74397600","chr6","17068239","17068542","38","57329061"
"chr2","74398079","74398367","chr10","16033492","16033786","36","58364587"
"chr2","74398441","74398718","chr1","135216932","135217218","54","60818491"
"chr2","74422514","74422818","chr3","106655459","106655766","45","32232945"
"chr2","74468184","74468434","chr5","134387174","134387424","38","59918990"
"chr2","74483955","74484254","chr17","69075766","69076065","41","5408189"
"chr2","74487222","74487516","chr10","16033492","16033786","38","58453730"
"chr2","74488783","74489069","chr14","36994514","36994806","44","37494269"
"chr2","74543598","74543930","chr5","61538560","61538865","62","13005038"
"chr2","74598101","74598381","chr13","97352437","97352715","39","22754336"
"chr2","74621826","74622148","chr4","160766248","160766567","53","86144422"
"chr2","74656013","74656308","chr5","126079965","126080261","33","51423952"
"chr2","74742205","74742489","chr2","140883803","140884086","47","66141598"
"chr2","74775643","74775910","chr5","54100105","54100367","45","20675538"
"chr2","74793392","74793615","chr5","41379988","41380210","33","33413404"
"chr2","74797754","74797923","chr7","55678347","55678524","32","19119407"
"chr2","74798230","74798364","chr11","60589611","60589742","18","14208619"
"chr2","74817674","74817973","chr14","3770784","3771083","38","71046890"
"chr2","74820144","74820446","chr22","38663189","38663492","42","36156955"
"chr2","74861146","74861428","chr18","5141985","5142278","43","69719161"
"chr2","74864507","74864806","chr12","100785810","100786105","41","25921303"
"chr2","74869992","74870308","chr10","35587352","35587663","67","39282640"
"chr2","74939073","74939374","chr2","18780256","18780558","36","56158817"
"chr2","74963492","74963789","chr14","31861143","31861433","52","43102349"
"chr2","74966417","74966703","chr12","49802743","49803030","39","25163674"
"chr2","74976824","74977107","chr9","1932661","1932946","34","73044163"
"chr2","75013050","75013324","chr2","7149920","7150204","55","67863130"
"chr2","75037116","75037422","chr2","122906256","122906558","46","47869140"
"chr2","75101666","75101974","chr11","54908349","54908660","52","20193317"
"chr2","75271360","75271682","chr5","158739281","158739596","64","83467921"
"chr2","75309203","75309497","chr6","17098595","17098886","40","58210608"
"chr2","75322621","75322912","chr5","4626496","4626785","43","70696125"
"chr2","75599184","75599470","chrX","10848381","10848675","43","64750803"
"chr2","75619599","75619909","chr14","31214366","31214677","39","44405233"
"chr2","75629435","75629749","chr14","31204504","31204815","36","44424931"
"chr2","75630509","75630774","chr11","120576172","120576438","48","44945663"
"chr2","75850135","75850426","chr15","41758838","41759130","40","34091297"
"chr2","75902162","75902283","chr4","106521719","106521841","14","30619557"
"chr2","75902332","75902436","chr2","52614768","52614861","28","23287564"
"chr2","76229003","76229289","chrUn_GL286397","204143","204413","46","76024860"
"chr2","76235587","76235896","chr10","90431710","90432016","36","14196123"
"chr2","76302432","76302717","chrX","118749545","118749828","46","42447113"
"chr2","76313967","76314256","chr11","120913191","120913478","49","44599224"
"chr2","76332345","76332617","chr14","30505428","30505683","51","45826917"
"chr2","76443315","76443614","chr13","54079064","54079364","46","22364251"
"chr2","76443837","76444098","chr5","86683969","86684249","50","10240132"
"chr2","76552168","76552435","chr3","149827946","149828217","61","73275778"
"chr2","76722480","76722771","chr5","96441121","96441410","55","19718641"
"chr2","76899949","76900238","chr11","82201074","82201362","49","5301125"
"chr2","77015837","77016106","chr14","29849653","29849912","49","47166184"
"chr2","77175060","77175230","chr3","85010536","85010708","39","7835476"
"chr2","77175813","77175955","chr1","175513249","175513397","21","98337436"
"chr2","77206180","77206484","chr18","8503340","8503640","55","68702840"
"chr2","77361862","77362099","chr6","17604503","17604735","44","59757359"
"chr2","77380515","77380814","chr2","18780256","18780558","37","58600259"
"chr2","77425834","77426131","chr3","94762904","94763199","49","17337070"
"chr2","77429785","77430080","chr4","10274002","10274296","49","67155783"
"chr2","77454906","77455199","chr8","106969413","106969702","40","29514507"
"chr2","77513571","77513864","chr6","17068239","17068542","45","60445332"
"chr2","77739810","77740102","chr1","176500964","176501258","46","98761154"
"chr2","77853398","77853710","chr2","94752074","94752384","46","16898676"
"chr2","77916839","77917085","chr1","204054205","204054451","51","126137366"
"chr2","77954509","77954811","chr9","42427653","42427954","45","35526856"
"chr2","77957387","77957697","chr7","102737006","102737318","49","24779619"
"chr2","77971817","77972072","chr12","109176744","109176996","46","31204927"
"chr2","77978674","77978975","chr12","20572358","20572667","46","57406316"
"chr2","78001859","78002162","chr1","84821970","84822264","58","6820111"
"chr2","78033287","78033600","chr21","40270692","40271005","59","37762595"
"chr2","78238951","78239211","chrUn_GL286435","449984","450238","44","77788967"
"chr2","78277570","78277881","chr22","33981676","33981980","43","44295894"
"chr2","78289691","78289986","chr8","48660424","48660721","44","29629267"
"chr2","78360378","78360635","chr10","118736079","118736347","50","40375701"
"chr2","78477594","78477898","chr5","2992863","2993174","64","75484731"
"chr2","78551683","78551993","chr8","28391412","28391706","43","50160271"
"chr2","78593502","78593759","chr14","59202610","59202867","40","19390892"
"chr2","78753019","78753330","chr7","56596965","56597275","47","22156054"
"chr2","78768437","78768736","chr7","55933964","55934256","45","22834473"
"chr2","78991330","78991644","chr2","162172264","162172572","42","83180934"
"chr2","79035685","79035989","chr7","66105076","66105385","52","12930609"
"chr2","79048776","79049062","chr9","42833542","42833826","51","36215234"
"chr2","79174771","79175039","chr7","67196083","67196346","51","11978688"
"chr2","79289480","79289770","chr15","5221806","5222090","52","74067674"
"chr2","79405317","79405624","chr1","168595556","168595859","44","89190239"
"chr2","79460838","79461141","chr3","177773552","177773857","40","98312714"
"chr2","79543954","79544236","chr9","1932661","1932946","47","77611293"
"chr2","79655547","79655844","chr21","40446927","40447225","36","39208620"
"chr2","79701720","79702022","chr10","37465016","37465312","46","42236704"
"chr2","79751312","79751623","chr1","156164792","156165101","48","76413480"
"chr2","79886825","79887116","chr7","67310637","67310940","50","12576188"
"chr2","79951386","79951715","chr14","26779277","26779591","54","53172109"
"chr2","79965543","79965857","chr8","113048159","113048467","49","33082616"
"chr2","80041955","80042264","chr1","137129532","137129843","42","57087577"
"chr2","80043191","80043497","chr3","153217268","153217573","41","73174077"
"chr2","80102500","80102811","chr6","74415166","74415472","42","5687334"
"chr2","80159583","80159773","chr5","81440366","81440560","21","1280783"
"chr2","80216840","80217131","chr5","26961498","26961795","48","53255342"
"chr2","80234050","80234310","chr5","124108981","124109240","41","43874931"
"chr2","80263339","80263635","chr13","95866457","95866752","41","15603118"
"chr2","80333652","80333922","chr16","92089757","92090031","46","11756105"
"chr2","80398573","80398887","chr8","7582291","7582604","50","72816282"
"chr2","80552935","80553225","chrX","17543907","17544194","50","63009028"
"chr2","80665430","80665736","chr6","124042038","124042343","45","43376608"
"chr2","80824315","80824626","chr6","119827925","119828231","40","39003610"
"chr2","80832318","80832617","chr1","96018777","96019077","37","15186459"
"chr2","80842352","80842645","chr2","113442969","113443263","41","32600617"
"chr2","80856648","80856946","chr7","25989853","25990154","52","54866795"
"chr2","80962719","80963010","chr16","49378658","49378947","54","31584061"
"chr2","81309405","81309708","chr1","15467012","15467316","52","65842393"
"chr2","81402040","81402330","chr5","120950753","120951044","41","39548713"
"chr2","81486603","81486914","chr13","18393383","18393690","58","63093220"
"chr2","81508613","81508908","chr14","25151511","25151799","38","56357102"
"chr2","81536756","81537002","chr7","7568971","7569223","31","73967785"
"chr2","81625442","81625740","chr9","36765221","36765525","43","44860221"
"chr2","81915584","81915855","chr7","96194147","96194420","46","14278563"
"chr2","81929518","81929840","chr21","40584762","40585072","53","41344756"
"chr2","82059493","82059754","chr1","104223306","104223575","47","22163813"
"chr2","82124794","82124978","chr16","50901220","50901406","42","31223574"
"chr2","82156214","82156491","chr10","16033492","16033786","51","66122722"
"chr2","82221770","82222072","chr6","147894727","147895020","46","65672957"
"chr2","82310474","82310773","chr1","15931085","15931383","46","66379389"
"chr2","82348542","82348845","chr13","15437236","15437540","46","66911306"
"chr2","82657587","82657768","chr1","194561911","194562095","26","111904324"
"chr2","82669075","82669381","chr22","29825053","29825352","41","52844022"
"chr2","82777840","82777959","chrX","46043432","46043548","20","36734408"
"chr2","82833745","82834056","chr13","97340307","97340616","43","14506562"
"chr2","82887995","82888300","chr8","50068578","50068880","52","32819417"
"chr2","82967627","82967903","chr11","97658809","97659082","46","14691182"
"chr2","82976850","82977102","chr7","155545842","155546100","58","72568992"
"chr2","83021276","83021589","chr1","201369278","201369591","43","118348002"
"chr2","83052601","83052908","chr9","103532999","103533309","44","20480398"
"chr2","83103183","83103500","chr8","73303684","73303992","45","9799499"
"chr2","83121376","83121553","chr14","94170216","94170394","31","11048840"
"chr2","83121584","83121703","chr7","40696779","40696898","17","42424805"
"chr2","83135033","83135338","chr1","79394415","79394700","62","3740618"
"chr2","83148579","83148866","chr4","16350054","16350344","35","66798525"
"chr2","83265197","83265500","chr3","169378169","169378466","41","86112972"
"chr2","83279041","83279348","chr1","27883875","27884177","49","55395166"
"chr2","83298738","83299037","chr10","81273718","81274013","42","2025020"
"chr2","83392089","83392386","chr15","14569992","14570286","44","68822097"
"chr2","83660151","83660344","chrX","47514970","47515166","30","36145181"
"chr2","83837523","83837841","chr1","198375259","198375567","72","114537736"
"chr2","83894256","83894481","chrX","48602099","48602329","40","35292157"
"chr2","83900320","83900574","chr16","32334557","32334814","45","51565763"
"chr2","83906278","83906580","chr5","98583310","98583606","43","14677032"
"chr2","84045245","84045554","chr22","28997304","28997607","40","55047941"
"chr2","84066526","84066822","chr2","61800729","61801029","37","22265797"
"chr2","84171882","84172135","chr7","43989282","43989541","43","40182600"
"chr2","84188369","84188677","chr8","91012702","91013008","37","6824333"
"chr2","84207287","84207337","chr11","120922270","120922309","18","36714983"
"chr2","84207637","84207820","chr13","74144777","74144956","32","10062860"
"chr2","84314155","84314466","chr5","2000849","2001153","49","82313306"
"chr2","84453425","84453716","chrX","17823913","17824200","39","66629512"
"chr2","84490571","84490860","chr14","22148206","22148494","35","62342365"
"chr2","84496972","84497270","chr13","26041449","26041747","43","58455523"
"chr2","84589430","84589735","chr16","89824416","89824719","48","5234986"
"chr2","84646848","84647146","chr11","124429251","124429550","40","39782403"
"chr2","84818792","84819085","chr14","21745385","21745681","30","63073407"
"chr2","84873139","84873444","chr1","202849760","202850061","51","117976621"
"chr2","84902873","84903175","chr5","94234310","94234606","35","9331437"
"chr2","84903682","84903989","chr22","33981676","33981980","39","50922006"
"chr2","84928847","84929134","chr4","34845790","34846071","45","50083057"
"chr2","84940289","84940682","chr15","8587038","8587427","102","76353251"
"chr2","84948219","84948524","chr15","22401594","22401899","37","62546625"
"chr2","84948589","84948894","chr22","33981676","33981980","41","50966913"
"chr2","84955282","84955593","chr15","48328187","48328495","45","36627095"
"chr2","84961256","84961556","chr5","129519489","129519794","45","44558233"
"chr2","84978556","84978712","chr5","61032033","61032189","34","23946523"
"chr2","84979012","84979145","chr22","17035586","17035722","13","67943426"
"chr2","84997760","84998072","chr1","82669756","82670065","47","2328004"
"chr2","84998616","84998911","chrX","137361199","137361497","48","52362583"
"chr2","85001161","85001458","chr13","100849914","100850206","38","15848753"
"chr2","85007770","85008062","chr22","7822716","7823014","43","77185054"
"chr2","85010190","85010477","chr12","107300154","107300445","50","22289964"
"chr2","85028960","85029262","chrX","20600833","20601128","53","64428127"
"chr2","85032182","85032341","chr10","43520058","43520215","32","41512124"
"chr2","85032677","85032814","chr2","151853921","151854057","19","66821244"
"chr2","85069657","85069950","chr5","110369776","110370070","41","25300119"
"chr2","85071684","85071969","chr3","94762904","94763199","52","9691220"
"chr2","85107107","85107235","chr15","37735435","37735564","16","47371672"
"chr2","85107281","85107445","chrX","106480049","106480214","23","21372768"
"chr2","85110512","85110799","chr1","186704593","186704886","40","101594081"
"chr2","85121106","85121414","chr5","40811415","40811717","42","44309691"
"chr2","85122002","85122278","chr5","1246545","1246823","44","83875457"
"chr2","85124795","85125087","chr7","154407131","154407427","39","69282336"
"chr2","85125447","85125717","chrX","14397583","14397859","56","70727864"
"chr2","85126702","85127001","chr5","23380593","23380893","42","61746109"
"chr2","85144804","85145084","chr2","5237615","5237899","50","79907189"
"chr2","85201938","85202261","chr10","117889627","117889946","53","32687689"
"chr2","85239664","85239975","chr5","43497583","43497891","46","41742081"
"chr2","85267059","85267353","chr10","90431710","90432016","37","5164651"
"chr2","85267368","85267667","chr4","106715273","106715572","35","21447905"
"chr2","85281021","85281323","chr18","8503340","8503640","37","76777681"
"chr2","85281987","85282287","chr2","39283114","39283413","40","45998873"
"chr2","85311864","85312195","chr15","24667163","24667483","51","60644701"
"chr2","85313981","85314290","chr5","136750937","136751240","55","51436956"
"chr2","85332335","85332641","chr2","69207422","69207729","49","16124913"
"chr2","85335873","85336179","chr13","57414367","57414663","41","27921506"
"chr2","85351244","85351557","chr11","101484038","101484336","60","16132794"
"chr2","85353174","85353450","chr5","115343003","115343296","48","29989829"
"chr2","85358006","85358307","chr2","8957058","8957360","39","76400948"
"chr2","85360354","85360653","chr10","14603732","14604030","43","70756622"
"chr2","85362648","85362947","chr9","45396887","45397186","45","39965761"
"chr2","85371752","85371892","chr5","78433857","78433991","20","6937895"
"chr2","85372192","85372346","chr10","43520058","43520215","30","41852134"
"chr2","85372973","85373280","chrX","97185025","97185330","49","11812052"
"chr2","85374347","85374641","chr5","72971360","72971652","36","12402987"
"chr2","85387380","85387687","chr3","177773552","177773857","39","92386172"
"chr2","85393564","85393862","chr12","27223484","27223788","46","58170080"
"chr2","85397435","85397704","chr2","56700759","56701042","42","28696676"
"chr2","85402475","85402765","chr1","164477981","164478271","42","79075506"
"chr2","85406020","85406271","chr11","32759698","32759945","36","52646322"
"chr2","85406930","85407227","chr3","152941248","152941549","47","67534318"
"chr2","85407432","85407732","chr12","23985616","23985915","43","61421816"
"chr2","85408061","85408338","chr3","140809015","140809290","39","55400954"
"chr2","85423211","85423532","chr22","28997304","28997607","53","56425907"
"chr2","85432249","85432363","chr3","150194601","150194716","22","64762352"
"chr2","85432700","85432835","chr1","172218988","172219121","14","86786288"
"chr2","85439736","85440027","chr20","22923582","22923882","42","62516154"
"chr2","85460346","85460629","chr19","6867541","6867823","32","78592805"
"chr2","85467708","85468012","chr17","46251571","46251874","44","39216137"
"chr2","85469166","85469427","chr13","50226886","50227140","53","35242280"
"chr2","85492411","85492699","chr7","145164494","145164784","41","59672083"
"chr2","85498601","85498910","chr2","128120969","128121276","44","42622368"
"chr2","85519475","85519773","chr6","17068239","17068542","62","68451236"
"chr2","85562258","85562566","chr9","91776812","91777118","41","6214554"
"chr2","85589648","85589957","chr5","2508969","2509278","34","83080679"
"chr2","85622123","85622422","chr7","6894852","6895150","41","78727271"
"chr2","85640292","85640586","chr17","73944491","73944782","35","11695801"
"chr2","85658498","85658822","chrX","93623389","93623691","57","7964891"
"chr2","85660123","85660288","chr18","38568747","38568911","26","47091376"
"chr2","85660315","85660433","chr5","108582680","108582799","13","22922365"
"chr2","85691211","85691507","chr7","6894852","6895150","39","78796359"
"chr2","85700438","85700749","chr22","29825053","29825352","48","55875385"
"chr2","85747119","85747430","chr4","82226247","82226558","46","3520872"
"chr2","85781317","85781582","chr22","27309991","27310258","45","58471326"
"chr2","85797654","85797964","chr7","102737006","102737318","41","16939352"
"chr2","85802958","85803270","chr7","56596965","56597275","42","29205993"
"chr2","85808481","85808787","chr3","165648344","165648651","50","79839863"
"chr2","85876452","85876757","chr3","106655459","106655766","44","20779007"
"chr2","85882551","85882849","chr1","148707234","148707528","37","62824683"
"chr2","85891472","85891764","chr3","142314167","142314458","37","56422695"
"chr2","85935144","85935444","chr1","137129532","137129843","52","51194388"
"chr2","85955616","85955921","chr11","111117466","111117768","43","25161850"
"chr2","85990674","85990972","chr2","131563999","131564294","47","45573325"
"chr2","85991739","85992049","chr9","11967801","11968108","39","74023938"
"chr2","86003559","86003843","chr10","116747550","116747837","42","30743991"
"chr2","86051976","86052244","chr1","171688057","171688330","36","85636081"
"chr2","86081114","86081413","chr13","21290793","21291092","42","64790321"
"chr2","86124343","86124563","chr7","49908001","49908221","33","36216342"
"chr2","86145213","86145522","chr3","150085354","150085661","43","63940141"
"chr2","86150921","86151216","chr7","145693234","145693534","44","59542313"
"chr2","86156311","86156614","chr7","44446894","44447196","35","41709417"
"chr2","86161170","86161459","chr2","36825524","36825807","48","49335646"
"chr2","86208304","86208606","chr6","43666330","43666629","41","42541974"
"chr2","86247567","86247870","chr14","20264028","20264323","45","65983539"
"chr2","86259403","86259687","chr4","38209077","38209362","33","48050326"
"chr2","86287098","86287387","chr14","20225531","20225819","42","66061567"
"chr2","86402016","86402324","chr4","151051212","151051502","51","64649196"
"chr2","86418619","86418924","chr9","2215139","2215442","50","84203480"
"chr2","86437148","86437439","chr14","20067987","20068281","51","66369161"
"chr2","86455290","86455534","chr14","20049738","20049984","32","66405552"
"chr2","86574007","86574290","chr10","63768903","63769187","40","22805104"
"chr2","86575507","86575636","chr22","17101792","17101919","26","69473715"
"chr2","86575663","86575782","chr5","133716690","133716807","18","47141027"
"chr2","86583228","86583533","chr3","84624674","84624979","44","1958554"
"chr2","86587468","86587780","chr14","19899987","19900301","47","66687481"
"chr2","86598306","86598584","chr4","14007571","14007846","38","72590735"
"chr2","86608206","86608510","chr6","17068239","17068542","38","69539967"
"chr2","86614320","86614623","chr12","115383799","115384092","35","28769479"
"chr2","86632446","86632760","chr14","19853913","19854222","39","66778533"
"chr2","86671079","86671381","chr22","28997304","28997607","43","57673775"
"chr2","86681543","86681839","chr10","16033492","16033786","47","70648051"
"chr2","86701849","86702127","chr5","45643706","45643984","44","41058143"
"chr2","86730234","86730550","chr7","145367752","145368069","52","58637518"
"chr2","86734446","86734753","chr2","60819266","60819572","48","25915180"
"chr2","86772600","86772877","chr7","128471325","128471604","51","41698725"
"chr2","86778249","86778550","chr1","168595556","168595859","41","81817307"
"chr2","86780733","86781027","chr3","137207767","137208059","45","50427034"
"chr2","86857437","86857749","chr13","100386262","100386572","40","13528825"
"chr2","86859988","86860304","chr2","63925527","63925835","52","22934461"
"chr2","86889462","86889748","chr1","148395182","148395475","41","61505720"
"chr2","86890296","86890593","chr10","37465016","37465312","48","49425280"
"chr2","86904835","86905129","chr5","38614488","38614784","43","48290347"
"chr2","86915015","86915281","chr7","43989282","43989541","43","42925733"
"chr2","86933758","86934051","chr14","16971904","16972191","39","69961854"
"chr2","86939295","86939608","chr7","32003277","32003587","51","54936018"
"chr2","86949764","86950064","chr5","124338115","124338421","50","37388351"
"chr2","86968732","86969036","chr5","25502393","25502687","53","61466339"
"chr2","86988162","86988467","chr10","117620910","117621216","50","30632748"
"chr2","87061981","87062288","chr2","60819266","60819572","48","26242715"
"chr2","87066185","87066501","chr7","145367752","145368069","52","58301567"
"chr2","87131071","87131387","chr5","134608851","134609157","45","47477780"
"chr2","87134188","87134472","chr5","2532160","2532447","34","84602028"
"chr2","87164073","87164380","chr2","171330283","171330586","41","84166210"
"chr2","87168302","87168425","chr1","93004408","93004534","17","5836106"
"chr2","87208374","87208671","chr22","29825053","29825352","36","57383321"
"chr2","87225264","87225559","chr12","100785810","100786105","42","13560546"
"chr2","87242500","87242772","chrX","90546446","90546718","47","3303946"
"chr2","87246666","87246956","chr14","16196987","16197272","37","71049679"
"chr2","87292790","87293113","chr12","64259515","64259835","47","23033275"
"chr2","87318470","87318781","chr15","17424364","17424665","46","69894106"
"chr2","87327342","87327447","chr6","95261626","95261727","18","7934284"
"chr2","87333406","87333710","chr5","31189896","31190200","46","56143510"
"chr2","87356561","87356679","chr5","124538732","124538850","19","37182171"
"chr2","87389142","87389436","chr22","29440537","29440826","35","57948605"
"chr2","87560970","87561272","chr2","8957058","8957360","49","78603912"
"chr2","87579825","87580109","chr14","15938274","15938561","36","71641551"
"chr2","87649593","87649903","chr13","59093137","59093444","40","28556456"
"chr2","87706862","87707183","chr18","38793266","38793575","49","48913596"
"chr2","87709980","87710264","chr5","2532160","2532447","34","85177820"
"chr2","87781448","87781761","chr9","103532999","103533309","56","15751551"
"chr2","87800884","87801188","chr5","25502393","25502687","53","62298491"
"chr2","87963826","87964133","chr7","45344118","45344429","52","42619708"
"chr2","87969380","87969673","chr14","16971904","16972191","39","70997476"
"chr2","87988543","87988839","chr5","38614488","38614784","38","49374055"
"chr2","88000755","88001055","chr2","31372053","31372354","35","56628702"
"chr2","88006471","88006750","chr4","34845790","34846071","43","53160681"
"chr2","88009425","88009732","chr18","39712282","39712591","42","48297143"
"chr2","88028645","88028950","chr2","154533489","154533792","40","66504844"
"chr2","88031341","88031651","chr13","97340307","97340616","35","9308966"
"chr2","88050340","88050645","chr1","157809575","157809882","49","69759235"
"chr2","88072157","88072449","chr22","40230801","40231098","37","47841356"
"chr2","88074051","88074167","chr22","45156812","45156926","16","42917239"
"chr2","88184484","88184789","chr5","38614488","38614784","41","49569996"
"chr2","88217650","88217939","chr1","21791975","21792268","44","66425675"
"chr2","88267030","88267323","chr5","5052462","5052757","41","83214568"
"chr2","88320968","88321277","chr9","91776812","91777118","41","3455844"
"chr2","88323325","88323606","chr4","104337696","104337976","49","16014371"
"chr2","88324030","88324338","chrX","97185025","97185330","47","8860995"
"chr2","88356211","88356506","chr1","6722876","6723172","42","81633335"
"chr2","88368433","88368707","chr14","19233557","19233831","33","69134876"
"chr2","88387813","88388046","chr19","6361701","6361935","39","82026112"
"chr2","88390150","88390450","chr1","15931085","15931383","41","72459065"
"chr2","88391116","88391411","chr1","75209665","75209966","38","13181451"
"chr2","88403096","88403374","chr7","57479178","57479455","47","30923918"
"chr2","88406582","88406895","chr7","42669887","42670194","50","45736695"
"chr2","88414607","88414902","chrUn_GL286742","7977","8270","38","88406630"
"chr2","88417373","88417662","chrX","107864085","107864361","54","19446712"
"chr2","88432261","88432574","chr1","168595556","168595859","50","80163295"
"chr2","88435095","88435389","chr8","96510016","96510309","42","8074921"
"chr2","88437845","88438157","chr11","64363135","64363445","44","24074710"
"chr2","88461021","88461320","chr14","19146937","19147229","46","69314084"
"chr2","88470845","88471141","chr4","88579677","88579978","40","108832"
"chr2","88479128","88479427","chr1","158120682","158120981","39","69641554"
"chr2","88483772","88484079","chr14","19124339","19124646","30","69359433"
"chr2","88491576","88491691","chr19","27203151","27203268","19","61288425"
"chr2","88500124","88500424","chr2","31372053","31372354","40","57128071"
"chr2","88507558","88507856","chr2","17313050","17313343","36","71194508"
"chr2","88522043","88522352","chr1","148395182","148395475","53","59873139"
"chr2","88528132","88528437","chr2","162172264","162172572","37","73644132"
"chr2","88543001","88543309","chr10","93472854","93473161","42","4929853"
"chr2","88547948","88548087","chr7","149001425","149001575","44","60453477"
"chr2","88548393","88548529","chr1","78736037","78736176","30","9812356"
"chr2","88578266","88578401","chr2","40803885","40804020","13","47774381"
"chr2","88586596","88586891","chr14","19011729","19012032","36","69574867"
"chr2","88633863","88634166","chr6","87765454","87765755","41","868409"
"chr2","88641805","88642144","chr18","8430309","8430640","62","80211496"
"chr2","88643754","88644046","chr1","186704593","186704886","32","98060839"
"chr2","88651112","88651404","chr8","104929951","104930243","45","16278839"
"chr2","88653699","88653981","chr5","1246545","1246823","47","87407154"
"chr2","88665329","88665602","chr14","18936862","18937136","28","69728467"
"chr2","88671528","88671846","chrX","122774008","122774319","63","34102480"
"chr2","88672509","88672823","chr2","63925527","63925835","36","24746982"
"chr2","88890707","88890990","chr2","131198340","131198624","41","42307633"
"chr2","88937478","88937783","chr5","74833270","74833574","48","14104208"
"chr2","88938004","88938301","chr5","35735021","35735325","57","53202983"
"chr2","88983759","88984103","chr7","54586977","54587300","74","34396782"
"chr2","89030772","89030999","chr1","138016648","138016875","40","48985876"
"chr2","89088387","89088697","chr6","17068239","17068542","64","72020148"
"chr2","89111584","89111880","chr5","52498828","52499124","41","36612756"
"chr2","89121208","89121505","chr14","18592946","18593240","46","70528262"
"chr2","89129981","89130270","chr2","56700759","56701042","45","32429222"
"chr2","89251057","89251366","chr18","9863619","9863928","51","79387438"
"chr2","89536685","89536983","chr9","35074414","35074712","42","54462271"
"chr2","89569211","89569484","chr17","6210689","6210957","53","83358522"
"chr2","89571000","89571279","chr4","34345753","34346033","48","55225247"
"chr2","89572475","89572741","chr8","94413779","94414062","49","4841304"
"chr2","89620656","89620952","chr5","26961498","26961795","38","62659158"
"chr2","89627927","89628223","chr7","87849905","87850200","36","1778022"
"chr2","89633171","89633481","chr11","64363135","64363445","42","25270036"
"chr2","89639246","89639531","chr10","113826954","113827238","43","24187708"
"chr2","89642904","89643208","chr12","87290615","87290915","41","2352289"
"chr2","89759767","89760058","chrX","140283493","140283788","44","50523726"
"chr2","89931085","89931396","chr18","9863619","9863928","49","80067466"
"chr2","90051786","90052075","chr15","68809459","68809748","45","21242327"
"chr2","90060560","90060856","chr14","18592946","18593240","43","71467614"
"chr2","90088746","90089039","chr5","52498828","52499124","44","37589918"
"chr2","90111869","90112186","chr6","149473495","149473819","63","59361626"
"chr2","90169566","90169799","chr1","138016648","138016875","47","47847082"
"chr2","90193083","90193384","chr2","18780256","18780558","48","71412827"
"chr2","90229673","90229983","chr9","93766565","93766871","45","3536892"
"chr2","90252775","90252893","chr5","124538732","124538850","18","34285957"
"chr2","90281059","90281353","chr7","6894852","6895150","36","83386207"
"chr2","90303067","90303365","chr15","49359997","49360293","46","40943070"
"chr2","90308650","90308940","chr4","156698023","156698319","37","66389373"
"chr2","91493693","91493997","chr7","78772892","78773196","47","12720801"
"chr2","91535352","91535646","chrX","11175322","11175616","37","80360030"
"chr2","91563827","91563945","chr5","124538732","124538850","19","32974905"
"chr2","91586212","91586487","chr8","32478813","32479091","38","59107399"
"chr2","91611005","91611303","chr9","35074414","35074712","42","56536591"
"chr2","91643563","91643836","chr17","6210689","6210957","53","85432874"
"chr2","91645354","91645633","chr4","34345753","34346033","48","57299601"
"chr2","91646829","91647095","chr8","94413779","94414062","49","2766950"
"chr2","91694892","91695192","chr7","77478031","77478330","38","14216861"
"chr2","91702147","91702442","chr7","87849905","87850200","35","3852242"
"chr2","91707396","91707700","chr5","124338115","124338421","43","32630719"
"chr2","91713406","91713722","chr21","40584762","40585072","48","51128644"
"chr2","91717095","91717397","chr1","183989658","183989958","42","92272563"
"chr2","91826802","91827104","chr6","17068239","17068542","40","74758563"
"chr2","91847903","91848194","chrX","140283493","140283788","44","48435590"
"chr2","91865683","91865959","chr3","90762246","90762527","40","1103437"
"chr2","91886659","91886965","chr9","18581186","18581488","40","73305473"
"chr2","91887893","91888178","chr12","11789686","11789970","45","80098207"
"chr2","91893803","91894100","chr3","90734199","90734483","45","1159604"
"chr2","91915820","91915975","chr14","10607269","10607419","23","81308551"
"chr2","91972927","91973187","chr14","35840827","35841082","37","56132100"
"chr2","91976590","91976899","chr22","33981676","33981980","47","57994914"
"chr2","91985323","91985441","chr5","124538732","124538850","19","32553409"
"chr2","92025660","92025962","chr6","17068239","17068542","40","74957421"
"chr2","94216129","94216247","chr5","124538732","124538850","19","30322603"
"chr2","94256208","94256513","chr3","106655459","106655766","40","12399251"
"chr2","94578861","94579137","chr3","6494628","6494898","54","88084233"
"chr2","94597607","94597904","chr4","149140126","149140427","52","54542519"
"chr2","94599867","94600169","chr2","8618681","8618990","44","85981186"
"chr2","94824453","94824754","chr1","138049116","138049416","50","43224663"
"chr2","94856256","94856533","chrUn_GL286475","51096","51366","44","94805160"
"chr2","94911622","94911918","chr5","5052462","5052757","42","89859160"
"chr2","94918594","94918902","chr6","7892688","7892995","41","87025906"
"chr2","94928481","94928774","chr5","108656413","108656709","42","13727932"
"chr2","94933635","94933826","chr3","41219021","41219208","40","53714614"
"chr2","95016075","95016374","chr3","106655459","106655766","44","11639384"
"chr2","95116751","95116850","chr14","171426","171525","13","94945325"
"chr2","95116851","95117165","chr1","168595556","168595859","44","73478705"
"chr2","95124877","95125178","chr14","180717","181008","39","94944160"
"chr2","95127965","95128110","chr22","14923891","14924028","29","80204074"
"chr2","95128409","95128576","chr4","34157283","34157451","27","60971126"
"chr2","95140339","95140619","chr10","8026640","8026929","45","87113699"
"chr2","95160717","95161028","chr9","11967801","11968108","41","83192916"
"chr2","95172639","95172936","chr10","14603732","14604030","31","80568907"
"chr2","95188876","95189168","chr15","6320517","6320802","46","88868359"
"chr2","95204879","95205202","chr7","148985140","148985448","49","53780261"
"chr2","95233841","95233978","chr2","14076481","14076618","19","81157360"
"chr2","95265867","95266158","chr3","165907890","165908183","43","70642023"
"chr2","95339298","95339596","chr14","398556","398851","42","94940742"
"chr2","95367004","95367302","chr11","120918162","120918450","51","25551158"
"chr2","95370760","95371068","chr5","110862498","110862806","43","15491738"
"chr2","95445050","95445313","chrX","39387728","39387995","47","56057322"
"chr2","95447198","95447511","chr3","80802077","80802383","51","14645121"
"chr2","95472528","95472822","chr10","14603732","14604030","42","80868796"
"chr2","95508877","95509170","chr11","5165076","5165366","60","90343801"
"chr2","95524388","95524669","chr12","48605950","48606233","51","46918438"
"chr2","95549162","95549442","chrX","105924911","105925188","50","10375749"
"chr2","95554330","95554637","chr9","11967801","11968108","59","83586529"
"chr2","95589779","95589898","chr1","200913072","200913183","29","105323293"
"chr2","95603914","95604208","chr10","14603732","14604030","42","81000182"
"chr2","95629225","95629538","chr3","80802077","80802383","51","14827148"
"chr2","95631423","95631686","chrX","39387728","39387995","47","56243695"
"chr2","95836380","95836691","chr1","82669756","82670065","47","13166624"
"chr2","95849056","95849357","chr14","14841776","14842069","41","81007280"
"chr2","95950991","95951301","chr3","106655459","106655766","51","10704468"
"chr2","95957034","95957272","chr11","115251333","115251572","43","19294299"
"chr2","96125661","96125846","chr14","585641","585826","30","95540020"
"chr2","96127568","96127874","chr20","23337174","23337477","50","72790394"
"chr2","96128796","96129063","chr7","70496336","70496606","44","25632460"
"chr2","96140125","96140375","chr5","92058937","92059185","27","4081188"
"chr2","96160229","96160543","chr20","35366546","35366853","46","60793683"
"chr2","96165949","96166255","chr10","103819594","103819898","45","7653645"
"chr2","96171116","96171249","chr7","80185646","80185776","12","15985470"
"chr2","96171559","96171638","chr16","336141","336234","23","95835418"
"chr2","96171770","96172042","chr14","640147","640419","47","95531623"
"chr2","96176376","96176667","chr5","94234310","94234606","43","1942066"
"chr2","96181189","96181486","chr9","115637925","115638221","39","19456736"
"chr2","96183903","96184195","chr6","109618442","109618737","39","13434539"
"chr2","96187993","96188266","chr10","101732804","101733077","43","5544811"
"chr2","96189423","96189724","chr6","17068239","17068542","38","79121184"
"chr2","96190336","96190636","chr4","36522598","36522895","36","59667738"
"chr2","96203682","96203976","chr2","8610763","8611056","54","87592919"
"chr2","96203999","96204270","chr14","679640","679908","47","95524359"
"chr2","96213051","96213350","chr1","193596336","193596626","51","97383285"
"chr2","96228188","96228516","chr12","73931370","73931698","49","22296818"
"chr2","96243582","96243888","chr22","15341421","15341725","43","80902161"
"chr2","96243913","96244170","chr12","23768258","23768513","51","72475655"
"chr2","96270527","96270831","chr6","43666330","43666629","36","52604197"
"chr2","96309367","96309484","chr7","63276482","63276598","12","33032885"
"chr2","96309785","96309964","chr6","59361717","59361896","32","36948068"
"chr2","96314665","96314972","chr2","31372053","31372354","37","64942612"
"chr2","96318639","96318896","chr9","44710490","44710745","52","51608149"
"chr2","96323453","96323722","chr11","5536576","5536850","51","90786877"
"chr2","96330866","96331177","chr3","106655459","106655766","43","10324593"
"chr2","96343701","96344001","chr2","137923952","137924247","50","41580251"
"chr2","96348665","96348948","chr2","2077674","2077964","48","94270991"
"chr2","96349378","96349668","chr11","95879404","95879701","43","469974"
"chr2","96351391","96351695","chr13","18393383","18393690","47","77958008"
"chr2","96385338","96385641","chr11","44157181","44157481","39","52228157"
"chr2","96388197","96388496","chr6","17068239","17068542","36","79319958"
"chr2","96398465","96398762","chr9","45396887","45397186","44","51001578"
"chr2","96411939","96412255","chr2","62710925","62711236","61","33701014"
"chr2","96412502","96412747","chrX","35455339","35455585","47","60957163"
"chr2","96424293","96424564","chr14","997205","997458","48","95427088"
"chr2","96432872","96433179","chr6","17068239","17068542","54","79364633"
"chr2","96481677","96481985","chr11","95575711","95576022","43","905966"
"chr2","96520034","96520339","chr9","111187673","111187975","42","14667639"
"chr2","96523236","96523561","chr9","100258454","100258773","54","3735218"
"chr2","96540740","96541044","chr12","87913370","87913678","41","8627370"
"chr2","96548270","96548568","chr14","83739394","83739686","34","12808876"
"chr2","96570739","96571058","chr17","54870851","54871173","53","41699888"
"chr2","96582109","96582417","chr3","152088422","152088724","50","55506313"
"chr2","96598628","96598935","chrX","47176701","47177007","40","49421927"
"chr2","96614096","96614392","chr2","59206808","59207104","43","37407288"
"chr2","96614490","96614799","chr7","66105076","66105385","48","30509414"
"chr2","96627218","96627514","chr2","151564441","151564740","39","54937223"
"chr2","96633012","96633265","chr14","1205545","1205819","57","95427467"
"chr2","96663761","96663994","chr16","7003321","7003553","41","89660440"
"chr2","96670496","96670811","chr22","33981676","33981980","44","62688820"
"chr2","96670824","96671132","chr13","31331915","31332215","41","65338909"
"chr2","96678106","96678430","chr14","1257960","1258278","49","95420146"
"chr2","96696619","96696920","chr4","78780467","78780761","51","17916152"
"chr2","96726798","96727105","chr5","35786992","35787293","44","60939806"
"chr2","96728561","96728890","chr16","46709587","46709924","64","50018974"
"chr2","96731890","96732152","chr21","35780861","35781111","48","60951029"
"chr2","96751618","96751931","chr10","126267790","126268094","47","29516172"
"chr2","96766085","96766374","chr2","63953345","63953627","48","32812740"
"chr2","96779284","96779530","chr22","29504549","29504794","44","67274735"
"chr2","96787917","96788222","chr6","17068239","17068542","41","79719678"
"chr2","96790698","96790838","chr2","2261829","2261964","22","94528869"
"chr2","96791152","96791203","chr6","47396553","47396594","15","49394599"
"chr2","96793682","96793983","chr8","5171533","5171821","57","91622149"
"chr2","96849368","96849678","chr1","168595556","168595859","35","71746188"
"chr2","96862454","96862578","chr5","83515150","83515276","17","13347304"
"chr2","96905276","96905586","chr1","137129532","137129843","38","40224256"
"chr2","96910798","96911067","chr10","8736436","8736699","39","88174362"
"chr2","96915113","96915417","chrX","122357604","122357911","40","25442491"
"chr2","96938922","96939214","chrX","50876841","50877130","34","46062081"
"chr2","96958406","96958723","chr14","1551448","1551745","57","95406958"
"chr2","96964992","96965308","chr12","18869077","18869383","51","78095915"
"chr2","96972825","96972966","chr1","156273170","156273314","22","59300345"
"chr2","96973237","96973252","chr20","254300","254321","12","96718937"
"chr2","96974808","96975121","chr5","62823651","62823960","43","34151157"
"chr2","96979278","96979497","chr5","65029787","65030007","44","31949491"
"chr2","96980073","96980375","chr11","20513555","20513852","38","76466518"
"chr2","97021293","97021591","chr4","21748719","21749015","44","75272574"
"chr2","97035809","97035919","chr22","2951468","2951578","31","94084341"
"chr2","97047745","97048035","chr15","41758838","41759130","45","55288907"
"chr2","97146028","97146266","chr11","115251333","115251572","46","18105305"
"chr2","97151986","97152292","chr3","152941248","152941549","50","55789262"
"chr2","97251983","97252284","chr14","14841776","14842069","39","82410207"
"chr2","97334526","97334816","chr15","41758838","41759130","42","55575688"
"chr2","97373690","97373980","chr15","41758838","41759130","42","55614852"
"chr2","97504925","97505226","chr14","14841776","14842069","39","82663149"
"chr2","97641886","97642165","chrX","105924911","105925188","45","8283025"
"chr2","97652719","97653026","chr3","148547373","148547675","46","50894654"
"chr2","97668651","97668953","chr17","69075766","69076065","43","28592885"
"chr2","97680018","97680322","chr22","33981676","33981980","38","63698342"
"chr2","97686753","97686994","chr14","1625927","1626143","48","96060826"
"chr2","97778282","97778565","chr2","10593959","10594242","36","87184323"
"chr2","97806256","97806561","chrX","109030128","109030429","41","11223872"
"chr2","97831665","97831967","chr9","91776812","91777118","46","6054853"
"chr2","97915948","97916215","chr5","133080815","133081081","38","35164867"
"chr2","97923008","97923305","chr22","28997304","28997607","47","68925704"
"chr2","97971929","97972172","chrX","39927801","39928045","37","58044128"
"chr2","98161730","98162008","chrX","103099580","103099851","43","4937850"
"chr2","98182638","98182928","chr21","40446927","40447225","41","57735711"
"chr2","98291962","98292246","chr2","7736700","7736996","48","90555262"
"chr2","98324169","98324462","chr5","127746291","127746583","47","29422122"
"chr2","98364096","98364379","chr14","17763170","17763450","35","80600926"
"chr2","98365169","98365326","chr6","45375084","45375248","28","52990085"
"chr2","98390135","98390448","chr5","45348829","45349134","51","53041306"
"chr2","98392278","98392588","chr18","39712282","39712591","43","58679996"
"chr2","98415843","98416131","chrX","45666740","45667025","46","52749103"
"chr2","98427101","98427407","chr7","106080561","106080866","48","7653460"
"chr2","98440822","98441107","chr2","63953345","63953627","53","34487477"
"chr2","98448074","98448374","chr6","17068239","17068542","42","81379835"
"chr2","98466034","98466345","chr1","55290903","55291212","41","43175131"
"chr2","98501026","98501343","chr13","31353815","31354127","54","67147211"
"chr2","98627375","98627673","chr13","35663090","35663393","40","62964285"
"chr2","98648217","98648514","chr1","15931085","15931383","41","82717132"
"chr2","98663926","98664230","chr10","126696429","126696740","51","28032503"
"chr2","98677457","98677752","chr1","186704593","186704886","48","88027136"
"chr2","98686530","98686809","chr14","2851929","2852190","47","95834601"
"chr2","98698127","98698427","chr10","20827679","20827973","49","77870448"
"chr2","98710469","98710759","chr14","2876513","2876815","50","95833956"
"chr2","98714093","98714386","chr10","14603732","14604030","36","84110361"
"chr2","98765436","98765716","chr1","189468811","189469090","45","90703375"
"chr2","98811978","98812273","chr16","67026794","67027092","38","31785184"
"chr2","98820248","98820563","chr3","106655459","106655766","43","7835211"
"chr2","98861073","98861368","chr3","139623739","139624033","41","40762666"
"chr2","98872086","98872371","chr11","123371423","123371718","39","24499337"
"chr2","98927899","98928210","chr10","90431710","90432016","49","8496189"
"chr2","99011168","99011431","chrX","107074395","107074658","38","8063227"
"chr2","99013734","99013870","chr13","11692454","11692589","16","87321280"
"chr2","99014185","99014341","chr5","61032033","61032189","27","37982152"
"chr2","99030065","99030354","chr2","171562611","171562903","36","72532546"
"chr2","99067571","99067857","chr6","130012300","130012585","39","30944729"
"chr2","99177674","99177801","chr6","49139510","49139640","12","50038164"
"chr2","99206615","99206914","chr15","27004995","27005293","42","72201620"
"chr2","99207234","99207548","chr1","82669756","82670065","49","16537478"
"chr2","99221933","99222221","chr4","16350054","16350344","39","82871879"
"chr2","99292986","99293291","chr22","33981676","33981980","32","65311310"
"chr2","99302738","99303033","chr10","29910934","29911230","40","69391804"
"chr2","99312247","99312522","chr2","202808307","202808577","47","103496060"
"chr2","99317902","99318189","chrX","17543907","17544194","42","81773995"
"chr2","99323125","99323420","chr4","25899642","25899937","41","73423483"
"chr2","99332161","99332460","chr1","13954469","13954768","48","85377692"
"chr2","99334069","99334373","chr14","3496016","3496314","49","95838053"
"chr2","99340773","99341063","chr6","119365724","119366021","47","20024951"
"chr2","99344443","99344736","chr20","27822433","27822727","43","71522010"
"chr2","99386907","99387207","chr13","57414367","57414663","46","41972540"
"chr2","99409562","99409850","chr5","130983695","130983982","50","31574133"
"chr2","99410022","99410310","chr6","147894727","147895020","37","48484705"
"chr2","99473084","99473409","chr18","9863619","9863928","56","89609465"
"chr2","99532010","99532243","chr22","31518540","31518771","31","68013470"
"chr2","99534309","99534618","chr7","148985140","148985448","37","49450831"
"chr2","99552104","99552402","chr5","94234310","94234606","47","5317794"
"chr2","99559980","99560161","chrX","46397833","46398015","23","53162147"
"chr2","99566960","99567279","chr11","20789638","20789959","45","78777322"
"chr2","99584186","99584494","chr22","40503125","40503432","47","59081061"
"chr2","99611611","99611899","chrUn_GL286373","774155","774446","39","98837456"
"chr2","99628546","99628723","chr3","53757892","53758068","31","45870654"
"chr2","99629022","99629155","chr22","17035586","17035722","12","82593436"
"chr2","99639674","99639982","chr22","40339324","40339631","58","59300350"
"chr2","99651447","99651741","chr10","16033492","16033786","36","83617955"
"chr2","99702343","99702638","chr10","22559240","22559536","37","77143103"
"chr2","99710254","99710546","chr5","122488770","122489064","53","22778516"
"chr2","99730959","99731257","chr15","6325635","6325929","45","93405324"
"chr2","99736609","99736909","chr16","27361913","27362210","32","72374696"
"chr2","99751093","99751392","chr11","64234338","64234642","44","35516755"
"chr2","99785748","99786016","chr14","3949671","3949943","35","95836077"
"chr2","99820871","99821172","chr3","94762904","94763199","42","5057967"
"chr2","99884408","99884703","chr9","56179876","56180166","41","43704532"
"chr2","99958210","99958500","chr7","38103035","38103332","44","61855175"
"chr2","99991621","99991927","chr8","108764374","108764677","40","8772753"
"chr2","100131445","100131742","chr14","76706016","76706302","43","23425429"
"chr2","100145437","100145758","chr6","17068239","17068542","61","83077198"
"chr2","100177623","100177910","chr13","31945061","31945345","41","68232562"
"chr2","100181372","100181671","chr1","65612520","65612822","52","34568852"
"chr2","100191186","100191455","chr14","4290781","4291060","39","95900405"
"chr2","100203302","100203616","chr4","147737896","147738205","41","47534594"
"chr2","100216963","100217102","chr14","4374667","4374807","16","95842296"
"chr2","100243807","100243906","chr1","118887978","118888077","15","18644171"
"chr2","100251616","100251921","chr22","28997304","28997607","46","71254312"
"chr2","100259492","100259794","chr1","184817871","184818171","39","84558379"
"chr2","100305901","100306213","chr8","95262887","95263193","50","5043014"
"chr2","100313214","100313517","chrX","93623389","93623691","42","6689825"
"chr2","100335349","100335606","chr5","124044504","124044756","51","23709155"
"chr2","100357844","100358153","chr12","31281547","31281855","45","69076297"
"chr2","100376640","100376949","chr6","17068239","17068542","41","83308401"
"chr2","100394724","100395018","chr2","9886138","9886441","53","90508586"
"chr2","100411110","100411411","chr3","106655459","106655766","40","6244349"
"chr2","100419416","100419699","chr1","13291000","13291286","35","87128416"
"chr2","100473900","100474184","chr8","55453585","55453879","48","45020315"
"chr2","100475718","100476026","chr3","106655459","106655766","40","6179741"
"chr2","100491948","100492244","chr10","16033492","16033786","36","84458456"
"chr2","100496221","100496518","chr7","103328929","103329224","39","2832708"
"chr2","100511523","100511839","chr10","126696429","126696740","48","26184906"
"chr2","100518474","100518759","chr1","152654405","152654688","40","52135931"
"chr2","100519276","100519579","chr11","95741675","95741975","41","4777601"
"chr2","100547653","100547957","chr2","8426666","8426970","41","92120987"
"chr2","100556049","100556342","chr2","168879156","168879455","42","68323107"
"chr2","100567817","100568114","chr1","168595556","168595859","42","68027739"
"chr2","100569109","100569367","chr1","191798093","191798360","56","91228984"
"chr2","100574008","100574307","chr5","94234310","94234606","47","6339698"
"chr2","100577085","100577386","chr5","94234310","94234606","48","6342775"
"chr2","100583205","100583500","chr1","15931085","15931383","36","84652120"
"chr2","100588765","100589069","chr3","106655459","106655766","46","6066694"
"chr2","100592712","100592993","chr3","111736801","111737080","37","11144089"
"chr2","100597092","100597378","chr3","82362235","82362515","49","18234857"
"chr2","100616246","100616535","chr19","25530991","25531280","47","75085255"
"chr2","100632646","100632960","chr5","47854845","47855147","53","52777801"
"chr2","100634114","100634377","chr4","59536881","59537146","44","41097233"
"chr2","100667200","100667496","chr1","160343198","160343494","45","59675998"
"chr2","100672731","100673006","chrX","17243808","17244094","39","83428923"
"chr2","100681041","100681344","chr1","27883875","27884177","39","72797166"
"chr2","100697021","100697325","chr1","168595556","168595859","36","67898535"
"chr2","100783282","100783416","chr1","77139156","77139289","11","23644126"
"chr2","100808962","100809262","chr20","28691192","28691484","38","72117770"
"chr2","100834680","100835014","chrX","122250423","122250744","48","21415743"
"chr2","100858985","100859270","chr10","8026640","8026929","45","92832345"
"chr2","100868934","100869235","chr8","97562919","97563211","47","3306015"
"chr2","100873021","100873271","chr14","21170276","21170525","34","79702745"
"chr2","100878837","100879135","chrX","98649902","98650213","41","2228935"
"chr2","100892709","100893017","chr9","8886595","8886904","47","92006114"
"chr2","100911638","100911930","chr10","44926163","44926456","40","55985475"
"chr2","100936699","100937001","chr5","2298333","2298635","36","98638366"
"chr2","100963382","100963715","chr3","21104959","21105285","67","79858423"
"chr2","100966586","100966895","chr8","108764374","108764677","42","7797788"
"chr2","100986933","100987234","chr11","111117466","111117768","42","10130533"
"chr2","101025213","101025516","chr11","95741675","95741975","53","5283538"
"chr2","101089067","101089200","chr3","188392902","188393030","24","87303835"
"chr2","101182106","101182351","chr7","54130077","54130316","44","47052029"
"chr2","101203736","101204043","chr22","33981676","33981980","45","67222060"
"chr2","101215694","101215990","chr13","28306155","28306450","38","72909539"
"chr2","101222436","101222744","chr22","28997304","28997607","41","72225132"
"chr2","101222980","101223289","chr2","39017158","39017460","41","62205822"
"chr2","101250621","101250907","chr3","45658377","45658667","43","55592244"
"chr2","101255856","101256150","chrUn_GL286451","157235","157528","39","101098621"
"chr2","101258112","101258395","chr9","39187219","39187498","40","62070893"
"chr2","101262940","101263229","chr5","64150454","64150751","45","37112486"
"chr2","101267117","101267416","chr4","139472435","139472735","45","38205318"
"chr2","101284298","101284586","chr13","12656936","12657224","40","88627362"
"chr2","101298873","101299171","chr2","55079404","55079690","51","46219469"
"chr2","101314799","101315089","chr22","30202132","30202421","41","71112667"
"chr2","101323877","101324197","chr2","48004660","48004970","56","53319217"
"chr2","101324495","101324776","chr16","61819076","61819365","42","39505419"
"chr2","101336840","101337143","chr6","17068239","17068542","29","84268601"
"chr2","101358016","101358291","chr11","23439208","23439487","39","77918808"
"chr2","101374129","101374395","chr7","28543437","28543698","44","72830692"
"chr2","101385190","101385480","chr14","5772309","5772595","36","95612881"
"chr2","101407411","101407711","chr5","47854845","47855147","37","53552566"
"chr2","101414266","101414574","chr21","32927506","32927821","56","68486760"
"chr2","101452680","101452824","chr2","73103462","73103594","27","28349218"
"chr2","101453127","101453306","chr3","85010536","85010708","29","16442591"
"chr2","101472736","101473045","chr22","11507473","11507778","46","89965263"
"chr2","101488012","101488306","chr7","130193146","130193436","39","28705134"
"chr2","101496903","101497200","chr5","94234310","94234606","37","7262593"
"chr2","101498899","101499202","chr2","9886138","9886441","40","91612761"
"chr2","101531881","101532176","chr15","49359997","49360293","39","52171884"
"chr2","101559931","101560230","chr20","23248359","23248652","47","78311572"
"chr2","101590711","101591005","chr14","68920725","68921017","38","32669986"
"chr2","101625998","101626291","chr12","2923234","2923528","33","98702764"
"chr2","101626888","101627174","chr8","12403455","12403734","37","89223433"
"chr2","101631166","101631460","chr4","156698023","156698319","35","55066857"
"chr2","101636091","101636216","chr13","87622776","87622902","16","14013315"
"chr2","101636266","101636437","chr4","34157283","34157451","23","67478983"
"chr2","101649833","101650145","chr9","11967801","11968108","42","89682032"
"chr2","101651594","101651905","chr12","101994317","101994631","49","342723"
"chr2","101654448","101654745","chr22","24673181","24673472","45","76981267"
"chr2","101663342","101663671","chr14","85439538","85439863","45","16223804"
"chr2","101678903","101679207","chr2","9886138","9886441","45","91792765"
"chr2","101681764","101682061","chr5","110918761","110919060","37","9236997"
"chr2","101701864","101702164","chr7","79564408","79564709","49","22137456"
"chr2","101711330","101711554","chr7","49908001","49908221","31","51803329"
"chr2","101713314","101713612","chr4","43547554","43547852","44","58165760"
"chr2","101713614","101713903","chr10","16033492","16033786","40","85680122"
"chr2","101728516","101728817","chr16","33828417","33828713","46","67900099"
"chr2","101757738","101758042","chr5","42661443","42661746","49","59096295"
"chr2","101761548","101761855","chr5","79630195","79630500","47","22131353"
"chr2","102040268","102040578","chr9","108878803","108879104","54","6838535"
"chr2","102156518","102156812","chr10","16033492","16033786","39","86123026"
"chr2","102183590","102183752","chr7","62782353","62782491","46","39401237"
"chr2","102234512","102234797","chr5","45608098","45608388","47","56626414"
"chr2","102381991","102382276","chrX","107798255","107798539","37","5416264"
"chr2","102410357","102410650","chr7","63062538","63062830","34","39347819"
"chr2","102447729","102448033","chr11","121808191","121808491","41","19360462"
"chr2","102535699","102535963","chr1","135413527","135413787","39","32877828"
"chr2","102576592","102576882","chrX","8916050","8916338","41","93660542"
"chr2","102596257","102596549","chr10","16033492","16033786","42","86562765"
"chr2","102659137","102659467","chr11","31303982","31304298","60","71355155"
"chr2","102663994","102664291","chr15","36978909","36979200","45","65685085"
"chr2","102667788","102668098","chr2","94274126","94274432","48","8393662"
"chr2","102693985","102694108","chr7","4346388","4346511","19","98347597"
"chr2","102768406","102768708","chr14","7334087","7334378","52","95434319"
"chr2","102790945","102791235","chr4","89994430","89994716","38","12796515"
"chr2","102798558","102798850","chr10","16033492","16033786","37","86765066"
"chr2","102887090","102887391","chr5","47854845","47855147","48","55032245"
"chr2","103020983","103021276","chr14","69766565","69766870","48","33254418"
"chr2","103099036","103099341","chr14","7655374","7655690","46","95443662"
"chr2","103131462","103131761","chr1","26088103","26088403","58","77043359"
"chr2","103157797","103158042","chr13","46573564","46573813","39","56584233"
"chr2","103258918","103259163","chr4","33035535","33035778","44","70223383"
"chr2","103331081","103331381","chr3","110911403","110911704","46","7580322"
"chr2","103343075","103343308","chr14","7894833","7895062","35","95448242"
"chr2","103666617","103666908","chr5","26961498","26961795","45","76705119"
"chr2","103757772","103758044","chr10","101732804","101733077","41","2024968"
"chr2","103799611","103799898","chrX","17243808","17244094","44","86555803"
"chr2","103805378","103805670","chr1","148395182","148395475","36","44589804"
"chr2","103858576","103858886","chr22","33981676","33981980","41","69876900"
"chr2","103889532","103889829","chr9","45396887","45397186","51","58492645"
"chr2","103901415","103901711","chr2","3731580","3731878","52","100169835"
"chr2","103971077","103971368","chr2","10898234","10898528","41","93072843"
"chr2","103995700","103995988","chr20","7774398","7774666","62","96221302"
"chr2","104018482","104018507","chr10","17789322","17789342","6","86229160"
"chr2","104018541","104018817","chr14","14312241","14312515","48","89706300"
"chr2","104058982","104059262","chr2","80644634","80644911","41","23414348"
"chr2","104217504","104217817","chr2","48786213","48786524","50","55431291"
"chr2","104309258","104309578","chr3","106655459","106655766","54","2346201"
"chr2","104464719","104465020","chr22","41060009","41060309","45","63404710"
"chr2","104708420","104708738","chr3","41475193","41475492","53","63233227"
"chr2","104759238","104759539","chr7","6894852","6895150","38","97864386"
"chr2","104776354","104776650","chr10","22559240","22559536","33","82217114"
"chr2","104785614","104785938","chr13","88836338","88836664","50","15949276"
"chr2","104803313","104803601","chr14","9440598","9440886","40","95362715"
"chr2","104928964","104929250","chrUn_GL286373","1201424","1201701","51","103727540"
"chr2","104999310","104999615","chr2","186851454","186851757","44","81852144"
"chr2","105045861","105046163","chr1","54676551","54676852","45","50369310"
"chr2","105060281","105060580","chr5","81634009","81634310","44","23426272"
"chr2","105101468","105101765","chr1","185103319","185103618","39","80001851"
"chr2","105152989","105153284","chr14","9812814","9813112","38","95340175"
"chr2","105205488","105205785","chr9","115637925","115638221","42","10432437"
"chr2","105260127","105260426","chr5","10038314","10038610","40","95221813"
"chr2","105261471","105261757","chr5","130983695","130983982","37","25722224"
"chr2","105290060","105290366","chr1","202849760","202850061","51","97559700"
"chr2","105301303","105301601","chr14","9958546","9958839","41","95342757"
"chr2","105306516","105306820","chr10","16169668","16169965","41","89136848"
"chr2","105319078","105319361","chr11","14132149","14132431","42","91186929"
"chr2","105332115","105332409","chr3","94762904","94763199","44","10569211"
"chr2","105372756","105372855","chr2","42713147","42713247","14","62659609"
"chr2","105382884","105383185","chr22","28997304","28997607","36","76385580"
"chr2","105411586","105411833","chr16","90142268","90142516","50","15269318"
"chr2","105470679","105470982","chr9","115637925","115638221","51","10167246"
"chr2","105477141","105477437","chr3","94762904","94763199","41","10714237"
"chr2","105478056","105478356","chr14","51932501","51932798","44","53545555"
"chr2","105482814","105483114","chr14","37265042","37265338","39","68217772"
"chr2","105488832","105489108","chr14","18936862","18937136","43","86551970"
"chr2","105534613","105534918","chr5","26961498","26961795","48","78573115"
"chr2","105542703","105542999","chr1","15402428","15402720","38","90140275"
"chr2","105565931","105566215","chr15","48357741","48358034","49","57208190"
"chr2","105605637","105605932","chr15","49359997","49360293","42","56245640"
"chr2","105614726","105615011","chr10","33897363","33897651","42","71717363"
"chr2","105622879","105623179","chr14","10273037","10273330","38","95349842"
"chr2","105649900","105650194","chr7","553532","553822","46","105096368"
"chr2","105654254","105654550","chr9","105379212","105379502","43","275042"
"chr2","105656513","105656823","chrX","15478140","15478450","43","90178373"
"chr2","105695176","105695427","chr9","18913997","18914238","51","86781179"
"chr2","105737157","105737444","chr5","125119841","125120127","36","19382684"
"chr2","105737877","105738180","chr2","171330283","171330586","46","65592406"
"chr2","105774012","105774308","chr5","23380593","23380893","36","82393419"
"chr2","105779025","105779327","chr1","202849760","202850061","37","97070735"
"chr2","105861506","105861814","chr20","23337174","23337477","37","82524332"
"chr2","105871491","105871794","chr12","110699815","110700119","36","4828324"
"chr2","105908261","105908483","chr22","4284952","4285161","40","101623309"
"chr2","105945060","105945350","chr4","16350054","16350344","43","89595006"
"chr2","105995697","105995989","chr14","10660003","10660304","41","95335694"
"chr2","106050571","106050855","chr9","88554993","88555285","45","17495578"
"chr2","106050942","106050955","chr5","92524075","92524085","3","13526867"
"chr2","106063589","106063871","chr5","65031296","65031585","34","41032293"
"chr2","106141866","106142171","chr9","11967801","11968108","51","94174065"
"chr2","106146502","106146799","chr4","158766463","158766761","44","52619961"
"chr2","106261205","106261498","chr14","63994771","63995061","42","42266434"
"chr2","106262978","106263306","chr3","21104959","21105285","48","85158019"
"chr2","106303729","106303984","chr16","88125752","88126009","40","18177977"
"chr2","106310093","106310398","chr3","106655459","106655766","36","345366"
"chr2","106347077","106347382","chr5","99799393","99799697","39","6547684"
"chr2","106372629","106372916","chr5","92860881","92861172","42","13511748"
"chr2","106373463","106373755","chrX","45981223","45981523","48","60392240"
"chr2","106422365","106422681","chr9","103532999","103533309","51","2889366"
"chr2","106441572","106441893","chr11","20789638","20789959","55","85651934"
"chr2","106488986","106489302","chr2","63925527","63925835","51","42563459"
"chr2","106491539","106491848","chr3","152941248","152941549","41","46449709"
"chr2","106520610","106520890","chr12","26112515","26112796","46","80408095"
"chr2","106534826","106535121","chr14","11038018","11038318","36","95496808"
"chr2","106549261","106549558","chr1","186704593","186704886","36","80155332"
"chr2","106657559","106657865","chr1","27883875","27884177","50","78773684"
"chr2","106690280","106690602","chrX","15630442","15630752","53","91059838"
"chr2","106776348","106776658","chr6","17068239","17068542","42","89708109"
"chr2","106838754","106839067","chr13","18393383","18393690","46","88445371"
"chr2","106892338","106892650","chr4","167498559","167498869","41","60606221"
"chr2","106958666","106958970","chr21","40584762","40585072","42","66373904"
"chr2","107076398","107076665","chr2","72669615","72669889","48","34406783"
"chr2","107104592","107104882","chr5","52417407","52417703","46","54687185"
"chr2","107126424","107126729","chr10","46916961","46917259","46","60209463"
"chr2","107198458","107198767","chr21","40584762","40585072","41","66613696"
"chr2","107217269","107217575","chr6","58786522","58786831","47","48430747"
"chr2","107353168","107353299","chr18","10316777","10316905","20","97036391"
"chr2","107363290","107363580","chr14","12056873","12057154","49","95306417"
"chr2","107366396","107366692","chr2","8798514","8798801","34","98567882"
"chr2","107428422","107428713","chr5","10038314","10038610","45","97390108"
"chr2","107451010","107451332","chr18","39712282","39712591","52","67738728"
"chr2","107543641","107543805","chr1","155642288","155642436","41","48098647"
"chr2","107797773","107798051","chr3","148459885","148460174","47","40662112"
"chr2","107835072","107835370","chr5","124338115","124338421","47","16503043"
"chr2","107854055","107854364","chr22","29825053","29825352","52","78029002"
"chr2","107873291","107873600","chr9","103532999","103533309","50","4340292"
"chr2","107983770","107984053","chr4","34845790","34846071","38","73137980"
"chr2","108282865","108283153","chr10","57128748","57129033","44","51154117"
"chr2","108350390","108350499","chr14","13111270","13111378","22","95239120"
"chr2","108350803","108350937","chr1","172218988","172219121","14","63868185"
"chr2","108382623","108382931","chr11","63112901","63113208","46","45269722"
"chr2","108408124","108408409","chr20","27529242","27529530","42","80878882"
"chr2","108421174","108421481","chr10","96502122","96502427","55","11919052"
"chr2","108446393","108446703","chr4","25226432","25226741","40","83219961"
"chr2","108453503","108453811","chr6","17068239","17068542","44","91385264"
"chr2","108483249","108483524","chrUn_GL286409","1285513","1285786","46","107197736"
"chr2","108567558","108567871","chr21","40584762","40585072","44","67982796"
"chr2","108570149","108570440","chr1","100819915","100820205","39","7750234"
"chr2","108582487","108582790","chr5","63326522","63326817","52","45255965"
"chr2","108584870","108585171","chr12","87290615","87290915","47","21294255"
"chr2","108603499","108603740","chr10","89460073","89460321","60","19143426"
"chr2","108624475","108624776","chr10","14603732","14604030","43","94020743"
"chr2","108687468","108687692","chr15","12052046","12052272","35","96635422"
"chr2","108698924","108699227","chr22","31767114","31767422","45","76931810"
"chr2","108702301","108702583","chr19","24203448","24203737","44","84498853"
"chr2","108714155","108714370","chr10","98322525","98322738","32","10391630"
"chr2","108715914","108716227","chr8","32508166","32508475","50","76207748"
"chr2","108746209","108746519","chr7","45987500","45987802","50","62758709"
"chr2","108768751","108769047","chr14","13555315","13555612","46","95213436"
"chr2","108779158","108779464","chr8","12435828","12436131","45","96343330"
"chr2","108829474","108829743","chr7","117400183","117400457","45","8570709"
"chr2","108832032","108832326","chr10","16033492","16033786","38","92798540"
"chr2","108858063","108858369","chrX","97185025","97185330","39","11673038"
"chr2","108871252","108871565","chr5","128237901","128238212","55","19366649"
"chr2","108901823","108901957","chr20","22715714","22715849","17","86186109"
"chr2","108902226","108902403","chr12","24348367","24348543","33","84553859"
"chr2","108914915","108915190","chr2","3174509","3174787","52","105740406"
"chr2","108925622","108925915","chr13","60485549","60485838","48","48440073"
"chr2","108939178","108939425","chr4","168093855","168094095","43","59154677"
"chr2","108990017","108990149","chr1","172218988","172219121","16","63228971"
"chr2","108990468","108990623","chr14","82642548","82642706","38","26347920"
"chr2","108991802","108992090","chr2","39838260","39838551","52","69153542"
"chr2","109015476","109015785","chr1","137129532","137129843","43","28114056"
"chr2","109026962","109027267","chr14","13807048","13807360","44","95219914"
"chr2","109036862","109037176","chr13","59093137","59093444","47","49943725"
"chr2","109052657","109052799","chr2","13170433","13170575","16","95882224"
"chr2","109071392","109071684","chrX","10848381","10848675","35","98223011"
"chr2","109074418","109074702","chr4","108747172","108747456","44","327246"
"chr2","109170348","109170649","chr5","94234310","94234606","44","14936038"
"chr2","109205262","109205547","chr10","85194167","85194458","56","24011095"
"chr2","109221301","109221602","chr22","28997304","28997607","40","80223997"
"chr2","109230294","109230605","chr5","97331411","97331721","54","11898883"
"chr2","109240219","109240502","chr2","63221999","63222273","57","46018220"
"chr2","109253016","109253318","chr3","106655459","106655766","47","2597557"
"chr2","109300200","109300475","chr7","57479178","57479455","51","51821022"
"chr2","109361481","109361743","chr15","17763468","17763735","36","91598013"
"chr2","109364809","109365006","chrX","47514970","47515166","28","61849839"
"chr2","109425886","109426208","chr14","14218793","14219102","47","95207093"
"chr2","109489758","109490037","chr19","16266278","16266559","36","93223480"
"chr2","109524477","109524772","chr3","165648344","165648651","47","56123867"
"chr2","109525144","109525460","chrX","47176701","47177007","46","62348443"
"chr2","109534498","109534784","chr8","12403455","12403734","45","97131043"
"chr2","109550312","109550613","chr7","44446894","44447196","38","65103418"
"chr2","109561869","109561886","chr11","7876116","7876134","11","101685753"
"chr2","109562912","109563211","chr14","14325263","14325561","33","95237649"
"chr2","109598561","109598905","chr16","61277508","61277822","70","48321053"
"chr2","109599176","109599480","chr6","17068239","17068542","37","92530937"
"chr2","109626198","109626496","chr7","49632330","49632627","48","59993868"
"chr2","109657715","109658019","chr7","13017719","13018023","40","96639996"
"chr2","109683952","109684241","chr5","94234310","94234606","39","15449642"
"chr2","109710101","109710395","chr17","72416040","72416336","40","37294061"
"chr2","109723143","109723449","chr14","79148123","79148432","41","30575020"
"chr2","109729365","109729675","chr16","68264055","68264357","47","41465310"
"chr2","109800310","109800603","chr2","59206808","59207104","43","50593502"
"chr2","109819197","109819504","chr10","25293333","25293633","50","84525864"
"chr2","109838405","109838721","chr9","103532999","103533309","52","6305406"
"chr2","109878567","109878872","chr21","32861641","32861942","39","77016926"
"chr2","109925846","109926156","chr22","7873460","7873765","41","102052386"
"chr2","109960283","109960587","chrUn_GL286451","117883","118189","41","109842400"
"chr2","109960981","109961286","chr3","106655459","106655766","36","3305522"
"chr2","110078414","110078716","chr2","138937103","138937408","42","28858689"
"chr2","110200282","110200573","chr10","4794179","4794471","41","105406103"
"chr2","110222825","110223134","chr10","101816662","101816963","48","8406163"
"chr2","110258249","110258553","chrUn_GL286451","117883","118189","41","110140366"
"chr2","110258947","110259249","chr3","106655459","106655766","39","3603488"
"chr2","110292660","110292964","chr2","138937103","138937408","44","28644443"
"chr2","110410202","110410507","chr3","106655459","106655766","36","3754743"
"chr2","110410901","110411205","chrUn_GL286451","117883","118189","41","110293018"
"chr2","110445352","110445662","chr22","7873460","7873765","41","102571892"
"chr2","110492635","110492940","chr21","32861641","32861942","39","77630994"
"chr2","110532786","110533102","chr9","103532999","103533309","52","6999787"
"chr2","110552003","110552310","chr10","25293333","25293633","50","85258670"
"chr2","110671941","110672237","chr11","72106795","72107087","39","38565146"
"chr2","110710380","110710673","chr7","72265176","72265464","58","38445204"
"chr2","110827986","110828271","chr3","80959478","80959762","51","29868508"
"chr2","110878481","110878770","chr4","16350054","16350344","42","94528427"
"chr2","110901750","110902064","chr18","39712282","39712591","56","71189468"
"chr2","110902189","110902515","chr5","94665878","94666188","62","16236311"
"chr2","110944048","110944341","chr1","204428237","204428521","61","93484189"
"chr2","110995218","110995521","chr1","204488347","204488650","37","93493129"
"chr2","111006558","111006857","chr5","26961498","26961795","39","84045060"
"chr2","111009232","111009543","chr8","91012702","91013008","39","19996530"
"chr2","111019854","111020157","chr13","35663090","35663393","45","75356764"
"chr2","111181261","111181526","chr8","73875917","73876184","43","37305344"
"chr2","111227620","111227860","chrX","17616439","17616683","42","93611181"
"chr2","111232607","111232878","chr2","186457218","186457490","45","75224611"
"chr2","111234699","111235009","chr11","20691935","20692246","39","90542764"
"chr2","111301002","111301312","chr13","59093137","59093444","40","52207865"
"chr2","111370713","111370997","chr14","15938274","15938561","36","95432439"
"chr2","111389558","111389862","chr2","8957058","8957360","47","102432500"
"chr2","111531153","111531258","chr6","95261626","95261727","18","16269527"
"chr2","111535948","111536208","chr14","16102074","16102316","45","95433874"
"chr2","111542836","111543146","chr14","16109079","16109377","46","95433757"
"chr2","111568445","111568765","chr3","153217268","153217573","46","41648823"
"chr2","111614654","111614946","chr14","16196987","16197272","41","95417667"
"chr2","111629319","111629614","chr14","16212881","16213172","32","95416438"
"chr2","111658694","111659015","chr13","57673541","57673870","51","53985153"
"chr2","111674367","111674675","chr13","18393383","18393690","40","93280984"
"chr2","111683837","111684144","chr15","5071046","5071351","40","106612791"
"chr2","111707360","111707655","chr4","156698023","156698319","33","44990663"
"chr2","111723263","111723594","chr14","16323556","16323860","66","95399707"
"chr2","111740237","111740533","chr12","100785810","100786105","41","10954427"
"chr2","111757178","111757477","chr22","29825053","29825352","34","81932125"
"chr2","111797038","111797161","chr1","93004408","93004534","17","18792630"
"chr2","111801075","111801383","chr10","6606626","6606934","42","105194449"
"chr2","111832011","111832330","chr18","38793266","38793575","48","73038745"
"chr2","111846561","111846868","chr2","168099119","168099433","46","56252558"
"chr2","111861083","111861369","chr10","100615162","100615453","48","11245921"
"chr2","111861916","111862203","chr1","148395182","148395475","40","36533266"
"chr2","111894996","111895280","chr8","5171533","5171821","44","106723463"
"chr2","111946993","111947272","chr9","1932661","1932946","36","110014332"
"chr2","111970157","111970455","chr5","38614488","38614784","40","73355669"
"chr2","111995668","111995941","chr14","16666281","16666558","39","95329387"
"chr2","112005879","112006181","chr14","16678626","16678927","34","95327253"
"chr2","112020912","112021218","chr19","36143929","36144229","50","75876983"
"chr2","112047087","112047390","chrX","47176701","47177007","35","64870386"
"chr2","112079927","112080228","chr14","83739394","83739686","41","28340533"
"chr2","112088752","112089060","chrX","47176701","47177007","52","64912051"
"chr2","112107079","112107379","chr1","168595556","168595859","42","56488477"
"chr2","112136781","112137065","chr9","112658122","112658404","41","521341"
"chr2","112177881","112178194","chr11","20789638","20789959","55","91388243"
"chr2","112217087","112217388","chr5","15897234","15897535","52","96319853"
"chr2","112225535","112225802","chr5","32832396","32832663","41","79393139"
"chr2","112234519","112234818","chr2","61800729","61801029","36","50433790"
"chr2","112237580","112237866","chr1","15931085","15931383","45","96306495"
"chr2","112239580","112239883","chr1","176637352","176637656","42","64397772"
"chr2","112245372","112245658","chr9","1932661","1932946","38","110312711"
"chr2","112248044","112248344","chr13","43694410","43694711","53","68553634"
"chr2","112263272","112263579","chr3","3458930","3459240","40","108804342"
"chr2","112265370","112265654","chrX","68962815","68963097","44","43302555"
"chr2","112266130","112266431","chr1","184817871","184818171","47","72551741"
"chr2","112285360","112285652","chr14","16971904","16972191","41","95313456"
"chr2","112289045","112289298","chr14","54425434","54425690","43","57863611"
"chr2","112297833","112298119","chr3","80959478","80959762","41","31338355"
"chr2","112308395","112308731","chr15","62836485","62836818","56","49471910"
"chr2","112337624","112337921","chr9","44828899","44829193","48","67508725"
"chr2","112337944","112338249","chr22","32581263","32581567","39","79756681"
"chr2","112387346","112387661","chr9","103532999","103533309","54","8854347"
"chr2","112406576","112406883","chr10","25293333","25293633","50","87113243"
"chr2","112448108","112448421","chr8","91012702","91013008","37","21435406"
"chr2","112462512","112462788","chr14","17134603","17134879","44","95327909"
"chr2","112480052","112480329","chr9","19975512","19975783","44","92504540"
"chr2","112490134","112490442","chr6","17068239","17068542","49","95421895"
"chr2","112514102","112514394","chr5","94234310","94234606","48","18279792"
"chr2","112517244","112517548","chr1","168595556","168595859","40","56078312"
"chr2","112517954","112518278","chr1","21791975","21792268","66","90725979"
"chr2","112544149","112544440","chr21","20422203","20422493","35","92121946"
"chr2","112554133","112554432","chr10","14603732","14604030","38","97950401"
"chr2","112560775","112561075","chr14","2317276","2317568","45","110243499"
"chr2","112566736","112566984","chrX","46306990","46307242","35","66259746"
"chr2","112570051","112570347","chr20","29549977","29550272","36","83020074"
"chr2","112570768","112571079","chr5","94532768","94533076","41","18038000"
"chr2","112576775","112576860","chr5","3427203","3427289","10","109149572"
"chr2","112578926","112579238","chr22","12054741","12055050","42","100524185"
"chr2","112594610","112594915","chrX","11334803","11335107","55","101259807"
"chr2","112595193","112595506","chr1","179618418","179618722","53","67023225"
"chr2","112596771","112597052","chr10","101732804","101733077","38","10863967"
"chr2","112615703","112616001","chr6","17068239","17068542","44","95547464"
"chr2","112616014","112616313","chrUn_GL286262","40235","40532","50","112575779"
"chr2","112616904","112617198","chr15","49359997","49360293","45","63256907"
"chr2","112667241","112667404","chrX","108352935","108353103","26","4314306"
"chr2","112667714","112667824","chr5","3651971","3652072","29","109015743"
"chr2","112667825","112667915","chr8","51322266","51322358","10","61345559"
"chr2","112668259","112668564","chr5","124338115","124338421","47","11669856"
"chr2","112670046","112670360","chr1","168595556","168595859","46","55925510"
"chr2","112694025","112694322","chr11","60063858","60064154","42","52630167"
"chr2","112694941","112695187","chr10","34329847","34330103","32","78365094"
"chr2","112697420","112697713","chrX","111591699","111591994","40","1105721"
"chr2","112701358","112701633","chrX","63400794","63401071","41","49300564"
"chr2","112709320","112709613","chr20","27822433","27822727","38","84886887"
"chr2","112731918","112732209","chr14","17395143","17395424","40","95336775"
"chr2","112734699","112734989","chr5","79173819","79174110","43","33560880"
"chr2","112735039","112735343","chr11","111117466","111117768","42","1617573"
"chr2","112743454","112743737","chr15","71815852","71816139","43","40927602"
"chr2","112753518","112753827","chr9","38258634","38258943","46","74494884"
"chr2","112833712","112834022","chr3","106655459","106655766","44","6178253"
"chr2","112887613","112887908","chr1","164503245","164503540","37","51615632"
"chr2","112998846","112999148","chr17","69075766","69076065","40","43923080"
"chr2","113021057","113021356","chr2","171194142","171194435","38","58173085"
"chr2","113035949","113036244","chr11","16583505","16583798","51","96452444"
"chr2","113048193","113048458","chr14","97831879","97832119","67","15216314"
"chr2","113066296","113066576","chr14","17763170","17763450","33","95303126"
"chr2","113107442","113107725","chr15","27957096","27957370","41","85150346"
"chr2","113118755","113119046","chr12","31252957","31253248","42","81865798"
"chr2","113153182","113153485","chr7","146273567","146273869","48","33120385"
"chr2","113160668","113160784","chr10","129553286","129553409","18","16392618"
"chr2","113160816","113161002","chr7","85958195","85958373","38","27202621"
"chr2","113163606","113163833","chr19","27769433","27769672","48","85394173"
"chr2","113191274","113191567","chr2","15570442","15570738","52","97620832"
"chr2","113195164","113195460","chr9","99776089","99776389","37","13419075"
"chr2","113199819","113200124","chr3","2808599","2808903","42","110391220"
"chr2","113204972","113205267","chr14","20315438","20315736","37","92889534"
"chr2","113281458","113281753","chr18","5141985","5142278","38","108139473"
"chr2","113446465","113446739","chr5","15793858","15794130","44","97652607"
"chr2","113455723","113456017","chrUn_GL288653","10584","10878","33","113445139"
"chr2","113518828","113519077","chr6","32411878","32412126","41","81106950"
"chr2","113547651","113547961","chr9","11967801","11968108","39","101579850"
"chr2","113561873","113562154","chr15","37619139","37619418","45","75942734"
"chr2","113568989","113569294","chr3","106655459","106655766","42","6913530"
"chr2","113639632","113639869","chrX","38799061","38799302","40","74840571"
"chr2","113687106","113687407","chr18","21431056","21431348","46","92256050"
"chr2","113693130","113693451","chr1","137129532","137129843","52","23436402"
"chr2","113695442","113695751","chr7","6894852","6895150","52","106800590"
"chr2","113696495","113696802","chr10","16033492","16033786","46","97663003"
"chr2","113699644","113699926","chr7","58160492","58160776","34","55539152"
"chr2","113702303","113702597","chr1","139655472","139655767","46","25953169"
"chr2","113708424","113708732","chr8","17986475","17986786","41","95721949"
"chr2","113710449","113710785","chr3","166684445","166684787","76","52973996"
"chr2","113718563","113718820","chr6","87762176","87762431","41","25956387"
"chr2","113721965","113722272","chr4","30643780","30644085","36","83078185"
"chr2","113744466","113744756","chr9","99273608","99273898","45","14470858"
"chr2","113747005","113747299","chr12","14388541","14388831","37","99358464"
"chr2","113748162","113748466","chr9","8886595","8886904","54","104861567"
"chr2","113751528","113751823","chr8","94578308","94578601","45","19173220"
"chr2","113760871","113761183","chr22","33981676","33981980","44","79779195"
"chr2","113773810","113774121","chr9","2215139","2215442","55","111558671"
"chr2","113776652","113776943","chrX","60350699","60350998","40","53425953"
"chr2","113783549","113783853","chr6","87817425","87817733","41","25966124"
"chr2","113787543","113787849","chr5","26961498","26961795","49","86826045"
"chr2","113789868","113790156","chr1","21791975","21792268","46","91997893"
"chr2","113801195","113801487","chrX","69079817","69080113","37","44721378"
"chr2","113804172","113804478","chr6","87844260","87844571","51","25959912"
"chr2","113810596","113810895","chr2","8957058","8957360","43","104853538"
"chr2","113812757","113812892","chr1","172218988","172219121","13","58406231"
"chr2","113813198","113813366","chr19","781258","781429","32","113031940"
"chr2","113815586","113815896","chr7","57213096","57213404","43","56602490"
"chr2","113832323","113832617","chr7","32099825","32100120","39","81732498"
"chr2","113834113","113834413","chr13","39885762","39886059","45","73948351"
"chr2","113841714","113842005","chr14","39054710","39055003","33","74787004"
"chr2","113864004","113864311","chr2","114528005","114528309","44","664001"
"chr2","113883604","113883908","chr6","17068239","17068542","36","96815365"
"chr2","113884391","113884681","chr8","92114641","92114934","39","21769750"
"chr2","113903538","113903793","chr11","120908157","120908415","48","7004619"
"chr2","113967743","113968047","chr19","25591314","25591622","45","88376429"
"chr2","114020216","114020526","chr15","20018055","20018360","45","94002161"
"chr2","114035856","114036118","chrX","3927601","3927865","40","110108255"
"chr2","114079316","114079621","chr13","43694410","43694711","48","70384906"
"chr2","114124278","114124586","chr7","42669887","42670194","44","71454391"
"chr2","114192173","114192488","chr7","148985140","148985448","46","34792967"
"chr2","114269167","114269472","chr13","35663090","35663393","37","78606077"
"chr2","114341797","114342089","chr11","43485145","43485437","39","70856652"
"chr2","114355375","114355704","chr6","88409308","88409622","56","25946067"
"chr2","114414235","114414551","chr5","76505996","76506309","51","37908239"
"chr2","114476963","114477257","chr10","55872616","55872911","44","58604347"
"chr2","114477546","114477696","chr7","62782353","62782491","32","51695193"
"chr2","114633605","114633914","chr6","26791350","26791653","53","87842255"
"chr2","114708772","114709055","chr5","31371357","31371639","46","83337415"
"chr2","114710463","114710759","chr12","100785810","100786105","35","13924653"
"chr2","114922328","114922611","chr6","88995667","88995948","42","25926661"
"chr2","114974409","114974706","chr18","39712282","39712591","42","75262127"
"chr2","114975638","114975950","chr7","44846137","44846443","43","70129501"
"chr2","114981897","114982138","chr5","107128623","107128859","38","7853274"
"chr2","114986767","114987079","chr12","60882509","60882808","46","54104258"
"chr2","115039814","115039880","chr4","113515614","113515679","10","1524200"
"chr2","115118566","115118747","chr5","111024661","111024839","41","4093905"
"chr2","115118793","115118914","chr6","49067549","49067673","15","66051244"
"chr2","115154893","115155178","chr16","18465468","18465754","55","96689425"
"chr2","115342207","115342513","chr6","89418538","89418845","60","25923669"
"chr2","115393031","115393325","chr4","156698023","156698319","43","41304992"
"chr2","115490837","115491144","chr1","176789652","176789956","54","61298815"
"chr2","115608106","115608392","chr5","32929108","32929393","54","82678998"
"chr2","115855453","115855735","chr3","49392587","49392879","50","66462866"
"chr2","116013600","116013732","chr4","39732264","39732396","17","76281336"
"chr2","116107915","116108202","chr12","92030142","92030434","45","24077773"
"chr2","116134793","116135084","chr2","43620446","43620736","46","72514347"
"chr2","116174246","116174525","chr4","34845790","34846071","49","81328456"
"chr2","116355240","116355546","chr1","154729010","154729309","46","38373770"
"chr2","116508788","116509125","chr9","98029843","98030162","71","18478945"
"chr2","116605905","116606199","chr6","122189745","122190016","60","5583840"
"chr2","116799429","116799731","chr8","91012702","91013008","55","25786727"
"chr2","116844421","116844710","chr2","32710409","32710684","59","84134012"
"chr2","117065114","117065247","chr16","17940062","17940188","32","99125052"
"chr2","117175304","117175601","chr5","94234310","94234606","43","22940994"
"chr2","117386863","117387158","chr10","18062344","18062642","42","99324519"
"chr2","117787712","117788014","chr6","17068239","17068542","37","100719473"
"chr2","117855918","117856207","chr1","189468811","189469090","46","71612893"
"chr2","117962362","117962657","chr6","91984692","91984991","42","25977670"
"chr2","117967001","117967292","chr3","138216033","138216322","34","20249032"
"chr2","118009090","118009375","chr1","169233439","169233727","39","51224349"
"chr2","118072231","118072522","chr11","15686953","15687243","38","102385278"
"chr2","118131276","118131555","chr3","166297349","166297632","40","48166073"
"chr2","118199235","118199545","chr6","92231836","92232136","49","25967399"
"chr2","118583615","118583918","chr1","78550229","78550532","47","40033386"
"chr2","118628079","118628375","chr12","71285052","71285349","46","47343027"
"chr2","118663207","118663503","chr6","92710539","92710824","51","25952668"
"chr2","118681424","118681705","chr4","34845790","34846071","33","83835634"
"chr2","118682148","118682450","chr6","17068239","17068542","41","101613909"
"chr2","118781591","118781675","chr20","10950849","10950934","8","107830742"
"chr2","118964606","118964903","chr4","156698023","156698319","45","37733417"
"chr2","119092329","119092618","chr18","4009184","4009472","37","115083145"
"chr2","119173853","119174158","chr21","40584762","40585072","41","78589091"
"chr2","119200204","119200522","chr3","164847444","164847753","47","45647240"
"chr2","119307158","119307455","chr13","39885762","39886059","30","79421396"
"chr2","119309378","119309720","chr5","43497583","43497891","65","75811795"
"chr2","119330092","119330369","chr12","59541089","59541370","41","59789003"
"chr2","119336113","119336405","chr6","93388487","93388776","43","25947626"
"chr2","119354228","119354534","chr6","93405234","93405554","51","25948994"
"chr2","119392744","119393053","chr5","2508969","2509278","46","116883775"
"chr2","119394782","119395092","chr6","17068239","17068542","35","102326543"
"chr2","119399970","119400216","chr9","84587387","84587645","50","34812583"
"chr2","119467098","119467387","chr14","83739394","83739686","44","35727704"
"chr2","119528899","119529209","chr3","106655459","106655766","54","12873440"
"chr2","119571449","119571757","chr7","130262321","130262624","49","10690872"
"chr2","119631392","119631683","chr14","5921690","5921981","38","113709702"
"chr2","119643558","119643844","chr1","201839779","201840070","35","82196221"
"chr2","119692691","119692997","chr21","35849518","35849828","36","83843173"
"chr2","119697279","119697560","chr6","93750197","93750483","50","25947082"
"chr2","119743670","119743967","chr11","123371423","123371718","39","3627753"
"chr2","119755072","119755396","chr7","44446894","44447196","61","75308178"
"chr2","119772534","119772838","chr17","26466930","26467233","40","93305604"
"chr2","119789725","119790027","chr7","32099825","32100120","42","87689900"
"chr2","119824695","119824987","chr3","142738386","142738676","31","22913691"
"chr2","119896929","119897232","chr7","4464465","4464757","53","115432464"
"chr2","119933397","119933681","chrUn_GL288582","455","755","58","119932942"
"chr2","119999538","119999843","chr6","17068239","17068542","35","102931299"
"chr2","120003301","120003579","chr10","93494866","93495138","51","26508435"
"chr2","120003930","120004213","chr5","154020351","154020637","43","34016421"
"chr2","120010574","120010864","chr6","94078747","94079036","34","25931827"
"chr2","120056306","120056598","chr6","94118357","94118654","41","25937949"
"chr2","120110636","120110941","chr3","94762904","94763199","48","25347732"
"chr2","120145664","120145962","chr6","13168853","13169146","41","106976811"
"chr2","120165687","120165994","chr3","153217268","153217573","43","33051581"
"chr2","120197949","120198233","chr5","2532160","2532447","39","117665789"
"chr2","120263563","120263829","chrUn_GL286397","204143","204413","44","120059420"
"chr2","120276319","120276623","chr2","18780256","18780558","36","101496063"
"chr2","120310774","120311069","chr5","94234310","94234606","39","26076464"
"chr2","120335627","120335921","chr4","25542330","25542622","34","94793297"
"chr2","120394293","120394596","chr2","10406818","10407122","36","109987475"
"chr2","120409038","120409307","chr5","137206708","137206968","49","16797670"
"chr2","120446044","120446338","chr12","5004234","5004527","53","115441810"
"chr2","120493876","120494250","chr5","96896431","96896755","85","23597445"
"chr2","120512871","120512994","chr10","16815022","16815146","19","103697849"
"chr2","120513050","120513208","chr14","71113075","71113234","25","49399975"
"chr2","120603307","120603605","chr6","94677203","94677504","36","25926104"
"chr2","120732122","120732418","chr18","4125887","4126180","37","116606235"
"chr2","120795240","120795551","chr5","2080907","2081217","42","118714333"
"chr2","120816193","120816494","chr21","32861641","32861942","42","87954552"
"chr2","120839557","120839862","chr22","28997304","28997607","35","91842253"
"chr2","120843662","120843966","chr1","157959927","157960225","39","37116265"
"chr2","121040036","121040318","chr6","95109169","95109456","41","25930867"
"chr2","121046667","121046951","chr10","83385365","83385651","44","37661302"
"chr2","121083255","121083566","chr5","139329461","139329765","38","18246206"
"chr2","121097385","121097691","chr9","100740779","100741081","45","20356606"
"chr2","121151391","121151701","chr6","18492890","18493198","58","102658501"
"chr2","121169761","121170065","chr21","22063076","22063384","41","99106685"
"chr2","121179969","121180272","chr1","168595556","168595859","40","47415587"
"chr2","121186859","121187135","chrX","96547317","96547591","44","24639542"
"chr2","121219634","121219769","chr12","27914714","27914846","27","93304920"
"chr2","121233194","121233464","chr11","66584786","66585057","62","54648408"
"chr2","121241212","121241517","chr6","17068239","17068542","36","104172973"
"chr2","121250982","121251273","chr9","20122679","20122976","47","101128303"
"chr2","121278722","121279013","chr17","74642158","74642449","32","46636564"
"chr2","121300187","121300493","chr22","33981676","33981980","36","87318511"
"chr2","121310862","121311159","chr7","6894852","6895150","44","114416010"
"chr2","121314622","121314906","chr2","10652839","10653117","40","110661783"
"chr2","121315387","121315688","chr17","58335353","58335652","45","62980034"
"chr2","121322212","121322517","chr1","168595556","168595859","36","47273344"
"chr2","121326872","121327175","chrX","109030128","109030429","54","12296744"
"chr2","121331486","121331790","chr2","31372053","31372354","46","89959433"
"chr2","121337360","121337621","chr6","95449834","95450097","35","25887526"
"chr2","121355153","121355426","chr10","218629","218896","41","121136524"
"chr2","121432132","121432418","chrX","105924911","105925188","45","15507221"
"chr2","121517907","121518256","chr15","24667163","24667483","72","96850744"
"chr2","121544900","121545213","chr12","33299560","33299868","39","88245340"
"chr2","121586128","121586426","chr5","159135567","159135869","41","37549439"
"chr2","121606780","121607059","chr2","131198340","131198624","39","9591560"
"chr2","121629922","121630219","chr5","94234310","94234606","37","27395612"
"chr2","121642451","121642739","chr20","21003572","21003866","39","100638879"
"chr2","121651774","121652057","chr1","99815978","99816265","48","21835796"
"chr2","121668314","121668623","chr3","152941248","152941549","53","31272934"
"chr2","121689018","121689310","chr10","63680269","63680560","43","58008749"
"chr2","121702967","121703273","chr3","153217268","153217573","39","31514301"
"chr2","121725407","121725699","chr1","202671568","202671863","45","80946161"
"chr2","121738195","121738502","chr1","184817871","184818171","44","63079676"
"chr2","121740167","121740465","chr10","16033492","16033786","39","105706675"
"chr2","121792686","121792990","chr9","99776089","99776389","42","22016597"
"chr2","121807720","121808013","chr4","168156555","168156848","40","46348835"
"chr2","121826985","121827278","chr7","80047681","80047980","40","41779304"
"chr2","121853581","121853869","chr5","4626496","4626785","41","117227085"
"chr2","121912706","121912959","chr6","95980803","95981048","29","25931903"
"chr2","121922339","121922640","chr6","95991225","95991525","40","25931114"
"chr2","121925702","121925997","chr4","10274002","10274296","37","111651700"
"chr2","121926934","121927229","chr7","103328929","103329224","40","18598005"
"chr2","121983019","121983311","chr5","143023404","143023700","40","21040385"
"chr2","122076359","122076660","chr1","190336387","190336690","42","68260028"
"chr2","122384036","122384346","chr1","168595556","168595859","43","46211520"
"chr2","122400035","122400340","chr19","26467351","26467655","33","95932684"
"chr2","122592094","122592336","chr6","96675119","96675364","34","25916975"
"chr2","122594324","122594629","chr6","96676983","96677270","59","25917341"
"chr2","122758263","122758568","chr1","168595556","168595859","55","45837293"
"chr2","122846891","122847193","chr3","153217268","153217573","50","30370377"
"chr2","122865620","122865906","chrUn_GL286373","1632949","1633226","47","121232671"
"chr2","122962384","122962680","chr9","112248250","112248546","54","10714134"
"chr2","123165526","123165793","chr15","90142760","90143026","44","33022766"
"chr2","123174711","123175005","chr16","7403198","7403487","51","115771513"
"chr2","123213876","123214134","chr8","5978256","5978518","48","117235620"
"chr2","123291284","123291578","chr10","81273718","81274013","50","42017566"
"chr2","123368547","123368646","chrX","122708087","122708184","15","660460"
"chr2","123379601","123379913","chr12","31281547","31281855","57","92098054"
"chr2","123461047","123461308","chr1","202045216","202045483","61","78584169"
"chr2","123567051","123567345","chr3","94762904","94763199","48","28804147"
"chr2","123606931","123607238","chr11","64234338","64234642","44","59372593"
"chr2","123638746","123639045","chr6","97697481","97697777","50","25941265"
"chr2","123655668","123655908","chr10","41246174","41246418","45","82409494"
"chr2","123666203","123666494","chr9","18112390","18112685","37","105553813"
"chr2","124271728","124272014","chr14","75602","75879","43","124196126"
"chr2","124444313","124444630","chrX","97185025","97185330","54","27259288"
"chr2","124509961","124510223","chr1","92430422","92430681","46","32079539"
"chr2","124612771","124613081","chr5","84717109","84717410","41","39895662"
"chr2","124706465","124706775","chr5","42661443","42661746","47","82045022"
"chr2","124713389","124713675","chr9","1932661","1932946","47","122780728"
"chr2","124721197","124721482","chr4","37824304","37824582","45","86896893"
"chr2","124721524","124721548","chr10","17789322","17789342","4","106932202"
"chr2","124777387","124777650","chr6","98833855","98834109","44","25943532"
"chr2","124878687","124878982","chr3","111670059","111670348","49","13208628"
"chr2","124889079","124889390","chrX","107242305","107242611","55","17646774"
"chr2","125046889","125047169","chr3","184619156","184619440","52","59572267"
"chr2","125074552","125074860","chr22","28997304","28997607","51","96077248"
"chr2","125144325","125144633","chr8","108764374","108764677","56","16379951"
"chr2","125172755","125173043","chr8","32478813","32479091","53","92693942"
"chr2","125295307","125295596","chr8","8002793","8003078","47","117292514"
"chr2","125301689","125301949","chr5","112688970","112689229","45","12612719"
"chr2","125317001","125317308","chr7","66105076","66105385","59","59211925"
"chr2","125408065","125408367","chr5","42661443","42661746","46","82746622"
"chr2","125416869","125417127","chr7","67196083","67196346","38","58220786"
"chr2","125546904","125546914","chr5","92524075","92524085","1","33022829"
"chr2","125547064","125547342","chr4","74196964","74197243","48","51350100"
"chr2","125800915","125801208","chr18","14862744","14863043","46","110938171"
"chr2","125855930","125856218","chr10","10973408","10973688","44","114882522"
"chr2","125962982","125963294","chr3","106655459","106655766","46","19307523"
"chr2","126086167","126086452","chr6","100196728","100197012","47","25889439"
"chr2","126185256","126185555","chr6","100347626","100347920","52","25837630"
"chr2","126259272","126259536","chr11","13204541","13204798","40","113054731"
"chr2","126313957","126314261","chr7","43206877","43207176","48","83107080"
"chr2","126403997","126404294","chr1","63503705","63504005","44","62900292"
"chr2","126554537","126554851","chr13","39885762","39886059","49","86668775"
"chr2","126641403","126641706","chr6","100833156","100833462","46","25808247"
"chr2","126743431","126743722","chr10","46768669","46768960","44","79974762"
"chr2","126810179","126810504","chr15","8491363","8491685","49","118318816"
"chr2","126814412","126814535","chr12","104753642","104753765","14","22060770"
"chr2","126892723","126893033","chrX","122661573","122661888","48","4231150"
"chr2","126897001","126897309","chr1","27883875","27884177","39","99013126"
"chr2","126928651","126928972","chr19","48936237","48936548","58","77992414"
"chr2","126950031","126950077","chr7","152525235","152525280","13","25575204"
"chr2","126964804","126965105","chr18","3287014","3287306","45","123677790"
"chr2","126985279","126985583","chr6","17068239","17068542","30","109917040"
"chr2","126989048","126989354","chr15","25321014","25321315","47","101668034"
"chr2","127003944","127004181","chr4","154238739","154238980","33","27234795"
"chr2","127022514","127022822","chr1","27883875","27884177","44","99138639"
"chr2","127026335","127026629","chr1","157959927","157960225","41","30933592"
"chr2","127036349","127036643","chr4","34838282","34838576","40","92198067"
"chr2","127039128","127039421","chr10","16033492","16033786","32","111005636"
"chr2","127040715","127041026","chr1","184817871","184818171","40","57777156"
"chr2","127158352","127158656","chr1","184817871","184818171","41","57659519"
"chr2","127221460","127221746","chr11","62590101","62590389","46","64631359"
"chr2","127240512","127240795","chr2","9964827","9965101","46","117275685"
"chr2","127243730","127243854","chr2","13193728","13193848","22","114050002"
"chr2","127244045","127244336","chr6","149644095","149644385","39","22400050"
"chr2","127251013","127251315","chr3","106868110","106868415","49","20382903"
"chr2","127251877","127252180","chr2","31372053","31372354","34","95879824"
"chr2","127262210","127262512","chrX","93623389","93623691","43","33638821"
"chr2","127279481","127279772","chr6","32052663","32052953","34","95226818"
"chr2","127285278","127285413","chr2","40803885","40804020","20","86481393"
"chr2","127285702","127285871","chr4","43826691","43826860","31","83459011"
"chr2","127294494","127294786","chr6","59828671","59828961","41","67465823"
"chr2","127331612","127331905","chr8","96452414","96452711","43","30879198"
"chr2","127368040","127368334","chr2","18057390","18057677","41","109310650"
"chr2","127409691","127409980","chrX","47133077","47133369","41","80276614"
"chr2","127414273","127414551","chrX","52547492","52547765","45","74866781"
"chr2","127440918","127441220","chr2","61800729","61801029","35","65640189"
"chr2","127445644","127445944","chr3","80959478","80959762","55","46486166"
"chr2","127452409","127452695","chr15","68809459","68809748","32","58642950"
"chr2","127460393","127460684","chr19","24203448","24203737","33","103256945"
"chr2","127522928","127523219","chr14","36994514","36994806","45","90528414"
"chr2","127572137","127572433","chr21","40446927","40447225","43","87125210"
"chr2","127592112","127592423","chr22","33981676","33981980","40","93610436"
"chr2","127668387","127668698","chr11","125799128","125799440","38","1869259"
"chr2","127712114","127712419","chr12","28553718","28554019","42","99158396"
"chr2","127756052","127756349","chr9","111187673","111187975","40","16568379"
"chr2","127779187","127779485","chr8","97827393","97827690","45","29951794"
"chr2","127780860","127781163","chr9","99238253","99238546","46","28542607"
"chr2","127782126","127782386","chr17","58513516","58513777","47","69268610"
"chr2","127783600","127783905","chr12","87913370","87913678","42","39870230"
"chr2","127792380","127792691","chr5","94234310","94234606","48","33558070"
"chr2","127801899","127802179","chr10","79214097","79214388","42","48587802"
"chr2","127808614","127808748","chr1","172218988","172219121","16","44410374"
"chr2","127817537","127817825","chr11","116166580","116166874","44","11650957"
"chr2","127825836","127826126","chr5","84826899","84827194","42","42998937"
"chr2","127837000","127837288","chr21","37626132","37626413","48","90210868"
"chr2","127839332","127839537","chr2","152226474","152226682","42","24387142"
"chr2","127849765","127849897","chr1","149093423","149093554","17","21243658"
"chr2","127850805","127850943","chr7","56002444","56002584","21","71848361"
"chr2","127851245","127851444","chr4","59331628","59331823","51","68519617"
"chr2","127851795","127852088","chr19","24203448","24203737","45","103648347"
"chr2","127893854","127894190","chr5","96896431","96896755","57","30997423"
"chr2","127900145","127900262","chr6","116349416","116349530","18","11550729"
"chr2","127906961","127907139","chr1","167234017","167234184","39","39327056"
"chr2","127907173","127907305","chr22","30112438","30112563","20","97794735"
"chr2","127929741","127930029","chr6","31306874","31307175","37","96622867"
"chr2","127939608","127939904","chr6","31289232","31289524","35","96650376"
"chr2","127968542","127968811","chrX","33892988","33893266","50","94075554"
"chr2","127977208","127977523","chr6","41026834","41027145","49","86950374"
"chr2","127987183","127987485","chr9","91498490","91498786","43","36488693"
"chr2","127990969","127991258","chr1","76973706","76973995","45","51017263"
"chr2","127992286","127992583","chr1","77244892","77245188","41","50747394"
"chr2","128002842","128003136","chr3","152863410","152863699","57","24860568"
"chr2","128012188","128012495","chr6","17068239","17068542","43","110943949"
"chr2","128015660","128015958","chr5","92511557","92511857","44","35504103"
"chr2","128017041","128017341","chr4","36522598","36522895","45","91494443"
"chr2","128018834","128019118","chr1","189468811","189469090","48","61449977"
"chr2","128019604","128019891","chr14","83739394","83739686","41","44280210"
"chr2","128024579","128024910","chr17","54870851","54871173","56","73153728"
"chr2","128031320","128031602","chr15","74081389","74081666","52","53949931"
"chr2","128034078","128034374","chr10","16033492","16033786","42","112000586"
"chr2","128036137","128036270","chr5","130478058","130478184","16","2441921"
"chr2","128060553","128060860","chr6","31182099","31182405","41","96878454"
"chr2","128074612","128074923","chr3","106655459","106655766","40","21419153"
"chr2","128087472","128087774","chr9","35074414","35074712","45","93013058"
"chr2","128098473","128098772","chr5","99799393","99799697","52","28299080"
"chr2","128104643","128104946","chr3","177773552","177773857","40","49668909"
"chr2","128121403","128121705","chr22","33981676","33981980","40","94139727"
"chr2","128127792","128128096","chr11","20758416","20758722","41","107369376"
"chr2","128130951","128131259","chr1","137129532","137129843","35","8998581"
"chr2","128131273","128131383","chr6","31095000","31095109","14","97036273"
"chr2","128141946","128142232","chr6","31081080","31081358","41","97060866"
"chr2","128148051","128148377","chr7","148985140","148985448","60","20837089"
"chr2","128171509","128171806","chr5","94234310","94234606","38","33937199"
"chr2","128184672","128184980","chr6","31032931","31033246","45","97151741"
"chr2","128188022","128188343","chr6","31024226","31024546","46","97163796"
"chr2","128211834","128212132","chrX","60350699","60350998","40","67861135"
"chr2","128263396","128263687","chr17","1254415","1254710","39","127008981"
"chr2","128274695","128274989","chr1","160343198","160343494","52","32068503"
"chr2","128290690","128290994","chr6","116954829","116955140","63","11335861"
"chr2","128333676","128333953","chr2","56348276","56348553","42","71985400"
"chr2","128344578","128344890","chrX","107827107","107827417","47","20517471"
"chr2","128355517","128355794","chr2","67250902","67251188","43","61104615"
"chr2","128363287","128363584","chr14","83739394","83739686","40","44623893"
"chr2","128400224","128400527","chr12","83078942","83079243","56","45321282"
"chr2","128445837","128446140","chr5","154800624","154800924","41","26354787"
"chr2","128481385","128481665","chr4","34845790","34846071","39","93635595"
"chr2","128500734","128501039","chr16","18789847","18790151","46","109710887"
"chr2","128508178","128508490","chr5","763697","764005","54","127744481"
"chr2","128531637","128531924","chr6","30651275","30651547","52","97880362"
"chr2","128541892","128542195","chr8","108764374","108764677","37","19777518"
"chr2","128649094","128649397","chr16","69379771","69380066","52","59269323"
"chr2","128684131","128684425","chr22","24673181","24673472","37","104010950"
"chr2","128686783","128686915","chr15","22887373","22887504","16","105799410"
"chr2","129024702","129024993","chr2","36243322","36243613","42","92781380"
"chr2","129035154","129035460","chr6","30113014","30113306","48","98922140"
"chr2","129096451","129096751","chrX","92316634","92316949","52","36779817"
"chr2","129391935","129392220","chr12","48605950","48606233","42","80785985"
"chr2","129463270","129463566","chr5","63326522","63326817","36","66136748"
"chr2","129477193","129477485","chr21","46276068","46276356","39","83201125"
"chr2","129510090","129510173","chr10","115311195","115311278","6","14198895"
"chr2","129521550","129521860","chr10","126696429","126696740","38","2825121"
"chr2","129637654","129637851","chr5","68740073","68740276","56","60897581"
"chr2","129638075","129638214","chr1","172218988","172219121","14","42580913"
"chr2","129668146","129668445","chr9","18957625","18957927","58","110710521"
"chr2","129726518","129726825","chr13","84459624","84459931","42","45266894"
"chr2","129727748","129728058","chr1","82669756","82670065","41","47057992"
"chr2","129835893","129836192","chr1","10143237","10143538","52","119692656"
"chr2","129874394","129874680","chr3","71172373","71172675","44","58702021"
"chr2","129916860","129917161","chr5","63326522","63326817","43","66590338"
"chr2","129924537","129924833","chr5","1104017","1104317","49","128820520"
"chr2","129931408","129931553","chr7","74506681","74506813","25","55424727"
"chr2","129931554","129931853","chr10","81563739","81564043","45","48367815"
"chr2","129937978","129938215","chr12","50128129","50128366","31","79809849"
"chr2","129941492","129941799","chr1","137263489","137263793","49","7321997"
"chr2","129942706","129943015","chr1","91574966","91575269","45","38367740"
"chr2","129946913","129947221","chr6","17068239","17068542","48","112878674"
"chr2","129959424","129959609","chrX","107630069","107630259","34","22329355"
"chr2","130146543","130146854","chr3","106655459","106655766","45","23491084"
"chr2","130146871","130147006","chr4","34144507","34144640","15","96002364"
"chr2","130147273","130147435","chr8","23965333","23965497","35","106181940"
"chr2","130149331","130149630","chr5","26961498","26961795","42","103187833"
"chr2","130159357","130159667","chr22","29825053","29825352","43","100334304"
"chr2","130199263","130199560","chr6","125334757","125335066","53","4864506"
"chr2","130199814","130200109","chr5","5077481","5077778","31","125122333"
"chr2","130238472","130238766","chr8","75584287","75584580","42","54654185"
"chr2","130326146","130326441","chrX","17543907","17544194","45","112782239"
"chr2","130356909","130357234","chr22","33981676","33981980","64","96375233"
"chr2","130367392","130367679","chr1","199269404","199269696","41","68902012"
"chr2","130371546","130371833","chr17","73515084","73515371","44","56856462"
"chr2","130542065","130542360","chr4","148321855","148322150","48","17779790"
"chr2","130560580","130560861","chr4","34845790","34846071","32","95714790"
"chr2","130578371","130578668","chr5","25902148","25902449","49","104676223"
"chr2","130746484","130746631","chr1","197910364","197910508","22","67163880"
"chr2","130782121","130782414","chr8","95385992","95386289","40","35396129"
"chr2","130849569","130849864","chr11","65163335","65163629","38","65686234"
"chr2","130864443","130864746","chr12","23932823","23933125","45","106931620"
"chr2","130922941","130923227","chr10","8026640","8026929","39","122896301"
"chr2","130932936","130933230","chr9","99776089","99776389","45","31156847"
"chr2","130934537","130934843","chrY","2468652","2468956","44","128465885"
"chr2","130946821","130946949","chr3","107071732","107071860","15","23875089"
"chr2","130947245","130947410","chrX","106480049","106480214","34","24467196"
"chr2","130958431","130958709","chr2","80644634","80644911","40","50313797"
"chr2","131001023","131001328","chr12","119402017","119402326","41","11599006"
"chr2","131013617","131013900","chr4","34845790","34846071","43","96167827"
"chr2","131062449","131062747","chr6","17068239","17068542","37","113994210"
"chr2","131068157","131068459","chr22","29825053","29825352","46","101243104"
"chr2","131080369","131080633","chr5","125213382","125213645","56","5866987"
"chr2","131091053","131091366","chr12","22318360","22318667","48","108772693"
"chr2","131111012","131111305","chrX","22356240","22356533","36","108754772"
"chr2","131124784","131125083","chr5","26961498","26961795","43","104163286"
"chr2","131131842","131132130","chr1","163381580","163381871","36","32249738"
"chr2","131174025","131174321","chr5","80700303","80700590","46","50473722"
"chr2","131435542","131435836","chr8","75584287","75584580","43","55851255"
"chr2","131468260","131468548","chr15","20770296","20770585","51","110697964"
"chr2","131474400","131474709","chr5","15342496","15342804","36","116131904"
"chr2","131474969","131475280","chr6","125334757","125335066","54","6140212"
"chr2","131513330","131513630","chr6","87765454","87765755","41","43747876"
"chr2","131525549","131525711","chr15","28027626","28027775","42","103497923"
"chr2","131525980","131526115","chr5","113912228","113912365","15","17613752"
"chr2","131526135","131526446","chr6","7892688","7892995","45","123633447"
"chr2","131700820","131701113","chr5","65031296","65031585","49","66669524"
"chr2","131707067","131707352","chr11","67036150","67036441","42","64670917"
"chr2","131768586","131768838","chr5","3672109","3672360","40","128096477"
"chr2","131793531","131793791","chr12","117300504","117300763","42","14493027"
"chr2","131906135","131906438","chr6","17068239","17068542","36","114837896"
"chr2","131938106","131938388","chr1","189468811","189469090","38","57530705"
"chr2","132148353","132148667","chr2","60725284","60725597","59","71423069"
"chr2","132176112","132176247","chr2","73103462","73103594","18","59072650"
"chr2","132176462","132176641","chr3","53757892","53758068","36","78418570"
"chr2","132185860","132186153","chr10","27221183","27221477","54","104964677"
"chr2","132272362","132272653","chr16","93965192","93965487","68","38307170"
"chr2","132363288","132363588","chr11","126567408","126567696","55","5795880"
"chr2","132392112","132392414","chrX","86580996","86581293","49","45811116"
"chr2","132398315","132398581","chr7","12625452","12625715","39","119772863"
"chr2","132610495","132610804","chr5","15342496","15342804","40","117267999"
"chr2","132622112","132622414","chr6","141003358","141003658","44","8381246"
"chr2","132631813","132632117","chr9","11967801","11968108","56","120664012"
"chr2","132880348","132880651","chr5","7574884","7575188","48","125305464"
"chr2","132888388","132888690","chr14","66017833","66018127","45","66870555"
"chr2","132899593","132899917","chr8","48321467","48321792","60","84578126"
"chr2","132909065","132909355","chr4","16350054","16350344","37","116559011"
"chr2","132935972","132936279","chr7","50957152","50957450","48","81978820"
"chr2","133289461","133289699","chr11","117406827","117407061","38","15882634"
"chr2","133344126","133344423","chr9","113920433","113920731","40","19423693"
"chr2","133366305","133366601","chr1","54676551","54676852","40","78689754"
"chr2","133479921","133480231","chr18","39712282","39712591","38","93767639"
"chr2","133584483","133584779","chr5","38614488","38614784","36","94969995"
"chr2","133989207","133989509","chr18","32266919","32267219","37","101722288"
"chr2","134002042","134002338","chr9","32919007","32919302","38","101083035"
"chr2","134008461","134008771","chr1","137129532","137129843","47","3121071"
"chr2","134021556","134021866","chr1","201369278","201369591","47","67347722"
"chr2","134110865","134111175","chr7","148985140","148985448","46","14874275"
"chr2","134152900","134153219","chr3","177773552","177773857","51","43620652"
"chr2","134298109","134298397","chr6","149299474","149299765","43","15001365"
"chr2","134342498","134342737","chr1","92343049","92343302","51","41999449"
"chr2","134388784","134389069","chr4","155495685","155495965","50","21106901"
"chr2","134421303","134421602","chr1","158120682","158120981","45","23699379"
"chr2","134529050","134529346","chr10","121197224","121197521","46","13331826"
"chr2","134534470","134534754","chr2","11092101","11092385","41","123442369"
"chr2","134535718","134536022","chr3","106655459","106655766","48","27880259"
"chr2","134549356","134549643","chr6","8316663","8316949","42","126232693"
"chr2","134580630","134580920","chr2","32059503","32059794","42","102521127"
"chr2","134598632","134598948","chr13","18393383","18393690","43","116205249"
"chr2","134614576","134614871","chr8","74128434","74128731","40","60486142"
"chr2","134646443","134646742","chr12","28553718","28554019","49","106092725"
"chr2","134690291","134690583","chr5","38614488","38614784","33","96075803"
"chr2","134699222","134699517","chr12","100785810","100786105","34","33913412"
"chr2","134701628","134701940","chr2","15476091","15476394","48","119225537"
"chr2","134707898","134708186","chr1","16572140","16572438","43","118135758"
"chr2","134725171","134725272","chr1","175839914","175840013","12","41114743"
"chr2","134743170","134743468","chr9","41786898","41787194","41","92956272"
"chr2","134787379","134787655","chrX","90546446","90546718","41","44240933"
"chr2","134822670","134822952","chr13","101137023","101137310","38","33685647"
"chr2","134833086","134833403","chr11","110262728","110263041","45","24570358"
"chr2","134852883","134853191","chr3","106655459","106655766","36","28197424"
"chr2","134868444","134868752","chr3","106655459","106655766","46","28212985"
"chr2","134869231","134869512","chr15","37619139","37619418","32","97250092"
"chr2","134884914","134885200","chr9","1932661","1932946","45","132952253"
"chr2","134887400","134887701","chr6","85111963","85112261","43","49775437"
"chr2","134922999","134923286","chrX","90644206","90644491","37","44278793"
"chr2","134929654","134929950","chrX","48721748","48722046","37","86207906"
"chr2","134996295","134996335","chr5","96440575","96440609","9","38555720"
"chr2","135071937","135072210","chr14","69098561","69098837","48","65973376"
"chr2","135081859","135082143","chrX","107798255","107798539","41","27283604"
"chr2","135088407","135088717","chr15","20018055","20018360","39","115070352"
"chr2","135104571","135104699","chr14","16572148","16572277","12","118532423"
"chr2","135104739","135104916","chr12","24348367","24348543","38","110756372"
"chr2","135119120","135119409","chr4","16350054","16350344","36","118769066"
"chr2","135148489","135148811","chr2","193626588","193626909","52","58478099"
"chr2","135160390","135160700","chr3","106655459","106655766","45","28504931"
"chr2","135176393","135176705","chr6","17068239","17068542","44","118108154"
"chr2","135180737","135181046","chr1","194886027","194886340","40","59705290"
"chr2","135211259","135211564","chr6","84759140","84759443","39","50452119"
"chr2","135263781","135264088","chr6","84704406","84704701","51","50559375"
"chr2","135277643","135277949","chr1","168595556","168595859","36","33317913"
"chr2","135286280","135286578","chr5","106897987","106898285","45","28388293"
"chr2","135289621","135289919","chr10","18062344","18062642","48","117227277"
"chr2","135291184","135291482","chr22","35530146","35530439","40","99761038"
"chr2","135306891","135307020","chr1","208261106","208261233","18","72954215"
"chr2","135312737","135313049","chr9","91776812","91777118","52","43535925"
"chr2","135335410","135335692","chr11","123660063","123660343","49","11675347"
"chr2","135348603","135348893","chr1","150778105","150778397","39","15429502"
"chr2","135364466","135364765","chrX","22356240","22356533","44","113008226"
"chr2","135395443","135395756","chr12","27257719","27258031","47","108137724"
"chr2","135445162","135445448","chr6","147214959","147215244","43","11769797"
"chr2","135520102","135520406","chr18","5141985","5142278","51","130378117"
"chr2","135527278","135527569","chr6","116424346","116424637","46","19102932"
"chr2","135537278","135537585","chr10","117620910","117621216","41","17916368"
"chr2","135542756","135543037","chrX","17543907","17544194","46","117998849"
"chr2","135546717","135546971","chr6","84426128","84426384","38","51120589"
"chr2","135552214","135552495","chrX","107864085","107864361","40","27688129"
"chr2","135571933","135572254","chr3","165518689","165518997","58","29946756"
"chr2","135595993","135596297","chr6","17068239","17068542","31","118527754"
"chr2","135602994","135603289","chr1","145176527","145176816","46","9573533"
"chr2","135613536","135613834","chr15","61219971","61220268","44","74393565"
"chr2","135634359","135634650","chrX","17243808","17244094","43","118390551"
"chr2","135653074","135653368","chr5","71573119","71573411","44","64079955"
"chr2","135654470","135654748","chr4","34845790","34846071","33","100808680"
"chr2","135660566","135660876","chr6","84316902","84317212","38","51343664"
"chr2","135670776","135671063","chr5","74809771","74810060","55","60861005"
"chr2","135677969","135678263","chr9","8632506","8632798","37","127045463"
"chr2","135679799","135680091","chr14","39054710","39055003","35","96625089"
"chr2","135682719","135683016","chr4","21748719","21749015","38","113934000"
"chr2","135691902","135692209","chr3","106655459","106655766","47","29036443"
"chr2","135704478","135704758","chr22","38902466","38902763","50","96802012"
"chr2","135733679","135733969","chrX","47133077","47133369","42","88600602"
"chr2","135735485","135735795","chr8","30954858","30955164","42","104780627"
"chr2","135738025","135738324","chr5","35735021","35735325","38","100003004"
"chr2","135754784","135755083","chr18","29127518","29127823","41","106627266"
"chr2","135763843","135764153","chr7","56944191","56944490","49","78819652"
"chr2","135768572","135768866","chr7","7386371","7386664","46","128382201"
"chr2","135804400","135804661","chr6","84048296","84048543","40","51756104"
"chr2","135807846","135807998","chr4","168083457","168083606","20","32275611"
"chr2","135828909","135829201","chr10","55872616","55872911","44","79956293"
"chr2","135863829","135864140","chr6","17068239","17068542","40","118795590"
"chr2","135884471","135884780","chr22","28997304","28997607","40","106887167"
"chr2","135896686","135897004","chr12","27257719","27258031","49","108638967"
"chr2","135900277","135900404","chr9","113277693","113277817","14","22622584"
"chr2","135916915","135917186","chrUn_GL286397","204143","204413","60","135712772"
"chr2","135928396","135928647","chr16","32298855","32299111","41","103629541"
"chr2","135948583","135948892","chr6","83871787","83872095","50","52076796"
"chr2","135966530","135966816","chr9","120778095","120778380","54","15188435"
"chr2","135990757","135991065","chr18","39712282","39712591","46","96278475"
"chr2","135995472","135995755","chr4","34845790","34846071","42","101149682"
"chr2","136009416","136009706","chr11","15686953","15687243","38","120322463"
"chr2","136018076","136018379","chr6","83802561","83802868","49","52215515"
"chr2","136043460","136043732","chr4","86757463","86757737","35","49285997"
"chr2","136105689","136105990","chr1","202017148","202017441","50","65911459"
"chr2","136152964","136153272","chr9","99101995","99102300","47","37050969"
"chr2","136244923","136245234","chr6","93506061","93506372","42","42738862"
"chr2","136309053","136309343","chr21","43075982","43076273","37","93233071"
"chr2","136320755","136320900","chr19","13052837","13052981","18","123267918"
"chr2","136321153","136321305","chr6","117945984","117946137","44","18375169"
"chr2","136357679","136357972","chr2","128100610","128100906","46","8257069"
"chr2","136360451","136360775","chr17","63975680","63975992","59","72384771"
"chr2","136416851","136417131","chr15","68809459","68809748","45","67607392"
"chr2","136447134","136447406","chr7","45451520","45451793","40","90995614"
"chr2","136634520","136634813","chr11","101484038","101484336","44","35150482"
"chr2","136825562","136825850","chr13","40511017","40511308","44","96314545"
"chr2","136982099","136982200","chr6","117796397","117796491","16","19185702"
"chr2","137066190","137066492","chr19","11933584","11933885","41","125132606"
"chr2","137080215","137080367","chr1","199296013","199296162","32","62215798"
"chr2","137080393","137080513","chr1","121523757","121523874","17","15556636"
"chr2","137094289","137094570","chr1","168355505","168355788","45","31261216"
"chr2","137127647","137127944","chr13","95665824","95666115","49","41461823"
"chr2","137370474","137370768","chr15","68809459","68809748","40","68561015"
"chr2","137399196","137399492","chr1","176500964","176501258","46","39101768"
"chr2","137410266","137410567","chr15","48420238","48420542","42","88990028"
"chr2","137433354","137433653","chrX","23750481","23750780","46","113682873"
"chr2","137635718","137636001","chr6","82208143","82208418","47","55427575"
"chr2","137646360","137646650","chr6","82197500","82197795","55","55448860"
"chr2","137903480","137903775","chr4","19980098","19980393","52","117923382"
"chr2","137950672","137950980","chr3","106655459","106655766","35","31295213"
"chr2","137988593","137988889","chr6","17068239","17068542","36","120920354"
"chr2","138022463","138022740","chr22","6004527","6004800","48","132017936"
"chr2","138049773","138050083","chr14","69766565","69766870","48","68283208"
"chr2","138056557","138056866","chr12","27257719","27258031","44","110798838"
"chr2","138184069","138184376","chr3","106655459","106655766","41","31528610"
"chr2","138292694","138292972","chr3","45152244","45152520","38","93140450"
"chr2","138352511","138352793","chr3","111736801","111737080","35","26615710"
"chr2","138441508","138441830","chr3","106655459","106655766","64","31786049"
"chr2","138482541","138482842","chr22","32581263","32581567","43","105901278"
"chr2","138505475","138505769","chr11","66863606","66863888","58","71641869"
"chr2","138508322","138508629","chr9","37324386","37324690","39","101183936"
"chr2","138557878","138558184","chrX","16241987","16242292","43","122315891"
"chr2","138562503","138562803","chr20","3586707","3587012","38","134975796"
"chr2","138584133","138584435","chr7","80905976","80906275","44","57678157"
"chr2","138608868","138609155","chr4","16350054","16350344","43","122258814"
"chr2","138626544","138626838","chr20","27822433","27822727","43","110804111"
"chr2","138656489","138656794","chr6","80965557","80965863","44","57690932"
"chr2","138688202","138688479","chr4","155495685","155495965","46","16807483"
"chr2","138810468","138810767","chr6","80813925","80814219","48","57996543"
"chr2","138844319","138844588","chr11","97658809","97659082","33","41185510"
"chr2","139056622","139056933","chr12","27257719","27258031","46","111798903"
"chr2","139062010","139062301","chr5","127875197","127875486","50","11186813"
"chr2","139248057","139248259","chr12","109546877","109547082","36","29701180"
"chr2","139250137","139250261","chr6","80381063","80381185","21","58869074"
"chr2","139251536","139251762","chr19","29745949","29746170","59","109505587"
"chr2","139252727","139253040","chr1","82669756","82670065","55","56582971"
"chr2","139315485","139315787","chr4","36522598","36522895","46","102792887"
"chr2","139344660","139344952","chrX","27287653","27287945","42","112057007"
"chr2","139554966","139555261","chr9","115637925","115638221","45","23917041"
"chr2","139575933","139576197","chr5","133080815","133081081","50","6495118"
"chr2","139903340","139903649","chr19","3176594","3176904","45","136726746"
"chr2","139948611","139948900","chr11","120138757","120139038","49","19809854"
"chr2","140107627","140107935","chr22","33981676","33981980","41","106125951"
"chr2","140130826","140131137","chr14","38494235","38494541","42","101636591"
"chr2","140264219","140264553","chr15","24667163","24667483","63","115597056"
"chr2","140419726","140420037","chr8","8802045","8802342","45","131617681"
"chr2","140454139","140454448","chr7","66105076","66105385","51","74349063"
"chr2","140562609","140562911","chr7","49632330","49632627","48","90930279"
"chr2","140705243","140705551","chr7","66105076","66105385","44","74600167"
"chr2","140915371","140915653","chr12","15581161","15581439","51","125334210"
"chr2","140936060","140936366","chr3","106655459","106655766","44","34280601"
"chr2","140976491","140976810","chr21","35849518","35849828","46","105126973"
"chr2","140987703","140987997","chr14","5399570","5399866","55","135588133"
"chr2","141145915","141146211","chr6","78456984","78457282","39","62688931"
"chr2","141148802","141149043","chr3","3310239","3310475","38","137838563"
"chr2","141304476","141304800","chr6","41026834","41027145","57","100277642"
"chr2","141398974","141399271","chr20","27822433","27822727","41","113576541"
"chr2","141416447","141416719","chr3","1643395","1643663","48","139773052"
"chr2","141452954","141453250","chr10","16033492","16033786","40","125419462"
"chr2","141475092","141475376","chr6","78128712","78128996","39","63346380"
"chr2","141601664","141601901","chrX","48602099","48602329","53","92999565"
"chr2","141640523","141640820","chr6","131260221","131260525","47","10380302"
"chr2","141651382","141651671","chr1","92141493","92141783","43","49509889"
"chr2","141886984","141887295","chr13","18393383","18393690","45","123493601"
"chr2","141948016","141948314","chr5","23380593","23380893","47","118567423"
"chr2","142115937","142116218","chr6","77445883","77446168","58","64670054"
"chr2","142263445","142263758","chr3","106655459","106655766","42","35607986"
"chr2","142373070","142373376","chr5","1042559","1042864","56","141330511"
"chr2","142390791","142391100","chr11","124429251","124429550","50","17961540"
"chr2","142426921","142427209","chr14","21485011","21485295","51","120941910"
"chr2","142479219","142479521","chr9","99935150","99935455","52","42544069"
"chr2","142508792","142509095","chr5","94234310","94234606","52","48274482"
"chr2","142555433","142555710","chr4","38209077","38209362","44","104346356"
"chr2","142884957","142885024","chr20","27026880","27026946","7","115858077"
"chr2","142952077","142952376","chr2","60008786","60009093","62","82943291"
"chr2","142959938","142960184","chr5","81206292","81206537","42","61753646"
"chr2","143004430","143004715","chr6","76590326","76590614","47","66414104"
"chr2","143029306","143029591","chr6","76561956","76562246","35","66467350"
"chr2","143077670","143077972","chr21","40446927","40447225","36","102630743"
"chr2","143189534","143189759","chr7","74031641","74031870","30","69157893"
"chr2","143204981","143205245","chr8","95494086","95494345","59","47710895"
"chr2","143233647","143233944","chr1","13954469","13954768","44","129279178"
"chr2","143274909","143275173","chr12","102008527","102008790","60","41266382"
"chr2","143363261","143363512","chr3","165216624","165216868","51","21853363"
"chr2","143484082","143484382","chr5","94234310","94234606","41","49249772"
"chr2","143610749","143611028","chr9","44537673","44537953","41","99073076"
"chr2","143673309","143673597","chr13","43918238","43918525","38","99755071"
"chr2","143757228","143757520","chr6","75802306","75802593","46","67954922"
"chr2","143871805","143871945","chr13","45935307","45935448","24","97936498"
"chr2","143982579","143982877","chr2","189571069","189571376","55","45588490"
"chr2","144114947","144115229","chr1","173250980","173251263","46","29136033"
"chr2","144259155","144259456","chr6","75278572","75278871","45","68980583"
"chr2","144304621","144304722","chr12","51956325","51956425","21","92348296"
"chr2","144550339","144550461","chr4","106521719","106521841","15","38028620"
"chr2","144550490","144550630","chr14","21046812","21046941","36","123503678"
"chr2","144639908","144640189","chr9","113874562","113874835","48","30765346"
"chr2","144867196","144867501","chr2","77819708","77820002","50","67047488"
"chr2","145040981","145041291","chr19","36143929","36144229","57","108897052"
"chr2","145148140","145148452","chr7","58166645","58166955","43","86981495"
"chr2","145308514","145308805","chr4","22365048","22365343","36","122943466"
"chr2","145437149","145437467","chr7","124259091","124259397","47","21178058"
"chr2","145465745","145466026","chr9","39187219","39187498","41","106278526"
"chr2","145633664","145633953","chr7","43623955","43624244","65","102009709"
"chr2","145708641","145708948","chr1","168595556","168595859","47","22886915"
"chr2","145732112","145732420","chr2","8426666","8426970","49","137305446"
"chr2","145981335","145981636","chr13","39885762","39886059","41","106095573"
"chr2","146168641","146168744","chr3","111214675","111214780","14","34953966"
"chr2","146257235","146257537","chr19","6037738","6038039","41","140219497"
"chr2","146279582","146279879","chr15","61219971","61220268","42","85059611"
"chr2","146288759","146289026","chrX","63400794","63401071","45","82887965"
"chr2","146596143","146596442","chr1","175742404","175742704","37","29146261"
"chr2","146679250","146679523","chr6","72833980","72834262","39","73845270"
"chr2","146704311","146704614","chr2","168879156","168879455","46","22174845"
"chr2","146813014","146813304","chr5","10038314","10038610","39","136774700"
"chr2","146899450","146899750","chr5","26961498","26961795","48","119937952"
"chr2","146960467","146960749","chr4","160567106","160567389","50","13606639"
"chr2","147495579","147495875","chr1","184988197","184988492","39","37492618"
"chr2","147532062","147532344","chr6","71964017","71964294","38","75568045"
"chr2","147735163","147735472","chr9","11967801","11968108","44","135767362"
"chr2","147735773","147736089","chr2","150547878","150548190","49","2812105"
"chr2","147762706","147763020","chr2","15676045","15676358","49","132086661"
"chr2","147807576","147807675","chr1","118887978","118888077","13","28919598"
"chr2","147809773","147810080","chr7","56359080","56359389","45","91450693"
"chr2","147828285","147828579","chr4","81531318","81531613","52","66296967"
"chr2","147854886","147855179","chr5","94234310","94234606","36","53620576"
"chr2","147882270","147882577","chr6","71621201","71621509","38","76261069"
"chr2","147921024","147921334","chr2","114528005","114528309","41","33393019"
"chr2","147961158","147961466","chr1","137129532","137129843","53","10831626"
"chr2","147988363","147988652","chr11","123371423","123371718","47","24616940"
"chr2","147989424","147989711","chr20","28636143","28636428","42","119353281"
"chr2","148010842","148011128","chr15","28802900","28803193","48","119207942"
"chr2","148017391","148017671","chr11","23439208","23439487","41","124578183"
"chr2","148019308","148019613","chr3","177773552","177773857","41","29754244"
"chr2","148029990","148030289","chr1","148707234","148707528","46","677244"
"chr2","148092927","148093209","chr9","100917279","100917565","47","47175648"
"chr2","148105214","148105517","chr2","31372053","31372354","48","116733161"
"chr2","148147231","148147539","chr2","138937103","138937408","47","9210128"
"chr2","148184024","148184312","chr1","201385712","201386008","54","53201688"
"chr2","148208276","148208555","chr2","80644634","80644911","44","67563642"
"chr2","148270388","148270688","chr6","132370017","132370315","43","15900371"
"chr2","148333560","148333870","chr6","71198756","71199072","37","77134804"
"chr2","148370514","148370782","chr5","127203867","127204146","54","21166647"
"chr2","148460933","148461232","chr6","43666330","43666629","40","104794603"
"chr2","148519877","148520172","chr9","60462624","60462920","43","88057253"
"chr2","148572029","148572335","chr6","17068239","17068542","43","131503790"
"chr2","148631818","148632100","chrX","17930524","17930805","43","130701294"
"chr2","148632594","148632874","chr1","42156505","42156788","40","106476089"
"chr2","148671332","148671623","chr6","70834741","70835029","39","77836591"
"chr2","148694785","148695072","chr13","58927298","58927573","57","89767487"
"chr2","148758400","148758695","chr12","107488690","107488986","43","41269710"
"chr2","148805235","148805552","chr6","70712736","70713049","46","78092499"
"chr2","148839692","148840006","chr5","136750937","136751240","48","12088755"
"chr2","148846083","148846315","chr3","150170720","150170953","32","1324637"
"chr2","148870514","148870819","chr6","31032931","31033246","44","117837583"
"chr2","148873188","148873488","chr11","124429251","124429550","40","24443937"
"chr2","148884972","148885285","chr2","10325197","10325497","61","138559775"
"chr2","148895149","148895437","chr4","12463368","12463662","38","136431781"
"chr2","148902322","148902616","chr4","16350054","16350344","37","132552268"
"chr2","148962162","148962478","chr5","110862498","110862806","44","38099664"
"chr2","149014906","149015192","chr9","59049377","59049667","44","89965529"
"chr2","149021057","149021367","chr5","145493112","145493414","47","3527945"
"chr2","149032657","149032965","chr1","168595556","168595859","46","19562899"
"chr2","149051675","149051916","chr6","70455713","70455949","35","78595962"
"chr2","149072552","149072836","chr5","2532160","2532447","37","146540392"
"chr2","149103772","149104077","chr22","33981676","33981980","43","115122096"
"chr2","149109712","149110010","chr4","156698023","156698319","40","7588311"
"chr2","149114954","149115238","chr6","70394772","70395054","37","78720182"
"chr2","149120785","149121090","chr6","70381770","70382075","33","78739015"
"chr2","149134963","149135266","chr13","43694410","43694711","38","105440553"
"chr2","149234795","149235097","chr9","115637925","115638221","39","33596870"
"chr2","149268476","149268754","chr2","80644634","80644911","37","68623842"
"chr2","149351113","149351423","chr6","7892688","7892995","47","141458425"
"chr2","149421136","149421411","chr5","83503078","83503365","42","65918058"
"chr2","149510275","149510522","chrUn_GL286444","108209","108458","54","149402066"
"chr2","149592744","149593035","chr6","69860695","69860978","42","79732049"
"chr2","149654928","149655210","chr9","103686028","103686312","43","45968900"
"chr2","149690516","149690822","chr5","94234310","94234606","44","55456206"
"chr2","149699208","149699501","chr14","6100129","6100419","42","143599079"
"chr2","149810964","149811249","chr7","145693234","145693534","49","4117730"
"chr2","150005590","150005892","chr20","2006121","2006422","46","147999469"
"chr2","150200908","150201275","chr14","79450145","79450459","92","70750763"
"chr2","150303767","150304051","chr4","155495685","155495965","45","5191918"
"chr2","150326770","150327081","chrUn_GL289172","6397","6704","47","150320373"
"chr2","150458291","150458587","chr4","38452112","38452407","53","112006179"
"chr2","150525655","150525960","chr19","38640517","38640819","45","111885138"
"chr2","150721467","150721752","chr16","92089757","92090031","52","58631710"
"chr2","150918887","150919199","chr6","18703661","18703971","42","132215226"
"chr2","150996551","150996838","chr9","114542319","114542607","55","36454232"
"chr2","151137355","151137604","chr14","21170276","21170525","40","129967079"
"chr2","151172352","151172638","chr8","93697187","93697481","43","57475165"
"chr2","151185728","151186034","chr18","11028760","11029065","46","140156968"
"chr2","151199256","151199558","chr13","39885762","39886059","40","111313494"
"chr2","151208985","151209193","chr6","68222911","68223117","24","82986074"
"chr2","151211539","151211850","chr3","108570361","108570666","43","42641178"
"chr2","151214084","151214390","chr6","68218349","68218645","49","82995735"
"chr2","151216210","151216496","chr7","70755193","70755479","36","80461017"
"chr2","151260132","151260389","chr11","65097858","65098116","53","86162274"
"chr2","151263453","151263744","chr6","17068239","17068542","48","134195214"
"chr2","151273509","151273821","chr9","95060973","95061282","48","56212536"
"chr2","151274061","151274372","chr6","18703661","18703971","42","132570400"
"chr2","151275043","151275282","chr5","44769776","44770013","27","106505267"
"chr2","151363034","151363334","chr3","3804205","3804512","48","147558829"
"chr2","151365357","151365644","chr5","8986390","8986675","39","142378967"
"chr2","151375965","151376253","chr15","20770296","20770585","44","130605669"
"chr2","151384690","151384983","chr18","41463106","41463395","46","109921584"
"chr2","151385614","151385916","chr9","115637925","115638221","33","35747689"
"chr2","151390522","151390827","chr5","40583702","40583998","45","110806820"
"chr2","151394885","151395191","chrX","47176701","47177007","44","104218184"
"chr2","151396452","151396750","chr2","9729815","9730110","49","141666637"
"chr2","151397931","151398240","chr2","128453977","128454288","38","22943954"
"chr2","151400416","151400689","chr2","80644634","80644911","45","70755782"
"chr2","151400706","151400879","chr12","4348306","4348486","34","147052400"
"chr2","151401188","151401323","chr16","49359145","49359281","22","102042043"
"chr2","151401511","151401802","chr2","56700759","56701042","42","94700752"
"chr2","151402030","151402342","chr1","184817871","184818171","51","33415841"
"chr2","151405514","151405815","chr6","17068239","17068542","50","134337275"
"chr2","151425661","151425978","chr22","33981676","33981980","49","117443985"
"chr2","151427641","151427783","chr6","139231067","139231202","26","12196574"
"chr2","151428080","151428241","chr7","149001425","149001575","34","2426655"
"chr2","151432008","151432309","chrX","60350699","60350998","49","91081309"
"chr2","151433461","151433754","chr6","147894727","147895020","47","3538734"
"chr2","151445537","151445838","chrX","131097094","131097399","52","20348443"
"chr2","151473293","151473579","chrX","62947794","62948081","56","88525499"
"chr2","151474397","151474676","chr17","69931558","69931839","45","81542839"
"chr2","151572040","151572339","chr1","100155424","100155723","41","51416616"
"chr2","151742113","151742422","chr6","67713402","67713709","35","84028711"
"chr2","151758297","151758606","chr2","192738409","192738717","35","40980112"
"chr2","151770338","151770647","chr18","39712282","39712591","40","112058056"
"chr2","151794322","151794627","chr1","135983511","135983815","41","15810811"
"chr2","151830431","151830726","chr14","21608481","21608771","45","130221950"
"chr2","151861561","151861858","chr1","138396027","138396325","45","13465534"
"chr2","151928642","151928931","chr12","109472703","109472985","55","42455939"
"chr2","151949767","151950069","chr7","53651921","53652230","51","98297846"
"chr2","151950937","151951225","chr6","67470784","67471068","32","84480153"
"chr2","151994234","151994505","chr10","218629","218896","49","151775605"
"chr2","152008290","152008599","chr19","27886998","27887296","47","124121292"
"chr2","152055016","152055311","chr10","16033492","16033786","39","136021524"
"chr2","152064394","152064682","chr1","202394399","202394681","31","50330005"
"chr2","152065133","152065401","chr10","85088466","85088732","38","66976667"
"chr2","152070775","152071065","chr1","201000462","201000755","40","48929687"
"chr2","152095652","152095952","chr17","34882535","34882834","49","117213117"
"chr2","152136887","152137187","chr7","144982540","144982842","45","7154347"
"chr2","152140853","152141168","chr9","8886595","8886904","43","143254258"
"chr2","152149497","152149797","chr6","17068239","17068542","39","135081258"
"chr2","152172587","152172890","chrX","107827107","107827417","46","44345480"
"chr2","152181667","152181948","chr10","101732804","101733077","44","50448863"
"chr2","152185686","152185990","chr22","33981676","33981980","45","118204010"
"chr2","152212228","152212514","chr2","128781220","128781506","46","23431008"
"chr2","152216826","152217132","chr10","117620910","117621216","39","34595916"
"chr2","152236195","152236433","chr6","67159358","67159569","42","85076837"
"chr2","152244852","152245137","chr6","67151360","67151637","47","85093492"
"chr2","152253467","152253713","chr7","130456932","130457176","40","21796535"
"chr2","152268726","152269036","chr10","117620910","117621216","45","34647816"
"chr2","152288048","152288335","chrX","107461815","107462102","51","44826233"
"chr2","152296165","152296462","chr1","193266464","193266759","37","40970299"
"chr2","152306861","152307164","chr2","67092766","67093073","37","85214095"
"chr2","152311581","152311874","chr22","26802808","26803099","52","125508773"
"chr2","152314533","152314851","chr2","858886","859191","66","151455647"
"chr2","152325690","152325980","chr1","16260675","16260970","44","136065015"
"chr2","152328866","152329168","chr1","138704511","138704815","40","13624355"
"chr2","152343302","152343594","chr9","16016919","16017208","41","136326383"
"chr2","152350763","152351052","chrUn_GL288779","8600","8889","35","152342163"
"chr2","152356130","152356423","chr9","103475047","103475342","46","48881083"
"chr2","152400151","152400465","chr3","106655459","106655766","51","45744692"
"chr2","152427265","152427563","chr4","144984738","144985034","43","7442527"
"chr2","152487778","152488078","chr2","150540166","150540472","48","1947612"
"chr2","152491673","152491971","chr4","21748719","21749015","46","130742954"
"chr2","152532600","152532907","chr12","87913370","87913678","34","64619230"
"chr2","152564441","152564750","chr10","101816662","101816963","44","50747779"
"chr2","152569728","152570030","chrX","45981223","45981523","37","106588505"
"chr2","152595963","152596261","chr17","34633366","34633667","50","117962597"
"chr2","152626050","152626336","chr2","8798514","8798801","44","143827536"
"chr2","152634155","152634451","chr10","14603732","14604030","35","138030423"
"chr2","152689536","152689835","chr11","17740738","17741037","52","134948798"
"chr2","152722621","152722921","chr5","94234310","94234606","43","58488311"
"chr2","152733263","152733562","chr5","38614488","38614784","44","114118775"
"chr2","152747568","152747870","chr9","93766565","93766871","42","58981003"
"chr2","152767662","152767944","chr19","16266278","16266559","41","136501384"
"chr2","152814111","152814396","chr7","130193146","130193436","51","22620965"
"chr2","152821455","152821765","chr1","121251145","121251442","42","31570310"
"chr2","152945250","152945557","chr7","49632330","49632627","43","103312920"
"chr2","152960233","152960539","chr9","99935150","99935455","37","53025083"
"chr2","153100747","153101055","chr5","38614488","38614784","54","114486259"
"chr2","153223681","153223994","chr1","138077483","138077787","55","15146198"
"chr2","153306754","153307034","chr7","43701136","43701414","51","109605618"
"chr2","153713494","153713783","chr16","54091968","54092259","43","99621526"
"chr2","154060344","154060651","chr1","155690848","155691150","55","1630504"
"chr2","154159106","154159434","chr12","29286803","29287123","47","124872303"
"chr2","154316931","154317231","chr18","4701650","4701950","39","149615281"
"chr2","154319384","154319679","chr1","137994127","137994418","40","16325257"
"chr2","154403172","154403483","chr12","51165410","51165713","54","103237762"
"chr2","154454381","154454660","chr1","165824005","165824294","49","11369624"
"chr2","154531864","154532069","chr5","89041817","89042021","34","65490047"
"chr2","154573805","154574101","chr4","156698023","156698319","31","2124218"
"chr2","154598199","154598509","chr5","150153039","150153350","52","4445160"
"chr2","154599049","154599338","chrX","17855428","17855719","42","136743621"
"chr2","154770880","154771186","chr1","148324511","148324816","46","6446369"
"chr2","154845689","154845983","chr6","17098595","17098886","36","137747094"
"chr2","154917185","154917322","chr6","44109882","44110016","25","110807303"
"chr2","154960525","154960805","chr14","32162126","32162408","46","122798399"
"chr2","155159867","155160139","chr6","64068264","64068546","46","91091603"
"chr2","155243226","155243312","chr2","11874524","11874610","10","143368702"
"chr2","155281765","155282057","chr4","14908055","14908338","50","140373710"
"chr2","155298848","155299143","chr6","15884928","15885227","54","139413920"
"chr2","155465807","155465990","chr15","6967945","6968130","27","148497862"
"chr2","155495207","155495507","chr2","31372053","31372354","39","124123154"
"chr2","155735513","155735800","chr6","63477270","63477540","53","92258243"
"chr2","155791068","155791190","chr6","49067549","49067673","15","106723519"
"chr2","155955806","155956107","chr12","21516757","21517063","36","134439049"
"chr2","155984612","155984914","chr1","10360913","10361217","51","145623699"
"chr2","156113346","156113648","chr5","102055820","102056121","42","54057526"
"chr2","156260620","156260901","chrX","17543907","17544194","43","138716713"
"chr2","156389559","156389853","chr7","63062538","63062830","40","93327021"
"chr2","156392975","156393280","chr12","28553718","28554019","40","127839257"
"chr2","156472314","156472621","chr5","134608851","134609157","42","21863463"
"chr2","156507017","156507307","chr5","94234310","94234606","41","62272707"
"chr2","156509763","156510081","chr6","132767618","132767935","40","23742145"
"chr2","156579315","156579631","chr7","66105076","66105385","47","90474239"
"chr2","156613749","156614056","chr3","106655459","106655766","50","49958290"
"chr2","156650807","156651118","chr6","7892688","7892995","43","148758119"
"chr2","156805474","156805779","chr2","5681073","5681382","49","151124401"
"chr2","156848349","156848637","chr4","62011501","62011784","41","94836848"
"chr2","156857363","156857664","chr2","18780256","18780558","40","138077107"
"chr2","156946041","156946331","chr2","141091123","141091408","44","15854918"
"chr2","156976917","156977206","chr7","63062538","63062830","42","93914379"
"chr2","156990531","156990838","chr2","94274126","94274432","47","62716405"
"chr2","157056648","157056919","chr7","12625452","12625715","39","144431196"
"chr2","157132874","157133162","chr5","84633061","84633356","39","72499813"
"chr2","157214095","157214215","chr5","130478058","130478184","15","26736037"
"chr2","157217847","157218139","chr1","92793023","92793318","53","64424824"
"chr2","157466169","157466459","chr9","106891453","106891749","45","50574716"
"chr2","157513114","157513252","chr8","29474193","29474329","17","128038921"
"chr2","157552112","157552432","chr12","4240854","4241177","48","153311258"
"chr2","157553901","157554209","chr13","63985086","63985395","47","93568815"
"chr2","157582871","157583160","chr6","118193957","118194249","50","39388914"
"chr2","157598543","157598836","chr4","168156555","168156848","40","10558012"
"chr2","157676119","157676407","chr11","43485145","43485437","49","114190974"
"chr2","157712033","157712136","chr7","12879902","12880008","15","144832131"
"chr2","157724333","157724638","chr9","99101995","99102300","42","58622338"
"chr2","157764193","157764507","chr11","108993011","108993317","56","48771182"
"chr2","157796271","157796569","chr15","61219971","61220268","55","96576300"
"chr2","157798543","157798827","chr1","202394399","202394681","39","44595856"
"chr2","157850108","157850411","chr7","30482621","30482927","44","127367487"
"chr2","157850675","157850974","chr6","104890898","104891194","42","52959777"
"chr2","157879713","157879998","chr2","55079404","55079690","35","102800309"
"chr2","157885726","157886020","chr9","110611874","110612164","42","47273852"
"chr2","157887026","157887330","chr13","18393383","18393690","35","139493643"
"chr2","157942748","157942996","chr7","58675876","58676123","40","99266872"
"chr2","157964131","157964436","chr11","74360467","74360765","42","83603664"
"chr2","157973939","157974232","chr6","21542187","21542481","39","136431752"
"chr2","157998520","157998800","chr5","83374990","83375267","44","74623530"
"chr2","158012264","158012566","chr2","13687630","13687935","46","144324634"
"chr2","158071279","158071578","chr22","17195235","17195526","40","140876044"
"chr2","158092948","158093219","chr9","18645261","18645527","44","139447687"
"chr2","158119729","158120038","chr9","29488558","29488865","48","128631171"
"chr2","158125410","158125719","chr6","17068239","17068542","48","141057171"
"chr2","158165759","158166058","chr8","91026095","91026389","47","67139664"
"chr2","158276158","158276460","chr11","22133329","22133631","39","136142829"
"chr2","158323920","158324216","chr1","69415676","69415962","49","88908244"
"chr2","158431656","158431927","chr6","113619457","113619730","47","44812199"
"chr2","158495981","158496280","chr12","48263346","48263644","44","110232635"
"chr2","158559875","158560165","chr15","20770296","20770585","35","137789579"
"chr2","158617901","158618188","chr9","91425073","91425372","43","67192828"
"chr2","158642043","158642323","chr2","80644634","80644911","39","77997409"
"chr2","158648718","158649004","chr2","7088245","7088531","42","151560473"
"chr2","158734021","158734357","chr9","38193430","38193752","60","120540591"
"chr2","158826510","158826814","chr13","35663090","35663393","28","123163420"
"chr2","158834317","158834583","chr8","89660449","89660717","33","69173868"
"chr2","158836637","158836947","chr1","184817871","184818171","46","25981234"
"chr2","158856150","158856430","chrX","105924911","105925188","53","52931239"
"chr2","158858506","158858796","chr7","11634809","11635092","52","147223697"
"chr2","158894944","158895226","chr18","44475738","44476020","50","114419206"
"chr2","158900565","158900855","chr13","96512019","96512310","52","62388546"
"chr2","158902433","158902715","chr8","116035364","116035646","43","42867069"
"chr2","158909063","158909355","chr11","82257931","82258225","38","76651132"
"chr2","158950004","158950300","chr5","75080426","75080719","39","83869578"
"chr2","158959949","158960236","chr5","2532160","2532447","41","156427789"
"chr2","158977319","158977609","chr7","89217839","89218129","41","69759480"
"chr2","159006013","159006318","chr6","124042038","124042343","50","34963975"
"chr2","159020114","159020425","chr16","22727973","22728268","54","136292141"
"chr2","159022464","159022756","chr1","82463476","82463771","44","76558988"
"chr2","159024473","159024765","chr6","151169944","151170233","35","7854529"
"chr2","159068754","159069039","chr19","4188463","4188738","43","154880291"
"chr2","159124076","159124355","chr4","98696895","98697167","45","60427181"
"chr2","159258377","159258677","chr5","60529593","60529894","42","98728784"
"chr2","159259033","159259324","chr2","11710590","11710879","41","147548443"
"chr2","159273417","159273719","chr9","11967801","11968108","36","147305616"
"chr2","159283810","159284111","chr4","88579677","88579978","46","70704133"
"chr2","159289371","159289666","chr14","83739394","83739686","34","75549977"
"chr2","159303461","159303666","chr12","109546877","109547082","30","49756584"
"chr2","159322995","159323284","chr12","34135524","34135815","45","125187471"
"chr2","159335265","159335563","chr6","17068239","17068542","40","142267026"
"chr2","159346424","159346715","chr6","59721887","59722171","42","99624537"
"chr2","159437635","159437938","chr1","168595556","168595859","46","9157921"
"chr2","159452818","159453126","chr11","116119274","116119581","41","43333544"
"chr2","159530689","159530991","chr10","20019754","20020054","41","139510935"
"chr2","159535240","159535540","chr4","43311502","43311796","41","116223738"
"chr2","159548998","159549301","chrX","90421778","90422079","41","69127220"
"chr2","159553115","159553421","chr6","17068239","17068542","41","142484876"
"chr2","159602855","159603162","chr10","117620910","117621216","49","41981945"
"chr2","159606923","159607154","chr5","120871632","120871860","39","38735291"
"chr2","159648126","159648437","chr7","90171236","90171541","46","69476890"
"chr2","159652927","159653238","chr6","18755612","18755919","44","140897315"
"chr2","159660622","159660895","chr16","92089757","92090031","46","67570865"
"chr2","159666599","159666882","chr11","97658809","97659082","45","62007790"
"chr2","159668788","159669087","chr12","49680976","49681271","48","109987812"
"chr2","159669967","159670270","chr5","60529593","60529894","43","99140374"
"chr2","159689361","159689671","chr4","158922649","158922955","41","766712"
"chr2","159695744","159696059","chr2","67226125","67226431","51","92469619"
"chr2","159729390","159729685","chr5","38614488","38614784","38","121114902"
"chr2","159745374","159745658","chrX","18828260","18828542","43","140917114"
"chr2","159801217","159801513","chr5","157537549","157537843","38","2263668"
"chr2","159809670","159809977","chr1","184817871","184818171","41","25008201"
"chr2","159811050","159811175","chr4","20953082","20953204","18","138857968"
"chr2","159839725","159840032","chrX","51626962","51627269","42","108212763"
"chr2","159877589","159877868","chr5","116508981","116509268","39","43368608"
"chr2","159942971","159943270","chr10","14603732","14604030","43","145339239"
"chr2","159986576","159986886","chr6","58979896","58980205","34","101006680"
"chr2","160031752","160032065","chr7","58166645","58166955","50","101865107"
"chr2","160111600","160111879","chr5","157967009","157967289","44","2144591"
"chr2","160161349","160161590","chr13","8973876","8974114","34","151187473"
"chr2","160163350","160163646","chr16","8351943","8352237","43","151811407"
"chr2","160177886","160178174","chr5","130983695","130983982","35","29194191"
"chr2","160178689","160178981","chr2","10593959","10594242","57","149584730"
"chr2","160207043","160207338","chr15","5688723","5689022","39","154518320"
"chr2","160230212","160230495","chr1","75555059","75555337","58","84675153"
"chr2","160258920","160259229","chr2","192738409","192738717","40","32479489"
"chr2","160265554","160265783","chr1","13272461","13272705","44","146993093"
"chr2","160337122","160337433","chr3","106655459","106655766","46","53681663"
"chr2","160559735","160560006","chr8","32901710","32901981","41","127658025"
"chr2","160644061","160644362","chr1","184817871","184818171","37","24173810"
"chr2","160654891","160655201","chr7","45344118","45344429","40","115310773"
"chr2","160669883","160670184","chr11","44091908","44092214","47","116577975"
"chr2","160739148","160739452","chr5","2000849","2001153","42","158738299"
"chr2","160832269","160832552","chr2","118887413","118887694","36","41944856"
"chr2","160907287","160907596","chr6","17068239","17068542","38","143839048"
"chr2","160938135","160938410","chrX","68962815","68963097","42","91975320"
"chr2","160938444","160938458","chr5","92524075","92524085","4","68414369"
"chr2","160991876","160992177","chr10","55872616","55872911","53","105119260"
"chr2","160997104","160997414","chr7","11543669","11543976","47","149453435"
"chr2","161032802","161033107","chr9","99101995","99102300","47","61930807"
"chr2","161054289","161054570","chr22","40879260","40879556","41","120175029"
"chr2","161069352","161069670","chrX","47176701","47177007","50","113892651"
"chr2","161080489","161080778","chr5","38614488","38614784","58","122466001"
"chr2","161127333","161127629","chr6","57805194","57805478","49","103322139"
"chr2","161150587","161150886","chr9","76086153","76086454","50","85064434"
"chr2","161157697","161157983","chr7","70755193","70755479","42","90402504"
"chr2","161196573","161196807","chr1","13737389","13737622","35","147459184"
"chr2","161212064","161212359","chr3","87832948","87833245","43","73379116"
"chr2","161252415","161252711","chr2","72221187","72221480","33","89031228"
"chr2","161258546","161258848","chr2","18780256","18780558","38","142478290"
"chr2","161263450","161263749","chr6","17068239","17068542","34","144195211"
"chr2","161295180","161295508","chr5","43497583","43497891","56","117797597"
"chr2","161296465","161296774","chr2","94274126","94274432","42","67022339"
"chr2","161300765","161301067","chr2","73418486","73418787","45","87882279"
"chr2","161313355","161313649","chr1","193266464","193266759","39","31953109"
"chr2","161320735","161321023","chr11","18173891","18174177","38","143146844"
"chr2","161322404","161322689","chr6","57611687","57611971","30","103710717"
"chr2","161364822","161365124","chr20","27822433","27822727","50","133542389"
"chr2","161443194","161443474","chr11","97658809","97659082","47","63784385"
"chr2","161451089","161451392","chr6","17068239","17068542","35","144382850"
"chr2","161508233","161508507","chr4","45633196","45633469","58","115875037"
"chr2","161547428","161547737","chr3","106655459","106655766","42","54891969"
"chr2","161658592","161658890","chr5","26961498","26961795","40","134697094"
"chr2","161673708","161674003","chr10","20827679","20827973","41","140846029"
"chr2","161726628","161726930","chr6","57107688","57107985","45","104618940"
"chr2","161742443","161742738","chr12","37232997","37233293","40","124509446"
"chr2","161753906","161754196","chr11","123716635","123716908","59","38037271"
"chr2","161836224","161836519","chr9","45396887","45397186","42","116439337"
"chr2","161918147","161918455","chr12","87913370","87913678","46","74004777"
"chr2","161980369","161980656","chr15","20770296","20770585","40","141210073"
"chr2","162028081","162028377","chr12","91879126","91879420","43","70148955"
"chr2","162055416","162055689","chr2","15218423","15218691","53","146836993"
"chr2","162097306","162097608","chr2","9018638","9018935","40","153078668"
"chr2","162117474","162117790","chr8","50068578","50068880","57","112048896"
"chr2","162131979","162132275","chr5","2532160","2532447","48","159599819"
"chr2","162161977","162162287","chr19","40166096","40166402","42","121995881"
"chr2","162221258","162221541","chr13","57414367","57414663","54","104806891"
"chr2","162420095","162420398","chr12","44183194","44183496","39","118236901"
"chr2","162598974","162599255","chr4","38332215","38332481","51","124266759"
"chr2","162659341","162659642","chr15","49359997","49360293","35","113299344"
"chr2","162737783","162738091","chr3","106655459","106655766","47","56082324"
"chr2","162752618","162752901","chr5","31371357","31371639","37","131381261"
"chr2","162773206","162773508","chr12","49321944","49322244","44","113451262"
"chr2","162807129","162807477","chr1","183250340","183250667","71","20443211"
"chr2","162941032","162941291","chr15","61667377","61667641","46","101273655"
"chr2","162955931","162956225","chr22","29825053","29825352","34","133130878"
"chr2","163094278","163094576","chr10","16033492","16033786","43","147060786"
"chr2","163359615","163359931","chrX","124381299","124381609","46","38978316"
"chr2","163488370","163488508","chr8","105529389","105529524","17","57958981"
"chr2","163489783","163490082","chr2","131563999","131564294","45","31925784"
"chr2","163513978","163514273","chr15","20770296","20770585","49","142743682"
"chr2","163526874","163527181","chr11","53806150","53806454","53","109720724"
"chr2","163574017","163574331","chr15","95064320","95064632","50","68509697"
"chr2","163643372","163643667","chr15","6011216","6011510","46","157632156"
"chr2","163695826","163696136","chr13","18393383","18393690","43","145302443"
"chr2","163697091","163697400","chr22","13872106","13872416","47","149824985"
"chr2","163839191","163839476","chr9","57369063","57369338","56","106470128"
"chr2","163884549","163884848","chr4","152020591","152020890","44","11863958"
"chr2","164007893","164008202","chr8","10498527","10498822","54","153509366"
"chr2","164203568","164203870","chr6","54521802","54522101","42","109681766"
"chr2","164212019","164212287","chr6","158045489","158045756","45","6166530"
"chr2","164371822","164372115","chr9","103613186","103613476","42","60758636"
"chr2","164394183","164394480","chr3","49985296","49985600","60","114408887"
"chr2","164401435","164401720","chr6","54342542","54342826","38","110058893"
"chr2","164494954","164495241","chr1","168355505","168355788","47","3860551"
"chr2","164516768","164517021","chr6","54223573","54223826","31","110293195"
"chr2","164539193","164539485","chr1","21791975","21792268","47","142747218"
"chr2","164580423","164580723","chr1","184817871","184818171","39","20237448"
"chr2","164636728","164637039","chr14","79148123","79148432","44","85488605"
"chr2","164639604","164639884","chr5","124143145","124143421","46","40496459"
"chr2","164673393","164673698","chr17","46418435","46418746","48","118254958"
"chr2","164707151","164707440","chr3","9338678","9338971","38","155368473"
"chr2","164775476","164775753","chr2","18997881","18998163","41","145777595"
"chr2","164807785","164807801","chr5","92524075","92524085","6","72283710"
"chr2","164807840","164808119","chr3","166033952","166034235","42","1226112"
"chr2","164815118","164815416","chr1","182969072","182969372","44","18153954"
"chr2","164851424","164851661","chr2","94147109","94147345","40","70704315"
"chr2","164949254","164949557","chr5","63326522","63326817","49","101622732"
"chr2","165003355","165003653","chr15","30443573","30443863","59","134559782"
"chr2","165008540","165008812","chr6","53713817","53714092","47","111294723"
"chr2","165133348","165133643","chr1","168595556","168595859","60","3462208"
"chr2","165149180","165149474","chr14","88477076","88477372","34","76672104"
"chr2","165160169","165160244","chr1","176872764","176872840","9","11712595"
"chr2","165366451","165366733","chr7","83477737","83478018","52","81888714"
"chr2","165461429","165461717","chr19","24203448","24203737","44","141257981"
"chr2","165477695","165478002","chr12","18536273","18536574","56","146941422"
"chr2","165482266","165482564","chr5","110323891","110324187","44","55158375"
"chr2","165515798","165516105","chr2","10759886","10760193","47","154755912"
"chr2","165525475","165525786","chr1","168595556","168595859","47","3070081"
"chr2","165645052","165645364","chr11","118075028","118075334","49","47570024"
"chr2","165652540","165652842","chr4","162252003","162252294","53","3400537"
"chr2","165724736","165725031","chr13","95665824","95666115","45","70058912"
"chr2","165754076","165754389","chr19","43463036","43463348","40","122291040"
"chr2","165761226","165761510","chr6","52951348","52951637","38","112809878"
"chr2","165762792","165763098","chr2","36118562","36118865","69","129644230"
"chr2","165769124","165769407","chr5","31371357","31371639","39","134397767"
"chr2","165809923","165810233","chrX","47176701","47177007","50","118633222"
"chr2","165821729","165822028","chrX","43662320","43662619","40","122159409"
"chr2","165950644","165950907","chrX","107074395","107074658","45","58876249"
"chr2","166038345","166038637","chr22","27525308","27525600","50","138513037"
"chr2","166097011","166097283","chr20","7774398","7774666","53","158322613"
"chr2","166124268","166124576","chr19","26467351","26467655","43","139656917"
"chr2","166200640","166200935","chr12","100785810","100786105","49","65414830"
"chr2","166207461","166207740","chrUn_GL286838","5758","6037","39","166201703"
"chr2","166353075","166353205","chr6","52362890","52363021","12","113990185"
"chr2","166367261","166367564","chr22","31270496","31270797","45","135096765"
"chr2","166498079","166498387","chr11","118075028","118075334","37","48423051"
"chr2","166557063","166557332","chr22","27309991","27310258","38","139247072"
"chr2","166604401","166604691","chr17","46834181","46834474","35","119770220"
"chr2","166756553","166756864","chr11","64363135","64363445","36","102393418"
"chr2","166817503","166817783","chr2","193447814","193448094","47","26630311"
"chr2","166934731","166935043","chr4","84292795","84293108","71","82641936"
"chr2","166996349","166996654","chr6","51659775","51660084","45","115336574"
"chr2","167054402","167054709","chr4","15705730","15706030","44","151348672"
"chr2","167076846","167077151","chr6","51587375","51587679","65","115489471"
"chr2","167146220","167146530","chr11","75298799","75299105","40","91847421"
"chr2","167193596","167193900","chr2","186851454","186851757","42","19657858"
"chr2","167341382","167341676","chr14","83739394","83739686","43","83601988"
"chr2","167342306","167342617","chr1","78550229","78550532","45","88792077"
"chr2","167373674","167373858","chr9","37658414","37658597","30","129715260"
"chr2","167428407","167428685","chr3","45152244","45152520","45","122276163"
"chr2","167535918","167536206","chr1","154255994","154256276","47","13279924"
"chr2","167544289","167544594","chr1","184817871","184818171","44","17273582"
"chr2","167616421","167616694","chr1","40046052","40046333","43","127570369"
"chr2","167645554","167645870","chr6","131260221","131260525","45","36385333"
"chr2","167711685","167711979","chr5","92860881","92861172","54","74850804"
"chr2","167781733","167782041","chr6","50911934","50912233","49","116869799"
"chr2","167804010","167804289","chr6","50890246","50890514","43","116913764"
"chr2","167879905","167880198","chr9","99776089","99776389","37","68103816"
"chr2","167908438","167908736","chr2","37164401","37164698","48","130744037"
"chr2","168004998","168005305","chr11","9456914","9457223","42","158548084"
"chr2","168015936","168016227","chr11","43485145","43485437","42","124530791"
"chr2","168018219","168018493","chr7","10524872","10525156","47","157493347"
"chr2","168019686","168020003","chr8","93090162","93090472","44","74929524"
"chr2","168057187","168057492","chr6","7892688","7892995","38","160164499"
"chr2","168124399","168124698","chr6","50558708","50559008","41","117565691"
"chr2","168194132","168194427","chr1","145176527","145176816","50","23017605"
"chr2","168223228","168223539","chr11","125799128","125799440","39","42424100"
"chr2","168242281","168242560","chr3","137011734","137012015","48","31230547"
"chr2","168255414","168255664","chr6","86694256","86694504","35","81561158"
"chr2","168278207","168278522","chr22","28997304","28997607","46","139280903"
"chr2","168295906","168296214","chr13","18393383","18393690","36","149902523"
"chr2","168318112","168318420","chr5","35735021","35735325","49","132583091"
"chr2","168464217","168464460","chr6","50197528","50197777","38","118266689"
"chr2","168520599","168520904","chr6","154513729","154514039","43","14006870"
"chr2","168581023","168581318","chr4","25542330","25542622","35","143038693"
"chr2","168703286","168703581","chr12","15722324","15722611","39","152980962"
"chr2","168711453","168711749","chr15","49359997","49360293","44","119351456"
"chr2","168719941","168720229","chr14","33643912","33644206","47","135076029"
"chr2","168835079","168835378","chrX","45459872","45460167","44","123375207"
"chr2","168838294","168838539","chr7","14985535","14985782","38","153852759"
"chr2","168853875","168854168","chr14","63994771","63995061","36","104859104"
"chr2","168864038","168864275","chr10","117816440","117816669","37","51047598"
"chr2","168933748","168934049","chr4","144984738","144985034","42","23949010"
"chr2","169203479","169203776","chr10","14603732","14604030","44","154599747"
"chr2","169224809","169225117","chr22","15341421","15341725","41","153883388"
"chr2","169276914","169277216","chr3","108570361","108570666","50","60706553"
"chr2","169284232","169284566","chr4","136438284","136438617","63","32845948"
"chr2","169293394","169293701","chr17","24010629","24010937","47","145282765"
"chr2","169329261","169329384","chr10","129553286","129553409","16","39775975"
"chr2","169335732","169336030","chr15","5688723","5689022","42","163647009"
"chr2","169336256","169336536","chr2","39544771","39545056","42","129791485"
"chr2","169350451","169350746","chr16","93965192","93965487","46","75385259"
"chr2","169389895","169390161","chr6","49172786","49173045","44","120217109"
"chr2","169412896","169413203","chr5","26961498","26961795","44","142451398"
"chr2","169423063","169423387","chr5","26961498","26961795","68","142461565"
"chr2","169429339","169429639","chr3","138159195","138159493","37","31270144"
"chr2","169437890","169438179","chr6","49141172","49141459","34","120296718"
"chr2","169460771","169461065","chr7","72246379","72246682","40","97214392"
"chr2","169468514","169468800","chr22","29295972","29296261","41","140172542"
"chr2","169483363","169483446","chr5","73118974","73119057","15","96364389"
"chr2","169489180","169489474","chr1","148395182","148395475","38","21093998"
"chr2","169491805","169492096","chrX","106830287","106830578","38","62661518"
"chr2","169517321","169517592","chr5","59630740","59631007","48","109886581"
"chr2","169538986","169539301","chr15","83479661","83479973","51","86059325"
"chr2","169548450","169548756","chr1","137129532","137129843","45","32418918"
"chr2","169552925","169553228","chr5","124212426","124212733","49","45340499"
"chr2","169556542","169556828","chr12","11789686","11789970","40","157766856"
"chr2","169561017","169561297","chr15","5891500","5891782","39","163669517"
"chr2","169569572","169569868","chr21","43075982","43076273","38","126493590"
"chr2","169576269","169576573","chr4","13606400","13606701","50","155969869"
"chr2","169576955","169577251","chr15","22915647","22915946","41","146661308"
"chr2","169579931","169580223","chr1","100819915","100820205","39","68760016"
"chr2","169594617","169594920","chr6","132767618","132767935","50","36826999"
"chr2","169596104","169596404","chr10","14603732","14604030","41","154992372"
"chr2","169604916","169605051","chr11","128885065","128885200","16","40719851"
"chr2","169605354","169605514","chr10","27469878","27470033","25","142135476"
"chr2","169622141","169622271","chr1","58462691","58462822","16","111159450"
"chr2","169632858","169632925","chr18","14713806","14713874","6","154919052"
"chr2","169651407","169651654","chr3","95203342","95203601","44","74448065"
"chr2","169660605","169660902","chr3","94762904","94763199","45","74897701"
"chr2","169678543","169678850","chrX","11334803","11335107","40","158343740"
"chr2","169684678","169684955","chr12","15581161","15581439","44","154103517"
"chr2","169737604","169737899","chr6","48835903","48836193","37","120901701"
"chr2","169765440","169765755","chr2","10571251","10571558","53","159194189"
"chr2","169804856","169805144","chr8","93697187","93697481","42","76107669"
"chr2","169809099","169809391","chr11","67036150","67036441","38","102772949"
"chr2","169825830","169826136","chr18","10830546","10830857","64","158995284"
"chr2","169826755","169827040","chr9","1932661","1932946","34","167894094"
"chr2","169849462","169849594","chr4","71763764","71763896","12","98085698"
"chr2","169864482","169864621","chr9","108604835","108604967","16","61259647"
"chr2","169864937","169865095","chr5","64547457","64547612","31","105317480"
"chr2","169866355","169866660","chr1","183989658","183989958","46","14123303"
"chr2","169921713","169921984","chr11","110382442","110382713","40","59539271"
"chr2","169932077","169932377","chr3","152941248","152941549","36","16990829"
"chr2","170001615","170001942","chr6","48581551","48581869","48","121420064"
"chr2","170007627","170007874","chr16","86399340","86399584","48","83608287"
"chr2","170097269","170097582","chrX","15478140","15478450","43","154619129"
"chr2","170164789","170165099","chr1","101977404","101977714","40","68187385"
"chr2","170187227","170187528","chr6","48392993","48393298","40","121794234"
"chr2","170304453","170304766","chr1","182478739","182479046","41","12174286"
"chr2","170329414","170329693","chr1","160994574","160994850","43","9334840"
"chr2","170338596","170338903","chr17","69075766","69076065","43","101262830"
"chr2","170347323","170347622","chr6","48220841","48221149","49","122126482"
"chr2","170393085","170393383","chr7","6894852","6895150","34","163498233"
"chr2","170416241","170416543","chr13","35663090","35663393","31","134753151"
"chr2","170491804","170492069","chr6","48063577","48063841","31","122428227"
"chr2","170494446","170494757","chr4","106597579","106597886","47","63896867"
"chr2","170507390","170507692","chr7","49632330","49632627","47","120875060"
"chr2","170555914","170556209","chr12","100785810","100786105","37","69770104"
"chr2","170564192","170564490","chr6","123805159","123805454","41","46759033"
"chr2","170569580","170569889","chr2","31372053","31372354","41","139197527"
"chr2","170621500","170621798","chr9","45396887","45397186","52","125224613"
"chr2","170648348","170648628","chr17","42857352","42857640","46","127790996"
"chr2","170649546","170649837","chrUn_GL286293","22081","22370","38","170627465"
"chr2","170683574","170683883","chr13","43465639","43465945","43","127217935"
"chr2","170730718","170731015","chr5","94234310","94234606","37","76496408"
"chr2","170735599","170735906","chrX","52368989","52369294","36","118366610"
"chr2","170738174","170738481","chr6","47819552","47819861","40","122918622"
"chr2","170765704","170766012","chr6","47794161","47794458","43","122971543"
"chr2","170790215","170790345","chr14","1341561","1341692","15","169448654"
"chr2","170790646","170790820","chr7","85958195","85958373","25","84832451"
"chr2","170850738","170851037","chrX","35289377","35289681","48","135561361"
"chr2","170855593","170855895","chr9","35373116","35373420","49","135482477"
"chr2","170889737","170889980","chrX","117776653","117776896","42","53113084"
"chr2","170903164","170903482","chr5","114232117","114232428","49","56671047"
"chr2","170913603","170913764","chr1","193982911","193983068","28","23069308"
"chr2","170921835","170922143","chr12","83078942","83079243","46","87842893"
"chr2","170990275","170990574","chr7","124795527","124795822","46","46194748"
"chr2","171003962","171004262","chr14","92639983","92640281","46","78363979"
"chr2","171072333","171072475","chr7","46093323","46093466","22","124979010"
"chr2","171072782","171072946","chrX","106480049","106480214","31","64592733"
"chr2","171086344","171086650","chrUn_GL286275","39781","40086","50","171046563"
"chr2","171104665","171104757","chr3","25652553","25652645","19","145452112"
"chr2","171105404","171105713","chr1","27883875","27884177","41","143221529"
"chr2","171110188","171110487","chr11","121808191","121808491","39","49301997"
"chr2","171119965","171120272","chr18","29127518","29127823","49","141992447"
"chr2","171123206","171123502","chr14","63994771","63995061","45","107128435"
"chr2","171142913","171143075","chr5","136197449","136197610","50","34945464"
"chr2","171143260","171143554","chrX","5042063","5042337","60","166101197"
"chr2","171145028","171145309","chr9","85009011","85009301","48","86136017"
"chr2","171168803","171169092","chr6","13168853","13169146","36","157999950"
"chr2","171190882","171191173","chr4","156698023","156698319","40","14492859"
"chr2","171197497","171197804","chrX","47176701","47177007","44","124020796"
"chr2","171222833","171223114","chr4","38209077","38209362","44","133013756"
"chr2","171227894","171228201","chr19","26467351","26467655","36","144760543"
"chr2","171235948","171236254","chr6","47336998","47337294","36","123898950"
"chr2","171257212","171257351","chr12","28074697","28074837","31","143182515"
"chr2","171257664","171257774","chr5","56039745","56039850","19","115217919"
"chr2","171291365","171291680","chr12","31281547","31281855","46","140009818"
"chr2","171294232","171294535","chr2","154533489","154533792","42","16760743"
"chr2","171301066","171301381","chr3","106655459","106655766","56","64645607"
"chr2","171335433","171335724","chr2","56700759","56701042","34","114634674"
"chr2","171341407","171341537","chr1","58462691","58462822","14","112878716"
"chr2","171356953","171357258","chr7","128555112","128555413","45","42801841"
"chr2","171439647","171439934","chr5","3696536","3696829","46","167743111"
"chr2","171449004","171449306","chr6","47119506","47119810","39","124329498"
"chr2","171454615","171454895","chr11","9503701","9503977","50","161950914"
"chr2","171461163","171461455","chr12","87671673","87671954","43","83789490"
"chr2","171464914","171465218","chr14","43386246","43386546","33","128078668"
"chr2","171467409","171467754","chrX","103122756","103123078","79","68344653"
"chr2","171472177","171472478","chr6","47097678","47097981","38","124374499"
"chr2","171486320","171486570","chr9","106988297","106988550","42","64498023"
"chr2","171487424","171487703","chr5","121146481","121146754","43","50340943"
"chr2","171495963","171496270","chr14","60435327","60435639","47","111060636"
"chr2","171505885","171506193","chr12","22318360","22318667","54","149187525"
"chr2","171533085","171533385","chr6","47031695","47031983","39","124501390"
"chr2","171533768","171534005","chr2","62798379","62798605","48","108735389"
"chr2","171536134","171536306","chr4","34157283","34157451","35","137378851"
"chr2","171536307","171536605","chr6","17068239","17068542","37","154468068"
"chr2","171536606","171536734","chr15","37735435","37735564","14","133801171"
"chr2","171539720","171540030","chr3","92279326","92279632","36","79260394"
"chr2","171540773","171541063","chr4","16350054","16350344","38","155190719"
"chr2","171545378","171545688","chr6","41026834","41027145","43","130518544"
"chr2","171606093","171606397","chr13","29271116","29271419","47","142334977"
"chr2","171622559","171622823","chr7","4938394","4938660","40","166684165"
"chr2","171628771","171629069","chr4","34838282","34838576","45","136790489"
"chr2","171651163","171651471","chr13","31331915","31332215","50","140319248"
"chr2","171698379","171698587","chr2","10927542","10927752","48","160770837"
"chr2","171698887","171698998","chr5","9657531","9657643","19","162041356"
"chr2","171710692","171710869","chr10","112554522","112554695","37","59156170"
"chr2","171711169","171711302","chr2","5644952","5645083","17","166066217"
"chr2","171737450","171737717","chr12","36819489","36819752","44","134917961"
"chr2","171770210","171770503","chr4","78780467","78780761","38","92989743"
"chr2","171776458","171776759","chr16","70530604","70530908","39","101245854"
"chr2","171821018","171821316","chr2","12679029","12679337","52","159141989"
"chr2","171842819","171843120","chr6","46705038","46705349","40","125137781"
"chr2","171849856","171850103","chr20","35673131","35673379","38","136176725"
"chr2","171860299","171860625","chr15","24667163","24667483","54","147193136"
"chr2","171865379","171865666","chr22","10937783","10938067","31","160927596"
"chr2","171871283","171871490","chr7","77932847","77933049","39","93938436"
"chr2","171880289","171880564","chr9","113874562","113874835","39","58005727"
"chr2","171888435","171888742","chr20","22923582","22923882","40","148964853"
"chr2","171902467","171902752","chr2","56700759","56701042","39","115201708"
"chr2","171914696","171914835","chr12","23912299","23912438","18","148002397"
"chr2","171915126","171915309","chr1","210333299","210333470","42","38418173"
"chr2","171960861","171961158","chr13","92797694","92797988","48","79163167"
"chr2","171985630","171985914","chr1","77941930","77942215","50","94043700"
"chr2","171997678","171997970","chr12","71285052","71285349","40","100712626"
"chr2","172001260","172001567","chr8","117209200","117209502","44","54792060"
"chr2","172001811","172002049","chr5","95024651","95024885","40","76977160"
"chr2","172007699","172007985","chr7","86196529","86196823","38","85811170"
"chr2","172010749","172011054","chr20","22923582","22923882","44","149087167"
"chr2","172013814","172014120","chr1","152980737","152981041","39","19033077"
"chr2","172015976","172016300","chr3","21104959","21105285","52","150911017"
"chr2","172029763","172030055","chr5","132893438","132893729","37","39136325"
"chr2","172044625","172044912","chr6","46495966","46496252","39","125548659"
"chr2","172068521","172068807","chr12","31252957","31253248","45","140815564"
"chr2","172114000","172114316","chr5","15342496","15342804","46","156771504"
"chr2","172120790","172121111","chr1","187418098","187418424","71","15297308"
"chr2","172122779","172122896","chr12","13560386","13560506","15","158562393"
"chr2","172137486","172137799","chr2","14938618","14938925","56","157198868"
"chr2","172174221","172174528","chr7","58858844","58859148","46","113315377"
"chr2","172180173","172180290","chr5","133716690","133716807","14","38463483"
"chr2","172203807","172204120","chr5","7574884","7575188","44","164628923"
"chr2","172207430","172207722","chr1","184817871","184818171","46","12610441"
"chr2","172220947","172221215","chrX","39387728","39387995","40","132833219"
"chr2","172257609","172257918","chrY","2049375","2049686","41","170208234"
"chr2","172401460","172401746","chr12","23481703","23481980","45","148919757"
"chr2","172406899","172407055","chr4","23792283","23792433","21","148614616"
"chr2","172466337","172466630","chr3","19865369","19865662","36","152600968"
"chr2","172485898","172486197","chr3","106655459","106655766","44","65830439"
"chr2","172531579","172531863","chr9","112589297","112589586","39","59942282"
"chr2","172581904","172582213","chr9","103532999","103533309","49","69048905"
"chr2","172585317","172585608","chr18","14865587","14865885","48","157719730"
"chr2","172604099","172604353","chr6","45914094","45914332","50","126690005"
"chr2","172634291","172634572","chr4","34845790","34846071","38","137788501"
"chr2","172645261","172645558","chr11","125828284","125828578","46","46816977"
"chr2","172694835","172695136","chr1","10143237","10143538","38","162551598"
"chr2","172703759","172704073","chr9","103532999","103533309","44","69170760"
"chr2","172720117","172720413","chr6","45801996","45802295","37","126918121"
"chr2","172911462","172911758","chr1","184988197","184988492","42","12076735"
"chr2","172915419","172915720","chr3","94762904","94763199","51","78152515"
"chr2","172923274","172923567","chr6","45584033","45584327","30","127339241"
"chr2","172986683","172986996","chr3","153217268","153217573","47","19769415"
"chr2","173134194","173134388","chr22","32196157","32196346","51","140938037"
"chr2","173134430","173134569","chr6","149129161","149129293","21","24005269"
"chr2","173200799","173200931","chr13","100347243","100347373","10","72853556"
"chr2","173230720","173231005","chr5","10785382","10785660","39","162445338"
"chr2","173232497","173232803","chr19","16198107","16198407","40","157034390"
"chr2","173245650","173245932","chr10","124125547","124125831","39","49120103"
"chr2","173260085","173260375","chr9","105379212","105379502","42","67880873"
"chr2","173309415","173309722","chr13","43694410","43694711","45","129615005"
"chr2","173344692","173345006","chr21","40584762","40585072","44","132759930"
"chr2","173372604","173372924","chr12","27257719","27258031","56","146114885"
"chr2","173426771","173427076","chr14","14218793","14219102","50","159207978"
"chr2","173614900","173615193","chr8","5171533","5171821","44","168443367"
"chr2","173729189","173729468","chr9","44537673","44537953","40","129191516"
"chr2","173745781","173746094","chr17","63975680","63975992","48","109770101"
"chr2","173846311","173846576","chr6","44623802","44624079","53","129222509"
"chr2","173859221","173859501","chr9","44537673","44537953","43","129321548"
"chr2","173863497","173863794","chr10","16033492","16033786","44","157830005"
"chr2","173882320","173882608","chr9","1932661","1932946","40","171949659"
"chr2","173901696","173901987","chr6","17068239","17068542","54","156833457"
"chr2","173911814","173912117","chr1","27883875","27884177","52","146027939"
"chr2","173931247","173931340","chrY","34828","34921","12","173896419"
"chr2","173942273","173942547","chr1","157040793","157041056","43","16901480"
"chr2","173944844","173944959","chr4","18881666","18881779","16","155063178"
"chr2","173953472","173953795","chr5","128544719","128545020","64","45408753"
"chr2","173967476","173967757","chr8","8002793","8003078","48","165964683"
"chr2","174002995","174003257","chr1","200720848","200721109","38","26717853"
"chr2","174018127","174018399","chr8","32478813","32479091","50","141539314"
"chr2","174020478","174020757","chr2","80644634","80644911","35","93375844"
"chr2","174064799","174065110","chr7","148985140","148985448","44","25079659"
"chr2","174066310","174066605","chr4","168156555","168156848","38","5909755"
"chr2","174068272","174068587","chr11","103432297","103432607","41","70635975"
"chr2","174165840","174166138","chrX","16935785","16936079","40","157230055"
"chr2","174214051","174214351","chr9","99776089","99776389","41","74437962"
"chr2","174219850","174220147","chr6","44224491","44224790","39","129995359"
"chr2","174234877","174235181","chr21","40446927","40447225","47","133787950"
"chr2","174241635","174241935","chr5","38614488","38614784","39","135627147"
"chr2","174263440","174263738","chr3","116821774","116822068","41","57441666"
"chr2","174279767","174280045","chr4","37824304","37824582","36","136455463"
"chr2","174280072","174280097","chr10","17789322","17789342","6","156490750"
"chr2","174296842","174297128","chrX","107798255","107798539","36","66498587"
"chr2","174297151","174297451","chr6","16595904","16596201","45","157701247"
"chr2","174299411","174299705","chr6","149644095","149644385","42","24655316"
"chr2","174317868","174318186","chrX","124381299","124381609","43","49936569"
"chr2","174358230","174358537","chr11","11474840","11475145","39","162883390"
"chr2","174433962","174434270","chr10","7233501","7233810","47","167200461"
"chr2","174434599","174434928","chr1","183250340","183250667","66","8815741"
"chr2","174457030","174457329","chr5","26961498","26961795","45","147495532"
"chr2","174467218","174467497","chr5","50667351","50667633","53","123799867"
"chr2","174497683","174497972","chr12","31252957","31253248","37","143244726"
"chr2","174504013","174504314","chr15","34119947","34120248","47","140384066"
"chr2","174514740","174515031","chr14","5921690","5921981","37","168593050"
"chr2","174518159","174518471","chr2","62697446","62697757","45","111820713"
"chr2","174538923","174539231","chr6","43911177","43911476","43","130627746"
"chr2","174553223","174553533","chr6","43895576","43895874","42","130657647"
"chr2","174596624","174596738","chr8","25829924","25830038","11","148766700"
"chr2","174751647","174751979","chr13","18130900","18131229","52","156620747"
"chr2","174786997","174787291","chr15","49359997","49360293","45","125427000"
"chr2","174867092","174867391","chr10","81511499","81511789","49","93355593"
"chr2","175000138","175000437","chr5","86230872","86231167","45","88769266"
"chr2","175009508","175009801","chr5","84717109","84717410","40","90292399"
"chr2","175024893","175025196","chr6","17068239","17068542","33","157956654"
"chr2","175038541","175038851","chr2","137593855","137594162","40","37444686"
"chr2","175064308","175064572","chr6","43345057","43345327","38","131719251"
"chr2","175085253","175085543","chr6","43327739","43328025","43","131757514"
"chr2","175086585","175086708","chr4","45099035","45099158","13","129987550"
"chr2","175094111","175094427","chr7","76330112","76330423","47","98763999"
"chr2","175099099","175099402","chr5","78960144","78960448","47","96138955"
"chr2","175132805","175133115","chr5","64309139","64309447","41","110823666"
"chr2","175159036","175159332","chr6","67414977","67415274","47","107744059"
"chr2","175164252","175164553","chr3","138159195","138159493","49","37005057"
"chr2","175199491","175199643","chr2","145213747","145213891","22","29985744"
"chr2","175200087","175200248","chr4","58300776","58300924","32","116899311"
"chr2","175296244","175296541","chr15","83010481","83010777","47","92285763"
"chr2","175578459","175578739","chr19","16281211","16281488","47","159297248"
"chr2","175622898","175623188","chr5","94234310","94234606","42","81388588"
"chr2","175850188","175850484","chr9","100523236","100523533","32","75326952"
"chr2","175867718","175868009","chr21","43075982","43076273","40","132791736"
"chr2","175882132","175882432","chr17","73665047","73665345","45","102217085"
"chr2","175906365","175906656","chr18","4009184","4009472","37","171897181"
"chr2","175966061","175966362","chr22","28997304","28997607","42","146968757"
"chr2","175993533","175993826","chr15","83010481","83010777","59","92983052"
"chr2","175997747","175998042","chr6","42350232","42350527","51","133647515"
"chr2","176009098","176009420","chr7","40582196","40582491","66","135426902"
"chr2","176014251","176014561","chr9","101796262","101796572","40","74217989"
"chr2","176017470","176017669","chr11","62988623","62988824","24","113028847"
"chr2","176060327","176060622","chr1","168595556","168595859","38","7464771"
"chr2","176207309","176207560","chr1","194846947","194847197","55","18639638"
"chr2","176209286","176209588","chr22","33981676","33981980","40","142227610"
"chr2","176241703","176242001","chr6","116291763","116292064","59","59949940"
"chr2","176302433","176302737","chrX","112877634","112877932","42","63424799"
"chr2","176313386","176313692","chr1","91574966","91575269","43","84738420"
"chr2","176337094","176337341","chr9","90640156","90640400","45","85696938"
"chr2","176343336","176343640","chr22","28997304","28997607","41","147346032"
"chr2","176344055","176344345","chr6","43666330","43666629","49","132677725"
"chr2","176387552","176387861","chr6","41962205","41962508","49","134425347"
"chr2","176388696","176388987","chr20","27529242","27529530","34","148859454"
"chr2","176405018","176405312","chr6","41943181","41943470","41","134461837"
"chr2","176467822","176468134","chr1","25957169","25957480","44","150510653"
"chr2","176607621","176607905","chr2","13271764","13272049","44","163335857"
"chr2","176622461","176622760","chr12","7765758","7766060","41","168856703"
"chr2","176753076","176753402","chr6","41574542","41574862","52","135178534"
"chr2","176756836","176757133","chr19","18047197","18047497","36","158709639"
"chr2","176830097","176830400","chr12","103967584","103967885","39","72862513"
"chr2","176916822","176917070","chr17","74612855","74613103","47","102303967"
"chr2","176918459","176918750","chr5","143023404","143023700","48","33895055"
"chr2","177027997","177028297","chr7","45979504","45979800","36","131048493"
"chr2","177099084","177099380","chr5","45000950","45001239","56","132098134"
"chr2","177113316","177113595","chr6","41187952","41188230","43","135925364"
"chr2","177173380","177173689","chr4","10274002","10274296","45","166899378"
"chr2","177195676","177195962","chr15","20770296","20770585","36","156425380"
"chr2","177199882","177200193","chr6","17068239","17068542","40","160131643"
"chr2","177203932","177204213","chr9","1932661","1932946","34","175271271"
"chr2","177209015","177209318","chr5","60409623","60409924","50","116799392"
"chr2","177237519","177237817","chr5","26961498","26961795","37","150276021"
"chr2","177288576","177288884","chr5","38171978","38172283","43","139116598"
"chr2","177290525","177290817","chr5","56217042","56217335","41","121073483"
"chr2","177298694","177298978","chr5","66580234","66580523","39","110718460"
"chr2","177331386","177331640","chr6","40493612","40493861","37","136837774"
"chr2","177374218","177374528","chr6","17068239","17068542","47","160305979"
"chr2","177379244","177379535","chr6","40449012","40449315","38","136930232"
"chr2","177470422","177470740","chr13","58808680","58808991","47","118661742"
"chr2","177522461","177522753","chr6","40318285","40318572","32","137204176"
"chr2","177560938","177561238","chr2","31372053","31372354","44","146188885"
"chr2","177631176","177631510","chr3","21104959","21105285","64","156526217"
"chr2","177645176","177645495","chr8","97594661","97594975","54","80050515"
"chr2","177654242","177654538","chr3","94762904","94763199","52","82891338"
"chr2","177666937","177667212","chr2","56700759","56701042","44","120966178"
"chr2","177830318","177830601","chr9","1932661","1932946","36","175897657"
"chr2","177874942","177875252","chr16","25492826","25493133","46","152382116"
"chr2","177911602","177911898","chr9","106891453","106891749","36","71020149"
"chr2","177991042","177991341","chr6","40603226","40603527","40","137387816"
"chr2","178047180","178047479","chr1","13783933","13784234","37","164263247"
"chr2","178075271","178075575","chr3","106655459","106655766","36","71419812"
"chr2","178099144","178099469","chr3","177773552","177773857","54","325592"
"chr2","178161811","178162121","chr6","59209406","59209717","39","118952405"
"chr2","178200248","178200550","chr2","133970498","133970799","43","44229750"
"chr2","178204014","178204323","chr5","140883167","140883472","57","37320847"
"chr2","178210528","178210823","chr1","183879392","183879684","51","5668864"
"chr2","178240287","178240547","chr7","43989282","43989541","47","134251005"
"chr2","178241417","178241715","chr13","57414367","57414663","43","120827050"
"chr2","178248923","178249238","chr7","103328929","103329224","48","74919994"
"chr2","178276372","178276672","chr10","55872616","55872911","30","122403756"
"chr2","178365886","178366190","chr6","39913967","39914270","46","138451919"
"chr2","178368805","178369096","chr6","39911073","39911373","40","138457732"
"chr2","178377830","178378128","chr12","31122344","31122642","37","147255486"
"chr2","178406395","178406692","chr7","63062538","63062830","38","115343857"
"chr2","178445732","178446030","chr13","39885762","39886059","39","138559970"
"chr2","178456484","178456789","chr6","39830245","39830537","45","138626239"
"chr2","178475238","178475527","chr10","16033492","16033786","33","162441746"
"chr2","178595985","178596290","chr22","28997304","28997607","30","149598681"
"chr2","178648407","178648709","chr10","14603732","14604030","34","164044675"
"chr2","178755434","178755743","chr15","5688723","5689022","45","173066711"
"chr2","178805061","178805364","chr3","150073804","150074104","42","28731257"
"chr2","178850929","178851224","chr3","139623739","139624033","39","39227190"
"chr2","178931884","178932183","chr19","46311782","46312073","49","132620102"
"chr2","179001823","179002117","chr13","9605244","9605533","40","169396579"
"chr2","179005625","179005907","chr6","39308770","39309039","45","139696855"
"chr2","179071544","179071842","chr18","9790500","9790798","41","169281044"
"chr2","179135472","179135808","chr7","54586977","54587300","67","124548495"
"chr2","179154984","179155215","chr6","39154988","39155229","36","139999996"
"chr2","179233443","179233749","chr4","158511095","158511398","49","20722348"
"chr2","179234496","179234622","chr5","112523260","112523386","15","66711236"
"chr2","179244176","179244487","chr12","84716889","84717196","46","94527287"
"chr2","179287608","179287910","chr1","175742404","175742704","45","3545204"
"chr2","179291018","179291306","chr9","114148520","114148804","55","65142498"
"chr2","179292898","179293199","chrX","69095527","69095826","42","110197371"
"chr2","179411693","179411985","chr18","5141985","5142278","40","174269708"
"chr2","179455609","179455901","chr13","101782563","101782851","49","77673046"
"chr2","179466641","179466944","chr21","38427933","38428243","45","141038708"
"chr2","179475767","179476041","chr22","6936307","6936585","36","172539460"
"chr2","179694648","179694956","chr15","20018055","20018360","37","159676593"
"chr2","179762916","179763203","chr13","9838981","9839265","48","169923935"
"chr2","179767957","179768249","chr5","10876020","10876309","41","168891937"
"chr2","179777770","179778030","chr1","136879586","136879848","45","42898184"
"chr2","180004381","180004681","chr7","73567641","73567941","59","106436740"
"chr2","180298256","180298516","chr7","150713928","150714189","42","29584328"
"chr2","180476824","180477117","chr4","144984738","144985034","44","35492086"
"chr2","180814338","180814622","chrX","18828260","18828542","40","161986078"
"chr2","181018971","181019259","chr6","119365724","119366021","44","61653247"
"chr2","181216009","181216303","chr5","10038314","10038610","42","171177695"
"chr2","181245963","181246048","chr9","38956283","38956361","19","142289680"
"chr2","181246078","181246196","chr11","60338302","60338420","14","120907776"
"chr2","181446432","181446630","chr6","37069076","37069270","40","144377356"
"chr2","181508414","181508721","chr2","203991405","203991713","50","22482991"
"chr2","181695507","181695795","chr12","20445398","20445691","51","161250109"
"chr2","181765063","181765374","chr4","42695729","42696041","45","139069334"
"chr2","181788220","181788507","chr4","152521651","152521939","50","29266569"
"chr2","181838078","181838372","chr9","38256996","38257291","31","143581082"
"chr2","182095710","182096008","chr2","67481848","67482151","59","114613862"
"chr2","182246395","182246711","chr4","155960845","155961156","47","26285550"
"chr2","182356496","182356739","chr1","175000063","175000324","56","7356433"
"chr2","182462959","182463268","chr7","45344118","45344429","44","137118841"
"chr2","182637640","182637934","chr6","35886399","35886688","27","146751241"
"chr2","182639306","182639579","chr1","172912020","172912294","50","9727286"
"chr2","182640738","182641042","chr2","183662984","183663286","42","1022246"
"chr2","182670838","182671118","chr6","102071356","102071636","41","80599482"
"chr2","182701390","182701671","chr3","150327115","150327400","45","32374275"
"chr2","182702118","182702402","chr5","151707348","151707630","38","30994770"
"chr2","182705505","182705812","chr1","172257719","172258009","54","10447786"
"chr2","182714569","182714858","chr4","156698023","156698319","45","26016546"
"chr2","182719246","182719527","chr6","35796307","35796577","51","146922939"
"chr2","182722658","182722901","chr16","54165903","54166145","45","128556755"
"chr2","182784046","182784348","chr1","168595556","168595859","51","14188490"
"chr2","182819514","182819816","chr5","25502393","25502687","52","157317121"
"chr2","182862759","182863064","chr6","35641591","35641896","44","147221168"
"chr2","182881382","182881676","chr4","108423646","108423945","45","74457736"
"chr2","182886321","182886622","chr4","7829805","7830112","40","175056516"
"chr2","182904132","182904445","chr3","151640910","151641219","48","31263222"
"chr2","182923277","182923569","chr6","35581014","35581308","41","147342263"
"chr2","182936871","182937142","chr20","7774398","7774666","45","175162473"
"chr2","182939248","182939547","chr6","35562396","35562697","46","147376852"
"chr2","182951387","182951666","chr6","35546234","35546509","39","147405153"
"chr2","182953516","182953817","chr6","17068239","17068542","43","165885277"
"chr2","182994356","182994666","chr21","40584762","40585072","45","142409594"
"chr2","183012622","183012922","chr12","2257312","2257617","52","180755310"
"chr2","183040891","183041203","chr18","10830546","10830857","42","172210345"
"chr2","183065206","183065500","chr1","175231041","175231331","54","7834165"
"chr2","183089825","183090071","chr11","115251333","115251572","39","67838492"
"chr2","183120164","183120467","chrX","47176701","47177007","42","135943463"
"chr2","183131939","183132006","chr14","64714658","64714724","10","118417281"
"chr2","183136808","183137102","chr7","96383773","96384067","42","86753035"
"chr2","183142485","183142779","chr5","94234310","94234606","37","88908175"
"chr2","183160387","183160677","chr6","35358890","35359181","45","147801497"
"chr2","183162324","183162593","chr6","35357056","35357315","42","147805268"
"chr2","183169360","183169668","chr5","14709012","14709297","74","168460348"
"chr2","183229907","183230202","chr6","35294024","35294314","43","147935883"
"chr2","183279663","183279966","chr5","39910644","39910945","55","143369019"
"chr2","183363570","183363861","chr6","3942808","3943099","48","179420762"
"chr2","183393751","183394016","chr2","39261925","39262177","51","144131826"
"chr2","183504592","183504900","chr1","201369278","201369591","41","17864686"
"chr2","183601095","183601397","chr2","31372053","31372354","58","152229042"
"chr2","183711636","183711910","chr2","152266882","152267149","55","31444754"
"chr2","183719751","183720044","chr2","37096231","37096518","41","146623520"
"chr2","183790770","183791078","chr22","28997304","28997607","49","154793466"
"chr2","183905365","183905683","chr1","25957169","25957480","49","157948196"
"chr2","183923072","183923366","chr12","78922592","78922887","43","105000480"
"chr2","184052494","184052804","chr5","124338115","124338421","43","59714379"
"chr2","184055741","184056052","chr10","90431710","90432016","44","93624031"
"chr2","184083887","184084179","chrUn_GL286451","157235","157528","48","183926652"
"chr2","184092760","184093062","chr2","60819266","60819572","47","123273494"
"chr2","184430133","184430462","chr17","54870851","54871173","52","129559282"
"chr2","184447821","184448112","chr7","63062538","63062830","48","121385283"
"chr2","184464424","184464739","chr3","108570361","108570666","61","75894063"
"chr2","184478149","184478435","chrX","105924911","105925188","49","78553238"
"chr2","184478463","184478478","chrX","140734729","140734741","3","43743734"
"chr2","184632409","184632677","chr5","75030413","75030685","61","109601996"
"chr2","184693930","184694247","chr13","12881556","12881873","55","171812374"
"chr2","184940212","184940497","chrX","66146500","66146784","43","118793712"
"chr2","184962014","184962139","chr13","59268009","59268133","24","125694005"
"chr2","184964143","184964445","chr19","27021921","27022220","38","157942222"
"chr2","185016141","185016433","chr5","94234310","94234606","47","90781831"
"chr2","185131613","185131906","chrX","111591699","111591994","39","73539914"
"chr2","185394371","185394667","chr22","36640923","36641218","41","148753448"
"chr2","185433183","185433496","chr1","137129532","137129843","53","48303651"
"chr2","185490621","185490924","chr9","106891453","106891749","53","78599168"
"chr2","185663339","185663643","chr2","61800729","61801029","44","123862610"
"chr2","185775989","185776274","chr1","117763781","117764065","54","68012208"
"chr2","185811186","185811485","chr16","33828417","33828713","38","151982769"
"chr2","185853175","185853486","chr13","15255284","15255587","43","170597891"
"chr2","186119682","186119960","chr8","37025846","37026103","60","149093836"
"chr2","186120782","186121075","chr10","46916961","46917259","50","139203821"
"chr2","186190880","186191151","chr4","37824304","37824582","48","148366576"
"chr2","186275949","186276250","chr10","81273718","81274013","43","105002231"
"chr2","186378322","186378670","chr13","61846841","61847189","68","124531481"
"chr2","186542326","186542624","chr12","22341026","22341325","37","164201300"
"chr2","186596453","186596698","chr7","24573963","24574211","32","162022490"
"chr2","186668218","186668538","chr5","72704603","72704922","49","113963615"
"chr2","186676320","186676599","chr1","191798093","191798360","57","5121773"
"chr2","186744831","186745101","chr11","97658809","97659082","44","89086022"
"chr2","186893951","186894196","chr1","143336046","143336292","46","43557905"
"chr2","186945076","186945361","chr12","18122313","18122592","46","168822763"
"chr2","186945454","186945538","chr13","117478034","117478117","10","69467420"
"chr2","186946236","186946500","chr3","6494628","6494898","40","180451608"
"chr2","186954616","186954912","chr5","94234310","94234606","40","92720306"
"chr2","186975735","186976045","chr7","51955248","51955558","47","135020487"
"chr2","186983833","186984132","chr12","31122344","31122642","40","155861489"
"chr2","187340800","187340895","chr6","102524580","102524663","21","84816220"
"chr2","187540609","187540920","chr2","48786213","48786524","47","138754396"
"chr2","187684835","187685138","chr19","38640517","38640819","41","149044318"
"chr2","187740574","187740857","chr9","100245523","100245805","42","87495051"
"chr2","187790023","187790275","chr6","102945413","102945669","47","84844610"
"chr2","187818028","187818328","chr3","150254759","150255055","37","37563269"
"chr2","187925177","187925482","chrX","47176701","47177007","44","140748476"
"chr2","187948005","187948325","chr12","31281547","31281855","54","156666458"
"chr2","187994072","187994305","chr6","103156239","103156469","43","84837833"
"chr2","188005100","188005441","chr10","90431710","90432016","71","97573390"
"chr2","188153750","188154056","chr6","43666330","43666629","41","144487420"
"chr2","188174975","188175269","chr10","126287645","126287938","40","61887330"
"chr2","188180394","188180681","chr9","107821108","107821398","43","80359286"
"chr2","188207888","188208180","chrX","16692831","16693132","48","171515057"
"chr2","188210849","188211154","chr1","168595556","168595859","39","19615293"
"chr2","188278566","188278823","chr14","84132948","84133193","64","104145618"
"chr2","188305789","188306077","chr1","201839779","201840070","41","13533990"
"chr2","188332181","188332482","chr6","103499136","103499434","38","84833045"
"chr2","188337149","188337439","chr9","101363360","101363655","40","86973789"
"chr2","188343793","188344107","chr1","194702108","194702412","53","6358315"
"chr2","188368300","188368579","chr10","113826954","113827238","46","74541346"
"chr2","188483919","188484207","chr7","145164494","145164784","57","43319425"
"chr2","188842528","188842836","chr3","149961985","149962295","45","38880543"
"chr2","188874325","188874509","chr9","41986397","41986581","31","146887928"
"chr2","188886966","188887284","chr13","16635261","16635571","53","172251705"
"chr2","188947154","188947475","chr21","40584762","40585072","51","148362392"
"chr2","189023024","189023273","chrX","117776653","117776896","42","71246371"
"chr2","189059568","189059884","chr6","17370362","17370660","63","171689206"
"chr2","189099385","189099644","chr8","25287298","25287560","41","163812087"
"chr2","189132639","189132930","chr1","82463476","82463771","38","106669163"
"chr2","189148858","189149133","chr6","148548255","148548531","45","40600603"
"chr2","189247580","189247879","chr9","115637925","115638221","42","73609655"
"chr2","189295322","189295622","chr4","162252003","162252294","46","27043319"
"chr2","189325815","189326124","chr5","134608851","134609157","38","54716964"
"chr2","189326789","189327072","chr4","34845790","34846071","39","154480999"
"chr2","189327111","189327124","chrX","140734729","140734741","2","48592382"
"chr2","189448215","189448305","chr14","72916198","72916284","22","116532017"
"chr2","189450348","189450611","chr17","63995118","63995389","61","125455230"
"chr2","189454963","189455257","chr10","14603732","14604030","39","174851231"
"chr2","189472937","189473245","chr22","31767114","31767422","44","157705823"
"chr2","189491847","189492149","chr15","25321014","25321315","47","164170833"
"chr2","189554887","189555194","chr19","43463036","43463348","45","146091851"
"chr2","189598630","189598894","chr6","104770826","104771089","35","84827804"
"chr2","189632229","189632530","chr1","98572733","98573027","53","91059496"
"chr2","189644348","189644603","chr7","65593392","65593633","42","124050956"
"chr2","189655729","189656019","chr1","163381580","163381871","35","26274149"
"chr2","189659225","189659509","chr6","106431194","106431483","38","83228031"
"chr2","189699674","189699965","chr5","145021706","145021988","49","44677968"
"chr2","189731364","189731668","chr3","106655459","106655766","35","83075905"
"chr2","189734717","189734974","chr7","28543437","28543698","41","161191280"
"chr2","189744876","189744990","chr5","84159974","84160090","11","105584902"
"chr2","189745030","189745200","chrX","107323132","107323304","25","82421898"
"chr2","189769102","189769405","chr12","14388541","14388831","50","175380561"
"chr2","189793922","189794055","chr10","15838990","15839119","23","173954932"
"chr2","189794117","189794414","chr21","40446927","40447225","43","149347190"
"chr2","189811306","189811609","chr6","104933920","104934227","46","84877386"
"chr2","189843013","189843309","chr7","4456101","4456396","38","185386912"
"chr2","189845729","189846023","chr2","159959895","159960193","47","29885834"
"chr2","189901327","189901636","chr3","106655459","106655766","45","83245868"
"chr2","189908200","189908496","chr10","98072767","98073062","37","91835433"
"chr2","189951195","189951501","chr6","17068239","17068542","43","172882956"
"chr2","189978339","189978634","chrX","69126951","69127253","43","120851388"
"chr2","189980339","189980634","chr6","43666330","43666629","43","146314009"
"chr2","190067920","190068073","chr6","105200845","105200997","22","84867075"
"chr2","190248581","190248888","chr6","17068239","17068542","48","173180342"
"chr2","190273111","190273421","chr21","40584762","40585072","36","149688349"
"chr2","190287069","190287361","chr9","107280416","107280711","39","83006653"
"chr2","190335511","190335810","chr8","35211922","35212220","44","155123589"
"chr2","190345717","190346005","chr22","10286252","10286536","40","180059465"
"chr2","190358377","190358517","chr6","105526448","105526586","11","84831929"
"chr2","190364591","190364903","chr10","16033492","16033786","48","174331099"
"chr2","190382230","190382523","chr1","172257719","172258009","54","18124511"
"chr2","190387091","190387381","chr1","15402428","15402720","35","174984663"
"chr2","190406312","190406605","chr10","14603732","14604030","38","175802580"
"chr2","190438233","190438526","chr6","105615593","105615874","33","84822640"
"chr2","190465711","190465958","chr10","7083358","7083604","40","183382353"
"chr2","190516810","190517114","chr1","202849760","202850061","45","12332950"
"chr2","190530882","190531022","chr7","56002444","56002584","19","134528438"
"chr2","190542214","190542511","chr15","22391678","22391973","39","168150536"
"chr2","190575612","190575885","chr8","25287298","25287560","42","165288314"
"chr2","190666425","190666708","chr1","77225566","77225863","45","113440859"
"chr2","190702279","190702552","chr6","105903298","105903574","38","84798981"
"chr2","190704575","190704865","chr10","14603732","14604030","44","176100843"
"chr2","190761585","190761883","chr3","84624674","84624979","41","106136911"
"chr2","190949412","190949704","chr10","27869408","27869703","45","163080004"
"chr2","191047667","191047965","chr5","114164972","114165268","38","76882695"
"chr2","191136470","191136766","chr20","42344201","42344495","46","148792269"
"chr2","191159845","191160156","chr5","19163464","19163772","42","171996381"
"chr2","191168352","191168649","chr10","126287645","126287938","44","64880707"
"chr2","191186167","191186450","chr15","37619139","37619418","43","153567028"
"chr2","191273112","191273422","chr2","171330283","171330586","40","19942829"
"chr2","191284638","191284933","chr1","168355505","168355788","47","22929133"
"chr2","191310210","191310502","chr5","79752580","79752868","42","111557630"
"chr2","191426277","191426591","chr2","168879156","168879455","50","22547121"
"chr2","191452755","191453037","chr15","71401826","71402113","40","120050929"
"chr2","191465479","191465753","chr6","106764368","106764625","43","84701111"
"chr2","191473566","191473872","chr5","110918761","110919060","42","80554805"
"chr2","191505857","191506170","chr10","90431710","90432016","38","101074147"
"chr2","191516839","191517147","chr12","18910665","18910972","41","172606174"
"chr2","191523533","191523857","chr8","48321467","48321792","58","143202066"
"chr2","191532602","191532894","chr5","2532160","2532447","32","189000442"
"chr2","191550807","191551122","chr6","106862679","106862987","37","84688128"
"chr2","191559376","191559674","chr5","2298333","2298635","40","189261043"
"chr2","191562724","191562990","chr21","40851038","40851313","38","150711686"
"chr2","191617139","191617451","chr1","82669756","82670065","43","108947383"
"chr2","191619749","191620021","chr9","88723812","88724085","38","102895937"
"chr2","191644113","191644425","chr2","62697446","62697757","44","128946667"
"chr2","191679390","191679675","chr1","42156505","42156788","45","149522885"
"chr2","191684855","191685156","chr14","37134873","37135169","45","154549982"
"chr2","191726245","191726541","chr9","106891453","106891749","44","84834792"
"chr2","191750170","191750471","chr2","60819266","60819572","36","130930904"
"chr2","191872122","191872399","chr9","107321008","107321282","57","84551114"
"chr2","192141171","192141482","chr3","11970151","11970462","43","180171020"
"chr2","192521342","192521645","chr9","39266652","39266954","42","153254690"
"chr2","192531604","192531915","chr6","107755555","107755860","64","84776049"
"chr2","192581255","192581574","chr18","39712282","39712591","57","152868973"
"chr2","192603606","192603909","chr15","22401594","22401899","40","170202012"
"chr2","192909407","192909672","chr6","108198706","108198961","36","84710701"
"chr2","193158657","193158957","chr17","34882535","34882834","40","158276122"
"chr2","193255277","193255546","chr20","7774398","7774666","44","185480879"
"chr2","193393763","193394071","chrX","47176701","47177007","50","146217062"
"chr2","193432468","193432681","chr22","40622618","40622839","37","152809850"
"chr2","193513636","193513947","chr3","106655459","106655766","46","86858177"
"chr2","193598111","193598420","chr1","168595556","168595859","47","25002555"
"chr2","193605447","193605736","chr10","13508919","13509206","37","180096528"
"chr2","193654921","193655231","chr12","88501735","88502061","64","105153186"
"chr2","193664650","193664945","chr12","100785810","100786105","48","92878840"
"chr2","193725746","193726023","chr10","19781273","19781542","51","173944473"
"chr2","193803254","193803544","chr6","108964261","108964551","50","84838993"
"chr2","193859200","193859490","chr13","31945061","31945345","42","161914139"
"chr2","193910344","193910651","chr5","2298333","2298635","41","191612011"
"chr2","193938593","193938879","chr12","97585666","97585949","47","96352927"
"chr2","194024211","194024457","chr8","110461208","110461464","50","83563003"
"chr2","194055652","194055948","chr5","94234310","94234606","35","99821342"
"chr2","194408493","194408802","chr2","56282165","56282473","40","138126328"
"chr2","194460800","194461090","chr12","29333369","29333657","44","165127431"
"chr2","194548240","194548543","chr18","29127518","29127823","46","165420722"
"chr2","194918337","194918560","chr5","76283202","76283426","33","118635135"
"chr2","194930022","194930325","chr6","17098595","17098886","49","177831427"
"chr2","194931836","194932148","chr2","171330283","171330586","47","23601553"
"chr2","195096766","195097070","chr5","137130188","137130492","50","57966578"
"chr2","195192880","195193168","chr22","30202132","30202421","38","164990748"
"chr2","195198490","195198845","chr12","12589936","12590277","86","182608554"
"chr2","195415821","195416100","chr12","19062740","19063019","37","176353081"
"chr2","195474915","195475215","chrUn_GL286451","117883","118189","34","195357032"
"chr2","195504365","195504672","chr22","31767114","31767422","44","163737251"
"chr2","195520320","195520602","chr20","7774398","7774666","47","187745922"
"chr2","195541892","195542191","chr7","32099825","32100120","42","163442067"
"chr2","195545510","195545815","chr10","127954939","127955242","42","67590571"
"chr2","195547867","195548120","chr13","47729333","47729584","46","147818534"
"chr2","195553009","195553318","chr6","110788385","110788694","44","84764624"
"chr2","195557909","195558209","chr18","9779064","9779338","72","185778845"
"chr2","195561842","195562150","chr20","35366546","35366853","41","160195296"
"chr2","195565786","195566094","chr3","106655459","106655766","36","88910327"
"chr2","195580864","195581145","chrX","17243808","17244094","38","178337056"
"chr2","195602152","195602443","chr13","94652699","94652996","43","100949453"
"chr2","195651484","195651774","chr4","36646587","36646878","39","159004897"
"chr2","195719613","195719785","chr17","34108233","34108402","30","161611380"
"chr2","195720090","195720226","chr22","17035586","17035722","13","178684504"
"chr2","195780467","195780754","chr4","38209077","38209362","34","157571390"
"chr2","195791885","195792188","chr3","106655459","106655766","48","89136426"
"chr2","195807153","195807456","chr20","515212","515510","33","195291941"
"chr2","195849586","195849901","chr18","39712282","39712591","57","156137304"
"chr2","195916576","195916818","chr8","93832044","93832288","38","102084532"
"chr2","195919352","195919644","chr6","111193465","111193756","35","84725887"
"chr2","195922865","195923162","chr12","37232997","37233293","38","158689868"
"chr2","195924316","195924606","chr10","16033492","16033786","36","179890824"
"chr2","195956370","195956664","chr5","25502393","25502687","36","170453977"
"chr2","196010139","196010446","chr1","77314564","77314866","45","118695575"
"chr2","196020608","196020911","chr22","33925235","33925530","42","162095373"
"chr2","196021847","196022138","chr10","126287645","126287938","40","69734202"
"chr2","196081098","196081393","chr9","65621114","65621411","39","130459984"
"chr2","196095695","196095946","chr16","88125752","88126009","45","107969943"
"chr2","196110764","196110783","chr10","17789322","17789342","5","178321442"
"chr2","196110822","196111103","chr9","44537673","44537953","41","151573149"
"chr2","196135500","196135800","chr2","60819266","60819572","32","135316234"
"chr2","196156921","196157168","chr3","164416344","164416606","49","31740577"
"chr2","196210618","196210923","chr6","148215658","148215964","40","47994960"
"chr2","196218534","196218688","chr13","57428993","57429140","26","138789541"
"chr2","196251917","196252178","chr5","86972887","86973150","47","109279030"
"chr2","196262567","196262858","chr6","111552923","111553217","42","84709644"
"chr2","196340316","196340621","chr3","80802077","80802383","37","115538239"
"chr2","196350088","196350384","chr16","677732","678031","42","195672356"
"chr2","196411731","196412033","chr2","31372053","31372354","44","165039678"
"chr2","196468013","196468293","chr5","120794143","120794413","47","75673870"
"chr2","196491220","196491357","chr5","61830311","61830440","25","134660909"
"chr2","196501291","196501550","chr4","153225443","153225684","65","43275848"
"chr2","196518374","196518678","chr2","11642004","11642310","39","184876370"
"chr2","196548048","196548357","chrX","122761555","122761865","43","73786493"
"chr2","196574148","196574454","chr10","117620910","117621216","42","78953238"
"chr2","196588920","196589220","chr2","61800729","61801029","46","134788191"
"chr2","196644833","196645137","chr1","129322382","129322682","46","67322451"
"chr2","196702378","196702649","chr13","47729333","47729584","68","148973045"
"chr2","196768041","196768318","chr7","60622958","60623238","46","136145083"
"chr2","196779131","196779392","chr10","85088466","85088732","40","111690665"
"chr2","196795029","196795337","chr21","38026738","38027048","50","158768291"
"chr2","196860250","196860563","chr5","124338115","124338421","47","72522135"
"chr2","196870286","196870585","chr5","128544719","128545020","48","68325567"
"chr2","197003025","197003320","chr9","65621114","65621411","54","131381911"
"chr2","197009390","197009668","chr4","38209077","38209362","44","158800313"
"chr2","197019785","197020115","chr9","112380720","112381047","52","84639065"
"chr2","197040377","197040676","chr10","14603732","14604030","37","182436645"
"chr2","197111361","197111660","chr20","2006121","2006422","39","195105240"
"chr2","197222824","197223111","chr22","30202132","30202421","37","167020692"
"chr2","197258073","197258270","chr12","4348306","4348486","51","192909767"
"chr2","197258296","197258398","chr4","15473508","15473615","17","181784788"
"chr2","197262622","197262928","chr6","17068239","17068542","48","180194383"
"chr2","197265225","197265546","chr7","145367752","145368069","53","51897473"
"chr2","197278358","197278631","chr4","22354336","22354609","50","174924022"
"chr2","197284605","197284898","chr3","116821774","116822068","40","80462831"
"chr2","197287739","197288049","chr15","6365808","6366117","42","190921931"
"chr2","197322459","197322764","chr6","17068239","17068542","38","180254220"
"chr2","197334644","197334944","chr17","55278494","55278789","43","142056150"
"chr2","197338441","197338741","chr6","17068239","17068542","35","180270202"
"chr2","197344215","197344511","chr8","1097225","1097520","43","196246990"
"chr2","197348451","197348735","chr5","38456197","38456475","45","158892254"
"chr2","197350901","197351215","chr3","108570361","108570666","54","88780540"
"chr2","197366995","197367306","chrX","47176701","47177007","38","150190294"
"chr2","197372076","197372366","chrX","17930524","17930805","46","179441552"
"chr2","197373350","197373647","chr13","95665824","95666115","40","101707526"
"chr2","197377901","197378136","chr3","3310239","3310475","37","194067662"
"chr2","197386021","197386313","chr3","45658377","45658667","40","151727644"
"chr2","197397514","197397814","chr12","115383799","115384092","43","82013715"
"chr2","197424219","197424510","chr1","137994127","137994418","50","59430092"
"chr2","197428612","197428877","chr1","15784391","15784654","42","181644221"
"chr2","197432591","197432893","chr3","106655459","106655766","51","90777132"
"chr2","197471660","197471956","chr2","1927884","1928176","36","195543776"
"chr2","197476300","197476613","chr5","107592159","107592460","52","89884141"
"chr2","197487268","197487545","chrX","17930524","17930805","45","179556744"
"chr2","197488591","197488876","chr11","15686953","15687243","46","181801638"
"chr2","197522324","197522630","chr2","114528005","114528309","38","82994319"
"chr2","197532818","197533113","chr8","93697187","93697481","39","103835631"
"chr2","197544096","197544371","chr5","1246545","1246823","44","196297551"
"chr2","197553739","197554036","chr7","72373538","72373831","33","125180201"
"chr2","197554241","197554532","chr7","70195815","70196104","44","127358426"
"chr2","197556917","197557160","chr5","3672109","3672360","45","193884808"
"chr2","197557184","197557501","chr11","106664928","106665234","49","90892256"
"chr2","197557905","197558206","chr10","22559240","22559536","34","174998665"
"chr2","197561972","197562261","chr10","82178981","82179276","60","115382991"
"chr2","197567881","197568204","chr12","27257719","27258031","52","170310162"
"chr2","197569661","197569952","chr20","12401994","12402298","44","185167667"
"chr2","197574586","197574870","chr10","17484607","17484893","38","180089979"
"chr2","197608311","197608612","chr17","69075766","69076065","39","128532545"
"chr2","197622294","197622605","chr15","72185705","72186015","48","125436589"
"chr2","197623467","197623659","chr7","85958195","85958373","38","111665272"
"chr2","197623963","197624098","chr1","172218988","172219121","15","25404975"
"chr2","197624680","197624962","chr6","112925810","112926112","51","84698870"
"chr2","197654716","197655013","chr10","16169668","16169965","44","181485048"
"chr2","197666077","197666375","chr5","124338115","124338421","45","73327962"
"chr2","197666990","197667284","chr6","112952479","112952776","41","84714511"
"chr2","197679169","197679459","chr5","65031296","65031585","44","132647873"
"chr2","197685876","197686163","chr7","43970240","43970527","49","153715636"
"chr2","197875004","197875294","chr6","113196838","113197136","38","84678166"
"chr2","197886131","197886441","chr9","101796262","101796572","36","96089869"
"chr2","197907231","197907488","chr7","113559400","113559670","46","84347831"
"chr2","198029744","198029999","chr2","17003008","17003267","41","181026736"
"chr2","198215116","198215418","chr2","11420918","11421224","47","186794198"
"chr2","198221750","198221879","chr11","15954595","15954725","20","182267155"
"chr2","198224124","198224451","chr20","41975854","41976165","71","156248270"
"chr2","198248273","198248539","chrX","39387728","39387995","37","158860545"
"chr2","198264344","198264653","chr4","82226247","82226558","50","116038097"
"chr2","198264990","198265291","chr22","28997304","28997607","46","169267686"
"chr2","198280704","198281002","chr22","40230801","40231098","32","158049903"
"chr2","198331330","198331558","chr1","138016648","138016875","36","60314682"
"chr2","198420180","198420493","chr6","17068239","17068542","36","181351941"
"chr2","198870367","198870648","chr14","75602","75879","40","198794765"
"chr2","198954276","198954564","chr5","31371357","31371639","37","167582919"
"chr2","198990983","198991279","chr10","14603732","14604030","49","184387251"
"chr2","199002016","199002324","chr22","13275736","13276034","46","185726280"
"chr2","199135316","199135620","chr2","71275726","71276033","41","127859590"
"chr2","199279859","199280036","chr10","129336525","129336699","27","69943334"
"chr2","199281124","199281245","chr9","41986654","41986776","18","157294470"
"chr2","199327158","199327458","chr1","15931085","15931383","41","183396073"
"chr2","199338082","199338396","chr9","65482313","65482627","46","133855769"
"chr2","199346859","199347171","chr3","119208858","119209170","49","80138001"
"chr2","199353143","199353453","chr10","126696429","126696740","41","72656714"
"chr2","199354076","199354376","chr4","166282997","166283293","40","33071079"
"chr2","199374682","199374983","chr2","8061166","8061462","48","191313516"
"chr2","199397607","199397893","chr7","90166386","90166659","63","109231221"
"chr2","199407039","199407308","chr6","154139321","154139589","45","45267718"
"chr2","199490362","199490666","chr5","124264788","124265092","40","75225574"
"chr2","199493105","199493407","chr8","90070086","90070388","35","109423019"
"chr2","199496399","199496699","chr5","5052462","5052757","43","194443937"
"chr2","199510425","199510715","chr1","183328103","183328393","37","16182322"
"chr2","199511028","199511333","chr3","80802077","80802383","39","118708951"
"chr2","199516415","199516720","chr7","67310637","67310940","46","132205778"
"chr2","199535727","199536017","chr5","26961498","26961795","45","172574229"
"chr2","199567168","199567439","chr9","44537673","44537953","48","155029495"
"chr2","199577927","199578222","chr16","93527432","93527729","41","106050495"
"chr2","199592055","199592387","chr6","114893075","114893371","70","84698980"
"chr2","199609408","199609751","chrX","34517534","34517872","81","165091874"
"chr2","199673046","199673350","chr22","38910841","38911143","40","160762205"
"chr2","199787173","199787483","chr1","176637352","176637656","44","23149821"
"chr2","199805457","199805766","chr5","124338115","124338421","43","75467342"
"chr2","199826513","199826806","chr6","149644095","149644385","41","50182418"
"chr2","199853980","199854272","chr22","9714411","9714706","33","190139569"
"chr2","199900101","199900372","chr6","115201626","115201900","38","84698475"
"chr2","199912639","199912940","chr10","126070729","126071027","40","73841910"
"chr2","199918376","199918661","chr2","56700759","56701042","32","143217617"
"chr2","199947810","199948118","chr4","21617750","21618055","43","178330060"
"chr2","199949076","199949390","chrX","122250423","122250744","55","77698653"
"chr2","200121562","200121867","chr7","32099825","32100120","47","168021737"
"chr2","200165293","200165600","chr5","11618038","11618344","48","188547255"
"chr2","200248825","200249139","chr9","46198853","46199164","47","154049972"
"chr2","200250131","200250421","chr9","17102402","17102693","44","183147729"
"chr2","200289666","200289965","chr9","111187673","111187975","35","89101993"
"chr2","200319284","200319588","chr1","168595556","168595859","43","31723728"
"chr2","200325377","200325677","chr2","152226173","152226473","39","48099204"
"chr2","200327123","200327414","chrX","47014209","47014503","36","153312914"
"chr2","200349354","200349649","chr2","63088442","63088738","48","137260912"
"chr2","200350518","200350833","chr3","40890698","40891013","54","159459820"
"chr2","200369150","200369451","chr2","69732923","69733224","47","130636227"
"chr2","200448164","200448440","chr9","44537673","44537953","38","155910491"
"chr2","200515846","200516119","chr10","101732804","101733077","36","98783042"
"chr2","200610848","200611154","chr9","11967801","11968108","46","188643047"
"chr2","200620200","200620508","chr6","125201565","125201879","47","75418635"
"chr2","200665436","200665731","chr1","15931085","15931383","39","184734351"
"chr2","200676318","200676614","chr14","82836814","82837111","34","117839504"
"chr2","200686014","200686310","chr3","71313083","71313374","45","129372931"
"chr2","200738994","200739302","chr6","17068239","17068542","40","183670755"
"chr2","200745156","200745457","chr9","112240509","112240808","51","88504647"
"chr2","200751065","200751351","chr6","116251254","116251537","34","84499811"
"chr2","200753227","200753521","chr1","148330988","148331281","42","52422239"
"chr2","200788940","200789230","chr6","116291763","116292064","34","84497177"
"chr2","200791050","200791343","chr10","29910934","29911230","36","170880116"
"chr2","200806920","200807219","chr3","106655459","106655766","32","94151461"
"chr2","200819556","200819835","chr8","1018204","1018477","46","199801352"
"chr2","200841654","200841978","chr22","33981676","33981980","55","166859978"
"chr2","200842333","200842594","chrX","39387728","39387995","49","161454605"
"chr2","200858413","200858722","chr1","184817871","184818171","48","16040542"
"chr2","200873188","200873489","chr6","116386835","116387137","47","84486353"
"chr2","200886416","200886725","chrX","51938318","51938628","42","148948098"
"chr2","200906834","200907138","chr3","108570361","108570666","38","92336473"
"chr2","200909427","200909720","chr15","71460530","71460829","50","129448897"
"chr2","200916201","200916494","chr2","179315904","179316198","44","21600297"
"chr2","200916994","200917294","chr10","92853066","92853365","40","108063928"
"chr2","200918477","200918787","chr5","2508969","2509278","43","198409508"
"chr2","200919360","200919657","chrX","69095527","69095826","38","131823833"
"chr2","200923239","200923548","chr6","116437208","116437517","38","84486031"
"chr2","200938122","200938329","chr7","90487776","90487984","33","110450346"
"chr2","200940520","200940829","chr5","2508969","2509278","43","198431551"
"chr2","200946908","200947201","chr2","72221187","72221480","40","128725721"
"chr2","200948559","200948869","chr22","29825053","29825352","44","171123506"
"chr2","200948957","200949260","chr5","40811415","40811717","37","160137542"
"chr2","200982757","200983057","chr7","80047681","80047980","31","120935076"
"chr2","201001664","201001970","chr15","20913964","20914267","40","180087700"
"chr2","201013187","201013504","chr7","13017719","13018023","50","187995468"
"chr2","201016589","201016900","chr15","72185705","72186015","41","128830884"
"chr2","201031978","201032261","chr4","34845790","34846071","37","166186188"
"chr2","201040486","201040784","chrUn_GL286451","117883","118189","42","200922603"
"chr2","201058429","201058719","chr6","116570773","116571077","45","84487656"
"chr2","201066069","201066373","chr4","158511095","158511398","48","42554974"
"chr2","201081639","201081815","chr12","4348306","4348486","28","196733333"
"chr2","201082116","201082252","chr16","68359062","68359197","15","132723054"
"chr2","201090080","201090425","chr22","36078738","36079076","74","165011342"
"chr2","201101363","201101665","chr12","60882509","60882808","45","140218854"
"chr2","201101758","201102054","chr5","4996078","4996370","39","196105680"
"chr2","201102192","201102497","chr5","123258195","123258501","41","77843997"
"chr2","201109184","201109479","chr14","46527925","46528222","48","154581259"
"chr2","201112967","201113268","chr5","23380593","23380893","43","177732374"
"chr2","201130324","201130664","chr12","1551146","1551485","59","199579178"
"chr2","201145972","201146134","chr10","100550541","100550700","33","100595431"
"chr2","201146447","201146580","chr19","13498840","13498972","18","187647607"
"chr2","201162101","201162387","chr5","125917386","125917667","47","75244715"
"chr2","201175822","201176059","chr22","31518540","31518771","32","169657282"
"chr2","201181249","201181546","chr6","116685670","116685965","31","84495579"
"chr2","201183857","201184164","chr2","165461398","165461690","65","35722459"
"chr2","201188172","201188479","chr12","87913370","87913678","35","113274802"
"chr2","201189254","201189565","chr2","62710925","62711236","53","138478329"
"chr2","201198211","201198524","chr3","80802077","80802383","38","120396134"
"chr2","201199570","201199872","chr6","116712338","116712640","38","84487232"
"chr2","201211944","201212247","chrUn_GL286451","117883","118189","42","201094061"
"chr2","201228058","201228349","chr22","16810910","16811203","49","184417148"
"chr2","201238431","201238742","chrX","47176701","47177007","43","154061730"
"chr2","201245236","201245540","chrX","47176701","47177007","44","154068535"
"chr2","201251621","201251916","chr6","4245255","4245549","42","197006366"
"chr2","201267918","201268224","chr7","19731467","19731776","44","181536451"
"chr2","201351662","201352000","chr13","88836338","88836664","54","112515324"
"chr2","201365062","201365347","chr2","93508322","93508615","45","107856740"
"chr2","201443919","201444230","chr18","39712282","39712591","43","161731637"
"chr2","201476693","201477003","chr17","69358056","69358361","41","132118637"
"chr2","201505094","201505380","chr10","116406723","116407009","41","85098371"
"chr2","201520606","201520910","chr5","139329461","139329765","47","62191145"
"chr2","201526237","201526529","chr4","22365048","22365343","38","179161189"
"chr2","201561590","201561903","chr3","84624674","84624979","43","116936916"
"chr2","201581125","201581358","chr5","71053898","71054127","45","130527227"
"chr2","201598596","201598880","chr1","42156505","42156788","48","159442091"
"chr2","201600753","201601049","chr1","175742404","175742704","37","25858349"
"chr2","201660924","201661220","chr5","143023404","143023700","37","58637520"
"chr2","201683467","201683779","chr9","8886595","8886904","49","192796872"
"chr2","201717183","201717496","chr6","113761187","113761484","50","87955996"
"chr2","201732273","201732597","chr9","100258454","100258773","55","101473819"
"chr2","201737640","201737933","chr7","127241655","127241950","38","74495985"
"chr2","201844867","201845169","chr3","138159195","138159493","37","63685672"
"chr2","201861552","201861852","chr2","131563999","131564294","42","70297553"
"chr2","201864317","201864618","chr7","10120794","10121094","40","191743523"
"chr2","201908625","201908935","chr10","126696429","126696740","38","75212196"
"chr2","201913836","201914149","chr2","162172264","162172572","39","39741572"
"chr2","201925675","201925798","chr5","11203226","11203349","13","190722449"
"chr2","201927929","201928241","chr5","129519489","129519794","49","72408440"
"chr2","201943093","201943397","chr7","13017719","13018023","35","188925374"
"chr2","201986721","201986857","chr4","26022910","26023045","15","175963811"
"chr2","201987153","201987325","chr22","2626133","2626298","39","199361020"
"chr2","201989702","201990007","chr3","106655459","106655766","42","95334243"
"chr2","201990569","201990866","chr1","10072478","10072775","42","191918091"
"chr2","202012335","202012658","chr4","82226247","82226558","59","119786088"
"chr2","202048378","202048656","chr4","34845790","34846071","42","167202588"
"chr2","202070679","202070990","chr22","28997304","28997607","62","173073375"
"chr2","202087230","202087535","chr5","2298333","2298635","46","199788897"
"chr2","202095802","202096083","chr4","37824304","37824582","35","164271498"
"chr2","202106404","202106703","chr11","74360467","74360765","36","127745937"
"chr2","202124789","202125089","chr2","59206808","59207104","44","142917981"
"chr2","202137316","202137616","chr2","18780256","18780558","33","183357060"
"chr2","202176204","202176496","chr1","193266464","193266759","39","8909740"
"chr2","202177917","202178225","chr6","7892688","7892995","34","194285229"
"chr2","202187312","202187606","chr12","29333369","29333657","39","172853943"
"chr2","202207671","202208008","chr6","117817604","117817902","70","84390067"
"chr2","202211688","202212001","chr6","93506061","93506372","48","108705627"
"chr2","202215600","202215900","chr11","14702691","14702988","37","187512909"
"chr2","202232473","202232764","chr13","18729449","18729750","40","183503024"
"chr2","202240509","202240818","chr22","29825053","29825352","51","172415456"
"chr2","202250398","202250704","chr5","78562869","78563170","46","123687529"
"chr2","202269176","202269412","chr3","150170720","150170953","44","52098456"
"chr2","202276058","202276355","chr9","106891453","106891749","44","95384605"
"chr2","202284000","202284278","chr5","1642234","1642514","41","200641766"
"chr2","202285032","202285340","chr7","65392686","65392987","49","136892346"
"chr2","202302062","202302388","chrX","38790678","38790992","53","163511384"
"chr2","202308844","202309140","chr10","7401926","7402222","38","194906918"
"chr2","202312458","202312744","chr9","111461476","111461764","32","90850982"
"chr2","202319628","202319941","chr3","106655459","106655766","37","95664169"
"chr2","202340609","202340744","chr4","1701614","1701751","11","200638995"
"chr2","202341061","202341227","chr22","2626133","2626298","34","199714928"
"chr2","202348727","202349031","chr8","84523546","84523843","41","117825181"
"chr2","202352494","202352796","chr3","106655459","106655766","44","95697035"
"chr2","202372801","202373079","chr7","144592291","144592572","51","57780510"
"chr2","202383149","202383263","chr10","99552432","99552542","27","102830717"
"chr2","202406927","202407242","chr7","66105076","66105385","55","136301851"
"chr2","202413672","202413963","chr3","9338678","9338971","50","193074994"
"chr2","202420968","202421257","chr12","50600635","50600924","40","151820333"
"chr2","202424092","202424389","chr5","26961498","26961795","38","175462594"
"chr2","202465105","202465400","chrUn_GL289051","12267","12561","44","202452838"
"chr2","202485540","202485844","chr8","6858552","6858857","45","195626988"
"chr2","202515608","202515907","chr1","184817871","184818171","46","17697737"
"chr2","202518128","202518437","chr3","106655459","106655766","37","95862669"
"chr2","202547502","202547801","chr7","80047681","80047980","39","122499821"
"chr2","202556803","202557041","chr6","118152454","118152692","26","84404349"
"chr2","202592231","202592541","chr20","12401994","12402298","46","190190237"
"chr2","202622048","202622365","chr22","34424045","34424353","45","168198003"
"chr2","202631654","202631929","chr7","31532619","31532895","48","171099035"
"chr2","202632468","202632718","chr21","40320098","40320355","45","162312370"
"chr2","202640617","202640910","chr6","118240773","118241068","38","84399844"
"chr2","202646025","202646310","chr8","110881934","110882214","57","91764091"
"chr2","202649543","202649851","chr21","38026738","38027048","48","164622805"
"chr2","202658320","202658601","chr5","143575615","143575901","44","59082705"
"chr2","202667105","202667400","chr5","94234310","94234606","40","108432795"
"chr2","202672221","202672512","chr4","16350054","16350344","37","186322167"
"chr2","202675703","202676008","chr3","106655459","106655766","42","96020244"
"chr2","202686530","202686818","chr7","89217839","89218129","51","113468691"
"chr2","202693327","202693614","chrX","21213150","21213438","47","181480177"
"chr2","202707422","202707710","chr4","38209077","38209362","36","164498345"
"chr2","202725297","202725618","chr10","47337774","47338089","54","155387523"
"chr2","202732537","202732820","chr1","40046052","40046333","43","162686485"
"chr2","202732859","202732896","chr15","26003439","26003472","16","176729420"
"chr2","202738907","202739208","chr2","131494666","131494962","46","71244241"
"chr2","202777077","202777352","chr19","4188463","4188738","36","198588614"
"chr2","202782064","202782368","chr2","64097965","64098258","46","138684099"
"chr2","202784170","202784458","chr1","135647699","135647986","46","67136471"
"chr2","202791888","202792183","chr11","65163335","65163629","38","137628553"
"chr2","202812977","202813273","chr5","94234310","94234606","35","108578667"
"chr2","202835209","202835505","chr3","106655459","106655766","47","96179750"
"chr2","202836854","202837141","chr4","89994430","89994716","39","112842424"
"chr2","202861605","202861905","chr15","25321014","25321315","39","177540591"
"chr2","202863015","202863309","chr17","73944491","73944782","32","128918524"
"chr2","202865187","202865498","chr7","106080561","106080866","45","96784626"
"chr2","202873888","202874156","chr6","118443610","118443886","42","84430278"
"chr2","202898157","202898448","chr6","147894727","147895020","43","55003430"
"chr2","202930047","202930346","chr6","47097678","47097981","49","155832369"
"chr2","202934796","202935086","chr19","24203448","24203737","46","178731348"
"chr2","202940051","202940333","chr1","202394399","202394681","42","545652"
"chr2","202966429","202966722","chr6","118544305","118544601","41","84422124"
"chr2","202969008","202969213","chrX","47514970","47515166","31","155454038"
"chr2","202978976","202979272","chr15","61219971","61220268","33","141759005"
"chr2","202997035","202997331","chr5","94234310","94234606","35","108762725"
"chr2","203007655","203007953","chr6","119365724","119366021","39","83641931"
"chr2","203020398","203020693","chr6","118611913","118612219","48","84408485"
"chr2","203021312","203021605","chr5","83351466","83351762","47","119669846"
"chr2","203024286","203024577","chr6","47311288","47311574","50","155712998"
"chr2","203024621","203024880","chr1","75454262","75454514","45","127570359"
"chr2","203054144","203054441","chr4","156698023","156698319","33","46356121"
"chr2","203090607","203090913","chr3","152941248","152941549","40","50149359"
"chr2","203093570","203093869","chr6","17068239","17068542","47","186025331"
"chr2","203101600","203101895","chr13","30492010","30492303","46","172609590"
"chr2","203103269","203103571","chr13","43694410","43694711","39","159408859"
"chr2","203118595","203118888","chr12","107820030","107820325","34","95298565"
"chr2","203119425","203119725","chr3","152941248","152941549","31","50178177"
"chr2","203121371","203121669","chr7","6894852","6895150","34","196226519"
"chr2","203128084","203128407","chr12","31281547","31281855","57","171846537"
"chr2","203151948","203152257","chr1","168595556","168595859","38","34556392"
"chr2","203162020","203162323","chr8","50068578","50068880","42","153093442"
"chr2","203192948","203193271","chr17","34655077","34655408","58","168537871"
"chr2","203199545","203199769","chr10","98692614","98692843","57","104506931"
"chr2","203203199","203203474","chr3","165431732","165431988","59","37771467"
"chr2","203211884","203212187","chr2","21436669","21436967","43","181775215"
"chr2","203214493","203214771","chr7","8384908","8385187","41","194829585"
"chr2","203227553","203227854","chr1","138049116","138049416","47","65178437"
"chr2","203236188","203236447","chr14","59202610","59202867","38","144033578"
"chr2","203241840","203242141","chr9","116359023","116359322","41","86882817"
"chr2","203252391","203252662","chr2","167384406","167384674","42","35867985"
"chr2","203254709","203255020","chr13","35663090","35663393","46","167591619"
"chr2","203290638","203290938","chr7","6894852","6895150","45","196395786"
"chr2","203298412","203298715","chr19","23295013","23295320","50","180003399"
"chr2","203301912","203302226","chr5","114232117","114232428","49","89069795"
"chr2","203316199","203316516","chr4","148852718","148853031","63","54463481"
"chr2","203317349","203317576","chr1","79313987","79314211","52","124003362"
"chr2","203320990","203321277","chr6","119080012","119080301","39","84240978"
"chr2","203333929","203334240","chr13","9884104","9884408","43","193449825"
"chr2","203343502","203343627","chr9","75288326","75288453","29","128055176"
"chr2","203345713","203345844","chr1","172218988","172219121","16","31126725"
"chr2","203353484","203353797","chrUn_GL286742","7977","8270","54","203345507"
"chr2","203362841","203363129","chr1","143540704","143540993","46","59822137"
"chr2","203400080","203400388","chr5","43400841","43401151","52","159999239"
"chr2","203402041","203402334","chr9","8632506","8632798","39","194769535"
"chr2","203406689","203406905","chr14","62784602","62784817","40","140622087"
"chr2","203414102","203414401","chr14","43386246","43386546","38","160027856"
"chr2","203455733","203456008","chr15","5544817","5545089","44","197910916"
"chr2","203462919","203463225","chr5","64708567","64708868","48","138754352"
"chr2","203476158","203476470","chr2","139362540","139362829","52","64113618"
"chr2","203479322","203479623","chr18","8503340","8503640","48","194975982"
"chr2","203491528","203491807","chr22","11011092","11011371","50","192480436"
"chr2","203512144","203512395","chr22","26313554","26313782","56","177198590"
"chr2","203513866","203514141","chrX","105924911","105925188","36","97588955"
"chr2","203516468","203516751","chr19","14781759","14782022","53","188734709"
"chr2","203556851","203557143","chr14","83739394","83739686","33","119817457"
"chr2","203563660","203563970","chr22","28997304","28997607","47","174566356"
"chr2","203587755","203588044","chr10","79313181","79313476","49","124274574"
"chr2","203592065","203592385","chr7","57213096","57213404","53","146378969"
"chr2","203600662","203600972","chr17","24010629","24010937","42","179590033"
"chr2","203607826","203608128","chr9","11967801","11968108","46","191640025"
"chr2","203611800","203612101","chr10","92853066","92853365","36","110758734"
"chr2","203630459","203630768","chr13","57414367","57414663","42","146216092"
"chr2","203631625","203631917","chr9","789934","790226","36","202841691"
"chr2","203638907","203639213","chr13","36540555","36540860","55","167098352"
"chr2","203649351","203649660","chr6","119423972","119424280","48","84225379"
"chr2","203653492","203653795","chr6","17068239","17068542","49","186585253"
"chr2","203655529","203655827","chr6","43666330","43666629","34","159989199"
"chr2","203670540","203670818","chr15","5544817","5545089","43","198125723"
"chr2","203708846","203709124","chr10","58374927","58375209","51","145333919"
"chr2","203725927","203726231","chr1","136891596","136891899","42","66834331"
"chr2","203746027","203746343","chr6","119526427","119526741","34","84219600"
"chr2","203798047","203798344","chr7","6894852","6895150","40","196903195"
"chr2","203828695","203829000","chr2","13941060","13941364","45","189887635"
"chr2","203860571","203860852","chr2","80644634","80644911","36","123215937"
"chr2","203883353","203883659","chr16","638713","638993","72","203244640"
"chr2","203924488","203924780","chr1","41764979","41765271","40","162159509"
"chr2","203927378","203927661","chr6","119727721","119728006","32","84199657"
"chr2","204027534","204027844","chr6","119827925","119828231","37","84199609"
"chr2","204059630","204059925","chr17","73944491","73944782","37","130115139"
"chr2","204096435","204096681","chr5","108078171","108078429","65","96018264"
"chr2","204106616","204106909","chr9","83184833","83185128","45","120921783"
"chr2","204132796","204133112","chr6","119939891","119940196","49","84192905"
"chr2","204155980","204156275","chr15","49359997","49360293","39","154795983"
"chr2","204460686","204460960","chr8","97250964","97251235","36","107209722"
"chr2","204540908","204541204","chr6","40708388","40708687","42","163832520"
"chr2","204568673","204568970","chr18","3287014","3287306","41","201281659"
"chr2","204711541","204711847","chr7","67310637","67310940","42","137400904"
"chr2","204739997","204740321","chr1","142049169","142049488","64","62690828"
"chr2","204907692","204908001","chr3","153217268","153217573","49","51690424"
"chr2","204976604","204976910","chrX","112877634","112877932","45","92098970"
"chr2","205045263","205045546","chr2","56700759","56701042","37","148344504"
"chr2","205109651","205109953","chr5","112343419","112343719","41","92766232"
"chr2","205149276","205149377","chr1","118887978","118888077","13","86261298"
"chr2","205250648","205250957","chr6","139371267","139371576","40","65879381"
"chr2","205271876","205272175","chr10","14603732","14604030","33","190668144"
"chr2","205302046","205302355","chr2","113442969","113443263","64","91859077"
"chr2","205319897","205320176","chrX","101774842","101775134","46","103545055"
"chr2","205336034","205336153","chr6","121195406","121195525","13","84140628"
"chr2","205363653","205363832","chr3","53757892","53758068","35","151605761"
"chr2","205363863","205363966","chr7","12879902","12880008","12","192483961"
"chr2","205368351","205368641","chr1","12966222","12966513","40","192402129"
"chr2","205431075","205431376","chr13","57414367","57414663","35","148016708"
"chr2","205559174","205559445","chr2","168397396","168397670","53","37161778"
"chr2","205559597","205559898","chr12","115383799","115384092","32","90175798"
"chr2","205612163","205612441","chr19","24203448","24203737","49","181408715"
"chr2","205641915","205642041","chr13","87622776","87622902","14","118019139"
"chr2","205736060","205736375","chrX","92316634","92316949","41","113419426"
"chr2","205820153","205820438","chr11","15919850","15920134","41","189900303"
"chr2","205823106","205823382","chr6","156886623","156886893","41","48936483"
"chr2","205828559","205828865","chr2","60819266","60819572","44","145009293"
"chr2","205862656","205862968","chr2","131332475","131332786","43","74530181"
"chr2","205876704","205876991","chr6","121797808","121798092","46","84078896"
"chr2","205913112","205913420","chr11","20691935","20692246","41","185221177"
"chr2","205942861","205943161","chr9","99776089","99776389","36","106166772"
"chr2","205944006","205944308","chr14","16678626","16678927","36","189265380"
"chr2","205950388","205950683","chrX","23255124","23255418","44","182695264"
"chr2","205989710","205989788","chr2","171597265","171597348","13","34392445"
"chr2","206009039","206009319","chr4","33510327","33510605","42","172498712"
"chr2","206012584","206012887","chr1","187490933","187491234","48","18521651"
"chr2","206025905","206026198","chr8","12491617","12491907","52","193534288"
"chr2","206040013","206040304","chr8","51757576","51757869","44","154282437"
"chr2","206060251","206060544","chr12","14388541","14388831","40","191671710"
"chr2","206070129","206070437","chr3","137207767","137208059","57","68862362"
"chr2","206075439","206075735","chr15","61219971","61220268","40","144855468"
"chr2","206075773","206076068","chr4","8293550","8293846","39","197782223"
"chr2","206102186","206102488","chr2","10284179","10284464","59","195818007"
"chr2","206107217","206107525","chr3","150580694","150580999","43","55526523"
"chr2","206109664","206109974","chr2","65057694","65058000","53","141051970"
"chr2","206111075","206111386","chr8","55398623","55398934","43","150712452"
"chr2","206121445","206121751","chr5","60529593","60529894","48","145591852"
"chr2","206152694","206152999","chr1","148324511","148324816","43","57828183"
"chr2","206153186","206153495","chr20","23337174","23337477","50","182816012"
"chr2","206167269","206167565","chr5","126079965","126080261","40","80087304"
"chr2","206178645","206178948","chrX","17633918","17634220","54","188544727"
"chr2","206181085","206181359","chr6","122099357","122099630","35","84081728"
"chr2","206184984","206185285","chr6","122104137","122104444","46","84080847"
"chr2","206187065","206187304","chr10","92273721","92273947","45","113913344"
"chr2","206189353","206189664","chr10","117620910","117621216","39","88568443"
"chr2","206196093","206196398","chr22","33981676","33981980","42","172214417"
"chr2","206199115","206199398","chr5","41236817","41237096","41","164962298"
"chr2","206203035","206203354","chr7","57292095","57292411","47","148910940"
"chr2","206235949","206236090","chr3","183625307","183625441","25","22610642"
"chr2","206237059","206237343","chr5","2532160","2532447","36","203704899"
"chr2","206255839","206256140","chr8","84523546","84523843","45","121732293"
"chr2","206269541","206269868","chr6","132767618","132767935","55","73501923"
"chr2","206270565","206270868","chr5","40811415","40811717","47","165459150"
"chr2","206299389","206299639","chr5","81206292","81206537","42","125093097"
"chr2","206322716","206323020","chr1","12491044","12491347","42","193831672"
"chr2","206342099","206342401","chr8","50068578","50068880","39","156273521"
"chr2","206365662","206365960","chr10","14603732","14604030","40","191761930"
"chr2","206377997","206378309","chr5","94532768","94533076","55","111845229"
"chr2","206394165","206394472","chr2","171330283","171330586","52","35063882"
"chr2","206421791","206422083","chr5","79752580","79752868","43","126669211"
"chr2","206434597","206434907","chr2","171330283","171330586","49","35104314"
"chr2","206472328","206472628","chr6","122380788","122381087","45","84091540"
"chr2","206536714","206537005","chr7","55245516","55245807","33","151291198"
"chr2","206553096","206553448","chr15","86837589","86837930","77","119715507"
"chr2","206676955","206677243","chr4","11116373","11116655","44","195560582"
"chr2","206727720","206728029","chr6","122630665","122630972","45","84097055"
"chr2","206734575","206734881","chr13","31331915","31332215","40","175402660"
"chr2","206884150","206884440","chr4","38209077","38209362","46","168675073"
"chr2","206889373","206889655","chr1","40046052","40046333","47","166843321"
"chr2","206915728","206916015","chr5","2532160","2532447","37","204383568"
"chr2","206919758","206920035","chr11","97658809","97659082","47","109260949"
"chr2","206981407","206981718","chr2","168879156","168879455","50","38102251"
"chr2","206988823","206989011","chr6","7009645","7009835","29","199979178"
"chr2","207127560","207127853","chr11","43485145","43485437","34","163642415"
"chr2","207232981","207233287","chr1","168595556","168595859","38","38637425"
"chr2","207295692","207295909","chr1","168831576","168831792","35","38464116"
"chr2","207323100","207323413","chr11","125799128","125799440","38","81523972"
"chr2","207343633","207343917","chr20","27529242","27529530","46","179814391"
"chr2","207382413","207382709","chr3","139623739","139624033","41","67758674"
"chr2","207413791","207414099","chr3","106655459","106655766","46","100758332"
"chr2","207427401","207427660","chr6","123373143","123373411","45","84054258"
"chr2","207462482","207462788","chr19","22100322","22100626","41","185362160"
"chr2","207485001","207485295","chr2","11595448","11595743","51","195889553"
"chr2","207486147","207486433","chr6","123431530","123431816","40","84054617"
"chr2","207495027","207495311","chr9","113874562","113874835","45","93620465"
"chr2","207532075","207532346","chr6","35546234","35546509","47","171985841"
"chr2","207536708","207536999","chr6","123487973","123488262","40","84048735"
"chr2","207545201","207545506","chr15","5688723","5689022","39","201856478"
"chr2","207547931","207548227","chr20","42344201","42344495","53","165203730"
"chr2","207556855","207557151","chr10","16033492","16033786","46","191523363"
"chr2","207622906","207623203","chr1","168595556","168595859","46","39027350"
"chr2","207623570","207623864","chr4","22365048","22365343","43","185258522"
"chr2","207642704","207642998","chrX","11175322","11175616","34","196467382"
"chr2","207646539","207646786","chr5","60782424","60782673","35","146864115"
"chr2","207657616","207657923","chr16","298977","299284","45","207358639"
"chr2","207664971","207665277","chr9","21108205","21108513","39","186556766"
"chr2","207680955","207681238","chr15","5690439","5690726","42","201990516"
"chr2","207690793","207691091","chr3","80622823","80623115","42","127067970"
"chr2","207705486","207705780","chr20","27822433","27822727","36","179883053"
"chr2","207709871","207710162","chr13","25932961","25933250","42","181776910"
"chr2","207730476","207730774","chr5","107592159","107592460","38","100138317"
"chr2","207738712","207739019","chr1","168595556","168595859","42","39143156"
"chr2","207751439","207751572","chr9","12145743","12145874","12","195605696"
"chr2","207751872","207752047","chrX","107323132","107323304","35","100428740"
"chr2","207789662","207789976","chr5","125737225","125737535","54","82052437"
"chr2","207790100","207790394","chr12","115383799","115384092","37","92406301"
"chr2","207797893","207798192","chrX","107546189","107546492","39","100251704"
"chr2","207805065","207805382","chrX","122250423","122250744","58","85554642"
"chr2","207823602","207823738","chr6","139231067","139231202","17","68592535"
"chr2","207840793","207840964","chr3","85010536","85010708","30","122830257"
"chr2","207841002","207841099","chr9","6887848","6887947","16","200953154"
"chr2","207849052","207849342","chr14","83739394","83739686","39","124109658"
"chr2","207853781","207854076","chr1","41764979","41765271","44","166088802"
"chr2","207890347","207890648","chr1","184817871","184818171","40","23072476"
"chr2","207906507","207906781","chrX","103099580","103099851","45","104806927"
"chr2","207907220","207907523","chr13","39885762","39886059","33","168021458"
"chr2","207924403","207924712","chr9","101064126","101064428","38","106860277"
"chr2","207931691","207931995","chr20","22923582","22923882","38","185008109"
"chr2","207945627","207945911","chr2","55079404","55079690","46","152866223"
"chr2","207953514","207953847","chr6","123948395","123948693","62","84005119"
"chr2","208004137","208004432","chr5","98583310","98583606","47","109420827"
"chr2","208037007","208037313","chr2","171330283","171330586","41","36706724"
"chr2","208052057","208052366","chr1","168595556","168595859","46","39456501"
"chr2","208082035","208082321","chrX","105924911","105925188","37","102157124"
"chr2","208098926","208099206","chr10","60017760","60018041","40","148081166"
"chr2","208118164","208118460","chr11","9158438","9158743","49","198959726"
"chr2","208145407","208145714","chr6","104409780","104410085","42","103735627"
"chr2","208161928","208162236","chr1","137129532","137129843","44","71032396"
"chr2","208182412","208182700","chr6","124186135","124186434","40","83996277"
"chr2","208203344","208203648","chr5","84717109","84717410","47","123486235"
"chr2","208213390","208213520","chr1","182711408","182711538","12","25501982"
"chr2","208225177","208225324","chr9","107696990","107697120","33","100528187"
"chr2","208225636","208225799","chrX","106480049","106480214","33","101745587"
"chr2","208233648","208233928","chr10","46768669","46768960","59","161464979"
"chr2","208256250","208256513","chr9","1932661","1932946","46","206323589"
"chr2","208260090","208260382","chr4","25542330","25542622","37","182717760"
"chr2","208379583","208379873","chr19","28648728","28649017","33","179730855"
"chr2","208410965","208411206","chr6","124410131","124410368","32","84000834"
"chr2","208455957","208456252","chr4","35645392","35645686","45","172810565"
"chr2","208529048","208529337","chrX","22356240","22356533","48","186172808"
"chr2","208565585","208565864","chr17","69931558","69931839","41","138634027"
"chr2","208565910","208565920","chr5","92524075","92524085","1","116041835"
"chr2","208578213","208578513","chr5","35735021","35735325","47","172843192"
"chr2","208717649","208717949","chr5","86230872","86231167","45","122486777"
"chr2","208977936","208978275","chr5","113103413","113103749","70","95874523"
"chr2","209068350","209068677","chrX","107827107","107827417","60","101241243"
"chr2","209185843","209186144","chr7","65392686","65392987","41","143793157"
"chr2","209460760","209461048","chrX","51548479","51548767","37","157912281"
"chr2","209559354","209559669","chr15","30909305","30909615","47","178650049"
"chr2","209562415","209562710","chr5","52498828","52499124","45","157063587"
"chr2","209664268","209664568","chr14","4716269","4716573","40","204947999"
"chr2","209682229","209682505","chrX","60275475","60275754","40","149406754"
"chr2","209920825","209921127","chr22","4326473","4326772","36","205594352"
"chr2","209928054","209928356","chr11","124429251","124429550","35","85498803"
"chr2","209935340","209935470","chr1","184295731","184295859","17","25639609"
"chr2","210008688","210008994","chr3","153217268","153217573","44","56791420"
"chr2","210044766","210045069","chr6","126183652","126183953","38","83861114"
"chr2","210056492","210056778","chr7","48745543","48745832","40","161310949"
"chr2","210074440","210074653","chr18","1341268","1341492","51","208733172"
"chr2","210079314","210079602","chr12","24684882","24685176","39","185394432"
"chr2","210131705","210131996","chr1","196006002","196006291","54","14125703"
"chr2","210202082","210202392","chr13","99074604","99074903","43","111127478"
"chr2","210251033","210251338","chr1","46320942","46321242","51","163930091"
"chr2","210262808","210263103","chr10","16033492","16033786","32","194229316"
"chr2","210292084","210292371","chr19","6867541","6867823","41","203424543"
"chr2","210306100","210306397","chr1","15931085","15931383","44","194375015"
"chr2","210358924","210359229","chr2","31372053","31372354","37","178986871"
"chr2","210474434","210474754","chr8","73840829","73841147","54","136633605"
"chr2","210479323","210479583","chr8","25287298","25287560","36","185192025"
"chr2","210564711","210564995","chr11","15919850","15920134","43","194644861"
"chr2","210580580","210580875","chr1","157959927","157960225","39","52620653"
"chr2","210815870","210816169","chr1","207820860","207821151","54","2995010"
"chr2","210868134","210868435","chr1","168595556","168595859","37","42272578"
"chr2","210878677","210878960","chrX","45666740","45667025","43","165211937"
"chr2","210989921","210990190","chr15","65468871","65469122","51","145521050"
"chr2","211082226","211082524","chr2","147684199","147684495","39","63398027"
"chr2","211197267","211197562","chr5","84826899","84827194","44","126370368"
"chr2","211241554","211241856","chr7","113559400","113559670","75","97682154"
"chr2","211249132","211249438","chr6","127337666","127337974","47","83911466"
"chr2","211330891","211331168","chr19","40046009","40046284","46","171284882"
"chr2","211414217","211414528","chrUn_GL286451","117883","118189","47","211296334"
"chr2","211447985","211448272","chr15","28163057","28163342","41","183284928"
"chr2","211516327","211516634","chrX","47176701","47177007","49","164339626"
"chr2","211622685","211622990","chr12","112769436","112769743","40","98853249"
"chr2","211668945","211669245","chr18","39712282","39712591","49","171956663"
"chr2","211679681","211679974","chr15","49359997","49360293","44","162319684"
"chr2","211733800","211734020","chr2","87515622","87515827","49","124218178"
"chr2","211738675","211738938","chr11","80752494","80752765","52","130986181"
"chr2","211816259","211816563","chr5","26961498","26961795","43","184854761"
"chr2","212061175","212061482","chr13","35617993","35618305","48","176443182"
"chr2","212151607","212151861","chr5","142899408","142899661","36","69252199"
"chr2","212226966","212227260","chr1","176500964","176501258","49","35726002"
"chr2","212293566","212293873","chr7","106080561","106080866","42","106213005"
"chr2","212422226","212422500","chr15","28163057","28163342","52","184259169"
"chr2","212567923","212568241","chr4","160766248","160766567","58","51801675"
"chr2","212591953","212592246","chr11","82219674","82219971","48","130372279"
"chr2","212597448","212597784","chrX","34517534","34517872","56","178079914"
"chr2","212616743","212617038","chrUn_GL286409","253057","253347","46","212363686"
"chr2","212650747","212651046","chr16","55799077","55799377","39","156851670"
"chr2","212671252","212671548","chrX","48721748","48722046","38","163949504"
"chr2","212672897","212673187","chr2","11913992","11914286","47","200758905"
"chr2","212711011","212711319","chr6","150221552","150221859","49","62489459"
"chr2","212740009","212740311","chr4","45916650","45916948","47","166823359"
"chr2","212856770","212857079","chr7","89834914","89835215","43","123021856"
"chr2","212864629","212864933","chrX","14791897","14792198","44","198072732"
"chr2","212894423","212894738","chr1","155890351","155890659","49","57004072"
"chr2","212964549","212964844","chr10","29910934","29911230","33","183053615"
"chr2","213030807","213031124","chr21","40584762","40585072","46","172446045"
"chr2","213161165","213161466","chr1","168595556","168595859","45","44565609"
"chr2","213441866","213442161","chr5","35227858","35228154","47","178214008"
"chr2","213683271","213683563","chr5","65031296","65031585","46","148651975"
"chr2","213700865","213700958","chr1","180878830","180878920","14","32822035"
"chr2","213932226","213932502","chr2","56700759","56701042","54","157231467"
"chr2","213956437","213956748","chr3","106655459","106655766","44","107300978"
"chr2","214008463","214008760","chr9","34541713","34542012","38","179466750"
"chr2","214062138","214062448","chr1","82669756","82670065","42","131392382"
"chr2","214133384","214133681","chr22","13954746","13955044","49","200178638"
"chr2","214167980","214168286","chr5","94532768","94533076","50","119635212"
"chr2","214191431","214191742","chr14","36180535","36180846","50","178010896"
"chr2","214241071","214241376","chr1","192975530","192975825","49","21265541"
"chr2","214295509","214295807","chr9","112070728","112071030","46","102224781"
"chr2","214318374","214318675","chr6","17068239","17068542","38","197250135"
"chr2","214331974","214332272","chr12","19429966","19430258","43","194902008"
"chr2","214432740","214433041","chr15","5688723","5689022","40","208744017"
"chr2","214468026","214468312","chr19","24203448","24203737","41","190264578"
"chr2","214470627","214470943","chr19","25019176","25019485","47","189451451"
"chr2","214485035","214485324","chr15","62023732","62024026","47","152461303"
"chr2","214523557","214523846","chr1","75821885","75822175","49","138701672"
"chr2","214602851","214603140","chr21","46276068","46276356","37","168326783"
"chr2","214619314","214619620","chr1","168595556","168595859","46","46023758"
"chr2","214636798","214636930","chr9","108604835","108604967","18","106031963"
"chr2","214751152","214751462","chr2","11642004","11642310","53","203109148"
"chr2","214760208","214760492","chr5","31371357","31371639","36","183388851"
"chr2","214806592","214806892","chr7","6894852","6895150","40","207911740"
"chr2","214812670","214813010","chrX","34517534","34517872","63","180295136"
"chr2","214858550","214858856","chr6","17068239","17068542","40","197790311"
"chr2","214937217","214937497","chr19","5095615","5095894","33","209841602"
"chr2","214950511","214950804","chr6","131269188","131269481","43","83681323"
"chr2","214988897","214989180","chr19","6867541","6867823","36","208121356"
"chr2","214998328","214998457","chr7","30159076","30159208","13","184839252"
"chr2","215003672","215003967","chr13","30492010","30492303","36","184511662"
"chr2","215084812","215085115","chr6","17068239","17068542","43","198016573"
"chr2","215102317","215102615","chr6","17068239","17068542","34","198034078"
"chr2","215118124","215118410","chr5","126829273","126829564","41","88288851"
"chr2","215142950","215143261","chr15","22401594","22401899","40","192741356"
"chr2","215231471","215231791","chr19","48936237","48936548","49","166295234"
"chr2","215239456","215239724","chr9","113874562","113874835","37","101364894"
"chr2","215248747","215249031","chr5","44695769","44696048","51","170552978"
"chr2","215260657","215260928","chr4","118810386","118810664","55","96450271"
"chr2","215275615","215275894","chr13","68600472","68600753","51","146675143"
"chr2","215278100","215278398","chr2","8957058","8957360","50","206321042"
"chr2","215278448","215278767","chr17","54870851","54871173","49","160407597"
"chr2","215281128","215281417","chr6","131623889","131624175","34","83657239"
"chr2","215304942","215305223","chr4","118810386","118810664","47","96494556"
"chr2","215306150","215306428","chr2","18974215","18974502","44","196331935"
"chr2","215308543","215308674","chr5","154199517","154199649","14","61109026"
"chr2","215310955","215311241","chr5","79692276","79692564","60","135618679"
"chr2","215312817","215313092","chr19","4188463","4188738","40","211124354"
"chr2","215320589","215320879","chr20","27822433","27822727","44","187498156"
"chr2","215327890","215328173","chr1","192281623","192281895","46","23046267"
"chr2","215334187","215334479","chr1","204428237","204428521","42","10905950"
"chr2","215337400","215337666","chrX","17764090","17764357","36","197573310"
"chr2","215344406","215344718","chr10","90431710","90432016","69","124912696"
"chr2","215371682","215371812","chrX","11382761","11382890","11","203988921"
"chr2","215383002","215383307","chr11","124429251","124429550","41","90953751"
"chr2","215386077","215386376","chr7","6894852","6895150","41","208491225"
"chr2","215389526","215389790","chr4","71595866","71596123","39","143793660"
"chr2","215399906","215400206","chr10","14603732","14604030","43","200796174"
"chr2","215405462","215405762","chrX","69095527","69095826","40","146309935"
"chr2","215408582","215408865","chrX","17624771","17625054","47","197783811"
"chr2","215485816","215486113","chr9","99935150","99935455","44","115550666"
"chr2","215498083","215498320","chr6","131847182","131847430","41","83650901"
"chr2","215516343","215516636","chr1","155066552","155066843","34","60449791"
"chr2","215523815","215524088","chr6","131873586","131873882","60","83650229"
"chr2","215527465","215527759","chr6","131876765","131877057","47","83650700"
"chr2","215596147","215596431","chr1","165161304","165161589","48","50434843"
"chr2","215605180","215605460","chr5","44695769","44696048","44","170909411"
"chr2","215610138","215610448","chr3","106655459","106655766","45","108954679"
"chr2","215648142","215648428","chr7","61198803","61199100","47","154449339"
"chr2","215790094","215790389","chr13","95665824","95666115","47","120124270"
"chr2","215801494","215801742","chr4","44721112","44721351","47","171080382"
"chr2","215810489","215810784","chr22","15031094","15031376","44","200779395"
"chr2","215890252","215890555","chr12","87295569","87295868","40","128594683"
"chr2","215949278","215949576","chr18","4125887","4126180","37","211823391"
"chr2","215964202","215964509","chr2","150540166","150540472","43","65424036"
"chr2","215972361","215972637","chr11","59632238","59632507","52","156340123"
"chr2","216005445","216005753","chr22","28997304","28997607","45","187008141"
"chr2","216007404","216007729","chr15","8491363","8491685","47","207516041"
"chr2","216037803","216038086","chr11","15919850","15920134","41","200117953"
"chr2","216038602","216038924","chr3","40890698","40891013","54","175147904"
"chr2","216046312","216046610","chr13","54079064","54079364","43","161967248"
"chr2","216048429","216048711","chr15","5690439","5690726","47","210357990"
"chr2","216062053","216062344","chr22","13554238","13554538","40","202507815"
"chr2","216074163","216074458","chr10","14867580","14867869","56","201206583"
"chr2","216076520","216076813","chr17","72416040","72416336","42","143660480"
"chr2","216086070","216086362","chr20","27822433","27822727","37","188263637"
"chr2","216087882","216088175","chr7","24393350","24393643","42","191694532"
"chr2","216089441","216089753","chr1","201369278","201369591","47","14720163"
"chr2","216096366","216096655","chr11","62590101","62590389","41","153506265"
"chr2","216120722","216121034","chr11","64234338","64234642","43","151886384"
"chr2","216123524","216123821","chr2","77819708","77820002","37","138303816"
"chr2","216141771","216142073","chr6","132518020","132518321","38","83623751"
"chr2","216152155","216152460","chr14","14218793","14219102","46","201933362"
"chr2","216163309","216163601","chr6","35546234","35546509","62","180617075"
"chr2","216185676","216185924","chr6","86694256","86694504","30","129491420"
"chr2","216207923","216208217","chr2","171562611","171562903","45","44645312"
"chr2","216236937","216237230","chr22","28997304","28997607","42","187239633"
"chr2","216256576","216256878","chr6","17068239","17068542","36","199188337"
"chr2","216286260","216286548","chr2","61590744","61591027","52","154695516"
"chr2","216311280","216311557","chr22","41649645","41649920","38","174661635"
"chr2","216314327","216314622","chr5","63326522","63326817","45","152987805"
"chr2","216335787","216336090","chr7","13017719","13018023","35","203318068"
"chr2","216354987","216355271","chr4","38209077","38209362","33","178145910"
"chr2","216377154","216377468","chr6","132739575","132739885","52","83637579"
"chr2","216402041","216402325","chr4","11116373","11116655","42","205285668"
"chr2","216404912","216405231","chr5","94532768","94533076","47","121872144"
"chr2","216407811","216408117","chr2","114528005","114528309","40","101879806"
"chr2","216411112","216411422","chr12","27257719","27258031","42","189153393"
"chr2","216443097","216443386","chr10","131586575","131586862","51","84856522"
"chr2","216467190","216467492","chr6","17068239","17068542","32","199398951"
"chr2","216470141","216470453","chr6","132828045","132828348","52","83642096"
"chr2","216484050","216484347","chr15","49359997","49360293","38","167124053"
"chr2","216501723","216502015","chr5","94234310","94234606","48","122267413"
"chr2","216506888","216507171","chr3","150016205","150016491","55","66490683"
"chr2","216515905","216516212","chr6","132872986","132873291","49","83642919"
"chr2","216543717","216543816","chr1","10585649","10585751","18","205958068"
"chr2","216544137","216544339","chr5","126719226","126719432","38","89824911"
"chr2","216583941","216584225","chr7","45592722","45593005","49","170991219"
"chr2","216591173","216591454","chr9","44537673","44537953","41","172053500"
"chr2","216601475","216601791","chr21","40584762","40585072","46","176016713"
"chr2","216639008","216639335","chr4","81520600","81520908","58","135118408"
"chr2","216658527","216658851","chr12","29286803","29287123","46","187371724"
"chr2","216771512","216771782","chrX","90546446","90546718","45","126225066"
"chr2","216882046","216882355","chr3","106655459","106655766","47","110226587"
"chr2","216935719","216935968","chr12","17923539","17923788","39","199012180"
"chr2","216953242","216953515","chr11","97658809","97659082","40","119294433"
"chr2","216958234","216958531","chr18","21431056","21431348","49","195527178"
"chr2","217022123","217022425","chr4","106196647","106196945","45","110825476"
"chr2","217043785","217044084","chr5","88214200","88214499","40","128829585"
"chr2","217187808","217188120","chr13","97340307","97340616","48","119847501"
"chr2","217197743","217198046","chr5","140668797","140669102","41","76528946"
"chr2","217264954","217264965","chr5","92524075","92524085","2","124740879"
"chr2","217265012","217265294","chr2","39544771","39545056","38","177720241"
"chr2","217651238","217651538","chr12","103967584","103967885","42","113683654"
"chr2","217727630","217727928","chr6","134125233","134125530","41","83602397"
"chr2","217778800","217779095","chr13","15397870","15398167","39","202380930"
"chr2","217782024","217782330","chr2","68886400","68886700","44","148895624"
"chr2","217894377","217894683","chr2","13941060","13941364","44","203953317"
"chr2","217917548","217917850","chr7","6894852","6895150","44","211022696"
"chr2","217968686","217968998","chr6","134376048","134376350","44","83592638"
"chr2","218000870","218001184","chr11","123924507","123924822","43","94076363"
"chr2","218056804","218057105","chr10","8727584","8727879","43","209329220"
"chr2","218084224","218084512","chr5","52793407","52793690","47","165290817"
"chr2","218133291","218133590","chr3","106655459","106655766","36","111477832"
"chr2","218148375","218148678","chr8","90070086","90070388","43","128078289"
"chr2","218172576","218172869","chr5","2000849","2001153","49","216171727"
"chr2","218190251","218190544","chr14","20315438","20315736","34","197874813"
"chr2","218195400","218195686","chr6","134557286","134557576","36","83638114"
"chr2","218199718","218200010","chr2","179315904","179316198","33","38883814"
"chr2","218206423","218206698","chr5","140667099","140667381","48","77539324"
"chr2","218207774","218208066","chr12","43825860","43826148","46","174381914"
"chr2","218208216","218208286","chr6","94464402","94464471","5","123743814"
"chr2","218208288","218208581","chr4","116535267","116535557","49","101673021"
"chr2","218210412","218210711","chr1","13954469","13954768","40","204255943"
"chr2","218221986","218222283","chr22","29825053","29825352","36","188396933"
"chr2","218227594","218227897","chr1","172257719","172258009","39","45969875"
"chr2","218233015","218233364","chr1","13171972","13172286","90","205061043"
"chr2","218246689","218246979","chr10","58374927","58375209","57","159871762"
"chr2","218286210","218286336","chr7","66605645","66605777","17","151680565"
"chr2","218289360","218289646","chr3","26688498","26688781","34","191600862"
"chr2","218293581","218293750","chr4","156579178","156579353","34","61714403"
"chr2","218293792","218293912","chr1","68202546","68202661","23","150091246"
"chr2","218300532","218300844","chr19","43463036","43463348","36","174837496"
"chr2","218309651","218309956","chr9","8886595","8886904","44","209423056"
"chr2","218356175","218356339","chr1","157099065","157099225","24","61257110"
"chr2","218362072","218362370","chr12","98246373","98246670","40","120115699"
"chr2","218363521","218363833","chr9","42740061","42740365","43","175623460"
"chr2","218371523","218371812","chr22","13760597","13760890","41","204610926"
"chr2","218379720","218380059","chr16","66852566","66852896","63","151527154"
"chr2","218380884","218381020","chr5","3959402","3959536","14","214421482"
"chr2","218381342","218381506","chrX","108352935","108353103","27","110028407"
"chr2","218383483","218383779","chr5","84826899","84827194","38","133556584"
"chr2","218384587","218384885","chrUn_GL286397","56392","56694","48","218328195"
"chr2","218410821","218411119","chr13","39885762","39886059","42","178525059"
"chr2","218412034","218412334","chr1","10143237","10143538","37","208268797"
"chr2","218413975","218414263","chr5","143605992","143606274","43","74807983"
"chr2","218416878","218417183","chr1","184817871","184818171","42","33599007"
"chr2","218418647","218418936","chr12","31252957","31253248","42","187165690"
"chr2","218420148","218420458","chr7","45708752","45709057","45","172711396"
"chr2","218426247","218426551","chr15","20913964","20914267","43","197512283"
"chr2","218438927","218439230","chr3","106655459","106655766","35","111783468"
"chr2","218448723","218449018","chr2","59521324","59521618","41","158927399"
"chr2","218456688","218456998","chr6","134837497","134837798","38","83619191"
"chr2","218462905","218463157","chr7","61201524","61201774","44","157261381"
"chr2","218467883","218468188","chr1","184817871","184818171","37","33650012"
"chr2","218487904","218488205","chr4","159221657","159221968","56","59266247"
"chr2","218498446","218498751","chr5","35735021","35735325","40","182763425"
"chr2","218500071","218500253","chr4","134812114","134812292","38","83687957"
"chr2","218500547","218500675","chr3","72120195","72120319","17","146380352"
"chr2","218507153","218507457","chr6","17068239","17068542","49","201438914"
"chr2","218510712","218511012","chr16","33828417","33828713","54","184682295"
"chr2","218534207","218534523","chr9","11967801","11968108","51","206566406"
"chr2","218544098","218544407","chr1","184817871","184818171","44","33726227"
"chr2","218573959","218574259","chr12","20922607","20922906","56","197651352"
"chr2","218576686","218576981","chr11","123371423","123371718","45","95205263"
"chr2","218597855","218598141","chr5","2605040","2605324","41","215992815"
"chr2","218600189","218600473","chr3","42465596","42465883","38","176134593"
"chr2","218603880","218604180","chr1","166118501","166118797","47","52485379"
"chr2","218604555","218604864","chr10","126070729","126071027","45","92533826"
"chr2","218611602","218611897","chr12","90198453","90198750","38","128413149"
"chr2","218665460","218665757","chr5","26961498","26961795","30","191703962"
"chr2","218695528","218695837","chr13","18393383","18393690","37","200302145"
"chr2","218700380","218700700","chr1","165721200","165721511","47","52979180"
"chr2","218706424","218706718","chr20","22923582","22923882","43","195782842"
"chr2","218709192","218709477","chr3","95355279","95355568","51","123353913"
"chr2","218725549","218725855","chr22","40503125","40503432","43","178222424"
"chr2","218726801","218727106","chrX","69095527","69095826","44","149631274"
"chr2","218741108","218741273","chr1","136124767","136124935","26","82616341"
"chr2","218764129","218764404","chr1","168355505","168355788","51","50408624"
"chr2","218776804","218776946","chr2","127594354","127594493","19","91182450"
"chr2","218791001","218791134","chr5","158422918","158423048","16","60368083"
"chr2","218813421","218813730","chr6","17068239","17068542","46","201745182"
"chr2","218818100","218818402","chr6","135185632","135185925","58","83632468"
"chr2","218825361","218825654","chr7","106110000","106110290","47","112715361"
"chr2","218840199","218840498","chrX","46751776","46752069","44","172088423"
"chr2","218844869","218845195","chr16","91889893","91890207","68","126954976"
"chr2","218849913","218850211","chr3","94762904","94763199","41","124087009"
"chr2","218915859","218916150","chr10","128724321","128724610","46","90191538"
"chr2","218933712","218934021","chr1","168595556","168595859","44","50338156"
"chr2","218964880","218965186","chr15","61219971","61220268","47","157744909"
"chr2","218965290","218965576","chr5","154020351","154020637","39","64944939"
"chr2","218965604","218965618","chr5","92524075","92524085","4","126441529"
"chr2","218969496","218969803","chrX","47176701","47177007","44","171792795"
"chr2","218978142","218978445","chr6","135351397","135351706","36","83626745"
"chr2","219016290","219016594","chr9","8886595","8886904","33","210129695"
"chr2","219024655","219024955","chr9","107326309","107326609","44","111698346"
"chr2","219031916","219032220","chr6","135415982","135416286","42","83615934"
"chr2","219103270","219103575","chr1","141836257","141836563","41","77267013"
"chr2","219144933","219145221","chr14","98891693","98891977","47","120253240"
"chr2","219147198","219147501","chr5","26961498","26961795","41","192185700"
"chr2","219150538","219150673","chr4","43236196","43236331","17","175914342"
"chr2","219150979","219151150","chr4","156579178","156579353","33","62571801"
"chr2","219163681","219164001","chr15","83479661","83479973","48","135684020"
"chr2","219164551","219164858","chr12","51884744","51885046","37","167279807"
"chr2","219170441","219170737","chr6","135565225","135565529","39","83605216"
"chr2","219186529","219186827","chr8","106490217","106490515","40","112696312"
"chr2","219188174","219188446","chr11","97658809","97659082","32","121529365"
"chr2","219188657","219188943","chr22","45658818","45659100","40","173529839"
"chr2","219190355","219190565","chr1","173501100","173501309","33","45689255"
"chr2","219193896","219194218","chr2","162172264","162172572","51","57021632"
"chr2","219230751","219231033","chrX","65730608","65730894","41","153500143"
"chr2","219264178","219264485","chr1","138077483","138077787","36","81186695"
"chr2","219268101","219268394","chr6","135669425","135669719","35","83598676"
"chr2","219293198","219293479","chr4","34845790","34846071","40","184447408"
"chr2","219305868","219306181","chr7","102737006","102737318","46","116568862"
"chr2","219318193","219318476","chr4","16350054","16350344","44","202968139"
"chr2","219326169","219326327","chr7","36232387","36232551","37","183093782"
"chr2","219326629","219326764","chr4","34144507","34144640","15","185182122"
"chr2","219339906","219340199","chr7","26918353","26918647","36","192421553"
"chr2","219355866","219356168","chr5","154800624","154800924","38","64555242"
"chr2","219357685","219357981","chr1","10143237","10143538","42","209214448"
"chr2","219373368","219373664","chrX","47125049","47125340","46","172248319"
"chr2","219375552","219375853","chr1","168595556","168595859","49","50779996"
"chr2","219376992","219377305","chr22","36035102","36035417","45","183341890"
"chr2","219380203","219380521","chr9","91704310","91704624","55","127675893"
"chr2","219389548","219389851","chr11","20513555","20513852","37","198875993"
"chr2","219393279","219393578","chr5","2298333","2298635","35","217094946"
"chr2","219394961","219395247","chr12","17521934","17522220","38","201873027"
"chr2","219422462","219422765","chr9","29938786","29939085","39","189483676"
"chr2","219433460","219433768","chr9","101064126","101064428","41","118369334"
"chr2","219503136","219503416","chr8","91572601","91572890","43","127930535"
"chr2","219564795","219565089","chr6","135985157","135985455","55","83579638"
"chr2","219587671","219587944","chr5","74677504","74677775","47","144910167"
"chr2","219589270","219589572","chr2","135439486","135439790","36","84149784"
"chr2","219593717","219594019","chr13","68817190","68817491","47","150776527"
"chr2","219599080","219599388","chr3","108570361","108570666","39","111028719"
"chr2","219600042","219600397","chr6","136015720","136016063","90","83584322"
"chr2","219603037","219603340","chr2","31372053","31372354","35","188230984"
"chr2","219623396","219623700","chr6","17068239","17068542","43","202555157"
"chr2","219664553","219664849","chr6","17068239","17068542","45","202596314"
"chr2","219731074","219731206","chr7","80185646","80185776","12","139545428"
"chr2","219738247","219738543","chr9","91498490","91498786","45","128239757"
"chr2","219776021","219776239","chr7","49908001","49908221","24","169868020"
"chr2","219789922","219790222","chr22","28997304","28997607","32","190792618"
"chr2","219797954","219798259","chr6","136221258","136221564","40","83576696"
"chr2","219822907","219823178","chr6","136239872","136240135","33","83583035"
"chr2","219855159","219855469","chr5","83113160","83113466","46","136741999"
"chr2","219872616","219872923","chr13","18393383","18393690","45","201479233"
"chr2","220073306","220073573","chr7","70496336","70496606","39","149576970"
"chr2","220170751","220171039","chr2","170778290","170778584","45","49392461"
"chr2","220178042","220178325","chr3","111736801","111737080","34","108441241"
"chr2","220232018","220232329","chr13","18393383","18393690","41","201838635"
"chr2","220278670","220278950","chr4","34845790","34846071","40","185432880"
"chr2","220299768","220300070","chr3","64986478","64986781","44","155313290"
"chr2","220325270","220325581","chr7","6231691","6232004","46","214093579"
"chr2","220481799","220482113","chr1","172873149","172873460","52","47608650"
"chr2","220652157","220652437","chr20","38297518","38297805","57","182354639"
"chr2","220682013","220682330","chr1","140692050","140692357","60","79989963"
"chr2","220732281","220732580","chr19","16266278","16266559","54","204466003"
"chr2","220803088","220803399","chr3","108570361","108570666","53","112232727"
"chr2","220898940","220899224","chr5","94664013","94664296","47","126234927"
"chr2","221033086","221033381","chr22","7822716","7823014","45","213210370"
"chr2","221201575","221201864","chr6","137664462","137664751","43","83537113"
"chr2","221205906","221206065","chr2","18787310","18787467","32","202418596"
"chr2","221225491","221225802","chr5","76354420","76354731","48","144871071"
"chr2","221296538","221296845","chr5","150153039","150153350","41","71143499"
"chr2","221337240","221337553","chr5","143218381","143218690","49","78118859"
"chr2","221363838","221364131","chr4","158146980","158147273","34","63216858"
"chr2","221438506","221438805","chr22","28997304","28997607","48","192441202"
"chr2","221450932","221451215","chr14","86364378","86364659","45","135086554"
"chr2","221453895","221454189","chr22","10286252","10286536","37","211167643"
"chr2","221483537","221483799","chr7","79075339","79075591","49","142408198"
"chr2","221494323","221494631","chr6","137958798","137959108","37","83535525"
"chr2","221523605","221523885","chr2","187744206","187744487","53","33779399"
"chr2","221526565","221526896","chr9","98029843","98030162","61","123496722"
"chr2","221539910","221540219","chr3","84624674","84624979","48","136915236"
"chr2","221588885","221589187","chr22","33981676","33981980","36","187607209"
"chr2","221593722","221594039","chr6","138061684","138061997","50","83532038"
"chr2","221594754","221595058","chr6","17068239","17068542","47","204526515"
"chr2","221769030","221769348","chr1","184817871","184818171","52","36951159"
"chr2","221814608","221814910","chr22","37363535","37363837","43","184451073"
"chr2","221823975","221824280","chr12","110699815","110700119","42","111124160"
"chr2","221841106","221841394","chr6","138324943","138325209","52","83516163"
"chr2","221877602","221877896","chr4","137337713","137338005","43","84539889"
"chr2","221894120","221894431","chr3","106655459","106655766","50","115238661"
"chr2","221928204","221928486","chr4","34845790","34846071","35","187082414"
"chr2","221957751","221958045","chr6","147894727","147895020","36","74063024"
"chr2","221984065","221984355","chr1","87115579","87115873","39","134868486"
"chr2","222039279","222039591","chr5","83113160","83113466","44","138926119"
"chr2","222114765","222115073","chr6","7892688","7892995","51","214222077"
"chr2","222115324","222115399","chr1","194586377","194586456","14","27528947"
"chr2","222180222","222180535","chr4","160766248","160766567","53","61413974"
"chr2","222254778","222255081","chr5","60529593","60529894","42","161725185"
"chr2","222260553","222260881","chr6","19550312","19550637","66","202710241"
"chr2","222431212","222431496","chr6","138913464","138913760","54","83517748"
"chr2","222497244","222497545","chr6","17068239","17068542","48","205429005"
"chr2","222529329","222529634","chr1","168595556","168595859","41","53933773"
"chr2","222541595","222541899","chr9","101452048","101452367","48","121089547"
"chr2","222545284","222545581","chr5","94234310","94234606","32","128310974"
"chr2","222570523","222570824","chr6","139068240","139068541","42","83502283"
"chr2","222642004","222642300","chrX","103880768","103881062","38","118761236"
"chr2","222647773","222647892","chr7","65757736","65757854","13","156890037"
"chr2","222659946","222660241","chr5","26961498","26961795","39","195698448"
"chr2","222686833","222687143","chr12","27257719","27258031","41","195429114"
"chr2","222706913","222707218","chr3","189328703","189329010","58","33378210"
"chr2","222742603","222742885","chr1","66742297","66742578","48","156000306"
"chr2","222771507","222771808","chr22","28997304","28997607","35","193774203"
"chr2","222777814","222778103","chr8","10498527","10498822","42","212279287"
"chr2","222781882","222782182","chr2","8013908","8014211","47","214767974"
"chr2","222785895","222786185","chr5","126079965","126080261","39","96705930"
"chr2","222798218","222798517","chr10","14603732","14604030","38","208194486"
"chr2","222801514","222801824","chrX","47176701","47177007","36","175624813"
"chr2","222814349","222814639","chr20","12492626","12492913","38","210321723"
"chr2","222827200","222827495","chr5","26961498","26961795","46","195865702"
"chr2","222835903","222836210","chr6","139353263","139353585","50","83482640"
"chr2","222836843","222837149","chr6","17068239","17068542","41","205768604"
"chr2","222841543","222841872","chr17","54268547","54268882","57","168572996"
"chr2","222843835","222844104","chrX","46222636","46222903","40","176621199"
"chr2","222845149","222845443","chr1","15931085","15931383","34","206914064"
"chr2","222848419","222848552","chr7","94914850","94914984","13","127933569"
"chr2","222853225","222853534","chr6","17068239","17068542","38","205784986"
"chr2","222932326","222932628","chr5","26961498","26961795","36","195970828"
"chr2","222956081","222956371","chr1","157959927","157960225","41","64996154"
"chr2","222961041","222961336","chr6","147894727","147895020","41","75066314"
"chr2","222991213","222991518","chr3","111073260","111073559","46","111917953"
"chr2","222996118","222996397","chr4","34845790","34846071","38","188150328"
"chr2","223061199","223061497","chr6","139571143","139571439","31","83490056"
"chr2","223145801","223146100","chr6","139678874","139679172","40","83466927"
"chr2","223251413","223251719","chr21","40584762","40585072","44","182666651"
"chr2","223266567","223266874","chr3","106655459","106655766","39","116611108"
"chr2","223356022","223356273","chr6","139852735","139852988","35","83503287"
"chr2","223381860","223382138","chr5","141076029","141076300","48","82305831"
"chr2","223432553","223432844","chr1","145176527","145176816","39","78256026"
"chr2","223450524","223450836","chr5","134608851","134609157","53","88841673"
"chr2","223471583","223471858","chr2","162351554","162351836","63","61120029"
"chr2","223473943","223474233","chr17","69075766","69076065","49","154398177"
"chr2","223539957","223540269","chr18","23233216","23233522","49","200306741"
"chr2","223547714","223548014","chr3","53304381","53304673","49","170243333"
"chr2","223568105","223568410","chr22","33981676","33981980","39","189586429"
"chr2","223575593","223575698","chr1","76782168","76782273","15","146793425"
"chr2","223654164","223654480","chr7","57292095","57292411","52","166362069"
"chr2","223691409","223691712","chr2","185960954","185961257","35","37730455"
"chr2","223692812","223693098","chr6","149299474","149299765","43","74393338"
"chr2","223713145","223713436","chr5","84826899","84827194","39","138886246"
"chr2","223744940","223745237","chr4","48143637","48143933","37","175601303"
"chr2","223746415","223746726","chr5","124264788","124265092","46","99481627"
"chr2","223754628","223754913","chr5","80700303","80700590","42","143054325"
"chr2","223763911","223764218","chr3","108570361","108570666","47","115193550"
"chr2","223768575","223768874","chr14","32745447","32745743","37","191023128"
"chr2","223770728","223771034","chr22","7822716","7823014","46","215948012"
"chr2","223771068","223771363","chr6","140316550","140316844","39","83454518"
"chr2","223787964","223788245","chr16","50751771","50752055","49","173036193"
"chr2","223799929","223800238","chr9","101452502","101452806","51","122347427"
"chr2","223818136","223818434","chr2","48330699","48330994","55","175487437"
"chr2","223818556","223818853","chr15","22915647","22915946","36","200902909"
"chr2","223826314","223826612","chr2","152226173","152226473","43","71600141"
"chr2","223827387","223827685","chr10","16033492","16033786","45","207793895"
"chr2","223830197","223830497","chr10","14603732","14604030","35","209226465"
"chr2","223838706","223838988","chr1","137376731","137377017","47","86461975"
"chr2","223845461","223845753","chr4","16350054","16350344","37","207495407"
"chr2","223845952","223846250","chr7","6894852","6895150","39","216951100"
"chr2","223852948","223853264","chr9","8886595","8886904","45","214966353"
"chr2","223872512","223872807","chr15","22872591","22872890","45","200999921"
"chr2","223880325","223880627","chr5","113898892","113899193","42","109981433"
"chr2","223891094","223891395","chr10","16033492","16033786","46","207857602"
"chr2","223899463","223899778","chrX","38790678","38790992","39","185108785"
"chr2","223903241","223903548","chr3","84624674","84624979","41","139278567"
"chr2","223904261","223904550","chr19","45166286","45166570","38","178737975"
"chr2","223919220","223919510","chr5","74809771","74810060","40","149109449"
"chr2","223934113","223934388","chrX","50982120","50982393","43","172951993"
"chr2","223950257","223950549","chr4","36522598","36522895","51","187427659"
"chr2","223951479","223951778","chr20","39930946","39931248","39","184020533"
"chr2","223978041","223978328","chr22","4334459","4334753","36","219643582"
"chr2","224002486","224002791","chr18","7780774","7781073","66","216221712"
"chr2","224014093","224014402","chr21","36464719","36465028","48","187549374"
"chr2","224063875","224064151","chr4","38209077","38209362","42","185854798"
"chr2","224130849","224131123","chr6","140690863","140691124","39","83439986"
"chr2","224133794","224134104","chr3","106655459","106655766","37","117478335"
"chr2","224140619","224140919","chr15","33962891","33963183","52","190177728"
"chr2","224214203","224214494","chr15","65004934","65005231","42","159209269"
"chr2","224261779","224262093","chr13","18393383","18393690","46","205868396"
"chr2","224321563","224321851","chr15","20770296","20770585","41","203551267"
"chr2","224337796","224338088","chr11","123371423","123371718","41","100966373"
"chr2","224354066","224354390","chr9","106891453","106891749","60","117462613"
"chr2","224388931","224389231","chr6","140937457","140937756","33","83451474"
"chr2","224413650","224413951","chr1","138077483","138077787","45","86336167"
"chr2","224419231","224419505","chr15","8178371","8178644","40","216240860"
"chr2","224422556","224422837","chr3","163846417","163846697","39","60576139"
"chr2","224432727","224433046","chr11","123924507","123924822","55","100508220"
"chr2","224435216","224435511","chr10","14603732","14604030","41","209831484"
"chr2","224445455","224445748","chr6","141002025","141002312","39","83443430"
"chr2","224446772","224447045","chr11","97658809","97659082","50","126787963"
"chr2","224451438","224451725","chr10","8026640","8026929","38","216424798"
"chr2","224452537","224452779","chr9","106532593","106532842","41","117919944"
"chr2","224453567","224453854","chr9","37642064","37642351","36","186811503"
"chr2","224464977","224465253","chr2","80644634","80644911","36","143820343"
"chr2","224515696","224515989","chr6","141073055","141073347","44","83442641"
"chr2","224517391","224517679","chr6","141074105","141074398","40","83443286"
"chr2","224531089","224531387","chr4","11141283","11141584","44","213389806"
"chr2","224540060","224540334","chr1","83116588","83116855","45","141423472"
"chr2","224562357","224562654","chr6","141117332","141117623","44","83445025"
"chr2","224598073","224598375","chr15","20018055","20018360","39","204580018"
"chr2","224614809","224615118","chr3","108570361","108570666","44","116044448"
"chr2","224627334","224627346","chr5","92524075","92524085","2","132103259"
"chr2","224627377","224627660","chr15","37619139","37619418","35","187008238"
"chr2","224631577","224631884","chr3","152941248","152941549","46","71690329"
"chr2","224634729","224635033","chr11","75298799","75299105","40","149335930"
"chr2","224688589","224688908","chrX","47176701","47177007","56","177511888"
"chr2","224690549","224690856","chr4","98994161","98994461","52","125696388"
"chr2","224704590","224704921","chr17","54268547","54268882","59","170436043"
"chr2","224709077","224709357","chr6","141243850","141244128","33","83465227"
"chr2","224749725","224750036","chr2","134631831","134632142","43","90117894"
"chr2","224771906","224772218","chr10","126696429","126696740","46","98075477"
"chr2","224845730","224846023","chr5","110918761","110919060","35","113926969"
"chr2","224864226","224864519","chr9","84109498","84109792","37","140754728"
"chr2","224879476","224879790","chr6","17068239","17068542","45","207811237"
"chr2","224884990","224885299","chr2","8426666","8426970","39","216458324"
"chr2","224892115","224892426","chr2","62697446","62697757","51","162194669"
"chr2","224916114","224916258","chr22","29058273","29058417","17","195857841"
"chr2","224929919","224930216","chr4","156698023","156698319","41","68231896"
"chr2","224956344","224956650","chr6","17068239","17068542","40","207888105"
"chr2","224998906","224999189","chr6","141528930","141529214","38","83469976"
"chr2","225000701","225000987","chr10","46916961","46917259","44","178083740"
"chr2","225029862","225030174","chr11","20691935","20692246","40","204337927"
"chr2","225173149","225173418","chr16","92089757","92090031","49","133083392"
"chr2","225177800","225178103","chr1","25957169","25957480","50","199220631"
"chr2","225240715","225241037","chr4","20278830","20279149","54","204961885"
"chr2","225247475","225247777","chr3","2808599","2808903","43","222438876"
"chr2","225314331","225314614","chr11","15919850","15920134","47","209394481"
"chr2","225363660","225363965","chr18","8503340","8503640","43","216860320"
"chr2","225577948","225578228","chr12","52530244","52530526","39","173047704"
"chr2","225661727","225662023","chr5","56304718","56305012","36","169357009"
"chr2","225688739","225689040","chr9","11967801","11968108","41","213720938"
"chr2","225751596","225751894","chr3","84166865","84167168","45","141584731"
"chr2","225932370","225932681","chrX","47176701","47177007","42","178755669"
"chr2","226009098","226009397","chr7","80047681","80047980","42","145961417"
"chr2","226009475","226009758","chrX","17243808","17244094","47","208765667"
"chr2","226036773","226037075","chr5","128140152","128140449","42","97896621"
"chr2","226104025","226104349","chr7","54586977","54587300","50","171517048"
"chr2","226161759","226162046","chr20","12492626","12492913","38","213669133"
"chr2","226171593","226171857","chr6","142647313","142647568","41","83524280"
"chr2","226224739","226225032","chrX","14287623","14287915","51","211937116"
"chr2","226316019","226316323","chr9","65758722","65759027","40","160557297"
"chr2","226346242","226346529","chr18","12524666","12524946","45","213821576"
"chr2","226354912","226355216","chr1","182431948","182432248","61","43922964"
"chr2","226386883","226387142","chr16","5203422","5203693","58","221183461"
"chr2","226415515","226415872","chr13","16568616","16568958","82","209846899"
"chr2","226422313","226422597","chr5","26961498","26961795","45","199460815"
"chr2","226504335","226504659","chr7","27825392","27825700","63","198678943"
"chr2","226534201","226534353","chr1","199296013","199296162","30","27238188"
"chr2","226534413","226534563","chr13","16370255","16370398","33","210164158"
"chr2","226547947","226548251","chr10","14603732","14604030","47","211944215"
"chr2","226596490","226596790","chr9","111187673","111187975","37","115408817"
"chr2","226677981","226678240","chr5","133195245","133195483","54","93482736"
"chr2","226704815","226705099","chr6","154756738","154757021","42","71948077"
"chr2","226705688","226705983","chr5","63326522","63326817","41","163379166"
"chr2","226718359","226718647","chr12","118295565","118295854","38","108422794"
"chr2","226719688","226719776","chr4","47274571","47274660","17","179445117"
"chr2","226728830","226729138","chr6","143249895","143250187","52","83478935"
"chr2","226776625","226776899","chr14","74825414","74825689","42","151951211"
"chr2","226782719","226783017","chr12","22817671","22817967","46","203965048"
"chr2","226785321","226785630","chr22","28997304","28997607","37","197788017"
"chr2","226822844","226823138","chr3","110699020","110699313","49","116123824"
"chr2","226894270","226894570","chr15","5688723","5689022","44","221205547"
"chr2","227023159","227023467","chr9","112142272","112142574","41","114880887"
"chr2","227040563","227040853","chr21","43075982","43076273","42","183964581"
"chr2","227041385","227041668","chr12","48605950","48606233","45","178435435"
"chr2","227054810","227055089","chr9","44537673","44537953","36","182517137"
"chr2","227090467","227090752","chr11","23439208","23439487","44","203651259"
"chr2","227099069","227099366","chr1","168595556","168595859","44","58503513"
"chr2","227120656","227120956","chr5","158442235","158442532","43","68678421"
"chr2","227125200","227125508","chr22","28997304","28997607","39","198127896"
"chr2","227132494","227132799","chr3","106655459","106655766","40","120477035"
"chr2","227142472","227142773","chr9","20122679","20122976","42","207019793"
"chr2","227172576","227172886","chr2","186353864","186354175","44","40818712"
"chr2","227190633","227190890","chr2","15726694","15726949","49","211463939"
"chr2","227225701","227226011","chr11","108948769","108949075","50","118276932"
"chr2","227227315","227227547","chr12","79675662","79675895","39","147551653"
"chr2","227233010","227233312","chr16","69698488","69698782","41","157534522"
"chr2","227250032","227250317","chr15","68809459","68809748","34","158440573"
"chr2","227251789","227252091","chr7","89834914","89835215","42","137416875"
"chr2","227273955","227274238","chr14","65667417","65667703","43","161606538"
"chr2","227275198","227275480","chr1","198952709","198952990","40","28322489"
"chr2","227277718","227277914","chrX","47514970","47515166","21","179762748"
"chr2","227281990","227282275","chr9","1932661","1932946","44","225349329"
"chr2","227288098","227288396","chr7","38103035","38103332","38","189185063"
"chr2","227298066","227298358","chr6","143825627","143825922","47","83472439"
"chr2","227309596","227309926","chr7","87486903","87487227","53","139822693"
"chr2","227310257","227310619","chr6","143836737","143837045","80","83473520"
"chr2","227311372","227311677","chr1","168595556","168595859","45","58715816"
"chr2","227334887","227335187","chr4","30880097","30880395","42","196454790"
"chr2","227337767","227338057","chr5","87804689","87804982","48","139533078"
"chr2","227338086","227338394","chr6","17068239","17068542","41","210269847"
"chr2","227343777","227344087","chr10","98627092","98627395","42","128716685"
"chr2","227364920","227365210","chr6","143889066","143889352","28","83475854"
"chr2","227369428","227369716","chr2","66458912","66459196","48","160910516"
"chr2","227370475","227370775","chr14","5399570","5399866","42","221970905"
"chr2","227392158","227392453","chr5","26961498","26961795","42","200430660"
"chr2","227392915","227393215","chr1","172257719","172258009","40","55135196"
"chr2","227396632","227396917","chr22","30202132","30202421","34","197194500"
"chr2","227401017","227401321","chr7","15485829","15486129","39","211915188"
"chr2","227437930","227438216","chr2","1786327","1786613","40","225651603"
"chr2","227453206","227453504","chr9","8632506","8632798","37","218820700"
"chr2","227457230","227457536","chr6","143978375","143978680","42","83478855"
"chr2","227459603","227459903","chr2","14206640","14206942","46","213252963"
"chr2","227488821","227489114","chr1","172257719","172258009","38","55231102"
"chr2","227489224","227489521","chr3","106655459","106655766","37","120833765"
"chr2","227495821","227496137","chr6","144018286","144018602","55","83477535"
"chr2","227526210","227526537","chr5","92806299","92806613","78","134719911"
"chr2","227575659","227575948","chr2","56700759","56701042","35","170874900"
"chr2","227585146","227585443","chr3","123910184","123910483","47","103674962"
"chr2","227594997","227595281","chr5","2532160","2532447","40","225062837"
"chr2","227596657","227596941","chr9","1932661","1932946","39","225663996"
"chr2","227610927","227611233","chr8","10772668","10772973","40","216838259"
"chr2","227615606","227615836","chr6","144123535","144123759","32","83492071"
"chr2","227618834","227619136","chr5","86230872","86231167","38","141387962"
"chr2","227633466","227633767","chr1","101492422","101492722","38","126141044"
"chr2","227637907","227638141","chr6","144155972","144156209","37","83481935"
"chr2","227638979","227639287","chr5","8258993","8259302","38","219379986"
"chr2","227640259","227640523","chr1","173992408","173992672","37","53647851"
"chr2","227667573","227667865","chr10","128724321","128724610","44","98943252"
"chr2","227673278","227673559","chr7","6721352","6721636","38","220951926"
"chr2","227679774","227680070","chr4","3128000","3128295","46","224551774"
"chr2","227701340","227701653","chr6","144225882","144226192","45","83475458"
"chr2","227707304","227707620","chr3","3804205","3804512","65","223903099"
"chr2","227711768","227712077","chr3","106655459","106655766","42","121056309"
"chr2","227737264","227737556","chr5","79365415","79365707","37","148371849"
"chr2","227749186","227749486","chr5","26961498","26961795","44","200787688"
"chr2","227749502","227749810","chr3","106655459","106655766","47","121094043"
"chr2","227750369","227750651","chr17","45462342","45462630","39","182288027"
"chr2","227756465","227756609","chr1","79729473","79729618","22","148026992"
"chr2","227765039","227765335","chr9","20122679","20122976","37","207642360"
"chr2","227769918","227770219","chr15","49359997","49360293","45","178409921"
"chr2","227770919","227771201","chr4","136035930","136036213","37","91734989"
"chr2","227780488","227780792","chr1","15931085","15931383","46","211849403"
"chr2","227790471","227790770","chr12","28553718","28554019","44","199236753"
"chr2","227798569","227798870","chr2","171330283","171330586","58","56468286"
"chr2","227800433","227800734","chr8","9623666","9623966","47","218176767"
"chr2","227802168","227802465","chr11","109115466","109115766","58","118686702"
"chr2","227824361","227824644","chrX","68962815","68963097","39","158861546"
"chr2","227825483","227825780","chr6","147894727","147895020","36","79930756"
"chr2","227833051","227833354","chr5","69022445","69022742","34","158810606"
"chr2","227834370","227834664","chr5","76517538","76517828","50","151316832"
"chr2","227844607","227844891","chrX","22989959","22990252","62","204854648"
"chr2","227858591","227858887","chr9","20806439","20806737","46","207052152"
"chr2","227873706","227873979","chr6","144396186","144396469","44","83477520"
"chr2","227886336","227886635","chr16","33828417","33828713","47","194057919"
"chr2","227894120","227894428","chr11","123371423","123371718","46","104522697"
"chr2","227950340","227950646","chr1","199242898","199243208","45","28707442"
"chr2","227953385","227953696","chr7","148985140","148985448","43","78968245"
"chr2","227956586","227956816","chr6","144479509","144479759","50","83477077"
"chr2","227973837","227974138","chr2","61800729","61801029","38","166173108"
"chr2","228043324","228043626","chr15","22401594","22401899","35","205641730"
"chr2","228061252","228061571","chrX","23109065","23109374","49","204952187"
"chr2","228125795","228126093","chr8","12435828","12436131","47","215689967"
"chr2","228132716","228133024","chr4","53071595","53071899","54","175061121"
"chr2","228241851","228242140","chr10","16033492","16033786","38","212208359"
"chr2","228275179","228275471","chr2","59870753","59871039","46","168404426"
"chr2","228533974","228534283","chr11","63112901","63113208","47","165421073"
"chr2","228702449","228702730","chr5","14724484","14724769","54","213977965"
"chr2","228727674","228727959","chr3","188219301","188219587","36","40508373"
"chr2","228781989","228782301","chr6","145239921","145240227","56","83542068"
"chr2","228879171","228879465","chr6","94089395","94089688","45","134789776"
"chr2","228967267","228967575","chr4","68694835","68695137","39","160272432"
"chr2","229031276","229031583","chr5","42661443","42661746","43","186369833"
"chr2","229051337","229051632","chr19","7367569","7367859","45","221683768"
"chr2","229093123","229093423","chr6","145533058","145533361","46","83560065"
"chr2","229292994","229293301","chr22","15341421","15341725","39","213951573"
"chr2","229330110","229330419","chr6","96626818","96627126","40","132703292"
"chr2","229411275","229411566","chr15","22391678","22391973","36","207019597"
"chr2","229452620","229452927","chr11","63112901","63113208","36","166339719"
"chr2","229545293","229545579","chr22","30202132","30202421","34","199343161"
"chr2","229554410","229554716","chr19","27473013","27473319","46","202081397"
"chr2","229569241","229569541","chr6","146026908","146027199","39","83542333"
"chr2","229674280","229674578","chr12","85424625","85424923","42","144249655"
"chr2","229725337","229725627","chr15","68809459","68809748","41","160915878"
"chr2","229728104","229728408","chr7","15853091","15853389","40","213875013"
"chr2","229736515","229736814","chr5","2239871","2240172","41","227496644"
"chr2","229748384","229748689","chr22","33981676","33981980","37","195766708"
"chr2","229754524","229754831","chrUn_GL286451","117883","118189","41","229636641"
"chr2","229756518","229756797","chr2","9603317","9603597","41","220153201"
"chr2","229803254","229803413","chr10","46839294","46839452","19","182963960"
"chr2","229812524","229812830","chr5","124338115","124338421","45","105474409"
"chr2","229819263","229819548","chr6","146290774","146291064","34","83528489"
"chr2","229854982","229855291","chr3","92279326","92279632","50","137575656"
"chr2","229857353","229857666","chr8","85698712","85699021","57","144158641"
"chr2","229858082","229858368","chr13","43918238","43918525","46","185939844"
"chr2","229870892","229871181","chr15","22186121","22186395","67","207684771"
"chr2","229878170","229878473","chr13","65848895","65849202","47","164029275"
"chr2","229886467","229886766","chr22","28383777","28384071","47","201502690"
"chr2","229897366","229897658","chr14","63994771","63995061","35","165902595"
"chr2","229899117","229899210","chr5","3651971","3652072","34","226247146"
"chr2","229900581","229900876","chr10","14603732","14604030","40","215296849"
"chr2","229902102","229902401","chr8","28391412","28391706","54","201510690"
"chr2","229926464","229926748","chr4","104457272","104457564","49","125469192"
"chr2","229928961","229929233","chr1","75555059","75555337","41","154373902"
"chr2","229941735","229942032","chr2","168879156","168879455","39","61062579"
"chr2","229954847","229955151","chr19","28105030","28105328","39","201849817"
"chr2","229968786","229969060","chr4","159733342","159733603","52","70235444"
"chr2","229975941","229976007","chr13","95609675","95609740","5","134366266"
"chr2","229986937","229987230","chr19","18047197","18047497","41","211939740"
"chr2","229990966","229991235","chr14","74825414","74825689","45","155165552"
"chr2","230000847","230001158","chr6","112846301","112846609","41","117154546"
"chr2","230007604","230007892","chr12","53828555","53828854","44","176179049"
"chr2","230007893","230008024","chr9","39456312","39456442","14","190551581"
"chr2","230011611","230011746","chr10","98643557","98643688","20","131368054"
"chr2","230022573","230022645","chr2","12946678","12946750","6","217075895"
"chr2","230030481","230030783","chr20","11822351","11822649","44","218208130"
"chr2","230031626","230031924","chr15","49359997","49360293","37","180671629"
"chr2","230045276","230045578","chr3","181843854","181844151","46","48201422"
"chr2","230058639","230058932","chr5","108656413","108656709","38","121402226"
"chr2","230065261","230065554","chr6","146536563","146536860","31","83528698"
"chr2","230066023","230066321","chrY","2641146","2641442","46","227424877"
"chr2","230073516","230073699","chr2","188892159","188892344","27","41181357"
"chr2","230074974","230075260","chr10","115591667","115591949","43","114483307"
"chr2","230075292","230075311","chrX","140734729","140734741","7","89340563"
"chr2","230098997","230099289","chr10","27869408","27869703","35","202229589"
"chr2","230107408","230107705","chr10","29910934","29911230","40","200196474"
"chr2","230160374","230160688","chr6","146627171","146627474","47","83533203"
"chr2","230198597","230198859","chr3","164416344","164416606","40","65782253"
"chr2","230257485","230257784","chr6","146729840","146730130","42","83527645"
"chr2","230289513","230289774","chr2","5979204","5979468","41","224310309"
"chr2","230349727","230350027","chr15","49359997","49360293","40","180989730"
"chr2","230427949","230428255","chr9","54871024","54871320","48","175556925"
"chr2","230500961","230501262","chr20","23248359","23248652","47","207252602"
"chr2","230501873","230502182","chr22","37363535","37363837","52","193138338"
"chr2","230535627","230535935","chr9","101796262","101796572","39","128739365"
"chr2","230561179","230561477","chr5","116115777","116116067","42","114445402"
"chr2","230569684","230569733","chr2","29385613","29385662","14","201184071"
"chr2","230569761","230569825","chrUn_GL286275","18873","18935","12","230550888"
"chr2","230602246","230602555","chr16","25492826","25493133","39","205109420"
"chr2","230631780","230632068","chr6","149299474","149299765","40","81332306"
"chr2","230640251","230640555","chr18","8503340","8503640","37","222136911"
"chr2","230647542","230647581","chr6","146503162","146503204","10","84144380"
"chr2","230666230","230666526","chr10","16033492","16033786","38","214632738"
"chr2","230687187","230687473","chr10","15634508","15634789","62","215052679"
"chr2","230689524","230689835","chrX","45395851","45396165","47","185293673"
"chr2","230695325","230695633","chr10","16169668","16169965","48","214525657"
"chr2","230701532","230701831","chr5","64309139","64309447","47","166392393"
"chr2","230709323","230709633","chr11","20691935","20692246","51","210017388"
"chr2","230723962","230724262","chr2","6552144","6552439","43","224171818"
"chr2","230728381","230728601","chr13","39467959","39468181","44","191260422"
"chr2","230735162","230735465","chr13","43694410","43694711","37","187040752"
"chr2","230763840","230764148","chr7","102737006","102737318","44","128026834"
"chr2","230815992","230816287","chr14","83739394","83739686","43","147076598"
"chr2","230834128","230834424","chr1","15931085","15931383","36","214903043"
"chr2","230836061","230836363","chr7","62273106","62273408","37","168562955"
"chr2","230847593","230847897","chr8","117792221","117792518","47","113055372"
"chr2","230851236","230851539","chr8","7770453","7770755","36","223080783"
"chr2","230989222","230989505","chr10","17357237","17357515","56","213631985"
"chr2","230993126","230993451","chr3","153217268","153217573","68","77775858"
"chr2","231011129","231011386","chr15","64960164","64960414","43","166050965"
"chr2","231023968","231024248","chr10","128279702","128279982","39","102744266"
"chr2","231030527","231030818","chr15","11981277","11981564","36","219049250"
"chr2","231067650","231067956","chr1","168595556","168595859","40","62472094"
"chr2","231110037","231110328","chr7","80298109","80298398","46","150811928"
"chr2","231158029","231158328","chr5","94234310","94234606","44","136923719"
"chr2","231208899","231209202","chr4","106715273","106715572","48","124493626"
"chr2","231217302","231217584","chr3","137011734","137012015","47","94205568"
"chr2","231221547","231221851","chr2","152127079","152127392","47","79094468"
"chr2","231253077","231253413","chr7","40347399","40347734","73","190905678"
"chr2","231265725","231266020","chr3","106655459","106655766","47","124610266"
"chr2","231280172","231280486","chr5","134608851","134609157","45","96671321"
"chr2","231283431","231283729","chr5","38614488","38614784","40","192668943"
"chr2","231291887","231292186","chr5","94234310","94234606","29","137057577"
"chr2","231311489","231311796","chr11","125799128","125799440","44","105512361"
"chr2","231327772","231328083","chr5","150153039","150153350","51","81174733"
"chr2","231349500","231349791","chr4","162252003","162252294","41","69097497"
"chr2","231354377","231354681","chr8","98342110","98342415","34","133012267"
"chr2","231359083","231359385","chr22","29825053","29825352","33","201534030"
"chr2","231414568","231414878","chr2","137593855","137594162","45","93820713"
"chr2","231415549","231415856","chr6","147860089","147860389","43","83555460"
"chr2","231421729","231421819","chr8","51322266","51322358","9","180099463"
"chr2","231441722","231442021","chr1","174886810","174887104","62","56554912"
"chr2","231442315","231442624","chr10","126696429","126696740","43","104745886"
"chr2","231459630","231459930","chr6","17068239","17068542","48","214391391"
"chr2","231475716","231476019","chr5","52498828","52499124","43","178976888"
"chr2","231480296","231480422","chr12","109518504","109518621","25","121961792"
"chr2","231508649","231508925","chr6","139756939","139757215","47","91751710"
"chr2","231513126","231513423","chr22","32362495","32362804","57","199150631"
"chr2","231529187","231529487","chr3","84624674","84624979","51","146904513"
"chr2","231539412","231539684","chr10","218629","218896","48","231320783"
"chr2","231546751","231546955","chrX","128210614","128210799","45","103336137"
"chr2","231547266","231547388","chr5","124538732","124538850","20","107008534"
"chr2","231548000","231548301","chr6","147985747","147986047","35","83562253"
"chr2","231556638","231556947","chr21","40584762","40585072","40","190971876"
"chr2","231567726","231568041","chr17","43047641","43047952","52","188520085"
"chr2","231572821","231573131","chr8","94144707","94145013","40","137428114"
"chr2","231599968","231600271","chr1","101283996","101284296","49","130315972"
"chr2","231608918","231609218","chr6","148060035","148060324","47","83548883"
"chr2","231628995","231629294","chr5","128460117","128460412","50","103168878"
"chr2","231638950","231639259","chr22","40503125","40503432","51","191135825"
"chr2","231656890","231657024","chr12","27626025","27626157","13","204030865"
"chr2","231657333","231657497","chrX","106480049","106480214","28","125177284"
"chr2","231660257","231660562","chr5","42661443","42661746","46","188998814"
"chr2","231719196","231719497","chr1","168595556","168595859","36","63123640"
"chr2","231725370","231725663","chr6","148184748","148185046","46","83540622"
"chr2","231738634","231738948","chr15","6307477","6307790","40","225431157"
"chr2","231739638","231739889","chr6","148199342","148199603","37","83540296"
"chr2","231750482","231750660","chr4","34157283","34157451","41","197593199"
"chr2","231750688","231750807","chr5","95721121","95721237","16","136029567"
"chr2","231755464","231755592","chr13","115047905","115048030","20","116707559"
"chr2","231762340","231762644","chr6","17068239","17068542","36","214694101"
"chr2","231768390","231768696","chr5","94234310","94234606","52","137534080"
"chr2","231794753","231794919","chr4","34157283","34157451","32","197637470"
"chr2","231795219","231795360","chr1","156676099","156676233","31","75119120"
"chr2","231818619","231818920","chr7","80047681","80047980","43","151770938"
"chr2","231857266","231857556","chr9","110500593","110500886","43","121356673"
"chr2","231875767","231876073","chr3","19007830","19008141","50","212867937"
"chr2","231880244","231880549","chr13","59154693","59154990","46","172725551"
"chr2","231897273","231897473","chr19","27811782","27811985","28","204085491"
"chr2","231909377","231909619","chr6","139362333","139362582","51","92547044"
"chr2","231916368","231916662","chr4","38174355","38174645","49","193742013"
"chr2","231944785","231944920","chr4","43236196","43236331","10","188708589"
"chr2","231945082","231945377","chr20","27822433","27822727","39","204122649"
"chr2","231949520","231949816","chr4","106597579","106597886","56","125351941"
"chr2","231966157","231966464","chr2","171330283","171330586","49","60635874"
"chr2","231969310","231969609","chr22","29825053","29825352","39","202144257"
"chr2","231980945","231981243","chr4","110072542","110072840","40","121908403"
"chr2","232004576","232004881","chr1","168595556","168595859","51","63409020"
"chr2","232017085","232017398","chr15","5688723","5689022","48","226328362"
"chr2","232068829","232069116","chr13","20723712","20724002","44","211345117"
"chr2","232083488","232083794","chr10","127954939","127955242","36","104128549"
"chr2","232094436","232094748","chr5","150153039","150153350","49","81941397"
"chr2","232100954","232101234","chrX","15230335","15230622","41","216870619"
"chr2","232107418","232107711","chr13","96512019","96512310","40","135595399"
"chr2","232109166","232109470","chr10","87329962","87330263","43","144779204"
"chr2","232133703","232134002","chr12","100785810","100786105","32","131347893"
"chr2","232134543","232134840","chr5","100390890","100391184","51","131743653"
"chr2","232161474","232161770","chr3","138159195","138159493","49","94002279"
"chr2","232185553","232185866","chr6","41026834","41027145","43","191158719"
"chr2","232187884","232188147","chr8","30522620","30522877","43","201665264"
"chr2","232256739","232256783","chr11","117367672","117367713","13","114889067"
"chr2","232259611","232259931","chr6","148712259","148712552","63","83547352"
"chr2","232354714","232355070","chr22","17042320","17042648","77","215312394"
"chr2","232373216","232373501","chr10","45334405","45334685","42","187038811"
"chr2","232394108","232394392","chr15","72515348","72515640","69","159878760"
"chr2","232395929","232396229","chrX","111591699","111591994","46","120804230"
"chr2","232404354","232404636","chr6","148840410","148840687","52","83563944"
"chr2","232424158","232424433","chr9","39187219","39187498","48","193236939"
"chr2","232427632","232427933","chr5","5052462","5052757","40","227375170"
"chr2","232461272","232461402","chr6","148875875","148876009","23","83585397"
"chr2","232509537","232509843","chr3","64986478","64986781","40","167523059"
"chr2","232514181","232514482","chr14","39054710","39055003","42","193459471"
"chr2","232539010","232539240","chr12","89634432","89634636","67","142904578"
"chr2","232605634","232605935","chr6","17068239","17068542","41","215537395"
"chr2","232608088","232608377","chr5","76517538","76517828","42","156090550"
"chr2","232613142","232613432","chr8","95035211","95035505","40","137577931"
"chr2","232626264","232626536","chr6","148795133","148795407","40","83831131"
"chr2","232629973","232630249","chr9","107321008","107321282","47","125308965"
"chr2","232637344","232637642","chr9","99776089","99776389","39","132861255"
"chr2","232653295","232653589","chr17","1644069","1644364","38","231009226"
"chr2","232675894","232676189","chr6","147894727","147895020","38","84781167"
"chr2","232678001","232678285","chr15","5891500","5891782","51","226786501"
"chr2","232679991","232680285","chr6","149111814","149112108","31","83568177"
"chr2","232682949","232683248","chr6","149115741","149116044","50","83567208"
"chr2","232706500","232706807","chr9","101796262","101796572","47","130910238"
"chr2","232730323","232730616","chr1","114034219","114034512","34","118696104"
"chr2","232739818","232740119","chr7","75011478","75011771","55","157728340"
"chr2","232741435","232741743","chrX","47176701","47177007","46","185564734"
"chr2","232751203","232751516","chr14","79148123","79148432","43","153603080"
"chr2","232769249","232769527","chr6","149207174","149207440","46","83562075"
"chr2","232813184","232813506","chr6","17068239","17068542","58","215744945"
"chr2","232841289","232841614","chr22","41857491","41857814","50","190983798"
"chr2","232856408","232856704","chr6","149299474","149299765","35","83556934"
"chr2","232914425","232914729","chr12","18910665","18910972","50","214003760"
"chr2","232917945","232918256","chrX","93623389","93623691","48","139294556"
"chr2","232935337","232935636","chr6","17779908","17780204","40","215155429"
"chr2","232955533","232955808","chr6","149400907","149401191","37","83554626"
"chr2","232968398","232968704","chr9","40014130","40014436","46","192954268"
"chr2","232987018","232987317","chr18","5141985","5142278","38","227845033"
"chr2","232989166","232989476","chr7","148985140","148985448","36","84004026"
"chr2","232992273","232992580","chr6","149434171","149434475","53","83558102"
"chr2","233021092","233021400","chr6","149466559","149466862","37","83554533"
"chr2","233036756","233037049","chr5","77176130","77176421","44","155860626"
"chr2","233052550","233052820","chrX","25455014","25455280","39","207597536"
"chr2","233093399","233093698","chr20","29549977","29550272","36","203543422"
"chr2","233094231","233094542","chr2","63925527","63925835","43","169168704"
"chr2","233097888","233098192","chr6","149543927","149544234","44","83553961"
"chr2","233103700","233104006","chr5","2298333","2298635","36","230805367"
"chr2","233104007","233104266","chr14","17235135","17235392","33","215868872"
"chr2","233121098","233121435","chr17","54268547","54268882","64","178852551"
"chr2","233136196","233136504","chr15","1415638","1415950","49","231720558"
"chr2","233149101","233149400","chr6","17068239","17068542","40","216080862"
"chr2","233155341","233155623","chr4","16350054","16350344","36","216805287"
"chr2","233166707","233166997","chr4","156698023","156698319","37","76468684"
"chr2","233172927","233173230","chr6","17068239","17068542","35","216104688"
"chr2","233186741","233187015","chr1","137082991","137083272","46","96103750"
"chr2","233188572","233188862","chr4","16350054","16350344","35","216838518"
"chr2","233192931","233193186","chr6","149634868","149635115","38","83558063"
"chr2","233198968","233199239","chr15","30818011","30818285","40","202380957"
"chr2","233199241","233199546","chr1","172643772","172644062","64","60555469"
"chr2","233200677","233200961","chr4","34845790","34846071","38","198354887"
"chr2","233219553","233219857","chr5","2298333","2298635","40","230921220"
"chr2","233223239","233223553","chrX","135463481","135463793","42","97759758"
"chr2","233229222","233229511","chr5","65031296","65031585","36","168197926"
"chr2","233232648","233232949","chr10","14603732","14604030","43","218628916"
"chr2","233236522","233236828","chr5","19163464","19163772","38","214073058"
"chr2","233243928","233244244","chr16","38005025","38005333","50","195238903"
"chr2","233287596","233287899","chr6","154189614","154189914","39","79097982"
"chr2","233322519","233322743","chr18","23530238","23530474","45","209792281"
"chr2","233327536","233327849","chr7","57292095","57292411","45","176035441"
"chr2","233340814","233341112","chr10","28524939","28525237","47","204815875"
"chr2","233341838","233342140","chr5","38201290","38201586","41","195140548"
"chr2","233345871","233346176","chr15","20913964","20914267","47","212431907"
"chr2","233367871","233367991","chr5","60678704","60678820","20","172689167"
"chr2","233370207","233370516","chr2","12828952","12829252","53","220541255"
"chr2","233389047","233389164","chr6","31868052","31868165","14","201520995"
"chr2","233392036","233392324","chr6","149834100","149834387","41","83557936"
"chr2","233393330","233393637","chr22","5142453","5142757","47","228250877"
"chr2","233413116","233413244","chr8","5681839","5681965","18","227731277"
"chr2","233427338","233427641","chr13","35663090","35663393","35","197764248"
"chr2","233506614","233506918","chr1","174206954","174207259","58","59299660"
"chr2","233644287","233644566","chr10","130203310","130203589","40","103440977"
"chr2","233658019","233658314","chr19","25486163","25486460","38","208171856"
"chr2","233685201","233685330","chr7","128064243","128064372","17","105620958"
"chr2","233714881","233715180","chr6","150089849","150090139","53","83625032"
"chr2","233770372","233770678","chr9","106891453","106891749","46","126878919"
"chr2","233783537","233783824","chr2","10593959","10594242","48","223189578"
"chr2","233845157","233845450","chr7","63062538","63062830","36","170782619"
"chr2","233858785","233859065","chr1","155659104","155659390","48","78199681"
"chr2","233862968","233863279","chr6","150221552","150221859","41","83641416"
"chr2","233880082","233880216","chr11","24237115","24237250","16","209642967"
"chr2","233880526","233880703","chr8","105510937","105511113","45","128369589"
"chr2","233959793","233960052","chr6","150317472","150317740","41","83642321"
"chr2","234000682","234000977","chr6","150360390","150360686","50","83640292"
"chr2","234183471","234183780","chr1","78550229","78550532","54","155633242"
"chr2","234222395","234222702","chr10","126696429","126696740","47","107525966"
"chr2","234228360","234228590","chrX","22269138","22269363","38","211959222"
"chr2","234281863","234282038","chr17","34108233","34108402","35","200173630"
"chr2","234282343","234282479","chr1","172218988","172219121","18","62063355"
"chr2","234325185","234325484","chr5","159135567","159135869","47","75189618"
"chr2","234327078","234327395","chr4","160766248","160766567","52","73560830"
"chr2","234419288","234419559","chr4","74196964","74197243","49","160222324"
"chr2","234441657","234441969","chr7","56596965","56597275","41","177844692"
"chr2","234457858","234458152","chr9","106891453","106891749","35","127566405"
"chr2","234476605","234476899","chr8","93697187","93697481","36","140779418"
"chr2","234478794","234479107","chrX","40018448","40018754","37","194460346"
"chr2","234518753","234519057","chr22","28997304","28997607","37","205521449"
"chr2","234519549","234519845","chr3","138077329","138077623","51","96442220"
"chr2","234541650","234541960","chrY","2049375","2049686","43","232492275"
"chr2","234554333","234554629","chr5","94234310","94234606","35","140320023"
"chr2","234586076","234586369","chr2","9729815","9730110","43","224856261"
"chr2","234644133","234644418","chr2","56700759","56701042","38","177943374"
"chr2","234659986","234660294","chr10","90431710","90432016","42","144228276"
"chr2","234726410","234726784","chr4","88488913","88489284","84","146237497"
"chr2","234729596","234729879","chr5","127597444","127597737","50","107132152"
"chr2","234764142","234764461","chr6","41026834","41027145","44","193737308"
"chr2","234774748","234775059","chr9","8886595","8886904","42","225888153"
"chr2","234842985","234843255","chr6","151244640","151244917","43","83598345"
"chr2","234878046","234878340","chr1","163381580","163381871","46","71496466"
"chr2","234911124","234911372","chr7","5951183","5951434","45","228959941"
"chr2","234913970","234914269","chr4","36522598","36522895","40","198391372"
"chr2","234932087","234932415","chrX","64005210","64005515","62","170926877"
"chr2","234938124","234938426","chr22","28997304","28997607","37","205940820"
"chr2","234946081","234946385","chr5","83113160","83113466","38","151832921"
"chr2","234962129","234962437","chr9","95060973","95061282","48","139901156"
"chr2","234962748","234963048","chr5","45608098","45608388","74","189354650"
"chr2","235020215","235020520","chr6","151419774","151420075","46","83600441"
"chr2","235021332","235021636","chr6","151420849","151421154","36","83600483"
"chr2","235022272","235022532","chr4","106053221","106053485","42","128969051"
"chr2","235039953","235040263","chr22","10306224","10306530","48","224733729"
"chr2","235060380","235060696","chr13","18393383","18393690","48","216666997"
"chr2","235062873","235063174","chr1","168595556","168595859","46","66467317"
"chr2","235127456","235127698","chr13","31611103","31611351","47","203516353"
"chr2","235166483","235166792","chr6","17068239","17068542","38","218098244"
"chr2","235273230","235273533","chr22","38910841","38911143","49","196362389"
"chr2","235278478","235278777","chr19","6037738","6038039","43","229240740"
"chr2","235340787","235341074","chr6","158153008","158153290","42","77187779"
"chr2","235341083","235341217","chr9","36067757","36067892","14","199273326"
"chr2","235352261","235352566","chr3","94762904","94763199","46","140589357"
"chr2","235422680","235422955","chr6","123816839","123817113","42","111605841"
"chr2","235425594","235425878","chr15","27611732","27612017","42","207813862"
"chr2","235446839","235447129","chr1","175848280","175848568","44","59598559"
"chr2","235465730","235466014","chr6","151850289","151850579","36","83615441"
"chr2","235466027","235466335","chr6","151850590","151850902","34","83615437"
"chr2","235517655","235517958","chr15","20913964","20914267","43","214603691"
"chr2","235550766","235551073","chrX","45535931","45536241","39","190014835"
"chr2","235578505","235578800","chr4","148585287","148585583","43","86993218"
"chr2","235589879","235590180","chr2","9018638","9018935","42","226571241"
"chr2","235594585","235594873","chr5","122419785","122420070","45","113174800"
"chr2","235604890","235605177","chr11","43485145","43485437","40","192119745"
"chr2","235613022","235613295","chr11","53608425","53608691","49","182004597"
"chr2","235626073","235626365","chrX","22494263","22494554","41","213131810"
"chr2","235627193","235627523","chr22","24847365","24847700","65","210779828"
"chr2","235635833","235636155","chr1","137129532","137129843","47","98506301"
"chr2","235650898","235651214","chr4","106597579","106597886","50","129053319"
"chr2","235683025","235683328","chr6","135415982","135416286","43","100267043"
"chr2","235687900","235688205","chr1","168595556","168595859","42","67092344"
"chr2","235700518","235700799","chr14","75602","75879","41","235624916"
"chr2","235702926","235703227","chr22","41060009","41060309","42","194642917"
"chr2","235745847","235746138","chr16","61261331","61261629","41","174484516"
"chr2","235748927","235749229","chr2","18780256","18780558","39","216968671"
"chr2","235818438","235818741","chr1","62962497","62962799","50","172855941"
"chr2","235846320","235846630","chr4","105331763","105332068","54","130514557"
"chr2","235890163","235890450","chr15","49359997","49360293","37","186530166"
"chr2","235995233","235995540","chrX","47176701","47177007","47","188818532"
"chr2","236005140","236005436","chr7","4456101","4456396","48","231549039"
"chr2","236020884","236021184","chr17","69075766","69076065","39","166945118"
"chr2","236059828","236060094","chr7","60984375","60984638","41","175075453"
"chr2","236064316","236064616","chr4","139472435","139472735","54","96591881"
"chr2","236069428","236069721","chr10","16033492","16033786","34","220035936"
"chr2","236076168","236076457","chr14","36994514","36994806","39","199081654"
"chr2","236100543","236100849","chr12","32783630","32783928","51","203316913"
"chr2","236102000","236102135","chr4","43236196","43236331","14","192865804"
"chr2","236102438","236102616","chr10","112554522","112554695","33","123547916"
"chr2","236132298","236132590","chr4","6567329","6567623","40","229564969"
"chr2","236149652","236149784","chr7","94914850","94914984","11","141234802"
"chr2","236153948","236154259","chr1","82669756","82670065","47","153484192"
"chr2","236177365","236177651","chr17","67087938","67088224","33","169089427"
"chr2","236195521","236195815","chr7","11362967","11363261","44","224832554"
"chr2","236242526","236242765","chr1","77273213","77273443","46","158969313"
"chr2","236246071","236246376","chr11","125799128","125799440","45","110446943"
"chr2","236283304","236283587","chr5","145021706","145021988","40","91261598"
"chr2","236295018","236295294","chr6","152713387","152713666","45","83581631"
"chr2","236325599","236325901","chr1","39141468","39141769","40","197184131"
"chr2","236373259","236373550","chr7","6894852","6895150","46","229478407"
"chr2","236448387","236448634","chr1","191040301","191040547","46","45408086"
"chr2","236462391","236462698","chr9","99935150","99935455","40","136527241"
"chr2","236499432","236499729","chr10","18062344","18062642","39","218437088"
"chr2","236539302","236539611","chr7","14274382","14274693","43","222264920"
"chr2","236640358","236640627","chrY","1998751","1999014","40","234641607"
"chr2","236707447","236707762","chr21","40584762","40585072","45","196122685"
"chr2","236721939","236722249","chr1","138049116","138049416","41","98672823"
"chr2","236883144","236883442","chr4","42525614","42525908","47","194357530"
"chr2","236911434","236911730","chr22","30202132","30202421","44","206709302"
"chr2","236920208","236920490","chr4","38209077","38209362","39","198711131"
"chr2","236921761","236922063","chr9","101423419","101423720","44","135498342"
"chr2","236937725","236938018","chr7","47489633","47489927","40","189448092"
"chr2","236942206","236942443","chr7","54130077","54130316","42","182812129"
"chr2","236979156","236979462","chr4","11141283","11141584","51","225837873"
"chr2","237014068","237014369","chr7","6894852","6895150","43","230119216"
"chr2","237019291","237019583","chr5","93521105","93521403","49","143498186"
"chr2","237019586","237019717","chr4","71763764","71763896","19","165255822"
"chr2","237028690","237028987","chr6","153492932","153493228","33","83535758"
"chr2","237057583","237057878","chr5","84826899","84827194","43","152230684"
"chr2","237224874","237225182","chr6","50558708","50559008","45","186666166"
"chr2","237329070","237329354","chr5","46330077","46330361","38","190998993"
"chr2","237382784","237383098","chr5","92897843","92898143","48","144484941"
"chr2","237430028","237430324","chr15","49359997","49360293","40","188070031"
"chr2","237483812","237484122","chrX","92316634","92316949","41","145167178"
"chr2","237507046","237507366","chr5","128080562","128080880","50","109426484"
"chr2","237551697","237552024","chrUn_GL288485","10387","10704","57","237541310"
"chr2","237580459","237580755","chr7","58763755","58764048","43","178816704"
"chr2","237582859","237583122","chr2","142623289","142623554","43","94959570"
"chr2","237588941","237589229","chr12","107300154","107300445","41","130288787"
"chr2","237591970","237592264","chr11","118075028","118075334","56","119516942"
"chr2","237629462","237629771","chr10","90431710","90432016","43","147197752"
"chr2","237635821","237636128","chr7","53651921","53652230","55","183983900"
"chr2","237655103","237655409","chr13","97340307","97340616","42","140314796"
"chr2","237684190","237684485","chr4","22365048","22365343","41","215319142"
"chr2","237687323","237687624","chr4","15705730","15706030","33","221981593"
"chr2","237709856","237710159","chr6","154204386","154204699","45","83505470"
"chr2","237720257","237720547","chr1","15931085","15931383","43","221789172"
"chr2","237741547","237741856","chr4","43920486","43920791","40","193821061"
"chr2","237746049","237746358","chr3","106655459","106655766","40","131090590"
"chr2","237770512","237770805","chr4","16350054","16350344","34","221420458"
"chr2","237802985","237803258","chrX","90546446","90546718","35","147256539"
"chr2","237915132","237915410","chr1","138060195","138060467","38","99854937"
"chr2","237917545","237917833","chr2","80644634","80644911","52","157272911"
"chr2","237918269","237918579","chr6","154409274","154409583","39","83508995"
"chr2","237924754","237925047","chr22","38371936","38372229","44","199552818"
"chr2","237926002","237926142","chr5","3959402","3959536","18","233966600"
"chr2","237932410","237932679","chr22","27309991","27310258","42","210622419"
"chr2","237949724","237950032","chr18","30132474","30132779","52","207817250"
"chr2","237950571","237950878","chr19","928887","929192","59","237021684"
"chr2","237959605","237959905","chr5","99364102","99364401","51","138595503"
"chr2","237975688","237975937","chr5","88592428","88592677","38","149383260"
"chr2","237988166","237988461","chr7","87849905","87850200","33","150138261"
"chr2","237989837","237990133","chr5","35735021","35735325","51","202254816"
"chr2","237996940","237997246","chr7","145693234","145693534","48","92303706"
"chr2","238002610","238002930","chrX","122250423","122250744","48","115752187"
"chr2","238044846","238045142","chr3","41610981","41611273","50","196433865"
"chr2","238049798","238050091","chr4","12463368","12463662","38","225586430"
"chr2","238063242","238063522","chrX","66261069","66261355","46","171802173"
"chr2","238070397","238070687","chr5","79752580","79752868","47","158317817"
"chr2","238074023","238074319","chr5","94234310","94234606","42","143839713"
"chr2","238084311","238084613","chr12","110699815","110700119","37","127384496"
"chr2","238110944","238111226","chr6","122189745","122190016","42","115921199"
"chr2","238135488","238135795","chr3","108570361","108570666","48","129565127"
"chr2","238193225","238193520","chr12","100785810","100786105","33","137407415"
"chr2","238196087","238196390","chr17","69358056","69358361","46","168838031"
"chr2","238196391","238196526","chr5","3959402","3959536","12","234236989"
"chr2","238257471","238257773","chrX","93623389","93623691","31","144634082"
"chr2","238299258","238299569","chr21","40584762","40585072","43","197714496"
"chr2","238310740","238311044","chr9","65758722","65759027","43","172552018"
"chr2","238311955","238312265","chr1","138077483","138077787","45","100234472"
"chr2","238317676","238317971","chr10","16033492","16033786","40","222284184"
"chr2","238318628","238318933","chr5","1214302","1214607","46","237104326"
"chr2","238335818","238336091","chrX","105924911","105925188","42","132410907"
"chr2","238353782","238354073","chr15","68809459","68809748","40","169544323"
"chr2","238388093","238388392","chr12","71285052","71285349","43","167103041"
"chr2","238390942","238391256","chr10","117669281","117669589","53","120721661"
"chr2","238477366","238477671","chr2","171330283","171330586","40","67147083"
"chr2","238496286","238496586","chr14","43386246","43386546","36","195110040"
"chr2","238575322","238575615","chr10","89616519","89616815","44","148958803"
"chr2","238626651","238626757","chr14","44927599","44927704","21","193699052"
"chr2","238675079","238675385","chr10","27547789","27548089","51","211127290"
"chr2","238769426","238769728","chr9","91776812","91777118","37","146992614"
"chr2","238792327","238792589","chr4","159733342","159733603","40","79058985"
"chr2","238809576","238809890","chr1","82669756","82670065","50","156139820"
"chr2","238841207","238841517","chr9","11967801","11968108","42","226873406"
"chr2","238900987","238901275","chr11","65163335","65163629","38","173737652"
"chr2","238935021","238935262","chr9","83835441","83835679","46","155099580"
"chr2","239005302","239005392","chr1","180878830","180878920","8","58126472"
"chr2","239010968","239011278","chr6","155515547","155515854","54","83495421"
"chr2","239235758","239236051","chr20","23248359","23248652","37","215987399"
"chr2","239334238","239334542","chr6","155863003","155863307","42","83471235"
"chr2","239347519","239347814","chr14","63994771","63995061","45","175352748"
"chr2","239435153","239435468","chr6","155965426","155965743","46","83469727"
"chr2","239512582","239512893","chr12","112769436","112769743","46","126743146"
"chr2","239539923","239540049","chr1","181053182","181053307","17","58486741"
"chr2","239551858","239552149","chr4","151051212","151051502","60","88500646"
"chr2","239553050","239553363","chr12","52009200","52009508","55","187543850"
"chr2","239794838","239795132","chr20","27822433","27822727","36","211972405"
"chr2","239904311","239904594","chr5","6705966","6706255","44","233198345"
"chr2","239973919","239974224","chr4","71892953","71893250","52","168080966"
"chr2","240070379","240070683","chr1","168595556","168595859","48","71474823"
"chr2","240370718","240371004","chr8","73987542","73987832","44","166383176"
"chr2","240472844","240473148","chr2","171330283","171330586","43","69142561"
"chr2","240492694","240492987","chr20","29549977","29550272","40","210942717"
"chr2","240610936","240611267","chr13","12881556","12881873","64","227729380"
"chr2","240654197","240654484","chr17","42545319","42545613","32","198108878"
"chr2","240660063","240660365","chr13","39142810","39143128","57","201517253"
"chr2","240664168","240664466","chr7","103328929","103329224","42","137335239"
"chr2","240748839","240749150","chr22","33981676","33981980","43","206767163"
"chr2","240903997","240904305","chr13","18393383","18393690","44","222510614"
"chr2","240944926","240945235","chr6","47097678","47097981","42","193847248"
"chr2","241023878","241024181","chr9","101796262","101796572","48","139227616"
"chr2","241076594","241076692","chr1","51558747","51558844","17","189517847"
"chr2","241078832","241079130","chr5","26961498","26961795","31","214117334"
"chr2","241080003","241080300","chr10","126208775","126209071","39","114871228"
"chr2","241085857","241086166","chr1","137129532","137129843","38","103956325"
"chr2","241099080","241099374","chr6","157630471","157630762","31","83468609"
"chr2","241154406","241154713","chr12","31281547","31281855","41","209872859"
"chr2","241173010","241173293","chr10","46768669","46768960","44","194404341"
"chr2","241180917","241181210","chr4","36459950","36460242","35","204720967"
"chr2","241197652","241197950","chr9","110335153","110335453","39","130862499"
"chr2","241220415","241220549","chr8","105529389","105529524","12","135691026"
"chr2","241220825","241220998","chr10","112554522","112554695","38","128666303"
"chr2","241313280","241313578","chrX","106436585","106436879","39","134876695"
"chr2","241323175","241323406","chr4","168093855","168094095","35","73229320"
"chr2","241328153","241328441","chr4","16350054","16350344","41","224978099"
"chr2","241343225","241343511","chr6","157880092","157880388","36","83463133"
"chr2","241347739","241348030","chr10","17820292","17820576","49","223527447"
"chr2","241361884","241362196","chr9","120793182","120793495","42","120568702"
"chr2","241453049","241453331","chr2","74318872","74319157","40","167134177"
"chr2","241493594","241493896","chr3","138159195","138159493","40","103334399"
"chr2","241509966","241510266","chr22","10306224","10306530","43","231203742"
"chr2","241512715","241513012","chr15","61219971","61220268","29","180292744"
"chr2","241515691","241515987","chr21","32861641","32861942","44","208654050"
"chr2","241523059","241523361","chr1","168595556","168595859","44","72927503"
"chr2","241528380","241528672","chr10","94123570","94123871","49","147404810"
"chr2","241531846","241532147","chr22","10306224","10306530","45","231225622"
"chr2","241536849","241537143","chr5","94234310","94234606","32","147302539"
"chr2","241547690","241547909","chr7","49908001","49908221","33","191639689"
"chr2","241592961","241593276","chr1","187567951","187568260","60","54025010"
"chr2","241598972","241599265","chr8","93697187","93697481","39","147901785"
"chr2","241599928","241600222","chr3","108570361","108570666","45","133029567"
"chr2","241602359","241602665","chr22","33981676","33981980","32","207620683"
"chr2","241626565","241626862","chr5","26961498","26961795","38","214665067"
"chr2","241632098","241632399","chr7","7386371","7386664","53","234245727"
"chr2","241635473","241635796","chr3","106655459","106655766","50","134980014"
"chr2","241642873","241643182","chr21","35849518","35849828","43","205793355"
"chr2","241664683","241664970","chr6","130906435","130906726","42","110758248"
"chr2","241679687","241679987","chr20","27529242","27529530","40","214150445"
"chr2","241683776","241684089","chr1","137129532","137129843","47","104554244"
"chr2","241691159","241691464","chr1","168595556","168595859","35","73095603"
"chr2","241700957","241701262","chr10","82178981","82179276","61","159521976"
"chr2","241703598","241703901","chr10","98627092","98627395","53","143076506"
"chr2","241709619","241709906","chr2","137589207","137589497","49","104120412"
"chr2","241715952","241716100","chr3","52304791","52304933","24","189411161"
"chr2","241716282","241716593","chr6","17068239","17068542","42","224648043"
"chr2","241718004","241718273","chr6","158273285","158273552","46","83444719"
"chr2","241727096","241727235","chr12","23912299","23912438","25","217814797"
"chr2","241746490","241746607","chr7","135039442","135039555","16","106707048"
"chr2","241839788","241840059","chr9","121583553","121583821","49","120256235"
"chr2","241963580","241963890","chr1","168595556","168595859","31","73368024"
"chr2","241979335","241979630","chr12","90701319","90701611","43","151278016"
"chr2","241995766","241996001","chr22","31518540","31518771","30","210477226"
"chr2","242123450","242123719","chr19","23560118","23560385","43","218563332"
"chr2","242150248","242150545","chr5","26961498","26961795","39","215188750"
"chr3","155188995","155189299","chrX","47176701","47177007","47","108012294"
"chr3","20053790","20054096","chr1","182478739","182479046","41","162424949"
"chr3","33292098","33292398","chr1","202849760","202850061","42","169557662"
"chr3","46661523","46661813","chr5","10038314","10038610","39","36623209"
"chr3","49413958","49414251","chrX","17243808","17244094","37","32170150"
"chr3","66977680","66977983","chr22","28997304","28997607","37","37980376"
"chr3","93978395","93978704","chrX","21245550","21245856","47","72732845"
"chr3","114687948","114688259","chr22","28997304","28997607","39","85690644"
"chr3","117309440","117309722","chr12","48605950","48606233","44","68703490"
"chr3","117571581","117571852","chrX","60275475","60275754","42","57296106"
"chr3","155844459","155844765","chr11","115033128","115033436","51","40811331"
"chr3","156106596","156106900","chr9","103511786","103512094","44","52594810"
"chr3","170262472","170262778","chr17","8655250","8655557","49","161607222"
"chr3","183107562","183107849","chr14","41990515","41990797","45","141117047"
"chr3","191102793","191103072","chr15","12769256","12769535","42","178333537"
"chr3","12758","13045","chr4","89994430","89994716","45","89981672"
"chr3","36917","37071","chr5","64547457","64547612","31","64510540"
"chr3","37366","37501","chr5","116663435","116663571","16","116626069"
"chr3","87601","87876","chr9","92066959","92067238","48","91979358"
"chr3","144768","145067","chr2","49543506","49543804","48","49398738"
"chr3","167654","167960","chr17","72887037","72887349","52","72719383"
"chr3","188923","189204","chrX","68962815","68963097","45","68773892"
"chr3","206187","206472","chr9","16016919","16017208","36","15810732"
"chr3","259984","260282","chr15","51876120","51876414","43","51616136"
"chr3","359294","359602","chr20","26623765","26624068","49","26264471"
"chr3","366189","366485","chr10","14603732","14604030","44","14237543"
"chr3","391233","391535","chr6","109618442","109618737","48","109227209"
"chr3","454151","454448","chr12","10158488","10158783","43","9704337"
"chr3","495161","495457","chr10","16033492","16033786","45","15538331"
"chr3","645213","645520","chr13","84459624","84459931","41","83814411"
"chr3","756472","756788","chr10","126696429","126696740","43","125939957"
"chr3","1014615","1014882","chrX","39387728","39387995","50","38373113"
"chr3","1026758","1027052","chr7","6894852","6895150","48","5868094"
"chr3","1169954","1170263","chr4","82226247","82226558","46","81056293"
"chr3","1200069","1200332","chr9","101632480","101632747","62","100432411"
"chr3","1345120","1345415","chr8","1097225","1097520","42","247895"
"chr3","1370569","1370876","chr20","12401994","12402298","49","11031425"
"chr3","1435813","1436109","chr2","63538769","63539061","51","62102956"
"chr3","1464991","1465302","chrX","92444036","92444345","45","90979045"
"chr3","1607889","1608042","chr9","100751399","100751543","30","99143510"
"chr3","1608074","1608200","chr3","53886099","53886222","23","52278025"
"chr3","1636967","1637207","chr4","45928096","45928333","56","44291129"
"chr3","1649428","1649736","chr11","79627082","79627391","55","77977654"
"chr3","1781775","1782073","chr20","29549977","29550272","37","27768202"
"chr3","1794267","1794441","chr7","85958195","85958373","31","84163928"
"chr3","1867709","1868008","chr4","11141283","11141584","40","9273574"
"chr3","1873739","1874026","chr12","112304086","112304372","36","110430347"
"chr3","1895466","1895775","chr15","53449634","53449937","47","51554168"
"chr3","2030657","2030947","chr13","27253136","27253428","49","25222479"
"chr3","2197736","2198000","chr3","107214567","107214835","41","105016831"
"chr3","2202826","2203133","chr4","38206264","38206577","50","36003438"
"chr3","2234135","2234391","chr19","23319325","23319589","41","21085190"
"chr3","2276169","2276472","chr1","202849760","202850061","38","200573591"
"chr3","2334174","2334458","chr1","172920287","172920568","44","170586113"
"chr3","2413547","2413840","chr7","74618084","74618380","36","72204537"
"chr3","2421248","2421551","chr1","168595556","168595859","45","166174308"
"chr3","2481129","2481440","chr7","58166645","58166955","44","55685516"
"chr3","2498798","2499087","chr10","8026640","8026929","37","5527842"
"chr3","2590248","2590509","chr15","54384785","54385039","38","51794537"
"chr3","2624625","2624932","chr9","108803119","108803421","46","106178494"
"chr3","2630159","2630449","chrX","22494263","22494554","37","19864104"
"chr3","2649847","2649975","chr3","107071732","107071860","16","104421885"
"chr3","2659182","2659488","chr3","106655459","106655766","44","103996277"
"chr3","2662811","2663121","chr15","26045961","26046275","48","23383150"
"chr3","2674477","2674787","chr8","89746565","89746876","44","87072088"
"chr3","2676243","2676521","chr2","56700759","56701042","47","54024516"
"chr3","2704011","2704321","chr1","185170949","185171253","46","182466938"
"chr3","2709632","2709929","chr12","22532948","22533254","52","19823316"
"chr3","2736771","2737083","chrX","8814749","8815067","57","6077978"
"chr3","2737087","2737380","chr2","8593480","8593770","47","5856393"
"chr3","2749161","2749449","chr3","166297349","166297632","52","163548188"
"chr3","2758518","2758808","chr6","43666330","43666629","55","40907812"
"chr3","2789435","2789730","chr1","108075983","108076283","42","105286548"
"chr3","2811667","2811965","chr4","3128000","3128295","41","316333"
"chr3","2824177","2824486","chr7","26117330","26117636","49","23293153"
"chr3","2824674","2824961","chrX","44889593","44889883","35","42064919"
"chr3","2834283","2834580","chr4","38452112","38452407","40","35617829"
"chr3","2858444","2858706","chr5","79871280","79871539","59","77012836"
"chr3","2874977","2875280","chr2","59389250","59389550","43","56514273"
"chr3","2882081","2882393","chr22","47866036","47866344","47","44983955"
"chr3","2891182","2891465","chr9","59885156","59885439","48","56993974"
"chr3","2912870","2913179","chr1","27883875","27884177","45","24971005"
"chr3","2915075","2915365","chr12","21782342","21782628","42","18867267"
"chr3","2919062","2919377","chr14","79148123","79148432","44","76229061"
"chr3","2981763","2982051","chr11","11600855","11601141","51","8619092"
"chr3","3053035","3053334","chrX","45981223","45981523","42","42928188"
"chr3","3078552","3078853","chr5","94234310","94234606","37","91155758"
"chr3","3079754","3080060","chr14","46372540","46372849","47","43292786"
"chr3","3083767","3084072","chr12","12071873","12072177","50","8988106"
"chr3","3098412","3098704","chr22","35530146","35530439","38","32431734"
"chr3","3099690","3099969","chr9","107321008","107321282","38","104221318"
"chr3","3102997","3103182","chr12","112371293","112371478","33","109268296"
"chr3","3104052","3104338","chr15","54943738","54944022","37","51839686"
"chr3","3120482","3120759","chr1","17223152","17223425","55","14102670"
"chr3","3128315","3128624","chr3","106655459","106655766","41","103527144"
"chr3","3169986","3170280","chr9","112248250","112248546","54","109078264"
"chr3","3215913","3216209","chr4","16350054","16350344","42","13134141"
"chr3","3254443","3254742","chr15","5688723","5689022","43","2434280"
"chr3","3256589","3256895","chr6","17068239","17068542","41","13811650"
"chr3","3271251","3271550","chr11","129228765","129229067","41","125957514"
"chr3","3281464","3281768","chr7","13017719","13018023","39","9736255"
"chr3","3324586","3324864","chr2","10593959","10594242","50","7269373"
"chr3","3447258","3447555","chr5","26961498","26961795","40","23514240"
"chr3","3496950","3497256","chr12","31281547","31281855","46","27784597"
"chr3","3653332","3653628","chr15","55547394","55547694","40","51894062"
"chr3","3664485","3664768","chr15","55558212","55558492","41","51893727"
"chr3","3787417","3787730","chr15","55681211","55681512","49","51893794"
"chr3","3959256","3959564","chr1","168595556","168595859","42","164636300"
"chr3","3971688","3972011","chr3","106655459","106655766","48","102683771"
"chr3","3976983","3977256","chr6","156886623","156886893","45","152909640"
"chr3","4041062","4041371","chr15","55894090","55894400","33","51853028"
"chr3","4160239","4160495","chr1","75454262","75454514","40","71294023"
"chr3","4209905","4210194","chr2","56700759","56701042","30","52490854"
"chr3","4299527","4299830","chr9","112240509","112240808","47","107940982"
"chr3","4315765","4316068","chr13","31331915","31332215","38","27016150"
"chr3","4342251","4342538","chrX","45666740","45667025","35","41324489"
"chr3","4372026","4372311","chr6","130906435","130906726","45","126534409"
"chr3","4383097","4383407","chr2","10406818","10407122","45","6023721"
"chr3","4437657","4437966","chr7","148985140","148985448","43","144547483"
"chr3","4484909","4485181","chr19","36527265","36527523","46","32042356"
"chr3","4486249","4486536","chr10","8026640","8026929","41","3540391"
"chr3","4505194","4505492","chr10","18062344","18062642","44","13557150"
"chr3","4543538","4543742","chr10","113982889","113983094","24","109439351"
"chr3","4585426","4585736","chr5","2508969","2509278","39","2076457"
"chr3","4608722","4609030","chr11","125799128","125799440","43","121190406"
"chr3","4611279","4611561","chr4","37824304","37824582","38","33213025"
"chr3","4624392","4624693","chr6","17068239","17068542","32","12443847"
"chr3","4626828","4627120","chr3","14997753","14998043","41","10370925"
"chr3","4630601","4630886","chr14","77766834","77767117","45","73136233"
"chr3","4648528","4648820","chr1","133189896","133190185","40","128541368"
"chr3","4688063","4688183","chr2","150444377","150444495","20","145756314"
"chr3","4689995","4690285","chr15","56535854","56536144","37","51845859"
"chr3","4722868","4723175","chr12","87913370","87913678","41","83190502"
"chr3","4784599","4784909","chr5","84332111","84332422","50","79547512"
"chr3","4801482","4801792","chr9","11967801","11968108","49","7166319"
"chr3","4842364","4842656","chrX","90212194","90212485","45","85369830"
"chr3","4869199","4869495","chr5","26961498","26961795","41","22092299"
"chr3","4870681","4870977","chr19","11353205","11353506","43","6482524"
"chr3","4894381","4894689","chr9","40014130","40014436","49","35119749"
"chr3","4912338","4912641","chr5","15342496","15342804","49","10430158"
"chr3","4915035","4915332","chr21","40446927","40447225","40","35531892"
"chr3","4950569","4950882","chr7","89834914","89835215","46","84884345"
"chr3","4955829","4956130","chr6","17068239","17068542","35","12112410"
"chr3","4960056","4960359","chr17","28672169","28672473","41","23712113"
"chr3","4961239","4961551","chr15","25357938","25358249","49","20396699"
"chr3","5006370","5006681","chr12","20572358","20572667","48","15565988"
"chr3","5012793","5013093","chr5","26961498","26961795","32","21948705"
"chr3","5022733","5023040","chr3","150073804","150074104","42","145051071"
"chr3","5025668","5025989","chr17","54870851","54871173","60","49845183"
"chr3","5028449","5028747","chr14","83739394","83739686","38","78710945"
"chr3","5039053","5039339","chr9","99076556","99076841","42","94037503"
"chr3","5050367","5050667","chr2","170778290","170778584","37","165727923"
"chr3","5053827","5054109","chr6","17068239","17068542","48","12014412"
"chr3","5056650","5056947","chr1","202887562","202887869","46","197830912"
"chr3","5097761","5098059","chr9","39173909","39174204","38","34076148"
"chr3","5100828","5101120","chr2","186812836","186813132","40","181712008"
"chr3","5104298","5104463","chr10","27469878","27470033","36","22365580"
"chr3","5104748","5104892","chr1","79729473","79729618","21","74624725"
"chr3","5106433","5106728","chr8","107362312","107362609","47","102255879"
"chr3","5111190","5111469","chr3","53540037","53540316","49","48428847"
"chr3","5117358","5117652","chr14","63899008","63899305","31","58781650"
"chr3","5117741","5118054","chr11","118075028","118075334","42","112957287"
"chr3","5130535","5130816","chr15","56971659","56971935","48","51841124"
"chr3","5131395","5131690","chr9","20122679","20122976","33","14991284"
"chr3","5137424","5137737","chr21","40584762","40585072","40","35447338"
"chr3","5150502","5150782","chr9","75309029","75309307","35","70158527"
"chr3","5154736","5155034","chr21","31104707","31105000","58","25949971"
"chr3","5155910","5156202","chr12","10158488","10158783","47","5002578"
"chr3","5156393","5156715","chr7","6231691","6232004","54","1075298"
"chr3","5156721","5156905","chr15","56986182","56986370","27","51829461"
"chr3","5157973","5158282","chr6","17068239","17068542","53","11910266"
"chr3","5170720","5171031","chr19","26467351","26467655","50","21296631"
"chr3","5183757","5184047","chr4","36459950","36460242","43","31276193"
"chr3","5199941","5200229","chr15","57033274","57033563","40","51833333"
"chr3","5233306","5233542","chr10","17072193","17072439","49","11838887"
"chr3","5234431","5234729","chr15","57075910","57076209","32","51841479"
"chr3","5259067","5259364","chrX","107036714","107037011","35","101777647"
"chr3","5264665","5264971","chr4","158922649","158922955","47","153657984"
"chr3","5266104","5266408","chr7","49632330","49632627","43","44366226"
"chr3","5313303","5313593","chr1","150943574","150943865","36","145630271"
"chr3","5410023","5410320","chr15","6307477","6307790","56","897454"
"chr3","5483261","5483541","chr2","60151178","60151457","47","54667917"
"chr3","5533999","5534296","chr4","26335541","26335842","37","20801542"
"chr3","5753860","5754148","chr7","7386371","7386664","45","1632511"
"chr3","5825776","5826073","chrX","86580996","86581293","44","80755220"
"chr3","5933551","5933838","chr17","72328617","72328903","54","66395066"
"chr3","5946632","5946937","chr1","172257719","172258009","46","166311087"
"chr3","6105656","6105966","chr14","78273610","78273913","50","72167954"
"chr3","6131122","6131410","chr4","54406776","54407050","58","48275654"
"chr3","6232172","6232479","chr15","58041084","58041390","44","51808912"
"chr3","6352878","6353164","chr4","34845790","34846071","42","28492912"
"chr3","6368394","6368687","chr5","3696536","3696829","41","2671858"
"chr3","6432567","6432646","chr12","40150913","40150991","8","33718346"
"chr3","6454021","6454272","chr5","75784772","75785026","55","69330751"
"chr3","6552132","6552442","chr1","148304004","148304315","46","141751872"
"chr3","6576109","6576418","chr15","25321014","25321315","47","18744905"
"chr3","6685377","6685657","chr5","82180645","82180927","45","75495268"
"chr3","6709324","6709407","chr8","976543","976624","11","5732781"
"chr3","6745079","6745375","chr2","18742940","18743241","47","11997861"
"chr3","6755877","6756173","chr11","95741675","95741975","51","88985798"
"chr3","6805921","6806224","chr6","17068239","17068542","45","10262318"
"chr3","6817478","6817787","chr9","8886595","8886904","42","2069117"
"chr3","6822775","6823075","chr10","55872616","55872911","44","49049841"
"chr3","6835728","6836018","chr21","43075982","43076273","51","36240254"
"chr3","6855244","6855539","chr16","33828417","33828713","41","26973173"
"chr3","6920273","6920570","chr7","44282663","44282962","44","37362390"
"chr3","6927147","6927456","chr9","104240252","104240561","43","97313105"
"chr3","7018815","7019106","chr1","181618034","181618324","43","174599219"
"chr3","7164085","7164381","chr17","42545319","42545613","34","35381234"
"chr3","7175537","7175833","chr9","37605194","37605489","38","30429657"
"chr3","7178799","7179119","chr4","148852718","148853031","52","141673919"
"chr3","7311598","7311894","chr9","114603108","114603399","39","107291510"
"chr3","7356298","7356602","chr1","168595556","168595859","46","161239258"
"chr3","7358836","7359139","chr12","52009200","52009508","54","44650364"
"chr3","7359334","7359638","chr5","47841271","47841566","42","40481937"
"chr3","7534013","7534312","chr15","59332233","59332525","40","51798220"
"chr3","7586526","7586814","chr2","49330876","49331163","42","41744350"
"chr3","7722449","7722741","chr1","82463476","82463771","43","74741027"
"chr3","7749898","7750194","chr7","59073261","59073550","59","51323363"
"chr3","7846094","7846405","chrX","107827107","107827417","44","99981013"
"chr3","7877501","7877812","chr7","148985140","148985448","54","141107639"
"chr3","7996455","7996756","chrX","1364309","1364613","37","6632146"
"chr3","8157204","8157519","chr1","168595556","168595859","54","160438352"
"chr3","8172645","8172950","chr21","43075982","43076273","44","34903337"
"chr3","8229529","8229839","chr15","60025150","60025453","46","51795621"
"chr3","8441533","8441838","chr5","26961498","26961795","50","18519965"
"chr3","8499723","8500000","chr9","44537673","44537953","42","36037950"
"chr3","8542003","8542301","chr4","21718170","21718470","58","13176167"
"chr3","8597939","8598237","chrX","15410514","15410811","40","6812575"
"chr3","8690737","8691017","chrX","105924911","105925188","50","97234174"
"chr3","8693071","8693374","chr5","38614488","38614784","49","29921417"
"chr3","8810260","8810562","chr12","120413411","120413720","55","111603151"
"chr3","8858837","8859142","chr3","153217268","153217573","42","144358431"
"chr3","8865369","8865677","chrX","47176701","47177007","42","38311332"
"chr3","8897784","8898089","chr13","15255284","15255587","41","6357500"
"chr3","8902614","8902739","chr1","208261106","208261233","20","199358492"
"chr3","8902746","8903051","chr4","44677030","44677337","50","35774284"
"chr3","8976178","8976463","chr15","60909516","60909802","36","51933338"
"chr3","9057100","9057219","chr8","24635976","24636097","16","15578876"
"chr3","9123425","9123708","chr19","4502474","4502758","36","4620951"
"chr3","9131431","9131741","chr1","55290903","55291212","36","46159472"
"chr3","9133200","9133490","chr11","43485145","43485437","40","34351945"
"chr3","9164277","9164589","chr9","11967801","11968108","46","2803524"
"chr3","9243354","9243649","chr4","168156555","168156848","35","158913201"
"chr3","9245642","9245941","chr4","37454427","37454718","47","28208785"
"chr3","9277318","9277630","chr15","20018055","20018360","46","10740737"
"chr3","9288901","9289198","chr16","27361913","27362210","44","18073012"
"chr3","9289826","9290120","chr7","89217839","89218129","39","79928013"
"chr3","9297614","9297914","chr1","54676551","54676852","39","45378937"
"chr3","9303144","9303443","chr5","136750937","136751240","34","127447793"
"chr3","9307873","9308160","chr10","116532573","116532863","37","107224700"
"chr3","9313407","9313701","chr2","25253652","25253947","47","15940245"
"chr3","9332135","9332419","chr15","61258896","61259180","33","51926761"
"chr3","9341681","9341798","chr7","53668736","53668850","11","44327055"
"chr3","9356985","9357248","chr15","61285058","61285325","38","51928073"
"chr3","9362163","9362463","chr1","202849760","202850061","42","193487597"
"chr3","9372294","9372593","chr5","120684415","120684709","40","111312121"
"chr3","9391257","9391557","chr5","72265113","72265422","55","62873856"
"chr3","9426399","9426691","chr7","74618084","74618380","36","65191685"
"chr3","9462626","9462752","chr1","193332341","193332477","20","183869715"
"chr3","9482870","9483177","chr11","70834638","70834930","47","61351768"
"chr3","9484377","9484671","chr15","61427308","61427604","40","51942931"
"chr3","9488863","9489157","chr15","61432517","61432793","44","51943654"
"chr3","9491866","9492166","chr2","168879156","168879455","47","159387290"
"chr3","9493127","9493428","chr10","117620910","117621216","42","108127783"
"chr3","9493939","9494254","chr4","107899588","107899898","53","98405649"
"chr3","9496393","9496695","chr3","152941248","152941549","40","143444855"
"chr3","9536680","9536935","chr11","120908157","120908415","47","111371477"
"chr3","9546032","9546342","chr5","47553889","47554204","40","38007857"
"chr3","9558782","9559089","chr2","25253652","25253947","46","15694870"
"chr3","9560641","9560946","chr10","55872616","55872911","42","46311975"
"chr3","9584307","9584616","chr18","39712282","39712591","38","30127975"
"chr3","9586719","9587015","chr15","61514570","61514866","29","51927851"
"chr3","9616537","9616843","chr2","61800729","61801029","45","52184192"
"chr3","9621510","9621830","chr7","42581600","42581909","48","32960090"
"chr3","9624140","9624440","chr9","108878803","108879104","41","99254663"
"chr3","9624843","9624926","chr9","113228957","113229038","17","103604114"
"chr3","9626855","9627145","chr14","83739394","83739686","39","74112539"
"chr3","9628692","9628993","chr7","80047681","80047980","47","70418989"
"chr3","9648896","9649190","chr5","38614488","38614784","41","28965592"
"chr3","9651675","9651832","chr10","100550541","100550700","29","90898866"
"chr3","9652130","9652266","chr4","43236196","43236331","15","33584066"
"chr3","9652724","9652954","chr5","45779160","45779404","44","36126436"
"chr3","9660262","9660560","chr7","6894852","6895150","40","2765410"
"chr3","9702723","9703011","chr5","26961498","26961795","45","17258775"
"chr3","9708992","9709305","chr22","33981676","33981980","46","24272684"
"chr3","9718831","9719135","chr9","18581186","18581488","40","8862355"
"chr3","9725253","9725556","chrX","35289377","35289681","42","25564124"
"chr3","9756035","9756320","chrX","17930524","17930805","43","8174489"
"chr3","9774981","9775268","chr1","168812539","168812829","51","159037558"
"chr3","9788830","9789135","chr1","184817871","184818171","45","175029041"
"chr3","9795814","9796111","chr15","61709902","61710203","41","51914088"
"chr3","9800929","9801240","chr11","125799128","125799440","38","115998199"
"chr3","9812091","9812235","chr11","109497348","109497490","23","99685257"
"chr3","9812522","9812690","chrX","106480049","106480214","32","96667527"
"chr3","9814956","9815255","chr15","61729201","61729501","39","51914245"
"chr3","9821721","9822022","chr11","98562914","98563217","36","88741193"
"chr3","9822525","9822721","chr5","110901489","110901673","41","101078964"
"chr3","9822787","9822908","chr17","62899993","62900116","17","53077206"
"chr3","9836724","9836981","chr5","124044504","124044756","76","114207780"
"chr3","9839583","9839876","chr10","55872616","55872911","34","46033033"
"chr3","9869251","9869549","chr5","94234310","94234606","39","84365059"
"chr3","9877380","9877691","chr14","15548560","15548873","54","5671180"
"chr3","9880791","9881094","chr20","12401994","12402298","37","2521203"
"chr3","9888102","9888406","chr9","111187673","111187975","48","101299571"
"chr3","9923269","9923561","chr5","132893438","132893729","46","122970169"
"chr3","9927659","9927962","chr5","94234310","94234606","41","84306651"
"chr3","9956444","9956742","chr2","31372053","31372354","39","21415609"
"chr3","9966530","9966873","chr3","20695642","20695976","63","10729112"
"chr3","9970928","9971213","chr13","99797880","99798169","35","89826952"
"chr3","9972489","9972784","chr2","147684199","147684495","48","137711710"
"chr3","9974858","9975164","chr12","79143458","79143759","40","69168600"
"chr3","9983150","9983446","chr17","69075766","69076065","48","59092616"
"chr3","10014510","10014807","chr15","61818450","61818769","61","51803940"
"chr3","10018460","10018755","chr3","152941248","152941549","44","142922788"
"chr3","10027936","10028063","chr7","80185646","80185776","13","70157710"
"chr3","10038005","10038287","chr4","11116373","11116655","40","1078368"
"chr3","10062233","10062541","chr3","108570361","108570666","43","98508128"
"chr3","10066725","10067023","chr13","87545369","87545669","35","77478644"
"chr3","10071765","10072059","chr12","61368019","61368300","41","51296254"
"chr3","10078682","10078956","chr15","61992804","61993089","45","51914122"
"chr3","10105469","10105771","chr13","43694410","43694711","37","33588941"
"chr3","10107665","10107743","chr7","29276011","29276088","12","19168346"
"chr3","10111108","10111410","chr2","129057586","129057890","38","118946478"
"chr3","10120197","10120494","chr5","94234310","94234606","41","84114113"
"chr3","10125809","10126112","chr6","87765454","87765755","35","77639645"
"chr3","10130817","10131114","chr2","71510040","71510335","52","61379223"
"chr3","10139070","10139373","chr5","2000849","2001153","38","8138221"
"chr3","10157603","10157904","chr3","106655459","106655766","41","96497856"
"chr3","10160042","10160352","chr9","112376113","112376420","47","102216071"
"chr3","10173540","10173849","chr15","62085972","62086271","40","51912432"
"chr3","10182772","10183070","chr7","136659990","136660294","51","126477218"
"chr3","10185593","10185904","chr3","108570361","108570666","44","98384768"
"chr3","10197096","10197414","chr17","54870851","54871173","40","44673755"
"chr3","10207711","10208014","chr5","84717109","84717410","39","74509398"
"chr3","10218142","10218451","chr7","53651921","53652230","40","43433779"
"chr3","10226637","10226965","chr15","62141892","62142238","54","51915255"
"chr3","10229819","10230124","chr7","148985140","148985448","45","138755321"
"chr3","10230742","10231054","chr6","17068239","17068542","42","6837497"
"chr3","10231295","10231592","chr5","126079965","126080261","45","115848670"
"chr3","10233854","10234161","chr10","16033492","16033786","59","5799638"
"chr3","10251392","10251685","chr5","38614488","38614784","43","28363096"
"chr3","10255660","10255951","chr22","4334459","4334753","44","5921201"
"chr3","10271709","10271790","chr17","69832810","69832885","16","59561101"
"chr3","10271821","10272029","chr12","109546877","109547082","38","99275056"
"chr3","10275466","10275748","chrX","18828260","18828542","45","8552794"
"chr3","10281700","10281980","chr11","60161860","60162141","42","49880160"
"chr3","10295595","10295904","chrX","45535931","45536241","39","35240336"
"chr3","10310209","10310520","chr4","82226247","82226558","42","71916038"
"chr3","10341305","10341610","chr5","38171978","38172283","38","27830673"
"chr3","10361240","10361316","chr6","14818379","14818456","8","4457139"
"chr3","10441247","10441538","chr22","28997304","28997607","45","18556057"
"chr3","10486740","10487027","chr4","37824304","37824582","41","27337564"
"chr3","10587383","10587679","chr14","21202697","21202996","49","10615314"
"chr3","10605654","10605948","chr11","123371423","123371718","34","112765769"
"chr3","10687581","10687883","chr15","62633389","62633691","46","51945808"
"chr3","10811674","10811806","chr1","182711408","182711538","15","171899734"
"chr3","10881134","10881427","chr10","126287645","126287938","39","115406511"
"chr3","10887444","10887741","chr22","29825053","29825352","41","18937609"
"chr3","11046900","11047180","chr19","4188463","4188738","41","6858437"
"chr3","11058404","11058691","chrX","47430025","47430309","44","36371621"
"chr3","11068623","11068644","chr10","17789322","17789342","6","6720699"
"chr3","11068672","11068945","chr19","4188463","4188738","38","6880209"
"chr3","11114609","11114845","chr5","129157204","129157423","43","118042595"
"chr3","11171110","11171415","chr9","8886595","8886904","43","2284515"
"chr3","11176811","11177108","chr22","28997304","28997607","42","17820493"
"chr3","11216597","11216899","chrX","117844579","117844877","48","106627982"
"chr3","11267700","11267981","chr5","116937633","116937915","35","105669933"
"chr3","11293248","11293555","chr10","90431710","90432016","42","79138462"
"chr3","11293566","11293866","chr12","100785810","100786105","43","89492244"
"chr3","11299929","11300229","chr6","134491241","134491536","50","123191312"
"chr3","11342934","11343228","chr14","83739394","83739686","36","72396460"
"chr3","11397475","11397754","chr1","117520902","117521184","44","106123427"
"chr3","11399066","11399361","chr9","109143507","109143803","46","97744441"
"chr3","11404157","11404433","chr10","101732804","101733077","44","90328647"
"chr3","11405980","11406289","chr13","59093137","59093444","50","47687157"
"chr3","11422741","11423058","chr6","17068239","17068542","45","5645498"
"chr3","11431119","11431376","chr13","31079075","31079335","33","19647956"
"chr3","11469704","11470009","chr10","121383850","121384150","46","109914146"
"chr3","11471742","11472036","chr2","159959895","159960193","41","148488153"
"chr3","11484112","11484420","chr6","112846301","112846609","52","101362189"
"chr3","11496848","11497150","chr9","11967801","11968108","42","470953"
"chr3","11506999","11507299","chr14","97510672","97510969","36","86003673"
"chr3","11516801","11517092","chr5","96729012","96729299","43","85212211"
"chr3","11530719","11531000","chr8","32478813","32479091","42","20948094"
"chr3","11577317","11577601","chr10","8026640","8026929","44","3550677"
"chr3","11585154","11585446","chr8","95021307","95021602","41","83436153"
"chr3","11608870","11609167","chr16","54091968","54092259","45","42483098"
"chr3","11634679","11634971","chr5","86230872","86231167","49","74596193"
"chr3","11644576","11644875","chr4","136902204","136902496","51","125257628"
"chr3","11645692","11645995","chr11","124429251","124429550","40","112783559"
"chr3","11652416","11652700","chr5","52793407","52793690","44","41140991"
"chr3","11667843","11668143","chr5","128544719","128545020","45","116876876"
"chr3","11673732","11674041","chr2","11642004","11642310","41","31728"
"chr3","11678058","11678355","chr9","109143507","109143803","40","97465449"
"chr3","11683932","11684217","chrX","118749545","118749828","45","107065613"
"chr3","11694339","11694638","chr7","10120794","10121094","37","1573545"
"chr3","11699525","11699822","chr12","54966149","54966441","52","43266624"
"chr3","11703967","11704094","chr22","10535132","10535263","13","1168835"
"chr3","11710818","11711113","chr1","209770752","209771048","40","198059934"
"chr3","11714409","11714541","chr15","63705236","63705368","15","51990827"
"chr3","11726520","11726830","chr3","106655459","106655766","39","94928939"
"chr3","11729540","11729796","chr15","63516598","63516850","48","51787058"
"chr3","11748486","11748678","chr22","10655645","10655839","25","1092841"
"chr3","11748912","11749211","chr4","11141283","11141584","33","607629"
"chr3","11751090","11751391","chr7","6894852","6895150","38","4856238"
"chr3","11767076","11767368","chr2","9600069","9600362","36","2167007"
"chr3","11769115","11769351","chr15","63748506","63748740","29","51979391"
"chr3","11772954","11773256","chr6","147894727","147895020","42","136121773"
"chr3","11777512","11777807","chr5","47395324","47395618","42","35617812"
"chr3","11784221","11784528","chr19","917453","917749","47","10866768"
"chr3","11802992","11803267","chr19","4188463","4188738","42","7614529"
"chr3","11813248","11813551","chr1","168595556","168595859","39","156782308"
"chr3","11823255","11823556","chr6","17068239","17068542","35","5244984"
"chr3","11823830","11824126","chr9","115637925","115638221","41","103814095"
"chr3","11824360","11824593","chr7","49517370","49517601","41","37693010"
"chr3","11836464","11836763","chr10","18062344","18062642","41","6225880"
"chr3","11838212","11838517","chr9","112248250","112248546","44","100410038"
"chr3","11848464","11848718","chr1","136090691","136090943","36","124242227"
"chr3","11850997","11851308","chr5","30440838","30441148","46","18589841"
"chr3","11855231","11855528","chr15","63849112","63849409","48","51993881"
"chr3","11856680","11857011","chr3","21104959","21105285","66","9248279"
"chr3","11886284","11886588","chr4","36522598","36522895","45","24636314"
"chr3","11887080","11887377","chr9","20122679","20122976","37","8235599"
"chr3","11889647","11889943","chr10","16033492","16033786","41","4143845"
"chr3","11928767","11929060","chr4","36818886","36819180","43","24890119"
"chr3","11964881","11965186","chr2","9018638","9018935","41","2946243"
"chr3","12057009","12057284","chr18","33127602","33127874","36","21070593"
"chr3","12204493","12204788","chr4","36563326","36563622","46","24358833"
"chr3","12215657","12215959","chr12","17514947","17515247","43","5299290"
"chr3","12282425","12282683","chrX","39387728","39387995","42","27105303"
"chr3","12285938","12286229","chr12","115383799","115384092","46","103097861"
"chr3","12303203","12303500","chr22","9748388","9748679","38","2554815"
"chr3","12325008","12325142","chr7","72328141","72328275","19","60003133"
"chr3","12325452","12325625","chr4","43826691","43826860","30","31501239"
"chr3","12362236","12362520","chr5","46330077","46330361","45","33967841"
"chr3","12374317","12374623","chr11","17740738","17741037","39","5366421"
"chr3","12404522","12404830","chr6","17068239","17068542","41","4663717"
"chr3","12433256","12433567","chr15","64389225","64389538","38","51955969"
"chr3","12490990","12491291","chr2","12828952","12829252","40","337962"
"chr3","12494387","12494700","chr15","64453168","64453474","42","51958781"
"chr3","12502265","12502565","chr15","83010481","83010777","50","70508216"
"chr3","12525545","12525862","chr4","159221657","159221968","61","146696112"
"chr3","12539131","12539432","chr2","9745444","9745747","43","2793687"
"chr3","12540592","12540898","chr1","184817871","184818171","47","172277279"
"chr3","12549250","12549542","chr8","104929951","104930243","51","92380701"
"chr3","12551213","12551507","chr7","1031266","1031558","42","11519947"
"chr3","12593096","12593380","chrX","16935785","16936079","46","4342689"
"chr3","12596185","12596493","chr13","63985086","63985395","38","51388901"
"chr3","12605296","12605577","chr1","89249307","89249598","49","76644011"
"chr3","12617110","12617414","chr15","5688723","5689022","45","6928387"
"chr3","12628778","12629043","chr1","138060195","138060467","56","125431417"
"chr3","12646372","12646541","chrX","108352935","108353103","30","95706563"
"chr3","12646849","12646982","chr9","39456312","39456442","17","26809463"
"chr3","12652667","12652952","chr4","98696895","98697167","50","86044228"
"chr3","12653000","12653294","chr15","41758838","41759130","37","29105838"
"chr3","12653464","12653750","chr1","168355505","168355788","42","155702041"
"chr3","12661422","12661732","chr12","16856383","16856691","48","4194961"
"chr3","12665491","12665628","chr1","172218988","172219121","13","159553497"
"chr3","12665928","12666094","chr22","2626133","2626298","23","10039795"
"chr3","12680203","12680508","chr5","31523966","31524270","47","18843763"
"chr3","12680878","12681186","chrX","93623389","93623691","43","80942511"
"chr3","12688739","12688982","chr11","20481239","20481477","41","7792500"
"chr3","12690886","12691021","chr15","64649743","64649878","17","51958857"
"chr3","12698247","12698538","chr15","64657438","64657725","36","51959191"
"chr3","12714094","12714393","chr5","41077820","41078119","48","28363726"
"chr3","12740576","12740883","chr10","117620910","117621216","50","104880334"
"chr3","12757831","12758002","chr5","93153854","93154023","27","80396023"
"chr3","12761325","12761633","chr4","139716624","139716934","50","126955299"
"chr3","12778933","12779216","chr8","112102995","112103279","52","99324062"
"chr3","12791787","12792082","chr8","94858581","94858875","53","82066794"
"chr3","12800747","12801022","chr10","102870810","102871086","40","90070063"
"chr3","12824629","12824932","chr6","43666330","43666629","38","30841701"
"chr3","12838125","12838426","chr4","30643780","30644085","50","17805655"
"chr3","12889590","12889912","chr5","108142890","108143201","56","95253300"
"chr3","13000947","13001257","chr1","84963938","84964243","52","71962991"
"chr3","13012965","13013230","chr1","28228354","28228622","39","15215389"
"chr3","13116619","13116768","chr10","118832761","118832910","19","105716142"
"chr3","13298954","13299231","chr4","155962523","155962803","38","142663569"
"chr3","13366132","13366431","chr6","4245255","4245549","36","9120877"
"chr3","13395360","13395617","chr13","59198364","59198619","35","45803004"
"chr3","13398158","13398449","chr1","200040617","200040903","45","186642459"
"chr3","13418311","13418455","chr1","79729473","79729618","19","66311162"
"chr3","13418815","13418977","chr3","85010536","85010708","41","71591721"
"chr3","13442594","13442885","chr5","131299682","131299970","38","117857088"
"chr3","13442919","13442930","chr5","92524075","92524085","3","79081156"
"chr3","13451494","13451583","chr12","116071997","116072083","14","102620503"
"chr3","13472662","13472971","chr1","91574966","91575269","43","78102304"
"chr3","13489561","13489871","chr15","49359997","49360293","57","35870436"
"chr3","13497168","13497479","chrX","107827107","107827417","37","94329939"
"chr3","13497842","13498155","chr5","62823651","62823960","36","49325809"
"chr3","13524638","13524935","chr11","123371423","123371718","45","109846785"
"chr3","13524938","13525236","chr9","106891453","106891749","41","93366515"
"chr3","13567362","13567657","chr6","147894727","147895020","40","134327365"
"chr3","13591475","13591587","chr13","57494033","57494145","13","43902558"
"chr3","13641638","13641955","chr17","46251571","46251874","47","32609933"
"chr3","13691428","13691736","chr15","65646145","65646446","45","51954717"
"chr3","13697991","13698295","chr6","128852407","128852709","44","115154416"
"chr3","13751421","13751727","chr2","171330283","171330586","49","157578862"
"chr3","13797914","13798201","chr15","20770296","20770585","42","6972382"
"chr3","13856536","13856844","chr5","6629520","6629828","45","7227016"
"chr3","13912028","13912341","chrUn_GL286451","397516","397830","39","13514512"
"chr3","13922553","13922861","chr6","17068239","17068542","42","3145686"
"chr3","13980486","13980798","chr12","112769436","112769743","48","98788950"
"chr3","13984135","13984431","chr5","38614488","38614784","48","24630353"
"chr3","14012254","14012549","chr20","12729984","12730279","35","1282270"
"chr3","14059368","14059654","chr7","58160492","58160776","40","44101124"
"chr3","14292036","14292317","chr14","75602","75879","35","14216434"
"chr3","14326432","14326739","chr22","33981676","33981980","45","19655244"
"chr3","14327450","14327764","chr5","50685831","50686130","53","36358381"
"chr3","14354474","14354761","chr15","89571236","89571524","55","75216762"
"chr3","14390518","14390805","chr5","26961498","26961795","44","12570980"
"chr3","14408332","14408605","chr22","5894128","5894395","40","8514204"
"chr3","14437816","14438144","chr11","104897015","104897336","52","90459199"
"chr3","14552650","14552880","chr22","3932271","3932502","43","10620379"
"chr3","14553097","14553410","chr1","82669756","82670065","45","68116659"
"chr3","14612843","14613078","chr19","24984488","24984730","46","10371645"
"chr3","14688248","14688559","chr22","15341421","15341725","45","653173"
"chr3","14694789","14695088","chr1","202589323","202589615","39","187894534"
"chr3","14696408","14696671","chr2","15662741","15663016","53","966333"
"chr3","14708659","14708943","chr2","56700759","56701042","36","41992100"
"chr3","14736285","14736590","chr8","108764374","108764677","37","94028089"
"chr3","14736600","14736866","chrX","39387728","39387995","35","24651128"
"chr3","14784770","14784952","chr7","85958195","85958373","36","71173425"
"chr3","14790274","14790576","chr2","21436669","21436967","47","6646395"
"chr3","14817199","14817495","chr9","8632506","8632798","43","6184693"
"chr3","14840133","14840444","chr3","106655459","106655766","36","91815326"
"chr3","14859275","14859589","chr5","83113160","83113466","53","68253885"
"chr3","14902000","14902300","chr5","84717109","84717410","38","69815109"
"chr3","14972165","14972472","chr1","27883875","27884177","44","12911710"
"chr3","14974598","14974903","chr22","28997304","28997607","39","14022706"
"chr3","15002979","15003249","chrX","39387728","39387995","44","24384749"
"chr3","15030546","15030849","chr9","65621114","65621411","43","50590568"
"chr3","15035613","15035744","chr5","158422918","158423048","21","143387305"
"chr3","15036041","15036208","chrX","106480049","106480214","23","91444008"
"chr3","15036840","15037126","chr9","56335758","56336046","41","41298918"
"chr3","15065793","15066079","chr5","132893438","132893729","48","117827645"
"chr3","15066984","15067140","chr10","29640597","29640756","37","14573613"
"chr3","15067441","15067571","chr7","45968721","45968856","15","30901280"
"chr3","15084111","15084417","chr10","47323959","47324262","41","32239848"
"chr3","15100625","15100937","chr7","32003277","32003587","44","16902652"
"chr3","15106108","15106399","chr10","126287645","126287938","32","111181537"
"chr3","15124663","15124867","chr12","5351694","5351910","35","9772969"
"chr3","15131082","15131346","chr16","94559711","94559977","43","79428629"
"chr3","15139004","15139298","chr13","15397870","15398167","37","258866"
"chr3","15221698","15221964","chr2","72490006","72490279","57","57268308"
"chr3","15245939","15246237","chr4","156698023","156698319","43","141452084"
"chr3","15290120","15290246","chr1","108326226","108326361","20","93036106"
"chr3","15290550","15290713","chr4","34157283","34157451","28","18866733"
"chr3","15347299","15347592","chr9","59049377","59049667","44","43702078"
"chr3","15359286","15359587","chr9","8886595","8886904","52","6472691"
"chr3","15359589","15359714","chr17","34212554","34212681","16","18852965"
"chr3","15360253","15360549","chr10","8208845","8209146","36","7151408"
"chr3","15365878","15366182","chr5","8258993","8259302","50","7106885"
"chr3","15390150","15390436","chr7","42343780","42344070","39","26953630"
"chr3","15398198","15398493","chrX","1853920","1854215","37","13544278"
"chr3","15411774","15412064","chr5","66580234","66580523","46","51168460"
"chr3","15438515","15438822","chrX","47176701","47177007","49","31738186"
"chr3","15446233","15446365","chr5","112523260","112523386","17","97077027"
"chr3","15446670","15446843","chr3","53757892","53758068","29","38311222"
"chr3","15456814","15457123","chr2","9886138","9886441","43","5570676"
"chr3","15458847","15459143","chr5","94234310","94234606","28","78775463"
"chr3","15459479","15459778","chr4","35519993","35520292","41","20060514"
"chr3","15493802","15494050","chr19","36223261","36223511","33","20729459"
"chr3","15559206","15559519","chrX","122774008","122774319","50","107214802"
"chr3","15567207","15567518","chr17","69358056","69358361","47","53790849"
"chr3","15594126","15594402","chr7","59174909","59175184","44","43580783"
"chr3","15639828","15640119","chr7","47489633","47489927","42","31849805"
"chr3","15653905","15654021","chr1","200913072","200913183","24","185259167"
"chr3","15657886","15658196","chr5","134608851","134609157","38","118950965"
"chr3","15660985","15661293","chr1","137129532","137129843","36","121468547"
"chr3","15711693","15711995","chr22","40230801","40231098","39","24519108"
"chr3","15715982","15716279","chr1","12161488","12161791","42","3554494"
"chr3","15721744","15722044","chr7","19065422","19065720","45","3343678"
"chr3","15753664","15753948","chr5","154020351","154020637","49","138266687"
"chr3","15824169","15824455","chrX","117403310","117403589","58","101579141"
"chr3","15857286","15857584","chr5","39910644","39910945","40","24053358"
"chr3","15866932","15867161","chrX","16019078","16019314","43","152146"
"chr3","15902445","15902723","chr16","92089757","92090031","43","76187312"
"chr3","15929159","15929438","chr9","44537673","44537953","30","28608514"
"chr3","15937609","15937915","chr1","168595556","168595859","41","152657947"
"chr3","15952045","15952317","chr10","96384444","96384709","41","80432399"
"chr3","16206095","16206391","chr4","140018271","140018565","57","123812176"
"chr3","16218811","16219109","chr1","187604977","187605283","43","171386166"
"chr3","16225784","16226065","chr5","100268330","100268601","48","84042546"
"chr3","16438304","16438615","chr17","47419902","47420210","38","30981598"
"chr3","16489627","16489935","chr8","17471458","17471767","40","981831"
"chr3","16603351","16603645","chr7","49560480","49560768","46","32957129"
"chr3","16816647","16816958","chr17","47754474","47754781","41","30937827"
"chr3","16830039","16830317","chr3","5598284","5598569","43","11231755"
"chr3","16902545","16902845","chr5","26961498","26961795","37","10058953"
"chr3","16910972","16911273","chr2","18742940","18743241","37","1831968"
"chr3","16986401","16986702","chr17","47912462","47912763","40","30926061"
"chr3","17026610","17026884","chr7","63783719","63784005","50","46757109"
"chr3","17093653","17093952","chr6","17068239","17068542","40","25414"
"chr3","17118311","17118607","chrX","68964047","68964336","40","51845736"
"chr3","17147341","17147634","chr8","111628886","111629177","41","94481545"
"chr3","17186428","17186739","chr9","101796262","101796572","38","84609834"
"chr3","17225157","17225467","chr5","94532768","94533076","33","77307611"
"chr3","17440632","17440941","chr5","2508969","2509278","47","14931663"
"chr3","17492442","17492733","chr7","72373538","72373831","49","54881096"
"chr3","17538900","17539165","chr22","17022728","17022985","52","516172"
"chr3","17549648","17549928","chrUn_GL286838","5758","6037","40","17543890"
"chr3","17559152","17559443","chr18","41463106","41463395","39","23903954"
"chr3","17603684","17603943","chr22","33659816","33660083","48","16056132"
"chr3","17720830","17721140","chr1","156164792","156165101","47","138443962"
"chr3","17754603","17754913","chr4","48753799","48754115","48","30999196"
"chr3","17767532","17767818","chrX","17543907","17544194","43","223625"
"chr3","17790605","17790909","chrX","93623389","93623691","51","75832784"
"chr3","17829632","17829950","chr17","54870851","54871173","61","37041219"
"chr3","17851868","17852168","chr5","127746291","127746583","38","109894423"
"chr3","17870370","17870673","chr12","83078942","83079243","42","65208572"
"chr3","18084224","18084527","chr9","46221163","46221469","42","28136939"
"chr3","18183970","18184254","chr17","49108088","49108373","29","30924118"
"chr3","18316294","18316601","chr13","18393383","18393690","39","77089"
"chr3","18508518","18508808","chr13","95665824","95666115","52","77157306"
"chr3","18537343","18537624","chr13","97837944","97838223","46","79300601"
"chr3","18665388","18665698","chr5","4793924","4794233","47","13871464"
"chr3","18733851","18734139","chr4","38209077","38209362","42","19475226"
"chr3","18806889","18807194","chrX","79587653","79587955","39","60780764"
"chr3","18974648","18974938","chr6","87792421","87792711","42","68817773"
"chr3","19084873","19085179","chr1","154729010","154729309","50","135644137"
"chr3","19152655","19152963","chr18","39712282","39712591","37","20559627"
"chr3","19162230","19162535","chr4","107525315","107525620","62","88363085"
"chr3","19327306","19327589","chr1","175792947","175793236","47","156465641"
"chr3","19332623","19332931","chr3","2808599","2808903","45","16524024"
"chr3","19692970","19693262","chr12","100785810","100786105","34","81092840"
"chr3","19704407","19704699","chr14","97510672","97510969","50","77806265"
"chr3","19812736","19813021","chr2","31276923","31277210","38","11464187"
"chr3","19880266","19880551","chr11","14132149","14132431","37","5748117"
"chr3","19900649","19900940","chr13","114718297","114718592","40","94817648"
"chr3","19934915","19935208","chr5","94234310","94234606","37","74299395"
"chr3","19935430","19935728","chr9","11967801","11968108","44","7967629"
"chr3","19936935","19937184","chr1","190633251","190633514","45","170696316"
"chr3","19954021","19954314","chr10","126287645","126287938","47","106333624"
"chr3","19964934","19965221","chr5","109302915","109303213","46","89337981"
"chr3","19993454","19993731","chr10","101732804","101733077","43","81739350"
"chr3","20005965","20006271","chr9","106557112","106557416","50","86551147"
"chr3","20015160","20015454","chr5","26961498","26961795","47","6946338"
"chr3","20016263","20016567","chr6","17068239","17068542","43","2948024"
"chr3","20021517","20021825","chr7","44846137","44846443","46","24824620"
"chr3","20027929","20028227","chr7","10120794","10121094","35","9907135"
"chr3","20029762","20030080","chr17","50786924","50787223","49","30757162"
"chr3","20031736","20032016","chr4","43311502","43311796","52","23279766"
"chr3","20033464","20033759","chr12","100785810","100786105","43","80752346"
"chr3","20047607","20047915","chr1","194633565","194633866","44","174585958"
"chr3","20059133","20059435","chr3","106655459","106655766","34","86596326"
"chr3","20097531","20097835","chr21","32861641","32861942","45","12764110"
"chr3","20102035","20102314","chr1","186704593","186704886","42","166602558"
"chr3","20107021","20107330","chr1","201369278","201369591","41","181262257"
"chr3","20140495","20140791","chr12","22341026","22341325","50","2200531"
"chr3","20144787","20145096","chr17","50909436","50909744","42","30764649"
"chr3","20165770","20166065","chr5","26961498","26961795","31","6795728"
"chr3","20231715","20232013","chr6","147894727","147895020","42","127663012"
"chr3","20234965","20235283","chr21","43278009","43278321","44","23043044"
"chr3","20281848","20282009","chr9","43696127","43696288","23","23414279"
"chr3","20308323","20308631","chr7","49632330","49632627","40","29324007"
"chr3","20341730","20342042","chr19","43463036","43463348","49","23121306"
"chr3","20678268","20678569","chr5","92511557","92511857","38","71833289"
"chr3","20714821","20715133","chr6","47107776","47108084","44","26392955"
"chr3","20720951","20721234","chrX","45666740","45667025","42","24945789"
"chr3","20800943","20801236","chr4","16350054","16350344","35","4450889"
"chr3","20896401","20896695","chr2","77819708","77820002","44","56923307"
"chr3","21177206","21177495","chr7","96383773","96384067","53","75206567"
"chr3","21288313","21288623","chr7","26117330","26117636","52","4829017"
"chr3","21405210","21405507","chr13","114718297","114718592","43","93313087"
"chr3","21444380","21444685","chr12","28553718","28554019","44","7109338"
"chr3","21492501","21492776","chr2","38494936","38495217","54","17002435"
"chr3","21583990","21584278","chr1","202394399","202394681","45","180810409"
"chr3","21666796","21667087","chr4","16350054","16350344","39","5316742"
"chr3","21736939","21737211","chr5","100268330","100268601","41","78531391"
"chr3","21895320","21895640","chr9","100258454","100258773","49","78363134"
"chr3","21917150","21917439","chr15","92092323","92092613","45","70175173"
"chr3","21946550","21946861","chr15","5260462","5260773","50","16686088"
"chr3","22033120","22033394","chr9","44537673","44537953","47","22504553"
"chr3","22144292","22144600","chr4","33395416","33395722","60","11251124"
"chr3","22221986","22222264","chr3","142738386","142738676","47","120516400"
"chr3","22325482","22325779","chr2","9886138","9886441","57","12439344"
"chr3","22337250","22337552","chr1","148425546","148425843","54","126088296"
"chr3","22386455","22386732","chr2","56700759","56701042","56","34314304"
"chr3","22404659","22404875","chr22","4284952","4285161","34","18119707"
"chr3","22474724","22475019","chr15","49359997","49360293","49","26885273"
"chr3","22545124","22545234","chr1","190584918","190585028","13","168039794"
"chr3","22754980","22755277","chr5","48331120","48331417","42","25576140"
"chr3","22866153","22866383","chr11","62741461","62741688","37","39875308"
"chr3","22970166","22970448","chr4","106189513","106189789","41","83219347"
"chr3","22993124","22993432","chr17","53616121","53616430","53","30622997"
"chr3","23081792","23081963","chrX","106480049","106480214","28","83398257"
"chr3","23082002","23082134","chr14","1341561","1341692","17","21740441"
"chr3","23141852","23142131","chr1","65177764","65178041","40","42035912"
"chr3","23194507","23194791","chr17","53817488","53817777","38","30622981"
"chr3","23223187","23223489","chr22","28997304","28997607","40","5774117"
"chr3","23225874","23226178","chr10","127954939","127955242","45","104729065"
"chr3","23226450","23226539","chr10","74413128","74413211","19","51186678"
"chr3","23510325","23510630","chr1","77314564","77314866","44","53804239"
"chr3","23632419","23632718","chr9","20122679","20122976","39","3509740"
"chr3","23666112","23666423","chr6","59209406","59209717","40","35543294"
"chr3","23678476","23678786","chr9","38076263","38076572","38","14397787"
"chr3","23680772","23681056","chr9","44537673","44537953","42","20856901"
"chr3","23693821","23694134","chr9","11967801","11968108","51","11726020"
"chr3","23695740","23696044","chr5","26961498","26961795","39","3265758"
"chr3","23701173","23701478","chr17","54346127","54346440","37","30644954"
"chr3","23707988","23708294","chr10","101816662","101816963","45","78108674"
"chr3","23720418","23720541","chr7","131572147","131572266","16","107851729"
"chr3","23729228","23729531","chr2","168879156","168879455","37","145149928"
"chr3","23747051","23747353","chr5","114164972","114165268","42","90417921"
"chr3","23772080","23772373","chr4","16350054","16350344","38","7422026"
"chr3","23838489","23838799","chr4","149992499","149992801","50","126154010"
"chr3","23848187","23848496","chr10","23365070","23365380","45","483117"
"chr3","23893525","23893822","chr2","83507142","83507434","50","59613617"
"chr3","23900353","23900669","chr1","137129532","137129843","54","113229179"
"chr3","23905877","23906178","chr3","108570361","108570666","38","84664484"
"chr3","23906919","23907192","chr6","157479174","157479450","36","133572255"
"chr3","23909240","23909539","chr5","61886039","61886332","45","37976799"
"chr3","23921571","23921874","chr22","28997304","28997607","45","5075733"
"chr3","23958668","23958978","chr11","118075028","118075334","41","94116360"
"chr3","23960127","23960406","chr17","54655050","54655335","44","30694923"
"chr3","23963452","23963748","chr14","16678626","16678927","40","7284826"
"chr3","23988390","23988695","chr6","17068239","17068542","41","6920151"
"chr3","24006473","24006699","chr14","60304457","60304680","34","36297984"
"chr3","24008955","24009256","chr5","112184691","112184992","38","88175736"
"chr3","24010711","24011000","chr2","67250902","67251188","40","43240191"
"chr3","24016191","24016485","chr15","22391678","22391973","42","1624513"
"chr3","24037212","24037498","chr1","194494105","194494401","54","170456893"
"chr3","24095725","24096026","chr9","42427653","42427954","38","18331928"
"chr3","24183330","24183672","chr12","1551146","1551485","56","22632184"
"chr3","24238942","24239241","chr9","42427653","42427954","44","18188711"
"chr3","24245631","24245910","chr11","123660063","123660343","34","99414432"
"chr3","24465415","24465703","chr7","70755193","70755479","46","46289778"
"chr3","24574263","24574571","chr17","7247592","7247895","45","17326671"
"chr3","24645917","24645983","chr4","111302930","111302994","13","86657013"
"chr3","24646015","24646133","chr11","60338302","60338420","15","35692287"
"chr3","24727591","24727891","chr1","168595556","168595859","42","143867965"
"chr3","24757272","24757585","chr13","18393383","18393690","38","6363889"
"chr3","24858792","24859066","chr7","96194147","96194420","44","71335355"
"chr3","24938978","24939227","chr13","73519712","73519958","46","48580734"
"chr3","25024671","25024980","chr22","33981676","33981980","38","8957005"
"chr3","25040451","25040757","chr17","55786453","55786742","52","30746002"
"chr3","25046459","25046754","chr22","28383777","28384071","40","3337318"
"chr3","25067855","25068163","chr2","10212665","10212969","51","14855190"
"chr3","25157392","25157696","chr17","55913403","55913695","46","30756011"
"chr3","25168210","25168525","chr11","111117466","111117768","49","85949256"
"chr3","25210527","25210834","chr10","117620910","117621216","46","92410383"
"chr3","25308437","25308747","chr9","12959514","12959822","42","12348923"
"chr3","25315625","25315918","chr12","92030142","92030434","46","66714517"
"chr3","25401772","25402075","chr22","28997304","28997607","40","3595532"
"chr3","25445386","25445675","chr2","129996556","129996846","41","104551170"
"chr3","25449745","25450050","chr4","158922649","158922955","51","133472904"
"chr3","25500438","25500778","chr1","193679272","193679606","61","168178834"
"chr3","25510342","25510635","chrX","68556717","68557005","42","43046375"
"chr3","25544974","25545244","chr7","129397165","129397435","50","103852191"
"chr3","25621707","25622015","chrX","47176701","47177007","39","21554994"
"chr3","25670475","25670774","chr6","17068239","17068542","41","8602236"
"chr3","25678082","25678375","chr10","16033492","16033786","39","9644590"
"chr3","25721937","25722238","chrX","40018448","40018754","48","14296511"
"chr3","25769078","25769385","chr1","96018777","96019077","50","70249699"
"chr3","25813759","25813912","chr7","149001425","149001575","35","123187666"
"chr3","25813913","25814223","chr1","119769397","119769707","45","93955484"
"chr3","25814224","25814362","chr1","116955977","116956111","19","91141753"
"chr3","25865971","25866284","chr4","34020527","34020840","46","8154556"
"chr3","25967106","25967411","chr1","27883875","27884177","48","1916769"
"chr3","26092000","26092293","chr6","17068239","17068542","49","9023761"
"chr3","26157008","26157199","chr11","54831560","54831757","35","28674552"
"chr3","26267777","26268031","chr17","74612855","74613103","38","48345078"
"chr3","26350053","26350365","chr19","35583804","35584108","60","9233751"
"chr3","26568463","26568744","chr11","97162087","97162366","46","70593624"
"chr3","26585106","26585411","chr22","14189988","14190299","40","12395118"
"chr3","26707072","26707393","chr17","54870851","54871173","55","28163779"
"chr3","26853234","26853515","chr2","128429296","128429580","49","101576062"
"chr3","26854718","26855013","chr7","96383773","96384067","51","69529055"
"chr3","26874908","26875203","chr5","84826899","84827194","50","57951991"
"chr3","27076230","27076531","chr1","172257719","172258009","44","145181489"
"chr3","27102032","27102338","chr6","17068239","17068542","39","10033793"
"chr3","27180113","27180404","chr13","20723712","20724002","40","6456401"
"chr3","27365598","27365878","chr7","96194147","96194420","47","68828549"
"chr3","27404090","27404373","chr5","2532160","2532447","43","24871930"
"chr3","27419483","27419635","chr4","37394289","37394440","18","9974806"
"chr3","27429568","27429848","chr17","69931558","69931839","37","42501990"
"chr3","27447931","27448246","chr5","47854845","47855147","46","20406914"
"chr3","27455632","27455879","chr17","58124042","58124289","43","30668410"
"chr3","27461678","27461967","chr12","49969164","49969452","52","22507486"
"chr3","27463933","27464180","chr17","58131138","58131396","52","30667205"
"chr3","27468011","27468218","chr11","18171707","18171915","33","9296304"
"chr3","27468830","27469125","chr3","152941248","152941549","51","125472418"
"chr3","27474840","27475118","chr12","5179139","5179421","51","22295701"
"chr3","27478706","27479027","chr22","41857491","41857814","53","14378785"
"chr3","27491975","27492239","chr9","102546701","102546970","40","75054726"
"chr3","27492466","27492764","chr1","148395182","148395475","50","120902716"
"chr3","27493305","27493604","chr1","101492422","101492722","42","73999117"
"chr3","27501385","27501649","chr2","2700473","2700739","44","24800912"
"chr3","27519261","27519410","chr5","126146453","126146604","20","98627192"
"chr3","27539617","27539925","chr1","184817871","184818171","41","157278254"
"chr3","27546880","27546987","chr17","58220072","58220186","31","30673192"
"chr3","27566175","27566486","chr17","58235861","58236172","50","30669686"
"chr3","27578786","27579084","chr14","98109193","98109486","39","70530407"
"chr3","27594893","27595201","chr2","858886","859191","45","26736007"
"chr3","27616490","27616839","chr17","58274873","58275213","48","30658383"
"chr3","27627098","27627371","chr19","22748565","22748846","44","4878533"
"chr3","27634443","27634766","chr21","37330639","37330963","71","9696196"
"chr3","27637240","27637510","chr17","58300811","58301081","47","30663571"
"chr3","27638807","27639108","chr22","33981676","33981980","46","6342869"
"chr3","27656463","27656772","chr15","20913964","20914267","45","6742499"
"chr3","27663400","27663703","chrX","43662320","43662619","39","15998920"
"chr3","27685072","27685381","chr1","137129532","137129843","44","109444460"
"chr3","27738078","27738346","chr3","6494628","6494898","42","21243450"
"chr3","27753397","27753710","chr4","167498559","167498869","43","139745162"
"chr3","27764733","27765039","chr8","96954708","96955008","40","69189975"
"chr3","27767911","27768215","chr1","202849760","202850061","39","175081849"
"chr3","27854799","27855071","chr14","18936862","18937136","41","8917937"
"chr3","27864545","27864819","chr5","129337538","129337810","49","101472993"
"chr3","27878678","27878984","chr6","17068239","17068542","39","10810439"
"chr3","27901282","27901579","chr4","156698023","156698319","33","128796741"
"chr3","27919695","27919996","chr14","13200339","13200640","38","14719356"
"chr3","27925325","27925640","chr2","134089037","134089344","43","106163712"
"chr3","27932464","27932769","chr3","136742208","136742511","44","108809744"
"chr3","27967520","27967819","chr10","29910934","29911230","37","1943414"
"chr3","28014595","28014890","chr8","18229357","18229658","58","9785238"
"chr3","28040773","28041082","chr3","106655459","106655766","49","78614686"
"chr3","28098916","28099220","chr14","79148123","79148432","41","51049207"
"chr3","28210591","28210878","chr7","91626524","91626811","42","63415933"
"chr3","28225093","28225403","chrX","43172953","43173255","44","14947860"
"chr3","28255230","28255545","chr2","54709737","54710047","49","26454507"
"chr3","28271105","28271361","chr2","125678259","125678509","41","97407154"
"chr3","28283232","28283517","chr4","160567106","160567389","48","132283874"
"chr3","28283554","28283583","chr10","17789322","17789342","10","10494232"
"chr3","28397388","28397678","chr11","76412194","76412482","44","48014806"
"chr3","28473194","28473492","chr10","14603732","14604030","43","13869462"
"chr3","28508503","28508827","chr17","59142837","59143139","56","30634334"
"chr3","28515960","28516228","chr9","40913684","40913950","41","12397724"
"chr3","28537099","28537408","chr18","38793266","38793575","44","10256167"
"chr3","28601602","28601877","chr3","72187718","72187993","47","43586116"
"chr3","28988428","28988725","chrUn_GL286262","40235","40532","36","28948193"
"chr3","29035396","29035693","chr10","46916961","46917259","42","17881565"
"chr3","29166601","29166904","chr8","90070086","90070388","42","60903485"
"chr3","29255929","29256202","chr22","11586259","11586536","42","17669670"
"chr3","29391968","29392265","chr16","22196152","22196447","38","7195816"
"chr3","29457440","29457729","chr5","74809771","74810060","45","45352331"
"chr3","29495410","29495717","chr6","132767618","132767935","50","103272208"
"chr3","29543427","29543729","chr6","149078496","149078795","39","119535069"
"chr3","29654600","29654897","chr7","131598230","131598524","59","101943630"
"chr3","29713773","29714081","chr17","60404440","60404748","40","30690667"
"chr3","29792957","29793259","chr22","37324208","37324514","47","7531251"
"chr3","29963546","29963845","chr17","60660697","60660994","50","30697151"
"chr3","30105296","30105601","chr7","15416569","15416877","60","14688727"
"chr3","30189472","30189776","chr5","26961498","26961795","45","3227974"
"chr3","30336124","30336240","chr22","19563524","19563640","18","10772600"
"chr3","30442433","30442731","chr2","61800729","61801029","50","31358296"
"chr3","30491635","30491902","chr7","42003875","42004146","35","11512240"
"chr3","30519762","30520063","chr2","39017158","39017460","45","8497396"
"chr3","30555219","30555531","chrX","51626962","51627269","49","21071743"
"chr3","30712630","30712938","chr17","69075766","69076065","46","38363136"
"chr3","30732776","30733047","chr18","41463106","41463395","58","10730330"
"chr3","30745985","30746292","chr17","61407680","61407984","57","30661695"
"chr3","30807747","30808029","chr10","101732804","101733077","40","70925057"
"chr3","30808214","30808511","chr7","80047681","80047980","40","49239467"
"chr3","30885780","30885906","chr7","88152152","88152275","23","57266372"
"chr3","30933089","30933423","chr9","98029843","98030162","50","67096754"
"chr3","30955516","30955808","chr16","64318367","64318657","42","33362851"
"chr3","30980661","30980964","chr22","28997304","28997607","49","1983357"
"chr3","31294293","31294557","chr5","98998387","98998651","39","67704094"
"chr3","31458310","31458588","chr17","62111345","62111630","43","30653035"
"chr3","31483485","31483774","chr10","8026640","8026929","34","23456845"
"chr3","31547376","31547652","chr17","62213780","62214058","45","30666404"
"chr3","31685206","31685465","chr2","56699655","56699910","47","25014449"
"chr3","31698171","31698479","chr6","106862679","106862987","44","75164508"
"chr3","31713386","31713696","chr16","38005025","38005333","43","6291639"
"chr3","31761535","31761831","chr7","40960117","40960419","40","9198582"
"chr3","31784057","31784348","chr5","40041141","40041418","53","8257084"
"chr3","31784584","31784850","chr6","17285930","17286191","50","14498654"
"chr3","31807098","31807374","chr5","151707348","151707630","41","119900250"
"chr3","31828531","31828832","chr11","123371423","123371718","43","91542892"
"chr3","31852566","31852877","chr7","130262321","130262624","48","98409755"
"chr3","31867460","31867733","chr1","138060195","138060467","37","106192735"
"chr3","31905346","31905649","chr22","28997304","28997607","35","2908042"
"chr3","31926828","31927152","chr11","63112901","63113208","50","31186073"
"chr3","31928491","31928784","chr17","62617930","62618204","53","30689439"
"chr3","31991164","31991260","chr1","117137733","117137826","15","85146569"
"chr3","31991878","31992162","chr22","34293384","34293683","45","2301506"
"chr3","32065600","32065880","chr17","62757537","62757795","57","30691937"
"chr3","32099910","32100203","chr12","19527408","19527701","51","12572502"
"chr3","32130731","32131052","chr17","26015023","26015330","52","6115708"
"chr3","32144677","32144822","chr9","39119150","39119289","26","6974473"
"chr3","32144855","32144997","chr4","10602625","10602769","22","21542230"
"chr3","32145037","32145333","chr12","24684882","24685176","46","7460155"
"chr3","32183915","32184220","chr6","17068239","17068542","42","15115676"
"chr3","32195639","32195950","chr3","106655459","106655766","44","74459820"
"chr3","32197179","32197479","chr11","125799128","125799440","48","93601949"
"chr3","32247318","32247624","chr17","62935901","62936206","35","30688583"
"chr3","32247625","32247759","chr17","62936207","62936341","15","30688582"
"chr3","32260940","32261186","chr6","60072334","60072587","61","27811394"
"chr3","32293269","32293561","chrX","140437749","140438042","42","108144480"
"chr3","32294773","32295080","chr7","42669887","42670194","42","10375114"
"chr3","32315120","32315429","chr15","20203211","20203516","35","12111909"
"chr3","32326508","32326805","chr4","147076387","147076688","42","114749879"
"chr3","32343693","32344000","chr1","15931085","15931383","45","16412608"
"chr3","32349726","32350020","chr7","63062538","63062830","35","30712812"
"chr3","32350360","32350524","chr4","34157283","34157451","25","1806923"
"chr3","32350823","32350957","chr12","50418916","50419049","12","18068093"
"chr3","32351895","32352226","chr5","94857921","94858240","62","62506026"
"chr3","32402090","32402411","chrUn_GL286451","397516","397830","55","32004574"
"chr3","32404130","32404460","chr9","98029843","98030162","56","65625713"
"chr3","32411797","32411878","chr5","95689903","95689984","9","63278106"
"chr3","32429297","32429589","chr17","63123812","63124102","41","30694515"
"chr3","32437315","32437608","chr20","27822433","27822727","30","4614882"
"chr3","32440125","32440418","chr1","98572733","98573027","42","66132608"
"chr3","32474008","32474138","chr11","14417492","14417623","17","18056516"
"chr3","32509689","32509877","chr8","55602683","55602872","30","23092994"
"chr3","32511327","32511625","chr13","21290793","21291092","45","11220534"
"chr3","32527061","32527307","chr7","115152097","115152346","46","82625036"
"chr3","32546126","32546429","chr2","138937103","138937408","38","106390977"
"chr3","32554864","32555168","chr3","106655459","106655766","45","74100595"
"chr3","32574924","32575207","chr17","63248267","63248559","38","30673343"
"chr3","32579934","32580225","chr10","126287645","126287938","56","93707711"
"chr3","32590744","32590969","chrX","107499697","107499928","45","74908953"
"chr3","32593382","32593700","chr17","63272190","63272484","56","30678808"
"chr3","32594710","32595015","chr7","148985140","148985448","44","116390430"
"chr3","32598677","32598969","chr2","168797082","168797370","49","136198405"
"chr3","32606142","32606401","chr12","48577004","48577251","53","15970862"
"chr3","32611830","32612140","chr14","46372540","46372849","43","13760710"
"chr3","32615580","32615903","chrX","40018448","40018754","53","7402868"
"chr3","32633018","32633321","chr3","106655459","106655766","42","74022441"
"chr3","32637325","32637623","chr5","94234310","94234606","36","61596985"
"chr3","32642586","32642723","chr5","26222620","26222759","21","6419966"
"chr3","32642810","32643112","chr1","138077483","138077787","49","105434673"
"chr3","32649732","32650032","chr14","43386246","43386546","37","10736514"
"chr3","32658954","32659253","chr9","115637925","115638221","33","82978971"
"chr3","32668782","32669078","chr20","28691192","28691484","43","3977590"
"chr3","32674353","32674668","chr22","13872106","13872416","53","18802247"
"chr3","32674697","32675017","chr1","41222676","41222988","49","8547979"
"chr3","32678785","32679021","chr7","58441225","58441463","35","25762440"
"chr3","32680200","32680507","chr17","63334777","63335082","38","30654577"
"chr3","32683621","32683916","chr10","55872616","55872911","30","23188995"
"chr3","32690998","32691159","chr19","781258","781429","31","31909740"
"chr3","32691462","32691596","chrX","90248590","90248732","25","57557128"
"chr3","32696618","32696877","chr16","51875037","51875319","60","19178419"
"chr3","32707890","32708197","chr9","58269506","58269806","56","25561616"
"chr3","32721052","32721361","chr7","144982540","144982842","52","112261488"
"chr3","32722698","32722880","chrX","40032662","40032836","32","7309964"
"chr3","32742398","32742681","chr3","174506197","174506478","46","141763799"
"chr3","32744869","32745178","chr6","17068239","17068542","38","15676630"
"chr3","32760847","32761136","chr1","145176527","145176816","43","112415680"
"chr3","32771319","32771602","chr11","66153144","66153422","42","33381825"
"chr3","32774096","32774384","chr14","83433453","83433742","32","50659357"
"chr3","32785326","32785632","chr22","34024641","34024946","59","1239315"
"chr3","32787860","32788169","chrX","117677176","117677486","40","84889316"
"chr3","32800886","32801170","chr1","198952709","198952990","35","166151823"
"chr3","32802733","32803042","chr6","17068239","17068542","40","15734494"
"chr3","32824793","32825094","chrX","22345843","22346145","41","10478950"
"chr3","32826642","32826745","chr6","95261626","95261727","10","62434984"
"chr3","32831528","32831836","chr3","106655459","106655766","46","73823931"
"chr3","32853725","32854027","chr12","51884744","51885046","45","19031019"
"chr3","32854050","32854295","chr11","75564098","75564335","49","42710048"
"chr3","32860893","32861175","chr2","56700759","56701042","45","23839866"
"chr3","32880048","32880328","chrX","107970981","107971246","59","75090933"
"chr3","32884117","32884249","chr10","128354575","128354708","19","95470458"
"chr3","32915394","32915691","chr12","12071873","12072177","41","20843521"
"chr3","32926958","32927262","chr10","16169668","16169965","41","16757290"
"chr3","32937794","32938097","chr10","90431710","90432016","39","57493916"
"chr3","32941667","32941960","chr10","22559240","22559536","49","10382427"
"chr3","32946736","32947046","chr2","14826551","14826859","43","18120185"
"chr3","32957341","32957640","chr2","137593855","137594162","55","104636514"
"chr3","32961922","32962203","chr10","126401452","126401732","45","93439530"
"chr3","32980809","32981119","chr6","17068239","17068542","42","15912570"
"chr3","32981492","32981789","chr10","7647170","7647468","45","25334322"
"chr3","32987903","32988207","chr3","177773552","177773857","38","144785649"
"chr3","33011362","33011661","chr13","81005871","81006179","73","47994509"
"chr3","33027514","33027814","chr2","113442969","113443263","42","80415455"
"chr3","33031362","33031640","chr19","27045409","27045688","45","5985953"
"chr3","33033501","33033797","chr7","6894852","6895150","36","26138649"
"chr3","33051315","33051633","chr13","18393383","18393690","47","14657932"
"chr3","33087288","33087570","chr10","8026640","8026929","39","25060648"
"chr3","33109870","33110172","chr6","17068239","17068542","37","16041631"
"chr3","33116369","33116664","chr12","29333369","29333657","46","3783000"
"chr3","33127755","33128046","chr4","16350054","16350344","41","16777701"
"chr3","33130521","33130833","chr12","22318360","22318667","37","10812161"
"chr3","33149690","33149977","chr17","63789662","63789953","43","30639972"
"chr3","33152147","33152430","chr6","22876048","22876328","41","10276099"
"chr3","33169908","33170218","chr1","82669756","82670065","32","49499848"
"chr3","33180545","33180849","chr11","43485145","43485437","55","10304600"
"chr3","33192080","33192392","chr10","13210414","13210719","49","19981666"
"chr3","33210863","33211192","chr5","62985188","62985518","60","29774325"
"chr3","33247169","33247479","chrX","15478140","15478450","39","17769029"
"chr3","33263373","33263679","chr17","7637757","7638063","41","25625616"
"chr3","33296060","33296365","chr19","26753276","26753574","41","6542784"
"chr3","33298390","33298718","chr1","129549542","129549867","58","96251152"
"chr3","33310790","33311076","chr22","15382419","15382702","39","17928371"
"chr3","33316062","33316358","chr4","25785590","25785888","42","7530472"
"chr3","33321028","33321339","chr9","103511786","103512094","45","70190758"
"chr3","33340610","33340922","chr9","101796262","101796572","45","68455652"
"chr3","33350434","33350735","chr10","126070729","126071027","42","92720295"
"chr3","33352615","33352928","chr22","13872106","13872416","46","19480509"
"chr3","33363037","33363340","chr1","98572733","98573027","46","65209696"
"chr3","33369037","33369351","chr17","63975680","63975992","39","30606643"
"chr3","33371161","33371470","chr1","181218888","181219189","45","147847727"
"chr3","33379366","33379617","chr9","106988297","106988550","34","73608931"
"chr3","33410790","33411090","chr8","95385992","95386289","41","61975202"
"chr3","33419213","33419344","chr11","110151860","110151990","14","76732647"
"chr3","33424764","33425055","chr10","115125796","115126088","40","81701032"
"chr3","33433062","33433362","chr7","6894852","6895150","36","26538210"
"chr3","33441535","33441728","chr17","64047485","64047681","32","30605950"
"chr3","33479362","33479643","chr2","108895894","108896172","50","75416532"
"chr3","33491432","33491728","chr9","109143507","109143803","47","75652075"
"chr3","33494923","33495210","chr4","16350054","16350344","47","17144869"
"chr3","33513257","33513541","chr11","67036150","67036441","47","33522893"
"chr3","33516387","33516645","chr1","54732766","54733023","37","21216379"
"chr3","33528480","33528789","chr1","168099049","168099352","43","134570569"
"chr3","33533724","33534014","chr1","175669535","175669825","41","142135811"
"chr3","33540775","33541056","chr8","32478813","32479091","47","1061962"
"chr3","33545638","33545923","chrX","29895454","29895743","51","3650184"
"chr3","33549057","33549108","chr4","13737633","13737671","22","19811424"
"chr3","33571347","33571662","chrX","47176701","47177007","48","13605354"
"chr3","33584267","33584565","chr9","36007342","36007651","50","2423075"
"chr3","33597743","33598052","chr17","63975680","63975992","41","30377937"
"chr3","33608998","33609288","chr20","27529242","27529530","41","6079756"
"chr3","33636600","33636900","chr14","16678626","16678927","41","16957974"
"chr3","33651101","33651404","chr11","111117466","111117768","39","77466365"
"chr3","33667130","33667428","chr17","64282000","64282307","43","30614870"
"chr3","33683662","33683953","chr1","168595556","168595859","50","134911894"
"chr3","33726140","33726453","chr5","150153039","150153350","41","116426899"
"chr3","33743658","33743943","chr13","100765708","100765985","41","67022050"
"chr3","33748743","33749051","chr1","137129532","137129843","48","103380789"
"chr3","33762312","33762613","chr4","168156555","168156848","39","134394243"
"chr3","33774452","33774749","chr17","64374927","64375223","38","30600475"
"chr3","33777582","33777873","chr7","31853604","31853897","47","1923978"
"chr3","33785560","33785841","chr5","106682088","106682370","36","72896528"
"chr3","33818098","33818406","chr22","33981676","33981980","42","163578"
"chr3","33835439","33835746","chr17","64432423","64432729","49","30596984"
"chr3","33899361","33899643","chrX","68962815","68963097","38","35063454"
"chr3","33899673","33899683","chr5","92524075","92524085","2","58624402"
"chr3","33978022","33978325","chr12","51884744","51885046","43","17906722"
"chr3","34113327","34113583","chr12","23768258","23768513","44","10345069"
"chr3","34195933","34196241","chrX","107827107","107827417","40","73631174"
"chr3","34223978","34224286","chr2","60819266","60819572","47","26595288"
"chr3","34263828","34264063","chr4","45098246","45098479","34","10834418"
"chr3","34302238","34302543","chr9","11967801","11968108","43","22334437"
"chr3","34612498","34612785","chr6","149644095","149644385","38","115031597"
"chr3","34634583","34634857","chr22","41649645","41649920","44","7015062"
"chr3","34805685","34805976","chr18","4009184","4009472","42","30796501"
"chr3","34834013","34834318","chr1","79808169","79808469","45","44974156"
"chr3","34875260","34875544","chr17","65458238","65458523","49","30582978"
"chr3","34933785","34934085","chr17","65506912","65507200","40","30573127"
"chr3","35100535","35100832","chr19","11933584","11933885","33","23166951"
"chr3","35115318","35115626","chr2","63925527","63925835","47","28810209"
"chr3","35153960","35154249","chr22","47501277","47501564","49","12347317"
"chr3","35242787","35243025","chr5","8597050","8597289","48","26645737"
"chr3","35297065","35297355","chr1","42156505","42156788","43","6859440"
"chr3","35382933","35383229","chr17","65970288","65970583","27","30587355"
"chr3","35576877","35577179","chr11","74360467","74360765","47","38783590"
"chr3","35604752","35605041","chr1","209526500","209526793","42","173921748"
"chr3","35848931","35849224","chr19","36200669","36200962","44","351738"
"chr3","35863449","35863755","chr7","102737006","102737318","45","66873557"
"chr3","35892295","35892591","chr10","27398526","27398820","43","8493769"
"chr3","36075265","36075544","chrX","123603193","123603476","36","87527928"
"chr3","36350485","36350790","chr17","66909121","66909414","42","30558636"
"chr3","36367625","36367938","chr5","146030463","146030773","48","109662838"
"chr3","36448225","36448520","chr7","43577449","43577747","36","7129224"
"chr3","36478485","36478786","chr5","64309139","64309447","51","27830654"
"chr3","36478787","36478927","chr17","67025576","67025710","24","30546789"
"chr3","36503419","36503732","chr17","67049730","67050042","45","30546311"
"chr3","36544195","36544469","chrUn_GL286409","1285513","1285786","33","35258682"
"chr3","36778944","36779222","chr17","67291308","67291579","42","30512364"
"chr3","36793774","36794072","chr11","124429251","124429550","38","87635477"
"chr3","36872119","36872415","chr1","15931085","15931383","43","20941034"
"chr3","36888776","36889053","chr19","45214543","45214823","40","8325767"
"chr3","36913063","36913349","chr4","37824304","37824582","53","911241"
"chr3","36914127","36914439","chr13","18393383","18393690","45","18520744"
"chr3","36916800","36917115","chr5","134608851","134609157","46","97692051"
"chr3","36929147","36929413","chr13","54611683","54611940","54","17682536"
"chr3","36932290","36932573","chr1","181618034","181618324","43","144685744"
"chr3","36942900","36943190","chr13","68600472","68600753","56","31657572"
"chr3","36952342","36952478","chr7","45968721","45968856","18","9016379"
"chr3","36963182","36963513","chr5","96896431","96896755","44","59933249"
"chr3","36983843","36984131","chr17","67462231","67462528","44","30478388"
"chr3","37000310","37000447","chr1","108326226","108326361","20","71325916"
"chr3","37000448","37000736","chr2","56700759","56701042","48","19700311"
"chr3","37000737","37000824","chr2","191280970","191281059","15","154280233"
"chr3","37001953","37002259","chr7","148985140","148985448","45","111983187"
"chr3","37044419","37044683","chr21","38382069","38382333","43","1337650"
"chr3","37052259","37052559","chr9","111187673","111187975","37","74135414"
"chr3","37060291","37060602","chr1","82669756","82670065","50","45609465"
"chr3","37070454","37070739","chr4","16350054","16350344","38","20720400"
"chr3","37095637","37095946","chr17","41472615","41472910","54","4376978"
"chr3","37158325","37158619","chr6","147894727","147895020","32","110736402"
"chr3","37161062","37161375","chrX","45981223","45981523","58","8820161"
"chr3","37191608","37191792","chr13","6099439","6099624","23","31092169"
"chr3","37213602","37213887","chr5","44781148","44781434","49","7567546"
"chr3","37219664","37219958","chr1","200040617","200040903","52","162820953"
"chr3","37238831","37239126","chr15","49359997","49360293","43","12121166"
"chr3","37241323","37241619","chr4","32607236","32607530","44","4634087"
"chr3","37253742","37254031","chr5","57519579","57519877","43","20265837"
"chr3","37258359","37258627","chr1","138060195","138060467","36","100801836"
"chr3","37296567","37296870","chr4","118120643","118120945","42","80824076"
"chr3","37308969","37309262","chr3","45658377","45658667","35","8349408"
"chr3","37314359","37314642","chr6","123443337","123443614","40","86128978"
"chr3","37319399","37319717","chr10","55872616","55872911","58","18553217"
"chr3","37404471","37404767","chr17","67854477","67854762","41","30450006"
"chr3","37408357","37408658","chr5","60529593","60529894","39","23121236"
"chr3","37421295","37421604","chr11","64234338","64234642","42","26813043"
"chr3","37424774","37425085","chr9","11967801","11968108","47","25456973"
"chr3","37431584","37431883","chr1","139317923","139318220","40","101886339"
"chr3","37472857","37473165","chr17","67916024","67916333","44","30443167"
"chr3","37502214","37502514","chr3","150073804","150074104","33","112571590"
"chr3","37514566","37514865","chr2","7209274","7209568","53","30305292"
"chr3","37645287","37645572","chr11","67381884","67382176","44","29736597"
"chr3","37699982","37700283","chr5","38614488","38614784","41","914506"
"chr3","37810420","37810715","chr9","44828899","44829193","33","7018479"
"chr3","37815327","37815624","chr5","25502393","25502687","34","12312934"
"chr3","37818252","37818562","chr13","97340307","97340616","32","59522055"
"chr3","37837327","37837624","chr10","18062344","18062642","40","19774983"
"chr3","37855077","37855380","chr22","33981676","33981980","35","3873401"
"chr3","37857883","37858196","chr3","106655459","106655766","43","68797576"
"chr3","37929831","37930135","chr3","108570361","108570666","39","70640530"
"chr3","38012517","38012816","chr18","8503340","8503640","42","29509177"
"chr3","38033299","38033534","chr9","85212911","85213150","54","47179612"
"chr3","38041988","38042292","chr8","7791823","7792123","38","30250165"
"chr3","38056296","38056609","chr20","12060699","12061007","41","25995597"
"chr3","38145283","38145568","chr10","98486238","98486525","42","60340955"
"chr3","38152308","38152616","chr17","68610381","68610692","45","30458073"
"chr3","38178445","38178777","chr3","8061700","8062016","73","30116745"
"chr3","38262867","38263171","chr6","17068239","17068542","40","21194628"
"chr3","38283549","38283853","chr16","93832586","93832889","42","55549037"
"chr3","38322639","38322918","chr7","58160492","58160776","43","19837853"
"chr3","38332647","38332929","chr19","4188463","4188738","33","34144184"
"chr3","38338461","38338773","chr5","139329461","139329765","40","100991000"
"chr3","38350860","38351199","chr5","125737225","125737535","68","87386365"
"chr3","38377438","38377738","chr3","106655459","106655766","41","68278021"
"chr3","38505673","38505968","chr17","68974299","68974578","53","30468626"
"chr3","38529352","38529639","chrX","118749545","118749828","42","80220193"
"chr3","38558394","38558689","chr12","90198453","90198750","33","51640059"
"chr3","38578877","38578982","chr7","12879902","12880008","12","25698975"
"chr3","38612493","38612771","chr12","18122313","18122592","39","20490180"
"chr3","38811173","38811466","chr6","147894727","147895020","36","109083554"
"chr3","38866207","38866519","chr17","69358056","69358361","38","30491849"
"chr3","38978369","38978656","chrX","118749545","118749828","41","79771176"
"chr3","39012475","39012774","chr2","67481848","67482151","43","28469373"
"chr3","39015749","39016025","chr1","144871896","144872170","42","105856147"
"chr3","39031240","39031522","chr15","27957096","27957370","41","11074144"
"chr3","39031561","39031591","chr10","17789322","17789342","11","21242239"
"chr3","39055205","39055499","chr5","26961498","26961795","32","12093707"
"chr3","39078408","39078718","chr13","31331915","31332215","46","7746493"
"chr3","39093366","39093635","chr4","153251075","153251339","38","114157709"
"chr3","39157007","39157269","chr1","200720848","200721109","42","161563841"
"chr3","39170800","39171098","chr5","94234310","94234606","57","55063510"
"chr3","39194162","39194455","chr11","65163335","65163629","41","25969173"
"chr3","39198002","39198288","chr15","27957096","27957370","44","11240906"
"chr3","39215379","39215665","chr4","46784349","46784637","39","7568970"
"chr3","39216883","39217163","chr5","51512940","51513223","43","12296057"
"chr3","39245641","39245962","chr3","106655459","106655766","45","67409818"
"chr3","39315987","39316283","chr1","167939149","167939445","53","128623162"
"chr3","39345727","39345961","chr3","40597207","40597438","33","1251480"
"chr3","39354769","39355023","chrX","17616439","17616683","41","21738330"
"chr3","39358090","39358401","chr7","71936759","71937063","50","32578669"
"chr3","39384789","39385101","chrX","43348679","43348989","47","3963890"
"chr3","39393003","39393304","chr13","28306155","28306450","43","11086848"
"chr3","39398466","39398730","chr19","36227271","36227528","53","3171195"
"chr3","39403403","39403715","chr2","171112742","171113053","52","131709339"
"chr3","39409185","39409500","chr5","139625946","139626252","57","100216761"
"chr3","39435909","39436187","chr4","155495685","155495965","45","116059776"
"chr3","39445525","39445662","chr16","68359062","68359197","16","28913537"
"chr3","39447419","39447732","chr1","139683851","139684159","41","100236432"
"chr3","39449428","39449563","chrX","47303617","47303753","16","7854189"
"chr3","39451430","39451695","chrX","39387728","39387995","35","63702"
"chr3","39458031","39458341","chr14","945590","945889","52","38512441"
"chr3","39461684","39461985","chr6","17068239","17068542","40","22393445"
"chr3","39592068","39592390","chr4","76873291","76873614","57","37281223"
"chr3","39634330","39634635","chr7","90171236","90171541","38","50536906"
"chr3","39706451","39706744","chr15","41758838","41759130","35","2052387"
"chr3","39799737","39800046","chr11","125799128","125799440","40","85999391"
"chr3","39852807","39853081","chrX","107864085","107864361","40","68011278"
"chr3","39921599","39921903","chr1","168595556","168595859","33","128673957"
"chr3","39945188","39945506","chr4","160766248","160766567","51","120821060"
"chr3","39968241","39968462","chrX","11729705","11729948","50","28238536"
"chr3","40150077","40150390","chr3","84624674","84624979","43","44474597"
"chr3","40247529","40247815","chr17","62591086","62591366","37","22343557"
"chr3","40282969","40283249","chr1","135216932","135217218","48","94933963"
"chr3","40284825","40285122","chr22","15119676","15119973","40","25165149"
"chr3","40335307","40335596","chr11","123371423","123371718","35","83036116"
"chr3","40341316","40341616","chr21","35965645","35965932","52","4375671"
"chr3","40390955","40391262","chr1","184817871","184818171","51","144426916"
"chr3","40421026","40421323","chrX","86580996","86581293","35","46159970"
"chr3","40433214","40433500","chr2","56700759","56701042","45","16267545"
"chr3","40443098","40443367","chr2","15351623","15351899","39","25091475"
"chr3","40460252","40460541","chr2","31372053","31372354","68","9088199"
"chr3","40491945","40492055","chr7","22695493","22695605","19","17796452"
"chr3","40501024","40501206","chr4","156579178","156579353","32","116078154"
"chr3","40501526","40501665","chr1","193332341","193332477","23","152830815"
"chr3","40511673","40511980","chr5","134608851","134609157","40","94097178"
"chr3","40519795","40520141","chr17","70916111","70916417","73","30396316"
"chr3","40533152","40533440","chr18","4009184","4009472","42","36523968"
"chr3","40536106","40536383","chr1","74220289","74220566","44","33684183"
"chr3","40538232","40538523","chr10","55872616","55872911","39","15334384"
"chr3","40548381","40548682","chr1","138414543","138414847","48","97866162"
"chr3","40549938","40550237","chr7","6894852","6895150","40","33655086"
"chr3","40550592","40550892","chr13","57968754","57969046","48","17418162"
"chr3","40619087","40619372","chr6","152497696","152497972","51","111878609"
"chr3","40842175","40842461","chr7","58160492","58160776","42","17318317"
"chr3","40884614","40884920","chr22","32581263","32581567","38","8303351"
"chr3","40890725","40891033","chr21","36464719","36465028","45","4426006"
"chr3","41021113","41021437","chr18","10830546","10830857","50","30190567"
"chr3","41032523","41032826","chr22","6293911","6294211","40","34738612"
"chr3","41268524","41268833","chr10","117620910","117621216","43","76352386"
"chr3","41320635","41320941","chrX","108801817","108802122","40","67481182"
"chr3","41344472","41344781","chr7","130262321","130262624","52","88917849"
"chr3","41420832","41421117","chr13","74491012","74491288","51","33070180"
"chr3","41448878","41449217","chr7","15943860","15944205","54","25505018"
"chr3","41454705","41454967","chr1","175000063","175000324","47","133545358"
"chr3","41467246","41467541","chr5","26961498","26961795","41","14505748"
"chr3","41473380","41473690","chr16","38005025","38005333","39","3468355"
"chr3","41514973","41515279","chr2","7440171","7440473","49","34074802"
"chr3","41599555","41599863","chr9","103532999","103533309","41","61933444"
"chr3","41648852","41649145","chr3","182437924","182438216","50","140789072"
"chr3","41675308","41675619","chr7","106080561","106080866","42","64405253"
"chr3","41702845","41703153","chr10","126696429","126696740","41","84993584"
"chr3","41706546","41706847","chr13","39885762","39886059","33","1820784"
"chr3","41710514","41710809","chr10","14603732","14604030","41","27106782"
"chr3","41726627","41726947","chr17","72150491","72150816","52","30423864"
"chr3","41749201","41749496","chr7","32099825","32100120","40","9649376"
"chr3","41823881","41824182","chr16","27361913","27362210","49","14461968"
"chr3","41837566","41837860","chr4","144984738","144985034","42","103147172"
"chr3","41864990","41865300","chr6","59209406","59209717","43","17344416"
"chr3","41868484","41868787","chr20","26453338","26453637","59","15415146"
"chr3","41879835","41880127","chr7","70755193","70755479","38","28875358"
"chr3","41885688","41885977","chr1","145176527","145176816","49","103290839"
"chr3","41890398","41890700","chr2","858886","859191","33","41031512"
"chr3","41914736","41915002","chr10","101732804","101733077","43","59818068"
"chr3","41923217","41923515","chr4","42309794","42310093","36","386577"
"chr3","41935018","41935182","chr4","34157283","34157451","31","7777735"
"chr3","41935529","41935660","chr10","15838990","15839119","12","26096539"
"chr3","41938396","41938701","chrX","69095527","69095826","49","27157131"
"chr3","41939164","41939459","chr4","16350054","16350344","31","25589110"
"chr3","41942238","41942533","chr1","98572733","98573027","47","56630495"
"chr3","41948170","41948463","chr7","113470784","113471078","44","71522614"
"chr3","41950254","41950542","chr7","58655269","58655556","42","16705015"
"chr3","41966550","41966849","chr22","30202132","30202421","52","11764418"
"chr3","41973743","41974017","chrX","90546446","90546718","45","48572703"
"chr3","41974590","41974836","chr7","65593392","65593633","43","23618802"
"chr3","41979129","41979438","chr9","38591041","38591340","46","3388088"
"chr3","41984020","41984275","chr13","59198364","59198619","40","17214344"
"chr3","41988412","41988723","chr10","21581528","21581830","48","20406884"
"chr3","41990354","41990649","chr14","63484983","63485281","53","21494629"
"chr3","41994100","41994383","chrX","105924911","105925188","39","63930811"
"chr3","42004093","42004391","chr1","135981114","135981413","32","93977021"
"chr3","42006454","42006755","chr11","82219674","82219971","37","40213220"
"chr3","42008131","42008435","chrUn_GL286262","40235","40532","40","41967896"
"chr3","42009317","42009636","chr7","66105076","66105385","53","24095759"
"chr3","42021588","42021874","chr13","20793794","20794087","44","21227794"
"chr3","42030391","42030687","chr12","31122344","31122642","39","10908047"
"chr3","42039368","42039658","chr22","24673181","24673472","39","17366187"
"chr3","42040681","42040977","chr12","4260213","4260507","33","37780468"
"chr3","42054905","42055219","chr7","45344118","45344429","47","3289213"
"chr3","42077285","42077585","chr6","17068239","17068542","39","25009046"
"chr3","42085171","42085468","chr5","3538085","3538378","40","38547086"
"chr3","42096242","42096553","chr5","15342496","15342804","45","26753746"
"chr3","42101990","42102285","chr7","7386371","7386664","38","34715619"
"chr3","42103170","42103474","chr10","22559240","22559536","46","19543930"
"chr3","42119951","42120051","chr1","141245081","141245184","26","99125130"
"chr3","42121825","42122115","chr4","20451278","20451566","44","21670547"
"chr3","42125848","42126143","chr17","72520177","72520465","47","30394329"
"chr3","42141854","42142161","chr7","149873242","149873540","45","107731388"
"chr3","42145204","42145500","chr13","114718297","114718592","39","72573093"
"chr3","42174498","42174866","chr14","44229564","44229931","111","2055066"
"chr3","42181262","42181559","chr9","115637925","115638221","40","73456663"
"chr3","42213055","42213356","chr12","51884744","51885046","47","9671689"
"chr3","42233634","42233932","chr9","111187673","111187975","35","68954039"
"chr3","42294202","42294222","chr10","17789322","17789342","5","24504880"
"chr3","42294254","42294527","chr4","155495685","155495965","41","113201431"
"chr3","42307462","42307759","chrUn_GL286742","7977","8270","39","42299485"
"chr3","42312029","42312332","chr19","6037738","6038039","56","36274291"
"chr3","42323298","42323598","chr2","37164401","37164698","37","5158897"
"chr3","42343145","42343445","chr7","6894852","6895150","42","35448293"
"chr3","42343863","42344156","chr5","132893438","132893729","37","90549575"
"chr3","42350758","42351062","chr5","136750937","136751240","37","94400179"
"chr3","42372925","42373227","chr22","29712245","29712548","44","12660680"
"chr3","42395795","42396088","chr16","1003171","1003460","48","41392624"
"chr3","42426664","42426943","chr10","115591667","115591949","42","73165003"
"chr3","42440581","42440880","chr17","72834004","72834309","39","30393423"
"chr3","42452580","42452814","chr3","175333614","175333851","36","132881034"
"chr3","42465165","42465461","chr2","18360128","18360420","46","24105037"
"chr3","42482931","42483228","chr5","94234310","94234606","39","51751379"
"chr3","42491548","42491874","chr5","128080562","128080880","53","85589014"
"chr3","42496017","42496238","chr3","150170720","150170953","38","107674703"
"chr3","42518457","42518740","chr1","168355505","168355788","37","125837048"
"chr3","42573244","42573547","chr6","17068239","17068542","44","25505005"
"chr3","42586215","42586518","chr20","25091334","25091631","44","17494881"
"chr3","42602746","42603055","chr17","73010167","73010478","57","30407421"
"chr3","42603733","42604036","chr15","22401594","22401899","37","20202139"
"chr3","42608844","42609148","chr3","148625424","148625726","45","106016580"
"chr3","42618439","42618743","chr3","93990955","93991253","54","51372516"
"chr3","42632062","42632370","chrX","47176701","47177007","35","4544639"
"chr3","42649564","42649696","chr10","15838990","15839119","12","26810574"
"chr3","42669201","42669505","chr17","73078934","73079225","44","30409733"
"chr3","42677357","42677629","chr17","73086440","73086712","44","30409083"
"chr3","42710574","42710711","chr12","95065781","95065911","28","52355207"
"chr3","42710965","42711272","chr3","106655459","106655766","44","63944494"
"chr3","42763504","42763805","chr15","49359997","49360293","38","6596493"
"chr3","42781580","42781859","chr1","192281623","192281895","45","149500043"
"chr3","42800045","42800329","chr22","24302889","24303171","41","18497156"
"chr3","42812681","42812988","chrUn_GL286451","397516","397830","41","42415165"
"chr3","42822571","42822843","chr10","16974737","16975008","49","25847834"
"chr3","42830281","42830415","chr8","105529389","105529524","19","62699108"
"chr3","42870009","42870285","chr15","18546825","18547095","46","24323184"
"chr3","42894319","42894583","chr1","197034847","197035133","53","154140528"
"chr3","42930142","42930440","chr7","6894852","6895150","43","36035290"
"chr3","43030002","43030306","chrX","111591699","111591994","49","68561697"
"chr3","43112941","43112999","chr10","103000389","103000448","10","59887448"
"chr3","43140726","43140972","chr7","58675876","58676123","44","15535150"
"chr3","43270509","43270800","chr1","86517809","86518106","47","43247300"
"chr3","43271948","43272244","chr21","3930107","3930406","46","39341841"
"chr3","43295743","43296037","chr11","123371423","123371718","39","80075680"
"chr3","43406906","43407202","chr3","19707105","19707399","31","23699801"
"chr3","43408748","43409035","chr15","19080224","19080505","33","24328524"
"chr3","43412769","43413059","chr14","83433453","83433742","40","40020684"
"chr3","43414968","43415275","chr1","167206672","167206977","44","123791704"
"chr3","43415527","43415841","chr1","173517344","173517653","40","130101817"
"chr3","43419527","43419814","chr17","58504034","58504329","39","15084507"
"chr3","43420941","43421230","chr14","4755988","4756272","43","38664953"
"chr3","43428057","43428349","chr5","38614488","38614784","36","4813569"
"chr3","43475589","43475901","chr1","168595556","168595859","48","125119967"
"chr3","43531612","43531918","chr1","157959927","157960225","41","114428315"
"chr3","43544511","43544820","chr2","129271963","129272269","36","85727452"
"chr3","43573961","43574255","chr15","19242485","19242782","45","24331476"
"chr3","43602344","43602635","chr22","28383777","28384071","42","15218567"
"chr3","43625941","43626233","chr6","17098595","17098886","40","26527346"
"chr3","43626296","43626600","chrX","20415350","20415645","36","23210946"
"chr3","43703183","43703478","chr11","111248785","111249079","42","67545602"
"chr3","43732149","43732449","chr22","7822716","7823014","42","35909433"
"chr3","43750079","43750387","chr1","27883875","27884177","43","15866204"
"chr3","43788574","43788874","chr15","19433168","19433467","34","24355406"
"chr3","43909765","43910084","chr15","19588697","19588998","51","24321068"
"chr3","43933246","43933555","chr8","108764374","108764677","42","64831128"
"chr3","43976408","43976696","chr5","154020351","154020637","46","110043943"
"chr3","44034015","44034338","chrX","52359554","52359880","74","8325539"
"chr3","44068575","44068880","chr15","20913964","20914267","38","23154611"
"chr3","44139163","44139462","chrX","37069161","37069459","36","7070002"
"chr3","44231093","44231394","chr5","47854845","47855147","38","3623752"
"chr3","44235214","44235515","chr8","14799024","14799324","37","29436190"
"chr3","44247653","44247950","chr4","25542330","25542622","40","18705323"
"chr3","44300152","44300447","chr7","19310248","19310549","46","24989904"
"chr3","44356245","44356531","chr1","137376731","137377017","42","93020486"
"chr3","44365335","44365626","chr16","19095327","19095624","38","25270008"
"chr3","44373384","44373677","chr15","20077272","20077573","44","24296112"
"chr3","44402997","44403283","chr19","45166286","45166570","36","763289"
"chr3","44425513","44425824","chr9","66342592","66342903","42","21917079"
"chr3","44431909","44432198","chr2","63953345","63953627","57","19521436"
"chr3","44434131","44434434","chr7","77675842","77676154","65","33241711"
"chr3","44439031","44439337","chr15","20147755","20148050","33","24291276"
"chr3","44453290","44453594","chr3","106655459","106655766","51","62202169"
"chr3","44463846","44464152","chr1","188105254","188105557","51","143641408"
"chr3","44497401","44497699","chr1","184817871","184818171","38","140320470"
"chr3","44520226","44520466","chr12","5128679","5128928","52","39391547"
"chr3","44558243","44558548","chr1","173946844","173947149","42","129388601"
"chr3","44559438","44559726","chr15","20273456","20273746","36","24285982"
"chr3","44601320","44601625","chr22","28997304","28997607","36","15604016"
"chr3","44608586","44608886","chr2","18780256","18780558","42","25828330"
"chr3","44640366","44640677","chr13","84459624","84459931","34","39819258"
"chr3","44705202","44705512","chr4","43074425","43074733","48","1630777"
"chr3","44736571","44736666","chr6","117796397","117796491","14","73059826"
"chr3","44739854","44740162","chr6","17068239","17068542","37","27671615"
"chr3","44746653","44746951","chr20","27529242","27529530","44","17217411"
"chr3","44747834","44748137","chr12","84251198","84251503","49","39503364"
"chr3","44763692","44763987","chr1","143540704","143540993","43","98777012"
"chr3","44765852","44766133","chr4","37824304","37824582","46","6941548"
"chr3","44782040","44782360","chr6","17068239","17068542","55","27713801"
"chr3","44792195","44792488","chr13","100849914","100850206","45","56057719"
"chr3","44801012","44801331","chr17","63625880","63626177","58","18824868"
"chr3","44803852","44804146","chr10","54952513","54952808","46","10148661"
"chr3","44809785","44810072","chr5","2532160","2532447","36","42277625"
"chr3","44832733","44833031","chr1","138049116","138049416","46","93216383"
"chr3","44838462","44838767","chr15","20511555","20511858","41","24326907"
"chr3","44846493","44846792","chr7","43502512","43502814","40","1343981"
"chr3","44877165","44877468","chr15","20547287","20547594","41","24329878"
"chr3","44878500","44878781","chr19","6867541","6867823","42","38010959"
"chr3","44937991","44938287","chr12","31252957","31253248","42","13685034"
"chr3","44998024","44998335","chr11","64363135","64363445","42","19365111"
"chr3","45001172","45001454","chr3","38816960","38817251","44","6184212"
"chr3","45028274","45028586","chr1","184817871","184818171","46","139789597"
"chr3","45044741","45045050","chr13","31331915","31332215","36","13712826"
"chr3","45059648","45059952","chr1","26438423","26438725","38","18621225"
"chr3","45061705","45061978","chrX","90546446","90546718","35","45484741"
"chr3","45072313","45072614","chr20","27822433","27822727","47","17249880"
"chr3","45088201","45088498","chr15","20766694","20767005","51","24321507"
"chr3","45091800","45092094","chr15","20770296","20770585","39","24321504"
"chr3","45102524","45102655","chr9","12145743","12145874","14","32956781"
"chr3","45140919","45141214","chr4","30880097","30880395","35","14260822"
"chr3","45161626","45161908","chr2","80644634","80644911","41","35483008"
"chr3","45178951","45179223","chr7","11634809","11635092","58","33544142"
"chr3","45205975","45206265","chr9","44537673","44537953","46","668302"
"chr3","45208003","45208291","chr12","87671673","87671954","47","42463670"
"chr3","45221003","45221297","chr7","49560480","49560768","42","4339477"
"chr3","45228407","45228709","chr15","20912636","20912943","39","24315771"
"chr3","45264625","45264933","chr4","82226247","82226558","38","36961622"
"chr3","45295046","45295355","chr9","11967801","11968108","47","33327245"
"chr3","45329080","45329387","chr2","31372053","31372354","49","13957027"
"chr3","45332237","45332539","chr14","101174999","101175298","41","55842762"
"chr3","45366977","45367277","chr12","50086166","50086461","55","4719189"
"chr3","45370719","45371012","chr6","88840166","88840450","46","43469447"
"chr3","45379518","45379829","chr5","4793924","4794233","43","40585594"
"chr3","45386870","45387175","chr3","106655459","106655766","42","61268589"
"chr3","45494787","45495077","chr6","147894727","147895020","36","102399940"
"chr3","45504798","45505112","chr9","84417011","84417314","45","38912213"
"chr3","45522449","45522758","chr20","20042650","20042951","48","25479799"
"chr3","45543454","45543763","chr1","168595556","168595859","45","123052102"
"chr3","45569953","45570257","chr9","103532999","103533309","35","57963046"
"chr3","45586557","45586850","chrX","107699455","107699746","30","62112898"
"chr3","45606786","45607093","chr15","21297544","21297844","40","24309242"
"chr3","45608560","45608861","chr5","64708567","64708868","39","19100007"
"chr3","45620506","45620747","chr4","134634648","134634893","44","89014142"
"chr3","45627726","45628029","chr5","94234310","94234606","33","48606584"
"chr3","45654921","45655219","chrX","86580996","86581293","35","40926075"
"chr3","45660434","45660715","chr13","68600472","68600753","47","22940038"
"chr3","45663731","45663868","chr11","109497728","109497848","39","63833997"
"chr3","45664171","45664305","chr2","7551060","7551193","20","38113111"
"chr3","45675248","45675542","chr8","96154152","96154447","40","50478904"
"chr3","45675972","45676255","chr2","18360128","18360420","41","27315844"
"chr3","45680731","45681038","chr10","115707876","115708177","43","70027145"
"chr3","45686665","45686968","chr1","27883875","27884177","40","17802790"
"chr3","45695264","45695560","chr9","109143507","109143803","37","63448243"
"chr3","45699539","45699821","chr1","133189896","133190185","49","87490357"
"chr3","45700648","45700971","chr6","17068239","17068542","52","28632409"
"chr3","45729102","45729384","chr11","15919850","15920134","33","29809252"
"chr3","45750792","45751069","chr9","44537673","44537953","37","1213119"
"chr3","45836373","45836678","chr8","11802937","11803238","47","34033436"
"chr3","45866866","45867171","chr13","31331915","31332215","33","14534951"
"chr3","46241877","46242148","chr5","5286403","5286671","46","40955474"
"chr3","46252170","46252478","chr8","50068578","50068880","45","3816408"
"chr3","46307939","46308218","chrX","123830034","123830308","43","77522095"
"chr3","46309971","46310256","chr10","44777832","44778120","42","1532139"
"chr3","46341423","46341672","chr5","60782424","60782673","33","14441001"
"chr3","46367569","46367871","chr8","25827666","25827972","50","20539903"
"chr3","46479544","46479827","chr5","41236817","41237096","42","5242727"
"chr3","46514868","46515161","chr5","38614488","38614784","38","7900380"
"chr3","46584377","46584684","chr2","18780256","18780558","42","27804121"
"chr3","46734403","46734708","chr11","118075028","118075334","41","71340625"
"chr3","46766952","46767255","chr5","58001732","58002036","40","11234780"
"chr3","46770326","46770627","chr5","60529593","60529894","40","13759267"
"chr3","46848009","46848311","chr7","10120794","10121094","42","36727215"
"chr3","46880468","46880756","chr13","31584586","31584873","58","15295882"
"chr3","46914499","46914632","chr1","172218988","172219121","20","125304489"
"chr3","46914921","46915068","chr1","199296013","199296162","35","152381092"
"chr3","46915131","46915141","chr5","92524075","92524085","1","45608944"
"chr3","46924563","46924815","chr7","124866785","124867033","44","77942222"
"chr3","46924844","46924865","chr10","17789322","17789342","6","29135522"
"chr3","46928016","46928252","chr7","51402860","51403105","44","4474844"
"chr3","46975831","46976145","chr2","63925527","63925835","45","16949696"
"chr3","47033961","47034041","chr10","21758761","21758841","17","25275200"
"chr3","47036273","47036515","chr7","154106865","154107107","44","107070592"
"chr3","47050724","47051032","chr22","15341421","15341725","41","31709303"
"chr3","47059142","47059415","chr14","69098561","69098837","39","22039419"
"chr3","47084427","47084724","chr5","10038314","10038610","34","37046113"
"chr3","47113555","47113844","chr5","130983695","130983982","49","83870140"
"chr3","47114597","47114898","chr6","17068239","17068542","37","30046358"
"chr3","47115659","47115945","chr6","130906435","130906726","42","83790776"
"chr3","47125037","47125353","chr12","22318360","22318667","47","24806677"
"chr3","47126037","47126309","chr5","24228615","24228892","43","22897422"
"chr3","47134635","47134923","chr5","84826899","84827194","45","37692264"
"chr3","47138275","47138434","chr13","51993401","51993559","32","4855126"
"chr3","47138721","47138840","chr20","35398218","35398329","17","11740503"
"chr3","47167692","47168008","chr3","106655459","106655766","47","59487767"
"chr3","47171347","47171637","chr2","37096231","37096518","40","10075116"
"chr3","47177229","47177533","chr8","117209200","117209502","43","70031971"
"chr3","47179406","47179704","chr14","43386246","43386546","43","3793160"
"chr3","47190925","47191236","chr7","53651921","53652230","36","6460996"
"chr3","47194868","47195178","chr6","17068239","17068542","43","30126629"
"chr3","47203605","47203910","chr2","8957058","8957360","47","38246547"
"chr3","47211699","47211997","chr7","41873412","41873710","42","5338287"
"chr3","47216979","47217291","chr11","125799128","125799440","42","78582149"
"chr3","47224256","47224563","chr5","99878206","99878512","52","52653950"
"chr3","47229738","47230032","chr5","94234310","94234606","36","47004572"
"chr3","47231436","47231720","chr10","101732804","101733077","49","54501368"
"chr3","47234553","47234855","chr7","103328929","103329224","37","56094376"
"chr3","47251284","47251581","chr1","100660248","100660553","36","53408964"
"chr3","47268941","47269073","chr22","16588786","16588917","16","30680155"
"chr3","47287482","47287784","chr22","32423331","32423634","41","14864151"
"chr3","47307082","47307372","chr1","183328103","183328393","37","136021021"
"chr3","47317887","47318166","chr7","113470784","113471078","57","66152897"
"chr3","47325936","47326247","chr22","40503125","40503432","36","6822811"
"chr3","47330731","47331031","chrX","51320913","51321212","37","3990182"
"chr3","47335495","47335807","chr12","12071873","12072177","41","35263622"
"chr3","47353792","47354090","chr10","22559240","22559536","38","24794552"
"chr3","47377717","47378018","chr2","31372053","31372354","41","16005664"
"chr3","47385395","47385684","chr14","88549687","88549974","47","41164292"
"chr3","47396292","47396593","chr2","9018638","9018935","41","38377654"
"chr3","47398014","47398306","chr4","41546974","41547260","42","5851040"
"chr3","47402272","47402579","chr9","11967801","11968108","46","35434471"
"chr3","47439127","47439422","chr20","27822433","27822727","41","19616694"
"chr3","47444480","47444774","chr1","75821885","75822175","49","28377405"
"chr3","47447122","47447407","chr15","23099019","23099309","52","24348103"
"chr3","47450000","47450297","chr10","16033492","16033786","35","31416508"
"chr3","47469066","47469354","chr5","108656413","108656709","43","61187347"
"chr3","47469366","47469658","chr4","42309794","42310093","45","5159572"
"chr3","47471869","47472131","chr15","23121291","23121549","45","24350578"
"chr3","47481283","47481560","chr2","80644634","80644911","35","33163351"
"chr3","47488510","47488792","chr3","106705197","106705482","46","59216687"
"chr3","47497335","47497628","chr5","65031296","65031585","38","17533961"
"chr3","47502128","47502439","chr3","2808599","2808903","43","44693529"
"chr3","47516564","47516826","chr9","40913684","40913950","35","6602880"
"chr3","47519992","47520135","chr4","34158060","34158202","18","13361932"
"chr3","47520433","47520601","chrX","106480049","106480214","34","58959616"
"chr3","47521741","47522049","chr15","23222051","23222351","42","24299690"
"chr3","47525267","47525576","chr15","23225132","23225433","40","24300135"
"chr3","47526542","47526843","chr22","2239058","2239365","41","45287484"
"chr3","47539737","47540047","chr19","25591314","25591622","44","21948423"
"chr3","47554054","47554356","chr8","108764374","108764677","39","61210320"
"chr3","47556190","47556480","chr5","76517538","76517828","43","28961348"
"chr3","47563556","47563848","chr4","156698023","156698319","50","109134467"
"chr3","47575144","47575274","chr7","97443674","97443803","9","49868530"
"chr3","47592820","47593126","chr5","110862498","110862806","46","63269678"
"chr3","47593193","47593471","chr2","5237615","5237899","45","42355578"
"chr3","47598548","47598851","chr1","168595556","168595859","46","120997008"
"chr3","47628582","47628844","chr5","81509809","81510063","49","33881227"
"chr3","47642309","47642592","chr4","16350054","16350344","40","31292255"
"chr3","47655415","47655711","chr10","79260599","79260888","48","31605184"
"chr3","47670904","47671198","chr22","15341421","15341725","51","32329483"
"chr3","47673103","47673395","chr7","10135273","10135562","67","37537830"
"chr3","47679580","47679891","chr8","106281938","106282251","43","58602358"
"chr3","47694319","47694620","chr5","86230872","86231167","45","38536553"
"chr3","47697303","47697601","chr2","7390420","7390713","41","40306883"
"chr3","47700512","47700824","chr12","79143458","79143759","49","31442946"
"chr3","47707029","47707332","chr22","38902466","38902763","49","8804563"
"chr3","47726928","47727224","chr19","27628150","27628442","43","20098778"
"chr3","47728079","47728387","chr9","99455195","99455505","43","51727116"
"chr3","47729903","47730195","chr2","171330283","171330586","49","123600380"
"chr3","47749042","47749305","chr7","137583353","137583632","51","89834311"
"chr3","47760032","47760330","chr7","40960117","40960419","48","6799915"
"chr3","47760851","47761155","chr3","2808599","2808903","40","44952252"
"chr3","47771466","47771748","chr12","106941951","106942238","49","59170485"
"chr3","47775866","47776165","chr5","110918761","110919060","39","63142895"
"chr3","47776320","47776605","chr20","27822433","27822727","50","19953887"
"chr3","47785081","47785375","chr9","110213618","110213912","50","62428537"
"chr3","47787191","47787478","chr7","60669448","60669733","40","12882257"
"chr3","47787482","47787624","chr4","107344728","107344872","53","59557246"
"chr3","47788585","47788688","chr5","110026400","110026508","19","62237815"
"chr3","47788984","47789215","chr5","157786560","157786774","53","109997576"
"chr3","47801040","47801335","chr11","123371423","123371718","42","75570383"
"chr3","47812276","47812571","chr4","43311502","43311796","37","4500774"
"chr3","47812659","47812954","chr2","10593959","10594242","42","37218700"
"chr3","47814144","47814454","chr19","43463036","43463348","50","4351108"
"chr3","47820909","47821255","chrX","54042971","54043307","67","6222062"
"chr3","47834101","47834403","chr13","39885762","39886059","42","7948339"
"chr3","47856454","47856726","chrUn_GL286397","204143","204413","45","47652311"
"chr3","47860942","47861078","chr1","171773189","171773324","17","123912247"
"chr3","47861699","47861886","chrX","128210614","128210799","35","80348915"
"chr3","47878547","47878837","chr3","150894105","150894396","39","103015558"
"chr3","47904680","47904969","chr2","5946951","5947237","49","41957729"
"chr3","47917848","47918013","chr11","73238953","73239132","47","25321105"
"chr3","47918279","47918419","chr12","50418916","50419049","18","2500637"
"chr3","47920330","47920540","chr5","125340776","125340987","31","77420446"
"chr3","47929071","47929348","chr22","41649645","41649920","37","6279426"
"chr3","47938090","47938385","chr12","4260213","4260507","41","43677877"
"chr3","47959866","47960160","chr5","26961498","26961795","40","20998368"
"chr3","47974144","47974434","chr15","23702499","23702791","35","24271645"
"chr3","47981488","47981780","chr6","147894727","147895020","41","99913239"
"chr3","47982897","47983203","chr5","26961498","26961795","54","21021399"
"chr3","48001565","48001800","chr22","31518540","31518771","33","16483025"
"chr3","48011265","48011568","chr1","194635066","194635353","63","146623801"
"chr3","48016779","48017077","chr6","147894727","147895020","41","99877948"
"chr3","48020052","48020181","chr13","28207770","28207902","12","19812282"
"chr3","48034421","48034716","chr7","15853091","15853389","44","32181330"
"chr3","48044483","48044797","chr5","2000849","2001153","50","46043634"
"chr3","48071644","48071931","chr15","23802323","23802601","48","24269321"
"chr3","48071939","48072197","chr15","17155814","17156077","53","30916125"
"chr3","48072949","48073213","chr5","51681943","51682227","49","3608994"
"chr3","48075243","48075537","chr10","99341389","99341684","42","51266146"
"chr3","48079373","48079669","chr4","156698023","156698319","41","108618650"
"chr3","48086355","48086657","chr5","2298333","2298635","50","45788022"
"chr3","48089616","48089894","chr7","53910519","53910802","45","5820903"
"chr3","48096252","48096557","chr5","99799393","99799697","50","51703141"
"chr3","48099492","48099808","chr1","168595556","168595859","41","120496064"
"chr3","48108536","48108825","chr2","170651743","170652040","52","122543207"
"chr3","48108834","48109125","chr5","79752580","79752868","40","31643746"
"chr3","48117931","48118234","chr8","50068578","50068880","43","1950647"
"chr3","48122877","48123179","chr3","153217268","153217573","44","105094391"
"chr3","48131509","48131586","chr18","14863403","14863480","11","33268106"
"chr3","48134066","48134359","chrX","39866052","39866340","39","8268014"
"chr3","48156893","48156997","chr3","111214675","111214780","22","63057782"
"chr3","48161795","48162079","chr8","32478813","32479091","41","15682982"
"chr3","48226022","48226293","chr7","64112691","64112966","43","15886669"
"chr3","48231454","48231767","chr2","171330283","171330586","55","123098829"
"chr3","48236027","48236108","chr3","3695784","3695862","12","44540243"
"chr3","48246031","48246306","chr12","24025253","24025538","51","24220778"
"chr3","48246986","48247273","chr7","79364610","79364894","50","31117624"
"chr3","48250916","48251050","chr1","108326226","108326361","16","60075310"
"chr3","48253945","48254276","chr13","96649780","96650106","76","48395835"
"chr3","48255177","48255475","chr13","39885762","39886059","41","8369415"
"chr3","48259672","48259937","chr4","88162872","88163136","52","39903200"
"chr3","48260414","48260708","chr6","17724674","17724965","37","30535740"
"chr3","48280360","48280640","chr10","130020448","130020724","44","81740088"
"chr3","48281251","48281367","chr5","108582680","108582799","11","60301429"
"chr3","48315439","48315747","chr4","82226247","82226558","42","33910808"
"chr3","48330237","48330511","chr4","110973858","110974125","42","62643621"
"chr3","48337411","48337716","chr6","17068239","17068542","40","31269172"
"chr3","48340574","48340861","chr1","42156505","42156788","45","6184069"
"chr3","48340991","48341288","chr19","42079978","42080278","40","6261013"
"chr3","48346553","48346857","chr19","26467351","26467655","40","21879202"
"chr3","48374330","48374627","chr21","32861641","32861942","43","15512689"
"chr3","48389374","48389675","chr15","24041009","24041310","33","24348365"
"chr3","48400378","48400637","chr12","4286115","4286374","37","44114263"
"chr3","48441350","48441482","chr4","44250810","44250941","15","4190540"
"chr3","48442958","48443265","chr5","78562869","78563170","42","30119911"
"chr3","48454857","48455161","chrX","47176701","47177007","40","1278156"
"chr3","48455839","48456130","chr22","29856977","29857273","38","18598862"
"chr3","48471917","48472203","chr14","46399012","46399299","53","2072905"
"chr3","48495869","48496004","chr7","66526062","66526197","17","18030193"
"chr3","48496309","48496367","chr10","34319574","34319626","12","14176735"
"chr3","48514267","48514563","chr1","148395182","148395475","38","99880915"
"chr3","48530686","48531006","chr14","60435327","60435639","49","11904641"
"chr3","48610287","48610395","chr15","33996219","33996331","13","14614068"
"chr3","48625080","48625337","chr2","17003008","17003267","45","31622072"
"chr3","48665507","48665620","chr10","103182969","103183081","10","54517462"
"chr3","48667072","48667214","chr4","8753868","8754005","23","39913204"
"chr3","48667516","48667691","chr3","53757892","53758068","38","5090376"
"chr3","48675549","48675845","chr3","45658377","45658667","40","3017172"
"chr3","48691534","48691793","chr5","153518826","153519079","46","104827292"
"chr3","48698470","48698772","chr10","121837888","121838185","41","73139418"
"chr3","48703810","48704140","chr21","20374194","20374520","54","28329616"
"chr3","48714216","48714366","chrX","16015193","16015343","20","32699023"
"chr3","48720082","48720439","chr9","88404524","88404850","81","39684442"
"chr3","48740883","48741180","chr1","172257719","172258009","38","123516836"
"chr3","48757641","48757773","chr6","49139510","49139640","16","381869"
"chr3","48758109","48758284","chr19","781258","781429","36","47976851"
"chr3","48764627","48764923","chr12","107488690","107488986","37","58724063"
"chr3","48768416","48768723","chr6","17068239","17068542","43","31700177"
"chr3","48768818","48769119","chr20","22923582","22923882","43","25845236"
"chr3","48780969","48781285","chr2","7736700","7736996","53","41044269"
"chr3","48781348","48781508","chr10","100550541","100550700","28","51769193"
"chr3","48781811","48781945","chr1","200983750","200983884","18","152201939"
"chr3","48782435","48782755","chr1","15931085","15931383","60","32851350"
"chr3","48785092","48785258","chr22","2626133","2626298","26","46158959"
"chr3","48785560","48785696","chr4","26022910","26023045","14","22762650"
"chr3","48788332","48788470","chr13","28207770","28207902","20","20580562"
"chr3","48797180","48797424","chrX","106769094","106769337","42","57971914"
"chr3","48808611","48808816","chr15","24496015","24496221","31","24312596"
"chr3","48808875","48809080","chr15","24496015","24496221","31","24312860"
"chr3","48809309","48809623","chr20","37760668","37760977","48","11048641"
"chr3","48821945","48822231","chr11","117439378","117439668","49","68617433"
"chr3","48824663","48824966","chr4","166282997","166283293","43","117458334"
"chr3","48828823","48829134","chr7","45344118","45344429","43","3484705"
"chr3","48834910","48834969","chr1","43062333","43062398","18","5772577"
"chr3","48834970","48835270","chr2","12828952","12829252","46","36006018"
"chr3","48835271","48835359","chr9","20100459","20100548","24","28734812"
"chr3","48835659","48835798","chr1","156273170","156273314","28","107437511"
"chr3","48853106","48853415","chr4","21748719","21749015","42","27104387"
"chr3","48855465","48855755","chr15","20770296","20770585","34","28085169"
"chr3","48870118","48870347","chr10","117816440","117816669","34","68946322"
"chr3","48872139","48872429","chr5","94234310","94234606","39","45362171"
"chr3","48874765","48875081","chr12","115383799","115384092","63","66509034"
"chr3","48904110","48904396","chr12","106941951","106942238","42","58037841"
"chr3","48913195","48913483","chr10","83109528","83109819","38","34196333"
"chr3","48921428","48921732","chr5","52711764","52712072","59","3790336"
"chr3","48954917","48955218","chr2","18780256","18780558","46","30174661"
"chr3","48964016","48964306","chr5","120946411","120946698","54","71982395"
"chr3","48964319","48964614","chr14","82722518","82722814","35","33758199"
"chr3","48965679","48965973","chr5","26961498","26961795","43","22004181"
"chr3","48980797","48981042","chr14","33885170","33885411","31","15095627"
"chr3","48992324","48992621","chr9","91425073","91425372","41","42432749"
"chr3","49023663","49023958","chr12","28553718","28554019","44","20469945"
"chr3","49039778","49040089","chr13","84459624","84459931","40","35419846"
"chr3","49040974","49041270","chr3","184404722","184405010","47","135363748"
"chr3","49045902","49046218","chr21","35849518","35849828","49","13196384"
"chr3","49048902","49049203","chr5","26961498","26961795","46","22087404"
"chr3","49058332","49058612","chr12","53435644","53435924","48","4377312"
"chr3","49060849","49061164","chr18","39712282","39712591","54","9348567"
"chr3","49062373","49062657","chr1","77941930","77942215","49","28879557"
"chr3","49065139","49065445","chr12","100785810","100786105","46","51720671"
"chr3","49066003","49066318","chr4","33395416","33395722","64","15670587"
"chr3","49068627","49068930","chr5","94234310","94234606","47","45165683"
"chr3","49071485","49071630","chr20","22690694","22690831","28","26380791"
"chr3","49072049","49072300","chr1","141368780","141369029","46","92296731"
"chr3","49075659","49075952","chr2","59575387","59575683","68","10499728"
"chr3","49097352","49097484","chr11","16457713","16457822","31","32639639"
"chr3","49100774","49101039","chr13","40220299","40220569","56","8880475"
"chr3","49105375","49105682","chr9","8886595","8886904","37","40218780"
"chr3","49161051","49161357","chr5","97059733","97060033","57","47898682"
"chr3","49179992","49180260","chrX","39387728","39387995","39","9792264"
"chr3","49184315","49184619","chr17","46251571","46251874","52","2932744"
"chr3","49184627","49184928","chr11","96814317","96814618","46","47629690"
"chr3","49188786","49188961","chr10","112554522","112554695","36","63365736"
"chr3","49189269","49189409","chr17","52749755","52749887","18","3560486"
"chr3","49205332","49205559","chr5","56733881","56734112","47","7528549"
"chr3","49206332","49206528","chr4","14916054","14916252","27","34290278"
"chr3","49209353","49209646","chr15","24894511","24894810","41","24314842"
"chr3","49219040","49219139","chr1","101156888","101156994","16","51937848"
"chr3","49265212","49265321","chr11","16457713","16457822","10","32807499"
"chr3","49267707","49267987","chr14","80075870","80076151","34","30808163"
"chr3","49268771","49269067","chr14","82836814","82837111","40","33568043"
"chr3","49270535","49270822","chr3","106705197","106705482","41","57434662"
"chr3","49275119","49275383","chr19","17540163","17540446","50","31734956"
"chr3","49282707","49283006","chr6","17068239","17068542","43","32214468"
"chr3","49287482","49287770","chr4","16350054","16350344","44","32937428"
"chr3","49290148","49290420","chr9","102546701","102546970","55","53256553"
"chr3","49299964","49300256","chr12","100785810","100786105","54","51485846"
"chr3","49303751","49304052","chr2","142396917","142397218","42","93093166"
"chr3","49307166","49307430","chr15","24990613","24990862","31","24316553"
"chr3","49316292","49316616","chr7","153212018","153212354","58","103895726"
"chr3","49319631","49319913","chr3","111524504","111524785","44","62204873"
"chr3","49321712","49322015","chr6","17068239","17068542","42","32253473"
"chr3","49326035","49326327","chr5","67198181","67198473","43","17872146"
"chr3","49328578","49328888","chr13","31331915","31332215","44","17996663"
"chr3","49332567","49332679","chrX","101129918","101130030","9","51797351"
"chr3","49350393","49350641","chr15","25031731","25031974","28","24318662"
"chr3","49352062","49352338","chrUn_GL286397","204143","204413","49","49147919"
"chr3","49377311","49377623","chr12","27257719","27258031","63","22119592"
"chr3","49390801","49390936","chr6","139231067","139231202","14","89840266"
"chr3","49391243","49391412","chr9","107746034","107746206","34","58354791"
"chr3","49394349","49394650","chr4","15705730","15706030","44","33688619"
"chr3","49398079","49398361","chr7","100745740","100746024","51","51347661"
"chr3","49427355","49427667","chr5","7574884","7575188","46","41852471"
"chr3","49435944","49436285","chr7","47789289","47789628","75","1646655"
"chr3","49438505","49438809","chr4","36904943","36905240","34","12533562"
"chr3","49438847","49439128","chr19","16281211","16281488","37","33157636"
"chr3","49475407","49475582","chr1","84092964","84093133","32","34617557"
"chr3","49477985","49478298","chrX","92444036","92444345","51","42966051"
"chr3","49486876","49487189","chr20","12401994","12402298","53","37084882"
"chr3","49538016","49538304","chr11","97658809","97659082","55","48120793"
"chr3","49574627","49574936","chr1","168595556","168595859","47","119020929"
"chr3","49577529","49577834","chr9","45396887","45397186","42","4180642"
"chr3","49582987","49583266","chr15","37619139","37619418","41","11963848"
"chr3","49590824","49591093","chr10","8638518","8638790","53","40952306"
"chr3","49602446","49602744","chr2","18780256","18780558","35","30822190"
"chr3","49613482","49613806","chr18","24946123","24946440","53","24667359"
"chr3","49620707","49620955","chr18","7647340","7647583","54","41973367"
"chr3","49624301","49624598","chr15","5688723","5689022","33","43935578"
"chr3","49634413","49634691","chr18","24993474","24993748","50","24640939"
"chr3","49640486","49640799","chr15","25357938","25358249","34","24282548"
"chr3","49762780","49763089","chr7","43575304","43575597","54","6187476"
"chr3","49776235","49776548","chr5","134608851","134609157","49","84832616"
"chr3","49818472","49818780","chr3","152941248","152941549","43","103122776"
"chr3","49824167","49824305","chr6","17516097","17516229","24","32308070"
"chr3","49824894","49824943","chr2","29385613","29385662","13","20439281"
"chr3","49826880","49827171","chr5","96441121","96441410","47","46614241"
"chr3","49836209","49836520","chr10","117620910","117621216","44","67784701"
"chr3","49838606","49838898","chr6","117785921","117786212","36","67947315"
"chr3","49846899","49847180","chr4","154744523","154744801","42","104897624"
"chr3","49848850","49849144","chr4","156698023","156698319","32","106849173"
"chr3","49885820","49886123","chr8","84523546","84523843","38","34637726"
"chr3","49906955","49907258","chr2","171032147","171032451","41","121125192"
"chr3","49913661","49913918","chr1","165214555","165214810","42","115300894"
"chr3","49930379","49930666","chrX","11075052","11075349","49","38855327"
"chr3","49942615","49942881","chr2","72246490","72246757","48","22303875"
"chr3","49946540","49946834","chr5","84826899","84827194","37","34880359"
"chr3","49950474","49950773","chr7","80905976","80906275","42","30955502"
"chr3","49951545","49951717","chr1","117137554","117137714","40","67186009"
"chr3","49952021","49952035","chr5","92524075","92524085","5","42572054"
"chr3","49952329","49952464","chr1","149093423","149093554","21","99141094"
"chr3","49961875","49962171","chr2","124999516","124999816","56","75037641"
"chr3","49963896","49964203","chr5","77976326","77976624","52","28012430"
"chr3","49969941","49970240","chr6","109618442","109618737","56","59648501"
"chr3","49993370","49993655","chr5","65031296","65031585","43","15037926"
"chr3","50034133","50034283","chr22","39692928","39693078","23","10341205"
"chr3","50034480","50034770","chr15","16987426","16987718","35","33047054"
"chr3","50043203","50043499","chr1","98572733","98573027","41","48529530"
"chr3","50048812","50049100","chr13","44376364","44376651","38","5672448"
"chr3","50063620","50063860","chrX","11729705","11729948","37","38333915"
"chr3","50066903","50067212","chr22","28997304","28997607","42","21069599"
"chr3","50081009","50081319","chr7","94417787","94418092","51","44336778"
"chr3","50081955","50082257","chrUn_GL286451","157235","157528","38","49924720"
"chr3","50094915","50095214","chrX","11722716","11723009","40","38372199"
"chr3","50111433","50111673","chr1","204054205","204054451","42","153942772"
"chr3","50114890","50115183","chrUn_GL286373","774155","774446","42","49340735"
"chr3","50145672","50145969","chr20","29549977","29550272","38","20595695"
"chr3","50149040","50149342","chr7","6894852","6895150","46","43254188"
"chr3","50177740","50177874","chr1","171773189","171773324","16","121595449"
"chr3","50178439","50178735","chr7","103328929","103329224","33","53150490"
"chr3","50179317","50179625","chr18","39712282","39712591","47","10467035"
"chr3","50187145","50187450","chr1","198375259","198375567","55","148188114"
"chr3","50207305","50207617","chr15","25922949","25923264","41","24284356"
"chr3","50244026","50244327","chr7","10120794","10121094","34","40123232"
"chr3","50247953","50248262","chr12","31252957","31253248","47","18994996"
"chr3","50282603","50282904","chr18","8503340","8503640","43","41779263"
"chr3","50284754","50285048","chr10","128244649","128244945","37","77959895"
"chr3","50285357","50285663","chr18","9790500","9790798","45","40494857"
"chr3","50307086","50307389","chr4","82226247","82226558","45","31919161"
"chr3","50333481","50333779","chr7","6894852","6895150","42","43438629"
"chr3","50335619","50335904","chr4","71878866","71879155","53","21543247"
"chr3","50346230","50346524","chr20","23248359","23248652","37","27097871"
"chr3","50362250","50362562","chr3","106655459","106655766","41","56293209"
"chr3","50413565","50413865","chr5","23380593","23380893","42","27032972"
"chr3","50461457","50461775","chrX","93042255","93042549","67","42580798"
"chr3","50462103","50462387","chr19","22748565","22748846","47","27713538"
"chr3","50462447","50462457","chr5","92524075","92524085","3","42061628"
"chr3","50523016","50523308","chr5","26961498","26961795","43","23561518"
"chr3","50545421","50545728","chr2","154533489","154533792","42","103988068"
"chr3","50661202","50661521","chr22","33981676","33981980","53","16679526"
"chr3","50663822","50664126","chr9","8886595","8886904","37","41777227"
"chr3","50670670","50670969","chr22","29856977","29857273","44","20813693"
"chr3","50680200","50680512","chr7","102737006","102737318","50","52056806"
"chr3","50682657","50682935","chr9","44537673","44537953","38","6144984"
"chr3","50683874","50683963","chr12","116071997","116072083","11","65388123"
"chr3","50696928","50697230","chr12","22817671","22817967","44","27879257"
"chr3","50702367","50702668","chr15","82716430","82716726","45","32014063"
"chr3","50704626","50704928","chr16","61261331","61261629","45","10556705"
"chr3","50717624","50717924","chr7","145693234","145693534","43","94975610"
"chr3","50735332","50735636","chr6","135098116","135098421","46","84362784"
"chr3","50747582","50747873","chrX","122263986","122264274","34","71516404"
"chr3","50752534","50752791","chr4","36012655","36012906","48","14739879"
"chr3","50757164","50757470","chr6","17068239","17068542","42","33688925"
"chr3","50764932","50765041","chr5","62934145","62934254","21","12169213"
"chr3","50765073","50765383","chr5","94532768","94533076","39","43767695"
"chr3","50819681","50819988","chr15","26562213","26562515","41","24257468"
"chr3","50827951","50828222","chr4","13548026","13548304","46","37279925"
"chr3","50844941","50845231","chr13","63797022","63797318","51","12952081"
"chr3","50847602","50847903","chr12","28553718","28554019","45","22293884"
"chr3","50925825","50926097","chr8","32901710","32901981","40","18024115"
"chr3","51157262","51157545","chr14","63994771","63995061","42","12837509"
"chr3","51215113","51215430","chr16","54234657","54234959","60","3019544"
"chr3","51229169","51229466","chr20","29549977","29550272","36","21679192"
"chr3","51231122","51231426","chr1","26088103","26088403","37","25143019"
"chr3","51233362","51233664","chr19","4837928","4838225","39","46395434"
"chr3","51260704","51261010","chr18","8022025","8022330","42","43238679"
"chr3","51288113","51288412","chr2","171330283","171330586","42","120042170"
"chr3","51344339","51344631","chr15","27110344","27110643","38","24233995"
"chr3","51419079","51419373","chr4","16350054","16350344","35","35069025"
"chr3","51426216","51426509","chr7","86196529","86196823","42","34770313"
"chr3","51431236","51431538","chr2","60819266","60819572","42","9388030"
"chr3","51436984","51437294","chr9","108884514","108884816","53","57447530"
"chr3","51440626","51440924","chr17","69075766","69076065","38","17635140"
"chr3","51444376","51444651","chr7","64112691","64112966","38","12668315"
"chr3","51447125","51447437","chr9","18482542","18482852","48","32964583"
"chr3","51462141","51462447","chr6","17068239","17068542","46","34393902"
"chr3","51469739","51470029","chr4","16350054","16350344","41","35119685"
"chr3","51473811","51474108","chr14","39054710","39055003","44","12419101"
"chr3","51489153","51489453","chr7","60725740","60726038","47","9236587"
"chr3","51491569","51491865","chr5","38201290","38201586","44","13290279"
"chr3","51510176","51510470","chr1","172257719","172258009","38","120747543"
"chr3","51520890","51521183","chr5","79752580","79752868","30","28231690"
"chr3","51529661","51529969","chr4","107659856","107660165","42","56130195"
"chr3","51544619","51544900","chr2","792358","792641","46","50752261"
"chr3","51551441","51551734","chr15","5688723","5689022","40","45862718"
"chr3","51581130","51581392","chrX","107074395","107074658","44","55493265"
"chr3","51589988","51590289","chr6","17068239","17068542","38","34521749"
"chr3","51599549","51599917","chr4","34160473","34160804","92","17439076"
"chr3","51660965","51661261","chr10","89487563","89487852","43","37826598"
"chr3","51667166","51667463","chr12","22817671","22817967","40","28849495"
"chr3","51724801","51725110","chr6","17068239","17068542","43","34656562"
"chr3","51736824","51737130","chr20","35275825","35276127","45","16460999"
"chr3","51768894","51769036","chr22","7803329","7803480","33","43965565"
"chr3","51804159","51804446","chr4","156132136","156132428","49","104327977"
"chr3","51865585","51865890","chr15","27608743","27609042","36","24256842"
"chr3","51870746","51871040","chr15","27611732","27612017","30","24259014"
"chr3","51871562","51871847","chr10","22594623","22594907","44","29276939"
"chr3","51909531","51909825","chr1","168595556","168595859","39","116686025"
"chr3","51911006","51911322","chr5","19163464","19163772","44","32747542"
"chr3","51939975","51940272","chr15","27686436","27686729","32","24253539"
"chr3","52009865","52010138","chr2","80644634","80644911","46","28634769"
"chr3","52073183","52073487","chr15","22401594","22401899","33","29671589"
"chr3","52128998","52129301","chr22","40503125","40503432","40","11625873"
"chr3","52132764","52133069","chr13","40647866","40648175","39","11484898"
"chr3","52167967","52168267","chr7","60725740","60726038","43","8557773"
"chr3","52168371","52168667","chr20","38138645","38138944","37","14029726"
"chr3","52177991","52178290","chr5","94234310","94234606","41","42056319"
"chr3","52179428","52179603","chr4","34157283","34157451","37","18022145"
"chr3","52179910","52180046","chr5","100373873","100374007","17","48193963"
"chr3","52199813","52200115","chr15","27940173","27940478","42","24259640"
"chr3","52203259","52203560","chr18","8503340","8503640","45","43699919"
"chr3","52216233","52216532","chr22","40230801","40231098","35","11985432"
"chr3","52217642","52217954","chr11","20891472","20891775","41","31326170"
"chr3","52244585","52244868","chr7","100745740","100746024","42","48501155"
"chr3","52250808","52251109","chr5","79095697","79095984","51","26844889"
"chr3","52252006","52252310","chr15","27996553","27996840","47","24255453"
"chr3","52282666","52282965","chr15","28025909","28026212","43","24256757"
"chr3","52285888","52286035","chr11","117469614","117469755","22","65183726"
"chr3","52287326","52287618","chr20","27822433","27822727","47","24464893"
"chr3","52312472","52312645","chr5","111024661","111024839","34","58712189"
"chr3","52312952","52313086","chr2","2261829","2261964","16","50051123"
"chr3","52320792","52321099","chr7","66077660","66077969","44","13756868"
"chr3","52459441","52459733","chr1","143540704","143540993","36","91081263"
"chr3","52466990","52467298","chr16","38005025","38005333","38","14461965"
"chr3","52467978","52468269","chr13","40511017","40511308","36","11956961"
"chr3","52469632","52469937","chr6","17068239","17068542","38","35401393"
"chr3","52476752","52477051","chr5","42661443","42661746","36","9815309"
"chr3","52508540","52508823","chrUn_GL288700","6268","6551","39","52502272"
"chr3","52544489","52544724","chr14","81671589","81671816","45","29127100"
"chr3","52549936","52550241","chr4","152178302","152178607","41","99628366"
"chr3","52572377","52572674","chr5","109879058","109879350","46","57306681"
"chr3","52612623","52612922","chr8","28391412","28391706","49","24221211"
"chr3","52614091","52614405","chr19","3176594","3176904","51","49437497"
"chr3","52614561","52614870","chr12","110699815","110700119","45","58085254"
"chr3","52640661","52640938","chr14","77180256","77180530","44","24539595"
"chr3","52652716","52653013","chr5","94234310","94234606","46","41581594"
"chr3","52656382","52656688","chr15","28427096","28427399","39","24229286"
"chr3","52661015","52661324","chr18","29127518","29127823","41","23533497"
"chr3","52673770","52674060","chr7","87075027","87075316","41","34401257"
"chr3","52682786","52682918","chr6","139231067","139231202","27","86548281"
"chr3","52683225","52683387","chr22","2626133","2626298","30","50057092"
"chr3","52692199","52692359","chr6","8183581","8183730","35","44508618"
"chr3","52704177","52704483","chr3","106655459","106655766","37","53951282"
"chr3","52717125","52717424","chr9","115637925","115638221","35","62920800"
"chr3","52717802","52718093","chr2","11710590","11710879","36","41007212"
"chr3","52723268","52723541","chr4","15343198","15343471","54","37380070"
"chr3","52723952","52724232","chr4","108747172","108747456","52","56023220"
"chr3","52749126","52749430","chr5","47854845","47855147","34","4894281"
"chr3","52749552","52749857","chr13","35663090","35663393","41","17086462"
"chr3","52750266","52750554","chr5","38614488","38614784","40","14135778"
"chr3","52776409","52776715","chr10","30905440","30905749","45","21870969"
"chr3","52814575","52814883","chr16","89824416","89824719","55","37009841"
"chr3","52840701","52841005","chr15","28629311","28629617","42","24211390"
"chr3","52868618","52868919","chr11","62592091","62592387","47","9723473"
"chr3","52872624","52872924","chrX","86580996","86581293","33","33708372"
"chr3","52910492","52910788","chr10","16033492","16033786","37","36877000"
"chr3","52931558","52931866","chr2","62111534","62111836","41","9179976"
"chr3","52939310","52939593","chr5","37500453","37500728","47","15438857"
"chr3","52947735","52948033","chr10","14603732","14604030","38","38344003"
"chr3","52955152","52955414","chr4","159733342","159733603","34","106778190"
"chr3","52958309","52958602","chr18","5378777","5379070","32","47579532"
"chr3","52973643","52973880","chr15","28765598","28765843","40","24208045"
"chr3","52982447","52982753","chr9","112376113","112376420","40","59393666"
"chr3","53002901","53003145","chr15","28796947","28797203","56","24205954"
"chr3","53009165","53009457","chr15","28802900","28803193","45","24206265"
"chr3","53033167","53033460","chr10","16033492","16033786","31","36999675"
"chr3","53034298","53034588","chrUn_GL286293","22081","22370","46","53012217"
"chr3","53034655","53034942","chr9","111461476","111461764","41","58426821"
"chr3","53035608","53035892","chr15","28832110","28832381","42","24203498"
"chr3","53054003","53054295","chr10","16033492","16033786","37","37020511"
"chr3","53054890","53055042","chr1","199296013","199296162","35","146241123"
"chr3","53055086","53055195","chr2","98547489","98547600","21","45492403"
"chr3","53065710","53065986","chr1","138060195","138060467","41","84994485"
"chr3","53116594","53116900","chr3","106655459","106655766","35","53538865"
"chr3","53144276","53144579","chr1","26088103","26088403","39","27056173"
"chr3","53151125","53151416","chr5","146400911","146401205","40","93249786"
"chr3","53164305","53164599","chr10","102901949","102902246","41","49737644"
"chr3","53205531","53205834","chr17","69358056","69358361","46","16152525"
"chr3","53209445","53209531","chr2","11874524","11874610","4","41334921"
"chr3","53216407","53216710","chr10","127954939","127955242","47","74738532"
"chr3","53226085","53226219","chr5","80409687","80409818","21","27183602"
"chr3","53271615","53271753","chr6","139231067","139231202","18","85959452"
"chr3","53273956","53274266","chr1","172368808","172369112","51","119094852"
"chr3","53277973","53278289","chrX","47176701","47177007","37","6101272"
"chr3","53278323","53278627","chr12","83078942","83079243","39","29800619"
"chr3","53300641","53300947","chr5","126297024","126297326","54","72996383"
"chr3","53306929","53307248","chr4","167498559","167498869","52","114191630"
"chr3","53314662","53314971","chr22","6945334","6945647","38","46369328"
"chr3","53327508","53327840","chr13","88836338","88836664","51","35508830"
"chr3","53349530","53349812","chr6","151058379","151058657","46","97708849"
"chr3","53374755","53375050","chr1","163381580","163381871","37","110006825"
"chr3","53390867","53391121","chr4","45928096","45928333","55","7462771"
"chr3","53408061","53408360","chr11","76131606","76131904","36","22723545"
"chr3","53415795","53416104","chr13","43694410","43694711","46","9721385"
"chr3","53435725","53436025","chr5","92511557","92511857","39","39075832"
"chr3","53457615","53457852","chr15","29249600","29249839","34","24208015"
"chr3","53480873","53481182","chr5","134608851","134609157","43","81127978"
"chr3","53490852","53491141","chr15","29285736","29286038","47","24205116"
"chr3","53513364","53513641","chr15","29309445","29309707","51","24203919"
"chr3","53538142","53538456","chr15","29337179","29337484","46","24200963"
"chr3","53540108","53540425","chr4","34020527","34020840","45","19519581"
"chr3","53552378","53552659","chr4","54111466","54111747","42","559088"
"chr3","53556712","53557014","chr14","84845532","84845834","35","31288820"
"chr3","53564166","53564434","chr15","29363203","29363473","35","24200963"
"chr3","53622045","53622298","chr14","33885170","33885411","46","19736875"
"chr3","53633211","53633468","chr4","153251075","153251339","64","99617864"
"chr3","53636308","53636607","chr5","26961498","26961795","44","26674810"
"chr3","53663842","53664055","chr10","98322525","98322738","34","44658683"
"chr3","53737019","53737286","chr12","84617212","84617475","39","30880193"
"chr3","53745235","53745540","chr6","17068239","17068542","38","36676996"
"chr3","53814660","53814959","chr6","43666330","43666629","35","10148330"
"chr3","53850522","53850800","chr19","6867541","6867823","35","46982981"
"chr3","53919487","53919758","chr16","93417799","93418067","51","39498312"
"chr3","53933193","53933500","chr13","84459624","84459931","43","30526431"
"chr3","53935851","53936152","chr15","29739966","29740260","40","24195885"
"chr3","53953291","53953588","chr13","39885762","39886059","39","14067529"
"chr3","53955169","53955485","chr15","29767893","29768200","45","24187276"
"chr3","53969726","53970016","chr15","29783752","29784041","39","24185974"
"chr3","53992921","53992988","chr22","9456468","9456536","7","44536453"
"chr3","54010344","54010636","chr1","181618034","181618324","37","127607690"
"chr3","54059904","54060197","chr10","18062344","18062642","36","35997560"
"chr3","54061456","54061768","chr5","7574884","7575188","40","46486572"
"chr3","54076722","54077014","chr11","82257931","82258225","41","28181209"
"chr3","54111346","54111639","chrUn_GL286373","1652471","1652766","38","52458875"
"chr3","54245924","54245976","chr5","108403576","108403630","14","54157652"
"chr3","54283809","54284090","chr3","182146154","182146435","46","127862345"
"chr3","54334101","54334365","chr7","50411542","50411809","36","3922559"
"chr3","54348726","54349027","chr15","4504580","4504879","44","49844146"
"chr3","54387371","54387658","chr2","11710590","11710879","38","42676781"
"chr3","54431616","54431907","chr20","23248359","23248652","45","31183257"
"chr3","54485569","54485857","chr1","136029188","136029482","46","81543619"
"chr3","54495467","54495757","chr1","145176527","145176816","39","90681060"
"chr3","54513671","54513972","chr5","2508969","2509278","44","52004702"
"chr3","54598008","54598335","chr4","160766248","160766567","54","106168240"
"chr3","54650187","54650366","chr17","34108233","34108402","33","20541954"
"chr3","54650367","54650664","chrX","96256667","96256963","43","41606300"
"chr3","54650665","54650800","chr4","43236196","43236331","16","11414469"
"chr3","54652784","54653077","chr22","24673181","24673472","39","29979603"
"chr3","54657747","54658038","chr5","91053328","91053616","46","36395581"
"chr3","54681255","54681575","chrX","122250423","122250744","45","67569168"
"chr3","54691976","54692277","chr4","21834214","21834512","40","32857762"
"chr3","54709012","54709314","chr7","59860278","59860579","45","5151266"
"chr3","54783325","54783620","chr12","91879126","91879420","33","37095801"
"chr3","54887144","54887455","chr22","40503125","40503432","46","14384019"
"chr3","54892995","54893282","chr3","184404722","184405010","36","129511727"
"chr3","54934723","54935033","chr3","2570045","2570343","48","52364678"
"chr3","54975237","54975547","chr9","11967801","11968108","41","43007436"
"chr3","54990249","54990558","chr3","108570361","108570666","42","53580112"
"chr3","55004994","55005279","chr3","188219301","188219587","37","133214307"
"chr3","55025350","55025658","chr12","5316705","5317011","44","49708645"
"chr3","55036165","55036407","chr17","68372412","68372653","31","13336247"
"chr3","55091168","55091475","chr21","35849518","35849828","48","19241650"
"chr3","55112162","55112443","chr1","145176527","145176816","43","90064365"
"chr3","55117109","55117426","chr1","139511463","139511782","54","84394354"
"chr3","55121826","55122125","chr6","119325131","119325425","42","64203305"
"chr3","55155443","55155713","chr6","112166303","112166585","69","57010860"
"chr3","55175103","55175415","chr2","31372053","31372354","44","23803050"
"chr3","55226874","55227153","chr15","30996245","30996540","41","24230629"
"chr3","55383027","55383325","chr6","17068239","17068542","52","38314788"
"chr3","55405755","55406055","chr1","184817871","184818171","38","129412116"
"chr3","55419516","55419819","chr6","17068239","17068542","40","38351277"
"chr3","55499692","55499995","chr12","107488690","107488986","43","51988998"
"chr3","55503994","55504298","chr15","31288974","31289274","43","24215020"
"chr3","55566443","55566718","chr15","31356958","31357238","44","24209485"
"chr3","55566720","55567000","chr5","150182451","150182726","47","94615731"
"chr3","55569856","55570159","chr3","106655459","106655766","48","51085603"
"chr3","55575005","55575317","chr18","39712282","39712591","45","15862723"
"chr3","55625086","55625395","chrX","124381299","124381609","43","68756213"
"chr3","55779200","55779512","chr13","12881556","12881873","42","42897644"
"chr3","55796424","55796724","chr3","84624674","84624979","40","28828250"
"chr3","55806058","55806356","chr12","89728036","89728340","48","33921978"
"chr3","55851941","55852242","chr1","183989658","183989958","41","128137717"
"chr3","55905088","55905374","chr5","123657684","123657972","36","67752596"
"chr3","55932929","55933238","chrUn_GL286451","117883","118189","48","55815046"
"chr3","55937059","55937370","chr15","27110344","27110643","49","28826715"
"chr3","56026058","56026349","chr4","155998565","155998851","46","99972507"
"chr3","56134966","56135252","chr11","23439208","23439487","42","32695758"
"chr3","56146005","56146307","chr15","31943941","31944241","36","24202064"
"chr3","56151161","56151366","chr12","60996138","60996343","35","4844977"
"chr3","56245570","56245840","chrX","17930524","17930805","42","38315046"
"chr3","56264315","56264610","chr4","156698023","156698319","40","100433708"
"chr3","56292302","56292589","chr7","75011478","75011771","53","18719176"
"chr3","56305845","56306148","chr5","35735021","35735325","47","20570824"
"chr3","56360626","56360939","chr11","125799128","125799440","44","69438502"
"chr3","56441606","56441846","chr4","134634648","134634893","39","78193042"
"chr3","56446614","56446926","chr1","201369278","201369591","41","144922664"
"chr3","56490433","56490710","chr16","92089757","92090031","46","35599324"
"chr3","56541415","56541700","chr5","120244332","120244620","47","63702917"
"chr3","56596759","56597054","chr6","87765454","87765755","51","31168695"
"chr3","56637295","56637538","chr7","58441225","58441463","36","1803930"
"chr3","56653985","56654277","chr11","82257931","82258225","41","25603946"
"chr3","56658635","56658917","chr11","129768700","129768980","51","73110065"
"chr3","56670654","56670969","chr7","143607383","143607691","51","86936729"
"chr3","56687139","56687277","chr17","52749755","52749887","21","3937384"
"chr3","56687574","56687751","chr1","185459583","185459757","36","128772009"
"chr3","56732866","56733001","chr7","79609225","79609358","14","22876359"
"chr3","56733308","56733491","chr1","184351715","184351894","45","127618407"
"chr3","56736811","56737082","chr7","59367126","59367393","50","2630315"
"chr3","56738809","56739108","chr4","25542330","25542622","47","31196479"
"chr3","56752075","56752356","chr10","1768986","1769257","50","54983089"
"chr3","56767766","56768047","chr4","37824304","37824582","39","18943462"
"chr3","56806891","56807185","chr5","3538085","3538378","38","53268806"
"chr3","56810262","56810556","chr7","60259859","60260151","59","3449597"
"chr3","56828923","56829225","chr5","35735021","35735325","39","21093902"
"chr3","56850249","56850551","chr22","28997304","28997607","39","27852945"
"chr3","56855402","56855694","chr2","18360128","18360420","35","38495274"
"chr3","56944565","56944878","chr18","39712282","39712591","46","17232283"
"chr3","56975136","56975446","chr12","27257719","27258031","40","29717417"
"chr3","56990304","56990550","chr1","204054205","204054451","39","147063901"
"chr3","57000551","57000832","chr13","68600472","68600753","35","11599921"
"chr3","57017999","57018298","chr2","18742940","18743241","38","38275059"
"chr3","57057101","57057408","chr6","7892688","7892995","48","49164413"
"chr3","57065173","57065479","chr9","111187673","111187975","44","54122500"
"chr3","57096728","57097021","chr9","20806439","20806737","39","36290289"
"chr3","57105256","57105553","chr1","15931085","15931383","37","41174171"
"chr3","57193847","57194139","chr7","99145600","99145891","39","41951753"
"chr3","57202327","57202639","chr5","2508969","2509278","45","54693358"
"chr3","57203553","57203836","chr8","32478813","32479091","34","24724740"
"chr3","57203840","57203951","chr15","33168666","33168775","14","24035174"
"chr3","57205909","57206193","chr6","136043924","136044206","40","78838015"
"chr3","57206960","57207249","chr15","33172080","33172374","33","24034880"
"chr3","57208368","57208647","chr19","27232326","27232608","45","29976042"
"chr3","57208679","57208977","chr13","39885762","39886059","33","17322917"
"chr3","57220421","57220730","chr14","19124339","19124646","41","38096082"
"chr3","57245549","57245842","chr15","33213486","33213777","46","24032063"
"chr3","57262386","57262684","chr6","17068239","17068542","41","40194147"
"chr3","57267810","57268104","chrUn_GL286253","70610","70903","40","57197200"
"chr3","57274401","57274693","chrX","17543907","17544194","41","39730494"
"chr3","57276984","57277280","chr5","26961498","26961795","38","30315486"
"chr3","57297360","57297655","chrUn_GL286742","7977","8270","40","57289383"
"chr3","57319571","57319883","chr10","76979144","76979458","53","19659573"
"chr3","57333330","57333629","chr1","155767295","155767592","43","98433965"
"chr3","57352807","57353100","chr1","148142743","148143031","44","90789936"
"chr3","57367046","57367328","chr15","33426316","33426608","49","23940730"
"chr3","57404434","57404744","chr7","77675842","77676154","41","20271408"
"chr3","57411246","57411555","chr1","137129532","137129843","35","79718286"
"chr3","57415780","57416081","chr15","31185297","31185601","38","26230483"
"chr3","57427934","57428227","chr19","13533653","13533938","41","43894281"
"chr3","57432169","57432479","chr8","7505655","7505971","44","49926514"
"chr3","57438671","57438937","chr7","32052029","32052285","44","25386642"
"chr3","57449966","57450263","chr4","36522598","36522895","37","20927368"
"chr3","57453586","57453872","chr5","94234310","94234606","47","36780724"
"chr3","57463435","57463497","chr22","11279972","11280035","9","46183463"
"chr3","57485939","57486171","chr5","107148968","107149194","39","49663029"
"chr3","57518243","57518558","chr3","108570361","108570666","48","51052118"
"chr3","57525754","57526062","chr11","118075028","118075334","42","60549274"
"chr3","57531480","57531791","chr1","187604977","187605283","45","130073497"
"chr3","57549234","57549508","chrX","90546446","90546718","42","32997212"
"chr3","57564093","57564228","chr6","139231067","139231202","13","81666974"
"chr3","57567028","57567326","chr11","65163335","65163629","39","7596307"
"chr3","57572438","57572677","chr15","33632762","33633020","53","23939676"
"chr3","57601736","57602054","chr11","20789638","20789959","47","36812098"
"chr3","57615552","57615825","chr11","97658809","97659082","48","40043257"
"chr3","57618601","57618907","chr3","106655459","106655766","37","49036858"
"chr3","57621388","57621680","chr1","16572140","16572438","43","41049248"
"chr3","57624489","57624779","chr22","29825053","29825352","42","27799436"
"chr3","57627147","57627443","chr22","7822716","7823014","41","49804431"
"chr3","57643546","57643842","chr15","56458392","56458689","35","1185154"
"chr3","57656676","57656974","chr11","123372063","123372358","39","65715387"
"chr3","57668880","57669171","chr10","16033492","16033786","39","41635388"
"chr3","57672501","57672806","chr8","114643106","114643412","44","56970605"
"chr3","57676812","57677123","chr5","2508969","2509278","39","55167843"
"chr3","57682670","57682977","chr1","188105254","188105557","44","130422584"
"chr3","57687984","57688294","chr1","168595556","168595859","48","110907572"
"chr3","57690064","57690223","chr15","74708494","74708646","29","17018430"
"chr3","57690535","57690701","chr4","34157283","34157451","25","23533252"
"chr3","57696327","57696611","chr19","25646079","25646363","47","32050248"
"chr3","57697707","57698015","chr15","33743053","33743349","42","23954654"
"chr3","57704863","57705201","chr4","34160473","34160804","89","23544390"
"chr3","57711882","57712179","chr1","168595556","168595859","46","110883674"
"chr3","57714449","57714753","chr20","12401994","12402298","38","45312455"
"chr3","57717920","57718232","chr15","22401594","22401899","49","35316326"
"chr3","57719651","57719947","chr4","156698023","156698319","32","98978372"
"chr3","57728602","57728925","chr5","72704603","72704922","52","14976001"
"chr3","57740823","57741109","chr3","5976787","5977060","56","51764036"
"chr3","57741952","57742081","chr5","158422918","158423048","10","100680966"
"chr3","57750139","57750451","chr13","43694410","43694711","56","14055729"
"chr3","57759943","57760239","chr4","156698023","156698319","41","98938080"
"chr3","57781730","57782020","chr18","21431056","21431348","44","36350674"
"chr3","57787485","57787775","chr7","49465777","49466070","34","8321708"
"chr3","57791078","57791372","chr14","98989660","98989955","46","41198582"
"chr3","57802282","57802565","chr12","56296938","56297224","51","1505344"
"chr3","57806432","57806736","chr11","123884211","123884514","40","66077779"
"chr3","57813096","57813388","chr2","18742940","18743241","47","39070156"
"chr3","57816161","57816443","chrX","107798255","107798539","38","49982094"
"chr3","57830028","57830307","chr7","55481525","55481802","52","2348503"
"chr3","57851465","57851783","chr1","168595556","168595859","55","110744091"
"chr3","57855762","57856063","chr13","9808601","9808897","42","48047161"
"chr3","57859049","57859339","chr16","26122806","26123099","49","31736243"
"chr3","57866894","57867200","chr9","20122679","20122976","47","37744215"
"chr3","57873839","57874142","chr1","173962313","173962617","43","116088474"
"chr3","57901750","57902045","chr7","7386371","7386664","35","50515379"
"chr3","57905279","57905580","chr7","58013256","58013557","41","107977"
"chr3","57920733","57921027","chr15","33962891","33963183","36","23957842"
"chr3","57947290","57947576","chr4","16350054","16350344","35","41597236"
"chr3","57953932","57954044","chr15","33996219","33996331","8","23957713"
"chr3","57954918","57955212","chr22","29825053","29825352","49","28129865"
"chr3","57955565","57955869","chrX","47176701","47177007","35","10778864"
"chr3","57955878","57956001","chr8","12275568","12275691","16","45680310"
"chr3","57957485","57957693","chr11","54831560","54831757","36","3125925"
"chr3","57958269","57958547","chr12","25816606","25816887","38","32141663"
"chr3","57965316","57965555","chr7","60984375","60984638","62","3019059"
"chr3","57971431","57971728","chr22","32581263","32581567","43","25390168"
"chr3","57992980","57993278","chr7","32099825","32100120","40","25893155"
"chr3","58023112","58023382","chr3","152132463","152132731","55","94109351"
"chr3","58025677","58025941","chr2","168846204","168846463","46","110820527"
"chr3","58027442","58027581","chr12","31083657","31083797","19","26943785"
"chr3","58045718","58046024","chr9","66656069","66656374","42","8610351"
"chr3","58047568","58047863","chr12","20922607","20922906","44","37124961"
"chr3","58054985","58055279","chr5","10038314","10038610","39","48016671"
"chr3","58071272","58071578","chr8","80779437","80779743","43","22708165"
"chr3","58098327","58098626","chr9","101959983","101960281","52","43861656"
"chr3","58100586","58100898","chr14","79148123","79148432","49","21047537"
"chr3","58122211","58122512","chr22","28997304","28997607","37","29124907"
"chr3","58127048","58127355","chr9","91704310","91704624","72","33577262"
"chr3","58166844","58167129","chr2","7617626","7617911","40","50549218"
"chr3","58172725","58173036","chr22","33981676","33981980","41","24191049"
"chr3","58176465","58176759","chr7","6894852","6895150","42","51281613"
"chr3","58207089","58207357","chrX","39387728","39387995","42","18819361"
"chr3","58222838","58223132","chr1","15931085","15931383","35","42291753"
"chr3","58224190","58224498","chr22","2166278","2166581","48","56057912"
"chr3","58226763","58227050","chr6","132814369","132814657","49","74587606"
"chr3","58247569","58247873","chrX","47176701","47177007","49","11070868"
"chr3","58256899","58257206","chr3","106655459","106655766","46","48398560"
"chr3","58284457","58284750","chr1","140710880","140711177","38","82426423"
"chr3","58304749","58305014","chrX","39387728","39387995","40","18917021"
"chr3","58305743","58306036","chr13","39885762","39886059","43","18419981"
"chr3","58312679","58312980","chr5","74799285","74799583","43","16486606"
"chr3","58318376","58318683","chr15","34366417","34366719","56","23951959"
"chr3","58320833","58321133","chr10","16033492","16033786","46","42287341"
"chr3","58329688","58329986","chr15","34375839","34376129","43","23953849"
"chr3","58339219","58339529","chr7","42581600","42581909","48","15757619"
"chr3","58341281","58341581","chr3","169378169","169378466","42","111036888"
"chr3","58346860","58347140","chr22","11586259","11586536","39","46760601"
"chr3","58347916","58348207","chr11","123371423","123371718","52","65023507"
"chr3","58380529","58380818","chr7","144592291","144592572","53","86211762"
"chr3","58382034","58382329","chr3","53304381","53304673","39","5077653"
"chr3","58400631","58400928","chr20","27822433","27822727","38","30578198"
"chr3","58403009","58403305","chr4","38637239","38637534","43","19765770"
"chr3","58416628","58416922","chr10","131446727","131447016","44","73030099"
"chr3","58443209","58443515","chr6","43666330","43666629","42","14776879"
"chr3","58454672","58454944","chr15","8629222","8629501","51","49825450"
"chr3","58457767","58458053","chrX","45841241","45841518","55","12616526"
"chr3","58467676","58467966","chr5","74809771","74810060","40","16342095"
"chr3","58472777","58473077","chr10","14603732","14604030","37","43869045"
"chr3","58475791","58476088","chr9","115637925","115638221","37","57162134"
"chr3","58498961","58499219","chrX","37093380","37093637","44","21405581"
"chr3","58506512","58506812","chr15","34551171","34551472","44","23955341"
"chr3","58540011","58540310","chr5","2298333","2298635","47","56241678"
"chr3","58578286","58578597","chr5","134608851","134609157","42","76030565"
"chr3","58588729","58588949","chr6","5877329","5877557","40","52711400"
"chr3","58614831","58615105","chr15","34661143","34661416","29","23953688"
"chr3","58871527","58871827","chr1","99819021","99819322","47","40947494"
"chr3","58898177","58898474","chr1","193684003","193684296","50","134785826"
"chr3","59011116","59011412","chr5","94234310","94234606","37","35223194"
"chr3","59082914","59083207","chr13","30492010","30492303","44","28590904"
"chr3","59085214","59085372","chr15","35139262","35139432","26","23945952"
"chr3","59112676","59112983","chr13","84459624","84459931","41","25346948"
"chr3","59170040","59170336","chrX","86580996","86581293","39","27410956"
"chr3","59183242","59183534","chr19","928887","929192","57","58254355"
"chr3","59183960","59184256","chr12","100785810","100786105","33","41601850"
"chr3","59281027","59281330","chr4","43115700","43116002","38","16165327"
"chr3","59325503","59325773","chr15","35391248","35391520","32","23934255"
"chr3","59362348","59362640","chr15","35418031","35418329","44","23944317"
"chr3","59391128","59391440","chr5","110862498","110862806","64","51471370"
"chr3","59437244","59437524","chr22","25053042","25053322","43","34384202"
"chr3","59643491","59643794","chr3","138159195","138159493","41","78515704"
"chr3","59785313","59785617","chr11","116994592","116994891","48","57209279"
"chr3","59839036","59839348","chr5","4886859","4887174","46","54952177"
"chr3","59909336","59909581","chr16","86399340","86399584","37","26490004"
"chr3","60003495","60003766","chr15","36078958","36079219","46","23924537"
"chr3","60026817","60027088","chr18","33127602","33127874","39","26899215"
"chr3","60121404","60121706","chr5","74833270","74833574","46","14711866"
"chr3","60183116","60183424","chr9","38258634","38258943","40","21924482"
"chr3","60224703","60225020","chr3","44692186","44692494","55","15532517"
"chr3","60230707","60231005","chr13","39885762","39886059","53","20344945"
"chr3","60271119","60271427","chr9","115558616","115558918","55","55287497"
"chr3","60366189","60366424","chr15","36488529","36488756","40","23877660"
"chr3","60390899","60391215","chr10","98627092","98627395","56","38236193"
"chr3","60407550","60407816","chr15","36532567","36532830","43","23874983"
"chr3","60430930","60431232","chr22","17927477","17927775","50","42503453"
"chr3","60436037","60436349","chr15","36561880","36562191","41","23874157"
"chr3","60500488","60500797","chr9","93766565","93766871","38","33266077"
"chr3","60573810","60574107","chr5","94234310","94234606","42","33660500"
"chr3","60722708","60723020","chr22","33981676","33981980","53","26741032"
"chr3","60724648","60724944","chr10","37465016","37465312","46","23259632"
"chr3","60748530","60748829","chr1","168595556","168595859","40","107847026"
"chr3","60812176","60812456","chr15","36924960","36925211","57","23887216"
"chr3","60859763","60860055","chr10","16033492","16033786","38","44826271"
"chr3","60862568","60862868","chr2","61800729","61801029","38","938161"
"chr3","60950535","60950822","chr10","11912035","11912325","38","49038500"
"chr3","60971086","60971352","chr10","218629","218896","44","60752457"
"chr3","61069933","61070193","chr4","50128946","50129212","57","10940987"
"chr3","61119224","61119513","chr5","1437470","1437754","44","59681754"
"chr3","61151563","61151882","chr15","37258692","37259009","63","23892871"
"chr3","61333103","61333398","chr15","63849112","63849409","42","2516009"
"chr3","61339887","61340190","chr2","138937103","138937408","42","77597216"
"chr3","61345391","61345664","chr4","106189513","106189789","47","44844122"
"chr3","61375645","61375947","chr4","18176246","18176544","59","43199399"
"chr3","61388241","61388511","chr2","152266882","152267149","45","90878641"
"chr3","61388893","61389173","chr15","37491127","37491402","51","23897766"
"chr3","61394561","61394840","chr5","88950489","88950766","50","27555928"
"chr3","61401099","61401408","chr3","106655459","106655766","45","45254360"
"chr3","61408470","61408769","chr9","102025877","102026174","42","40617407"
"chr3","61421038","61421321","chr1","12948082","12948361","45","48472956"
"chr3","61431921","61432226","chr3","149695180","149695480","44","88263259"
"chr3","61451782","61452065","chr1","72132878","72133158","55","10681096"
"chr3","61494350","61494661","chr5","84717109","84717410","52","23222759"
"chr3","61529570","61529871","chr5","26961498","26961795","38","34568072"
"chr3","61533105","61533405","chr10","14603732","14604030","39","46929373"
"chr3","61544075","61544395","chr21","40584762","40585072","47","20959313"
"chr3","61553324","61553632","chr12","22318360","22318667","51","39234964"
"chr3","61581602","61581896","chr4","147076387","147076688","45","85494785"
"chr3","61590240","61590534","chrX","125324269","125324560","39","63734029"
"chr3","61590845","61591096","chr11","26202946","26203207","63","35387899"
"chr3","61599170","61599447","chr12","16322527","16322798","46","45276643"
"chr3","61610841","61611099","chr22","5246078","5246336","55","56364763"
"chr3","61636492","61636621","chr15","37735435","37735564","9","23901057"
"chr3","61643498","61643781","chr6","152500617","152500903","47","90857119"
"chr3","61646109","61646411","chr5","26961498","26961795","55","34684611"
"chr3","61651729","61652011","chrX","18828260","18828542","39","42823469"
"chr3","61681868","61682167","chr1","157959927","157960225","39","96278059"
"chr3","61717899","61718209","chr11","64363135","64363445","47","2645236"
"chr3","61720122","61720423","chr12","9098197","9098491","45","52621925"
"chr3","61725178","61725389","chr15","37832319","37832535","25","23892859"
"chr3","61754982","61755307","chr22","31767114","31767422","59","29987868"
"chr3","61763245","61763529","chrX","40236018","40236314","55","21527227"
"chr3","61766618","61766919","chr10","27398526","27398820","48","34368092"
"chr3","61766962","61767261","chr8","84523546","84523843","41","22756584"
"chr3","61775087","61775370","chr15","20770296","20770585","42","41004791"
"chr3","61815115","61815433","chr11","31303982","31304298","67","30511133"
"chr3","61836737","61836911","chrX","106480049","106480214","31","44643312"
"chr3","61837211","61837348","chr5","3916008","3916145","17","57921203"
"chr3","61860416","61860743","chr18","9863619","9863928","57","51996797"
"chr3","61908157","61908434","chr5","156258300","156258584","44","94350143"
"chr3","61958117","61958433","chr1","101977404","101977714","57","40019287"
"chr3","61992527","61992821","chr2","56700759","56701042","43","5291768"
"chr3","62000019","62000300","chr8","1018204","1018477","51","60981815"
"chr3","62005691","62006002","chr1","137129532","137129843","44","75123841"
"chr3","62019241","62019542","chr1","184817871","184818171","49","122798630"
"chr3","62038943","62039234","chrX","47125049","47125340","42","14913894"
"chr3","62112094","62112403","chr15","17636181","17636483","42","44475913"
"chr3","62120469","62120766","chr4","156698023","156698319","35","94577554"
"chr3","62166320","62166635","chrX","47176701","47177007","45","14989619"
"chr3","62215937","62216232","chr22","29825053","29825352","48","32390884"
"chr3","62300218","62300524","chr12","91267902","91268208","41","28967684"
"chr3","62346297","62346610","chrX","47176701","47177007","47","15169596"
"chr3","62348938","62349240","chr20","22923582","22923882","41","39425356"
"chr3","62351149","62351439","chr4","33362777","33363069","40","28988372"
"chr3","62354501","62354798","chr1","140710880","140711177","50","78356379"
"chr3","62383992","62384299","chr6","7892688","7892995","40","54491304"
"chr3","62554754","62555052","chr7","6894852","6895150","33","55659902"
"chr3","62576516","62576817","chr12","22318360","22318667","50","40258156"
"chr3","62693485","62693800","chr2","154703298","154703594","57","92009813"
"chr3","62822561","62822860","chr7","6894852","6895150","41","55927709"
"chr3","62934738","62935050","chr12","112769436","112769743","50","49834698"
"chr3","62954070","62954374","chr3","21055528","21055838","44","41898542"
"chr3","63206331","63206579","chr15","39357802","39358044","30","23848529"
"chr3","63336950","63337256","chr7","58066603","58066906","40","5270347"
"chr3","63345821","63346114","chr6","147894727","147895020","43","84548906"
"chr3","63468531","63468829","chr2","8957058","8957360","58","54511473"
"chr3","63486013","63486208","chr22","10655645","10655839","29","52830368"
"chr3","63491532","63491820","chr2","72341763","72342052","41","8850231"
"chr3","63493534","63493837","chr9","17843722","17844025","39","45649812"
"chr3","63620262","63620273","chr5","92524075","92524085","2","28903813"
"chr3","63620353","63620642","chr14","88549687","88549974","53","24929334"
"chr3","63626012","63626306","chr14","64670666","64670960","45","1044654"
"chr3","63713442","63713748","chr5","41190460","41190769","43","22522982"
"chr3","63760868","63760992","chr4","45099035","45099158","14","18661833"
"chr3","63843113","63843417","chr22","9673671","9673970","43","54169442"
"chr3","63847456","63847759","chr4","91716746","91717053","41","27869290"
"chr3","63852869","63853179","chr15","83479661","83479973","46","19626792"
"chr3","63867578","63867876","chr8","18168413","18168702","64","45699165"
"chr3","63885735","63886026","chr12","90701319","90701611","55","26815584"
"chr3","63944782","63945091","chr3","165681329","165681631","44","101736547"
"chr3","63954700","63955008","chr3","106655459","106655766","42","42700759"
"chr3","63994226","63994534","chr5","43482234","43482540","40","20511992"
"chr3","63996975","63997261","chr19","24203448","24203737","43","39793527"
"chr3","64024176","64024467","chr11","43485145","43485437","29","20539031"
"chr3","64037634","64037916","chrX","17543907","17544194","47","46493727"
"chr3","64040729","64041032","chr6","17068239","17068542","40","46972490"
"chr3","64066671","64066981","chr5","64309139","64309447","37","242468"
"chr3","64310424","64310679","chr21","38778590","38778839","39","25531834"
"chr3","64361226","64361525","chr7","6894852","6895150","38","57466374"
"chr3","64372487","64372786","chr3","94762904","94763199","45","30390417"
"chr3","64410744","64410994","chr19","36223261","36223511","39","28187483"
"chr3","64434236","64434528","chr5","140045759","140046053","49","75611523"
"chr3","64485306","64485572","chr15","40671253","40671517","38","23814053"
"chr3","64504218","64504498","chr5","65031296","65031585","47","527078"
"chr3","64518765","64519077","chr1","168595556","168595859","47","104076791"
"chr3","64525606","64525888","chr4","17762566","17762843","50","46763040"
"chr3","64535533","64535839","chr15","40722841","40723140","48","23812692"
"chr3","64771536","64771837","chr15","40959087","40959384","40","23812449"
"chr3","64795527","64795830","chr1","202849760","202850061","38","138054233"
"chr3","64841821","64842117","chr12","46149802","46150094","44","18692019"
"chr3","65002420","65002720","chr12","120413411","120413720","45","55410991"
"chr3","65025347","65025593","chr20","35673131","35673379","38","29352216"
"chr3","65047083","65047373","chrUn_GL287838","31957","32245","42","65015126"
"chr3","65322695","65323005","chr13","31331915","31332215","46","33990780"
"chr3","65331211","65331500","chr4","89994430","89994716","36","24663219"
"chr3","65378674","65378980","chr3","153217268","153217573","38","87838594"
"chr3","65395360","65395657","chr12","5004234","5004527","43","60391126"
"chr3","65440968","65441257","chr12","107300154","107300445","43","41859186"
"chr3","65488330","65488640","chr15","41704802","41705114","45","23783528"
"chr3","65527298","65527443","chr1","79729473","79729618","18","14202175"
"chr3","65527762","65527923","chrX","108352935","108353103","31","42825173"
"chr3","65548512","65548821","chr7","45344118","45344429","47","20204394"
"chr3","65565575","65565878","chr22","15891703","15892006","38","49673872"
"chr3","65567555","65567859","chr13","35663090","35663393","42","29904465"
"chr3","65570054","65570065","chr20","2556641","2556654","2","63013413"
"chr3","65570119","65570401","chr7","70755193","70755479","44","5185074"
"chr3","65578638","65578920","chr1","40046052","40046333","49","25532586"
"chr3","65609277","65609569","chr7","42367252","42367545","45","23242025"
"chr3","65656717","65657002","chr16","4337618","4337911","51","61319099"
"chr3","65690473","65690793","chr3","85673480","85673788","72","19983007"
"chr3","65701261","65701552","chr11","65478584","65478870","40","222677"
"chr3","65767324","65767455","chr2","120521491","120521623","19","54754167"
"chr3","65768138","65768434","chrUn_GL289051","12267","12561","37","65755871"
"chr3","65790798","65791101","chr4","110699279","110699575","49","44908481"
"chr3","65792184","65792459","chr16","92089757","92090031","38","26297573"
"chr3","65807936","65808009","chr15","54887456","54887530","10","10920480"
"chr3","65822292","65822556","chr22","15698901","15699162","44","50123391"
"chr3","65833123","65833418","chr13","30492010","30492303","42","35341113"
"chr3","65859051","65859304","chr4","163464650","163464911","49","97605599"
"chr3","65912991","65913289","chr9","11967801","11968108","51","53945190"
"chr3","65921310","65921608","chr3","152941248","152941549","47","87019938"
"chr3","65947933","65948243","chr3","106655459","106655766","34","40707526"
"chr3","65956716","65957009","chr2","49330876","49331163","47","16625840"
"chr3","65962553","65962862","chr8","26191626","26191934","63","39770927"
"chr3","65965665","65965948","chr2","31206071","31206356","67","34759594"
"chr3","65980877","65981181","chr5","150153039","150153350","47","84172162"
"chr3","65991007","65991322","chr5","127340583","127340893","47","61349576"
"chr3","65997877","65998121","chr15","19032308","19032545","45","46965569"
"chr3","66003484","66003768","chrUn_GL286409","1285513","1285786","49","64717971"
"chr3","66012521","66012788","chr9","108283532","108283799","40","42271011"
"chr3","66020158","66020437","chr2","49330876","49331163","51","16689282"
"chr3","66043910","66044208","chr14","32745447","32745743","38","33298463"
"chr3","66048395","66048705","chr5","27173191","27173501","42","38875204"
"chr3","66053503","66053822","chr15","42272714","42273024","52","23780789"
"chr3","66060484","66060799","chr7","45344118","45344429","49","20716366"
"chr3","66064514","66064820","chr22","33981676","33981980","44","32082838"
"chr3","66065680","66065974","chr13","95665824","95666115","46","29600144"
"chr3","66068749","66069048","chr13","112055684","112055987","39","45986935"
"chr3","66069429","66069739","chrX","17633918","17634220","41","48435511"
"chr3","66088996","66089131","chrX","63522715","63522847","12","2566281"
"chr3","66089132","66089427","chr1","98572733","98573027","40","32483601"
"chr3","66100788","66100935","chr2","133158334","133158483","23","67057546"
"chr3","66107609","66107905","chr8","94858581","94858875","39","28750972"
"chr3","66120529","66120821","chrX","23036255","23036544","47","43084274"
"chr3","66128324","66128619","chr15","41758838","41759130","49","24369486"
"chr3","66131772","66132064","chr1","205995618","205995904","43","139863846"
"chr3","66132100","66132413","chr7","66105076","66105385","41","27024"
"chr3","66137827","66138133","chr7","148985140","148985448","41","82847313"
"chr3","66141516","66141808","chr1","193266464","193266759","46","127124948"
"chr3","66160655","66160944","chr15","38532091","38532380","40","27628564"
"chr3","66191608","66191924","chr15","49359997","49360293","53","16831611"
"chr3","66281823","66281996","chr19","781258","781429","27","65500565"
"chr3","66282311","66282445","chr15","24947299","24947432","18","41335012"
"chr3","66435277","66435598","chr8","75812679","75813006","52","9377402"
"chr3","66505949","66506251","chr15","42697822","42698124","40","23808127"
"chr3","66539884","66540171","chr17","66462220","66462514","58","77664"
"chr3","66549668","66549981","chr16","89824416","89824719","60","23274748"
"chr3","66571335","66571631","chr10","29910934","29911230","42","36660401"
"chr3","66574875","66575184","chr9","8886595","8886904","52","57688280"
"chr3","66594862","66595175","chr7","66105076","66105385","47","489786"
"chr3","66611550","66611849","chr22","41060009","41060309","39","25551541"
"chr3","66627112","66627409","chr15","42834744","42835053","43","23792368"
"chr3","66670682","66670996","chr18","39712282","39712591","42","26958400"
"chr3","66690575","66690880","chr4","17017165","17017472","42","49673410"
"chr3","66704370","66704670","chr7","145693234","145693534","43","78988864"
"chr3","66737042","66737363","chr14","85439538","85439863","51","18702496"
"chr3","66749196","66749487","chr15","42951344","42951630","43","23797852"
"chr3","66779025","66779318","chr5","143023404","143023700","42","76244379"
"chr3","66799158","66799455","chr17","42545319","42545613","38","24253839"
"chr3","66806690","66807001","chr7","30011356","30011665","41","36795334"
"chr3","66824975","66825273","chr22","33981676","33981980","40","32843299"
"chr3","66873806","66874044","chr22","15649578","15649814","43","51224228"
"chr3","66914299","66914607","chr6","40009056","40009364","43","26905243"
"chr3","66922971","66923277","chr6","17068239","17068542","43","49854732"
"chr3","66967482","66967787","chr15","43147479","43147784","35","23820003"
"chr3","66979057","66979349","chr7","113470784","113471078","34","46491727"
"chr3","66980479","66980773","chr12","84521163","84521453","48","17540684"
"chr3","67066166","67066465","chr19","49269382","49269679","48","17796784"
"chr3","67111941","67112242","chr15","43304614","43304920","43","23807327"
"chr3","67133901","67134104","chr14","4332987","4333193","29","62800914"
"chr3","67200368","67200660","chr4","10274002","10274296","45","56926366"
"chr3","67217312","67217604","chr13","97064854","97065149","53","29847542"
"chr3","67378957","67379241","chr4","11116373","11116655","42","56262584"
"chr3","67546453","67546751","chr22","28997304","28997607","36","38549149"
"chr3","67631346","67631646","chr10","14603732","14604030","42","53027614"
"chr3","67632193","67632482","chr19","24203448","24203737","47","43428745"
"chr3","67650475","67650774","chr15","43901176","43901473","41","23749299"
"chr3","67667818","67668119","chr15","61219971","61220268","44","6447847"
"chr3","67721220","67721514","chr22","32577631","32577924","37","35143589"
"chr3","67727655","67727960","chr13","97340307","97340616","48","29612652"
"chr3","67870869","67871178","chrX","47176701","47177007","39","20694168"
"chr3","67972792","67973096","chr14","36994514","36994806","44","30978278"
"chr3","67996517","67996821","chr12","112769436","112769743","49","44772919"
"chr3","68028053","68028329","chr3","6494628","6494898","43","61533425"
"chr3","68281468","68281757","chr12","26112515","26112796","48","42168953"
"chr3","68322667","68322954","chr4","16350054","16350344","38","51972613"
"chr3","68477383","68477666","chr6","151058379","151058657","50","82580996"
"chr3","68516781","68517073","chr14","5921690","5921981","36","62595091"
"chr3","68522567","68522830","chr2","2700473","2700739","39","65822094"
"chr3","68614323","68614632","chr15","44829421","44829734","40","23784902"
"chr3","68622714","68623014","chr5","26961498","26961795","37","41661216"
"chr3","68694098","68694323","chr15","44920156","44920357","50","23773942"
"chr3","68712375","68712652","chr15","44939971","44940260","39","23772404"
"chr3","68743294","68743595","chr18","8503340","8503640","41","60239954"
"chr3","68753335","68753635","chr1","175742404","175742704","39","106989069"
"chr3","68818989","68819299","chr11","108948769","108949075","58","40129780"
"chr3","68896898","68897201","chr18","29127518","29127823","38","39769380"
"chr3","68925951","68926241","chr2","29497456","29497755","42","39428495"
"chr3","68939264","68939573","chr9","37569669","37569973","46","31369595"
"chr3","68965197","68965490","chr15","45217726","45218019","48","23747471"
"chr3","68982238","68982547","chr3","106655459","106655766","41","37673221"
"chr3","68990349","68990631","chr13","31945061","31945345","44","37045288"
"chr3","68998572","68998866","chr4","38174355","38174645","49","30824217"
"chr3","69007375","69007678","chr12","22318360","22318667","46","46689015"
"chr3","69016246","69016256","chr5","92524075","92524085","2","23507829"
"chr3","69016302","69016579","chr9","75309029","75309307","42","6292727"
"chr3","69019379","69019666","chr3","40515079","40515373","44","28504300"
"chr3","69029446","69029740","chr7","6894852","6895150","41","62134594"
"chr3","69032614","69032910","chr22","28997304","28997607","39","40035310"
"chr3","69042030","69042337","chr19","11353205","11353506","43","57688825"
"chr3","69045498","69045775","chr12","28817517","28817786","48","40227981"
"chr3","69066436","69066730","chr19","27592730","27593023","43","41473706"
"chr3","69069318","69069626","chrX","47176701","47177007","41","21892617"
"chr3","69075725","69076031","chr9","99935150","99935455","47","30859425"
"chr3","69092470","69092819","chr14","85225132","85225479","71","16132662"
"chr3","69093515","69093790","chrX","5042063","5042337","45","64051452"
"chr3","69109521","69109822","chr3","182184962","182185268","43","113075441"
"chr3","69148992","69149287","chr15","45416169","45416462","41","23732823"
"chr3","69158078","69158369","chr18","23271718","23272010","45","45886360"
"chr3","69163073","69163384","chr7","45352279","45352590","45","23810794"
"chr3","69166107","69166395","chr11","18173891","18174177","37","50992216"
"chr3","69167818","69168128","chr22","32362495","32362804","37","36805323"
"chr3","69177056","69177360","chr15","45451867","45452169","42","23725189"
"chr3","69183907","69184203","chr10","1146474","1146775","54","68037433"
"chr3","69191137","69191448","chr1","137129532","137129843","46","67938395"
"chr3","69215883","69216170","chr4","62011501","62011784","41","7204382"
"chr3","69233965","69234262","chr20","29549977","29550272","40","39683988"
"chr3","69256319","69256619","chr2","3233755","3234059","46","66022564"
"chr3","69257829","69258128","chr1","194633565","194633866","39","125375736"
"chr3","69317467","69317778","chr15","45593859","45594168","45","23723608"
"chr3","69335733","69336021","chr8","74075730","74076014","49","4739997"
"chr3","69343571","69343879","chr3","106655459","106655766","36","37311888"
"chr3","69365502","69365796","chr1","15750523","15750822","55","53614979"
"chr3","69396225","69396521","chr7","125443365","125443662","45","56047140"
"chr3","69427644","69427958","chr1","168595556","168595859","40","99167912"
"chr3","69429748","69430058","chr3","106655459","106655766","47","37225711"
"chr3","69539908","69540178","chr9","40913684","40913950","44","28626224"
"chr3","69566720","69567018","chr15","45848238","45848535","43","23718482"
"chr3","69596464","69596782","chr7","96977213","96977512","49","27380749"
"chr3","69598128","69598437","chr12","27257719","27258031","43","42340409"
"chr3","69656958","69657255","chr12","100785810","100786105","42","31128852"
"chr3","69766216","69766376","chr2","35956692","35956852","30","33809524"
"chr3","69766407","69766526","chr11","122103322","122103440","13","52336915"
"chr3","69767322","69767584","chr4","71595866","71596123","42","1828544"
"chr3","69819673","69819987","chr6","43666330","43666629","51","26153343"
"chr3","69955532","69955841","chr22","32581263","32581567","46","37374269"
"chr3","69973331","69973642","chr16","38005025","38005333","49","31968306"
"chr3","70050854","70051164","chr22","37985450","37985760","41","32065404"
"chr3","70127643","70127940","chr15","46418572","46418869","42","23709071"
"chr3","70303676","70303982","chr5","60529593","60529894","46","9774083"
"chr3","70310377","70310665","chr4","11116373","11116655","39","59194004"
"chr3","70326871","70327156","chr5","143575615","143575901","51","73248744"
"chr3","70400650","70400960","chrX","15478140","15478450","39","54922510"
"chr3","70571479","70571763","chr4","150323553","150323838","48","79752074"
"chr3","70586644","70586871","chr15","19032308","19032545","41","51554336"
"chr3","70745041","70745344","chr2","171296776","171297076","52","100551735"
"chr3","70820104","70820402","chr15","25321014","25321315","38","45499090"
"chr3","70835331","70835645","chr15","47085283","47085599","48","23750048"
"chr3","70841393","70841548","chr5","110150151","110150304","33","39308758"
"chr3","70841581","70841706","chr15","24738581","24738706","17","46103000"
"chr3","70882936","70883238","chr6","17068239","17068542","41","53814697"
"chr3","70908001","70908312","chr5","40811415","40811717","47","30096586"
"chr3","70924980","70925277","chr15","47190254","47190540","40","23734726"
"chr3","70926026","70926332","chr18","29127518","29127823","49","41798508"
"chr3","70978985","70979336","chr4","34141149","34141483","74","36837836"
"chr3","70993724","70993998","chr10","115591667","115591949","48","44597943"
"chr3","71081998","71082305","chr5","94532768","94533076","33","23450770"
"chr3","71091906","71092216","chr3","106655459","106655766","33","35563553"
"chr3","71099236","71099511","chrX","123830034","123830308","39","52730798"
"chr3","71178465","71178601","chr19","13498840","13498972","21","57679625"
"chr3","71178914","71179001","chr9","38956283","38956361","24","32222631"
"chr3","71183212","71183522","chr12","83078942","83079243","44","11895730"
"chr3","71201365","71201633","chr15","47478611","47478885","30","23722754"
"chr3","71211205","71211505","chr9","41786898","41787194","48","29424307"
"chr3","71217085","71217372","chr5","67111187","67111473","36","4105898"
"chr3","71292321","71292634","chr5","2508969","2509278","50","68783352"
"chr3","71312703","71313008","chr7","87073863","87074158","49","15761160"
"chr3","71332482","71332756","chr22","5894128","5894395","46","65438354"
"chr3","71343555","71343829","chr15","47689273","47689547","48","23654282"
"chr3","71368145","71368426","chr9","40340643","40340923","40","31027502"
"chr3","71374312","71374617","chr1","168595556","168595859","45","97221244"
"chr3","71425133","71425425","chr19","25530991","25531280","46","45894142"
"chr3","71463081","71463380","chr1","170463129","170463431","47","99000048"
"chr3","71475561","71475871","chr15","72185705","72186015","40","710144"
"chr3","71510207","71510489","chr16","15201152","15201430","45","56309055"
"chr3","71624042","71624338","chr10","16033492","16033786","41","55590550"
"chr3","71627462","71627752","chrX","112207413","112207698","45","40579951"
"chr3","71641241","71641549","chr6","17068239","17068542","38","54573002"
"chr3","71644362","71644642","chr9","1932661","1932946","51","69711701"
"chr3","71664611","71664898","chr1","178591743","178592033","46","106927132"
"chr3","71685371","71685662","chr18","4154574","4154859","42","67530797"
"chr3","71768159","71768470","chr20","24549129","24549443","40","47219030"
"chr3","71772969","71773279","chr5","78562869","78563170","53","6789900"
"chr3","71800639","71800951","chr6","154513729","154514039","51","82713090"
"chr3","71803999","71804300","chr1","176500964","176501258","49","104696965"
"chr3","71823980","71824288","chr6","17920234","17920542","59","53903746"
"chr3","71833939","71834235","chr19","18248485","18248786","37","53585454"
"chr3","71842529","71842797","chrX","39387728","39387995","38","32454801"
"chr3","71917813","71918115","chr16","93102107","93102405","39","21184294"
"chr3","71942034","71942293","chr19","38769031","38769291","37","33173003"
"chr3","71965459","71965767","chr10","90431710","90432016","46","18466251"
"chr3","71983238","71983512","chrX","60275475","60275754","46","11707763"
"chr3","72019916","72020195","chr15","48393794","48394067","43","23626122"
"chr3","72029499","72029802","chr4","26335541","26335842","40","45693958"
"chr3","72038806","72039096","chr5","79752580","79752868","40","7713774"
"chr3","72047833","72048142","chr15","48420238","48420542","39","23627595"
"chr3","72052475","72052749","chr10","101732804","101733077","37","29680329"
"chr3","72054537","72054669","chr13","28207770","28207902","13","43846767"
"chr3","72084676","72084969","chr5","26961498","26961795","41","45123178"
"chr3","72104692","72104988","chr2","10593959","10594242","47","61510733"
"chr3","72163119","72163429","chr1","168595556","168595859","41","96432437"
"chr3","72170621","72170899","chr9","113874562","113874835","37","41703941"
"chr3","72211963","72212262","chr4","139472435","139472735","53","67260472"
"chr3","72219422","72219729","chr3","106655459","106655766","40","34436037"
"chr3","72277924","72278225","chr7","6894852","6895150","54","65383072"
"chr3","72308122","72308435","chr15","26045961","26046275","41","46262161"
"chr3","72352878","72353175","chr15","48731869","48732164","63","23621009"
"chr3","72360628","72360761","chr3","258844","258974","15","72101784"
"chr3","72369987","72370290","chr5","39910644","39910945","44","32459343"
"chr3","72420024","72420285","chr7","64112691","64112966","45","8307333"
"chr3","72425102","72425407","chr2","171330283","171330586","51","98905181"
"chr3","72461326","72461607","chr6","149817261","149817540","40","77355935"
"chr3","72482108","72482422","chr2","62697446","62697757","51","9784662"
"chr3","72484164","72484463","chr7","6894852","6895150","40","65589312"
"chr3","72485092","72485386","chr14","43386246","43386546","44","29098846"
"chr3","72489423","72489718","chr15","48875321","48875611","43","23614102"
"chr3","72490465","72490767","chr1","209770752","209771048","44","137280287"
"chr3","72493035","72493345","chrX","98649902","98650213","38","26156867"
"chr3","72493675","72493969","chrX","21213150","21213438","45","51280525"
"chr3","72501984","72502297","chr5","83113160","83113466","42","10611176"
"chr3","72521737","72521996","chr1","135413527","135413787","51","62891790"
"chr3","72525020","72525334","chr15","48911860","48912167","42","23613160"
"chr3","72535240","72535559","chr15","48921617","48921915","51","23613623"
"chr3","72551363","72551458","chr15","48938546","48938646","18","23612817"
"chr3","72556698","72557004","chr3","152941248","152941549","38","80384550"
"chr3","72560093","72560404","chr3","106655459","106655766","46","34095366"
"chr3","72569108","72569426","chr22","33981676","33981980","47","38587432"
"chr3","72575762","72576070","chrUn_GL286451","117883","118189","45","72457879"
"chr3","72611969","72612272","chr7","49632330","49632627","38","22979639"
"chr3","72635960","72636150","chr9","96883600","96883791","36","24247640"
"chr3","72636461","72636597","chr4","30889936","30890072","16","41746525"
"chr3","72637917","72638202","chr2","56700759","56701042","36","15937158"
"chr3","72639394","72639681","chr5","31371357","31371639","40","41268037"
"chr3","72657096","72657398","chr6","43666330","43666629","35","28990766"
"chr3","72666704","72667006","chr5","138347025","138347319","40","65680321"
"chr3","72684077","72684367","chr12","31252957","31253248","39","41431120"
"chr3","72734245","72734555","chr13","97340307","97340616","42","24606062"
"chr3","72828413","72828713","chr6","17068239","17068542","41","55760174"
"chr3","72846296","72846595","chr1","116057486","116057785","52","43211190"
"chr3","72851774","72852055","chr2","10414629","10414909","45","62437145"
"chr3","72853250","72853550","chr6","17068239","17068542","41","55785011"
"chr3","72859249","72859548","chr1","13954469","13954768","35","58904780"
"chr3","72862857","72863166","chr3","106655459","106655766","42","33792602"
"chr3","72865850","72866114","chr9","40913684","40913950","31","31952166"
"chr3","72886603","72886897","chr5","110918761","110919060","45","38032158"
"chr3","72901555","72901860","chr3","106655459","106655766","35","33753904"
"chr3","72905126","72905411","chr10","16033492","16033786","38","56871634"
"chr3","72909030","72909369","chr15","49307368","49307708","47","23601662"
"chr3","72920123","72920434","chrX","47176701","47177007","43","25743422"
"chr3","72944254","72944543","chr15","49355058","49355356","39","23589196"
"chr3","72950180","72950481","chr13","10244221","10244521","40","62705959"
"chr3","72952006","72952263","chr2","186383449","186383712","43","113431443"
"chr3","72955796","72956062","chrY","1998751","1999014","42","70957045"
"chr3","72967967","72968263","chr11","95879404","95879701","38","22911437"
"chr3","72970069","72970357","chr1","145176527","145176816","40","72206458"
"chr3","72971667","72971964","chr5","94234310","94234606","37","21262643"
"chr3","72975920","72976231","chr15","49389102","49389415","36","23586818"
"chr3","72979646","72979949","chr22","28997304","28997607","39","43982342"
"chr3","72988763","72989072","chr6","112846301","112846609","41","39857538"
"chr3","72989924","72990210","chr21","50309276","50309562","37","22680648"
"chr3","73004000","73004135","chrX","47303617","47303753","16","25700383"
"chr3","73004465","73004745","chr19","14781759","14782022","70","58222706"
"chr3","73007471","73007788","chr1","91574966","91575269","55","18567495"
"chr3","73015482","73015639","chr10","27469878","27470033","28","45545604"
"chr3","73015938","73016066","chr1","93004408","93004534","15","19988470"
"chr3","73049935","73050264","chr3","21104959","21105285","62","51944976"
"chr3","73073456","73073753","chr6","149299474","149299765","45","76226018"
"chr3","73084628","73084925","chr10","126070729","126071027","37","52986101"
"chr3","73091222","73091523","chr8","50068578","50068880","38","23022644"
"chr3","73112899","73113196","chr16","18789847","18790151","42","54323052"
"chr3","73116300","73116561","chr9","53519734","53519991","52","19596566"
"chr3","73120206","73120514","chr1","54676551","54676852","55","18443655"
"chr3","73125273","73125564","chr20","27822433","27822727","35","45302840"
"chr3","73129803","73130100","chr1","168595556","168595859","45","95465753"
"chr3","73149556","73149859","chr20","23337174","23337477","43","49812382"
"chr3","73202011","73202329","chr13","88836338","88836664","50","15634327"
"chr3","73203867","73204158","chr17","71835690","71835981","42","1368177"
"chr3","73218875","73219182","chr3","106655459","106655766","39","33436584"
"chr3","73221362","73221633","chr5","100268330","100268601","46","27046968"
"chr3","73256224","73256525","chr7","43502512","43502814","53","29753712"
"chr3","73386227","73386492","chr12","22003909","22004178","44","51382318"
"chr3","73395941","73396233","chr1","15931085","15931383","45","57464856"
"chr3","73439755","73440035","chr12","18122313","18122592","41","55317442"
"chr3","73501733","73502046","chr15","49896904","49897212","39","23604829"
"chr3","73537626","73537923","chr4","144687354","144687655","54","71149728"
"chr3","73617710","73618005","chr15","50013765","50014056","34","23603945"
"chr3","73654441","73654714","chr2","61443543","61443817","38","12210898"
"chr3","73689658","73689938","chr21","37626132","37626413","52","36063526"
"chr3","73806037","73806332","chr5","5052462","5052757","35","68753575"
"chr3","73846670","73846978","chr5","7574884","7575188","45","66271786"
"chr3","73867341","73867634","chr15","50271041","50271329","44","23596300"
"chr3","73872666","73872963","chr6","121980325","121980621","42","48107659"
"chr3","73935796","73936085","chr16","54091968","54092259","36","19843828"
"chr3","73960156","73960443","chr9","17803887","17804180","48","56156269"
"chr3","74037213","74037514","chr12","79143458","79143759","37","5106245"
"chr3","74180457","74180764","chr2","858886","859191","41","73321571"
"chr3","74298946","74299223","chr15","50711995","50712274","41","23586951"
"chr3","74303412","74303697","chr15","50716880","50717164","41","23586532"
"chr3","74309121","74309360","chrX","117776653","117776896","37","43467532"
"chr3","74391714","74391955","chr16","22459303","22459543","42","51932411"
"chr3","74634318","74634622","chr7","130262321","130262624","41","55628003"
"chr3","74644880","74645192","chr10","47337774","47338089","57","27307106"
"chr3","74651138","74651263","chr4","34136029","34136154","19","40515109"
"chr3","74656385","74656677","chr7","32099825","32100120","37","42556560"
"chr3","74657046","74657329","chr2","68259262","68259539","47","6397784"
"chr3","74697153","74697459","chr9","11967801","11968108","47","62729352"
"chr3","74716724","74717039","chr1","27883875","27884177","46","46832849"
"chr3","74793857","74794089","chr14","33885170","33885411","42","40908687"
"chr3","74817785","74818065","chr14","86364378","86364659","49","11546593"
"chr3","74823136","74823384","chr5","112590131","112590377","39","37766995"
"chr3","74966003","74966313","chr15","51362251","51362553","46","23603752"
"chr3","75071457","75071771","chr7","58614178","58614486","53","16457279"
"chr3","75132292","75132593","chr5","92860881","92861172","49","17728589"
"chr3","75159245","75159515","chr10","101732804","101733077","43","26573559"
"chr3","75204989","75205293","chr7","42669887","42670194","41","32535102"
"chr3","75205601","75205903","chr22","33981676","33981980","65","41223925"
"chr3","75222486","75222773","chr9","55549395","55549685","42","19673091"
"chr3","75253137","75253292","chr5","64547457","64547612","28","10705680"
"chr3","75253600","75253734","chr20","22715714","22715849","16","52537886"
"chr3","75375936","75376230","chr5","38614488","38614784","46","36761448"
"chr3","75377571","75377873","chr5","38614488","38614784","44","36763083"
"chr3","75387184","75387479","chr5","143023404","143023700","45","67636220"
"chr3","75387847","75388100","chr7","7568971","7569223","36","67818876"
"chr3","75424868","75425173","chr13","43694410","43694711","49","31730458"
"chr3","75439335","75439435","chr5","61767950","61768048","16","13671385"
"chr3","75440543","75440843","chr7","32099825","32100120","43","43340718"
"chr3","75457603","75457907","chr10","88500487","88500786","47","13042884"
"chr3","75461216","75461507","chr7","89217839","89218129","43","13756623"
"chr3","75482736","75483038","chr1","12491044","12491347","40","62991692"
"chr3","75491579","75491872","chr10","16033492","16033786","37","59458087"
"chr3","75508642","75508769","chr5","43243010","43243135","16","32265632"
"chr3","75512479","75512773","chr22","7822716","7823014","51","67689763"
"chr3","75519280","75519500","chr22","4284952","4285161","38","71234328"
"chr3","75545015","75545302","chr2","63538769","63539061","41","12006246"
"chr3","75560217","75560519","chr3","84743220","84743519","44","9183003"
"chr3","75563267","75563578","chr9","116937360","116937671","44","41374093"
"chr3","75574356","75574559","chr12","5351694","5351910","35","70222662"
"chr3","75594455","75594748","chr1","185728260","185728548","46","110133805"
"chr3","75596801","75597084","chr2","144993605","144993886","55","69396804"
"chr3","75676841","75677113","chr7","67348821","67349091","43","8328020"
"chr3","75703249","75703556","chr13","117868513","117868819","41","42165264"
"chr3","75708989","75709299","chr18","39712282","39712591","43","35996707"
"chr3","75722538","75722823","chr22","17195235","17195526","43","58527303"
"chr3","75775574","75775870","chr4","36522598","36522895","36","39252976"
"chr3","75843058","75843368","chr7","66105076","66105385","41","9737982"
"chr3","75855028","75855310","chrX","90779672","90779951","44","14924644"
"chr3","76329214","76329517","chr2","9745444","9745747","52","66583770"
"chr3","76335174","76335481","chr3","106655459","106655766","33","30320285"
"chr3","76540791","76541089","chr3","185536800","185537102","51","108996009"
"chr3","76634291","76634586","chr21","35042984","35043281","36","41591307"
"chr3","76834374","76834665","chr21","16751096","16751409","50","60083278"
"chr3","76849905","76850167","chrX","107604347","107604604","38","30754442"
"chr3","76888087","76888370","chr5","151707348","151707630","52","74819261"
"chr3","76915379","76915697","chr9","99935150","99935455","49","23019771"
"chr3","76921330","76921608","chr21","16653085","16653362","45","60268245"
"chr3","76967231","76967506","chr21","16608254","16608524","44","60358977"
"chr3","76992814","76993117","chr5","74833270","74833574","45","2159544"
"chr3","77018118","77018380","chr17","17051820","17052085","49","59966298"
"chr3","77022088","77022409","chr1","201369278","201369591","53","124347190"
"chr3","77143175","77143495","chr7","30011356","30011665","50","47131819"
"chr3","77286257","77286555","chr2","18780256","18780558","41","58506001"
"chr3","77311805","77312101","chr17","73944491","73944782","43","3367314"
"chr3","77335143","77335428","chr21","16234945","16235213","53","61100198"
"chr3","77353520","77353810","chr11","67036150","67036441","34","10317370"
"chr3","77376151","77376456","chr12","110699815","110700119","41","33323664"
"chr3","77425670","77425962","chr13","27345362","27345654","43","50080308"
"chr3","77494295","77494602","chr3","177773552","177773857","44","100279257"
"chr3","77666797","77667105","chr12","107084348","107084652","53","29417551"
"chr3","77908768","77909059","chr12","50226392","50226683","57","27682376"
"chr3","78097666","78097935","chr9","99317171","99317443","60","21219505"
"chr3","78133999","78134298","chr12","27534382","27534671","47","50599617"
"chr3","78185845","78186138","chr15","67795755","67796054","44","10390090"
"chr3","78236210","78236530","chr21","15353496","15353828","54","62882714"
"chr3","78341955","78342230","chr22","41649645","41649920","39","36692310"
"chr3","78368216","78368524","chr16","93102107","93102405","55","14733891"
"chr3","78403623","78403885","chr14","99209757","99210013","42","20806134"
"chr3","78767272","78767565","chr15","49359997","49360293","45","29407275"
"chr3","78806813","78807107","chr4","162252003","162252294","41","83445190"
"chr3","78882813","78883112","chr7","6894852","6895150","41","71987961"
"chr3","78922594","78922895","chr1","14801910","14802204","55","64120684"
"chr3","78929521","78929804","chr7","80101657","80101936","48","1172136"
"chr3","78968269","78968555","chr21","14652888","14653178","56","64315381"
"chr3","78982622","78982910","chr8","73347268","73347561","53","5635354"
"chr3","78996205","78996332","chr1","106475084","106475215","21","27478879"
"chr3","79020410","79020718","chr1","108449426","108449742","48","29429016"
"chr3","79176473","79176759","chr9","1932661","1932946","51","77243812"
"chr3","79213813","79214101","chr5","64893350","64893634","47","14320463"
"chr3","79836159","79836447","chrX","39377586","39377872","41","40458573"
"chr3","79916181","79916458","chrX","108677319","108677604","55","28761138"
"chr3","79917983","79918288","chr19","928887","929192","46","78989096"
"chr3","79987982","79988258","chr10","60017760","60018041","51","19970222"
"chr3","80252011","80252284","chr2","10652839","10653117","47","69599172"
"chr3","80344662","80344966","chr9","84995814","84996115","53","4651152"
"chr3","80356369","80356671","chr22","15341421","15341725","52","65014948"
"chr3","80437346","80437632","chrX","44889593","44889883","43","35547753"
"chr3","80501285","80501571","chr4","38209077","38209362","40","42292208"
"chr3","80510071","80510356","chr9","1932661","1932946","47","78577410"
"chr3","80614411","80614687","chr17","74719132","74719405","51","5895279"
"chr3","80716900","80717200","chr17","69358056","69358361","52","11358844"
"chr3","80808524","80808824","chr2","62689969","62690263","51","18118555"
"chr3","80812848","80813152","chr13","35663090","35663393","48","45149758"
"chr3","80820159","80820252","chr14","1248488","1248582","18","79571671"
"chr3","80820281","80820400","chr19","27203151","27203268","14","53617130"
"chr3","80878354","80878644","chr12","5004234","5004527","62","75874120"
"chr3","80879872","80880198","chr3","106655459","106655766","60","25775587"
"chr3","81044901","81045209","chrX","97185025","97185330","49","16140124"
"chr3","81101561","81101870","chr6","17068239","17068542","50","64033322"
"chr3","81273739","81274037","chr11","121808191","121808491","45","40534452"
"chr3","81283228","81283517","chr5","43613189","43613474","45","37670039"
"chr3","81292276","81292561","chr1","193536597","193536890","60","112244321"
"chr3","81345980","81346197","chr2","129050027","129050247","37","47704047"
"chr3","81442357","81442523","chr4","12971475","12971647","36","68470882"
"chr3","81442570","81442692","chrX","51323907","51324028","21","30118663"
"chr3","81501687","81501991","chr18","39712282","39712591","62","41789405"
"chr3","81568155","81568412","chr14","10657124","10657381","41","70911031"
"chr3","81747399","81747552","chr1","174801627","174801776","29","93054228"
"chr3","81747985","81748130","chr7","89215000","89215145","27","7467015"
"chr3","81803231","81803531","chr1","96660011","96660313","44","14856780"
"chr3","81829248","81829540","chr7","87849905","87850200","46","6020657"
"chr3","81833096","81833351","chr9","35933144","35933389","48","45899952"
"chr3","81907978","81908243","chr21","11872042","11872307","35","70035936"
"chr3","81918395","81918695","chr7","106080561","106080866","49","24162166"
"chr3","82009860","82010151","chr6","149644095","149644385","42","67634235"
"chr3","82099877","82100183","chr2","13907185","13907481","45","68192692"
"chr3","82240251","82240548","chr14","83739394","83739686","45","1499143"
"chr3","82242964","82243253","chr22","29440537","29440826","36","52802427"
"chr3","82252606","82252859","chr1","75454262","75454514","39","6798344"
"chr3","82417643","82417903","chr7","28543437","28543698","43","53874206"
"chr3","82422611","82422923","chr14","79148123","79148432","43","3274488"
"chr3","82473337","82473624","chr11","110468078","110468372","50","27994741"
"chr3","82482513","82482834","chr7","87486903","87487227","56","5004390"
"chr3","82562535","82562838","chr7","19310248","19310549","48","63252287"
"chr3","82727375","82727675","chr3","110841997","110842295","47","28114622"
"chr3","82774133","82774409","chr6","47712422","47712699","46","35061711"
"chr3","82789456","82789701","chr14","83437585","83437826","49","648129"
"chr3","82855394","82855671","chr7","114227","114501","54","82741167"
"chr3","82862501","82862806","chr2","94274126","94274432","58","11411625"
"chr3","82915021","82915308","chr5","80700303","80700590","40","2214718"
"chr3","83118577","83118756","chr6","14303599","14303767","36","68814978"
"chr3","83292570","83292860","chr20","22352633","22352926","43","60939937"
"chr3","83363339","83363645","chr3","80802077","80802383","50","2561262"
"chr3","83491280","83491507","chr10","129233997","129234227","43","45742717"
"chr3","83928104","83928384","chr5","4945468","4945747","46","78982636"
"chr3","83977808","83978109","chr21","10017345","10017645","60","73960463"
"chr3","84079128","84079436","chr22","33981676","33981980","50","50097452"
"chr3","84114579","84114875","chr8","1566381","1566676","54","82548198"
"chr3","84152492","84152756","chr8","25287298","25287560","46","58865194"
"chr3","84227304","84227603","chr19","31848849","31849148","52","52378455"
"chr3","84395430","84395633","chr7","6194523","6194727","32","78200907"
"chr3","84464762","84465076","chr6","43666330","43666629","47","40798432"
"chr3","84775318","84775617","chr7","106080561","106080866","49","21305243"
"chr3","84809323","84809623","chr4","71892953","71893250","50","12916370"
"chr3","84838299","84838539","chr22","7828226","7828466","42","77010073"
"chr3","84859659","84859945","chr14","37265042","37265338","56","47594617"
"chr3","84878106","84878385","chr5","80700303","80700590","42","4177803"
"chr3","84953484","84953748","chr9","40913684","40913950","49","44039800"
"chr3","85086510","85086804","chr2","32666490","32666789","46","52420020"
"chr3","85116045","85116325","chrX","105924911","105925188","43","20808866"
"chr3","85116922","85117243","chr10","76979144","76979458","66","8137778"
"chr3","85144330","85144620","chr5","79752580","79752868","43","5391750"
"chr3","85168055","85168354","chr12","32783630","32783928","50","52384425"
"chr3","85180235","85180537","chr2","8957058","8957360","55","76223177"
"chr3","85262983","85263292","chr8","12048075","12048386","51","73214908"
"chr3","85282252","85282569","chr16","18789847","18790151","66","66492405"
"chr3","85346984","85347250","chr15","35391248","35391520","47","49955736"
"chr3","85411839","85412129","chr8","104929951","104930243","60","19518112"
"chr3","85507183","85507488","chr15","17424364","17424665","43","68082819"
"chr3","85549624","85549923","chr15","74701087","74701396","53","10848537"
"chr3","85596746","85597016","chr1","138060195","138060467","50","52463449"
"chr3","85731966","85732278","chr12","31281547","31281855","53","54450419"
"chr3","85809309","85809583","chr4","15343198","15343471","46","70466111"
"chr3","85810533","85810839","chr1","12491044","12491347","43","73319489"
"chr3","85822302","85822583","chr19","6867541","6867823","40","78954761"
"chr3","85859209","85859531","chr8","89746565","89746876","50","3887356"
"chr3","85873386","85873680","chr10","16033492","16033786","50","69839894"
"chr3","85885255","85885390","chr2","46890643","46890775","15","38994612"
"chr3","85885703","85885871","chrX","106480049","106480214","27","20594346"
"chr3","85999218","85999528","chr2","11642004","11642310","55","74357214"
"chr3","86148619","86148884","chrX","39387728","39387995","45","46760891"
"chr3","86172435","86172730","chr5","38614488","38614784","37","47557947"
"chr3","86287340","86287637","chr7","53849584","53849881","38","32437756"
"chr3","86344461","86344750","chr1","160994574","160994850","55","74650113"
"chr3","86351286","86351594","chr13","16635261","16635571","50","69716025"
"chr3","86363583","86363892","chr6","22245167","22245459","64","64118416"
"chr3","86412413","86412733","chr6","112846301","112846609","55","26433888"
"chr3","86618559","86618873","chr2","48004660","48004970","47","38613899"
"chr3","86788479","86788787","chr7","103841183","103841481","59","17052704"
"chr3","86818999","86819132","chr5","110490948","110491082","19","23671949"
"chr3","86824032","86824311","chr7","70755193","70755479","52","16068839"
"chr3","86835015","86835299","chr12","15887217","15887500","48","70947798"
"chr3","86907932","86908200","chr2","142087955","142088225","55","55180023"
"chr3","86931186","86931492","chr11","82257931","82258225","55","4673255"
"chr3","87248373","87248595","chr3","39911346","39911569","41","47337027"
"chr3","87278888","87279181","chr7","6894852","6895150","39","80384036"
"chr3","87290072","87290379","chr8","50068578","50068880","46","37221494"
"chr3","87339404","87339719","chr9","8886595","8886904","52","78452809"
"chr3","87478805","87479094","chr7","154135617","154135914","50","66656812"
"chr3","87538592","87538920","chr5","96896431","96896755","43","9357839"
"chr3","87622150","87622447","chr3","138159195","138159493","43","50537045"
"chr3","87622979","87623275","chr21","6736041","6736336","51","80886938"
"chr3","87695373","87695669","chr1","27883875","27884177","47","59811498"
"chr3","87862808","87863115","chrX","47176701","47177007","44","40686107"
"chr3","87894277","87894557","chr2","69001988","69002268","47","18892289"
"chr3","87899584","87899884","chr14","43386246","43386546","48","44513338"
"chr3","87928048","87928344","chr19","28092505","28092800","35","59835543"
"chr3","87967169","87967459","chr14","83739394","83739686","38","4227775"
"chr3","87981190","87981494","chr2","40027152","40027454","43","47954038"
"chr3","87988599","87988876","chr6","140229338","140229620","56","52240739"
"chr3","88011617","88011881","chrX","39387728","39387995","30","48623889"
"chr3","88019547","88019843","chr5","26961498","26961795","32","61058049"
"chr3","88104859","88105148","chr7","89217839","89218129","43","1112980"
"chr3","88106326","88106642","chr6","17068239","17068542","50","71038087"
"chr3","88136913","88137218","chr2","31372053","31372354","38","56764860"
"chr3","88154861","88155158","chr2","19920919","19921219","38","68233942"
"chr3","88175876","88176177","chr2","31372053","31372354","37","56803823"
"chr3","88176548","88176609","chr5","2158171","2158229","10","86018377"
"chr3","88202576","88202881","chr2","59389250","59389550","43","28813326"
"chr3","88234071","88234374","chr5","26961498","26961795","47","61272573"
"chr3","88279864","88280162","chr5","95670175","95670475","48","7390311"
"chr3","88320136","88320404","chr4","15785027","15785292","44","72535109"
"chr3","88357764","88358013","chr12","22389929","22390185","59","65967835"
"chr3","88415989","88416299","chr4","82226247","82226558","42","6189742"
"chr3","88445170","88445466","chr3","12120919","12121229","73","76324251"
"chr3","88449886","88450168","chr5","140667099","140667381","41","52217213"
"chr3","88458142","88458450","chr13","31331915","31332215","46","57126227"
"chr3","88572067","88572381","chr5","4793924","4794233","55","83778143"
"chr3","88727630","88727872","chr1","195731409","195731652","57","107003779"
"chr3","89024263","89024548","chr2","11710590","11710879","51","77313673"
"chr3","89197694","89198000","chr2","138937103","138937408","46","49739409"
"chr3","89224567","89224850","chrUn_GL286838","5758","6037","38","89218809"
"chr3","89224887","89224897","chr5","92524075","92524085","1","3299188"
"chr3","89297753","89298063","chr5","38171978","38172283","40","51125775"
"chr3","89324156","89324485","chr3","153217268","153217573","63","63893112"
"chr3","89390317","89390619","chr2","183662984","183663286","42","94272667"
"chr3","89402697","89402977","chr13","77817069","77817345","52","11585628"
"chr3","89490358","89490626","chr5","32832396","32832663","49","56657962"
"chr3","89514822","89515092","chr7","90166386","90166659","56","651564"
"chr3","89531532","89531822","chrX","64499599","64499886","41","25031933"
"chr3","89556200","89556330","chr20","22715714","22715849","17","66840486"
"chr3","89688890","89689155","chr4","159733342","159733603","43","70044452"
"chr3","89709792","89710093","chr14","33676707","33677002","48","56033085"
"chr3","89720423","89720715","chr12","107434396","107434687","39","17713973"
"chr3","89824334","89824601","chr21","4721703","4721965","45","85102631"
"chr3","89847310","89847590","chrX","123830034","123830308","46","33982724"
"chr3","90113666","90113968","chr6","17068239","17068542","42","73045427"
"chr3","90248659","90248971","chr11","118075028","118075334","56","27826369"
"chr3","91324121","91324427","chr2","13687630","13687935","44","77636491"
"chr3","91351243","91351545","chr3","106655459","106655766","39","15304216"
"chr3","91418716","91418978","chr13","96867627","96867888","57","5448911"
"chr3","91429081","91429369","chr5","94234310","94234606","36","2805229"
"chr3","91449947","91450262","chr5","139161299","139161606","46","47711352"
"chr3","91466030","91466322","chr17","58313486","58313777","41","33152544"
"chr3","93918729","93918843","chr1","177950789","177950906","19","84032060"
"chr3","93965687","93966002","chrX","23750481","23750780","53","70215206"
"chr3","93971060","93971402","chr14","85439538","85439863","54","8531522"
"chr3","93989991","93990307","chr8","97594661","97594975","46","3604670"
"chr3","93992795","93993104","chr3","164779921","164780228","60","70787126"
"chr3","94030225","94030531","chr5","110862498","110862806","48","16832273"
"chr3","94034954","94035257","chr10","22559240","22559536","41","71475714"
"chr3","94116986","94117299","chr1","25957169","25957480","52","68159817"
"chr3","94254631","94254942","chr21","3992413","3992720","36","90262218"
"chr3","94490710","94490978","chr5","96907597","96907869","54","2416887"
"chr3","94905361","94905644","chr19","5095615","5095894","43","89809746"
"chr3","94910857","94911153","chr5","69022445","69022742","38","25888412"
"chr3","94919110","94919369","chr1","169039954","169040219","46","74120844"
"chr3","94928257","94928511","chr14","84132948","84133193","52","10795309"
"chr3","95264699","95265008","chr3","106655459","106655766","41","11390760"
"chr3","95294109","95294405","chr5","41077820","41078119","43","54216289"
"chr3","95314764","95315025","chr2","151454707","151454964","49","56139943"
"chr3","95326553","95326834","chr5","38801240","38801522","54","56525313"
"chr3","95414400","95414522","chr7","46435641","46435758","15","48978759"
"chr3","95414550","95414746","chr14","94170216","94170394","48","1244334"
"chr3","95495566","95495892","chr7","54586977","54587300","54","40908589"
"chr3","95499026","95499314","chr2","37096231","37096518","50","58402795"
"chr3","95508503","95508751","chr1","141368780","141369029","46","45860277"
"chr3","95619043","95619306","chr8","37025846","37026103","41","58593197"
"chr3","95656379","95656667","chr1","145176527","145176816","43","49520148"
"chr3","95747379","95747667","chr12","29333369","29333657","41","66414010"
"chr3","95768330","95768618","chr1","167896166","167896465","64","72127836"
"chr3","95836884","95837182","chr4","36522598","36522895","49","59314286"
"chr3","95893290","95893589","chr17","72866963","72867249","47","23026327"
"chr3","95957880","95958145","chr6","104770826","104771089","45","8812946"
"chr3","96149322","96149605","chr2","152265184","152265469","52","56115862"
"chr3","96164999","96165269","chrX","118258396","118258668","40","22093397"
"chr3","96222989","96223299","chr5","57519579","57519877","45","38703410"
"chr3","96256172","96256287","chr7","22695493","22695605","17","73560679"
"chr3","96323266","96323550","chr19","21880557","21880833","61","74442709"
"chr3","96446207","96446493","chr4","38209077","38209362","38","58237130"
"chr3","96848367","96848635","chr7","67348821","67349091","50","29499546"
"chr3","96890805","96891091","chr19","6867541","6867823","37","90023264"
"chr3","97110527","97110828","chrX","135739701","135740002","42","38629174"
"chr3","97319391","97319697","chr6","17068239","17068542","46","80251152"
"chr3","97442303","97442574","chr12","86958880","86959157","46","10483423"
"chr3","97537581","97537878","chr5","120684415","120684709","38","23146834"
"chr3","97539136","97539444","chr21","725885","726194","48","96813251"
"chr3","97786066","97786351","chr7","103328929","103329224","53","5542863"
"chr3","97794804","97795081","chr4","25097592","25097871","47","72697212"
"chr3","97850870","97851150","chr22","15031094","15031376","42","82819776"
"chr3","97920542","97920829","chr10","16033492","16033786","36","81887050"
"chr3","97953383","97953682","chr7","6894852","6895150","35","91058531"
"chr3","97985860","97986165","chr22","33981676","33981980","42","64004184"
"chr3","98015217","98015495","chr15","27957096","27957370","51","70058121"
"chr3","98018828","98019138","chr15","17053141","17053444","49","80965687"
"chr3","98020886","98021164","chrUn_GL286373","1632949","1633226","41","96387937"
"chr3","98080127","98080426","chr11","16209591","16209894","43","81870536"
"chr3","98103540","98103849","chr16","19592451","19592765","47","78511089"
"chr3","98269724","98270020","chr12","23468748","23469043","46","74800976"
"chr3","98386536","98386849","chr5","94188648","94188957","46","4197888"
"chr3","98463974","98464265","chr11","43485145","43485437","43","54978829"
"chr3","98513404","98513696","chr20","27822433","27822727","36","70690971"
"chr3","98538905","98539231","chr4","160766248","160766567","53","62227343"
"chr3","98615538","98615833","chr1","139627000","139627300","44","41011462"
"chr3","98643888","98644186","chr5","38614488","38614784","40","60029400"
"chr3","98667024","98667322","chr2","151564441","151564740","45","52897417"
"chr3","98668942","98669237","chrX","51675800","51676098","48","46993142"
"chr3","98718000","98718304","chr9","35373116","35373420","44","63344884"
"chr3","98721485","98721796","chr3","106655459","106655766","43","7933974"
"chr3","98731549","98731818","chr3","6494628","6494898","44","92236921"
"chr3","98757833","98758138","chr15","27958493","27958791","38","70799340"
"chr3","98761326","98761626","chrX","111591699","111591994","37","12830373"
"chr3","98813267","98813531","chr15","98081597","98081855","42","731670"
"chr3","98831070","98831350","chr3","104200381","104200654","54","5369311"
"chr3","98944739","98944941","chr12","109546877","109547082","23","10602138"
"chr3","99014247","99014554","chr7","66105076","66105385","40","32909171"
"chr3","99200685","99200947","chrX","39387728","39387995","42","59812957"
"chr3","99323818","99324101","chr7","3228654","3228932","48","96095164"
"chr3","99414704","99415004","chr1","206265216","206265515","57","106850512"
"chr3","99517521","99517820","chrX","16692831","16693132","49","82824690"
"chr3","99662097","99662397","chr3","152941248","152941549","47","53279151"
"chr3","99692878","99693211","chr8","111387283","111387601","66","11694405"
"chr3","99694201","99694501","chr15","97165749","97166043","33","2528452"
"chr3","99750033","99750356","chr9","98029843","98030162","49","1720190"
"chr3","99797273","99797571","chr5","26961498","26961795","37","72835775"
"chr3","99832561","99832857","chr6","17068239","17068542","37","82764322"
"chr3","99897077","99897382","chr9","35311470","35311770","47","64585607"
"chr3","99954544","99954845","chr4","26335541","26335842","31","73619003"
"chr3","99987247","99987558","chr7","27825392","27825700","42","72161855"
"chr3","100074676","100074993","chr12","27257719","27258031","47","72816957"
"chr3","100154690","100154996","chr21","32861641","32861942","46","67293049"
"chr3","100162692","100162990","chr10","29910934","29911230","37","70251758"
"chr3","100175284","100175370","chr15","96664922","96665008","13","3510362"
"chr3","100207478","100207781","chr5","42661443","42661746","40","57546035"
"chr3","100212189","100212385","chr1","184351715","184351894","46","84139526"
"chr3","100212694","100212815","chrUn_GL286373","488043","488175","19","99724651"
"chr3","100219960","100220255","chr8","94858581","94858875","36","5361379"
"chr3","100222314","100222533","chrX","29405120","29405341","39","70817194"
"chr3","100243619","100243933","chr5","110918761","110919060","53","10675142"
"chr3","100262443","100262745","chr3","2808599","2808903","40","97453844"
"chr3","100286499","100286795","chr5","69022445","69022742","43","31264054"
"chr3","100286813","100287112","chr6","16475804","16476108","49","83811009"
"chr3","100291301","100291598","chr5","106897987","106898285","38","6606686"
"chr3","100302577","100302887","chr15","96538976","96539288","45","3763601"
"chr3","100316811","100317098","chr6","132814369","132814657","49","32497558"
"chr3","100326279","100326560","chr2","10414629","10414909","47","89911650"
"chr3","100353767","100354071","chr4","21748719","21749015","48","78605048"
"chr3","100357634","100357941","chr6","112846301","112846609","43","12488667"
"chr3","100357942","100358078","chr2","40803885","40804020","16","59554057"
"chr3","100371260","100371566","chr3","106655459","106655766","42","6284199"
"chr3","100383240","100383536","chr1","16572140","16572438","48","83811100"
"chr3","100390546","100390855","chr13","18393383","18393690","47","81997163"
"chr3","100417365","100417678","chr18","39712282","39712591","50","60705083"
"chr3","100483813","100484125","chrX","17643801","17644105","65","82840012"
"chr3","100499598","100499867","chr15","96340200","96340468","38","4159398"
"chr3","100503111","100503404","chr15","96336291","96336585","36","4166820"
"chr3","100576031","100576168","chr6","44109882","44110016","20","56466149"
"chr3","100576465","100576648","chr4","156579178","156579353","31","56002713"
"chr3","100612894","100613189","chr1","98572733","98573027","36","2040161"
"chr3","100628366","100628655","chr7","49632330","49632627","44","50996036"
"chr3","100681301","100681605","chr19","23614950","23615254","39","77066351"
"chr3","100714218","100714512","chr9","115637925","115638221","38","14923707"
"chr3","101103864","101104174","chr5","94532768","94533076","44","6571096"
"chr3","101273917","101274215","chr2","10406818","10407122","43","90867099"
"chr3","101283023","101283320","chr6","111500773","111501060","45","10217750"
"chr3","101402342","101402635","chr3","84743220","84743519","41","16659122"
"chr3","101496579","101496877","chr7","145693234","145693534","46","44196655"
"chr3","101506021","101506319","chr20","22923582","22923882","37","78582439"
"chr3","101531272","101531520","chr4","134634648","134634893","33","33103376"
"chr3","101541461","101541764","chr20","22923582","22923882","35","78617879"
"chr3","101559463","101559593","chr7","74506681","74506813","20","27052782"
"chr3","101561335","101561645","chr3","106655459","106655766","40","5094124"
"chr3","101583640","101583817","chr12","4348306","4348486","35","97235334"
"chr3","101583843","101583962","chr5","108582680","108582799","15","6998837"
"chr3","101585889","101586197","chr20","39698806","39699117","40","61887083"
"chr3","101603075","101603356","chr9","59049377","59049667","44","42553698"
"chr3","101617353","101617643","chr1","178778640","178778928","50","77161287"
"chr3","101663609","101663915","chr15","22401594","22401899","49","79262015"
"chr3","101669036","101669325","chr10","1395123","1395420","52","100273913"
"chr3","101716298","101716607","chr15","24683449","24683755","55","77032849"
"chr3","101772146","101772442","chr19","17553942","17554236","39","84218204"
"chr3","101776214","101776501","chrX","17311528","17311802","47","84464686"
"chr3","101786941","101787161","chr5","144917439","144917669","46","43130498"
"chr3","101798603","101798919","chr6","17068239","17068542","46","84730364"
"chr3","101811728","101812036","chr2","171387900","171388203","47","69576172"
"chr3","101815582","101815716","chr1","172218988","172219121","18","70403406"
"chr3","101816014","101816172","chr10","43520058","43520215","29","58295956"
"chr3","101863363","101863656","chr8","94858581","94858875","42","7004782"
"chr3","101864837","101865140","chr5","26961498","26961795","42","74903339"
"chr3","101878279","101878573","chr1","74568224","74568517","43","27310055"
"chr3","101928451","101928753","chr19","36193930","36194231","43","65734521"
"chr3","101973542","101973848","chr10","117620910","117621216","37","15647368"
"chr3","101987614","101987899","chr10","16033492","16033786","42","85954122"
"chr3","102039101","102039392","chr5","116508981","116509268","45","14469880"
"chr3","102120602","102120733","chr22","13626756","13626878","27","88493846"
"chr3","102121302","102121602","chr15","94642906","94643195","44","7478396"
"chr3","102137654","102137940","chr7","144985148","144985434","42","42847494"
"chr3","102372770","102373063","chr2","131494666","131494962","48","29121896"
"chr3","102544513","102544789","chr15","5581821","5582099","56","96962692"
"chr3","102575400","102575699","chr9","91425073","91425372","40","11150327"
"chr3","102628698","102628997","chr5","26961498","26961795","40","75667200"
"chr3","102704662","102704961","chrX","10725445","10725745","43","91979217"
"chr3","102797814","102798119","chr15","72185705","72186015","49","30612109"
"chr3","102951406","102951700","chr5","97230184","97230466","72","5721222"
"chr3","103079641","103079934","chr5","86321736","86322032","45","16757905"
"chr3","103137710","103137961","chr14","17266814","17267069","55","85870896"
"chr3","103250949","103251298","chr22","24847365","24847700","82","78403584"
"chr3","103272851","103273118","chr7","59156437","59156699","54","44116414"
"chr3","103405036","103405324","chr13","17828369","17828649","54","85576667"
"chr3","103485764","103486077","chr5","132911388","132911700","49","29425624"
"chr3","103510096","103510394","chr5","26961498","26961795","44","76548598"
"chr3","103586807","103587085","chr11","80167472","80167746","41","23419335"
"chr3","103610166","103610450","chr5","31371357","31371639","40","72238809"
"chr3","103666573","103666882","chr3","84624674","84624979","48","19041899"
"chr3","103849879","103850191","chr12","53915624","53915933","46","49934255"
"chr3","103901522","103901754","chr7","24573963","24574211","56","79327559"
"chr3","103902592","103902867","chr17","36389659","36389923","74","67512933"
"chr3","104083235","104083545","chr7","66105076","66105385","48","37978159"
"chr3","104321964","104322227","chr5","91114789","91115054","42","13207175"
"chr3","104452870","104453194","chr3","21104959","21105285","73","83347911"
"chr3","104520937","104521219","chr7","77939337","77939621","51","26581600"
"chr3","104557625","104557911","chr9","111461476","111461764","40","6903851"
"chr3","104942701","104943000","chr6","17068239","17068542","44","87874462"
"chr3","105117084","105117408","chr15","91826668","91826998","52","13290416"
"chr3","105139742","105140033","chr1","98572733","98573027","40","6567009"
"chr3","105267153","105267458","chr15","91671657","91671959","51","13595496"
"chr3","105329138","105329447","chr2","137593855","137594162","43","32264717"
"chr3","105454654","105454979","chr13","97340307","97340616","58","8114347"
"chr3","105568049","105568390","chr5","72704603","72704922","61","32863446"
"chr3","105573039","105573353","chr12","18910665","18910972","52","86662374"
"chr3","105673068","105673366","chr1","202849760","202850061","48","97176692"
"chr3","105924215","105924512","chr4","15382674","15382968","41","90541541"
"chr3","106037934","106038197","chr15","90940208","90940470","24","15097726"
"chr3","106079197","106079442","chr7","14985535","14985782","48","91093662"
"chr3","106116579","106116862","chr16","5203422","5203693","50","100913157"
"chr3","106351237","106351538","chr1","15931085","15931383","51","90420152"
"chr3","106441145","106441454","chr6","21189464","21189769","42","85251681"
"chr3","106608780","106609101","chr17","54870851","54871173","58","51737929"
"chr3","106614232","106614541","chrX","47176701","47177007","42","59437531"
"chr3","106761708","106762024","chr13","58808680","58808991","46","47953028"
"chr3","106782561","106782865","chr4","158922649","158922955","43","52140088"
"chr3","106834784","106835088","chr12","55846958","55847262","40","50987826"
"chr3","106854736","106855037","chr10","16169668","16169965","45","90685068"
"chr3","106871042","106871315","chr11","59768514","59768788","47","47102528"
"chr3","106895901","106896152","chr7","76962950","76963202","37","29932951"
"chr3","107015350","107015631","chr17","69931558","69931839","38","37083792"
"chr3","107035700","107036003","chr5","83113160","83113466","44","23922540"
"chr3","107166077","107166378","chr15","89779630","89779926","45","17386447"
"chr3","107185955","107186232","chr1","168355505","168355788","44","61169550"
"chr3","107243601","107243899","chr19","24203448","24203737","52","83040153"
"chr3","107278002","107278300","chr2","63088442","63088738","38","44189560"
"chr3","107286603","107286896","chr9","18829703","18829990","34","88456900"
"chr3","107330521","107330827","chr3","138159195","138159493","40","30828674"
"chr3","107364187","107364502","chr20","26623765","26624068","43","80740422"
"chr3","107369359","107369581","chr2","127376089","127376316","54","20006730"
"chr3","107378970","107379271","chr5","40811415","40811717","44","66567555"
"chr3","107388330","107388613","chr4","121116021","121116303","40","13727691"
"chr3","107391345","107391626","chr15","71815852","71816139","38","35575493"
"chr3","107413620","107413916","chr12","100785810","100786105","40","6627810"
"chr3","107451765","107452072","chr5","19163464","19163772","45","88288301"
"chr3","107454306","107454588","chr15","37619139","37619418","45","69835167"
"chr3","107460637","107460927","chr4","16350054","16350344","33","91110583"
"chr3","107465580","107465866","chr1","142801216","142801503","41","35335636"
"chr3","107467160","107467448","chr1","193707550","193707844","49","86240390"
"chr3","107499418","107499727","chr15","89442158","89442468","47","18057260"
"chr3","107500001","107500133","chr20","41847193","41847324","16","65652808"
"chr3","107641075","107641384","chr15","89305010","89305304","51","18336065"
"chr3","107853132","107853421","chr8","93697187","93697481","45","14155945"
"chr3","107997102","107997412","chr2","13687630","13687935","50","94309472"
"chr3","108007352","108007677","chr15","88907747","88908062","40","19099605"
"chr3","108014296","108014593","chr2","18780256","18780558","39","89234040"
"chr3","108052673","108052999","chr2","171032147","171032451","66","62979474"
"chr3","108198446","108198740","chr22","35530146","35530439","42","72668300"
"chr3","108210333","108210632","chr6","43666330","43666629","42","64544003"
"chr3","108350671","108350984","chr13","100386262","100386572","43","7964409"
"chr3","108467969","108468264","chr15","41758838","41759130","37","66709131"
"chr3","108491960","108492083","chr7","113527277","113527399","14","5035317"
"chr3","108517632","108517767","chr20","22715714","22715849","10","85801918"
"chr3","108577618","108577918","chr5","2239871","2240172","39","106337747"
"chr3","108717342","108717613","chr1","167889765","167890031","58","59172423"
"chr3","108748423","108748723","chr9","110500593","110500886","42","1752170"
"chr3","108829302","108829586","chr9","1932661","1932946","37","106896641"
"chr3","108955312","108955621","chr6","17068239","17068542","43","91887073"
"chr3","109025367","109025678","chr5","94532768","94533076","53","14492599"
"chr3","109038925","109039215","chrX","22356240","22356533","39","86682685"
"chr3","109068874","109069172","chr1","10143237","10143538","38","98925637"
"chr3","109099962","109100253","chr3","175384951","175385242","35","66284989"
"chr3","109107915","109108197","chr3","106705197","106705482","43","2402718"
"chr3","109133522","109133832","chr7","58166645","58166955","38","50966877"
"chr3","109165520","109165804","chr2","153996022","153996314","46","44830502"
"chr3","109211045","109211350","chr6","119827925","119828231","39","10616880"
"chr3","109221669","109221964","chr15","87553857","87554155","50","21667812"
"chr3","109266544","109266790","chr15","87483259","87483500","34","21783285"
"chr3","109275438","109275770","chr1","194197069","194197378","57","84921631"
"chr3","109301370","109301679","chr7","45344118","45344429","38","63957252"
"chr3","109309794","109309946","chr6","149721651","149721799","26","40411857"
"chr3","109310253","109310429","chrUn_GL286397","305059","305228","36","109005194"
"chr3","109312061","109312348","chr10","16033492","16033786","47","93278569"
"chr3","109331005","109331288","chr2","61239537","61239820","51","48091468"
"chr3","109333060","109333379","chr6","18703661","18703971","54","90629399"
"chr3","109335871","109336192","chr18","10830546","10830857","65","98505325"
"chr3","109338910","109339217","chrX","79587653","79587955","48","29751257"
"chr3","109342269","109342560","chr9","21109460","21109748","40","88232809"
"chr3","109374659","109374918","chr1","75454262","75454514","43","33920397"
"chr3","109378078","109378369","chr4","119549523","119549818","43","10171445"
"chr3","109380590","109380788","chr13","11751433","11751625","49","97629157"
"chr3","109381098","109381226","chr15","87331720","87331847","15","22049378"
"chr3","109392689","109392989","chr5","123871201","123871501","34","14478512"
"chr3","109395966","109396268","chr4","36904943","36905240","42","72491023"
"chr3","109410917","109411217","chr1","172257719","172258009","48","62846802"
"chr3","109413755","109414046","chr12","64684421","64684717","44","44729334"
"chr3","109416939","109417244","chr2","13941060","13941364","40","95475879"
"chr3","109488392","109488682","chrX","22356240","22356533","40","87132152"
"chr3","109490626","109490915","chr14","53496364","53496654","42","55994262"
"chr3","109545505","109545806","chr19","18047197","18047497","45","91498308"
"chr3","109620032","109620326","chr11","119088311","119088608","41","9468279"
"chr3","109844096","109844403","chr13","12881556","12881873","63","96962540"
"chr3","109863118","109863423","chr8","108764374","108764677","40","1098744"
"chr3","109930053","109930083","chr10","17789322","17789342","11","92140731"
"chr3","109930168","109930447","chr11","21109460","21109738","43","88820708"
"chr3","109959760","109960057","chr7","58385068","58385368","46","51574692"
"chr3","109994804","109995098","chr8","93697187","93697481","45","16297617"
"chr3","110046118","110046429","chr15","86650094","86650397","42","23396024"
"chr3","110061110","110061404","chr4","17828635","17828927","37","92232475"
"chr3","110285068","110285343","chr11","97727292","97727572","55","12557776"
"chr3","110288025","110288336","chr15","22908060","22908367","47","87379965"
"chr3","110288491","110288786","chr4","10274002","10274296","51","100014489"
"chr3","110529648","110529953","chr12","28553718","28554019","45","81975930"
"chr3","110622158","110622464","chr15","5688723","5689022","37","104933435"
"chr3","110710225","110710515","chr1","168355505","168355788","55","57645280"
"chr3","110715734","110716041","chr1","168595556","168595859","40","57879822"
"chr3","110924651","110924949","chr15","85827410","85827702","44","25097241"
"chr3","111105131","111105432","chr7","144982540","144982842","56","33877409"
"chr3","111191831","111192131","chrX","111591699","111591994","50","399868"
"chr3","111463691","111463944","chr5","124044504","124044756","41","12580813"
"chr3","111487528","111487824","chr3","106655459","106655766","44","4832069"
"chr3","111595880","111596181","chrUn_GL286262","40235","40532","39","111555645"
"chr3","111704818","111705116","chr15","85061153","85061457","35","26643665"
"chr3","111905358","111905651","chr20","12729984","12730279","41","99175374"
"chr3","111915421","111915725","chr7","45802006","45802306","42","66113415"
"chr3","112184356","112184653","chr11","67036150","67036441","37","45148206"
"chr3","112219575","112219880","chr6","17068239","17068542","37","95151336"
"chr3","112226440","112226721","chrX","112485556","112485837","41","259116"
"chr3","112258427","112258759","chr22","41857491","41857814","59","70400936"
"chr3","112285247","112285540","chr22","30202132","30202421","60","82083115"
"chr3","112292987","112293278","chr1","182431948","182432248","52","70138961"
"chr3","112405152","112405423","chr1","148698261","148698535","39","36293109"
"chr3","112433135","112433437","chr15","83201451","83201746","45","29231684"
"chr3","112472415","112472706","chr17","34551820","34552118","42","77920595"
"chr3","112493515","112493801","chr20","28336045","28336335","46","84157470"
"chr3","112513739","112514039","chr7","87073863","87074158","41","25439876"
"chr3","112522327","112522607","chrX","1793246","1793517","46","110729081"
"chr3","112565498","112565790","chr4","21718170","21718470","47","90847328"
"chr3","112567312","112567603","chr19","23505949","23506227","53","89061363"
"chr3","112589487","112589783","chr4","78039037","78039330","49","34550450"
"chr3","112606399","112606723","chr11","64363135","64363445","51","48243264"
"chr3","112622669","112622822","chr5","110150151","110150304","26","2472518"
"chr3","112622848","112622975","chr7","88152152","88152275","15","24470696"
"chr3","112671253","112671493","chr5","61052867","61053110","41","51618386"
"chr3","112798527","112798839","chr10","100267224","100267531","45","12531303"
"chr3","113047771","113048078","chr5","124338115","124338421","38","11290344"
"chr3","113058791","113059093","chr1","99819021","99819322","43","13239770"
"chr3","113173833","113174139","chr5","42661443","42661746","45","70512390"
"chr3","113337981","113338284","chr12","27257719","27258031","52","86080262"
"chr3","113342059","113342362","chr9","45396887","45397186","42","67945172"
"chr3","113343052","113343362","chrX","45395851","45396165","45","67947201"
"chr3","113444219","113444520","chr6","17068239","17068542","43","96375980"
"chr3","113452402","113452695","chr4","19980098","19980393","41","93472304"
"chr3","113519828","113520123","chr16","27361913","27362210","39","86157915"
"chr3","113565250","113565541","chr21","46276068","46276356","34","67289182"
"chr3","113600028","113600315","chr16","54091968","54092259","39","59508060"
"chr3","113636123","113636422","chr1","173962313","173962617","45","60326190"
"chr3","113637794","113637878","chr13","117478034","117478117","9","3840240"
"chr3","113647345","113647667","chrX","22706298","22706606","51","90941047"
"chr3","113661842","113662146","chr6","17068239","17068542","38","96593603"
"chr3","113667608","113667865","chr8","110461208","110461464","35","3206400"
"chr3","113690906","113691206","chr15","84423079","84423376","38","29267827"
"chr3","113703091","113703392","chr22","28997304","28997607","37","84705787"
"chr3","113728976","113729289","chr3","106655459","106655766","48","7073517"
"chr3","113729534","113729856","chr17","54870851","54871173","64","58858683"
"chr3","113730018","113730304","chr6","59828671","59828961","41","53901347"
"chr3","113765636","113765935","chr2","7736700","7736996","46","106028936"
"chr3","113770030","113770349","chr12","29286803","29287123","54","84483227"
"chr3","113774534","113774839","chr1","168595556","168595859","38","54821022"
"chr3","113814511","113814822","chr11","63112901","63113208","44","50701610"
"chr3","113843491","113843756","chr15","84590234","84590490","28","29253257"
"chr3","113855898","113856186","chr1","183328103","183328393","40","69472205"
"chr3","113856546","113856837","chrX","48721748","48722046","42","65134798"
"chr3","113856844","113857138","chr5","47841271","47841566","51","66015573"
"chr3","113900077","113900363","chrX","17543907","17544194","37","96356170"
"chr3","113977094","113977274","chr1","206224392","206224558","52","92247298"
"chr3","113993598","113993910","chr2","14723039","14723343","46","99270559"
"chr3","114006167","114006462","chr5","110918761","110919060","44","3087406"
"chr3","114047695","114047987","chr4","158146980","158147273","36","44099285"
"chr3","114075505","114075802","chr22","31660257","31660561","51","82415248"
"chr3","114098827","114099140","chr2","7170780","7171084","55","106928047"
"chr3","114107988","114108264","chr15","82719912","82720194","44","31388076"
"chr3","114111779","114112080","chr2","3233755","3234059","43","110878024"
"chr3","114113009","114113322","chr15","82715091","82715388","48","31397918"
"chr3","114125811","114126117","chr22","40503125","40503432","41","73622686"
"chr3","114184668","114184863","chr1","164713545","164713738","39","50528877"
"chr3","114188202","114188511","chr15","82639816","82640117","47","31548386"
"chr3","114194278","114194573","chr15","82634989","82635292","35","31559289"
"chr3","114198228","114198436","chr13","60508927","60509128","49","53689301"
"chr3","114246779","114247053","chr19","16266278","16266559","51","97980501"
"chr3","114262643","114262942","chr22","28997304","28997607","42","85265339"
"chr3","114364170","114364465","chr15","82501890","82502182","32","31862280"
"chr3","114524720","114525013","chr4","16350054","16350344","43","98174666"
"chr3","114769777","114770071","chr7","43575304","43575597","36","71194473"
"chr3","114867467","114867734","chr15","81993833","81994095","40","32873634"
"chr3","114958566","114958879","chr9","66342592","66342903","45","48615974"
"chr3","115037303","115037583","chr4","38209077","38209362","41","76828226"
"chr3","115149228","115149540","chr18","38793266","38793575","55","76355962"
"chr3","115169128","115169438","chr12","110699815","110700119","44","4469313"
"chr3","115231902","115232212","chr4","82226247","82226558","47","33005655"
"chr3","115258622","115258923","chr15","81611959","81612257","40","33646663"
"chr3","115346275","115346569","chr11","123371423","123371718","42","8025148"
"chr3","115370036","115370332","chr15","81482133","81482421","51","33887903"
"chr3","115521533","115521840","chr5","84871601","84871910","47","30649932"
"chr3","115631620","115631907","chr22","16783004","16783289","44","98848616"
"chr3","115653158","115653466","chr15","25321014","25321315","40","90332144"
"chr3","115688032","115688318","chr8","111600328","111600614","47","4087704"
"chr3","115726156","115726453","chr4","166282997","166283293","42","50556841"
"chr3","115762722","115763014","chr4","80709967","80710260","42","35052755"
"chr3","115848186","115848443","chr1","190633251","190633514","47","74785065"
"chr3","115856336","115856648","chr1","82669756","82670065","44","33186580"
"chr3","115878454","115878753","chr7","63783719","63784005","48","52094735"
"chr3","115900234","115900534","chr1","168595556","168595859","41","52695322"
"chr3","116009912","116010216","chr12","80701109","80701414","38","35308803"
"chr3","116062227","116062524","chr5","113678269","113678560","46","2383958"
"chr3","116100103","116100379","chr19","16281211","16281488","44","99818892"
"chr3","116178173","116178467","chr1","186704593","186704886","41","70526420"
"chr3","116202124","116202433","chr1","195460436","195460744","46","79258312"
"chr3","116346321","116346620","chr19","917453","917749","52","115428868"
"chr3","116420585","116420887","chrX","47014209","47014503","50","69406376"
"chr3","116545754","116546052","chr19","42079978","42080278","42","74465776"
"chr3","116558891","116559180","chr6","17068239","17068542","49","99490652"
"chr3","116629869","116630165","chr5","26961498","26961795","42","89668371"
"chr3","116684505","116684758","chr16","14314941","14315189","47","102369564"
"chr3","116751219","116751492","chr20","35233264","35233537","41","81517955"
"chr3","116830422","116830718","chr21","40446927","40447225","46","76383495"
"chr3","117037711","117038024","chrX","17633918","17634220","49","99403793"
"chr3","117099780","117100088","chr5","52498828","52499124","66","64600952"
"chr3","117158814","117159054","chr15","79686565","79686802","35","37472249"
"chr3","117319952","117320247","chr5","26961498","26961795","42","90358454"
"chr3","117374666","117374977","chr10","90431710","90432016","38","26942956"
"chr3","117376500","117376806","chr2","138937103","138937408","40","21560603"
"chr3","117482402","117482709","chrX","30043039","30043339","45","87439363"
"chr3","117515149","117515438","chr7","55921811","55922099","48","61593338"
"chr3","117559679","117559975","chr7","6894852","6895150","51","110664827"
"chr3","117570473","117570770","chr5","83113160","83113466","49","34457313"
"chr3","117642441","117642732","chr1","129476406","129476692","39","11833965"
"chr3","117711061","117711367","chr6","16475804","16476108","44","101235257"
"chr3","117794820","117795128","chr15","79036393","79036697","42","38758427"
"chr3","117879900","117880207","chr4","36522598","36522895","47","81357302"
"chr3","118175065","118175354","chr19","6867541","6867823","44","111307524"
"chr3","118233960","118234264","chr20","22923582","22923882","41","95310378"
"chr3","118250288","118250588","chr18","4701650","4701950","42","113548638"
"chr3","118367763","118368063","chr9","44828899","44829193","46","73538864"
"chr3","118430885","118431188","chr10","117620910","117621216","45","809975"
"chr3","118466431","118466706","chr19","16266278","16266559","43","102200153"
"chr3","118631754","118631866","chr22","11085046","11085156","17","107546708"
"chr3","118869093","118869388","chr21","43075982","43076273","42","75793111"
"chr3","118981164","118981461","chr8","117054920","117055214","48","1926244"
"chr3","119052198","119052396","chrX","47514970","47515166","29","71537228"
"chr3","119138403","119138696","chr5","75080426","75080719","38","44057977"
"chr3","119225383","119225714","chr1","77884185","77884505","73","41341198"
"chr3","119234117","119234419","chr3","152941248","152941549","34","33707131"
"chr3","119237985","119238283","chr15","61219971","61220268","43","58018014"
"chr3","119239053","119239342","chr15","77651450","77651733","43","41587603"
"chr3","119277302","119277590","chr22","9714411","9714706","45","109562891"
"chr3","119306273","119306565","chr12","29333369","29333657","40","89972904"
"chr3","119376207","119376430","chrX","22269138","22269363","31","97107069"
"chr3","119412742","119413024","chr5","78546209","78546491","42","40866533"
"chr3","119487306","119487620","chr11","64363135","64363445","38","55124171"
"chr3","119508924","119509215","chr5","25502393","25502687","41","94006531"
"chr3","119511196","119511504","chrX","122774008","122774319","42","3262812"
"chr3","119514908","119515234","chr3","136855841","136856148","58","17340933"
"chr3","119521273","119521538","chr15","77369588","77369861","37","42151685"
"chr3","119528956","119529249","chr9","1932661","1932946","38","117596295"
"chr3","119540767","119541062","chr1","15931085","15931383","42","103609682"
"chr3","119543463","119543725","chr19","36527265","36527523","50","83016198"
"chr3","119543885","119544187","chr2","31372053","31372354","38","88171832"
"chr3","119573121","119573422","chr3","108570361","108570666","42","11002760"
"chr3","119631120","119631443","chr4","20278830","20279149","54","99352290"
"chr3","119695129","119695422","chr7","87849905","87850200","44","31845224"
"chr3","119820352","119820641","chr7","45351199","45351483","43","74469153"
"chr3","119902404","119902695","chr10","55872616","55872911","46","64029788"
"chr3","119909010","119909310","chr15","76977293","76977595","42","42931717"
"chr3","119921856","119922127","chr10","101732804","101733077","41","18189052"
"chr3","119959507","119959851","chr8","50068578","50068880","69","69890929"
"chr3","120026569","120026857","chr1","200383828","200384117","42","80357259"
"chr3","120027093","120027394","chrUn_GL286262","40235","40532","39","119986858"
"chr3","120046605","120046910","chr5","23380593","23380893","44","96666012"
"chr3","120056346","120056638","chr1","155066552","155066843","38","35010206"
"chr3","120068420","120068721","chr7","45042946","45043245","41","75025474"
"chr3","120072276","120072585","chr1","13171972","13172286","65","106900304"
"chr3","120106942","120107202","chr4","12273894","12274168","47","107833048"
"chr3","120124849","120125127","chr4","122904719","122904997","45","2779870"
"chr3","120131904","120132190","chr3","166033952","166034235","39","45902048"
"chr3","120133067","120133390","chr15","62836485","62836818","47","57296582"
"chr3","120138261","120138554","chr17","21614786","21615080","35","98523475"
"chr3","120179346","120179614","chrX","39387728","39387995","36","80791618"
"chr3","120184150","120184447","chr7","43575304","43575597","34","76608846"
"chr3","120185811","120186105","chr7","96383773","96384067","34","23802038"
"chr3","120207765","120208052","chr3","106655459","106655766","42","13552306"
"chr3","120228987","120229113","chr12","40082543","40082670","14","80146444"
"chr3","120233709","120233745","chr12","108506985","108507018","7","11726724"
"chr3","120259664","120259964","chr7","146273567","146273869","40","26013903"
"chr3","120262003","120262317","chr4","155895543","155895855","60","35633540"
"chr3","120273636","120273818","chr10","129582432","129582603","42","9308796"
"chr3","120274415","120274541","chr7","123776510","123776634","15","3502095"
"chr3","120293848","120293934","chr17","72380011","72380096","17","47913837"
"chr3","120316604","120316857","chr1","185863542","185863799","39","65546938"
"chr3","120345971","120346284","chr15","76598214","76598512","46","43747757"
"chr3","120359852","120360155","chr1","168595556","168595859","39","48235704"
"chr3","120422699","120422994","chr6","147894727","147895020","41","27472028"
"chr3","120456673","120456958","chr17","26466930","26467233","49","93989743"
"chr3","120480324","120480473","chr4","23792283","23792433","20","96688041"
"chr3","120530502","120530794","chr19","24203448","24203737","41","96327054"
"chr3","120535899","120536203","chr9","99776089","99776389","47","20759810"
"chr3","120551367","120551502","chr8","105529389","105529524","11","15021978"
"chr3","120551503","120551803","chr6","17068239","17068542","36","103483264"
"chr3","120610788","120611082","chr12","100785810","100786105","35","19824978"
"chr3","120687820","120688090","chr5","84726667","84726945","39","35961153"
"chr3","120756644","120756953","chr2","59409444","59409753","43","61347200"
"chr3","120757880","120758167","chr2","170778290","170778584","46","50020410"
"chr3","120777739","120778023","chr15","76265201","76265481","39","44512538"
"chr3","120802858","120803174","chr2","35115495","35115799","51","85687363"
"chr3","120819358","120819652","chr15","76220880","76221176","39","44598478"
"chr3","120999073","120999329","chr2","130018638","130018897","44","9019565"
"chr3","121310627","121310919","chr19","27917078","27917370","35","93393549"
"chr3","121315720","121316024","chr6","17068239","17068542","41","104247481"
"chr3","121338362","121338584","chr4","148224312","148224535","33","26885950"
"chr3","121434871","121435176","chr20","27822433","27822727","46","93612438"
"chr3","121472942","121473107","chr1","157099065","157099225","25","35626123"
"chr3","121486582","121486885","chr12","89872588","89872881","52","31613994"
"chr3","121497442","121497736","chr18","12009257","12009549","33","109488185"
"chr3","121502224","121502503","chr7","1992064","1992353","49","119510160"
"chr3","121507445","121507749","chr22","28997304","28997607","38","92510141"
"chr3","121544074","121544358","chr15","75654993","75655274","43","45889081"
"chr3","121547556","121547848","chr15","75432004","75432291","45","46115552"
"chr3","121548391","121548630","chr12","19227340","19227576","35","102321051"
"chr3","121549468","121549769","chr12","87290615","87290915","38","34258853"
"chr3","121551744","121552038","chr1","164503245","164503540","41","42951501"
"chr3","121553504","121553770","chr11","97658809","97659082","47","23894695"
"chr3","121554584","121554880","chr4","30880097","30880395","48","90674487"
"chr3","121556761","121557058","chr15","75665614","75665910","37","45891147"
"chr3","121562831","121563132","chr5","26961498","26961795","46","94601333"
"chr3","121569363","121569665","chrX","16692831","16693132","36","104876532"
"chr3","121575632","121575928","chr14","42834418","42834713","49","78741214"
"chr3","121577261","121577557","chr9","16016919","16017208","37","105560342"
"chr3","121577811","121578085","chr17","69931558","69931839","39","51646253"
"chr3","121587057","121587351","chr7","55933964","55934256","37","65653093"
"chr3","121589398","121589675","chr10","8026640","8026929","48","113562758"
"chr3","121593871","121594167","chr6","17098595","17098886","44","104495276"
"chr3","121594212","121594497","chr15","20770296","20770585","38","100823916"
"chr3","121604935","121605231","chr5","9835750","9836027","75","111769185"
"chr3","121610636","121610903","chr15","75426825","75427089","42","46183811"
"chr3","121613851","121613986","chr1","108326226","108326361","14","13287625"
"chr3","121614293","121614463","chr19","781258","781429","26","120833035"
"chr3","121617718","121618004","chr3","137207767","137208059","40","15590049"
"chr3","121635191","121635209","chr20","2556641","2556654","5","119078550"
"chr3","121635297","121635567","chr9","14708588","14708860","53","106926709"
"chr3","121649252","121649534","chr4","34845790","34846071","31","86803462"
"chr3","121652382","121652671","chr5","94172330","94172613","43","27480052"
"chr3","121657534","121657853","chr15","75376147","75376467","35","46281387"
"chr3","121686992","121687283","chr2","25253652","25253947","35","96433340"
"chr3","121726151","121726463","chr15","75301449","75301761","41","46424702"
"chr3","121736621","121736923","chr5","2239871","2240172","37","119496750"
"chr3","121767802","121768090","chr2","8798514","8798801","37","112969288"
"chr3","121829925","121830207","chr5","94664013","94664296","41","27165912"
"chr3","121832328","121832626","chr6","17068239","17068542","36","104764089"
"chr3","121841592","121841727","chr16","68359062","68359197","18","53482530"
"chr3","121842034","121842189","chr5","64547457","64547612","35","57294577"
"chr3","121854034","121854334","chr6","17068239","17068542","38","104785795"
"chr3","121866444","121866753","chr7","40960117","40960419","39","80906327"
"chr3","121868317","121868618","chr22","29825053","29825352","38","92043264"
"chr3","121901025","121901315","chr2","72221187","72221480","41","49679838"
"chr3","121909076","121909362","chr2","792358","792641","46","121116718"
"chr3","121949814","121950129","chr5","833973","834283","43","121115841"
"chr3","121952749","121953008","chr5","127053067","127053332","44","5100318"
"chr3","122029225","122029512","chr8","30593986","30594276","41","91435239"
"chr3","122052569","122052868","chr5","110918761","110919060","43","11133808"
"chr3","122063593","122063850","chr1","90067019","90067268","60","31996574"
"chr3","122159619","122159931","chr5","62823651","62823960","35","59335968"
"chr3","122166461","122166723","chr9","39007168","39007436","40","83159293"
"chr3","122193245","122193516","chr2","127495228","127495499","37","5301983"
"chr3","122229581","122229883","chr5","38614488","38614784","43","83615093"
"chr3","122269846","122270141","chr4","16350054","16350344","39","105919792"
"chr3","122291891","122292185","chr11","14219965","14220259","48","108071926"
"chr3","122346942","122347247","chr13","18393383","18393690","46","103953559"
"chr3","122352381","122352679","chr2","159959895","159960193","43","37607514"
"chr3","122354595","122354908","chr7","14470051","14470363","55","107884544"
"chr3","122417097","122417384","chr4","26335541","26335842","55","96081556"
"chr3","122420781","122420958","chr3","53757892","53758068","36","68662889"
"chr3","122420984","122421099","chr5","94556972","94557086","19","27864012"
"chr3","122431162","122431456","chr15","74600768","74601051","48","47830394"
"chr3","122455553","122455855","chr8","105780673","105780976","38","16674880"
"chr3","122505020","122505295","chr5","124887509","124887782","51","2382489"
"chr3","122520421","122520713","chr14","76706016","76706302","45","45814405"
"chr3","122572593","122572874","chr10","44777832","44778120","34","77794761"
"chr3","122579697","122579980","chr2","56700759","56701042","33","65878938"
"chr3","122604436","122604572","chr1","156676099","156676233","19","34071663"
"chr3","122604879","122605064","chr4","156579178","156579353","37","33974299"
"chr3","122616328","122616605","chr11","97658809","97659082","40","24957519"
"chr3","122644294","122644540","chr10","114631928","114632162","51","8012366"
"chr3","122645596","122645878","chr16","51875037","51875319","37","70770559"
"chr3","122690513","122690811","chr5","1667879","1668174","46","121022634"
"chr3","122712241","122712547","chr10","22559240","22559536","43","100153001"
"chr3","122765299","122765610","chr9","103532999","103533309","37","19232300"
"chr3","122789862","122790159","chr1","54120334","54120627","53","68669528"
"chr3","122818664","122818961","chr5","63326522","63326817","47","59492142"
"chr3","122853477","122853773","chr9","59049377","59049667","53","63804100"
"chr3","122870527","122870815","chr3","111861078","111861362","35","11009449"
"chr3","122873184","122873479","chr5","29096140","29096435","39","93777044"
"chr3","122881147","122881424","chr1","77941930","77942215","54","44939217"
"chr3","122896712","122897020","chr14","34049362","34049675","53","88847350"
"chr3","122963215","122963522","chr1","82669756","82670065","44","40293459"
"chr3","122976768","122977063","chr1","96660011","96660313","41","26316757"
"chr3","123108282","123108579","chr7","87073863","87074158","39","36034419"
"chr3","123146842","123147110","chr10","101732804","101733077","39","21414038"
"chr3","123221189","123221494","chr1","184817871","184818171","38","61596682"
"chr3","123249540","123249823","chr5","67111187","67111473","34","56138353"
"chr3","123259851","123260161","chr2","63925527","63925835","37","59334324"
"chr3","123273525","123273818","chr12","29333369","29333657","43","93940156"
"chr3","123334469","123334764","chr15","73705389","73705677","38","49629080"
"chr3","123341942","123342143","chr12","3448744","3448915","73","119893198"
"chr3","123368314","123368602","chr16","68454651","68454939","38","54913663"
"chr3","123414565","123414857","chr15","73623003","73623300","30","49791562"
"chr3","123456102","123456397","chr15","73581000","73581294","43","49875102"
"chr3","123465126","123465257","chr15","73575200","73575335","13","49889926"
"chr3","123484885","123485179","chr5","5052462","5052757","42","118432423"
"chr3","123487258","123487549","chr7","49465777","49466070","36","74021481"
"chr3","123515758","123516059","chr9","106891453","106891749","46","16624305"
"chr3","123539289","123539592","chr22","33981676","33981980","40","89557613"
"chr3","123545200","123545486","chr7","79364610","79364894","38","44180590"
"chr3","123545528","123545565","chr15","26003439","26003472","15","97542089"
"chr3","123545716","123546009","chr15","73497452","73497744","39","50048264"
"chr3","123551337","123551645","chr18","8503340","8503640","43","115047997"
"chr3","123603035","123603338","chr22","40503125","40503432","49","83099910"
"chr3","123645862","123646146","chrX","46153481","46153779","52","77492381"
"chr3","123667320","123667632","chr9","99935150","99935455","40","23732170"
"chr3","123736951","123737237","chr6","132814369","132814657","42","9077418"
"chr3","123813517","123813808","chr7","89217839","89218129","33","34595678"
"chr3","123820726","123821027","chr20","42213859","42214153","51","81606867"
"chr3","123834063","123834345","chr1","40046052","40046333","41","83788011"
"chr3","123889129","123889423","chr7","46190209","46190505","45","77698920"
"chr3","123915997","123916298","chr3","84743220","84743519","41","39172777"
"chr3","123969327","123969605","chr14","16783805","16784102","70","107185522"
"chr3","124112022","124112324","chr8","29410203","29410501","46","94701819"
"chr3","124120831","124121118","chr1","204428237","204428521","38","80307406"
"chr3","124146596","124146904","chr5","94532768","94533076","40","29613828"
"chr3","124166757","124167048","chr5","46330077","46330361","44","77836680"
"chr3","124170909","124171116","chr5","89041817","89042021","36","35129092"
"chr3","124261056","124261177","chr11","63186025","63186149","16","61075031"
"chr3","124265829","124266139","chr21","40584762","40585072","45","83681067"
"chr3","124319711","124319995","chr16","92089757","92090031","34","32229954"
"chr3","124355710","124356014","chr22","28997304","28997607","41","95358406"
"chr3","124437408","124437715","chr13","18393383","18393690","39","106044025"
"chr3","124457062","124457369","chr3","106655459","106655766","38","17801603"
"chr3","124484822","124485123","chr15","72515348","72515640","34","51969474"
"chr3","124485598","124485893","chr15","68809459","68809748","38","55676139"
"chr3","124509210","124509507","chr4","156698023","156698319","41","32188813"
"chr3","124532524","124532823","chr15","72467064","72467381","45","52065460"
"chr3","124541169","124541479","chr2","114528005","114528309","39","10013164"
"chr3","124541605","124541899","chr4","158772351","158772645","51","34230746"
"chr3","124558281","124558578","chr6","109618442","109618737","44","14939839"
"chr3","124572041","124572354","chr7","58166645","58166955","59","66405396"
"chr3","124588434","124588725","chr1","77301807","77302094","39","47286627"
"chr3","124605289","124605600","chr11","75298799","75299105","39","49306490"
"chr3","124607644","124607899","chr9","79235131","79235388","48","45372513"
"chr3","124681630","124681929","chr12","51884744","51885046","45","72796886"
"chr3","124690784","124690850","chr1","74882731","74882800","11","49808053"
"chr3","124717818","124718107","chr5","75080426","75080719","36","49637392"
"chr3","124731607","124731896","chr1","167770817","167771092","59","43039210"
"chr3","124735697","124735988","chr15","72193552","72193843","38","52542145"
"chr3","124739325","124739632","chr1","26088103","26088403","47","98651222"
"chr3","124772912","124773206","chr18","14651772","14652064","39","110121140"
"chr3","124865996","124866281","chr6","32193420","32193701","41","92672576"
"chr3","124877852","124878148","chr22","29856977","29857273","50","95020875"
"chr3","124892202","124892293","chr7","31792225","31792315","10","93099977"
"chr3","124901110","124901410","chr10","55872616","55872911","43","69028494"
"chr3","124908872","124909183","chr15","71992547","71992856","37","52916325"
"chr3","124940787","124941090","chr15","71961790","71962094","36","52978997"
"chr3","124942169","124942455","chr5","125981699","125981976","57","1039530"
"chr3","124948210","124948504","chr4","35746139","35746422","53","89202071"
"chr3","124949038","124949313","chr15","45168430","45168708","43","79780608"
"chr3","124958210","124958518","chr5","94532768","94533076","39","30425442"
"chr3","124976180","124976485","chr11","116119274","116119581","43","8856906"
"chr3","124985788","124986077","chr1","100819915","100820205","39","24165873"
"chr3","124990333","124990638","chr12","114130464","114130766","47","10859869"
"chr3","124991151","124991450","chr5","26961498","26961795","36","98029653"
"chr3","125007911","125008209","chr3","142046958","142047256","52","17039047"
"chr3","125050143","125050443","chr5","47690900","47691200","39","77359243"
"chr3","125071460","125071769","chr15","71822897","71823205","41","53248563"
"chr3","125078598","125078908","chr13","84459624","84459931","42","40618974"
"chr3","125114431","125114716","chr9","113874562","113874835","45","11239869"
"chr3","125131388","125131687","chr7","6894852","6895150","36","118236536"
"chr3","125138120","125138439","chr12","27257719","27258031","47","97880401"
"chr3","125158215","125158518","chr3","71786735","71787033","37","53371480"
"chr3","125180430","125180669","chr15","71701639","71701877","29","53478791"
"chr3","125238346","125238639","chr15","71646590","71646888","34","53591756"
"chr3","125255237","125255546","chr7","30011356","30011665","36","95243881"
"chr3","125259682","125259756","chr5","112186535","112186612","12","13073147"
"chr3","125307654","125307954","chr17","58335353","58335652","59","66972301"
"chr3","125329361","125329657","chr12","102161373","102161676","40","23167988"
"chr3","125350162","125350462","chr11","62590101","62590389","50","62760061"
"chr3","125361550","125361845","chr5","75080426","75080719","44","50281124"
"chr3","125362545","125362854","chr6","116291763","116292064","55","9070782"
"chr3","125363658","125363948","chr12","100785810","100786105","50","24577848"
"chr3","125368663","125368967","chr5","74833270","74833574","43","50535393"
"chr3","125385351","125385659","chr5","94532768","94533076","45","30852583"
"chr3","125390148","125390311","chr14","63816506","63816666","26","61573642"
"chr3","125412217","125412518","chr15","71460530","71460829","45","53951687"
"chr3","125417840","125418137","chr4","166282997","166283293","35","40865157"
"chr3","125423788","125424059","chr15","71445428","71445701","36","53978360"
"chr3","125424883","125425163","chr6","148795133","148795407","54","23370250"
"chr3","125436152","125436462","chr6","47107776","47108084","39","78328376"
"chr3","125465637","125465942","chr15","61219971","61220268","41","64245666"
"chr3","125473412","125473714","chr5","26961498","26961795","37","98511914"
"chr3","125478049","125478060","chr5","92524075","92524085","4","32953974"
"chr3","125478096","125478369","chr7","58160492","58160776","47","67317604"
"chr3","125479272","125479556","chr22","15382419","15382702","39","110096853"
"chr3","125484265","125484554","chr2","164335751","164336041","47","38851486"
"chr3","125489844","125490138","chr18","5141985","5142278","34","120347859"
"chr3","125504050","125504351","chr3","150073804","150074104","38","24569754"
"chr3","125516559","125516855","chr15","71361098","71361393","39","54155461"
"chr3","125522107","125522409","chr2","68886400","68886700","37","56635707"
"chr3","125522423","125522521","chr13","63742805","63742895","23","61779618"
"chr3","125526213","125526315","chr2","185823700","185823804","17","60297487"
"chr3","125533248","125533494","chr1","179757584","179757823","49","54224336"
"chr3","125534101","125534404","chr1","135981114","135981413","41","10447013"
"chr3","125535440","125535773","chr15","71343514","71343843","60","54191926"
"chr3","125543621","125543925","chr18","29127518","29127823","39","96416103"
"chr3","125544071","125544355","chr2","63953345","63953627","48","61590726"
"chr3","125557370","125557677","chr21","40584762","40585072","49","84972608"
"chr3","125559397","125559637","chr15","71319336","71319574","43","54240061"
"chr3","125559735","125559786","chr11","120922270","120922309","15","4637465"
"chr3","125559811","125559856","chr20","19932110","19932151","14","105627701"
"chr3","125560808","125560998","chr22","10655645","10655839","36","114905163"
"chr3","125561009","125561297","chr10","83109528","83109819","39","42451481"
"chr3","125578462","125578785","chr10","55872616","55872911","60","69705846"
"chr3","125583299","125583607","chr4","158922649","158922955","40","33339350"
"chr3","125587940","125588247","chrX","47176701","47177007","38","78411239"
"chr3","125590268","125590564","chr16","64653574","64653865","45","60936694"
"chr3","125593338","125593635","chr7","6894852","6895150","35","118698486"
"chr3","125596506","125596736","chr7","74031641","74031870","30","51564865"
"chr3","125601650","125601948","chr10","14603732","14604030","36","110997918"
"chr3","125610871","125611171","chr9","99101995","99102300","44","26508876"
"chr3","125614737","125615048","chr2","18742940","18743241","57","106871797"
"chr3","125621946","125622219","chr15","71247534","71247799","39","54374412"
"chr3","125636311","125636596","chr4","34845790","34846071","34","90790521"
"chr3","125639391","125639702","chr2","9886138","9886441","56","115753253"
"chr3","125642463","125642759","chrX","10992816","10993113","53","114649647"
"chr3","125642894","125643191","chr4","36522598","36522895","43","89120296"
"chr3","125665451","125665756","chr7","31371208","31371512","45","94294243"
"chr3","125676512","125676818","chr2","171330283","171330586","37","45653771"
"chr3","125705931","125706211","chrX","105924911","105925188","52","19781020"
"chr3","125708274","125708577","chr19","6037738","6038039","49","119670536"
"chr3","125727083","125727366","chrX","105924911","105925188","56","19802172"
"chr3","125749661","125749941","chrX","105924911","105925188","56","19824750"
"chr3","125751989","125752274","chr2","55079404","55079690","47","70672585"
"chr3","125772550","125772756","chr12","5351694","5351910","39","120420856"
"chr3","125787135","125787396","chr2","17003008","17003267","43","108784127"
"chr3","125819943","125820163","chr22","4284952","4285161","40","121534991"
"chr3","125826646","125826924","chr5","80700303","80700590","47","45126343"
"chr3","125830650","125830777","chr2","8189430","8189553","15","117641220"
"chr3","125847559","125847855","chr10","16033492","16033786","42","109814067"
"chr3","125856386","125856697","chr1","168595556","168595859","42","42739170"
"chr3","125878212","125878505","chr7","89217839","89218129","46","36660373"
"chr3","125881826","125882124","chr5","63326522","63326817","48","62555304"
"chr3","125907805","125908078","chr11","110382442","110382713","43","15525363"
"chr3","125926386","125926691","chr3","106655459","106655766","47","19270927"
"chr3","125927229","125927531","chr11","5137834","5138122","62","120789395"
"chr3","125982878","125983150","chr3","127082054","127082330","66","1099176"
"chr3","126010192","126010478","chr19","24203448","24203737","34","101806744"
"chr3","126013278","126013578","chr6","108364918","108365211","36","17648360"
"chr3","126049205","126049494","chr20","23248359","23248652","39","102800846"
"chr3","126077097","126077408","chr12","110699815","110700119","49","15377282"
"chr3","126099430","126099682","chr21","36540332","36540585","46","89559098"
"chr3","126115875","126116182","chr9","2215139","2215442","49","123900736"
"chr3","126403377","126403682","chr15","70783776","70784066","45","55619601"
"chr3","126470185","126470487","chr14","79148123","79148432","40","47322062"
"chr3","126548043","126548295","chr14","42157869","42158113","39","84390174"
"chr3","126608079","126608386","chr7","42669887","42670194","41","83938192"
"chr3","126699685","126699987","chr13","26525318","26525622","47","100174367"
"chr3","126737039","126737338","chr22","28997304","28997607","39","97739735"
"chr3","126769502","126769805","chr15","70439451","70439757","41","56330051"
"chr3","126936557","126936854","chr1","192975530","192975825","42","66038973"
"chr3","126950457","126950749","chr15","70261329","70261624","41","56689128"
"chr3","126980984","126981239","chr3","131844398","131844660","50","4863414"
"chr3","127093993","127094284","chr15","70117868","70118155","47","56976125"
"chr3","127094686","127095008","chr3","106655459","106655766","56","20439227"
"chr3","127132092","127132344","chr7","54130077","54130316","51","73002015"
"chr3","127163783","127164089","chr7","13017719","13018023","45","114146064"
"chr3","127186006","127186290","chr9","36147217","36147502","57","91038789"
"chr3","127289157","127289433","chr15","69888049","69888326","42","57401108"
"chr3","127319588","127319882","chr15","37619139","37619418","45","89700449"
"chr3","127507114","127507404","chr4","158146980","158147273","41","30639866"
"chr3","127557730","127558031","chr15","69645211","69645512","39","57912519"
"chr3","127596835","127597129","chr6","134491241","134491536","46","6894406"
"chr3","127640910","127641209","chr6","40114467","40114768","43","87526443"
"chr3","127644109","127644405","chr15","69409481","69409772","36","58234628"
"chr3","127661434","127661736","chr19","48930281","48930578","41","78731153"
"chr3","127758911","127759224","chr5","15342496","15342804","36","112416415"
"chr3","127766789","127767098","chr1","168595556","168595859","46","40828767"
"chr3","127839744","127840037","chr1","196006002","196006291","43","68166258"
"chr3","127842655","127842910","chr4","153251075","153251339","47","25408420"
"chr3","127850657","127850960","chr22","28997304","28997607","39","98853353"
"chr3","127864513","127864819","chrX","107766457","107766766","39","20098056"
"chr3","127883478","127883762","chr3","53842442","53842730","43","74041036"
"chr3","127936084","127936387","chr12","100785810","100786105","45","27150274"
"chr3","127945679","127945978","chr11","8758709","8759008","42","119186970"
"chr3","127980347","127980629","chr15","37619139","37619418","35","90361208"
"chr3","128003560","128003857","chr5","84826899","84827194","41","43176661"
"chr3","128009552","128009846","chr15","69019259","69019545","40","58990293"
"chr3","128016286","128016594","chr1","138077483","138077787","46","10061197"
"chr3","128029976","128030271","chr22","35530146","35530439","41","92499830"
"chr3","128041855","128042149","chr15","69003781","69004075","30","59038074"
"chr3","128048346","128048643","chr3","152941248","152941549","35","24892902"
"chr3","128127715","128128001","chr1","145176527","145176816","30","17048812"
"chr3","128151297","128151364","chr4","110890548","110890617","7","17260749"
"chr3","128181804","128182112","chr2","54709737","54710047","40","73472067"
"chr3","128197271","128197572","chr7","136659990","136660294","42","8462719"
"chr3","128234026","128234352","chr13","88836338","88836664","45","39397688"
"chr3","128235984","128236274","chr15","68809459","68809748","51","59426525"
"chr3","128510901","128510979","chr2","132655053","132655130","11","4144152"
"chr3","128533190","128533492","chr7","130262321","130262624","40","1729131"
"chr3","128592555","128592842","chr4","148533083","148533375","39","19940528"
"chr3","128596013","128596315","chr4","158324072","158324369","43","29728059"
"chr3","128631139","128631191","chr10","34319574","34319626","3","94311565"
"chr3","128631505","128631758","chr1","43724514","43724757","38","84906991"
"chr3","128634045","128634342","chr15","68398119","68398410","32","60235926"
"chr3","128673221","128673529","chr3","165648344","165648651","39","36975123"
"chr3","128678416","128678749","chr22","45934314","45934636","71","82744102"
"chr3","128691526","128691824","chr8","93697187","93697481","33","34994339"
"chr3","128716606","128716781","chr1","185459583","185459757","35","56742977"
"chr3","128717083","128717210","chr1","200283517","200283639","22","71566434"
"chr3","128745367","128745663","chr15","68292269","68292562","35","60453098"
"chr3","128747756","128748067","chr19","43463036","43463348","40","85284720"
"chr3","128766707","128766839","chr6","49139510","49139640","15","79627197"
"chr3","128770973","128771270","chr5","38614488","38614784","43","90156485"
"chr3","128777743","128778013","chr11","65622580","65622845","40","63155163"
"chr3","128785477","128785766","chr8","29410203","29410501","52","99375274"
"chr3","128789328","128789633","chr19","38640517","38640819","46","90148811"
"chr3","128792395","128792707","chr19","25019176","25019485","46","103773219"
"chr3","128817690","128817953","chr7","35406571","35406845","54","93411119"
"chr3","128876716","128877008","chr1","155066552","155066843","40","26189836"
"chr3","128886927","128887218","chr8","51757576","51757869","51","77129351"
"chr3","128888297","128888593","chr14","83739394","83739686","37","45148903"
"chr3","128897845","128898156","chr11","125799128","125799440","51","3098717"
"chr3","128930479","128930763","chr15","68119962","68120255","36","60810517"
"chr3","128934521","128934830","chr22","28997304","28997607","46","99937217"
"chr3","128948529","128948829","chr19","48930281","48930578","40","80018248"
"chr3","128988259","128988554","chr4","16350054","16350344","39","112638205"
"chr3","129024249","129024560","chrX","107827107","107827417","42","21197142"
"chr3","129055633","129055943","chr1","82669756","82670065","39","46385877"
"chr3","129076491","129076802","chr6","17068239","17068542","43","112008252"
"chr3","129077755","129078037","chr22","1543710","1543994","51","127534045"
"chr3","129098791","129099076","chr2","62380758","62381043","41","66718033"
"chr3","129111233","129111535","chr15","67886523","67886820","36","61224710"
"chr3","129118686","129118826","chr3","4388359","4388491","28","124730327"
"chr3","129140924","129141183","chr2","17003008","17003267","38","112137916"
"chr3","129147095","129147399","chr2","9745444","9745747","51","119401651"
"chr3","129164765","129165017","chr11","32759698","32759945","45","96405067"
"chr3","129179589","129179856","chr4","159742629","159742897","54","30563040"
"chr3","129200258","129200561","chr3","177773552","177773857","37","48573294"
"chr3","129203415","129203725","chr5","114232117","114232428","46","14971298"
"chr3","129206062","129206359","chr22","31423312","31423609","39","97782750"
"chr3","129214834","129215122","chr10","90360982","90361273","43","38853852"
"chr3","129217544","129217847","chr4","168156555","168156848","52","38939011"
"chr3","129222806","129223105","chr1","202849760","202850061","46","73626954"
"chr3","129234250","129234552","chr3","94762904","94763199","48","34471346"
"chr3","129246058","129246361","chr6","17068239","17068542","33","112177819"
"chr3","129253703","129254017","chr15","49359997","49360293","51","79893706"
"chr3","129255481","129255783","chrX","16707913","16708211","43","112547568"
"chr3","129262738","129263035","chr15","67730747","67731044","50","61531991"
"chr3","129281717","129281946","chr18","9267914","9268127","46","120013803"
"chr3","129284623","129284924","chr10","16033492","16033786","40","113251131"
"chr3","129290279","129290582","chr22","33981676","33981980","42","95308603"
"chr3","129296063","129296360","chr5","26961498","26961795","44","102334565"
"chr3","129322680","129322967","chr9","104685543","104685837","43","24637137"
"chr3","129375768","129376067","chr7","80905976","80906275","36","48469792"
"chr3","129466475","129466802","chr12","29286803","29287123","54","100179672"
"chr3","129549672","129549973","chr15","67461531","67461827","38","62088141"
"chr3","129634783","129635095","chr9","8886595","8886904","34","120748188"
"chr3","129638967","129639271","chrX","47176701","47177007","44","82462266"
"chr3","129639730","129640007","chr4","88162872","88163136","50","41476858"
"chr3","129702782","129703038","chr13","31479731","31479984","44","98223051"
"chr3","129705892","129706189","chr7","6894852","6895150","33","122811040"
"chr3","129725116","129725408","chr17","73944491","73944782","45","55780625"
"chr3","129757539","129757858","chr6","132767618","132767935","50","3010079"
"chr3","129817650","129817814","chr4","34157283","34157451","27","95660367"
"chr3","129818110","129818241","chr5","19371277","19371408","18","110446833"
"chr3","129824054","129824343","chr1","199269404","199269696","36","69445350"
"chr3","129830930","129831233","chr3","108570361","108570666","39","21260569"
"chr3","129846172","129846240","chr4","113515614","113515679","10","16330558"
"chr3","129852175","129852481","chr10","21056013","21056320","46","108796162"
"chr3","129854118","129854414","chr3","106655459","106655766","53","23198659"
"chr3","129856926","129857219","chr5","10038314","10038610","46","119818612"
"chr3","129868437","129868739","chr6","17068239","17068542","30","112800198"
"chr3","129886659","129886962","chr1","184817871","184818171","42","54931212"
"chr3","129910941","129911237","chrX","23750481","23750780","37","106160460"
"chr3","129916087","129916398","chrX","118063257","118063558","43","11852830"
"chr3","129924365","129924657","chrX","51320913","51321212","52","78603452"
"chr3","129987045","129987324","chr12","4806928","4807199","53","125180117"
"chr3","129997419","129997591","chr4","34157283","34157451","27","95840136"
"chr3","129997887","129998024","chr6","139231067","139231202","14","9233180"
"chr3","130019696","130019979","chr4","34845790","34846071","54","95173906"
"chr3","130040066","130040359","chr5","38614488","38614784","51","91425578"
"chr3","130041810","130042110","chr11","14706895","14707194","50","115334915"
"chr3","130051299","130051594","chr5","143023404","143023700","43","12972105"
"chr3","130051961","130052210","chr17","70618952","70619202","32","59433009"
"chr3","130095046","130095330","chr11","18173891","18174177","51","111921155"
"chr3","130101169","130101479","chr3","106655459","106655766","50","23445710"
"chr3","130115720","130115820","chr8","94213670","94213767","14","35902050"
"chr3","130116926","130117051","chr5","130478058","130478184","12","361132"
"chr3","130125037","130125367","chr12","5237529","5237846","51","124887508"
"chr3","130128679","130128977","chr10","22559240","22559536","44","107569439"
"chr3","130135492","130135805","chr6","148215658","148215964","49","18080166"
"chr3","130153972","130154256","chr7","148495456","148495743","57","18341484"
"chr3","130159716","130160021","chr1","202849760","202850061","40","72690044"
"chr3","130168350","130168653","chr15","48420238","48420542","46","81748112"
"chr3","130185290","130185421","chr7","30159076","30159208","14","100026214"
"chr3","130189120","130189421","chr12","83078942","83079243","47","47110178"
"chr3","130195852","130196061","chr5","106299142","106299349","36","23896710"
"chr3","130247114","130247397","chr3","80959478","80959762","39","49287636"
"chr3","130286793","130287032","chr2","20609639","20609897","55","109677154"
"chr3","130326594","130326846","chr17","45940859","45941111","38","84385735"
"chr3","130623176","130623469","chr2","164970963","164971257","37","34347787"
"chr3","130672406","130672703","chr6","119365724","119366021","32","11306682"
"chr3","130701230","130701522","chr20","23248359","23248652","37","107452871"
"chr3","130704834","130705130","chr13","58247712","58248008","41","72457122"
"chr3","130737387","130737687","chr9","45396887","45397186","41","85340500"
"chr3","130747581","130747745","chr4","34157283","34157451","33","96590298"
"chr3","130748036","130748172","chr22","17035586","17035722","16","113712450"
"chr3","130751887","130752162","chrX","90546446","90546718","41","40205441"
"chr3","130759084","130759397","chr9","66342592","66342903","46","64416492"
"chr3","130775451","130775743","chr6","147894727","147895020","50","17119276"
"chr3","130801066","130801368","chr5","38171978","38172283","47","92629088"
"chr3","130816163","130816473","chr6","112846301","112846609","37","17969862"
"chr3","130841071","130841371","chr5","5052462","5052757","43","125788609"
"chr3","130848093","130848398","chr22","33981676","33981980","38","96866417"
"chr3","130860993","130861272","chr5","46330077","46330361","40","84530916"
"chr3","130882199","130882499","chr14","32745447","32745743","49","98136752"
"chr3","130923586","130923883","chr4","88579677","88579978","50","42343909"
"chr3","130954495","130954786","chr6","143889066","143889352","41","12934571"
"chr3","131000821","131001127","chr6","50558708","50559008","43","80442113"
"chr3","131066548","131066869","chr7","57292095","57292411","50","73774453"
"chr3","131089428","131089734","chr14","46372540","46372849","46","84716888"
"chr3","131159484","131159777","chr17","45134021","45134314","36","86025463"
"chr3","131437717","131437974","chr17","44863779","44864051","40","86573938"
"chr3","131665396","131665660","chr9","113874562","113874835","45","17790834"
"chr3","131665693","131665717","chr10","17789322","17789342","5","113876371"
"chr3","131676073","131676358","chr3","111080319","111080605","50","20595754"
"chr3","131895941","131895997","chr17","44031251","44031316","16","87864690"
"chr3","131923423","131923729","chr3","92279326","92279632","40","39644097"
"chr3","132012157","132012467","chr7","45344118","45344429","51","86668039"
"chr3","132024083","132024383","chr17","69075766","69076065","39","62948317"
"chr3","132044228","132044504","chr9","44537673","44537953","41","87506555"
"chr3","132081519","132081828","chr1","6722876","6723172","54","125358643"
"chr3","132214810","132215092","chr15","37619139","37619418","39","94595671"
"chr3","132267967","132268032","chr17","44031251","44031316","7","88236716"
"chr3","132316232","132316553","chr12","24405450","24405760","45","107910782"
"chr3","132352207","132352497","chr8","97807987","97808275","40","34544220"
"chr3","132421460","132421739","chr10","8736436","8736699","52","123685024"
"chr3","132436872","132437178","chr21","40584762","40585072","40","91852110"
"chr3","132439976","132440263","chr17","43885000","43885286","35","88554976"
"chr3","132454315","132454639","chr3","21104959","21105285","47","111349356"
"chr3","132566985","132567277","chr4","35456588","35456885","39","97110397"
"chr3","132621698","132621996","chr11","97658809","97659082","65","34962889"
"chr3","132657867","132658162","chr12","31122344","31122642","38","101535523"
"chr3","132698901","132699171","chr6","85473213","85473483","34","47225688"
"chr3","132776174","132776452","chr2","151318278","151318555","51","18542104"
"chr3","132787140","132787411","chr9","39007168","39007436","48","93779972"
"chr3","132832927","132833228","chr10","16169668","16169965","37","116663259"
"chr3","132889306","132889604","chr20","27822433","27822727","34","105066873"
"chr3","132896119","132896398","chr17","16091436","16091715","50","116804683"
"chr3","133092991","133093290","chr9","99776089","99776389","33","33316902"
"chr3","133107951","133108240","chr4","16350054","16350344","36","116757897"
"chr3","133129063","133129340","chr1","191857187","191857462","50","58728124"
"chr3","133185797","133186066","chr13","7353190","7353465","39","125832607"
"chr3","133288752","133289025","chr2","56700759","56701042","44","76587993"
"chr3","133304800","133305113","chr3","165518689","165518997","55","32213889"
"chr3","133392142","133392462","chr4","82226247","82226558","52","51165895"
"chr3","133446139","133446438","chr17","43003371","43003667","38","90442768"
"chr3","133458412","133458721","chr2","150540166","150540472","38","17081754"
"chr3","133483725","133484022","chr17","42970078","42970385","40","90513647"
"chr3","133497509","133497653","chr2","8868216","8868359","21","124629293"
"chr3","133519262","133519553","chr2","29497456","29497755","39","104021806"
"chr3","133520781","133521083","chr5","94234310","94234606","49","39286471"
"chr3","133522818","133523121","chr6","17068239","17068542","41","116454579"
"chr3","133537284","133537585","chr6","17068239","17068542","37","116469045"
"chr3","133540518","133540833","chr22","40503125","40503432","43","93037393"
"chr3","133543855","133544163","chr1","201369278","201369591","49","67825423"
"chr3","133560834","133561137","chrX","93623389","93623691","47","39937445"
"chr3","133561515","133561828","chr1","168595556","168595859","49","35034041"
"chr3","133567254","133567558","chr5","134608851","134609157","46","1041597"
"chr3","133585404","133585479","chr7","62500001","62500078","9","71085403"
"chr3","133593726","133594027","chr10","16033492","16033786","51","117560234"
"chr3","133597453","133597749","chr10","27869408","27869703","35","105728045"
"chr3","133599064","133599364","chr17","69075766","69076065","37","64523298"
"chr3","133604152","133604436","chr10","8026640","8026929","40","125577512"
"chr3","133612857","133613160","chr1","5879848","5880147","50","127733009"
"chr3","133624971","133625264","chr12","29333369","29333657","42","104291602"
"chr3","133650828","133651113","chr6","67192361","67192637","46","66458467"
"chr3","133671502","133671819","chr9","100258454","100258773","57","33413048"
"chr3","133689044","133689324","chr10","93494866","93495138","41","40194178"
"chr3","133740380","133740630","chr1","204054205","204054451","42","70313825"
"chr3","133889449","133889743","chr10","8026640","8026929","47","125862809"
"chr3","133890324","133890558","chr4","45098246","45098479","33","88792078"
"chr3","133913550","133913859","chr7","66105076","66105385","45","67808474"
"chr3","133932317","133932625","chrX","47176701","47177007","34","86755616"
"chr3","133946833","133947147","chr17","42530324","42530617","49","91416509"
"chr3","134054536","134054805","chr10","5497465","5497725","42","128557071"
"chr3","134110251","134110549","chr5","38614488","38614784","35","95495763"
"chr3","134195665","134195958","chr5","75080426","75080719","43","59115239"
"chr3","134204214","134204503","chr2","49330876","49331163","40","84873338"
"chr3","134213812","134214106","chr11","123371423","123371718","39","10842389"
"chr3","134241039","134241366","chr5","110862498","110862806","66","23378541"
"chr3","134270752","134271036","chr5","52498828","52499124","53","81771924"
"chr3","134300212","134300516","chr4","156698023","156698319","39","22397811"
"chr3","134383631","134383917","chr4","37824304","37824582","41","96559327"
"chr3","134383983","134384198","chr5","116679315","116679527","28","17704668"
"chr3","134384530","134384829","chrX","30043039","30043339","55","104341491"
"chr3","134394633","134394964","chr8","75812679","75813006","60","58581954"
"chr3","134500001","134500124","chr9","113277693","113277817","11","21222308"
"chr3","134540768","134541081","chr5","15342496","15342804","51","119198272"
"chr3","134563422","134563721","chr5","77976326","77976624","42","56587096"
"chr3","134578323","134578629","chr1","202765782","202766088","37","68187459"
"chr3","134816071","134816391","chr9","58964004","58964323","45","75852067"
"chr3","134985157","134985457","chr11","64237379","64237684","41","70747778"
"chr3","135093437","135093737","chr5","23075626","23075923","53","112017811"
"chr3","135098730","135099038","chr6","7892688","7892995","52","127206042"
"chr3","135164531","135164832","chr7","144982540","144982842","41","9818009"
"chr3","135216442","135216748","chr1","168595556","168595859","40","33379114"
"chr3","135317307","135317611","chr2","171330283","171330586","46","36012976"
"chr3","135323535","135323839","chr17","69358056","69358361","49","65965479"
"chr3","135388203","135388423","chrX","22269138","22269363","32","113119065"
"chr3","135692550","135692862","chr17","40821489","40821793","36","94871061"
"chr3","135830863","135831160","chr19","24203448","24203737","37","111627415"
"chr3","135907095","135907394","chr17","40600162","40600448","48","95306933"
"chr3","135946989","135947279","chr9","111461476","111461764","47","24485513"
"chr3","135977724","135977999","chr22","41649645","41649920","48","94328079"
"chr3","136061346","136061630","chrX","40275836","40276127","39","95785510"
"chr3","136101432","136101725","chr9","112754308","112754601","42","23347124"
"chr3","136120306","136120598","chr19","24203448","24203737","42","111916858"
"chr3","136143508","136143801","chr5","97099228","97099516","37","39044280"
"chr3","136184984","136185275","chr9","20838286","20838576","42","115346698"
"chr3","136204151","136204445","chr12","100785810","100786105","37","35418341"
"chr3","136213121","136213421","chr7","80047681","80047980","43","56165440"
"chr3","136215335","136215632","chr12","107488690","107488986","38","28726645"
"chr3","136215966","136216271","chr1","168595556","168595859","31","32379590"
"chr3","136239679","136239966","chr12","115383799","115384092","47","20855880"
"chr3","136244990","136245291","chr2","67092766","67093073","48","69152224"
"chr3","136246842","136247153","chr5","134608851","134609157","42","1637991"
"chr3","136259763","136260049","chr18","4154574","4154859","44","132105189"
"chr3","136263732","136264027","chr1","139317923","139318220","42","3054191"
"chr3","136266132","136266428","chr12","115383799","115384092","38","20882333"
"chr3","136286781","136287056","chr3","6494628","6494898","42","129792153"
"chr3","136305467","136305773","chr5","108142890","108143201","48","28162577"
"chr3","136308981","136309291","chr7","58166645","58166955","39","78142336"
"chr3","136314395","136314682","chr8","33389057","33389351","68","102925338"
"chr3","136319387","136319696","chr8","94868447","94868747","54","41450940"
"chr3","136349872","136350155","chr4","25542330","25542622","48","110807542"
"chr3","136354299","136354601","chr17","40180159","40180448","44","96174140"
"chr3","136355071","136355379","chr7","32003277","32003587","38","104351794"
"chr3","136364073","136364382","chr9","107112363","107112674","41","29251710"
"chr3","136384487","136384784","chr18","15281460","15281759","45","121103027"
"chr3","136393591","136393895","chr6","17068239","17068542","38","119325352"
"chr3","136395341","136395642","chr8","10498527","10498822","39","125896814"
"chr3","136398114","136398417","chr5","38171978","38172283","39","98226136"
"chr3","136405232","136405541","chr5","43400841","43401151","51","93004391"
"chr3","136410702","136410895","chr17","40106874","40107074","27","96303828"
"chr3","136418072","136418389","chr7","66105076","66105385","42","70312996"
"chr3","136419966","136420268","chr1","202849760","202850061","47","66429794"
"chr3","136420787","136421063","chr22","42721095","42721377","69","93699692"
"chr3","136423854","136424119","chr12","87780163","87780427","44","48643691"
"chr3","136424329","136424632","chr6","17068239","17068542","47","119356090"
"chr3","136426657","136426786","chr10","98643557","98643688","21","37783100"
"chr3","136427080","136427242","chr5","92523616","92523781","33","43903464"
"chr3","136432495","136432793","chrX","122555379","122555675","54","13877116"
"chr3","136435970","136436255","chr3","138216033","138216322","42","1780063"
"chr3","136436285","136436580","chr1","168636353","168636646","36","32200068"
"chr3","136438232","136438522","chr14","105224271","105224557","57","31213961"
"chr3","136438916","136439229","chr1","25957169","25957480","46","110481747"
"chr3","136444079","136444373","chr7","72079376","72079671","44","64364703"
"chr3","136454382","136454677","chr17","40056056","40056348","47","96398326"
"chr3","136477810","136478089","chr2","80644634","80644911","39","55833176"
"chr3","136490052","136490326","chr15","5182967","5183246","48","131307085"
"chr3","136495556","136495686","chr9","39456312","39456442","15","97039244"
"chr3","136495995","136496170","chrX","106480049","106480214","29","30015946"
"chr3","136506349","136506673","chr17","54870851","54871173","50","81635498"
"chr3","136510783","136511071","chr4","16350054","16350344","35","120160729"
"chr3","136516237","136516498","chr13","69727006","69727274","65","66789231"
"chr3","136537491","136537795","chr5","128245467","128245773","46","8292024"
"chr3","136555402","136555681","chr1","169468735","169469019","47","32913333"
"chr3","136589650","136589948","chr6","17068239","17068542","43","119521411"
"chr3","136600839","136600849","chr5","92524075","92524085","2","44076764"
"chr3","136600909","136601160","chr5","89380186","89380445","44","47220723"
"chr3","136602569","136602849","chr8","79807476","79807758","45","56795093"
"chr3","136607396","136607699","chr7","148985140","148985448","39","12377744"
"chr3","136613499","136613787","chrX","17543907","17544194","40","119069592"
"chr3","136619476","136619779","chr5","2298333","2298635","43","134321143"
"chr3","136642265","136642565","chr9","112076876","112077186","47","24565389"
"chr3","136667553","136667795","chr21","39438593","39438836","37","97228960"
"chr3","136671003","136671298","chr3","140816299","140816595","42","4145296"
"chr3","136679298","136679446","chr1","99278484","99278627","22","37400814"
"chr3","136679753","136679915","chr10","100550541","100550700","29","36129212"
"chr3","136684468","136684797","chr1","129549542","129549867","63","7134926"
"chr3","136713302","136713597","chr5","94234310","94234606","41","42478992"
"chr3","136742432","136742738","chr1","168595556","168595859","45","31853124"
"chr3","136758061","136758370","chr6","17068239","17068542","45","119689822"
"chr3","136765018","136765308","chr17","39742295","39742585","34","97022723"
"chr3","136769477","136769759","chr22","42069564","42069851","45","94699913"
"chr3","136776396","136776689","chr1","193707550","193707844","41","56931154"
"chr3","136786061","136786382","chr4","82226247","82226558","57","54559814"
"chr3","136798709","136799010","chr1","98572733","98573027","55","38225976"
"chr3","136809978","136810268","chr17","39690352","39690646","37","97119626"
"chr3","136815350","136815658","chr17","39689029","39689335","37","97126321"
"chr3","136849823","136850138","chr3","106655459","106655766","45","30194364"
"chr3","136864750","136864946","chr19","13498566","13498747","36","123366184"
"chr3","136865256","136865384","chr13","59268009","59268133","16","77597247"
"chr3","136869266","136869569","chr1","174405210","174405519","52","37535944"
"chr3","136870065","136870354","chr9","115637925","115638221","38","21232140"
"chr3","136898118","136898404","chr3","93990955","93991253","46","42907163"
"chr3","136904167","136904452","chr2","34769793","34770079","40","102134374"
"chr3","136927539","136927818","chr4","38209077","38209362","42","98718462"
"chr3","136936039","136936339","chr17","69075766","69076065","34","67860273"
"chr3","136941107","136941427","chr5","111734764","111735082","58","25206343"
"chr3","136971132","136971430","chr1","15931085","15931383","32","121040047"
"chr3","136983095","136983387","chr13","96512019","96512310","36","40471076"
"chr3","137022970","137023157","chr11","66005506","66005693","32","71017464"
"chr3","137052616","137052911","chr5","38614488","38614784","37","98438128"
"chr3","137185404","137185691","chr10","80641485","80641776","48","56543919"
"chr3","137512998","137513329","chr9","98029843","98030162","57","39483155"
"chr3","137717041","137717339","chr19","26753276","26753574","40","110963765"
"chr3","137894931","137895020","chr1","201758721","201758810","15","63863790"
"chr3","137931530","137931834","chr1","168595556","168595859","39","30664026"
"chr3","137977814","137978094","chr1","9636694","9636977","42","128341120"
"chr3","138003890","138004169","chr16","92089757","92090031","41","45914133"
"chr3","138008645","138008930","chr17","31103000","31103287","52","106905645"
"chr3","138091335","138091609","chr1","15624742","15625015","39","122466593"
"chr3","138133992","138134297","chr6","17068239","17068542","36","121065753"
"chr3","138140161","138140473","chr15","72185705","72186015","47","65954456"
"chr3","138142461","138142771","chr1","137129532","137129843","41","1012929"
"chr3","138144884","138145193","chr2","10406818","10407122","38","127738066"
"chr3","138149519","138149816","chr6","147894727","147895020","34","9745208"
"chr3","138176028","138176339","chr18","10830546","10830857","37","127345482"
"chr3","138176967","138177268","chr6","17068239","17068542","47","121108728"
"chr3","138178530","138178826","chr1","160343198","160343494","44","22164668"
"chr3","138220684","138220989","chr14","38667688","38667989","52","99552996"
"chr3","138231962","138232275","chr7","57213096","57213404","49","81018866"
"chr3","138255699","138255995","chr3","3804205","3804512","49","134451494"
"chr3","138267961","138268265","chr22","33981676","33981980","36","104286285"
"chr3","138278226","138278514","chr1","98572733","98573027","39","39705493"
"chr3","138285950","138286242","chr20","27822433","27822727","40","110463517"
"chr3","138309403","138309675","chr6","156886623","156886893","41","18577220"
"chr3","138323135","138323428","chr17","38240689","38240976","35","100082446"
"chr3","138325395","138325707","chr3","106655459","106655766","41","31669936"
"chr3","138326860","138327176","chr5","21567763","21568073","63","116759097"
"chr3","138331713","138331995","chr10","22594623","22594907","47","115737090"
"chr3","138337151","138337449","chr6","17068239","17068542","48","121268912"
"chr3","138340219","138340500","chr5","120684415","120684709","55","17655804"
"chr3","138355649","138355946","chr17","38200836","38201134","45","100154813"
"chr3","138358055","138358357","chr2","31372053","31372354","42","106986002"
"chr3","138375736","138376012","chr14","19095517","19095798","60","119280219"
"chr3","138407013","138407339","chr2","128453977","128454288","52","9953036"
"chr3","138425878","138426188","chr4","12463368","12463662","51","125962510"
"chr3","138430209","138430512","chr12","28553718","28554019","44","109876491"
"chr3","138489478","138489665","chr2","132832350","132832527","27","5657128"
"chr3","138498766","138499075","chr7","45344118","45344429","38","93154648"
"chr3","138539016","138539313","chr11","61683952","61684244","58","76855064"
"chr3","138559452","138559750","chr10","37229551","37229853","53","101329901"
"chr3","138599653","138599788","chr22","17035586","17035722","14","121564067"
"chr3","138600091","138600250","chr10","100550541","100550700","29","38049550"
"chr3","138610588","138610883","chr5","96441121","96441410","45","42169467"
"chr3","138632543","138632613","chr2","11265080","11265150","8","127367463"
"chr3","138656779","138657065","chr7","26918353","26918647","39","111738426"
"chr3","138681042","138681340","chr10","98627092","98627395","46","40053950"
"chr3","138685855","138686152","chr17","37908124","37908429","41","100777731"
"chr3","138686157","138686461","chr1","168595556","168595859","43","29909399"
"chr3","138716615","138716922","chr5","76241670","76241978","40","62474945"
"chr3","138719236","138719508","chr7","96194147","96194420","39","42525089"
"chr3","138723271","138723560","chr3","38392861","38393158","52","100330410"
"chr3","138739619","138739925","chr6","106862679","106862987","46","31876940"
"chr3","138740076","138740387","chr4","42695729","42696041","56","96044347"
"chr3","138745340","138745641","chr17","37841362","37841668","40","100903978"
"chr3","138796102","138796407","chr6","17068239","17068542","32","121727863"
"chr3","138806205","138806495","chr17","37789969","37790261","38","101016236"
"chr3","138807152","138807458","chr6","143915001","143915307","45","5107849"
"chr3","138819691","138819973","chr4","34845790","34846071","47","103973901"
"chr3","138837774","138837841","chr4","37446093","37446161","10","101391681"
"chr3","138840448","138840747","chr15","49359997","49360293","41","89480451"
"chr3","138848241","138848523","chr15","37619139","37619418","44","101229102"
"chr3","138865783","138866104","chr20","26453338","26453637","55","112412445"
"chr3","138870376","138870684","chr15","20913964","20914267","45","117956412"
"chr3","138871289","138871433","chr20","26271603","26271738","21","112599686"
"chr3","138878708","138879002","chr22","35530146","35530439","36","103348562"
"chr3","138880983","138881291","chr5","129591545","129591851","37","9289438"
"chr3","138882614","138882769","chr5","64547457","64547612","32","74335157"
"chr3","138883102","138883249","chr7","35886267","35886411","28","102996835"
"chr3","138893148","138893269","chr7","79609225","79609358","23","59283923"
"chr3","138894213","138894499","chr8","117614816","117615105","50","21279397"
"chr3","138895241","138895529","chr7","106056918","106057215","48","32838323"
"chr3","138903885","138904195","chr18","39712282","39712591","40","99191603"
"chr3","138918210","138918491","chr6","152500617","152500903","59","13582407"
"chr3","138921048","138921223","chr12","4348306","4348486","41","134572742"
"chr3","138921250","138921376","chr9","113277693","113277817","17","25643557"
"chr3","138926355","138926486","chr5","74477520","74477649","20","64448835"
"chr3","138926520","138926707","chr11","73238953","73239132","47","65687567"
"chr3","138953019","138953313","chr17","69075766","69076065","40","69877253"
"chr3","139002235","139002543","chr17","37587830","37588132","35","101414405"
"chr3","139008867","139008934","chr17","37581147","37581215","8","101427720"
"chr3","139009014","139009337","chr17","37580755","37581060","52","101428259"
"chr3","139017471","139017750","chr7","80622327","80622607","40","58395144"
"chr3","139022424","139022711","chr5","79752580","79752868","49","59269844"
"chr3","139266037","139266327","chr15","20770296","20770585","36","118495741"
"chr3","139360242","139360544","chr11","75298799","75299105","45","64061443"
"chr3","139379991","139380310","chr17","37210966","37211259","51","102169025"
"chr3","139543207","139543512","chr22","33981676","33981980","44","105561531"
"chr3","139717466","139717777","chr6","17068239","17068542","49","122649227"
"chr3","139753131","139753438","chr5","136750937","136751240","50","3002194"
"chr3","139907297","139907534","chr13","100288912","100289148","37","39618385"
"chr3","140014216","140014518","chr3","184276416","184276710","60","44262200"
"chr3","140214158","140214465","chr7","89855702","89855996","57","50358456"
"chr3","140311288","140311605","chr6","18703661","18703971","55","121607627"
"chr3","140426893","140427184","chr14","83739394","83739686","39","56687499"
"chr3","140778239","140778548","chr1","175917138","175917449","47","35138899"
"chr3","140789410","140789702","chr3","151588626","151588920","44","10799216"
"chr3","140824233","140824535","chr19","26753276","26753574","42","114070957"
"chr3","140903870","140904149","chr6","151058379","151058657","44","10154509"
"chr3","140951486","140951794","chr22","31731791","31732095","50","109219695"
"chr3","140959010","140959314","chr1","156808035","156808336","47","15849025"
"chr3","140995120","140995414","chr22","30202132","30202421","37","110792988"
"chr3","141014523","141014824","chr20","27822433","27822727","45","113192090"
"chr3","141017142","141017308","chr4","44327886","44328048","34","96689256"
"chr3","141018063","141018196","chr9","39119150","39119289","26","101898913"
"chr3","141061698","141062034","chr13","35856564","35856904","60","105205134"
"chr3","141154688","141154983","chr4","118806345","118806645","36","22348343"
"chr3","141189417","141189698","chr6","140559350","140559631","45","630067"
"chr3","141214709","141214990","chr5","31371357","31371639","44","109843352"
"chr3","141253918","141254212","chr15","37346447","37346739","49","103907471"
"chr3","141322520","141322828","chrY","2468652","2468956","44","138853868"
"chr3","141373848","141374130","chr17","35253579","35253864","36","106120269"
"chr3","141436504","141436797","chr1","172257719","172258009","36","30821215"
"chr3","141537487","141537781","chr2","7088245","7088531","35","134449242"
"chr3","141572090","141572391","chr12","15053437","15053737","43","126518653"
"chr3","141587430","141587733","chr4","21718170","21718470","36","119869260"
"chr3","141598803","141599097","chr4","44354417","44354708","39","97244386"
"chr3","141619275","141619579","chr5","38614488","38614784","44","103004787"
"chr3","141622160","141622172","chr5","92524075","92524085","3","49098085"
"chr3","141622200","141622382","chr12","27202695","27202888","40","114419505"
"chr3","141623137","141623244","chr2","171705474","171705580","15","30082337"
"chr3","141636866","141637171","chr4","35456588","35456885","43","106180278"
"chr3","141639096","141639417","chr10","94240569","94240890","57","47398527"
"chr3","141640334","141640630","chr1","15931085","15931383","47","125709249"
"chr3","141642912","141643194","chr10","16033492","16033786","48","125609420"
"chr3","141679039","141679319","chr7","80345041","80345321","59","61333998"
"chr3","141689128","141689436","chr15","20913964","20914267","49","120775164"
"chr3","141689943","141690246","chr9","11967801","11968108","39","129722142"
"chr3","141711657","141711955","chr2","31372053","31372354","37","110339604"
"chr3","141714120","141714417","chr19","24203448","24203737","33","117510672"
"chr3","141715041","141715300","chr1","136879586","136879848","51","4835455"
"chr3","141725328","141725636","chr3","106655459","106655766","44","35069869"
"chr3","141756035","141756326","chr3","25904255","25904547","43","115851780"
"chr3","141772851","141773167","chr17","34868797","34869109","44","106904054"
"chr3","141792121","141792419","chr12","100785810","100786105","33","41006311"
"chr3","141824341","141824637","chr7","86196529","86196823","37","55627812"
"chr3","141835342","141835666","chr18","32139637","32139952","54","109695705"
"chr3","141836798","141837090","chr12","29333369","29333657","41","112503429"
"chr3","141846507","141846799","chr10","16033492","16033786","34","125813015"
"chr3","141848850","141849157","chrX","47176701","47177007","33","94672149"
"chr3","141852490","141852504","chr5","92524075","92524085","4","49328415"
"chr3","141852538","141852695","chr9","43291243","43291387","30","98561295"
"chr3","141852998","141853134","chr16","68359062","68359197","14","73493936"
"chr3","141856093","141856389","chr5","106897987","106898285","41","34958106"
"chr3","141879490","141879789","chr9","110500593","110500886","36","31378897"
"chr3","141893038","141893307","chr12","36819489","36819752","50","105073549"
"chr3","141906184","141906478","chr1","182969072","182969372","40","41062888"
"chr3","141911493","141911794","chr17","34734697","34735007","40","107176796"
"chr3","141930123","141930430","chr2","7736700","7736996","52","134193423"
"chr3","141939140","141939365","chr4","139611381","139611609","38","2327759"
"chr3","141940732","141941024","chr4","108404859","108405147","45","33535873"
"chr3","141944083","141944372","chr9","115975743","115976037","44","25968340"
"chr3","141983355","141983638","chrX","32823900","32824179","48","109159455"
"chr3","141989910","141990193","chr4","159280446","159280729","43","17290536"
"chr3","141991477","141991758","chr1","203445507","203445791","40","61454030"
"chr3","141991761","141992069","chr9","11967801","11968108","44","130023960"
"chr3","141998324","141998631","chr12","9098197","9098491","53","132900127"
"chr3","142023188","142023489","chr6","119365724","119366021","48","22657464"
"chr3","142045613","142045922","chr5","110862498","110862806","44","31183115"
"chr3","142048134","142048447","chr18","39712282","39712591","58","102335852"
"chr3","142051258","142051535","chr7","43701136","43701414","48","98350122"
"chr3","142065528","142065786","chr14","99396702","99396962","46","42668826"
"chr3","142069909","142070206","chr12","2923234","2923528","38","139146675"
"chr3","142071162","142071457","chr9","115637925","115638221","42","26433237"
"chr3","142084917","142085214","chr10","100422339","100422640","45","41662578"
"chr3","142097818","142098090","chr17","34559162","34559435","38","107538656"
"chr3","142111784","142112077","chr10","54952513","54952808","38","87159271"
"chr3","142116930","142117220","chrX","16478254","16478545","40","125638676"
"chr3","142117815","142118109","chr7","63062538","63062830","34","79055277"
"chr3","142126665","142126964","chr4","155847592","155847894","37","13720927"
"chr3","142142956","142143245","chrX","47125049","47125340","37","95017907"
"chr3","142153504","142153813","chr6","17068239","17068542","41","125085265"
"chr3","142156760","142157064","chr6","17068239","17068542","43","125088521"
"chr3","142163278","142163569","chr2","6873859","6874157","46","135289419"
"chr3","142191556","142191836","chr1","203445507","203445791","43","61253951"
"chr3","142194244","142194542","chr7","80047681","80047980","41","62146563"
"chr3","142260449","142260756","chr9","11967801","11968108","41","130292648"
"chr3","142262628","142262932","chr4","26335541","26335842","46","115927087"
"chr3","142263863","142263986","chr6","49067549","49067673","11","93196314"
"chr3","142267778","142268075","chr5","75080426","75080719","43","67187352"
"chr3","142278358","142278600","chr12","37622220","37622460","47","104656138"
"chr3","142309227","142309515","chr10","22559240","22559536","44","119749987"
"chr3","142315502","142315814","chr6","17068239","17068542","40","125247263"
"chr3","142321106","142321419","chr9","108803119","108803421","42","33517987"
"chr3","142323329","142323481","chr14","13320923","13321071","21","129002406"
"chr3","142352644","142352943","chr10","29910934","29911230","41","112441710"
"chr3","142354572","142354830","chr15","61667377","61667641","48","80687195"
"chr3","142357752","142358067","chr9","91776812","91777118","52","50580940"
"chr3","142393834","142394126","chr1","172257719","172258009","35","29863885"
"chr3","142407351","142407628","chr7","58160492","58160776","37","84246859"
"chr3","142416195","142416480","chr4","88122957","88123236","46","54293238"
"chr3","142435479","142435781","chr22","28997304","28997607","47","113438175"
"chr3","142452394","142452678","chr3","142186288","142186572","38","266106"
"chr3","142473942","142474226","chr21","37626132","37626413","42","104847810"
"chr3","142510214","142510488","chr2","135274915","135275185","56","7235299"
"chr3","142511374","142511684","chrX","122774008","122774319","39","19737366"
"chr3","142518241","142518521","chr17","34197539","34197818","40","108320702"
"chr3","142558241","142558550","chr12","18910665","18910972","44","123647576"
"chr3","142575245","142575486","chr9","123741406","123741645","58","18833839"
"chr3","142584876","142585180","chr17","34126255","34126555","38","108458621"
"chr3","142589560","142589850","chr7","131598230","131598524","39","10991330"
"chr3","142592177","142592471","chr17","34117439","34117730","41","108474738"
"chr3","142602843","142602957","chr5","56039745","56039850","21","86563098"
"chr3","142613196","142613517","chrX","15478140","15478450","57","127135056"
"chr3","142617696","142617988","chr6","147894727","147895020","36","5277031"
"chr3","142631233","142631508","chrUn_GL286397","204143","204413","40","142427090"
"chr3","142655962","142656261","chr5","26961498","26961795","40","115694464"
"chr3","142662927","142663234","chr9","20806439","20806737","44","121856488"
"chr3","142675685","142675980","chr4","89994430","89994716","59","52681255"
"chr3","142677364","142677658","chr5","38614488","38614784","34","104062876"
"chr3","142687940","142688247","chr5","78562869","78563170","42","64125071"
"chr3","142714680","142714980","chr11","74360467","74360765","39","68354213"
"chr3","142741881","142742208","chrX","15478140","15478450","51","127263741"
"chr3","142770094","142770396","chr17","33949389","33949686","32","108820705"
"chr3","142804825","142805120","chr20","22923582","22923882","46","119881243"
"chr3","142833177","142833481","chr5","2508969","2509278","58","140324208"
"chr3","142904017","142904313","chr6","147894727","147895020","45","4990710"
"chr3","142967172","142967469","chr12","100785810","100786105","38","42181362"
"chr3","142967760","142968061","chr14","3770784","3771083","41","139196976"
"chr3","142975902","142976197","chr3","83720207","83720499","46","59255695"
"chr3","143048634","143048875","chr17","33664817","33665066","48","109383817"
"chr3","143108917","143109211","chr15","41758838","41759130","38","101350079"
"chr3","143112636","143112954","chr17","33596333","33596635","40","109516303"
"chr3","143113571","143113877","chr7","5842882","5843183","37","137270689"
"chr3","143229250","143229561","chr17","33475994","33476292","46","109753256"
"chr3","143661698","143661824","chr12","15232666","15232793","15","128429032"
"chr3","143818319","143818608","chrX","65730608","65730894","45","78087711"
"chr3","143825977","143826273","chr5","26961498","26961795","42","116864479"
"chr3","143992801","143993103","chrX","16692831","16693132","43","127299970"
"chr3","144068266","144068562","chr7","25395929","25396223","45","118672337"
"chr3","144177419","144177717","chr22","33981676","33981980","48","110195743"
"chr3","144238278","144238462","chr9","9496825","9497001","40","134741453"
"chr3","144238668","144238798","chr7","64686118","64686250","19","79552550"
"chr3","144400451","144400757","chr16","1171147","1171451","41","143229304"
"chr3","144458643","144458954","chr14","16954930","16955239","41","127503713"
"chr3","144485548","144485699","chr2","14289663","14289811","20","130195885"
"chr3","144486011","144486146","chr8","105529389","105529524","17","38956622"
"chr3","144568032","144568340","chr17","32105534","32105837","47","112462498"
"chr3","144573915","144574202","chrX","18828260","18828542","56","125745655"
"chr3","144599955","144600224","chr1","171688057","171688330","43","27088102"
"chr3","144709609","144709890","chr8","32478813","32479091","52","112230796"
"chr3","144717146","144717440","chr3","94762904","94763199","41","49954242"
"chr3","144727305","144727586","chr4","16350054","16350344","48","128377251"
"chr3","144839215","144839506","chr15","5688723","5689022","49","139150492"
"chr3","144978990","144979261","chr12","16322527","16322798","38","128656463"
"chr3","145151303","145151606","chr3","106655459","106655766","39","38495844"
"chr3","145321499","145321769","chr11","97727292","97727572","41","47594207"
"chr3","145383947","145384229","chr17","38584692","38584974","50","106799255"
"chr3","145393457","145393755","chr5","8732041","8732342","51","136661416"
"chr3","145406308","145406630","chr19","6538901","6539218","62","138867407"
"chr3","145599189","145599479","chrX","108021574","108021865","39","37577615"
"chr3","145631027","145631372","chr12","1551146","1551485","64","144079881"
"chr3","145699563","145699821","chrX","47612856","47613116","52","98086707"
"chr3","145750476","145750583","chr22","4044479","4044586","13","141705997"
"chr3","145839495","145839787","chr17","31245598","31245889","44","114593897"
"chr3","145868104","145868415","chr17","31215312","31215621","39","114652792"
"chr3","145988058","145988350","chr1","15931085","15931383","43","130056973"
"chr3","146001123","146001435","chr22","13872106","13872416","42","132129017"
"chr3","146037501","146037812","chr17","63975680","63975992","43","82061821"
"chr3","146125465","146125727","chr4","15785027","15785292","48","130340438"
"chr3","146137348","146137547","chrX","47514970","47515166","37","98622378"
"chr3","146273946","146274237","chr5","96366397","96366682","57","49907549"
"chr3","146313832","146314102","chr7","130671651","130671919","73","15642181"
"chr3","146740079","146740358","chr17","30490016","30490293","32","116250063"
"chr3","146792065","146792221","chr1","199296013","199296162","38","52503948"
"chr3","146792247","146792378","chr6","117725021","117725153","19","29067226"
"chr3","146918924","146919206","chr2","63221999","63222273","49","83696925"
"chr3","147037059","147037314","chr2","39261925","39262177","58","107775134"
"chr3","147442245","147442518","chr10","114616376","114616650","49","32825869"
"chr3","147542571","147542860","chrX","18245744","18246031","46","129296827"
"chr3","147547813","147548121","chr9","11967801","11968108","47","135580012"
"chr3","147586432","147586744","chr7","13017719","13018023","45","134568713"
"chr3","147716761","147717078","chr18","2792643","2792955","59","144924118"
"chr3","147818902","147819205","chr17","29378604","29378905","44","118440298"
"chr3","147830874","147831162","chr7","58655269","58655556","45","89175605"
"chr3","147893808","147894127","chr3","21104959","21105285","58","126788849"
"chr3","147925987","147926263","chr2","6817626","6817891","45","141108361"
"chr3","147944807","147945115","chr3","64986478","64986781","41","82958329"
"chr3","147968937","147969229","chr17","29251165","29251455","41","118717772"
"chr3","148008115","148008448","chr22","41857491","41857814","65","106150624"
"chr3","148163602","148163896","chrUn_GL286262","40235","40532","42","148123367"
"chr3","148252681","148253009","chr14","85439538","85439863","48","62813143"
"chr3","148311534","148311818","chr4","48143637","48143933","48","100167897"
"chr3","148541175","148541473","chr8","93697187","93697481","39","54843988"
"chr3","148542185","148542449","chrX","39387728","39387995","43","109154457"
"chr3","148604399","148604701","chr9","116359023","116359322","46","32245376"
"chr3","148701978","148702276","chr11","65163335","65163629","34","83538643"
"chr3","148880329","148880631","chr14","69557130","69557432","43","79323199"
"chr3","148908938","148909234","chr10","55872616","55872911","39","93036322"
"chr3","148966744","148967084","chr22","36078738","36079076","77","112888006"
"chr3","148990779","148990879","chr17","28245468","28245568","11","120745311"
"chr3","149002741","149003016","chr9","44537673","44537953","43","104465068"
"chr3","149008876","149009174","chr1","186704593","186704886","43","37695717"
"chr3","149014600","149014884","chr13","17684925","17685198","54","131329675"
"chr3","149070763","149071063","chrX","22345843","22346145","36","126724920"
"chr3","149090143","149090434","chr3","45658377","45658667","45","103431766"
"chr3","149095300","149095560","chr16","26391117","26391381","43","122704183"
"chr3","149100747","149101033","chr2","62380758","62381043","53","86719989"
"chr3","149104767","149105074","chr5","79911774","79912081","47","69192993"
"chr3","149115799","149116097","chr1","193266464","193266759","43","44150665"
"chr3","149161509","149161809","chr6","17068239","17068542","36","132093270"
"chr3","149182869","149183154","chr15","61635267","61635555","40","87547602"
"chr3","149194257","149194538","chrX","18828260","18828542","44","130365997"
"chr3","149200495","149200809","chr22","33981676","33981980","48","115218819"
"chr3","149201580","149201894","chr10","117620910","117621216","48","31580670"
"chr3","149228158","149228443","chr15","20770296","20770585","36","128457862"
"chr3","149262614","149262915","chr12","91267902","91268208","44","57994712"
"chr3","149306410","149306699","chrX","39866052","39866340","45","109440358"
"chr3","149345584","149345882","chr7","6894852","6895150","35","142450732"
"chr3","149434753","149435055","chr8","90159155","90159459","53","59275598"
"chr3","149446965","149447197","chr9","84110775","84111008","49","65336190"
"chr3","149448770","149449050","chr9","102025082","102025360","45","47423688"
"chr3","149457345","149457655","chrX","124381299","124381609","49","25076046"
"chr3","149469627","149469920","chr10","16033492","16033786","40","133436135"
"chr3","149601184","149601497","chr3","106655459","106655766","52","42945725"
"chr3","149602675","149602959","chr18","5141985","5142278","38","144460690"
"chr3","149608389","149608688","chr7","59988924","59989218","33","89619465"
"chr3","149624710","149625027","chr1","77884185","77884505","57","71740525"
"chr3","149640421","149640720","chr7","113798427","113798728","38","35841994"
"chr3","149644849","149645070","chr1","192262423","192262637","37","42617574"
"chr3","149645379","149645463","chr5","73118974","73119057","11","76526405"
"chr3","149683412","149683718","chr6","17068239","17068542","40","132615173"
"chr3","149710583","149710877","chr5","94234310","94234606","34","55476273"
"chr3","149716102","149716411","chr10","29378395","29378705","44","120337707"
"chr3","149718814","149719125","chr1","138077483","138077787","47","11641331"
"chr3","149747655","149747971","chr10","21056013","21056320","46","128691642"
"chr3","149749019","149749289","chr7","50963286","50963564","42","98785733"
"chr3","149759294","149759586","chr5","79752580","79752868","44","70006714"
"chr3","149760323","149760670","chr2","15676045","15676358","71","134084278"
"chr3","149768561","149768842","chrUn_GL286838","5758","6037","44","149762803"
"chr3","149772025","149772319","chrX","30043039","30043339","48","119728986"
"chr3","149776679","149776988","chr1","185167919","185168230","55","35391240"
"chr3","149793421","149793720","chr1","15931085","15931383","31","133862336"
"chr3","149800650","149800959","chrX","79587653","79587955","49","70212997"
"chr3","149807668","149807935","chrX","39387728","39387995","37","110419940"
"chr3","149811351","149811649","chr12","115383799","115384092","36","34427552"
"chr3","149929925","149930223","chr1","193596336","193596626","36","43666411"
"chr3","149938177","149938472","chr6","147894727","147895020","43","2043450"
"chr3","150020991","150021287","chr17","27178984","27179285","41","122842007"
"chr3","150088148","150088440","chr2","10284179","10284464","38","139803969"
"chr3","150120528","150120807","chr19","16266278","16266559","41","133854250"
"chr3","150215013","150215326","chr5","4793924","4794233","48","145421089"
"chr3","150218708","150219016","chr4","158922649","158922955","42","8703941"
"chr3","150246882","150247185","chr12","34453324","34453622","39","115793558"
"chr3","150329223","150329531","chr11","124322704","124323011","40","26006519"
"chr3","150360656","150360948","chr15","1415638","1415950","49","148945018"
"chr3","150362018","150362319","chr17","26816326","26816619","34","123545692"
"chr3","150379195","150379491","chr7","50957152","50957450","56","99422043"
"chr3","150380770","150381075","chr2","13260970","13261276","44","137119800"
"chr3","150434146","150434442","chr22","28997304","28997607","51","121436842"
"chr3","150462625","150462937","chr11","64363135","64363445","37","86099490"
"chr3","150472989","150473292","chr22","33981676","33981980","38","116491313"
"chr3","150492448","150492760","chr8","26191626","26191934","46","124300822"
"chr3","150496749","150497031","chr4","155495685","155495965","38","4998936"
"chr3","150512198","150512508","chr17","26674712","26675013","43","123837486"
"chr3","150513836","150514122","chr7","58655269","58655556","39","91858567"
"chr3","150516342","150516617","chr16","5203422","5203693","40","145312920"
"chr3","150559499","150559794","chr12","80492908","80493200","48","70066591"
"chr3","150572573","150572872","chr5","154800624","154800924","40","4228051"
"chr3","150575807","150576097","chr3","81239903","81240189","51","69335904"
"chr3","150593577","150593862","chr2","13271764","13272049","55","137321813"
"chr3","150596877","150597188","chr7","66105076","66105385","43","84491801"
"chr3","150606608","150606892","chr17","72866963","72867249","43","77739645"
"chr3","150642667","150642937","chr17","26551753","26552025","41","124090914"
"chr3","150678759","150679058","chrX","40018448","40018754","40","110660311"
"chr3","150722395","150722672","chr10","115915086","115915368","52","34807309"
"chr3","150740406","150740673","chr17","26472347","26472637","49","124268059"
"chr3","150746113","150746424","chr17","26466930","26467233","46","124279183"
"chr3","150796893","150797168","chr2","127495228","127495499","51","23301665"
"chr3","150825031","150825339","chr17","26378331","26378637","44","124446700"
"chr3","150837050","150837379","chr15","24667163","24667483","60","126169887"
"chr3","150867985","150868295","chr4","139157216","139157524","46","11710769"
"chr3","150953539","150953817","chr17","26253380","26253663","43","124700159"
"chr3","150993835","150994138","chr17","51034912","51035212","44","99958923"
"chr3","151261744","151262025","chr17","33996925","33997208","49","117264819"
"chr3","151396346","151396653","chr2","62697446","62697757","48","88698900"
"chr3","151421401","151421707","chr9","91776812","91777118","44","59644589"
"chr3","151491295","151491568","chr1","171688057","171688330","42","20196762"
"chr3","151492478","151492758","chr1","189468811","189469090","69","37976333"
"chr3","151543916","151544208","chr10","16033492","16033786","30","135510424"
"chr3","151569087","151569371","chr5","151707348","151707630","48","138261"
"chr3","151700227","151700523","chr6","109618442","109618737","38","42081785"
"chr3","151861492","151861782","chr13","100849914","100850206","44","51011578"
"chr3","151890187","151890492","chr12","49321944","49322244","44","102568243"
"chr3","151899469","151899779","chr5","2508969","2509278","49","149390500"
"chr3","151932759","151933055","chr22","7822716","7823014","40","144110043"
"chr3","151939529","151939825","chr20","27822433","27822727","42","124117096"
"chr3","151978753","151979072","chr17","25221819","25222115","57","126756934"
"chr3","152068867","152069167","chr12","83078942","83079243","39","68989925"
"chr3","152142509","152142795","chr5","81373184","81373472","45","70769325"
"chr3","152146235","152146547","chr7","27825392","27825700","56","124320843"
"chr3","152147036","152147343","chr7","58066603","58066906","46","94080433"
"chr3","152171739","152172036","chrX","22356240","22356533","44","129815499"
"chr3","152217024","152217118","chr19","46835647","46835747","20","105381377"
"chr3","152317331","152317619","chr8","92117849","92118138","48","60199482"
"chr3","152326820","152327107","chr22","40524198","40524480","42","111802622"
"chr3","152327337","152327647","chr7","66105076","66105385","43","86222261"
"chr3","152337338","152337650","chr2","162172264","162172572","53","9834926"
"chr3","152449823","152450118","chr10","92853066","92853365","40","59596757"
"chr3","152565898","152566060","chr1","157099065","157099225","24","4533167"
"chr3","152588408","152588692","chr9","56420583","56420864","43","96167825"
"chr3","152654077","152654386","chr5","2508969","2509278","47","150145108"
"chr3","152773252","152773550","chrX","45348560","45348849","52","107424692"
"chr3","152787612","152787916","chr5","94857921","94858240","47","57929691"
"chr3","152814187","152814486","chr6","17068239","17068542","45","135745948"
"chr3","152876380","152876661","chr19","6867541","6867823","46","146008839"
"chr3","152958846","152959135","chr9","99273608","99273898","39","53685238"
"chr3","152989472","152989760","chr20","1964928","1965217","52","151024544"
"chr3","152995485","152995781","chr22","30202132","30202421","36","122793353"
"chr3","153027139","153027444","chr22","28997304","28997607","46","124029835"
"chr3","153030024","153030316","chr21","43075982","43076273","40","109954042"
"chr3","153042657","153042943","chrX","21470063","21470355","47","131572594"
"chr3","153057869","153058166","chrUn_GL286239","64809","65089","66","152993060"
"chr3","153058411","153058557","chr2","145213747","145213891","21","7844664"
"chr3","153062025","153062304","chr12","32652503","32652760","67","120409522"
"chr3","153062543","153062827","chr2","56700759","56701042","39","96361784"
"chr3","153074864","153075163","chr8","96954708","96955008","40","56120156"
"chr3","153076735","153077012","chr3","111736801","111737080","45","41339934"
"chr3","153081580","153081880","chr2","10406818","10407122","45","142674762"
"chr3","153089917","153090219","chr13","31331915","31332215","47","121758002"
"chr3","153119163","153119458","chr9","45396887","45397186","54","107722276"
"chr3","153120874","153121167","chr11","43485145","43485437","37","109635729"
"chr3","153133596","153133900","chr3","64986478","64986781","37","88147118"
"chr3","153149934","153150237","chr11","74360467","74360765","46","78789467"
"chr3","153153274","153153548","chr17","24154534","24154807","31","128998740"
"chr3","153176738","153177047","chr5","8258993","8259302","45","144917745"
"chr3","153180347","153180660","chr2","48004660","48004970","60","105175687"
"chr3","153183728","153184036","chr11","64363135","64363445","47","88820593"
"chr3","153185945","153186216","chr10","101732804","101733077","44","51453141"
"chr3","153186249","153186490","chr1","13272461","13272705","40","139913788"
"chr3","153190259","153190550","chr14","21279400","21279692","36","131910859"
"chr3","153198477","153198770","chrX","108021574","108021865","52","45176903"
"chr3","153265538","153265817","chr7","137583353","137583632","44","15682185"
"chr3","153279082","153279383","chr11","95879404","95879701","43","57399678"
"chr3","153280219","153280530","chr10","90431710","90432016","46","62848509"
"chr3","153367586","153367864","chr17","23934413","23934694","36","129433173"
"chr3","153387385","153387691","chr5","84717109","84717410","41","68670276"
"chr3","153465859","153466023","chr17","63621643","63621808","21","89844216"
"chr3","153470448","153470722","chr4","34845790","34846071","48","118624658"
"chr3","153472386","153472477","chr2","72444444","72444538","17","81027942"
"chr3","153580820","153581127","chr18","39712282","39712591","44","113868538"
"chr3","153659245","153659545","chr1","194633565","194633866","36","40974320"
"chr3","153715945","153716240","chr17","23570339","23570621","47","130145606"
"chr3","153753878","153754161","chrX","8916050","8916338","45","144837828"
"chr3","154016670","154016966","chr6","147894727","147895020","47","6121943"
"chr3","154046433","154046736","chr2","154533489","154533792","48","487056"
"chr3","154090616","154090916","chr22","38663189","38663492","38","115427427"
"chr3","154093853","154094150","chr4","158635472","158635768","42","4541619"
"chr3","154106189","154106447","chr15","30829757","30830012","49","123276432"
"chr3","154128247","154128535","chrX","11722716","11723009","54","142405531"
"chr3","154130148","154130440","chr4","37414221","37414521","44","116715927"
"chr3","154142253","154142367","chr22","20403299","20403413","10","133738954"
"chr3","154186479","154186777","chr10","74504509","74504804","42","79681970"
"chr3","154208764","154209066","chr5","2000849","2001153","41","152207915"
"chr3","154210415","154210614","chr1","164713545","164713738","24","10503130"
"chr3","154237270","154237538","chr17","34572552","34572821","41","119664718"
"chr3","154245020","154245328","chr4","148585287","148585583","48","5659733"
"chr3","154256255","154256532","chr9","40913684","40913950","46","113342571"
"chr3","154298990","154299283","chr14","83433453","83433742","44","70865537"
"chr3","154302797","154303088","chr4","12463368","12463662","46","141839429"
"chr3","154326466","154326767","chr10","90431710","90432016","38","63894756"
"chr3","154378089","154378388","chr17","22928206","22928504","48","131449883"
"chr3","154521191","154521496","chrX","108739049","108739349","43","45782142"
"chr3","154566469","154566745","chr4","38196433","38196712","37","116370036"
"chr3","154667638","154667933","chr9","124152421","124152722","56","30515217"
"chr3","154720063","154720372","chr6","17068239","17068542","39","137651824"
"chr3","154744291","154744596","chr13","35663090","35663393","49","119081201"
"chr3","154787508","154787796","chr17","22494187","22494480","41","132293321"
"chr3","154801077","154801374","chr11","123371423","123371718","39","31429654"
"chr3","154836793","154837096","chr9","99776089","99776389","38","55060704"
"chr3","154929912","154930206","chr9","56179876","56180166","52","98750036"
"chr3","154974615","154974918","chr5","78562869","78563170","43","76411746"
"chr3","155007230","155007522","chr17","22333783","22334072","36","132673447"
"chr3","155055316","155055610","chr1","98572733","98573027","40","56482583"
"chr3","155074423","155074731","chr1","116548067","116548374","45","38526356"
"chr3","155077924","155078045","chr4","47420766","47420885","21","107657158"
"chr3","155078080","155078231","chr10","119784024","119784181","42","35294056"
"chr3","155089713","155089974","chr2","53164304","53164570","52","101925409"
"chr3","155140411","155140697","chr2","8957058","8957360","55","146183353"
"chr3","155152559","155152856","chr11","101484038","101484336","42","53668521"
"chr3","155170056","155170344","chr5","115990545","115990835","40","39179511"
"chr3","155250151","155250453","chr6","17068239","17068542","43","138181912"
"chr3","155305682","155305965","chr2","6817626","6817891","64","148488056"
"chr3","155333690","155333992","chr6","17068239","17068542","38","138265451"
"chr3","155390792","155391089","chr3","94762904","94763199","41","60627888"
"chr3","155392542","155392844","chr3","152941248","152941549","46","2451294"
"chr3","155458060","155458369","chr8","98342110","98342415","42","57115950"
"chr3","155497717","155498014","chr12","102542786","102543076","39","52954931"
"chr3","155551163","155551472","chr9","101796262","101796572","40","53754901"
"chr3","155561793","155562080","chr14","79919998","79920288","41","75641795"
"chr3","155709996","155710289","chr2","11710590","11710879","48","143999406"
"chr3","155710551","155710849","chr20","27822433","27822727","35","127888118"
"chr3","155727392","155727687","chr12","107488690","107488986","36","48238702"
"chr3","155729642","155729943","chr17","21638407","21638705","49","134091235"
"chr3","155757330","155757639","chr19","26467351","26467655","48","129289979"
"chr3","155762154","155762464","chr5","74833270","74833574","48","80928884"
"chr3","155771273","155771558","chr8","54970610","54970902","59","100800663"
"chr3","155784459","155784748","chr14","105224271","105224557","51","50560188"
"chr3","155793528","155793836","chrX","47176701","47177007","44","108616827"
"chr3","155803599","155803892","chr20","27822433","27822727","36","127981166"
"chr3","155806851","155807146","chr4","156698023","156698319","41","891172"
"chr3","155817989","155818226","chr17","21561207","21561427","40","134256782"
"chr3","155823700","155824013","chr11","118075028","118075334","42","37748672"
"chr3","155826105","155826404","chr9","99776089","99776389","32","56050016"
"chr3","155832546","155832693","chr2","8868216","8868359","17","146964330"
"chr3","155839667","155839962","chr16","18895439","18895737","44","136944228"
"chr3","155846926","155847221","chr17","21532271","21532562","34","134314655"
"chr3","155848904","155849214","chr7","67310637","67310940","46","88538267"
"chr3","155849627","155849908","chr15","58592468","58592749","40","97257159"
"chr3","155851601","155851717","chr5","84159974","84160090","11","71691627"
"chr3","155855987","155856248","chrX","39387728","39387995","35","116468259"
"chr3","155857491","155857763","chr6","156886623","156886893","41","1029132"
"chr3","155860593","155860887","chr5","3538085","3538378","44","152322508"
"chr3","155860939","155861227","chr15","5690439","5690726","44","150170500"
"chr3","155874897","155875217","chr14","60435327","60435639","55","95439570"
"chr3","155883070","155883374","chr15","17566864","17567166","44","138316206"
"chr3","155918168","155918470","chr1","16572140","16572438","38","139346028"
"chr3","155920960","155921265","chr17","21448590","21448894","44","134472370"
"chr3","155932910","155933219","chr2","134631831","134632142","43","21301079"
"chr3","155942949","155943241","chr14","76282973","76283262","40","79659976"
"chr3","155945541","155945836","chr8","29410203","29410501","39","126535338"
"chr3","155958257","155958560","chr20","22923582","22923882","41","133034675"
"chr3","155960385","155960683","chr5","63326522","63326817","40","92633863"
"chr3","155986353","155986625","chr13","20752153","20752424","37","135234200"
"chr3","156011187","156011449","chr1","157040793","157041056","38","1029606"
"chr3","156037951","156038257","chr17","21347143","21347460","46","134690808"
"chr3","156101944","156102253","chrX","98649902","98650213","43","57452042"
"chr3","156124207","156124516","chr20","11184984","11185294","39","144939223"
"chr3","156312455","156312731","chr5","64893350","64893634","47","91419105"
"chr3","156314731","156315022","chr9","85621834","85622126","37","70692897"
"chr3","156375817","156376119","chr4","156698023","156698319","41","322206"
"chr3","156408498","156408807","chr13","18393383","18393690","37","138015115"
"chr3","156469226","156469507","chr7","12625452","12625715","57","143843774"
"chr3","156663241","156663524","chr20","38471285","38471567","47","118191956"
"chr3","156670657","156670957","chr1","138077483","138077787","51","18593174"
"chr3","156707580","156707858","chr19","14781759","14782022","56","141925821"
"chr3","156801090","156801381","chr3","99085596","99085883","42","57715494"
"chr3","157055605","157055898","chr9","65621114","65621411","43","91434491"
"chr3","157067586","157067890","chr17","20276284","20276589","39","136791302"
"chr3","157076749","157077073","chr2","137288772","137289096","51","19787977"
"chr3","157177049","157177335","chr7","43970240","43970527","48","113206809"
"chr3","157202128","157202413","chr5","80700303","80700590","47","76501825"
"chr3","157215100","157215416","chr2","192738409","192738717","46","35523309"
"chr3","157242425","157242727","chrX","27130360","27130663","46","130112065"
"chr3","157295673","157295979","chr2","154533489","154533792","45","2762184"
"chr3","157441528","157441824","chr20","29549977","29550272","43","127891551"
"chr3","157447595","157447894","chr22","29825053","29825352","34","127622542"
"chr3","157505824","157506172","chr17","54870851","54871173","64","102634973"
"chr3","157523097","157523390","chr17","19826619","19826899","54","137696478"
"chr3","157544074","157544352","chr19","24203448","24203737","42","133340626"
"chr3","157545016","157545311","chr7","6894852","6895150","31","150650164"
"chr3","157603564","157603888","chr3","41608169","41608458","95","115995395"
"chr3","157636797","157636925","chr4","20953082","20953204","21","136683715"
"chr3","157747457","157747751","chr3","45658377","45658667","46","112089080"
"chr3","157797148","157797442","chr5","2532160","2532447","47","155264988"
"chr3","157825146","157825413","chr5","31371357","31371639","51","126453789"
"chr3","158013374","158013643","chr8","107043794","107044064","40","50969580"
"chr3","158042235","158042501","chr8","89660449","89660717","46","68381786"
"chr3","158077149","158077459","chr3","165518689","165518997","46","7441540"
"chr3","158078610","158078931","chr1","142141574","142141900","62","15937036"
"chr3","158135273","158135579","chr22","9761902","9762208","40","148373371"
"chr3","158139637","158139932","chr13","114718297","114718592","45","43421340"
"chr3","158141816","158142100","chr4","139501887","139502175","33","18639929"
"chr3","158158658","158158959","chr6","43666330","43666629","30","114492328"
"chr3","158161480","158161766","chr7","124888065","124888353","43","33273415"
"chr3","158163004","158163305","chr10","14603732","14604030","53","143559272"
"chr3","158178114","158178438","chr16","89824416","89824719","64","68353698"
"chr3","158202020","158202313","chr14","52326913","52327204","39","105875107"
"chr3","158235836","158236145","chr9","8886595","8886904","46","149349241"
"chr3","158248602","158248847","chr5","124044504","124044756","36","34204098"
"chr3","158343995","158344277","chr17","19064323","19064607","54","139279672"
"chr3","158363260","158363564","chr2","94752074","94752384","43","63611186"
"chr3","158408750","158409031","chr17","69931558","69931839","33","88477192"
"chr3","158495279","158495585","chr15","22401594","22401899","41","136093685"
"chr3","158553236","158553536","chr5","26961498","26961795","36","131591738"
"chr3","158591156","158591459","chr7","74875642","74875945","40","83715514"
"chr3","158603558","158603855","chrX","17855428","17855719","38","140748130"
"chr3","158686722","158687008","chrX","66146500","66146784","49","92540222"
"chr3","158687483","158687770","chr19","6867541","6867823","34","151819942"
"chr3","158728513","158728823","chr7","144982540","144982842","38","13745973"
"chr3","158778269","158778530","chr17","18613529","18613795","34","140164740"
"chr3","158779526","158779837","chr22","28997304","28997607","44","129782222"
"chr3","158783867","158784134","chr14","3457760","3458022","50","155326107"
"chr3","158845209","158845491","chr7","51490632","51490916","40","107354577"
"chr3","158883872","158884197","chr3","8061700","8062016","72","150822172"
"chr3","159114314","159114611","chr12","115383799","115384092","32","43730515"
"chr3","159155157","159155457","chr16","54600902","54601200","41","104554255"
"chr3","159240728","159240892","chr15","26415621","26415775","23","132825107"
"chr3","159247086","159247389","chr22","28997304","28997607","42","130249782"
"chr3","159264648","159264902","chr8","110461208","110461464","43","48803440"
"chr3","159334889","159335162","chr8","32901710","32901981","45","126433179"
"chr3","159345912","159346215","chr13","97340307","97340616","49","62005605"
"chr3","159590322","159590597","chr11","118234190","118234457","47","41356132"
"chr3","159616204","159616401","chrX","47514970","47515166","27","112101234"
"chr3","159636041","159636347","chr6","17068239","17068542","40","142567802"
"chr3","159683067","159683350","chr16","638713","638993","50","159044354"
"chr3","159725260","159725564","chr18","9863619","9863928","47","149861641"
"chr3","159779386","159779684","chr10","117092571","117092866","49","42686815"
"chr3","159784660","159784952","chr10","79733069","79733359","38","80051591"
"chr3","159790410","159790699","chr4","156698023","156698319","42","3092387"
"chr3","159798476","159798774","chr3","33228764","33229060","40","126569712"
"chr3","159815967","159816246","chr5","140667099","140667381","44","19148868"
"chr3","159908476","159908784","chr17","17463934","17464240","43","142444542"
"chr3","159932674","159932963","chr5","109876165","109876453","36","50056509"
"chr3","159968719","159969057","chrX","54042971","54043307","53","105925748"
"chr3","160013531","160013841","chr16","96779020","96779328","38","63234511"
"chr3","160045861","160045993","chr15","22887373","22887504","15","137158488"
"chr3","160045998","160046299","chrX","46387223","46387523","44","113658775"
"chr3","160047405","160047684","chr7","96194147","96194420","45","63853258"
"chr3","160051904","160052205","chr5","94234310","94234606","46","65817594"
"chr3","160053665","160053962","chr9","115637925","115638221","32","44415740"
"chr3","160064002","160064309","chr1","100660248","100660553","53","59403754"
"chr3","160065733","160066058","chr1","168595556","168595859","58","8529823"
"chr3","160067597","160067875","chr10","99455133","99455412","38","60612464"
"chr3","160094390","160094686","chrX","62817200","62817494","43","97277190"
"chr3","160097559","160097807","chr12","34438444","34438694","47","125659115"
"chr3","160116707","160116958","chr11","22966695","22966946","36","137150012"
"chr3","160175845","160176148","chr4","54721559","54721862","42","105454286"
"chr3","160215746","160216042","chr12","115383799","115384092","35","44831947"
"chr3","160223488","160223793","chr22","15341421","15341725","42","144882067"
"chr3","160232970","160233267","chr22","29825053","29825352","38","130407917"
"chr3","160234784","160235073","chr11","130231324","130231607","44","30003460"
"chr3","160235352","160235656","chr11","16209591","16209894","57","144025761"
"chr3","160243451","160243754","chr7","130402806","130403104","38","29840645"
"chr3","160264113","160264408","chr2","48330699","48330994","54","111933414"
"chr3","160268947","160269244","chr6","17068239","17068542","40","143200708"
"chr3","160274658","160274926","chr17","17051820","17052085","40","143222838"
"chr3","160290138","160290435","chr4","151051212","151051502","47","9238926"
"chr3","160328180","160328483","chr15","76198954","76199256","40","84129226"
"chr3","160380029","160380301","chr7","96194147","96194420","50","64185882"
"chr3","160427805","160428101","chr5","3081266","3081533","69","157346539"
"chr3","160454327","160454624","chr9","112248250","112248546","32","48206077"
"chr3","160478711","160479010","chr17","34551820","34552118","33","125926891"
"chr3","160497133","160497424","chr8","97143744","97144032","43","63353389"
"chr3","160510797","160511089","chr8","8002793","8003078","41","152508004"
"chr3","160512608","160512850","chr7","86905300","86905537","40","73607308"
"chr3","160528367","160528665","chr1","15931085","15931383","40","144597282"
"chr3","160533034","160533325","chr17","16802697","16802986","41","143730337"
"chr3","160546236","160546532","chr9","115637925","115638221","42","44908311"
"chr3","160572378","160572660","chr22","33830889","33831172","46","126741489"
"chr3","160580038","160580339","chr10","14603732","14604030","35","145976306"
"chr3","160599647","160599945","chr5","42661443","42661746","38","117938204"
"chr3","160606296","160606595","chr17","69075766","69076065","37","91530530"
"chr3","160742607","160742907","chrUn_GL286293","22081","22370","46","160720526"
"chr3","160823380","160823512","chr17","16471926","16472056","14","144351454"
"chr3","160873563","160873816","chr4","39438379","39438634","49","121435184"
"chr3","160954388","160954661","chr1","15624742","15625015","55","145329646"
"chr3","160970448","160970757","chrX","22706298","22706606","45","138264150"
"chr3","160981779","160982065","chr4","14007571","14007846","38","146974208"
"chr3","161023995","161024282","chr5","123859171","123859456","48","37164824"
"chr3","161044051","161044339","chr4","16350054","16350344","25","144693997"
"chr3","161098432","161098622","chr17","16180215","16180405","28","144918217"
"chr3","161113284","161113568","chr17","16163652","16163956","53","144949632"
"chr3","161252817","161253093","chr11","97727292","97727572","42","63525525"
"chr3","161283435","161283744","chrX","107827107","107827417","44","53456328"
"chr3","161305901","161306232","chr17","15994167","15994508","54","145311734"
"chr3","161306363","161306652","chr17","70054795","70055083","54","91251568"
"chr3","161408504","161408825","chrX","21889176","21889490","51","139519328"
"chr3","161538123","161538438","chr2","183379617","183379927","51","21841494"
"chr3","161548924","161549236","chrX","64005210","64005515","49","97543714"
"chr3","161616685","161616965","chr1","193596336","193596626","47","31979651"
"chr3","161669091","161669387","chr7","4838284","4838577","52","156830807"
"chr3","161981477","161981752","chr17","69931558","69931839","46","92049919"
"chr3","162054431","162054734","chr1","202589323","202589615","48","40534892"
"chr3","162171059","162171355","chr2","7751858","7752152","57","154419201"
"chr3","162261354","162261663","chr12","7765758","7766060","50","154495596"
"chr3","162330478","162330777","chr4","156698023","156698319","41","5632455"
"chr3","162470550","162470795","chr14","33885170","33885411","38","128585380"
"chr3","162813484","162813799","chr2","13941060","13941364","54","148872424"
"chr3","162825539","162825843","chr15","24683449","24683755","49","138142090"
"chr3","162886588","162886877","chr1","148142743","148143031","40","14743845"
"chr3","162889341","162889538","chr14","62784602","62784817","56","100104739"
"chr3","162939963","162940267","chr8","90070086","90070388","41","72869877"
"chr3","163007960","163008268","chr10","101816662","101816963","59","61191298"
"chr3","163086893","163087212","chr15","88907747","88908062","72","74179146"
"chr3","163156480","163156782","chr20","26452531","26452831","52","136703949"
"chr3","163213413","163213720","chr17","7637757","7638063","44","155575656"
"chr3","163440097","163440437","chr2","39083768","39084102","74","124356329"
"chr3","163534188","163534482","chr14","36994514","36994806","42","126539674"
"chr3","163544794","163544989","chr22","7233695","7233890","33","156311099"
"chr3","163646004","163646318","chr10","47337774","47338089","55","116308230"
"chr3","163686108","163686406","chr5","10322193","10322491","44","153363915"
"chr3","163717629","163717937","chr10","90431710","90432016","45","73285919"
"chr3","163783377","163783682","chr1","168595556","168595859","46","4812179"
"chr3","163797336","163797640","chr4","21718170","21718470","58","142079166"
"chr3","163808539","163808832","chr2","18360128","18360420","51","145448411"
"chr3","164015150","164015458","chr2","183662984","183663286","42","19647834"
"chr3","164036075","164036357","chrX","66261069","66261355","59","97775006"
"chr3","164047007","164047240","chr3","40597207","40597438","35","123449800"
"chr3","164089764","164090069","chr2","7440171","7440473","46","156649593"
"chr3","164128729","164129043","chr4","20278830","20279149","64","143849899"
"chr3","164361375","164361663","chr5","4945468","4945747","49","159415907"
"chr3","164415985","164416256","chr6","9386663","9386935","39","155029322"
"chr3","164424688","164424996","chr5","150153039","150153350","46","14271649"
"chr3","164466155","164466423","chr9","102546701","102546970","41","61919454"
"chr3","164532256","164532565","chrX","45981223","45981523","56","118551033"
"chr3","164544962","164545049","chrY","2612639","2612723","20","161932323"
"chr3","164601347","164601645","chr7","73360919","73361216","43","91240428"
"chr3","164628021","164628319","chr20","29549977","29550272","51","135078044"
"chr3","164849653","164849932","chr10","60017760","60018041","43","104831893"
"chr3","165085972","165086267","chr16","69698488","69698782","35","95387484"
"chr3","165122476","165122696","chr7","49908001","49908221","37","115214475"
"chr3","165152038","165152326","chr17","13225954","13226248","46","151926084"
"chr3","165223919","165224226","chr18","9863619","9863928","38","155360300"
"chr3","165236468","165236769","chr1","184817871","184818171","34","19581403"
"chr3","165236886","165237189","chr3","150534404","150534699","52","14702482"
"chr3","165301458","165301772","chr2","8087159","8087464","58","157214299"
"chr3","165307919","165308216","chr8","50068578","50068880","51","115239341"
"chr3","165330458","165330726","chr9","18645261","18645527","49","146685197"
"chr3","165406705","165407007","chr13","63480574","63480865","46","101926131"
"chr3","165563576","165563884","chr2","31372053","31372354","47","134191523"
"chr3","165597717","165598025","chr14","79148123","79148432","40","86449594"
"chr3","165662766","165663060","chr3","142314167","142314458","42","23348599"
"chr3","165748834","165749150","chr10","90431710","90432016","55","75317124"
"chr3","165771942","165772225","chr2","56700759","56701042","34","109071183"
"chr3","165772255","165772265","chr5","92524075","92524085","2","73248180"
"chr3","165791672","165791948","chr19","6867541","6867823","44","158924131"
"chr3","165807571","165807862","chr18","38365138","38365415","58","127442433"
"chr3","165832308","165832591","chr9","1932661","1932946","36","163899647"
"chr3","166126733","166126990","chr7","87768674","87768942","69","78358059"
"chr3","166268276","166268508","chr5","81447617","81447858","56","84820659"
"chr3","166299492","166299793","chr2","59206808","59207104","50","107092684"
"chr3","166326237","166326544","chrX","107273049","107273349","48","59053188"
"chr3","166427762","166428021","chr6","64791037","64791297","56","101636725"
"chr3","166473861","166474089","chr14","35742116","35742340","47","130731745"
"chr3","166490272","166490574","chr2","132983887","132984185","65","33506385"
"chr3","166543841","166544150","chr8","80779437","80779743","50","85764404"
"chr3","166585890","166586192","chr2","90073064","90073370","51","76512826"
"chr3","166601806","166602084","chr8","100763131","100763409","55","65838675"
"chr3","166657629","166657936","chr9","2215139","2215442","47","164442490"
"chr3","166669184","166669362","chr6","95441019","95441197","38","71228165"
"chr3","166703245","166703507","chr1","62560464","62560721","53","104142781"
"chr3","166819691","166819996","chr22","33981676","33981980","47","132838015"
"chr3","167036383","167036674","chr5","99364102","99364401","68","67672281"
"chr3","167062177","167062472","chr22","17195235","17195526","60","149866942"
"chr3","167184383","167184422","chrX","93025707","93025746","12","74158676"
"chr3","167334291","167334600","chrUn_GL286451","117883","118189","49","167216408"
"chr3","167371932","167372220","chr14","63994771","63995061","46","103377161"
"chr3","167375310","167375611","chr13","39885762","39886059","38","127489548"
"chr3","167470551","167470829","chrX","127673309","127673579","57","39797242"
"chr3","167536397","167536683","chrX","18828260","18828542","48","148708137"
"chr3","167556604","167556744","chr6","139231067","139231202","18","28325537"
"chr3","167557048","167557202","chr5","110150151","110150304","29","57406897"
"chr3","167582677","167582946","chr17","11349248","11349518","57","156233429"
"chr3","167617245","167617548","chr12","87290615","87290915","44","80326630"
"chr3","167654615","167654928","chr17","11270765","11271075","49","156383850"
"chr3","167659292","167659582","chr1","172257719","172258009","34","4598427"
"chr3","167670400","167670702","chr14","84427354","84427651","48","83243046"
"chr3","167757637","167757934","chr11","9465558","9465854","44","158292079"
"chr3","167815380","167815689","chr6","135098116","135098421","41","32717264"
"chr3","167877831","167878137","chr5","122186797","122187095","44","45691034"
"chr3","167902913","167903222","chr11","108574603","108574909","49","59328310"
"chr3","168042242","168042578","chr5","37721066","37721386","78","130321176"
"chr3","168167906","168168187","chr1","202394399","202394681","49","34226493"
"chr3","168338920","168339206","chr1","148142743","148143031","47","20196177"
"chr3","168368431","168368726","chrY","2660542","2660832","44","165707889"
"chr3","168370541","168370864","chr2","62710925","62711236","53","105659616"
"chr3","168443400","168443712","chr21","38427933","38428243","41","130015467"
"chr3","168455044","168455127","chr7","43968061","43968143","10","124486983"
"chr3","168523677","168523975","chr12","115383799","115384092","34","53139878"
"chr3","168574297","168574557","chr17","10335755","10336026","37","158238542"
"chr3","168632149","168632428","chr4","37824304","37824582","36","130807845"
"chr3","168830331","168830610","chr3","44989898","44990175","43","123840433"
"chr3","168995089","168995395","chr2","94274126","94274432","63","74720963"
"chr3","169078725","169079032","chr18","4061821","4062130","47","165016904"
"chr3","169081058","169081363","chr10","14603732","14604030","48","154477326"
"chr3","169096271","169096569","chr17","38296201","38296501","36","130800070"
"chr3","169100105","169100398","chr20","12729984","12730279","38","156370121"
"chr3","169257940","169258248","chr5","91518364","91518671","53","77739576"
"chr3","169292071","169292350","chr16","19029288","19029570","54","150262783"
"chr3","169396694","169396995","chr7","49632330","49632627","49","119764364"
"chr3","169481300","169481587","chr10","102881824","102882105","52","66599476"
"chr3","169492680","169492965","chr13","43918238","43918525","39","125574442"
"chr3","169561864","169562167","chrX","51320913","51321212","42","118240951"
"chr3","169674524","169674824","chrX","35289377","35289681","47","134385147"
"chr3","169754138","169754437","chr12","100785810","100786105","41","68968328"
"chr3","169809955","169810238","chr17","9115633","9115918","47","160694322"
"chr3","169810783","169811091","chr1","183989658","183989958","46","14178875"
"chr3","169824501","169824812","chr6","22048622","22048936","38","147775879"
"chr3","169834080","169834362","chr10","58374927","58375209","38","111459153"
"chr3","169837935","169838239","chr17","9088593","9088884","40","160749342"
"chr3","169851180","169851432","chr14","99209757","99210013","48","70641423"
"chr3","169855916","169856182","chr7","43989282","43989541","44","125866634"
"chr3","169858722","169859017","chr1","106124385","106124674","37","63734337"
"chr3","169870898","169871027","chr10","48138660","48138788","18","121732238"
"chr3","169875079","169875365","chr4","16350054","16350344","31","153525025"
"chr3","169877172","169877487","chr6","17068239","17068542","48","152808933"
"chr3","169882709","169883006","chr19","44765414","44765713","44","125117295"
"chr3","169889248","169889549","chr15","61219971","61220268","33","108669277"
"chr3","169897014","169897282","chr1","204519234","204519501","40","34622220"
"chr3","169916364","169916668","chr5","2987934","2988233","46","166928430"
"chr3","169917943","169918237","chr10","16033492","16033786","36","153884451"
"chr3","170009602","170009907","chr5","69504080","69504387","44","100505522"
"chr3","170026528","170026833","chr5","2298333","2298635","38","167728195"
"chr3","170036771","170037073","chr1","15931085","15931383","39","154105686"
"chr3","170037302","170037624","chr1","101977404","101977714","54","68059898"
"chr3","170051929","170052225","chr5","82953739","82954031","41","87098190"
"chr3","170063252","170063565","chr21","40584762","40585072","35","129478490"
"chr3","170068140","170068453","chr17","8855146","8855454","39","161212994"
"chr3","170088884","170089184","chr7","6894852","6895150","45","163194032"
"chr3","170112525","170112823","chr5","26961498","26961795","31","143151027"
"chr3","170135167","170135450","chr10","60017760","60018041","34","110117407"
"chr3","170146093","170146400","chr6","119827925","119828231","38","50318168"
"chr3","170146525","170146831","chr1","82669756","82670065","40","87476769"
"chr3","170166042","170166343","chr5","60529593","60529894","39","109636449"
"chr3","170167479","170167775","chr5","60529593","60529894","34","109637886"
"chr3","170177380","170177665","chr9","1932661","1932946","37","168244719"
"chr3","170188215","170188508","chrUn_GL286420","431614","431895","52","169756601"
"chr3","170213846","170214157","chr1","138704511","138704815","45","31509335"
"chr3","170224513","170224823","chrX","47176701","47177007","44","123047812"
"chr3","170234807","170235065","chr14","31842256","31842491","67","138392551"
"chr3","170253815","170254115","chr5","26961498","26961795","40","143292317"
"chr3","170260473","170260752","chr17","8657285","8657566","36","161603188"
"chr3","170274133","170274432","chr8","94858581","94858875","38","75415552"
"chr3","170280450","170280749","chr9","100523236","100523533","34","69757214"
"chr3","170287629","170287935","chr9","11967801","11968108","40","158319828"
"chr3","170288467","170288760","chr3","80959478","80959762","48","89328989"
"chr3","170289631","170289926","chr13","9808601","9808897","37","160481030"
"chr3","170293645","170293981","chr1","129549542","129549867","67","40744103"
"chr3","170295388","170295695","chrX","69095527","69095826","47","101199861"
"chr3","170297866","170298172","chr7","48086106","48086406","41","122211760"
"chr3","170303714","170303992","chr17","8605988","8606279","44","161697726"
"chr3","170310486","170310788","chr22","38902466","38902763","48","131408020"
"chr3","170312361","170312666","chr9","11967801","11968108","43","158344560"
"chr3","170315420","170315678","chr9","106988297","106988550","41","63327123"
"chr3","170329447","170329741","chr13","12060053","12060349","43","158269394"
"chr3","170350248","170350531","chr7","42281212","42281484","56","128069036"
"chr3","170350800","170350928","chr15","72258164","72258293","15","98092636"
"chr3","170351576","170351870","chrX","111591699","111591994","38","58759877"
"chr3","170362551","170362826","chr1","148698261","148698535","43","21664290"
"chr3","170371219","170371530","chr10","90431710","90432016","46","79939509"
"chr3","170376037","170376346","chr10","88306146","88306455","44","82069891"
"chr3","170381434","170381732","chr2","152226173","152226473","41","18155261"
"chr3","170399214","170399501","chr16","5358611","5358888","46","165040603"
"chr3","170402114","170402416","chr18","4701650","4701950","45","165700464"
"chr3","170406185","170406480","chr10","16169668","16169965","37","154236517"
"chr3","170406482","170406610","chr17","62899993","62900116","18","107506489"
"chr3","170455767","170456073","chr2","12360944","12361255","44","158094823"
"chr3","170457175","170457486","chr3","106655459","106655766","44","63801716"
"chr3","170504304","170504618","chr22","37985450","37985760","45","132518854"
"chr3","170558086","170558410","chr5","42661443","42661746","50","127896643"
"chr3","170625967","170626250","chr12","5468640","5468923","53","165157327"
"chr3","170626576","170626876","chr18","8503340","8503640","38","162123236"
"chr3","170743654","170743943","chr5","2532160","2532447","40","168211494"
"chr3","170756444","170756620","chr1","157099065","157099225","36","13657379"
"chr3","170769175","170769478","chr3","123910184","123910483","41","46858991"
"chr3","170793868","170794170","chrX","97185025","97185330","40","73608843"
"chr3","170830954","170831246","chr3","150099768","150100059","41","20731186"
"chr3","170858181","170858493","chr6","93506061","93506372","41","77352120"
"chr3","170873655","170873963","chr6","7892688","7892995","42","162980967"
"chr3","170877285","170877579","chr12","115383799","115384092","42","55493486"
"chr3","170931254","170931588","chr22","27523088","27523407","69","143408166"
"chr3","171301315","171301614","chr2","137923952","137924247","38","33377363"
"chr3","171341191","171341519","chr12","77867784","77868112","51","93473407"
"chr3","171367488","171367769","chr2","63135177","63135458","44","108232311"
"chr3","171500001","171500242","chr12","23484133","23484361","39","148015868"
"chr3","171554797","171555101","chr7","31853604","31853897","39","139701193"
"chr3","171571336","171571642","chr10","79652325","79652628","52","91919011"
"chr3","171664460","171664758","chr13","85941649","85941940","35","85722811"
"chr3","171669402","171669700","chr6","17068239","17068542","33","154601163"
"chr3","171728029","171728337","chr2","9886138","9886441","45","161841891"
"chr3","171800195","171800508","chr9","93766565","93766871","43","78033630"
"chr3","171801420","171801728","chr1","182965727","182966030","40","11164307"
"chr3","171818669","171818954","chr17","7062792","7063079","38","164755877"
"chr3","171855331","171855476","chr12","88043137","88043277","23","83812194"
"chr3","171869642","171869925","chr17","7009956","7010229","43","164859686"
"chr3","171918990","171919284","chr5","157955972","157956268","38","13963018"
"chr3","171945376","171945677","chr5","26961498","26961795","44","144983878"
"chr3","171951265","171951578","chr1","148395182","148395475","55","23556083"
"chr3","171987616","171987928","chr16","298977","299284","42","171688639"
"chr3","172003246","172003547","chr8","113198670","113198968","50","58804576"
"chr3","172017634","172017946","chr2","48004660","48004970","42","124012974"
"chr3","172116570","172116863","chr10","16033492","16033786","34","156083078"
"chr3","172230211","172230533","chr17","54870851","54871173","48","117359360"
"chr3","172231880","172232180","chr4","21718170","21718470","39","150513710"
"chr3","172278645","172278950","chr3","106655459","106655766","32","65623186"
"chr3","172387264","172387397","chr2","10280498","10280630","17","162106766"
"chr3","172390556","172390605","chr1","71491470","71491511","16","100899086"
"chr3","172469564","172469854","chr5","92240457","92240760","50","80229107"
"chr3","172474004","172474088","chr5","65892322","65892404","13","106581682"
"chr3","172481897","172482183","chr9","99076556","99076841","41","73405341"
"chr3","172524463","172524759","chr5","65031296","65031585","47","107493167"
"chr3","172526356","172526655","chr7","103328929","103329224","39","69197427"
"chr3","172618398","172618706","chr10","118625480","118625785","54","53992918"
"chr3","172629042","172629315","chr17","6210689","6210957","34","166418353"
"chr3","172637471","172637606","chr5","81321776","81321910","14","91315695"
"chr3","172637899","172638050","chr1","199296013","199296162","36","26658114"
"chr3","172675028","172675302","chr5","110822730","110823010","46","61852298"
"chr3","172684699","172684979","chr20","32667687","32667971","42","140017012"
"chr3","172695663","172695973","chr6","17068239","17068542","40","155627424"
"chr3","172743886","172744178","chr10","17524640","17524936","43","155219246"
"chr3","172745072","172745372","chr22","40879260","40879556","58","131865812"
"chr3","172767725","172768031","chr5","5052462","5052757","49","167715263"
"chr3","172774202","172774498","chr3","49401679","49401974","60","123372523"
"chr3","172775631","172775924","chr13","95665824","95666115","40","77109807"
"chr3","172796692","172796958","chr2","12605367","12605637","51","160191325"
"chr3","172806652","172806942","chrX","45981223","45981523","47","126825429"
"chr3","172829615","172829882","chrX","107074395","107074658","48","65755220"
"chr3","172895327","172895633","chr18","39062464","39062769","48","133832863"
"chr3","172919667","172919992","chr3","171207987","171208305","58","1711680"
"chr3","172936683","172936985","chr15","48357741","48358034","57","124578942"
"chr3","172943501","172943761","chr2","116781828","116782085","40","56161673"
"chr3","173033723","173034003","chr17","5743618","5743899","35","167290105"
"chr3","173051501","173051635","chr5","19371277","19371408","19","153680224"
"chr3","173224309","173224424","chr10","58788395","58788510","11","114435914"
"chr3","173486042","173486361","chr12","31281547","31281855","50","142204495"
"chr3","173529957","173530254","chr6","119365724","119366021","43","54164233"
"chr3","173628709","173628973","chr17","5181753","5182016","38","168446956"
"chr3","173651793","173652093","chrX","48721748","48722046","39","124930045"
"chr3","173668610","173668923","chr2","63925527","63925835","41","109743083"
"chr3","173803337","173803617","chr14","36776613","36776902","61","137026724"
"chr3","173873091","173873388","chr10","55872616","55872911","42","118000475"
"chr3","173928673","173928969","chr15","5688723","5689022","39","168239950"
"chr3","173968688","173969000","chr2","8618681","8618990","40","165350007"
"chr3","173985672","173985982","chr9","45396887","45397186","45","128588785"
"chr3","174116326","174116637","chr2","54709737","54710047","56","119406589"
"chr3","174239060","174239368","chr7","35375276","35375583","43","138863784"
"chr3","174339436","174339721","chr6","136043924","136044206","38","38295512"
"chr3","174345546","174345842","chr7","53555498","53555793","42","120790048"
"chr3","174351995","174352249","chr4","42965504","42965762","46","131386491"
"chr3","174355983","174356277","chr10","16033492","16033786","34","158322491"
"chr3","174414152","174414432","chr4","37824304","37824582","37","136589848"
"chr3","174521326","174521601","chr17","4243510","4243776","50","170277816"
"chr3","174526667","174526975","chr22","31767114","31767422","46","142759553"
"chr3","174582586","174582883","chr10","74592613","74592909","37","99989973"
"chr3","174624342","174624638","chr12","22817671","22817967","39","151806671"
"chr3","174642221","174642526","chr15","22401594","22401899","46","152240627"
"chr3","174790371","174790661","chr5","94234310","94234606","38","80556061"
"chr3","174791930","174792243","chr5","110862498","110862806","55","63929432"
"chr3","175078017","175078326","chr22","31767114","31767422","47","143310903"
"chr3","175159832","175160138","chr14","81929198","81929500","58","93230634"
"chr3","175268943","175269238","chr7","103328929","103329224","46","71940014"
"chr3","175319538","175319837","chr5","110918761","110919060","47","64400777"
"chr3","175355069","175355369","chr1","157959927","157960225","48","17395142"
"chr3","175446259","175446541","chr20","23460105","23460387","49","151986154"
"chr3","175541727","175542010","chr7","23755869","23756164","47","151785858"
"chr3","175615576","175615862","chr12","24025253","24025538","43","151590323"
"chr3","175768579","175768868","chr2","7568525","7568816","46","168200054"
"chr3","175816484","175816790","chr16","91919935","91920240","54","83896549"
"chr3","175854044","175854326","chrUn_GL286239","64809","65089","73","175789235"
"chr3","176102541","176102812","chr3","45152244","45152520","40","130950297"
"chr3","176237990","176238298","chr9","93766565","93766871","48","82471425"
"chr3","176252712","176252997","chr4","136035930","136036213","44","40216782"
"chr3","176653832","176654156","chr1","156762915","156763226","62","19890917"
"chr3","176952895","176953206","chr7","6231691","6232004","41","170721204"
"chr3","176985012","176985310","chr7","145693234","145693534","48","31291778"
"chr3","176986773","176986895","chrX","248315","248444","27","176738458"
"chr3","177003962","177004256","chr4","95562054","95562349","42","81441908"
"chr3","177014262","177014538","chrX","107864085","107864361","40","69150177"
"chr3","177031335","177031630","chr7","57884844","57885140","37","119146491"
"chr3","177072782","177073080","chr7","125443365","125443662","39","51629417"
"chr3","177095496","177095782","chrX","17930524","17930805","41","159164972"
"chr3","177100429","177100724","chr7","55245516","55245807","44","121854913"
"chr3","177111272","177111599","chr17","1507158","1507484","44","175604114"
"chr3","177127937","177128241","chr4","26335541","26335842","46","150792396"
"chr3","177131511","177131801","chr12","115383799","115384092","41","61747712"
"chr3","177133625","177133895","chr4","153251075","153251339","48","23882550"
"chr3","177152914","177153158","chr5","60776745","60776994","48","116376169"
"chr3","177181221","177181497","chr7","5794836","5795118","46","171386385"
"chr3","177185327","177185618","chr7","131598230","131598524","52","45587097"
"chr3","177217942","177218213","chr1","138060195","138060467","43","39157747"
"chr3","177236313","177236616","chr17","69075766","69076065","41","108160547"
"chr3","177242203","177242504","chr7","103328929","103329224","38","73913274"
"chr3","177243870","177244038","chr2","137816720","137816891","22","39427150"
"chr3","177246025","177246336","chr22","33981676","33981980","43","143264349"
"chr3","177253427","177253735","chr18","39712282","39712591","42","137541145"
"chr3","177258071","177258334","chr20","490147","490398","54","176767924"
"chr3","177260927","177261207","chr17","1356483","1356763","31","175904444"
"chr3","177261577","177261874","chr15","49359997","49360293","43","127901580"
"chr3","177283653","177283958","chr17","26015023","26015330","38","151268630"
"chr3","177324952","177325261","chr12","12071873","12072177","45","165253079"
"chr3","177327485","177327800","chr11","20691935","20692246","49","156635550"
"chr3","177335329","177335624","chr20","27822433","27822727","46","149512896"
"chr3","177353992","177354295","chr5","60529593","60529894","38","116824399"
"chr3","177363822","177364142","chr12","116121421","116121727","50","61242401"
"chr3","177376313","177376611","chr5","26961498","26961795","37","150414815"
"chr3","177377706","177378006","chr7","125443365","125443662","41","51934341"
"chr3","177379355","177379663","chr3","106655459","106655766","40","70723896"
"chr3","177436066","177436395","chrX","45395851","45396165","52","132040215"
"chr3","177453789","177454098","chr4","45845742","45846032","67","131608047"
"chr3","177455208","177455551","chr7","56303673","56304004","70","121151535"
"chr3","177477541","177477847","chr2","114528005","114528309","41","62949536"
"chr3","177492296","177492623","chr15","8491363","8491685","42","169000933"
"chr3","177500598","177500890","chr2","95484895","95485189","45","82015703"
"chr3","177564157","177564457","chr10","47598748","47599057","48","129965409"
"chr3","177603940","177604219","chr13","57870660","57870954","58","119733280"
"chr3","177739233","177739518","chr4","136035930","136036213","46","41703303"
"chr3","177819194","177819496","chr3","106655459","106655766","38","71163735"
"chr3","177829393","177829677","chr16","25042311","25042597","44","152787082"
"chr3","177876433","177876730","chrX","46153481","46153779","45","131722952"
"chr3","177880776","177881059","chrUn_GL288700","6268","6551","37","177874508"
"chr3","177884411","177884712","chr3","64986478","64986781","43","112897933"
"chr3","178077822","178077964","chr5","22176811","22176954","29","155901011"
"chr3","178183719","178184026","chr5","143218381","143218690","37","34965338"
"chr3","178202752","178203033","chr14","79919998","79920288","43","98282754"
"chr3","178514786","178514901","chr10","58788395","58788510","9","119726391"
"chr3","178553538","178553839","chr15","196861","197153","51","178356677"
"chr3","178599883","178600175","chr3","184404722","184405010","41","5804839"
"chr3","178690944","178691236","chr17","35670581","35670871","56","143020363"
"chr3","178716442","178716729","chr21","35965645","35965932","38","142750797"
"chr3","178736988","178737280","chr11","43485145","43485437","40","135251843"
"chr3","178933912","178934189","chr20","27822433","27822727","52","151111479"
"chr3","179094860","179095164","chr6","17331971","17332273","45","161762889"
"chr3","179106991","179107301","chrX","124381299","124381609","47","54725692"
"chr3","179122171","179122474","chr15","786613","786903","49","178335558"
"chr3","179188931","179189254","chr11","123924507","123924822","48","55264424"
"chr3","179249379","179249694","chr5","47854845","47855147","46","131394534"
"chr3","179267731","179268018","chr2","8798514","8798801","37","170469217"
"chr3","179273162","179273460","chr7","45650829","45651125","42","133622333"
"chr3","179296392","179296690","chr15","946651","946949","30","178349741"
"chr3","179304999","179305304","chr6","132767618","132767935","44","46537381"
"chr3","179316878","179317193","chr15","956852","957151","48","178360026"
"chr3","179319532","179319832","chr12","87295569","87295868","42","92023963"
"chr3","179350856","179351100","chr14","21170276","21170525","40","158180580"
"chr3","179353366","179353506","chr1","69369171","69369312","16","109984195"
"chr3","179362712","179362855","chr18","5436393","5436534","41","173926319"
"chr3","179374025","179374295","chr4","152357816","152358086","51","27016209"
"chr3","179387264","179387556","chr5","2532160","2532447","42","176855104"
"chr3","179387585","179387729","chr19","13052837","13052981","38","166334748"
"chr3","179388032","179388188","chr15","74708494","74708646","25","104679538"
"chr3","179399202","179399502","chr13","39885762","39886059","40","139513440"
"chr3","179406614","179406914","chr5","26961498","26961795","40","152445116"
"chr3","179417393","179417686","chr13","68817190","68817491","56","110600203"
"chr3","179420136","179420439","chr15","83510124","83510419","52","95910012"
"chr3","179462557","179462846","chr5","132866059","132866355","42","46596498"
"chr3","179466008","179466310","chr2","171387900","171388203","41","8078108"
"chr3","179474231","179474523","chr6","147894727","147895020","39","31579504"
"chr3","179487769","179488064","chr5","5052462","5052757","40","174435307"
"chr3","179535110","179535405","chr6","4245255","4245549","43","175289855"
"chr3","179559456","179559729","chr15","1197029","1197285","38","178362427"
"chr3","179579507","179579802","chr2","8989470","8989767","42","170590037"
"chr3","179598142","179598397","chr4","35466862","35467100","49","144131280"
"chr3","179598427","179598449","chr10","17789322","17789342","3","161809105"
"chr3","179599844","179600146","chr12","28553718","28554019","42","151046126"
"chr3","179600359","179600662","chr21","40446927","40447225","41","139153432"
"chr3","179605794","179606091","chr7","41072320","41072621","34","138533474"
"chr3","179628905","179629206","chrX","62711832","62712138","54","116917073"
"chr3","179636930","179637230","chr6","17068239","17068542","42","162568691"
"chr3","179638220","179638512","chr10","126287645","126287938","40","53350575"
"chr3","179638827","179639117","chr15","20770296","20770585","32","158868531"
"chr3","179645131","179645430","chr4","6898633","6898927","41","172746498"
"chr3","179664131","179664393","chr4","153251075","153251339","44","26413056"
"chr3","179675566","179675847","chr19","4188463","4188738","39","175487103"
"chr3","179787609","179787893","chr6","13168853","13169146","41","166618756"
"chr3","179802253","179802562","chr2","171032147","171032451","38","8770106"
"chr3","179810003","179810306","chr8","55398623","55398934","41","124411380"
"chr3","179813503","179813664","chr10","129777716","129777881","30","50035787"
"chr3","179813976","179814120","chr11","64898539","64898670","27","114915437"
"chr3","179871101","179871402","chr5","94234310","94234606","42","85636791"
"chr3","179919713","179920002","chr3","92040859","92041146","36","87878854"
"chr3","179922442","179922753","chr6","17068239","17068542","44","162854203"
"chr3","179993492","179993801","chr1","184817871","184818171","46","4824379"
"chr3","180029204","180029318","chr13","96965515","96965629","12","83063689"
"chr3","180119441","180119727","chr16","25425936","25426223","43","154693505"
"chr3","180145449","180145786","chr22","24847365","24847700","56","155298084"
"chr3","180187211","180187513","chr15","1814982","1815276","40","178372229"
"chr3","180276531","180276775","chr11","32759698","32759945","42","147516833"
"chr3","180291134","180291436","chr5","42661443","42661746","34","137629691"
"chr3","180357919","180358228","chr2","171330283","171330586","51","9027636"
"chr3","180492766","180493069","chr12","87290615","87290915","37","93202151"
"chr3","180502409","180502716","chr1","184817871","184818171","50","4315462"
"chr3","180650576","180650885","chr2","148962920","148963230","41","31687656"
"chr3","180672312","180672610","chr15","2333748","2334046","35","178338564"
"chr3","180731484","180731775","chr21","43075982","43076273","50","137655502"
"chr3","180753054","180753338","chr17","42857352","42857640","38","137895702"
"chr3","180755078","180755397","chr3","3804205","3804512","56","176950873"
"chr3","180792338","180792634","chr6","17068239","17068542","39","163724099"
"chr3","180823725","180824003","chr14","60719526","60719803","45","120104199"
"chr3","180825486","180825786","chr13","26143032","26143332","42","154682454"
"chr3","180863929","180864223","chrX","124564086","124564383","42","56299843"
"chr3","180885816","180886108","chr4","48143637","48143933","41","132742179"
"chr3","180916395","180916706","chr12","100785810","100786105","56","80130585"
"chr3","180919273","180919583","chr6","17068239","17068542","46","163851034"
"chr3","180986282","180986579","chr22","29825053","29825352","39","151161229"
"chr3","181006337","181006623","chr7","58160492","58160776","41","122845845"
"chr3","181032418","181032693","chr1","152819194","152819470","46","28213224"
"chr3","181061599","181061893","chr4","16350054","16350344","41","164711545"
"chr3","181067036","181067333","chr1","168595556","168595859","48","12471480"
"chr3","181201754","181202058","chr6","17068239","17068542","43","164133515"
"chr3","181208540","181208677","chr9","100751399","100751543","33","80457141"
"chr3","181273608","181273902","chr9","115637925","115638221","35","65635683"
"chr3","181341265","181341564","chr7","6894852","6895150","43","174446413"
"chr3","181402828","181403123","chr10","13657713","13658004","51","167745115"
"chr3","181423696","181423978","chr15","3129492","3129772","40","178294204"
"chr3","181500715","181501018","chr6","17068239","17068542","44","164432476"
"chr3","181507467","181507793","chr15","62112055","62112371","51","119395412"
"chr3","181512974","181513301","chr19","6312897","6313222","54","175200077"
"chr3","181634830","181635122","chr10","16033492","16033786","36","165601338"
"chr3","181673313","181673611","chr1","108871998","108872291","56","72801315"
"chr3","181737311","181737613","chr12","28553718","28554019","36","153183593"
"chr3","181796378","181796682","chr17","40821489","40821793","52","140974889"
"chr3","181800159","181800463","chrUn_GL286451","117883","118189","44","181682276"
"chr3","181814193","181814488","chr1","15931085","15931383","42","165883108"
"chr3","181817947","181818232","chr10","45281123","45281406","37","136536824"
"chr3","181837522","181837831","chr10","90431710","90432016","40","91405812"
"chr3","181882499","181882785","chr10","100963554","100963833","42","80918945"
"chr3","181892080","181892310","chr16","59995344","59995578","37","121896736"
"chr3","181906825","181907129","chr6","17068239","17068542","43","164838586"
"chr3","181914162","181914463","chr21","36229617","36229917","36","145684545"
"chr3","181946650","181946955","chr6","18703661","18703971","48","163242989"
"chr3","181969163","181969474","chr5","94532768","94533076","46","87436395"
"chr3","181977010","181977313","chr5","91836332","91836629","36","90140678"
"chr3","182013822","182014135","chr15","3723021","3723324","49","178290801"
"chr3","182037635","182037945","chr9","101352286","101352592","48","80685349"
"chr3","182048997","182049307","chrX","127290140","127290448","50","54758857"
"chr3","182070556","182070862","chr1","168595556","168595859","44","13475000"
"chr3","182209023","182209306","chr5","26967484","26967769","41","155241539"
"chr3","182250613","182250877","chr15","3972542","3972810","38","178278071"
"chr3","182347504","182347806","chrX","69095527","69095826","48","113251977"
"chr3","182492961","182493282","chr9","100258454","100258773","60","82234507"
"chr3","182600082","182600392","chr7","102737006","102737318","47","79863076"
"chr3","182623638","182623946","chr19","43463036","43463348","48","139160602"
"chr3","182634526","182634825","chr22","36640923","36641218","38","145993603"
"chr3","182649680","182649983","chr1","152779316","152779625","59","29870364"
"chr3","182687389","182687698","chr3","106655459","106655766","49","76031930"
"chr3","182705986","182706277","chr20","27822433","27822727","40","154883553"
"chr3","182731316","182731613","chr14","46527925","46528222","42","136203391"
"chr3","182754370","182754664","chrUn_GL288498","6191","6480","48","182748179"
"chr3","182759245","182759553","chr5","38171978","38172283","43","144587267"
"chr3","182763496","182763843","chr10","21954675","21955006","81","160808821"
"chr3","182839605","182839912","chr3","2808599","2808903","45","180031006"
"chr3","182847051","182847338","chr9","25249922","25250207","44","157597129"
"chr3","182851022","182851304","chr2","18057390","18057677","44","164793632"
"chr3","182900764","182900899","chr9","15979242","15979372","15","166921522"
"chr3","182901195","182901364","chr4","110891340","110891519","49","72009855"
"chr3","182908234","182908494","chr9","111547706","111547974","56","71360528"
"chr3","182955930","182956224","chr5","94234310","94234606","41","88721620"
"chr3","182974006","182974272","chr2","142623289","142623554","36","40350717"
"chr3","182983434","182983722","chr1","176289203","176289485","44","6694231"
"chr3","182996629","182996927","chrX","40236018","40236314","39","142760611"
"chr3","183014724","183015003","chr2","125864670","125864953","47","57150054"
"chr3","183016233","183016530","chr1","98572733","98573027","32","84443500"
"chr3","183034778","183035078","chr15","5688723","5689022","36","177346055"
"chr3","183046403","183046698","chr3","123949904","123950197","38","59096499"
"chr3","183091286","183091561","chr22","41649645","41649920","38","141441641"
"chr3","183250304","183250616","chr1","82669756","82670065","44","100580548"
"chr3","183266791","183267085","chr2","137923952","137924247","36","45342839"
"chr3","183277672","183277768","chr1","180301927","180302017","16","2975745"
"chr3","183321156","183321467","chr1","82669756","82670065","36","100651400"
"chr3","183340661","183340947","chr19","24203448","24203737","38","159137213"
"chr3","183371466","183371777","chrX","22706298","22706606","45","160665168"
"chr3","183378736","183378998","chr15","5043713","5043963","41","178335023"
"chr3","183382079","183382359","chr19","16266278","16266559","37","167115801"
"chr3","183419591","183419891","chr15","72514556","72514856","36","110905035"
"chr3","183458014","183458316","chr1","168595556","168595859","35","14862458"
"chr3","183482999","183483298","chr5","26961498","26961795","44","156521501"
"chr3","183526817","183527128","chr6","112846301","112846609","48","70680516"
"chr3","183529556","183529804","chr15","5183817","5184072","43","178345739"
"chr3","183561510","183561679","chr2","48570163","48570351","45","134991347"
"chr3","183565400","183565689","chr2","35075957","35076247","43","148489443"
"chr3","183610787","183611068","chr5","26623936","26624213","41","156986851"
"chr3","183618057","183618368","chr20","35037813","35038115","41","148580244"
"chr3","183622221","183622528","chr2","150540166","150540472","46","33082055"
"chr3","183646083","183646385","chr6","47107776","47108084","41","136538307"
"chr3","183659251","183659542","chrUn_GL286331","13459","13750","50","183645792"
"chr3","183672583","183672712","chr7","88152152","88152275","14","95520431"
"chr3","183673024","183673234","chr6","123640360","123640561","48","60032664"
"chr3","183702163","183702459","chr9","115637925","115638221","39","68064238"
"chr3","183709347","183709634","chr1","145176527","145176816","45","38532820"
"chr3","183744845","183745150","chr1","184817871","184818171","45","1073026"
"chr3","183763783","183764085","chr14","83739394","83739686","48","100024389"
"chr3","183767228","183767386","chr10","27469878","27470033","41","156297350"
"chr3","183767681","183767815","chr7","97443674","97443803","16","86324007"
"chr3","183771719","183772026","chr2","14723039","14723343","37","169048680"
"chr3","183796987","183797288","chr12","83078942","83079243","40","100718045"
"chr3","183808574","183808879","chr6","17068239","17068542","41","166740335"
"chr3","183813689","183813715","chrX","140734729","140734741","14","43078960"
"chr3","183814024","183814249","chrX","48602099","48602329","38","135211925"
"chr3","183830984","183831275","chr5","80700303","80700590","36","103130681"
"chr3","183839436","183839718","chr5","31371357","31371639","39","152468079"
"chr3","183853283","183853572","chr15","49359997","49360293","49","134493286"
"chr3","183861786","183862063","chr13","55773608","55773891","51","128088178"
"chr3","183877805","183878090","chr18","4081044","4081334","42","179796761"
"chr3","183893461","183893769","chr7","148985140","148985448","50","34908321"
"chr3","183897347","183897636","chr6","144098416","144098697","50","39798931"
"chr3","183900931","183901225","chr1","139317923","139318220","38","44583008"
"chr3","183902104","183902398","chr5","26961498","26961795","34","156940606"
"chr3","183968143","183968409","chr2","126184382","126184646","49","57783761"
"chr3","183972653","183972944","chr4","89994430","89994716","38","93978223"
"chr3","183975349","183975642","chr13","99797880","99798169","37","84177469"
"chr3","183977758","183978052","chr4","6898633","6898927","28","177079125"
"chr3","184004229","184004527","chr21","40172356","40172654","32","143831873"
"chr3","184010025","184010289","chr1","155073091","155073354","52","28936934"
"chr3","184020450","184020692","chr22","31518540","31518771","33","152501910"
"chr3","184023828","184024133","chr9","8886595","8886904","47","175137233"
"chr3","184073146","184073449","chr6","17068239","17068542","34","167004907"
"chr3","184088284","184088594","chr6","17068239","17068542","36","167020045"
"chr3","184089116","184089415","chr10","59548523","59548818","38","124540593"
"chr3","184090011","184090333","chr15","20018055","20018360","50","164071956"
"chr3","184090953","184091249","chr12","107488690","107488986","42","76602263"
"chr3","184100960","184101236","chr19","6867541","6867823","41","177233419"
"chr3","184103200","184103347","chr4","168083457","168083606","22","16019743"
"chr3","184103650","184103826","chr3","53757892","53758068","28","130345758"
"chr3","184107552","184107844","chr5","125126644","125126933","44","58980908"
"chr3","184115505","184115838","chr15","5714512","5714825","57","178400993"
"chr3","184125811","184126107","chr22","28997304","28997607","46","155128507"
"chr3","184130263","184130573","chr5","127485810","127486119","38","56644453"
"chr3","184138345","184138654","chr3","106655459","106655766","38","77482886"
"chr3","184149532","184149672","chr2","133539304","133539438","23","50610228"
"chr3","184158763","184159076","chr5","134608851","134609157","40","49549912"
"chr3","184159356","184159661","chr15","5757491","5757781","42","178401865"
"chr3","184205283","184205585","chr4","15705730","15706030","41","168499553"
"chr3","184208488","184208784","chr9","45396887","45397186","46","138811601"
"chr3","184212035","184212332","chr9","46222647","46222944","45","137989388"
"chr3","184216501","184216517","chrX","140734729","140734741","5","43481772"
"chr3","184216543","184216825","chr4","34845790","34846071","34","149370753"
"chr3","184218410","184218718","chr3","106655459","106655766","48","77562951"
"chr3","184246676","184246900","chr1","192262423","192262637","36","8015747"
"chr3","184247204","184247294","chr1","180878830","180878920","12","3368374"
"chr3","184251259","184251552","chr10","99096716","99097011","38","85154543"
"chr3","184257050","184257230","chr19","781258","781429","34","183475792"
"chr3","184273137","184273417","chr5","45343522","45343803","38","138929615"
"chr3","184279374","184279672","chr5","115376412","115376709","37","68902962"
"chr3","184280582","184280695","chr5","124538732","124538850","16","59741850"
"chr3","184294206","184294492","chr15","5891500","5891782","41","178402706"
"chr3","184296852","184297160","chr22","31767114","31767422","42","152529738"
"chr3","184318470","184318592","chr4","106521719","106521841","17","77796751"
"chr3","184318593","184318904","chr4","169036358","169036663","43","15282235"
"chr3","184318905","184319105","chr5","77728508","77728715","48","106590397"
"chr3","184324471","184324764","chrX","48721748","48722046","40","135602723"
"chr3","184364237","184364526","chr5","88618634","88618922","41","95745603"
"chr3","184396965","184397259","chr7","6894852","6895150","36","177502113"
"chr3","184402665","184402973","chr7","58066603","58066906","46","126336062"
"chr3","184404847","184405159","chr9","106557112","106557416","46","77847735"
"chr3","184408114","184408418","chr1","136891596","136891899","44","47516518"
"chr3","184418664","184418958","chr19","24203448","24203737","40","160215216"
"chr3","184438083","184438393","chr5","2080907","2081217","47","182357176"
"chr3","184463296","184463596","chr2","9886138","9886441","40","174577158"
"chr3","184480223","184480471","chr6","44036827","44037077","37","140443396"
"chr3","184483694","184483994","chr9","11967801","11968108","48","172515893"
"chr3","184484024","184484299","chr10","17357237","17357515","49","167126787"
"chr3","184537104","184537411","chr9","11967801","11968108","42","172569303"
"chr3","184570942","184571249","chr5","94532768","94533076","43","90038174"
"chr3","184591537","184591669","chr5","19371277","19371408","14","165220260"
"chr3","184644867","184645157","chr10","16033492","16033786","45","168611375"
"chr3","184647045","184647344","chr2","31372053","31372354","44","153274992"
"chr3","184667460","184667782","chr19","42798669","42798993","52","141868791"
"chr3","184695476","184695767","chr1","184817871","184818171","47","122395"
"chr3","184733501","184733813","chr6","106862679","106862987","38","77870822"
"chr3","184744318","184744611","chr18","4009184","4009472","36","180735134"
"chr3","184751939","184752232","chr20","12729984","12730279","39","172021955"
"chr3","184772401","184772709","chr18","39712282","39712591","35","145060119"
"chr3","184782138","184782437","chr3","116821774","116822068","36","67960364"
"chr3","184787564","184787863","chr6","5881915","5882214","40","178905649"
"chr3","184788162","184788487","chr5","72704603","72704922","60","112083559"
"chr3","184800751","184800991","chr22","46756905","46757154","48","138043846"
"chr3","184802758","184803062","chr1","84074904","84075213","44","100727854"
"chr3","184825620","184825915","chr5","63326522","63326817","46","121499098"
"chr3","184844140","184844448","chr18","39712282","39712591","34","145131858"
"chr3","184892225","184892516","chr4","104457272","104457564","43","80434953"
"chr3","184895646","184895933","chr7","63062538","63062830","47","121833108"
"chr3","184925773","184926074","chr17","69075766","69076065","34","115850007"
"chr3","184949924","184950206","chr2","32570873","32571156","49","152379051"
"chr3","184961755","184962061","chr15","6579340","6579636","44","178382415"
"chr3","185029568","185029863","chr10","16033492","16033786","43","168996076"
"chr3","185094075","185094376","chr7","49632330","49632627","42","135461745"
"chr3","185140669","185140997","chr17","54870851","54871173","54","130269818"
"chr3","185169975","185170267","chr1","91678380","91678669","37","93491595"
"chr3","185189363","185189666","chr2","31372053","31372354","41","153817310"
"chr3","185196720","185197019","chr15","6831244","6831546","43","178365476"
"chr3","185197793","185198096","chr2","858886","859191","34","184338907"
"chr3","185212839","185213146","chr4","23117480","23117789","42","162095359"
"chr3","185224218","185224531","chr8","97001630","97001940","43","88222588"
"chr3","185262948","185263248","chr15","6912885","6913195","41","178350063"
"chr3","185275730","185276049","chrX","122250423","122250744","55","63025307"
"chr3","185284434","185284707","chr10","101732804","101733077","40","83551630"
"chr3","185302122","185302428","chr10","101816662","101816963","44","83485460"
"chr3","185314334","185314640","chr2","114528005","114528309","42","70786329"
"chr3","185334599","185334908","chr1","156164792","156165101","33","29169807"
"chr3","185336260","185336566","chr1","168595556","168595859","36","16740704"
"chr3","185338047","185338347","chr18","8503340","8503640","36","176834707"
"chr3","185355190","185355484","chr16","94282491","94282791","35","91072699"
"chr3","185373372","185373664","chr15","7007556","7007843","34","178365816"
"chr3","185380951","185381261","chr22","28997304","28997607","40","156383647"
"chr3","185395681","185395978","chr6","17068239","17068542","43","168327442"
"chr3","185396089","185396386","chr1","10143237","10143538","39","175252852"
"chr3","185408282","185408586","chr6","147894727","147895020","48","37513555"
"chr3","185409086","185409367","chrX","8916050","8916338","42","176493036"
"chr3","185441621","185441759","chr5","158422918","158423048","20","27018703"
"chr3","185442057","185442204","chr11","7875650","7875811","34","177566407"
"chr3","185449091","185449394","chr6","17068239","17068542","36","168380852"
"chr3","185462491","185462799","chr5","2555257","2555561","41","182907234"
"chr3","185474041","185474347","chrX","60134051","60134357","42","125339990"
"chr3","185493531","185493840","chr10","126696429","126696740","43","58797102"
"chr3","185505660","185505956","chr5","38614488","38614784","38","146891172"
"chr3","185515516","185515830","chr13","12881556","12881873","56","172633960"
"chr3","185535294","185535579","chr15","7160058","7160343","33","178375236"
"chr3","185542926","185543210","chr19","6867541","6867823","35","178675385"
"chr3","185577207","185577508","chr22","28997304","28997607","37","156579903"
"chr3","185579488","185579775","chr8","95367702","95367987","36","90211786"
"chr3","185584540","185584853","chr5","8732041","8732342","44","176852499"
"chr3","185587121","185587432","chr15","7198520","7198829","44","178388601"
"chr3","185590585","185590895","chr12","112769436","112769743","52","72821149"
"chr3","185594621","185594885","chr6","17285930","17286191","31","168308691"
"chr3","185594887","185595022","chr20","22715714","22715849","12","162879173"
"chr3","185595968","185596263","chr2","48330699","48330994","42","137265269"
"chr3","185603840","185604139","chr5","23380593","23380893","37","162223247"
"chr3","185610994","185611288","chr4","162252003","162252294","37","23358991"
"chr3","185636227","185636511","chr2","12006440","12006734","54","173629787"
"chr3","185650397","185650705","chr3","106655459","106655766","49","78994938"
"chr3","185659802","185660096","chr14","36994514","36994806","43","148665288"
"chr3","185662196","185662506","chr10","90431710","90432016","40","95230486"
"chr3","185662847","185662979","chr14","65544687","65544821","13","120118160"
"chr3","185684394","185684706","chr11","124322704","124323011","39","61361690"
"chr3","185686102","185686397","chr5","106311111","106311405","38","79374991"
"chr3","185694806","185695096","chr22","30202132","30202421","37","155492674"
"chr3","185698803","185699113","chr8","17471458","17471767","40","168227345"
"chr3","185748882","185749192","chr11","14827372","14827680","39","170921510"
"chr3","185752596","185752896","chr5","10038314","10038610","40","175714282"
"chr3","185771158","185771458","chrUn_GL286262","40235","40532","40","185730923"
"chr3","185785019","185785319","chr7","10120794","10121094","40","175664225"
"chr3","185796281","185796586","chr2","7440171","7440473","42","178356110"
"chr3","185800468","185800689","chrX","98533437","98533662","38","87267031"
"chr3","185853592","185853903","chr5","4793924","4794233","45","181059668"
"chr3","185855323","185855453","chr12","40082543","40082670","14","145772780"
"chr3","185855753","185855933","chr14","94170216","94170394","34","91685537"
"chr3","185863894","185864180","chr12","91346020","91346311","45","94517874"
"chr3","185868104","185868236","chr15","58182984","58183116","10","127685120"
"chr3","185879232","185879555","chr7","148985140","148985448","58","36894092"
"chr3","185892780","185893050","chr15","7510944","7511197","44","178381836"
"chr3","185895558","185895832","chr2","193594750","193595024","36","7699192"
"chr3","185900984","185901285","chr11","124429251","124429550","36","61471733"
"chr3","185905101","185905407","chr6","17068239","17068542","38","168836862"
"chr3","185907622","185907922","chrX","112877634","112877932","35","73029988"
"chr3","185908983","185909283","chr12","28553718","28554019","48","157355265"
"chr3","185918726","185919000","chr6","35546234","35546509","53","150372492"
"chr3","185957191","185957480","chr5","66580234","66580523","45","119376957"
"chr3","185958136","185958440","chr6","17068239","17068542","38","168889897"
"chr3","185971228","185971467","chr14","98811838","98812065","50","87159390"
"chr3","185985361","185985659","chr1","98572733","98573027","39","87412628"
"chr3","185992284","185992578","chr20","27822433","27822727","41","158169851"
"chr3","186072091","186072391","chr21","43075982","43076273","64","142996109"
"chr3","186114622","186114927","chr1","187604977","187605283","36","1490355"
"chr3","186128825","186129160","chr4","34141149","34141483","57","151987676"
"chr3","186139499","186139807","chr4","164809453","164809759","47","21330046"
"chr3","186184447","186184699","chr19","26499110","26499363","32","159685337"
"chr3","186204127","186204409","chr6","83408647","83408930","40","102795480"
"chr3","186222561","186222696","chr1","172218988","172219121","10","14003573"
"chr3","186238011","186238324","chr2","14943663","14943973","56","171294348"
"chr3","186241291","186241554","chr20","1200518","1200779","42","185040773"
"chr3","186249560","186249832","chrX","68962815","68963097","48","117286745"
"chr3","186274178","186274388","chr5","77728508","77728715","51","108545670"
"chr3","186275049","186275178","chr3","107071732","107071860","24","79203317"
"chr3","186299841","186300136","chr12","100785810","100786105","41","85514031"
"chr3","186343283","186343582","chr1","198375259","198375567","57","12031976"
"chr3","186395258","186395562","chr3","106655459","106655766","45","79739799"
"chr3","186430295","186430592","chr7","6894852","6895150","32","179535443"
"chr3","186436857","186437114","chr7","46045826","46046087","39","140391031"
"chr3","186449579","186449880","chr19","11933584","11933885","34","174515995"
"chr3","186551693","186551978","chr12","17597171","17597452","44","168954522"
"chr3","186568619","186568932","chr6","112846301","112846609","40","73722318"
"chr3","186630055","186630359","chr5","48331120","48331417","45","138298935"
"chr3","186676493","186676824","chr9","53998173","53998474","82","132678320"
"chr3","186700485","186700793","chr17","7637757","7638063","44","179062728"
"chr3","186725943","186726232","chr9","85399974","85400271","46","101325969"
"chr3","186737979","186738277","chr9","104685543","104685837","48","82052436"
"chr3","186740999","186741292","chr15","8339169","8339465","34","178401830"
"chr3","186754474","186754754","chr9","44537673","44537953","41","142216801"
"chr3","186761798","186762096","chr10","14603732","14604030","34","172158066"
"chr3","186770637","186770917","chr19","6867541","6867823","32","179903096"
"chr3","186774546","186774857","chr3","106655459","106655766","40","80119087"
"chr3","186779048","186779313","chr8","93172340","93172593","53","93606708"
"chr3","186779679","186779843","chr5","143577449","143577597","44","43202230"
"chr3","186779844","186780123","chrX","68962815","68963097","41","117817029"
"chr3","186780124","186780259","chr2","2261829","2261964","18","184518295"
"chr3","186799941","186800256","chr8","110498332","110498633","47","76301609"
"chr3","186814591","186814725","chr5","1338424","1338558","12","185476167"
"chr3","186815031","186815189","chr8","12461153","12461316","37","174353878"
"chr3","186831219","186831525","chr6","17068239","17068542","40","169762980"
"chr3","186859998","186860294","chr6","17068239","17068542","50","169791759"
"chr3","186862760","186863040","chr19","6867541","6867823","42","179995219"
"chr3","186881322","186881482","chr5","110878827","110878990","36","76002495"
"chr3","186881779","186881912","chr14","33563983","33564116","14","153317796"
"chr3","186883070","186883369","chr2","145182124","145182423","49","41700946"
"chr3","186889984","186890281","chr8","93697187","93697481","38","93192797"
"chr3","186910686","186910979","chr11","123371423","123371718","38","63539263"
"chr3","186958671","186959001","chr13","88836338","88836664","45","98122333"
"chr3","186976420","186976729","chr6","119827925","119828231","45","67148495"
"chr3","186990054","186990333","chr7","114227","114501","40","186875827"
"chr3","187011072","187011296","chr5","14263409","14263635","35","172747663"
"chr3","187031441","187031734","chr6","147894727","147895020","44","39136714"
"chr3","187058659","187058940","chr5","31371357","31371639","44","155687302"
"chr3","187069130","187069383","chrX","17616439","17616683","41","169452691"
"chr3","187113759","187113971","chr9","112676972","112677186","31","74436787"
"chr3","187156428","187156721","chr17","68699016","68699308","45","118457412"
"chr3","187170916","187171225","chr6","17068239","17068542","47","170102677"
"chr3","187249046","187249356","chr6","119827925","119828231","41","67421121"
"chr3","187316175","187316468","chr2","72221187","72221480","42","115094988"
"chr3","187381204","187381465","chr15","74385269","74385530","51","112995935"
"chr3","187410898","187411200","chr10","98294554","98294856","47","89116344"
"chr3","187489506","187489815","chr6","17068239","17068542","43","170421267"
"chr3","187580969","187581282","chr9","11967801","11968108","42","175613168"
"chr3","187656580","187656880","chr5","47589320","47589615","55","140067260"
"chr3","187696613","187696854","chr20","35673131","35673379","38","152023482"
"chr3","187718517","187718808","chr5","100355199","100355490","36","87363318"
"chr3","187753135","187753436","chr1","168595556","168595859","34","19157579"
"chr3","187797713","187798014","chr6","17068239","17068542","41","170729474"
"chr3","187965449","187965738","chr5","108251402","108251689","43","79714047"
"chr3","188022879","188023177","chr7","26918353","26918647","36","161104526"
"chr3","188028736","188029038","chr13","43694410","43694711","39","144334326"
"chr3","188048769","188049079","chr11","124322704","124323011","45","63726065"
"chr3","188068987","188069288","chr5","64309139","64309447","46","123759848"
"chr3","188074558","188074825","chrX","107074395","107074658","45","81000163"
"chr3","188088448","188088749","chr9","42427653","42427954","45","145660795"
"chr3","188121372","188121679","chr4","152021902","152022211","44","36099470"
"chr3","188127748","188128059","chr7","13017719","13018023","43","175110029"
"chr3","188144484","188144782","chr7","96383773","96384067","58","91760711"
"chr3","188201426","188201718","chr5","5052462","5052757","41","183148964"
"chr3","188205278","188205580","chr3","153217268","153217573","35","34988010"
"chr3","188215026","188215325","chrX","121434733","121435037","54","66780293"
"chr3","188232352","188232652","chr9","2215139","2215442","57","186017213"
"chr3","188260040","188260342","chr10","35587352","35587663","50","152672688"
"chr3","188260751","188261083","chr7","153212018","153212354","66","35048733"
"chr3","188269681","188269947","chrX","90546446","90546718","35","97723235"
"chr3","188281320","188281622","chr5","60529593","60529894","42","127751727"
"chr3","188289997","188290273","chrX","1246037","1246308","49","187043960"
"chr3","188293783","188294083","chr2","114528005","114528309","47","73765778"
"chr3","188306070","188306388","chr10","97010952","97011267","50","91295118"
"chr3","188371642","188371957","chr16","25492826","25493133","46","162878816"
"chr3","188397611","188397913","chr11","44157181","44157481","43","144240430"
"chr3","188532127","188532246","chr2","151585614","151585736","16","36946513"
"chr3","188532274","188532422","chr13","20601962","20602113","29","167930312"
"chr3","188582143","188582327","chr14","94170216","94170394","40","94411927"
"chr3","188582361","188582478","chr12","90274174","90274291","13","98308187"
"chr3","188590291","188590585","chr18","31994227","31994522","43","156596064"
"chr3","188623259","188623556","chr15","61219971","61220268","44","127403288"
"chr3","188696363","188696487","chr8","118518401","118518523","16","70177962"
"chr3","188771267","188771578","chr6","135415982","135416286","36","53355285"
"chr3","188867358","188867643","chr12","19627135","19627420","40","169240223"
"chr3","188896188","188896489","chrX","90421778","90422079","38","98474410"
"chr3","188897866","188898140","chr2","36055967","36056238","51","152841899"
"chr3","189244149","189244438","chr15","17823660","17823952","44","171420489"
"chr3","189296974","189297280","chr19","25591314","25591622","50","163705660"
"chr3","189378077","189378387","chr17","37986925","37987221","48","151391152"
"chr3","189387294","189387605","chr5","64309139","64309447","49","125078155"
"chr3","189515129","189515430","chr9","111187673","111187975","33","78327456"
"chr3","189663519","189663827","chr15","11318124","11318434","45","178345395"
"chr3","189849997","189850281","chr10","16230225","16230507","49","173619772"
"chr3","189886927","189887225","chr10","14603732","14604030","39","175283195"
"chr3","189963447","189963743","chr15","11614769","11615060","41","178348678"
"chr3","190034834","190035148","chr5","128544719","128545020","54","61490115"
"chr3","190074228","190074533","chr15","11738833","11739133","44","178335395"
"chr3","190081972","190082285","chr17","24010629","24010937","54","166071343"
"chr3","190160762","190161069","chr10","27979674","27979979","43","162181088"
"chr3","190162713","190163008","chr7","103328929","103329224","43","86833784"
"chr3","190163944","190164247","chr2","168879156","168879455","44","21284788"
"chr3","190199914","190200183","chr7","67196083","67196346","42","123003831"
"chr3","190234090","190234313","chr15","11884658","11884877","40","178349432"
"chr3","190251229","190251550","chr14","74401826","74402136","57","115849403"
"chr3","190405148","190405452","chr3","106655459","106655766","46","83749689"
"chr3","190626665","190626969","chr10","117620910","117621216","34","73005755"
"chr3","190744976","190745281","chr9","102725942","102726249","44","88019034"
"chr3","190765449","190765745","chr9","32919007","32919302","45","157846442"
"chr3","190821071","190821183","chr7","22695493","22695605","21","168125578"
"chr3","190845509","190845806","chr1","157959927","157960225","44","32885582"
"chr3","190875790","190876071","chr4","155495685","155495965","38","35380105"
"chr3","190876084","190876365","chr12","17597171","17597452","45","173278913"
"chr3","190877524","190877834","chr6","17068239","17068542","53","173809285"
"chr3","190932761","190933074","chr1","137129532","137129843","59","53803229"
"chr3","191161974","191162272","chr18","14627661","14627958","40","176534313"
"chr3","191194547","191194819","chr9","20992052","20992313","45","170202495"
"chr3","191195753","191196072","chr4","20278830","20279149","70","170916923"
"chr3","191214754","191215030","chr11","97658809","97659082","48","93555945"
"chr3","191247856","191248133","chr4","34845790","34846071","41","156402066"
"chr3","191303970","191304257","chr12","115383799","115384092","41","75920171"
"chr3","191306632","191306931","chr15","12947113","12947408","43","178359519"
"chr3","191324767","191325061","chr10","16033492","16033786","42","175291275"
"chr3","191370479","191370788","chr5","39017170","39017474","45","152353309"
"chr3","191392729","191393037","chr6","17068239","17068542","44","174324490"
"chr3","191448674","191448973","chr6","40114467","40114768","46","151334207"
"chr3","191554671","191554980","chr9","9142343","9142648","46","182412328"
"chr3","191807209","191807512","chr2","171330283","171330586","45","20476926"
"chr3","191909274","191909555","chr12","82875955","82876235","49","109033319"
"chr3","192000622","192000800","chr22","10926087","10926281","45","181074535"
"chr3","192131870","192132166","chr15","24649508","24649805","46","167482362"
"chr3","192164941","192165254","chr8","52674130","52674435","56","139490811"
"chr3","192179550","192179845","chr15","13805819","13806113","46","178373731"
"chr3","192204605","192204909","chr2","18780256","18780558","51","173424349"
"chr3","192219074","192219384","chr13","18393383","18393690","44","173825691"
"chr3","192268902","192269219","chr6","106862679","106862987","49","85406223"
"chr3","192298469","192298756","chr15","13922043","13922341","33","178376426"
"chr3","192319315","192319594","chr22","41649645","41649920","36","150669670"
"chr3","192398375","192398669","chr4","147076387","147076688","44","45321988"
"chr3","192482353","192482657","chr10","47008299","47008603","49","145474054"
"chr3","192506357","192506670","chr10","117620910","117621216","52","74885447"
"chr3","192595814","192596094","chr10","20669782","20670067","50","171926032"
"chr3","192633034","192633345","chr12","87913370","87913678","47","104719664"
"chr3","192649549","192649843","chr11","71406472","71406761","67","121243077"
"chr3","192661240","192661532","chrX","17543907","17544194","41","175117333"
"chr3","192667322","192667633","chr1","27883875","27884177","52","164783447"
"chr3","192695816","192696097","chr15","14337067","14337346","38","178358749"
"chr3","192851478","192851799","chr15","14489569","14489878","52","178361909"
"chr3","192869022","192869268","chr16","49447210","49447451","39","143421812"
"chr3","192870409","192870719","chr15","14514351","14514649","52","178356058"
"chr3","192878684","192878991","chr6","58565009","58565311","51","134313675"
"chr3","192909649","192909966","chr1","82669756","82670065","42","110239893"
"chr3","192926721","192927016","chr7","32099825","32100120","37","160826896"
"chr3","192936365","192936668","chr15","48420238","48420542","41","144516127"
"chr3","192973504","192973796","chr15","14608220","14608513","40","178365284"
"chr3","192974517","192974844","chr1","41965485","41965800","71","151009032"
"chr3","192986547","192986817","chr17","11266122","11266399","65","181720425"
"chr3","193031201","193031342","chr5","2493535","2493675","15","190537666"
"chr3","193080353","193080651","chr18","8503340","8503640","36","184577013"
"chr3","193092606","193092889","chr3","111736801","111737080","32","81355805"
"chr3","193109768","193110080","chrX","90421778","90422079","55","102687990"
"chr3","193121281","193121586","chr6","17068239","17068542","35","176053042"
"chr3","193166755","193167034","chr5","41236817","41237096","48","151929938"
"chr3","193321349","193321645","chr15","14955220","14955512","38","178366129"
"chr3","193412751","193413022","chr15","15047657","15047921","44","178365094"
"chr3","193436458","193436751","chr7","77705068","77705359","45","115731390"
"chr3","193469344","193469644","chr15","15103599","15103895","48","178365745"
"chr3","193574438","193574735","chr9","95060973","95061282","45","98513465"
"chr3","193578013","193578296","chr14","35781822","35782107","42","157796191"
"chr3","193588858","193589165","chr3","106655459","106655766","43","86933399"
"chr3","193652101","193652406","chr15","15300492","15300793","48","178351609"
"chr3","193693359","193693649","chr14","63994771","63995061","39","129698588"
"chr3","193717952","193718268","chr3","106655459","106655766","47","87062493"
"chr3","193745657","193745944","chr15","68809459","68809748","40","124936198"
"chr3","193762360","193762663","chrX","16692831","16693132","42","177069529"
"chr3","193966392","193966703","chr10","71567659","71567967","44","122398733"
"chr3","194020384","194020688","chr2","9886138","9886441","42","184134246"
"chr3","194118530","194118826","chr14","43386246","43386546","40","150732284"
"chr3","194129094","194129394","chr16","94282491","94282791","44","99846603"
"chr3","194145298","194145598","chr6","40009056","40009364","49","154136242"
"chr3","194191319","194191633","chr6","112846301","112846609","49","81345018"
"chr3","194209323","194209630","chr10","99917853","99918154","39","94291470"
"chr3","194222604","194222888","chr4","131620274","131620554","47","62602330"
"chr3","194227508","194227809","chr5","2298333","2298635","39","191929175"
"chr3","194230074","194230383","chr5","2508969","2509278","40","191721105"
"chr3","194254705","194255002","chr2","151564441","151564740","42","42690264"
"chr3","194381000","194381287","chr4","21814543","21814830","44","172566457"
"chr3","194381327","194381356","chr10","17789322","17789342","10","176592005"
"chr3","194426726","194426983","chr15","16110571","16110804","50","178316155"
"chr3","194427940","194428249","chr1","82669756","82670065","40","111758184"
"chr3","194437878","194438165","chr2","66805774","66806063","38","127632104"
"chr3","194471369","194471653","chr15","16161519","16161804","33","178309850"
"chr3","194508125","194508408","chr7","43987454","43987739","45","150520671"
"chr3","194511598","194511895","chr3","94762904","94763199","39","99748694"
"chr3","194515974","194516272","chr7","6894852","6895150","41","187621122"
"chr3","194525344","194525634","chrX","47125049","47125340","36","147400295"
"chr3","194527521","194527769","chr9","18859344","18859589","38","175668177"
"chr3","194528433","194528737","chr13","43694410","43694711","45","150834023"
"chr3","194538127","194538261","chr6","139231067","139231202","18","55307060"
"chr3","194538565","194538743","chr7","85958195","85958373","32","108580370"
"chr3","194577623","194577914","chr5","82953739","82954031","42","111623884"
"chr3","194581696","194581994","chr6","13168853","13169146","42","181412843"
"chr3","194586416","194586712","chr7","22313904","22314192","48","172272512"
"chr3","194614418","194614706","chrX","39866052","39866340","45","154748366"
"chr3","194622548","194622848","chr5","94234310","94234606","39","100388238"
"chr3","194634536","194634671","chr12","50418916","50419049","15","144215620"
"chr3","194639631","194639896","chr10","8736436","8736699","45","185903195"
"chr3","194653233","194653529","chr14","83739394","83739686","33","110913839"
"chr3","194663977","194664252","chr22","12470581","12470861","46","182193396"
"chr3","194683813","194684122","chr5","38771450","38771759","40","155912363"
"chr3","194693621","194693922","chr5","139446008","139446308","49","55247613"
"chr3","194712974","194713277","chr5","125737225","125737535","35","68975749"
"chr3","194718835","194719122","chr15","16446974","16447262","52","178271861"
"chr3","194748954","194749235","chr4","168156555","168156848","43","26592399"
"chr3","194754890","194755186","chr6","87765454","87765755","40","106989436"
"chr3","194764125","194764408","chr20","28636143","28636428","35","166127982"
"chr3","194790670","194790957","chr13","101326777","101327058","47","93463893"
"chr3","194850910","194851231","chr3","3804205","3804512","45","191046705"
"chr3","194853866","194854161","chr15","16602656","16602948","39","178251210"
"chr3","195026200","195026500","chr7","113470784","113471078","44","81555416"
"chr3","195082571","195082846","chr15","16811846","16812122","41","178270725"
"chr3","195151262","195151553","chr22","29906551","29906850","54","165244711"
"chr3","195190213","195190519","chr3","177888845","177889151","48","17301368"
"chr3","195192142","195192440","chr10","18062344","18062642","45","177129798"
"chr3","195206488","195206776","chr14","63994771","63995061","36","131211717"
"chr3","195245160","195245456","chr2","18780256","18780558","38","176464904"
"chr3","195293563","195293847","chr15","17022821","17023111","41","178270742"
"chr3","195300063","195300344","chr2","56700759","56701042","34","138599304"
"chr3","195302934","195303220","chr15","17031056","17031334","44","178271878"
"chr3","195311525","195311836","chr7","148985140","148985448","31","46326385"
"chr3","195314264","195314568","chr6","17068239","17068542","36","178246025"
"chr3","195316416","195316694","chr20","13049275","13049554","45","182267141"
"chr3","195316935","195317197","chr7","43989282","43989541","33","151327653"
"chr3","195321611","195321910","chr22","28997304","28997607","36","166324307"
"chr3","195351118","195351416","chr1","157959927","157960225","44","37391191"
"chr3","195352827","195353098","chr22","27309991","27310258","40","168042836"
"chr3","195365842","195366144","chr10","18062344","18062642","42","177303498"
"chr3","195368146","195368431","chr15","17100976","17101252","35","178267170"
"chr3","195372413","195372539","chr4","169009753","169009883","36","26362660"
"chr3","195372831","195373007","chr7","51800454","51800616","50","143572377"
"chr3","195373649","195373927","chr15","5690439","5690726","42","189683210"
"chr3","195374119","195374400","chr14","21485011","21485295","47","173889108"
"chr3","195384445","195384739","chr5","44091500","44091798","40","151292945"
"chr3","195396506","195396814","chrX","47176701","47177007","35","148219805"
"chr3","195401383","195401679","chr14","83739394","83739686","47","111661989"
"chr3","195404796","195405099","chr6","17068239","17068542","41","178336557"
"chr3","195420648","195420943","chr10","16033492","16033786","39","179387156"
"chr3","195429106","195429396","chr15","17161639","17161937","41","178267467"
"chr3","195430432","195430731","chr12","19048169","19048464","39","176382263"
"chr3","195439617","195439926","chr3","2808599","2808903","44","192631018"
"chr3","195452557","195452860","chr22","33981676","33981980","39","161470881"
"chr3","195520675","195520968","chr10","119158195","119158473","72","76362480"
"chr3","195533082","195533363","chr1","169249136","169249415","47","26283946"
"chr3","195561757","195562058","chr20","27822433","27822727","35","167739324"
"chr3","195576529","195576822","chr7","57167437","57167725","43","138409092"
"chr3","195582459","195582772","chr3","106655459","106655766","45","88927000"
"chr3","195676053","195676362","chr6","17068239","17068542","51","178607814"
"chr3","195682774","195683072","chr5","2000849","2001153","42","193681925"
"chr3","195707469","195707775","chr5","136750937","136751240","39","58956532"
"chr3","195734728","195735039","chr5","92240457","92240760","51","103494271"
"chr3","195740427","195740724","chr12","88617287","88617572","44","107123140"
"chr3","195745525","195745826","chr6","17068239","17068542","30","178677286"
"chr3","195747584","195747878","chr5","94234310","94234606","37","101513274"
"chr3","195765967","195766260","chr14","83739394","83739686","39","112026573"
"chr3","195799996","195800291","chr6","109618442","109618737","33","86181554"
"chr3","195823010","195823297","chr22","36966472","36966764","45","158856538"
"chr3","195826839","195827075","chr13","116101538","116101772","37","79725301"
"chr3","195840442","195840733","chr4","16350054","16350344","32","179490388"
"chr3","195851632","195851931","chr16","1171147","1171451","48","194680485"
"chr3","195855215","195855506","chr18","27528381","27528670","36","168326834"
"chr3","195882577","195882884","chr1","135983511","135983815","39","59899066"
"chr3","195902336","195902643","chr3","106655459","106655766","36","89246877"
"chr3","195915484","195915771","chr1","169233439","169233727","34","26682045"
"chr3","195920058","195920355","chr10","81511499","81511789","39","114408559"
"chr3","195922798","195923080","chr22","31331875","31332157","46","164590923"
"chr3","195923485","195923782","chr5","25454865","25455151","43","170468620"
"chr3","195966222","195966513","chr6","147894727","147895020","39","48071495"
"chr3","195972807","195973122","chr6","17068239","17068542","53","178904568"
"chr3","196048033","196048318","chr2","47050706","47050995","43","148997327"
"chr3","196056402","196056700","chr22","15097219","15097517","41","180959183"
"chr3","196075844","196076172","chr17","54870851","54871173","67","141204993"
"chr3","196080105","196080402","chr5","94234310","94234606","44","101845795"
"chr3","196085961","196086256","chr5","94234310","94234606","45","101851651"
"chr3","196133428","196133718","chrUn_GL286293","22081","22370","43","196111347"
"chr3","196137145","196137453","chr16","93229873","93230174","49","102907272"
"chr3","196141756","196142034","chr7","58160492","58160776","46","137981264"
"chr3","196142065","196142089","chr10","17789322","17789342","9","178352743"
"chr3","196149546","196149799","chr10","7125168","7125422","42","189024378"
"chr3","196151001","196151312","chr3","106655459","106655766","47","89495542"
"chr3","196195091","196195390","chr19","6037738","6038039","42","190157353"
"chr3","196202037","196202340","chr5","110918761","110919060","53","85283276"
"chr3","196204825","196205123","chrX","45459872","45460167","40","150744953"
"chr3","196211665","196211950","chr5","45810586","45810880","44","150401079"
"chr3","196213501","196213634","chr1","17409944","17410074","15","178803557"
"chr3","196223844","196224158","chr10","126696429","126696740","42","69527415"
"chr3","196225040","196225273","chr22","4284952","4285161","49","191940088"
"chr3","196245144","196245439","chr11","113671829","113672126","35","82573315"
"chr3","196252245","196252540","chr12","100785810","100786105","48","95466435"
"chr3","196266608","196266887","chrX","41793540","41793813","45","154473068"
"chr3","196278699","196279001","chr2","31372053","31372354","44","164906646"
"chr3","196288537","196288826","chr19","30688215","30688511","47","165600322"
"chr3","196294726","196295041","chr11","20691935","20692246","49","175602791"
"chr3","196298306","196298597","chr17","73405356","73405645","39","122892950"
"chr3","196304129","196304432","chr2","170651743","170652040","42","25652386"
"chr3","196310441","196310727","chr2","56700759","56701042","44","139609682"
"chr3","196314224","196314482","chr18","8416396","8416653","47","187897828"
"chr3","196322693","196322990","chr13","57414367","57414663","29","138908326"
"chr3","196333780","196334072","chr4","16350054","16350344","36","179983726"
"chr3","196334458","196334753","chr10","55872616","55872911","39","140461842"
"chr3","196366901","196367203","chr5","92511557","92511857","49","103855344"
"chr3","196372332","196372639","chr10","37229551","37229853","51","159142781"
"chr3","196395770","196396065","chr4","6898633","6898927","40","189497137"
"chr3","196421917","196422218","chrX","109030128","109030429","45","87391789"
"chr3","196427845","196428122","chr3","109186729","109187004","50","87241116"
"chr3","196433684","196433985","chrX","90421778","90422079","37","106011906"
"chr3","196435987","196436295","chr5","62823651","62823960","38","133612336"
"chr3","196439040","196439346","chr9","11432736","11433027","54","185006304"
"chr3","196440173","196440474","chr12","49321944","49322244","43","147118229"
"chr3","196459318","196459625","chr5","38171978","38172283","36","158287340"
"chr3","196467161","196467464","chrX","51313840","51314135","47","145153321"
"chr3","196488849","196489155","chr11","121808191","121808491","41","74680658"
"chr3","196492494","196492777","chr5","38801240","38801522","43","157691254"
"chr3","196502305","196502604","chr5","92897843","92898143","40","103604462"
"chr3","196516820","196517133","chr7","57213096","57213404","49","139303724"
"chr3","196517672","196517829","chr5","61671126","61671276","29","134846546"
"chr3","196518468","196518584","chrX","46588384","46588492","17","149930084"
"chr3","196527341","196527655","chr11","64363135","64363445","38","132164206"
"chr3","196540274","196540407","chr5","1338424","1338558","21","195201850"
"chr3","196541005","196541179","chr7","85958195","85958373","38","110582810"
"chr3","196565293","196565551","chr7","12587592","12587853","45","183977701"
"chr3","196621085","196621402","chr7","106244543","106244855","48","90376542"
"chr3","196693934","196694173","chr4","44721112","44721351","43","151972822"
"chr3","196697202","196697490","chr6","87463814","87464097","59","109233388"
"chr3","196729788","196730083","chr14","63994771","63995061","39","132735017"
"chr3","196758639","196758957","chr3","106655459","106655766","60","90103180"
"chr3","196768657","196768966","chr1","102388542","102388852","51","94380115"
"chr3","196770636","196770922","chr1","152654405","152654688","43","44116231"
"chr3","196777196","196777503","chr18","8503340","8503640","41","188273856"
"chr3","196779661","196779960","chr15","18190848","18191139","52","178588813"
"chr3","196781686","196781821","chr4","43236196","43236331","22","153545490"
"chr3","196793854","196794151","chr22","1192535","1192835","35","195601319"
"chr3","196798334","196798643","chr5","1214302","1214607","44","195584032"
"chr3","196800100","196800409","chr15","18174285","18174593","44","178625815"
"chr3","196823584","196823795","chr15","18149564","18149777","34","178674020"
"chr3","196825064","196825359","chr10","27398526","27398820","46","169426538"
"chr3","196826640","196826942","chr6","17068239","17068542","37","179758401"
"chr3","196835984","196836283","chr4","168156555","168156848","42","28679429"
"chr3","196836468","196836766","chrX","11722716","11723009","43","185113752"
"chr3","196845657","196845906","chr9","106532593","106532842","32","90313064"
"chr3","196848189","196848500","chr15","18127365","18127672","45","178720824"
"chr3","196848710","196849021","chr10","126696429","126696740","42","70152281"
"chr3","196852685","196852993","chr6","106862679","106862987","42","89990006"
"chr3","196855153","196855443","chr14","65187018","65187315","40","131668135"
"chr3","196855525","196855825","chr4","105517999","105518293","47","91337526"
"chr3","196856646","196856949","chr6","43666330","43666629","42","153190316"
"chr3","196858724","196859033","chr1","168595556","168595859","41","28263168"
"chr3","196860166","196860474","chr2","127060567","127060875","45","69799599"
"chr3","196892133","196892446","chr9","115044282","115044584","49","81847851"
"chr3","196905948","196906233","chr2","132014394","132014683","42","64891554"
"chr3","196933014","196933315","chr3","153217268","153217573","37","43715746"
"chr3","196980139","196980409","chr13","68600472","68600753","46","128379667"
"chr3","197014384","197014689","chr6","17068239","17068542","38","179946145"
"chr3","197049037","197049339","chr3","106655459","106655766","51","90393578"
"chr3","197052173","197052503","chr6","56995807","56996131","53","140056366"
"chr3","197057979","197058279","chr17","54417945","54418244","57","142640034"
"chr3","197060824","197061103","chr2","72246490","72246757","50","124814334"
"chr3","197084806","197085087","chr2","56700759","56701042","42","140384047"
"chr3","197098563","197098831","chr2","189737550","189737821","50","7361013"
"chr3","197148117","197148432","chr15","62112055","62112371","58","135036062"
"chr3","197193825","197194093","chr15","17763468","17763735","45","179430357"
"chr3","197233684","197233819","chr7","79609225","79609358","10","117624459"
"chr3","197263505","197263814","chr22","2239058","2239365","42","195024447"
"chr3","197281023","197281334","chrX","122748466","122748777","56","74532557"
"chr3","197305414","197305718","chr22","28997304","28997607","37","168308110"
"chr3","197307259","197307416","chr6","117945984","117946137","24","79361275"
"chr3","197322848","197323138","chrX","17855428","17855719","41","179467420"
"chr3","197341152","197341447","chr22","39620740","39621034","34","157720412"
"chr3","197348611","197348682","chr11","5718659","5718731","12","191629952"
"chr3","197349109","197349401","chr2","186658826","186659113","36","10690283"
"chr3","197377748","197378051","chr12","15053437","15053737","37","182324311"
"chr3","197440571","197440868","chr4","147076387","147076688","42","50364184"
"chr3","197447645","197447940","chr10","16033492","16033786","34","181414153"
"chr3","197455363","197455672","chr17","43047641","43047952","41","154407722"
"chr3","197491224","197491515","chr1","172257719","172258009","40","25233505"
"chr3","197540388","197540697","chr7","32003277","32003587","41","165537111"
"chr3","197552934","197553216","chr10","115591667","115591949","42","81961267"
"chr3","197556386","197556679","chr5","26961498","26961795","38","170594888"
"chr3","197557463","197557737","chr15","17391365","17391641","41","180166098"
"chr3","197582834","197583139","chrX","23750481","23750780","39","173832353"
"chr3","197694073","197694190","chr1","121523757","121523874","10","76170316"
"chr3","197702381","197702672","chr8","12054828","12055112","40","185647553"
"chr3","197709887","197710184","chr5","38614488","38614784","36","159095399"
"chr3","197716125","197716424","chrX","17021103","17021398","46","180695022"
"chr3","197721957","197722266","chr11","125799128","125799440","43","71922829"
"chr3","197739756","197740055","chr13","15255284","15255587","52","182484472"
"chr3","197755443","197755611","chr4","43826691","43826860","28","153928752"
"chr3","197755660","197755787","chr12","25762920","25763048","17","171992740"
"chr3","197764850","197765152","chr5","126079965","126080261","49","71684885"
"chr3","197768790","197769064","chrX","47457185","47457449","45","150311605"
"chr3","197772626","197772908","chr5","43613189","43613474","48","154159437"
"chr3","197781032","197781328","chr4","21718170","21718470","41","176062862"
"chr3","197790643","197790935","chr8","93697187","93697481","35","104093456"
"chr3","197803976","197804274","chr1","194615110","194615410","48","3188866"
"chr3","197806744","197806850","chr7","12879902","12880008","11","184926842"
"chr3","197812505","197812861","chr3","106655459","106655766","84","91157046"
"chr3","197813511","197813830","chr10","126696429","126696740","41","71117082"
"chr3","197833238","197833546","chr9","94651601","94651909","43","103181637"
"chr3","197834863","197835165","chr6","17068239","17068542","41","180766624"
"chr3","197840156","197840475","chr1","37395209","37395516","53","160444947"
"chr3","197919919","197920232","chr22","28997304","28997607","47","168922615"
"chr3","197928342","197928649","chr8","108764374","108764677","41","89163968"
"chr3","197933182","197933465","chr10","15634508","15634789","40","182298674"
"chr3","197947929","197948232","chr22","28997304","28997607","40","168950625"
"chr3","197972074","197972363","chr4","22365048","22365343","41","175607026"
"chr3","197988669","197988982","chr22","33981676","33981980","43","164006993"
"chr3","198010166","198010447","chr17","74245852","74246133","35","123764314"
"chr3","198022574","198022882","chr18","9778620","9778921","59","188243954"
"chr3","198029395","198029696","chr1","96660011","96660313","49","101369384"
"chr3","198037411","198037655","chr5","3672109","3672360","47","194365302"
"chr3","198116448","198116722","chr19","25656946","25657218","40","172459502"
"chr3","198179663","198179796","chr6","152122935","152123068","46","46056728"
"chr3","198180100","198180235","chr4","43236196","43236331","14","154943904"
"chr3","198184934","198185239","chr1","168595556","168595859","44","29589378"
"chr3","198229366","198229635","chr2","90417029","90417300","41","107812337"
"chr4","137363450","137363734","chr13","97352437","97352715","57","40011013"
"chr4","20053965","20054298","chr3","171207987","171208305","59","151154022"
"chr4","36962203","36962481","chr6","151058379","151058657","48","114096176"
"chr4","37617501","37617803","chr10","14603732","14604030","35","23013769"
"chr4","46530285","46530570","chr10","43110600","43110890","42","3419685"
"chr4","56491854","56492109","chr22","11730249","11730498","55","44761605"
"chr4","75759312","75759617","chr6","17068239","17068542","35","58691073"
"chr4","82575130","82575438","chr15","20913964","20914267","42","61661166"
"chr4","105250697","105250981","chr10","61736886","61737165","47","43513811"
"chr4","118357957","118358279","chr22","31767114","31767422","50","86590843"
"chr4","128057027","128057345","chr5","2080907","2081217","47","125976120"
"chr4","157155128","157155426","chr1","39141468","39141769","51","118013660"
"chr4","179175359","179175634","chr12","16322527","16322798","49","162852832"
"chr4","70342","70635","chr4","36522598","36522895","49","36452256"
"chr4","182450","182731","chr4","160036884","160037168","50","159854434"
"chr4","225136","225433","chr20","20042650","20042951","34","19817514"
"chr4","323749","323978","chr16","5175093","5175321","46","4851344"
"chr4","368245","368541","chr12","29333369","29333657","45","28965124"
"chr4","381401","381704","chr3","106655459","106655766","43","106274058"
"chr4","461592","461885","chr2","137365843","137366137","33","136904251"
"chr4","580416","580706","chr1","186704593","186704886","29","186124177"
"chr4","591436","591731","chr10","16033492","16033786","41","15442056"
"chr4","611661","611837","chr16","38258251","38258424","29","37646590"
"chr4","637221","637520","chr5","94234310","94234606","62","93597089"
"chr4","694117","694249","chr5","81520581","81520712","13","80826464"
"chr4","695818","695935","chr5","60678704","60678820","11","59982886"
"chr4","756217","756511","chr4","16350054","16350344","41","15593837"
"chr4","800353","800477","chr21","43060085","43060206","14","42259732"
"chr4","803685","803970","chr1","200040617","200040903","46","199236932"
"chr4","843035","843332","chr9","115637925","115638221","41","114794890"
"chr4","855687","855978","chr10","5561930","5562219","37","4706243"
"chr4","875700","875951","chr7","22428824","22429073","42","21553124"
"chr4","901956","902257","chr6","17068239","17068542","39","16166283"
"chr4","936087","936297","chr7","60246083","60246284","40","59309996"
"chr4","939435","939734","chr18","8503340","8503640","37","7563905"
"chr4","943246","943550","chr15","49359997","49360293","39","48416751"
"chr4","984555","984832","chr4","10453744","10454020","52","9469189"
"chr4","1065751","1065879","chr3","107293628","107293761","19","106227877"
"chr4","1174218","1174516","chr7","47866961","47867263","46","46692743"
"chr4","1197767","1198076","chr18","10830546","10830857","53","9632779"
"chr4","1203869","1204171","chr13","9808601","9808897","38","8604732"
"chr4","1232309","1232607","chr1","202849760","202850061","45","201617451"
"chr4","1276406","1276695","chr16","54084312","54084597","42","52807906"
"chr4","1419389","1419694","chr1","184817871","184818171","39","183398482"
"chr4","1422059","1422368","chrX","93623389","93623691","47","92201330"
"chr4","1443203","1443335","chr6","49139510","49139640","16","47696307"
"chr4","1585271","1585583","chr5","40288348","40288656","47","38703077"
"chr4","1587390","1587684","chr20","28691192","28691484","39","27103802"
"chr4","1607017","1607318","chr22","28997304","28997607","33","27390287"
"chr4","1616855","1617147","chr3","137032013","137032300","53","135415158"
"chr4","1631881","1632181","chr5","109594551","109594853","42","107962670"
"chr4","1665033","1665339","chr19","38640517","38640819","36","36975484"
"chr4","1678540","1678831","chr4","16350054","16350344","38","14671514"
"chr4","1696929","1697187","chr3","189230273","189230517","49","187533344"
"chr4","1710768","1711075","chr2","8426666","8426970","41","6715898"
"chr4","1731641","1731933","chr1","209526500","209526793","42","207794859"
"chr4","1742549","1742818","chr11","97658809","97659082","43","95916260"
"chr4","1791602","1791894","chr7","49731433","49731723","40","47939831"
"chr4","1821407","1821663","chr3","189086030","189086291","39","187264623"
"chr4","1833068","1833327","chr6","123625092","123625350","43","121792024"
"chr4","1840096","1840385","chr15","20770296","20770585","36","18930200"
"chr4","1844451","1844756","chr14","83739394","83739686","59","81894943"
"chr4","1845536","1845843","chr4","23117480","23117789","50","21271944"
"chr4","1845862","1846156","chr4","78780467","78780761","43","76934605"
"chr4","1878075","1878251","chrX","51105865","51106036","37","49227790"
"chr4","1878285","1878407","chr1","93004408","93004534","19","91126123"
"chr4","1884088","1884388","chr3","189015370","189015671","42","187131282"
"chr4","1888552","1888864","chr21","35849518","35849828","48","33960966"
"chr4","1897623","1897925","chr3","189001841","189002146","45","187104218"
"chr4","1906655","1906960","chr9","66342592","66342903","38","64435937"
"chr4","1921176","1921473","chr10","16033492","16033786","39","14112316"
"chr4","1921500","1921803","chr3","152941248","152941549","52","151019748"
"chr4","1921867","1922154","chr2","127910100","127910387","48","125988233"
"chr4","1927442","1927747","chr11","125799128","125799440","44","123871686"
"chr4","1935578","1935881","chr4","15705730","15706030","37","13770152"
"chr4","1937056","1937353","chr3","110699020","110699313","34","108761964"
"chr4","1994283","1994574","chr14","39054710","39055003","39","37060427"
"chr4","2011754","2012063","chr1","137129532","137129843","49","135117778"
"chr4","2020912","2021198","chr11","62590101","62590389","46","60569189"
"chr4","2039553","2039846","chr10","8026640","8026929","43","5987087"
"chr4","2123208","2123343","chr5","81321776","81321910","19","79198568"
"chr4","2123344","2123654","chr12","27257719","27258031","43","25134375"
"chr4","2123655","2123813","chr10","43520058","43520215","35","41396403"
"chr4","2129972","2130256","chr7","49560480","49560768","42","47430508"
"chr4","2152021","2152337","chr10","90431710","90432016","59","88279689"
"chr4","2185464","2185772","chr9","2150568","2150879","37","34896"
"chr4","2187231","2187543","chr3","188722366","188722670","39","186535135"
"chr4","2202455","2202753","chr14","84125610","84125909","43","81923155"
"chr4","2230017","2230299","chr7","80298109","80298398","42","78068092"
"chr4","2279173","2279447","chr11","97658809","97659082","42","95379636"
"chr4","2313588","2313870","chr11","5262095","5262375","52","2948507"
"chr4","2351432","2351708","chr19","6867541","6867823","35","4516109"
"chr4","2378058","2378355","chr10","27398526","27398820","44","25020468"
"chr4","2381402","2381705","chr1","164311115","164311418","44","161929713"
"chr4","2406091","2406390","chr1","202849760","202850061","36","200443669"
"chr4","2441115","2441391","chr6","31709696","31709966","39","29268581"
"chr4","2453817","2453986","chrX","108352935","108353103","27","105899118"
"chr4","2454301","2454436","chr10","76450569","76450700","15","73996268"
"chr4","2454612","2454921","chr3","106655459","106655766","42","104200847"
"chr4","2470963","2471266","chr2","61800729","61801029","39","59329766"
"chr4","2505724","2505949","chr10","98286725","98286937","53","95781001"
"chr4","2517048","2517345","chr10","16033492","16033786","39","13516444"
"chr4","2518348","2518628","chr2","67944626","67944904","44","65426278"
"chr4","2526716","2527048","chr22","17042320","17042648","70","14515604"
"chr4","2541834","2542017","chr22","2626133","2626298","41","84299"
"chr4","2542305","2542443","chr2","40803885","40804020","17","38261580"
"chr4","2543575","2543895","chr3","106655459","106655766","54","104111884"
"chr4","2547106","2547424","chr10","94825353","94825663","52","92278247"
"chr4","2547631","2547924","chr6","50827026","50827315","44","48279395"
"chr4","2548462","2548756","chrX","22356240","22356533","42","19807778"
"chr4","2548925","2549235","chr8","94030215","94030516","51","91481290"
"chr4","2557991","2558300","chr1","82669756","82670065","54","80111765"
"chr4","2558719","2559020","chr18","8503340","8503640","42","5944621"
"chr4","2561183","2561481","chr9","109687712","109688007","51","107126529"
"chr4","2561494","2561795","chr22","29825053","29825352","39","27263559"
"chr4","2566408","2566699","chr10","55872616","55872911","34","53306208"
"chr4","2576580","2576666","chr5","92774318","92774404","30","90197738"
"chr4","2579213","2579386","chr1","169183283","169183452","22","166604070"
"chr4","2641040","2641342","chr12","28553718","28554019","40","25912678"
"chr4","2678361","2678662","chr6","43666330","43666629","35","40987969"
"chr4","2703242","2703544","chr3","188190632","188190939","43","185487390"
"chr4","2704284","2704584","chr3","188189907","188190192","50","185485623"
"chr4","2711667","2711939","chr9","17953510","17953783","46","15241843"
"chr4","2715181","2715462","chr3","188183368","188183649","36","185468187"
"chr4","2717311","2717615","chr5","143023404","143023700","41","140306093"
"chr4","2760222","2760520","chr2","10325197","10325497","43","7564975"
"chr4","2776568","2776867","chr22","29825053","29825352","34","27048485"
"chr4","2779798","2780097","chr5","86230872","86231167","41","83451074"
"chr4","2801827","2802114","chr3","188067841","188068130","33","185266014"
"chr4","2821858","2822164","chr5","124338115","124338421","42","121516257"
"chr4","2850265","2850432","chr4","34157283","34157451","29","31307018"
"chr4","2850725","2850869","chrX","90248590","90248732","16","87397865"
"chr4","2876420","2876554","chr9","108745130","108745264","16","105868710"
"chr4","2876853","2877019","chrX","106480049","106480214","16","103603196"
"chr4","2879783","2880015","chr12","41972566","41972794","35","39092783"
"chr4","2882855","2883161","chrX","15478140","15478450","45","12595285"
"chr4","2888055","2888378","chr6","17068239","17068542","57","14180184"
"chr4","2889918","2890215","chr22","33981676","33981980","44","31091758"
"chr4","2891167","2891469","chr12","83078942","83079243","45","80187775"
"chr4","2896216","2896508","chr10","89487563","89487852","38","86591347"
"chr4","2896760","2897058","chr15","49359997","49360293","48","46463237"
"chr4","2969252","2969339","chr11","6000002","6000089","11","3030750"
"chr4","2987659","2987792","chr4","71763764","71763896","14","68776105"
"chr4","2993392","2993702","chr1","137129532","137129843","45","134136140"
"chr4","3024579","3024887","chr3","106655459","106655766","42","103630880"
"chr4","3040159","3040470","chr10","126696429","126696740","47","123656270"
"chr4","3044350","3044626","chr7","49560480","49560768","51","46516130"
"chr4","3084407","3084702","chr22","39620740","39621034","39","36536333"
"chr4","3113332","3113629","chr7","59860278","59860579","37","56746946"
"chr4","3127682","3127983","chr5","26961498","26961795","39","23833816"
"chr4","3137431","3137708","chr19","23649633","23649916","37","20512202"
"chr4","3138605","3138911","chr22","28997304","28997607","51","25858699"
"chr4","3156134","3156419","chr9","59238923","59239209","37","56082789"
"chr4","3180882","3181181","chrX","107273049","107273349","44","104092167"
"chr4","3218352","3218644","chr3","150099768","150100059","34","146881416"
"chr4","3264196","3264508","chr22","40503125","40503432","40","37238929"
"chr4","3332838","3333051","chr12","1797072","1797292","38","1535766"
"chr4","3333349","3333437","chr2","9987287","9987373","11","6653938"
"chr4","3335808","3336126","chr5","2508969","2509278","47","826839"
"chr4","3545877","3546126","chr14","54636241","54636488","35","51090364"
"chr4","3552904","3553175","chr7","46045826","46046087","46","42492922"
"chr4","3585174","3585478","chr13","31331915","31332215","44","27746741"
"chr4","3600633","3600916","chr6","151058379","151058657","37","147457746"
"chr4","3680376","3680694","chr2","48786213","48786524","65","45105837"
"chr4","3887454","3887737","chr1","172452313","172452589","57","168564859"
"chr4","3907100","3907394","chr5","38614488","38614784","44","34707388"
"chr4","3908687","3908989","chr9","39173909","39174204","47","35265222"
"chr4","3918206","3918498","chr6","17724674","17724965","46","13806468"
"chr4","3918865","3919103","chr4","71830291","71830529","38","67911426"
"chr4","3944342","3944651","chr9","38147811","38148108","64","34203469"
"chr4","3959643","3959743","chr8","94213670","94213767","15","90254027"
"chr4","3960843","3961152","chr5","19163464","19163772","46","15202621"
"chr4","3987592","3987917","chr12","5237529","5237846","41","1249937"
"chr4","3991094","3991393","chr7","46135915","46136211","45","42144821"
"chr4","3997928","3998244","chr6","148215658","148215964","54","144217730"
"chr4","4007045","4007333","chr1","76973706","76973995","52","72966661"
"chr4","4012776","4013078","chr1","168595556","168595859","38","164582780"
"chr4","4021667","4021957","chr2","8798514","8798801","40","4776847"
"chr4","4038377","4038504","chr16","70208284","70208415","17","66169907"
"chr4","4053574","4053870","chr7","125443365","125443662","52","121389791"
"chr4","4055369","4055578","chr5","106299142","106299349","36","102243773"
"chr4","4079586","4079871","chrX","18245744","18246031","40","14166158"
"chr4","4086820","4087083","chr2","125839925","125840183","43","121753105"
"chr4","4087677","4087976","chrX","40206404","40206696","46","36118727"
"chr4","4101675","4101881","chr12","5351694","5351910","34","1250019"
"chr4","4122101","4122384","chr19","45214543","45214823","46","41092442"
"chr4","4154638","4154920","chr1","172452313","172452589","55","168297675"
"chr4","4198909","4199208","chr22","28997304","28997607","38","24798395"
"chr4","4229883","4230171","chr6","147302656","147302933","46","143072773"
"chr4","4241896","4242207","chrX","90421778","90422079","46","86179882"
"chr4","4260570","4260849","chr19","16281211","16281488","34","12020641"
"chr4","4264418","4264726","chr2","147215569","147215875","42","142951151"
"chr4","4291994","4292296","chr4","30880097","30880395","48","26588103"
"chr4","4304226","4304517","chr3","152941248","152941549","41","148637022"
"chr4","4318334","4318633","chr4","148565990","148566287","42","144247656"
"chr4","4322967","4323267","chrX","45395851","45396165","45","41072884"
"chr4","4351934","4352232","chr7","113470784","113471078","40","109118850"
"chr4","4370135","4370444","chr1","168595556","168595859","37","164225421"
"chr4","4371455","4371752","chr9","100523236","100523533","48","96151781"
"chr4","4442344","4442643","chr2","15966839","15967139","53","11524495"
"chr4","4530651","4530906","chr3","182306710","182306972","43","177776059"
"chr4","4614422","4614746","chrX","21889176","21889490","45","17274754"
"chr4","4619607","4619921","chrX","122774008","122774319","39","118154401"
"chr4","4647544","4647862","chr1","173962313","173962617","63","169314769"
"chr4","4648135","4648390","chr12","26144954","26145213","38","21496819"
"chr4","4653427","4653721","chrX","22356240","22356533","41","17702813"
"chr4","4679733","4680073","chr15","86837589","86837930","81","82157856"
"chr4","4685073","4685367","chr4","16350054","16350344","39","11664981"
"chr4","4692694","4692999","chr6","149299474","149299765","63","144606780"
"chr4","4845257","4845540","chr1","40046052","40046333","41","35200795"
"chr4","4877530","4877840","chr3","182682312","182682635","48","177804782"
"chr4","4967384","4967695","chr21","36464719","36465028","45","31497335"
"chr4","4978639","4978943","chr4","158511095","158511398","45","153532456"
"chr4","5032192","5032527","chr9","98029843","98030162","62","92997651"
"chr4","5048122","5048296","chrX","106480049","106480214","33","101431927"
"chr4","5048597","5048727","chr20","41847193","41847324","18","36798596"
"chr4","5049189","5049353","chr18","38568747","38568911","35","33519558"
"chr4","5049739","5049753","chr20","2556641","2556654","9","2493098"
"chr4","5065729","5066023","chr11","82257931","82258225","37","77192202"
"chr4","5095333","5095619","chr5","116115777","116116067","46","111020444"
"chr4","5102521","5102842","chr16","1171147","1171451","54","3931374"
"chr4","5106021","5106308","chrX","57599672","57599961","42","52493651"
"chr4","5184440","5184714","chr3","183003889","183004166","41","177819449"
"chr4","5225137","5225430","chr11","74796328","74796615","44","69571191"
"chr4","5250308","5250611","chr22","23923029","23923330","42","18672721"
"chr4","5324072","5324373","chr2","61800729","61801029","45","56476657"
"chr4","5392159","5392465","chr11","32338001","32338307","61","26945842"
"chr4","5426423","5426719","chr6","7328239","7328536","55","1901816"
"chr4","5475455","5475709","chr7","126026105","126026364","38","120550650"
"chr4","5579560","5579858","chr3","183403247","183403546","38","177823687"
"chr4","5585861","5586161","chr7","6894852","6895150","35","1308991"
"chr4","5608532","5608827","chr5","84633061","84633356","49","79024529"
"chr4","5623331","5623639","chr11","64711646","64711950","51","59088315"
"chr4","5645925","5646230","chr7","130402806","130403104","44","124756881"
"chr4","5721586","5721882","chr1","186704593","186704886","36","180983007"
"chr4","5740189","5740500","chr9","95060973","95061282","38","89320784"
"chr4","5784607","5784907","chr13","43694410","43694711","38","37909803"
"chr4","5800063","5800374","chr1","25957169","25957480","41","20157106"
"chr4","5841899","5842017","chr15","9844954","9845071","14","4003055"
"chr4","5842267","5842456","chr12","88653573","88653756","44","82811306"
"chr4","5962990","5963294","chr1","91158514","91158822","43","85195524"
"chr4","6052365","6052674","chr2","61800729","61801029","45","55748364"
"chr4","6068550","6068869","chr3","106655459","106655766","61","100586909"
"chr4","6072832","6073097","chr14","3949671","3949943","46","2123161"
"chr4","6122063","6122345","chr4","54258451","54258734","44","48136388"
"chr4","6132361","6132666","chr16","25492826","25493133","39","19360465"
"chr4","6165281","6165600","chr3","184044365","184044666","54","177879084"
"chr4","6173795","6174052","chrX","107074395","107074658","55","100900600"
"chr4","6239132","6239382","chr11","32759698","32759945","38","26520566"
"chr4","6240498","6240753","chr12","22389929","22390185","46","16149431"
"chr4","6258306","6258604","chr7","45344118","45344429","52","39085812"
"chr4","6258607","6258753","chr22","17035586","17035722","20","10776979"
"chr4","6266134","6266446","chr5","84871601","84871910","42","78605467"
"chr4","6316050","6316371","chr12","29286803","29287123","43","22970753"
"chr4","6406449","6406788","chr3","150085354","150085661","73","143678905"
"chr4","6423192","6423503","chr3","106655459","106655766","42","100232267"
"chr4","6448278","6448351","chr5","97631494","97631567","9","91183216"
"chr4","6505684","6506003","chrX","45535931","45536241","45","39030247"
"chr4","6554578","6554887","chr6","135098116","135098421","35","128543538"
"chr4","6582344","6582639","chr19","24203448","24203737","43","17621104"
"chr4","6590867","6591163","chr8","22253249","22253549","44","15662382"
"chr4","6623076","6623362","chr7","6894852","6895150","51","271776"
"chr4","6624379","6624513","chr15","23758140","23758272","16","17133761"
"chr4","6640054","6640356","chrX","17633918","17634220","58","10993864"
"chr4","6644867","6645154","chr12","48605950","48606233","47","41961083"
"chr4","6649868","6650165","chr15","49359997","49360293","37","42710129"
"chr4","6691495","6691803","chr2","10406818","10407122","38","3715323"
"chr4","6713964","6714296","chr15","62836485","62836818","62","56122521"
"chr4","6732115","6732420","chr13","63985086","63985395","46","57252971"
"chr4","6745295","6745568","chr1","191977192","191977461","44","185231897"
"chr4","6758077","6758362","chr11","98309944","98310214","59","91551867"
"chr4","6774508","6774744","chr22","31518540","31518771","33","24744032"
"chr4","6807792","6808085","chr1","202849760","202850061","39","196041968"
"chr4","6830404","6830706","chr7","30097115","30097417","45","23266711"
"chr4","6849340","6849629","chr5","26961498","26961795","43","20112158"
"chr4","6865291","6865600","chr11","64234338","64234642","38","57369047"
"chr4","6895140","6895441","chrX","93042255","93042549","44","86147115"
"chr4","6935649","6935943","chr5","63326522","63326817","34","56390873"
"chr4","6983030","6983271","chr11","32759698","32759945","29","25776668"
"chr4","6990168","6990462","chr2","6873859","6874157","36","116309"
"chr4","7039975","7040258","chr5","26967484","26967769","45","19927509"
"chr4","7064536","7064798","chr2","127694170","127694444","57","120629634"
"chr4","7069937","7070244","chr3","106655459","106655766","48","99585522"
"chr4","7078888","7079193","chr1","92333049","92333349","50","85254161"
"chr4","7086145","7086438","chr11","20951156","20951446","46","13865011"
"chr4","7099487","7099775","chr1","200866507","200866795","34","193767020"
"chr4","7102550","7102859","chr5","114232117","114232428","46","107129567"
"chr4","7105033","7105323","chr4","16350054","16350344","35","9245021"
"chr4","7149046","7149355","chr1","39141468","39141769","43","31992422"
"chr4","7162296","7162597","chr13","57414367","57414663","51","50252071"
"chr4","7174789","7175099","chrX","16692831","16693132","49","9518042"
"chr4","7178838","7179144","chr1","137129532","137129843","42","129950694"
"chr4","7180328","7180608","chr5","136701534","136701814","38","129521206"
"chr4","7249960","7250241","chr2","10414629","10414909","39","3164669"
"chr4","7369030","7369339","chr7","47866961","47867263","50","40497931"
"chr4","7373479","7373791","chr2","11642004","11642310","44","4268525"
"chr4","7580204","7580507","chr7","19310248","19310549","60","11730044"
"chr4","7599812","7600121","chr5","47458595","47458904","48","39858783"
"chr4","7796778","7797064","chr4","38209077","38209362","41","30412299"
"chr4","7887832","7888126","chr10","16033492","16033786","39","8145660"
"chr4","7940321","7940618","chr12","29333369","29333657","38","21393048"
"chr4","7941532","7941821","chr2","8015687","8015971","53","74155"
"chr4","7954868","7955170","chr3","106655459","106655766","40","98700591"
"chr4","7988026","7988322","chrX","48721748","48722046","31","40733722"
"chr4","7989071","7989378","chrX","47176701","47177007","54","39187630"
"chr4","8009385","8009695","chr14","46372540","46372849","45","38363155"
"chr4","8049729","8050027","chr3","186030641","186030939","39","177980912"
"chr4","8089453","8089755","chr5","83113160","83113466","41","75023707"
"chr4","8210490","8210774","chr3","186206470","186206773","43","177995980"
"chr4","8222362","8222671","chr9","103532999","103533309","43","95310637"
"chr4","8257054","8257363","chr5","134608851","134609157","44","126351797"
"chr4","8389823","8390124","chr1","188105254","188105557","41","179715431"
"chr4","8521408","8521719","chr3","186528492","186528805","40","178007084"
"chr4","8524306","8524623","chr2","171032147","171032451","52","162507841"
"chr4","8529977","8530265","chrX","39866052","39866340","39","31336075"
"chr4","8570856","8570981","chr5","139740366","139740492","15","131169510"
"chr4","8662994","8663282","chr2","62380758","62381043","58","53717764"
"chr4","8731024","8731323","chr10","14603732","14604030","39","5872708"
"chr4","8752352","8752520","chr14","83864808","83864975","25","75112456"
"chr4","8775426","8775722","chr1","168595556","168595859","40","159820130"
"chr4","8823168","8823306","chr20","22715714","22715849","16","13892546"
"chr4","8823621","8823779","chr10","129777716","129777881","40","120954095"
"chr4","8919221","8919533","chr7","87305539","87305840","51","78386318"
"chr4","8952183","8952466","chr13","9838981","9839265","59","886798"
"chr4","9006503","9006697","chr11","67161563","67161757","43","58155060"
"chr4","9020057","9020321","chr20","28262059","28262327","47","19242002"
"chr4","9027927","9028214","chr3","106705197","106705482","44","97677270"
"chr4","9055687","9055896","chr5","106299142","106299349","37","97243455"
"chr4","9057403","9057703","chr15","25321014","25321315","51","16263611"
"chr4","9062417","9062704","chr5","138347025","138347319","44","129284608"
"chr4","9067563","9067690","chr16","70208284","70208415","15","61140721"
"chr4","9078350","9078642","chr5","116115777","116116067","44","107037427"
"chr4","9087095","9087401","chr1","168595556","168595859","44","159508461"
"chr4","9092841","9093126","chr1","76973706","76973995","58","67880865"
"chr4","9117140","9117437","chr5","26961498","26961795","44","17844358"
"chr4","9120768","9121073","chr2","15463379","15463676","49","6342611"
"chr4","9145989","9146291","chrX","134431372","134431660","62","125285383"
"chr4","9147508","9147817","chr13","16635261","16635571","48","7487753"
"chr4","9148931","9149032","chr5","564486","564584","18","8584445"
"chr4","9163236","9163558","chr11","107513470","107513789","60","98350234"
"chr4","9183054","9183347","chr10","89997605","89997898","49","80814551"
"chr4","9371361","9371648","chr12","11789686","11789970","57","2418325"
"chr4","9441815","9442122","chr4","162613005","162613313","47","153171190"
"chr4","9461813","9462093","chrX","105924911","105925188","57","96463098"
"chr4","9486295","9486575","chr1","172452313","172452589","58","162966018"
"chr4","9515461","9515744","chr17","69931558","69931839","57","60416097"
"chr4","9517809","9518093","chr19","45214543","45214823","48","35696734"
"chr4","9538045","9538246","chr12","5351694","5351910","36","4186351"
"chr4","9551968","9552265","chr20","28691192","28691484","44","19139224"
"chr4","9552857","9553120","chr2","17003008","17003267","42","7450151"
"chr4","9560805","9561093","chr14","5921690","5921981","41","3639115"
"chr4","9587803","9588018","chr13","59334279","59334498","40","49746476"
"chr4","9594523","9594815","chr16","61261331","61261629","45","51666808"
"chr4","9598555","9598682","chr7","103296210","103296337","19","93697655"
"chr4","9615354","9615645","chr10","16033492","16033786","39","6418138"
"chr4","9631618","9631918","chr22","28997304","28997607","44","19365686"
"chr4","9646594","9646908","chr6","148215658","148215964","55","138569064"
"chr4","9653437","9653737","chr7","46135915","46136211","48","36482478"
"chr4","9656919","9657238","chr12","5237529","5237846","36","4419390"
"chr4","9683657","9683960","chr9","111172475","111172779","45","101488818"
"chr4","9700788","9701087","chr7","45802006","45802306","48","36101218"
"chr4","9701624","9701929","chr5","94234310","94234606","57","84532686"
"chr4","9716768","9717039","chr5","122925741","122926007","61","113208973"
"chr4","9721735","9722049","chr18","1926992","1927303","43","7794743"
"chr4","9738400","9738645","chr5","45779160","45779404","30","36040760"
"chr4","9739013","9739303","chr8","81232672","81232960","44","71493659"
"chr4","9748375","9748676","chr9","84874634","84874934","47","75126259"
"chr4","9749998","9750288","chrX","18251827","18252115","47","8501829"
"chr4","9778131","9778419","chr17","6210689","6210957","51","3567442"
"chr4","9813814","9814155","chr5","12588441","12588759","69","2774627"
"chr4","9815888","9816173","chr2","56700759","56701042","37","46884871"
"chr4","9852909","9853193","chr12","7765758","7766060","41","2087151"
"chr4","9897622","9897920","chr11","10115159","10115440","56","217537"
"chr4","10018263","10018542","chr4","38209077","38209362","46","28190814"
"chr4","10018591","10018618","chr10","17789322","17789342","9","7770731"
"chr4","10037667","10037952","chr5","154020351","154020637","42","143982684"
"chr4","10058586","10058881","chr3","181576583","181576887","35","171517997"
"chr4","10065748","10066057","chr13","97340307","97340616","49","87274559"
"chr4","10113074","10113385","chr3","181519736","181520041","54","171406662"
"chr4","10146541","10146809","chr15","37491127","37491402","73","27344586"
"chr4","10367361","10367664","chr5","125737225","125737535","49","115369864"
"chr4","10399048","10399340","chr2","8798514","8798801","38","1600534"
"chr4","10430425","10430723","chr12","9390750","9391052","44","1039675"
"chr4","10435769","10436076","chr22","40339324","40339631","53","29903555"
"chr4","10465855","10466074","chr15","72208540","72208757","31","61742685"
"chr4","10466076","10466277","chr5","91946865","91947069","28","81480789"
"chr4","10477750","10478044","chr2","113442969","113443263","39","102965219"
"chr4","10481890","10482018","chr11","119965151","119965279","19","109483261"
"chr4","10493035","10493338","chr18","29127518","29127823","36","18634483"
"chr4","10494460","10494758","chr9","112248250","112248546","37","101753790"
"chr4","10503180","10503473","chr2","124423693","124423981","44","113920513"
"chr4","10507420","10507630","chr14","103528046","103528254","48","93020626"
"chr4","10507662","10507781","chr5","108582680","108582799","15","98075018"
"chr4","10532976","10533259","chr2","56700759","56701042","41","46167783"
"chr4","10551256","10551564","chr3","180926278","180926587","42","170375022"
"chr4","10572810","10573128","chr2","15676045","15676358","49","5103235"
"chr4","10578580","10578871","chr6","8112473","8112756","48","2466107"
"chr4","10614903","10615195","chr14","83739394","83739686","54","73124491"
"chr4","10717314","10717608","chrUn_GL286373","411643","411933","42","10305671"
"chr4","10735809","10736120","chr13","31331915","31332215","37","20596106"
"chr4","10814985","10815295","chr2","61800729","61801029","48","50985744"
"chr4","10822756","10823038","chrX","17543907","17544194","46","6721151"
"chr4","10878448","10878742","chrUn_GL286420","830290","830588","59","10048158"
"chr4","11087461","11087770","chr3","180339936","180340225","54","169252475"
"chr4","11258404","11258665","chr12","23817264","23817532","63","12558860"
"chr4","11260605","11260787","chr12","24348367","24348543","37","13087762"
"chr4","11261089","11261216","chr2","40803885","40804020","23","29542796"
"chr4","11467690","11467976","chr3","179960795","179961096","51","168493105"
"chr4","11471388","11471649","chr1","166796225","166796486","39","155324837"
"chr4","11539717","11540042","chr11","20789638","20789959","59","9249921"
"chr4","11609544","11609836","chr7","42566346","42566636","50","30956802"
"chr4","11670022","11670314","chr1","163381580","163381871","50","151711558"
"chr4","11778797","11779107","chr4","148852718","148853031","63","137073921"
"chr4","11816761","11817042","chr3","3823081","3823357","55","7993680"
"chr4","11882273","11882577","chr3","179543492","179543805","50","167661219"
"chr4","11917095","11917381","chr9","1932661","1932946","41","9984434"
"chr4","12012636","12012924","chr3","179414771","179415072","53","167402135"
"chr4","12183371","12183665","chr3","179248121","179248426","61","167064750"
"chr4","12540703","12540991","chr4","112421503","112421793","41","99880800"
"chr4","12664811","12665102","chr4","25542330","25542622","42","12877519"
"chr4","12712337","12712657","chr19","26467351","26467655","55","13755014"
"chr4","12732254","12732559","chr2","18780256","18780558","43","6048002"
"chr4","12780265","12780563","chr3","178671476","178671761","49","165891211"
"chr4","12788589","12788891","chr9","39611934","39612234","48","26823345"
"chr4","12948167","12948443","chr22","41649645","41649920","38","28701478"
"chr4","12986689","12986958","chr3","178465694","178465965","39","165479005"
"chr4","13058049","13058355","chr6","17068239","17068542","39","4010190"
"chr4","13073096","13073404","chr5","94532768","94533076","54","81459672"
"chr4","13116781","13117088","chr1","100411075","100411372","50","87294294"
"chr4","13155797","13156091","chr1","145176527","145176816","37","132020730"
"chr4","13232567","13232818","chr22","18049949","18050214","60","4817382"
"chr4","13326232","13326571","chr14","85439538","85439863","63","72113306"
"chr4","13357571","13357852","chr11","15919850","15920134","34","2562279"
"chr4","13549922","13550187","chr3","177851110","177851362","38","164301188"
"chr4","13565424","13565726","chr5","2508969","2509278","47","11056455"
"chr4","13709567","13709854","chr9","13257080","13257364","54","452487"
"chr4","13720125","13720256","chr4","34144507","34144640","19","20424382"
"chr4","13969261","13969562","chr20","39025934","39026238","47","25056673"
"chr4","14033656","14033924","chr6","95508960","95509222","60","81475304"
"chr4","14064185","14064471","chrUn_GL289051","12267","12561","44","14051918"
"chr4","14296754","14297007","chr3","177060462","177060708","41","162763708"
"chr4","14442589","14442888","chr3","176907095","176907393","35","162464506"
"chr4","14591733","14592014","chr7","85358210","85358490","43","70766477"
"chr4","14634429","14634711","chr10","113826954","113827238","38","99192525"
"chr4","14717692","14717999","chr3","106655459","106655766","43","91937767"
"chr4","14828357","14828661","chr5","134608851","134609157","47","119780494"
"chr4","14851202","14851498","chr3","105712582","105712878","47","90861380"
"chr4","14866890","14867199","chr19","25019176","25019485","47","10152286"
"chr4","14919285","14919564","chr8","62590658","62590939","47","47671373"
"chr4","14935885","14936180","chr10","29910934","29911230","40","14975049"
"chr4","14961684","14961961","chr13","54153625","54153901","45","39191941"
"chr4","14997554","14997814","chr3","176350294","176350545","46","161352740"
"chr4","15094474","15094782","chr1","10143237","10143538","59","4951237"
"chr4","15127330","15127629","chr3","176229824","176230120","40","161102494"
"chr4","15170986","15171307","chr4","20278830","20279149","59","5107844"
"chr4","15228955","15229257","chr21","40446927","40447225","39","25217972"
"chr4","15254637","15254939","chr21","36714531","36714832","41","21459894"
"chr4","15318419","15318741","chr11","106664928","106665234","62","91346509"
"chr4","15432399","15432694","chr15","24649508","24649805","46","9217109"
"chr4","15491405","15491703","chr9","99776089","99776389","43","84284684"
"chr4","15573291","15573590","chr10","18062344","18062642","41","2489053"
"chr4","15590732","15591026","chr7","145164494","145164784","55","129573762"
"chr4","15660797","15661090","chr3","175691222","175691514","39","160030425"
"chr4","15708597","15708891","chr20","41732264","41732555","47","26023667"
"chr4","15736339","15736625","chr3","175612795","175613087","43","159876456"
"chr4","15767782","15767914","chr13","54047549","54047676","18","38279767"
"chr4","15769842","15770138","chr4","166282997","166283293","42","150513155"
"chr4","15780827","15781124","chr8","1566381","1566676","53","14214446"
"chr4","15802576","15802844","chr3","175550213","175550497","33","159747637"
"chr4","15873399","15873703","chr2","1330315","1330623","61","14543084"
"chr4","15875335","15875634","chr5","143575904","143576201","46","127700569"
"chr4","15903019","15903318","chr14","83739394","83739686","39","67836375"
"chr4","15973179","15973450","chr14","88368975","88369244","52","72395796"
"chr4","16015408","16015718","chr6","131260221","131260525","46","115244813"
"chr4","16047210","16047503","chr3","175297502","175297786","27","159250292"
"chr4","16053813","16054110","chr5","107592159","107592460","43","91538346"
"chr4","16063316","16063603","chr9","1932661","1932946","41","14130655"
"chr4","16130988","16131347","chr7","40347399","40347734","72","24216411"
"chr4","16154999","16155295","chr10","14603732","14604030","39","1551267"
"chr4","16157071","16157362","chr4","16350054","16350344","32","192983"
"chr4","16451971","16452265","chr4","147076387","147076688","53","130624416"
"chr4","16493536","16493836","chr14","83739394","83739686","43","67245858"
"chr4","16564195","16564392","chr7","79489965","79490156","50","62925770"
"chr4","16644420","16644729","chr7","13017719","13018023","40","3626701"
"chr4","16685767","16686059","chr20","22352633","22352926","46","5666866"
"chr4","16739305","16739590","chr12","106941951","106942238","47","90202646"
"chr4","16743008","16743295","chr4","16350054","16350344","35","392954"
"chr4","16746505","16746796","chr4","53582890","53583177","44","36836385"
"chr4","16789648","16789955","chr5","112343419","112343719","42","95553771"
"chr4","16822523","16822815","chr5","50556024","50556321","43","33733501"
"chr4","16864962","16865270","chr7","145693234","145693534","53","128828272"
"chr4","16962448","16962752","chr6","17068239","17068542","41","105791"
"chr4","17023251","17023548","chr18","5141985","5142278","36","11881266"
"chr4","17079457","17079761","chrUn_GL286451","117883","118189","35","16961574"
"chr4","17097967","17098297","chr8","76827765","76828085","53","59729798"
"chr4","17117489","17117773","chr5","44627321","44627607","48","27509832"
"chr4","17212705","17212992","chr7","44098456","44098741","44","26885751"
"chr4","17261875","17262176","chr2","25253652","25253947","51","7991777"
"chr4","17270633","17270927","chr15","6011216","6011510","38","11259417"
"chr4","17423970","17424280","chr5","40811415","40811717","45","23387445"
"chr4","17429557","17429839","chr1","202394399","202394681","47","184964842"
"chr4","17440519","17440835","chr1","26088103","26088403","50","8647584"
"chr4","17460998","17461161","chrX","106480049","106480214","33","89019051"
"chr4","17461197","17461316","chr2","46994144","46994263","18","29532947"
"chr4","17465718","17465986","chr1","201406146","201406415","43","183940428"
"chr4","17466869","17467178","chr3","174539416","174539726","43","157072547"
"chr4","17487368","17487666","chr9","37569669","37569973","52","20082301"
"chr4","17534908","17535232","chr7","57292095","57292411","57","39757187"
"chr4","17547322","17547633","chr3","173740795","173741099","44","156193473"
"chr4","17548263","17548515","chr7","14985535","14985782","42","2562728"
"chr4","17552836","17553147","chr6","147805528","147805834","43","130252692"
"chr4","17554398","17554708","chr1","137129532","137129843","51","119575134"
"chr4","17564813","17565115","chr18","39712282","39712591","40","22147469"
"chr4","17592814","17593097","chrX","48721748","48722046","43","31128934"
"chr4","17602691","17602981","chr2","10898234","10898528","41","6704457"
"chr4","17617633","17617915","chr3","173688144","173688430","34","156070511"
"chr4","17623119","17623415","chr7","87305539","87305840","43","69682420"
"chr4","17626902","17626963","chr9","42313208","42313258","21","24686306"
"chr4","17627253","17627389","chr8","105529389","105529524","15","87902136"
"chr4","17638865","17639132","chr3","173667156","173667426","42","156028291"
"chr4","17640925","17641228","chr10","98627092","98627395","56","80986167"
"chr4","17648349","17648654","chr21","40323541","40323837","46","22675192"
"chr4","17656392","17656700","chr3","165648344","165648651","49","147991952"
"chr4","17668521","17668835","chr17","28672169","28672473","41","11003648"
"chr4","17688714","17688992","chr10","101732804","101733077","36","84044090"
"chr4","17715193","17715505","chr3","165518689","165518997","42","147803496"
"chr4","17747519","17747639","chr12","28882090","28882210","21","11134571"
"chr4","17747949","17748132","chr4","156579178","156579353","38","138831229"
"chr4","17801137","17801429","chr6","147894727","147895020","37","130093590"
"chr4","17815538","17815823","chr8","111600328","111600614","41","93784790"
"chr4","17892198","17892507","chr16","49478241","49478550","39","31586043"
"chr4","17893800","17894098","chr1","193266464","193266759","35","175372664"
"chr4","17988705","17988992","chrX","17543907","17544194","43","444798"
"chr4","17993212","17993504","chr2","137365843","137366137","40","119372631"
"chr4","18045628","18045924","chr3","94762904","94763199","40","76717276"
"chr4","18049819","18050105","chr7","70755193","70755479","44","52705374"
"chr4","18061485","18061766","chr3","173214764","173215047","45","155153279"
"chr4","18105954","18106263","chr9","103532999","103533309","39","85427045"
"chr4","18261054","18261359","chr14","65532493","65532795","47","47271439"
"chr4","18292408","18292724","chr9","45396887","45397186","84","27104479"
"chr4","18310963","18311274","chr2","114528005","114528309","45","96217042"
"chr4","18473456","18473754","chr5","52498828","52499124","49","34025372"
"chr4","18516017","18516323","chr13","36439491","36439803","54","17923474"
"chr4","18552699","18552771","chr7","80693470","80693543","9","62140771"
"chr4","18680905","18681176","chr4","37824304","37824582","38","19143399"
"chr4","18746825","18747120","chr4","101062052","101062338","63","82315227"
"chr4","18877715","18878023","chr3","172396345","172396657","45","153518630"
"chr4","19031726","19032020","chr14","21202697","21202996","60","2170971"
"chr4","19072707","19072990","chr9","75309029","75309307","37","56236322"
"chr4","19294055","19294301","chr9","106532593","106532842","37","87238538"
"chr4","19469138","19469441","chr3","164697375","164697686","55","145228237"
"chr4","19507285","19507574","chr6","17068239","17068542","51","2439046"
"chr4","19513879","19514173","chr9","115637925","115638221","47","96124046"
"chr4","19530969","19531253","chr12","112544632","112544920","42","93013663"
"chr4","19608965","19609268","chr5","2298333","2298635","45","17310632"
"chr4","19727302","19727578","chr9","39007168","39007436","47","19279866"
"chr4","19735897","19736216","chr5","11618038","11618344","52","8117859"
"chr4","19772117","19772421","chrUn_GL286451","117883","118189","41","19654234"
"chr4","19906728","19907012","chr17","69931558","69931839","37","50024830"
"chr4","19924132","19924420","chr13","12656936","12657224","45","7267196"
"chr4","20014389","20014661","chr1","194227485","194227750","60","174213096"
"chr4","20083501","20083792","chr16","8329094","8329384","49","11754407"
"chr4","20112356","20112625","chr11","75285500","75285777","49","55173144"
"chr4","20242836","20243096","chr10","121023087","121023337","54","100780251"
"chr4","20305591","20305872","chr2","80644634","80644911","36","60339043"
"chr4","20320882","20321128","chr14","83421292","83421547","52","63100410"
"chr4","20501313","20501582","chr13","69727006","69727274","48","49225693"
"chr4","20514360","20514665","chr9","91776812","91777118","45","71262452"
"chr4","20574505","20574811","chr6","17068239","17068542","43","3506266"
"chr4","20584794","20585084","chr11","120918162","120918450","37","100333368"
"chr4","20674368","20674640","chr3","170556638","170556933","52","149882270"
"chr4","20963040","20963355","chr7","106080561","106080866","51","85117521"
"chr4","21043320","21043638","chr15","26045961","26046275","52","5002641"
"chr4","21100269","21100577","chr3","170134902","170135207","39","149034633"
"chr4","21137872","21138138","chr3","6494628","6494898","43","14643244"
"chr4","21151971","21152274","chrX","93623389","93623691","39","72471418"
"chr4","21172027","21172331","chr3","170073504","170073805","36","148901477"
"chr4","21224579","21224886","chr3","106655459","106655766","37","85430880"
"chr4","21264816","21265099","chr2","56700759","56701042","49","35435943"
"chr4","21270707","21271004","chr12","51884744","51885046","47","30614037"
"chr4","21276369","21276504","chr17","52749755","52749887","17","31473386"
"chr4","21365204","21365478","chrX","17243808","17244094","45","4121396"
"chr4","21365533","21365557","chr10","17789322","17789342","5","3576211"
"chr4","21531382","21531676","chr14","83739394","83739686","40","62208012"
"chr4","21558210","21558493","chr3","80959478","80959762","39","59401268"
"chr4","21663940","21664247","chr1","143276088","143276390","46","121612148"
"chr4","21681877","21682192","chrX","47000221","47000539","59","25318344"
"chr4","21693279","21693583","chr1","186704593","186704886","38","165011314"
"chr4","21785309","21785591","chr11","123660063","123660343","37","101874754"
"chr4","21793259","21793557","chr9","110294329","110294627","51","88501070"
"chr4","21830393","21830692","chr3","169411088","169411391","49","147580695"
"chr4","21860129","21860433","chr22","28997304","28997607","34","7137175"
"chr4","21878043","21878375","chr7","80905976","80906275","66","59027933"
"chr4","21896638","21896904","chr5","133080815","133081081","45","111184177"
"chr4","21944262","21944578","chr3","119208858","119209170","51","97264596"
"chr4","22014471","22014590","chr2","46994144","46994263","20","24979673"
"chr4","22118193","22118475","chr15","5476077","5476359","46","16642116"
"chr4","22296834","22297117","chr7","58655269","58655556","41","36358435"
"chr4","22422914","22423232","chr16","1171147","1171451","58","21251767"
"chr4","22424791","22425089","chr15","61219971","61220268","39","38795180"
"chr4","22450265","22450564","chr9","108759085","108759380","39","86308820"
"chr4","22468490","22468782","chr5","38614488","38614784","40","16145998"
"chr4","22484323","22484621","chr10","14603732","14604030","39","7880591"
"chr4","22511885","22512200","chr18","39712282","39712591","46","17200397"
"chr4","22513508","22513812","chr7","79333363","79333665","45","56819855"
"chr4","22620941","22621237","chr5","94234310","94234606","41","71613369"
"chr4","22623508","22623820","chr1","165233820","165234134","46","142610312"
"chr4","22631159","22631443","chr1","168355505","168355788","50","145724346"
"chr4","22702009","22702325","chr11","125799128","125799440","47","103097119"
"chr4","22763512","22763834","chr2","183662984","183663286","64","160899472"
"chr4","23027694","23027943","chr3","168179727","168179962","50","145152033"
"chr4","23131431","23131734","chr20","12401994","12402298","40","10729437"
"chr4","23165124","23165390","chr10","101732804","101733077","41","78567680"
"chr4","23190461","23190749","chr4","11141283","11141584","51","12049178"
"chr4","23267722","23268015","chr15","33764764","33765072","52","10497042"
"chr4","23633491","23633797","chr22","33981676","33981980","40","10348185"
"chr4","23786145","23786432","chr12","52349448","52349741","41","28563303"
"chr4","23833884","23834017","chr2","55575957","55576091","19","31742073"
"chr4","23834308","23834500","chrX","140924921","140925099","40","117090613"
"chr4","23906332","23906630","chr7","148985140","148985448","48","125078808"
"chr4","23936591","23936882","chr1","136029188","136029482","46","112092597"
"chr4","24006052","24006348","chr5","26961498","26961795","42","2955446"
"chr4","24095116","24095423","chr3","167078858","167079160","38","142983742"
"chr4","24113842","24114145","chr15","76198954","76199256","38","52085112"
"chr4","24167738","24168054","chr5","2508969","2509278","56","21658769"
"chr4","24201906","24202177","chr3","166965641","166965912","37","142763735"
"chr4","24206554","24206870","chr13","18393383","18393690","52","5813171"
"chr4","24283998","24284309","chr21","31104707","31105000","53","6820709"
"chr4","24308010","24308321","chr3","166854763","166855068","42","142546753"
"chr4","24399792","24400083","chr2","147684199","147684495","40","123284407"
"chr4","24440520","24440829","chr6","17068239","17068542","47","7372281"
"chr4","24445786","24446091","chr6","135628578","135628888","46","111182792"
"chr4","24476913","24477216","chr6","7892688","7892995","47","16584225"
"chr4","24485489","24485795","chr12","23752803","23753099","50","732686"
"chr4","24499631","24499936","chr20","22923582","22923882","47","1576049"
"chr4","24561869","24562155","chr14","76706016","76706302","53","52144147"
"chr4","24566544","24566846","chr18","40190074","40190371","39","15623530"
"chr4","24573914","24574228","chr4","155895543","155895855","49","131321629"
"chr4","24636519","24636820","chr22","7505061","7505367","47","17131458"
"chr4","24658814","24659106","chr4","150068857","150069148","48","125410043"
"chr4","24661409","24661710","chr7","146273567","146273869","45","121612158"
"chr4","24699769","24700074","chr6","119365724","119366021","47","94665955"
"chr4","24754017","24754311","chr11","82257931","82258225","36","57503914"
"chr4","24828496","24828801","chr7","44446894","44447196","47","19618398"
"chr4","24844491","24844771","chrX","68962815","68963097","39","44118324"
"chr4","25024232","25024524","chr6","149644095","149644385","35","124619863"
"chr4","25081667","25081858","chr2","66795192","66795379","29","41713525"
"chr4","25092676","25092977","chrX","86580996","86581293","40","61488320"
"chr4","25098469","25098774","chr17","28672169","28672473","42","3573700"
"chr4","25109328","25109619","chr22","42069564","42069851","45","16960236"
"chr4","25185072","25185367","chr7","144852576","144852879","44","119667504"
"chr4","25198968","25199266","chr6","119365724","119366021","40","94166756"
"chr4","25205746","25206048","chr3","165907890","165908183","42","140702144"
"chr4","25225831","25226133","chr22","28997304","28997607","39","3771473"
"chr4","25253780","25254059","chr3","188439224","188439516","48","163185444"
"chr4","25258214","25258509","chr5","94234310","94234606","36","68976096"
"chr4","25279200","25279505","chr22","33981676","33981980","37","8702476"
"chr4","25285564","25285842","chr10","1435803","1436086","39","23849761"
"chr4","25295450","25295778","chr11","63112901","63113208","58","37817451"
"chr4","25317430","25317734","chr12","106025067","106025372","45","80707637"
"chr4","25325321","25325557","chr3","165806861","165807110","34","140481540"
"chr4","25335165","25335453","chr12","24025253","24025538","39","1309912"
"chr4","25335479","25335772","chr5","4626496","4626785","47","20708983"
"chr4","25336488","25336784","chr3","165786761","165787056","43","140450273"
"chr4","25369430","25369732","chr3","165752747","165753051","35","140383317"
"chr4","25381307","25381611","chr11","129159216","129159499","71","103777909"
"chr4","25386216","25386509","chr20","27822433","27822727","44","2436217"
"chr4","25395445","25395747","chr4","53071595","53071899","47","27676150"
"chr4","25412506","25412770","chr10","100963554","100963833","57","75551048"
"chr4","25443367","25443671","chr4","15705730","15706030","35","9737637"
"chr4","25444513","25444789","chr9","88723812","88724085","38","63279299"
"chr4","25463475","25463609","chr2","2261829","2261964","17","23201646"
"chr4","25463920","25464097","chr12","24348367","24348543","34","1115553"
"chr4","25472677","25472947","chr8","32901710","32901981","43","7429033"
"chr4","25492249","25492555","chr3","165622035","165622354","50","140129786"
"chr4","25492854","25493164","chr6","17068239","17068542","44","8424615"
"chr4","25500121","25500404","chr7","130035602","130035879","42","104535481"
"chr4","25501432","25501724","chr9","86385112","86385410","45","60883680"
"chr4","25506801","25507098","chr21","46402426","46402721","33","20895625"
"chr4","25522597","25522891","chr5","2298333","2298635","53","23224264"
"chr4","25523718","25524021","chr12","90198453","90198750","51","64674735"
"chr4","25549294","25549587","chr5","94234310","94234606","35","68685016"
"chr4","25551140","25551440","chr3","165565153","165565452","38","140014013"
"chr4","25551819","25552132","chr12","14442646","14442956","52","11109173"
"chr4","25556135","25556425","chr22","10603237","10603529","36","14952898"
"chr4","25556647","25556942","chr5","94234310","94234606","41","68677663"
"chr4","25560065","25560359","chrX","48721748","48722046","41","23161683"
"chr4","25568754","25569061","chr4","78080325","78080632","51","52511571"
"chr4","25574719","25575013","chr13","27271785","27272080","46","1697066"
"chr4","25579028","25579318","chr10","45660121","45660403","53","20081093"
"chr4","25593254","25593535","chr4","34845790","34846071","39","9252536"
"chr4","25594902","25595197","chr15","16231714","16232005","41","9363188"
"chr4","25599911","25600203","chr19","31817790","31818080","46","6217879"
"chr4","25601255","25601551","chr9","115637925","115638221","43","90036670"
"chr4","25605958","25606267","chr1","55290903","55291212","47","29684945"
"chr4","25607085","25607385","chr9","85477449","85477750","37","59870364"
"chr4","25616296","25616596","chr5","26961498","26961795","45","1345202"
"chr4","25618512","25618798","chr5","140667099","140667381","51","115048587"
"chr4","25622137","25622427","chr11","97658809","97659082","65","72036672"
"chr4","25626938","25627231","chr8","110498332","110498633","43","84871394"
"chr4","25635886","25636168","chr3","111736801","111737080","38","86100915"
"chr4","25637963","25638124","chr5","10449496","10449658","27","15188467"
"chr4","25638741","25639052","chr2","63925527","63925835","49","38286786"
"chr4","25640255","25640548","chr1","185551880","185552174","48","159911625"
"chr4","25649966","25650093","chr5","84165148","84165273","25","58515182"
"chr4","25672052","25672284","chr2","15068886","15069110","57","10603166"
"chr4","25679407","25679699","chr3","116821774","116822068","37","91142367"
"chr4","25683893","25684201","chrX","43746780","43747088","54","18062887"
"chr4","25685478","25685789","chr4","144913793","144914100","45","119228315"
"chr4","25690965","25691242","chr12","29333369","29333657","45","3642404"
"chr4","25697108","25697413","chr22","29825053","29825352","42","4127945"
"chr4","25700476","25700780","chr4","21748719","21749015","48","3951757"
"chr4","25704905","25705139","chr15","67831639","67831869","39","42126734"
"chr4","25707140","25707419","chr2","56700759","56701042","39","30993619"
"chr4","25709804","25710106","chr15","17566864","17567166","40","8142940"
"chr4","25711430","25711716","chr1","145176527","145176816","36","119465097"
"chr4","25712223","25712528","chr2","68886400","68886700","36","43174177"
"chr4","25716845","25717153","chr5","2508969","2509278","47","23207876"
"chr4","25725319","25725613","chr15","5688723","5689022","42","20036596"
"chr4","25732758","25733044","chr5","143632006","143632284","50","117899248"
"chr4","25737891","25738187","chr20","12729984","12730279","43","13007907"
"chr4","25744349","25744653","chr22","28997304","28997607","41","3252955"
"chr4","25745113","25745412","chrX","22345096","22345392","42","3400017"
"chr4","25753702","25753983","chr1","70799916","70800202","38","45046214"
"chr4","25761943","25762248","chr13","97340307","97340616","46","71578364"
"chr4","25766157","25766456","chr5","94234310","94234606","44","68468153"
"chr4","25769844","25770140","chr4","12463368","12463662","50","13306476"
"chr4","25772790","25773095","chr19","38640517","38640819","39","12867727"
"chr4","25780840","25781144","chr2","56700759","56701042","60","30919919"
"chr4","25791664","25791927","chr22","27309991","27310258","37","1518327"
"chr4","25796525","25796796","chr3","165242517","165242779","43","139445992"
"chr4","25799077","25799374","chr3","165239622","165239934","42","139440545"
"chr4","25820779","25821026","chr10","7125168","7125422","41","18695611"
"chr4","25836365","25836659","chr13","52270839","52271130","40","26434474"
"chr4","25841021","25841333","chr15","1415638","1415950","44","24425383"
"chr4","25841673","25841966","chr12","29333369","29333657","44","3491696"
"chr4","25848857","25849147","chr5","2546094","2546381","42","23302763"
"chr4","25871739","25872043","chr8","93697187","93697481","45","67825448"
"chr4","25872104","25872411","chr9","91776812","91777118","46","65904708"
"chr4","25896367","25896666","chr7","48086106","48086406","42","22189739"
"chr4","25982713","25982998","chr17","9686942","9687230","41","16295771"
"chr4","25994771","25995084","chr3","165035538","165035843","43","139040767"
"chr4","26008272","26008602","chr1","168595556","168595859","50","142587284"
"chr4","26072318","26072573","chr7","43989282","43989541","38","17916964"
"chr4","26107618","26107912","chr1","21541610","21541902","44","4566008"
"chr4","26109104","26109405","chr2","39017158","39017460","41","12908054"
"chr4","26125517","26125813","chr9","91498490","91498786","33","65372973"
"chr4","26129857","26130160","chr16","71714539","71714845","38","45584682"
"chr4","26173128","26173434","chr3","164847444","164847753","34","138674316"
"chr4","26177294","26177605","chr6","17068239","17068542","45","9109055"
"chr4","26189376","26189678","chr10","22559240","22559536","36","3630136"
"chr4","26192011","26192306","chr5","123533673","123533967","37","97341662"
"chr4","26205591","26205892","chr5","110918761","110919060","39","84713170"
"chr4","26231882","26232191","chr10","90431710","90432016","45","64199828"
"chr4","26234711","26234991","chrX","105924911","105925188","34","79690200"
"chr4","26254675","26254843","chr4","34157283","34157451","35","7902608"
"chr4","26254881","26255001","chr7","131572147","131572266","24","105317266"
"chr4","26269270","26269554","chr16","92089757","92090031","41","65820487"
"chr4","26275993","26276299","chr7","58614178","58614486","37","32338185"
"chr4","26284465","26284761","chr15","42574783","42575081","48","16290318"
"chr4","26294598","26294890","chr5","84826899","84827194","41","58532301"
"chr4","26301796","26302077","chr17","62591086","62591366","41","36289290"
"chr4","26341333","26341642","chr11","115033128","115033436","42","88691795"
"chr4","26388941","26389237","chr3","164620202","164620491","45","138231261"
"chr4","26393374","26393674","chr14","43386246","43386546","49","16992872"
"chr4","26399685","26399966","chr6","47311288","47311574","49","20911603"
"chr4","26486632","26486932","chr8","84523546","84523843","46","58036914"
"chr4","26492899","26493207","chr1","182969072","182969372","51","156476173"
"chr4","26500010","26500142","chr5","125375464","125375593","10","98875454"
"chr4","26500647","26500942","chr4","150005180","150005472","49","123504533"
"chr4","26589031","26589279","chr2","125678259","125678509","39","99089228"
"chr4","26757020","26757314","chr8","93697187","93697481","42","66940167"
"chr4","26761849","26762156","chr8","74128434","74128731","48","47366585"
"chr4","26793443","26793745","chr13","18393383","18393690","43","8400060"
"chr4","26825920","26826224","chr18","8503340","8503640","41","18322580"
"chr4","26908475","26908783","chr6","17068239","17068542","41","9840236"
"chr4","26910240","26910551","chr3","164127959","164128271","52","137217719"
"chr4","26933912","26934208","chrX","46538924","46539220","43","19605012"
"chr4","26976548","26976819","chr3","164070818","164071085","36","137094270"
"chr4","26984360","26984665","chr14","81732110","81732406","43","54747750"
"chr4","27050262","27050547","chr1","145176527","145176816","42","118126265"
"chr4","27051968","27052256","chr17","37986925","37987221","43","10934957"
"chr4","27067271","27067551","chr17","73773109","73773391","54","46705838"
"chr4","27079511","27079814","chr4","10688813","10689119","45","16390698"
"chr4","27105248","27105548","chr6","17068239","17068542","46","10037009"
"chr4","27149239","27149535","chr14","36607162","36607457","38","9457923"
"chr4","27163009","27163306","chr6","17068239","17068542","44","10094770"
"chr4","27181029","27181302","chr6","31709696","31709966","40","4528667"
"chr4","27186364","27186643","chr3","163846417","163846697","40","136660053"
"chr4","27205282","27205573","chr16","32255189","32255474","54","5049907"
"chr4","27265866","27266178","chr5","573277","573579","52","26692589"
"chr4","27342357","27342653","chr10","14603732","14604030","38","12738625"
"chr4","27442944","27443254","chr3","119208858","119209170","38","91765914"
"chr4","27476382","27476693","chr9","99935150","99935455","36","72458768"
"chr4","27527032","27527308","chr2","48151729","48151998","47","20624697"
"chr4","27531935","27532237","chr11","60118744","60119041","49","32586809"
"chr4","27663843","27664170","chr6","147894727","147895020","69","120230884"
"chr4","27784762","27785057","chr4","43053382","43053677","50","15268620"
"chr4","27987970","27988268","chr6","40953046","40953339","58","12965076"
"chr4","28055623","28055907","chr16","19029288","19029570","42","9026335"
"chr4","28074069","28074357","chr15","72515348","72515640","58","44441279"
"chr4","28126192","28126489","chr10","102063693","102063989","45","73937501"
"chr4","28151079","28151344","chr15","5544817","5545089","50","22606262"
"chr4","28199112","28199397","chr1","117520902","117521184","48","89321790"
"chr4","28294351","28294658","chr3","106655459","106655766","46","78361108"
"chr4","28353941","28354240","chrX","86580996","86581293","41","58227055"
"chr4","28393067","28393331","chr2","17003008","17003267","37","11390059"
"chr4","28405879","28406153","chr19","16281211","16281488","43","12124668"
"chr4","28415852","28416171","chr1","203129224","203129528","55","174713372"
"chr4","28445757","28446063","chr11","108993011","108993317","53","80547254"
"chr4","28446107","28446127","chr10","17789322","17789342","5","10656785"
"chr4","28456017","28456325","chr3","108570361","108570666","47","80114344"
"chr4","28643452","28643744","chr4","62011501","62011784","57","33368049"
"chr4","28665001","28665296","chr5","96441121","96441410","41","67776120"
"chr4","28676207","28676501","chr6","147894727","147895020","51","119218520"
"chr4","28729507","28729812","chr5","139446008","139446308","56","110716501"
"chr4","28909943","28910249","chr6","17068239","17068542","53","11841704"
"chr4","29056177","29056480","chr1","138077483","138077787","49","109021306"
"chr4","29062459","29062740","chrX","68962815","68963097","45","39900356"
"chr4","29066443","29066740","chr22","24673181","24673472","48","4393262"
"chr4","29072208","29072514","chr9","42427653","42427954","59","13355445"
"chr4","29101383","29101694","chr5","132911388","132911700","55","103810005"
"chr4","29103084","29103394","chr3","80802077","80802383","47","51698993"
"chr4","29255167","29255434","chr11","109066215","109066483","45","79811048"
"chr4","29620493","29620798","chr2","3823953","3824252","53","25796540"
"chr4","29688982","29689287","chr7","149873242","149873540","53","120184260"
"chr4","29847269","29847575","chr5","83113160","83113466","54","53265891"
"chr4","29894366","29894645","chr1","202394399","202394681","43","172500033"
"chr4","29938913","29939217","chr6","17068239","17068542","49","12870674"
"chr4","29992236","29992526","chr2","56700759","56701042","51","26708523"
"chr4","30025521","30025808","chr9","111461476","111461764","57","81435955"
"chr4","30045822","30046143","chr7","21844210","21844521","57","8201612"
"chr4","30198762","30199047","chr6","156886623","156886893","45","126687861"
"chr4","30208945","30209238","chr4","80709967","80710260","40","50501022"
"chr4","30370918","30371204","chr2","10284179","10284464","44","20086739"
"chr4","30423417","30423703","chr3","166033952","166034235","42","135610535"
"chr4","30492576","30492890","chr12","90734150","90734458","46","60241574"
"chr4","30745850","30746127","chr5","116508981","116509268","39","85763131"
"chr4","30843197","30843493","chrX","93623389","93623691","53","62780192"
"chr4","30955556","30955848","chr2","56700759","56701042","46","25745203"
"chr4","31004428","31004694","chr1","62560464","62560721","47","31556036"
"chr4","31035248","31035552","chr22","28997304","28997607","40","2037944"
"chr4","31036186","31036487","chr8","3713977","3714274","44","27322209"
"chr4","31103329","31103626","chr4","147076387","147076688","50","115973058"
"chr4","31138718","31139003","chr2","121019105","121019394","49","89880387"
"chr4","31175025","31175338","chr9","35014873","35015159","68","3839848"
"chr4","31188833","31189121","chr15","22391678","22391973","52","8797155"
"chr4","31195942","31196234","chr5","130983695","130983982","42","99787753"
"chr4","31303770","31304062","chr9","103172360","103172645","42","71868590"
"chr4","31452836","31453081","chrX","11729705","11729948","42","19723131"
"chr4","31569975","31570183","chr12","60996138","60996343","40","29426163"
"chr4","31585351","31585659","chr4","82226247","82226558","49","50640896"
"chr4","31732149","31732483","chr2","10204558","10204866","71","21527591"
"chr4","31811681","31811966","chr22","42069564","42069851","56","10257883"
"chr4","31913194","31913466","chr14","69098561","69098837","43","37185367"
"chr4","32152061","32152351","chrX","116768272","116768563","55","84616211"
"chr4","32218424","32218658","chr3","158668210","158668438","38","126449786"
"chr4","32225006","32225270","chr5","150182451","150182726","51","117957445"
"chr4","32294809","32295110","chr5","94234310","94234606","49","61939501"
"chr4","32342576","32342873","chr15","41758838","41759130","35","9416262"
"chr4","32555451","32555763","chrX","22706298","22706606","57","9849153"
"chr4","32563702","32564006","chr13","43694410","43694711","40","11130708"
"chr4","32648669","32648971","chr10","90908610","90908909","49","58259941"
"chr4","32668664","32668962","chr5","60529593","60529894","44","27860929"
"chr4","32681606","32681870","chr1","70595284","70595545","49","37913678"
"chr4","32769928","32770245","chr6","132767618","132767935","57","99997690"
"chr4","32821091","32821400","chr5","134608851","134609157","49","101787760"
"chr4","32878889","32879123","chr5","95024651","95024885","44","62145762"
"chr4","32926260","32926507","chr22","11590739","11590987","42","21335521"
"chr4","32942632","32942927","chr5","52498828","52499124","44","19556196"
"chr4","32961304","32961599","chr5","41462429","41462720","41","8501125"
"chr4","33098140","33098415","chrX","105924911","105925188","39","72826771"
"chr4","33212366","33212661","chr7","54017245","54017532","56","20804879"
"chr4","33267066","33267377","chr22","34979749","34980053","49","1712683"
"chr4","33295005","33295215","chr9","62089259","62089469","35","28794254"
"chr4","33407217","33407558","chr10","79269504","79269829","72","45862287"
"chr4","33539536","33539839","chr2","18780256","18780558","43","14759280"
"chr4","33714257","33714565","chr18","10830546","10830857","54","22883711"
"chr4","33774182","33774478","chr3","157088056","157088361","54","123313874"
"chr4","33966366","33966658","chr19","6867541","6867823","46","27098825"
"chr4","34055373","34055549","chr3","85010536","85010708","36","50955163"
"chr4","34055577","34055696","chr5","108582680","108582799","16","74527103"
"chr4","34083185","34083468","chr11","84009937","84010217","43","49926752"
"chr4","34092854","34093126","chr5","127876706","127876979","53","93783852"
"chr4","34214488","34214779","chr8","51974079","51974372","48","17759591"
"chr4","34338744","34339040","chr15","49359997","49360293","43","15021253"
"chr4","34504187","34504478","chr10","102176713","102177004","43","67672526"
"chr4","34596279","34596569","chr1","155212816","155213100","54","120616537"
"chr4","34738710","34739063","chr15","49307368","49307708","73","14568658"
"chr4","34784901","34785201","chr5","94234310","94234606","42","59449409"
"chr4","34793534","34793842","chr3","156099775","156100083","39","121306241"
"chr4","35116208","35116529","chr3","155684440","155684765","70","120568232"
"chr4","35127704","35127975","chr8","97250964","97251235","45","62123260"
"chr4","35245680","35245987","chr3","155547779","155548087","47","120302099"
"chr4","35327427","35327735","chr22","33981676","33981980","43","1345751"
"chr4","35543735","35544009","chr14","14312241","14312515","35","21231494"
"chr4","35625710","35626007","chr7","70418575","70418867","46","34792865"
"chr4","35652157","35652385","chr3","155139484","155139715","36","119487327"
"chr4","35693703","35693998","chr1","192341826","192342114","55","156648123"
"chr4","35854592","35854809","chr5","40755265","40755478","38","4900673"
"chr4","35946746","35947028","chr7","53555498","53555793","44","17608752"
"chr4","35996540","35996803","chr22","5894128","5894395","46","30102412"
"chr4","36105074","36105331","chr3","154682750","154683009","43","118577676"
"chr4","36150364","36150653","chr3","116821774","116822068","39","80671410"
"chr4","36192716","36193016","chr6","17068239","17068542","41","19124477"
"chr4","36231055","36231336","chrUn_GL286838","5758","6037","41","36225297"
"chr4","36231368","36231382","chr5","92524075","92524085","4","56292707"
"chr4","36245153","36245446","chrX","16268147","16268445","51","19977006"
"chr4","36245990","36246299","chr20","26453338","26453637","52","9792652"
"chr4","36248449","36248761","chr9","66342592","66342903","45","30094143"
"chr4","36596485","36596786","chr12","12071873","12072177","37","24524612"
"chr4","36722236","36722538","chr3","154074900","154075188","41","117352664"
"chr4","36846644","36846928","chr10","11436856","11437140","44","25409788"
"chr4","36995850","36996142","chr3","153836081","153836381","37","116840231"
"chr4","37074495","37074793","chr2","18780256","18780558","37","18294239"
"chr4","37160899","37161180","chr22","40424048","40424331","38","3263149"
"chr4","37391922","37392207","chr5","46330077","46330361","40","8938155"
"chr4","37394800","37395104","chr6","40009056","40009364","51","2614256"
"chr4","37480211","37480519","chr5","150153039","150153350","49","112672828"
"chr4","37530290","37530598","chr9","46198853","46199164","46","8668563"
"chr4","37566267","37566560","chr7","5794836","5795118","53","31771431"
"chr4","37566585","37566881","chr10","55872616","55872911","40","18306031"
"chr4","37597769","37598025","chr13","36751036","36751290","32","846733"
"chr4","37599990","37600291","chr9","99776089","99776389","42","62176099"
"chr4","37605481","37605766","chr14","76706016","76706302","49","39100535"
"chr4","37608647","37608930","chr10","47224186","47224467","48","9615539"
"chr4","37626196","37626500","chr3","153209866","153210172","46","115583670"
"chr4","37644426","37644759","chr6","56995807","56996131","55","19351381"
"chr4","37650826","37651076","chrX","46306990","46307242","47","8656164"
"chr4","37704160","37704472","chr15","20018055","20018360","43","17686105"
"chr4","37711112","37711414","chr10","16242233","16242529","44","21468879"
"chr4","37732314","37732607","chr8","75584287","75584580","40","37851973"
"chr4","37738982","37739264","chr10","8026640","8026929","40","29712342"
"chr4","37755295","37755599","chr3","106655459","106655766","51","68900164"
"chr4","37755918","37756225","chr3","2808599","2808903","45","34947319"
"chr4","37765446","37765749","chr5","39910644","39910945","38","2145198"
"chr4","37777154","37777434","chrX","32823900","32824179","56","4953254"
"chr4","37819285","37819602","chr21","35849518","35849828","46","1969767"
"chr4","37824144","37824453","chr13","12060053","12060349","48","25764091"
"chr4","37830912","37831216","chr1","194197069","194197378","48","156366157"
"chr4","37850709","37851009","chr2","31372053","31372354","32","6478656"
"chr4","37893537","37893789","chr3","152948975","152949223","32","115055438"
"chr4","37895434","37895706","chr13","101231461","101231736","45","63336027"
"chr4","37900790","37901095","chr3","106655459","106655766","34","68754669"
"chr4","37906164","37906447","chr2","13271764","13272049","40","24634400"
"chr4","37916789","37917070","chrX","105924911","105925188","42","68008122"
"chr4","37919172","37919484","chr3","152922302","152922596","53","115003130"
"chr4","37947162","37947456","chr14","5921690","5921981","39","32025472"
"chr4","37948345","37948642","chr3","53301137","53301435","44","15352792"
"chr4","37956033","37956317","chr3","152889995","152890277","59","114933962"
"chr4","37956666","37956960","chr7","54017245","54017532","43","16060579"
"chr4","37965768","37966046","chr3","182022692","182022972","41","144056924"
"chr4","37980949","37981242","chr3","152863410","152863699","35","114882461"
"chr4","38022953","38023259","chr6","117795787","117796072","69","79772834"
"chr4","38042255","38042554","chr7","125443365","125443662","38","87401110"
"chr4","38052332","38052633","chr18","8503340","8503640","40","29548992"
"chr4","38063625","38063915","chr7","63783719","63784005","41","25720094"
"chr4","38197715","38198017","chr22","29825053","29825352","38","8372662"
"chr4","38212322","38212627","chr2","7440171","7440473","45","30772151"
"chr4","38225666","38225986","chr3","152614159","152614464","55","114388493"
"chr4","38226587","38226898","chr6","17068239","17068542","41","21158348"
"chr4","38252237","38252530","chr14","5921690","5921981","31","32330547"
"chr4","38271951","38272251","chr12","87290615","87290915","41","49018664"
"chr4","38282099","38282399","chr1","100819915","100820205","48","62537816"
"chr4","38306094","38306410","chr1","175917138","175917449","48","137611044"
"chr4","38321455","38321762","chr14","83739394","83739686","52","45417939"
"chr4","38342216","38342515","chr1","182969072","182969372","39","144626856"
"chr4","38397956","38398265","chr1","82669756","82670065","45","44271800"
"chr4","38473631","38473949","chr3","99048771","99049079","62","60575140"
"chr4","38494938","38495198","chr1","92430422","92430681","34","53935484"
"chr4","38504751","38505059","chr3","80749481","80749786","48","42244730"
"chr4","38539957","38540261","chr5","128544719","128545020","49","90004762"
"chr4","38547788","38547947","chr10","46839294","46839452","25","8291506"
"chr4","38553131","38553428","chr9","101959983","101960281","48","63406852"
"chr4","38597165","38597468","chr3","152239778","152240084","43","113642613"
"chr4","38608348","38608648","chr4","43115700","43116002","38","4507352"
"chr4","38615660","38615968","chr3","152222402","152222711","44","113606742"
"chr4","38625006","38625305","chr12","79143458","79143759","37","40518452"
"chr4","38645242","38645556","chr10","90431710","90432016","45","51786468"
"chr4","38649448","38649746","chr12","107488690","107488986","38","68839242"
"chr4","38650025","38650328","chr22","29624102","29624404","43","9025923"
"chr4","38651222","38651501","chr6","144098416","144098697","54","105447194"
"chr4","38651502","38651636","chr1","172218988","172219121","13","133567486"
"chr4","38651872","38652179","chr5","38171978","38172283","44","479894"
"chr4","38655489","38655783","chr7","22356297","22356598","41","16299192"
"chr4","38656879","38657161","chr19","4188463","4188738","41","34468416"
"chr4","38676159","38676450","chr5","74809771","74810060","35","36133612"
"chr4","38701658","38701933","chr12","117355430","117355709","47","78653772"
"chr4","38719476","38719783","chr3","106655459","106655766","38","67935983"
"chr4","38722189","38722499","chr2","168099119","168099433","44","129376930"
"chr4","38736307","38736605","chr1","168595556","168595859","42","129859249"
"chr4","38741722","38742012","chr1","142801216","142801503","41","104059494"
"chr4","38744540","38744843","chrX","47176701","47177007","49","8432161"
"chr4","38756103","38756397","chr5","94234310","94234606","40","55478207"
"chr4","38757015","38757148","chr1","172218988","172219121","14","133461973"
"chr4","38757149","38757450","chr5","38614488","38614784","42","142661"
"chr4","38764644","38764934","chr4","16350054","16350344","43","22414590"
"chr4","38824793","38825096","chr5","83113160","83113466","41","44288367"
"chr4","38880903","38881215","chr8","93697187","93697481","48","54816284"
"chr4","38911849","38912160","chr6","17068239","17068542","43","21843610"
"chr4","38913395","38913689","chr8","51757576","51757869","49","12844181"
"chr4","38914283","38914593","chr13","97340307","97340616","39","58426024"
"chr4","38919929","38920228","chr12","49321944","49322244","40","10402015"
"chr4","38926458","38926755","chr7","49560480","49560768","41","10634022"
"chr4","38972243","38972550","chr3","106655459","106655766","34","67683216"
"chr4","38976923","38977203","chr15","20770296","20770585","39","18206627"
"chr4","38990831","38991132","chr6","17068239","17068542","39","21922592"
"chr4","39014478","39014775","chr4","104457272","104457564","39","65442794"
"chr4","39027746","39028045","chr1","178591743","178592033","52","139563997"
"chr4","39047137","39047431","chr5","84826899","84827194","38","45779762"
"chr4","39056148","39056400","chr3","151752068","151752327","55","112695920"
"chr4","39059465","39059719","chr17","74612855","74613103","38","35553390"
"chr4","39065356","39065653","chr10","14603732","14604030","31","24461624"
"chr4","39067675","39067982","chr7","53364378","53364681","45","14296703"
"chr4","39080245","39080536","chr18","19758060","19758351","46","19322185"
"chr4","39086902","39087210","chr5","4793924","4794233","38","34292978"
"chr4","39093624","39093917","chr4","16350054","16350344","38","22743570"
"chr4","39097849","39098152","chr17","58504034","58504329","47","19406185"
"chr4","39098260","39098566","chr3","151701701","151702005","30","112603441"
"chr4","39117793","39118089","chr5","133149107","133149395","55","94031314"
"chr4","39132329","39132637","chr10","16060753","16061059","57","23071576"
"chr4","39144402","39144709","chr3","108570361","108570666","45","69425959"
"chr4","39147217","39147522","chr22","33981676","33981980","37","5165541"
"chr4","39150588","39150885","chr10","14603732","14604030","37","24546856"
"chr4","39153526","39153845","chr22","33981676","33981980","54","5171850"
"chr4","39184129","39184435","chr1","78546905","78547207","42","39362776"
"chr4","39208304","39208602","chr5","94234310","94234606","36","55026006"
"chr4","39260328","39260640","chr9","11967801","11968108","39","27292527"
"chr4","39266802","39267105","chr11","124429251","124429550","35","85162449"
"chr4","39270380","39270676","chr10","54952513","54952808","37","15682133"
"chr4","39275058","39275356","chr2","145182124","145182423","39","105907066"
"chr4","39277772","39278067","chr5","26961498","26961795","43","12316274"
"chr4","39294721","39295023","chr7","4675902","4676197","49","34618819"
"chr4","39301599","39301646","chr20","11638990","11639034","9","27662609"
"chr4","39329356","39329587","chr6","147046715","147046946","55","107717359"
"chr4","39329753","39330043","chr4","16350054","16350344","42","22979699"
"chr4","39343032","39343322","chr7","6894852","6895150","39","32448180"
"chr4","39345023","39345316","chr10","81273718","81274013","48","41928695"
"chr4","39360085","39360218","chr14","83343449","83343579","18","43983364"
"chr4","39360580","39360752","chrX","106480049","106480214","31","67119469"
"chr4","39373333","39373450","chr22","29337051","29337167","15","10036282"
"chr4","39374186","39374480","chr14","17569740","17570022","62","21804446"
"chr4","39392249","39392558","chr14","43386246","43386546","41","3993997"
"chr4","39394384","39394679","chr4","15705730","15706030","44","23688654"
"chr4","39394935","39395188","chr9","87395856","87396106","61","48000921"
"chr4","39401580","39401837","chr1","136090691","136090943","46","96689111"
"chr4","39418244","39418537","chr4","159557894","159558189","35","120139650"
"chr4","39418666","39418972","chr3","150580694","150580999","51","111162028"
"chr4","39421468","39421766","chr1","172257719","172258009","50","132836251"
"chr4","39421767","39422045","chr19","6867541","6867823","38","32554226"
"chr4","39422766","39423066","chr14","84427354","84427651","38","45004588"
"chr4","39424627","39424928","chr5","60529593","60529894","40","21104966"
"chr4","39425836","39425971","chr7","144987726","144987861","14","105561890"
"chr4","39426266","39426438","chrX","108352935","108353103","34","68926669"
"chr4","39430594","39430907","chr10","117620910","117621216","48","78190316"
"chr4","39435129","39435417","chr4","16350054","16350344","41","23085075"
"chr4","39446220","39446282","chr2","17939165","17939227","11","21507055"
"chr4","39465669","39465957","chr6","147894727","147895020","45","108429058"
"chr4","39478927","39479213","chr22","10000133","10000424","43","29478794"
"chr4","39482485","39482616","chr5","79519132","79519266","15","40036647"
"chr4","39500649","39500950","chr22","29825053","29825352","40","9675596"
"chr4","39502752","39502913","chr10","29640597","29640756","31","9862155"
"chr4","39503214","39503348","chr12","50418916","50419049","16","10915702"
"chr4","39511711","39512002","chr5","26961498","26961795","38","12550213"
"chr4","39549293","39549572","chr16","61819076","61819365","47","22269783"
"chr4","39550907","39551209","chr15","22401594","22401899","38","17149313"
"chr4","39553060","39553362","chr9","65758722","65759027","36","26205662"
"chr4","39554327","39554627","chr22","29825053","29825352","42","9729274"
"chr4","39558206","39558321","chr12","20214668","20214787","17","19343538"
"chr4","39559228","39559418","chrX","128210614","128210799","38","88651386"
"chr4","39567996","39568295","chr5","94234310","94234606","33","54666314"
"chr4","39575898","39576194","chr14","5921690","5921981","40","33654208"
"chr4","39577431","39577726","chr22","28383777","28384071","40","11193654"
"chr4","39579562","39579866","chr1","184817871","184818171","41","145238309"
"chr4","39584200","39584511","chr11","64363135","64363445","43","24778935"
"chr4","39604256","39604538","chr20","28636143","28636428","44","10968113"
"chr4","39616129","39616434","chr19","26467351","26467655","42","13148778"
"chr4","39622393","39622699","chr22","33981676","33981980","41","5640717"
"chr4","39635891","39636199","chr5","15342496","15342804","39","24293395"
"chr4","39639500","39639781","chr12","11789686","11789970","41","27849814"
"chr4","39647809","39648086","chr5","41236817","41237096","38","1589008"
"chr4","39650699","39651010","chr21","40584762","40585072","39","934063"
"chr4","39657174","39657288","chr5","110632868","110632982","11","70975694"
"chr4","39664237","39664516","chr6","140559350","140559631","39","100895113"
"chr4","39668231","39668521","chr10","83109528","83109819","43","43441297"
"chr4","39675424","39675558","chr7","144987726","144987861","13","105312302"
"chr4","39675912","39676083","chrX","107323132","107323304","32","67647220"
"chr4","39677646","39677910","chrX","18451821","18452083","45","21225825"
"chr4","39695357","39695648","chr9","18829703","18829990","46","20865654"
"chr4","39715395","39715609","chrX","121403920","121404135","38","81688525"
"chr4","39742468","39742749","chr2","10022971","10023252","53","29719497"
"chr4","39758397","39758705","chr13","97340307","97340616","45","57581910"
"chr4","39768854","39769127","chr18","8613194","8613454","58","31155660"
"chr4","39775468","39775761","chr3","151133517","151133812","49","111358049"
"chr4","39796414","39796544","chr3","258844","258974","14","39537570"
"chr4","39805187","39805482","chr5","2298333","2298635","44","37506854"
"chr4","39806318","39806429","chr20","35398218","35398329","11","4408100"
"chr4","39806739","39806942","chr22","28463022","28463224","43","11343717"
"chr4","39822000","39822291","chr17","40274813","40275102","56","452813"
"chr4","39830420","39830724","chr11","111117466","111117768","33","71287046"
"chr4","39834978","39835244","chr3","151082884","151083149","47","111247906"
"chr4","39840779","39841054","chrX","7660708","7660980","44","32180071"
"chr4","39844935","39845217","chr3","151068455","151068738","48","111223520"
"chr4","39865565","39865800","chr3","151043867","151044100","35","111178302"
"chr4","39867411","39867728","chr11","106664928","106665234","54","66797517"
"chr4","39868344","39868628","chr5","2532160","2532447","42","37336184"
"chr4","39869826","39870134","chr3","108570361","108570666","49","68700535"
"chr4","39884981","39885286","chr22","32856560","32856853","65","7028421"
"chr4","39890625","39890910","chr2","55079404","55079690","37","15188779"
"chr4","39892158","39892253","chr6","33353431","33353525","13","6538727"
"chr4","39901258","39901569","chr9","119635418","119635729","43","79734160"
"chr4","39939513","39939826","chr6","17068239","17068542","50","22871274"
"chr4","39943502","39943833","chr1","183250340","183250667","63","143306838"
"chr4","39947172","39947473","chr7","6894852","6895150","54","33052320"
"chr4","39956209","39956509","chr20","22923582","22923882","45","17032627"
"chr4","39967023","39967327","chr4","15705730","15706030","42","24261293"
"chr4","39971469","39971757","chr3","150936987","150937279","45","110965518"
"chr4","39993223","39993346","chr20","388871","388999","21","39604352"
"chr4","39994193","39994503","chr22","28997304","28997607","48","10996889"
"chr4","39995691","39996022","chr13","12881556","12881873","66","27114135"
"chr4","39996034","39996105","chr9","88557124","88557193","9","48561090"
"chr4","40006648","40006956","chr1","168595556","168595859","39","128588908"
"chr4","40009370","40009685","chr1","101977404","101977714","53","61968034"
"chr4","40015718","40015939","chr9","116017064","116017275","39","76001346"
"chr4","40017138","40017273","chr8","70180305","70180440","20","30163167"
"chr4","40017603","40017787","chr7","85958195","85958373","37","45940592"
"chr4","40023296","40023587","chr5","46330077","46330361","52","6306781"
"chr4","40024041","40024338","chr21","40584762","40585072","57","560721"
"chr4","40024933","40025222","chr8","95367702","95367987","44","55342769"
"chr4","40025913","40026218","chr3","108570361","108570666","42","68544448"
"chr4","40026522","40026819","chr22","28997304","28997607","37","11029218"
"chr4","40038250","40038572","chr3","165648344","165648651","47","125610094"
"chr4","40041577","40041821","chr2","13770618","13770862","37","26270959"
"chr4","40047594","40047919","chr1","173962313","173962617","60","133914719"
"chr4","40050121","40050378","chr2","3001287","3001547","53","37048834"
"chr4","40066314","40066619","chr4","1643958","1644258","42","38422356"
"chr4","40069157","40069421","chr10","218629","218896","52","39850528"
"chr4","40072709","40073020","chr11","108948769","108949075","55","68876060"
"chr4","40074094","40074390","chr20","29150900","29151196","44","10923194"
"chr4","40076194","40076483","chr15","68809459","68809748","47","28733265"
"chr4","40077164","40077447","chr2","168985932","168986220","42","128908768"
"chr4","40078943","40079221","chr10","119158195","119158473","51","79079252"
"chr4","40086335","40086634","chr21","32861641","32861942","42","7224694"
"chr4","40089436","40089736","chr13","43694410","43694711","36","3604974"
"chr4","40093416","40093587","chrX","51105865","51106036","29","11012449"
"chr4","40093899","40094044","chr4","43236196","43236331","25","3142297"
"chr4","40094845","40095075","chr2","50522634","50522866","55","10427789"
"chr4","40111622","40111915","chr1","194339217","194339507","41","154227595"
"chr4","40126759","40127054","chr6","6674068","6674361","44","33452691"
"chr4","40128522","40128818","chr5","6629520","6629828","43","33499002"
"chr4","40136396","40136686","chr1","169233439","169233727","42","129097043"
"chr4","40150385","40150688","chr5","38614488","38614784","49","1535897"
"chr4","40151280","40151571","chr3","150745358","150745642","43","110594078"
"chr4","40158516","40158784","chr9","1787661","1787938","58","38370855"
"chr4","40171917","40172214","chr7","23976296","23976583","44","16195621"
"chr4","40174521","40174814","chr8","116726021","116726318","38","76551500"
"chr4","40194241","40194528","chr5","2532160","2532447","40","37662081"
"chr4","40213761","40214056","chr4","105566047","105566339","38","65352286"
"chr4","40230343","40230657","chr2","12754873","12755161","75","27475470"
"chr4","40239597","40239896","chr12","64684421","64684717","36","24444824"
"chr4","40240495","40240806","chr6","17068239","17068542","44","23172256"
"chr4","40273923","40274230","chr8","32508166","32508475","51","7765757"
"chr4","40293705","40293856","chr6","46131573","46131722","19","5837868"
"chr4","40313609","40313906","chr4","156698023","156698319","42","116384414"
"chr4","40324861","40325176","chr2","127659498","127659803","50","87334637"
"chr4","40352228","40352523","chr5","63326522","63326817","37","22974294"
"chr4","40366566","40366691","chr12","40128469","40128589","17","238097"
"chr4","40382043","40382351","chr3","150496107","150496414","39","110114064"
"chr4","40386633","40386933","chr6","17068239","17068542","36","23318394"
"chr4","40387684","40387970","chr4","11116373","11116655","45","29271311"
"chr4","40390944","40391237","chr10","22559240","22559536","39","17831704"
"chr4","40397138","40397270","chr5","154199517","154199649","13","113802379"
"chr4","40413701","40414016","chr5","1878029","1878338","46","38535672"
"chr4","40420184","40420484","chr2","16512830","16513135","37","23907354"
"chr4","40421602","40421900","chr12","20922607","20922906","48","19498995"
"chr4","40435267","40435561","chr1","98572733","98573027","37","58137466"
"chr4","40444670","40444958","chr10","126287645","126287938","37","85842975"
"chr4","40449687","40449981","chr3","150426656","150426954","38","109976969"
"chr4","40457482","40457734","chr3","150418619","150418871","40","109961137"
"chr4","40470739","40471042","chr17","69075766","69076065","41","28605027"
"chr4","40481559","40481851","chr3","150398126","150398416","41","109916567"
"chr4","40486517","40486629","chr18","4441747","4441860","12","36044770"
"chr4","40487292","40487590","chrX","16707913","16708211","49","23779379"
"chr4","40505207","40505506","chr5","127875197","127875486","54","87369990"
"chr4","40510790","40510918","chrX","62934441","62934571","19","22423651"
"chr4","40517145","40517436","chr4","121116021","121116303","43","80598876"
"chr4","40518149","40518474","chr4","4491983","4492295","54","36026166"
"chr4","40522968","40523265","chr7","130262321","130262624","41","89739353"
"chr4","40527105","40527289","chr4","43826691","43826860","44","3299586"
"chr4","40527290","40527436","chr7","43234709","43234853","24","2707419"
"chr4","40527462","40527588","chr9","25032684","25032806","15","15494778"
"chr4","40527589","40527688","chr22","37864550","37864650","19","2663039"
"chr4","40529225","40529543","chr5","94532768","94533076","44","54003543"
"chr4","40538625","40538934","chr20","37760668","37760977","46","2777957"
"chr4","40543512","40543817","chr4","149992499","149992801","41","109448987"
"chr4","40549097","40549391","chr1","168355505","168355788","48","127806408"
"chr4","40551645","40551941","chr6","17068239","17068542","40","23483406"
"chr4","40562462","40562765","chr1","168595556","168595859","47","128033094"
"chr4","40569718","40570011","chr4","16350054","16350344","36","24219664"
"chr4","40571738","40572042","chr13","43694410","43694711","39","3122672"
"chr4","40573461","40573756","chr2","168985932","168986220","54","128412471"
"chr4","40578837","40579137","chr7","79564408","79564709","40","38985571"
"chr4","40589024","40589267","chr17","74612855","74613103","38","34023831"
"chr4","40589403","40589738","chr8","106281938","106282251","58","65692535"
"chr4","40591401","40591720","chr2","858886","859191","55","39732515"
"chr4","40595606","40595925","chr1","13171972","13172286","58","27423634"
"chr4","40597314","40597592","chr21","37270578","37270857","41","3326736"
"chr4","40598973","40599281","chr3","150271879","150272188","45","109672906"
"chr4","40605945","40606226","chr21","40370081","40370362","48","235864"
"chr4","40612250","40612531","chr3","150261141","150261422","51","109648891"
"chr4","40619916","40620220","chr5","19163464","19163772","48","21456452"
"chr4","40622600","40622892","chr8","110447270","110447563","38","69824670"
"chr4","40642727","40643020","chr7","29902292","29902584","44","10740435"
"chr4","40644359","40644670","chr8","89746565","89746876","51","49102206"
"chr4","40645334","40645606","chr12","76367931","76368208","44","35722597"
"chr4","40657572","40657705","chr19","14312085","14312218","16","26345487"
"chr4","40668771","40668989","chr11","120980168","120980385","31","80311397"
"chr4","40693108","40693416","chr7","45352279","45352590","44","4659171"
"chr4","40694565","40694826","chr17","69494220","69494483","50","28799655"
"chr4","40698204","40698497","chr3","142738386","142738676","40","102040182"
"chr4","40699986","40700191","chr7","50139713","50139916","37","9439727"
"chr4","40700667","40700956","chr9","103475047","103475342","49","62774380"
"chr4","40725232","40725501","chr1","75555059","75555337","49","34829827"
"chr4","40730047","40730354","chr3","150133532","150133844","54","109403485"
"chr4","40733203","40733490","chr9","75393089","75393380","46","34659886"
"chr4","40745147","40745443","chr4","168156555","168156848","40","127411408"
"chr4","40773401","40773697","chr3","150099768","150100059","25","109326367"
"chr4","40796087","40796352","chr3","150081543","150081808","30","109285456"
"chr4","40800344","40800639","chr14","10192529","10192821","37","30607815"
"chr4","40819177","40819485","chr3","150052811","150053093","44","109233634"
"chr4","40823921","40824182","chr3","150047389","150047642","44","109223468"
"chr4","40852078","40852371","chr22","29334272","29334570","47","11517806"
"chr4","40861069","40861361","chr1","15402428","15402720","37","25458641"
"chr4","40863611","40863916","chr6","150015439","150015747","40","109151828"
"chr4","40864851","40865157","chr8","74645185","74645493","42","33780334"
"chr4","40866713","40867055","chr18","2778179","2778508","69","38088534"
"chr4","40881524","40881833","chr15","6307477","6307790","39","34574047"
"chr4","40896067","40896360","chr21","32861641","32861942","39","8034426"
"chr4","40897235","40897532","chr4","33510327","33510605","49","7386908"
"chr4","40900455","40900754","chr4","158511095","158511398","40","117610640"
"chr4","40904149","40904428","chr4","155962523","155962803","38","115058374"
"chr4","40928604","40928886","chr11","120138757","120139038","44","79210153"
"chr4","40983582","40983871","chr3","149875427","149875715","41","108891845"
"chr4","41004085","41004218","chr7","80185646","80185776","15","39181561"
"chr4","41030943","41031259","chr22","40503125","40503432","46","527818"
"chr4","41034329","41034624","chr4","168156555","168156848","40","127122226"
"chr4","41087431","41087728","chr3","149764203","149764503","45","108676772"
"chr4","41094576","41094864","chr16","4550065","4550356","40","36544511"
"chr4","41157711","41157996","chr5","1642234","1642514","37","39515477"
"chr4","41166607","41166875","chr3","149685376","149685634","42","108518769"
"chr4","41208269","41208559","chr15","41758838","41759130","37","550569"
"chr4","41211500","41211781","chr4","158153753","158154035","44","116942253"
"chr4","41221565","41221872","chr2","9886138","9886441","45","31335427"
"chr4","41244344","41244661","chr1","108449426","108449742","47","67205082"
"chr4","41262668","41262907","chr4","107488734","107488972","50","66226066"
"chr4","41265297","41265596","chr5","154831379","154831677","44","113566082"
"chr4","41281795","41282103","chr11","14498101","14498408","46","26783694"
"chr4","41300017","41300302","chr18","39906942","39907235","50","1393075"
"chr4","41306058","41306374","chr3","149520386","149520695","54","108214328"
"chr4","41308763","41309010","chrX","117776653","117776896","37","76467890"
"chr4","41327186","41327489","chrUn_GL286887","887","1181","43","41326299"
"chr4","41338030","41338320","chr3","149475375","149475665","32","108137345"
"chr4","41345413","41345686","chr19","4188463","4188738","40","37156950"
"chr4","41392750","41393047","chr14","46527925","46528222","41","5135175"
"chr4","41403300","41403605","chr22","40503125","40503432","39","900175"
"chr4","41422249","41422487","chr3","149392886","149393124","32","107970637"
"chr4","41438361","41438637","chr13","112127107","112127388","53","70688746"
"chr4","41450520","41450823","chr12","51884744","51885046","49","10434224"
"chr4","41463565","41463878","chr3","149345503","149345812","52","107881938"
"chr4","41481850","41482167","chr10","96502122","96502427","51","55020272"
"chr4","41546141","41546438","chr5","26961498","26961795","35","14584643"
"chr4","41595778","41596068","chr3","149210243","149210541","41","107614465"
"chr4","41623476","41623754","chr19","4188463","4188738","35","37435013"
"chr4","41642553","41642878","chr3","21104959","21105285","55","20537594"
"chr4","41649118","41649413","chr5","143023404","143023700","39","101374286"
"chr4","41783052","41783344","chr8","94858581","94858875","34","53075529"
"chr4","41804410","41804701","chr17","42545319","42545613","48","740909"
"chr4","41823423","41823721","chrX","86580996","86581293","36","44757573"
"chr4","41895117","41895419","chr3","2570045","2570343","33","39325072"
"chr4","41911590","41911899","chrX","98649902","98650213","47","56738312"
"chr4","41945689","41946002","chr1","137129532","137129843","42","95183843"
"chr4","42054073","42054375","chr7","47489633","47489927","42","5435560"
"chr4","42096569","42096870","chrX","63101865","63102164","48","21005296"
"chr4","42224001","42224307","chr21","4463035","4463341","45","37760966"
"chr4","42243002","42243297","chr8","93697187","93697481","34","51454185"
"chr4","42269601","42269856","chr22","7541283","7541536","36","34728318"
"chr4","42274313","42274530","chr22","19724113","19724331","46","22550200"
"chr4","42284840","42285158","chr3","64986478","64986781","52","22701638"
"chr4","42298551","42298853","chr4","54721559","54721862","41","12423008"
"chr4","42307717","42308014","chr10","14603732","14604030","29","27703985"
"chr4","42351754","42352044","chr3","50403505","50403786","52","8051751"
"chr4","42385285","42385606","chr3","153217268","153217573","53","110831983"
"chr4","42447179","42447482","chr9","11967801","11968108","47","30479378"
"chr4","42448388","42448697","chr19","19406655","19406965","42","23041733"
"chr4","42478079","42478374","chr3","148318800","148319096","43","105840721"
"chr4","42493921","42494162","chrX","11729705","11729948","33","30764216"
"chr4","42500083","42500365","chr5","31371357","31371639","31","11128726"
"chr4","42507448","42507755","chr14","79103953","79104256","44","36596505"
"chr4","42508130","42508424","chr7","40960117","40960419","55","1548013"
"chr4","42545694","42545973","chr3","111736801","111737080","40","69191107"
"chr4","42601029","42601335","chrX","47176701","47177007","39","4575672"
"chr4","42756956","42757265","chr6","17068239","17068542","45","25688717"
"chr4","43027830","43028124","chr1","39183883","39184174","38","3843947"
"chr4","43177191","43177470","chr3","39170018","39170301","71","4007173"
"chr4","43417873","43418162","chr10","94219386","94219673","40","50801513"
"chr4","43450202","43450537","chr5","133089899","133090219","73","89639697"
"chr4","43530007","43530308","chr9","99204970","99205269","67","55674963"
"chr4","43609789","43610081","chr7","80047681","80047980","42","36437892"
"chr4","43617192","43617492","chrX","69095527","69095826","44","25478335"
"chr4","43665038","43665243","chr10","88460778","88460980","51","44795740"
"chr4","43711193","43711466","chr10","101732804","101733077","52","58021611"
"chr4","43741987","43742298","chr7","57292095","57292411","50","13550108"
"chr4","43761441","43761741","chr1","13954469","13954768","40","29806972"
"chr4","43775028","43775338","chr3","147612548","147612849","51","103837520"
"chr4","43831872","43832173","chr15","49359997","49360293","42","5528125"
"chr4","43833387","43833688","chr3","146949637","146949938","54","103116250"
"chr4","43860280","43860559","chr4","155962523","155962803","40","112102243"
"chr4","43958630","43958866","chr3","146827373","146827608","34","102868743"
"chr4","43985151","43985454","chr17","69075766","69076065","46","25090615"
"chr4","44008565","44008883","chr8","90070086","90070388","57","46061521"
"chr4","44047665","44047941","chr6","35546234","35546509","42","8501431"
"chr4","44129100","44129385","chr6","138675299","138675582","55","94546199"
"chr4","44592290","44592578","chr22","6545552","6545841","41","38046738"
"chr4","44605211","44605507","chr13","40597284","40597579","42","4007927"
"chr4","44982134","44982392","chr15","74385269","74385530","46","29403135"
"chr4","45214159","45214463","chr5","94234310","94234606","56","49020151"
"chr4","45268948","45269207","chr13","86641274","86641532","58","41372326"
"chr4","45311736","45312031","chrX","93058679","93058973","42","47746943"
"chr4","45326141","45326438","chr15","61219971","61220268","52","15893830"
"chr4","45331179","45331472","chr5","89548733","89549028","42","44217554"
"chr4","45537753","45538070","chr3","106655459","106655766","56","61117706"
"chr4","45671215","45671509","chr4","78025419","78025713","52","32354204"
"chr4","45680323","45680627","chrX","97185025","97185330","36","51504702"
"chr4","45735569","45735859","chr7","79228009","79228307","51","33492440"
"chr4","45737207","45737483","chr7","29613587","29613872","53","16123620"
"chr4","45756438","45756741","chr1","191560761","191561063","49","145804323"
"chr4","46008924","46009237","chr2","192738409","192738717","59","146729485"
"chr4","46219799","46220094","chr5","143023404","143023700","46","96803605"
"chr4","46240058","46240360","chr9","2215139","2215442","53","44024919"
"chr4","46311817","46312120","chr21","40446927","40447225","46","5864890"
"chr4","46428331","46428669","chr14","85439538","85439863","58","39011207"
"chr4","46458875","46459185","chr1","82669756","82670065","45","36210881"
"chr4","46509415","46509711","chr21","40446927","40447225","42","6062488"
"chr4","46727954","46728260","chr1","168595556","168595859","40","121867602"
"chr4","46728391","46728687","chr5","94234310","94234606","36","47505919"
"chr4","46766419","46766723","chr14","69766565","69766870","41","23000146"
"chr4","46769450","46769733","chr7","80622327","80622607","59","33852877"
"chr4","46855962","46856258","chr9","18506440","18506733","44","28349522"
"chr4","46858115","46858394","chrX","16683414","16683699","47","30174701"
"chr4","46881481","46881717","chr4","45928096","45928333","55","953385"
"chr4","46990900","46991202","chr7","6894852","6895150","43","40096048"
"chr4","47036580","47036889","chr6","46287559","46287869","53","749021"
"chr4","47051847","47052143","chr20","27822433","27822727","41","19229414"
"chr4","47311116","47311237","chr4","106521719","106521841","14","59210603"
"chr4","47311263","47311433","chr5","92923149","92923319","30","45611886"
"chr4","47337523","47337833","chr6","7892688","7892995","46","39444835"
"chr4","47443819","47443909","chr12","116071997","116072083","11","68628178"
"chr4","47502923","47503231","chr5","94532768","94533076","39","47029845"
"chr4","47574814","47575116","chr1","178778640","178778928","55","131203826"
"chr4","47626994","47627282","chr4","16350054","16350344","43","31276940"
"chr4","47632787","47633081","chr10","126287645","126287938","39","78654858"
"chr4","47645608","47645884","chr15","5008783","5009053","44","42636825"
"chr4","47673079","47673179","chr7","45631412","45631502","26","2041667"
"chr4","47673228","47673391","chr22","2626133","2626298","26","45047095"
"chr4","47732566","47732862","chr5","94234310","94234606","38","46501744"
"chr4","47779185","47779284","chr1","118887978","118888077","12","71108793"
"chr4","47782103","47782414","chr18","29127518","29127823","40","18654585"
"chr4","47909648","47909960","chr10","126696429","126696740","36","78786781"
"chr4","47924803","47925103","chr5","141344953","141345247","50","93420150"
"chr4","47952081","47952368","chrX","40324299","40324586","42","7627782"
"chr4","47961461","47961744","chr6","138743270","138743549","55","90781809"
"chr4","47967021","47967331","chr15","20913964","20914267","42","27053057"
"chr4","47970874","47971114","chr1","164930052","164930295","35","116959178"
"chr4","47971610","47971887","chrX","96547317","96547591","37","48575707"
"chr4","47979039","47979341","chr5","99799393","99799697","47","51820354"
"chr4","47982812","47983103","chr5","3696536","3696829","37","44286276"
"chr4","47986132","47986413","chr3","142790902","142791184","39","94804770"
"chr4","47998498","47998800","chr9","112376113","112376420","45","64377615"
"chr4","48001184","48001474","chr3","142776042","142776333","41","94774858"
"chr4","48006631","48006909","chr8","81489780","81490057","40","33483149"
"chr4","48019023","48019302","chr22","16783004","16783289","50","31236019"
"chr4","48023969","48024256","chr5","64893350","64893634","46","16869381"
"chr4","48031749","48032038","chr10","8026640","8026929","40","40005109"
"chr4","48040265","48040544","chr2","80644634","80644911","36","32604369"
"chr4","48050216","48050522","chr11","42920256","42920567","48","5129960"
"chr4","48070559","48070878","chr13","88836338","88836664","47","40765779"
"chr4","48096509","48096828","chr5","52594842","52595148","49","4498333"
"chr4","48116882","48117187","chr1","168026515","168026818","46","119909633"
"chr4","48126502","48126802","chr3","142657977","142658282","32","94531475"
"chr4","48132668","48132959","chr15","14569992","14570286","35","33562676"
"chr4","48142189","48142480","chr12","52349448","52349741","45","4207259"
"chr4","48151495","48151786","chr5","45608098","45608388","48","2543397"
"chr4","48157521","48157815","chr9","44828899","44829193","45","3328622"
"chr4","48174377","48174679","chr3","142609679","142609976","36","94435302"
"chr4","48182003","48182299","chr22","18116016","18116306","41","30065987"
"chr4","48202284","48202550","chrX","39387728","39387995","38","8814556"
"chr4","48215226","48215513","chr3","92040859","92041146","41","43825633"
"chr4","48227361","48227661","chr1","184817871","184818171","43","136590510"
"chr4","48229507","48229779","chr3","49282539","49282818","49","1053032"
"chr4","48258137","48258440","chr22","28997304","28997607","33","19260833"
"chr4","48262202","48262496","chr14","36994514","36994806","37","11267688"
"chr4","48264642","48264935","chr1","13954469","13954768","39","34310173"
"chr4","48306151","48306455","chrUn_GL286451","117883","118189","41","48188268"
"chr4","48307230","48307468","chrX","140621770","140622005","40","92314540"
"chr4","48323200","48323512","chrX","47176701","47177007","42","1146499"
"chr4","48325145","48325435","chr12","119968427","119968711","47","71643282"
"chr4","48377195","48377478","chr12","78418899","78419186","45","30041704"
"chr4","48390072","48390341","chr7","28543437","28543698","54","19846635"
"chr4","48393091","48393226","chr22","18066713","18066848","13","30326378"
"chr4","48400389","48400700","chr1","137129532","137129843","44","88729143"
"chr4","48437868","48438165","chr3","142314167","142314458","28","93876299"
"chr4","48446123","48446420","chr1","154819691","154819989","39","106373568"
"chr4","48468196","48468491","chrX","37069161","37069459","47","11399035"
"chr4","48472212","48472518","chr9","121748633","121748940","46","73276421"
"chr4","48481244","48481541","chr3","142260301","142260604","49","93779057"
"chr4","48532376","48532679","chr6","40009056","40009364","49","8523320"
"chr4","48583621","48583926","chr15","27958493","27958791","41","20625128"
"chr4","48666080","48666369","chr5","2605040","2605324","42","46061040"
"chr4","48670157","48670435","chr3","142068350","142068616","37","93398193"
"chr4","48688659","48688962","chr22","33981676","33981980","39","14706983"
"chr4","48726400","48726709","chr3","47736656","47736965","36","989744"
"chr4","48742809","48742973","chr10","5461271","5461436","37","43281538"
"chr4","48742999","48743116","chr8","116329949","116330063","15","67586950"
"chr4","48747964","48748255","chr3","142738386","142738676","43","93990422"
"chr4","48782604","48782872","chr22","9886250","9886514","39","38896354"
"chr4","48785849","48786143","chr1","178591743","178592033","43","129805894"
"chr4","48786193","48786465","chrX","90546446","90546718","43","41760253"
"chr4","48794463","48794776","chr1","137129532","137129843","53","88335069"
"chr4","48795377","48795675","chr10","16033492","16033786","41","32761885"
"chr4","48812002","48812312","chr1","137129532","137129843","38","88317530"
"chr4","48825862","48826137","chr22","41649645","41649920","39","7176217"
"chr4","48839154","48839451","chr5","94234310","94234606","37","45395156"
"chr4","48850571","48850874","chrX","16707913","16708211","47","32142658"
"chr4","48871627","48871933","chr3","141875268","141875574","44","93003641"
"chr4","48881768","48882034","chr20","35416531","35416796","42","13465237"
"chr4","48883160","48883450","chr7","42343780","42344070","35","6539380"
"chr4","48885007","48885288","chr19","4188463","4188738","39","44696544"
"chr4","48895732","48896059","chr11","63112901","63113208","55","14217169"
"chr4","48907432","48907743","chrX","47176701","47177007","39","1730731"
"chr4","48929007","48929299","chr3","141824995","141825285","37","92895988"
"chr4","48931987","48932224","chrUn_GL286469","13986","14227","43","48918001"
"chr4","48934259","48934558","chr13","43694410","43694711","45","5239849"
"chr4","48955478","48955752","chrX","68556717","68557005","52","19601239"
"chr4","48962571","48962851","chr13","65530205","65530496","58","16567634"
"chr4","48963643","48963936","chr3","141775317","141775608","37","92811674"
"chr4","48971301","48971611","chr10","117620910","117621216","47","68649609"
"chr4","48977210","48977491","chr7","63783719","63784005","46","14806509"
"chr4","48980452","48980708","chr7","43989282","43989541","38","4991170"
"chr4","49019579","49019879","chr4","3128000","3128295","45","45891579"
"chr4","49168450","49168747","chr10","7007337","7007629","51","42161113"
"chr4","49256477","49256768","chr1","98572733","98573027","45","49316256"
"chr4","49258102","49258382","chrUn_GL288700","6268","6551","37","49251834"
"chr4","49536956","49537236","chrUn_GL288700","6268","6551","37","49530688"
"chr4","49538571","49538862","chr11","15686953","15687243","45","33851618"
"chr4","50475511","50475603","chr13","44351875","44351966","25","6123636"
"chr4","51837895","51838149","chr16","32334557","32334814","47","19503338"
"chr4","51893411","51893721","chr1","200429226","200429529","53","148535815"
"chr4","52005353","52005615","chr9","37592209","37592456","49","14413144"
"chr4","52123476","52123779","chr2","145182124","145182423","51","93058648"
"chr4","52131407","52131689","chr15","5891500","5891782","51","46239907"
"chr4","52146197","52146483","chr2","60680863","60681154","47","8534666"
"chr4","52200932","52201174","chr22","11564919","11565168","39","40636013"
"chr4","52259638","52259899","chr22","13479451","13479712","46","38780187"
"chr4","52262403","52262712","chr7","106080561","106080866","40","53818158"
"chr4","52374427","52374739","chrX","108208214","108208520","49","55833787"
"chr4","52518094","52518396","chr7","125443365","125443662","56","72925271"
"chr4","52580430","52580715","chr5","130983695","130983982","39","78403265"
"chr4","52611605","52611899","chr4","158146980","158147273","37","105535375"
"chr4","52634113","52634226","chr3","107070457","107070566","26","54436344"
"chr4","52634530","52634724","chrX","47514970","47515166","22","5119560"
"chr4","52677785","52678090","chr15","28379421","28379719","44","24298364"
"chr4","52679704","52680007","chr9","15982483","15982780","40","36697221"
"chr4","52692752","52693051","chr3","140816299","140816595","30","88123547"
"chr4","52704992","52705272","chrX","14397583","14397859","47","38307409"
"chr4","52723369","52723677","chr3","106655459","106655766","41","53932090"
"chr4","52737427","52737564","chr7","94914850","94914984","15","42177423"
"chr4","52794525","52794811","chr5","2532160","2532447","40","50262365"
"chr4","52848535","52848851","chr1","198375259","198375567","63","145526724"
"chr4","53004896","53005199","chr6","4245255","4245549","46","48759641"
"chr4","53052940","53053238","chr1","193266464","193266759","41","140213524"
"chr4","53056902","53057161","chr9","113283870","113284125","40","60226968"
"chr4","53119038","53119332","chr1","172257719","172258009","35","119138681"
"chr4","53269745","53270042","chr2","69125669","69125966","48","15855924"
"chr4","53348718","53349004","chr3","140222105","140222381","43","86873387"
"chr4","53358267","53358574","chr6","117795787","117796072","56","64437520"
"chr4","53372595","53372881","chr1","145176527","145176816","42","91803932"
"chr4","53389942","53390239","chrX","14840036","14840328","56","38549906"
"chr4","53398870","53399143","chr2","90417029","90417300","46","37018159"
"chr4","53452320","53452618","chr22","33981676","33981980","42","19470644"
"chr4","53476015","53476315","chr5","26961498","26961795","43","26514517"
"chr4","53520680","53520976","chr4","30880097","30880395","38","22640583"
"chr4","53525203","53525463","chrX","39387728","39387995","48","14137475"
"chr4","53533407","53533699","chr18","21242451","21242743","44","32290956"
"chr4","53540856","53541166","chr19","25591314","25591622","39","27949542"
"chr4","53545803","53546106","chr6","17068239","17068542","41","36477564"
"chr4","53571046","53571317","chrX","63400794","63401071","47","9829748"
"chr4","53574983","53575281","chr6","146378713","146379010","36","92803730"
"chr4","53639750","53640061","chr6","17068239","17068542","44","36571511"
"chr4","53694440","53694690","chr5","55396305","55396561","52","1701865"
"chr4","53758109","53758389","chr9","34310757","34311030","61","19447352"
"chr4","53796078","53796393","chr6","132767618","132767935","41","78971540"
"chr4","53818997","53819293","chr9","1932661","1932946","58","51886336"
"chr4","53843310","53843608","chr3","106655459","106655766","48","52812149"
"chr4","53892631","53892901","chr3","139697699","139697974","27","85805068"
"chr4","53911291","53911581","chr1","145176527","145176816","42","91265236"
"chr4","53921154","53921453","chr6","17068239","17068542","43","36852915"
"chr4","53923334","53923625","chr5","94234310","94234606","38","40310976"
"chr4","53928185","53928511","chr1","156164792","156165101","55","102236607"
"chr4","53937109","53937401","chr9","100523236","100523533","37","46586127"
"chr4","53945259","53945550","chr5","126079965","126080261","40","72134706"
"chr4","53950839","53950982","chrX","90248590","90248732","15","36297751"
"chr4","53958659","53958956","chr5","94234310","94234606","29","40275651"
"chr4","53960402","53960723","chr9","101796262","101796572","49","47835860"
"chr4","53980453","53980730","chr3","139595952","139596226","39","85615499"
"chr4","53985464","53985480","chr9","101806062","101806076","8","47820598"
"chr4","53985481","53985727","chr3","139590987","139591221","34","85605506"
"chr4","53985728","53985826","chr3","187193098","187193189","13","133207370"
"chr4","54026252","54026531","chr3","45152244","45152520","41","8874008"
"chr4","54031612","54031919","chr1","91574966","91575269","41","37543354"
"chr4","54053792","54054086","chr4","36563326","36563622","47","17490466"
"chr4","54078511","54078814","chr13","39885762","39886059","41","14192749"
"chr4","54090200","54090484","chr3","139502191","139502483","36","85411991"
"chr4","54118558","54118862","chr6","17068239","17068542","36","37050319"
"chr4","54126334","54126632","chr5","26961498","26961795","37","27164836"
"chr4","54141011","54141288","chr15","30443573","30443863","54","23697438"
"chr4","54143852","54144142","chr5","25726506","25726796","49","28417346"
"chr4","54145950","54146261","chr7","66105076","66105385","48","11959126"
"chr4","54146459","54146753","chr5","94234310","94234606","36","40087851"
"chr4","54147431","54147804","chr15","86837589","86837930","100","32690158"
"chr4","54151769","54152047","chr3","45152244","45152520","42","8999525"
"chr4","54168594","54168673","chr13","117478034","117478117","14","63309440"
"chr4","54182557","54182868","chr5","128544719","128545020","50","74362162"
"chr4","54187614","54187880","chr19","39001265","39001534","52","15186349"
"chr4","54192182","54192475","chr14","79741265","79741552","42","25549083"
"chr4","54195612","54195915","chr7","10120794","10121094","41","44074818"
"chr4","54201527","54201819","chr10","16033492","16033786","37","38168035"
"chr4","54211884","54212182","chr10","126287645","126287938","41","72075761"
"chr4","54219791","54220048","chr2","17003008","17003267","43","37216783"
"chr4","54253680","54253984","chr5","60529593","60529894","40","6275913"
"chr4","54261933","54262225","chr5","75080426","75080719","50","20818493"
"chr4","54269634","54269951","chr3","139331454","139331772","46","85061820"
"chr4","54286320","54286655","chr17","20019288","20019612","47","34267032"
"chr4","54293426","54293730","chr14","69557130","69557432","40","15263704"
"chr4","54347770","54348058","chr12","111659016","111659310","50","57311246"
"chr4","54364534","54364833","chr6","17068239","17068542","41","37296295"
"chr4","54458374","54458387","chr5","92524075","92524085","4","38065701"
"chr4","54458460","54458745","chr2","56700759","56701042","43","2242299"
"chr4","54461646","54461949","chr9","115637925","115638221","42","61176279"
"chr4","54493550","54493835","chr12","26112515","26112796","57","28381035"
"chr4","54500700","54500986","chr3","42465596","42465883","37","12035104"
"chr4","54519594","54519906","chr11","64363135","64363445","43","9843541"
"chr4","54520450","54520730","chrX","66261069","66261355","61","11740619"
"chr4","54610863","54611147","chr19","27232326","27232608","44","27378537"
"chr4","54625110","54625421","chr2","128453977","128454288","49","73828867"
"chr4","54628986","54629290","chr21","36464719","36465028","60","18164267"
"chr4","54682418","54682729","chr13","18393383","18393690","50","36289035"
"chr4","54780868","54781159","chr6","35546234","35546509","53","19234634"
"chr4","54874798","54875095","chr9","99776089","99776389","37","44901291"
"chr4","54878414","54878724","chr10","94067858","94068168","46","39189444"
"chr4","54919851","54920159","chr2","14670182","14670486","46","40249669"
"chr4","54927981","54928290","chr9","41786898","41787194","51","13141083"
"chr4","54982485","54982799","chr4","159802426","159802722","51","104819941"
"chr4","55039994","55040273","chr20","2035243","2035526","53","53004751"
"chr4","55054092","55054386","chr12","100785810","100786105","33","45731718"
"chr4","55061928","55062221","chr7","32099825","32100120","42","22962103"
"chr4","55073237","55073530","chr3","138502503","138502800","38","83429266"
"chr4","55141385","55141524","chr8","29474193","29474329","22","25667192"
"chr4","55179541","55179810","chr3","138389394","138389647","44","83209853"
"chr4","55282118","55282413","chrX","107036714","107037011","41","51754596"
"chr4","55307411","55307707","chr16","68264055","68264357","41","12956644"
"chr4","55315663","55315973","chr4","15705730","15706030","41","39609933"
"chr4","55349036","55349335","chrX","69095527","69095826","40","13746491"
"chr4","55361200","55361502","chr2","59206808","59207104","50","3845608"
"chr4","55361528","55361811","chr11","5462192","5462471","42","49899336"
"chr4","55364429","55364734","chr9","65758722","65759027","37","10394293"
"chr4","55376229","55376535","chr4","21834214","21834512","43","33542015"
"chr4","55388380","55388689","chr1","181720782","181721082","50","126332402"
"chr4","55388692","55389005","chr8","50068578","50068880","45","5320114"
"chr4","55389102","55389400","chr5","2987934","2988233","36","52401168"
"chr4","55410851","55411151","chr3","138159195","138159493","33","82748344"
"chr4","55413303","55413614","chr6","116696421","116696730","52","61283118"
"chr4","55454333","55454638","chr2","11642004","11642310","44","43812329"
"chr4","55492563","55492869","chr6","17068239","17068542","42","38424324"
"chr4","55510345","55510653","chr3","106655459","106655766","40","51145114"
"chr4","55530494","55530791","chr12","115383799","115384092","44","59853305"
"chr4","55551084","55551355","chr14","17368679","17368957","50","38182405"
"chr4","55556836","55557137","chr14","83739394","83739686","35","28182558"
"chr4","55563400","55563523","chr4","93560016","93560138","16","37996616"
"chr4","55566416","55566728","chr14","69128902","69129202","48","13562486"
"chr4","55573468","55573748","chrUn_GL286838","5758","6037","44","55567710"
"chr4","55589916","55590221","chrX","47176701","47177007","38","8413215"
"chr4","55590505","55590794","chr20","24710965","24711256","43","30879540"
"chr4","55595644","55595939","chr5","26961498","26961795","36","28634146"
"chr4","55604535","55604679","chr2","35956692","35956852","37","19647843"
"chr4","55604705","55604833","chr4","134811517","134811645","19","79206812"
"chr4","55606667","55606977","chr3","106655459","106655766","41","51048792"
"chr4","55663122","55663421","chr22","40879260","40879556","56","14783862"
"chr4","55686344","55686640","chr3","137872991","137873285","31","82186647"
"chr4","55800438","55800748","chr5","38771450","38771759","39","17028988"
"chr4","55897651","55897915","chr4","35578547","35578811","36","20319104"
"chr4","55922113","55922411","chr12","22341026","22341325","37","33581087"
"chr4","55954805","55955097","chr5","65031296","65031585","49","9076491"
"chr4","55988378","55988674","chr20","23248359","23248652","39","32740019"
"chr4","56010068","56010378","chrX","39381632","39381931","46","16628436"
"chr4","56012048","56012355","chr12","52501449","52501758","43","3510599"
"chr4","56025925","56026219","chr13","12591593","12591885","37","43434332"
"chr4","56058121","56058368","chr20","35673131","35673379","41","20384990"
"chr4","56079436","56079747","chr3","137480479","137480794","50","81401043"
"chr4","56081694","56081984","chr4","162252003","162252294","38","106170309"
"chr4","56094419","56094727","chr3","152285812","152286085","66","96191393"
"chr4","56111555","56111817","chr1","169013414","169013682","52","112901859"
"chr4","56144646","56144952","chr8","30954858","30955164","46","25189788"
"chr4","56160186","56160483","chr15","49359997","49360293","44","6800189"
"chr4","56161768","56162029","chrUn_GL286336","9474","9735","32","56152294"
"chr4","56188890","56189203","chr1","10143237","10143538","61","46045653"
"chr4","56222664","56223025","chr9","112380720","112381047","82","56158056"
"chr4","56239011","56239276","chr9","18645261","18645527","36","37593750"
"chr4","56269101","56269401","chr15","49359997","49360293","39","6909104"
"chr4","56303063","56303370","chr18","39712282","39712591","44","16590781"
"chr4","56325930","56326211","chr20","13049275","13049554","37","43276655"
"chr4","56341830","56342137","chr5","78562869","78563170","40","22221039"
"chr4","56352394","56352695","chr7","74618084","74618380","48","18265690"
"chr4","56361130","56361437","chr3","153217268","153217573","45","96856138"
"chr4","56373139","56373442","chr5","94234310","94234606","39","37861171"
"chr4","56374098","56374390","chr11","70228462","70228754","45","13854364"
"chr4","56381289","56381597","chr2","36258162","36258457","47","20123127"
"chr4","56384792","56385081","chr3","137161281","137161573","36","80776489"
"chr4","56385603","56385907","chr3","137160463","137160774","46","80774860"
"chr4","56413152","56413454","chr10","94123570","94123871","47","37710418"
"chr4","56421989","56422286","chr7","47489633","47489927","40","8932356"
"chr4","56438424","56438725","chr5","44482627","44482916","51","11955797"
"chr4","56439231","56439536","chr15","17424364","17424665","42","39014867"
"chr4","56454876","56455161","chr7","130983919","130984208","46","74529043"
"chr4","56470829","56471100","chr15","6320517","6320802","47","50150312"
"chr4","56474533","56474837","chr11","109045369","109045670","65","52570836"
"chr4","56475591","56475665","chr7","79490405","79490480","12","23014814"
"chr4","56480268","56480559","chr5","108405234","108405527","39","51924966"
"chr4","56493591","56493872","chrX","117647054","117647333","35","61153463"
"chr4","56496706","56497002","chr4","158146980","158147273","45","101650274"
"chr4","56501126","56501442","chr9","84109498","84109792","61","27608372"
"chr4","56504884","56505172","chr3","137032013","137032300","32","80527129"
"chr4","56507314","56507614","chr3","137029578","137029882","39","80522264"
"chr4","56510775","56511072","chr5","38861768","38862061","37","17649007"
"chr4","56544009","56544288","chr19","4188463","4188738","42","52355546"
"chr4","56556595","56556887","chr10","85714744","85715033","45","29158149"
"chr4","56556967","56557286","chr5","150153039","150153350","45","93596072"
"chr4","56564134","56564438","chr1","10143237","10143538","41","46420897"
"chr4","56567272","56567442","chr14","21548480","21548645","36","35018792"
"chr4","56567470","56567587","chr21","40462398","40462514","13","16105072"
"chr4","56582991","56583301","chr18","39712282","39712591","38","16870709"
"chr4","56612576","56612866","chr14","83739394","83739686","36","27126818"
"chr4","56614373","56614662","chr15","41758838","41759130","40","14855535"
"chr4","56662458","56662776","chr12","6347784","6348094","50","50314674"
"chr4","56694957","56695266","chr3","136855841","136856148","42","80160884"
"chr4","56724644","56724948","chr15","20770296","20770585","54","35954348"
"chr4","56732626","56732941","chr7","52444945","52445254","54","4287681"
"chr4","56741122","56741262","chr1","173824430","173824570","15","117083308"
"chr4","56747513","56747631","chr8","25829924","25830038","21","30917589"
"chr4","56753654","56753946","chr8","91572601","91572890","38","34818947"
"chr4","56766261","56766572","chr5","116470442","116470744","52","59704181"
"chr4","56769168","56769477","chr17","72455777","72456083","44","15686609"
"chr4","56774944","56775229","chr7","80622327","80622607","49","23847383"
"chr4","56789127","56789423","chr2","77819708","77820002","40","21030581"
"chr4","56798829","56799109","chr1","189468811","189469090","36","132669982"
"chr4","56801182","56801423","chr10","84454291","84454533","33","27653109"
"chr4","56807044","56807362","chrX","47176701","47177007","50","9630343"
"chr4","56823808","56824089","chr3","138159195","138159493","52","81335387"
"chr4","56830893","56831193","chr8","95385992","95386289","46","38555099"
"chr4","56831930","56832238","chr4","106597579","106597886","46","49765649"
"chr4","56833241","56833540","chr15","35418031","35418329","61","21415210"
"chr4","56835471","56835781","chr5","123871201","123871501","51","67035730"
"chr4","56836263","56836567","chr6","17068239","17068542","47","39768024"
"chr4","56837281","56837576","chr15","20770296","20770585","52","36066985"
"chr4","56838474","56838775","chr5","156806467","156806770","38","99967993"
"chr4","56839097","56839211","chr1","180264367","180264482","17","123425270"
"chr4","56839508","56839698","chr5","110901489","110901673","52","54061981"
"chr4","56840154","56840463","chr15","83479661","83479973","42","26639507"
"chr4","56841738","56842048","chr5","124338115","124338421","49","67496377"
"chr4","56848323","56848614","chr11","67036150","67036441","46","10187827"
"chr4","56852838","56853145","chr1","168595556","168595859","43","111742718"
"chr4","56853678","56853913","chr12","19227340","19227576","34","37626338"
"chr4","56868031","56868329","chr17","69075766","69076065","39","12207735"
"chr4","56868716","56868999","chr11","74796328","74796615","44","17927612"
"chr4","56869197","56869492","chr5","63326522","63326817","41","6457325"
"chr4","56870617","56870904","chrUn_GL286456","289294","289579","38","56581323"
"chr4","56894207","56894489","chr4","19754281","19754561","40","37139926"
"chr4","56896145","56896445","chr7","57213096","57213404","50","316951"
"chr4","56902153","56902398","chr6","40493612","40493861","51","16408541"
"chr4","56942118","56942410","chr1","164477981","164478271","47","107535863"
"chr4","56945908","56946160","chr19","17604692","17604936","56","39341216"
"chr4","56950654","56950961","chr2","14206640","14206942","36","42744014"
"chr4","56951592","56951880","chr8","110447270","110447563","39","53495678"
"chr4","56967920","56968217","chr10","22559240","22559536","41","34408680"
"chr4","56969784","56970082","chr1","172257719","172258009","42","115287935"
"chr4","56974370","56974668","chr2","34784635","34784935","39","22189735"
"chr4","56983871","56984164","chr11","44157181","44157481","38","12826690"
"chr4","56987619","56987892","chr4","10516598","10516864","41","46471021"
"chr4","56993022","56993330","chr10","90431710","90432016","42","33438688"
"chr4","57001179","57001460","chrX","63400794","63401071","49","6399615"
"chr4","57004692","57004984","chr4","159116497","159116787","51","102111805"
"chr4","57014194","57014494","chrUn_GL286262","40235","40532","39","56973959"
"chr4","57077278","57077577","chr2","131494666","131494962","46","74417388"
"chr4","57090555","57090867","chr13","43694410","43694711","51","13396145"
"chr4","57111882","57112193","chr5","19163464","19163772","43","37948418"
"chr4","57227260","57227562","chr6","17068239","17068542","41","40159021"
"chr4","57232607","57232896","chr4","12463368","12463662","42","44769239"
"chr4","57234950","57235248","chr14","84845532","84845834","48","27610582"
"chr4","57317029","57317313","chr3","136200240","136200524","40","78883211"
"chr4","57466851","57467153","chr12","22341026","22341325","50","35125825"
"chr4","57506071","57506346","chrUn_GL286838","5758","6037","48","57500313"
"chr4","57584973","57585268","chr22","42088585","42088876","47","15496388"
"chr4","57696926","57697226","chr1","92333049","92333349","41","34636123"
"chr4","57731635","57731942","chr3","135773884","135774193","46","78042249"
"chr4","57759480","57759783","chr2","31372053","31372354","44","26387427"
"chr4","57762213","57762491","chr6","147482228","147482500","58","89720015"
"chr4","57820643","57820911","chr5","100268330","100268601","43","42447687"
"chr4","57909978","57910262","chr3","135591665","135591943","46","77681687"
"chr4","58099379","58099698","chr3","106655459","106655766","50","48556080"
"chr4","58224607","58224925","chr2","127060567","127060875","50","68835960"
"chr4","58246078","58246380","chrX","97185025","97185330","46","38938947"
"chr4","58274535","58274885","chr10","74193581","74193891","80","15919046"
"chr4","58362242","58362511","chrX","107074395","107074658","52","48712153"
"chr4","58409312","58409487","chr6","59361717","59361896","38","952405"
"chr4","58409789","58409904","chr18","4441747","4441860","15","53968042"
"chr4","58442963","58443257","chr3","135081625","135081921","37","76638662"
"chr4","58473666","58473989","chr11","20789638","20789959","56","37684028"
"chr4","58507047","58507318","chr7","25763944","25764222","62","32743103"
"chr4","58763953","58764207","chr21","35780861","35781111","37","22983092"
"chr4","58793315","58793626","chr2","14723039","14723343","52","44070276"
"chr4","58813321","58813626","chr3","134728183","134728486","47","75914862"
"chr4","58818758","58819043","chr10","16974737","16975008","66","41844021"
"chr4","58969829","58970136","chr6","17068239","17068542","39","41901590"
"chr4","59038930","59039237","chr22","32581263","32581567","53","26457667"
"chr4","59085491","59085797","chr11","75298799","75299105","42","16213308"
"chr4","59167283","59167581","chr19","26467351","26467655","48","32699932"
"chr4","59371726","59372022","chrX","47160994","47161288","53","12210732"
"chr4","59404442","59404725","chr7","100745740","100746024","55","41341298"
"chr4","59594973","59595305","chr9","98029843","98030162","75","38434870"
"chr4","59597019","59597328","chr9","85779282","85779593","44","26182263"
"chr4","59601077","59601160","chr2","171597265","171597348","15","111996188"
"chr4","59794838","59795137","chr22","33925235","33925530","46","25869603"
"chr4","59928171","59928482","chr1","141439713","141440021","56","81511542"
"chr4","59966004","59966272","chr6","23045190","23045457","50","36920814"
"chr4","59979911","59980211","chr22","29825053","29825352","36","30154858"
"chr4","60035570","60035883","chr12","87913370","87913678","63","27877800"
"chr4","60183731","60184004","chr2","80644634","80644911","39","20460903"
"chr4","60358855","60359164","chr6","106862679","106862987","43","46503824"
"chr4","60387076","60387324","chr3","133330672","133330908","46","72943596"
"chr4","60392989","60393273","chr8","81232672","81232960","51","20839683"
"chr4","60440501","60440812","chr5","150153039","150153350","41","89712538"
"chr4","60471159","60471455","chr4","168156555","168156848","41","107685396"
"chr4","60479788","60480076","chr4","16350054","16350344","36","44129734"
"chr4","60681920","60682187","chrUn_GL286397","204143","204413","43","60477777"
"chr4","60807230","60807511","chr9","91631988","91632270","48","30824758"
"chr4","60988498","60988806","chr3","132740501","132740807","46","71752003"
"chr4","61009758","61010062","chrX","45981223","45981523","47","15028535"
"chr4","61059292","61059611","chr7","53651921","53652230","53","7407371"
"chr4","61161393","61161670","chr2","94047821","94048101","41","32886428"
"chr4","61206700","61206985","chr4","160036884","160037168","41","98830184"
"chr4","61278493","61278805","chr3","108570361","108570666","46","47291868"
"chr4","61317894","61318221","chr3","132404837","132405173","49","71086943"
"chr4","61337981","61338290","chr9","20806439","20806737","54","40531542"
"chr4","61362019","61362302","chr3","132357824","132358105","43","70995805"
"chr4","61540268","61540575","chr2","13687630","13687935","49","47852638"
"chr4","61554206","61554495","chr6","61254524","61254812","38","299682"
"chr4","61613463","61613738","chr8","11501957","11502233","44","50111506"
"chr4","61637482","61637757","chr2","69001988","69002268","43","7364506"
"chr4","61798634","61798914","chr9","88506482","88506766","52","26707848"
"chr4","61884995","61885195","chr2","13453983","13454181","31","48431012"
"chr4","61916692","61916978","chr1","189468811","189469090","40","127552119"
"chr4","61993282","61993590","chr22","31767114","31767422","47","30226168"
"chr4","62057669","62057973","chr3","131687614","131687912","44","69629945"
"chr4","62178181","62178479","chr11","76131606","76131904","49","13953425"
"chr4","62205124","62205409","chr9","1932661","1932946","39","60272463"
"chr4","62215093","62215384","chr4","38209077","38209362","49","24006016"
"chr4","62216897","62217201","chr10","98627092","98627395","44","36410195"
"chr4","62273970","62274277","chr6","43666330","43666629","50","18607640"
"chr4","62291137","62291441","chr20","22923582","22923882","44","39367555"
"chr4","62330444","62330699","chr14","59202610","59202867","39","3127834"
"chr4","62441939","62442231","chr6","149299474","149299765","43","86857535"
"chr4","62451512","62451802","chr15","41758838","41759130","37","20692674"
"chr4","62512909","62513236","chr3","21104959","21105285","54","41407950"
"chr4","62623218","62623532","chr18","9863619","9863928","55","52759599"
"chr4","62692793","62693099","chr1","55290903","55291212","45","7401890"
"chr4","62874760","62875043","chr3","39069151","39069431","48","23805609"
"chr4","63045668","63045952","chr19","13533653","13533938","50","49512015"
"chr4","63129705","63130027","chr8","121793311","121793624","55","58663606"
"chr4","63140949","63141246","chr8","117054920","117055214","51","53913971"
"chr4","63234284","63234589","chr9","99776089","99776389","42","36541805"
"chr4","63581545","63581610","chr20","27026880","27026946","5","36554665"
"chr4","63597646","63597927","chr11","97727292","97727572","43","34129646"
"chr4","63745827","63746156","chr5","128080562","128080880","55","64334735"
"chr4","63843437","63843689","chr11","9295642","9295895","52","54547795"
"chr4","63878759","63879077","chr9","102725942","102726249","53","38847183"
"chr4","64085245","64085564","chr22","13872106","13872416","55","50213139"
"chr4","64212609","64212894","chr12","80681169","80681455","40","16468560"
"chr4","64293998","64294286","chr18","4009184","4009472","37","60284814"
"chr4","64434791","64435103","chr7","32003277","32003587","48","32431514"
"chr4","64662327","64662615","chr15","17454901","17455184","59","47207426"
"chr4","64680497","64680782","chr3","129337693","129337972","50","64657196"
"chr4","64693794","64694106","chr14","105713744","105714051","44","41019950"
"chr4","64837437","64837729","chr10","131446727","131447016","47","66609290"
"chr4","64963546","64963826","chr7","80101657","80101936","44","15138111"
"chr4","65009914","65010184","chr12","17597171","17597452","49","47412743"
"chr4","65044798","65045079","chr3","111736801","111737080","38","46692003"
"chr4","65059672","65059982","chrX","107894156","107894464","57","42834484"
"chr4","65166479","65166774","chr3","128868461","128868757","38","63701982"
"chr4","65176266","65176577","chr20","41044046","41044357","41","24132220"
"chr4","65448366","65448652","chr9","1932661","1932946","39","63515705"
"chr4","65749153","65749446","chr6","17098595","17098886","43","48650558"
"chr4","66042662","66042951","chr20","2139834","2140122","59","63902828"
"chr4","66159042","66159334","chr1","169523974","169524270","45","103364932"
"chr4","66564357","66564665","chr20","35366546","35366853","47","31197811"
"chr4","66618878","66619173","chrUn_GL286478","1073","1371","38","66617805"
"chr4","66652984","66653276","chr10","126287645","126287938","38","59634661"
"chr4","66656883","66657213","chrX","34517534","34517872","68","32139349"
"chr4","66720796","66721101","chr1","168595556","168595859","42","101874760"
"chr4","66746796","66747082","chr9","1932661","1932946","43","64814135"
"chr4","66778385","66778695","chr2","94274126","94274432","51","27495741"
"chr4","66780346","66780650","chr3","127233567","127233876","36","60453221"
"chr4","66933637","66933951","chr3","178036973","178037282","46","111103336"
"chr4","66936595","66936868","chr7","80101657","80101936","39","13165062"
"chr4","66960285","66960594","chr7","66105076","66105385","43","855209"
"chr4","66986510","66986767","chr12","117300504","117300763","36","50313994"
"chr4","67012879","67013191","chr18","39712282","39712591","47","27300597"
"chr4","67195190","67195481","chr3","126801285","126801595","55","59606095"
"chr4","67205356","67205645","chr1","201839779","201840070","43","134634423"
"chr4","67501027","67501334","chrX","60134051","60134357","44","7366976"
"chr4","67517169","67517460","chr12","29333369","29333657","43","38183800"
"chr4","67529317","67529624","chr2","10406818","10407122","43","57122499"
"chr4","67551089","67551357","chr4","163464650","163464911","71","95913561"
"chr4","67554357","67554639","chr6","19297176","19297455","49","48257181"
"chr4","67564665","67564935","chr9","39007168","39007436","42","28557497"
"chr4","67566688","67566995","chr2","125896010","125896306","51","58329322"
"chr4","67577640","67577948","chrX","127290140","127290448","42","59712500"
"chr4","67578831","67579153","chr3","138159195","138159493","53","70580364"
"chr4","67579874","67580153","chr10","126901235","126901521","43","59321361"
"chr4","67599630","67599940","chr2","168099119","168099433","40","100499489"
"chr4","67669948","67670243","chr10","128368193","128368490","54","60698245"
"chr4","67697000","67697301","chr2","152226173","152226473","50","84529173"
"chr4","67732460","67732758","chr5","110918761","110919060","36","43186301"
"chr4","67787847","67788132","chr13","68600472","68600753","43","812625"
"chr4","67902490","67902803","chr20","3311458","3311772","56","64591032"
"chr4","67949579","67949864","chr1","70799916","70800202","46","2850337"
"chr4","67961454","67961812","chr12","1551146","1551485","73","66410308"
"chr4","67979071","67979364","chr2","10593959","10594242","53","57385112"
"chr4","68048750","68049023","chr1","102458184","102458457","46","34409434"
"chr4","68057003","68057301","chr22","7822716","7823014","38","60234287"
"chr4","68091800","68092085","chr3","80959478","80959762","41","12867678"
"chr4","68138375","68138684","chr22","15341421","15341725","44","52796954"
"chr4","68182903","68183196","chrUn_GL286262","40235","40532","49","68142668"
"chr4","68230522","68230818","chr5","94234310","94234606","38","26003788"
"chr4","68238443","68238754","chr7","69728977","69729277","53","1490534"
"chr4","68242559","68242866","chr12","7765758","7766060","58","60476801"
"chr4","68244343","68244552","chr22","4284952","4285161","28","63959391"
"chr4","68275659","68275927","chr3","125792725","125792997","36","57517066"
"chr4","68323446","68323583","chr3","125731286","125731420","13","57407840"
"chr4","68356755","68357042","chr5","94234310","94234606","38","25877555"
"chr4","68358343","68358618","chr4","34845790","34846071","47","33512553"
"chr4","68374774","68375082","chr22","33981676","33981980","41","34393098"
"chr4","68375083","68375219","chr1","172218988","172219121","17","103843905"
"chr4","68381609","68381919","chr10","90431710","90432016","41","22050101"
"chr4","68393859","68394163","chr5","36342260","36342561","48","32051599"
"chr4","68405499","68405807","chr9","11967801","11968108","37","56437698"
"chr4","68440389","68440676","chr15","8178371","8178644","54","60262018"
"chr4","68462295","68462599","chr4","34145349","34145654","46","34316946"
"chr4","68463305","68463600","chr11","14702691","14702988","45","53760614"
"chr4","68478452","68478754","chr7","52547757","52548059","45","15930695"
"chr4","68710753","68711030","chr7","96194147","96194420","37","27483394"
"chr4","68779502","68779811","chr3","106655459","106655766","61","37875957"
"chr4","68792210","68792512","chr7","6260632","6260934","65","62531578"
"chr4","68835095","68835273","chr2","125879517","125879691","30","57044422"
"chr4","69028645","69028891","chr8","59430259","59430503","47","9598386"
"chr4","69255533","69255821","chr1","71569629","71569908","66","2314096"
"chr4","69362890","69363181","chr6","149644095","149644385","63","80281205"
"chr4","69434228","69434520","chr5","84826899","84827194","42","15392671"
"chr4","69584479","69584764","chr4","36904943","36905240","62","32679536"
"chr4","69773985","69774273","chrX","107535339","107535621","51","37761354"
"chr4","69943205","69943468","chr6","95508960","95509222","45","25565755"
"chr4","70379325","70379629","chr15","5591232","5591530","52","64788093"
"chr4","70385992","70386300","chr6","58786522","58786831","45","11599470"
"chr4","70497949","70498246","chr7","103328929","103329224","34","32830980"
"chr4","70503874","70504176","chr10","22559240","22559536","40","47944634"
"chr4","70521098","70521408","chr5","15342496","15342804","45","55178602"
"chr4","70521695","70521923","chr12","73997445","73997671","37","3475750"
"chr4","70531517","70531811","chr10","55872616","55872911","43","14658901"
"chr4","70535492","70535786","chr22","16786440","16786733","41","53749052"
"chr4","70547656","70547971","chr3","124163613","124163913","47","53615957"
"chr4","70580647","70580935","chr14","83739394","83739686","47","13158747"
"chr4","70589137","70589439","chr7","10120794","10121094","43","60468343"
"chr4","70596009","70596301","chr1","143276088","143276390","45","72680079"
"chr4","70611203","70611505","chr1","184817871","184818171","33","114206668"
"chr4","70617336","70617569","chr3","3310239","3310475","35","67307097"
"chr4","70636353","70636486","chr2","55575957","55576091","14","15060396"
"chr4","70639307","70639611","chr4","35456588","35456885","41","35182719"
"chr4","70647164","70647476","chr9","38076263","38076572","47","32570901"
"chr4","70659268","70659579","chr8","32508166","32508475","44","38151102"
"chr4","70663217","70663491","chrX","90546446","90546718","42","19883229"
"chr4","70676067","70676369","chr6","43666330","43666629","40","27009737"
"chr4","70676812","70677107","chr14","5921690","5921981","42","64755122"
"chr4","70678044","70678331","chr22","30202132","30202421","37","40475912"
"chr4","70679982","70680286","chr3","124016936","124017224","36","53336954"
"chr4","70680621","70680874","chr13","90135421","90135672","48","19454800"
"chr4","70690811","70691115","chr3","2808599","2808903","40","67882212"
"chr4","70693886","70694163","chr3","124002399","124002687","52","53308513"
"chr4","70700280","70700621","chr3","106655459","106655766","67","35955179"
"chr4","70708167","70708460","chr3","123987791","123988094","47","53279624"
"chr4","70710781","70711091","chr2","162172264","162172572","38","91461483"
"chr4","70715300","70715613","chr13","18393383","18393690","53","52321917"
"chr4","70716145","70716445","chr12","79143458","79143759","45","8427313"
"chr4","70729258","70729551","chr22","16786440","16786733","42","53942818"
"chr4","70737677","70737972","chr5","26961498","26961795","36","43776179"
"chr4","70743071","70743371","chr3","123949904","123950197","34","53206833"
"chr4","70745804","70746059","chr1","141368780","141369029","50","70622976"
"chr4","70751945","70752080","chr20","22715714","22715849","14","48036231"
"chr4","70766246","70766541","chr14","82565030","82565329","44","11798784"
"chr4","70767686","70767978","chr3","137032013","137032300","28","66264327"
"chr4","70777950","70778262","chr6","17068239","17068542","49","53709711"
"chr4","70782631","70782928","chr2","19920919","19921219","43","50861712"
"chr4","70784202","70784501","chr3","123910184","123910483","32","53125982"
"chr4","70799258","70799393","chr9","108745130","108745264","15","37945872"
"chr4","70799394","70799709","chr5","120937431","120937727","62","50138037"
"chr4","70813617","70813907","chr11","61683952","61684244","48","9129665"
"chr4","70818031","70818281","chr1","77823170","77823415","46","7005139"
"chr4","70825653","70825939","chr5","125087999","125088290","45","54262346"
"chr4","70827503","70827790","chr22","11474384","11474680","45","59353119"
"chr4","70830542","70830834","chrX","118749545","118749828","47","47919003"
"chr4","70843796","70844091","chr2","27288317","27288611","37","43555479"
"chr4","70846107","70846407","chr4","21718170","21718470","41","49127937"
"chr4","70847823","70848123","chr15","62023732","62024026","54","8824091"
"chr4","70851764","70851861","chr8","94213670","94213767","15","23361906"
"chr4","70856305","70856604","chr3","150406648","150406939","43","79550343"
"chr4","70866998","70867304","chrX","51320913","51321212","53","19546085"
"chr4","70869758","70870070","chr7","102737006","102737318","37","31867248"
"chr4","70875563","70875859","chr5","114164972","114165268","44","43289409"
"chr4","70881318","70881620","chr22","38663189","38663492","37","32218129"
"chr4","70884972","70885268","chr7","80047681","80047980","44","9162709"
"chr4","70888059","70888325","chr17","21071594","21071862","45","49816465"
"chr4","70897188","70897486","chr5","116115777","116116067","37","45218589"
"chr4","70903972","70904282","chr2","171330283","171330586","43","100426311"
"chr4","70929171","70929472","chr5","134608851","134609157","51","63679680"
"chr4","70934081","70934385","chr15","17566864","17567166","38","53367217"
"chr4","70953661","70953966","chr6","17068239","17068542","43","53885422"
"chr4","70954756","70955085","chr10","16033492","16033786","61","54921264"
"chr4","70962717","70963025","chr18","8503340","8503640","46","62459377"
"chr4","70972206","70972513","chr3","106655459","106655766","40","35683253"
"chr4","70974167","70974403","chr10","84454291","84454533","30","13480124"
"chr4","70975902","70976173","chrX","106164799","106165070","44","35188897"
"chr4","70985512","70985819","chr3","106655459","106655766","40","35669947"
"chr4","71010937","71011227","chr13","95665824","95666115","43","24654887"
"chr4","71028601","71028759","chr9","43291243","43291387","35","27737358"
"chr4","71029057","71029193","chr12","73266739","73266868","17","2237682"
"chr4","71041880","71042178","chr4","15705730","15706030","40","55336150"
"chr4","71043022","71043317","chr12","22817671","22817967","42","48225351"
"chr4","71078809","71079118","chr3","106655459","106655766","39","35576650"
"chr4","71093158","71093459","chr12","26516810","26517112","43","44576348"
"chr4","71107343","71107647","chr3","93990955","93991253","48","22883612"
"chr4","71109529","71109841","chr3","123601035","123601345","52","52491506"
"chr4","71111693","71111996","chr7","32099825","32100120","40","39011868"
"chr4","71151779","71152030","chr2","39261925","39262177","53","31889854"
"chr4","71159363","71159662","chr4","26580763","26581063","48","44578600"
"chr4","71215898","71216207","chr1","194197069","194197378","46","122981171"
"chr4","71234431","71234733","chr3","123484210","123484505","44","52249779"
"chr4","71249607","71249897","chr6","32193420","32193701","43","39056187"
"chr4","71297586","71297887","chr5","2298333","2298635","42","68999253"
"chr4","71351574","71351708","chr4","38241259","38241391","17","33110315"
"chr4","71501965","71502260","chr10","29910934","29911230","48","41591031"
"chr4","71519647","71519949","chr5","48331120","48331417","51","23188527"
"chr4","71577558","71577872","chr5","4886859","4887174","46","66690699"
"chr4","71627400","71627705","chr2","31372053","31372354","49","40255347"
"chr4","71670371","71670677","chr2","154533489","154533792","51","82863118"
"chr4","71832636","71832931","chr15","28163057","28163342","47","43669579"
"chr4","71866809","71867111","chr1","183989658","183989958","47","112122849"
"chr4","72512194","72512500","chr5","80700303","80700590","51","8188109"
"chr4","72573634","72573926","chr20","27822433","27822727","38","44751201"
"chr4","72577530","72577808","chr4","159280446","159280729","43","86702916"
"chr4","72581016","72581308","chr7","74618084","74618380","45","2037068"
"chr4","72995291","72995580","chr5","154020351","154020637","48","81025060"
"chr4","73022236","73022539","chr22","28997304","28997607","39","44024932"
"chr4","73031925","73032234","chr13","39885762","39886059","49","33146163"
"chr4","73049478","73049778","chr5","2761683","2761975","46","70287795"
"chr4","73050789","73051034","chr3","121654868","121655109","34","48604079"
"chr4","73056840","73057144","chrX","47176701","47177007","38","25880139"
"chr4","73057146","73057437","chr1","107540372","107540664","40","34483226"
"chr4","73077968","73078096","chr16","77000001","77000126","15","3922033"
"chr4","73078389","73078560","chrX","106480049","106480214","28","33401660"
"chr4","73094889","73095189","chr14","83739394","83739686","42","10644505"
"chr4","73101387","73101681","chr9","59465413","59465706","49","13635974"
"chr4","73223970","73224253","chr3","121488881","121489161","43","48264911"
"chr4","73232730","73233022","chr3","142738386","142738676","40","69505656"
"chr4","73267537","73267822","chr9","1932661","1932946","47","71334876"
"chr4","73304378","73304674","chr7","70755193","70755479","55","2549185"
"chr4","73522603","73522901","chr3","121150997","121151295","43","47628394"
"chr4","73530512","73530833","chr4","20278830","20279149","51","53251682"
"chr4","73578657","73578910","chr10","43105436","43105687","37","30473221"
"chr4","73961129","73961456","chr9","98029843","98030162","53","24068714"
"chr4","74183384","74183653","chr15","5544817","5545089","43","68638567"
"chr4","74237367","74237627","chr4","153251075","153251339","49","79013708"
"chr4","74256216","74256412","chr3","120491111","120491305","27","46234895"
"chr4","74274016","74274151","chr17","52749755","52749887","16","21524261"
"chr4","74287466","74287752","chr12","10181011","10181298","39","64106455"
"chr4","74337358","74337651","chr11","110918476","110918768","47","36581118"
"chr4","74382023","74382333","chr4","110258522","110258827","52","35876499"
"chr4","74432078","74432349","chr4","25411160","25411441","45","49020918"
"chr4","74574037","74574308","chr19","16281211","16281488","44","58292826"
"chr4","74576261","74576532","chr13","83697230","83697496","54","9120969"
"chr4","74589206","74589488","chr7","49198311","49198593","60","25390895"
"chr4","74592653","74592961","chr14","13200339","13200640","49","61392314"
"chr4","74659430","74659719","chr5","2532160","2532447","39","72127270"
"chr4","74994527","74994798","chr12","23481703","23481980","46","51512824"
"chr4","75322183","75322491","chr5","41190460","41190769","48","34131723"
"chr4","75397122","75397431","chrX","47176701","47177007","35","28220421"
"chr4","75528769","75529064","chr16","64318367","64318657","40","11210402"
"chr4","75544384","75544663","chrX","127737589","127737860","43","52193205"
"chr4","75580384","75580674","chr12","104503541","104503826","50","28923157"
"chr4","75587172","75587474","chr15","49359997","49360293","42","26227175"
"chr4","75590433","75590734","chr22","28997304","28997607","36","46593129"
"chr4","75608712","75609023","chr2","186353864","186354175","40","110745152"
"chr4","75620939","75621235","chr12","100785810","100786105","39","25164871"
"chr4","75627264","75627570","chr2","67481848","67482151","45","8145416"
"chr4","75655984","75656290","chr6","17068239","17068542","47","58587745"
"chr4","75664609","75664868","chr5","93364731","93364987","46","17700122"
"chr4","75676337","75676595","chr7","44323093","44323354","41","31353244"
"chr4","75697652","75697961","chr22","33981676","33981980","41","41715976"
"chr4","75728345","75728659","chr5","41527539","41527823","78","34200806"
"chr4","75739533","75739842","chr3","106655459","106655766","42","30915926"
"chr4","75753252","75753562","chr1","165241882","165242191","48","89488630"
"chr4","75780641","75780945","chr7","30011356","30011665","39","45769285"
"chr4","75789294","75789574","chr9","35014873","35015159","48","40774421"
"chr4","75805990","75806284","chr7","65808302","65808604","53","9997688"
"chr4","75817343","75817656","chr1","25957169","25957480","43","49860174"
"chr4","75821975","75822084","chr9","86541952","86542061","10","10719977"
"chr4","75842704","75843011","chr18","3743712","3744015","36","72098992"
"chr4","75847720","75848000","chr3","118871857","118872116","57","43024137"
"chr4","75849966","75850281","chr11","125799128","125799440","48","49949162"
"chr4","75856884","75857189","chr2","171330283","171330586","45","95473399"
"chr4","75865396","75865684","chrX","51548479","51548767","39","24316917"
"chr4","75870933","75871219","chr1","202394399","202394681","40","126523466"
"chr4","75873825","75874126","chr18","11028760","11029065","46","64845065"
"chr4","75884147","75884438","chr5","52498828","52499124","43","23385319"
"chr4","75916779","75917078","chr15","17053141","17053444","45","58863638"
"chr4","75917462","75917765","chr1","137129532","137129843","48","61212070"
"chr4","75919053","75919341","chrX","107699455","107699746","44","31780402"
"chr4","75932853","75933149","chr15","24649508","24649805","37","51283345"
"chr4","75944465","75944765","chr20","20042650","20042951","34","55901815"
"chr4","75946424","75946671","chr9","32825048","32825291","48","43121376"
"chr4","75971940","75972237","chr7","7386371","7386664","43","68585569"
"chr4","75997617","75997887","chr12","5655097","5655369","44","70342520"
"chr4","76000940","76001237","chr4","30880097","30880395","38","45120843"
"chr4","76040044","76040338","chr11","123371423","123371718","37","47331379"
"chr4","76069387","76069689","chr2","8426666","8426970","42","67642721"
"chr4","76091680","76091980","chr8","110498332","110498633","31","34406652"
"chr4","76125009","76125300","chr22","33981676","33981980","49","42143333"
"chr4","76170576","76170819","chr7","66339148","66339388","34","9831428"
"chr4","76189500","76189771","chr5","89380186","89380445","63","13190686"
"chr4","76190010","76190309","chr22","40879260","40879556","49","35310750"
"chr4","76190502","76190785","chr3","188219301","188219587","36","112028799"
"chr4","76196090","76196360","chr2","154142897","154143181","44","77946807"
"chr4","76228197","76228508","chr1","91158514","91158822","46","14930317"
"chr4","76387405","76387542","chr6","139231067","139231202","17","62843662"
"chr4","76387841","76388042","chr1","200934407","200934604","41","124546566"
"chr4","76410190","76410484","chr5","94234310","94234606","33","17824120"
"chr4","76412479","76412766","chr10","16033492","16033786","45","60378987"
"chr4","76427260","76427545","chr18","5141985","5142278","42","71285275"
"chr4","76462107","76462381","chr5","90103639","90103914","41","13641532"
"chr4","76547648","76547932","chr5","31371357","31371639","42","45176291"
"chr4","76567254","76567368","chr7","53668736","53668850","12","22898518"
"chr4","76572799","76573108","chr6","17068239","17068542","40","59504560"
"chr4","76633090","76633362","chr22","17256786","17257073","60","59376304"
"chr4","76669339","76669620","chr4","137141192","137141483","49","60471853"
"chr4","76685697","76685989","chr5","100240946","100241248","40","23555249"
"chr4","76700769","76701084","chr5","64309139","64309447","44","12391630"
"chr4","76735558","76735868","chr1","137129532","137129843","35","60393974"
"chr4","76763105","76763415","chr7","45344118","45344429","44","31418987"
"chr4","76785764","76786059","chr3","117831111","117831391","50","41045347"
"chr4","76791917","76792224","chr2","94274126","94274432","45","17482209"
"chr4","76805481","76805780","chr14","45300887","45301180","48","31504594"
"chr4","76809416","76809724","chr6","17068239","17068542","44","59741177"
"chr4","76810893","76811193","chr1","98572733","98573027","49","21761840"
"chr4","76813354","76813631","chr2","167384406","167384674","43","90571052"
"chr4","76827215","76827420","chr3","152181264","152181467","30","75354049"
"chr4","76832642","76832952","chr18","39712282","39712591","41","37120360"
"chr4","76841636","76841936","chr5","26961498","26961795","40","49880138"
"chr4","76841960","76842133","chr19","781258","781429","28","76060702"
"chr4","76842159","76842278","chr7","65757736","65757854","17","11084423"
"chr4","76852645","76852944","chr15","61219971","61220268","49","15632674"
"chr4","76857698","76858010","chr1","55290903","55291212","47","21566795"
"chr4","76922709","76922976","chr12","26144954","26145213","39","50777755"
"chr4","76928772","76929082","chr2","134928187","134928495","43","57999415"
"chr4","76982213","76982509","chr1","193266464","193266759","40","116284251"
"chr4","77004682","77004966","chr3","80959478","80959762","44","3954796"
"chr4","77037080","77037374","chr10","16033492","16033786","42","61003588"
"chr4","77042039","77042349","chr3","117556406","117556715","48","40514367"
"chr4","77060626","77060924","chr10","16033492","16033786","30","61027134"
"chr4","77070018","77070316","chr1","101492422","101492722","39","24422404"
"chr4","77099253","77099552","chr1","74568224","74568517","48","2531029"
"chr4","77101106","77101413","chr2","186353864","186354175","50","109252758"
"chr4","77101421","77101698","chr11","66905969","66906262","52","10195452"
"chr4","77109185","77109486","chr2","92364597","92364896","49","15255412"
"chr4","77118621","77118921","chr18","39712282","39712591","36","37406339"
"chr4","77162377","77162682","chr7","144982540","144982842","40","67820163"
"chr4","77189776","77190079","chr3","117336605","117336906","39","40146829"
"chr4","77329372","77329645","chr3","53695475","53695756","53","23633897"
"chr4","77508032","77508156","chr5","106446206","106446330","18","28938174"
"chr4","77539063","77539426","chr3","117029101","117029456","56","39490038"
"chr4","77651396","77651692","chr5","38614488","38614784","34","39036908"
"chr4","77668192","77668504","chr17","42085654","42085964","41","35582538"
"chr4","77743587","77743901","chr8","91012702","91013008","50","13269115"
"chr4","77753389","77753697","chr5","139161299","139161606","49","61407910"
"chr4","77790997","77791279","chr15","5690439","5690726","51","72100558"
"chr4","77808180","77808492","chr5","61623342","61623653","41","16184838"
"chr4","77823863","77824164","chr5","86230872","86231167","35","8407009"
"chr4","77829434","77829703","chrX","39387728","39387995","39","38441706"
"chr4","77849899","77850179","chr5","2532160","2532447","47","75317739"
"chr4","77864891","77865189","chr4","156698023","156698319","30","78833132"
"chr4","77872450","77872585","chr7","72328141","72328275","18","5544309"
"chr4","77872884","77873041","chrX","140734265","140734421","27","62861381"
"chr4","77875972","77876272","chr22","10306224","10306530","39","67569748"
"chr4","77898497","77898792","chr20","27822433","27822727","37","50076064"
"chr4","77904274","77904573","chr7","89834914","89835215","47","11930640"
"chr4","77907585","77907863","chr2","80644634","80644911","36","2737049"
"chr4","77923654","77924014","chr3","20695642","20695976","82","57228012"
"chr4","78000581","78000861","chr3","116540401","116540669","42","38539820"
"chr4","78043981","78044249","chr7","43383739","43384009","46","34660242"
"chr4","78060838","78061146","chr5","64309139","64309447","47","13751699"
"chr4","78098272","78098573","chr6","109618442","109618737","44","31520170"
"chr4","78159599","78159902","chr2","18780256","18780558","34","59379343"
"chr4","78182596","78182907","chr18","39712282","39712591","39","38470314"
"chr4","78202409","78202705","chr3","116342288","116342580","40","38139879"
"chr4","78242446","78242734","chrX","90644206","90644491","38","12401760"
"chr4","78290434","78290749","chr9","98029843","98030162","48","19739409"
"chr4","78381319","78381589","chr3","7182928","7183196","49","71198391"
"chr4","78456139","78456441","chr12","15067551","15067856","44","63388588"
"chr4","78593202","78593501","chr3","150073804","150074104","38","71480602"
"chr4","78598537","78598839","chr10","16033492","16033786","38","62565045"
"chr4","78620183","78620482","chr4","15705730","15706030","36","62914453"
"chr4","78679225","78679528","chr9","35074414","35074712","46","43604811"
"chr4","78686800","78687079","chr5","2532160","2532447","46","76154640"
"chr4","78690394","78690654","chr3","115832326","115832614","56","37141932"
"chr4","78710051","78710340","chr1","42156505","42156788","35","36553546"
"chr4","78725374","78725672","chr3","115805488","115805788","42","37080114"
"chr4","78783528","78783806","chr17","69931558","69931839","44","8851970"
"chr4","78829852","78830176","chr14","90839553","90839862","71","12009701"
"chr4","78995054","78995351","chr10","20733715","20734015","69","58261339"
"chr4","79001433","79001718","chr3","188219301","188219587","47","109217868"
"chr4","79220104","79220391","chr3","185910517","185910805","46","106690413"
"chr4","79419577","79419864","chr9","1932661","1932946","49","77486916"
"chr4","79538974","79539210","chr3","115015834","115016064","41","35476860"
"chr4","79637839","79638145","chr4","82226247","82226558","42","2588408"
"chr4","79719659","79719950","chr7","87073863","87074158","41","7354204"
"chr4","79725132","79725386","chrX","51774500","51774761","35","27950632"
"chr4","79731127","79731419","chr11","74360467","74360765","44","5370660"
"chr4","79973433","79973728","chr5","121924126","121924414","61","41950693"
"chr4","80036519","80036802","chr4","101148509","101148791","54","21111990"
"chr4","80068487","80068783","chr4","162236001","162236292","41","82167514"
"chr4","80246757","80247034","chr10","113826954","113827238","47","33580197"
"chr4","80309104","80309414","chr18","39712282","39712591","48","40596822"
"chr4","80337399","80337697","chr22","28997304","28997607","38","51340095"
"chr4","80352286","80352586","chr1","175742404","175742704","41","95390118"
"chr4","80453559","80453841","chr5","44695769","44696048","40","35757790"
"chr4","80468553","80468854","chr7","120171380","120171681","34","39702827"
"chr4","80519221","80519506","chr3","188219301","188219587","42","107700080"
"chr4","80629598","80629901","chr2","63925527","63925835","58","16704071"
"chr4","80654612","80654914","chr11","106664928","106665234","92","26010316"
"chr4","80862089","80862375","chr4","16350054","16350344","42","64512035"
"chr4","81043591","81043888","chrX","140946413","140946712","37","59902822"
"chr4","81079236","81079403","chr5","63368802","63368968","23","17710434"
"chr4","81224578","81224872","chr7","6894852","6895150","42","74329726"
"chr4","81320834","81321132","chr2","147684199","147684495","40","66363365"
"chr4","81422938","81423246","chr12","110699815","110700119","40","29276877"
"chr4","81475488","81475784","chr22","30202132","30202421","35","51273356"
"chr4","81515507","81515711","chr3","112856578","112856779","22","31341071"
"chr4","81567810","81568098","chr2","64097965","64098258","47","17469845"
"chr4","81569110","81569391","chr16","25425936","25426223","39","56143174"
"chr4","81582119","81582290","chr17","34108233","34108402","38","47473886"
"chr4","81582320","81582447","chr5","112523260","112523386","26","30940940"
"chr4","81584700","81584991","chr1","185263937","185264240","46","103679237"
"chr4","81603278","81603564","chrX","17784950","17785231","46","63818328"
"chr4","81627052","81627291","chr4","38478829","38479057","56","43148223"
"chr4","81629900","81630195","chr10","81634453","81634745","41","4553"
"chr4","81638474","81638784","chr5","62823651","62823960","41","18814823"
"chr4","81657360","81657645","chr3","112716775","112717065","47","31059415"
"chr4","81657924","81658239","chr18","39712282","39712591","49","41945642"
"chr4","81810114","81810403","chr1","143276088","143276390","52","61465974"
"chr4","81838342","81838597","chr1","185863542","185863799","48","104025200"
"chr4","81871921","81872231","chr3","151640910","151641219","43","69768989"
"chr4","82003073","82003368","chr3","14997753","14998043","39","67005320"
"chr4","82018906","82019170","chr1","176970171","176970443","49","94951265"
"chr4","82062395","82062692","chr2","55079404","55079690","42","26982991"
"chr4","82093347","82093661","chr6","132767618","132767935","48","50674271"
"chr4","82095352","82095651","chr7","43623955","43624244","64","38471397"
"chr4","82117715","82118010","chrX","11722716","11723009","42","70394999"
"chr4","82195681","82195979","chr6","17068239","17068542","53","65127442"
"chr4","82244484","82244767","chr1","108827556","108827838","42","26583072"
"chr4","82250729","82250864","chrX","47303617","47303753","14","34947112"
"chr4","82251156","82251327","chr3","53757892","53758068","29","28493264"
"chr4","82257778","82258083","chr7","6894852","6895150","40","75362926"
"chr4","82262972","82263259","chr16","32177091","32177378","33","50085881"
"chr4","82269244","82269514","chr9","18645261","18645527","49","63623983"
"chr4","82270023","82270332","chr8","113048159","113048467","48","30778136"
"chr4","82281868","82282165","chr4","166282997","166283293","42","84001129"
"chr4","82283704","82283975","chr10","45660121","45660403","55","36623583"
"chr4","82294813","82295105","chr10","16033492","16033786","33","66261321"
"chr4","82303848","82304166","chrX","122250423","122250744","51","39946575"
"chr4","82330324","82330632","chr2","162172264","162172572","41","79841940"
"chr4","82377347","82377640","chr7","55933964","55934256","49","26443383"
"chr4","82400003","82400305","chr9","41786898","41787194","53","40613105"
"chr4","82411184","82411354","chr4","43826691","43826860","29","38584493"
"chr4","82411665","82411800","chr20","26271603","26271738","16","56140062"
"chr4","82412148","82412448","chr3","111842824","111843127","38","29430676"
"chr4","82418685","82418987","chr2","138937103","138937408","41","56518418"
"chr4","82432347","82432634","chr3","111822060","111822339","46","29389713"
"chr4","82434303","82434437","chr16","70208284","70208415","16","12226019"
"chr4","82434739","82434919","chr7","85958195","85958373","34","3523456"
"chr4","82442826","82443102","chr19","23725548","23725829","59","58717278"
"chr4","82443858","82444174","chr5","58001732","58002036","53","24442126"
"chr4","82458225","82458536","chr3","111779649","111779947","49","29321424"
"chr4","82471217","82471492","chr19","6867541","6867823","45","75603676"
"chr4","82504229","82504499","chr3","111736801","111737080","41","29232572"
"chr4","82519438","82519726","chr9","111461476","111461764","37","28942038"
"chr4","82547308","82547611","chr6","17068239","17068542","35","65479069"
"chr4","82567681","82567967","chr3","33960784","33961072","53","48606897"
"chr4","82568298","82568598","chr15","34119947","34120248","41","48448351"
"chr4","82571935","82572217","chr3","111670059","111670348","46","29098124"
"chr4","82581451","82581760","chr3","111665501","111665802","42","29084050"
"chr4","82610376","82610684","chr3","111635180","111635480","40","29024804"
"chr4","82614381","82614682","chr22","28997304","28997607","42","53617077"
"chr4","82623822","82624127","chr9","8886595","8886904","43","73737227"
"chr4","82645031","82645337","chr22","15341421","15341725","45","67303610"
"chr4","82646837","82647124","chr3","5598284","5598569","38","77048553"
"chr4","82678920","82679227","chr5","124338115","124338421","38","41659195"
"chr4","82699961","82700242","chr11","97658809","97659082","50","14958848"
"chr4","82714955","82715251","chr10","16033492","16033786","35","66681463"
"chr4","82716534","82716841","chr6","17068239","17068542","41","65648295"
"chr4","82717634","82717941","chr5","94188648","94188957","38","11471014"
"chr4","82725578","82725888","chr18","39712282","39712591","50","43013296"
"chr4","82727702","82728004","chr10","98627092","98627395","44","15899390"
"chr4","82732103","82732389","chr3","111510151","111510428","41","28778048"
"chr4","82756444","82756632","chr14","60095599","60095797","24","22660845"
"chr4","82773817","82774104","chr2","59206808","59207104","41","23567009"
"chr4","82830182","82830487","chr12","28553718","28554019","43","54276464"
"chr4","82834842","82835146","chrX","69095527","69095826","41","13739315"
"chr4","82841142","82841439","chr7","80047681","80047980","36","2793461"
"chr4","82841690","82842017","chr14","85439538","85439863","52","2597848"
"chr4","82857996","82858194","chr4","34374266","34374464","35","48483730"
"chr4","82871503","82871665","chr2","116406851","116407020","27","33535348"
"chr4","82872223","82872488","chr1","75303063","75303324","42","7569160"
"chr4","82888094","82888373","chrX","32823900","32824179","45","50064194"
"chr4","82903222","82903521","chr12","113956799","113957093","38","31053577"
"chr4","82943862","82944170","chr22","33981676","33981980","37","48962186"
"chr4","82949416","82949696","chr5","81052308","81052591","44","1897108"
"chr4","82949835","82950137","chr8","52968555","52968856","52","29981280"
"chr4","82955090","82955369","chr2","18997881","18998163","48","63957209"
"chr4","82964057","82964346","chr22","9714411","9714706","38","73249646"
"chr4","82975076","82975348","chr1","191798093","191798360","46","108823017"
"chr4","82979657","82979966","chrX","47176701","47177007","40","35802956"
"chr4","82993608","82993915","chrX","98649902","98650213","43","15656294"
"chr4","82999506","82999805","chr1","152907224","152907527","47","69907718"
"chr4","83003016","83003314","chr6","119365724","119366021","40","36362708"
"chr4","83020774","83021078","chr3","111195497","111195805","40","28174723"
"chr4","83041507","83041766","chr10","80796829","80797093","45","2244678"
"chr4","83041869","83042164","chr10","16033492","16033786","33","67008377"
"chr4","83050312","83050611","chr7","42343780","42344070","50","40706532"
"chr4","83086314","83086555","chr5","61052867","61053110","48","22033447"
"chr4","83102250","83102557","chrX","16268147","16268445","49","66834103"
"chr4","83106336","83106638","chr3","152941248","152941549","50","69834912"
"chr4","83108311","83108600","chr10","8026640","8026929","47","75081671"
"chr4","83119779","83120094","chr7","13017719","13018023","47","70102060"
"chr4","83122103","83122391","chr8","94578308","94578601","42","11456205"
"chr4","83125835","83126127","chr5","92511557","92511857","46","9385722"
"chr4","83131385","83131688","chr3","111073260","111073559","37","27941875"
"chr4","83140765","83140900","chr4","43236196","43236331","17","39904569"
"chr4","83141192","83141350","chr10","100550541","100550700","28","17409349"
"chr4","83187319","83187628","chr3","106655459","106655766","34","23468140"
"chr4","83200374","83200664","chr10","119895189","119895489","51","36694815"
"chr4","83200742","83200995","chr2","72246490","72246757","51","10954252"
"chr4","83220239","83220549","chrX","97185025","97185330","39","13964786"
"chr4","83221068","83221335","chrX","39387728","39387995","43","43833340"
"chr4","83231409","83231542","chr3","110945373","110945493","28","27713964"
"chr4","83259160","83259333","chr7","97450711","97450881","20","14191551"
"chr4","83260230","83260461","chr7","49908001","49908221","36","33352229"
"chr4","83265658","83265964","chr5","62823651","62823960","42","20442007"
"chr4","83294774","83295082","chr7","79703571","79703866","66","3591203"
"chr4","83299082","83299392","chr3","110865124","110865434","38","27566042"
"chr4","83308126","83308391","chr3","110856613","110856877","33","27548487"
"chr4","83316016","83316326","chr6","47107776","47108084","45","36208240"
"chr4","83319779","83320050","chr11","120908157","120908415","47","37588378"
"chr4","83326236","83326359","chr2","21292788","21292912","16","62033448"
"chr4","83349566","83349877","chrX","97185025","97185330","45","13835459"
"chr4","83349916","83350146","chr3","110798755","110798985","23","27448839"
"chr4","83361255","83361541","chr17","1254415","1254710","42","82106840"
"chr4","83363852","83364160","chr18","39712282","39712591","42","43651570"
"chr4","83372327","83372666","chr15","25343001","25343338","63","58029326"
"chr4","83395302","83395624","chr3","110747482","110747787","46","27352180"
"chr4","83417191","83417501","chr4","23117480","23117789","51","60299711"
"chr4","83420503","83420788","chr7","72265176","72265464","53","11155327"
"chr4","83426555","83426865","chr3","110722560","110722863","40","27296005"
"chr4","83429144","83429447","chr6","17068239","17068542","47","66360905"
"chr4","83439365","83439660","chr3","110710860","110711154","43","27271495"
"chr4","83447928","83448221","chr3","110699020","110699313","32","27251092"
"chr4","83448390","83448684","chr5","94234310","94234606","33","10785920"
"chr4","83480087","83480386","chr14","36994514","36994806","38","46485573"
"chr4","83480849","83481158","chr22","33981676","33981980","44","49499173"
"chr4","83495170","83495461","chr11","124177652","124177946","38","40682482"
"chr4","83514815","83515115","chr10","16169668","16169965","42","67345147"
"chr4","83521239","83521555","chr7","130402806","130403104","56","46881567"
"chr4","83529053","83529188","chr4","1701614","1701751","11","81827439"
"chr4","83529189","83529494","chr22","28997304","28997607","46","54531885"
"chr4","83539876","83540181","chr7","144982540","144982842","38","61442664"
"chr4","83540677","83540988","chr3","110632764","110633071","41","27092087"
"chr4","83543636","83543936","chr2","171330283","171330586","46","87786647"
"chr4","83545991","83546284","chr7","113470784","113471078","38","29924793"
"chr4","83549544","83549738","chr22","32196157","32196346","45","51353387"
"chr4","83549739","83550022","chr2","49330876","49331163","36","34218863"
"chr4","83550023","83550162","chr4","34144507","34144640","29","49405516"
"chr4","83577789","83578100","chr3","106655459","106655766","34","23077670"
"chr4","83583392","83583697","chrX","124381299","124381609","43","40797907"
"chr4","83584511","83584800","chr5","115474372","115474660","55","31889861"
"chr4","83585612","83585878","chrUn_GL286373","1383216","1383472","56","82202396"
"chr4","83589810","83590097","chr1","163381580","163381871","46","79791770"
"chr4","83635911","83636199","chr2","5237615","5237899","54","78398296"
"chr4","83644131","83644441","chr6","38889919","38890230","47","44754212"
"chr4","83648690","83648972","chr3","110525473","110525756","38","26876783"
"chr4","83669040","83669335","chr1","199269404","199269696","41","115600364"
"chr4","83678303","83678601","chr7","79564408","79564709","39","4113895"
"chr4","83690074","83690383","chr19","43463036","43463348","39","40227038"
"chr4","83720396","83720688","chr5","120684415","120684709","41","36964019"
"chr4","83789653","83789927","chr7","97586486","97586762","43","13796833"
"chr4","83862340","83862406","chr8","49141190","49141254","9","34721150"
"chr4","83872886","83873157","chr3","110278162","110278421","46","26405276"
"chr4","83934033","83934311","chr9","42143735","42144007","43","41790298"
"chr4","83941033","83941163","chr12","27914714","27914846","18","56026319"
"chr4","84052899","84053175","chr8","97281980","97282258","42","13229081"
"chr4","84098475","84098766","chr2","113442969","113443263","46","29344494"
"chr4","84174203","84174505","chr10","14603732","14604030","38","69570471"
"chr4","84292767","84293068","chr22","28997304","28997607","39","55295463"
"chr4","84464750","84465054","chr3","80802077","80802383","45","3662673"
"chr4","84536388","84536673","chr5","79752580","79752868","55","4783808"
"chr4","84549429","84549744","chr5","2508969","2509278","44","82040460"
"chr4","84564588","84564878","chr5","140968757","140969050","43","56404169"
"chr4","84592155","84592472","chr13","18393383","18393690","46","66198772"
"chr4","84593498","84593802","chr13","18393383","18393690","34","66200115"
"chr4","84612709","84613010","chr1","82468827","82469129","43","2143882"
"chr4","84613327","84613628","chr12","49321944","49322244","42","35291383"
"chr4","84624869","84625160","chr9","109114994","109115287","44","24490125"
"chr4","84682704","84682999","chr5","110918761","110919060","47","26236057"
"chr4","84712043","84712391","chr5","122078982","122079323","81","37366939"
"chr4","84738315","84738617","chr18","4125887","4126180","53","80612428"
"chr4","84741317","84741614","chr5","87821404","87821701","43","3080087"
"chr4","84795482","84795784","chr1","184817871","184818171","45","100022389"
"chr4","84885018","84885303","chr19","6867541","6867823","38","78017477"
"chr4","84894377","84894504","chr22","30112438","30112563","14","54781939"
"chr4","84894801","84894966","chrX","111336889","111337044","34","26442088"
"chr4","84903347","84903619","chr5","157712678","157712944","52","72809331"
"chr4","84904870","84904937","chr1","70268690","70268754","6","14636180"
"chr4","84905071","84905360","chr2","131563999","131564294","42","46658928"
"chr4","84963142","84963458","chr20","39698806","39699117","52","45264336"
"chr4","84999534","84999834","chrUn_GL286253","70610","70903","49","84928924"
"chr4","85004427","85004736","chr1","73862648","73862951","46","11141779"
"chr4","85027698","85027979","chr7","103732296","103732579","46","18704598"
"chr4","85028441","85028731","chr3","108988046","108988341","33","23959605"
"chr4","85029737","85030038","chr3","108986786","108987082","35","23957049"
"chr4","85076288","85076582","chr12","17514947","17515247","46","67561341"
"chr4","85424604","85424899","chr3","108663400","108663704","41","23238796"
"chr4","85426827","85427090","chr3","108660801","108661050","60","23233974"
"chr4","85449851","85450151","chr4","30880097","30880395","41","54569754"
"chr4","85484615","85484904","chr19","24096509","24096795","45","61388106"
"chr4","85485739","85486032","chr12","60882509","60882808","40","24603230"
"chr4","85655501","85655768","chr6","19297176","19297455","49","66358325"
"chr4","85771701","85772006","chr22","28997304","28997607","44","56774397"
"chr4","85781752","85782066","chr6","96626818","96627126","48","10845066"
"chr4","85835681","85835972","chrX","37069161","37069459","47","48766520"
"chr4","85894679","85894988","chr7","148985140","148985448","50","63090461"
"chr4","85997644","85997955","chr3","150085354","150085661","51","64087710"
"chr4","86052710","86052983","chr3","108036371","108036653","40","21983661"
"chr4","86299881","86300192","chr5","127485810","127486119","41","41185929"
"chr4","86364699","86364957","chr7","67196083","67196346","45","19168616"
"chr4","86461433","86461498","chr8","111886203","111886270","7","25424770"
"chr4","86468576","86468882","chrX","124381299","124381609","40","37912723"
"chr4","86550417","86550731","chr5","19163464","19163772","51","67386953"
"chr4","86551579","86551904","chr1","156164792","156165101","53","69613213"
"chr4","86580217","86580510","chr5","41462429","41462720","42","45117788"
"chr4","86598152","86598444","chrX","23036255","23036544","46","63561897"
"chr4","86659534","86659860","chr16","11045302","11045617","52","75614232"
"chr4","86673712","86674006","chr10","16033492","16033786","38","70640220"
"chr4","86692798","86693093","chr5","103228736","103229025","47","16535938"
"chr4","86717190","86717476","chr4","33510327","33510605","41","53206863"
"chr4","86761974","86762280","chr1","157959927","157960225","50","71197953"
"chr4","86786821","86787115","chr10","20827679","20827973","40","65959142"
"chr4","86797077","86797210","chr14","46110848","46110980","15","40686229"
"chr4","86797212","86797514","chr3","152941248","152941549","39","66144036"
"chr4","86805874","86806185","chr1","168595556","168595859","43","81789682"
"chr4","86809416","86809708","chr5","153587527","153587824","41","66778111"
"chr4","86820227","86820539","chr7","102737006","102737318","46","15916779"
"chr4","86823080","86823373","chr7","150571838","150572132","35","63748758"
"chr4","86842878","86843170","chr19","4351820","4352108","35","82491058"
"chr4","86857859","86858155","chr5","157955972","157956268","54","71098113"
"chr4","86861506","86861629","chr8","68724288","68724416","30","18137218"
"chr4","86871487","86871623","chr4","1701614","1701751","13","85169873"
"chr4","86874730","86875034","chr2","61800729","61801029","39","25074001"
"chr4","86883747","86883996","chr17","74612855","74613103","41","12270892"
"chr4","86900986","86901281","chr14","63899008","63899305","43","23001978"
"chr4","86905091","86905403","chr5","47374279","47374584","50","39530812"
"chr4","86906758","86907070","chr9","11967801","11968108","35","74938957"
"chr4","86919316","86919624","chr17","24010629","24010937","37","62908687"
"chr4","86924207","86924498","chr4","162252003","162252294","42","75327796"
"chr4","86938168","86938479","chr6","154513729","154514039","48","67575561"
"chr4","86941376","86941651","chr9","44537673","44537953","46","42403703"
"chr4","86962883","86963190","chr7","69728977","69729277","43","17233906"
"chr4","86983108","86983245","chr4","26022910","26023045","18","60960198"
"chr4","86983558","86983738","chr5","8944254","8944436","50","78039304"
"chr4","86987673","86987963","chr7","55245516","55245807","40","31742157"
"chr4","87002426","87002707","chr12","18672590","18672875","50","68329836"
"chr4","87005017","87005278","chrX","16423197","16423460","49","70581820"
"chr4","87037320","87037612","chr4","16350054","16350344","38","70687266"
"chr4","87040872","87041176","chr22","33981676","33981980","33","53059196"
"chr4","87085752","87086037","chr9","18506440","18506733","47","68579312"
"chr4","87106101","87106388","chr9","18829703","18829990","34","68276398"
"chr4","87111343","87111653","chr5","84871601","84871910","35","2239742"
"chr4","87122907","87123193","chr3","106970684","106970975","40","19847777"
"chr4","87127180","87127462","chr19","22748565","22748846","32","64378615"
"chr4","87132679","87132995","chr11","64234338","64234642","46","22898341"
"chr4","87158490","87158773","chr3","3823081","3823357","36","83335409"
"chr4","87169023","87169321","chr20","29549977","29550272","37","57619046"
"chr4","87186046","87186347","chr3","106900355","106900652","40","19714309"
"chr4","87214791","87215098","chr9","11967801","11968108","46","75246990"
"chr4","87218736","87219036","chr10","14603732","14604030","35","72615004"
"chr4","87224062","87224266","chr5","1353158","1353333","54","85870904"
"chr4","87226281","87226561","chr4","34845790","34846071","31","52380491"
"chr4","87229413","87229731","chr7","145367752","145368069","61","58138339"
"chr4","87231600","87231895","chr5","65031296","65031585","38","22200304"
"chr4","87233307","87233589","chr5","86855646","86855935","54","377661"
"chr4","87252449","87252753","chr5","26961498","26961795","38","60290951"
"chr4","87262332","87262617","chr4","121116021","121116303","39","33853689"
"chr4","87272842","87273014","chr16","38258251","38258424","19","49014591"
"chr4","87275866","87276161","chr4","130088342","130088639","36","42812476"
"chr4","87299347","87299654","chrX","47176701","47177007","45","40122646"
"chr4","87307500","87307800","chr4","148565990","148566287","64","61258490"
"chr4","87309878","87310197","chr2","858886","859191","52","86450992"
"chr4","87341165","87341463","chr2","8957058","8957360","50","78384107"
"chr4","87362243","87362552","chr22","18087030","18087336","41","69275213"
"chr4","87374900","87375195","chr15","5111511","5111802","48","82263389"
"chr4","87376224","87376535","chr7","51955248","51955558","48","35420976"
"chr4","87380899","87381210","chr2","18780256","18780558","43","68600643"
"chr4","87386205","87386502","chr4","38637239","38637534","40","48748966"
"chr4","87411802","87412098","chr14","83739394","83739686","35","3672408"
"chr4","87415232","87415522","chr3","182415044","182415341","35","94999812"
"chr4","87434067","87434343","chrX","11211101","11211380","40","76222966"
"chr4","87436967","87437279","chr6","132767618","132767935","48","45330651"
"chr4","87462718","87463013","chr4","36522598","36522895","39","50940120"
"chr4","87513912","87514202","chr4","38452112","38452407","38","49061800"
"chr4","87519075","87519371","chr6","147894727","147895020","38","60375652"
"chr4","87536435","87536745","chr15","16223725","16224030","57","71312710"
"chr4","87537597","87537901","chr12","48963038","48963346","45","38574559"
"chr4","87553591","87553889","chr4","37414221","37414521","44","50139370"
"chr4","87554466","87554770","chrX","47176701","47177007","42","40377765"
"chr4","87578623","87578922","chr3","106494254","106494552","44","18915631"
"chr4","87584803","87585100","chr9","115637925","115638221","43","28053122"
"chr4","87704781","87705094","chr3","106365061","106365377","45","18660280"
"chr4","87806731","87807034","chr19","917453","917749","48","86889278"
"chr4","87812838","87813127","chr1","13032366","13032651","42","74780472"
"chr4","87854990","87855295","chrX","97185025","97185330","49","9330035"
"chr4","87869097","87869394","chr10","126287645","126287938","36","38418548"
"chr4","87905525","87905815","chr12","100906310","100906599","47","13000785"
"chr4","88039383","88039683","chr3","106025152","106025454","40","17985769"
"chr4","88066355","88066647","chr2","13941060","13941364","51","74125295"
"chr4","88114345","88114644","chr5","94234310","94234606","45","6119965"
"chr4","88142665","88142954","chr16","54091968","54092259","50","34050697"
"chr4","88145658","88145948","chr7","65003126","65003417","48","23142532"
"chr4","88164768","88165078","chrUn_GL286397","681776","682076","43","87482992"
"chr4","88217379","88217676","chr5","106685442","106685733","43","18468063"
"chr4","88220987","88221293","chr2","14670182","14670486","49","73550805"
"chr4","88249156","88249465","chr12","87913370","87913678","48","335786"
"chr4","88254454","88254755","chr5","94234310","94234606","42","5979856"
"chr4","88293167","88293458","chr7","113470784","113471078","38","25177617"
"chr4","88300582","88300880","chr10","16169668","16169965","38","72130914"
"chr4","88303772","88304073","chr22","37324208","37324514","45","50979564"
"chr4","88335557","88335853","chr6","17068239","17068542","38","71267318"
"chr4","88339971","88340268","chr10","16033492","16033786","47","72306479"
"chr4","88362684","88362979","chr3","2808599","2808903","53","85554085"
"chr4","88367352","88367666","chr7","30011356","30011665","54","58355996"
"chr4","88369536","88369835","chr6","13168853","13169146","38","75200683"
"chr4","88373524","88373799","chr18","7796849","7797123","45","80576675"
"chr4","88376203","88376493","chr12","29333369","29333657","41","59042834"
"chr4","88378160","88378477","chr10","126696429","126696740","49","38318269"
"chr4","88386195","88386505","chr3","108570361","108570666","41","20184166"
"chr4","88388151","88388268","chr1","200913072","200913183","16","112524921"
"chr4","88394559","88394844","chr2","56700759","56701042","34","31693800"
"chr4","88399489","88399786","chr2","153476374","153476675","42","65076885"
"chr4","88406747","88407058","chr5","42661443","42661746","42","45745304"
"chr4","88407070","88407379","chr3","105693359","105693674","46","17286289"
"chr4","88421436","88421745","chr3","106655459","106655766","48","18234023"
"chr4","88432438","88432764","chr22","15341421","15341725","54","73091017"
"chr4","88437869","88438148","chr6","47311288","47311574","46","41126581"
"chr4","88451118","88451241","chr5","29799406","29799526","13","58651712"
"chr4","88482752","88482930","chrX","40032662","40032836","23","48450090"
"chr4","88492462","88492769","chr3","106655459","106655766","39","18162997"
"chr4","88518160","88518461","chr6","6238544","6238846","39","82279616"
"chr4","88559954","88560259","chr1","73862648","73862951","36","14697306"
"chr4","88589987","88590278","chr14","63994771","63995061","43","24595216"
"chr4","88590878","88591192","chr1","27883875","27884177","53","60707003"
"chr4","88602119","88602426","chr3","2808599","2808903","42","85793520"
"chr4","88628893","88629176","chr2","9219239","9219530","56","79409654"
"chr4","88631176","88631472","chr10","16033492","16033786","41","72597684"
"chr4","88641837","88642152","chr12","16856383","16856691","50","71785454"
"chr4","88817282","88817576","chr1","166118501","166118797","36","77301219"
"chr4","88817988","88818302","chr5","122186797","122187095","56","33368809"
"chr4","88825217","88825514","chr10","126287645","126287938","41","37462428"
"chr4","88850273","88850567","chrX","140437749","140438042","38","51587476"
"chr4","88852161","88852459","chr15","42574783","42575081","44","46277378"
"chr4","88857346","88857649","chr22","5178889","5179192","39","83678457"
"chr4","88887523","88887832","chr5","83113160","83113466","42","5774363"
"chr4","88952666","88952966","chr1","101492422","101492722","40","12539756"
"chr4","88964634","88964927","chr22","39363697","39363986","49","49600937"
"chr4","88972300","88972600","chr6","17068239","17068542","35","71904061"
"chr4","89003329","89003624","chr14","69098561","69098837","63","19904768"
"chr4","89115814","89116106","chr20","38471285","38471567","41","50644529"
"chr4","89127033","89127336","chr3","104894475","104894765","43","15767442"
"chr4","89332939","89333232","chr12","113956799","113957093","46","24623860"
"chr4","89383079","89383365","chr2","7568525","7568816","43","81814554"
"chr4","89524329","89524600","chr2","189737550","189737821","37","100213221"
"chr4","89549532","89549821","chr3","104403908","104404211","37","14854376"
"chr4","89654914","89655206","chr10","16968303","16968600","57","72686611"
"chr4","89727938","89728212","chr13","58927298","58927573","49","30800640"
"chr4","89745384","89745679","chr9","109143507","109143803","39","19398123"
"chr4","89750067","89750379","chr2","171032147","171032451","54","81282080"
"chr4","89872626","89872674","chr9","102842251","102842306","11","12969625"
"chr4","89873318","89873576","chr1","155073091","155073354","52","65199773"
"chr4","89922071","89922098","chr10","17789322","17789342","7","72132749"
"chr4","89922127","89922405","chr12","44347767","44348048","40","45574360"
"chr4","90242025","90242333","chr3","108570361","108570666","46","18328336"
"chr4","90335819","90335916","chr22","26614752","26614851","17","63721067"
"chr4","90343376","90343641","chr3","147762820","147763084","48","57419444"
"chr4","90529203","90529528","chr3","103419692","103420004","57","12890489"
"chr4","90552498","90552756","chr3","103381268","103381537","38","12828770"
"chr4","90565865","90566157","chr12","107084348","107084652","54","16518483"
"chr4","90616399","90616683","chr1","130305122","130305403","48","39688723"
"chr4","90616740","90616756","chrX","140734729","140734741","4","50117989"
"chr4","90620798","90621118","chr3","103296138","103296446","55","12675340"
"chr4","90818266","90818576","chr18","39712282","39712591","43","51105984"
"chr4","91341544","91341836","chr12","27257719","27258031","61","64083825"
"chr4","91374714","91375006","chr10","27398526","27398820","43","63976188"
"chr4","91388090","91388179","chr1","180878830","180878920","11","89490740"
"chr4","91527915","91528220","chr9","20122679","20122976","49","71405236"
"chr4","91621990","91622292","chr1","168595556","168595859","41","76973566"
"chr4","91842065","91842350","chr8","7514826","7515111","39","84327239"
"chr4","91856761","91857026","chr1","175000063","175000324","49","83143302"
"chr4","91932168","91932472","chr3","102069600","102069908","44","10137432"
"chr4","92156583","92156835","chr20","490147","490398","40","91666436"
"chr4","92284404","92284713","chr2","162172264","162172572","43","69887860"
"chr4","92320474","92320776","chr2","61800729","61801029","43","30519745"
"chr4","92445944","92446245","chr17","69075766","69076065","46","23370178"
"chr4","92448183","92448466","chr7","93887975","93888249","51","1439792"
"chr4","92492847","92493150","chr3","177773552","177773857","43","85280705"
"chr4","92692742","92693050","chr1","137129532","137129843","42","44436790"
"chr4","92832158","92832372","chr17","63733066","63733265","45","29099092"
"chr4","92832694","92832814","chr10","118643284","118643405","26","25810590"
"chr4","92896740","92897041","chr5","94234310","94234606","41","1337570"
"chr4","93035106","93035413","chr6","11599554","11599848","62","81435552"
"chr4","93076611","93076873","chr8","25287298","25287560","37","67789313"
"chr4","93107549","93107793","chr14","84132948","84133193","47","8974601"
"chr4","93149293","93149591","chr19","26753276","26753574","51","66396017"
"chr4","93150845","93151150","chr5","134608851","134609157","46","41458006"
"chr4","93175161","93175469","chr13","31331915","31332215","45","61843246"
"chr4","93187274","93187576","chr9","35373116","35373420","53","57814158"
"chr4","93310239","93310530","chr3","100591601","100591899","49","7281362"
"chr4","93362939","93363233","chr1","175437248","175437544","50","82074309"
"chr4","93510933","93511236","chr6","17068239","17068542","40","76442694"
"chr4","93533402","93533689","chrX","105924911","105925188","58","12391509"
"chr4","93605985","93606289","chr15","61219971","61220268","49","32386014"
"chr4","93671687","93672002","chrX","38790678","38790992","52","54881009"
"chr4","93796532","93796845","chr1","139998747","139999059","53","46202215"
"chr4","93950200","93950503","chr6","40009056","40009364","39","53941144"
"chr4","93966131","93966432","chr6","43666330","43666629","39","50299801"
"chr4","93970178","93970480","chrX","107903336","107903640","54","13933158"
"chr4","93984480","93984768","chr3","112945478","112945749","56","18960998"
"chr4","93991792","93992083","chr3","152941248","152941549","42","58949456"
"chr4","94006266","94006570","chr3","94762904","94763199","49","756638"
"chr4","94051838","94052143","chr3","99847910","99848209","51","5796072"
"chr4","94129699","94130011","chr10","90431710","90432016","41","3697989"
"chr4","94176639","94176914","chrX","33892988","33893266","49","60283651"
"chr4","94177136","94177406","chr22","6936307","6936585","44","87240829"
"chr4","94191260","94191561","chr5","35735021","35735325","54","58456239"
"chr4","94195019","94195309","chr12","17597171","17597452","40","76597848"
"chr4","94212172","94212474","chr12","102542786","102543076","52","8330614"
"chr4","94218282","94218568","chr11","97658809","97659082","50","3440527"
"chr4","94218826","94219111","chrX","17543907","17544194","32","76674919"
"chr4","94220241","94220547","chr12","9386693","9386994","45","84833548"
"chr4","94242025","94242343","chr11","104897015","104897336","55","10654990"
"chr4","94318723","94319012","chr12","88617287","88617572","41","5701436"
"chr4","94338142","94338436","chr2","113311537","113311828","42","18973395"
"chr4","94355283","94355577","chr1","98572733","98573027","38","4217450"
"chr4","94374525","94374825","chr9","99935150","99935455","41","5560625"
"chr4","94396228","94396547","chr3","99524185","99524489","52","5127957"
"chr4","94397999","94398289","chr10","82178981","82179276","53","12219018"
"chr4","94403194","94403500","chr14","84343013","84343324","53","10060181"
"chr4","94437668","94437955","chr4","43311502","43311796","45","51126166"
"chr4","94502595","94502894","chr4","15705730","15706030","41","78796865"
"chr4","94510726","94510877","chr3","99400137","99400288","20","4889411"
"chr4","94522373","94522640","chr7","28543437","28543698","38","65978936"
"chr4","94526727","94527034","chr3","99383278","99383573","41","4856551"
"chr4","94532716","94533014","chr9","105379212","105379502","47","10846496"
"chr4","94553139","94553408","chr5","86972887","86973150","53","7580252"
"chr4","94589762","94590078","chr5","117918076","117918387","49","23328314"
"chr4","94604352","94604644","chr14","5921690","5921981","37","88682662"
"chr4","94648321","94648599","chr12","26112515","26112796","48","68535806"
"chr4","94675901","94676229","chr2","15676045","15676358","58","78999856"
"chr4","94681910","94682195","chr5","31371357","31371639","38","63310553"
"chr4","94687999","94688322","chr5","158739281","158739596","56","64051282"
"chr4","94695049","94695342","chr7","102724756","102725053","40","8029707"
"chr4","94696447","94696747","chr8","116726021","116726318","43","22029574"
"chr4","94715148","94715447","chrX","107273049","107273349","39","12557901"
"chr4","94731379","94731685","chr3","2808599","2808903","44","91922780"
"chr4","94733168","94733472","chr1","184817871","184818171","48","90084703"
"chr4","94737012","94737291","chr3","19636974","19637256","56","75100038"
"chr4","94747233","94747514","chr3","106705197","106705482","38","11957964"
"chr4","94748627","94748904","chr17","16091436","16091715","44","78657191"
"chr4","94790985","94791288","chr6","17068239","17068542","41","77722746"
"chr4","94795477","94795753","chr9","14708588","14708860","38","80086889"
"chr4","94795961","94796264","chr11","15721891","15722192","44","79074070"
"chr4","94799708","94799988","chr3","99085596","99085883","37","4285888"
"chr4","94832501","94832796","chr6","147894727","147895020","42","53062226"
"chr4","94868167","94868457","chr2","10593959","10594242","51","84274208"
"chr4","94941146","94941452","chr4","138639337","138639637","42","43698191"
"chr4","94967477","94967782","chrX","97185025","97185330","37","2217548"
"chr4","95130700","95131029","chr9","98029843","98030162","60","2899143"
"chr4","95203456","95203763","chr1","172873149","172873460","61","77669693"
"chr4","95225080","95225356","chr7","114227","114501","43","95110853"
"chr4","95233654","95233959","chr1","168595556","168595859","40","73361902"
"chr4","95274744","95275025","chrX","68962815","68963097","41","26311929"
"chr4","95295803","95296114","chr3","98563424","98563736","37","3267621"
"chr4","95303396","95303677","chr12","18122313","18122592","35","77181083"
"chr4","95369269","95369563","chr19","24203448","24203737","46","71165821"
"chr4","95656116","95656406","chr1","193536597","193536890","53","97880481"
"chr4","95762480","95762764","chrX","108677319","108677604","44","12914839"
"chr4","95902172","95902458","chr21","40779391","40779683","46","55122781"
"chr4","95904654","95904916","chr4","35578547","35578811","45","60326107"
"chr4","96009000","96009312","chr1","13783933","13784234","51","82225067"
"chr4","96060367","96060654","chr4","33510327","33510605","42","62550040"
"chr4","96128526","96128833","chr1","182478739","182479046","41","86350213"
"chr4","96349875","96350188","chr2","186353864","186354175","46","90003989"
"chr4","96459991","96460295","chr2","61800729","61801029","37","34659262"
"chr4","96817055","96817361","chr2","63925527","63925835","45","32891528"
"chr4","96921159","96921448","chr5","79752580","79752868","47","17168579"
"chr4","97050549","97050872","chr1","182828417","182828721","63","85777868"
"chr4","97090663","97090969","chr16","54270531","54270822","58","42820132"
"chr4","97200934","97201221","chr1","145176527","145176816","40","47975593"
"chr4","97236709","97237016","chr6","17068239","17068542","41","80168470"
"chr4","97247920","97248246","chr10","77656754","77657065","62","19591166"
"chr4","97516920","97517207","chr5","80700303","80700590","41","16816617"
"chr4","97588103","97588212","chr22","29337051","29337167","19","68251052"
"chr4","97615768","97616048","chr3","74802771","74803056","43","22812997"
"chr4","97711670","97711968","chr22","11672427","11672726","39","86039243"
"chr4","97803557","97803840","chr2","131198340","131198624","40","33394783"
"chr4","97805218","97805510","chr3","96029675","96029961","37","1775543"
"chr4","97988614","97988913","chr7","53623191","53623487","58","44365423"
"chr4","98100653","98100975","chr8","26191626","26191934","48","71909027"
"chr4","98128725","98129033","chrX","47176701","47177007","40","50952024"
"chr4","98256307","98256619","chr12","27257719","27258031","40","70998588"
"chr4","98317830","98318140","chr19","25591314","25591622","44","72726516"
"chr4","98319499","98319807","chr6","7892688","7892995","49","90426811"
"chr4","98360790","98361093","chr3","95453834","95454137","55","2906956"
"chr4","98371116","98371395","chr7","63783719","63784005","53","34587397"
"chr4","98372161","98372466","chr3","95433982","95434275","50","2938179"
"chr4","98424481","98424795","chr13","18393383","18393690","43","80031098"
"chr4","98434620","98434921","chr4","166282997","166283293","44","67848377"
"chr4","98437512","98437807","chr5","94234310","94234606","42","4203202"
"chr4","98445104","98445355","chr21","40320098","40320355","40","58125006"
"chr4","98445741","98446025","chr16","8329094","8329384","44","90116647"
"chr4","98464004","98464311","chrX","14791897","14792198","46","83672107"
"chr4","98484683","98484813","chr3","258844","258974","17","98225839"
"chr4","98585320","98585609","chr6","59828671","59828961","41","38756649"
"chr4","98615537","98615730","chrX","47514970","47515166","28","51100567"
"chr4","98670129","98670251","chr7","62416089","62416209","15","36254040"
"chr4","98712307","98712599","chr4","15382674","15382968","39","83329633"
"chr4","98756621","98756934","chr18","39712282","39712591","46","59044339"
"chr4","98786573","98786881","chr3","94947078","94947380","40","3839495"
"chr4","98791351","98791655","chr2","12828952","12829252","43","85962399"
"chr4","98829792","98830100","chr22","43014695","43015008","40","55815097"
"chr4","98834202","98834495","chr3","94891456","94891749","40","3942746"
"chr4","98910732","98911033","chr15","49359997","49360293","43","49550735"
"chr4","98917794","98918072","chr5","2532160","2532447","50","96385634"
"chr4","98919550","98919858","chr4","42841777","42842088","36","56077773"
"chr4","98927375","98927684","chr21","40584762","40585072","34","58342613"
"chr4","98935011","98935306","chr3","94786690","94786984","35","4148321"
"chr4","98939094","98939380","chr9","29083846","29084131","42","69855248"
"chr4","98940586","98940886","chr11","44157181","44157481","42","54783405"
"chr4","98950469","98950778","chr3","106655459","106655766","43","7704990"
"chr4","98951364","98951665","chr3","94762904","94763199","31","4188460"
"chr4","98968308","98968597","chr5","45608098","45608388","38","53360210"
"chr4","98972127","98972422","chr5","94234310","94234606","30","4737817"
"chr4","98976302","98976603","chr5","60529593","60529894","40","38446709"
"chr4","99055109","99055420","chr10","90431710","90432016","47","8623399"
"chr4","99068757","99069032","chr2","7184285","7184565","48","91884472"
"chr4","99083318","99083626","chr5","94532768","94533076","38","4550550"
"chr4","99089440","99089754","chr1","13171972","13172286","57","85917468"
"chr4","99128153","99128442","chr3","32326374","32326663","41","66801779"
"chr4","99340131","99340432","chr3","94323978","94324265","57","5016153"
"chr4","99378212","99378487","chr11","97658809","97659082","42","1719403"
"chr4","99460461","99460749","chr5","80700303","80700590","40","18760158"
"chr4","99464418","99464717","chrX","107273049","107273349","42","7808631"
"chr4","99706634","99706944","chrX","44027620","44027925","43","55679014"
"chr4","99710486","99710785","chr14","83739394","83739686","40","15971092"
"chr4","99757866","99758159","chr7","96383773","96384067","49","3374093"
"chr4","99762521","99762826","chr7","52547757","52548059","40","47214764"
"chr4","99776131","99776418","chr10","116079693","116079983","38","16303562"
"chr4","99781233","99781534","chr22","40230801","40231098","50","59550432"
"chr4","99791668","99791966","chr5","94234310","94234606","40","5557358"
"chr4","99866758","99867069","chr5","125737225","125737535","48","25870467"
"chr4","99880311","99880622","chr3","93843114","93843433","49","6037197"
"chr4","99935786","99936076","chr18","8765472","8765763","40","91170314"
"chr4","99937976","99938223","chr3","47236608","47236860","48","52701368"
"chr4","99940311","99940619","chr14","15548560","15548873","43","84391751"
"chr4","99944561","99944876","chr5","94188648","94188957","45","5755913"
"chr4","99954241","99954531","chr22","29295972","29296261","39","70658269"
"chr4","99962273","99962569","chr5","26961498","26961795","36","73000775"
"chr4","100020754","100021057","chr22","28997304","28997607","37","71023450"
"chr4","100033621","100033731","chr20","29526028","29526138","16","70507593"
"chr4","100111076","100111389","chr3","93597687","93597993","44","6513389"
"chr4","100144003","100144263","chr18","1361051","1361316","34","98782952"
"chr4","100144569","100144873","chr6","135415982","135416286","39","35271413"
"chr4","100333623","100333935","chr8","45536010","45536315","45","54797613"
"chr4","100344617","100344917","chr17","74156850","74157143","52","26187767"
"chr4","100372745","100373033","chr8","94061061","94061342","47","6311684"
"chr4","100473022","100473326","chr20","21003572","21003866","51","79469450"
"chr4","100626952","100627239","chr1","155066552","155066843","41","54439600"
"chr4","100952982","100953259","chr5","125981699","125981976","50","25028717"
"chr4","100973489","100973797","chrX","47176701","47177007","40","53796788"
"chr4","101034984","101035293","chr3","106655459","106655766","45","5620475"
"chr4","101041430","101041733","chr7","136659990","136660294","42","35618560"
"chr4","101136282","101136552","chr7","57674994","57675263","41","43461288"
"chr4","101141116","101141387","chr6","2516203","2516475","45","98624913"
"chr4","101311498","101311764","chr2","2700473","2700739","44","98611025"
"chr4","101323832","101324125","chr20","12729984","12730279","52","88593848"
"chr4","101336289","101336600","chr7","66105076","66105385","44","35231213"
"chr4","101375663","101375968","chr2","18780256","18780558","45","82595407"
"chr4","101403071","101403204","chr6","44109882","44110016","19","57293189"
"chr4","101403503","101403667","chr4","34157283","34157451","32","67246220"
"chr4","101476718","101476995","chr3","45152244","45152520","50","56324474"
"chr4","101500120","101500411","chr22","30202132","30202421","35","71297988"
"chr4","101555821","101556063","chr15","13020531","13020786","54","88535290"
"chr4","101565650","101565906","chr17","74612855","74613103","36","26952795"
"chr4","101613099","101613380","chr3","29792007","29792287","39","71821092"
"chr4","101614070","101614354","chr3","92039945","92040232","43","9574125"
"chr4","101735357","101735635","chr2","202808307","202808577","50","101072950"
"chr4","101836200","101836509","chr1","91574966","91575269","44","10261234"
"chr4","101850279","101850582","chr9","2215139","2215442","48","99635140"
"chr4","102056726","102057046","chr17","20019288","20019612","60","82037438"
"chr4","102063542","102063839","chr2","31372053","31372354","50","70691489"
"chr4","102130649","102130950","chr2","12828952","12829252","48","89301697"
"chr4","102174132","102174429","chr2","63925527","63925835","50","38248605"
"chr4","102181490","102181811","chrX","107827107","107827417","54","5645617"
"chr4","102187180","102187490","chr22","34979749","34980053","41","67207431"
"chr4","102369807","102370096","chr19","13704712","13704998","46","88665095"
"chr4","102490835","102491134","chr21","35124834","35125128","46","67366001"
"chr4","102673230","102673521","chr17","73944491","73944782","34","28728739"
"chr4","102726961","102727076","chr7","2884822","2884937","13","99842139"
"chr4","102762207","102762506","chr6","17068239","17068542","43","85693968"
"chr4","102783381","102783687","chr6","43666330","43666629","41","59117051"
"chr4","102814297","102814602","chr12","31281547","31281855","50","71532750"
"chr4","102845782","102846087","chr11","122107509","122107815","47","19261727"
"chr4","102863499","102863792","chr3","90792409","90792703","34","12071090"
"chr4","102873842","102874141","chr1","154169302","154169596","47","51295460"
"chr4","102879932","102880243","chr3","90775588","90775896","43","12104344"
"chr4","102886600","102886909","chr13","35617993","35618305","62","67268607"
"chr4","102893642","102893918","chr3","90762246","90762527","31","12131396"
"chr4","102904700","102905004","chr1","202849760","202850061","34","99945060"
"chr4","102905944","102906231","chr5","113678269","113678560","47","10772325"
"chr4","102911853","102912151","chr1","189735046","189735349","43","86823193"
"chr4","103008423","103008682","chr2","72246490","72246757","54","30761933"
"chr4","103071195","103071370","chr17","34108233","34108402","32","68962962"
"chr4","103071676","103071810","chr4","26022910","26023045","17","77048766"
"chr4","103269685","103269935","chr2","151836397","151836649","46","48566712"
"chr4","103335819","103336124","chr12","49321944","49322244","48","54013875"
"chr4","103404571","103404854","chr7","77921919","77922204","58","25482652"
"chr4","103667842","103668117","chr3","90079041","90079296","57","13588801"
"chr4","103834724","103835030","chr3","108570361","108570666","44","4735637"
"chr4","103927465","103927769","chr3","89821634","89821936","42","14105831"
"chr4","104143503","104143780","chr5","17258651","17258930","52","86884852"
"chr4","104392066","104392383","chr10","97010952","97011267","49","7381114"
"chr4","104600365","104600675","chr4","15010684","15010996","47","89589681"
"chr4","104718265","104718556","chr13","61020857","61021145","40","43697408"
"chr4","104874875","104875170","chr13","15397870","15398167","48","89477005"
"chr4","105001991","105002299","chr16","1171147","1171451","41","103830844"
"chr4","105117501","105117787","chr8","103201215","103201496","45","1916286"
"chr4","105177801","105178114","chr3","136273959","136274266","49","31096158"
"chr4","105186469","105186771","chr20","12401994","12402298","42","92784475"
"chr4","105213871","105214122","chrX","100711850","100712081","54","4502021"
"chr4","105288353","105288629","chr9","44537673","44537953","44","60750680"
"chr4","105349513","105349821","chr10","71567659","71567967","45","33781854"
"chr4","105379631","105379933","chr6","17068239","17068542","36","88311392"
"chr4","105474607","105474910","chr12","87913370","87913678","42","17561237"
"chr4","105516484","105516762","chr1","137082991","137083272","40","31566507"
"chr4","105580712","105580972","chrUn_GL286397","204143","204413","48","105376569"
"chr4","105692202","105692506","chr1","15467012","15467316","40","90225190"
"chr4","105695848","105696150","chr1","12491044","12491347","48","93204804"
"chr4","105747973","105748272","chr5","94234310","94234606","44","11513663"
"chr4","105786228","105786548","chr3","106655459","106655766","58","869231"
"chr4","105825076","105825088","chr5","92524075","92524085","3","13301001"
"chr4","105825135","105825429","chr1","97156596","97156892","46","8668539"
"chr4","105848595","105848895","chr1","82468827","82469129","38","23379768"
"chr4","106006893","106007054","chr7","149001425","149001575","28","42994532"
"chr4","106007363","106007495","chr11","60589611","60589742","15","45417752"
"chr4","106205462","106205791","chr4","20278830","20279149","58","85926632"
"chr4","106415115","106415441","chr7","42084753","42085063","60","64330362"
"chr4","106507322","106507611","chr3","106705197","106705482","39","197875"
"chr4","106529076","106529360","chr3","80959478","80959762","45","25569598"
"chr4","106628396","106628706","chr22","33981676","33981980","45","72646720"
"chr4","106634375","106634664","chr3","86991184","86991478","42","19643191"
"chr4","106835223","106835546","chr1","195460436","195460744","62","88625213"
"chr4","107242259","107242555","chr15","49359997","49360293","36","57882262"
"chr4","107273592","107273857","chr9","18645261","18645527","38","88628331"
"chr4","107300581","107300895","chr1","25957169","25957480","57","81343412"
"chr4","107485953","107486253","chr2","147684199","147684495","44","40198246"
"chr4","107525061","107525346","chr3","86114933","86115212","40","21410128"
"chr4","107768655","107768964","chr6","31032931","31033246","42","76735724"
"chr4","107810110","107810420","chr1","141836257","141836563","43","34026147"
"chr4","107827704","107828009","chr15","76198954","76199256","41","31628750"
"chr4","107926711","107927027","chr4","107441782","107442098","49","484929"
"chr4","107947986","107948280","chr1","158120682","158120981","45","50172696"
"chr4","107970969","107971278","chr22","31767114","31767422","37","76203855"
"chr4","107996614","107996917","chr13","84459624","84459931","46","23536990"
"chr4","108017557","108017848","chr4","6898633","6898927","39","101118924"
"chr4","108032701","108032993","chr4","22365048","22365343","43","85667653"
"chr4","108039254","108039556","chr1","82573654","82573943","55","25465600"
"chr4","108065916","108066149","chr12","84599765","84600001","40","23466151"
"chr4","108126522","108126827","chr3","110722560","110722863","52","2596038"
"chr4","108130438","108130743","chr1","193266464","193266759","49","85136026"
"chr4","108196042","108196339","chr5","10038314","10038610","42","98157728"
"chr4","108210562","108210845","chr2","30670517","30670793","59","77540045"
"chr4","108300749","108301052","chr13","31331915","31332215","41","76968834"
"chr4","108302423","108302700","chr8","32478813","32479091","45","75823610"
"chr4","108309357","108309649","chr5","127875197","127875486","45","19565840"
"chr4","108318803","108319100","chr4","98654388","98654681","46","9664415"
"chr4","108343618","108343929","chr5","97331411","97331721","42","11012207"
"chr4","108356408","108356710","chr20","6738536","6738830","42","101617872"
"chr4","108363868","108364181","chr16","69349930","69350236","42","39013938"
"chr4","108558047","108558353","chr3","85089196","85089498","39","23468851"
"chr4","108561696","108561818","chr4","20953082","20953204","18","87608614"
"chr4","108562127","108562331","chr6","123640360","123640561","38","15078233"
"chr4","108563628","108563940","chr20","14865737","14866041","51","93697891"
"chr4","108575974","108576276","chr10","74845402","74845704","39","33730572"
"chr4","108576681","108576991","chr5","60529593","60529894","41","48047088"
"chr4","108592446","108592759","chr1","168595556","168595859","40","60003110"
"chr4","108593229","108593523","chr22","30202132","30202421","44","78391097"
"chr4","108597580","108597851","chr6","340635","340904","40","108256945"
"chr4","108640803","108641107","chr6","17068239","17068542","44","91572564"
"chr4","108643279","108643578","chr6","150221552","150221859","38","41578273"
"chr4","108660935","108661245","chr1","168595556","168595859","43","59934621"
"chr4","108661588","108661898","chr1","201369278","201369591","41","92707690"
"chr4","108671060","108671339","chr8","32478813","32479091","47","76192247"
"chr4","108685910","108686185","chr3","182022692","182022972","39","73336782"
"chr4","108716790","108717071","chr9","98784430","98784713","40","9932360"
"chr4","108728410","108728685","chr5","76872565","76872846","47","31855845"
"chr4","108753460","108753771","chr3","84891564","84891865","44","23861896"
"chr4","108765817","108766130","chr3","84877860","84878171","46","23887957"
"chr4","108766836","108767130","chr11","123371423","123371718","36","14604587"
"chr4","108773272","108773564","chr7","103328929","103329224","47","5444343"
"chr4","108776941","108777226","chr8","1003114","1003391","59","107773827"
"chr4","108784673","108784966","chr6","6674068","6674361","42","102110605"
"chr4","108826256","108826540","chr12","17597171","17597452","36","91229085"
"chr4","108872133","108872437","chr3","84750171","84750474","43","24121962"
"chr4","108879443","108879746","chr19","26753276","26753574","37","82126167"
"chr4","108883039","108883323","chr17","65458238","65458523","59","43424801"
"chr4","108942750","108943055","chr9","11967801","11968108","36","96974949"
"chr4","108945659","108945964","chr1","184817871","184818171","37","75872212"
"chr4","109006238","109006378","chr13","20601962","20602113","34","88404276"
"chr4","109006411","109006539","chr5","112523260","112523386","15","3516849"
"chr4","109014025","109014317","chr15","41758838","41759130","43","67255187"
"chr4","109105190","109105463","chr1","15624742","15625015","37","93480448"
"chr4","109147536","109147834","chr22","16786440","16786733","39","92361096"
"chr4","109189266","109189570","chr2","171032147","171032451","41","61842881"
"chr4","109200471","109200751","chr15","16642831","16643115","48","92557640"
"chr4","109260494","109260795","chr4","15705730","15706030","40","93554764"
"chr4","109357897","109358191","chr19","23405062","23405351","41","85952835"
"chr4","109360120","109360428","chr2","171330283","171330586","42","61970163"
"chr4","109363600","109363888","chr10","8026640","8026929","35","101336960"
"chr4","109364549","109364841","chr7","49731433","49731723","44","59633116"
"chr4","109376158","109376462","chr2","81241742","81242049","46","28134416"
"chr4","109396790","109397044","chr3","84324767","84325018","36","25072023"
"chr4","109403980","109404276","chr6","93359075","93359367","38","16044905"
"chr4","109478002","109478301","chr7","6894852","6895150","38","102583150"
"chr4","109503051","109503226","chr3","53757892","53758068","31","55745159"
"chr4","109503524","109503659","chr2","40803885","40804020","19","68699639"
"chr4","109523188","109523485","chr21","37788443","37788739","43","71734745"
"chr4","109528115","109528447","chr1","148277815","148278121","70","38749700"
"chr4","109528884","109529162","chr13","97352437","97352715","49","12176447"
"chr4","109531848","109532156","chr3","106655459","106655766","49","2876389"
"chr4","109576842","109577149","chr1","189543243","189543552","43","79966401"
"chr4","109592126","109592422","chr5","63326522","63326817","33","46265604"
"chr4","109624859","109625176","chrX","15630442","15630752","46","93994417"
"chr4","109632616","109632914","chr5","86230872","86231167","34","23401744"
"chr4","109643191","109643484","chr4","88979789","88980079","39","20663402"
"chr4","109676257","109676390","chr5","1338424","1338558","18","108337833"
"chr4","109704721","109705004","chr12","84442677","84442965","46","25262044"
"chr4","109712510","109712795","chr4","121116021","121116303","39","11403511"
"chr4","109727133","109727410","chr16","92089757","92090031","32","17637376"
"chr4","109743128","109743197","chr16","9010872","9010941","7","100732256"
"chr4","109814370","109814671","chr22","1192535","1192835","37","108621835"
"chr4","109861087","109861337","chr3","83806984","83807237","42","26054103"
"chr4","109917615","109917919","chr7","6894852","6895150","36","103022763"
"chr4","109948487","109948785","chr14","63899008","63899305","47","46049479"
"chr4","109951026","109951146","chr7","62416089","62416209","12","47534937"
"chr4","109951202","109951360","chr13","20601962","20602113","36","89349240"
"chr4","109958647","109958938","chr6","104623993","104624283","41","5334654"
"chr4","110000001","110000270","chr2","167384406","167384674","45","57384405"
"chr4","110009953","110010288","chr4","139472435","139472735","76","29462482"
"chr4","110032848","110033163","chr1","10220159","10220478","45","99812689"
"chr4","110112591","110112898","chr13","84459624","84459931","36","25652967"
"chr4","110117955","110118257","chr6","17068239","17068542","39","93049716"
"chr4","110132545","110132852","chr2","18360128","18360420","55","91772417"
"chr4","110174165","110174465","chr3","83475906","83476202","37","26698259"
"chr4","110186540","110186823","chr20","23552539","23552838","52","86634001"
"chr4","110220845","110221141","chr11","67036150","67036441","43","43184695"
"chr4","110242498","110242796","chr14","97917073","97917368","44","12325425"
"chr4","110243550","110243860","chrX","35289377","35289681","46","74954173"
"chr4","110268188","110268497","chr3","83378470","83378787","49","26889718"
"chr4","110274028","110274163","chr9","108745130","108745264","16","1528898"
"chr4","110288220","110288306","chr2","166044249","166044335","8","55756029"
"chr4","110294002","110294290","chr5","116508981","116509268","39","6214979"
"chr4","110300314","110300628","chr11","108948769","108949075","52","1351545"
"chr4","110315832","110316082","chr7","43989282","43989541","40","66326550"
"chr4","110334091","110334394","chr1","135983511","135983815","43","25649420"
"chr4","110375856","110376173","chr13","18393383","18393690","55","91982473"
"chr4","110413589","110413896","chr11","62524467","62524774","47","47889122"
"chr4","110440812","110441118","chr2","9886138","9886441","47","100554674"
"chr4","110463298","110463600","chr5","84717109","84717410","51","25746189"
"chr4","110466416","110466717","chr12","28553718","28554019","50","81912698"
"chr4","110495439","110495724","chr14","77766834","77767117","33","32728605"
"chr4","110525994","110526291","chr7","6894852","6895150","33","103631142"
"chr4","110703191","110703485","chr5","63326522","63326817","45","47376669"
"chr4","110802585","110802886","chr2","9745444","9745747","48","101057141"
"chr4","110882214","110882477","chr16","92089757","92090031","46","18792457"
"chr4","111069882","111070174","chr7","10008256","10008555","50","101061626"
"chr4","111090841","111091144","chr1","168595556","168595859","48","57504715"
"chr4","111221861","111222153","chr4","38174355","38174645","59","73047506"
"chr4","111310998","111311308","chr7","66105076","66105385","44","45205922"
"chr4","111375404","111375698","chr4","42981138","42981412","62","68394266"
"chr4","111419711","111419734","chr10","17789322","17789342","8","93630389"
"chr4","111419764","111420046","chr1","202394399","202394681","41","90974635"
"chr4","111464759","111465039","chr3","82246046","82246313","53","29218713"
"chr4","111574318","111574586","chr7","25593493","25593760","39","85980825"
"chr4","111741664","111741962","chr10","16033492","16033786","39","95708172"
"chr4","111953835","111954132","chrX","107702388","107702686","36","4251447"
"chr4","112055929","112056237","chr2","31372053","31372354","46","80683876"
"chr4","112075688","112075978","chr15","37619139","37619418","39","74456549"
"chr4","112120572","112120881","chr1","178591743","178592033","62","66471171"
"chr4","112137258","112137542","chr5","26967484","26967769","56","85169774"
"chr4","112160129","112160424","chr14","98989660","98989955","40","13170469"
"chr4","112201060","112201354","chr4","16350054","16350344","46","95851006"
"chr4","112237446","112237758","chr3","153217268","153217573","50","40979822"
"chr4","112313441","112313730","chr2","72221187","72221480","42","40092254"
"chr4","112334151","112334462","chr3","153217268","153217573","42","40883117"
"chr4","112367905","112368208","chr13","9605244","9605533","54","102762661"
"chr4","112408474","112408773","chr5","94234310","94234606","38","18174164"
"chr4","112411224","112411524","chr1","185163214","185163513","39","72751990"
"chr4","112455306","112455579","chr3","111736801","111737080","41","718505"
"chr4","112496046","112496357","chr5","93732459","93732776","43","18763587"
"chr4","112506164","112506448","chr3","81133838","81134121","41","31372326"
"chr4","112507709","112507999","chr15","7791743","7792038","44","104715966"
"chr4","112525608","112525916","chr6","135628578","135628888","50","23102970"
"chr4","112527436","112527727","chr5","96729012","96729299","37","15798424"
"chr4","112532892","112533197","chrX","47176701","47177007","39","65356191"
"chr4","112551998","112552303","chr3","106655459","106655766","38","5896539"
"chr4","112558358","112558658","chr15","17424364","17424665","41","95133994"
"chr4","112594453","112594752","chr10","16033492","16033786","33","96560961"
"chr4","112596933","112597232","chr3","81039130","81039425","44","31557803"
"chr4","112597601","112597885","chr17","42857352","42857640","46","69740249"
"chr4","112603941","112604235","chr1","148395182","148395475","37","35791241"
"chr4","112611121","112611427","chr3","106655459","106655766","37","5955662"
"chr4","112613013","112613309","chr6","134491241","134491536","43","21878228"
"chr4","112622243","112622540","chr6","17068239","17068542","38","95554004"
"chr4","112624234","112624473","chr11","120908157","120908415","48","8283923"
"chr4","112629390","112629692","chr1","27883875","27884177","51","84745515"
"chr4","112638014","112638303","chr7","24309092","24309382","47","88328922"
"chr4","112639952","112640238","chr15","71815852","71816139","42","40824100"
"chr4","112656123","112656445","chr9","38076263","38076572","61","74579860"
"chr4","112701452","112701753","chr1","96660011","96660313","43","16041441"
"chr4","112702394","112702699","chrX","139679220","139679525","51","26976826"
"chr4","112725358","112725659","chr6","17068239","17068542","32","95657119"
"chr4","112753816","112754110","chr12","100785810","100786105","28","11968006"
"chr4","112767280","112767566","chr5","31371357","31371639","46","81395923"
"chr4","112775245","112775515","chr8","110391467","110391740","39","2383778"
"chr4","112790476","112790786","chr3","80822966","80823259","47","31967510"
"chr4","112793697","112793996","chr3","80819756","80820071","48","31973941"
"chr4","112796517","112796649","chr1","150971129","150971260","24","38174612"
"chr4","112815050","112815179","chr4","35313786","35313908","20","77501264"
"chr4","112832078","112832352","chr8","97250964","97251235","52","15581114"
"chr4","112856446","112856740","chr20","27822433","27822727","29","85034013"
"chr4","112914339","112914631","chr14","105224271","105224557","50","7690068"
"chr4","112992149","112992443","chr10","14603732","14604030","31","98388417"
"chr4","112993713","112994007","chr1","41764979","41765271","40","71228734"
"chr4","113020546","113020840","chr5","38614488","38614784","40","74406058"
"chr4","113136762","113137037","chr19","35914761","35915038","39","77222001"
"chr4","113221378","113221678","chr11","19953198","19953505","38","93268180"
"chr4","113393905","113394170","chr10","5497465","5497725","46","107896440"
"chr4","113431297","113431591","chr3","80162736","80163028","39","33268561"
"chr4","113450139","113450424","chr15","83010481","83010777","56","30439658"
"chr4","113496447","113496746","chr3","20614168","20614469","46","92882279"
"chr4","113565369","113565669","chr7","6894852","6895150","37","106670517"
"chr4","113598687","113598938","chr3","79991840","79992108","53","33606847"
"chr4","113617186","113617488","chr1","27883875","27884177","55","85733311"
"chr4","113685782","113686076","chr7","63062538","63062830","37","50623244"
"chr4","113691475","113691779","chr10","29378395","29378705","47","84313080"
"chr4","113708727","113709021","chr14","21608481","21608771","42","92100246"
"chr4","113716368","113716670","chr2","7440171","7440473","40","106276197"
"chr4","113735170","113735493","chr22","41857491","41857814","66","71877679"
"chr4","113903937","113904229","chr5","67111187","67111473","44","46792750"
"chr4","114128163","114128417","chr20","1200518","1200779","49","112927645"
"chr4","114207998","114208309","chr6","17068239","17068542","49","97139759"
"chr4","114322903","114323107","chr21","49804306","49804510","28","64518597"
"chr4","114368082","114368390","chr3","2808599","2808903","45","111559483"
"chr4","114478083","114478361","chr15","58592468","58592749","51","55885615"
"chr4","114628134","114628437","chr4","45361414","45361713","46","69266720"
"chr4","114635128","114635363","chr1","200633262","200633498","36","85998134"
"chr4","114680913","114681222","chr5","94532768","94533076","45","20148145"
"chr4","114793316","114793651","chr13","18130900","18131229","60","96662416"
"chr4","114887957","114888217","chr22","27309991","27310258","47","87577966"
"chr4","115005795","115006061","chr4","88162872","88163136","44","26842923"
"chr4","115048677","115048938","chr7","70006711","70006972","39","45041966"
"chr4","115069623","115069909","chr5","114168738","114169033","56","900885"
"chr4","115070823","115071142","chr1","184817871","184818171","54","69747048"
"chr4","115226549","115226672","chr5","95721121","95721237","24","19505428"
"chr4","115881474","115881785","chr9","11967801","11968108","42","103913673"
"chr4","115884904","115885036","chr4","71763764","71763896","20","44121140"
"chr4","116117798","116118106","chr21","31104707","31105000","66","85013091"
"chr4","116213339","116213464","chr4","66217912","66218040","19","49995427"
"chr4","116507758","116508058","chr2","151564441","151564740","44","35056683"
"chr4","116654240","116654558","chr3","76988416","76988729","53","39665824"
"chr4","116741907","116742203","chr3","52458374","52458671","34","64283533"
"chr4","116895304","116895584","chr19","16266278","16266559","42","100629026"
"chr4","116906628","116906921","chr3","142738386","142738676","50","25831758"
"chr4","117002151","117002475","chr2","14723039","14723343","63","102279112"
"chr4","117004761","117005068","chr13","16635261","16635571","62","100369500"
"chr4","117056752","117057062","chr11","125799128","125799440","44","8742376"
"chr4","117120687","117120898","chr5","40755265","40755478","26","76365422"
"chr4","117153677","117153938","chr2","7000774","7001034","48","110152903"
"chr4","117212379","117212674","chr1","98572733","98573027","44","18639646"
"chr4","117393096","117393385","chr5","109457317","109457606","40","7935779"
"chr4","117494035","117494336","chr6","43666330","43666629","41","73827705"
"chr4","117861349","117861649","chr21","40584762","40585072","39","77276587"
"chr4","118012506","118012803","chr14","81732110","81732406","53","36280396"
"chr4","118278166","118278404","chr22","31518540","31518771","38","86759626"
"chr4","118292773","118293020","chr22","12679261","12679505","46","105613512"
"chr4","118302463","118302725","chrX","107074395","107074658","39","11228068"
"chr4","118369742","118370048","chr9","42427653","42427954","46","75942089"
"chr4","118378589","118378870","chr10","60017760","60018041","34","58360829"
"chr4","118383500","118383795","chr20","27822433","27822727","32","90561067"
"chr4","118387845","118388136","chr5","38614488","38614784","38","79773357"
"chr4","118402006","118402292","chr5","14274789","14275072","51","104127217"
"chr4","118446363","118446669","chr10","14603732","14604030","51","103842631"
"chr4","118455991","118456297","chr6","17068239","17068542","41","101387752"
"chr4","118460428","118460731","chr15","63729450","63729748","46","54730978"
"chr4","118505898","118506194","chr13","39885762","39886059","38","78620136"
"chr4","118506998","118507300","chr11","120504799","120505095","44","1997801"
"chr4","118531464","118531761","chr7","6894852","6895150","42","111636612"
"chr4","118579204","118579499","chr5","136750937","136751240","39","18171733"
"chr4","118594792","118594952","chrX","106480049","106480214","27","12114743"
"chr4","118595258","118595393","chr4","43236196","43236331","15","75359062"
"chr4","118600093","118600398","chr6","17068239","17068542","42","101531854"
"chr4","118641846","118642115","chr2","7914935","7915205","43","110726911"
"chr4","118668497","118668797","chr6","17068239","17068542","40","101600258"
"chr4","118690397","118690702","chr22","33981676","33981980","37","84708721"
"chr4","118702495","118702788","chr4","37414221","37414521","49","81288274"
"chr4","118707382","118707683","chr22","28997304","28997607","32","89710078"
"chr4","118707839","118708117","chr6","8827125","8827411","49","109880714"
"chr4","118712336","118712636","chr16","33828417","33828713","36","84883919"
"chr4","118734205","118734511","chr7","80635889","80636195","40","38098316"
"chr4","118736022","118736304","chr18","5382908","5383205","45","113353114"
"chr4","118783921","118784044","chr3","75066732","75066853","15","43717189"
"chr4","118831023","118831324","chrX","22494263","22494554","51","96336760"
"chr4","118885470","118885781","chr6","17068239","17068542","42","101817231"
"chr4","118942825","118943120","chr10","16033492","16033786","32","102909333"
"chr4","118949461","118949750","chr1","200649525","200649806","48","81700064"
"chr4","119014141","119014434","chr12","20797449","20797750","38","98216692"
"chr4","119022347","119022512","chr6","59361717","59361896","40","59660630"
"chr4","119022539","119022655","chr22","14303607","14303722","17","104718932"
"chr4","119043656","119043964","chr5","2057306","2057619","45","116986350"
"chr4","119055146","119055453","chr5","39910644","39910945","42","79144502"
"chr4","119068129","119068426","chr14","43386246","43386546","44","75681883"
"chr4","119216098","119216394","chr9","109143507","109143803","40","10072591"
"chr4","119258999","119259295","chr12","31122344","31122642","39","88136655"
"chr4","119297455","119297756","chr5","122186797","122187095","52","2889342"
"chr4","119357816","119358110","chr3","26184416","26184709","36","93173400"
"chr4","119373956","119374262","chr5","26961498","26961795","45","92412458"
"chr4","119376184","119376492","chr2","49818850","49819159","41","69557334"
"chr4","119391149","119391459","chr3","26158677","26158981","47","93232472"
"chr4","119445637","119445942","chr1","168595556","168595859","46","49149919"
"chr4","119450666","119450801","chr4","43236196","43236331","12","76214470"
"chr4","119451103","119451281","chr17","34108233","34108402","32","85342870"
"chr4","119501323","119501591","chr3","30682515","30682792","51","88818808"
"chr4","119531275","119531576","chrX","14791897","14792198","39","104739378"
"chr4","119588164","119588476","chr22","40224697","40225003","45","79363467"
"chr4","119746461","119746762","chr1","138077483","138077787","45","18331022"
"chr4","119791375","119791704","chr14","85439538","85439863","58","34351837"
"chr4","119906739","119907030","chr4","38209077","38209362","41","81697662"
"chr4","119956214","119956505","chr7","70755193","70755479","39","49201021"
"chr4","120024662","120024954","chr12","51132704","51132997","40","68891958"
"chr4","120042335","120042635","chr3","73971272","73971573","36","46071063"
"chr4","120087017","120087305","chr14","76535668","76535952","53","43551349"
"chr4","120180115","120180396","chr12","18122313","18122592","37","102057802"
"chr4","120224657","120224955","chr16","33828417","33828713","47","86396240"
"chr4","120232649","120232937","chr1","201839779","201840070","48","81607130"
"chr4","120240008","120240313","chr3","106655459","106655766","44","13584549"
"chr4","120305405","120305706","chr2","71510040","71510335","49","48795365"
"chr4","120394690","120394992","chr2","68886400","68886700","50","51508290"
"chr4","120582336","120582657","chr2","116763127","116763440","55","3819209"
"chr4","120639532","120639831","chr15","6011216","6011510","44","114628316"
"chr4","120727654","120727955","chr12","83078942","83079243","41","37648712"
"chr4","120795631","120795924","chr19","24203448","24203737","41","96592183"
"chr4","120843051","120843338","chr3","188219301","188219587","46","67376250"
"chr4","120861024","120861307","chr5","32929108","32929393","51","87931916"
"chr4","120861516","120861824","chr1","156164792","156165101","40","35303276"
"chr4","120873001","120873299","chr5","92511557","92511857","48","28361444"
"chr4","120885513","120885812","chr7","87849905","87850200","42","33035608"
"chr4","120903908","120904213","chr3","106655459","106655766","38","14248449"
"chr4","120957625","120957926","chr6","17068239","17068542","43","103889386"
"chr4","121006881","121007135","chrX","117776653","117776896","41","3230228"
"chr4","121093573","121093760","chr11","66005506","66005693","34","55088067"
"chr4","121117564","121117848","chr5","115935014","115935288","53","5182550"
"chr4","121131663","121131934","chr3","72871286","72871549","47","48260377"
"chr4","121158960","121159243","chr9","1932661","1932946","40","119226299"
"chr4","121171723","121172032","chr1","138704511","138704815","39","17532788"
"chr4","121173637","121173930","chr1","181618034","181618324","45","60444397"
"chr4","121293826","121294132","chr3","106655459","106655766","51","14638367"
"chr4","121573764","121574062","chr6","43666330","43666629","33","77907434"
"chr4","121645138","121645290","chr22","7803329","7803480","19","113841809"
"chr4","121692954","121693260","chr2","171330283","171330586","46","49637329"
"chr4","121722511","121722806","chr22","3416183","3416483","46","118306328"
"chr4","121726006","121726312","chr7","55940898","55941201","44","65785108"
"chr4","121733245","121733542","chr5","94234310","94234606","46","27498935"
"chr4","121744929","121745231","chr3","72240352","72240657","43","49504577"
"chr4","121773061","121773362","chr8","84523546","84523843","46","37249515"
"chr4","121795200","121795476","chr10","101732804","101733077","38","20062396"
"chr4","121797819","121798116","chr8","31007177","31007473","33","90790642"
"chr4","121798117","121798412","chr14","5921690","5921981","37","115876427"
"chr4","121819930","121820240","chr6","17068239","17068542","35","104751691"
"chr4","121830128","121830418","chr22","29825053","29825352","46","92005075"
"chr4","121836960","121837262","chr15","5688723","5689022","46","116148237"
"chr4","121857797","121858105","chr3","106655459","106655766","45","15202338"
"chr4","121926399","121926706","chr3","72041636","72041945","38","49884763"
"chr4","121991513","121991822","chr3","71970773","71971075","39","50020740"
"chr4","122007628","122007929","chr10","16033492","16033786","49","105974136"
"chr4","122102176","122102468","chr3","15515987","15516279","43","106586189"
"chr4","122137433","122137628","chr19","13498566","13498747","41","108638867"
"chr4","122137655","122137775","chr7","62416089","62416209","14","59721566"
"chr4","122155325","122155621","chr3","71786735","71787033","40","50368590"
"chr4","122200297","122200602","chr22","28997304","28997607","42","93202993"
"chr4","122278665","122278929","chrX","39387728","39387995","55","82890937"
"chr4","122352350","122352659","chr10","23365070","23365380","40","98987280"
"chr4","122370400","122370645","chr1","75454262","75454514","52","46916138"
"chr4","122373154","122373447","chr5","114198565","114198860","41","8174589"
"chr4","122533405","122533692","chr20","27529242","27529530","49","95004163"
"chr4","122554642","122554935","chr22","27130661","27130953","43","95423981"
"chr4","122685635","122685944","chr21","40584762","40585072","43","82100873"
"chr4","122709649","122709954","chr15","49359997","49360293","44","73349652"
"chr4","122763538","122763881","chr6","17068239","17068542","73","105695299"
"chr4","122767699","122768010","chr3","71167947","71168253","44","51599752"
"chr4","122816313","122816631","chr9","103532999","103533309","45","19283314"
"chr4","122819197","122819495","chr16","33828417","33828713","43","88990780"
"chr4","122884212","122884536","chr6","40009056","40009364","53","82875156"
"chr4","122907126","122907434","chr2","18780256","18780558","47","104126870"
"chr4","122961508","122961795","chr3","70984165","70984453","42","51977343"
"chr4","122964222","122964518","chr6","4245255","4245549","38","118718967"
"chr4","123169518","123169780","chr12","4286115","4286374","40","118883403"
"chr4","123179938","123180244","chr13","39885762","39886059","49","83294176"
"chr4","123384690","123385006","chr11","123924507","123924822","44","539817"
"chr4","123413738","123414012","chr10","128001955","128002239","44","4588217"
"chr4","123439212","123439501","chr1","145176527","145176816","36","21737315"
"chr4","123448394","123448688","chr14","97917073","97917368","56","25531321"
"chr4","123485222","123485532","chr9","102725942","102726249","44","20759280"
"chr4","123493700","123494007","chr15","20913964","20914267","42","102579736"
"chr4","123506874","123507159","chr3","70504634","70504922","47","53002240"
"chr4","123603492","123603799","chr9","11967801","11968108","36","111635691"
"chr4","123608051","123608357","chr5","60529593","60529894","44","63078458"
"chr4","123622970","123623279","chr2","11877098","11877404","38","111745872"
"chr4","123830276","123830584","chr6","132767618","132767935","41","8937342"
"chr4","124316778","124317071","chr2","47050706","47050995","48","77266072"
"chr4","124387945","124388240","chr7","80111074","80111377","69","44276871"
"chr4","124431129","124431404","chrX","17543907","17544194","49","106887222"
"chr4","124452694","124452994","chr1","99819021","99819322","40","24633673"
"chr4","124513450","124513732","chr5","94664013","94664296","44","29849437"
"chr4","124758243","124758536","chr3","69157383","69157676","46","55600860"
"chr4","124772363","124772703","chr15","24667163","24667483","64","100105200"
"chr4","124776610","124776896","chr3","80959478","80959762","46","43817132"
"chr4","124856271","124856564","chr4","162252003","162252294","42","37395732"
"chr4","124893090","124893375","chr3","68977480","68977768","61","55915610"
"chr4","124925809","124926091","chr2","113442969","113443263","50","11482840"
"chr4","124946939","124947173","chr12","21226755","21226996","53","103720184"
"chr4","124989400","124989689","chr2","179315904","179316198","45","54326504"
"chr4","125038519","125038836","chr22","40339324","40339631","53","84699195"
"chr4","125196981","125197259","chr4","155495685","155495965","40","30298704"
"chr4","125587703","125588021","chr9","100258454","100258773","46","25329249"
"chr4","125592205","125592495","chr5","94234310","94234606","44","31357895"
"chr4","125600860","125600996","chr7","94914850","94914984","16","30686010"
"chr4","125698496","125698727","chr4","45098246","45098479","39","80600250"
"chr4","125738077","125738370","chr13","95665824","95666115","41","30072253"
"chr4","125742329","125742619","chr1","135216932","135217218","58","9474603"
"chr4","125759329","125759642","chr6","17068239","17068542","47","108691090"
"chr4","125786643","125786966","chr4","144507891","144508207","61","18721248"
"chr4","125851212","125851506","chr3","181768830","181769124","51","55917618"
"chr4","125980782","125981054","chrX","90546446","90546718","46","35434336"
"chr4","126171325","126171638","chr3","106655459","106655766","49","19515866"
"chr4","126322556","126322805","chr7","58441225","58441463","44","67881331"
"chr4","126469672","126469972","chr9","35373116","35373420","41","91096556"
"chr4","126471917","126472207","chr7","49560480","49560768","50","76911437"
"chr4","126536236","126536531","chr6","17068239","17068542","50","109467997"
"chr4","126618988","126619301","chr6","17068239","17068542","41","109550749"
"chr4","126640082","126640408","chr11","118075028","118075334","57","8565054"
"chr4","126740041","126740341","chr12","27144986","27145284","38","99595055"
"chr4","126744172","126744482","chr10","117669281","117669589","47","9074891"
"chr4","126782757","126783056","chr5","26961498","26961795","44","99821259"
"chr4","126873016","126873319","chr7","87305539","87305840","43","39567477"
"chr4","126900551","126900856","chr7","58166645","58166955","45","68733906"
"chr4","126935115","126935417","chr7","53020683","53020971","51","73914432"
"chr4","126946292","126946569","chr3","66835559","66835837","43","60110733"
"chr4","126988324","126988492","chrUn_GL286397","305059","305228","31","126683265"
"chr4","126988521","126988615","chr1","180301927","180302017","14","53313406"
"chr4","127059061","127059365","chr5","38771450","38771759","43","88287611"
"chr4","127084400","127084693","chr16","64725351","64725644","43","62359049"
"chr4","127220953","127221256","chr5","143575904","143576201","43","16354951"
"chr4","127231165","127231447","chr2","28245144","28245427","38","98986021"
"chr4","127284072","127284308","chr2","16166767","16167002","37","111117305"
"chr4","127520670","127520974","chr3","177773552","177773857","42","50252882"
"chr4","127565816","127566109","chrX","140618578","140618869","42","13052762"
"chr4","127588196","127588502","chr12","12071873","12072177","45","115516323"
"chr4","127612882","127613172","chr16","91604004","91604295","42","36008878"
"chr4","127695328","127695543","chr14","83154902","83155117","39","44540426"
"chr4","127887898","127888207","chr5","2080907","2081217","46","125806991"
"chr4","127906676","127906976","chr4","15705730","15706030","33","112200946"
"chr4","127907003","127907309","chr1","174132039","174132344","42","46225036"
"chr4","127913381","127913690","chr9","11967801","11968108","45","115945580"
"chr4","127928051","127928418","chr15","86837589","86837930","89","41090462"
"chr4","127939335","127939632","chrX","47154768","47155058","60","80784567"
"chr4","127950776","127951085","chrX","47176701","47177007","48","80774075"
"chr4","127962216","127962475","chr9","106988297","106988550","48","20973919"
"chr4","127972563","127972705","chr4","26022910","26023045","16","101949653"
"chr4","127975844","127976117","chr9","107321008","107321282","51","20654836"
"chr4","127987071","127987357","chr13","101137023","101137310","38","26850048"
"chr4","127987428","127987736","chr7","144982540","144982842","45","16995112"
"chr4","127991254","127991522","chrUn_GL286838","5758","6037","48","127985496"
"chr4","127994893","127995179","chrX","17243808","17244094","36","110751085"
"chr4","128004947","128005236","chr5","109443296","109443591","37","18561651"
"chr4","128011981","128012276","chr7","117600195","117600493","35","10411786"
"chr4","128012784","128013086","chr6","17068239","17068542","42","110944545"
"chr4","128016493","128016791","chr1","193266464","193266759","39","65249971"
"chr4","128016918","128017217","chr2","3902304","3902601","44","124114614"
"chr4","128026779","128027082","chr1","82669756","82670065","42","45357023"
"chr4","128029542","128029838","chr18","5141985","5142278","38","122887557"
"chr4","128057956","128058251","chr1","148395182","148395475","35","20337226"
"chr4","128059649","128059930","chr5","38801240","38801522","40","89258409"
"chr4","128070682","128070825","chr22","39824799","39824947","35","88245883"
"chr4","128073573","128073889","chr12","120575871","120576182","49","7497702"
"chr4","128077217","128077498","chr4","155495685","155495965","42","27418468"
"chr4","128078334","128078612","chr5","75030413","75030685","50","53047921"
"chr4","128087023","128087220","chrX","47514970","47515166","30","80572053"
"chr4","128101192","128101386","chrX","47514970","47515166","31","80586222"
"chr4","128101647","128101778","chr20","39399194","39399327","16","88702453"
"chr4","128126114","128126422","chr22","29825053","29825352","37","98301061"
"chr4","128132259","128132545","chr7","79364610","79364894","36","48767649"
"chr4","128134823","128135098","chr20","29471461","29471743","44","98663362"
"chr4","128148620","128148926","chr3","177888845","177889151","51","49740225"
"chr4","128151609","128151903","chrX","994984","995276","36","127156625"
"chr4","128169659","128169935","chr19","4188463","4188738","34","123981196"
"chr4","128212362","128212678","chr8","89746565","89746876","39","38465797"
"chr4","128236748","128237046","chr2","59575387","59575683","51","68661361"
"chr4","128246878","128247174","chr5","100066135","100066427","55","28180743"
"chr4","128274243","128274537","chr10","46768669","46768960","52","81505574"
"chr4","128283977","128284110","chr10","98643557","98643688","13","29640420"
"chr4","128321020","128321307","chrX","45348560","45348849","47","82972460"
"chr4","128336463","128336731","chr3","65254229","65254498","33","63082234"
"chr4","128341846","128342098","chr13","9073423","9073678","38","119268423"
"chr4","128383027","128383332","chr3","65198257","65198562","29","63184770"
"chr4","128458210","128458495","chr2","95496870","95497166","62","32961340"
"chr4","128525150","128525456","chr5","94532768","94533076","38","33992382"
"chr4","128577442","128577746","chr3","64974100","64974407","34","63603342"
"chr4","128603460","128603749","chr3","64946408","64946715","51","63657052"
"chr4","128621423","128621693","chr1","98387435","98387704","39","30233988"
"chr4","128624299","128624599","chr3","64927811","64928103","43","63696488"
"chr4","128629285","128629552","chr10","85088466","85088732","45","43540819"
"chr4","128648697","128649015","chr12","83078942","83079243","48","45569755"
"chr4","128667038","128667348","chr7","53651921","53652230","40","75015117"
"chr4","128696378","128696661","chr12","29333369","29333657","49","99363009"
"chr4","128703026","128703333","chr3","106655459","106655766","41","22047567"
"chr4","128704973","128705267","chr4","168156555","168156848","37","39451582"
"chr4","128730946","128731253","chr19","25591314","25591622","48","103139632"
"chr4","128741228","128741523","chr7","44282663","44282962","48","84458565"
"chr4","128743579","128743891","chr15","24683449","24683755","49","104060130"
"chr4","128749195","128749319","chr4","20953082","20953204","15","107796113"
"chr4","128750898","128751212","chrX","122250423","122250744","54","6500475"
"chr4","128752522","128752827","chr2","171330283","171330586","48","42577761"
"chr4","128760264","128760548","chr7","113470784","113471078","42","15289480"
"chr4","128763167","128763476","chr22","34293384","34293683","41","94469783"
"chr4","128763655","128763964","chr14","46372540","46372849","41","82391115"
"chr4","128776358","128776665","chr6","17068239","17068542","37","111708119"
"chr4","128794755","128795065","chr12","27257719","27258031","41","101537036"
"chr4","128820115","128820410","chrX","107273049","107273349","31","21547066"
"chr4","128845633","128845937","chr5","26961498","26961795","48","101884135"
"chr4","128848176","128848474","chr11","123969355","123969658","41","4878821"
"chr4","128864149","128864437","chr3","64666301","64666586","43","64197848"
"chr4","128891644","128891944","chr4","11141283","11141584","43","117750361"
"chr4","128923172","128923465","chr22","28997304","28997607","37","99925868"
"chr4","128925346","128925623","chr4","13548026","13548304","40","115377320"
"chr4","129041744","129042046","chr13","114718297","114718592","39","14323447"
"chr4","129067514","129067810","chr15","24649508","24649805","42","104418006"
"chr4","129082912","129083216","chr1","174405210","174405519","47","45322298"
"chr4","129461668","129461694","chr11","7876116","7876134","10","121585552"
"chr4","129462398","129462509","chr22","45156812","45156926","13","84305586"
"chr4","129611605","129611924","chr6","17068239","17068542","56","112543366"
"chr4","129665078","129665351","chr8","32901710","32901981","46","96763368"
"chr4","129849624","129849916","chr12","98175864","98176149","43","31673760"
"chr4","129969866","129970167","chr1","168636353","168636646","50","38666487"
"chr4","130042373","130042678","chr2","13941060","13941364","50","116101313"
"chr4","130122496","130122802","chr4","30880097","30880395","51","99242399"
"chr4","130181272","130181424","chr4","168083457","168083606","24","37902185"
"chr4","130253138","130253265","chr5","139740366","139740492","20","9487228"
"chr4","130281974","130282251","chr10","58850073","58850333","61","71431901"
"chr4","130427904","130428208","chr15","17053141","17053444","44","113374763"
"chr4","130462339","130462606","chr4","155962523","155962803","46","25500184"
"chr4","130466052","130466349","chr14","36994514","36994806","46","93471538"
"chr4","130544010","130544317","chr3","62711503","62711818","48","67832507"
"chr4","130547017","130547321","chr2","7440171","7440473","45","123106846"
"chr4","130553983","130554292","chr3","164847444","164847753","48","34293461"
"chr4","130564389","130564700","chr3","106655459","106655766","56","23908930"
"chr4","130665413","130665672","chr6","17285930","17286191","44","113379483"
"chr4","130802640","130802951","chr4","139472435","139472735","58","8669795"
"chr4","130912726","130913033","chr5","2508969","2509278","38","128403757"
"chr4","130959300","130959584","chr7","49560480","49560768","51","81398820"
"chr4","131023084","131023381","chr5","63326522","63326817","50","67696562"
"chr4","131175904","131176193","chrX","17543907","17544194","43","113631997"
"chr4","131306055","131306349","chr4","156698023","156698319","48","25391968"
"chr4","131464612","131464888","chr2","39544771","39545056","48","91919841"
"chr4","131551837","131552143","chr6","43666330","43666629","50","87885507"
"chr4","131591066","131591379","chr1","137129532","137129843","59","5538466"
"chr4","131602149","131602445","chr10","16033492","16033786","46","115568657"
"chr4","131771034","131771341","chr6","7892688","7892995","49","123878346"
"chr4","131920471","131920757","chrX","106830287","106830578","41","25090184"
"chr4","131979628","131979929","chr4","161992918","161993218","43","30013290"
"chr4","131986171","131986461","chr2","10593959","10594242","46","121392212"
"chr4","132138143","132138453","chr3","61187280","61187583","45","70950863"
"chr4","132162262","132162560","chr8","91026095","91026389","57","41136167"
"chr4","132216794","132217105","chr21","40584762","40585072","38","91632032"
"chr4","132268872","132269165","chr8","97827393","97827690","38","34441479"
"chr4","132323041","132323326","chr3","165952461","165952745","44","33629420"
"chr4","132339309","132339607","chr10","27398526","27398820","42","104940783"
"chr4","132340211","132340486","chr7","59174909","59175184","41","73165302"
"chr4","132377173","132377310","chr5","5975577","5975714","24","126401596"
"chr4","132920668","132920947","chr10","75033486","75033768","42","57887182"
"chr4","132941384","132941698","chr3","119208858","119209170","55","13732526"
"chr4","132989071","132989351","chr5","116937633","116937915","50","16051438"
"chr4","133046882","133047209","chr12","25586511","25586813","68","107460371"
"chr4","133184341","133184627","chr17","64377379","64377665","54","68806962"
"chr4","133218681","133218991","chr1","25957169","25957480","52","107261512"
"chr4","133397331","133397597","chr6","31097762","31098026","49","102299569"
"chr4","133422406","133422706","chr11","124429251","124429550","49","8993155"
"chr4","133441031","133441314","chr4","35645392","35645686","46","97795639"
"chr4","133743875","133744172","chr9","109143507","109143803","49","24600368"
"chr4","133763474","133763730","chr10","102038529","102038788","48","31724945"
"chr4","133764527","133764824","chr10","79313181","79313476","38","54451346"
"chr4","133980876","133981174","chr4","80709967","80710260","49","53270909"
"chr4","134025049","134025330","chr11","110533024","110533298","50","23492025"
"chr4","134473028","134473331","chr22","10306224","10306530","41","124166804"
"chr4","134516721","134517036","chr22","31576847","31577160","64","102939874"
"chr4","134563002","134563295","chr11","64202797","64203093","46","70360205"
"chr4","134581956","134582268","chr2","5160424","5160730","45","129421532"
"chr4","134630784","134631099","chrX","122250423","122250744","48","12380361"
"chr4","134634384","134634675","chr22","36966472","36966764","51","97667912"
"chr4","134787629","134787963","chr5","128080562","128080880","65","6707067"
"chr4","134795740","134796040","chr8","29410203","29410501","53","105385537"
"chr4","134861418","134861555","chr3","58358772","58358912","19","76502646"
"chr4","135060173","135060456","chr4","11116373","11116655","57","123943800"
"chr4","135200894","135201198","chr12","28553718","28554019","39","106647176"
"chr4","135332126","135332411","chr21","46924430","46924714","51","88407696"
"chr4","135417270","135417519","chr14","33436000","33436248","44","101981270"
"chr4","135445506","135445810","chr5","43482234","43482540","49","91963272"
"chr4","135515707","135516017","chr11","123924507","123924822","44","11591200"
"chr4","135620408","135620717","chr22","15341421","15341725","46","120278987"
"chr4","135746536","135746801","chr3","57513220","57513478","57","78233316"
"chr4","135801701","135801981","chr2","5028508","5028786","57","130773193"
"chr4","135953543","135953839","chr1","201005877","201006175","57","65052334"
"chr4","136110491","136110785","chrX","17243808","17244094","50","118866683"
"chr4","136194142","136194451","chr3","106655459","106655766","48","29538683"
"chr4","136292317","136292612","chr7","72079376","72079671","36","64212941"
"chr4","136307260","136307364","chr2","158411337","158411441","14","22104077"
"chr4","136390286","136390595","chr5","15879188","15879493","54","120511098"
"chr4","136463329","136463630","chrX","46751776","46752069","49","89711553"
"chr4","136483385","136483678","chr1","98572733","98573027","41","37910652"
"chr4","136542342","136542622","chr6","129093159","129093439","50","7449183"
"chr4","136625648","136625948","chr5","82166217","82166519","56","54459431"
"chr4","136868990","136869298","chr11","131320","131622","47","136737670"
"chr4","137144022","137144331","chr5","15342496","15342804","46","121801526"
"chr4","137222394","137222660","chrX","91595266","91595539","37","45627128"
"chr4","137328937","137329225","chr3","26688498","26688781","53","110640439"
"chr4","137369313","137369623","chr3","108570361","108570666","46","28798952"
"chr4","137384873","137385181","chr6","17068239","17068542","49","120316634"
"chr4","137427762","137428072","chr3","55740605","55740919","54","81687157"
"chr4","137446753","137447044","chr11","123371423","123371718","34","14075330"
"chr4","137471334","137471639","chrX","47176701","47177007","63","90294633"
"chr4","137508613","137508916","chr3","55677135","55677431","44","81831478"
"chr4","137509770","137510064","chr5","96441121","96441410","40","41068649"
"chr4","137516590","137516894","chr7","75230302","75230607","45","62286288"
"chr4","137550210","137550541","chr5","89480509","89480815","66","48069701"
"chr4","137562932","137563236","chr12","50172288","50172590","64","87390644"
"chr4","137566736","137567052","chr5","158739281","158739596","60","21172545"
"chr4","137634426","137634707","chr4","37824304","37824582","42","99810122"
"chr4","137683824","137684127","chr1","189543243","189543552","55","51859419"
"chr4","137858686","137858994","chrX","47176701","47177007","46","90681985"
"chr4","137866235","137866551","chr2","8426666","8426970","54","129439569"
"chr4","137951663","137951975","chr22","32856560","32856853","81","105095103"
"chr4","138007012","138007307","chr7","53849584","53849881","43","84157428"
"chr4","138061168","138061298","chr2","118751693","118751823","11","19309475"
"chr4","138061399","138061557","chr11","64803956","64804125","36","73257443"
"chr4","138109890","138110193","chr2","37438788","37439093","46","100671102"
"chr4","138128858","138129165","chr1","202849760","202850061","42","64720902"
"chr4","138150346","138150651","chr11","15721891","15722192","43","122428455"
"chr4","138172838","138173142","chr1","168595556","168595859","46","30422718"
"chr4","138207423","138207729","chr3","64986478","64986781","38","73220945"
"chr4","138246429","138246741","chr7","13017719","13018023","45","125228710"
"chr4","138388393","138388694","chrUn_GL286397","141172","141486","53","138247221"
"chr4","138402975","138403278","chr5","145558021","145558315","41","7155046"
"chr4","138482355","138482658","chr13","35663090","35663393","43","102819265"
"chr4","138774097","138774379","chr4","38209077","38209362","39","100565020"
"chr4","138825750","138826051","chr6","7892688","7892995","46","130933062"
"chr4","138864038","138864315","chr3","54191026","54191306","42","84673012"
"chr4","138904080","138904372","chr3","38838628","38838919","47","100065452"
"chr4","138956234","138956459","chr1","192262423","192262637","40","53306189"
"chr4","138969540","138969843","chr1","168707277","168707576","41","29737737"
"chr4","138989971","138990264","chr10","27398526","27398820","40","111591445"
"chr4","138990398","138990689","chr8","104318752","104319045","35","34671646"
"chr4","139000278","139000504","chr3","53851638","53851860","40","85148640"
"chr4","139012458","139012768","chr2","48786213","48786524","51","90226245"
"chr4","139020784","139021089","chr1","157959927","157960225","49","18939143"
"chr4","139022815","139023115","chr7","26998890","26999184","49","112023925"
"chr4","139024587","139024903","chr1","182969072","182969372","63","43944485"
"chr4","139033083","139033377","chr4","119549523","119549818","37","19483560"
"chr4","139037919","139038196","chr4","156065045","156065321","40","17027126"
"chr4","139042072","139042368","chr7","43689843","43690138","41","95352229"
"chr4","139061178","139061474","chr15","49359997","49360293","39","89701181"
"chr4","139070298","139070588","chr16","61819076","61819365","39","77251222"
"chr4","139073849","139074149","chr14","4716269","4716573","42","134357580"
"chr4","139095763","139096126","chr3","150071350","150071697","65","10975587"
"chr4","139097367","139097646","chr4","55360916","55361195","42","83736451"
"chr4","139104228","139104537","chr1","82669756","82670065","37","56434472"
"chr4","139119769","139120073","chr6","121643346","121643654","38","17476423"
"chr4","139156659","139156933","chr7","25961110","25961393","39","113195549"
"chr4","139160681","139160990","chr7","58166645","58166955","49","80994036"
"chr4","139169066","139169366","chr8","84523546","84523843","47","54645520"
"chr4","139186417","139186552","chr1","171773189","171773324","12","32586772"
"chr4","139186840","139187051","chr5","110901489","110901673","66","28285351"
"chr4","139188653","139188921","chr9","20968353","20968619","50","118220300"
"chr4","139195260","139195551","chr1","148395182","148395475","34","9199922"
"chr4","139203470","139203757","chr5","43020605","43020887","47","96182865"
"chr4","139205863","139206174","chr13","18393383","18393690","38","120812480"
"chr4","139210777","139211091","chr18","39712282","39712591","41","99498495"
"chr4","139231917","139232196","chr22","464000","464283","49","138767917"
"chr4","139257737","139258038","chr22","28997304","28997607","42","110260433"
"chr4","139280794","139281102","chr22","17125911","17126211","39","122154883"
"chr4","139303515","139303740","chr20","20984166","20984392","30","118319349"
"chr4","139322698","139322990","chrX","111591699","111591994","44","27730999"
"chr4","139331435","139331764","chr7","129081450","129081768","56","10249985"
"chr4","139338816","139339110","chr17","68984024","68984317","44","70354792"
"chr4","139352113","139352408","chr5","10038314","10038610","36","129313799"
"chr4","139373691","139374004","chr1","168595556","168595859","45","29221865"
"chr4","139379762","139380051","chr6","61254524","61254812","44","78125238"
"chr4","139383481","139383770","chr15","20770296","20770585","36","118613185"
"chr4","139448433","139448717","chr5","100066135","100066427","44","39382298"
"chr4","139451364","139451673","chr3","106655459","106655766","46","32795905"
"chr4","139463178","139463435","chr15","61667377","61667641","48","77795801"
"chr4","139505307","139505603","chr6","63084837","63085131","37","76420470"
"chr4","139513138","139513443","chr1","168595556","168595859","38","29082418"
"chr4","139522742","139523053","chr5","114232117","114232428","40","25290625"
"chr4","139538331","139538622","chr13","18729449","18729750","48","120808882"
"chr4","139570239","139570537","chr10","14603732","14604030","38","124966507"
"chr4","139571020","139571318","chr14","3770784","3771083","36","135800236"
"chr4","139572199","139572499","chr11","63009394","63009698","47","76562805"
"chr4","139577055","139577363","chr18","39712282","39712591","41","99864773"
"chr4","139579604","139579904","chr7","77701649","77701948","46","61877955"
"chr4","139583246","139583557","chr5","15342496","15342804","41","124240750"
"chr4","139600385","139600689","chrX","107903336","107903640","36","31697049"
"chr4","139614177","139614463","chr1","155066552","155066843","40","15452375"
"chr4","139614558","139614860","chr3","53371996","53372298","36","86242562"
"chr4","139616919","139617212","chr14","5921690","5921981","40","133695229"
"chr4","139619960","139620251","chr4","110258522","110258827","44","29361438"
"chr4","139623854","139624155","chrX","86580996","86581293","47","53042858"
"chr4","139655893","139656200","chr1","187604977","187605283","44","47949084"
"chr4","139659744","139660036","chr5","80700303","80700590","44","58959441"
"chr4","139671632","139671941","chr5","86230872","86231167","43","53440760"
"chr4","139672599","139672851","chr19","36223261","36223511","41","103449338"
"chr4","139674503","139674794","chr4","78780467","78780761","39","60894036"
"chr4","139685670","139685963","chr3","53304381","53304673","34","86381289"
"chr4","139688825","139689128","chr6","17068239","17068542","34","122620586"
"chr4","139690002","139690291","chr4","16350054","16350344","38","123339948"
"chr4","139727934","139728236","chr14","41978471","41978771","43","97749463"
"chr4","139791216","139791521","chr7","86713428","86713728","44","53077788"
"chr4","139879244","139879555","chr2","63925527","63925835","49","75953717"
"chr4","139891275","139891567","chr3","53087669","53087961","32","86803606"
"chr4","139927091","139927222","chr11","110151860","110151990","18","29775231"
"chr4","139993070","139993367","chr5","26961498","26961795","35","113031572"
"chr4","140010821","140011112","chr20","29549977","29550272","45","110460844"
"chr4","140015672","140015973","chr5","121924126","121924414","44","18091546"
"chr4","140026268","140026553","chr6","13154872","13155153","39","126871396"
"chr4","140090769","140091078","chr20","35275825","35276127","50","104814944"
"chr4","140275817","140275991","chr4","34157283","34157451","36","106118534"
"chr4","140276302","140276438","chr4","26022910","26023045","10","114253392"
"chr4","140362288","140362593","chr10","117620910","117621216","42","22741378"
"chr4","140475804","140476111","chrX","47176701","47177007","37","93299103"
"chr4","140503490","140503800","chr7","27825392","27825700","45","112678098"
"chr4","140581913","140582214","chr4","6898633","6898927","40","133683280"
"chr4","140672879","140673183","chr2","159959895","159960193","51","19287016"
"chr4","140694289","140694598","chr3","52232696","52232996","44","88461593"
"chr4","140704116","140704430","chr11","118075028","118075334","49","22629088"
"chr4","140718802","140719115","chr5","31371357","31371639","77","109347445"
"chr4","140723340","140723633","chr3","52197151","52197441","36","88526189"
"chr4","140725986","140726301","chr5","75080426","75080719","63","65645560"
"chr4","140728666","140728963","chr1","193131488","193131783","42","52402822"
"chr4","140731410","140731538","chr5","139740366","139740492","22","991044"
"chr4","140736261","140736566","chr4","36522598","36522895","41","104213663"
"chr4","140754332","140754643","chr5","27834025","27834335","44","112920307"
"chr4","140758859","140759148","chr4","36006595","36006883","47","104752264"
"chr4","140761319","140761622","chr6","17068239","17068542","38","123693080"
"chr4","140766528","140766825","chr17","34551820","34552118","33","106214708"
"chr4","140772657","140772959","chr4","139157216","139157524","53","1615441"
"chr4","140798564","140798873","chr1","168595556","168595859","47","27796992"
"chr4","140804648","140804940","chr1","193266464","193266759","37","52461816"
"chr4","140809429","140809721","chr5","26961498","26961795","44","113847931"
"chr4","140885697","140885902","chr2","78670722","78670927","30","62214975"
"chr4","140929872","140930164","chr9","99076556","99076841","46","41853316"
"chr4","140954209","140954506","chr21","32861641","32861942","53","108092568"
"chr4","140966055","140966353","chr7","42343780","42344070","51","98622275"
"chr4","141023259","141023552","chrX","62938216","62938495","54","78085043"
"chr4","141101779","141102081","chr12","115383799","115384092","36","25717980"
"chr4","141212922","141213217","chr4","6898633","6898927","40","134314289"
"chr4","141536745","141537028","chr3","51336137","51336406","61","90200608"
"chr4","141539807","141540109","chr13","59154693","59154990","50","82385114"
"chr4","141544134","141544439","chr8","98342110","98342415","43","43202024"
"chr4","141775504","141775790","chr1","169468735","169469019","42","27693231"
"chr4","141778707","141778869","chr12","54908449","54908614","25","86870258"
"chr4","141876475","141876756","chr4","34845790","34846071","38","107030685"
"chr4","142139322","142139606","chr9","122865665","122865950","39","19273657"
"chr4","142451247","142451550","chr19","928887","929192","40","141522360"
"chr4","142489388","142489692","chr13","2000429","2000734","38","140488959"
"chr4","142508313","142508572","chr15","96795478","96795740","46","45712835"
"chr4","142595850","142596144","chr10","47025841","47026148","58","95570009"
"chr4","142694091","142694401","chr7","106080561","106080866","43","36613530"
"chr4","142766376","142766676","chr22","17752496","17752783","57","125013880"
"chr4","142836884","142837159","chr19","6867541","6867823","50","135969343"
"chr4","142976854","142977160","chr1","168595556","168595859","48","25618702"
"chr4","143001046","143001340","chr12","9396909","9397202","52","133604137"
"chr4","143131165","143131459","chr15","83523882","83524187","43","59607283"
"chr4","143165833","143166067","chr11","67030931","67031156","49","76134902"
"chr4","143193804","143194100","chr5","46617600","46617889","66","96576204"
"chr4","143210307","143210598","chr2","9600069","9600362","35","133610238"
"chr4","143238479","143238698","chr3","49490671","49490899","45","93747808"
"chr4","143239137","143239434","chr5","110918761","110919060","38","32320376"
"chr4","143271173","143271474","chr17","42545319","42545613","46","100725854"
"chr4","143305162","143305465","chr3","49401679","49401974","37","93903483"
"chr4","143327194","143327497","chr2","13941060","13941364","41","129386134"
"chr4","143333894","143334202","chr3","106655459","106655766","45","36678435"
"chr4","143372043","143372158","chrX","46043432","46043548","11","97328611"
"chr4","143399941","143400242","chr11","74360467","74360765","42","69039474"
"chr4","143416489","143416779","chr14","83433453","83433742","43","59983036"
"chr4","143429098","143429403","chr13","43694410","43694711","39","99734688"
"chr4","143462659","143462961","chr4","149177571","149177865","45","5714912"
"chr4","143466481","143466789","chr3","106655459","106655766","39","36811022"
"chr4","143523029","143523326","chr2","34901303","34901602","50","108621726"
"chr4","143530818","143531119","chr10","46916961","46917259","46","96613857"
"chr4","143557974","143558255","chr2","56700759","56701042","41","86857215"
"chr4","143567493","143567802","chr9","14632502","14632808","44","128934991"
"chr4","143573314","143573625","chr10","106881077","106881383","44","36692237"
"chr4","143654108","143654403","chr4","158146980","158147273","45","14492872"
"chr4","143780700","143780996","chr4","16350054","16350344","35","127430646"
"chr4","143792779","143793090","chr11","125799128","125799440","42","17993651"
"chr4","143923437","143923687","chr5","86195580","86195829","35","57727857"
"chr4","143956892","143957188","chr8","95262887","95263193","52","48694005"
"chr4","144033692","144033996","chr5","93140294","93140597","43","50893398"
"chr4","144255609","144255791","chr7","85958195","85958373","34","58297414"
"chr4","144256092","144256217","chrX","46344543","46344664","25","97911549"
"chr4","144326795","144327114","chr3","21104959","21105285","56","123221836"
"chr4","144359157","144359456","chr14","63994771","63995061","45","80364386"
"chr4","144504321","144504621","chr6","132370017","132370315","38","12134304"
"chr4","144512916","144513227","chr4","149992499","149992801","47","5479583"
"chr4","144533546","144533845","chr4","158772351","158772645","58","14238805"
"chr4","144539765","144540061","chr7","77478031","77478330","44","67061734"
"chr4","144549334","144549627","chr10","16033492","16033786","35","128515842"
"chr4","144628415","144628724","chr3","177773552","177773857","41","33145137"
"chr4","144663008","144663304","chr16","70141763","70142059","50","74521245"
"chr4","144665085","144665357","chr2","56700759","56701042","52","87964326"
"chr4","144722572","144722869","chr2","170651743","170652040","38","25929171"
"chr4","144888679","144888973","chr22","28383777","28384071","41","116504902"
"chr4","144937392","144937698","chr5","26961498","26961795","45","117975894"
"chr4","145038544","145038849","chr10","91426120","91426429","45","53612424"
"chr4","145087765","145088070","chr1","170568598","170568903","44","25480833"
"chr4","145152716","145153033","chr11","31303982","31304298","53","113848734"
"chr4","145160531","145160818","chr2","56700759","56701042","41","88459772"
"chr4","145169489","145169771","chr9","17953510","17953783","50","127215979"
"chr4","145191598","145191904","chr1","27883875","27884177","46","117307723"
"chr4","145195852","145196152","chr7","103328929","103329224","41","41866923"
"chr4","145271704","145272007","chr1","150872655","150872961","48","5600951"
"chr4","145274401","145274705","chr17","46251571","46251874","45","99022830"
"chr4","145288993","145289289","chr1","139655472","139655767","45","5633521"
"chr4","145313674","145313964","chr6","21474452","21474746","42","123839222"
"chr4","145321930","145322196","chr4","35578547","35578811","45","109743383"
"chr4","145326117","145326421","chr13","61629335","61629642","39","83696782"
"chr4","145349800","145350093","chr15","6011216","6011510","48","139338584"
"chr4","145353239","145353287","chr4","13737633","13737671","21","131615606"
"chr4","145353323","145353443","chr11","122103322","122103440","15","23250001"
"chr4","145447239","145447543","chr1","168595556","168595859","46","23148317"
"chr4","145479917","145480188","chr9","8734485","8734759","47","136745432"
"chr4","145505850","145506140","chr15","24649508","24649805","43","120856342"
"chr4","145527864","145528060","chr9","100266113","100266290","53","45261751"
"chr4","145528403","145528541","chr7","94914850","94914984","21","50613553"
"chr4","145548203","145548529","chrX","92316634","92316949","60","53231569"
"chr4","145550255","145550571","chr3","179826496","179826808","76","34276241"
"chr4","145556449","145556708","chr7","11051374","11051628","44","134505075"
"chr4","145565038","145565336","chr6","17068239","17068542","45","128496799"
"chr4","145573492","145573661","chrX","108352935","108353103","37","37220557"
"chr4","145573715","145573833","chr2","46994144","46994263","13","98579571"
"chr4","145585111","145585398","chr2","56700759","56701042","38","88884352"
"chr4","145615932","145616244","chrX","107242305","107242611","49","38373627"
"chr4","145640095","145640411","chr6","17068239","17068542","43","128571856"
"chr4","145696751","145697078","chrX","21889176","21889490","60","123807575"
"chr4","145754654","145754960","chr4","118806345","118806645","43","26948309"
"chr4","145768175","145768464","chr4","89994430","89994716","40","55773745"
"chr4","145872595","145872904","chr7","56359080","56359389","40","89513515"
"chr4","146012790","146012848","chr11","72661812","72661870","18","73350978"
"chr4","146150325","146150627","chr13","26525318","26525622","41","119625007"
"chr4","146164394","146164692","chr7","80047681","80047980","44","66116713"
"chr4","146172238","146172520","chr3","80959478","80959762","48","65212760"
"chr4","146196102","146196377","chrUn_GL286397","204143","204413","41","145991959"
"chr4","146240477","146240764","chrX","46083719","46084002","46","100156758"
"chr4","146374307","146374594","chr7","70755193","70755479","41","75619114"
"chr4","146548947","146549256","chr9","8886595","8886904","40","137662352"
"chr4","146726205","146726462","chr3","46160643","46160903","37","100565562"
"chr4","146765417","146765500","chr3","46133179","46133262","8","100632238"
"chr4","146810586","146810867","chr12","48605950","48606233","43","98204636"
"chr4","146855012","146855148","chr6","139231067","139231202","22","7623945"
"chr4","146855149","146855449","chr3","46024993","46025300","44","100830156"
"chr4","146906840","146907136","chr7","63062538","63062830","35","83844302"
"chr4","147003706","147004011","chr5","72100902","72101202","40","74902804"
"chr4","147211729","147212038","chr6","17068239","17068542","48","130143490"
"chr4","147289707","147290005","chr9","39173909","39174204","35","108115798"
"chr4","147364850","147365118","chr5","9835750","9836027","52","137529100"
"chr4","147572102","147572409","chr22","28997304","28997607","40","118574798"
"chr4","147573622","147573953","chr13","88836338","88836664","53","58737284"
"chr4","147609687","147609990","chr2","31372053","31372354","41","116237634"
"chr4","147623165","147623460","chr4","11648118","11648413","48","135975047"
"chr4","147642244","147642539","chr4","36459950","36460242","40","111182294"
"chr4","147647521","147647809","chr3","45152244","45152520","33","102495277"
"chr4","147669574","147669707","chr1","121465252","121465381","19","26204322"
"chr4","147676796","147677062","chr22","27309991","27310258","35","120366805"
"chr4","147677446","147677756","chr3","153217268","153217573","46","5539822"
"chr4","147689426","147689741","chr13","97340307","97340616","55","50349119"
"chr4","147694373","147694665","chr20","29549977","29550272","40","118144396"
"chr4","147715189","147715502","chr3","106655459","106655766","43","41059730"
"chr4","147751369","147751666","chr5","63326522","63326817","42","84424847"
"chr4","147758697","147758991","chr10","16033492","16033786","46","131725205"
"chr4","147762006","147762307","chr18","4701650","4701950","45","143060356"
"chr4","147768732","147769037","chr5","65424325","65424625","43","82344407"
"chr4","147776234","147776519","chr4","16350054","16350344","38","131426180"
"chr4","147792868","147793150","chr2","18997881","18998163","42","128794987"
"chr4","147798533","147798691","chr1","199818526","199818679","35","52019993"
"chr4","147799024","147799311","chr11","97658809","97659082","52","50140215"
"chr4","147803003","147803308","chr6","17068239","17068542","31","130734764"
"chr4","147820581","147820889","chr14","76473282","76473587","46","71347299"
"chr4","147886764","147887056","chr2","15966839","15967139","54","131919925"
"chr4","147907863","147908143","chr1","65177764","65178041","36","82730099"
"chr4","147919568","147919879","chr11","98562914","98563217","48","49356654"
"chr4","147947406","147947702","chr4","38452112","38452407","37","109495294"
"chr4","147962678","147962960","chr13","43694410","43694711","49","104268268"
"chr4","148009124","148009431","chr5","15342496","15342804","40","132666628"
"chr4","148016899","148017071","chr2","62087504","62087657","39","85929395"
"chr4","148049887","148050166","chr4","154744523","154744801","44","6694636"
"chr4","148055408","148055706","chr4","36522598","36522895","40","111532810"
"chr4","148086454","148086761","chr15","49359997","49360293","47","98726457"
"chr4","148108097","148108402","chr9","14438848","14439151","47","133669249"
"chr4","148208961","148209267","chr1","168595556","168595859","38","20386595"
"chr4","148282037","148282329","chr8","94578308","94578601","41","53703729"
"chr4","148361844","148362138","chr20","27822433","27822727","41","120539411"
"chr4","148505881","148506149","chr9","14708588","14708860","33","133797293"
"chr4","148579654","148579931","chr3","45152244","45152520","49","103427410"
"chr4","148662395","148662697","chr22","35072170","35072457","50","113590225"
"chr4","148864248","148864537","chr16","61819076","61819365","43","87045172"
"chr4","148887800","148888104","chr3","106655459","106655766","46","42232341"
"chr4","149102145","149102462","chr9","58964004","58964323","46","90138141"
"chr4","149228977","149229268","chr5","34913472","34913760","39","114315505"
"chr4","149267949","149268251","chr6","17068239","17068542","42","132199710"
"chr4","149278707","149278988","chr4","34845790","34846071","46","114432917"
"chr4","149351041","149351339","chr10","16033492","16033786","37","133317549"
"chr4","149511237","149511573","chr5","96896431","96896755","59","52614806"
"chr4","149529081","149529364","chr2","11710590","11710879","43","137818491"
"chr4","149634000","149634274","chr8","32901710","32901981","44","116732290"
"chr4","149880775","149881087","chr10","90431710","90432016","47","59449065"
"chr4","149892107","149892418","chr4","139472435","139472735","43","10419672"
"chr4","149893976","149894315","chrX","45395851","45396165","75","104498125"
"chr4","149953063","149953356","chrX","40173578","40173872","53","109779485"
"chr4","149996599","149996905","chr2","171330283","171330586","44","21333684"
"chr4","150030974","150031261","chrX","68962815","68963097","39","81068159"
"chr4","150049172","150049477","chr21","32861641","32861942","40","117187531"
"chr4","150125608","150125909","chr5","77976326","77976624","42","72149282"
"chr4","150148751","150149064","chr22","15341421","15341725","53","134807330"
"chr4","150157529","150157811","chr19","6867541","6867823","47","143289988"
"chr4","150200853","150201117","chrY","1998751","1999014","34","148202102"
"chr4","150204611","150204904","chr3","42465596","42465883","34","107739015"
"chr4","150214681","150214981","chr4","11141283","11141584","42","139073398"
"chr4","150341176","150341467","chr22","6524616","6524904","52","143816560"
"chr4","150382342","150382640","chr15","61219971","61220268","40","89162371"
"chr4","150399702","150399971","chr1","172358617","172358894","64","21958915"
"chr4","150509855","150510154","chr9","41786898","41787194","42","108722957"
"chr4","150537669","150537964","chr12","14388541","14388831","39","136149128"
"chr4","150629357","150629662","chr5","99799393","99799697","41","50829964"
"chr4","150666251","150666530","chr10","15634508","15634789","44","135031743"
"chr4","150677958","150678268","chr18","39712282","39712591","43","110965676"
"chr4","150711238","150711536","chr1","107540372","107540664","40","43170866"
"chr4","150721625","150721916","chr3","41933866","41934161","43","108787759"
"chr4","150742972","150743269","chr15","5688723","5689022","43","145054249"
"chr4","150768928","150769244","chr1","82669756","82670065","50","68099172"
"chr4","150807665","150807949","chr4","155962523","155962803","42","5154858"
"chr4","150822781","150822933","chr5","19233489","19233649","32","131589292"
"chr4","150832315","150832601","chr5","74809771","74810060","40","76022544"
"chr4","150864642","150864935","chr3","41782557","41782837","38","109082085"
"chr4","150901016","150901306","chr3","41743763","41744045","42","109157253"
"chr4","150918467","150918767","chr14","34461721","34462016","36","116456746"
"chr4","150921568","150921729","chr4","34157283","34157451","42","116764285"
"chr4","150922023","150922160","chr6","139231067","139231202","11","11690956"
"chr4","150933107","150933382","chr14","105224271","105224557","42","45708836"
"chr4","150962672","150962983","chrX","47176701","47177007","42","103785971"
"chr4","150975248","150975560","chr12","101583352","101583654","51","49391896"
"chr4","150975880","150976203","chr16","60039914","60040231","46","90935966"
"chr4","150988991","150989301","chr2","8957058","8957360","52","142031933"
"chr4","150997695","150998003","chr2","8426666","8426970","44","142571029"
"chr4","151003114","151003418","chr1","74480695","74480994","49","76522419"
"chr4","151009267","151009564","chr5","38614488","38614784","38","112394779"
"chr4","151020758","151021075","chr13","12881556","12881873","45","138139202"
"chr4","151023783","151024092","chr3","41612726","41613036","49","109411057"
"chr4","151029172","151029311","chr13","4574062","4574201","20","146455110"
"chr4","151029625","151029793","chr8","23965333","23965497","38","127064292"
"chr4","151034340","151034640","chr22","28997304","28997607","39","122037036"
"chr4","151037660","151037956","chr1","168595556","168595859","52","17557896"
"chr4","151042864","151043157","chr7","39310667","39310958","46","111732197"
"chr4","151043250","151043546","chr6","17068239","17068542","39","133975011"
"chr4","151051629","151051923","chr3","41581145","41581434","42","109470484"
"chr4","151057749","151058060","chr3","164847444","164847753","52","13789695"
"chr4","151060910","151061215","chr22","33981676","33981980","38","117079234"
"chr4","151063370","151063664","chrX","10992816","10993113","44","140070554"
"chr4","151064668","151064972","chr2","135439486","135439790","47","15625182"
"chr4","151068280","151068588","chr8","7770453","7770755","48","143297827"
"chr4","151071303","151071600","chr5","94234310","94234606","35","56836993"
"chr4","151078522","151078615","chr14","37170334","37170426","17","113908188"
"chr4","151081857","151082168","chr12","28553718","28554019","50","122528139"
"chr4","151085167","151085451","chr8","32478813","32479091","53","118606354"
"chr4","151090006","151090319","chr12","31281547","31281855","54","119808459"
"chr4","151097445","151097709","chr2","17754172","17754433","43","133343273"
"chr4","151110604","151110921","chr3","41514508","41514813","42","109596096"
"chr4","151117808","151118118","chr7","30011356","30011665","49","121106452"
"chr4","151129377","151129669","chr4","16350054","16350344","37","134779323"
"chr4","151146541","151146825","chr19","45166286","45166570","38","105980255"
"chr4","151147465","151147762","chrX","45981223","45981523","45","105166242"
"chr4","151150956","151151260","chr2","31372053","31372354","39","119778903"
"chr4","151152517","151152813","chr2","171330283","171330586","42","20177766"
"chr4","151153957","151154128","chr4","34157283","34157451","30","116996674"
"chr4","151154434","151154578","chr1","135860155","135860299","12","15294279"
"chr4","151154760","151155051","chrX","124505019","124505309","42","26649741"
"chr4","151155604","151155898","chrX","140437749","140438042","39","10717855"
"chr4","151163569","151163882","chrX","124381299","124381609","44","26782270"
"chr4","151177332","151177647","chr1","168595556","168595859","51","17418224"
"chr4","151209282","151209579","chr8","81232672","81232960","38","69976610"
"chr4","151222668","151222966","chr6","14683514","14683814","51","136539154"
"chr4","151231902","151232192","chr12","11789686","11789970","39","139442216"
"chr4","151245605","151245901","chr22","40230801","40231098","40","111014804"
"chr4","151251187","151251499","chr3","41368083","41368390","41","109883104"
"chr4","151265565","151265884","chr5","72704603","72704922","49","78560962"
"chr4","151288465","151288693","chr2","72723701","72723920","45","78564764"
"chr4","151308865","151309166","chr3","41312321","41312629","48","109996544"
"chr4","151310581","151310872","chr14","63994771","63995061","40","87315810"
"chr4","151336517","151336820","chrX","122739926","122740227","40","28596591"
"chr4","151340008","151340311","chr3","41270422","41270720","40","110069586"
"chr4","151341709","151341947","chr18","4892360","4892603","38","146449349"
"chr4","151364329","151364478","chr18","27921912","27922061","18","123442417"
"chr4","151365456","151365763","chr22","31895458","31895761","50","119469998"
"chr4","151367312","151367613","chr7","5138178","5138476","43","146229134"
"chr4","151371585","151371883","chr1","157959927","157960225","37","6588342"
"chr4","151375810","151376114","chr3","41232869","41233170","47","110142941"
"chr4","151383205","151383513","chr6","17068239","17068542","33","134314966"
"chr4","151395473","151395764","chr15","49359997","49360293","41","102035476"
"chr4","151413449","151413754","chr12","87913370","87913678","42","63500079"
"chr4","151450764","151451077","chr5","2508969","2509278","51","148941795"
"chr4","151496564","151496861","chr3","41105467","41105765","44","110391097"
"chr4","151558255","151558532","chr2","56700759","56701042","45","94857496"
"chr4","151608035","151608344","chr10","71567659","71567967","44","80040376"
"chr4","151612377","151612681","chr7","50741447","50741749","46","100870930"
"chr4","151616755","151617043","chr12","2794020","2794308","44","148822735"
"chr4","151617604","151617899","chr7","6894852","6895150","33","144722752"
"chr4","151868490","151868814","chr1","65174333","65174651","61","86694157"
"chr4","151932075","151932387","chr22","40339324","40339631","45","111592751"
"chr4","152087831","152088113","chr1","117520902","117521184","40","34566929"
"chr4","152173126","152173437","chr13","18393383","18393690","46","133779743"
"chr4","152191291","152191585","chr7","56963475","56963779","47","95227816"
"chr4","152230863","152231160","chr2","63284924","63285213","36","88945939"
"chr4","152233091","152233396","chr22","15341421","15341725","38","136891670"
"chr4","152361697","152361988","chr9","99935150","99935455","47","52426547"
"chr4","152403196","152403496","chr6","17068239","17068542","32","135334957"
"chr4","152432526","152432822","chrX","22494263","22494554","44","129938263"
"chr4","152438396","152438687","chr3","40105891","40106183","24","112332505"
"chr4","152517988","152518288","chr3","40013378","40013678","41","112504610"
"chr4","152532904","152533203","chr13","57414367","57414663","35","95118537"
"chr4","152543439","152543746","chr19","24918820","24919125","39","127624619"
"chr4","152555223","152555539","chr1","198375259","198375567","46","45820036"
"chr4","152581129","152581426","chr3","39948323","39948621","32","112632806"
"chr4","152598200","152598323","chr22","10535132","10535263","18","142063068"
"chr4","152600801","152601107","chr3","39922526","39922827","49","112678275"
"chr4","152601760","152602041","chr14","47715144","47715414","46","104886616"
"chr4","152608033","152608329","chr3","39915173","39915465","37","112692860"
"chr4","152611860","152612159","chr10","14603732","14604030","42","138008128"
"chr4","152625402","152625700","chr7","80047681","80047980","37","72577721"
"chr4","152651189","152651317","chr13","28207770","28207902","18","124443419"
"chr4","152673294","152673598","chr5","136750937","136751240","46","15922357"
"chr4","152712185","152712492","chr2","183662984","183663286","37","30950799"
"chr4","152718211","152718518","chr15","76198954","76199256","35","76519257"
"chr4","152732664","152732971","chr6","119365724","119366021","47","33366940"
"chr4","152762824","152763156","chr17","54870851","54871173","61","97891973"
"chr4","152781224","152781536","chr9","8886595","8886904","42","143894629"
"chr4","152783031","152783314","chr12","76367931","76368208","44","76415100"
"chr4","152787944","152788240","chr3","39739282","39739581","34","113048662"
"chr4","152788398","152788699","chr3","39738837","39739133","46","113049561"
"chr4","152823499","152823804","chr7","66105076","66105385","34","86718423"
"chr4","152824031","152824332","chr15","5688723","5689022","36","147135308"
"chr4","152858022","152858308","chr21","43075982","43076273","49","109782040"
"chr4","152893954","152894234","chr3","39635083","39635371","48","113258871"
"chr4","152945464","152945756","chr5","4626496","4626785","39","148318968"
"chr4","152946937","152947239","chr3","150580694","150580999","40","2366243"
"chr4","152952850","152953154","chr1","202849760","202850061","38","49896910"
"chr4","152955499","152955777","chr5","116115777","116116067","48","36839722"
"chr4","152985764","152986078","chr5","38171978","38172283","60","114813786"
"chr4","152987393","152987693","chr9","101017703","101018007","43","51969690"
"chr4","153109021","153109136","chr4","45099035","45099158","19","108009986"
"chr4","153109182","153109350","chrX","107323132","107323304","29","45786050"
"chr4","153127253","153127552","chr1","157959927","157960225","40","4832674"
"chr4","153150244","153150538","chr7","56944191","56944490","47","96206053"
"chr4","153173243","153173361","chr1","152611883","152612009","24","561360"
"chr4","153180493","153180777","chr2","150729266","150729547","49","2451227"
"chr4","153199941","153200230","chr8","95534048","95534347","40","57665893"
"chr4","153203610","153203891","chr15","20770296","20770585","39","132433314"
"chr4","153239825","153240133","chr9","101796262","101796572","56","51443563"
"chr4","153261140","153261439","chr7","32099825","32100120","53","121161315"
"chr4","153309631","153309927","chrX","45981223","45981523","47","107328408"
"chr4","153370000","153370291","chr7","89217839","89218129","43","64152161"
"chr4","153370522","153370818","chr4","119549523","119549818","40","33820999"
"chr4","153389350","153389660","chrX","23092045","23092349","41","130297305"
"chr4","153401910","153402168","chr3","39109029","39109283","45","114292881"
"chr4","153410709","153411002","chr7","113470784","113471078","34","39939925"
"chr4","153449086","153449327","chr18","10363558","10363804","46","143085528"
"chr4","153457769","153458071","chr2","31372053","31372354","38","122085716"
"chr4","153474600","153474855","chr15","65468871","65469122","39","88005729"
"chr4","153525345","153525639","chr7","77022815","77023113","38","76502530"
"chr4","153527293","153527571","chr17","34572552","34572821","52","118954741"
"chr4","153574607","153574887","chr5","157967009","157967289","52","4392402"
"chr4","153600829","153601123","chr5","26961498","26961795","38","126639331"
"chr4","153604694","153605002","chr8","97594661","97594975","43","56010033"
"chr4","153632032","153632304","chr14","18936862","18937136","34","134695170"
"chr4","153643967","153644274","chr5","64708567","64708868","44","88935400"
"chr4","153657098","153657430","chr5","9954172","9954499","60","143702926"
"chr4","153833161","153833460","chr1","176500964","176501258","46","22667803"
"chr4","153899394","153899707","chr7","44766973","44767280","51","109132421"
"chr4","154124247","154124556","chr5","136750937","136751240","49","17373310"
"chr4","154169610","154169913","chr6","17068239","17068542","47","137101371"
"chr4","154287494","154287781","chr3","80959478","80959762","54","73328016"
"chr4","154428641","154428926","chr14","60719526","60719803","45","93709115"
"chr4","154447010","154447312","chr1","185200684","185200988","46","30753674"
"chr4","154455808","154456101","chr9","38764441","38764728","37","115691367"
"chr4","154520408","154520712","chr2","203090127","203090440","50","48569719"
"chr4","154679228","154679499","chr1","15624742","15625015","45","139054486"
"chr4","154743204","154743513","chr15","68435167","68435452","59","86308037"
"chr4","154811702","154811980","chr5","41236817","41237096","42","113574885"
"chr4","154870162","154870460","chr10","91567896","91568185","37","63302266"
"chr4","154940979","154941237","chr6","17285930","17286191","39","137655049"
"chr4","154976682","154976987","chr5","94532768","94533076","46","60443914"
"chr4","155049864","155050172","chr4","36522598","36522895","49","118527266"
"chr4","155064917","155065206","chr1","203911923","203912211","44","48847006"
"chr4","155097424","155097723","chr6","17068239","17068542","44","138029185"
"chr4","155104332","155104636","chr1","168595556","168595859","36","13491224"
"chr4","155274046","155274357","chr5","83113160","83113466","41","72160886"
"chr4","155335494","155335806","chr7","90171236","90171541","52","65164258"
"chr4","155355979","155356276","chr20","26476856","26477145","50","128879123"
"chr4","155389155","155389485","chr12","23215857","23216186","64","132173298"
"chr4","155572613","155572907","chr11","123371423","123371718","46","32201190"
"chr4","155578591","155578814","chr15","37832319","37832535","42","117746272"
"chr4","155641717","155642015","chr22","40230801","40231098","43","115410916"
"chr4","155786267","155786440","chr17","34108233","34108402","31","121678034"
"chr4","155786773","155786906","chr12","50418916","50419049","15","105367857"
"chr4","155798853","155799135","chr15","58592468","58592749","41","97206385"
"chr4","155961854","155962144","chr3","142686773","142687060","58","13275081"
"chr4","155999012","155999314","chr1","82721110","82721408","52","73277902"
"chr4","156023703","156024000","chr15","24649508","24649805","40","131374195"
"chr4","156025164","156025459","chrX","51336955","51337245","46","104688209"
"chr4","156090985","156091289","chr8","50068578","50068880","41","106022407"
"chr4","156129363","156129668","chr5","56365052","56365353","49","99764311"
"chr4","156232499","156232803","chr1","168595556","168595859","41","12363057"
"chr4","156300537","156300849","chr2","114528005","114528309","54","41772532"
"chr4","156439274","156439585","chr1","184817871","184818171","41","28378597"
"chr4","156448855","156449155","chr8","86079794","86080097","58","70369061"
"chr4","156449805","156450119","chr7","66105076","66105385","47","90344729"
"chr4","156658809","156659040","chr5","107148968","107149194","44","49509841"
"chr4","156777824","156778131","chr22","15341421","15341725","50","141436403"
"chr4","156831440","156831741","chr2","13941060","13941364","43","142890380"
"chr4","156875636","156875879","chr5","89380186","89380445","46","67495450"
"chr4","156899537","156899820","chr20","21113517","21113802","39","135786020"
"chr4","156993646","156993955","chr3","35238574","35238871","48","121755072"
"chr4","157034177","157034464","chr9","18829703","18829990","35","138204474"
"chr4","157063253","157063561","chr5","124338115","124338421","43","32725138"
"chr4","157099341","157099635","chr2","31372053","31372354","40","125727288"
"chr4","157125652","157125908","chr4","26060440","26060681","50","131065212"
"chr4","157479241","157479539","chr10","94160183","94160479","43","63319058"
"chr4","157612146","157612443","chr1","15931085","15931383","40","141681061"
"chr4","157737313","157737599","chr2","9603317","9603597","50","148133996"
"chr4","157863374","157863672","chr1","168355505","168355788","49","10492131"
"chr4","157985541","157985832","chr10","16033492","16033786","41","141952049"
"chr4","157994170","157994465","chr5","26961498","26961795","43","131032672"
"chr4","158014314","158014623","chr7","40960117","40960419","47","117054197"
"chr4","158015787","158016098","chr3","108570361","108570666","45","49445426"
"chr4","158203029","158203327","chr3","33960784","33961072","47","124242245"
"chr4","158252563","158252837","chr7","70496336","70496606","43","87756227"
"chr4","158388931","158389238","chr3","106655459","106655766","41","51733472"
"chr4","158438351","158438610","chr18","32656990","32657255","43","125781361"
"chr4","158445421","158445676","chr22","17022728","17022985","40","141422693"
"chr4","158561611","158561927","chr22","6945334","6945647","43","151616277"
"chr4","158590197","158590458","chr3","33575098","33575363","40","125015099"
"chr4","158616717","158617018","chr5","1667879","1668174","54","156948838"
"chr4","158648833","158649112","chr3","33509180","33509468","46","125139653"
"chr4","158650488","158650780","chr5","65031296","65031585","42","93619192"
"chr4","158723935","158724252","chr3","40890698","40891013","55","117833237"
"chr4","158733464","158733734","chr3","9972299","9972567","40","148761165"
"chr4","158737522","158737832","chr6","154513729","154514039","40","4223793"
"chr4","158755580","158755888","chr20","21475799","21476107","41","137279781"
"chr4","158755983","158756232","chr14","54636241","54636488","40","104119742"
"chr4","158756933","158757231","chr3","136341766","136342059","46","22415167"
"chr4","158780752","158781061","chr3","106655459","106655766","40","52125293"
"chr4","158781512","158781817","chr1","10143237","10143538","44","148638275"
"chr4","158836520","158836838","chr3","21104959","21105285","60","137731561"
"chr4","158931584","158931861","chr3","33230207","33230471","47","125701377"
"chr4","158933025","158933278","chr6","83379232","83379482","46","75553793"
"chr4","159000483","159000785","chr7","53651921","53652230","49","105348562"
"chr4","159005774","159006063","chr3","33154664","33154953","43","125851110"
"chr4","159025190","159025460","chrX","90546446","90546718","41","68478744"
"chr4","159030464","159030796","chr15","62836485","62836818","51","96193979"
"chr4","159033866","159034171","chr6","60342869","60343172","74","98690997"
"chr4","159046562","159046872","chr6","17068239","17068542","44","141978323"
"chr4","159063277","159063550","chr1","41416001","41416276","47","117647276"
"chr4","159078836","159079134","chr3","49871952","49872248","37","109206884"
"chr4","159094282","159094443","chr5","143577449","143577597","45","15516833"
"chr4","159094769","159094900","chr1","182711408","182711538","18","23616639"
"chr4","159094908","159095022","chr4","18881666","18881779","12","140213242"
"chr4","159182374","159182695","chr7","66105076","66105385","52","93077298"
"chr4","159188382","159188692","chr5","43497583","43497891","43","115690799"
"chr4","159279672","159279984","chr3","32853352","32853668","46","126426320"
"chr4","159307690","159307983","chr22","35530146","35530439","47","123777544"
"chr4","159362065","159362344","chr15","20770296","20770585","37","138591769"
"chr4","159365894","159366206","chr4","140143172","140143479","45","19222722"
"chr4","159377409","159377702","chr13","100406661","100406961","55","58970748"
"chr4","159397481","159397741","chr3","32739773","32740028","34","126657708"
"chr4","159416542","159416833","chr7","46204407","46204697","46","113212135"
"chr4","159426998","159427199","chr1","135773136","135773344","52","23653862"
"chr4","159427972","159428087","chrX","111858179","111858294","13","47569793"
"chr4","159441862","159442155","chr10","16033492","16033786","37","143408370"
"chr4","159473528","159473811","chr11","113287051","113287336","41","46186477"
"chr4","159576934","159577233","chr6","17068239","17068542","46","142508695"
"chr4","159578681","159578982","chr1","164477981","164478271","48","4899300"
"chr4","159655106","159655394","chr3","32422570","32422857","31","127232536"
"chr4","159726112","159726424","chr7","42566346","42566636","60","117159766"
"chr4","159747381","159747690","chr16","75482904","75483210","40","84264477"
"chr4","159982642","159982937","chrX","125324269","125324560","46","34658373"
"chr4","159988886","159989161","chr17","70909881","70910155","40","89079005"
"chr4","159998113","159998399","chr15","20770296","20770585","37","139227817"
"chr4","160008255","160008550","chr14","84134278","84134565","66","75873977"
"chr4","160168637","160168846","chr18","5773759","5773972","31","154394878"
"chr4","160193235","160193552","chr13","26822628","26822937","46","133370607"
"chr4","160434464","160434757","chr10","16033492","16033786","42","144400972"
"chr4","160565193","160565476","chr3","31413861","31414148","43","129151332"
"chr4","160640850","160641122","chr10","114616376","114616650","46","46024474"
"chr4","160671494","160671585","chr11","7876514","7876605","13","152794980"
"chr4","160737627","160737904","chr5","31371357","31371639","40","129366270"
"chr4","160789511","160789804","chr13","58865833","58866120","51","101923678"
"chr4","160819115","160819407","chr6","4245255","4245549","39","156573860"
"chr4","160868068","160868394","chr10","116665421","116665730","52","44202647"
"chr4","160890859","160891111","chr11","32759698","32759945","44","128131161"
"chr4","160904435","160904735","chr1","15931085","15931383","42","144973350"
"chr4","161056402","161056673","chr16","95787145","95787418","54","65269257"
"chr4","161063839","161064144","chr14","69766565","69766870","43","91297274"
"chr4","161096382","161096551","chr2","125879517","125879691","23","35216865"
"chr4","161158968","161159257","chr12","14388541","14388831","52","146770427"
"chr4","161287451","161287766","chr3","106655459","106655766","51","54631992"
"chr4","161301573","161301843","chr3","30682515","30682792","49","130619058"
"chr4","161377270","161377563","chr7","62544171","62544468","46","98833099"
"chr4","161485856","161486165","chr6","17068239","17068542","45","144417617"
"chr4","161587892","161588185","chr10","13508919","13509206","40","148078973"
"chr4","161588998","161589162","chr5","112523551","112523711","40","49065447"
"chr4","161589482","161589617","chr6","139231067","139231202","21","22358415"
"chr4","161658184","161658471","chr10","27869408","27869703","45","133788776"
"chr4","161726205","161726525","chr1","82669756","82670065","53","79056449"
"chr4","161894481","161894764","chr10","122277284","122277566","55","39617197"
"chr4","161986268","161986569","chr1","137754148","137754444","45","24232120"
"chr4","162029902","162030219","chr8","123608882","123609197","71","38421020"
"chr4","162048046","162048360","chr20","20919867","20920175","52","141128179"
"chr4","162057664","162057956","chr1","15931085","15931383","42","146126579"
"chr4","162058424","162058727","chr15","5591232","5591530","40","156467192"
"chr4","162089353","162089662","chr2","11642004","11642310","46","150447349"
"chr4","162146777","162147081","chr3","164847444","164847753","51","2700667"
"chr4","162191713","162191992","chr4","62011501","62011784","39","100180212"
"chr4","162335277","162335570","chr15","6011216","6011510","50","156324061"
"chr4","162386783","162387069","chr3","188219301","188219587","41","25832518"
"chr4","162417570","162417875","chrX","60134051","60134357","53","102283519"
"chr4","162483460","162483759","chr5","26961498","26961795","45","135521962"
"chr4","162554553","162554829","chr5","10576674","10576959","59","151977879"
"chr4","162652006","162652283","chr7","58655269","58655556","50","103996737"
"chr4","162685906","162686222","chr13","31331915","31332215","52","131353991"
"chr4","162737751","162738052","chr1","168026515","168026818","46","5288764"
"chr4","162818581","162818862","chr10","57219977","57220260","43","105598604"
"chr4","162886916","162887218","chr5","26961498","26961795","40","135925418"
"chr4","162912017","162912306","chr2","35075957","35076247","40","127836060"
"chr4","162997183","162997468","chr15","20770296","20770585","44","142226887"
"chr4","163075895","163076195","chr2","145182124","145182423","42","17893771"
"chr4","163120894","163121190","chr5","38614488","38614784","37","124506406"
"chr4","163275601","163275879","chr1","145176527","145176816","46","18099074"
"chr4","163311026","163311312","chr2","56700759","56701042","39","106610267"
"chr4","163360378","163360688","chr12","31281547","31281855","51","132078831"
"chr4","163490180","163490479","chr10","16033492","16033786","49","147456688"
"chr4","163496838","163496951","chr5","110632868","110632982","15","52863970"
"chr4","163500200","163500510","chr13","63985086","63985395","45","99515114"
"chr4","163521299","163521586","chr3","111476697","111476990","36","52044602"
"chr4","163539002","163539320","chr3","165648344","165648651","48","2109342"
"chr4","163643031","163643356","chr3","28074533","28074850","53","135568498"
"chr4","163667631","163667925","chr5","132893438","132893729","39","30774193"
"chr4","163741303","163741598","chrX","107273049","107273349","38","56468254"
"chr4","163749782","163750078","chr5","143515476","143515764","52","20234306"
"chr4","163774503","163774795","chr12","31252957","31253248","42","132521546"
"chr4","163782389","163782698","chr2","13687630","13687935","45","150094759"
"chr4","164055162","164055460","chr9","112240509","112240808","48","51814653"
"chr4","164116976","164117287","chr10","88371795","88372104","41","75745181"
"chr4","164259261","164259572","chr22","43014695","43015008","47","121244566"
"chr4","164296383","164296669","chr3","106705197","106705482","39","57591186"
"chr4","164373353","164373654","chr1","91574966","91575269","43","72798387"
"chr4","164543200","164543457","chr1","107202473","107202728","49","57340727"
"chr4","164678380","164678670","chr16","54091968","54092259","37","110586412"
"chr4","164738791","164739090","chr9","115637925","115638221","41","49100866"
"chr4","164755199","164755493","chr7","63062538","63062830","41","101692661"
"chr4","164762435","164762692","chr14","600590","600842","46","164161845"
"chr4","164806433","164806740","chr1","137263489","137263793","47","27542944"
"chr4","164811918","164812224","chr14","35385187","35385489","41","129426731"
"chr4","164816780","164817082","chr15","5688723","5689022","47","159128057"
"chr4","164836531","164836843","chr3","26621489","26621815","49","138215042"
"chr4","164885126","164885430","chr19","6037738","6038039","44","158847388"
"chr4","164894041","164894309","chr6","122148361","122148631","38","42745680"
"chr4","164894407","164894704","chr2","203991405","203991713","53","39096998"
"chr4","164899308","164899611","chr3","64986478","64986781","47","99912830"
"chr4","164910537","164910838","chr22","28997304","28997607","41","135913233"
"chr4","164922037","164922331","chr10","16033492","16033786","40","148888545"
"chr4","164963247","164963351","chr2","39193533","39193637","27","125769714"
"chr4","164965006","164965309","chr5","56365052","56365353","47","108599954"
"chr4","164967870","164968134","chrX","107074395","107074658","32","57893475"
"chr4","164970818","164971100","chr3","3108457","3108738","50","161862361"
"chr4","164972512","164972787","chr9","107321008","107321282","47","57651504"
"chr4","164973888","164974175","chrX","8916050","8916338","41","156057838"
"chr4","164979474","164979753","chrUn_GL286731","9780","10059","51","164969694"
"chr4","164992470","164992758","chrX","20600833","20601128","53","144391637"
"chr4","164992788","164993081","chr13","9605244","9605533","47","155387544"
"chr4","165054088","165054266","chr3","39961452","39961617","41","125092636"
"chr4","165054567","165054696","chr5","153790324","153790454","27","11264243"
"chr4","165064989","165065284","chr4","37414221","37414521","48","127650768"
"chr4","165071291","165071592","chr7","6894852","6895150","41","158176439"
"chr4","165081691","165081963","chr17","69931558","69931839","36","95150133"
"chr4","165081967","165082267","chr5","77976326","77976624","42","87105641"
"chr4","165084626","165084772","chrX","90248590","90248732","16","74836036"
"chr4","165086419","165086724","chr1","202849760","202850061","48","37763341"
"chr4","165090623","165090929","chr7","41873412","41873710","50","123217211"
"chr4","165092113","165092421","chr7","13017719","13018023","44","152074394"
"chr4","165093745","165093887","chr9","43291243","43291387","43","121802502"
"chr4","165094201","165094336","chr20","11875682","11875815","14","153218519"
"chr4","165099093","165099385","chr3","26346237","26346524","38","138752856"
"chr4","165119684","165119994","chrX","47176701","47177007","37","117942983"
"chr4","165133747","165134056","chr3","26317304","26317608","54","138816443"
"chr4","165134413","165134725","chr14","46372540","46372849","42","118761873"
"chr4","165139748","165140050","chr9","96651703","96652000","49","68488045"
"chr4","165140897","165141195","chr22","29825053","29825352","39","135315844"
"chr4","165141322","165141596","chr7","82222407","82222691","53","82918915"
"chr4","165161450","165161728","chr4","37824304","37824582","47","127337146"
"chr4","165163115","165163416","chr5","63326522","63326817","51","101836593"
"chr4","165163665","165163971","chr2","67481848","67482151","57","97681817"
"chr4","165169458","165169748","chr13","43918238","43918525","50","121251220"
"chr4","165170509","165170805","chr20","20042650","20042951","39","145127859"
"chr4","165180995","165181305","chr14","17291498","17291810","47","147889497"
"chr4","165197332","165197630","chr9","112240509","112240808","43","52956823"
"chr4","165242501","165242796","chr3","26184416","26184709","38","139058085"
"chr4","165259102","165259408","chr5","26961498","26961795","44","138297604"
"chr4","165261330","165261638","chr2","49818850","49819159","41","115442480"
"chr4","165275840","165276149","chr3","26158677","26158981","54","139117163"
"chr4","165349526","165349832","chr12","28553718","28554019","56","136795808"
"chr4","165357011","165357319","chr5","94532768","94533076","46","70824243"
"chr4","165396376","165396683","chr10","16033492","16033786","46","149362884"
"chr4","165424880","165425176","chr3","25993534","25993832","35","139431346"
"chr4","165514349","165514675","chr4","20278830","20279149","57","145235519"
"chr4","165565751","165566010","chr3","123781638","123781892","59","41784113"
"chr4","165659109","165659421","chr18","38793266","38793575","46","126865843"
"chr4","165667150","165667460","chr3","164777181","164777490","46","889969"
"chr4","165682328","165682619","chr7","67872479","67872768","52","97809849"
"chr4","165701483","165701594","chr3","136983023","136983134","12","28718460"
"chr4","165718600","165718902","chr3","25635418","25635720","51","140083182"
"chr4","165770530","165770816","chr9","42116299","42116587","39","123654231"
"chr4","165772531","165772799","chr1","155073091","155073354","47","10699440"
"chr4","165908927","165909210","chr17","42545319","42545613","47","123363608"
"chr4","165962834","165963080","chr5","125958142","125958382","45","40004692"
"chr4","165996328","165996626","chr6","116309630","116309931","46","49686698"
"chr4","166026106","166026401","chr10","74928334","74928624","48","91097772"
"chr4","166031364","166031666","chr17","69358056","69358361","46","96673308"
"chr4","166061234","166061544","chr2","186353864","186354175","45","20292630"
"chr4","166098052","166098355","chr9","99204970","99205269","44","66893082"
"chr4","166353027","166353324","chr14","16678626","16678927","46","149674401"
"chr4","166443224","166443509","chr15","20770296","20770585","41","145672928"
"chr4","166551654","166551956","chr2","38876292","38876593","40","127675362"
"chr4","166739233","166739539","chr14","53456826","53457132","49","113282407"
"chr4","166943864","166944152","chr1","145176527","145176816","41","21767337"
"chr4","167047772","167048019","chr22","31281518","31281762","48","135766254"
"chr4","167250006","167250140","chr18","9713430","9713557","24","157536576"
"chr4","167296212","167296521","chr12","112769436","112769743","42","54526776"
"chr4","167299717","167300016","chr12","101611483","101611774","48","65688234"
"chr4","167312809","167313106","chr5","94234310","94234606","42","73078499"
"chr4","167329209","167329520","chr3","126545438","126545741","59","40783771"
"chr4","167622032","167622324","chr3","22261804","22262088","35","145360228"
"chr4","167732693","167732976","chr2","56700759","56701042","39","111031934"
"chr4","167737188","167737468","chr2","2824671","2824953","52","164912517"
"chr4","168092026","168092161","chr4","43236196","43236331","14","124855830"
"chr4","168112010","168112296","chr1","130305122","130305403","51","37806888"
"chr4","168112741","168113052","chr17","43047641","43047952","50","125065100"
"chr4","168294519","168294801","chr3","166033952","166034235","41","2260567"
"chr4","168377009","168377291","chr4","88122957","88123236","42","80254052"
"chr4","168405013","168405307","chr10","16033492","16033786","46","152371521"
"chr4","168541492","168541752","chr11","121124786","121125050","42","47416706"
"chr4","168637663","168637968","chr7","90171236","90171541","40","78466427"
"chr4","168644092","168644388","chr2","17313050","17313343","42","151331042"
"chr4","168673929","168674214","chr10","124125547","124125831","42","44548382"
"chr4","168680196","168680510","chr3","21055528","21055838","40","147624668"
"chr4","168709228","168709507","chr1","72132878","72133158","37","96576350"
"chr4","168759774","168760063","chrX","23036255","23036544","43","145723519"
"chr4","168761470","168761645","chr5","137951668","137951842","38","30809802"
"chr4","168761677","168761809","chr13","100347243","100347373","20","68414434"
"chr4","168762192","168762488","chr4","42439507","42439801","54","126322685"
"chr4","168774446","168774746","chr22","28997304","28997607","38","139777142"
"chr4","168779904","168780198","chr7","16121759","16122064","45","152658145"
"chr4","168782628","168782938","chr6","17068239","17068542","47","151714389"
"chr4","168792757","168793049","chr8","101516009","101516292","41","67276748"
"chr4","168814766","168815069","chr6","17068239","17068542","35","151746527"
"chr4","168851364","168851665","chr2","18780256","18780558","39","150071108"
"chr4","168860543","168860825","chr1","185728260","185728548","47","16867717"
"chr4","168901577","168901868","chr3","20835521","20835813","36","148066056"
"chr4","168971272","168971583","chr13","12881556","12881873","48","156089716"
"chr4","168980454","168980756","chr3","20752306","20752610","37","148228148"
"chr4","168981118","168981428","chr3","20751614","20751922","45","148229504"
"chr4","169019740","169020051","chr2","60819266","60819572","41","108200474"
"chr4","169059062","169059364","chr2","61800729","61801029","37","107258333"
"chr4","169075375","169075631","chr1","185863542","185863799","37","16788167"
"chr4","169083091","169083392","chr6","17068239","17068542","33","152014852"
"chr4","169111026","169111281","chr7","59156437","59156699","42","109954589"
"chr4","169119108","169119278","chrX","107323132","107323304","29","61795976"
"chr4","169119305","169119426","chr3","185872024","185872140","19","16752719"
"chr4","169157732","169158036","chr6","17068239","17068542","44","152089493"
"chr4","169209012","169209303","chr7","6894852","6895150","35","162314160"
"chr4","169229924","169230221","chr2","9886138","9886441","47","159343786"
"chr4","169278019","169278356","chr14","59569611","59569944","49","109708408"
"chr4","169279667","169279967","chr6","147894727","147895020","44","21384940"
"chr4","169280627","169280941","chr13","31331915","31332215","39","137948712"
"chr4","169285546","169285820","chr14","77766834","77767117","49","91518712"
"chr4","169288694","169288943","chr3","20405927","20406178","43","148882767"
"chr4","169290296","169290605","chr11","7543183","7543484","39","161747113"
"chr4","169302119","169302413","chr5","116115777","116116067","39","53186342"
"chr4","169338637","169338943","chr3","20371031","20371320","49","148967606"
"chr4","169367115","169367314","chr22","8177088","8177286","32","161190027"
"chr4","169405822","169406111","chr1","98572733","98573027","42","70833089"
"chr4","169409483","169409794","chr12","109985206","109985511","41","59424277"
"chr4","169434203","169434512","chr1","27883875","27884177","46","141550328"
"chr4","169439846","169440142","chr2","14723039","14723343","51","154716807"
"chr4","169447601","169447897","chr14","36321867","36322153","47","133125734"
"chr4","169567406","169567693","chr12","109739747","109740033","46","59827659"
"chr4","169575962","169576264","chr7","6894852","6895150","43","162681110"
"chr4","169608777","169609088","chr9","8886595","8886904","42","160722182"
"chr4","169610013","169610301","chr14","105224271","105224557","45","64385742"
"chr4","169610307","169610612","chr9","106557112","106557416","52","63053195"
"chr4","169626696","169626815","chr5","108582680","108582799","14","61044016"
"chr4","169644259","169644541","chr5","76077638","76077927","53","93566621"
"chr4","169672265","169672439","chr9","37378839","37379016","35","132293426"
"chr4","169709402","169709690","chr11","14706895","14707194","45","155002507"
"chr4","169726292","169726592","chr9","20871482","20871781","44","148854810"
"chr4","169742819","169743112","chr9","42631578","42631863","59","127111241"
"chr4","169748373","169748671","chr8","3713977","3714274","41","166034396"
"chr4","169753029","169753333","chr5","26961498","26961795","40","142791531"
"chr4","169760666","169760953","chr15","68809459","68809748","41","100951207"
"chr4","169761654","169761958","chr3","84166865","84167168","41","85594789"
"chr4","169776388","169776682","chr4","1465359","1465639","60","168311029"
"chr4","169793710","169794014","chr4","36522598","36522895","33","133271112"
"chr4","169801200","169801513","chr4","146441971","146442282","46","23359229"
"chr4","169806949","169807286","chr7","20359991","20360328","59","149446958"
"chr4","169824889","169825188","chr15","19433168","19433467","46","150391721"
"chr4","169859260","169859572","chr2","186572623","186572933","52","16713363"
"chr4","169864333","169864642","chr1","137129532","137129843","42","32734801"
"chr4","169878311","169878611","chr4","36522598","36522895","38","133355713"
"chr4","169955570","169955869","chr22","29334272","29334570","47","140621298"
"chr4","169980685","169980935","chr7","24573963","24574211","35","145406722"
"chr4","170042829","170043110","chr19","46861778","46862053","46","123181051"
"chr4","170050770","170051094","chr7","103400649","103400953","64","66650121"
"chr4","170051795","170052093","chr6","17068239","17068542","36","152983556"
"chr4","170053646","170053875","chr11","67503854","67504085","66","102549792"
"chr4","170070910","170071211","chrX","86580996","86581293","30","83489914"
"chr4","170180476","170180788","chr5","2298333","2298635","38","167882143"
"chr4","170217278","170217571","chr15","5688723","5689022","49","164528555"
"chr4","170277995","170278307","chr1","137129532","137129843","38","33148463"
"chr4","170460715","170460856","chr6","139231067","139231202","21","31229648"
"chr4","170482782","170483070","chr4","16350054","16350344","39","154132728"
"chr4","170906267","170906515","chr12","37622220","37622460","47","133284047"
"chr4","171001039","171001343","chr4","15705730","15706030","39","155295309"
"chr4","171010520","171010811","chr2","94274126","94274432","58","76736394"
"chr4","171219479","171219789","chr5","2508969","2509278","41","168710510"
"chr4","171244219","171244501","chr17","50666660","50666941","42","120577559"
"chr4","171306963","171307259","chr10","20454403","20454694","52","150852560"
"chr4","171349805","171350087","chr10","113826954","113827238","43","57522851"
"chr4","171406806","171406921","chr4","18881666","18881779","18","152525140"
"chr4","171677704","171678011","chr7","45344118","45344429","50","126333586"
"chr4","171828615","171828934","chr10","16033492","16033786","65","155795123"
"chr4","171849967","171850246","chr11","118602007","118602275","52","53247960"
"chr4","171874193","171874489","chr14","37097736","37098031","55","134776457"
"chr4","171940540","171940818","chr5","122419785","122420070","51","49520755"
"chr4","171942109","171942224","chr6","116349416","116349530","13","55592693"
"chr4","172118418","172118730","chr1","137129532","137129843","42","34988886"
"chr4","172151991","172152277","chr20","28636143","28636428","42","143515848"
"chr4","172170509","172170812","chr9","110335153","110335453","56","61835356"
"chr4","172275677","172275956","chr11","20923444","20923722","45","151352233"
"chr4","172281414","172281732","chrX","43300456","43300763","50","128980958"
"chr4","172443164","172443464","chr6","17068239","17068542","39","155374925"
"chr4","172708079","172708353","chr2","7914935","7915205","63","164793144"
"chr4","172713939","172714082","chr6","149541751","149541898","19","23172188"
"chr4","172756362","172756655","chr1","82463476","82463771","51","90292886"
"chr4","172802514","172802813","chr3","16769441","16769738","39","156033073"
"chr4","172830881","172831187","chr7","86048152","86048461","45","86782729"
"chr4","172843778","172844084","chr3","16725648","16725962","49","156118130"
"chr4","172858548","172858653","chr5","7336221","7336329","15","165522327"
"chr4","173012856","173013006","chr20","11243377","11243527","17","161769479"
"chr4","173047483","173047795","chr7","45344118","45344429","47","127703365"
"chr4","173124140","173124448","chr2","10406818","10407122","44","162717322"
"chr4","173146944","173147242","chr12","115383799","115384092","30","57763145"
"chr4","173175796","173176101","chr6","110803087","110803394","46","62372709"
"chr4","173331057","173331329","chr2","80644634","80644911","43","92686423"
"chr4","173342630","173342900","chr11","104934247","104934514","49","68408383"
"chr4","173351960","173352271","chr22","32362495","32362804","43","140989465"
"chr4","173374288","173374580","chr3","16143655","16143956","39","157230633"
"chr4","173409589","173409888","chr1","201000462","201000755","40","27590873"
"chr4","173463264","173463527","chr2","43121656","43121922","51","130341608"
"chr4","173485688","173485986","chrX","18481215","18481506","39","155004473"
"chr4","173566898","173567205","chr14","14370406","14370706","39","159196492"
"chr4","173649107","173649348","chr3","15853856","15854103","42","157795251"
"chr4","173684947","173685254","chr12","28553718","28554019","44","145131229"
"chr4","173744301","173744587","chr1","169233439","169233727","43","4510862"
"chr4","173894567","173894884","chr7","136659990","136660294","51","37234577"
"chr4","173926918","173927228","chr12","116121421","116121727","50","57805497"
"chr4","173970522","173970831","chr1","172406363","172406668","50","1564159"
"chr4","174018367","174018660","chr13","34118439","34118732","49","139899928"
"chr4","174082107","174082399","chr11","123371423","123371718","45","50710684"
"chr4","174094832","174095123","chr4","168156555","168156848","44","5938277"
"chr4","174168929","174169222","chrX","47133077","47133369","41","127035852"
"chr4","174269404","174269696","chr5","110918761","110919060","44","63350643"
"chr4","174318804","174319107","chr2","135439486","135439790","56","38879318"
"chr4","174421953","174422254","chr6","17068239","17068542","42","157353714"
"chr4","174426927","174427215","chr3","14997753","14998043","39","159429174"
"chr4","174510834","174510940","chr22","4044479","4044586","10","170466355"
"chr4","174559181","174559476","chr8","27155182","27155481","55","147403999"
"chr4","174617032","174617312","chr6","31709696","31709966","54","142907336"
"chr4","174629981","174630295","chr14","79148123","79148432","52","95481858"
"chr4","174711446","174711731","chr4","33510327","33510605","41","141201119"
"chr4","174809452","174809736","chr1","133189896","133190185","44","41619556"
"chr4","174817620","174817906","chr15","5690439","5690726","39","169127181"
"chr4","174839404","174839710","chr1","200620846","200621145","48","25781442"
"chr4","175036738","175037047","chr3","14451367","14451686","49","160585371"
"chr4","175085668","175085965","chr5","138347025","138347319","47","36738643"
"chr4","175132994","175133304","chr10","106881077","106881383","41","68251917"
"chr4","175204751","175205040","chr8","112018521","112018812","36","63186230"
"chr4","175238080","175238382","chr12","97567055","97567353","40","77671025"
"chr4","175314489","175314766","chr22","9211444","9211719","52","166103045"
"chr4","175320007","175320323","chr7","62638728","62639046","55","112681279"
"chr4","175368870","175369168","chr1","54676551","54676852","47","120692319"
"chr4","175424761","175425069","chr3","106655459","106655766","51","68769302"
"chr4","175433587","175433835","chr7","14985535","14985782","31","160448052"
"chr4","175537547","175537868","chr1","160990172","160990482","52","14547375"
"chr4","175557789","175558075","chr20","42344201","42344495","43","133213588"
"chr4","175597430","175597734","chr5","82166217","82166519","49","93431213"
"chr4","175636514","175636801","chr5","2532160","2532447","39","173104354"
"chr4","175645439","175645744","chr4","15705730","15706030","32","159939709"
"chr4","175703191","175703470","chr2","193447814","193448094","42","17744623"
"chr4","175726727","175726997","chr3","148251880","148252147","46","27474847"
"chr4","175750584","175750866","chr9","21088800","21089081","47","154661784"
"chr4","175792897","175793065","chr5","93153854","93154023","30","82639043"
"chr4","175820489","175820798","chr3","106655459","106655766","38","69165030"
"chr4","175864810","175865110","chr3","152110781","152111079","53","23754029"
"chr4","175914315","175914619","chr1","27883875","27884177","45","148030440"
"chr4","175927603","175927905","chrX","16707913","16708211","45","159219690"
"chr4","175966133","175966405","chr9","102853707","102853980","59","73112426"
"chr4","176062343","176062627","chr3","142186288","142186572","46","33876055"
"chr4","176127295","176127595","chrX","86580996","86581293","37","89546299"
"chr4","176141463","176141732","chr3","13447010","13447278","22","162694453"
"chr4","176152674","176152946","chrX","60275475","60275754","44","115877199"
"chr4","176199974","176200285","chr1","184817871","184818171","44","8617897"
"chr4","176211587","176211858","chrX","32823900","32824179","47","143387687"
"chr4","176219618","176219846","chr10","48315186","48315417","43","127904432"
"chr4","176225592","176225888","chr10","99341389","99341684","42","76884203"
"chr4","176243492","176243797","chr3","13346502","13346804","41","162896990"
"chr4","176248959","176249266","chr13","84459624","84459931","46","91789335"
"chr4","176354625","176354926","chr21","32861641","32861942","46","143492984"
"chr4","176427709","176427996","chr9","38519005","38519282","50","137908704"
"chr4","176513526","176513838","chr3","13085716","13086024","38","163427810"
"chr4","176590834","176591104","chr3","19631055","19631324","61","156959779"
"chr4","176678395","176678686","chr10","74928334","74928624","47","101750061"
"chr4","176682653","176682958","chr1","187604977","187605283","46","10922324"
"chr4","176803132","176803458","chr5","150153039","150153350","57","26650093"
"chr4","176852363","176852674","chr3","136855841","136856148","46","39996522"
"chr4","176866123","176866344","chr3","12705447","12705667","31","164160676"
"chr4","176944739","176945011","chr19","16281211","16281488","41","160663528"
"chr4","177003107","177003415","chr22","15341421","15341725","41","161661686"
"chr4","177076488","177076752","chr1","15784391","15784654","38","161292097"
"chr4","177120329","177120636","chr19","917453","917749","39","176202876"
"chr4","177145875","177146182","chr3","106655459","106655766","46","70490416"
"chr4","177168658","177168961","chr9","69967981","69968274","43","107200677"
"chr4","177224570","177224856","chrX","45666740","45667025","37","131557830"
"chr4","177247957","177248296","chr14","85439538","85439863","61","91808419"
"chr4","177276794","177277103","chr1","78546905","78547207","53","98729889"
"chr4","177297105","177297397","chr5","52498828","52499124","38","124798277"
"chr4","177353766","177354065","chr10","14603732","14604030","41","162750034"
"chr4","177394596","177394918","chr22","31895458","31895761","64","145499138"
"chr4","177402927","177403213","chrX","17243808","17244094","32","160159119"
"chr4","177410213","177410536","chr2","66976947","66977265","49","110433266"
"chr4","177422856","177423148","chr1","172257719","172258009","43","5165137"
"chr4","177456825","177457124","chr5","92897843","92898143","44","84558982"
"chr4","177461222","177461530","chr3","12064134","12064440","38","165397088"
"chr4","177469970","177470252","chr3","12051316","12051606","45","165418654"
"chr4","177560872","177561180","chr3","11970151","11970462","39","165590721"
"chr4","177590805","177591113","chr9","106230373","106230676","42","71360432"
"chr4","177591856","177592095","chr3","11940493","11940735","40","165651363"
"chr4","177658625","177658906","chr3","11865423","11865702","33","165793202"
"chr4","177829636","177829931","chr2","113442969","113443263","41","64386667"
"chr4","177912335","177912633","chr15","22872591","22872890","43","155039744"
"chr4","178103383","178103695","chr22","31767114","31767422","41","146336269"
"chr4","178156872","178157195","chr5","109327282","109327597","57","68829590"
"chr4","178359443","178359737","chr10","16033492","16033786","43","162325951"
"chr4","178363216","178363522","chr6","17068239","17068542","46","161294977"
"chr4","178420642","178420935","chr3","14997753","14998043","49","163422889"
"chr4","178451341","178451639","chr22","28997304","28997607","40","149454037"
"chr4","178541003","178541311","chr10","90431710","90432016","43","88109293"
"chr4","178549697","178550003","chr3","106655459","106655766","43","71894238"
"chr4","178565020","178565308","chrX","90178230","90178512","45","88386790"
"chr4","178710364","178710668","chr5","70995077","70995378","54","107715287"
"chr4","178729621","178729774","chr1","199652094","199652242","32","20922473"
"chr4","178740666","178740969","chr5","84717109","84717410","50","94023557"
"chr4","178820500","178820797","chr13","43694410","43694711","41","135126090"
"chr4","178826361","178826671","chr10","90431710","90432016","44","88394651"
"chr4","178832171","178832420","chr6","86694256","86694504","37","92137915"
"chr4","178835875","178836189","chr5","109893704","109894008","49","68942171"
"chr4","178847114","178847410","chr5","94234310","94234606","32","84612804"
"chr4","178968683","178968957","chr5","15793858","15794130","49","163174825"
"chr4","178971250","178971549","chr9","99935150","99935455","41","79036100"
"chr4","178977726","178978011","chr3","80959478","80959762","37","98018248"
"chr4","178996950","178997249","chr12","10565429","10565721","50","168431521"
"chr4","179010446","179010751","chr13","36439491","36439803","49","142570955"
"chr4","179150478","179150793","chr12","119402017","119402326","56","59748461"
"chr4","179194193","179194489","chr3","10414453","10414762","42","168779740"
"chr4","179348383","179348679","chr12","80492908","80493200","63","98855475"
"chr4","179635964","179636208","chr7","86905300","86905537","45","92730664"
"chr4","179756478","179756781","chr2","183662984","183663286","46","3906506"
"chr4","179796817","179797127","chr9","1997745","1998052","44","177799072"
"chr4","179995810","179996105","chr3","150099768","150100059","46","29896042"
"chr4","180129865","180130166","chr3","20614168","20614469","43","159515697"
"chr4","180152173","180152479","chr6","17068239","17068542","43","163083934"
"chr4","180310858","180311169","chr16","76936817","76937117","63","103374041"
"chr4","180319829","180320122","chr4","36445705","36445995","47","143874124"
"chr4","180408445","180408618","chr4","156579178","156579353","37","23829267"
"chr4","180408678","180408797","chr8","110602760","110602883","20","69805918"
"chr4","180444184","180444490","chr1","15931085","15931383","50","164513099"
"chr4","180450523","180450836","chr12","27257719","27258031","44","153192804"
"chr4","180457140","180457412","chr10","100963554","100963833","53","79493586"
"chr4","180457777","180458093","chr16","25492826","25493133","52","154964951"
"chr4","180502896","180503213","chr11","123924507","123924822","36","56578389"
"chr4","180507341","180507646","chr6","144225882","144226192","47","36281459"
"chr4","180546620","180546803","chr12","4348306","4348486","38","176198314"
"chr4","180547099","180547203","chr3","9032653","9032755","9","171514446"
"chr4","180592418","180592717","chr9","45396887","45397186","49","135195531"
"chr4","180600266","180600556","chr4","1321106","1321394","48","179279160"
"chr4","180651932","180652221","chr12","84690705","84690998","37","95961227"
"chr4","180655064","180655372","chr5","83113160","83113466","49","97541904"
"chr4","180683674","180683961","chr5","64893350","64893634","46","115790324"
"chr4","180709038","180709298","chr1","136879586","136879848","35","43829452"
"chr4","180726864","180727172","chr15","20018055","20018360","37","160708809"
"chr4","180756918","180757230","chrX","127832393","127832699","55","52924525"
"chr4","180895641","180895940","chr5","35548454","35548752","50","145347187"
"chr4","180930753","180931060","chr6","43666330","43666629","53","137264423"
"chr4","180934841","180935136","chr8","115870565","115870859","38","65064276"
"chr4","180982120","180982411","chr2","10593959","10594242","40","170388161"
"chr4","181016980","181017291","chr5","97331411","97331721","43","83685569"
"chr4","181067650","181067942","chr7","89217839","89218129","50","91849811"
"chr4","181163855","181164152","chr5","94234310","94234606","44","86929545"
"chr4","181170458","181170753","chr1","193266464","193266759","44","12096006"
"chr4","181207804","181208105","chr15","20018055","20018360","47","161189749"
"chr4","181228074","181228225","chr2","14289663","14289811","30","166938411"
"chr4","181228260","181228377","chr12","90274174","90274291","17","90954086"
"chr4","181230127","181230438","chrX","15478140","15478450","41","165751987"
"chr4","181282993","181283289","chr22","34293384","34293683","28","146989609"
"chr4","181425972","181426285","chr11","103432297","103432607","47","77993675"
"chr4","181527388","181527602","chrUn_GL286235","38874","39089","39","181488514"
"chr4","181581163","181581441","chr14","17569740","17570022","44","164011423"
"chr4","181595149","181595454","chr3","106655459","106655766","40","74939690"
"chr4","181643800","181644094","chr14","32745447","32745743","43","148898353"
"chr4","181787341","181787639","chr2","31201694","31201993","39","150585647"
"chr4","181828573","181828885","chr3","7738425","7738736","43","174090148"
"chr4","181857433","181857773","chr10","98923272","98923586","70","82934161"
"chr4","181886049","181886356","chr7","6894852","6895150","47","174991197"
"chr4","181912506","181912787","chr12","87671673","87671954","47","94240833"
"chr4","181974286","181974589","chr13","26525318","26525622","36","155448968"
"chr4","181995007","181995319","chr6","17068239","17068542","41","164926768"
"chr4","182037146","182037447","chr8","105064985","105065281","39","76972161"
"chr4","182050522","182050830","chrX","107827107","107827417","49","74223415"
"chr4","182065028","182065333","chr3","106655459","106655766","42","75409569"
"chr4","182070337","182070622","chr2","8798514","8798801","47","173271823"
"chr4","182092062","182092319","chr18","32656990","32657255","48","149435072"
"chr4","182160999","182161134","chr1","193332341","193332477","16","11171342"
"chr4","182161438","182161589","chr5","64547457","64547612","28","117613981"
"chr4","182199182","182199443","chr11","56641571","56641832","44","125557611"
"chr4","182208963","182209267","chr6","17068239","17068542","39","165140724"
"chr4","182243112","182243414","chr7","145693234","145693534","43","36549878"
"chr4","182274838","182275123","chr4","16350054","16350344","45","165924784"
"chr4","182290825","182291120","chr5","94234310","94234606","40","88056515"
"chr4","182299913","182300212","chr9","99776089","99776389","45","82523824"
"chr4","182469433","182469734","chr20","29549977","29550272","41","152919456"
"chr4","182516609","182516904","chr3","6979600","6979898","38","175537009"
"chr4","182550939","182551240","chr6","17068239","17068542","39","165482700"
"chr4","182569273","182569582","chr18","10830546","10830857","37","171738727"
"chr4","182589691","182589999","chr6","17068239","17068542","37","165521452"
"chr4","182708970","182709281","chr1","168595556","168595859","48","14113414"
"chr4","182739754","182740057","chr1","27883875","27884177","46","154855879"
"chr4","182777548","182777835","chr5","139826678","139826971","47","42950870"
"chr4","182840668","182840796","chr10","48138660","48138788","18","134702008"
"chr4","182859383","182859687","chr3","71786735","71787033","53","111072648"
"chr4","182872669","182872768","chr2","449404","449502","17","182423265"
"chr4","182876995","182877275","chr6","136043924","136044206","39","46833071"
"chr4","182950069","182950375","chr1","26088103","26088403","39","156861966"
"chr4","183006807","183007120","chr6","93506061","93506372","41","89500746"
"chr4","183014173","183014469","chr12","115383799","115384092","43","67630374"
"chr4","183027604","183027846","chr15","26057042","26057287","33","156970562"
"chr4","183056838","183057138","chr5","52498828","52499124","39","130558010"
"chr4","183091025","183091316","chr12","23468748","23469043","37","159622277"
"chr4","183093941","183094266","chr1","139741558","139741871","55","43352383"
"chr4","183104907","183105178","chr7","130035602","130035879","46","53069305"
"chr4","183107147","183107447","chr10","15634508","15634789","66","167472639"
"chr4","183209239","183209536","chr18","23350088","23350378","58","159859151"
"chr4","183224551","183224860","chr14","46372540","46372849","43","136852011"
"chr4","183231259","183231569","chr10","23365070","23365380","41","159866189"
"chr4","183302782","183303080","chr12","83078942","83079243","47","100223840"
"chr4","183351549","183351732","chr6","9136183","9136356","33","174215366"
"chr4","183410865","183411171","chr3","106655459","106655766","41","76755406"
"chr4","183423433","183423735","chr13","97064854","97065149","45","86358579"
"chr4","183424750","183425054","chr11","123924507","123924822","47","59500243"
"chr4","183461020","183461315","chr8","93697187","93697481","39","89763833"
"chr4","183462404","183462694","chr5","65031296","65031585","48","118431108"
"chr4","183474192","183474489","chr5","84826899","84827194","35","98647293"
"chr4","183475018","183475133","chr7","25044378","25044491","14","158430640"
"chr4","183485335","183485636","chr22","9673671","9673970","40","173811664"
"chr4","183501740","183502043","chr4","26335541","26335842","42","157166199"
"chr4","183516566","183516863","chr15","96755950","96756229","55","86760616"
"chr4","183538697","183538995","chr5","86230872","86231167","38","97307825"
"chr4","183545526","183545823","chr10","25293333","25293633","50","158252193"
"chr4","183592329","183592624","chr12","4260213","4260507","38","179332116"
"chr4","183597767","183598098","chr9","11967801","11968108","63","171629966"
"chr4","183600689","183600982","chr12","31252957","31253248","43","152347732"
"chr4","183611124","183611405","chr3","5850221","5850507","39","177760903"
"chr4","183621088","183621396","chrX","52368989","52369294","37","131252099"
"chr4","183643145","183643445","chr12","22532948","22533254","43","161110197"
"chr4","183663063","183663232","chr4","34157283","34157451","31","149505780"
"chr4","183663533","183663668","chr3","183625307","183625441","19","38226"
"chr4","183670603","183670930","chr1","179037278","179037621","81","4633325"
"chr4","183676776","183677063","chr3","33134720","33135011","43","150542056"
"chr4","183686140","183686436","chr3","165337940","165338234","49","18348200"
"chr4","183720967","183721276","chr10","94123570","94123871","50","89597397"
"chr4","183721955","183722078","chr11","63186025","63186149","18","120535930"
"chr4","183734088","183734398","chr2","63925527","63925835","51","119808561"
"chr4","183739897","183740213","chr12","51884744","51885046","55","131855153"
"chr4","183767644","183767898","chr22","1496990","1497237","48","182270654"
"chr4","183775326","183775461","chr4","43236196","43236331","13","140539130"
"chr4","183780637","183780945","chr2","138937103","138937408","46","44843534"
"chr4","183784957","183785259","chr22","40503125","40503432","37","143281832"
"chr4","183785944","183786243","chr13","84900289","84900589","48","98885655"
"chr4","183820102","183820223","chr18","42352591","42352711","11","141467511"
"chr4","183837461","183837758","chr5","38614488","38614784","36","145222973"
"chr4","183840878","183841162","chr13","43918238","43918525","48","139922640"
"chr4","183953576","183953865","chr9","5091298","5091590","39","178862278"
"chr4","184029878","184030154","chr3","111736801","111737080","42","72293077"
"chr4","184074371","184074683","chr3","5359465","5359777","43","178714906"
"chr4","184128191","184128478","chrX","17823913","17824200","35","166304278"
"chr4","184241551","184241853","chr15","5688723","5689022","38","178552828"
"chr4","184260851","184261134","chr13","39885762","39886059","51","144375089"
"chr4","184261744","184262033","chr2","186658826","186659113","40","2397082"
"chr4","184266600","184266901","chr12","87290615","87290915","32","96975985"
"chr4","184308218","184308354","chr4","26022910","26023045","13","158285308"
"chr4","184308621","184308785","chrX","106480049","106480214","25","77828572"
"chr4","184339095","184339404","chr3","165518689","165518997","50","18820406"
"chr4","184346374","184346696","chr4","158989006","158989316","59","25357368"
"chr4","184404961","184405244","chr9","25580766","25581050","37","158824195"
"chr4","184416764","184417072","chr3","64986478","64986781","44","119430286"
"chr4","184595739","184596030","chr10","89487563","89487852","37","95108176"
"chr4","184630521","184630815","chr7","13017719","13018023","44","171612802"
"chr4","184661425","184661705","chr1","202394399","202394681","41","17732974"
"chr4","184675547","184675845","chr5","113866546","113866836","40","70809001"
"chr4","184681555","184681873","chr17","46418435","46418746","47","138263120"
"chr4","184687074","184687370","chr11","67036150","67036441","39","117650924"
"chr4","184692192","184692501","chr11","125799128","125799440","42","58893064"
"chr4","184699669","184699956","chr5","116115777","116116067","35","68583892"
"chr4","184707942","184708244","chr22","28997304","28997607","40","155710638"
"chr4","184713110","184713407","chr13","58644101","58644390","38","126069009"
"chr4","184770846","184771133","chr19","45240314","45240603","35","139530532"
"chr4","184780957","184781253","chr9","112376113","112376420","45","72404844"
"chr4","184824124","184824420","chr3","106655459","106655766","48","78168665"
"chr4","184837239","184837527","chr20","27529242","27529530","42","157307997"
"chr4","184842399","184842673","chr7","60984375","60984638","41","123858024"
"chr4","184846059","184846359","chr5","26961498","26961795","37","157884561"
"chr4","184877957","184878258","chr1","194633565","194633866","46","9755608"
"chr4","184889101","184889412","chr17","42085654","42085964","45","142803447"
"chr4","184891257","184891552","chr10","16033492","16033786","39","168857765"
"chr4","184935370","184935659","chr1","197034847","197035133","41","12099477"
"chr4","184974106","184974405","chr2","8426666","8426970","37","176547440"
"chr4","184977287","184977601","chr13","43519277","43519578","60","141458010"
"chr4","184981589","184981903","chr6","93506061","93506372","49","91475528"
"chr4","184991087","184991372","chr3","4473036","4473315","39","180518051"
"chr4","184998777","184999068","chr5","2532160","2532447","45","182466617"
"chr4","185007737","185008015","chrX","107864085","107864361","35","77143652"
"chr4","185028228","185028535","chr7","90171236","90171541","34","94856992"
"chr4","185037970","185038269","chr3","4430916","4431206","48","180607054"
"chr4","185044287","185044585","chr7","80905976","80906275","43","104138311"
"chr4","185104213","185104462","chr3","4366550","4366789","35","180737663"
"chr4","185119541","185119878","chr1","183250340","183250667","65","1869201"
"chr4","185133499","185133793","chr10","16033492","16033786","38","169100007"
"chr4","185135698","185135982","chr7","58160492","58160776","40","126975206"
"chr4","185155967","185156267","chr1","163381580","163381871","44","21774387"
"chr4","185159071","185159358","chr5","94234310","94234606","35","90924761"
"chr4","185170066","185170362","chr22","10306224","10306530","48","174863842"
"chr4","185196192","185196482","chr1","13954469","13954768","39","171241723"
"chr4","185199091","185199387","chr14","97510672","97510969","49","87688419"
"chr4","185200359","185200652","chr12","4260213","4260507","44","180940146"
"chr4","185201042","185201343","chr9","84874634","84874934","37","100326408"
"chr4","185251012","185251294","chr1","202394399","202394681","38","17143387"
"chr4","185261174","185261472","chr2","129057586","129057890","44","56203588"
"chr4","185266366","185266661","chr6","147894727","147895020","32","37371639"
"chr4","185267446","185267745","chr7","6894852","6895150","36","178372594"
"chr4","185271340","185271548","chr10","131355587","131355799","48","53915753"
"chr4","185281735","185282039","chr1","168595556","168595859","38","16686179"
"chr4","185301577","185301886","chr14","79148123","79148432","40","106153454"
"chr4","185334057","185334335","chr9","44537673","44537953","38","140796384"
"chr4","185343938","185344238","chr5","5324822","5325117","51","180019116"
"chr4","185369228","185369543","chrX","122250423","122250744","61","63118805"
"chr4","185390229","185390546","chrUn_GL286451","397516","397830","45","184992713"
"chr4","185392946","185393228","chr15","58592468","58592749","44","126800478"
"chr4","185393977","185394285","chr3","4066211","4066518","46","181327766"
"chr4","185413024","185413155","chr5","154199517","154199649","14","31213507"
"chr4","185422867","185423157","chr4","158146980","158147273","43","27275887"
"chr4","185428292","185428587","chr5","94234310","94234606","44","91193982"
"chr4","185454433","185454735","chr20","23337174","23337477","36","162117259"
"chr4","185486903","185487180","chr1","176970171","176970443","42","8516732"
"chr4","185564902","185565191","chr2","170651743","170652040","39","14913159"
"chr4","185635835","185635846","chr5","92524075","92524085","4","93111760"
"chr4","185635874","185636158","chr5","74809771","74810060","41","110826103"
"chr4","185696458","185696741","chr2","6965455","6965749","42","178731003"
"chr4","185698194","185698519","chr2","154533489","154533792","53","31164705"
"chr4","185741394","185741663","chr6","154139321","154139589","45","31602073"
"chr4","185746307","185746617","chr12","27257719","27258031","42","158488588"
"chr4","185786680","185786939","chr16","53393471","53393723","36","132393209"
"chr4","185799921","185800215","chr3","3635695","3635987","44","182164226"
"chr4","185952029","185952326","chr15","6011216","6011510","39","179940813"
"chr4","185959366","185959669","chr7","58066603","58066906","41","127892763"
"chr4","185970935","185971238","chr2","11642004","11642310","37","174328931"
"chr4","185972406","185972710","chr1","184817871","184818171","40","1154535"
"chr4","185983728","185984035","chr6","116291763","116292064","52","69691965"
"chr4","186043957","186044022","chr8","54870269","54870335","6","131173688"
"chr4","186061302","186061589","chr16","25425936","25426223","35","160635366"
"chr4","186085843","186086163","chr7","45344118","45344429","48","140741725"
"chr4","186131066","186131358","chr14","5921690","5921981","34","180209376"
"chr4","186143543","186143820","chr21","40312570","40312838","46","145830973"
"chr4","186253818","186254131","chr11","123924507","123924822","48","62329311"
"chr4","186287312","186287592","chr9","112658122","112658404","38","73629190"
"chr4","186329874","186330187","chr12","110699815","110700119","49","75630059"
"chr4","186358869","186359014","chr7","46093323","46093466","23","140265546"
"chr4","186415613","186415895","chr3","3108457","3108738","32","183307156"
"chr4","186466698","186466985","chr8","32478813","32479091","42","153987885"
"chr4","186473678","186473965","chr6","147894727","147895020","39","38578951"
"chr4","186474880","186475178","chr5","123725041","123725338","43","62749839"
"chr4","186639861","186640148","chr2","125108166","125108464","55","61531695"
"chr4","186711636","186711937","chr9","20122679","20122976","41","166588957"
"chr4","186758359","186758669","chr7","45344118","45344429","44","141414241"
"chr4","186815230","186815523","chrX","48586301","48586587","76","138228929"
"chr4","186816394","186816685","chr4","150068857","150069148","33","36747537"
"chr4","186866276","186866566","chr6","147894727","147895020","40","38971549"
"chr4","186913999","186914297","chr7","18799577","18799872","50","168114422"
"chr4","186941575","186941885","chr4","82226247","82226558","42","104715328"
"chr4","187067712","187068022","chr5","94532768","94533076","43","92534944"
"chr4","187068117","187068431","chr10","108510817","108511128","46","78557300"
"chr4","187092335","187092456","chr8","97752735","97752856","15","89339600"
"chr4","187218590","187218880","chr5","154020351","154020637","40","33198239"
"chr4","187280232","187280528","chr11","116166580","116166874","42","71113652"
"chr4","187443084","187443324","chr12","50128129","50128366","34","137314955"
"chr4","187566002","187566285","chr4","121116021","121116303","35","66449981"
"chr4","187652617","187652921","chr1","101492422","101492722","45","86160195"
"chr4","187842125","187842431","chr3","1757955","1758244","52","186084170"
"chr4","187939644","187939903","chr11","13204541","13204798","36","174735103"
"chr4","187980864","187981173","chr3","1602652","1602962","44","186378212"
"chr4","188004319","188004619","chr13","39885762","39886059","35","148118557"
"chr4","188028760","188029035","chr5","121924126","121924414","50","66104634"
"chr4","188031338","188031645","chr9","103475047","103475342","46","84556291"
"chr4","188047648","188047941","chr15","29860694","29860987","39","158186954"
"chr4","188056937","188057233","chr3","116821774","116822068","40","71235163"
"chr4","188096657","188096955","chr11","81906871","81907167","46","106189786"
"chr4","188104360","188104661","chr1","168595556","168595859","35","19508804"
"chr4","188111678","188111929","chr11","32759698","32759945","38","155351980"
"chr4","188122163","188122452","chr7","89217839","89218129","41","98904324"
"chr4","188134497","188134789","chr11","67036150","67036441","46","121098347"
"chr4","188137296","188137468","chr4","43826691","43826860","29","144310605"
"chr4","188137777","188137912","chr22","14923891","14924028","14","173213886"
"chr4","188164341","188164638","chr5","2298333","2298635","44","185866008"
"chr4","188222632","188222941","chr1","168595556","168595859","47","19627076"
"chr4","188255500","188255796","chr12","55295081","55295375","46","132960419"
"chr4","188276264","188276554","chr6","149299474","149299765","38","38976790"
"chr4","188305209","188305452","chr1","164930052","164930295","39","23375157"
"chr4","188343827","188343965","chr1","172218988","172219121","12","16124839"
"chr4","188377047","188377371","chr3","106655459","106655766","67","81721588"
"chr4","188403595","188403908","chr4","159221657","159221968","51","29181938"
"chr4","188431608","188431913","chr6","85312522","85312822","44","103119086"
"chr4","188471671","188471979","chr5","86348365","86348672","46","102123306"
"chr4","188516714","188517008","chr3","173168716","173169010","41","15347998"
"chr4","188531274","188531574","chr10","101816662","101816963","43","86714612"
"chr4","188580480","188580780","chr6","17068239","17068542","34","171512241"
"chr4","188597512","188597808","chr22","28997304","28997607","45","159600208"
"chr4","188669928","188670247","chr3","1030059","1030372","50","187639869"
"chr4","188720427","188720690","chr5","89380186","89380445","54","99340241"
"chr4","188884642","188884953","chrX","47176701","47177007","44","141707941"
"chr4","188895619","188895922","chr5","8258993","8259302","43","180636626"
"chr4","188909430","188909717","chr20","41732264","41732555","48","147177166"
"chr4","188918532","188918834","chr16","61261331","61261629","41","127657201"
"chr4","189004569","189004873","chr4","147076387","147076688","53","41928182"
"chr4","189023555","189023849","chr22","40879260","40879556","57","148144295"
"chr4","189032943","189033241","chr9","65621114","65621411","52","123411829"
"chr4","189246907","189247182","chr10","101732804","101733077","50","87514103"
"chr4","189431477","189431773","chr3","479175","479474","51","188952302"
"chr4","189558067","189558374","chr2","10406818","10407122","46","179151249"
"chr4","189571167","189571402","chr10","92273721","92273947","42","97297446"
"chr4","189870102","189870376","chr1","169249136","169249415","47","20620966"
"chr4","189961410","189961707","chr1","163381580","163381871","47","26579830"
"chr4","190010439","190010725","chrX","46083719","46084002","43","143926720"
"chr5","12582675","12582970","chr7","96383773","96384067","57","83801098"
"chr5","15335170","15335475","chr2","188122077","188122372","48","172786907"
"chr5","16908246","16908543","chr4","149140126","149140427","42","132231880"
"chr5","68550475","68550747","chr1","75309890","75310162","36","6759415"
"chr5","78380784","78381078","chr7","31853604","31853897","40","46527180"
"chr5","101842832","101843128","chr5","25902148","25902449","56","75940684"
"chr5","130940738","130941030","chr10","16033492","16033786","45","114907246"
"chr5","132644776","132645029","chr3","165046481","165046732","39","32401705"
"chr5","163446733","163447016","chr15","20770296","20770585","45","142676437"
"chr5","172228443","172228750","chr12","20411053","20411360","42","151817390"
"chr5","47636","47885","chr5","86195580","86195829","37","86147944"
"chr5","134486","134791","chr9","91776812","91777118","42","91642326"
"chr5","230343","230648","chr6","17068239","17068542","41","16837896"
"chr5","253433","253734","chr2","60819266","60819572","40","60565833"
"chr5","326778","327066","chr5","80700303","80700590","34","80373525"
"chr5","393627","393927","chr11","95741675","95741975","43","95348048"
"chr5","419169","419465","chrX","68564835","68565133","39","68145666"
"chr5","441180","441487","chr19","36200669","36200962","57","35759489"
"chr5","468892","469180","chr4","16350054","16350344","36","15881162"
"chr5","480894","481176","chr19","43797153","43797433","43","43316259"
"chr5","498412","498701","chr6","5878497","5878790","50","5380085"
"chr5","509167","509444","chr2","2700473","2700739","51","2191306"
"chr5","550432","550730","chr14","33669909","33670206","32","33119477"
"chr5","605719","606020","chr9","115637925","115638221","35","115032206"
"chr5","728740","729027","chr19","9304972","9305258","61","8576232"
"chr5","813055","813354","chr2","8856125","8856430","65","8043070"
"chr5","872910","873196","chr21","40370081","40370362","45","39497171"
"chr5","913352","913653","chr3","106655459","106655766","42","105742107"
"chr5","1002583","1002917","chrX","122761555","122761865","60","121758972"
"chr5","1049876","1050152","chr1","42156505","42156788","41","41106629"
"chr5","1132922","1133214","chr2","186658826","186659113","50","185525904"
"chr5","1158275","1158577","chr4","44677030","44677337","38","43518755"
"chr5","1220128","1220438","chr11","121127492","121127801","42","119907364"
"chr5","1263406","1263705","chr16","33828417","33828713","41","32565011"
"chr5","1308017","1308312","chr5","94234310","94234606","40","92926293"
"chr5","1309745","1310056","chr3","106655459","106655766","45","105345714"
"chr5","1312601","1312888","chr1","82463476","82463771","51","81150875"
"chr5","1334472","1334754","chr4","34845790","34846071","46","33511318"
"chr5","1361553","1361830","chr10","10973408","10973688","45","9611855"
"chr5","1372193","1372437","chr2","7114712","7114952","43","5742519"
"chr5","1382711","1382981","chr13","26321017","26321282","42","24938306"
"chr5","1455163","1455475","chr1","82669756","82670065","40","81214593"
"chr5","1469499","1469805","chr6","17068239","17068542","42","15598740"
"chr5","1574952","1575249","chr15","83510124","83510419","40","81935172"
"chr5","1647967","1648270","chr9","101017703","101018007","52","99369736"
"chr5","1741370","1741668","chr5","120684415","120684709","42","118943045"
"chr5","1766167","1766477","chr3","106655459","106655766","48","104889292"
"chr5","1774946","1775257","chr8","85776394","85776700","56","84001448"
"chr5","1785386","1785673","chr10","8026640","8026929","36","6241254"
"chr5","1905559","1905857","chr1","163381580","163381871","47","161476021"
"chr5","1971583","1971884","chr5","26961498","26961795","39","24989915"
"chr5","2037736","2038027","chr2","49330876","49331163","46","47293140"
"chr5","2042999","2043298","chr7","103328929","103329224","35","101285930"
"chr5","2380153","2380449","chr22","15341421","15341725","47","12961268"
"chr5","2406566","2406862","chr7","103328929","103329224","43","100922363"
"chr5","2407145","2407448","chr10","101578950","101579242","51","99171805"
"chr5","2419246","2419554","chr9","11967801","11968108","47","9548555"
"chr5","2434145","2434438","chr22","36640923","36641218","41","34206778"
"chr5","2520287","2520589","chr21","36714531","36714832","40","34194244"
"chr5","2629460","2629749","chr4","16350054","16350344","43","13720594"
"chr5","2688120","2688432","chr2","61062755","61063065","54","58374635"
"chr5","2723498","2723814","chr18","22887559","22887870","56","20164061"
"chr5","2798410","2798707","chr1","15931085","15931383","42","13132675"
"chr5","2872105","2872387","chr1","204428237","204428521","41","201556132"
"chr5","2979905","2980214","chr3","108570361","108570666","48","105590456"
"chr5","3110906","3111216","chr5","150153039","150153350","49","147042133"
"chr5","3169169","3169469","chr10","55872616","55872911","47","52703447"
"chr5","3229937","3230231","chr19","43977271","43977559","51","40747334"
"chr5","3361119","3361394","chr13","5604800","5605070","43","2243681"
"chr5","3390248","3390542","chr5","94234310","94234606","42","90844062"
"chr5","3433355","3433656","chr11","123371423","123371718","45","119938068"
"chr5","3469348","3469649","chr22","33981676","33981980","57","30512328"
"chr5","3611652","3611966","chr8","80779437","80779743","48","77167785"
"chr5","3640625","3640926","chr14","36890942","36891243","44","33250317"
"chr5","3725133","3725414","chr7","76293659","76293945","55","72568526"
"chr5","3943102","3943409","chr6","17068239","17068542","39","13125137"
"chr5","3968499","3968777","chr5","4626496","4626785","48","657997"
"chr5","4010743","4011046","chr12","31281547","31281855","53","27270804"
"chr5","4096939","4097258","chrX","8814749","8815067","44","4717810"
"chr5","4099020","4099330","chr9","101796262","101796572","43","97697242"
"chr5","4111610","4111918","chr18","3207968","3208276","54","903642"
"chr5","4239827","4240121","chr9","103475047","103475342","46","99235220"
"chr5","4290969","4291231","chr7","129397165","129397435","46","125106196"
"chr5","4657312","4657418","chr22","38369977","38370082","23","33712665"
"chr5","4657447","4657592","chr9","39119150","39119289","42","34461703"
"chr5","4704392","4704675","chr5","76517538","76517828","42","71813146"
"chr5","4971801","4972104","chr8","15112326","15112620","49","10140525"
"chr5","5094963","5095243","chr11","24157496","24157769","53","19062533"
"chr5","5095293","5095590","chr5","94234310","94234606","36","89139017"
"chr5","5097118","5097416","chr2","31372053","31372354","39","26274935"
"chr5","5206466","5206780","chr7","53651921","53652230","46","48445455"
"chr5","5214396","5214702","chr12","12071873","12072177","63","6857477"
"chr5","5445425","5445713","chr2","6956653","6956933","61","1511228"
"chr5","5505374","5505685","chr5","124338115","124338421","49","118832741"
"chr5","5506875","5507121","chr9","84110775","84111008","62","78603900"
"chr5","5732208","5732548","chr11","123924507","123924822","62","118192299"
"chr5","5758757","5759063","chr1","169536800","169537081","60","163778043"
"chr5","5773582","5773863","chr14","75602","75879","37","5697980"
"chr5","5985027","5985292","chrX","51147516","51147782","48","45162489"
"chr5","6068269","6068564","chr5","94234310","94234606","41","88166041"
"chr5","6147644","6147944","chr6","17068239","17068542","37","10920595"
"chr5","6167995","6168298","chr15","20018055","20018360","48","13850060"
"chr5","6194108","6194413","chr1","202849760","202850061","47","196655652"
"chr5","6277792","6278103","chr11","125799128","125799440","40","119521336"
"chr5","6318414","6318722","chr5","116347652","116347957","41","110029238"
"chr5","6324826","6325119","chr16","25425936","25426223","45","19101110"
"chr5","6327550","6327850","chr6","17068239","17068542","38","10740689"
"chr5","6337549","6337851","chr2","65057694","65058000","38","58720145"
"chr5","6353510","6353594","chr12","40150913","40150991","11","33797403"
"chr5","6433462","6433757","chr6","147894727","147895020","31","141461265"
"chr5","6436394","6436691","chr1","139655472","139655767","44","133219078"
"chr5","6445680","6445963","chr5","115935014","115935288","52","109489334"
"chr5","6483154","6483458","chr12","28553718","28554019","39","22070564"
"chr5","6537233","6537536","chr6","7892688","7892995","43","1355455"
"chr5","6590819","6591109","chr5","132866059","132866355","42","126275240"
"chr5","6672268","6672574","chr6","17068239","17068542","35","10395971"
"chr5","6709708","6709988","chr10","128279702","128279982","41","121569994"
"chr5","6754167","6754468","chr8","3713977","3714274","44","3040190"
"chr5","6794540","6794831","chr3","150099768","150100059","40","143305228"
"chr5","6816158","6816474","chr2","16512830","16513135","51","9696672"
"chr5","6895319","6895593","chr2","197279059","197279336","40","190383740"
"chr5","6904627","6904915","chr1","65260910","65261197","54","58356283"
"chr5","6906794","6907092","chr10","16033492","16033786","47","9126698"
"chr5","7044905","7045208","chr15","49359997","49360293","41","42315092"
"chr5","7064394","7064691","chr5","26961498","26961795","41","19897104"
"chr5","7205914","7206222","chr2","196969523","196969821","46","189763609"
"chr5","7239782","7239915","chr16","70208284","70208415","11","62968502"
"chr5","7277113","7277133","chr10","17789322","17789342","6","10512209"
"chr5","7277167","7277451","chr10","8026640","8026929","45","749473"
"chr5","7311601","7311713","chrX","101129918","101130030","14","93818317"
"chr5","7511939","7512245","chr9","14632502","14632808","45","7120563"
"chr5","7608300","7608588","chr2","110998425","110998717","44","103390125"
"chr5","7673121","7673455","chr22","41857491","41857814","70","34184370"
"chr5","7818345","7818663","chr2","9048425","9048732","78","1230080"
"chr5","7832498","7832787","chr12","43825860","43826148","42","35993362"
"chr5","7846762","7847013","chr2","196279413","196279650","49","188432651"
"chr5","8037000","8037081","chr13","102335580","102335664","9","94298580"
"chr5","8047820","8048099","chr7","71084780","71085058","53","63036960"
"chr5","8167311","8167622","chr2","195868364","195868678","53","187701053"
"chr5","8261921","8262230","chr2","195742822","195743121","59","187480901"
"chr5","8395262","8395566","chr7","59590863","59591162","50","51195601"
"chr5","8559410","8559718","chrX","47176701","47177007","40","38617291"
"chr5","8640533","8640616","chr14","76914346","76914429","8","68273813"
"chr5","8703199","8703479","chr2","63953345","63953627","56","55250146"
"chr5","8708334","8708604","chr1","15624742","15625015","43","6916408"
"chr5","8775531","8775798","chr12","61339607","61339875","45","52564076"
"chr5","8780761","8781074","chrX","47176701","47177007","48","38395940"
"chr5","9059549","9059848","chr4","35456588","35456885","49","26397039"
"chr5","9097962","9098237","chr11","23439208","23439487","45","14341246"
"chr5","9142685","9142974","chr18","13930645","13930944","59","4787960"
"chr5","9152790","9153083","chr6","17068239","17068542","39","7915449"
"chr5","9153764","9154062","chr10","14603732","14604030","40","5449968"
"chr5","9323650","9323948","chr5","92443178","92443472","49","83119528"
"chr5","9480933","9481245","chr2","194619018","194619325","40","185138085"
"chr5","9521128","9521436","chr5","102422486","102422794","42","92901358"
"chr5","9536331","9536632","chr6","17068239","17068542","31","7531908"
"chr5","9696286","9696581","chr17","42545319","42545613","43","32849033"
"chr5","9767652","9767942","chr6","17068239","17068542","48","7300587"
"chr5","9790633","9790939","chr18","3287014","3287306","53","6503619"
"chr5","9791417","9791727","chr5","52594842","52595148","53","42803425"
"chr5","9864346","9864649","chr1","202849760","202850061","49","192985414"
"chr5","9894121","9894413","chr13","101782563","101782851","40","91888442"
"chr5","9915862","9916112","chr8","70271088","70271338","47","60355226"
"chr5","9916542","9916864","chr12","31281547","31281855","61","21365005"
"chr5","10052354","10052535","chr2","193951791","193951967","30","183899437"
"chr5","10069159","10069451","chr8","93697187","93697481","40","83628028"
"chr5","10114647","10114955","chr12","31281547","31281855","58","21166900"
"chr5","10193321","10193621","chr2","114528005","114528309","48","104334684"
"chr5","10228691","10228929","chr5","81447617","81447858","57","71218926"
"chr5","10246148","10246472","chrX","107827107","107827417","52","97580959"
"chr5","10279545","10279839","chr7","6894852","6895150","33","3384693"
"chr5","10287715","10288030","chr12","31281547","31281855","52","20993832"
"chr5","10296903","10297213","chr8","16161133","16161440","47","5864230"
"chr5","10308391","10308705","chr3","108570361","108570666","49","98261970"
"chr5","10315632","10315943","chr5","94188648","94188957","49","83873016"
"chr5","10317515","10317828","chr22","38902466","38902763","60","28584951"
"chr5","10319878","10320176","chr13","9838981","9839265","45","480897"
"chr5","10321408","10321703","chr6","88461927","88462224","48","78140519"
"chr5","10342526","10342812","chr2","193630401","193630691","28","183287875"
"chr5","10343702","10344029","chr2","193629191","193629506","45","183285489"
"chr5","10344500","10344793","chr2","193628426","193628709","43","183283926"
"chr5","10349400","10349697","chr5","2298333","2298635","47","8051067"
"chr5","10368570","10368872","chr22","28954177","28954483","54","18585607"
"chr5","10382546","10382844","chrX","16707913","16708211","42","6325367"
"chr5","10387670","10387961","chr9","112070728","112071030","59","101683058"
"chr5","10389408","10389701","chr1","98572733","98573027","39","88183325"
"chr5","10429396","10429700","chr2","193545996","193546296","43","183116600"
"chr5","10444976","10445270","chrX","69079817","69080113","43","58634841"
"chr5","10449237","10449532","chr2","18360128","18360420","43","7910891"
"chr5","10471128","10471444","chr13","29271116","29271419","56","18799988"
"chr5","10477648","10477944","chr6","22173757","22174055","39","11696109"
"chr5","10481949","10482241","chr5","120684415","120684709","35","110202466"
"chr5","10496551","10496857","chr20","22923582","22923882","49","12427031"
"chr5","10497880","10498167","chr2","193471797","193472084","37","182973917"
"chr5","10511015","10511297","chr5","31371357","31371639","38","20860342"
"chr5","10512561","10512857","chr2","193455179","193455473","39","182942618"
"chr5","10514626","10514933","chr10","35587352","35587663","44","25072726"
"chr5","10516735","10517040","chr6","17068239","17068542","42","6551504"
"chr5","10540396","10540724","chr9","35187592","35187919","49","24647196"
"chr5","10553103","10553395","chr1","137430360","137430641","46","126877257"
"chr5","10560707","10560982","chr5","88950489","88950766","44","78389782"
"chr5","10568544","10568833","chr5","74809771","74810060","43","64241227"
"chr5","10569865","10570176","chr21","40584762","40585072","41","30014897"
"chr5","10587266","10587400","chr12","50418916","50419049","15","39831650"
"chr5","10604191","10604492","chr5","99799393","99799697","44","89195202"
"chr5","10606732","10607030","chr5","94234310","94234606","42","83627578"
"chr5","10608067","10608374","chr5","21567763","21568073","54","10959696"
"chr5","10634458","10634755","chr13","94652699","94652996","41","84018241"
"chr5","10746323","10746627","chr2","13941060","13941364","43","3194737"
"chr5","10947280","10947571","chr2","192969502","192969795","37","182022222"
"chr5","11011204","11011516","chr3","106655459","106655766","44","95644255"
"chr5","11026348","11026655","chr3","106655459","106655766","44","95629111"
"chr5","11102971","11103281","chr7","148985140","148985448","33","137882169"
"chr5","11103389","11103692","chr8","114366897","114367202","43","103263508"
"chr5","11116778","11117086","chrX","86580996","86581293","46","75464218"
"chr5","11152982","11153278","chr4","156698023","156698319","37","145545041"
"chr5","11277550","11277830","chr2","36825524","36825807","47","25547974"
"chr5","11329168","11329454","chr13","9838981","9839265","38","1490187"
"chr5","11330539","11330800","chr2","192558203","192558453","56","181227664"
"chr5","11404603","11404909","chr22","28954177","28954483","49","17549574"
"chr5","11427276","11427579","chr2","192446383","192446678","42","181019107"
"chr5","11445967","11446270","chr22","28997304","28997607","44","17551337"
"chr5","11447103","11447369","chr1","193765811","193766080","55","182318708"
"chr5","11525903","11526201","chr7","6894852","6895150","48","4631051"
"chr5","11561760","11562058","chr13","100242598","100242888","43","88680838"
"chr5","11600424","11600727","chr10","92853066","92853365","39","81252642"
"chr5","11616615","11616906","chr6","143889066","143889352","46","132272451"
"chr5","11700106","11700415","chr22","33981676","33981980","54","22281570"
"chr5","11773532","11773829","chr22","28997304","28997607","35","17223772"
"chr5","11801993","11802285","chr10","16169668","16169965","38","4367675"
"chr5","11818372","11818667","chr5","5052462","5052757","54","6765910"
"chr5","11999696","11999938","chr2","191856914","191857159","46","179857218"
"chr5","12024879","12025167","chr1","205216360","205216648","46","193191481"
"chr5","12403249","12403588","chr1","179037278","179037621","81","166634029"
"chr5","12407767","12408072","chr1","10143237","10143538","40","2264530"
"chr5","12426851","12427129","chr5","71589838","71590119","45","59162987"
"chr5","12533758","12534060","chr7","129627052","129627353","43","117093294"
"chr5","12626435","12626723","chr5","114706397","114706685","44","102079962"
"chr5","12628013","12628329","chr4","13590265","13590575","50","962252"
"chr5","12798720","12799006","chr2","18997881","18998163","47","6199161"
"chr5","12834049","12834354","chr2","94752074","94752384","48","81918025"
"chr5","12941960","12942250","chr19","6867541","6867823","55","6074419"
"chr5","12945663","12945973","chr11","125799128","125799440","42","112853465"
"chr5","12969261","12969555","chr18","5141985","5142278","36","7827276"
"chr5","12999535","12999821","chr13","12656936","12657224","46","342599"
"chr5","13087062","13087359","chr14","83739394","83739686","37","70652332"
"chr5","13102990","13103287","chr9","45396887","45397186","41","32293897"
"chr5","13132788","13133110","chr13","18393383","18393690","57","5260595"
"chr5","13357000","13357283","chr3","166033952","166034235","42","152676952"
"chr5","13398632","13398724","chr2","190199280","190199371","13","176800648"
"chr5","13455951","13456247","chr10","16033492","16033786","42","2577541"
"chr5","13565928","13566247","chr2","190053366","190053672","46","176487438"
"chr5","13575058","13575348","chr3","150073804","150074104","51","136498746"
"chr5","13638389","13638669","chr11","15686953","15687243","46","2048564"
"chr5","13732376","13732666","chr14","64670666","64670960","39","50938290"
"chr5","13737643","13737774","chr2","189847425","189847556","17","176109782"
"chr5","13737781","13738096","chr2","189847113","189847418","50","176109332"
"chr5","13786980","13787217","chr2","189789250","189789483","34","176002270"
"chr5","13845833","13846138","chr9","84874634","84874934","51","71028801"
"chr5","13907149","13907428","chr4","34845790","34846071","34","20938641"
"chr5","13958954","13959244","chr12","4806928","4807199","51","9152026"
"chr5","13988417","13988721","chr2","189571069","189571376","28","175582652"
"chr5","13998878","13999171","chr4","6898633","6898927","38","7100245"
"chr5","14015310","14015598","chr11","15686953","15687243","34","1671643"
"chr5","14066922","14067212","chr5","132893438","132893729","42","118826516"
"chr5","14069690","14069986","chr17","19805804","19806104","38","5736114"
"chr5","14095690","14095999","chr9","11967801","11968108","38","2127889"
"chr5","14097619","14097928","chrX","124381299","124381609","34","110283680"
"chr5","14100149","14100457","chr22","15341421","15341725","44","1241272"
"chr5","14160914","14161203","chr6","119365724","119366021","42","105204810"
"chr5","14317710","14317842","chr18","5010115","5010248","14","9307595"
"chr5","14345571","14345839","chr17","11266122","11266399","46","3079449"
"chr5","14396444","14396769","chr13","57673541","57673870","51","43277097"
"chr5","14453941","14454228","chr1","186704593","186704886","42","172250652"
"chr5","14476510","14476842","chr14","85439538","85439863","54","70963028"
"chr5","14538376","14538678","chr22","28997304","28997607","43","14458928"
"chr5","14558439","14558746","chr4","147064984","147065283","41","132506545"
"chr5","14559232","14559533","chr13","43694410","43694711","36","29135178"
"chr5","14606947","14607241","chr12","2923234","2923528","33","11683713"
"chr5","14658691","14658984","chrX","17855428","17855719","41","3196737"
"chr5","14771640","14771943","chr5","50433085","50433388","51","35661445"
"chr5","14789732","14790008","chr2","80644634","80644911","47","65854902"
"chr5","14803267","14803578","chr19","25591314","25591622","46","10788047"
"chr5","14846710","14847022","chr8","30348250","30348546","58","15501540"
"chr5","14847861","14848135","chr5","31371357","31371639","37","16523496"
"chr5","14868394","14868708","chr2","94274126","94274432","50","79405732"
"chr5","14891102","14891407","chr5","94532768","94533076","41","79641666"
"chr5","14898437","14898724","chr22","9714411","9714706","42","5184026"
"chr5","14926426","14926706","chr2","90417029","90417300","43","75490603"
"chr5","14930092","14930384","chr20","27822433","27822727","32","12892341"
"chr5","14937976","14938276","chr1","135981114","135981413","38","121043138"
"chr5","14964907","14965198","chr5","2532160","2532447","35","12432747"
"chr5","14965501","14965696","chr2","188526564","188526758","20","173561063"
"chr5","14966730","14967042","chr7","30011356","30011665","41","15044626"
"chr5","14975432","14975728","chr5","63326522","63326817","32","48351090"
"chr5","14988888","14989234","chr12","22367815","22368157","67","7378927"
"chr5","15000742","15000993","chr11","113708438","113708686","43","98707696"
"chr5","15005616","15005911","chr2","188480597","188480885","35","173474981"
"chr5","15011335","15011638","chr6","17068239","17068542","42","2056904"
"chr5","15020411","15020701","chr10","16033492","16033786","40","1013081"
"chr5","15022729","15023037","chr1","168595556","168595859","42","153572827"
"chr5","15036279","15036508","chr4","139611381","139611609","32","124575102"
"chr5","15094482","15094786","chr8","31007177","31007473","43","15912695"
"chr5","15107333","15107617","chr8","115045162","115045443","43","99937829"
"chr5","15472395","15472693","chr11","65163335","65163629","41","49690940"
"chr5","15473291","15473598","chr6","17068239","17068542","43","1594948"
"chr5","15503139","15503422","chr10","75033486","75033768","46","59530347"
"chr5","15517979","15518266","chr9","103685426","103685723","53","88167447"
"chr5","15614287","15614565","chr10","55014674","55014952","44","39400387"
"chr5","15622706","15623003","chr2","187802088","187802387","38","172179382"
"chr5","15640519","15640823","chr3","106655459","106655766","42","91014940"
"chr5","15655214","15655522","chr6","17068239","17068542","48","1413025"
"chr5","15672552","15672854","chr1","184817871","184818171","41","169145319"
"chr5","15677188","15677475","chr2","139362540","139362829","52","123685352"
"chr5","15823997","15824319","chr4","68694835","68695137","50","52870838"
"chr5","15830202","15830485","chr22","24302889","24303171","36","8472687"
"chr5","15888197","15888516","chr1","71695463","71695769","56","55807266"
"chr5","15896029","15896278","chr12","84599765","84600001","36","68703736"
"chr5","15917957","15918262","chr2","187521237","187521545","34","171603280"
"chr5","15921101","15921399","chr13","43694410","43694711","39","27773309"
"chr5","16041724","16042018","chr2","187362780","187363073","39","171321056"
"chr5","16084361","16084665","chr1","27883875","27884177","40","11799514"
"chr5","16119085","16119378","chr2","137481604","137481899","38","121362519"
"chr5","16187971","16188267","chr11","62590101","62590389","38","46402130"
"chr5","16393720","16394022","chrX","15410514","15410811","42","983206"
"chr5","16435637","16435904","chr10","101732804","101733077","38","85297167"
"chr5","16501522","16501844","chrUn_GL286451","397516","397830","49","16104006"
"chr5","16572214","16572511","chr6","17068239","17068542","38","496025"
"chr5","16589369","16589666","chr5","92240457","92240760","53","75651088"
"chr5","16601387","16601695","chr13","84459624","84459931","36","67858237"
"chr5","16628960","16629239","chr7","80622327","80622607","45","63993367"
"chr5","16630024","16630323","chr10","22135725","22136023","37","5505701"
"chr5","16639070","16639372","chr7","6894852","6895150","50","9744218"
"chr5","16679525","16679823","chr9","35074414","35074712","41","18394889"
"chr5","16691417","16691715","chr1","157959927","157960225","36","141268510"
"chr5","16695052","16695347","chr22","28383777","28384071","35","11688725"
"chr5","16725788","16726085","chr17","19805804","19806104","42","3080016"
"chr5","16731341","16731648","chrX","14791897","14792198","42","1939444"
"chr5","16749233","16749508","chr5","168885","169166","41","16580348"
"chr5","16752276","16752585","chr6","17068239","17068542","45","315963"
"chr5","16762679","16762988","chr6","150221552","150221859","46","133458873"
"chr5","16766767","16767024","chr6","86694256","86694504","40","69927489"
"chr5","16767687","16767977","chr2","186575002","186575298","30","169807315"
"chr5","16769343","16769639","chr11","74360467","74360765","41","57591124"
"chr5","16779901","16780200","chr12","79143458","79143759","43","62363557"
"chr5","16781080","16781379","chr17","69075766","69076065","32","52294686"
"chr5","16785588","16785904","chr21","40584762","40585072","48","23799174"
"chr5","16789521","16789804","chr20","27445910","27446186","61","10656389"
"chr5","16793324","16793622","chr22","40879260","40879556","45","24085936"
"chr5","16823160","16823443","chr7","60622958","60623238","45","43799798"
"chr5","16827288","16827586","chr15","8339169","8339465","45","8488119"
"chr5","16840131","16840411","chr10","45334405","45334685","39","28494274"
"chr5","16879896","16880205","chr5","84871601","84871910","49","67991705"
"chr5","16886650","16886960","chr4","82226247","82226558","47","65339597"
"chr5","16892360","16892664","chr6","132370017","132370315","57","115477657"
"chr5","16926420","16926724","chr3","64986478","64986781","50","48060058"
"chr5","16944736","16945009","chr2","68097912","68098183","57","51153176"
"chr5","16950272","16950569","chr20","28691192","28691484","34","11740920"
"chr5","16951783","16952056","chr8","91734066","91734337","39","74782283"
"chr5","16956779","16957075","chr11","123372063","123372358","39","106415284"
"chr5","16974760","16975015","chr22","27309991","27310258","45","10335231"
"chr5","16993741","16994046","chr2","186353864","186354175","44","169360123"
"chr5","17017555","17017861","chr7","58385068","58385368","50","41367513"
"chr5","17023740","17023874","chr4","71763764","71763896","11","54740024"
"chr5","17027722","17028025","chr10","98627092","98627395","43","81599370"
"chr5","17034057","17034321","chr1","138060195","138060467","42","121026138"
"chr5","17041377","17041509","chr2","186311231","186311364","14","169269854"
"chr5","17056949","17057233","chr2","186298082","186298362","48","169241133"
"chr5","17058099","17058233","chr16","70208284","70208415","15","53150185"
"chr5","17117204","17117506","chr4","156698023","156698319","44","139580819"
"chr5","17127473","17127758","chr7","58160492","58160776","41","41033019"
"chr5","17149170","17149477","chrX","47176701","47177007","44","30027531"
"chr5","17150959","17151262","chr6","17068239","17068542","47","82720"
"chr5","17160237","17160524","chr7","57805504","57805793","39","40645267"
"chr5","17170053","17170347","chr5","5052462","5052757","38","12117591"
"chr5","17201669","17201972","chr22","40339324","40339631","48","23137655"
"chr5","17227414","17227703","chr3","106705197","106705482","38","89477783"
"chr5","17230571","17230861","chr14","21485011","21485295","46","4254440"
"chr5","17237622","17237910","chr2","186105881","186106169","39","168868259"
"chr5","17245023","17245325","chr4","15705730","15706030","45","1539293"
"chr5","17249939","17250246","chr9","84874634","84874934","43","67624695"
"chr5","17281559","17281846","chr14","83739394","83739686","48","66457835"
"chr5","17284500","17284807","chr3","153217268","153217573","40","135932768"
"chr5","17293680","17293973","chr2","186045893","186046190","35","168752213"
"chr5","17299501","17299796","chr14","5921690","5921981","41","11377811"
"chr5","17303877","17304172","chr7","103153203","103153500","41","85849326"
"chr5","17310732","17311021","chr14","83433453","83433742","40","66122721"
"chr5","17315859","17316144","chr3","107225994","107226284","43","89910135"
"chr5","17319028","17319299","chr5","87327853","87328126","46","70008825"
"chr5","17322165","17322466","chr15","5688723","5689022","35","11633442"
"chr5","17326194","17326496","chr2","186016934","186017234","41","168690740"
"chr5","17333063","17333366","chr2","186009495","186009797","39","168676432"
"chr5","17348644","17348953","chr1","135983511","135983815","45","118634867"
"chr5","17356917","17357232","chr5","114232117","114232428","49","96875200"
"chr5","17381396","17381678","chr14","75602","75879","40","17305794"
"chr5","17382987","17383280","chr5","79752580","79752868","35","62369593"
"chr5","17388327","17388614","chr19","23405062","23405351","48","6016735"
"chr5","17389245","17389552","chr3","106655459","106655766","43","89266214"
"chr5","17418885","17419168","chr6","147868787","147869076","43","130449902"
"chr5","17432091","17432383","chr2","185897793","185898092","55","168465702"
"chr5","17435465","17435765","chr7","80905976","80906275","47","63470511"
"chr5","17475821","17476114","chr4","32900689","32900985","47","15424868"
"chr5","17496905","17497219","chr1","55290903","55291212","61","37793998"
"chr5","17601390","17601545","chrUn_GL286234","74493","74637","46","17526897"
"chr5","17601572","17601663","chr2","2407423","2407515","25","15194149"
"chr5","17603458","17603764","chr22","40503125","40503432","63","22899667"
"chr5","17630742","17631060","chr9","53300055","53300358","67","35669313"
"chr5","17652108","17652412","chr3","177773552","177773857","48","160121444"
"chr5","17796803","17797111","chr1","74468523","74468827","65","56671720"
"chr5","18077308","18077623","chr22","33981676","33981980","49","15904368"
"chr5","18249521","18249833","chr4","35684777","35685097","67","17435256"
"chr5","18311679","18311972","chr9","15641660","15641952","44","2670019"
"chr5","18447930","18448224","chr5","75080426","75080719","37","56632496"
"chr5","18453905","18454181","chr2","185050040","185050312","36","166596135"
"chr5","18588569","18588857","chr6","147894727","147895020","48","129306158"
"chr5","18639081","18639354","chr10","60017760","60018041","56","41378679"
"chr5","18659328","18659633","chrX","35289377","35289681","43","16630049"
"chr5","18680633","18680924","chr20","26476856","26477145","35","7796223"
"chr5","18735386","18735481","chrX","122708087","122708184","18","103972701"
"chr5","18735785","18736021","chr1","192262423","192262637","55","173526638"
"chr5","18900452","18900724","chr2","184609999","184610269","41","165709547"
"chr5","19203378","19203693","chr5","79630195","79630500","60","60426817"
"chr5","19218846","19219141","chr15","6011216","6011510","48","13207630"
"chr5","19243432","19243723","chr2","184260605","184260895","35","165017173"
"chr5","19247173","19247514","chr15","62836485","62836818","61","43589312"
"chr5","19285178","19285505","chr5","96896431","96896755","46","77611253"
"chr5","19324810","19325123","chr1","168595556","168595859","51","149270746"
"chr5","19366271","19366562","chr22","29825053","29825352","43","10458782"
"chr5","19417975","19418279","chr20","29549977","29550272","49","10132002"
"chr5","19430621","19430937","chr7","87486903","87487227","86","68056282"
"chr5","19456171","19456466","chr2","184009797","184010097","47","164553626"
"chr5","19496531","19496831","chr12","87290615","87290915","44","67794084"
"chr5","19618202","19618505","chr2","18780256","18780558","45","837946"
"chr5","19648133","19648433","chr11","108547764","108548056","49","88899631"
"chr5","19693615","19693913","chrUn_GL286262","40235","40532","41","19653380"
"chr5","19810048","19810359","chr5","134608851","134609157","42","114798803"
"chr5","19810741","19811042","chrX","22356240","22356533","44","2545499"
"chr5","19828755","19829046","chr5","79752580","79752868","38","59923825"
"chr5","19974278","19974543","chr2","183484468","183484741","49","163510190"
"chr5","20010234","20010508","chr1","62312443","62312710","59","42302209"
"chr5","20062177","20062423","chr4","35466862","35467100","51","15404685"
"chr5","20099789","20100082","chr4","168156555","168156848","45","148056766"
"chr5","20266411","20266571","chr10","27469878","27470033","35","7203467"
"chr5","20266601","20266727","chr12","15232666","15232793","17","5033935"
"chr5","20431210","20431517","chr10","94808394","94808700","50","74377184"
"chr5","20480414","20480690","chr6","123816839","123817113","49","103336425"
"chr5","20493963","20494092","chr2","66465385","66465508","21","45971422"
"chr5","20523552","20523839","chr9","56179876","56180166","38","35656324"
"chr5","20640125","20640433","chr10","90431710","90432016","48","69791585"
"chr5","20710542","20710847","chr3","2808599","2808903","39","17901943"
"chr5","20743092","20743382","chr10","55872616","55872911","47","35129524"
"chr5","20847415","20847714","chr6","43666330","43666629","39","22818915"
"chr5","21051025","21051341","chr7","66105076","66105385","50","45054051"
"chr5","21068724","21068995","chr22","33659816","33660083","49","12591092"
"chr5","21151875","21152128","chr9","35933144","35933389","46","14781269"
"chr5","21161064","21161347","chr1","40046052","40046333","38","18884988"
"chr5","21184307","21184611","chr9","8886595","8886904","44","12297712"
"chr5","21243459","21243777","chr2","66976947","66977265","51","45733488"
"chr5","21399051","21399376","chr9","98029843","98030162","54","76630792"
"chr5","21414145","21414449","chr10","99253011","99253314","46","77838866"
"chr5","21426908","21427213","chr6","17068239","17068542","44","4358669"
"chr5","21460830","21461124","chr2","166114091","166114398","50","144653261"
"chr5","21465311","21465540","chr7","123118888","123119122","41","101653577"
"chr5","21488812","21488967","chrUn_GL286234","74493","74637","28","21414319"
"chr5","21488998","21489128","chr4","46093640","46093768","15","24604642"
"chr5","21491866","21492156","chr1","163381580","163381871","43","141889714"
"chr5","21499355","21499658","chr17","24906552","24906856","50","3407197"
"chr5","21511141","21511442","chr7","130262321","130262624","53","108751180"
"chr5","21560300","21560577","chr13","43918238","43918525","54","22357938"
"chr5","21670641","21670859","chr2","181819324","181819542","31","160148683"
"chr5","21679032","21679339","chr9","102809715","102810021","51","81130683"
"chr5","21764417","21764678","chr7","12625452","12625715","45","9138965"
"chr5","21828126","21828421","chr5","120684415","120684709","39","98856289"
"chr5","21939939","21940240","chr2","181522210","181522501","49","159582271"
"chr5","21945143","21945453","chr13","18393383","18393690","43","3551760"
"chr5","22013945","22014238","chr3","150132929","150133215","46","128118984"
"chr5","22018790","22019088","chr2","171330283","171330586","45","149311493"
"chr5","22087358","22087670","chr8","90070086","90070388","50","67982728"
"chr5","22180503","22180800","chrX","47176701","47177007","54","24996198"
"chr5","22186472","22186770","chr13","8965333","8965629","43","13221139"
"chr5","22236451","22236769","chr15","24683449","24683755","53","2446998"
"chr5","22368856","22369142","chr5","127746291","127746583","42","105377435"
"chr5","22454477","22454774","chr7","32099825","32100120","49","9645348"
"chr5","22461031","22461323","chr2","858886","859191","50","21602145"
"chr5","22497639","22497951","chr7","49632330","49632627","47","27134691"
"chr5","22575560","22575864","chr18","19571772","19572073","45","3003788"
"chr5","22715855","22716160","chr1","141836257","141836563","46","119120402"
"chr5","22777824","22778104","chr13","43918238","43918525","48","21140414"
"chr5","22984548","22984846","chrX","51320913","51321212","41","28336365"
"chr5","23119013","23119297","chr15","70122413","70122699","42","47003400"
"chr5","23182664","23182950","chr5","41521574","41521864","48","18338910"
"chr5","23352963","23353260","chr19","6323238","6323532","51","17029725"
"chr5","23430494","23430806","chr6","17068239","17068542","51","6362255"
"chr5","23431533","23431783","chr13","90135421","90135672","48","66703888"
"chr5","23486524","23486867","chr3","21104959","21105285","71","2381565"
"chr5","23510363","23510627","chr2","142623289","142623554","47","119112926"
"chr5","23514457","23514742","chr4","61835443","61835723","47","38320986"
"chr5","23520085","23520386","chr20","23337174","23337477","44","182911"
"chr5","23521355","23521637","chr3","111736801","111737080","44","88215446"
"chr5","23543995","23544289","chr2","18360128","18360420","51","5183867"
"chr5","23618881","23619163","chr4","39438379","39438634","67","15819498"
"chr5","23628786","23628813","chr10","17789322","17789342","9","5839464"
"chr5","23628849","23629131","chr1","72132878","72133158","43","48504029"
"chr5","23719392","23719701","chr21","40584762","40585072","50","16865370"
"chr5","23746226","23746513","chr9","84968584","84968874","44","61222358"
"chr5","23788919","23789223","chr3","64986478","64986781","45","41197559"
"chr5","23792044","23792328","chr2","80644634","80644911","41","56852590"
"chr5","23808934","23809226","chr5","120950753","120951044","43","97141819"
"chr5","23858624","23858920","chr16","18806808","18807107","43","5051816"
"chr5","23926807","23927096","chr5","2532160","2532447","46","21394647"
"chr5","23957210","23957495","chr7","106772298","106772583","56","82815088"
"chr5","24175719","24176014","chr10","16033492","16033786","41","8142227"
"chr5","24250271","24250578","chr16","25492826","25493133","41","1242555"
"chr5","24268017","24268329","chr8","106281938","106282251","54","82013921"
"chr5","24408890","24409192","chr2","171032147","171032451","50","146623257"
"chr5","24499410","24499700","chr13","29771222","29771512","41","5271812"
"chr5","24566045","24566347","chr22","28997304","28997607","45","4431259"
"chr5","24606329","24606640","chr15","22401594","22401899","40","2204735"
"chr5","24630266","24630569","chr4","148585287","148585583","57","123955021"
"chr5","24674341","24674641","chr5","84717109","84717410","46","60042768"
"chr5","24675951","24676243","chr7","70195815","70196104","54","45519864"
"chr5","24737689","24737984","chr14","38428216","38428517","43","13690527"
"chr5","24797220","24797513","chr11","122453676","122453968","51","97656456"
"chr5","24973013","24973324","chr11","64363135","64363445","56","39390122"
"chr5","25073516","25073813","chr2","59575387","59575683","61","34501871"
"chr5","25239581","25239887","chr14","71171741","71172050","52","45932160"
"chr5","25495075","25495361","chr11","55526583","55526859","48","30031508"
"chr5","25513558","25513870","chr2","128453977","128454288","50","102940419"
"chr5","25556402","25556681","chrUn_GL286239","64809","65089","41","25491593"
"chr5","25566433","25566720","chr2","56700759","56701042","45","31134326"
"chr5","25625736","25626035","chr7","6894852","6895150","36","18730884"
"chr5","25656566","25656848","chr2","52108132","52108424","66","26451566"
"chr5","25669296","25669611","chr2","64644868","64645158","58","38975572"
"chr5","25792440","25792741","chr21","43075982","43076273","53","17283542"
"chr5","25835345","25835642","chr2","177553988","177554282","43","151718643"
"chr5","25966877","25967162","chr19","6867541","6867823","55","19099336"
"chr5","26062937","26063210","chrX","107864085","107864361","42","81801148"
"chr5","26270916","26271109","chr14","36472300","36472488","44","10201384"
"chr5","26281441","26281681","chr11","115251333","115251572","40","88969892"
"chr5","26332294","26332580","chrX","45315537","45315829","47","18983243"
"chr5","26347194","26347502","chr20","22923582","22923882","42","3423612"
"chr5","26377242","26377539","chr5","116115777","116116067","48","89738535"
"chr5","26380914","26381239","chr9","98029843","98030162","54","71648929"
"chr5","26437624","26437921","chr5","38201290","38201586","38","11763666"
"chr5","26473110","26473392","chr4","34845790","34846071","37","8372680"
"chr5","26506927","26507226","chr22","13899805","13900097","50","12607122"
"chr5","26528963","26529248","chrX","17543907","17544194","40","8985056"
"chr5","26545154","26545465","chrX","14937429","14937740","44","11607725"
"chr5","26717686","26717975","chr5","25454865","25455151","44","1262821"
"chr5","26757682","26757997","chr9","91776812","91777118","47","65019130"
"chr5","26780744","26781045","chr10","55872616","55872911","47","29091872"
"chr5","26939869","26940179","chr5","94234310","94234606","55","67294441"
"chr5","27028097","27028392","chr13","114718297","114718592","47","87690200"
"chr5","27089055","27089348","chr12","51636008","51636300","52","24546953"
"chr5","27175458","27175762","chr3","84624674","84624979","46","57449216"
"chr5","27191610","27191888","chr12","29333369","29333657","43","2141759"
"chr5","27225080","27225384","chr11","6050069","6050370","56","21175011"
"chr5","27232139","27232449","chr4","158922649","158922955","46","131690510"
"chr5","27571785","27571881","chr5","77817760","77817855","28","50245975"
"chr5","27717422","27717718","chr7","53555498","53555793","48","25838076"
"chr5","27723531","27723644","chr10","103182969","103183081","15","75459438"
"chr5","27724000","27724173","chr22","32196157","32196346","47","4472157"
"chr5","27835043","27835352","chr10","90431710","90432016","37","62596667"
"chr5","27949410","27949716","chr1","137129532","137129843","45","109180122"
"chr5","28063216","28063260","chr6","146503162","146503204","5","118439946"
"chr5","28126903","28127207","chr1","168595556","168595859","50","140468653"
"chr5","28224078","28224351","chrX","39387728","39387995","44","11163650"
"chr5","28251670","28251738","chr10","16952305","16952372","15","11299365"
"chr5","28252978","28253259","chr4","37824304","37824582","50","9571326"
"chr5","28291803","28292110","chr1","82669756","82670065","49","54377953"
"chr5","28491363","28491642","chr5","31371357","31371639","42","2879994"
"chr5","28540482","28540780","chr5","26961498","26961795","40","1578984"
"chr5","28540999","28541301","chr1","143276088","143276390","39","114735089"
"chr5","28622896","28623194","chr12","17722523","17722814","52","10900373"
"chr5","28711555","28711867","chr5","127340583","127340893","42","98629028"
"chr5","28862495","28862757","chr2","12461550","12461810","40","16400945"
"chr5","28908492","28908797","chr14","62824878","62825178","43","33916386"
"chr5","28929321","28929453","chr3","39435621","39435752","26","10506300"
"chr5","28982229","28982535","chr14","79873173","79873482","46","50890944"
"chr5","29010424","29010735","chr22","33981676","33981980","46","4971252"
"chr5","29214284","29214583","chr13","19692964","19693265","52","9521320"
"chr5","29329763","29329997","chr9","39681837","39682065","55","10352074"
"chr5","29361237","29361542","chr2","7440171","7440473","51","21921066"
"chr5","29449363","29449679","chr1","160343198","160343494","59","130893835"
"chr5","29464778","29465086","chr6","17068239","17068542","47","12396539"
"chr5","29653113","29653409","chr2","92364597","92364896","45","62711484"
"chr5","29851730","29852042","chr2","67002845","67003154","58","37151115"
"chr5","29885518","29885828","chr7","67208993","67209305","57","37323475"
"chr5","29925424","29925751","chr2","173406695","173407032","70","143481271"
"chr5","29936207","29936514","chr5","35735021","35735325","34","5798814"
"chr5","29998605","29998921","chr22","33981676","33981980","54","3983071"
"chr5","30210665","30210971","chr19","21149218","21149524","47","9061447"
"chr5","30271683","30271983","chr1","99819021","99819322","49","69547338"
"chr5","30313948","30314265","chr11","20789638","20789959","52","9524310"
"chr5","30402901","30403231","chr7","45344118","45344429","54","14941217"
"chr5","30441022","30441332","chr2","63925527","63925835","51","33484505"
"chr5","30575426","30575699","chr2","172809457","172809718","39","142234031"
"chr5","30600015","30600153","chr14","71434568","71434702","35","40834553"
"chr5","30602841","30603150","chr1","97953876","97954184","55","67351035"
"chr5","30740005","30740292","chr8","32478813","32479091","41","1738808"
"chr5","31019188","31019488","chr1","157139740","157140034","52","126120552"
"chr5","31127557","31127651","chr2","172238289","172238383","17","141110732"
"chr5","31129782","31130083","chr7","6894852","6895150","37","24234930"
"chr5","31137973","31138266","chr10","29910934","29911230","38","1227039"
"chr5","31190719","31191048","chr12","27257719","27258031","51","3933000"
"chr5","31210237","31210517","chr6","132814369","132814657","47","101604132"
"chr5","31283809","31284114","chr18","29127518","29127823","45","2156291"
"chr5","31306489","31306571","chr2","172037559","172037641","5","140731070"
"chr5","31349883","31350186","chr1","202849760","202850061","41","171499877"
"chr5","31406226","31406510","chr14","62665796","62666070","63","31259570"
"chr5","31506396","31506719","chr8","118031038","118031344","53","86524642"
"chr5","31524913","31525048","chr1","193332341","193332477","16","161807428"
"chr5","31525355","31525528","chr10","112554522","112554695","34","81029167"
"chr5","31548020","31548314","chr21","47428029","47428322","42","15880009"
"chr5","31587189","31587458","chr6","31709696","31709966","40","122507"
"chr5","31589759","31590010","chr10","76965022","76965267","51","45375263"
"chr5","31602418","31602717","chr9","101959983","101960281","43","70357565"
"chr5","31612366","31612681","chr6","7892688","7892995","48","23719678"
"chr5","31619494","31619804","chr4","15010684","15010996","39","16608810"
"chr5","31620670","31620807","chr6","139231067","139231202","11","107610397"
"chr5","31621097","31621266","chr17","37724185","37724343","36","6103088"
"chr5","31624780","31625085","chr12","50172288","50172590","43","18547508"
"chr5","31652729","31653042","chr6","124143013","124143321","46","92490284"
"chr5","31694119","31694419","chr1","168595556","168595859","47","136901437"
"chr5","31701206","31701491","chr9","105379212","105379502","58","73678006"
"chr5","31704879","31705166","chr7","58655269","58655556","42","26950390"
"chr5","31738891","31739185","chr10","100877976","100878271","34","69139085"
"chr5","31760640","31760944","chr22","40503125","40503432","47","8742485"
"chr5","31781132","31781442","chr13","36439491","36439803","41","4658359"
"chr5","31808695","31809000","chr6","17068239","17068542","37","14740456"
"chr5","31810980","31811268","chr22","47501277","47501564","59","15690297"
"chr5","31811709","31811991","chr19","6867541","6867823","35","24944168"
"chr5","31826391","31826689","chr6","5881915","5882214","37","25944476"
"chr5","31827411","31827721","chr12","48963038","48963346","38","17135627"
"chr5","31837441","31837737","chr10","21949905","21950199","35","9887536"
"chr5","31849562","31849843","chr13","39507537","39507817","41","7657975"
"chr5","31852269","31852578","chr16","93965192","93965487","51","62112923"
"chr5","31858732","31859014","chr9","1932661","1932946","43","29926071"
"chr5","31862554","31862727","chrX","106480049","106480214","30","74617495"
"chr5","31863044","31863184","chr20","38733802","38733945","22","6870758"
"chr5","31871459","31871748","chr5","113950951","113951239","35","82079492"
"chr5","31876289","31876591","chr3","106655459","106655766","44","74779170"
"chr5","31877233","31877518","chr2","15662741","15663016","59","16214492"
"chr5","31881725","31882018","chr15","68809459","68809748","33","36927734"
"chr5","31889737","31890043","chr2","171398973","171399263","47","139509236"
"chr5","31899129","31899431","chr7","80047681","80047980","48","48148552"
"chr5","31901136","31901440","chr14","69766565","69766870","38","37865429"
"chr5","31908763","31909054","chr2","171380088","171380369","37","139471325"
"chr5","31922666","31922979","chr2","171364621","171364917","62","139441955"
"chr5","31931031","31931321","chr12","29333369","29333657","42","2597662"
"chr5","31931322","31931457","chr4","26022910","26023045","12","5908412"
"chr5","31938094","31938210","chr14","80495382","80495499","16","48557288"
"chr5","31945989","31946302","chr5","115338528","115338844","48","83392539"
"chr5","31969226","31969535","chrX","47176701","47177007","48","15207475"
"chr5","32005866","32006162","chrX","69095527","69095826","34","37089661"
"chr5","32006682","32006907","chrX","59961464","59961685","47","27954782"
"chr5","32007218","32007312","chr22","48575194","48575288","14","16567976"
"chr5","32009810","32010112","chr7","49632330","49632627","41","17622520"
"chr5","32020643","32020945","chrX","23750481","23750780","36","8270162"
"chr5","32028663","32028982","chr6","7892688","7892995","44","24135975"
"chr5","32049939","32050230","chr5","132893438","132893729","39","100843499"
"chr5","32063062","32063333","chr17","69931558","69931839","44","37868496"
"chr5","32064239","32064542","chr2","18742940","18743241","41","13321299"
"chr5","32066062","32066346","chr4","121116021","121116303","42","89049959"
"chr5","32072449","32072693","chr1","204054205","204054451","36","171981756"
"chr5","32077675","32077985","chr5","134608851","134609157","41","102531176"
"chr5","32078978","32079288","chr7","47866961","47867263","48","15787983"
"chr5","32083678","32083977","chr10","16033492","16033786","42","16050186"
"chr5","32084949","32085250","chr6","17068239","17068542","38","15016710"
"chr5","32104126","32104201","chr10","16961187","16961262","10","15142939"
"chr5","32112455","32112542","chr5","44695144","44695231","15","12582689"
"chr5","32140374","32140681","chr7","42158801","42159102","52","10018427"
"chr5","32152501","32152811","chr12","27257719","27258031","46","4894782"
"chr5","32171666","32171972","chr3","108570361","108570666","42","76398695"
"chr5","32180679","32180986","chr12","84251198","84251503","43","52070519"
"chr5","32184923","32185232","chr7","66077660","66077969","39","33892737"
"chr5","32190803","32191095","chr14","36994514","36994806","37","4803711"
"chr5","32202839","32203143","chr12","24405450","24405760","46","7797389"
"chr5","32219599","32219722","chr15","25337803","25337916","37","6881796"
"chr5","32220317","32220437","chr8","24635976","24636097","18","7584341"
"chr5","32237861","32238168","chr2","171330283","171330586","42","139092422"
"chr5","32245546","32245840","chr11","62754453","62754746","36","30508907"
"chr5","32259754","32260056","chr6","43666330","43666629","31","11406576"
"chr5","32263433","32263737","chr5","94234310","94234606","47","61970877"
"chr5","32266406","32266721","chr11","110262728","110263041","41","77996322"
"chr5","32269017","32269326","chr7","148985140","148985448","46","116716123"
"chr5","32285076","32285374","chr5","26961498","26961795","32","5323578"
"chr5","32322579","32322881","chr15","49359997","49360293","34","17037418"
"chr5","32324110","32324426","chr22","40224697","40225003","55","7900587"
"chr5","32326627","32326902","chr11","60354466","60354729","48","28027839"
"chr5","32332740","32333053","chrX","107827107","107827417","44","75494367"
"chr5","32344052","32344318","chr2","170952791","170953063","35","138608739"
"chr5","32349819","32350121","chr1","185170949","185171253","45","152821130"
"chr5","32358076","32358373","chr5","77976326","77976624","45","45618250"
"chr5","32372551","32372862","chrX","97185025","97185330","51","64812474"
"chr5","32374224","32374504","chr19","6867541","6867823","45","25506683"
"chr5","32380647","32380949","chr2","162172264","162172572","43","129791617"
"chr5","32412903","32413182","chr10","101732804","101733077","44","69319901"
"chr5","32447543","32447846","chr1","184817871","184818171","44","152370328"
"chr5","32451852","32452189","chr5","96896431","96896755","56","64444579"
"chr5","32463712","32463998","chrX","107461815","107462102","47","74998103"
"chr5","32470554","32470858","chr6","17068239","17068542","48","15402315"
"chr5","32472905","32473213","chr7","69728977","69729277","48","37256072"
"chr5","32479923","32480223","chr2","21237710","21238003","47","11242213"
"chr5","32485781","32486094","chr5","75838852","75839162","48","43353071"
"chr5","32488259","32488559","chr5","2000849","2001153","42","30487410"
"chr5","32490643","32490945","chr5","2508969","2509278","49","29981674"
"chr5","32496815","32497103","chr7","23976296","23976583","40","8520519"
"chr5","32498161","32498469","chr22","28997304","28997607","45","3500857"
"chr5","32502532","32502872","chr2","203429902","203430221","64","170927370"
"chr5","32507093","32507352","chr5","55396305","55396561","51","22889212"
"chr5","32508556","32508855","chr2","153476374","153476675","42","120967818"
"chr5","32514556","32514880","chr2","170762575","170762904","47","138248019"
"chr5","32537751","32538052","chr18","22472445","22472747","42","10065306"
"chr5","32541849","32542147","chr5","31224399","31224698","45","1317450"
"chr5","32543619","32543929","chr9","116937360","116937671","45","84393741"
"chr5","32546651","32546969","chrX","30043039","30043339","65","2503612"
"chr5","32604710","32605014","chr6","17068239","17068542","42","15536471"
"chr5","32607222","32607518","chr13","57414367","57414663","41","24807145"
"chr5","32614412","32614632","chr7","49908001","49908221","25","17293589"
"chr5","32630332","32630616","chr10","17357237","17357515","59","15273095"
"chr5","32635615","32635890","chr10","101732804","101733077","37","69097189"
"chr5","32682713","32682992","chr19","16266278","16266559","40","16416435"
"chr5","32735949","32736259","chr18","10830546","10830857","38","21905403"
"chr5","32763301","32763613","chr2","52544979","52545270","74","19781678"
"chr5","32809483","32809779","chr9","100523236","100523533","40","67713753"
"chr5","33064544","33064838","chr2","170261936","170262227","37","137197392"
"chr5","33094446","33094737","chr5","126079965","126080261","41","92985519"
"chr5","33113419","33113702","chr9","1932661","1932946","37","31180758"
"chr5","33213427","33213753","chr15","24667163","24667483","65","8546264"
"chr5","33250996","33251274","chr18","4154574","4154859","56","29096422"
"chr5","33301163","33301474","chr1","82669756","82670065","47","49368593"
"chr5","33307841","33308137","chr5","96441121","96441410","50","63133280"
"chr5","33322039","33322351","chr4","167498559","167498869","46","134176520"
"chr5","33372920","33373213","chr20","11339259","11339561","60","22033661"
"chr5","33378202","33378463","chr1","187574902","187575157","44","154196700"
"chr5","33411212","33411518","chrX","131097094","131097399","45","97685882"
"chr5","33424379","33424673","chr2","169862499","169862786","44","136438120"
"chr5","33453712","33454019","chr16","25492826","25493133","39","7960886"
"chr5","33471617","33471918","chr2","169820909","169821206","34","136349292"
"chr5","33484002","33484314","chrX","38790678","38790992","40","5306676"
"chr5","33493027","33493328","chr8","73989927","73990221","45","40496900"
"chr5","33512728","33513032","chr2","169793276","169793575","47","136280548"
"chr5","33555254","33555548","chr18","21242451","21242743","52","12312803"
"chr5","33559599","33559908","chr5","125923278","125923589","46","92363679"
"chr5","33592996","33593207","chr22","4284952","4285161","28","29308044"
"chr5","33610785","33611049","chr1","204519234","204519501","41","170908449"
"chr5","33668506","33668783","chr2","169646487","169646767","44","135977981"
"chr5","33838401","33838700","chr12","22341026","22341325","40","11497375"
"chr5","33932842","33933139","chr9","21339509","21339804","46","12593333"
"chr5","33994194","33994477","chr2","56700759","56701042","38","22706565"
"chr5","34010896","34011226","chr9","99299451","99299768","73","65288555"
"chr5","34027422","34027723","chr10","47323959","47324262","61","13296537"
"chr5","34031551","34031810","chr2","169258787","169259045","31","135227236"
"chr5","34118085","34118378","chr13","15397870","15398167","47","18720215"
"chr5","34158102","34158406","chrX","97185025","97185330","39","63026923"
"chr5","34177985","34178292","chr17","24906552","24906856","47","9271433"
"chr5","34182029","34182318","chr1","163381580","163381871","46","129199551"
"chr5","34185065","34185367","chr15","20770296","20770585","48","13414769"
"chr5","34358262","34358561","chr1","202849760","202850061","40","168491498"
"chr5","34555543","34555847","chr13","97340307","97340616","57","62784764"
"chr5","34572155","34572470","chr9","101796262","101796572","47","67224107"
"chr5","34574408","34574694","chr2","169057034","169057316","30","134482626"
"chr5","34619097","34619385","chr9","114603108","114603399","44","79984011"
"chr5","34649337","34649629","chr9","99273608","99273898","34","64624271"
"chr5","34662722","34663033","chr9","91776812","91777118","46","57114090"
"chr5","34668121","34668409","chrX","98297118","98297404","42","63628997"
"chr5","34716412","34716712","chr3","142046958","142047256","42","107330546"
"chr5","34722565","34722808","chr2","13770618","13770862","35","20951947"
"chr5","34722814","34723118","chr10","20454403","20454694","61","14268411"
"chr5","34724016","34724315","chr1","201000462","201000755","38","166276446"
"chr5","34746405","34746666","chr2","168846204","168846463","32","134099799"
"chr5","34768709","34769001","chr10","16033492","16033786","42","18735217"
"chr5","34769740","34770027","chr4","41546974","41547260","42","6777234"
"chr5","34774073","34774394","chr6","17068239","17068542","61","17705834"
"chr5","34776888","34777189","chr6","17068239","17068542","47","17708649"
"chr5","34788688","34788982","chr2","168810125","168810420","39","134021437"
"chr5","34824662","34824971","chr1","168595556","168595859","35","133770894"
"chr5","34829202","34829454","chr4","148972937","148973185","39","114143735"
"chr5","34853249","34853526","chr2","168397396","168397670","36","133544147"
"chr5","34910419","34910721","chr11","22133329","22133631","41","12777090"
"chr5","34933275","34933578","chr13","101782563","101782851","59","66849288"
"chr5","34934225","34934530","chr22","28997304","28997607","41","5936921"
"chr5","34937811","34938097","chrX","17543907","17544194","43","17393904"
"chr5","34960974","34961255","chr4","158146980","158147273","50","123186006"
"chr5","34961915","34962218","chr7","6894852","6895150","52","28067063"
"chr5","34965336","34965621","chr10","45839169","45839455","47","10873833"
"chr5","34988151","34988441","chr19","28648728","28649017","37","6339423"
"chr5","34997095","34997276","chr3","165836825","165837009","23","130839730"
"chr5","35000385","35000680","chr3","136739684","136739981","39","101739299"
"chr5","35011192","35011480","chr1","178591743","178592033","43","143580551"
"chr5","35023911","35024192","chr1","42156505","42156788","46","7132594"
"chr5","35025094","35025407","chr14","79148123","79148432","45","44123029"
"chr5","35096609","35096919","chr18","9171701","9172012","46","25924908"
"chr5","35187119","35187422","chr2","154533489","154533792","45","119346370"
"chr5","35189299","35189597","chr5","94234310","94234606","42","59045011"
"chr5","35262843","35263038","chr10","17241402","17241597","27","18021441"
"chr5","35293973","35294255","chr10","79313181","79313476","52","44019208"
"chr5","35306150","35306441","chr4","16350054","16350344","33","18956096"
"chr5","35369455","35369752","chr11","95741675","95741975","49","60372220"
"chr5","35372936","35373250","chr5","43400841","43401151","40","8027905"
"chr5","35427821","35428122","chr5","65424325","65424625","41","29996504"
"chr5","35447607","35447885","chr2","80644634","80644911","50","45197027"
"chr5","35683343","35683646","chr11","20513555","20513852","45","15169788"
"chr5","35823644","35823932","chr5","80700303","80700590","42","44876659"
"chr5","35829578","35829865","chr10","131586575","131586862","50","95756997"
"chr5","35834630","35834941","chr2","48786213","48786524","42","12951583"
"chr5","35853731","35854015","chrX","57606904","57607184","69","21753173"
"chr5","35856314","35856620","chr2","62111534","62111836","47","26255220"
"chr5","35978033","35978323","chr5","122213347","122213635","44","86235314"
"chr5","36007874","36008158","chr11","97162087","97162366","50","61154213"
"chr5","36010170","36010491","chr11","75298799","75299105","51","39288629"
"chr5","36088113","36088417","chr2","9886138","9886441","46","26201975"
"chr5","36224308","36224583","chr2","167384406","167384674","36","131160098"
"chr5","36259305","36259600","chr2","167344933","167345221","42","131085628"
"chr5","36263564","36263826","chr2","167332655","167332904","47","131069091"
"chr5","36266758","36267056","chr13","39885762","39886059","44","3619004"
"chr5","36353335","36353626","chr7","145164494","145164784","48","108811159"
"chr5","36364267","36364559","chr4","12463368","12463662","34","23900899"
"chr5","36365212","36365534","chr10","108510817","108511128","55","72145605"
"chr5","36386118","36386414","chr16","22196152","22196447","44","14189966"
"chr5","36396045","36396354","chr9","42427653","42427954","49","6031608"
"chr5","36396860","36397160","chr1","101492422","101492722","42","65095562"
"chr5","36428888","36429151","chr7","60984375","60984638","45","24555487"
"chr5","36447202","36447554","chr5","10790397","10790737","65","25656805"
"chr5","36458544","36458849","chrX","97185025","97185330","41","60726481"
"chr5","36633994","36634286","chr15","9697080","9697368","39","26936914"
"chr5","36683427","36683721","chr10","55872616","55872911","46","19189189"
"chr5","36797369","36797667","chrX","122417274","122417573","36","85619905"
"chr5","36833781","36834092","chr12","31281547","31281855","47","5552234"
"chr5","36867047","36867258","chr2","166674942","166675151","30","129807895"
"chr5","36942458","36942751","chr2","145182124","145182423","47","108239666"
"chr5","36967818","36968125","chr5","31170185","31170501","57","5797633"
"chr5","37018838","37019122","chr7","86568700","86568988","49","49549862"
"chr5","37050184","37050498","chr2","31372053","31372354","53","5678131"
"chr5","37050826","37051122","chr1","185103319","185103618","53","148052493"
"chr5","37076316","37076610","chr5","64795282","64795584","48","27718966"
"chr5","37081325","37081622","chr13","20723712","20724002","42","16357613"
"chr5","37102178","37102487","chr9","102809715","102810021","48","65707537"
"chr5","37109663","37109956","chr11","123371423","123371718","40","86261760"
"chr5","37116205","37116515","chr9","101796262","101796572","49","64680057"
"chr5","37173466","37173604","chr9","15979242","15979372","28","21194224"
"chr5","37178057","37178319","chr14","99209757","99210013","45","62031700"
"chr5","37191389","37191686","chr22","34293384","34293683","50","2898005"
"chr5","37215821","37216132","chr18","39712282","39712591","55","2496461"
"chr5","37240070","37240378","chr7","90171236","90171541","43","52931166"
"chr5","37241172","37241459","chr4","38209077","38209362","38","967905"
"chr5","37247799","37248083","chr5","123859171","123859456","47","86611372"
"chr5","37252695","37252870","chr1","136124767","136124935","23","98872072"
"chr5","37253245","37253541","chr20","27822433","27822727","34","9430812"
"chr5","37282524","37282817","chr6","43666330","43666629","44","6383806"
"chr5","37284571","37284858","chr10","29077715","29078004","38","8206856"
"chr5","37290196","37290500","chr4","26335541","26335842","45","10954655"
"chr5","37306916","37307227","chr7","27825392","27825700","45","9481524"
"chr5","37339759","37340058","chr4","30643780","30644085","52","6695979"
"chr5","37350521","37350840","chr22","28997304","28997607","58","8353217"
"chr5","37367212","37367514","chr22","28997304","28997607","53","8369908"
"chr5","37380642","37380939","chr2","166114091","166114398","51","128733449"
"chr5","37386364","37386593","chr7","123118888","123119122","41","85732524"
"chr5","37411444","37411724","chrX","105924911","105925188","46","68513467"
"chr5","37430550","37430858","chr2","166065719","166066030","42","128635169"
"chr5","37452268","37452561","chr4","3128000","3128295","37","34324268"
"chr5","37457105","37457395","chr7","146254482","146254770","38","108797377"
"chr5","37485705","37485858","chrUn_GL286234","74493","74637","26","37411212"
"chr5","37485887","37486014","chr5","130478058","130478184","11","92992171"
"chr5","37533314","37533434","chr14","82238291","82238415","22","44704977"
"chr5","37591054","37591308","chr17","74612855","74613103","46","37021801"
"chr5","37699666","37699974","chr2","165810177","165810476","35","128110511"
"chr5","37728068","37728376","chr3","106655459","106655766","48","68927391"
"chr5","37872742","37873057","chr1","137129532","137129843","44","99256790"
"chr5","37914345","37914635","chr1","107540372","107540664","42","69626027"
"chr5","37951273","37951535","chr6","17285930","17286191","39","20665343"
"chr5","37998882","37999181","chr4","36522598","36522895","39","1476284"
"chr5","38021089","38021354","chr10","85088466","85088732","40","47067377"
"chr5","38033868","38034159","chr14","43386246","43386546","42","5352378"
"chr5","38109262","38109575","chr14","46372540","46372849","38","8263278"
"chr5","38149411","38149713","chr3","64986478","64986781","40","26837067"
"chr5","38278491","38278788","chr7","125443365","125443662","34","87164874"
"chr5","38300376","38300674","chr15","22915647","22915946","41","15384729"
"chr5","38323767","38324063","chr22","33981676","33981980","49","4342091"
"chr5","38360880","38361161","chr4","38196433","38196712","46","164447"
"chr5","38388483","38388777","chr10","20454403","20454694","55","17934080"
"chr5","38399266","38399577","chr22","28546194","28546506","56","9853072"
"chr5","38496699","38496988","chr2","164970963","164971257","34","126474264"
"chr5","38573837","38574142","chr1","168595556","168595859","44","130021719"
"chr5","38691914","38692200","chr5","38801240","38801522","37","109326"
"chr5","38744822","38745149","chr9","54475594","54475917","60","15730772"
"chr5","38770152","38770448","chr4","13548026","13548304","63","25222126"
"chr5","38998734","38999050","chr12","27257719","27258031","49","11741015"
"chr5","39115099","39115394","chr5","26961498","26961795","37","12153601"
"chr5","39172164","39172457","chr1","75821885","75822175","36","36649721"
"chr5","39214646","39214938","chr2","9729815","9730110","39","29484831"
"chr5","39248557","39248836","chr11","97727292","97727572","42","58478735"
"chr5","39261465","39261773","chr3","108570361","108570666","45","69308896"
"chr5","39300131","39300436","chr3","153217268","153217573","49","113917137"
"chr5","39375604","39375909","chr2","171330283","171330586","47","131954679"
"chr5","39443510","39443813","chr5","106760456","106760757","55","67316946"
"chr5","39516428","39516727","chr13","57414367","57414663","43","17897939"
"chr5","39525609","39525920","chr6","17068239","17068542","49","22457370"
"chr5","39602182","39602474","chr7","19065422","19065720","41","20536760"
"chr5","39623500","39623806","chr9","21108205","21108513","50","18515295"
"chr5","39738678","39738985","chr3","106655459","106655766","40","66916781"
"chr5","39860486","39860790","chr1","184817871","184818171","47","144957385"
"chr5","39884990","39885284","chr5","63326522","63326817","40","23441532"
"chr5","39917642","39917922","chr1","40046052","40046333","39","128410"
"chr5","40185814","40186125","chr18","39712282","39712591","43","473532"
"chr5","40199706","40200003","chr5","6629520","6629828","59","33570186"
"chr5","40211238","40211544","chr1","138077483","138077787","44","97866245"
"chr5","40243855","40244156","chr15","17424364","17424665","49","22819491"
"chr5","40261669","40261967","chr3","41475193","41475492","48","1213524"
"chr5","40362349","40362635","chr7","42566346","42566636","41","2203997"
"chr5","40376857","40376981","chr2","163096350","163096477","17","122719493"
"chr5","40445835","40446143","chr9","2215139","2215442","55","38230696"
"chr5","40588969","40589283","chr10","90431710","90432016","48","49842741"
"chr5","40595375","40595647","chr5","44695769","44696048","43","4100394"
"chr5","40612669","40612965","chr10","33140740","33141041","46","7471929"
"chr5","40617715","40618015","chr6","17068239","17068542","38","23549476"
"chr5","40691014","40691187","chr3","53757892","53758068","35","13066878"
"chr5","40691480","40691615","chr1","172218988","172219121","15","131527508"
"chr5","40695129","40695262","chr2","40803885","40804020","15","108756"
"chr5","40695563","40695724","chr1","84092964","84093133","34","43397401"
"chr5","40728000","40728295","chr13","28388024","28388318","45","12339976"
"chr5","40729687","40729998","chr2","162713767","162714070","34","121984080"
"chr5","40732612","40732907","chr5","116115777","116116067","40","75383165"
"chr5","40743492","40743780","chr8","809499","809786","37","39933993"
"chr5","40748853","40749074","chr10","117816440","117816669","37","77067587"
"chr5","40770181","40770484","chr5","84717109","84717410","54","43946928"
"chr5","40786659","40786986","chr2","162647084","162647399","60","121860425"
"chr5","40817392","40817478","chr2","166044249","166044335","11","125226857"
"chr5","40817773","40818012","chr22","18374152","18374381","46","22443621"
"chr5","40822594","40822896","chrX","30043039","30043339","46","10779555"
"chr5","40844866","40845164","chr8","50068578","50068880","43","9223712"
"chr5","40851052","40851341","chr6","147894727","147895020","38","107043675"
"chr5","40857802","40858108","chr22","33981676","33981980","32","6876126"
"chr5","40862928","40863190","chr7","12625452","12625715","47","28237476"
"chr5","40878912","40879202","chr9","110500593","110500886","36","69621681"
"chr5","40881005","40881308","chr9","26091631","26091929","39","14789374"
"chr5","40888978","40889271","chr2","162558204","162558499","45","121669226"
"chr5","40901129","40901436","chr7","43502512","43502814","55","2601383"
"chr5","40906000","40906283","chr1","165744173","165744453","56","124838173"
"chr5","40907384","40907708","chr12","22648982","22649290","63","18258402"
"chr5","40919127","40919424","chr17","34551820","34552118","41","6367307"
"chr5","40930205","40930505","chr10","14603732","14604030","39","26326473"
"chr5","40941060","40941363","chr6","17068239","17068542","43","23872821"
"chr5","40946795","40946970","chr15","66240906","66241089","32","25294111"
"chr5","40947098","40947385","chr10","122510122","122510410","49","81563024"
"chr5","40968123","40968425","chrX","122761555","122761865","50","81793432"
"chr5","40975367","40975663","chr2","13907185","13907481","40","27068182"
"chr5","41011659","41011967","chr6","17068239","17068542","44","23943420"
"chr5","41042598","41042904","chr5","124338115","124338421","45","83295517"
"chr5","41053986","41054274","chr9","109143507","109143803","43","68089521"
"chr5","41057564","41057858","chr14","5921690","5921981","43","35135874"
"chr5","41110222","41110488","chr11","97658809","97659082","36","56548587"
"chr5","41118691","41118996","chr4","37414221","37414521","51","3704470"
"chr5","41184463","41184772","chr16","51641934","51642237","45","10457471"
"chr5","41239100","41239410","chr13","35663090","35663393","49","5576010"
"chr5","41287224","41287518","chr10","29910934","29911230","43","11376290"
"chr5","41372762","41373063","chr4","53071595","53071899","50","11698833"
"chr5","41597520","41597798","chr5","31371357","31371639","47","10226163"
"chr5","41637236","41637522","chr7","46564192","46564477","46","4926956"
"chr5","41782220","41782511","chrX","47160994","47161288","43","5378774"
"chr5","41801413","41801541","chr4","165104071","165104201","20","123302658"
"chr5","41852797","41853091","chr10","100179231","100179515","63","58326434"
"chr5","41890678","41890974","chr20","22923582","22923882","45","18967096"
"chr5","41984668","41984810","chr5","30627697","30627838","22","11356971"
"chr5","42001246","42001531","chr2","39544771","39545056","48","2456475"
"chr5","42156275","42156579","chr2","9886138","9886441","41","32270137"
"chr5","42379217","42379509","chr4","16350054","16350344","45","26029163"
"chr5","42402843","42403146","chr3","64986478","64986781","50","22583635"
"chr5","42437567","42437855","chr4","38196433","38196712","52","4241134"
"chr5","42473907","42474188","chr4","34845790","34846071","45","7628117"
"chr5","42731471","42731739","chr4","50128946","50129212","54","7397475"
"chr5","42768962","42769261","chr7","78922312","78922606","63","36153350"
"chr5","42789396","42789497","chr1","118887978","118888077","14","76098582"
"chr5","42957358","42957637","chr6","49346230","49346514","43","6388872"
"chr5","42965014","42965299","chr2","77819708","77820002","59","34854694"
"chr5","42966742","42967045","chr5","134608851","134609157","52","91642109"
"chr5","42992908","42993217","chrX","97185025","97185330","48","54192117"
"chr5","42995652","42995906","chr2","142340608","142340864","47","99344956"
"chr5","43008369","43008655","chr4","16350054","16350344","47","26658315"
"chr5","43022173","43022302","chr6","17845299","17845427","22","25176874"
"chr5","43027005","43027306","chr10","127954939","127955242","47","84927934"
"chr5","43051401","43051693","chrX","21470063","21470355","42","21581338"
"chr5","43069279","43069567","chr4","152521651","152521939","40","109452372"
"chr5","43132503","43132812","chr3","106655459","106655766","44","63522956"
"chr5","43135467","43135737","chr4","134918673","134918938","42","91783206"
"chr5","43145370","43145674","chr12","83078942","83079243","46","39933572"
"chr5","43152002","43152302","chr20","22923582","22923882","48","20228420"
"chr5","43171445","43171500","chr9","122877581","122877636","9","79706136"
"chr5","43171620","43171919","chr3","177773552","177773857","49","134601932"
"chr5","43204082","43204383","chr3","106655459","106655766","39","63451377"
"chr5","43209610","43209914","chr2","18742940","18743241","49","24466670"
"chr5","43213316","43213495","chr5","92923149","92923319","37","49709833"
"chr5","43213795","43213927","chr9","36067757","36067892","17","7146038"
"chr5","43215438","43215733","chr2","160142274","160142569","47","116926836"
"chr5","43221193","43221473","chr2","160136088","160136373","44","116914895"
"chr5","43240546","43240836","chr1","193266464","193266759","45","150025918"
"chr5","43278037","43278344","chr1","137129532","137129843","40","93851495"
"chr5","43311044","43311343","chr3","177773552","177773857","46","134462508"
"chr5","43349389","43349697","chr7","57213096","57213404","43","13863707"
"chr5","43369417","43369727","chr4","43115700","43116002","49","253717"
"chr5","43372358","43372668","chr7","102737006","102737318","45","59364648"
"chr5","43377209","43377520","chr12","55846958","55847262","51","12469749"
"chr5","43392136","43392416","chrUn_GL288700","6268","6551","44","43385868"
"chr5","43417914","43418204","chr18","41463106","41463395","42","1954808"
"chr5","43444271","43444574","chr2","159949742","159950048","42","116505471"
"chr5","43466867","43467171","chr2","8426666","8426970","48","35040201"
"chr5","43470138","43470441","chr2","61800729","61801029","43","18330591"
"chr5","43541895","43542211","chr6","17068239","17068542","44","26473656"
"chr5","43546759","43547069","chr9","11967801","11968108","50","31578958"
"chr5","43549709","43550023","chr3","177773552","177773857","42","134223843"
"chr5","43574023","43574334","chr6","17068239","17068542","56","26505784"
"chr5","43575561","43575873","chr22","43014695","43015008","46","560866"
"chr5","43589973","43590268","chr2","3615693","3615989","37","39974280"
"chr5","43673738","43674035","chr5","77976326","77976624","35","34302588"
"chr5","43749399","43749697","chr5","26961498","26961795","45","16787901"
"chr5","43919459","43919752","chr17","37986925","37987221","44","5932534"
"chr5","43991183","43991487","chr5","26961498","26961795","50","17029685"
"chr5","44075029","44075360","chr13","88836338","88836664","63","44761309"
"chr5","44255136","44255412","chr10","128279702","128279982","38","84024566"
"chr5","44448961","44449251","chr5","3696536","3696829","38","40752425"
"chr5","44799399","44799694","chr9","109143507","109143803","43","64344108"
"chr5","44819712","44819991","chr5","111653567","111653852","55","66833855"
"chr5","44845312","44845616","chr1","168595556","168595859","44","123750244"
"chr5","45014059","45014329","chr4","38332215","38332481","55","6681844"
"chr5","45078253","45078549","chr9","111304241","111304539","54","66225988"
"chr5","45129688","45129985","chr17","24906552","24906856","50","20223136"
"chr5","45153321","45153609","chr4","16350054","16350344","40","28803267"
"chr5","45266705","45267004","chr12","83078942","83079243","44","37812237"
"chr5","45392555","45392802","chr6","86694256","86694504","39","41301701"
"chr5","45593672","45593975","chr11","65163335","65163629","45","19569663"
"chr5","45684579","45684882","chr7","81223786","81224086","44","35539207"
"chr5","45700516","45700815","chr3","83720207","83720499","41","38019691"
"chr5","45896754","45897066","chr9","111706569","111706867","57","65809815"
"chr5","46116326","46116615","chr20","28691192","28691484","42","17425134"
"chr5","50326216","50326506","chr7","66074014","66074297","54","15747798"
"chr5","50491033","50491146","chr2","179886126","179886233","21","129395093"
"chr5","50643585","50643883","chr6","48174401","48174701","40","2469184"
"chr5","50759083","50759218","chr7","64686118","64686250","17","13927035"
"chr5","50818218","50818529","chr2","171032147","171032451","59","120213929"
"chr5","50857814","50858105","chr10","101578950","101579242","34","50721136"
"chr5","50914108","50914413","chr12","51884744","51885046","56","970636"
"chr5","51084623","51084921","chr10","14603732","14604030","46","36480891"
"chr5","51132139","51132302","chrX","106480049","106480214","29","55347910"
"chr5","51132334","51132461","chr18","37044549","37044677","15","14087785"
"chr5","51183096","51183381","chr4","62011501","62011784","42","10828405"
"chr5","51408871","51409167","chr2","156261538","156261819","37","104852667"
"chr5","51483381","51483669","chr7","71427753","71428051","58","19944372"
"chr5","51502400","51502686","chr6","149630589","149630880","46","98128189"
"chr5","51593764","51594073","chr20","22923582","22923882","54","28670182"
"chr5","51597691","51597989","chr5","94532768","94533076","53","42935077"
"chr5","51770340","51770657","chr10","21581528","21581830","51","30188812"
"chr5","51806106","51806407","chr12","20922607","20922906","45","30883499"
"chr5","52144227","52144507","chr12","17521934","17522220","41","34622293"
"chr5","52195624","52195905","chr9","44537673","44537953","47","7657951"
"chr5","52411903","52412216","chr10","126070729","126071027","47","73658826"
"chr5","52456956","52457265","chr5","65642349","65642663","47","13185393"
"chr5","52486433","52486732","chr1","158120682","158120981","38","105634249"
"chr5","52508140","52508437","chr5","108405234","108405527","46","55897094"
"chr5","52523564","52523865","chr1","138077483","138077787","52","85553919"
"chr5","52552388","52552688","chr2","155092798","155093095","47","102540410"
"chr5","52659685","52660017","chrX","122250423","122250744","52","69590738"
"chr5","52809503","52809802","chr13","39885762","39886059","43","12923741"
"chr5","52824285","52824590","chr7","66105076","66105385","49","13280791"
"chr5","52829244","52829367","chrX","104950766","104950888","19","52121522"
"chr5","52831137","52831433","chr20","27822433","27822727","40","25008704"
"chr5","52832910","52833204","chr4","156698023","156698319","42","103865113"
"chr5","52965150","52965441","chr14","36994514","36994806","38","15970636"
"chr5","53000922","53001200","chr4","37824304","37824582","44","15176618"
"chr5","53038809","53039097","chr14","65667417","65667703","48","12628608"
"chr5","53102669","53102973","chrX","37069161","37069459","43","16033508"
"chr5","53129167","53129477","chr8","85698712","85699021","42","32569545"
"chr5","53132607","53132906","chr5","26961498","26961795","46","26171109"
"chr5","53139073","53139386","chr22","33981676","33981980","42","19157397"
"chr5","53316014","53316308","chr12","63521099","63521384","51","10205085"
"chr5","53382444","53382565","chrUn_GL286397","281191","281306","14","53101253"
"chr5","53414398","53414702","chr13","18393383","18393690","40","35021015"
"chr5","53457965","53458241","chrX","123830034","123830308","44","70372069"
"chr5","53529943","53530239","chr2","154159382","154159678","37","100629439"
"chr5","53551577","53551875","chr7","80047681","80047980","37","26496104"
"chr5","53564554","53564829","chr15","33919172","33919446","58","19645382"
"chr5","53584765","53585062","chr22","32420722","32421020","50","21164043"
"chr5","53591934","53592250","chr4","45916650","45916948","49","7675284"
"chr5","53657643","53657950","chr12","20572358","20572667","37","33085285"
"chr5","53666654","53666963","chr9","93766565","93766871","49","40099911"
"chr5","53696926","53697233","chr1","26088103","26088403","43","27608823"
"chr5","53730114","53730362","chr2","153968393","153968639","37","100238279"
"chr5","53738672","53738969","chr6","60100249","60100543","46","6361577"
"chr5","53759469","53759775","chr9","15892879","15893185","52","37866590"
"chr5","53914805","53915110","chrX","90245792","90246087","39","36330987"
"chr5","53979882","53980004","chr2","151585614","151585736","13","97605732"
"chr5","54069642","54069973","chr22","24847365","24847700","61","29222277"
"chr5","54087762","54087975","chr19","27819021","27819230","34","26268741"
"chr5","54105579","54105840","chr2","153609112","153609366","38","99503533"
"chr5","54150523","54150824","chr6","17068239","17068542","44","37082284"
"chr5","54179737","54180042","chr12","28553718","28554019","45","25626019"
"chr5","54190110","54190408","chr5","92897843","92898143","37","38707733"
"chr5","54303240","54303548","chr2","153396950","153397244","50","99093710"
"chr5","54306392","54306690","chr22","28997304","28997607","42","25309088"
"chr5","54312136","54312400","chr10","88594260","88594518","60","34282124"
"chr5","54322184","54322483","chrX","93623389","93623691","38","39301205"
"chr5","54382940","54383226","chr5","80700303","80700590","46","26317363"
"chr5","54408562","54408861","chr6","95705164","95705465","38","41296602"
"chr5","54425933","54426252","chr7","148985140","148985448","48","94559207"
"chr5","54459427","54459735","chr11","111117466","111117768","44","56658039"
"chr5","54507265","54507554","chr5","127746291","127746583","39","73239026"
"chr5","54510961","54511255","chr12","15912622","15912919","40","38598339"
"chr5","54526116","54526407","chr5","80700303","80700590","43","26174187"
"chr5","54555553","54555854","chr22","15341421","15341725","50","39214132"
"chr5","54630553","54630850","chr2","153084579","153084876","36","98454026"
"chr5","54640778","54641077","chr20","22923582","22923882","45","31717196"
"chr5","54663128","54663435","chr22","33981676","33981980","30","20681452"
"chr5","54687420","54687498","chr12","107293524","107293603","10","52606104"
"chr5","54726557","54726845","chr2","152996703","152996992","30","98270146"
"chr5","54773343","54773642","chr2","83507142","83507434","54","28733799"
"chr5","54954819","54955115","chr2","152767325","152767622","41","97812506"
"chr5","55073466","55073755","chr20","27822433","27822727","32","27251033"
"chr5","55131785","55132080","chr2","152595773","152596070","47","97463988"
"chr5","55136281","55136576","chr7","67265623","67265921","47","12129342"
"chr5","55138181","55138454","chr19","22748565","22748846","45","32389616"
"chr5","55139761","55140009","chr10","128365034","128365286","37","73225273"
"chr5","55166748","55167070","chr6","17068239","17068542","52","38098509"
"chr5","55196863","55197165","chr5","1104017","1104317","45","54092846"
"chr5","55212151","55212283","chr17","52749755","52749887","17","2462396"
"chr5","55249175","55249485","chr1","101977404","101977714","48","46728229"
"chr5","55321604","55321906","chr16","298977","299284","50","55022627"
"chr5","55325330","55325649","chrX","122250423","122250744","50","66925093"
"chr5","55351843","55352178","chr17","39004944","39005304","86","16346899"
"chr5","55376788","55377023","chr1","13737389","13737622","33","41639399"
"chr5","55392263","55392564","chr10","90431710","90432016","49","35039447"
"chr5","55395124","55395435","chr11","123924507","123924822","41","68529383"
"chr5","55433855","55434149","chr7","103328929","103329224","43","47895074"
"chr5","55463380","55463655","chr20","27910357","27910634","45","27553023"
"chr5","55464236","55464536","chr2","152265954","152266243","47","96801718"
"chr5","55465048","55465339","chr5","26961498","26961795","36","28503550"
"chr5","55486303","55486611","chr1","137263489","137263793","40","81777186"
"chr5","55491586","55491885","chr16","93965192","93965487","47","38473606"
"chr5","55495837","55496157","chr13","84459624","84459931","50","28963787"
"chr5","55521072","55521367","chr5","26961498","26961795","39","28559574"
"chr5","55539561","55539859","chr1","193266464","193266759","38","137726903"
"chr5","55544851","55545081","chr15","62420633","62420858","36","6875782"
"chr5","55564228","55564394","chr5","92923149","92923319","37","37358921"
"chr5","55564709","55564844","chr2","151853921","151854057","19","96289212"
"chr5","55566737","55567038","chr2","152146743","152147036","43","96580006"
"chr5","55574624","55574934","chr5","150153039","150153350","47","94578415"
"chr5","55575130","55575431","chr2","152139046","152139345","40","96563916"
"chr5","55578476","55578777","chr6","17068239","17068542","36","38510237"
"chr5","55586995","55587294","chr7","6894852","6895150","40","48692143"
"chr5","55598442","55598739","chr6","119365724","119366021","38","63767282"
"chr5","55609854","55610157","chr2","141941416","141941720","49","86331562"
"chr5","55643956","55644260","chr13","18729449","18729750","38","36914507"
"chr5","55665264","55665576","chr1","120355190","120355506","46","64689926"
"chr5","55698972","55699272","chr2","9018638","9018935","42","46680334"
"chr5","55710203","55710500","chr5","84633061","84633356","48","28922858"
"chr5","55723043","55723343","chr6","17068239","17068542","41","38654804"
"chr5","55733915","55734212","chr6","17068239","17068542","38","38665676"
"chr5","55757764","55758065","chrX","93623389","93623691","49","37865625"
"chr5","55771943","55772222","chr10","16033492","16033786","42","39738451"
"chr5","55835187","55835481","chr20","29549977","29550272","39","26285210"
"chr5","55847313","55847581","chr13","97352437","97352715","46","41505124"
"chr5","55855888","55856196","chr6","121643346","121643654","49","65787458"
"chr5","55860087","55860380","chr1","193266464","193266759","42","137406377"
"chr5","55869484","55869773","chr9","99273608","99273898","37","43404124"
"chr5","55894729","55895016","chr5","100355199","100355490","41","44460470"
"chr5","55904914","55905228","chr3","106655459","106655766","38","50750545"
"chr5","55912517","55912808","chr3","109012290","109012581","38","53099773"
"chr5","55922851","55923134","chr7","79364610","79364894","39","23441759"
"chr5","55931407","55931717","chr22","33981676","33981980","42","21949731"
"chr5","55946534","55946828","chr7","69525922","69526215","41","13579388"
"chr5","55955177","55955461","chr4","36522598","36522895","50","19432579"
"chr5","55974491","55974785","chr4","168729779","168730073","37","112755288"
"chr5","56024246","56024563","chr5","27173191","27173501","52","28851055"
"chr5","56032463","56032770","chr3","2808599","2808903","41","53223864"
"chr5","56061702","56061983","chr2","151593834","151594110","46","95532132"
"chr5","56079168","56079455","chr4","16350054","16350344","45","39729114"
"chr5","56083166","56083491","chr8","12048075","12048386","64","44035091"
"chr5","56084547","56084846","chr2","151567592","151567891","48","95483045"
"chr5","56087477","56087769","chrX","47133077","47133369","38","8954400"
"chr5","56122369","56122669","chr3","132701843","132702133","46","76579474"
"chr5","56177495","56177784","chr9","99273608","99273898","37","43096113"
"chr5","56181590","56181894","chr5","26961498","26961795","46","29220092"
"chr5","56184939","56185248","chr1","168595556","168595859","40","112410617"
"chr5","56242009","56242318","chr7","91323546","91323860","46","35081537"
"chr5","56266654","56266960","chr2","151377141","151377432","56","95110487"
"chr5","56308904","56309206","chr5","83113160","83113466","41","26804256"
"chr5","56318415","56318536","chr16","69600209","69600334","15","13281794"
"chr5","56318749","56319038","chr2","10593959","10594242","44","45724790"
"chr5","56323936","56324244","chr3","80802077","80802383","40","24478141"
"chr5","56362434","56362732","chr11","74360467","74360765","46","17998033"
"chr5","56445376","56445681","chr7","6894852","6895150","38","49550524"
"chr5","56472357","56472490","chr1","172218988","172219121","14","115746631"
"chr5","56472798","56472976","chr12","4348306","4348486","35","52124492"
"chr5","56482640","56482909","chr5","100268330","100268601","45","43785690"
"chr5","56556844","56556957","chr5","114307331","114307444","12","57750487"
"chr5","56556958","56557166","chr10","98286725","98286937","38","41729767"
"chr5","56598676","56598981","chr1","168595556","168595859","39","111996880"
"chr5","56624018","56624269","chr5","120949198","120949447","41","64325180"
"chr5","56672554","56672825","chr22","41649645","41649920","42","15022909"
"chr5","56706415","56706704","chr20","12729984","12730279","40","43976431"
"chr5","56714805","56715089","chrX","66146500","66146784","42","9431695"
"chr5","56787553","56787855","chr7","49632330","49632627","33","7155223"
"chr5","56804835","56805110","chr5","94612495","94612765","54","37807660"
"chr5","56822022","56822322","chr1","172257719","172258009","39","115435697"
"chr5","56886122","56886420","chr10","121197224","121197521","38","64311102"
"chr5","56913378","56913683","chr6","17068239","17068542","37","39845139"
"chr5","56940048","56940180","chr10","47000796","47000927","13","9939252"
"chr5","56949099","56949363","chr8","32478813","32479091","54","24470286"
"chr5","56979378","56979661","chr16","17925386","17925667","38","39053992"
"chr5","56997635","56997944","chr10","126696429","126696740","36","69698794"
"chr5","57003850","57004153","chr15","76198954","76199256","38","19195104"
"chr5","57009859","57010151","chr3","3534566","3534856","49","53475293"
"chr5","57029647","57029977","chr4","34141149","34141483","64","22888498"
"chr5","57031236","57031548","chr9","65482313","65482627","49","8451077"
"chr5","57032949","57033175","chr19","42766292","42766526","38","14266657"
"chr5","57048076","57048385","chr2","150585478","150585782","40","93537402"
"chr5","57060627","57060923","chr1","87669479","87669773","41","30608852"
"chr5","57061287","57061591","chr3","106655459","106655766","40","49594172"
"chr5","57075682","57075960","chr8","116035364","116035646","42","58959682"
"chr5","57077583","57077896","chr10","35587352","35587663","62","21490231"
"chr5","57092715","57093025","chr5","134608851","134609157","42","77516136"
"chr5","57122192","57122493","chr12","15053437","15053737","47","42068755"
"chr5","57129476","57129774","chr11","64202797","64203093","39","7073321"
"chr5","57145329","57145607","chr2","37635228","37635503","50","19510101"
"chr5","57151541","57151825","chr12","17597171","17597452","39","39554370"
"chr5","57151859","57151890","chr10","17789322","17789342","12","39362537"
"chr5","57153980","57154279","chr6","13168853","13169146","42","43985127"
"chr5","57158692","57158981","chr11","43485145","43485437","39","13673547"
"chr5","57183978","57184245","chr5","123643183","123643445","46","66459205"
"chr5","57187961","57188256","chrX","117803732","117804026","40","60615771"
"chr5","57196795","57197080","chr21","50309276","50309562","39","6887519"
"chr5","57198571","57198790","chr2","12821462","12821682","44","44377109"
"chr5","57199936","57200007","chrX","127677797","127677873","13","70477861"
"chr5","57208258","57208533","chr16","30667959","30668233","52","26540299"
"chr5","57218694","57218761","chr4","151816551","151816620","12","94597857"
"chr5","57226548","57226729","chr15","24410934","24411124","41","32815614"
"chr5","57227039","57227065","chr10","17789322","17789342","10","39437717"
"chr5","57227367","57227493","chr3","107071732","107071860","19","49844365"
"chr5","57235027","57235317","chr5","96441121","96441410","39","39206094"
"chr5","57252716","57253008","chr5","140968757","140969050","42","83716041"
"chr5","57254413","57254709","chr9","20122679","20122976","36","37131734"
"chr5","57255975","57256281","chrX","106754938","106755243","50","49498963"
"chr5","57275703","57276000","chr12","103967584","103967885","37","46691881"
"chr5","57287020","57287315","chr5","38614488","38614784","33","18672532"
"chr5","57295590","57295898","chr5","38171978","38172283","47","19123612"
"chr5","57331030","57331330","chr2","150300326","150300616","42","92969296"
"chr5","57444218","57444521","chr7","56359080","56359389","41","1085138"
"chr5","57454173","57454484","chr22","28997304","28997607","41","28456869"
"chr5","57754191","57754494","chr5","26961498","26961795","51","30792693"
"chr5","58023707","58024001","chrX","17855428","17855719","36","40168279"
"chr5","58130300","58130585","chr7","79364610","79364894","40","21234310"
"chr5","58144765","58145052","chr5","154490596","154490882","50","96345831"
"chr5","58177938","58178228","chr9","109143507","109143803","40","50965569"
"chr5","58193142","58193253","chr3","136983023","136983134","11","78789881"
"chr5","58214415","58214685","chr11","23439208","23439487","52","34775207"
"chr5","58235869","58236167","chr4","37454427","37454718","32","20781442"
"chr5","58356542","58356823","chr16","32177091","32177378","39","26179451"
"chr5","58392213","58392391","chr15","75248160","75248334","24","16855947"
"chr5","58579901","58580018","chrX","46043432","46043548","19","12536469"
"chr5","58621569","58621875","chr1","12491044","12491347","35","46130525"
"chr5","58710317","58710599","chr4","34845790","34846071","37","23864527"
"chr5","58712531","58712824","chr15","68435167","68435452","38","9722636"
"chr5","58810623","58810896","chr4","42554991","42555265","34","16255632"
"chr5","58819593","58819875","chr2","148743969","148744257","54","89924376"
"chr5","58914365","58914581","chr13","8900012","8900229","47","50014353"
"chr5","58939346","58939661","chr4","88045174","88045479","44","29105828"
"chr5","58990999","58991318","chr5","74833270","74833574","50","15842271"
"chr5","59020193","59020492","chr2","148531155","148531447","41","89510962"
"chr5","59067033","59067315","chr2","80644634","80644911","52","21577601"
"chr5","59074476","59074770","chr10","16033492","16033786","44","43040984"
"chr5","59107200","59107507","chr13","18393383","18393690","47","40713817"
"chr5","59179110","59179401","chr12","34135524","34135815","41","25043586"
"chr5","59439077","59439380","chr6","17068239","17068542","41","42370838"
"chr5","59519980","59520285","chr8","119016159","119016467","49","59496179"
"chr5","59653924","59654220","chr10","16033492","16033786","58","43620432"
"chr5","59735674","59735970","chr5","45608098","45608388","44","14127576"
"chr5","59739138","59739423","chr11","15919850","15920134","46","43819288"
"chr5","59754048","59754331","chr1","145176527","145176816","36","85422479"
"chr5","59756811","59757097","chr10","79871788","79872080","47","20114977"
"chr5","59804780","59805092","chr9","104240252","104240561","42","44435472"
"chr5","59888947","59889249","chr13","35663090","35663393","42","24225857"
"chr5","59899959","59900248","chr10","20827679","20827973","43","39072280"
"chr5","59916790","59916954","chr4","34157283","34157451","30","25759507"
"chr5","59916984","59917103","chr11","122103322","122103440","15","62186338"
"chr5","60274370","60274660","chr1","37141826","37142112","41","23132544"
"chr5","60302822","60303128","chr22","28997304","28997607","41","31305518"
"chr5","60458103","60458414","chr10","90431710","90432016","45","29973607"
"chr5","60510958","60511268","chr12","48649643","48649953","54","11861315"
"chr5","60698670","60698912","chr12","119979637","119979871","36","59280967"
"chr5","60780929","60781237","chr1","137129532","137129843","43","76348603"
"chr5","60816098","60816394","chr2","35075957","35076247","47","25740141"
"chr5","60824958","60825186","chr15","19032308","19032545","43","41792650"
"chr5","60930825","60931132","chr22","15097219","15097517","48","45833606"
"chr5","60954665","60954743","chr11","95218906","95218983","9","34264241"
"chr5","60964453","60964751","chr3","94762904","94763199","42","33798451"
"chr5","60974806","60975108","chr12","55220199","55220504","49","5754607"
"chr5","61015286","61015581","chr10","55872616","55872911","33","5142670"
"chr5","61035071","61035365","chr11","123371423","123371718","35","62336352"
"chr5","61078462","61078756","chr2","146406694","146406989","42","85328232"
"chr5","61083426","61083676","chrUn_GL286451","161525","161755","57","60921901"
"chr5","61096682","61096982","chr6","17068239","17068542","44","44028443"
"chr5","61149927","61150231","chr15","76198954","76199256","39","15049027"
"chr5","61247125","61247436","chrX","108465492","108465806","43","47218367"
"chr5","61250151","61250463","chr13","97340307","97340616","48","36090156"
"chr5","61259028","61259356","chr7","54586977","54587300","44","6672051"
"chr5","61313063","61313371","chrX","51938318","51938628","52","9374745"
"chr5","61313532","61313832","chr12","115383799","115384092","47","54070267"
"chr5","61316083","61316358","chr11","120138757","120139038","50","58822674"
"chr5","61335982","61336280","chr2","146122477","146122773","33","84786495"
"chr5","61341874","61342178","chr12","12071873","12072177","44","49270001"
"chr5","61454568","61454881","chrX","93623389","93623691","46","32168821"
"chr5","61478889","61479183","chr5","52498828","52499124","35","8980061"
"chr5","61616682","61616991","chr22","28997304","28997607","45","32619378"
"chr5","61630440","61630726","chr14","65667417","65667703","37","4036977"
"chr5","61696881","61697165","chr11","9855664","9855946","43","51841217"
"chr5","61879592","61879873","chr19","22748565","22748846","38","39131027"
"chr5","61925852","61926156","chr18","39712282","39712591","43","22213570"
"chr5","61930076","61930378","chr11","98562914","98563217","47","36632838"
"chr5","61951020","61951314","chr5","65031296","65031585","44","3080276"
"chr5","62174085","62174384","chr11","111117466","111117768","37","48943381"
"chr5","62180721","62181045","chr7","145367752","145368069","57","83187031"
"chr5","62187489","62187787","chr3","150073804","150074104","35","87886315"
"chr5","62197384","62197682","chr2","145182124","145182423","34","82984740"
"chr5","62235654","62235961","chr12","5316705","5317011","45","56918949"
"chr5","62302101","62302420","chr9","108803119","108803421","56","46501018"
"chr5","62307629","62307917","chr5","74583775","74584061","40","12276146"
"chr5","62314759","62315062","chr3","108570361","108570666","34","46255602"
"chr5","62345106","62345398","chr10","16033492","16033786","33","46311614"
"chr5","62359988","62360289","chr5","94234310","94234606","31","31874322"
"chr5","62374660","62374934","chr11","129768700","129768980","48","67394040"
"chr5","62376407","62376720","chr1","188105254","188105557","42","125728847"
"chr5","62379896","62380192","chr5","50556024","50556321","43","11823872"
"chr5","62405738","62405995","chr9","65690436","65690690","57","3284698"
"chr5","62407145","62407436","chr5","459489","459780","48","61947656"
"chr5","62434743","62435034","chr19","24203448","24203737","41","38231295"
"chr5","62458325","62458600","chr15","37619139","37619418","47","24839186"
"chr5","62492557","62492836","chr13","88182599","88182875","55","25690042"
"chr5","62502784","62502808","chr10","17789322","17789342","7","44713462"
"chr5","62502843","62503124","chr4","136035930","136036213","45","73533087"
"chr5","62510734","62511033","chr1","10143237","10143538","46","52367497"
"chr5","62516290","62516593","chr3","152941248","152941549","38","90424958"
"chr5","62518022","62518163","chr7","66605645","66605777","22","4087623"
"chr5","62518456","62518630","chr4","134812114","134812292","37","72293658"
"chr5","62554734","62555013","chr9","44537673","44537953","43","18017061"
"chr5","62565203","62565508","chr4","110258522","110258827","42","47693319"
"chr5","62593368","62593494","chr12","40082543","40082670","19","22510825"
"chr5","62598536","62598844","chr1","16119439","16119749","47","46479097"
"chr5","62607801","62608118","chr12","26886169","26886476","51","35721632"
"chr5","62618949","62619240","chr2","144737728","144738015","51","82118779"
"chr5","62640736","62641043","chr6","17068239","17068542","32","45572497"
"chr5","62695704","62695995","chr8","93697187","93697481","43","31001483"
"chr5","62704794","62705087","chr2","144660833","144661133","41","81956039"
"chr5","62879769","62879879","chrX","120359300","120359413","21","57479531"
"chr5","62919563","62919854","chr12","54904683","54904976","37","8014880"
"chr5","62944965","62945250","chr11","120918162","120918450","45","57973197"
"chr5","62979704","62979986","chr13","68600472","68600753","43","5620768"
"chr5","63007555","63007856","chr1","173962313","173962617","43","110954758"
"chr5","63070562","63070855","chr12","2923234","2923528","39","60147328"
"chr5","63197668","63197957","chr17","69075766","69076065","40","5878098"
"chr5","63257413","63257701","chr6","149650544","149650836","64","86393131"
"chr5","63257863","63258161","chr11","74360467","74360765","42","11102604"
"chr5","63279841","63280155","chr6","93506061","93506372","52","30226220"
"chr5","63325769","63326045","chrX","60275475","60275754","44","3050294"
"chr5","63483863","63484163","chr4","15705730","15706030","39","47778133"
"chr5","63499775","63500000","chr9","12079850","12080077","39","51419925"
"chr5","63712321","63712624","chrUn_GL286451","117883","118189","40","63594438"
"chr5","63716300","63716614","chr2","143568071","143568387","47","79851771"
"chr5","63786674","63786977","chr1","141883363","141883663","56","78096689"
"chr5","64020522","64020818","chr5","41077820","41078119","39","22942702"
"chr5","64046243","64046555","chr11","110533024","110533298","71","46486781"
"chr5","64075102","64075387","chr5","32929108","32929393","35","31145994"
"chr5","64118605","64118889","chr3","39494685","39494975","49","24623920"
"chr5","64140523","64140702","chr19","23662863","23663041","33","40477660"
"chr5","64183473","64183747","chr12","115669075","115669351","49","51485602"
"chr5","64234186","64234484","chr5","63326522","63326817","39","907664"
"chr5","64279811","64280016","chr5","93625247","93625449","28","29345436"
"chr5","64323259","64323541","chr5","38801240","38801522","45","25522019"
"chr5","64551252","64551528","chr2","142623289","142623554","44","78072037"
"chr5","64628169","64628465","chr9","109143507","109143803","40","44515338"
"chr5","64642012","64642295","chr2","142494698","142494986","44","77852686"
"chr5","64663355","64663652","chr22","28997304","28997607","38","35666051"
"chr5","64700404","64700712","chr1","202849760","202850061","50","138149356"
"chr5","64705877","64706174","chrX","16163378","16163666","47","48542499"
"chr5","64782166","64782447","chr2","10414629","10414909","37","54367537"
"chr5","64842604","64842901","chr10","126287645","126287938","52","61445041"
"chr5","64846712","64847022","chr13","63985086","63985395","37","861626"
"chr5","64940839","64941092","chr9","9883506","9883759","36","55057333"
"chr5","64975783","64976097","chrX","45395851","45396165","46","19579932"
"chr5","64995009","64995271","chr2","142087955","142088225","31","77092946"
"chr5","65049183","65049488","chr18","29127518","29127823","39","35921665"
"chr5","65063624","65063925","chr15","49359997","49360293","30","15703627"
"chr5","65107228","65107521","chr1","82463476","82463771","42","17356248"
"chr5","65129131","65129447","chr8","97594661","97594975","44","32465530"
"chr5","65231828","65232127","chr3","138159195","138159493","42","72927367"
"chr5","65253813","65254144","chr9","91704310","91704624","58","26450497"
"chr5","65289254","65289537","chr5","94234310","94234606","45","28945056"
"chr5","65316809","65317101","chr5","129865823","129866113","37","64549014"
"chr5","65350672","65350947","chrX","14397583","14397859","47","50953089"
"chr5","65368773","65369062","chr2","141702601","141702884","43","76333828"
"chr5","65435633","65435925","chr4","16350054","16350344","42","49085579"
"chr5","65445328","65445635","chr1","168595556","168595859","50","103150228"
"chr5","65506506","65506797","chr1","202589323","202589615","44","137082817"
"chr5","65516946","65517241","chr5","26961498","26961795","34","38555448"
"chr5","65573340","65573516","chr19","36098018","36098168","60","29475322"
"chr5","65573554","65573673","chr9","111395848","111395966","17","45822294"
"chr5","65592230","65592526","chr14","36994514","36994806","38","28597716"
"chr5","65593153","65593437","chr2","56700759","56701042","38","8892394"
"chr5","65622165","65622480","chr2","141454210","141454517","46","75832045"
"chr5","65634609","65634913","chr7","29386896","29387192","40","36247713"
"chr5","65638803","65639106","chr5","94234310","94234606","46","28595507"
"chr5","65644602","65644897","chr4","36522598","36522895","43","29122004"
"chr5","65657100","65657392","chr10","55872616","55872911","39","9784484"
"chr5","65658766","65659019","chr10","43105436","43105687","48","22553330"
"chr5","65673662","65673950","chr5","65031296","65031585","37","642366"
"chr5","65684559","65684852","chr14","83739394","83739686","39","18054835"
"chr5","65687757","65688068","chr13","84459624","84459931","40","18771867"
"chr5","65691481","65691627","chr8","117216772","117216919","18","51525291"
"chr5","65692924","65693179","chr4","38031431","38031693","51","27661493"
"chr5","65699635","65699757","chr2","141355661","141355781","20","75656026"
"chr5","65700728","65701038","chr5","114232117","114232428","45","48531389"
"chr5","65703424","65703743","chr2","141352394","141352719","45","75648970"
"chr5","65715762","65716069","chr3","64986478","64986781","39","729284"
"chr5","65733728","65733886","chr9","43291243","43291387","32","22442485"
"chr5","65734163","65734299","chr11","109899418","109899552","20","44165255"
"chr5","65740868","65741171","chr2","858886","859191","43","64881982"
"chr5","65753367","65753665","chr10","126070729","126071027","46","60317362"
"chr5","65774730","65775022","chr2","18360128","18360420","52","47414602"
"chr5","65779922","65780124","chr20","40289102","40289304","30","25490820"
"chr5","65791149","65791275","chr2","13193728","13193848","16","52597421"
"chr5","65791575","65791741","chrX","108352935","108353103","27","42561360"
"chr5","65804534","65804828","chr12","64684421","64684717","52","1120113"
"chr5","65811536","65811829","chr2","131228804","131229095","47","65417268"
"chr5","65836583","65836884","chr22","32856560","32856853","45","32980023"
"chr5","65876234","65876525","chr15","69026019","69026302","51","3149785"
"chr5","65904670","65904965","chr2","141161104","141161397","39","75256434"
"chr5","65942643","65942925","chr13","77817069","77817345","46","11874426"
"chr5","65964742","65964908","chr17","34108233","34108402","23","31856509"
"chr5","65964946","65965090","chr1","173824430","173824570","25","107859484"
"chr5","65965373","65965692","chr9","98029843","98030162","65","32064470"
"chr5","65975027","65975307","chr2","141091123","141091408","40","75116096"
"chr5","65976192","65976486","chr6","11599554","11599848","54","54376638"
"chr5","65980136","65980456","chr14","35385187","35385489","51","30594949"
"chr5","65987572","65987859","chr5","94234310","94234606","49","28246738"
"chr5","65997958","65998231","chr22","16172335","16172611","43","49825623"
"chr5","66127000","66127302","chr2","140952099","140952400","35","74825099"
"chr5","66127923","66128223","chr6","17068239","17068542","37","49059684"
"chr5","66168356","66168676","chr6","17068239","17068542","60","49100117"
"chr5","66469354","66469662","chr7","148985140","148985448","44","82515786"
"chr5","66555983","66556217","chr2","140488466","140488705","33","73932483"
"chr5","66857948","66858303","chr2","140181257","140181599","66","73323309"
"chr5","66865793","66866092","chr7","145693234","145693534","36","78827441"
"chr5","66893217","66893528","chr15","25331004","25331299","55","41562213"
"chr5","66919379","66919687","chr5","11618038","11618344","41","55301341"
"chr5","66921475","66921767","chr22","30202132","30202421","47","36719343"
"chr5","66935659","66935966","chr3","106655459","106655766","39","39719800"
"chr5","67041633","67041927","chr22","46703006","46703297","38","20338627"
"chr5","67129440","67129751","chr2","60819266","60819572","46","6310174"
"chr5","67312267","67312549","chr3","80959478","80959762","45","13647211"
"chr5","67321700","67321998","chr9","111187673","111187975","44","43865973"
"chr5","67325069","67325305","chr12","23484133","23484361","34","43840936"
"chr5","67469571","67469854","chr2","139527903","139528190","42","72058332"
"chr5","67517523","67517828","chr7","13017719","13018023","43","54499804"
"chr5","67556179","67556311","chr2","35335263","35335395","15","32220916"
"chr5","67593838","67594149","chr2","10204558","10204866","38","57389280"
"chr5","67672032","67672333","chr7","80905976","80906275","44","13233944"
"chr5","67775316","67775549","chr4","21615913","21616146","33","46159403"
"chr5","67998338","67998650","chr22","40744104","40744408","41","27254234"
"chr5","68001208","68001507","chr2","139065228","139065527","43","71064020"
"chr5","68033480","68033789","chr12","6347784","6348094","45","61685696"
"chr5","68132925","68133232","chr2","138937103","138937408","28","70804178"
"chr5","68147284","68147583","chrX","30043039","30043339","38","38104245"
"chr5","68167542","68167832","chr5","38850852","38851148","40","29316690"
"chr5","68173713","68174021","chr8","97594661","97594975","49","29420948"
"chr5","68176482","68176768","chr1","14332010","14332298","37","53844472"
"chr5","68203305","68203608","chr18","39712282","39712591","52","28491023"
"chr5","68235121","68235401","chr5","31371357","31371639","37","36863764"
"chr5","68325914","68326214","chr9","18581186","18581488","43","49744728"
"chr5","68356142","68356438","chr7","6894852","6895150","40","61461290"
"chr5","68499529","68499842","chr7","144982540","144982842","55","76483011"
"chr5","68508626","68508924","chr4","25542330","25542622","38","42966296"
"chr5","68516928","68517230","chr12","115383799","115384092","40","46866871"
"chr5","68575713","68576025","chr6","132767618","132767935","44","64191905"
"chr5","68779370","68779664","chr5","116508981","116509268","44","47729611"
"chr5","68798401","68798716","chr22","26935953","26936259","60","41862448"
"chr5","68807654","68807924","chr13","20752153","20752424","53","48055501"
"chr5","68838624","68838916","chr14","16212881","16213172","43","52625743"
"chr5","68915938","68916224","chr2","56700759","56701042","43","12215179"
"chr5","68998500","68998783","chr4","34845790","34846071","40","34152710"
"chr5","69005801","69006113","chr18","39712282","39712591","43","29293519"
"chr5","69014216","69014525","chr5","42661443","42661746","48","26352773"
"chr5","69033346","69033471","chr3","53886099","53886222","18","15147247"
"chr5","69033498","69033665","chr17","34108233","34108402","27","34925265"
"chr5","69046905","69047208","chr2","137972986","137973299","44","68926081"
"chr5","69066736","69067060","chr12","31281547","31281855","49","37785189"
"chr5","69072466","69072761","chr11","123371423","123371718","36","54298957"
"chr5","69082590","69082885","chr7","103328929","103329224","39","34246339"
"chr5","69105427","69105671","chr1","164930052","164930295","43","95824625"
"chr5","69138473","69138782","chr6","17068239","17068542","40","52070234"
"chr5","69155236","69155519","chr4","34845790","34846071","34","34309446"
"chr5","69160528","69160807","chr1","172971839","172972115","49","103811311"
"chr5","69162667","69162966","chr6","48174401","48174701","58","20988266"
"chr5","69185023","69185318","chr5","26961498","26961795","39","42223525"
"chr5","69200720","69200982","chr5","62553862","62554120","42","6646858"
"chr5","69205222","69205526","chr19","4520386","4520688","48","64684836"
"chr5","69210536","69210834","chr2","137832381","137832686","46","68621845"
"chr5","69210892","69211208","chr13","20731387","20731695","52","48479505"
"chr5","69212266","69212427","chr4","34157283","34157451","34","35054983"
"chr5","69212749","69212888","chr9","108604835","108604967","20","39392086"
"chr5","69214086","69214388","chr12","22341026","22341325","52","46873060"
"chr5","69224109","69224402","chr11","52179427","52179720","36","17044682"
"chr5","69245345","69245630","chr1","193615557","193615842","51","124370212"
"chr5","69255818","69256118","chr1","168595556","168595859","47","99339738"
"chr5","69277889","69278181","chr5","74809771","74810060","56","5531882"
"chr5","69282280","69282578","chr12","115383799","115384092","34","46101519"
"chr5","69297055","69297340","chr1","75555059","75555337","50","6258004"
"chr5","69311751","69312034","chr5","38801240","38801522","33","30510511"
"chr5","69314185","69314475","chr22","28383777","28384071","38","40930408"
"chr5","69314974","69315271","chrX","43662320","43662619","35","25652654"
"chr5","69319840","69320136","chr5","116115777","116116067","38","46795937"
"chr5","69323025","69323321","chr4","16350054","16350344","36","52972971"
"chr5","69347925","69348236","chr2","134631831","134632142","45","65283906"
"chr5","69400652","69400945","chr6","149299474","149299765","38","79898822"
"chr5","69405760","69406060","chr5","26961498","26961795","41","42444262"
"chr5","69408507","69408809","chr2","137529273","137529568","43","68120766"
"chr5","69418914","69419223","chr4","159221657","159221968","47","89802743"
"chr5","69427833","69428122","chr15","41758838","41759130","38","27668995"
"chr5","69430526","69430833","chr3","107002450","107002753","39","37571924"
"chr5","69444891","69445217","chr9","72585809","72586125","64","3140918"
"chr5","69445682","69445972","chr4","16350054","16350344","43","53095628"
"chr5","69446017","69446327","chr19","13566027","13566332","45","55879990"
"chr5","69448000","69448294","chr10","22559240","22559536","41","46888760"
"chr5","69450506","69450801","chr2","137488210","137488504","35","68037704"
"chr5","69460056","69460364","chr7","45344118","45344429","40","24115938"
"chr5","69486084","69486401","chr3","106655459","106655766","45","37169375"
"chr5","69487153","69487442","chr6","149299474","149299765","43","79812321"
"chr5","69508346","69508640","chr6","147894727","147895020","32","78386381"
"chr5","69517315","69517592","chr7","20613567","20613843","40","48903748"
"chr5","69523867","69524158","chr2","43412017","43412309","43","26111850"
"chr5","69537529","69537590","chr16","24522914","24522975","14","45014615"
"chr5","69542193","69542503","chr2","137400738","137401040","44","67858545"
"chr5","69561269","69561575","chr1","168595556","168595859","57","99034287"
"chr5","69562350","69562562","chr4","38114411","38114626","60","31447939"
"chr5","69562648","69562923","chrX","33892988","33893266","47","35669660"
"chr5","69576739","69577034","chrX","48721748","48722046","34","20854991"
"chr5","69584665","69584965","chr6","117236195","117236494","39","47651530"
"chr5","69592622","69592913","chr5","65031296","65031585","41","4561326"
"chr5","69597933","69598243","chr1","10143237","10143538","44","59454696"
"chr5","69605426","69605731","chr13","6970106","6970413","47","62635320"
"chr5","69614101","69614454","chr1","13171972","13172286","93","56442129"
"chr5","69619340","69619446","chr2","6818922","6819023","18","62800418"
"chr5","69619763","69619975","chr6","123640360","123640561","49","54020597"
"chr5","69625357","69625658","chr10","92853066","92853365","40","23227709"
"chr5","69645233","69645524","chr1","163381580","163381871","45","93736347"
"chr5","69648264","69648566","chr8","11282770","11283075","46","58365494"
"chr5","69907878","69908185","chr4","13590265","13590575","46","56317613"
"chr5","69910924","69911213","chr1","163381580","163381871","45","93470656"
"chr5","69918413","69918573","chrX","106480049","106480214","32","36561636"
"chr5","69918599","69918718","chr11","122103322","122103440","13","52184723"
"chr5","69930280","69930581","chr1","160343198","160343494","52","90412918"
"chr5","69950072","69950376","chr2","181522210","181522501","50","111572138"
"chr5","69955283","69955593","chr13","18393383","18393690","40","51561900"
"chr5","69980688","69980991","chr5","38171978","38172283","43","31808710"
"chr5","70023713","70024028","chr15","1415638","1415950","51","68608075"
"chr5","70030953","70031260","chr9","38076263","38076572","42","31954690"
"chr5","70032829","70033141","chr6","38889919","38890230","50","31142910"
"chr5","70035075","70035344","chr7","77046837","77047106","43","7011762"
"chr5","70045643","70045947","chr4","158511095","158511398","41","88465452"
"chr5","70047866","70048158","chrUn_GL286331","13459","13750","39","70034407"
"chr5","70059252","70059545","chr15","64769479","64769765","52","5289773"
"chr5","70071975","70072274","chr10","16033492","16033786","41","54038483"
"chr5","70088425","70088737","chrX","107827107","107827417","40","37738682"
"chr5","70092521","70092846","chr1","183250340","183250667","43","113157819"
"chr5","70093378","70093679","chr5","154831379","154831677","42","84738001"
"chr5","70095848","70096160","chr5","114232117","114232428","42","44136269"
"chr5","70115505","70115794","chr2","11710590","11710879","42","58404915"
"chr5","70120547","70120856","chr15","20913964","20914267","41","49206583"
"chr5","70126768","70126980","chr6","123640360","123640561","49","53513592"
"chr5","70127297","70127403","chr2","6818922","6819023","18","63308375"
"chr5","70137184","70137494","chr10","34930064","34930372","46","35207120"
"chr5","70162572","70162874","chr9","112150895","112151188","40","41988323"
"chr5","70167772","70168076","chr2","181522210","181522501","50","111354438"
"chr5","70187546","70187863","chr1","160343198","160343494","59","90155652"
"chr5","70199404","70199709","chr17","24906552","24906856","51","45292852"
"chr5","70206909","70207200","chr1","163381580","163381871","45","93174671"
"chr5","70209954","70210256","chr8","11282770","11283075","46","58927184"
"chr5","70224959","70225250","chr1","163381580","163381871","45","93156621"
"chr5","70228004","70228306","chr8","11282770","11283075","46","58945234"
"chr5","70416416","70416722","chr1","168595556","168595859","56","98179140"
"chr5","70417499","70417711","chr4","38114411","38114626","61","32303088"
"chr5","70417797","70418072","chrX","33892988","33893266","47","36524809"
"chr5","70431882","70432177","chrX","48721748","48722046","34","21710134"
"chr5","70439831","70440129","chr6","117236195","117236494","40","46796364"
"chr5","70447777","70448068","chr5","65031296","65031585","41","5416481"
"chr5","70453077","70453387","chr1","10143237","10143538","44","60309840"
"chr5","70460570","70460875","chr13","6970106","6970413","47","63490464"
"chr5","70469242","70469595","chr1","13171972","13172286","93","57297270"
"chr5","70474481","70474587","chr2","6818922","6819023","18","63655559"
"chr5","70474904","70475116","chr6","123640360","123640561","49","53165456"
"chr5","70481016","70481325","chr15","20913964","20914267","41","49567052"
"chr5","70500069","70500359","chr1","163381580","163381871","45","92881511"
"chr5","70503101","70503403","chr8","11282770","11283075","46","59220331"
"chr5","70521361","70521651","chr1","163381580","163381871","45","92860219"
"chr5","70524380","70524684","chr11","108993011","108993317","44","38468631"
"chr5","70782944","70783252","chr4","13590265","13590575","46","57192679"
"chr5","70785975","70786264","chr1","163381580","163381871","45","92595605"
"chr5","70793463","70793623","chrX","106480049","106480214","32","35686586"
"chr5","70793650","70793769","chr11","122103322","122103440","13","51309672"
"chr5","70805329","70805630","chr1","160343198","160343494","52","89537869"
"chr5","70825140","70825444","chr2","181522210","181522501","50","110697070"
"chr5","70830353","70830663","chr13","18393383","18393690","40","52436970"
"chr5","70855761","70856072","chr5","38171978","38172283","48","32683783"
"chr5","70899131","70899446","chr15","1415638","1415950","51","69483493"
"chr5","70906372","70906679","chr9","38076263","38076572","42","32830109"
"chr5","70908248","70908560","chr6","38889919","38890230","50","32018329"
"chr5","70910493","70910762","chr7","77046837","77047106","43","6136344"
"chr5","70921061","70921365","chr4","158511095","158511398","41","87590034"
"chr5","70923274","70923566","chrUn_GL286331","13459","13750","37","70909815"
"chr5","70934676","70934969","chr15","64769479","64769765","52","6165197"
"chr5","70947400","70947699","chr10","16033492","16033786","41","54913908"
"chr5","70963879","70964184","chr14","32426777","32427083","39","38537102"
"chr5","70967968","70968291","chr1","183250340","183250667","43","112282372"
"chr5","70968823","70969124","chr5","154831379","154831677","42","83862556"
"chr5","70971292","70971604","chr5","114232117","114232428","42","43260825"
"chr5","70990978","70991267","chr2","11710590","11710879","42","59280388"
"chr5","70995991","70996300","chr15","20913964","20914267","41","50082027"
"chr5","71002182","71002401","chr3","142435413","142435632","55","71433231"
"chr5","71002716","71002822","chr2","6818922","6819023","18","64183794"
"chr5","71007710","71008063","chr1","13171972","13172286","93","57835738"
"chr5","71014104","71014358","chr14","3719987","3720247","41","67294117"
"chr5","71022143","71022448","chr13","6970106","6970413","47","64052037"
"chr5","71029636","71029946","chr1","10143237","10143538","44","60886399"
"chr5","71042913","71043213","chr6","117236195","117236494","39","46193282"
"chr5","71050850","71051146","chrX","48721748","48722046","33","22329102"
"chr5","71064972","71065247","chrX","33892988","33893266","47","37171984"
"chr5","71065333","71065545","chr4","38114411","38114626","61","32950922"
"chr5","71066322","71066628","chr1","168595556","168595859","56","97529234"
"chr5","71085393","71085703","chr2","137400738","137401040","44","66315345"
"chr5","71090304","71090365","chr16","24522914","24522975","14","46567390"
"chr5","71096652","71096962","chrX","107827107","107827417","39","36730455"
"chr5","71100741","71101064","chr1","183250340","183250667","43","112149599"
"chr5","71101596","71101897","chr5","154831379","154831677","42","83729783"
"chr5","71103309","71103427","chr2","81246009","81246125","21","10142700"
"chr5","71115860","71116149","chr2","11710590","11710879","42","59405270"
"chr5","71120875","71121184","chr15","20913964","20914267","41","50206911"
"chr5","71127079","71127297","chr6","123640360","123640561","54","52513281"
"chr5","71127614","71127720","chr2","6818922","6819023","18","64308692"
"chr5","71137498","71137808","chr10","34930064","34930372","45","36207434"
"chr5","71162935","71163210","chr10","101732804","101733077","36","30569869"
"chr5","71168115","71168272","chr7","19466300","19466459","34","51701815"
"chr5","71168316","71168435","chr19","27203151","27203268","13","43965165"
"chr5","71187938","71188255","chr1","160343198","160343494","59","89155260"
"chr5","71199792","71200095","chr5","44394384","44394690","52","26805408"
"chr5","71207299","71207589","chr1","163381580","163381871","45","92174281"
"chr5","71210321","71210626","chr11","108993011","108993317","44","37782690"
"chr5","71225328","71225617","chr1","163381580","163381871","45","92156252"
"chr5","71228346","71228652","chr11","108993011","108993317","44","37764665"
"chr5","71413959","71414257","chr9","11967801","11968108","55","59446158"
"chr5","71419859","71420165","chr6","17068239","17068542","48","54351620"
"chr5","71453346","71453653","chr8","45536010","45536315","51","25917336"
"chr5","71454414","71454707","chr5","2532160","2532447","45","68922254"
"chr5","71457308","71457612","chr5","127340583","127340893","49","55883275"
"chr5","71469146","71469439","chr5","75080426","75080719","40","3611280"
"chr5","71469613","71469842","chr10","17322075","17322297","42","54147538"
"chr5","71470141","71470228","chr7","65665135","65665220","12","5805006"
"chr5","71479942","71480111","chrX","106480049","106480214","30","35000107"
"chr5","71480434","71480569","chr2","2261829","2261964","16","69218605"
"chr5","71480571","71480864","chr14","36994514","36994806","39","34486057"
"chr5","71488135","71488426","chr2","137134624","137134915","31","65646489"
"chr5","71507956","71508263","chr7","90171236","90171541","46","18663280"
"chr5","71526686","71526985","chr7","103328929","103329224","42","31802243"
"chr5","71530225","71530543","chr7","57292095","57292411","57","14238130"
"chr5","71545324","71545629","chr1","137129532","137129843","49","65584208"
"chr5","71558872","71559174","chr6","17068239","17068542","41","54490633"
"chr5","71572947","71573255","chr11","64363135","64363445","37","7209812"
"chr5","71592099","71592412","chr3","106655459","106655766","42","35063360"
"chr5","71594899","71595189","chr6","116190747","116191038","40","44595848"
"chr5","71599086","71599394","chr19","6037738","6038039","36","65561348"
"chr5","71614485","71614783","chr4","156698023","156698319","43","85083538"
"chr5","71624683","71624993","chr13","18393383","18393690","43","53231300"
"chr5","71628924","71629233","chr2","35182296","35182603","46","36446628"
"chr5","71636426","71636699","chr9","44537673","44537953","46","27098753"
"chr5","71650449","71650639","chrX","128210614","128210799","39","56560165"
"chr5","71650949","71651078","chr1","108326226","108326361","13","36675277"
"chr5","71657435","71657726","chr9","84968584","84968874","44","13311149"
"chr5","71665383","71665670","chr15","20770296","20770585","46","50895087"
"chr5","71703347","71703653","chr6","104409780","104410085","44","32706433"
"chr5","71756624","71756901","chr11","97727292","97727572","31","25970668"
"chr5","71819254","71819386","chr1","201630212","201630345","14","129810958"
"chr5","71857633","71857942","chr20","22923582","22923882","49","48934051"
"chr5","72015801","72016106","chr8","49122250","49122545","53","22893551"
"chr5","72146959","72147268","chr2","136416154","136416456","42","64269195"
"chr5","72178008","72178302","chr7","113470784","113471078","31","41292776"
"chr5","72212639","72212834","chrX","47514970","47515166","23","24697669"
"chr5","72220239","72220548","chr3","106655459","106655766","35","34435220"
"chr5","72249408","72249697","chr22","4577957","4578244","39","67671451"
"chr5","72324927","72325222","chr7","4838284","4838577","35","67486643"
"chr5","72341204","72341338","chr11","63186025","63186149","19","9155179"
"chr5","72347404","72347701","chr2","136204948","136205252","45","63857544"
"chr5","72360672","72360986","chr2","136191253","136191575","39","63830581"
"chr5","72382529","72382839","chr22","40503125","40503432","40","31879404"
"chr5","72462508","72462846","chr13","18130900","18131229","65","54331608"
"chr5","72487926","72488228","chr9","99776089","99776389","45","27288163"
"chr5","72532971","72533278","chr2","136009631","136009945","51","63476660"
"chr5","72702569","72702857","chr6","149299474","149299765","47","76596905"
"chr5","72747203","72747411","chr13","114991378","114991584","34","42244175"
"chr5","72763326","72763615","chr5","63326522","63326817","53","9436804"
"chr5","72843312","72843626","chr5","2080907","2081217","46","70762405"
"chr5","72862640","72862947","chr11","66981130","66981438","44","5881510"
"chr5","72863482","72863756","chr5","114311908","114312186","46","41448426"
"chr5","72870980","72871276","chr8","94578308","94578601","44","21707328"
"chr5","72879906","72880204","chrX","141738821","141739114","46","68858915"
"chr5","72889059","72889356","chr5","94234310","94234606","36","21345251"
"chr5","72894140","72894240","chr8","94213670","94213767","20","21319530"
"chr5","72905613","72905915","chr20","22923582","22923882","43","49982031"
"chr5","72915965","72916119","chr9","43291243","43291387","35","29624722"
"chr5","72916153","72916280","chr3","1587609","1587720","29","71328544"
"chr5","72924987","72925300","chr1","168595556","168595859","44","95670569"
"chr5","72945566","72945864","chr9","65621114","65621411","37","7324452"
"chr5","72948093","72948398","chr2","135533327","135533634","39","62585234"
"chr5","72948725","72949020","chr6","147894727","147895020","30","74946002"
"chr5","72967622","72967919","chr5","38614488","38614784","41","34353134"
"chr5","72995260","72995546","chr9","107280416","107280711","43","34285156"
"chr5","73003762","73004073","chr3","65696486","65696790","43","7307276"
"chr5","73011629","73011925","chr17","34551820","34552118","44","38459809"
"chr5","73039646","73039959","chr2","135439486","135439790","47","62399840"
"chr5","73051559","73051869","chr22","28997304","28997607","50","44054255"
"chr5","73083612","73083912","chr6","132370017","132370315","41","59286405"
"chr5","73093231","73093523","chr6","93359075","93359367","44","20265844"
"chr5","73163679","73163995","chr10","90431710","90432016","46","17268031"
"chr5","73188430","73188733","chr9","101796262","101796572","51","28607832"
"chr5","73194552","73194832","chr18","12524666","12524946","36","60669886"
"chr5","73202541","73202805","chr2","135274915","135275185","46","62072374"
"chr5","73219207","73219513","chr2","17712441","17712762","60","55506766"
"chr5","73302627","73302743","chr6","134795845","134795964","19","61493218"
"chr5","73335229","73335568","chr17","54268547","54268882","61","19066682"
"chr5","73462475","73462755","chr1","90771836","90772117","39","17309361"
"chr5","73488444","73488742","chr2","134959057","134959359","47","61470613"
"chr5","73494083","73494201","chr2","14577075","14577195","14","58917008"
"chr5","73514962","73515272","chr18","39712282","39712591","46","33802680"
"chr5","73518113","73518400","chr2","56700759","56701042","35","16817354"
"chr5","73539254","73539546","chr5","52498828","52499124","47","21040426"
"chr5","73551285","73551560","chr12","115669075","115669351","46","42117790"
"chr5","73553770","73554069","chr6","17068239","17068542","43","56485531"
"chr5","73557795","73558061","chr9","40913684","40913950","36","32644111"
"chr5","73562009","73562316","chr5","35735021","35735325","41","37826988"
"chr5","73581055","73581350","chr15","65004934","65005231","47","8576121"
"chr5","73595099","73595405","chr3","21055528","21055838","45","52539571"
"chr5","73602914","73603199","chr9","1932661","1932946","38","71670253"
"chr5","73612096","73612390","chr9","115637925","115638221","34","42025829"
"chr5","73617007","73617326","chr4","139462780","139463091","47","65845773"
"chr5","73681533","73681825","chr2","134763371","134763664","37","61081838"
"chr5","73710713","73711003","chr10","8026640","8026929","47","65684073"
"chr5","73717872","73718171","chr2","134716287","134716579","50","60998415"
"chr5","73758547","73758819","chr22","6936307","6936585","41","66822240"
"chr5","73762174","73762480","chr7","106080561","106080866","34","32318387"
"chr5","73798806","73799098","chr19","31817790","31818080","42","41981016"
"chr5","73808970","73809219","chr2","134622428","134622667","30","60813458"
"chr5","73841424","73841728","chr2","134586108","134586408","44","60744684"
"chr5","73869625","73869914","chr6","59828671","59828961","36","14040954"
"chr5","73891540","73891824","chr5","298020","298303","47","73593520"
"chr5","74024881","74025191","chr3","106655459","106655766","38","32630578"
"chr5","74092092","74092386","chr2","134332618","134332908","35","60240526"
"chr5","74166920","74167203","chr5","31371357","31371639","40","42795563"
"chr5","74263161","74263462","chr11","74360467","74360765","44","97306"
"chr5","74326312","74326597","chr3","80959478","80959762","38","6633166"
"chr5","74443202","74443507","chr10","117620910","117621216","38","43177708"
"chr5","74446169","74446473","chr2","133970498","133970799","47","59524329"
"chr5","74471767","74472079","chr1","195333564","195333873","63","120861797"
"chr5","74503389","74503555","chr4","34157283","34157451","38","40346106"
"chr5","74503952","74504098","chr16","8771096","8771239","18","65732856"
"chr5","74516832","74517145","chr14","19594652","19594963","41","54922180"
"chr5","74575239","74575547","chr7","29046606","29046908","43","45528633"
"chr5","74591199","74591529","chrX","8814749","8815067","51","65776450"
"chr5","74655313","74655634","chr22","41857491","41857814","60","32797822"
"chr5","74676486","74676770","chr2","8798514","8798801","44","65877972"
"chr5","74679519","74679825","chr6","17068239","17068542","41","57611280"
"chr5","74690368","74690699","chr2","133713298","133713608","58","59022930"
"chr5","74694698","74694988","chr2","133709048","133709335","35","59014350"
"chr5","74695559","74695863","chr1","184817871","184818171","38","110122312"
"chr5","74698907","74699200","chr5","60529593","60529894","43","14169314"
"chr5","74748589","74748865","chr11","97162087","97162366","39","22413498"
"chr5","74753316","74753610","chr10","16033492","16033786","36","58719824"
"chr5","74764779","74765085","chr22","40503125","40503432","37","34261654"
"chr5","74836666","74836958","chr2","133571098","133571394","37","58734432"
"chr5","74883831","74883960","chr9","108604835","108604967","13","33721004"
"chr5","74884494","74884775","chr3","45152244","45152520","32","29732250"
"chr5","74898581","74898883","chr7","19310248","19310549","42","55588333"
"chr5","74902400","74902704","chr12","9386693","9386994","44","65515707"
"chr5","74914928","74915214","chr6","13168853","13169146","38","61746075"
"chr5","74956910","74957208","chr7","45934534","45934834","44","29022376"
"chr5","74989249","74989544","chr4","156698023","156698319","34","81708774"
"chr5","75200287","75200597","chr9","11967801","11968108","38","63232486"
"chr5","75200631","75200936","chr6","17068239","17068542","33","58132392"
"chr5","75233048","75233362","chr5","43400841","43401151","46","31832207"
"chr5","75233634","75233927","chrX","106830287","106830578","42","31596653"
"chr5","75243700","75243993","chr6","4245255","4245549","36","70998445"
"chr5","75261067","75261378","chr2","162172264","162172572","41","86911197"
"chr5","75301467","75301768","chr7","6894852","6895150","44","68406615"
"chr5","75322490","75322791","chr6","17068239","17068542","36","58254251"
"chr5","75332892","75333024","chr5","45970665","45970796","20","29362227"
"chr5","75333387","75333500","chr5","110026400","110026508","29","34693013"
"chr5","75346029","75346313","chr2","133036473","133036758","47","57690444"
"chr5","75355987","75356293","chr2","13941060","13941364","41","61414927"
"chr5","75395581","75395879","chr22","32856560","32856853","46","42539021"
"chr5","75456387","75456690","chr18","39712282","39712591","62","35744105"
"chr5","75467361","75467667","chr9","96783749","96784054","41","21316388"
"chr5","75505005","75505285","chr1","155212816","155213100","38","79707811"
"chr5","75505318","75505331","chr5","92524075","92524085","3","17018757"
"chr5","75533985","75534282","chr16","61261331","61261629","34","14272654"
"chr5","75544366","75544641","chrX","18828260","18828542","42","56716106"
"chr5","75557786","75558088","chr5","2298333","2298635","51","73259453"
"chr5","75598960","75599248","chr2","132780407","132780709","48","57181447"
"chr5","75631824","75632136","chr5","6368537","6368846","46","69263287"
"chr5","75638657","75638782","chr4","35313786","35313908","26","40324871"
"chr5","75732030","75732288","chrX","39387728","39387995","47","36344302"
"chr5","75748467","75748770","chr2","61800729","61801029","42","13947738"
"chr5","75758773","75759082","chr10","21056013","21056320","44","54702760"
"chr5","75807494","75807802","chrX","35289377","35289681","39","40518117"
"chr5","76017302","76017577","chr15","33919172","33919446","44","42098130"
"chr5","76107582","76107866","chr2","132245620","132245900","35","56138038"
"chr5","76141543","76141882","chr15","62836485","62836818","56","13305058"
"chr5","76248624","76248918","chr5","26961498","26961795","39","49287126"
"chr5","76266202","76266505","chr12","12071873","12072177","36","64194329"
"chr5","76328770","76329056","chr2","31276923","31277210","39","45051847"
"chr5","76330845","76331157","chr17","649311","649619","51","75681534"
"chr5","76354645","76354954","chr12","27257719","27258031","47","49096926"
"chr5","76393758","76394049","chr5","106897987","106898285","45","30504229"
"chr5","76399705","76399834","chr4","43319843","43319972","15","33079862"
"chr5","76408810","76409090","chrX","18828260","18828542","47","57580550"
"chr5","76409242","76409546","chr13","31331915","31332215","36","45077327"
"chr5","76415660","76415958","chr2","131928796","131929090","41","55513136"
"chr5","76417587","76417880","chr10","112929099","112929397","50","36511512"
"chr5","76419332","76419637","chr12","12071873","12072177","42","64347459"
"chr5","76463836","76464135","chr17","42545319","42545613","40","33918517"
"chr5","76469400","76469703","chr5","26961498","26961795","50","49507902"
"chr5","76546154","76546446","chr10","16033492","16033786","38","60512662"
"chr5","76583875","76584171","chr1","100411075","100411372","37","23827200"
"chr5","76626263","76626569","chr13","35663090","35663393","45","40963173"
"chr5","76670983","76671277","chr11","61683952","61684244","44","14987031"
"chr5","76697362","76697644","chr2","131636429","131636716","35","54939067"
"chr5","76706360","76706647","chr16","32177091","32177378","42","44529269"
"chr5","76713139","76713452","chr5","76241670","76241978","45","471469"
"chr5","76722671","76722967","chrX","43751675","43751976","34","32970996"
"chr5","76726108","76726250","chr5","94414855","94414997","18","17688747"
"chr5","76726552","76726709","chr10","27469878","27470033","27","49256674"
"chr5","76740622","76740913","chr2","131587028","131587326","40","54846406"
"chr5","76745268","76745560","chr5","94234310","94234606","39","17489042"
"chr5","76748888","76749199","chr12","33299560","33299868","43","43449328"
"chr5","76760446","76760740","chr12","100785810","100786105","39","24025364"
"chr5","76762210","76762511","chr2","18780256","18780558","41","57981954"
"chr5","76775253","76775553","chr22","28997304","28997607","39","47777949"
"chr5","76809617","76809898","chrUn_GL286397","204143","204413","48","76605474"
"chr5","76814879","76815166","chr11","82257931","82258225","39","5443052"
"chr5","76823371","76823678","chr12","87290615","87290915","51","10467244"
"chr5","76828834","76829129","chr4","16350054","16350344","36","60478780"
"chr5","76858839","76859117","chr8","94447184","94447461","48","17588345"
"chr5","76868624","76868922","chr2","31372053","31372354","42","45496571"
"chr5","76869737","76870037","chr2","131460069","131460366","39","54590332"
"chr5","76873312","76873597","chr3","64780939","64781231","41","12092373"
"chr5","76876372","76876663","chr10","45839169","45839455","42","31037203"
"chr5","76887396","76887697","chr13","18393383","18393690","39","58494013"
"chr5","76921706","76922014","chr22","15341421","15341725","43","61580285"
"chr5","76925686","76925986","chr16","27361913","27362210","46","49563773"
"chr5","76948044","76948350","chr6","141003358","141003658","43","64055314"
"chr5","76957878","76958182","chr5","47854845","47855147","40","29103033"
"chr5","76961740","76962047","chrX","17643801","17644105","45","59317939"
"chr5","76966961","76967270","chr3","106655459","106655766","51","29688498"
"chr5","76969935","76970244","chr5","127340583","127340893","47","50370648"
"chr5","76974012","76974316","chr9","44537673","44537953","52","32436339"
"chr5","76975521","76975826","chr19","38640517","38640819","38","38335004"
"chr5","77048340","77048649","chr2","131332475","131332786","32","54284135"
"chr5","77096000","77096282","chrX","47430025","47430309","47","29665975"
"chr5","77109928","77110238","chr7","57292095","57292411","55","19817833"
"chr5","77116225","77116541","chr1","168595556","168595859","48","91479331"
"chr5","77117913","77118246","chr18","32536571","32536882","62","44581342"
"chr5","77202637","77202899","chr14","46501427","46501710","54","30701210"
"chr5","77490111","77490263","chr6","46131573","46131722","22","31358538"
"chr5","77534439","77534734","chr14","83739394","83739686","38","6204955"
"chr5","77556096","77556403","chr3","106655459","106655766","43","29099363"
"chr5","77615708","77616017","chr7","96977213","96977512","46","19361505"
"chr5","77618371","77618672","chr1","10143237","10143538","37","67475134"
"chr5","77655113","77655405","chr1","65233227","65233518","43","12421886"
"chr5","77664414","77664686","chr4","34845790","34846071","47","42818624"
"chr5","77678651","77678942","chr5","79752580","79752868","41","2073929"
"chr5","77752427","77752531","chr5","110026400","110026508","23","32273973"
"chr5","77752858","77752992","chr12","27626025","27626157","21","50126833"
"chr5","77753786","77754055","chr1","138060195","138060467","37","60306409"
"chr5","77834927","77835240","chr1","168595556","168595859","43","90760629"
"chr5","77880305","77880614","chr1","137129532","137129843","43","59249227"
"chr5","77897710","77898016","chr2","130441914","130442224","40","52544204"
"chr5","77899805","77900104","chr2","77819708","77820002","38","80097"
"chr5","77907288","77907590","chr2","36258162","36258457","43","41649126"
"chr5","77916950","77917245","chr8","94578308","94578601","39","16661358"
"chr5","77925941","77926245","chr4","15569731","15570029","50","62356210"
"chr5","77936929","77937231","chr2","18360128","18360420","51","59576801"
"chr5","77954913","77955197","chr7","60669448","60669733","47","17285465"
"chr5","77973880","77974198","chr5","792990","793306","55","77180890"
"chr5","78024562","78024862","chr6","17068239","17068542","33","60956323"
"chr5","78045100","78045410","chr14","60435327","60435639","49","17609773"
"chr5","78126223","78126533","chr13","31331915","31332215","37","46794308"
"chr5","78138706","78138990","chr13","95665824","95666115","41","17527118"
"chr5","78143732","78144019","chr7","45351199","45351483","42","32792533"
"chr5","78211998","78212308","chr1","168595556","168595859","44","90383558"
"chr5","78292875","78293178","chr3","152941248","152941549","35","74648373"
"chr5","78298713","78299010","chr6","132370017","132370315","36","54071304"
"chr5","78302377","78302671","chr20","29549977","29550272","41","48752400"
"chr5","78330196","78330460","chr1","176970171","176970443","36","98639975"
"chr5","78346441","78346746","chr1","168595556","168595859","42","90249115"
"chr5","78357532","78357834","chr7","145693234","145693534","36","67335702"
"chr5","78366135","78366443","chr10","117620910","117621216","43","39254775"
"chr5","78403685","78403980","chr2","59774655","59774949","43","18629030"
"chr5","78460868","78461146","chr2","129829245","129829531","51","51368377"
"chr5","78531928","78532223","chr7","25395929","25396223","34","53135999"
"chr5","78563414","78563717","chr9","111187673","111187975","43","32624259"
"chr5","78566470","78566756","chr4","168156555","168156848","37","89590085"
"chr5","78631654","78631965","chr7","58166645","58166955","41","20465009"
"chr5","78643779","78644081","chr5","84240183","84240482","37","5596404"
"chr5","78652735","78653050","chr17","54268547","54268882","68","24384188"
"chr5","78662065","78662369","chr21","35124834","35125128","50","43537231"
"chr5","78664877","78665173","chr5","26961498","26961795","33","51703379"
"chr5","78697171","78697481","chr6","119827925","119828231","43","41130754"
"chr5","78697679","78697984","chr3","92279326","92279632","42","13581647"
"chr5","78701321","78701639","chr3","178036973","178037282","49","99335652"
"chr5","78704406","78704704","chr6","17068239","17068542","46","61636167"
"chr5","78732633","78732925","chr14","76706016","76706302","45","2026617"
"chr5","78734695","78734820","chr7","88152152","88152275","13","9417457"
"chr5","78738333","78738595","chr22","13736993","13737261","52","65001340"
"chr5","78752722","78753022","chr11","16209591","16209894","34","62543131"
"chr5","78768814","78769107","chr2","186812836","186813132","49","108044022"
"chr5","78777572","78777871","chr12","110699815","110700119","37","31922243"
"chr5","78787139","78787235","chr22","19880191","19880298","21","58906948"
"chr5","78800036","78800337","chrX","48365157","48365458","39","30434879"
"chr5","78817864","78818147","chr9","44537673","44537953","42","34280191"
"chr5","78875675","78875967","chr4","22365048","22365343","42","56510627"
"chr5","78904678","78904989","chr3","106655459","106655766","38","27750781"
"chr5","78936130","78936423","chr6","147894727","147895020","40","68958597"
"chr5","79001162","79001461","chr3","94762904","94763199","39","15761742"
"chr5","79064756","79065049","chr6","116986075","116986368","39","37921319"
"chr5","79065209","79065511","chrX","16692831","16693132","47","62372378"
"chr5","79067921","79068217","chr2","129182403","129182693","38","50114482"
"chr5","79129881","79130183","chr6","142069207","142069492","58","62939326"
"chr5","79132501","79132789","chr22","8738357","8738648","39","70394144"
"chr5","79146738","79147044","chr6","17068239","17068542","38","62078499"
"chr5","79163366","79163662","chr10","14603732","14604030","41","64559634"
"chr5","79165376","79165658","chr13","68600472","68600753","38","10564904"
"chr5","79197758","79198046","chr7","63062538","63062830","43","16135220"
"chr5","79199108","79199417","chr22","28582730","28583032","41","50616378"
"chr5","79207213","79207494","chr2","129043432","129043715","42","49836219"
"chr5","79207644","79207933","chr5","37768841","37769133","46","41438803"
"chr5","79212890","79213188","chr4","21718170","21718470","31","57494720"
"chr5","79213499","79213804","chr15","21202176","21202482","52","58011323"
"chr5","79214804","79215109","chr1","27883875","27884177","33","51330929"
"chr5","79216814","79217072","chr20","28034081","28034338","41","51182733"
"chr5","79222957","79223211","chr2","129027642","129027889","39","49804685"
"chr5","79231721","79232018","chr10","14603732","14604030","40","64627989"
"chr5","79234258","79234554","chr10","16033492","16033786","39","63200766"
"chr5","79257769","79258062","chr18","27223580","27223870","37","52034189"
"chr5","79261755","79261924","chr5","93153854","93154023","21","13892099"
"chr5","79274397","79274705","chr19","26467351","26467655","46","52807046"
"chr5","79276133","79276418","chrUn_GL288700","6268","6551","37","79269865"
"chr5","79305170","79305461","chr7","7386371","7386664","40","71918799"
"chr5","79307743","79308036","chr12","106941951","106942238","39","27634208"
"chr5","79310058","79310360","chr3","106655459","106655766","43","27345401"
"chr5","79320344","79320610","chr10","5497465","5497725","50","73822879"
"chr5","79328102","79328407","chr3","2808599","2808903","37","76519503"
"chr5","79346163","79346462","chr10","127954939","127955242","47","48608776"
"chr5","79356013","79356313","chr2","128850847","128851147","43","49494834"
"chr5","79363810","79364104","chr10","14603732","14604030","44","64760078"
"chr5","79376954","79377265","chr9","91776812","91777118","43","12399858"
"chr5","79381603","79381908","chr1","202849760","202850061","46","123468157"
"chr5","79409151","79409452","chrX","47176701","47177007","49","32232450"
"chr5","79421945","79422248","chr4","15705730","15706030","40","63716215"
"chr5","79429083","79429385","chr8","94578308","94578601","61","15149225"
"chr5","79431049","79431316","chr4","106189513","106189789","40","26758464"
"chr5","79433283","79433590","chr5","2508969","2509278","52","76924314"
"chr5","79461918","79462224","chr5","60529593","60529894","38","18932325"
"chr5","79496783","79497089","chr11","20691935","20692246","42","58804848"
"chr5","79503251","79503554","chr13","15437236","15437540","45","64066015"
"chr5","79504996","79505264","chr5","3523907","3524187","54","75981089"
"chr5","79516420","79516734","chr5","40288348","40288656","47","39228072"
"chr5","79535134","79535280","chr1","137064053","137064200","20","57528919"
"chr5","79539520","79539655","chr9","39456312","39456442","14","40083208"
"chr5","79539969","79540129","chr10","100550541","100550700","25","21010572"
"chr5","79540713","79541025","chr2","128654248","128654558","44","49113535"
"chr5","79559073","79559375","chr2","138937103","138937408","47","59378030"
"chr5","79560036","79560222","chrX","60253910","60254094","28","19306126"
"chr5","79572284","79572583","chr3","19707105","19707399","39","59865179"
"chr5","79605822","79606126","chr12","79143458","79143759","42","462364"
"chr5","79639975","79640271","chr2","128569561","128569853","32","48929586"
"chr5","79671394","79671708","chr16","38005025","38005333","42","41666369"
"chr5","79698875","79699187","chr3","106655459","106655766","46","26956584"
"chr5","79700963","79701258","chr8","105461395","105461716","64","25760432"
"chr5","79709677","79709988","chrX","51938318","51938628","44","27771359"
"chr5","79712205","79712512","chr1","188105254","188105557","50","108393049"
"chr5","79722395","79722698","chr1","168595556","168595859","41","88873161"
"chr5","79725622","79725921","chr6","17068239","17068542","50","62657383"
"chr5","79757949","79758248","chr5","94234310","94234606","36","14476361"
"chr5","79791439","79791733","chr22","28997304","28997607","36","50794135"
"chr5","79825347","79825659","chr5","79911774","79912081","45","86427"
"chr5","79849105","79849403","chr20","21003572","21003866","54","58845533"
"chr5","79877307","79877432","chr16","77000001","77000126","11","2877306"
"chr5","79899223","79899357","chr8","105529389","105529524","15","25630166"
"chr5","79943798","79944114","chr1","168595556","168595859","42","88651758"
"chr5","79948460","79948720","chr7","76962950","76963202","47","2985510"
"chr5","79995843","79996153","chr5","120937431","120937727","55","40941588"
"chr5","80074627","80074878","chr2","128147134","128147398","38","48072507"
"chr5","80084277","80084552","chr6","116794884","116795157","46","36710607"
"chr5","80093082","80093370","chr2","128128095","128128398","43","48035013"
"chr5","80100087","80100383","chr7","102724756","102725053","38","22624669"
"chr5","80109185","80109480","chr1","172257719","172258009","55","92148534"
"chr5","80114372","80114672","chr5","38614488","38614784","38","41499884"
"chr5","80134204","80134508","chr7","58066603","58066906","38","22067601"
"chr5","80136854","80137169","chr11","125799128","125799440","54","45662274"
"chr5","80142288","80142488","chr11","13974682","13974885","31","66167606"
"chr5","80162846","80163154","chr3","106183401","106183690","61","26020555"
"chr5","80196685","80196971","chr3","182146154","182146435","52","101949469"
"chr5","80200812","80201096","chr2","80644634","80644911","36","443822"
"chr5","80229060","80229322","chrY","1998751","1999014","35","78230309"
"chr5","80230189","80230466","chr2","127978425","127978702","42","47748236"
"chr5","80242336","80242471","chr3","258844","258974","16","79983492"
"chr5","80242774","80242926","chr2","14289663","14289811","34","65953111"
"chr5","80263690","80263843","chr2","14289663","14289811","24","65974027"
"chr5","80264447","80264589","chr14","53127674","53127810","24","27136773"
"chr5","80270742","80271035","chr11","15686953","15687243","44","64583789"
"chr5","80272377","80272685","chr18","10830546","10830857","44","69441831"
"chr5","80280438","80280610","chrX","106480049","106480214","30","26199611"
"chr5","80280906","80281051","chrX","90248590","90248732","18","9967684"
"chr5","80283883","80284175","chr9","20122679","20122976","46","60161204"
"chr5","80287093","80287388","chr4","6898633","6898927","38","73388460"
"chr5","80338791","80339070","chr19","28847007","28847290","43","51491784"
"chr5","80344979","80345090","chr7","25044378","25044491","17","55300601"
"chr5","80360172","80360465","chr15","5688723","5689022","36","74671449"
"chr5","80375873","80376166","chr18","5141985","5142278","40","75233888"
"chr5","80376292","80376594","chr1","193266464","193266759","41","112890172"
"chr5","80380573","80380881","chrX","122774008","122774319","42","42393435"
"chr5","80380922","80381241","chr7","10134276","10134592","58","70246646"
"chr5","80424467","80424761","chr5","31379117","31379409","39","49045350"
"chr5","80427693","80427996","chrY","2468652","2468956","51","77959041"
"chr5","80442110","80442407","chr19","23783625","23783913","49","56658485"
"chr5","80450815","80451111","chr2","127771727","127772026","34","47320912"
"chr5","80484068","80484368","chr18","15735887","15736182","50","64748181"
"chr5","80485942","80486237","chr15","49359997","49360293","31","31125945"
"chr5","80487424","80487699","chr15","27957096","27957370","47","52530328"
"chr5","80507399","80507699","chr4","21718170","21718470","37","58789229"
"chr5","80517790","80518098","chr3","177773552","177773857","37","97255762"
"chr5","80520814","80521116","chr7","47489633","47489927","46","33031181"
"chr5","80527143","80527441","chr9","20806439","20806737","40","59720704"
"chr5","80553315","80553613","chr22","29825053","29825352","38","50728262"
"chr5","80554240","80554521","chr2","49330876","49331163","39","31223364"
"chr5","80570934","80571247","chr5","2508969","2509278","44","78061965"
"chr5","80571680","80571970","chr2","127639141","127639429","40","47067461"
"chr5","80578532","80578801","chrX","47457185","47457449","51","33121347"
"chr5","80582602","80582911","chr9","91776812","91777118","42","11194210"
"chr5","80598502","80598812","chr3","106655459","106655766","49","26056957"
"chr5","80599430","80599732","chr10","47008299","47008603","47","33591131"
"chr5","80670839","80671137","chr2","127537794","127538092","38","46866955"
"chr5","80686298","80686565","chr2","39255838","39256101","48","41430460"
"chr5","80693668","80693959","chr13","28388024","28388318","37","52305644"
"chr5","80700098","80700369","chr2","127495228","127495499","31","46795130"
"chr5","80702730","80703003","chr10","101732804","101733077","40","21030074"
"chr5","80711645","80711953","chr2","162172264","162172572","42","81460619"
"chr5","80730895","80731202","chr2","94752074","94752384","36","14021179"
"chr5","80783933","80784239","chr5","109893704","109894008","48","29109771"
"chr5","80795767","80795998","chr2","127376089","127376316","35","46580322"
"chr5","80805594","80805886","chr4","15705730","15706030","48","65099864"
"chr5","80835633","80835929","chr6","17068239","17068542","41","63767394"
"chr5","80887187","80887498","chrX","124381299","124381609","47","43494112"
"chr5","80887739","80888018","chr19","22748565","22748846","43","58139174"
"chr5","80972486","80972774","chrX","118749545","118749828","42","37777059"
"chr5","80980358","80980670","chr21","40584762","40585072","45","40395596"
"chr5","81008116","81008449","chrX","34517534","34517872","46","46490582"
"chr5","81102413","81102715","chrX","14791897","14792198","39","66310516"
"chr5","81151998","81152301","chr22","31660257","31660561","37","49491741"
"chr5","81199611","81199919","chr22","29825053","29825352","42","51374558"
"chr5","81215058","81215219","chr22","45941624","45941781","30","35273434"
"chr5","81217605","81217744","chr9","100751399","100751543","31","19533794"
"chr5","81218041","81218163","chr13","115047905","115048030","18","33829864"
"chr5","81284629","81284936","chr10","117620910","117621216","43","36336281"
"chr5","81342900","81343223","chr10","47337774","47338089","52","34005126"
"chr5","81354705","81354983","chr5","61640351","61640649","53","19714354"
"chr5","81360781","81361103","chr2","126786154","126786469","59","45425373"
"chr5","81415947","81416246","chr19","16997899","16998205","46","64418048"
"chr5","81444841","81445135","chr2","147684199","147684495","38","66239358"
"chr5","81463418","81463683","chr2","126695416","126695674","46","45231998"
"chr5","81481950","81482242","chr4","132407198","132407484","43","50925248"
"chr5","81519990","81520284","chr14","36994514","36994806","33","44525476"
"chr5","81587450","81587733","chr2","56700759","56701042","49","24886691"
"chr5","81664111","81664425","chr10","90431710","90432016","49","8767599"
"chr5","81679005","81679306","chr2","10406818","10407122","44","71272187"
"chr5","81698530","81698820","chr4","16350054","16350344","36","65348476"
"chr5","81738883","81739193","chr5","7574884","7575188","39","74163999"
"chr5","81859143","81859443","chr4","21718170","21718470","35","60140973"
"chr5","81913161","81913451","chr6","149299474","149299765","44","67386313"
"chr5","81917533","81917634","chr2","126236789","126236890","12","44319256"
"chr5","81927391","81927699","chr1","168595556","168595859","43","86668165"
"chr5","81931099","81931392","chr6","147894727","147895020","38","65963628"
"chr5","81937693","81938010","chr22","33981676","33981980","56","47956017"
"chr5","81966878","81967163","chr15","36618071","36618357","43","45348807"
"chr5","81967815","81968142","chr5","60529593","60529894","68","21438222"
"chr5","81986763","81987088","chr6","19550312","19550637","64","62436451"
"chr5","81988444","81988733","chr1","143540704","143540993","45","61552260"
"chr5","81992412","81992703","chr9","44828899","44829193","40","37163513"
"chr5","82012651","82012945","chr18","29057219","29057511","54","52955432"
"chr5","82075654","82075934","chr1","89810213","89810493","45","7734559"
"chr5","82077043","82077335","chr2","94047821","94048101","56","11970778"
"chr5","82147166","82147469","chr7","80047681","80047980","44","2099485"
"chr5","82186593","82186881","chr7","79564408","79564709","50","2622185"
"chr5","82189616","82189924","chr12","21516757","21517063","42","60672859"
"chr5","82282943","82283259","chr7","77675842","77676154","47","4607101"
"chr5","82464279","82464536","chr2","125678259","125678509","35","43213980"
"chr5","82554960","82555249","chr3","94762904","94763199","42","12207944"
"chr5","82643883","82644178","chr19","17553942","17554236","37","65089941"
"chr5","82916320","82916614","chr13","59154693","59154990","39","23761627"
"chr5","83046796","83047112","chr4","42695729","42696041","45","40351067"
"chr5","83067523","83067802","chr2","48151729","48151998","51","34915794"
"chr5","83080246","83080542","chr5","154831379","154831677","37","71751133"
"chr5","83087381","83087674","chr10","27869408","27869703","38","55217973"
"chr5","83116609","83116921","chr7","56596965","56597275","39","26519644"
"chr5","83162935","83163246","chr2","124907674","124907990","46","41744739"
"chr5","83165874","83166186","chrX","45395851","45396165","38","37770023"
"chr5","83166883","83167181","chr5","52498828","52499124","44","30668055"
"chr5","83233606","83233923","chr5","110862498","110862806","46","27628892"
"chr5","83302931","83303233","chr1","184817871","184818171","38","101514940"
"chr5","83394598","83394894","chr22","30202132","30202421","37","53192466"
"chr5","83649438","83649748","chr12","112769436","112769743","35","29119998"
"chr5","83656046","83656353","chr3","106655459","106655766","43","22999413"
"chr5","83664388","83664677","chr5","65031296","65031585","45","18633092"
"chr5","83771327","83771604","chr9","88723812","88724085","49","4952485"
"chr5","83807051","83807350","chr9","45396887","45397186","48","38410164"
"chr5","83835384","83835687","chr4","43696506","43696803","63","40138878"
"chr5","83904831","83905129","chr20","515212","515510","41","83389619"
"chr5","83938396","83938687","chr4","36818886","36819180","42","47119510"
"chr5","84008831","84009111","chrX","68962815","68963097","42","15046016"
"chr5","84244307","84244588","chr1","160994574","160994850","52","76750267"
"chr5","84354375","84354669","chr9","41786898","41787194","38","42567477"
"chr5","84357607","84357907","chr13","35663090","35663393","44","48694517"
"chr5","84367501","84367787","chr7","124888065","124888353","46","40520564"
"chr5","84404693","84404975","chr15","37619139","37619418","39","46785554"
"chr5","84618986","84619280","chr5","132893438","132893729","37","48274452"
"chr5","84678721","84679013","chr2","18742940","18743241","50","65935781"
"chr5","84777129","84777427","chr6","17068239","17068542","37","67708890"
"chr5","84811184","84811465","chr1","40046052","40046333","37","44765132"
"chr5","84817843","84818148","chrX","23255124","23255418","55","61562719"
"chr5","84843464","84843772","chr6","17068239","17068542","45","67775225"
"chr5","84873041","84873333","chr14","46527925","46528222","39","38345116"
"chr5","84933790","84934098","chr12","87913370","87913678","44","2979580"
"chr5","85044441","85044735","chr4","147076387","147076688","45","62031946"
"chr5","85333018","85333327","chr19","19406655","19406965","55","65926363"
"chr5","85374982","85375261","chr4","34345753","34346033","48","51029229"
"chr5","85426428","85426736","chr11","118075028","118075334","40","32648600"
"chr5","86103418","86103674","chr6","31709696","31709966","66","54393722"
"chr5","86193816","86194122","chrX","90076480","90076790","46","3882664"
"chr5","86219406","86219684","chr2","121845843","121846122","54","35626437"
"chr5","86301834","86302118","chr7","100261297","100261583","47","13959463"
"chr5","86348452","86348732","chr4","78101089","78101362","49","8247363"
"chr5","86470519","86470807","chr2","121648442","121648731","34","35177923"
"chr5","86477818","86478113","chr10","14603732","14604030","44","71874086"
"chr5","86665418","86665697","chr12","109472703","109472985","45","22807285"
"chr5","86759047","86759349","chr11","44091908","44092214","48","42667139"
"chr5","86956390","86956667","chr7","7691652","7691926","48","79264738"
"chr5","87033399","87033673","chr15","86127511","86127786","36","905888"
"chr5","87079902","87080189","chr2","121019105","121019394","38","33939203"
"chr5","87103064","87103345","chrX","17543907","17544194","46","69559157"
"chr5","87143337","87143647","chr6","17068239","17068542","42","70075098"
"chr5","87153765","87154055","chr10","69374462","69374754","42","17779303"
"chr5","87156778","87157044","chr2","120937229","120937502","64","33780451"
"chr5","87168346","87168627","chr4","11116373","11116655","42","76051973"
"chr5","87173163","87173457","chr20","22352633","22352926","37","64820530"
"chr5","87196752","87197029","chr4","37824304","37824582","44","49372448"
"chr5","87244785","87245094","chr6","17068239","17068542","50","70176546"
"chr5","87281574","87281880","chr10","117620910","117621216","43","30339336"
"chr5","87285999","87286266","chr20","7774398","7774666","45","79511601"
"chr5","87295823","87296116","chr9","100933789","100934082","43","13637966"
"chr5","87304471","87304766","chr5","26961498","26961795","42","60342973"
"chr5","87414951","87415223","chr2","120668666","120668934","39","33253715"
"chr5","87437252","87437535","chr7","46045826","46046087","63","41391426"
"chr5","87504824","87505112","chr16","92089757","92090031","40","4584933"
"chr5","87649374","87649684","chr12","66643464","66643764","45","21005910"
"chr5","87685676","87685974","chr7","63062538","63062830","43","24623138"
"chr5","87739725","87740012","chr7","100745740","100746024","52","13006015"
"chr5","87811230","87811344","chr2","171705474","171705580","27","83894244"
"chr5","87955190","87955487","chr3","106655459","106655766","43","18700269"
"chr5","88028321","88028603","chr13","113056026","113056305","41","25027705"
"chr5","88082470","88082691","chr15","11884658","11884877","38","76197812"
"chr5","88256994","88257270","chr17","34572552","34572821","56","53684442"
"chr5","88296188","88296457","chr7","153626468","153626739","50","65330280"
"chr5","88421791","88422096","chr6","17068239","17068542","38","71353552"
"chr5","88535279","88535579","chr2","119469065","119469361","35","30933786"
"chr5","88566454","88566746","chr9","39353033","39353325","37","49213421"
"chr5","88580821","88581135","chr5","50433085","50433388","57","38147736"
"chr5","88626115","88626391","chr9","96941008","96941284","49","8314893"
"chr5","88705517","88705810","chr2","119283388","119283684","49","30577871"
"chr5","88709521","88709755","chr2","119279404","119279638","34","30569883"
"chr5","88781690","88781997","chrX","51010603","51010904","37","37771087"
"chr5","88788179","88788509","chr1","165233820","165234134","49","76445641"
"chr5","88961657","88961938","chr9","112016433","112016715","39","23054776"
"chr5","88965439","88965695","chr4","153251075","153251339","48","64285636"
"chr5","89034020","89034331","chr8","80779437","80779743","44","8254583"
"chr5","89068224","89068539","chr5","94857921","94858240","51","5789697"
"chr5","89107828","89108114","chr11","61683952","61684244","44","27423876"
"chr5","89198800","89199101","chr19","49269382","49269679","50","39929418"
"chr5","89201949","89202241","chr10","46916961","46917259","41","42284988"
"chr5","89355993","89356123","chr20","388871","388999","19","88967122"
"chr5","89429540","89429827","chr5","80700303","80700590","35","8729237"
"chr5","89467294","89467612","chr7","66077660","66077969","54","23389634"
"chr5","89554895","89555197","chr9","103686028","103686312","62","14131133"
"chr5","89601872","89602174","chr5","84060312","84060619","53","5541560"
"chr5","89640269","89640568","chr2","118344174","118344472","39","28703905"
"chr5","89648666","89648950","chr14","21109543","21109821","47","68539123"
"chr5","89672649","89672953","chr5","62873228","62873533","46","26799421"
"chr5","89681485","89681774","chr8","97143744","97144032","53","7462259"
"chr5","89825649","89825955","chrUn_GL286397","681776","682076","56","89143873"
"chr5","89958412","89958554","chr5","11379048","11379182","32","78579364"
"chr5","89958586","89958759","chr12","24348367","24348543","35","65610219"
"chr5","90020042","90020339","chr5","154800624","154800924","41","64780582"
"chr5","90244394","90244522","chr10","16812714","16812842","17","73431680"
"chr5","90286664","90286962","chr2","117671961","117672248","43","27385297"
"chr5","90330792","90331009","chr5","492363","492583","34","89838429"
"chr5","90336038","90336348","chr7","30011356","30011665","38","60324682"
"chr5","90383172","90383464","chr12","14388541","14388831","37","75994631"
"chr5","90416464","90416777","chr7","42581600","42581909","54","47834864"
"chr5","90450640","90450946","chr6","17068239","17068542","40","73382401"
"chr5","90466857","90467151","chr13","9808601","9808897","51","80658256"
"chr5","90483523","90483742","chr10","93506542","93506778","40","3023019"
"chr5","90489259","90489566","chr10","117620910","117621216","47","27131651"
"chr5","90493677","90494010","chrX","34517534","34517872","60","55976143"
"chr5","90505955","90506237","chr13","100760266","100760552","46","10254311"
"chr5","90587545","90587858","chr2","192738409","192738717","44","102150864"
"chr5","90649491","90649788","chr8","3713977","3714274","40","86935514"
"chr5","90719057","90719320","chrX","105924911","105925188","54","15205854"
"chr5","90724243","90724528","chr1","186704593","186704886","42","95980350"
"chr5","90802235","90802530","chr1","182431948","182432248","44","91629713"
"chr5","90824934","90825236","chr6","17068239","17068542","45","73756695"
"chr5","90842450","90842728","chr2","8592899","8593170","44","82249551"
"chr5","90879665","90879954","chr2","56700759","56701042","42","34178906"
"chr5","91134938","91135200","chr9","108283532","108283799","39","17148594"
"chr5","91138773","91139066","chr22","28997304","28997607","40","62141469"
"chr5","91149550","91149861","chr17","42085654","42085964","42","49063896"
"chr5","91172510","91172822","chr12","22318360","22318667","39","68854150"
"chr5","91180491","91180793","chr5","94234310","94234606","50","3053819"
"chr5","91183218","91183441","chr2","116730868","116731089","23","25547650"
"chr5","91222762","91223074","chr3","106655459","106655766","41","15432697"
"chr5","91239809","91240096","chr15","37619139","37619418","42","53620670"
"chr5","91241436","91241740","chr7","49632330","49632627","43","41609106"
"chr5","91246492","91246812","chrX","8814749","8815067","50","82431743"
"chr5","91249751","91250055","chr2","44070285","44070585","52","47179466"
"chr5","91250860","91251185","chr16","71319602","71319920","56","19931258"
"chr5","91265604","91265898","chr6","147894727","147895020","40","56629123"
"chr5","91269810","91270096","chr2","141091123","141091408","47","49821313"
"chr5","91274962","91275162","chr10","118972376","118972577","45","27697414"
"chr5","91275357","91275680","chr11","31303982","31304298","41","59971375"
"chr5","91276471","91276761","chr2","116632318","116632602","43","25355847"
"chr5","91283178","91283479","chr2","116626070","116626372","39","25342892"
"chr5","91296215","91296524","chr6","17068239","17068542","40","74227976"
"chr5","91299317","91299630","chr2","116610361","116610666","51","25311044"
"chr5","91300874","91301177","chr11","42920256","42920567","35","48380618"
"chr5","91301185","91301308","chrX","248315","248444","29","91052870"
"chr5","91308274","91308569","chr20","28691192","28691484","35","62617082"
"chr5","91308788","91309086","chr12","9396909","9397202","45","81911879"
"chr5","91315562","91315853","chr5","38416613","38416901","51","52898949"
"chr5","91316526","91316804","chr10","29071460","29071750","51","62245066"
"chr5","91320393","91320509","chr15","7251952","7252067","18","84068441"
"chr5","91337536","91337824","chr1","41764979","41765271","36","49572557"
"chr5","91338165","91338473","chr10","127954939","127955242","38","36616774"
"chr5","91342400","91342688","chr13","57414367","57414663","48","33928033"
"chr5","91355945","91356250","chr6","17068239","17068542","43","74287706"
"chr5","91385618","91385912","chr4","16350054","16350344","40","75035564"
"chr5","91387790","91388043","chr14","41843224","41843476","51","49544566"
"chr5","91398604","91398908","chr22","28997304","28997607","39","62401300"
"chr5","91401612","91401893","chr4","16350054","16350344","42","75051558"
"chr5","91409799","91410084","chr2","116492115","116492404","38","25082316"
"chr5","91424175","91424477","chr10","117620910","117621216","41","26196735"
"chr5","91461820","91462069","chr12","5096089","5096335","47","86365731"
"chr5","91520575","91520933","chr22","36078738","36079076","83","55441837"
"chr5","91537365","91537663","chr11","76131606","76131904","36","15405759"
"chr5","91575675","91575970","chr22","4334459","4334753","39","87241216"
"chr5","91583582","91583874","chr5","63326522","63326817","45","28257060"
"chr5","91656220","91656514","chrX","17543907","17544194","46","74112313"
"chr5","91732781","91733097","chr10","74517493","74517800","45","17215288"
"chr5","91757247","91757528","chr17","69931558","69931839","41","21825689"
"chr5","91844715","91845003","chr14","6100129","6100419","46","85744586"
"chr5","92173059","92173354","chr3","72187718","72187993","55","19985341"
"chr5","92464380","92464686","chr9","8886595","8886904","54","83577785"
"chr5","92690901","92691130","chr20","1927918","1928148","38","90762983"
"chr5","92738826","92739137","chr4","132092351","132092663","49","39353525"
"chr5","92762576","92762866","chr2","173383613","173383904","45","80621037"
"chr5","93337848","93338147","chr9","20122679","20122976","37","73215169"
"chr5","93426044","93426347","chr1","13325398","13325693","45","80100646"
"chr5","93458728","93459038","chr6","17068239","17068542","38","76390489"
"chr5","93538997","93539284","chr12","98175864","98176149","38","4636867"
"chr5","93548581","93548898","chr6","44165230","44165536","54","49383351"
"chr5","93734851","93735056","chr5","121561177","121561382","26","27826326"
"chr5","93776496","93776796","chr10","14603732","14604030","35","79172764"
"chr5","93844164","93844468","chr2","113943439","113943736","43","20099275"
"chr5","93871943","93872247","chr20","23337174","23337477","42","70534769"
"chr5","93950411","93950661","chr1","43724514","43724757","38","50225897"
"chr5","94007493","94007791","chr2","31372053","31372354","41","62635440"
"chr5","94049416","94049835","chr15","34034523","34034892","119","60014893"
"chr5","94051812","94052120","chrX","93623389","93623691","45","428423"
"chr5","94053761","94054066","chr22","33981676","33981980","51","60072085"
"chr5","94059341","94059647","chr1","168595556","168595859","42","74536215"
"chr5","94122144","94122395","chr20","37785435","37785690","43","56336709"
"chr5","94334477","94334783","chr3","94762904","94763199","46","428427"
"chr5","94449797","94450086","chr5","130983695","130983982","32","36533898"
"chr5","94469171","94469471","chr2","168879156","168879455","39","74409985"
"chr5","94505078","94505378","chr18","8503340","8503640","42","86001738"
"chr5","94573271","94573571","chr15","61219971","61220268","41","33353300"
"chr5","94589987","94590294","chr1","168595556","168595859","42","74005569"
"chr5","94608250","94608451","chr5","38210877","38211080","44","56397373"
"chr5","94608509","94608633","chr1","203006776","203006900","14","108398267"
"chr5","94610139","94610456","chr10","126696429","126696740","42","32086290"
"chr5","94619888","94620170","chr22","10286252","10286536","46","84333636"
"chr5","94930268","94930572","chr2","171330283","171330586","30","76400015"
"chr5","94986505","94986810","chr2","112769014","112769314","36","17782509"
"chr5","95054802","95055065","chr11","65108460","65108713","49","29946342"
"chr5","95176243","95176539","chr5","5052462","5052757","40","90123781"
"chr5","95199577","95199878","chr12","34453324","34453622","42","60746253"
"chr5","95389100","95389390","chr22","29295972","29296261","41","66093128"
"chr5","95409150","95409458","chr22","28997304","28997607","47","66411846"
"chr5","95524884","95525182","chrX","22345096","22345392","44","73179788"
"chr5","95526470","95526762","chr6","17068239","17068542","50","78458231"
"chr5","95539562","95539861","chr6","17068239","17068542","37","78471323"
"chr5","95576605","95576735","chr5","158422918","158423048","14","62846313"
"chr5","95597612","95597904","chr16","54091968","54092259","31","41505644"
"chr5","95673733","95674031","chr2","112037094","112037381","40","16363361"
"chr5","95695316","95695618","chr5","26961498","26961795","39","68733818"
"chr5","95703352","95703656","chr2","112016910","112017215","44","16313558"
"chr5","95743714","95744008","chr9","109143507","109143803","39","13399793"
"chr5","95791628","95791845","chr3","164152092","164152306","41","68360464"
"chr5","95794821","95795118","chr5","94234310","94234606","34","1560511"
"chr5","95805826","95806013","chr12","24348367","24348543","41","71457459"
"chr5","95806320","95806455","chr1","108326226","108326361","20","12519906"
"chr5","95806899","95807051","chr9","111981535","111981680","38","16174636"
"chr5","95807553","95807853","chr5","47854845","47855147","44","47952708"
"chr5","95810074","95810392","chr1","118788218","118788524","65","22978144"
"chr5","95837065","95837377","chr9","95060973","95061282","42","776092"
"chr5","95849213","95849508","chr1","98572733","98573027","40","2723520"
"chr5","95991493","95991805","chr5","2080907","2081217","50","93910586"
"chr5","96159865","96160155","chr5","116634167","116634462","48","20474302"
"chr5","96317182","96317504","chr17","54870851","54871173","45","41446331"
"chr5","96324924","96325223","chr2","111411656","111411957","37","15086732"
"chr5","96325471","96325779","chr17","72496807","72497111","54","23828664"
"chr5","96376432","96376739","chr8","26533131","26533437","47","69843301"
"chr5","96638124","96638435","chr1","25957169","25957480","42","70680955"
"chr5","96644694","96644996","chr4","36522598","36522895","40","60122096"
"chr5","96661132","96661443","chr7","49920106","49920423","65","46741026"
"chr5","96701526","96701820","chr5","84826899","84827194","38","11874627"
"chr5","96738040","96738329","chrX","17543907","17544194","34","79194133"
"chr5","96836190","96836501","chr1","168595556","168595859","41","71759366"
"chr5","96848037","96848350","chr3","106655459","106655766","43","9807422"
"chr5","96897915","96898197","chr1","202394399","202394681","44","105496484"
"chr5","96955333","96955638","chr6","17068239","17068542","41","79887094"
"chr5","96983445","96983744","chr10","16169668","16169965","41","80813777"
"chr5","97147494","97147730","chr5","2632096","2632327","32","94515398"
"chr5","97174141","97174426","chr12","15887217","15887500","44","81286924"
"chr5","97225920","97226216","chr9","41786898","41787194","43","55439022"
"chr5","97323448","97323740","chr14","83739394","83739686","37","13584054"
"chr5","97348473","97348795","chr12","4240854","4241177","65","93107619"
"chr5","97374479","97374734","chr10","94952495","94952752","58","2421984"
"chr5","97459197","97459333","chr22","35382077","35382214","13","62077120"
"chr5","97505946","97506242","chr3","150073804","150074104","51","52567858"
"chr5","97551551","97551862","chr5","43400841","43401151","49","54150710"
"chr5","97661689","97662000","chr17","42085654","42085964","36","55576035"
"chr5","97792633","97792855","chr8","93905273","93905495","33","3887360"
"chr5","97850597","97850891","chr6","21542187","21542481","42","76308410"
"chr5","97908677","97908969","chr13","100760266","100760552","39","2851589"
"chr5","97971173","97971481","chrX","45981223","45981523","41","51989950"
"chr5","98251238","98251546","chr2","13687630","13687935","46","84563608"
"chr5","98469731","98470036","chr3","177773552","177773857","40","79303821"
"chr5","98627778","98628032","chr8","44168998","44169252","38","54458780"
"chr5","98650362","98650659","chr14","84845532","84845834","46","13804830"
"chr5","98750475","98750775","chr2","109043996","109044297","49","10293521"
"chr5","98762854","98763159","chr10","90431710","90432016","35","8331144"
"chr5","98798077","98798368","chr5","92860881","92861172","39","5937196"
"chr5","98852019","98852307","chr10","55872616","55872911","49","42979403"
"chr5","98861904","98862181","chr7","42566346","42566636","56","56295558"
"chr5","98895925","98896167","chr10","75918354","75918602","53","22977571"
"chr5","98948916","98949192","chr5","15793858","15794130","39","83155058"
"chr5","98972389","98972685","chr9","85621834","85622126","42","13350555"
"chr5","98979560","98979853","chr2","108799654","108799955","38","9820094"
"chr5","98987007","98987311","chr9","100523236","100523533","50","1536229"
"chr5","99002252","99002538","chr1","176289203","176289485","44","77286951"
"chr5","99003875","99004175","chr7","10120794","10121094","36","88883081"
"chr5","99026912","99027260","chrX","34517534","34517872","64","64509378"
"chr5","99057259","99057560","chr6","17068239","17068542","38","81989020"
"chr5","99074693","99074996","chr14","81929198","81929500","41","17145495"
"chr5","99084796","99085094","chr16","61261331","61261629","44","37823465"
"chr5","99161772","99162045","chr9","44537673","44537953","48","54624099"
"chr5","99163980","99164280","chr12","49321944","49322244","42","49842036"
"chr5","99338498","99338802","chr1","168595556","168595859","41","69257058"
"chr5","99439901","99440208","chr5","833973","834283","51","98605928"
"chr5","99512922","99513218","chr5","94234310","94234606","39","5278612"
"chr5","99530146","99530449","chr22","16592235","16592538","43","82937911"
"chr5","99533189","99533473","chr12","80681169","80681455","44","18852020"
"chr5","99605857","99606141","chr5","8522464","8522748","50","91083393"
"chr5","99647846","99648142","chr5","26961498","26961795","37","72686348"
"chr5","99649272","99649568","chr6","17068239","17068542","45","82581033"
"chr5","99981652","99981816","chr2","125879517","125879691","38","25897865"
"chr5","99983762","99984033","chr7","42164959","42165207","67","57818803"
"chr5","100067130","100067414","chr12","80681169","80681455","45","19385961"
"chr5","100070127","100070273","chr6","149721651","149721799","17","49651524"
"chr5","100217869","100218182","chrX","45395851","45396165","40","54822018"
"chr5","100380558","100380842","chr12","80681169","80681455","45","19699389"
"chr5","100383875","100384182","chr4","13590265","13590575","50","86793610"
"chr5","100442520","100442858","chr9","98029843","98030162","62","2412677"
"chr5","100494577","100494862","chr21","43075982","43076273","37","57418595"
"chr5","100523210","100523521","chr6","17068239","17068542","42","83454971"
"chr5","100581471","100581556","chr12","116071997","116072083","9","15490526"
"chr5","100585420","100585713","chr14","83739394","83739686","39","16846026"
"chr5","100673249","100673381","chr2","73103462","73103594","14","27569787"
"chr5","100850955","100851260","chr2","171330283","171330586","38","70479328"
"chr5","101091174","101091437","chr10","101732804","101733077","47","641630"
"chr5","101142379","101142622","chr9","90640156","90640400","34","10502223"
"chr5","101322966","101323273","chr17","7637757","7638063","34","93685209"
"chr5","101351601","101351896","chr13","57414367","57414663","39","43937234"
"chr5","101358232","101358526","chrX","18828260","18828542","49","82529972"
"chr5","101376827","101377100","chr14","83300787","83301058","63","18076040"
"chr5","101641314","101641606","chr21","43075982","43076273","54","58565332"
"chr5","101685077","101685371","chr10","14603732","14604030","51","87081345"
"chr5","101694582","101694880","chr2","105721620","105721920","37","4027038"
"chr5","101905870","101906158","chr1","6722876","6723172","43","95182994"
"chr5","101911462","101911753","chrX","111591699","111591994","41","9680237"
"chr5","101946087","101946384","chr7","145693234","145693534","35","43747147"
"chr5","102167836","102168131","chr19","27886998","27887296","41","74280838"
"chr5","102181869","102182147","chr19","16281211","16281488","43","85900658"
"chr5","102206192","102206499","chr2","105215591","105215889","42","3009399"
"chr5","102243903","102244202","chr10","126287645","126287938","38","24043742"
"chr5","102255924","102256228","chr9","11967801","11968108","46","90288123"
"chr5","102272674","102272971","chr8","1566381","1566676","55","100706293"
"chr5","102293746","102293912","chrX","51105865","51106036","36","51187881"
"chr5","102294209","102294345","chr2","2261829","2261964","12","100032380"
"chr5","102301654","102301937","chr20","28636143","28636428","43","73665511"
"chr5","102398189","102398477","chr7","113470784","113471078","43","11072595"
"chr5","102427865","102428168","chr6","17068239","17068542","46","85359626"
"chr5","102477127","102477423","chr5","26961498","26961795","43","75515629"
"chr5","102635127","102635439","chr2","31372053","31372354","53","71263074"
"chr5","102697792","102698098","chr9","11967801","11968108","41","90729991"
"chr5","102828057","102828360","chr15","17167871","17168171","60","85660186"
"chr5","102916729","102917033","chr9","108878803","108879104","44","5962074"
"chr5","103090010","103090290","chr19","6867541","6867823","45","96222469"
"chr5","103113522","103113821","chrX","16692831","16693132","41","86420691"
"chr5","103125637","103125899","chr5","112688970","112689229","40","9563333"
"chr5","103155407","103155721","chrX","91515038","91515346","52","11640369"
"chr5","103215464","103215783","chr4","147737896","147738205","46","44522432"
"chr5","103538666","103538972","chr3","106655459","106655766","47","3116793"
"chr5","103570660","103570968","chr2","15676045","15676358","48","87894615"
"chr5","103771207","103771464","chr2","125678259","125678509","44","21907052"
"chr5","103796692","103796989","chr12","48263346","48263644","43","55533346"
"chr5","103962814","103963120","chr2","3233755","3234059","46","100729059"
"chr5","103988275","103988568","chr13","8965333","8965629","52","95022942"
"chr5","104002982","104003300","chr11","124386582","124386899","61","20383600"
"chr5","104117567","104117856","chr19","24096509","24096795","43","80021058"
"chr5","104222511","104222795","chr11","23439208","23439487","50","80783303"
"chr5","104320258","104320561","chr3","153217268","153217573","56","48897010"
"chr5","104761398","104761698","chr2","102563656","102563948","54","2197742"
"chr5","104897814","104898118","chr22","7822716","7823014","48","97075098"
"chr5","104950020","104950331","chr2","114528005","114528309","42","9577985"
"chr5","105026128","105026432","chr3","106655459","106655766","52","1629331"
"chr5","105151300","105151609","chr6","17068239","17068542","48","88083061"
"chr5","105209707","105210002","chr6","122148361","122148631","62","16938654"
"chr5","105218685","105218982","chr1","157959927","157960225","45","52741242"
"chr5","105337946","105338257","chr13","43465639","43465945","55","61872307"
"chr5","105343070","105343238","chrX","108352935","108353103","29","3009865"
"chr5","105343267","105343361","chr20","8614093","8614176","21","96729174"
"chr5","105347113","105347443","chr8","48321467","48321792","67","57025646"
"chr5","105446289","105446574","chr3","111476697","111476990","44","6030408"
"chr5","105468245","105468556","chr1","194197069","194197378","57","88728824"
"chr5","105520763","105521023","chr1","190633251","190633514","52","85112488"
"chr5","105628356","105628620","chr12","84617212","84617475","45","21011144"
"chr5","105663951","105664261","chrX","36243193","36243499","56","69420758"
"chr5","105781425","105781721","chr5","94234310","94234606","42","11547115"
"chr5","105800083","105800207","chr14","59172904","59173029","20","46627179"
"chr5","105824267","105824561","chr19","24203448","24203737","51","81620819"
"chr5","105843743","105844035","chr8","117054920","117055214","49","11211177"
"chr5","105955296","105955605","chr5","94532768","94533076","35","11422528"
"chr5","105979355","105979622","chr6","31709696","31709966","35","74269659"
"chr5","106054390","106054664","chr14","69628495","69628761","52","36425895"
"chr5","106118093","106118424","chrUn_GL288624","7669","7984","55","106110424"
"chr5","106127034","106127155","chr14","80495382","80495499","19","25631652"
"chr5","106127189","106127360","chr17","34108233","34108402","32","72018956"
"chr5","106170834","106171094","chr2","101124743","101125009","40","5046091"
"chr5","106208123","106208399","chr1","169249136","169249415","49","63041013"
"chr5","106289795","106290057","chrX","51774500","51774761","58","54515295"
"chr5","106309649","106309958","chrX","38790678","38790992","51","67518971"
"chr5","106395046","106395337","chr7","75059127","75059415","47","31335919"
"chr5","106456191","106456478","chr18","41463106","41463395","47","64993085"
"chr5","106480745","106481022","chr11","23439208","23439487","43","83041537"
"chr5","106553568","106553873","chr5","42661443","42661746","38","63892125"
"chr5","106587676","106587985","chr2","100660655","100660963","44","5927021"
"chr5","106596178","106596472","chr12","90198453","90198750","38","16397725"
"chr5","106618621","106618903","chr20","29471461","29471743","48","77147160"
"chr5","106790603","106790912","chr13","58808680","58808991","50","47981923"
"chr5","106846490","106846802","chr1","202849760","202850061","46","96003270"
"chr5","106885885","106886193","chr8","84523546","84523843","63","22362339"
"chr5","106890981","106891273","chr20","27529242","27529530","40","79361739"
"chr5","107008970","107009292","chr19","3176594","3176904","42","103832376"
"chr5","107362675","107362971","chr10","16033492","16033786","51","91329183"
"chr5","107395032","107395338","chr12","51884744","51885046","41","55510288"
"chr5","107482028","107482322","chr10","46916961","46917259","53","60565067"
"chr5","107497928","107498215","chr7","70755193","70755479","37","36742735"
"chr5","107515108","107515335","chr1","138016648","138016875","29","30501540"
"chr5","107537212","107537357","chr2","8868216","8868359","16","98668996"
"chr5","107600485","107600787","chr22","28997304","28997607","41","78603181"
"chr5","107629775","107630078","chr6","17068239","17068542","46","90561536"
"chr5","107641076","107641371","chr11","123371423","123371718","36","15730347"
"chr5","107644692","107645000","chr7","52444945","52445254","45","55199747"
"chr5","108011522","108011650","chr7","62981492","62981618","17","45030030"
"chr5","108011676","108011842","chrUn_GL286397","305059","305228","29","107706617"
"chr5","108086561","108086860","chr10","55872616","55872911","41","52213945"
"chr5","108127966","108128263","chr3","102191649","102191944","45","5936317"
"chr5","108184132","108184301","chr10","46839294","46839452","42","61344838"
"chr5","108184607","108184768","chr10","112541008","112541162","35","4356401"
"chr5","108222673","108222973","chr6","43666330","43666629","43","64556343"
"chr5","108224591","108224927","chr22","41857491","41857814","63","66367100"
"chr5","108293759","108294066","chr19","43463036","43463348","42","64830723"
"chr5","108332595","108332895","chr10","9287553","9287848","51","99045042"
"chr5","108388552","108388858","chr11","124322704","124323011","44","15934152"
"chr5","108732116","108732433","chr5","79461457","79461775","44","29270659"
"chr5","108744443","108744598","chr1","199818526","199818679","27","91074083"
"chr5","108744929","108745222","chr15","61219971","61220268","49","47524958"
"chr5","108799832","108800101","chrX","20464601","20464873","48","88335231"
"chr5","108863123","108863416","chr6","121980325","121980621","47","13117202"
"chr5","108930634","108930913","chr16","92089757","92090031","53","16840877"
"chr5","108963281","108963589","chr2","13687630","13687935","39","95275651"
"chr5","108968107","108968405","chr5","94234310","94234606","42","14733797"
"chr5","108977841","108978144","chr8","95385992","95386289","55","13591849"
"chr5","109009045","109009333","chr12","50025858","50026157","46","58983187"
"chr5","109135975","109136320","chr2","97921437","97921756","59","11214538"
"chr5","109317728","109317892","chr4","34157283","34157451","28","75160445"
"chr5","109317918","109318036","chr1","121523757","121523874","16","12205839"
"chr5","109320041","109320348","chr6","47107776","47108084","38","62212265"
"chr5","109358563","109358849","chr5","52793407","52793690","51","56565156"
"chr5","109375228","109375534","chr6","112846301","112846609","46","3471073"
"chr5","109380526","109380826","chr7","49632330","49632627","45","59748196"
"chr5","109380828","109381140","chr7","58166645","58166955","51","51214183"
"chr5","109392279","109392578","chr5","26961498","26961795","40","82430781"
"chr5","109400008","109400307","chr2","97677232","97677535","42","11722776"
"chr5","109412357","109412660","chr18","39712282","39712591","47","69700075"
"chr5","109433113","109433415","chr2","154533489","154533792","43","45100376"
"chr5","109448682","109448992","chr6","148215658","148215964","45","38766976"
"chr5","109481741","109482031","chrX","137955665","137955956","41","28473924"
"chr5","109488439","109488570","chr1","182711408","182711538","16","73222969"
"chr5","109494696","109494956","chr2","97567578","97567841","46","11927118"
"chr5","109513777","109514086","chr5","136750937","136751240","42","27237160"
"chr5","109600108","109600388","chrX","90779672","90779951","46","18820436"
"chr5","109608223","109608513","chr12","22747159","22747446","37","86861064"
"chr5","109722407","109722714","chr1","136891596","136891899","41","27169189"
"chr5","109842807","109843105","chr2","168455951","168456250","43","58613144"
"chr5","110345325","110345572","chr11","75564098","75564335","44","34781227"
"chr5","110349663","110349977","chrUn_GL288485","10387","10704","67","110339276"
"chr5","110408310","110408605","chr3","138159195","138159493","45","27750885"
"chr5","110505496","110505805","chr2","14206640","14206942","52","96298856"
"chr5","110547717","110548025","chr7","106080561","106080866","44","4467156"
"chr5","110604677","110604965","chr2","96401809","96402098","45","14202868"
"chr5","110617674","110617808","chr5","112523260","112523386","27","1905586"
"chr5","110617843","110618011","chr13","8264839","8265004","47","102353004"
"chr5","110675059","110675344","chr5","35652352","35652635","42","75022707"
"chr5","110879012","110879304","chr8","95534048","95534347","50","15344964"
"chr5","111042005","111042283","chr15","37619139","37619418","46","73422866"
"chr5","111115939","111116248","chr12","110699815","110700119","45","416124"
"chr5","111122835","111123119","chr2","37096231","37096518","46","74026604"
"chr5","111369082","111369363","chr5","94664013","94664296","42","16705069"
"chr5","111394931","111395266","chr12","1551146","1551485","69","109843785"
"chr5","111407844","111408117","chr3","137011734","137012015","48","25603890"
"chr5","111417228","111417515","chr20","20591422","20591717","42","90825806"
"chr5","111429485","111429807","chr2","183379617","183379927","68","71950132"
"chr5","111450037","111450350","chr6","148215658","148215964","59","36765621"
"chr5","111502187","111502498","chr6","112846301","112846609","42","1344114"
"chr5","111515391","111515571","chr22","10655645","10655839","36","100859746"
"chr5","111607244","111607555","chr7","45344118","45344429","37","66263126"
"chr5","111657171","111657474","chr21","32861641","32861942","43","78795530"
"chr5","111825958","111826080","chr19","32249966","32250092","24","79575992"
"chr5","111826659","111826834","chr9","37378839","37379016","30","74447820"
"chr5","111827569","111827869","chr1","191028712","191029018","55","79201143"
"chr5","111870148","111870447","chr10","22559240","22559536","44","89310908"
"chr5","111970544","111970853","chr4","53071595","53071899","44","58898949"
"chr5","112075387","112075667","chr2","80644634","80644911","49","31430753"
"chr5","112145005","112145279","chr10","101732804","101733077","41","10412201"
"chr5","112149195","112149482","chr2","63088442","63088738","44","49060753"
"chr5","112164572","112164857","chr1","204428237","204428521","46","92263665"
"chr5","112212289","112212594","chr6","17068239","17068542","38","95144050"
"chr5","112339544","112339835","chr18","19758060","19758351","42","92581484"
"chr5","112455897","112456183","chr2","56700759","56701042","39","55755138"
"chr5","112480804","112481101","chr6","87463814","87464097","49","25016990"
"chr5","112488361","112488657","chr3","45658377","45658667","42","66829984"
"chr5","112494588","112494869","chr4","34845790","34846071","48","77648798"
"chr5","112579075","112579381","chr6","87765454","87765755","37","24813621"
"chr5","112601611","112601919","chr1","184817871","184818171","41","72216260"
"chr5","112606580","112606873","chr4","16350054","16350344","42","96256526"
"chr5","112629313","112629584","chr4","11116373","11116655","44","101512940"
"chr5","112654418","112654696","chr7","59174909","59175184","36","53479509"
"chr5","112667715","112668022","chr6","17068239","17068542","40","95599476"
"chr5","112695729","112696048","chr7","144982540","144982842","53","32286811"
"chr5","112719207","112719522","chr6","17068239","17068542","45","95650968"
"chr5","112721132","112721440","chr18","10830546","10830857","45","101890586"
"chr5","112735194","112735477","chr2","94232454","94232731","44","18502740"
"chr5","112748586","112748833","chr6","21505215","21505475","54","91243371"
"chr5","112749951","112750263","chr20","22923582","22923882","42","89826369"
"chr5","112776564","112776873","chr1","101283996","101284296","52","11492568"
"chr5","112781764","112782007","chr3","166484072","166484317","55","53702308"
"chr5","112794126","112794379","chr2","94160414","94160669","32","18633712"
"chr5","112806852","112807152","chr2","12828952","12829252","36","99977900"
"chr5","112807873","112808181","chr12","51884744","51885046","44","60923129"
"chr5","112810803","112811025","chr9","115719852","115720079","38","2909049"
"chr5","112835573","112835872","chr20","26452531","26452831","45","86383042"
"chr5","112889830","112890126","chr8","93697187","93697481","36","19192643"
"chr5","112897777","112898080","chr10","92853066","92853365","39","20044711"
"chr5","112901429","112901725","chrX","23036255","23036544","45","89865174"
"chr5","112910021","112910322","chr9","99204970","99205269","41","13705051"
"chr5","112925440","112925744","chr5","145493112","145493414","51","32567672"
"chr5","112925938","112926228","chr7","6894852","6895150","40","106031086"
"chr5","112935613","112935894","chr2","94022820","94023095","42","18912793"
"chr5","112935981","112936284","chrX","1853920","1854215","45","111082061"
"chr5","112944844","112944972","chr10","129553286","129553409","14","16608442"
"chr5","112951018","112951322","chr16","69379771","69380066","58","43571247"
"chr5","112963510","112963804","chr5","75080426","75080719","35","37883084"
"chr5","113003168","113003246","chr18","14863403","14863480","12","98139765"
"chr5","113006852","113007139","chrX","90644206","90644491","54","22362646"
"chr5","113046191","113046491","chr22","41816828","41817127","46","71229363"
"chr5","113138033","113138310","chrX","107535339","107535621","46","5602694"
"chr5","113224086","113224392","chr7","6894852","6895150","45","106329234"
"chr5","113362218","113362325","chr7","56993945","56994054","12","56368273"
"chr5","113370935","113371241","chr22","28997304","28997607","39","84373631"
"chr5","113396351","113396620","chr7","15601169","15601429","51","97795182"
"chr5","113570112","113570401","chr2","39544771","39545056","43","74025341"
"chr5","113588635","113588924","chr2","56700759","56701042","39","56887876"
"chr5","113755080","113755376","chr2","93152597","93152893","32","20602483"
"chr5","113842444","113842717","chr15","61667377","61667641","42","52175067"
"chr5","113916607","113916914","chr5","93140294","93140597","43","20776313"
"chr5","113991419","113991715","chr5","26961498","26961795","45","87029921"
"chr5","114247028","114247189","chr10","63950920","63951072","33","50296108"
"chr5","114249270","114249586","chr13","63985086","63985395","50","50264184"
"chr5","114251869","114252178","chr20","29549977","29550272","40","84701892"
"chr5","114289370","114289676","chr5","110918761","110919060","51","3370609"
"chr5","114345779","114346081","chr2","92470944","92471245","43","21874835"
"chr5","114383465","114383767","chr5","106566596","106566897","41","7816869"
"chr5","114446465","114446760","chrX","108021574","108021865","45","6424891"
"chr5","114483263","114483575","chr3","12067274","12067586","51","102415989"
"chr5","114528479","114528781","chr17","69075766","69076065","46","45452713"
"chr5","115026291","115026554","chr8","103326535","103326798","42","11699756"
"chr5","115112862","115113161","chr17","69075766","69076065","35","46037096"
"chr5","115132253","115132569","chr3","106655459","106655766","52","8476794"
"chr5","115175843","115176125","chr9","44537673","44537953","40","70638170"
"chr5","115215015","115215295","chrX","18828260","18828542","37","96386755"
"chr5","115216146","115216439","chrX","14840036","14840328","39","100376110"
"chr5","115225650","115225947","chr3","19707105","19707399","40","95518545"
"chr5","115244599","115244891","chr3","142738386","142738676","42","27493787"
"chr5","115265948","115266239","chr4","16350054","16350344","31","98915894"
"chr5","115289730","115289982","chr2","91519684","91519936","36","23770046"
"chr5","115344889","115345017","chr5","154199517","154199649","17","38854628"
"chr5","115381706","115381978","chr2","91417009","91417284","32","23964697"
"chr5","115438837","115439059","chr8","73675238","73675467","44","41763599"
"chr5","115485661","115485953","chr21","43075982","43076273","39","72409679"
"chr5","115698845","115699124","chr3","140809015","140809290","44","25110170"
"chr5","115699596","115699889","chr13","57414367","57414663","46","58285229"
"chr5","115718482","115718815","chr3","21104959","21105285","63","94613523"
"chr5","115722456","115722739","chrX","118749545","118749828","48","3027089"
"chr5","115763900","115764196","chr12","100785810","100786105","32","14978090"
"chr5","115838807","115839141","chr1","13171972","13172286","64","102666835"
"chr5","115855069","115855338","chr7","19441114","19441384","39","96413955"
"chr5","115903845","115904092","chr2","90845494","90845726","49","25058351"
"chr5","115918537","115918829","chr2","90830626","90830912","40","25087911"
"chr5","115939701","115939992","chr2","90813193","90813489","44","25126508"
"chr5","115990584","115990870","chrX","17543907","17544194","44","98446677"
"chr5","116060152","116060450","chr3","152941248","152941549","44","36881096"
"chr5","116117457","116117765","chr2","31372053","31372354","46","84745404"
"chr5","116487582","116487877","chr5","26961498","26961795","39","89526084"
"chr5","116633465","116633776","chr22","15341421","15341725","50","101292044"
"chr5","116692997","116693299","chr6","43666330","43666629","39","73026667"
"chr5","116726506","116726790","chr7","79364610","79364894","40","37361896"
"chr5","116757618","116757903","chr14","76535668","76535952","53","40221950"
"chr5","116777472","116777707","chr1","177598279","177598503","52","60820807"
"chr5","116780160","116780463","chr5","23380593","23380893","40","93399567"
"chr5","116796794","116797076","chr5","132893438","132893729","43","16096644"
"chr5","116827612","116827909","chr5","26961498","26961795","42","89866114"
"chr5","117176739","117177039","chr2","89474331","89474631","39","27702408"
"chr5","117349838","117350143","chr10","98339503","98339806","45","19010335"
"chr5","117382224","117382536","chr2","89260205","89260514","38","28122019"
"chr5","117399724","117400021","chr9","20122679","20122976","35","97277045"
"chr5","117407824","117408118","chr2","32059503","32059794","43","85348321"
"chr5","117432232","117432543","chr6","116570773","116571077","43","861459"
"chr5","117747356","117747604","chr19","38587448","38587704","54","79159908"
"chr5","117909896","117910179","chr4","38209077","38209362","46","79700819"
"chr5","117915136","117915424","chr8","87864795","87865087","42","30050341"
"chr5","117964306","117964593","chr8","106498423","106498696","53","11465883"
"chr5","117993557","117993795","chr17","68372412","68372653","36","49621145"
"chr5","118216783","118217080","chr14","32745447","32745743","43","85471336"
"chr5","118318766","118319083","chr2","171032147","171032451","45","52713381"
"chr5","118405253","118405535","chr22","30202132","30202421","57","88203121"
"chr5","118423278","118423444","chr7","87848783","87848940","33","30574495"
"chr5","118515451","118515756","chr6","17068239","17068542","46","101447212"
"chr5","118665210","118665494","chrX","66146500","66146784","44","52518710"
"chr5","118747309","118747556","chr14","21170276","21170525","35","97577033"
"chr5","118850182","118850507","chr3","21104959","21105285","58","97745223"
"chr5","118879325","118879633","chr6","17068239","17068542","48","101811086"
"chr5","118893094","118893380","chr14","37639494","37639786","49","81253600"
"chr5","118899793","118900106","chr3","106655459","106655766","49","12244334"
"chr5","118907449","118907743","chr16","33828417","33828713","35","85079032"
"chr5","118917690","118917972","chr4","42708118","42708395","51","76209572"
"chr5","118946760","118947011","chr2","87571234","87571475","39","31375526"
"chr5","118963928","118964236","chr5","60529593","60529894","43","58434335"
"chr5","118978724","118979018","chr10","126287645","126287938","40","7308921"
"chr5","119003746","119004014","chr2","87524677","87524944","37","31479069"
"chr5","119029505","119029805","chr1","99819021","99819322","41","19210484"
"chr5","119030595","119030903","chr3","106655459","106655766","43","12375136"
"chr5","119044540","119044842","chrUn_GL286226","325","625","49","119044215"
"chr5","119075228","119075538","chr2","63925527","63925835","45","55149701"
"chr5","119084129","119084419","chr7","2613548","2613840","39","116470581"
"chr5","119093184","119093435","chr10","7125168","7125422","37","111968016"
"chr5","119119535","119119810","chr2","87391828","87392112","40","31727707"
"chr5","119152966","119153277","chr13","18393383","18393690","49","100759583"
"chr5","119159134","119159396","chr6","21505215","21505475","55","97653919"
"chr5","119163407","119163591","chr12","24348367","24348543","37","94815040"
"chr5","119163875","119164009","chr7","94914850","94914984","17","24249025"
"chr5","119183471","119183758","chr2","87312431","87312700","49","31871040"
"chr5","119250214","119250528","chr18","9863619","9863928","48","109386595"
"chr5","119276114","119276417","chr2","61800729","61801029","38","57475385"
"chr5","119310553","119310821","chr12","81352230","81352503","43","37958323"
"chr5","119317614","119317896","chr15","5428214","5428499","36","113889400"
"chr5","119394612","119394901","chrUn_GL286373","774155","774446","40","118620457"
"chr5","119454615","119454921","chr22","33981676","33981980","54","85472939"
"chr5","119651063","119651377","chr1","168595556","168595859","40","48944493"
"chr5","119725559","119725863","chr2","86716256","86716556","46","33009303"
"chr5","120076398","120076711","chr12","108739790","108740101","54","11336608"
"chr5","120200790","120201088","chr20","27822433","27822727","42","92378357"
"chr5","120268365","120268670","chr5","7574884","7575188","47","112693481"
"chr5","120307965","120308254","chr11","99658996","99659280","54","20648969"
"chr5","120324166","120324471","chr7","56359080","56359389","43","63965086"
"chr5","120364088","120364408","chr22","41857491","41857814","51","78506597"
"chr5","120401710","120401993","chr1","79719295","79719578","41","40682415"
"chr5","120437491","120437794","chr5","94234310","94234606","39","26203181"
"chr5","120535520","120535817","chr13","35663090","35663393","53","84872430"
"chr5","120585329","120585630","chr5","143023404","143023700","55","22438075"
"chr5","120634362","120634656","chr11","123371423","123371718","38","2737061"
"chr5","120736298","120736530","chr13","28301031","28301267","35","92435267"
"chr5","120763154","120763433","chr1","15706918","15707190","49","105056236"
"chr5","120867118","120867423","chr6","17068239","17068542","49","103798879"
"chr5","120892827","120893118","chr4","41546974","41547260","46","79345853"
"chr5","120930794","120931070","chr2","85236465","85236742","38","35694329"
"chr5","121039773","121040084","chr14","17859559","17859863","58","103180214"
"chr5","121057878","121058188","chr6","47311288","47311574","54","73746590"
"chr5","121280438","121280693","chr5","62553862","62554120","48","58726576"
"chr5","121418620","121418916","chr4","38637239","38637534","40","82781381"
"chr5","121507389","121507670","chr16","5358611","5358888","46","116148778"
"chr5","121730343","121730513","chr2","84401037","84401206","20","37329306"
"chr5","121844980","121845273","chr7","61201061","61201355","42","60643919"
"chr5","122043204","122043515","chr3","106655459","106655766","44","15387745"
"chr5","122079831","122079962","chr5","130478058","130478184","19","8398227"
"chr5","122079988","122080181","chr19","781258","781429","45","121298730"
"chr5","122351255","122351566","chr4","107899588","107899898","44","14451667"
"chr5","122365397","122365700","chr13","87545369","87545669","42","34820028"
"chr5","122410541","122410847","chr8","52968555","52968856","47","69441986"
"chr5","122414230","122414529","chr3","64986478","64986781","38","57427752"
"chr5","122501978","122502271","chr5","5052462","5052757","40","117449516"
"chr5","122522145","122522455","chr6","59209406","59209717","42","63312739"
"chr5","122544507","122544829","chr3","106655459","106655766","56","15889048"
"chr5","122553417","122553716","chrX","51320913","51321212","37","71232504"
"chr5","122610978","122611276","chr21","40446927","40447225","46","82164051"
"chr5","122612307","122612612","chr6","17068239","17068542","39","105544068"
"chr5","122642535","122642834","chr14","43386246","43386546","41","79256289"
"chr5","122649347","122649627","chr13","97352437","97352715","47","25296910"
"chr5","122677210","122677520","chr15","83479661","83479973","48","39197549"
"chr5","122689446","122689752","chrX","11334803","11335107","45","111354643"
"chr5","122696567","122696849","chr3","188219301","188219587","44","65522734"
"chr5","122696900","122696912","chr5","92524075","92524085","4","30172825"
"chr5","122713471","122713772","chr4","118120643","118120945","46","4592828"
"chr5","122748859","122749158","chr6","147894727","147895020","43","25145868"
"chr5","122765473","122765776","chr1","168595556","168595859","42","45830083"
"chr5","122787238","122787546","chr2","60008786","60009093","43","62778452"
"chr5","122803857","122804134","chr5","45760402","45760681","46","77043455"
"chr5","122841828","122842106","chr11","5262095","5262375","47","117579733"
"chr5","122851157","122851464","chr7","130262321","130262624","44","7411164"
"chr5","122861058","122861337","chr19","16266278","16266559","37","106594780"
"chr5","122866174","122866448","chr16","22392028","22392302","41","100474146"
"chr5","122884242","122884550","chr6","134665797","134666100","54","11781555"
"chr5","122892772","122893065","chr15","41758838","41759130","35","81133934"
"chr5","122895867","122896162","chrUn_GL286253","70610","70903","37","122825257"
"chr5","122962952","122963238","chr2","83138548","83138833","34","39824404"
"chr5","123069887","123070189","chr17","24010629","24010937","38","99059258"
"chr5","123197908","123198204","chr7","81423631","81423927","40","41774277"
"chr5","123200168","123200475","chr6","17068239","17068542","40","106131929"
"chr5","123224678","123224962","chr1","169249136","169249415","46","46024458"
"chr5","123311662","123311971","chr1","137129532","137129843","42","13817870"
"chr5","123402422","123402708","chr2","82697263","82697539","42","40705159"
"chr5","123415592","123415881","chr10","81511499","81511789","41","41904093"
"chr5","123443175","123443472","chr2","82657529","82657798","59","40785646"
"chr5","123473764","123474078","chr2","82630941","82631263","52","40842823"
"chr5","123525315","123525593","chr17","16091436","16091715","49","107433879"
"chr5","123540637","123540927","chr12","100785810","100786105","48","22754827"
"chr5","123541435","123541723","chr2","82565107","82565399","37","40976328"
"chr5","123570343","123570655","chr1","101977404","101977714","39","21592939"
"chr5","123600348","123600650","chr6","47107776","47108084","39","76492572"
"chr5","123622827","123623074","chr7","3718556","3718808","47","119904271"
"chr5","123769061","123769364","chr9","35074414","35074712","45","88694647"
"chr5","124188212","124188508","chr7","87849905","87850200","38","36338307"
"chr5","124202953","124203249","chr18","11028760","11029065","47","113174193"
"chr5","124240397","124240694","chr7","80047681","80047980","35","44192716"
"chr5","124242434","124242759","chr7","129081450","129081768","58","4839016"
"chr5","124272637","124272951","chr6","79225443","79225739","87","45047194"
"chr5","124391798","124392112","chr2","31372053","31372354","45","93019745"
"chr5","124551450","124551745","chr20","29549977","29550272","38","95001473"
"chr5","124566518","124566799","chr16","54091968","54092259","36","70474550"
"chr5","124577996","124578309","chr1","201369278","201369591","46","76791282"
"chr5","124759031","124759327","chr5","94234310","94234606","41","30524721"
"chr5","124768094","124768411","chr2","81277471","81277778","44","43490623"
"chr5","124798717","124799010","chr12","29333369","29333657","39","95465348"
"chr5","124813459","124813757","chr3","53287845","53288140","42","71525614"
"chr5","124814783","124815067","chr2","81225521","81225807","38","43589262"
"chr5","124851609","124851875","chr22","32224724","32225003","47","92626885"
"chr5","124857480","124857773","chr2","17776930","17777222","46","107080550"
"chr5","124904568","124904867","chr1","87115579","87115873","43","37788989"
"chr5","124917622","124917912","chr10","8026640","8026929","44","116890982"
"chr5","124934288","124934597","chr6","17068239","17068542","44","107866049"
"chr5","124935446","124935736","chr3","110699020","110699313","40","14236426"
"chr5","124953316","124953627","chr18","10830546","10830857","36","114122770"
"chr5","125085275","125085579","chr13","31331915","31332215","40","93753360"
"chr5","125124014","125124313","chr11","4574833","4575133","48","120549181"
"chr5","125152272","125152582","chr7","66105076","66105385","44","59047196"
"chr5","125175243","125175543","chr6","19297176","19297455","69","105878067"
"chr5","125350545","125350860","chr12","87913370","87913678","54","37437175"
"chr5","125351820","125352099","chr5","88264454","88264726","57","37087366"
"chr5","125557364","125557665","chr4","26335541","26335842","41","99221823"
"chr5","125640888","125641198","chr6","47107776","47108084","46","78533112"
"chr5","125992594","125992885","chrX","46751776","46752069","41","79240818"
"chr5","126040302","126040601","chr2","79936419","79936708","50","46103883"
"chr5","126061813","126062116","chr6","17068239","17068542","47","108993574"
"chr5","126194949","126195253","chr13","54114725","54115023","47","72080224"
"chr5","126331686","126331986","chr5","110918761","110919060","48","15412925"
"chr5","126391116","126391340","chr2","79549394","79549614","24","46841722"
"chr5","126422200","126422498","chr5","4692845","4693145","41","121729355"
"chr5","126427955","126428220","chr2","79493535","79493816","44","46934420"
"chr5","126439315","126439618","chr2","79481720","79482026","46","46957595"
"chr5","126447862","126448155","chr2","79473537","79473834","43","46974325"
"chr5","126458153","126458460","chr9","99776089","99776389","46","26682064"
"chr5","126467008","126467269","chr9","75309029","75309307","50","51157979"
"chr5","126484585","126484883","chr2","79438871","79439163","45","47045714"
"chr5","126511528","126511836","chr8","80779437","80779743","43","45732091"
"chr5","126528303","126528574","chr2","98550242","98550519","49","27978061"
"chr5","126545266","126545554","chr19","24852327","24852607","43","101692939"
"chr5","126552430","126552696","chr2","137534807","137535073","41","10982377"
"chr5","126553827","126554129","chr2","18742940","18743241","46","107810887"
"chr5","126573279","126573416","chr13","1606588","1606728","16","124966691"
"chr5","126577574","126577865","chr8","105064985","105065281","40","21512589"
"chr5","126586803","126587106","chr8","26533131","26533437","43","100053672"
"chr5","126588199","126588486","chr2","87099288","87099577","52","39488911"
"chr5","126598085","126598378","chr8","97807987","97808275","45","28790098"
"chr5","126610702","126611006","chrX","106871108","106871404","55","19739594"
"chr5","126614116","126614411","chr17","69931558","69931839","56","56682558"
"chr5","126617475","126617779","chr3","150073804","150074104","38","23456329"
"chr5","126624009","126624308","chr6","17068239","17068542","38","109555770"
"chr5","126625315","126625611","chr10","27869408","27869703","40","98755907"
"chr5","126626317","126626457","chr11","5430345","5430476","27","121195972"
"chr5","126626762","126626915","chr1","199296013","199296162","25","72669251"
"chr5","126630965","126631245","chr19","6867541","6867823","38","119763424"
"chr5","126652800","126653120","chr5","158739281","158739596","52","32086481"
"chr5","126661280","126661591","chr15","28629311","28629617","49","98031969"
"chr5","126675767","126676071","chr5","84826899","84827194","51","41848868"
"chr5","126678137","126678446","chr5","91518364","91518671","52","35159773"
"chr5","126678474","126678771","chr7","6894852","6895150","50","119783622"
"chr5","126685751","126686062","chr1","25957169","25957480","45","100728582"
"chr5","126687918","126688229","chr7","66105076","66105385","40","60582842"
"chr5","126694886","126695190","chr12","5316705","5317011","35","121378181"
"chr5","126700399","126700684","chr2","10414629","10414909","37","116285770"
"chr5","126703453","126703750","chr4","97943024","97943331","43","28760429"
"chr5","126709734","126710030","chr2","129996556","129996846","41","3286822"
"chr5","126710711","126711007","chr3","94762904","94763199","40","31947807"
"chr5","126715268","126715569","chr9","17843722","17844025","33","108871546"
"chr5","126716015","126716312","chr17","69075766","69076065","43","57640249"
"chr5","126734965","126735201","chr5","41296006","41296220","63","85438959"
"chr5","126738615","126738887","chr4","44721112","44721351","71","82017503"
"chr5","126743299","126743605","chr5","2508969","2509278","38","124234330"
"chr5","126756608","126756911","chr6","17068239","17068542","48","109688369"
"chr5","126760141","126760440","chr10","14603732","14604030","34","112156409"
"chr5","126764727","126765040","chr18","39712282","39712591","45","87052445"
"chr5","126765041","126765165","chr11","117548872","117548992","21","9216169"
"chr5","126774635","126774930","chr14","65187018","65187315","53","61587617"
"chr5","126788356","126788656","chr3","188219301","188219587","57","61430945"
"chr5","126803550","126803850","chr11","123371423","123371718","39","3432127"
"chr5","126807859","126808171","chr6","139371267","139371576","46","12563408"
"chr5","126819506","126819786","chr11","28114524","28114805","44","98704982"
"chr5","126824863","126824987","chr4","20953082","20953204","18","105871781"
"chr5","126850246","126850523","chr6","22404887","22405164","46","104445359"
"chr5","126852469","126852768","chr2","79105554","79105851","39","47746915"
"chr5","126871713","126872010","chr10","121197224","121197521","47","5674489"
"chr5","126876657","126876948","chr7","7386371","7386664","36","119490286"
"chr5","126946089","126946390","chr4","35519993","35520292","46","91426096"
"chr5","127005921","127006221","chr2","18742940","18743241","39","108262981"
"chr5","127023449","127023733","chr7","6721352","6721636","38","120302097"
"chr5","127034802","127035105","chr3","177773552","177773857","39","50738750"
"chr5","127078973","127079280","chr1","25957169","25957480","40","101121804"
"chr5","127152841","127153127","chr18","23678933","23679218","48","103473908"
"chr5","127238073","127238355","chr5","138370866","138371144","36","11132793"
"chr5","127303061","127303355","chr6","17068239","17068542","39","110234822"
"chr5","127415622","127415920","chr18","22732214","22732514","40","104683408"
"chr5","127450776","127451058","chr3","111736801","111737080","42","15713975"
"chr5","127468377","127468643","chr7","60984375","60984638","40","66484002"
"chr5","127613104","127613409","chrUn_GL286451","117883","118189","40","127495221"
"chr5","127633433","127633732","chr9","54871024","54871320","55","72762409"
"chr5","127714387","127714669","chr10","15634508","15634789","54","112079879"
"chr5","127772179","127772483","chr8","56795586","56795887","52","70976593"
"chr5","127787833","127788103","chr6","21935529","21935792","45","105852304"
"chr5","127887046","127887349","chr8","90070086","90070388","38","37816960"
"chr5","127929922","127930206","chr1","42156505","42156788","46","85773417"
"chr5","127939111","127939412","chr7","42669887","42670194","41","85269224"
"chr5","127985927","127986227","chr4","35456588","35456885","51","92529339"
"chr5","128004096","128004391","chr5","26961498","26961795","31","101042598"
"chr5","128130129","128130266","chr1","108326226","108326361","14","19803903"
"chr5","128130536","128130708","chr9","114601130","114601312","37","13529406"
"chr5","128153273","128153571","chrX","47260246","47260539","33","80893027"
"chr5","128219989","128220310","chr2","77747552","77747858","57","50472437"
"chr5","128430563","128430851","chr4","11116373","11116655","46","117314190"
"chr5","128438033","128438291","chr2","77533125","77533380","36","50904908"
"chr5","128721763","128722058","chr5","94234310","94234606","41","34487453"
"chr5","128789942","128790223","chr5","113958850","113959128","53","14831092"
"chr5","128993826","128994176","chr2","76950178","76950523","51","52043648"
"chr5","129081018","129081318","chr1","138049116","138049416","45","8968098"
"chr5","129131209","129131498","chrX","57599672","57599961","53","71531537"
"chr5","129162479","129162771","chr19","808823","809114","44","128353656"
"chr5","129175295","129175600","chr2","10406818","10407122","46","118768477"
"chr5","129294309","129294557","chr1","96721324","96721574","46","32572985"
"chr5","129327571","129327674","chr7","3815328","3815430","13","125512243"
"chr5","129327706","129327952","chr2","76533310","76533545","46","52794396"
"chr5","129383785","129384088","chr2","61800729","61801029","46","67583056"
"chr5","129415001","129415312","chr1","168595556","168595859","47","39180555"
"chr5","129428530","129428811","chr22","40524198","40524480","34","88904332"
"chr5","129438310","129438607","chr2","94274126","94274432","69","35164184"
"chr5","129532817","129533113","chr10","16033492","16033786","42","113499325"
"chr5","129557316","129557633","chr10","35587352","35587663","56","93969964"
"chr5","129675754","129676060","chr9","11967801","11968108","52","117707953"
"chr5","129677840","129678111","chrX","39387728","39387995","46","90290112"
"chr5","129699140","129699444","chr7","13017719","13018023","41","116681421"
"chr5","129719760","129720055","chr17","69075766","69076065","44","60643994"
"chr5","129783231","129783531","chr1","148395182","148395475","45","18611951"
"chr5","129810308","129810613","chr5","129519489","129519794","48","290819"
"chr5","129947347","129947651","chr1","168595556","168595859","50","38648209"
"chr5","130133490","130133801","chr5","2057306","2057619","39","128076184"
"chr5","130152945","130153240","chr2","15724453","15724729","61","114428492"
"chr5","130241789","130242095","chr1","168595556","168595859","41","38353767"
"chr5","130318903","130319190","chrX","90644206","90644491","39","39674697"
"chr5","130332414","130332720","chr6","7892688","7892995","39","122439726"
"chr5","130353051","130353348","chr5","26961498","26961795","36","103391553"
"chr5","130538064","130538363","chr22","28997304","28997607","38","101540760"
"chr5","130619673","130619932","chr2","125839925","125840183","38","4779748"
"chr5","130716376","130716677","chr22","33981676","33981980","54","96734700"
"chr5","130739586","130739882","chr2","74931382","74931680","40","55808204"
"chr5","130846145","130846441","chrX","127886517","127886812","41","2959628"
"chr5","130854480","130854764","chr20","34139105","34139399","45","96715375"
"chr5","130892885","130893176","chr2","74694429","74694720","40","56198456"
"chr5","130947524","130947825","chr7","130262321","130262624","42","685203"
"chr5","131036631","131036920","chr1","98572733","98573027","46","32463898"
"chr5","131060735","131060958","chr5","97377143","97377366","39","33683592"
"chr5","131062447","131062761","chr4","82226247","82226558","53","48836200"
"chr5","131108795","131109054","chr12","49982872","49983127","55","81125923"
"chr5","131113115","131113440","chr11","20789638","20789959","58","110323477"
"chr5","131132259","131132553","chr17","72416040","72416336","37","58716219"
"chr5","131145729","131146020","chr2","74474092","74474383","38","56671637"
"chr5","131146778","131147049","chr1","144871896","144872170","38","13725118"
"chr5","131181009","131181303","chr22","32856560","32856853","37","98324449"
"chr5","131188865","131189160","chr2","137481604","137481899","40","6292739"
"chr5","131198569","131198870","chr2","151564441","151564740","54","20365872"
"chr5","131208234","131208431","chr2","74399724","74399916","27","56808510"
"chr5","131210842","131211136","chr8","3713977","3714274","46","127496865"
"chr5","131231780","131232085","chr1","190358756","190359067","45","59126976"
"chr5","131236438","131236723","chr12","104471824","104472111","44","26764614"
"chr5","131244429","131244723","chr8","94578308","94578601","40","36666121"
"chr5","131254260","131254571","chr10","126696429","126696740","45","4557831"
"chr5","131257273","131257396","chr5","112523260","112523386","15","18734013"
"chr5","131266450","131266723","chr15","63448587","63448857","53","67817863"
"chr5","131278789","131279082","chr10","55872616","55872911","45","75406173"
"chr5","131301995","131302185","chr19","13498566","13498747","42","117803429"
"chr5","131302479","131302615","chr12","89402473","89402608","15","41900006"
"chr5","131320103","131320423","chr9","111337393","111337707","47","19982710"
"chr5","131320459","131320749","chr10","102176713","102177004","35","29143746"
"chr5","131363680","131363995","chr2","154533489","154533792","50","23169809"
"chr5","131375957","131376254","chr3","138159195","138159493","41","6783238"
"chr5","131390403","131390685","chr2","18360128","18360420","39","113030275"
"chr5","131401276","131401572","chr5","38614488","38614784","42","92786788"
"chr5","131408753","131409050","chr2","74215210","74215513","48","57193543"
"chr5","131417936","131418234","chr6","22245167","22245459","51","109172769"
"chr5","131457060","131457370","chr4","110072542","110072840","49","21384518"
"chr5","131463297","131463595","chr10","16033492","16033786","38","115429805"
"chr5","131476637","131476831","chr22","7233695","7233890","32","124242942"
"chr5","131516109","131516341","chrX","117776653","117776896","46","13739456"
"chr5","131544692","131544981","chr5","2532160","2532447","38","129012532"
"chr5","131586371","131586641","chr2","74017401","74017693","48","57568970"
"chr5","131588472","131588769","chr21","40779391","40779683","48","90809081"
"chr5","131588792","131589080","chr4","12463368","12463662","44","119125424"
"chr5","131590119","131590421","chr12","33299560","33299868","53","98290559"
"chr5","131595871","131596171","chr5","78562869","78563170","44","53033002"
"chr5","131618349","131618657","chr7","6894852","6895150","51","124723497"
"chr5","131633449","131633768","chr5","19163464","19163772","57","112469985"
"chr5","131667615","131667887","chr10","101732804","101733077","35","29934811"
"chr5","131697684","131697998","chr3","119208858","119209170","38","12488826"
"chr5","131717900","131718204","chr9","2215139","2215442","45","129502761"
"chr5","131782854","131782962","chr22","4357002","4357108","12","127425852"
"chr5","131828163","131828463","chr15","20770296","20770585","51","111057867"
"chr5","131879920","131880097","chr1","84092964","84093133","34","47786956"
"chr5","131880403","131880541","chr5","71185052","71185185","19","60695351"
"chr5","131902152","131902453","chr20","28811494","28811790","48","103090658"
"chr5","131936595","131936870","chrX","47457185","47457449","52","84479410"
"chr5","131943836","131944127","chr20","34442084","34442370","53","97501752"
"chr5","132027499","132027808","chr2","186353864","186354175","45","54326365"
"chr5","132029111","132029417","chr2","10204558","10204866","50","121824553"
"chr5","132035431","132035734","chr1","168595556","168595859","35","36560125"
"chr5","132045312","132045608","chr12","100785810","100786105","31","31259502"
"chr5","132047674","132047986","chr2","73422958","73423258","48","58624716"
"chr5","132051935","132052248","chr6","67713402","67713709","44","64338533"
"chr5","132106382","132106698","chr7","49920106","49920423","57","82186276"
"chr5","132131888","132132092","chr12","89511507","89511711","29","42620381"
"chr5","132133984","132134281","chr10","14603732","14604030","40","117530252"
"chr5","132144127","132144211","chr12","116071997","116072083","8","16072130"
"chr5","132170475","132170767","chr10","6199016","6199311","41","125971459"
"chr5","132174175","132174477","chr6","135415982","135416286","46","3241807"
"chr5","132177939","132178234","chr15","49359997","49360293","44","82817942"
"chr5","132178905","132179046","chr2","13170433","13170575","15","119008472"
"chr5","132182013","132182324","chr12","112769436","112769743","47","19412577"
"chr5","132189151","132189454","chr20","22923582","22923882","43","109265569"
"chr5","132196579","132196888","chr6","17068239","17068542","37","115128340"
"chr5","132297036","132297345","chr19","6037738","6038039","39","126259298"
"chr5","132321626","132321912","chr5","158728121","158728404","45","26406495"
"chr5","132331075","132331353","chr5","88950489","88950766","43","43380586"
"chr5","132341666","132341957","chr12","4260213","4260507","40","128081453"
"chr5","132373355","132373642","chr1","42156505","42156788","42","90216850"
"chr5","132422229","132422537","chr2","73041383","73041688","42","59380846"
"chr5","132432518","132432817","chr1","199941640","199941939","54","67509122"
"chr5","132441852","132442150","chr17","69075766","69076065","50","63366086"
"chr5","132454644","132454931","chrX","17243808","17244094","40","115210836"
"chr5","132538167","132538453","chr6","136043924","136044206","42","3505757"
"chr5","132613595","132613896","chr2","13687630","13687935","46","118925965"
"chr5","132623197","132623484","chr4","38209077","38209362","40","94414120"
"chr5","132633092","132633403","chrX","92444036","92444345","44","40189056"
"chr5","132695163","132695471","chr11","124322704","124323011","36","8372459"
"chr5","132698730","132699037","chr1","157959927","157960225","44","25261197"
"chr5","132713886","132714192","chr13","84961797","84962106","38","47752089"
"chr5","132718309","132718608","chr1","10143237","10143538","45","122575072"
"chr5","132728454","132728739","chr4","38209077","38209362","39","94519377"
"chr5","132740559","132740838","chr9","44537673","44537953","38","88202886"
"chr5","132742460","132742764","chr10","117620910","117621216","47","15121550"
"chr5","132743501","132743803","chr5","99799393","99799697","45","32944108"
"chr5","132745168","132745433","chr2","72727351","72727628","37","60017817"
"chr5","132748974","132749280","chr6","109618442","109618737","46","23130532"
"chr5","132796587","132796895","chr6","17068239","17068542","41","115728348"
"chr5","132798472","132798794","chr12","22318360","22318667","49","110480112"
"chr5","132800022","132800328","chr11","16209591","16209894","42","116590431"
"chr5","132841317","132841559","chr2","72630137","72630370","41","60211180"
"chr5","132846490","132846781","chr4","35645392","35645686","44","97201098"
"chr5","132851941","132852249","chr2","184256105","184256414","46","51404164"
"chr5","132855140","132855420","chr2","80644634","80644911","39","52210506"
"chr5","132858041","132858313","chr14","69010392","69010662","39","63847649"
"chr5","132869516","132869798","chr3","53842442","53842730","36","79027074"
"chr5","132913946","132914256","chr7","53651921","53652230","49","79262025"
"chr5","132918111","132918377","chr4","153251075","153251339","48","20332964"
"chr5","132938270","132938549","chr8","116035364","116035646","45","16902906"
"chr5","132964212","132964515","chr3","64986478","64986781","49","67977734"
"chr5","132967621","132967917","chr5","110918761","110919060","35","22048860"
"chr5","132972562","132972875","chr1","174405210","174405519","46","41432648"
"chr5","132973526","132973838","chr5","38771450","38771759","49","94202076"
"chr5","132973947","132974237","chrX","106830287","106830578","40","26143660"
"chr5","132975485","132975789","chr1","138077483","138077787","41","5101998"
"chr5","132978986","132979301","chr1","182478739","182479046","54","49499753"
"chr5","132981755","132982065","chr2","131332475","131332786","45","1649280"
"chr5","132993447","132993742","chr9","100523236","100523533","34","32470211"
"chr5","132995251","132995388","chr5","5194523","5194663","30","127800728"
"chr5","132995554","132995837","chr15","28991996","28992275","46","104003558"
"chr5","133001106","133001418","chr5","124212426","124212733","41","8788680"
"chr5","133009336","133009636","chr7","22356297","22356598","48","110653039"
"chr5","133012633","133012768","chr1","135081425","135081558","15","2068792"
"chr5","133013077","133013277","chr22","28463022","28463224","43","104550055"
"chr5","133015078","133015378","chr21","32861641","32861942","40","100153437"
"chr5","133028935","133029173","chrX","52358525","52358757","35","80670410"
"chr5","133029914","133030210","chr10","101816662","101816963","45","31213252"
"chr5","133035990","133036282","chr10","117541109","117541404","33","15494881"
"chr5","133036542","133036630","chr2","31492700","31492781","19","101543842"
"chr5","133036940","133037117","chrUn_GL286397","305059","305228","37","132731881"
"chr5","133039268","133039565","chr5","133166485","133166779","43","127217"
"chr5","133053675","133053959","chr2","72393603","72393884","43","60660072"
"chr5","133054195","133054502","chr22","32581263","32581567","42","100472932"
"chr5","133066725","133067011","chrX","45348560","45348849","58","87718165"
"chr5","133069255","133069550","chr5","38614488","38614784","42","94454767"
"chr5","133093481","133093782","chr2","10204558","10204866","54","122888923"
"chr5","133093813","133094096","chr4","21068788","21069070","51","112025025"
"chr5","133100089","133100368","chr19","4188463","4188738","39","128911626"
"chr5","133101922","133102230","chr6","17068239","17068542","34","116033683"
"chr5","133116045","133116353","chr1","185200684","185200988","57","52084639"
"chr5","133132008","133132146","chr7","66605645","66605777","17","66526363"
"chr5","133132184","133132376","chr1","184351715","184351894","45","51219531"
"chr5","133139243","133139553","chr21","40584762","40585072","45","92554481"
"chr5","133145055","133145349","chr3","142314167","142314458","37","9169112"
"chr5","133171676","133171968","chrX","140437749","140438042","41","7266073"
"chr5","133178170","133178465","chr4","156698023","156698319","36","23519853"
"chr5","133204550","133204852","chr7","6894852","6895150","39","126309698"
"chr5","133261576","133261709","chr5","3959402","3959536","12","129302174"
"chr5","133261710","133262009","chr20","29277280","29277574","45","103984430"
"chr5","133274980","133275260","chr12","19062740","19063019","39","114212240"
"chr5","133347349","133347658","chr2","72066341","72066656","46","61281008"
"chr5","133417677","133417988","chrX","107827107","107827417","40","25590570"
"chr5","133512816","133513120","chr4","36522598","36522895","46","96990218"
"chr5","133688127","133688425","chr14","5921690","5921981","43","127766437"
"chr5","133748288","133748571","chr19","6867541","6867823","31","126880747"
"chr5","133809084","133809387","chr2","170651743","170652040","37","36842659"
"chr5","133860066","133860362","chr1","168595556","168595859","46","34735490"
"chr5","133887769","133888069","chr2","18780256","18780558","36","115107513"
"chr5","133904411","133904699","chr8","117614816","117615105","38","16289595"
"chr5","133915027","133915308","chr4","48790765","48791046","45","85124262"
"chr5","133931983","133932261","chr5","41236817","41237096","34","92695166"
"chr5","133948475","133948773","chr15","22872591","22872890","42","111075884"
"chr5","133949844","133950133","chr16","49378658","49378947","40","84571186"
"chr5","133975465","133975757","chr9","107280416","107280711","39","26695049"
"chr5","133976225","133976521","chr5","159135567","159135869","38","25159342"
"chr5","133984655","133984954","chr11","16209591","16209894","44","117775064"
"chr5","133987397","133987651","chr10","7083358","7083604","42","126904039"
"chr5","134002683","134002978","chr4","168156555","168156848","50","34153872"
"chr5","134042478","134042786","chr2","71275726","71276033","55","62766752"
"chr5","134048268","134048572","chr1","13783933","13784234","47","120264335"
"chr5","134057198","134057491","chr22","30202132","30202421","34","103855066"
"chr5","134060872","134061164","chr2","71257174","71257471","46","62803698"
"chr5","134067840","134068144","chr11","64234338","64234642","46","69833502"
"chr5","134085911","134086214","chr6","17068239","17068542","42","117017672"
"chr5","134089708","134090013","chr18","15155500","15155803","34","118934208"
"chr5","134121302","134121611","chr6","17068239","17068542","39","117053063"
"chr5","134159390","134159547","chr5","64547457","64547612","31","69611933"
"chr5","134159847","134159981","chr15","22887373","22887504","17","111272474"
"chr5","134207123","134207420","chr7","42173342","42173639","41","92033781"
"chr5","134207595","134207836","chr5","123414656","123414905","58","10792939"
"chr5","134210562","134210834","chr2","71100942","71101210","50","63109620"
"chr5","134215288","134215604","chr19","25019176","25019485","43","109196112"
"chr5","134216259","134216557","chr6","111641386","111641677","44","22574873"
"chr5","134219730","134220031","chr5","2298333","2298635","37","131921397"
"chr5","134220186","134220478","chr6","17068239","17068542","41","117151947"
"chr5","134233592","134233890","chr15","71646590","71646888","41","62587002"
"chr5","134237603","134237727","chr4","106521719","106521841","11","27715884"
"chr5","134237898","134238204","chrX","106754938","106755243","41","27482960"
"chr5","134239198","134239351","chr5","143577449","143577597","43","9338251"
"chr5","134239657","134239792","chr3","183625307","183625441","16","49385650"
"chr5","134250336","134250632","chr20","27822433","27822727","39","106427903"
"chr5","134280209","134280510","chr12","110699815","110700119","47","23580394"
"chr5","134297948","134298233","chr11","97727292","97727572","40","36570656"
"chr5","134338408","134338699","chr5","87665336","87665620","47","46673072"
"chr5","134352302","134352599","chrX","86580996","86581293","37","47771306"
"chr5","134354973","134355256","chrUn_GL286397","204143","204413","53","134150830"
"chr5","134387787","134388101","chr2","203991405","203991713","52","69603618"
"chr5","134410150","134410424","chr22","12690646","12690925","37","121719504"
"chr5","134427464","134427770","chr10","21581528","21581830","48","112845936"
"chr5","134430656","134430961","chr2","7440171","7440473","44","126990485"
"chr5","134435988","134436281","chr5","140968757","140969050","37","6532769"
"chr5","134442513","134442819","chr2","162172264","162172572","43","27729751"
"chr5","134464517","134464812","chr2","31372053","31372354","43","103092464"
"chr5","134477217","134477519","chr6","7892688","7892995","50","126584529"
"chr5","134496561","134496865","chrX","10725445","10725745","44","123771116"
"chr5","134502710","134503010","chr22","28997304","28997607","36","105505406"
"chr5","134519321","134519606","chr15","20770296","20770585","42","113749025"
"chr5","134542742","134543026","chr5","26967484","26967769","44","107575258"
"chr5","134543391","134543706","chr15","83479661","83479973","42","51063730"
"chr5","134549242","134549377","chr13","28207770","28207902","15","106341472"
"chr5","134563075","134563334","chr10","121023087","121023337","49","13539988"
"chr5","134584959","134585279","chr9","104240252","104240561","52","30344707"
"chr5","134594018","134594328","chr10","126696429","126696740","39","7897589"
"chr5","134596455","134596756","chr1","141439713","141440021","59","6843258"
"chr5","134602597","134602907","chr7","30011356","30011665","43","104591241"
"chr5","134605523","134605640","chr5","95721121","95721237","12","38884402"
"chr5","134622840","134623149","chr1","137129532","137129843","39","2506692"
"chr5","134623159","134623461","chr1","188105254","188105557","42","53482095"
"chr5","134624626","134624924","chr18","4701650","4701950","45","129922976"
"chr5","134629981","134630092","chr9","29412822","29412931","14","105217159"
"chr5","134630502","134630808","chr1","137129532","137129843","44","2499030"
"chr5","134633240","134633535","chr5","94234310","94234606","40","40398930"
"chr5","134651296","134651595","chr2","162476838","162477137","41","27825542"
"chr5","134657987","134658279","chr7","100327979","100328271","41","34330008"
"chr5","134667932","134668125","chr2","66795192","66795379","21","67872740"
"chr5","134673488","134673759","chr2","31436123","31436403","37","103237365"
"chr5","134684431","134684736","chr1","168595556","168595859","42","33911125"
"chr5","134688668","134688979","chr11","123924507","123924822","43","10764161"
"chr5","134701018","134701146","chr5","106446206","106446330","13","28254812"
"chr5","134702754","134703064","chrX","47176701","47177007","38","87526053"
"chr5","134710854","134711167","chr6","17068239","17068542","43","117642615"
"chr5","134711564","134711756","chr5","133807866","133808071","53","903698"
"chr5","134712047","134712131","chr6","140194685","140194769","15","5482638"
"chr5","134718690","134718998","chr7","148985140","148985448","48","14266450"
"chr5","134719102","134719406","chr2","31479114","31479414","49","103239988"
"chr5","134720622","134720930","chr10","93472854","93473161","39","41247768"
"chr5","134729549","134729637","chr2","31492700","31492781","11","103236849"
"chr5","134735640","134735937","chr20","27822433","27822727","35","106913207"
"chr5","134753203","134753481","chr2","128107322","128107607","60","6645881"
"chr5","134754355","134754669","chr12","31281547","31281855","44","103472808"
"chr5","134793412","134793704","chr1","210140211","210140498","40","75346799"
"chr5","134799954","134800247","chr10","126287645","126287938","39","8512309"
"chr5","134835368","134835666","chr4","156698023","156698319","49","21862655"
"chr5","134839692","134839995","chr6","117236195","117236494","46","17603497"
"chr5","134849648","134849956","chr3","106655459","106655766","42","28194189"
"chr5","134867672","134867978","chr15","22401594","22401899","41","112466078"
"chr5","134870944","134871158","chr22","4284952","4285161","34","130585992"
"chr5","134877608","134877774","chrX","106480049","106480214","23","28397559"
"chr5","134878075","134878209","chr5","81321776","81321910","17","53556299"
"chr5","134878718","134879018","chr1","184817871","184818171","37","49939153"
"chr5","134879795","134880094","chr5","39544446","39544741","40","95335349"
"chr5","134889230","134889522","chr9","83881179","83881474","46","51008051"
"chr5","134890397","134890709","chr4","42695729","42696041","44","92194668"
"chr5","134897265","134897548","chr15","58592468","58592749","41","76304797"
"chr5","134903133","134903422","chr4","16350054","16350344","37","118553079"
"chr5","134908384","134908682","chr20","20042650","20042951","38","114865734"
"chr5","134932345","134932630","chr13","19501169","19501450","45","115431176"
"chr5","134953513","134953824","chr22","28997304","28997607","41","105956209"
"chr5","134954747","134955041","chr10","55872616","55872911","35","79082131"
"chr5","134968413","134968720","chr9","99935150","99935455","44","35033263"
"chr5","134981209","134981506","chr13","60731539","60731831","42","74249670"
"chr5","135022777","135023092","chr12","87913370","87913678","41","47109407"
"chr5","135144862","135145159","chr2","31929377","31929683","44","103215485"
"chr5","135270852","135271146","chr2","32059503","32059794","34","103211349"
"chr5","135403438","135403626","chr10","94523661","94523848","36","40879777"
"chr5","135504821","135505122","chr10","46916961","46917259","38","88587860"
"chr5","135507683","135507986","chr2","63925527","63925835","54","71582156"
"chr5","135563387","135563686","chr8","93697187","93697481","39","41866200"
"chr5","135611227","135611526","chr16","69379771","69380066","56","66231456"
"chr5","135740205","135740448","chrX","117776653","117776896","40","17963552"
"chr5","135744354","135744636","chr5","120684415","120684709","46","15059939"
"chr5","135759830","135760130","chr15","17424364","17424665","39","118335466"
"chr5","135893330","135893626","chr1","193266464","193266759","39","57373134"
"chr5","135929380","135929720","chr12","1551146","1551485","55","134378234"
"chr5","135933650","135933976","chr5","459489","459780","77","135474161"
"chr5","136009899","136010195","chr4","156698023","156698319","33","20688124"
"chr5","136096379","136096677","chr2","32888434","32888735","46","103207945"
"chr5","136241549","136241855","chr22","28997304","28997607","44","107244245"
"chr5","136388854","136389153","chr2","33173296","33173600","41","103215558"
"chr5","136573452","136573758","chr5","83113160","83113466","41","53460292"
"chr5","136636587","136636888","chr7","80047681","80047980","43","56588906"
"chr5","136689191","136689490","chr7","62365650","62365961","44","74323541"
"chr5","136740702","136741011","chr2","61800729","61801029","49","74939973"
"chr5","137064946","137065247","chr1","63503705","63504005","46","73561241"
"chr5","137216429","137216718","chr4","16350054","16350344","39","120866375"
"chr5","137283432","137283744","chr1","25957169","25957480","37","111326263"
"chr5","137324163","137324465","chr7","6894852","6895150","43","130429311"
"chr5","137340600","137340903","chr3","33077087","33077391","43","104263513"
"chr5","137488095","137488390","chr15","68809459","68809748","36","68678636"
"chr5","137518893","137519192","chr13","39885762","39886059","36","97633131"
"chr5","137525461","137525726","chrY","676395","676651","44","136849066"
"chr5","137556941","137557231","chr5","65031296","65031585","44","72525645"
"chr5","137663085","137663356","chr1","138060195","138060467","37","397110"
"chr5","137680892","137681022","chr2","34521298","34521420","23","103159594"
"chr5","137757332","137757553","chr5","82730847","82731065","55","55026485"
"chr5","137781964","137782247","chr10","46768669","46768960","47","91013295"
"chr5","137798355","137798651","chr6","85210606","85210909","39","52587749"
"chr5","137811020","137811326","chr22","33981676","33981980","38","103829344"
"chr5","137826746","137827028","chr2","34681006","34681291","36","103145740"
"chr5","137854058","137854351","chr15","25331004","25331299","47","112523054"
"chr5","137862574","137862890","chr3","119208858","119209170","53","18653716"
"chr5","137879014","137879235","chr5","40853670","40853887","39","97025344"
"chr5","137895608","137895894","chr1","195125022","195125304","52","57229414"
"chr5","137912366","137912666","chr5","94234310","94234606","37","43678056"
"chr5","137913492","137913849","chr1","77884185","77884505","89","60029307"
"chr5","137921079","137921376","chr6","17068239","17068542","41","120852840"
"chr5","137923000","137923314","chr5","15342496","15342804","46","122580504"
"chr5","137934527","137934817","chr6","156886623","156886893","60","18952096"
"chr5","137964076","137964411","chr12","22619713","22620054","78","115344363"
"chr5","137964439","137964731","chr4","22365048","22365343","39","115599391"
"chr5","137964885","137965182","chr7","4838284","4838577","47","133126601"
"chr5","137981504","137981801","chr1","15931085","15931383","34","122050419"
"chr5","137993501","137993816","chr17","24010629","24010937","52","113982872"
"chr5","138015422","138015726","chr6","17068239","17068542","40","120947183"
"chr5","138057782","138058075","chr11","17740738","17741037","47","120317044"
"chr5","138066912","138067233","chr5","26961498","26961795","56","111105414"
"chr5","138080041","138080340","chr5","35735021","35735325","48","102345020"
"chr5","138098103","138098114","chr5","92524075","92524085","3","45574028"
"chr5","138098403","138098582","chr3","53757892","53758068","39","84340511"
"chr5","138101717","138102015","chr10","16033492","16033786","45","122068225"
"chr5","138105493","138105787","chr3","142534037","142534332","44","4428544"
"chr5","138119020","138119193","chrUn_GL286397","305059","305228","37","137813961"
"chr5","138119498","138119634","chr11","24237115","24237250","15","113882383"
"chr5","138122672","138122979","chr3","106655459","106655766","37","31467213"
"chr5","138125615","138125913","chr9","44828899","44829193","44","93296716"
"chr5","138130507","138130640","chr1","192584314","192584448","17","54453807"
"chr5","138151654","138151832","chrX","106480049","106480214","33","31671605"
"chr5","138152156","138152289","chr5","158422918","158423048","14","20270762"
"chr5","138173116","138173410","chrX","137946355","137946647","43","226761"
"chr5","138190187","138190482","chr13","95665824","95666115","46","42524363"
"chr5","138209927","138210232","chr9","15982483","15982780","43","122227444"
"chr5","138227468","138227765","chr1","157959927","157960225","37","19732459"
"chr5","138229716","138230016","chr3","53287845","53288140","43","84941871"
"chr5","138232481","138232774","chr2","35101707","35101995","43","103130774"
"chr5","138236111","138236408","chr9","91425073","91425372","38","46811038"
"chr5","138246195","138246500","chr2","31372053","31372354","37","106874142"
"chr5","138284400","138284666","chr4","10516598","10516864","42","127767802"
"chr5","138284867","138285134","chr11","5462192","5462471","51","132822675"
"chr5","138296411","138296608","chr7","85958195","85958373","49","52338216"
"chr5","138297211","138297360","chr1","139293001","139293149","27","995790"
"chr5","138299214","138299525","chrX","98649902","98650213","42","39649312"
"chr5","138302005","138302296","chr2","56700759","56701042","40","81601246"
"chr5","138318048","138318333","chr4","34040893","34041179","46","104277155"
"chr5","138327864","138328166","chr6","132370017","132370315","37","5957847"
"chr5","138363909","138364218","chr2","35243468","35243771","52","103120441"
"chr5","138397555","138397876","chr14","34700569","34700881","57","103696986"
"chr5","138416308","138416610","chrUn_GL286451","117883","118189","38","138298425"
"chr5","138416836","138417120","chr19","28847007","28847290","41","109569829"
"chr5","138418070","138418379","chr5","150153039","150153350","45","11734969"
"chr5","138422355","138422661","chr1","190336387","190336690","50","51914032"
"chr5","138425727","138426024","chr9","58561172","58561467","50","79864555"
"chr5","138441644","138441947","chr6","17068239","17068542","40","121373405"
"chr5","138447625","138447889","chr22","9886250","9886514","35","128561375"
"chr5","138452329","138452626","chr5","26961498","26961795","35","111490831"
"chr5","138476052","138476327","chr10","15634508","15634789","49","122841544"
"chr5","138496638","138496916","chrUn_GL286684","643","933","48","138495995"
"chr5","138499237","138499552","chr15","83479661","83479973","43","55019576"
"chr5","138515148","138515451","chr20","23337174","23337477","48","115177974"
"chr5","138518227","138518512","chr2","35405245","35405530","37","103112982"
"chr5","138530580","138530864","chr10","102497598","102497877","47","36032982"
"chr5","138538203","138538489","chr5","85853458","85853744","34","52684745"
"chr5","138550744","138551008","chr14","3719987","3720247","40","134830757"
"chr5","138557265","138557336","chr14","64714658","64714724","15","73842607"
"chr5","138573379","138573668","chr2","35458806","35459087","58","103114573"
"chr5","138577518","138577796","chr2","2700473","2700739","57","135877045"
"chr5","138578835","138578966","chr5","81520581","81520712","17","57058254"
"chr5","138599309","138599601","chr12","24543462","24543756","45","114055847"
"chr5","138614276","138614586","chr1","137129532","137129843","46","1484744"
"chr5","138619817","138620121","chr6","22245167","22245459","57","116374650"
"chr5","138622787","138623087","chr7","25989853","25990154","44","112632934"
"chr5","138623834","138624146","chrX","124381299","124381609","45","14242535"
"chr5","138624153","138624251","chr22","42444208","42444302","20","96179945"
"chr5","138626842","138627132","chr13","59154693","59154990","47","79472149"
"chr5","138637718","138638029","chr3","165518689","165518997","36","26880971"
"chr5","138638263","138638563","chr12","98246373","98246670","46","40391890"
"chr5","138665594","138665905","chr14","79148123","79148432","44","59517471"
"chr5","138675219","138675381","chr3","111685733","111685898","23","26989486"
"chr5","138689089","138689386","chr5","84826899","84827194","39","53862190"
"chr5","138690107","138690392","chr5","130983695","130983982","45","7706412"
"chr5","138706154","138706461","chr11","90362836","90363145","40","48343318"
"chr5","138711377","138711638","chr7","28543437","28543698","45","110167940"
"chr5","138740458","138740776","chr5","124338115","124338421","62","14402343"
"chr5","138741051","138741343","chr19","17553942","17554236","53","121187109"
"chr5","138743104","138743400","chr5","10038314","10038610","43","128704790"
"chr5","138760372","138760665","chr16","61819076","61819365","46","76941296"
"chr5","138761238","138761529","chr5","132862951","132863249","51","5898287"
"chr5","138768260","138768551","chr22","18284977","18285265","50","120483283"
"chr5","138784074","138784203","chr5","27582018","27582146","20","111202056"
"chr5","138785554","138785739","chrX","128210614","128210799","32","10574940"
"chr5","138785791","138785893","chr12","2053706","2053807","14","136732085"
"chr5","138799038","138799156","chr1","139632258","139632387","40","833220"
"chr5","138816701","138816999","chr3","138159195","138159493","45","657506"
"chr5","138838017","138838200","chr3","165836825","165837009","35","26998808"
"chr5","138851476","138851773","chr18","31994227","31994522","38","106857249"
"chr5","138853162","138853247","chr2","9987287","9987373","12","128865875"
"chr5","138901158","138901459","chr12","104538434","104538732","50","34362724"
"chr5","138907010","138907319","chr9","101796262","101796572","46","37110748"
"chr5","138980923","138981233","chr8","90070086","90070388","51","48910837"
"chr5","138989268","138989403","chr2","35868575","35868711","12","103120693"
"chr5","138997573","138997858","chr6","143889066","143889352","41","4891493"
"chr5","139026320","139026622","chr21","32861641","32861942","42","106164679"
"chr5","139041523","139041842","chr1","82669756","82670065","53","56371767"
"chr5","139086683","139086964","chr19","6867541","6867823","42","132219142"
"chr5","139095263","139095560","chr4","26335541","26335842","40","112759722"
"chr5","139198840","139199145","chr22","28997304","28997607","38","110201536"
"chr5","139208399","139208702","chr20","27529242","27529530","54","111679157"
"chr5","139209195","139209495","chr2","36078951","36079248","43","103130244"
"chr5","139210345","139210639","chr4","12463368","12463662","48","126746977"
"chr5","139218663","139218954","chr2","36088695","36088978","31","103129968"
"chr5","139233536","139233839","chr13","35663090","35663393","41","103570446"
"chr5","139249514","139249830","chr2","36118562","36118865","49","103130952"
"chr5","139252785","139253069","chr1","202394399","202394681","38","63141614"
"chr5","139269077","139269364","chr2","36137456","36137740","42","103131621"
"chr5","139270610","139270911","chr7","145693234","145693534","40","6422624"
"chr5","139286563","139286857","chr7","87849905","87850200","38","51436658"
"chr5","139290179","139290434","chr4","153251075","153251339","44","13960896"
"chr5","139301324","139301621","chr14","83739394","83739686","38","55561930"
"chr5","139313903","139314216","chr3","11970151","11970462","57","127343752"
"chr5","139323629","139323903","chr2","36216200","36216476","47","103107429"
"chr5","139331869","139332131","chr2","15218423","15218691","64","124113446"
"chr5","139346819","139347108","chr3","151588626","151588920","48","12241807"
"chr5","139356598","139356908","chr2","31372053","31372354","46","107984545"
"chr5","139359143","139359436","chr4","22365048","22365343","41","116994095"
"chr5","139359688","139359956","chr9","18645261","18645527","45","120714427"
"chr5","139361663","139361955","chr7","103841183","103841481","42","35520480"
"chr5","139362212","139362405","chrX","128210614","128210799","39","11151598"
"chr5","139362710","139362839","chr14","65544687","65544821","18","73818023"
"chr5","139373170","139373478","chr10","127954939","127955242","46","11418231"
"chr5","139410758","139411068","chr5","94532768","94533076","44","44877990"
"chr5","139430587","139430870","chr7","63031274","63031550","43","76399313"
"chr5","139448058","139448375","chr21","40584762","40585072","51","98863296"
"chr5","139449340","139449638","chr4","16350054","16350344","37","123099286"
"chr5","139455695","139455841","chr3","258844","258974","26","139196851"
"chr5","139456146","139456273","chr14","80967538","80967655","38","58488608"
"chr5","139458565","139458875","chr1","137129532","137129843","39","2329033"
"chr5","139478948","139479233","chr5","80700303","80700590","41","58778645"
"chr5","139489041","139489349","chr7","53651921","53652230","43","85837120"
"chr5","139492231","139492530","chr6","109618442","109618737","31","29873789"
"chr5","139498449","139498779","chr5","109327282","109327597","60","30171167"
"chr5","139499666","139499963","chr13","114718297","114718592","39","24781369"
"chr5","139502488","139502781","chr9","85621834","85622126","38","53880654"
"chr5","139514929","139515240","chr15","22401594","22401899","42","117113335"
"chr5","139522562","139522697","chr1","172218988","172219121","9","32696426"
"chr5","139541017","139541312","chr15","61219971","61220268","42","78321046"
"chr5","139541772","139541905","chr2","7551060","7551193","15","131990712"
"chr5","139545728","139546026","chr5","5052462","5052757","42","134493266"
"chr5","139546488","139546785","chr14","69346156","69346451","46","70200332"
"chr5","139567530","139567833","chr6","17068239","17068542","32","122499291"
"chr5","139572645","139572939","chr1","202589323","202589615","49","63016678"
"chr5","139578956","139579134","chrUn_GL286397","305059","305228","31","139273897"
"chr5","139579447","139579589","chr15","24947299","24947432","25","114632148"
"chr5","139582267","139582510","chr11","32759698","32759945","37","106822569"
"chr5","139589279","139589553","chr1","100768727","100769004","52","38820552"
"chr5","139599800","139600097","chr5","94234310","94234606","46","45365490"
"chr5","139604141","139604436","chr4","156698023","156698319","44","17093882"
"chr5","139619118","139619410","chr1","172257719","172258009","49","32638601"
"chr5","139656741","139657024","chr19","6867541","6867823","34","132789200"
"chr5","139717492","139717794","chr9","37569669","37569973","39","102147823"
"chr5","139721208","139721510","chr1","27883875","27884177","40","111837333"
"chr5","139732846","139733151","chr22","28997304","28997607","33","110735542"
"chr5","139735200","139735483","chr8","97143744","97144032","51","42591456"
"chr5","139735568","139735877","chr6","17068239","17068542","38","122667329"
"chr5","139767303","139767614","chr18","39712282","39712591","44","100055021"
"chr5","139780432","139780740","chr1","181544452","181544757","46","41764020"
"chr5","139792940","139793243","chr7","148985140","148985448","50","9192200"
"chr5","139800430","139800574","chr1","135081425","135081558","30","4719005"
"chr5","139932993","139933296","chr7","58066603","58066906","36","81866390"
"chr5","139939264","139939574","chr12","43959451","43959753","47","95979813"
"chr5","139972445","139972733","chrX","18278852","18279145","36","121693593"
"chr5","139985079","139985356","chr8","32478813","32479091","38","107506266"
"chr5","140046204","140046499","chrX","45981223","45981523","49","94064981"
"chr5","140129974","140130283","chr8","91012702","91013008","48","49117272"
"chr5","140157770","140158083","chr2","37047869","37048171","42","103109901"
"chr5","140167917","140168217","chr2","37058376","37058669","42","103109541"
"chr5","140169826","140170105","chrX","105924911","105925188","44","34244915"
"chr5","140170145","140170161","chrX","140734729","140734741","4","564584"
"chr5","140171778","140172087","chr7","57213096","57213404","43","82958682"
"chr5","140211665","140211944","chr9","44537673","44537953","36","95673992"
"chr5","140250935","140251235","chr4","107038485","107038784","45","33212450"
"chr5","140260880","140261185","chr6","17068239","17068542","39","123192641"
"chr5","140268374","140268664","chr2","37171700","37171990","38","103096674"
"chr5","140300045","140300328","chr12","100785810","100786105","54","39514235"
"chr5","140328680","140328962","chr10","45839169","45839455","42","94489511"
"chr5","140340013","140340297","chr14","85332985","85333271","43","55007028"
"chr5","140373912","140374211","chr11","129228765","129229067","54","11145147"
"chr5","140379953","140380090","chr9","15979242","15979372","17","124400711"
"chr5","140387212","140387510","chr6","17068239","17068542","35","123318973"
"chr5","140389006","140389123","chr21","9658086","9658201","15","130730920"
"chr5","140389175","140389340","chrX","106480049","106480214","24","33909126"
"chr5","140390150","140390302","chr5","64547457","64547612","36","75842693"
"chr5","140390598","140390735","chr10","98643557","98643688","18","41747041"
"chr5","140390899","140391187","chr2","37299383","37299672","36","103091516"
"chr5","140397745","140397879","chr6","84247135","84247271","10","56150610"
"chr5","140399842","140400140","chr5","94234310","94234606","39","46165532"
"chr5","140415440","140415737","chr5","26961498","26961795","35","113453942"
"chr5","140435701","140435834","chr7","64686118","64686250","22","75749583"
"chr5","140437421","140437726","chr5","26961498","26961795","44","113475923"
"chr5","140446367","140446668","chr5","66580234","66580523","41","73866133"
"chr5","140463649","140463971","chr9","100258454","100258773","58","40205195"
"chr5","140488618","140488904","chr5","74809771","74810060","45","65678847"
"chr5","140500365","140500678","chr1","137129532","137129843","42","3370833"
"chr5","140525590","140525850","chr10","8736436","8736699","36","131789154"
"chr5","140543683","140543987","chr2","37438788","37439093","29","103104895"
"chr5","140546943","140547208","chr7","72115382","72115644","46","68431561"
"chr5","140575769","140576058","chr13","43918238","43918525","42","96657531"
"chr5","140577911","140578045","chr1","172218988","172219121","17","31641077"
"chr5","140602481","140602763","chr1","130305122","130305403","44","10297359"
"chr5","140607780","140608089","chr18","10830546","10830857","44","129777234"
"chr5","140617144","140617279","chr19","14312085","14312218","13","126305059"
"chr5","140617566","140617748","chr5","137951668","137951842","35","2665898"
"chr5","140628432","140628739","chr6","141170248","141170551","43","541816"
"chr5","140649200","140649514","chr19","43463036","43463348","47","97186164"
"chr5","140649572","140649832","chr11","109240498","109240754","45","31409074"
"chr5","140656203","140656479","chr2","37562461","37562751","44","103093742"
"chr5","140681383","140681685","chr9","99101995","99102300","47","41579388"
"chr5","140687821","140688103","chr4","34845790","34846071","38","105842031"
"chr5","140709792","140710103","chr1","168595556","168595859","48","27885764"
"chr5","140717971","140718282","chr7","53651921","53652230","49","87066050"
"chr5","140730512","140730798","chr5","80700303","80700590","43","60030209"
"chr5","140738732","140739029","chr7","6894852","6895150","36","133843880"
"chr5","140776966","140777274","chr22","31745442","31745750","45","109031524"
"chr5","140778656","140778956","chr2","37684865","37685162","35","103093791"
"chr5","140779248","140779539","chr6","149299474","149299765","43","8520226"
"chr5","140924607","140924896","chr1","192940413","192940691","51","52015806"
"chr5","140924941","140924954","chr5","92524075","92524085","3","48400866"
"chr5","141003341","141003612","chr9","7477571","7477837","43","133525770"
"chr5","141031478","141031778","chrX","93623389","93623691","45","47408089"
"chr5","141069216","141069517","chr10","8727584","8727879","48","132341632"
"chr5","141070627","141070925","chr2","129057586","129057890","48","12013041"
"chr5","141083599","141083891","chr12","100785810","100786105","36","40297789"
"chr5","141128778","141129076","chr2","38059463","38059759","40","103069315"
"chr5","141154951","141155252","chr13","18729449","18729750","44","122425502"
"chr5","141262274","141262570","chr11","74796328","74796615","40","66465946"
"chr5","141269518","141269809","chr15","60365992","60366282","42","80903526"
"chr5","141299498","141299777","chr13","31945061","31945345","43","109354437"
"chr5","141328847","141328969","chr11","63186025","63186149","18","78142822"
"chr5","141352708","141353006","chr15","49359997","49360293","52","91992711"
"chr5","141379922","141380199","chr10","101732804","101733077","39","39647118"
"chr5","141405387","141405777","chr5","122078982","122079323","103","19326405"
"chr5","141450007","141450312","chr7","6894852","6895150","47","134555155"
"chr5","141467051","141467352","chr22","7822716","7823014","36","133644335"
"chr5","141497541","141497835","chr10","92853066","92853365","41","48644475"
"chr5","141531480","141531787","chr9","11967801","11968108","48","129563679"
"chr5","141541406","141541713","chr7","66105076","66105385","39","75436330"
"chr5","141553008","141553275","chr5","64187805","64188069","42","77365203"
"chr5","141593816","141594096","chr4","13548026","13548304","47","128045790"
"chr5","141601304","141601587","chr9","103712473","103712757","51","37888831"
"chr5","141726360","141726631","chr2","10593959","10594242","50","131132401"
"chr5","141797849","141798155","chr10","126287645","126287938","44","15510204"
"chr5","141820621","141820923","chr18","3287014","3287306","41","138533607"
"chr5","141829149","141829456","chr3","106655459","106655766","45","35173690"
"chr5","141884276","141884585","chr5","83113160","83113466","45","58771116"
"chr5","141887019","141887329","chr10","90431710","90432016","44","51455309"
"chr5","141888373","141888668","chr13","57414367","57414663","38","84474006"
"chr5","141912644","141912946","chr1","182969072","182969372","42","41056428"
"chr5","141999573","141999874","chr2","38997113","38997412","39","103002460"
"chr5","142008445","142008740","chr5","140968757","140969050","38","1039688"
"chr5","142018922","142019188","chrX","39387728","39387995","30","102631194"
"chr5","142041073","142041377","chr4","149992499","149992801","47","7951426"
"chr5","142059120","142059415","chr2","39059075","39059368","35","103000045"
"chr5","142067277","142067616","chr3","3804205","3804512","97","138263072"
"chr5","142079847","142080144","chr11","16894966","16895258","34","125184881"
"chr5","142081386","142081696","chr4","53071595","53071899","38","89009791"
"chr5","142083314","142083618","chr11","118075028","118075334","36","24008286"
"chr5","142090436","142090735","chr5","94234310","94234606","39","47856126"
"chr5","142092501","142092821","chrUn_GL286451","117883","118189","53","141974618"
"chr5","142093126","142093425","chr7","58066603","58066906","39","84026523"
"chr5","142101828","142102084","chr18","8416396","8416653","44","133685432"
"chr5","142102140","142102430","chr12","113708774","113709065","47","28393366"
"chr5","142111787","142112095","chr7","27723949","27724254","41","114387838"
"chr5","142122966","142123262","chr5","39544446","39544741","37","102578520"
"chr5","142142646","142142940","chr1","168595556","168595859","46","26452910"
"chr5","142172391","142172687","chr2","39166809","39167108","52","103005582"
"chr5","142174495","142174791","chr14","83739394","83739686","42","58435101"
"chr5","142195756","142196062","chr3","106655459","106655766","40","35540297"
"chr5","142197457","142197564","chr2","39193533","39193637","14","103003924"
"chr5","142198617","142198872","chr22","10091673","10091926","40","132106944"
"chr5","142199736","142200049","chrX","124381299","124381609","36","17818437"
"chr5","142207951","142208249","chr10","18062344","18062642","43","124145607"
"chr5","142215428","142215727","chr7","6894852","6895150","41","135320576"
"chr5","142219542","142219785","chr22","37327817","37328060","39","104891725"
"chr5","142230972","142231256","chr11","15919850","15920134","42","126311122"
"chr5","142231292","142231319","chr10","17789322","17789342","8","124441970"
"chr5","142261174","142261485","chr15","34094508","34094819","35","108166666"
"chr5","142262872","142263180","chr3","106655459","106655766","48","35607413"
"chr5","142273029","142273330","chr18","8503340","8503640","42","133769689"
"chr5","142278367","142278682","chr1","187131170","187131479","46","44852803"
"chr5","142288197","142288500","chr1","210023077","210023381","43","67734880"
"chr5","142300025","142300336","chr9","11967801","11968108","42","130332224"
"chr5","142302523","142302656","chr7","144987726","144987861","14","2685203"
"chr5","142305586","142305736","chr2","2530687","2530836","17","139774899"
"chr5","142309619","142309913","chr4","12463368","12463662","49","129846251"
"chr5","142339336","142339441","chr5","110026400","110026508","29","32312936"
"chr5","142339725","142339820","chr5","121077183","121077276","13","21262542"
"chr5","142361566","142361868","chr5","35217281","35217578","39","107144285"
"chr5","142374113","142374206","chr1","180878830","180878920","17","38504717"
"chr5","142392181","142392426","chr14","83437585","83437826","50","58954596"
"chr5","142407625","142407903","chr2","56700759","56701042","35","85706866"
"chr5","142417268","142417586","chr4","48753799","48754115","57","93663469"
"chr5","142448255","142448544","chr9","20122679","20122976","46","122325576"
"chr5","142451617","142451909","chr5","94234310","94234606","39","48217307"
"chr5","142477504","142477800","chr13","95665824","95666115","46","46811680"
"chr5","142497758","142498037","chr4","106189513","106189789","38","36308245"
"chr5","142533386","142533688","chr1","92793023","92793318","39","49740363"
"chr5","142558960","142559265","chr9","11967801","11968108","40","130591159"
"chr5","142563829","142564131","chr3","177773552","177773857","40","35209723"
"chr5","142584274","142584577","chr22","28997304","28997607","46","113586970"
"chr5","142588049","142588314","chr2","39592552","39592821","32","102995497"
"chr5","142647797","142648108","chr1","168595556","168595859","46","25947759"
"chr5","142701300","142701679","chr2","39720062","39720436","54","102981238"
"chr5","142741718","142742029","chr2","39762930","39763232","43","102978788"
"chr5","142762790","142763085","chr2","18780256","18780558","42","123982534"
"chr5","142766688","142766982","chr14","64670666","64670960","36","78096022"
"chr5","142787993","142788300","chr6","17068239","17068542","39","125719754"
"chr5","142853173","142853490","chr3","90874267","90874573","55","51978906"
"chr5","142889331","142889623","chr7","69960247","69960536","40","72929084"
"chr5","142915354","142915659","chr12","83078942","83079243","40","59836412"
"chr5","142942776","142943080","chr22","35774174","35774471","41","107168602"
"chr5","142951073","142951359","chr4","38209077","38209362","36","104741996"
"chr5","142971900","142972195","chr10","16033492","16033786","34","126938408"
"chr5","142983217","142983505","chr2","8798514","8798801","44","134184703"
"chr5","143047814","143048148","chr15","23163157","23163462","71","119884657"
"chr5","143048272","143048560","chr22","30202132","30202421","42","112846140"
"chr5","143097057","143097381","chr7","9093350","9093661","58","134003707"
"chr5","143100809","143101117","chr3","2808599","2808903","48","140292210"
"chr5","143104228","143104535","chr8","50068578","50068880","43","93035650"
"chr5","143151674","143151967","chr6","147894727","147895020","39","4743053"
"chr5","143157166","143157477","chr12","27257719","27258031","42","115899447"
"chr5","143167187","143167512","chr17","54870851","54871173","61","88296336"
"chr5","143177988","143178299","chr5","134608851","134609157","38","8569137"
"chr5","143225177","143225488","chr1","168595556","168595859","43","25370379"
"chr5","143241371","143241681","chrX","15630442","15630752","48","127610929"
"chr5","143246828","143247136","chr3","106655459","106655766","37","36591369"
"chr5","143274356","143274534","chr11","73238953","73239132","38","70035403"
"chr5","143274817","143274953","chr5","80409687","80409818","16","62865130"
"chr5","143336690","143336983","chr2","40377665","40377943","51","102959025"
"chr5","143345223","143345509","chr1","42156505","42156788","37","101188718"
"chr5","143475978","143476299","chr11","115033128","115033436","55","28442850"
"chr5","143485892","143486177","chr15","24792039","24792329","54","118693853"
"chr5","143565231","143565524","chr16","69698488","69698782","36","73866743"
"chr5","143590561","143590840","chr22","45658818","45659100","43","97931743"
"chr5","143704693","143704870","chr22","16301111","16301275","37","127403582"
"chr5","143704899","143705024","chr7","100066534","100066660","21","43638365"
"chr5","143718413","143718716","chr4","104604845","104605146","46","39113568"
"chr5","143725299","143725610","chr15","34094508","34094819","46","109630791"
"chr5","143736386","143736682","chrX","48715348","48715640","34","95021038"
"chr5","143933497","143933795","chr19","17020118","17020413","50","126913379"
"chr5","143990828","143991129","chr4","158766463","158766761","47","14775635"
"chr5","144000001","144000228","chr22","31518540","31518771","38","112481461"
"chr5","144064310","144064610","chr1","185490088","185490389","43","41425778"
"chr5","144276623","144276918","chr13","114718297","114718592","39","29558326"
"chr5","144375837","144376091","chr6","95805859","95806095","53","48569978"
"chr5","144412605","144412900","chr22","37875133","37875426","39","106537472"
"chr5","144852268","144852569","chr4","54721559","54721862","45","90130709"
"chr5","145035348","145035617","chr2","39255838","39256101","44","105779510"
"chr5","145047585","145047880","chr7","13685050","13685333","66","131362535"
"chr5","145048895","145049167","chr1","138060195","138060467","42","6988700"
"chr5","145181873","145182165","chr14","5921690","5921981","46","139260183"
"chr5","145195391","145195671","chr11","15919850","15920134","33","129275541"
"chr5","145302155","145302437","chr9","64655901","64656181","56","80646254"
"chr5","145353180","145353491","chr15","83010481","83010777","58","62342699"
"chr5","145498520","145498877","chr3","21104959","21105285","75","124393561"
"chr5","145566558","145566892","chr14","85439538","85439863","59","60127020"
"chr5","145567395","145567676","chr5","127569597","127569880","38","17997798"
"chr5","145611173","145611463","chr2","42775032","42775322","28","102836141"
"chr5","145674662","145674946","chrX","44080146","44080427","51","101594516"
"chr5","145677153","145677453","chr9","99776089","99776389","35","45901064"
"chr5","145689987","145690291","chr6","17068239","17068542","55","128621748"
"chr5","145774958","145775254","chr5","94234310","94234606","44","51540648"
"chr5","145809027","145809341","chr9","101796262","101796572","56","44012765"
"chr5","145824944","145825255","chr21","35849518","35849828","37","109975426"
"chr5","145832172","145832484","chr5","41190460","41190769","46","104641712"
"chr5","145890080","145890388","chr15","20912636","20912943","50","124977444"
"chr5","145915503","145915756","chr2","43057964","43058207","29","102857539"
"chr5","145956266","145956575","chr9","99935150","99935455","42","46021116"
"chr5","145967647","145967959","chr20","35855711","35856022","36","110111936"
"chr5","146002171","146002469","chr4","168156555","168156848","40","22154384"
"chr5","146022210","146022463","chr5","84751615","84751872","48","61270595"
"chr5","146022592","146022872","chrUn_GL288700","6268","6551","37","146016324"
"chr5","146023199","146023508","chr2","43176626","43176926","45","102846573"
"chr5","146034825","146035121","chr22","36640923","36641218","41","109393902"
"chr5","146063578","146063884","chr9","102725942","102726249","43","43337636"
"chr5","146090252","146090534","chr4","155495685","155495965","43","9405433"
"chr5","146139061","146139387","chr12","4240854","4241177","52","141898207"
"chr5","146146722","146147011","chr6","147894727","147895020","47","1748005"
"chr5","146150656","146150936","chr22","8073489","8073766","43","138077167"
"chr5","146168416","146168717","chr5","124338115","124338421","62","21830301"
"chr5","146173066","146173363","chr13","43825085","43825367","59","102347981"
"chr5","146175264","146175557","chr7","59860278","59860579","50","86314986"
"chr5","146180251","146180535","chr12","17807751","17808040","57","128372500"
"chr5","146181929","146182239","chr1","210023077","210023381","48","63841148"
"chr5","146192380","146192658","chr15","37619139","37619418","36","108573241"
"chr5","146228276","146228581","chr3","106655459","106655766","41","39572817"
"chr5","146248469","146248765","chr2","43431963","43432263","35","102816506"
"chr5","146290964","146291102","chr2","7944753","7944891","19","138346211"
"chr5","146296002","146296296","chr22","28997304","28997607","44","117298698"
"chr5","146297926","146298192","chr15","7698304","7698571","42","138599622"
"chr5","146299687","146299807","chr5","95721121","95721237","19","50578566"
"chr5","146299820","146300123","chr1","188105254","188105557","38","41805434"
"chr5","146302777","146302862","chr6","149671811","149671898","13","3369034"
"chr5","146306495","146306794","chr5","120684415","120684709","39","25622080"
"chr5","146315622","146315923","chr9","115044282","115044584","39","31271340"
"chr5","146329245","146329532","chr4","139025673","139025963","44","7303572"
"chr5","146350295","146350609","chr9","101796262","101796572","41","44554033"
"chr5","146354047","146354360","chrX","47176701","47177007","42","99177346"
"chr5","146363689","146363932","chr12","48747343","48747600","45","97616346"
"chr5","146382196","146382502","chr12","56510025","56510324","48","89872171"
"chr5","146428071","146428366","chr9","37605194","37605489","51","108822877"
"chr5","146452582","146452887","chr2","151564441","151564740","48","5111859"
"chr5","146485704","146485994","chr2","43672844","43673128","40","102812860"
"chr5","146504765","146505055","chrX","106830287","106830578","37","39674478"
"chr5","146544775","146545057","chr13","29004459","29004743","41","117540316"
"chr5","146567079","146567373","chr14","5921690","5921981","38","140645389"
"chr5","146627950","146628244","chr1","175742404","175742704","38","29114454"
"chr5","146670514","146670794","chr13","61522239","61522528","48","85148275"
"chr5","146708074","146708370","chr3","106854047","106854341","45","39854027"
"chr5","146766776","146767072","chr7","77979454","77979753","42","68787322"
"chr5","146770047","146770358","chr1","156164792","156165101","46","9394745"
"chr5","146830530","146830771","chr14","21170276","21170525","39","125660254"
"chr5","147086429","147086723","chr10","14603732","14604030","44","132482697"
"chr5","147113448","147113758","chr3","21055528","21055838","45","126057920"
"chr5","147253499","147253655","chr5","126146453","126146604","22","21107046"
"chr5","147297688","147297993","chr5","63326522","63326817","49","83971166"
"chr5","147381361","147381660","chr20","23248359","23248652","45","124133002"
"chr5","147389610","147389888","chr5","107404734","107405006","44","39984876"
"chr5","147423698","147424024","chr1","27883875","27884177","63","119539823"
"chr5","147537508","147537816","chr3","106655459","106655766","37","40882049"
"chr5","147539555","147539865","chr2","44758776","44759080","44","102780779"
"chr5","147540845","147541146","chr8","117054920","117055214","49","30485925"
"chr5","147561876","147562169","chr2","44786356","44786630","47","102775520"
"chr5","147585093","147585387","chr7","43970240","43970527","52","103614853"
"chr5","147589165","147589467","chr6","141003358","141003658","39","6585807"
"chr5","147679002","147679280","chr4","140046894","140047175","42","7632108"
"chr5","147683208","147683506","chr1","15931085","15931383","40","131752123"
"chr5","147736174","147736490","chr5","114232117","114232428","55","33504057"
"chr5","147825411","147825740","chr16","38005025","38005333","53","109820386"
"chr5","147894780","147895075","chr14","65187018","65187315","42","82707762"
"chr5","147895141","147895295","chr1","171773189","171773324","39","23878048"
"chr5","147948057","147948374","chr9","65482313","65482627","44","82465744"
"chr5","147990780","147991066","chr5","110822730","110823010","46","37168050"
"chr5","148017256","148017516","chr11","121124786","121125050","48","26892470"
"chr5","148068821","148069112","chr1","204099842","204100135","43","56031021"
"chr5","148105608","148105923","chr3","21055528","21055838","45","127050080"
"chr5","148195558","148195865","chr9","1997745","1998052","48","146197813"
"chr5","148248257","148248578","chr1","82669756","82670065","60","65578501"
"chr5","148334429","148334725","chr4","43053382","43053677","42","105281047"
"chr5","148389747","148390047","chrX","86580996","86581293","39","61808751"
"chr5","148480374","148480652","chr12","80380871","80381137","54","68099503"
"chr5","148678981","148679277","chr5","5052462","5052757","40","143626519"
"chr5","148693051","148693345","chr6","17068239","17068542","46","131624812"
"chr5","148715643","148715935","chr3","45658377","45658667","41","103057266"
"chr5","148766093","148766408","chr13","15437236","15437540","51","133328857"
"chr5","148876833","148877125","chr4","11116373","11116655","43","137760460"
"chr5","149125060","149125341","chr2","10593959","10594242","38","138531101"
"chr5","149160173","149160484","chr5","99799393","99799697","51","49360780"
"chr5","149232024","149232327","chr13","100406661","100406961","44","48825363"
"chr5","149287571","149287881","chr3","106655459","106655766","64","42632112"
"chr5","149307874","149308163","chr14","69316202","69316499","42","79991672"
"chr5","149321447","149321750","chr9","53300055","53300358","48","96021392"
"chr5","149332115","149332405","chr7","63062538","63062830","37","86269577"
"chr5","149334630","149334907","chr20","28899074","28899346","54","120435556"
"chr5","149342630","149342922","chr6","147894727","147895020","35","1447903"
"chr5","149356566","149356868","chr15","25321014","25321315","40","124035552"
"chr5","149386745","149387005","chr16","88125752","88126009","36","61260993"
"chr5","149395661","149395952","chr10","83385365","83385651","46","66010296"
"chr5","149464107","149464383","chr1","175000063","175000324","63","25535956"
"chr5","149468171","149468430","chr4","139234721","139234981","43","10233450"
"chr5","149470459","149470768","chr2","203991405","203991713","44","54520946"
"chr5","149472219","149472540","chr2","8426666","8426970","55","141045553"
"chr5","149474865","149475172","chr11","116865734","116866037","48","32609131"
"chr5","149490823","149491140","chr12","90374628","90374951","71","59116195"
"chr5","149491857","149492156","chr6","17068239","17068542","42","132423618"
"chr5","149502771","149503064","chr6","11754922","11755223","37","137747849"
"chr5","149506238","149506534","chr5","84240183","84240482","45","65266055"
"chr5","149516038","149516359","chr18","32139637","32139952","56","117376401"
"chr5","149535632","149535945","chr13","100924887","100925189","52","48610745"
"chr5","149541695","149541995","chr6","47993150","47993459","42","101548545"
"chr5","149547857","149548169","chr5","2080907","2081217","47","147466950"
"chr5","149552556","149552838","chr5","122419785","122420070","47","27132771"
"chr5","149619789","149620101","chr5","79630195","79630500","43","69989594"
"chr5","149635907","149636209","chr9","20122679","20122976","43","129513228"
"chr5","149643133","149643410","chr2","47092048","47092311","42","102551085"
"chr5","149672515","149672805","chr9","84968584","84968874","37","64703931"
"chr5","149697995","149698292","chr6","123805159","123805454","49","25892836"
"chr5","149699711","149700008","chr2","47149091","47149388","36","102550620"
"chr5","149753204","149753510","chr19","27021921","27022220","39","122731283"
"chr5","149762156","149762447","chr5","26961498","26961795","45","122800658"
"chr5","149791007","149791306","chr2","47238424","47238723","48","102552583"
"chr5","149797639","149797917","chr5","31371357","31371639","38","118426282"
"chr5","149804392","149804688","chr2","47251841","47252138","41","102552551"
"chr5","149819516","149819802","chr6","18241695","18241984","45","131577821"
"chr5","149832025","149832264","chr22","31518540","31518771","32","118313485"
"chr5","149835956","149836188","chr14","35742116","35742340","48","114093840"
"chr5","149842886","149843158","chr6","156886623","156886893","39","7043737"
"chr5","149864244","149864531","chr3","105460861","105461146","41","44403383"
"chr5","149869048","149869348","chrX","112877634","112877932","38","36991414"
"chr5","149873333","149873631","chr2","47324635","47324929","35","102548698"
"chr5","149877434","149877708","chr5","15793858","15794130","39","134083576"
"chr5","149889624","149889922","chr11","76131606","76131904","40","73758018"
"chr5","149889958","149890256","chr9","111187673","111187975","38","38702285"
"chr5","149900072","149900366","chr5","46330077","46330361","48","103569995"
"chr5","149913100","149913403","chr1","184817871","184818171","42","34904771"
"chr5","149925960","149926266","chr10","117620910","117621216","52","32305050"
"chr5","149950050","149950361","chr2","47405041","47405339","44","102545009"
"chr5","149964224","149964494","chr19","1785364","1785621","54","148178860"
"chr5","149965896","149966195","chr17","42545319","42545613","48","107420577"
"chr5","149971392","149971699","chr9","8886595","8886904","45","141084797"
"chr5","150027554","150027852","chr7","6894852","6895150","36","143132702"
"chr5","150088522","150088833","chrX","47176701","47177007","37","102911821"
"chr5","150151578","150151881","chr11","27351073","27351371","36","122800505"
"chr5","150202793","150203091","chr6","17068239","17068542","42","133134554"
"chr5","150313052","150313360","chr16","298977","299284","44","150014075"
"chr5","150340587","150340885","chr10","99341389","99341684","38","50999198"
"chr5","150359065","150359360","chr5","88214200","88214499","38","62144865"
"chr5","150370367","150370655","chr22","4244346","4244634","40","146126021"
"chr5","150381914","150382178","chr21","36540332","36540585","51","113841582"
"chr5","150403577","150403883","chr9","42740061","42740365","33","107663516"
"chr5","150408938","150409236","chr14","83739394","83739686","40","66669544"
"chr5","150414102","150414411","chr2","47887890","47888194","39","102526212"
"chr5","150418580","150418885","chr4","26335541","26335842","40","124083039"
"chr5","150456587","150456876","chrX","32823900","32824179","50","117632687"
"chr5","150460013","150460039","chr10","17789322","17789342","9","132670691"
"chr5","150460078","150460327","chr14","62553313","62553567","46","87906765"
"chr5","150494761","150495063","chr6","17068239","17068542","39","133426522"
"chr5","150518784","150519076","chr2","131228804","131229095","39","19289980"
"chr5","150528509","150528815","chr19","26467351","26467655","37","124061158"
"chr5","150532523","150532821","chr14","36994514","36994806","44","113538009"
"chr5","150549014","150549311","chr10","16033492","16033786","38","134515522"
"chr5","150589064","150589363","chr10","55872616","55872911","38","94716448"
"chr5","150597637","150597935","chr7","6894852","6895150","40","143702785"
"chr5","150635464","150635762","chr7","145164494","145164784","47","5470970"
"chr5","150666332","150666631","chr2","3615693","3615989","38","147050639"
"chr5","150674731","150675039","chr5","120908196","120908508","49","29766535"
"chr5","150679700","150680008","chr22","40503125","40503432","33","110176575"
"chr5","150687383","150687698","chr19","23295013","23295320","61","127392370"
"chr5","150705658","150705832","chrX","40032662","40032836","25","110672996"
"chr5","150713432","150713742","chr3","106655459","106655766","39","44057973"
"chr5","150713835","150714128","chr4","10274002","10274296","43","140439833"
"chr5","150774926","150775223","chr12","82381807","82382098","45","68393119"
"chr5","150785084","150785386","chr22","28997304","28997607","38","121787780"
"chr5","150785572","150785882","chr3","106655459","106655766","38","44130113"
"chr5","150797321","150797453","chr3","45039510","45039642","14","105757811"
"chr5","150799388","150799486","chr21","3928857","3928956","17","146870531"
"chr5","150865765","150866056","chr4","16350054","16350344","37","134515711"
"chr5","150916624","150916909","chr2","48454816","48455098","41","102461808"
"chr5","150950382","150950689","chrX","39219992","39220300","49","111730390"
"chr5","150976716","150976994","chr13","101326777","101327058","53","49649939"
"chr5","151041072","151041370","chr5","110918761","110919060","38","40122311"
"chr5","151053102","151053409","chr3","106655459","106655766","34","44397643"
"chr5","151079342","151079637","chr4","168156555","168156848","40","17077213"
"chr5","151102423","151102726","chr1","183989658","183989958","45","32887235"
"chr5","151102987","151103296","chr1","183989658","183989958","38","32886671"
"chr5","151118429","151118732","chr22","28997304","28997607","43","122121125"
"chr5","151120437","151120735","chr7","6894852","6895150","39","144225585"
"chr5","151162092","151162376","chr8","93697187","93697481","45","57464905"
"chr5","151172788","151173074","chr2","48701261","48701542","42","102471527"
"chr5","151210262","151210576","chr3","106655459","106655766","40","44554803"
"chr5","151211519","151211823","chr5","82733121","82733424","35","68478398"
"chr5","151238953","151239258","chrX","111493826","111494130","50","39745127"
"chr5","151256319","151256629","chr9","11967801","11968108","47","139288518"
"chr5","151260336","151260642","chr2","48813605","48813911","39","102446731"
"chr5","151264698","151264997","chr20","27822433","27822727","43","123442265"
"chr5","151331874","151332165","chrUn_GL286253","70610","70903","43","151261264"
"chr5","151335748","151336019","chr5","52286347","52286617","42","99049401"
"chr5","151354023","151354326","chr2","55603048","55603347","40","95750975"
"chr5","151395800","151396107","chrX","69095527","69095826","48","82300273"
"chr5","151472886","151473174","chrX","123830034","123830308","52","27642852"
"chr5","151473878","151474183","chr2","858886","859191","38","150614992"
"chr5","151508428","151508724","chr5","110918761","110919060","44","40589667"
"chr5","151585343","151585622","chr7","75160026","75160306","41","76425317"
"chr5","151586859","151587171","chr13","26822628","26822937","47","124764231"
"chr5","151609115","151609386","chrX","90546446","90546718","42","61062669"
"chr5","151616376","151616606","chr5","107148968","107149194","26","44467408"
"chr5","151623617","151623915","chr2","7736700","7736996","50","143886917"
"chr5","151642056","151642350","chr20","22923582","22923882","45","128718474"
"chr5","151680217","151680531","chr18","39712282","39712591","61","111967935"
"chr5","151688694","151688989","chr7","55660848","55661144","40","96027846"
"chr5","151707281","151707558","chr18","12524666","12524946","35","139182615"
"chr5","151715134","151715432","chr12","90198453","90198750","39","61516681"
"chr5","151748580","151748885","chr1","138704511","138704815","38","13044069"
"chr5","151750276","151750528","chr6","86694256","86694504","39","65056020"
"chr5","151763519","151763843","chr7","57292095","57292411","57","94471424"
"chr5","151778775","151779059","chr5","107657017","107657310","45","44121758"
"chr5","151791651","151791953","chr9","65758722","65759027","52","86032929"
"chr5","151853239","151853555","chr3","177773552","177773857","48","25920313"
"chr5","151873380","151873682","chr7","6894852","6895150","40","144978528"
"chr5","151879344","151879650","chr5","84871601","84871910","47","67007743"
"chr5","152095788","152096074","chr12","91212723","91213010","38","60883065"
"chr5","152141066","152141351","chr5","80700303","80700590","47","71440763"
"chr5","152254826","152255135","chr1","82669756","82670065","40","69585070"
"chr5","152368460","152368753","chr6","22792958","22793255","39","129575502"
"chr5","152409308","152409693","chr12","78188376","78188731","95","74220932"
"chr5","152418119","152418325","chr10","113982889","113983094","33","38435230"
"chr5","152518642","152518926","chr19","6867541","6867823","44","145651101"
"chr5","152521418","152521729","chr7","45352279","45352590","46","107169139"
"chr5","152524361","152524617","chr6","6777910","6778176","53","145746451"
"chr5","152529909","152530207","chr1","158054541","158054832","48","5524632"
"chr5","152545080","152545376","chr10","13316515","13316816","55","139228565"
"chr5","152554592","152554888","chr2","18780256","18780558","40","133774336"
"chr5","152648278","152648499","chr2","50404563","50404782","31","102243715"
"chr5","152728211","152728497","chr4","77304609","77304898","49","75423602"
"chr5","152821186","152821475","chr5","77176130","77176421","43","75645056"
"chr5","152901471","152901781","chr6","18755612","18755919","42","134145859"
"chr5","152974937","152975240","chr8","84523546","84523843","55","68451391"
"chr5","153035381","153035664","chr4","36096828","36097106","52","116938553"
"chr5","153061901","153062186","chrX","17243808","17244094","48","135818093"
"chr5","153324016","153324292","chr2","138890189","138890463","37","14433827"
"chr5","153331584","153331867","chr2","56700759","56701042","38","96630825"
"chr5","153402049","153402344","chr12","109472703","109472985","48","43929346"
"chr5","153466310","153466615","chr3","106655459","106655766","42","46810851"
"chr5","153534904","153535221","chr12","4240854","4241177","54","149294050"
"chr5","153830412","153830653","chr4","168093855","168094095","38","14263443"
"chr5","153833795","153834099","chr14","61825978","61826279","41","92007817"
"chr5","153852022","153852335","chr6","17068239","17068542","51","136783783"
"chr5","153852525","153852777","chr12","62255290","62255544","33","91597235"
"chr5","153873834","153874127","chr5","8464809","8465101","43","145409025"
"chr5","153874187","153874398","chr9","116017064","116017275","36","37857123"
"chr5","153927836","153928142","chr11","118075028","118075334","40","35852808"
"chr5","153950626","153950917","chr11","43485145","43485437","36","110465481"
"chr5","153999354","153999649","chr5","26961498","26961795","35","127037856"
"chr5","154027516","154027800","chrX","97002098","97002380","44","57025418"
"chr5","154031030","154031328","chr16","95948205","95948502","44","58082825"
"chr5","154060355","154060655","chr12","50172288","50172590","47","103888067"
"chr5","154079901","154080208","chr2","52010902","52011204","39","102068999"
"chr5","154101962","154102248","chr5","94234310","94234606","41","59867652"
"chr5","154147481","154147796","chr5","11618038","11618344","57","142529443"
"chr5","154153386","154153675","chr8","29410203","29410501","43","124743183"
"chr5","154160555","154160850","chr1","163381580","163381871","40","9221025"
"chr5","154164853","154165155","chr12","88654778","88655074","46","65510075"
"chr5","154224776","154225081","chr20","23337174","23337477","39","130887602"
"chr5","154290092","154290258","chrX","106480049","106480214","31","47810043"
"chr5","154290284","154290408","chr13","87622776","87622902","19","66667508"
"chr5","154313027","154313319","chr10","14603732","14604030","40","139709295"
"chr5","154360168","154360476","chr22","28997304","28997607","35","125362864"
"chr5","154369106","154369405","chr6","149078496","149078795","40","5290610"
"chr5","154426757","154427066","chr22","15341421","15341725","43","139085336"
"chr5","154428904","154429163","chr1","176970171","176970443","46","22541267"
"chr5","154447942","154448275","chrX","34517534","34517872","52","119930408"
"chr5","154463537","154463811","chrX","60275475","60275754","46","94188062"
"chr5","154518914","154519206","chr12","100785810","100786105","42","53733104"
"chr5","154524610","154524840","chr7","58441225","58441463","46","96083385"
"chr5","154539842","154540150","chr2","142396917","142397218","52","12142925"
"chr5","154549773","154550076","chr7","49632330","49632627","44","104917443"
"chr5","154550832","154551108","chr4","37824304","37824582","37","116726528"
"chr5","154558272","154558559","chr1","167205374","167205664","46","12647102"
"chr5","154569043","154569340","chr4","166282997","166283293","41","11713954"
"chr5","154577938","154578225","chr17","31103000","31103287","36","123474938"
"chr5","154594299","154594598","chr2","159959895","159960193","44","5365596"
"chr5","154596146","154596437","chr5","137893969","137894264","43","16702177"
"chr5","154612291","154612586","chr1","198599978","198600270","42","43987687"
"chr5","154626153","154626462","chr11","125799128","125799440","36","28827025"
"chr5","154633279","154633631","chr12","1551146","1551485","75","153082133"
"chr5","154651122","154651424","chr1","160343198","160343494","45","5692076"
"chr5","154660745","154661040","chr1","172257719","172258009","46","17596974"
"chr5","154661916","154662219","chr13","31331915","31332215","45","123330001"
"chr5","154672262","154672572","chr22","40503125","40503432","45","114169137"
"chr5","154677534","154677833","chr7","80905976","80906275","39","73771558"
"chr5","154716451","154716747","chr2","9729815","9730110","32","144986636"
"chr5","154737041","154737340","chr22","28997304","28997607","34","125739737"
"chr5","154746853","154747149","chr9","15982483","15982780","43","138764370"
"chr5","154764623","154764934","chr11","123924507","123924822","41","30840116"
"chr5","154780780","154781082","chr6","147894727","147895020","42","6886053"
"chr5","154788931","154789218","chr3","99085596","99085883","41","55703335"
"chr5","154810154","154810454","chr5","38614488","38614784","37","116195666"
"chr5","154874295","154874522","chr15","31993657","31993884","32","122880638"
"chr5","154874920","154875216","chr10","74504509","74504804","45","80370411"
"chr5","154877651","154877890","chr10","128288120","128288364","52","26589531"
"chr5","154890766","154891053","chr1","156712389","156712672","47","1821623"
"chr5","154897492","154897731","chr12","119979637","119979871","45","34917855"
"chr5","154897903","154898199","chr3","106655459","106655766","50","48242444"
"chr5","154919088","154919343","chrX","117776653","117776896","38","37142435"
"chr5","154944089","154944257","chr2","52907554","52907724","21","102036535"
"chr5","154990069","154990338","chr6","67700096","67700369","42","87289973"
"chr5","154991062","154991359","chr6","17068239","17068542","43","137922823"
"chr5","155029589","155029885","chr5","94234310","94234606","40","60795279"
"chr5","155089350","155089642","chr4","42525614","42525908","41","112563736"
"chr5","155095287","155095596","chr4","107899588","107899898","40","47195699"
"chr5","155135820","155136107","chr2","53164304","53164570","43","101971516"
"chr5","155141735","155142041","chr2","53170465","53170768","41","101971270"
"chr5","155187741","155188019","chr7","79364610","79364894","46","75823131"
"chr5","155207674","155207981","chr12","28553718","28554019","39","126653956"
"chr5","155234917","155235209","chr9","16201497","16201790","47","139033420"
"chr5","155400722","155401001","chr7","8384908","8385187","42","147015814"
"chr5","155410023","155410296","chr1","194468808","194469082","48","39058785"
"chr5","155500412","155500710","chr2","154703298","154703594","47","797114"
"chr5","155564031","155564332","chr2","53613296","53613593","50","101950735"
"chr5","155571728","155571893","chr17","34108233","34108402","39","121463495"
"chr5","155571920","155572007","chr16","19314818","19314903","11","136257102"
"chr5","155667865","155668165","chrX","64084089","64084387","38","91583776"
"chr5","155687603","155687821","chr12","77609956","77610173","36","78077647"
"chr5","155799393","155799694","chr13","43694410","43694711","48","112104983"
"chr5","155856952","155857253","chr5","60529593","60529894","46","95327359"
"chr5","155996496","155996808","chr11","24201870","24202181","43","131794626"
"chr5","156013025","156013324","chr13","43694410","43694711","37","112318615"
"chr5","156099410","156099714","chr22","7822716","7823014","45","148276694"
"chr5","156111780","156112058","chrX","60275475","60275754","40","95836305"
"chr5","156138120","156138419","chr4","119549523","119549818","35","36588597"
"chr5","156182998","156183146","chr4","23792283","23792433","16","132390715"
"chr5","156217995","156218279","chr22","32856560","32856853","51","123361435"
"chr5","156231256","156231542","chr5","2532160","2532447","41","153699096"
"chr5","156257582","156257890","chr1","27883875","27884177","46","128373707"
"chr5","156383222","156383535","chr1","156164792","156165101","49","218430"
"chr5","156403834","156404134","chr3","110698559","110698854","46","45705275"
"chr5","156468710","156468997","chr2","8798514","8798801","40","147670196"
"chr5","156479086","156479395","chr15","22401594","22401899","38","134077492"
"chr5","156568108","156568399","chr5","94234310","94234606","44","62333798"
"chr5","156571033","156571346","chr2","54709737","54710047","46","101861296"
"chr5","156834316","156834624","chr3","106655459","106655766","43","50178857"
"chr5","156837382","156837717","chr2","55017373","55017673","68","101820009"
"chr5","156849534","156849829","chr15","17424364","17424665","38","139425170"
"chr5","156856568","156856863","chr19","38747904","38748199","49","118108664"
"chr5","156861076","156861377","chr2","55038055","55038357","36","101823021"
"chr5","156896826","156897150","chr11","71700354","71700673","56","85196472"
"chr5","156899781","156900091","chr13","36439491","36439803","49","120460290"
"chr5","156923144","156923448","chr1","168595556","168595859","36","11672412"
"chr5","156925027","156925315","chr20","26476856","26477145","44","130448171"
"chr5","156933586","156933859","chr15","37619139","37619418","48","119314447"
"chr5","156952008","156952305","chr9","115637925","115638221","31","41314083"
"chr5","156965159","156965466","chr22","31767114","31767422","44","125198045"
"chr5","156967011","156967296","chr3","80959478","80959762","41","76007533"
"chr5","156978227","156978518","chr11","16894966","16895258","40","140083261"
"chr5","156993908","156994220","chr1","27883875","27884177","50","129110033"
"chr5","157021613","157021951","chr15","62836485","62836818","60","94185128"
"chr5","157041216","157041525","chr4","107659856","107660165","48","49381360"
"chr5","157043384","157043674","chr7","70755193","70755479","48","86288191"
"chr5","157044050","157044324","chr19","16281211","16281488","42","140762839"
"chr5","157060895","157061197","chr14","36552477","36552777","47","120508418"
"chr5","157065573","157065865","chr7","51171451","51171744","41","105894122"
"chr5","157069661","157069945","chr17","69931558","69931839","45","87138103"
"chr5","157081530","157081847","chr5","94532768","94533076","52","62548762"
"chr5","157094385","157094682","chr15","49359997","49360293","38","107734388"
"chr5","157099689","157099990","chr9","99935150","99935455","38","57164539"
"chr5","157105885","157106010","chr22","30112438","30112563","23","126993447"
"chr5","157108199","157108519","chr22","33981676","33981980","49","123126523"
"chr5","157113337","157113629","chr10","126070729","126071027","52","31042608"
"chr5","157141583","157141884","chrX","16707913","16708211","46","140433670"
"chr5","157143384","157143677","chr6","8112473","8112756","66","149030911"
"chr5","157168403","157168681","chr8","113301145","113301419","61","43867258"
"chr5","157175852","157176150","chr13","28183179","28183472","39","128992673"
"chr5","157201301","157201596","chr3","110698559","110698854","38","46502742"
"chr5","157226788","157227119","chr2","52965489","52965809","68","104261299"
"chr5","157298328","157298645","chr5","84717109","84717410","53","72581219"
"chr5","157299619","157299923","chr22","33981676","33981980","36","123317943"
"chr5","157315816","157316119","chr19","33603100","33603404","46","123712716"
"chr5","157324848","157325139","chr7","120896904","120897180","66","36427944"
"chr5","157367752","157368057","chr1","168595556","168595859","32","11227804"
"chr5","157368888","157369197","chr7","66105076","66105385","44","91263812"
"chr5","157410409","157410720","chr2","18400017","18400328","40","139010392"
"chr5","157453472","157453781","chr10","34311627","34311937","42","123141845"
"chr5","157500001","157500078","chr1","187772424","187772500","8","30272423"
"chr5","157526625","157526920","chr3","116821774","116822068","40","40704851"
"chr5","157531385","157531690","chr8","85698712","85699021","40","71832673"
"chr5","157565827","157566125","chrX","16707913","16708211","34","140857914"
"chr5","157569982","157570287","chr2","18551068","18551362","47","139018914"
"chr5","157581402","157581708","chr1","184817871","184818171","43","27236469"
"chr5","157588347","157588646","chrX","22494263","22494554","45","135094084"
"chr5","157589417","157589722","chr1","185490088","185490389","47","27900671"
"chr5","157619723","157620037","chr11","17740738","17741037","45","139878985"
"chr5","157637703","157637985","chr22","6946793","6947067","48","150690910"
"chr5","157642034","157642336","chr2","62689969","62690263","40","94952065"
"chr5","157644700","157645010","chr6","17068239","17068542","47","140576461"
"chr5","157653885","157654181","chr5","140968757","140969050","32","16685128"
"chr5","157669206","157669480","chr7","100745740","100746024","47","56923466"
"chr5","157669487","157669818","chr5","96896431","96896755","55","60773056"
"chr5","157673653","157673945","chr4","168156555","168156848","44","10482902"
"chr5","157674490","157674787","chr2","18695883","18696168","45","138978607"
"chr5","157675522","157675672","chrX","16015193","16015343","16","141660329"
"chr5","157677702","157678010","chr19","22100322","22100626","46","135577380"
"chr5","157706655","157706784","chr2","63281438","63281571","25","94425217"
"chr5","157706816","157706993","chr5","111024661","111024839","41","46682155"
"chr5","157711840","157712153","chr5","106241085","106241391","53","51470755"
"chr5","157717738","157718041","chr5","2298333","2298635","48","155419405"
"chr5","157734106","157734404","chr2","18742940","18743241","40","138991166"
"chr5","157736252","157736544","chr17","73944491","73944782","39","83791761"
"chr5","157738825","157739071","chr2","18748491","18748739","36","138990334"
"chr5","157768977","157769271","chr2","19920919","19921219","41","137848058"
"chr5","157775157","157775453","chr14","52326913","52327204","42","105448244"
"chr5","157788686","157788994","chr3","108570361","108570666","45","49218325"
"chr5","157811260","157811559","chr3","108570361","108570666","47","49240899"
"chr5","157814749","157815047","chr2","18830074","18830370","40","138984675"
"chr5","157828807","157829102","chr7","57714959","57715249","50","100113848"
"chr5","157833069","157833363","chr10","16033492","16033786","43","141799577"
"chr5","157845069","157845376","chrX","37069161","37069459","39","120775908"
"chr5","157872205","157872499","chr16","50353254","50353563","52","107518951"
"chr5","157873635","157873944","chr12","27257719","27258031","40","130615916"
"chr5","157878500","157878790","chr7","48745543","48745832","44","109132957"
"chr5","157892137","157892418","chr4","11116373","11116655","37","146775764"
"chr5","157928251","157928552","chr11","44157181","44157481","41","113771070"
"chr5","157929034","157929172","chr15","24947299","24947432","21","132981735"
"chr5","157930355","157930619","chr12","16322527","16322798","42","141607828"
"chr5","157936146","157936445","chr6","119365724","119366021","42","38570422"
"chr5","157938093","157938386","chr18","5141985","5142278","47","152796108"
"chr5","157941943","157942235","chr8","97807987","97808275","51","60133956"
"chr5","157948235","157948532","chr9","121136043","121136337","46","36812192"
"chr5","157955358","157955663","chr2","18956866","18957172","37","138998492"
"chr5","157960241","157960519","chr2","18962426","18962713","48","138997815"
"chr5","157996694","157996992","chr4","3128000","3128295","38","154868694"
"chr5","158002454","158002755","chr7","19310248","19310549","51","138692206"
"chr5","158020280","158020566","chr10","8710550","8710836","45","149309730"
"chr5","158131976","158132282","chr15","6307477","6307790","54","151824499"
"chr5","158222353","158222522","chr4","34157283","34157451","28","124065070"
"chr5","158222551","158222666","chr20","12357981","12358100","14","145864570"
"chr5","158339196","158339483","chr3","110699020","110699313","44","47640176"
"chr5","158400995","158401288","chr6","49568482","49568779","49","108832513"
"chr5","158681948","158682263","chr15","22908060","22908367","51","135773888"
"chr5","158743889","158744161","chr11","116810267","116810543","47","41933622"
"chr5","158839371","158839682","chr2","39017158","39017460","64","119822213"
"chr5","158872192","158872499","chr6","17068239","17068542","49","141803953"
"chr5","158878645","158878947","chr7","80047681","80047980","44","78830964"
"chr5","158892207","158892479","chr1","15624742","15625015","45","143267465"
"chr5","158901809","158902111","chr6","119365724","119366021","39","39536085"
"chr5","158969020","158969300","chr12","25816606","25816887","48","133152414"
"chr5","159079596","159079914","chrX","51938318","51938628","48","107141278"
"chr5","159123955","159124244","chr2","20222997","20223293","49","138900958"
"chr5","159127114","159127423","chr5","125737225","125737535","50","33389889"
"chr5","159136628","159136930","chr6","17068239","17068542","37","142068389"
"chr5","159155014","159155319","chr6","119827925","119828231","39","39327089"
"chr5","159215529","159215832","chr2","20295679","20295970","48","138919850"
"chr5","159261641","159261952","chr16","25492826","25493133","44","133768815"
"chr5","159335540","159335841","chr6","17068239","17068542","41","142267301"
"chr5","159359989","159360294","chr1","168595556","168595859","48","9235567"
"chr5","159361420","159361709","chr1","141585630","141585916","44","17775790"
"chr5","159383035","159383374","chr7","153212018","153212354","70","6171017"
"chr5","159385157","159385461","chr17","69358056","69358361","42","90027101"
"chr5","159406267","159406561","chr11","116166580","116166874","33","43239687"
"chr5","159478418","159478714","chr5","110918761","110919060","37","48559657"
"chr5","159534931","159535207","chr9","107321008","107321282","37","52213923"
"chr5","159626614","159626908","chrY","2468652","2468956","46","157157962"
"chr5","159747920","159748206","chr13","101137023","101137310","40","58610897"
"chr5","159778944","159779242","chr6","132370017","132370315","43","27408927"
"chr5","159795432","159795742","chrX","86544592","86544906","50","73250840"
"chr5","159817904","159818204","chr2","20906754","20907043","47","138911150"
"chr5","159820547","159820876","chr1","183250340","183250667","62","23429793"
"chr5","159863935","159864234","chr2","61800729","61801029","60","98063206"
"chr5","159875907","159876207","chr12","90198453","90198750","41","69677454"
"chr5","159945098","159945382","chr4","38223912","38224190","61","121721186"
"chr5","159956873","159957171","chr8","106490217","106490515","41","53466656"
"chr5","159976373","159976666","chr11","122591504","122591796","67","37384869"
"chr5","160002697","160002996","chr2","21100136","21100430","45","138902561"
"chr5","160048177","160048454","chr5","138274443","138274714","57","21773734"
"chr5","160066297","160066583","chrX","93623389","93623691","48","66442908"
"chr5","160073784","160074082","chr13","9808601","9808897","38","150265183"
"chr5","160103840","160104152","chr6","17068239","17068542","53","143035601"
"chr5","160110020","160110290","chr6","31709696","31709966","47","128400324"
"chr5","160114249","160114474","chr4","38478829","38479057","45","121635420"
"chr5","160126357","160126656","chrX","47014209","47014503","44","113112148"
"chr5","160139490","160139782","chr1","172257719","172258009","36","12118229"
"chr5","160147775","160147952","chr19","781258","781429","30","159366517"
"chr5","160147953","160148254","chr22","32581263","32581567","38","127566690"
"chr5","160148255","160148385","chr5","71599448","71599573","23","88548807"
"chr5","160154722","160155016","chr10","1395123","1395420","43","158759599"
"chr5","160163605","160163904","chr2","12828952","12829252","40","147334653"
"chr5","160170863","160171150","chr5","46330077","46330361","40","113840786"
"chr5","160178015","160178305","chr5","5324822","5325117","41","154853193"
"chr5","160180600","160180908","chr15","83523882","83524187","54","76656718"
"chr5","160186866","160187157","chr10","58374927","58375209","66","101811939"
"chr5","160232615","160232926","chr11","35243549","35243855","44","124989066"
"chr5","160234428","160234726","chr1","157959927","157960225","34","2274501"
"chr5","160248763","160249073","chr6","17068239","17068542","45","143180524"
"chr5","160274177","160274472","chr7","126914060","126914355","40","33360117"
"chr5","160275086","160275384","chr2","21402033","21402337","40","138873053"
"chr5","160276775","160277090","chr22","32581263","32581567","47","127695512"
"chr5","160284943","160285193","chr19","43338285","43338537","53","116946658"
"chr5","160302530","160302841","chrX","122774008","122774319","41","37528522"
"chr5","160334981","160335271","chr10","126901235","126901521","36","33433746"
"chr5","160354296","160354597","chr6","147894727","147895020","37","12459569"
"chr5","160397960","160398267","chr22","31895458","31895761","49","128502502"
"chr5","160447448","160447710","chr12","4286115","4286374","36","156161333"
"chr5","160490346","160490655","chr7","144982540","144982842","48","15507806"
"chr5","160491841","160492141","chr2","21632058","21632359","31","138859783"
"chr5","160574148","160574441","chr10","116079693","116079983","46","44494455"
"chr5","160609382","160609677","chrX","43541005","43541298","32","117068377"
"chr5","160667948","160668246","chr2","137862618","137862914","47","22805330"
"chr5","160678378","160678671","chr5","94234310","94234606","50","66444068"
"chr5","160912296","160912624","chr22","37358982","37359298","60","123553314"
"chr5","161006438","161006731","chr5","86669689","86669988","62","74336749"
"chr5","161020841","161021146","chr5","15879188","15879493","48","145141653"
"chr5","161135057","161135340","chr7","11362967","11363261","48","149772090"
"chr5","161168948","161169223","chr8","89660449","89660717","43","71508499"
"chr5","161453755","161454048","chr14","83739394","83739686","44","77714361"
"chr5","161714796","161715081","chr22","27145220","27145502","51","134569576"
"chr5","161797641","161797928","chr4","11116373","11116655","44","150681268"
"chr5","161805890","161806198","chr14","14841776","14842069","49","146964114"
"chr5","161944524","161944826","chr21","40446927","40447225","46","121497597"
"chr5","162192974","162193272","chrX","90421778","90422079","46","71771196"
"chr5","162211374","162211675","chr5","154800624","154800924","47","7410750"
"chr5","162283007","162283307","chr2","9600069","9600362","48","152682938"
"chr5","162317597","162317789","chr1","175840841","175841029","43","13523244"
"chr5","162320062","162320163","chr3","176230886","176230987","15","13910824"
"chr5","162461274","162461571","chr4","156698023","156698319","37","5763251"
"chr5","162606460","162606741","chr5","140667099","140667381","40","21939361"
"chr5","162618022","162618270","chr7","54130077","54130316","38","108487945"
"chr5","162715689","162715978","chr5","121168091","121168380","40","41547598"
"chr5","162771342","162771638","chr10","126287645","126287938","45","36483697"
"chr5","162866980","162867288","chr16","51641934","51642237","40","111225046"
"chr5","162902291","162902472","chr9","36034528","36034709","49","126867763"
"chr5","162977563","162977852","chr8","93697187","93697481","47","69280376"
"chr5","163001557","163001856","chrX","47176701","47177007","51","115824856"
"chr5","163012013","163012310","chr5","52498828","52499124","44","110513185"
"chr5","163035321","163035634","chr10","90431710","90432016","42","72603611"
"chr5","163184706","163184999","chr7","69330245","69330539","40","93854461"
"chr5","163211592","163211872","chr10","119158195","119158473","51","44053397"
"chr5","163218775","163219076","chr2","31372053","31372354","34","131846722"
"chr5","163223381","163223684","chr2","24385494","24385801","43","138837887"
"chr5","163264841","163265140","chr5","106566596","106566897","40","56698245"
"chr5","163296703","163297001","chr22","33981676","33981980","38","129315027"
"chr5","163329075","163329207","chr4","13737505","13737632","16","149591570"
"chr5","163367794","163368104","chr7","43519641","43519951","52","119848153"
"chr5","163425645","163425954","chr1","193638790","193639098","45","30213145"
"chr5","163465679","163465978","chr6","6674068","6674361","43","156791611"
"chr5","163465983","163466290","chr10","92853066","92853365","44","70612917"
"chr5","163501425","163501716","chr4","152521651","152521939","41","10979774"
"chr5","163545430","163545634","chr1","164927914","164928113","27","1382484"
"chr5","163547251","163547556","chr6","135415982","135416286","45","28131269"
"chr5","163605732","163606019","chr9","1932661","1932946","37","161673071"
"chr5","163616017","163616316","chr7","6894852","6895150","40","156721165"
"chr5","163640604","163640881","chr4","38174355","38174645","47","125466249"
"chr5","163717489","163717800","chr12","48861847","48862157","43","114855642"
"chr5","163815052","163815340","chr13","43694410","43694711","45","120120642"
"chr5","163845535","163845840","chrX","46153481","46153779","55","117692054"
"chr5","163977348","163977587","chr7","45993452","45993686","35","117983896"
"chr5","163977615","163977671","chr8","36431171","36431221","16","127546444"
"chr5","163986246","163986524","chrX","45666740","45667025","47","118319506"
"chr5","164047844","164047970","chrX","93632133","93632261","14","70415711"
"chr5","164197937","164198233","chr14","36994514","36994806","44","127203423"
"chr5","164245738","164246042","chr16","93965192","93965487","54","70280546"
"chr5","164348668","164348757","chr7","47186925","47187015","11","117161743"
"chr5","164402704","164402988","chr5","46077563","46077854","57","118325141"
"chr5","164466548","164466828","chr4","37824304","37824582","46","126642244"
"chr5","164586293","164586591","chr4","38452112","38452407","42","126134181"
"chr5","164655933","164656228","chr10","48102560","48102860","48","116553373"
"chr5","164785281","164785574","chr1","98572733","98573027","44","66212548"
"chr5","164789254","164789547","chr5","8464809","8465101","49","156324445"
"chr5","164956439","164956743","chrX","93623389","93623691","44","71333050"
"chr5","165181273","165181584","chr13","23105755","23106060","43","142075518"
"chr5","165227513","165227799","chr2","26427156","26427443","42","138800357"
"chr5","165314486","165314754","chr2","26517888","26518149","41","138796598"
"chr5","165350832","165351137","chr1","184817871","184818171","44","19467039"
"chr5","165357732","165358001","chrX","39387728","39387995","45","125970004"
"chr5","165378303","165378600","chr6","17068239","17068542","50","148310064"
"chr5","165429717","165430026","chr1","184817871","184818171","43","19388154"
"chr5","165483563","165483855","chr7","70418575","70418867","38","95064988"
"chr5","165537825","165538014","chr20","22124433","22124621","34","143413392"
"chr5","165559114","165559383","chr16","92089757","92090031","56","73469357"
"chr5","165561670","165561952","chr10","60017760","60018041","50","105543910"
"chr5","165609675","165609991","chr12","73931370","73931698","74","91678305"
"chr5","165618453","165618758","chr2","26821535","26821834","51","138796918"
"chr5","165625782","165626093","chr11","64363135","64363445","45","101262647"
"chr5","165751704","165751865","chrX","106480049","106480214","37","59271655"
"chr5","165752175","165752336","chr21","35402537","35402690","40","130349638"
"chr5","165823681","165823989","chr4","42695729","42696041","44","123127952"
"chr5","165841701","165841968","chr5","112688970","112689229","47","53152731"
"chr5","165917492","165917664","chr1","84092964","84093133","37","81824528"
"chr5","165918001","165918099","chr2","172238289","172238383","20","6320288"
"chr5","165936555","165936879","chr2","94274126","94274432","60","71662429"
"chr5","165982665","165982967","chr10","127954939","127955242","51","38027726"
"chr5","166076046","166076343","chr9","45396887","45397186","47","120679159"
"chr5","166180769","166181044","chr8","94625618","94625897","54","71555151"
"chr5","166243486","166243782","chr20","28691192","28691484","46","137552294"
"chr5","166251336","166251648","chr1","187567951","187568260","46","21316615"
"chr5","166252289","166252597","chr5","150153039","150153350","47","16099250"
"chr5","166270074","166270388","chr4","133167969","133168280","49","33102105"
"chr5","166350494","166350788","chr5","126079965","126080261","32","40270529"
"chr5","166438357","166438659","chr16","69379771","69380066","57","97058586"
"chr5","166439207","166439482","chr4","10516598","10516864","45","155922609"
"chr5","166537230","166537525","chr4","156698023","156698319","36","9839207"
"chr5","166569477","166569751","chr1","191977192","191977461","50","25407715"
"chr5","166656820","166657102","chr9","44537673","44537953","40","122119147"
"chr5","166760578","166760865","chr2","27977523","27977811","31","138783055"
"chr5","166779314","166779624","chr2","130325737","130326040","60","36453577"
"chr5","166793869","166794179","chr11","20394190","20394496","53","146399679"
"chr5","166803397","166803574","chr3","36270360","36270532","41","130533037"
"chr5","166822963","166823310","chr12","12589936","12590277","68","154233027"
"chr5","166832209","166832495","chr15","68809459","68809748","41","98022750"
"chr5","166895891","166896205","chr18","39712282","39712591","46","127183609"
"chr5","166933021","166933322","chr12","22318360","22318667","53","144614661"
"chr5","167019462","167019769","chrUn_GL286451","117883","118189","41","166901579"
"chr5","167027797","167028091","chr20","28819206","28819499","48","138208591"
"chr5","167076839","167077125","chr5","62498636","62498919","46","104578203"
"chr5","167102678","167102958","chr4","34845790","34846071","39","132256888"
"chr5","167162347","167162656","chr3","80802077","80802383","44","86360270"
"chr5","167175705","167176008","chr2","28399025","28399329","41","138776680"
"chr5","167216645","167216937","chr15","47995832","47996123","46","119220813"
"chr5","167228020","167228329","chr10","90431710","90432016","48","76796310"
"chr5","167312908","167313202","chr18","3287014","3287306","44","164025894"
"chr5","167321827","167322130","chr17","5743618","5743899","61","161578209"
"chr5","167391344","167391647","chr17","34882535","34882834","39","132508809"
"chr5","167398435","167398724","chr2","28617103","28617395","44","138781332"
"chr5","167419180","167419493","chr13","88780657","88780965","46","78638523"
"chr5","167517906","167518174","chr19","14781759","14782022","41","152736147"
"chr5","167668679","167668975","chr2","28893091","28893373","38","138775588"
"chr5","167716976","167717255","chr10","93494866","93495138","56","74222110"
"chr5","167928612","167928925","chr10","90431710","90432016","45","77496902"
"chr5","167971420","167971699","chr4","37824304","37824582","33","130147116"
"chr5","168098906","168099209","chr3","150073804","150074104","45","18025102"
"chr5","168103990","168104003","chr20","2556641","2556654","2","165547349"
"chr5","168104048","168104328","chr7","8384908","8385187","39","159719140"
"chr5","168106779","168107038","chr11","109240498","109240754","51","58866281"
"chr5","168130616","168130897","chr1","187115030","187115314","48","18984414"
"chr5","168133873","168134181","chr3","106655459","106655766","37","61478414"
"chr5","168170223","168170529","chrX","66295714","66296016","43","101874509"
"chr5","168237004","168237317","chr11","24201870","24202181","37","144035134"
"chr5","168245951","168246250","chr2","11312818","11313116","36","156933133"
"chr5","168248833","168249145","chr2","31372053","31372354","49","136876780"
"chr5","168278054","168278194","chr9","57711568","57711702","34","110566486"
"chr5","168278486","168278623","chr5","97306066","97306201","19","70972420"
"chr5","168280209","168280517","chr13","97340307","97340616","48","70939902"
"chr5","168298029","168298334","chr12","22318360","22318667","42","145979669"
"chr5","168311903","168312239","chr2","61556879","61557210","57","106755024"
"chr5","168312816","168313107","chr2","29548501","29548794","47","138764315"
"chr5","168331865","168332172","chr14","69766565","69766870","40","98565300"
"chr5","168350864","168351161","chr2","19920919","19921219","36","148429945"
"chr5","168388549","168388857","chr3","153217268","153217573","38","15171281"
"chr5","168405718","168406026","chr5","47854845","47855147","41","120550873"
"chr5","168429257","168429558","chr3","106655459","106655766","35","61773798"
"chr5","168435841","168436142","chr10","18062344","18062642","49","150373497"
"chr5","168473966","168474268","chr5","36342260","36342561","42","132131706"
"chr5","168499906","168500000","chr4","6809700","6809794","12","161690206"
"chr5","168502569","168502841","chr1","141403943","141404212","44","27098626"
"chr5","168517134","168517442","chr14","74401826","74402136","41","94115308"
"chr5","168523330","168523475","chrX","90248590","90248732","19","78274740"
"chr5","168582999","168583255","chr14","3719987","3720247","36","164863012"
"chr5","168587802","168588097","chrX","86580996","86581293","39","82006806"
"chr5","168618122","168618417","chr6","17068239","17068542","43","151549883"
"chr5","168620172","168620471","chr3","150254759","150255055","53","18365413"
"chr5","168684472","168684768","chr1","201136591","201136881","53","32452119"
"chr5","168684942","168685248","chr5","38771450","38771759","40","129913492"
"chr5","168709088","168709393","chr3","106655459","106655766","42","62053629"
"chr5","168726692","168727031","chr5","10790397","10790737","64","157936295"
"chr5","168745416","168745711","chrX","122613256","122613549","36","46132160"
"chr5","168834410","168834716","chr1","137129532","137129843","45","31704878"
"chr5","168947777","168948091","chr2","71275726","71276033","44","97672051"
"chr5","168963173","168963466","chr15","67794504","67794795","45","101168669"
"chr5","169195532","169195824","chr13","27271785","27272080","44","141923747"
"chr5","169227442","169227723","chr1","176425213","176425492","46","7197771"
"chr5","169234413","169234707","chr2","168577404","168577699","47","657009"
"chr5","169264206","169264477","chr1","176289203","176289485","45","7024997"
"chr5","169332688","169332987","chrUn_GL286262","40235","40532","39","169292453"
"chr5","169454109","169454420","chr5","26961498","26961795","48","142492611"
"chr5","169464829","169465132","chr1","184817871","184818171","41","15353042"
"chr5","169483910","169484201","chr10","81273718","81274013","40","88210192"
"chr5","169547046","169547335","chr13","31945061","31945345","44","137601985"
"chr5","169649799","169650096","chr2","70709163","70709467","43","98940636"
"chr5","169704881","169705177","chr15","22924211","22924507","42","146780670"
"chr5","169708563","169708864","chr10","16169668","16169965","44","153538895"
"chr5","169842348","169842599","chr2","70483725","70483966","42","99358623"
"chr5","169995023","169995328","chr2","70329899","70330203","48","99665124"
"chr5","170090193","170090493","chr9","111187673","111187975","40","58902520"
"chr5","170390224","170390518","chr5","94234310","94234606","47","76155914"
"chr5","170418149","170418444","chr2","69915707","69916004","36","100502442"
"chr5","170434673","170434956","chrX","17243808","17244094","36","153190865"
"chr5","170622340","170622639","chr12","22341026","22341325","35","148281314"
"chr5","170709866","170710164","chr6","17068239","17068542","43","153641627"
"chr5","170726619","170726939","chr8","7582291","7582604","57","163144328"
"chr5","170830573","170830874","chr4","36904943","36905240","38","133925630"
"chr5","170843011","170843303","chr5","75080426","75080719","40","95762585"
"chr5","170843471","170843761","chr4","38209077","38209362","44","132634394"
"chr5","170845539","170845840","chr2","69515978","69516277","43","101329561"
"chr5","170916718","170917015","chr9","108019876","108020173","37","62896842"
"chr5","170939355","170939684","chr5","96896431","96896755","51","74042924"
"chr5","171068606","171068885","chr3","111736801","111737080","46","59331805"
"chr5","171134987","171135300","chr20","20926483","20926780","46","150208504"
"chr5","171152128","171152430","chr6","157176080","157176376","48","13976048"
"chr5","171154286","171154579","chr1","145176527","145176816","44","25977759"
"chr5","171165176","171165477","chr1","184817871","184818171","39","13652695"
"chr5","171181198","171181472","chr11","97658809","97659082","47","73522389"
"chr5","171222632","171222928","chr4","36459950","36460242","46","134762682"
"chr5","171245878","171246180","chrX","107546189","107546492","34","63699689"
"chr5","171289748","171290040","chr3","150132929","150133215","46","21156819"
"chr5","171330766","171331064","chr3","118971162","118971452","42","52359604"
"chr5","171338721","171339014","chr14","65187018","65187315","37","106151703"
"chr5","171339046","171339341","chr5","38614488","38614784","39","132724558"
"chr5","171344240","171344534","chr12","31252957","31253248","42","140091283"
"chr5","171353650","171353952","chr5","15342496","15342804","40","156011154"
"chr5","171368111","171368215","chrUn_GL286435","469351","469455","22","170898760"
"chr5","171370816","171371107","chr1","201839779","201840070","43","30468963"
"chr5","171376202","171376512","chr9","115637925","115638221","56","55738277"
"chr5","171379699","171379981","chr8","97143744","97144032","46","74235955"
"chr5","171383837","171384121","chr12","31252957","31253248","50","140130880"
"chr5","171391964","171392240","chrUn_GL286400","1057626","1057908","63","170334338"
"chr5","171394897","171395187","chr5","109416110","109416400","44","61978787"
"chr5","171409851","171410095","chr15","26057042","26057287","43","145352809"
"chr5","171411213","171411474","chr22","17022728","17022985","39","154388485"
"chr5","171411976","171412303","chr2","68942092","68942390","85","102469884"
"chr5","171415021","171415339","chr3","106655459","106655766","55","64759562"
"chr5","171426927","171427227","chr22","33925235","33925530","44","137501692"
"chr5","171432401","171432700","chr10","102881824","102882105","64","68550577"
"chr5","171495703","171495999","chr4","7925635","7925934","39","163570068"
"chr5","171500001","171500275","chr8","32901710","32901981","45","138598291"
"chr5","171506014","171506313","chrX","68901296","68901591","45","102604718"
"chr5","171530092","171530390","chr2","8610763","8611056","43","162919329"
"chr5","171539761","171540060","chr11","111482603","111482898","45","60057158"
"chr5","171559282","171559558","chr12","16322527","16322798","42","155236755"
"chr5","171564938","171565239","chr15","49359997","49360293","42","122204941"
"chr5","171581308","171581618","chr10","126696429","126696740","41","44884879"
"chr5","171636111","171636419","chrX","17633918","17634220","44","154002193"
"chr5","171722228","171722560","chr4","20278830","20279149","67","151443398"
"chr5","171754907","171755215","chr12","22318360","22318667","46","149436547"
"chr5","171769533","171769839","chr1","168595556","168595859","38","3173977"
"chr5","171792250","171792548","chr15","5688723","5689022","39","166103527"
"chr5","171793558","171793869","chr18","39712282","39712591","42","132081276"
"chr5","171800607","171800881","chr7","96194147","96194420","37","75606460"
"chr5","171865983","171866285","chr6","17068239","17068542","50","154797744"
"chr5","171890246","171890504","chr4","139509082","139509343","63","32381164"
"chr5","171919874","171920192","chr7","66105076","66105385","41","105814798"
"chr5","171928792","171929087","chr3","93990955","93991253","36","77937837"
"chr5","171959566","171959876","chr2","68347420","68347720","45","103612146"
"chr5","171965246","171965550","chr2","171330283","171330586","42","634963"
"chr5","171991834","171992144","chr12","27257719","27258031","38","144734115"
"chr5","171998515","171998816","chr7","19310248","19310549","41","152688267"
"chr5","172013655","172013952","chrX","16707913","16708211","40","155305742"
"chr5","172014129","172014429","chrX","30043039","30043339","48","141971090"
"chr5","172019904","172020201","chr1","183098559","183098860","42","11078655"
"chr5","172025658","172025971","chr9","84995814","84996115","67","87029844"
"chr5","172026658","172026952","chr12","100785810","100786105","42","71240848"
"chr5","172040492","172040772","chr13","9838981","9839265","37","162201511"
"chr5","172051360","172051648","chr4","151051212","151051502","43","21000148"
"chr5","172056586","172056899","chr16","25457023","25457341","47","146599563"
"chr5","172059144","172059456","chr12","28553718","28554019","55","143505426"
"chr5","172061971","172062237","chr6","23082724","23082993","41","148979247"
"chr5","172065322","172065524","chr5","91946865","91947069","25","80118457"
"chr5","172066505","172066800","chr9","115637925","115638221","43","56428580"
"chr5","172073143","172073451","chr13","43694410","43694711","39","128378733"
"chr5","172073665","172073988","chr11","31303982","31304298","55","140769683"
"chr5","172074738","172075031","chr9","112027874","112028168","51","60046864"
"chr5","172085407","172085713","chr8","17471458","17471767","36","154613949"
"chr5","172148905","172149176","chr13","38862143","38862419","56","133286762"
"chr5","172157591","172157890","chr10","59973243","59973544","45","112184348"
"chr5","172161170","172161472","chr7","44446894","44447196","40","127714276"
"chr5","172172698","172172996","chr6","17068239","17068542","33","155104459"
"chr5","172180509","172180821","chr12","31281547","31281855","42","140898962"
"chr5","172183457","172183734","chr1","142269867","142270140","49","29913590"
"chr5","172184644","172184960","chr2","68079097","68079413","43","104105547"
"chr5","172195800","172196125","chr8","115936885","115937199","63","56258915"
"chr5","172199928","172200219","chr3","106655459","106655766","46","65544469"
"chr5","172202427","172202719","chr5","10038314","10038610","42","162164113"
"chr5","172203470","172203753","chr7","45351199","45351483","40","126852271"
"chr5","172205706","172205829","chr13","59268009","59268133","18","112937697"
"chr5","172212993","172213290","chr2","67998144","67998437","41","104214849"
"chr5","172224288","172224590","chr2","67985572","67985858","50","104238716"
"chr5","172245468","172245733","chr13","85504551","85504818","47","86740917"
"chr5","172246442","172246743","chr8","80779437","80779743","40","91467005"
"chr5","172249116","172249427","chr10","117620910","117621216","39","54628206"
"chr5","172259772","172260050","chr4","34845790","34846071","37","137413982"
"chr5","172262168","172262476","chr19","3176594","3176904","43","169085574"
"chr5","172268509","172268758","chr11","111259108","111259358","42","61009401"
"chr5","172269208","172269507","chr1","10143237","10143538","45","162125971"
"chr5","172276789","172277097","chrX","124381299","124381609","45","47895490"
"chr5","172288223","172288471","chr7","86905300","86905537","59","85382923"
"chr5","172295906","172296217","chr4","23117480","23117789","43","149178426"
"chr5","172301473","172301564","chr7","31792225","31792315","14","140509248"
"chr5","172309168","172309468","chr3","123910184","123910483","45","48398984"
"chr5","172311158","172311478","chr8","50068578","50068880","57","122242580"
"chr5","172327753","172328053","chr9","112248250","112248546","39","60079503"
"chr5","172329085","172329383","chr7","5138178","5138476","42","167190907"
"chr5","172330913","172331217","chr6","17068239","17068542","35","155262674"
"chr5","172357143","172357439","chr2","92432908","92433203","33","79924235"
"chr5","172366933","172367236","chr10","127954939","127955242","38","44411994"
"chr5","172393950","172394244","chr20","27822433","27822727","39","144571517"
"chr5","172396075","172396388","chr12","31281547","31281855","54","141114528"
"chr5","172469153","172469457","chr1","10143237","10143538","50","162325916"
"chr5","172470520","172470826","chr2","67715184","67715476","47","104755336"
"chr5","172490174","172490485","chr5","78562869","78563170","40","93927305"
"chr5","172506658","172506965","chr15","22401594","22401899","45","150105064"
"chr5","172594149","172594453","chr7","6894852","6895150","51","165699297"
"chr5","172599712","172600028","chr2","171330283","171330586","47","1269429"
"chr5","172614274","172614570","chr22","28997304","28997607","40","143616970"
"chr5","172636252","172636385","chr1","172952223","172952354","16","315971"
"chr5","172667157","172667463","chr2","67527026","67527325","42","105140131"
"chr5","172709600","172709745","chr2","8868216","8868359","21","163841384"
"chr5","172710058","172710370","chr7","45344118","45344429","44","127365940"
"chr5","172723236","172723536","chr5","121623946","121624234","41","51099290"
"chr5","172737905","172738209","chr3","151640910","151641219","40","21096995"
"chr5","172739724","172740022","chr10","27869408","27869703","32","144870316"
"chr5","172800864","172801167","chr2","12828952","12829252","44","159971912"
"chr5","172812552","172812848","chr14","64670666","64670960","36","108141886"
"chr5","172818710","172819024","chr5","2992863","2993174","52","169825847"
"chr5","172824937","172825244","chr6","17068239","17068542","37","155756698"
"chr5","172850919","172851227","chr10","117620910","117621216","36","55230009"
"chr5","172863003","172863250","chrUn_GL286469","13986","14227","49","172849017"
"chr5","172863914","172864214","chr10","14603732","14604030","47","158260182"
"chr5","172864267","172864510","chr14","33885170","33885411","45","138979097"
"chr5","172889003","172889292","chr13","60485549","60485838","40","112403454"
"chr5","172899309","172899618","chr21","40584762","40585072","51","132314547"
"chr5","172930356","172930642","chr2","67250902","67251188","26","105679454"
"chr5","172956656","172956952","chr7","25395929","25396223","33","147560727"
"chr5","172967183","172967486","chr21","40446927","40447225","36","132520256"
"chr5","172970784","172971039","chr5","20660769","20661034","53","152310015"
"chr5","172983144","172983442","chr7","145693234","145693534","33","27289910"
"chr5","172990548","172990849","chr2","61800729","61801029","39","111189819"
"chr5","173000702","173001000","chrX","16707913","16708211","36","156292789"
"chr5","173015740","173016021","chr5","2532160","2532447","42","170483580"
"chr5","173025141","173025444","chr9","55048246","55048550","43","117976895"
"chr5","173030746","173030915","chrX","106480049","106480214","31","66550697"
"chr5","173031244","173031383","chr20","22715714","22715849","19","150315530"
"chr5","173032305","173032590","chrX","18828260","18828542","39","154204045"
"chr5","173060234","173060526","chr7","74618084","74618380","47","98442150"
"chr5","173069326","173069621","chr3","3804205","3804512","49","169265121"
"chr5","173069908","173070193","chr10","16169668","16169965","52","156900240"
"chr5","173077404","173077693","chr5","2532160","2532447","37","170545244"
"chr5","173078552","173078824","chr8","1018204","1018477","47","172060348"
"chr5","173082634","173082938","chr2","8957058","8957360","42","164125576"
"chr5","173082947","173083237","chrX","32823900","32824179","52","140259047"
"chr5","173089549","173089674","chr4","13737505","13737632","19","159352044"
"chr5","173126143","173126440","chr5","39544446","39544741","39","133581697"
"chr5","173127153","173127442","chr22","46374772","46375065","59","126752381"
"chr5","173130728","173131006","chr13","31796249","31796525","48","141334479"
"chr5","173162342","173162648","chr7","10120794","10121094","37","163041548"
"chr5","173170300","173170589","chr18","41463106","41463395","38","131707194"
"chr5","173171103","173171396","chr15","27004995","27005293","39","146166108"
"chr5","173187763","173188063","chr2","66976947","66977265","43","106210816"
"chr5","173190887","173191186","chr4","148565990","148566287","47","24624897"
"chr5","173197797","173198112","chr5","15342496","15342804","39","157855301"
"chr5","173287545","173287854","chr11","20691935","20692246","47","152595610"
"chr5","173307324","173307640","chr3","150085354","150085661","45","23221970"
"chr5","173344216","173344506","chr2","66805774","66806063","38","106538442"
"chr5","173391528","173391837","chr14","79148123","79148432","42","94243405"
"chr5","173394233","173394526","chr7","32099825","32100120","34","141294408"
"chr5","173400377","173400678","chr2","66739045","66739344","45","106661332"
"chr5","173434809","173435101","chr1","186704593","186704886","40","13269784"
"chr5","173464005","173464311","chr2","66654479","66654781","50","106809526"
"chr5","173537641","173537940","chr15","49359997","49360293","37","124177644"
"chr5","173617838","173618142","chr14","43386246","43386546","32","130231592"
"chr5","173635484","173635780","chr4","36563326","36563622","43","137072158"
"chr5","173636730","173637003","chr2","66458048","66458313","45","107178682"
"chr5","173642793","173643104","chr5","106897987","106898285","59","66744806"
"chr5","173691573","173691911","chr12","1551146","1551485","66","172140427"
"chr5","173708536","173708830","chr18","5141985","5142278","37","168566551"
"chr5","173791354","173791657","chr2","66307082","66307376","52","107484272"
"chr5","173797668","173797998","chr2","66300766","66301101","69","107496902"
"chr5","173809707","173810031","chr6","132767618","132767935","45","41042089"
"chr5","173849663","173849937","chr2","66249712","66249970","51","107599951"
"chr5","173874766","173875074","chr10","94067858","94068168","37","79806908"
"chr5","173938220","173938525","chr2","165374450","165374753","45","8563770"
"chr5","173941613","173941885","chr17","16304245","16304514","55","157637368"
"chr5","173954380","173954676","chr16","69698488","69698782","47","104255892"
"chr5","174021850","174022126","chr22","6946793","6947067","45","167075057"
"chr5","174129320","174129613","chr8","91572601","91572890","55","82556719"
"chr5","174196392","174196689","chr2","65850017","65850326","49","108346375"
"chr5","174254985","174255288","chr2","31372053","31372354","38","142882932"
"chr5","174280272","174280577","chr6","17068239","17068542","38","157212033"
"chr5","174335214","174335496","chr2","65672295","65672585","39","108662919"
"chr5","174367863","174368168","chr22","33981676","33981980","51","140386187"
"chr5","174449344","174449652","chr5","43497583","43497891","44","130951761"
"chr5","174537149","174537435","chr19","45166286","45166570","48","129370863"
"chr5","174555254","174555528","chr10","101732804","101733077","31","72822450"
"chr5","174631041","174631316","chr5","15793858","15794130","36","158837183"
"chr5","174637836","174638135","chr22","15341421","15341725","47","159296415"
"chr5","174647520","174647822","chrX","107702388","107702686","41","66945132"
"chr5","174710138","174710438","chr2","31372053","31372354","36","143338085"
"chr5","174778377","174778690","chr2","83969693","83969994","48","90808684"
"chr5","174898181","174898487","chr12","28553718","28554019","43","146344463"
"chr5","175028489","175028784","chr8","106569335","106569633","40","68459154"
"chr5","175061040","175061358","chr22","43014695","43015008","48","132046345"
"chr5","175091748","175092048","chr10","55872616","55872911","41","119219132"
"chr5","175190541","175190851","chr3","106655459","106655766","50","68535082"
"chr5","175221248","175221553","chr3","185536800","185537102","41","10315552"
"chr5","175266366","175266556","chr5","129509453","129509637","32","45756913"
"chr5","175266883","175267153","chr2","48151729","48151998","40","127115154"
"chr5","175326964","175327278","chr5","140968757","140969050","54","34358207"
"chr5","175407265","175407556","chr3","175906026","175906308","50","498761"
"chr5","175449843","175450176","chr7","54586977","54587300","57","120862866"
"chr5","175462610","175462920","chr3","106655459","106655766","41","68807151"
"chr5","175495447","175495740","chr10","20827679","20827973","34","154667768"
"chr5","175549403","175549719","chr2","64477201","64477532","52","111072202"
"chr5","175552587","175552894","chr12","87913370","87913678","37","87639217"
"chr5","175566492","175566794","chr2","13687630","13687935","39","161878862"
"chr5","175603417","175603723","chr3","106655459","106655766","45","68947958"
"chr5","175607839","175608133","chr10","98072767","98073062","38","77535072"
"chr5","175650849","175651182","chr1","137129532","137129843","67","38521317"
"chr5","175669353","175669662","chr10","27979674","27979979","42","147689679"
"chr5","175757076","175757328","chr9","40607065","40607317","42","135150011"
"chr5","175763724","175764029","chr2","192738409","192738717","48","16974685"
"chr5","175835702","175836038","chr5","8374232","8374576","58","167461470"
"chr5","175897018","175897310","chr15","20770296","20770585","35","155126722"
"chr5","175899021","175899352","chr15","62836485","62836818","42","113062536"
"chr5","175901293","175901605","chr12","87913370","87913678","40","87987923"
"chr5","175905020","175905307","chr16","61819076","61819365","45","114085944"
"chr5","175911739","175912015","chrX","123830034","123830308","42","52081705"
"chr5","175933066","175933350","chr5","136701534","136701814","43","39231532"
"chr5","175962522","175962814","chr2","61540845","61541132","52","114421677"
"chr5","175992006","175992317","chr3","54681311","54681613","65","121310695"
"chr5","176009471","176009603","chr4","38241259","38241391","10","137768212"
"chr5","176011756","176012081","chr11","9443706","9444010","66","166568050"
"chr5","176016676","176016996","chr2","14826551","14826859","53","161190125"
"chr5","176021625","176021924","chr7","56013648","56013949","43","120007977"
"chr5","176024434","176024757","chrUn_GL286347","13941","14248","49","176010493"
"chr5","176206319","176206612","chr13","100849914","100850206","41","75356405"
"chr5","176218145","176218435","chr14","5921690","5921981","41","170296455"
"chr5","176255300","176255574","chr9","88723812","88724085","42","87531488"
"chr5","176260995","176261305","chr2","8618681","8618990","43","167642314"
"chr5","176262523","176262817","chr2","62983652","62983945","30","113278871"
"chr5","176293157","176293448","chr10","33781862","33782158","54","142511295"
"chr5","176293461","176293763","chr2","12828952","12829252","42","163464509"
"chr5","176294283","176294578","chr9","58678177","58678469","47","117616106"
"chr5","176301497","176301807","chr3","106655459","106655766","51","69646038"
"chr5","176313985","176314271","chr5","31371357","31371639","36","144942628"
"chr5","176330119","176330416","chr5","26961498","26961795","35","149368621"
"chr5","176333027","176333325","chr6","17068239","17068542","35","159264788"
"chr5","176344389","176344466","chr15","63494671","63494748","6","112849718"
"chr5","176387685","176387845","chr10","59813913","59814056","48","116573772"
"chr5","176394392","176394535","chrX","52424803","52424948","16","123969589"
"chr5","176423145","176423264","chr2","63127278","63127398","14","113295867"
"chr5","176430960","176431266","chr22","28997304","28997607","35","147433656"
"chr5","176437476","176437780","chr9","17843722","17844025","48","158593754"
"chr5","176446618","176446920","chr22","28997304","28997607","38","147449314"
"chr5","176454136","176454426","chr12","48605950","48606233","45","127848186"
"chr5","176458115","176458381","chr20","28262059","28262327","48","148196056"
"chr5","176461006","176461312","chr6","17068239","17068542","42","159392767"
"chr5","176463725","176464029","chr1","202849760","202850061","39","26386035"
"chr5","176464893","176465190","chrX","108021574","108021865","40","68443319"
"chr5","176494566","176494846","chr10","8710550","8710836","43","167784016"
"chr5","176495511","176495810","chr5","77976326","77976624","47","98519185"
"chr5","176500846","176501147","chr8","116031907","116032205","38","60468939"
"chr5","176503880","176504126","chr14","21170276","21170525","39","155333604"
"chr5","176512318","176512638","chr11","123924507","123924822","49","52587811"
"chr5","176518867","176519178","chr7","32003277","32003587","47","144515590"
"chr5","176522517","176522807","chr5","39519308","39519594","42","137003209"
"chr5","176524646","176524780","chr12","50418916","50419049","14","126105730"
"chr5","176525091","176525272","chr12","24348367","24348543","37","152176724"
"chr5","176526045","176526202","chr10","27469878","27470033","29","149056167"
"chr5","176526490","176526644","chr16","18712131","18712278","31","157814359"
"chr5","176554649","176554953","chr1","168595556","168595859","44","7959093"
"chr5","176561639","176561939","chr10","14603732","14604030","33","161957907"
"chr5","176567482","176567792","chr3","106655459","106655766","42","69912023"
"chr5","176576578","176576876","chr14","69316202","69316499","37","107260376"
"chr5","176580247","176580558","chr19","43463036","43463348","40","133117211"
"chr5","176586187","176586495","chr2","31372053","31372354","41","145214134"
"chr5","176600632","176600946","chr2","62697446","62697757","40","113903186"
"chr5","176607349","176607643","chr2","62689969","62690263","31","113917380"
"chr5","176623102","176623394","chr7","55245516","55245807","43","121377586"
"chr5","176632250","176632555","chr1","168595556","168595859","31","8036694"
"chr5","176675159","176675457","chr1","96502286","96502583","54","80172873"
"chr5","176692010","176692319","chr1","139655472","139655767","50","37036538"
"chr5","176714722","176715018","chr4","36522598","36522895","36","140192124"
"chr5","176720055","176720344","chr14","2844683","2844965","38","173875372"
"chr5","176760771","176760922","chr2","62522077","62522229","22","114238694"
"chr5","176761038","176761321","chr4","34845790","34846071","44","141915248"
"chr5","176827176","176827482","chr11","111117466","111117768","35","65709710"
"chr5","176839837","176840156","chr12","116121421","116121727","62","60718416"
"chr5","176901454","176901762","chr9","8886595","8886904","45","168014859"
"chr5","176927255","176927553","chr7","43577449","43577747","39","133349806"
"chr5","176946555","176946851","chrX","47260246","47260539","50","129686309"
"chr5","176950588","176950895","chr22","33981676","33981980","37","142968912"
"chr5","176963239","176963539","chr4","88620271","88620570","42","88342968"
"chr5","176974565","176974830","chr1","155073091","155073354","55","21901474"
"chr5","176987364","176987672","chr2","9886138","9886441","54","167101226"
"chr5","176995267","176995561","chr13","31331915","31332215","58","145663352"
"chr5","177007823","177008118","chr11","123371423","123371718","33","53636400"
"chr5","177009753","177009960","chrX","140817948","140818150","28","36191805"
"chr5","177015788","177016080","chr2","62195824","62196115","44","114819964"
"chr5","177025998","177026304","chr22","30202132","30202421","45","146823866"
"chr5","177028041","177028327","chr7","45451520","45451793","63","131576521"
"chr5","177030339","177030489","chr15","26415621","26415775","21","150614718"
"chr5","177042898","177043151","chr2","62160998","62161251","32","114881900"
"chr5","177046015","177046319","chr14","63899008","63899305","40","113147007"
"chr5","177052173","177052482","chr9","65621114","65621411","55","111431059"
"chr5","177055659","177055793","chr4","71763764","71763896","13","105291895"
"chr5","177056095","177056251","chr4","34157283","34157451","39","142898812"
"chr5","177063067","177063199","chr15","23758140","23758272","10","153304927"
"chr5","177067823","177067955","chr7","61342198","61342328","18","115725625"
"chr5","177072568","177072820","chr2","62122108","62122356","38","114950460"
"chr5","177078630","177078939","chr3","90874267","90874573","52","86204363"
"chr5","177083169","177083464","chr6","49767047","49767345","37","127316122"
"chr5","177083663","177083967","chr2","62110223","62110526","47","114973440"
"chr5","177104846","177104999","chr2","62087504","62087657","17","115017342"
"chr5","177115453","177115754","chr1","182969072","182969372","42","5853619"
"chr5","177121598","177121870","chr11","98309944","98310214","43","78811654"
"chr5","177123875","177124160","chr10","119158195","119158473","58","57965680"
"chr5","177125956","177126255","chr13","39885762","39886059","40","137240194"
"chr5","177160295","177160602","chrX","51937163","51937473","54","125223132"
"chr5","177161681","177161941","chr8","1018204","1018477","60","176143477"
"chr5","177162394","177162681","chr20","22241236","22241511","65","154921158"
"chr5","177165169","177165434","chr11","13204541","13204798","50","163960628"
"chr5","177166744","177167039","chr21","43075982","43076273","52","134090762"
"chr5","177175877","177176175","chr9","115637925","115638221","38","61537952"
"chr5","177177233","177177541","chr13","18393383","18393690","43","158783850"
"chr5","177180083","177180405","chr2","39914744","39915052","46","137265339"
"chr5","177187101","177187404","chr1","73862648","73862951","38","103324453"
"chr5","177193763","177194075","chr7","58166645","58166955","47","119027118"
"chr5","177200094","177200377","chr2","7961600","7961858","60","169238494"
"chr5","177205990","177206299","chr6","17068239","17068542","40","160137751"
"chr5","177225145","177225442","chr3","19635604","19635905","42","157589541"
"chr5","177229737","177230039","chr9","90339081","90339384","43","86890656"
"chr5","177241215","177241526","chr4","155895543","155895855","48","21345672"
"chr5","177247148","177247438","chr2","61950624","61950911","41","115296524"
"chr5","177274731","177275032","chr6","43666330","43666629","41","133608401"
"chr5","177323609","177323905","chrX","107273049","107273349","40","70050560"
"chr5","177325349","177325627","chr10","16974737","16975008","52","160350612"
"chr5","177329065","177329350","chrX","17243808","17244094","35","160085257"
"chr5","177340496","177340777","chr6","140985007","140985289","37","36355489"
"chr5","177374689","177374987","chr2","170651743","170652040","39","6722946"
"chr5","177411395","177411687","chr1","201385712","201386008","45","23974317"
"chr5","177419902","177420218","chr2","194619018","194619325","56","17199116"
"chr5","177428440","177428717","chr1","168355505","168355788","39","9072935"
"chr5","177438796","177438852","chr20","472603","472660","12","176966193"
"chr5","177482885","177483144","chr5","64187805","64188069","47","113295080"
"chr5","177499202","177499508","chr2","18780256","18780558","43","158718946"
"chr5","177500203","177500512","chr5","94532768","94533076","43","82967435"
"chr5","177560890","177561135","chr7","149917172","149917415","33","27643718"
"chr5","177565785","177566097","chr22","12054741","12055050","40","165511044"
"chr5","177566465","177566767","chr5","86230872","86231167","45","91335593"
"chr5","177567136","177567309","chr3","85010536","85010708","33","92556600"
"chr5","177582400","177582677","chr5","126747837","126748108","52","50834563"
"chr5","177620962","177621272","chr16","19457457","19457759","47","158163505"
"chr5","177628051","177628342","chr22","18116016","18116306","50","159512035"
"chr5","177629175","177629471","chr22","1192535","1192835","49","176436640"
"chr5","177649491","177649785","chr2","62983652","62983945","30","114665839"
"chr5","177650994","177651299","chr9","11967801","11968108","41","165683193"
"chr5","177652815","177653089","chr1","180435500","180435782","47","2782685"
"chr5","177656718","177656992","chr5","41236817","41237096","40","136419901"
"chr5","177692223","177692517","chr12","29333369","29333657","37","148358854"
"chr5","177705022","177705315","chr10","116079693","116079983","41","61625329"
"chr5","177819067","177819354","chr17","42857352","42857640","43","134961715"
"chr5","177821860","177822159","chr7","56013648","56013949","42","121808212"
"chr5","177826788","177827108","chr2","14826551","14826859","53","163000237"
"chr5","177831710","177832045","chr4","34160473","34160804","75","143671237"
"chr5","177834199","177834331","chr4","38241259","38241391","10","139592940"
"chr5","177851480","177851791","chr3","54681311","54681613","66","123170169"
"chr5","177880987","177881283","chr2","61540845","61541132","54","116340142"
"chr5","177910455","177910739","chr5","136701534","136701814","41","41208921"
"chr5","177927210","177927486","chrX","123830034","123830308","41","54097176"
"chr5","177933904","177934191","chr6","25557001","25557291","49","152376903"
"chr5","177988332","177988636","chr12","31281547","31281855","54","146706785"
"chr5","177989377","177989673","chr9","106943826","106944128","48","71045551"
"chr5","177999883","178000000","chr5","60678704","60678820","13","117321179"
"chr5","178062607","178062874","chr11","98309944","98310214","51","79752663"
"chr5","178069524","178069809","chr11","124355910","124356199","48","53713614"
"chr5","178071533","178071809","chr1","171378212","171378490","45","6693321"
"chr5","178084463","178084731","chr14","66313483","66313744","52","111770980"
"chr5","178088982","178089266","chr3","2815404","2815685","48","175273578"
"chr5","178093551","178093854","chr5","124264788","124265092","37","53828763"
"chr5","178097680","178097861","chr16","38258251","38258424","44","139839429"
"chr5","178098142","178098331","chr1","134792173","134792371","52","43305969"
"chr5","178102674","178102983","chrX","47176701","47177007","39","130925973"
"chr5","178107475","178107770","chr9","86088158","86088455","39","92019317"
"chr5","178111686","178111751","chr1","43062333","43062398","12","135049353"
"chr5","178111752","178111821","chr6","94464402","94464471","10","83647350"
"chr5","178112281","178112590","chr15","20913964","20914267","52","157198317"
"chr5","178160669","178160968","chr11","116516358","116516655","49","61644311"
"chr5","178161385","178161686","chr1","168595556","168595859","40","9565829"
"chr5","178168567","178168876","chr6","17068239","17068542","38","161100328"
"chr5","178172555","178172646","chr11","64453236","64453326","15","113719319"
"chr5","178183892","178184197","chr5","11618038","11618344","52","166565854"
"chr5","178191890","178192164","chr13","7353190","7353465","45","170838700"
"chr5","178217227","178217521","chr9","15982483","15982780","48","162234744"
"chr5","178243206","178243512","chr4","30643780","30644085","46","147599426"
"chr5","178264654","178264944","chr2","63376889","63377171","41","114887765"
"chr5","178266041","178266340","chr1","184817871","184818171","41","6551830"
"chr5","178282861","178283185","chr4","20278830","20279149","49","158004031"
"chr5","178294860","178294987","chr5","112523260","112523386","15","65771600"
"chr5","178295015","178295193","chr5","137951668","137951842","38","40343347"
"chr5","178298766","178298859","chr7","62987062","62987157","13","115311704"
"chr5","178321847","178321980","chr9","100751399","100751543","31","77570448"
"chr5","178322292","178322428","chr16","87915366","87915504","24","90406926"
"chr5","178393647","178393925","chr2","63529431","63529726","53","114864216"
"chr5","178405821","178406128","chr1","10143237","10143538","38","168262584"
"chr5","178443452","178443757","chr22","33981676","33981980","39","144461776"
"chr5","178447082","178447360","chr10","32630596","32630869","39","145816486"
"chr5","178458361","178458648","chr2","72221187","72221480","44","106237174"
"chr5","178510262","178510542","chrX","105924911","105925188","38","72585351"
"chr5","178567461","178567706","chr7","65593392","65593633","50","112974069"
"chr5","178580046","178580353","chr22","28997304","28997607","38","149582742"
"chr5","178601808","178602103","chr10","121197224","121197521","41","57404584"
"chr5","178634810","178635115","chr18","8503340","8503640","38","170131470"
"chr5","178652130","178652423","chr21","43075982","43076273","39","135576148"
"chr5","178653763","178654060","chr1","15931085","15931383","37","162722678"
"chr5","178688060","178688340","chr7","114227","114501","51","178573833"
"chr5","178696233","178696525","chr5","74809771","74810060","39","103886462"
"chr5","178746247","178746551","chr22","33981676","33981980","44","144764571"
"chr5","178758899","178759208","chr14","17291498","17291810","42","161467401"
"chr5","178771812","178772116","chr1","184817871","184818171","41","6046059"
"chr5","178773917","178774212","chr12","51132704","51132997","39","127641213"
"chr5","178783861","178784153","chr10","16033492","16033786","44","162750369"
"chr5","178850708","178850812","chr3","111214675","111214780","10","67636033"
"chr5","178855875","178856179","chr7","19310248","19310549","46","159545627"
"chr5","178857556","178857856","chrX","86580996","86581293","40","92276560"
"chr5","178872777","178873087","chr3","106655459","106655766","44","72217318"
"chr5","178873944","178874256","chr7","148985140","148985448","49","29888804"
"chr5","178879057","178879346","chr7","89217839","89218129","44","89661218"
"chr5","178893082","178893353","chr5","122419785","122420070","47","56473297"
"chr5","178901852","178902126","chr15","27957096","27957370","38","150944756"
"chr5","178906545","178906856","chr6","116696421","116696730","42","62210124"
"chr5","178917333","178917628","chr10","16033492","16033786","35","162883841"
"chr5","178947913","178948204","chr21","43075982","43076273","43","135871931"
"chr5","178971953","178972232","chr5","31371357","31371639","44","147600596"
"chr5","179011030","179011328","chr12","39469403","39469701","48","139541627"
"chr5","179025211","179025489","chr1","75555059","75555337","53","103470152"
"chr5","179025656","179025929","chr6","85473213","85473483","43","93552443"
"chr5","179065407","179065714","chr3","84624674","84624979","48","94440733"
"chr5","179095229","179095523","chr8","105953884","105954178","45","73141345"
"chr5","179098296","179098594","chr11","64711646","64711950","42","114386650"
"chr5","179108009","179108309","chr2","7390420","7390713","39","171717589"
"chr5","179136384","179136688","chr4","156698023","156698319","38","22438361"
"chr5","179147077","179147388","chr2","61062755","61063065","39","118084322"
"chr5","179178973","179179246","chr10","45307682","45307950","40","133871291"
"chr5","179253362","179253658","chr1","148330988","148331281","40","30922374"
"chr5","179333589","179333893","chr7","56596965","56597275","47","122736624"
"chr5","179381138","179381448","chr9","11967801","11968108","43","167413337"
"chr5","179445263","179445559","chr7","80047681","80047980","44","99397582"
"chr5","179462767","179463083","chr5","2987934","2988233","62","176474833"
"chr5","179498869","179499170","chr2","10898234","10898528","46","168600635"
"chr5","179528404","179528705","chr3","84624674","84624979","43","94903730"
"chr5","179533380","179533691","chr22","33981676","33981980","49","145551704"
"chr5","179535619","179535770","chr5","126146453","126146604","21","53389166"
"chr5","179537604","179537889","chr9","112027874","112028168","49","67509730"
"chr5","179539416","179539718","chr8","3713977","3714274","40","175825439"
"chr5","179540976","179541273","chr5","154831379","154831677","40","24709597"
"chr5","179554686","179554985","chr5","26961498","26961795","34","152593188"
"chr5","179560928","179561231","chr1","210023077","210023381","47","30462149"
"chr5","179567964","179568267","chr2","183662984","183663286","43","4095020"
"chr5","179590840","179591132","chr2","18360128","18360420","37","161230712"
"chr5","179593071","179593378","chr3","106655459","106655766","45","72937612"
"chr5","179595061","179595261","chr5","75230241","75230441","28","104364820"
"chr5","179622429","179622724","chr9","115637925","115638221","44","63984504"
"chr5","179625214","179625508","chr1","15931085","15931383","47","163694129"
"chr5","179627508","179627641","chr9","46471264","46471398","28","133156244"
"chr5","179627944","179628122","chr2","125879517","125879691","25","53748427"
"chr5","179628660","179628997","chr2","137288772","137289096","86","42339888"
"chr5","179629328","179629584","chr12","15585736","15585987","48","164043592"
"chr5","179629741","179630043","chr13","35663090","35663393","42","143966651"
"chr5","179641602","179641897","chr6","19935004","19935300","46","159706598"
"chr5","179647818","179648059","chr7","99139883","99140124","38","80507935"
"chr5","179652886","179653181","chr6","19935004","19935300","45","159717882"
"chr5","179664785","179665093","chr3","106655459","106655766","37","73009326"
"chr5","179667115","179667409","chr10","55872616","55872911","43","123794499"
"chr5","179670341","179670620","chr22","32083891","32084170","45","147586450"
"chr5","179672452","179672620","chr19","781258","781429","25","178891194"
"chr5","179672936","179673079","chr2","8868216","8868359","22","170804720"
"chr5","179686103","179686397","chr5","4626496","4626785","33","175059607"
"chr5","179687753","179688051","chr5","26961498","26961795","41","152726255"
"chr5","179688967","179689272","chr7","148985140","148985448","58","30703827"
"chr5","179692082","179692374","chr12","100785810","100786105","31","78906272"
"chr5","179701311","179701588","chr19","28104555","28104821","49","151596756"
"chr5","179710772","179711076","chr4","168156555","168156848","54","11554217"
"chr5","179712728","179713068","chr13","61846841","61847189","74","117865887"
"chr5","179714013","179714300","chr8","8064096","8064387","43","171649917"
"chr5","179719817","179720129","chr14","14218793","14219102","48","165501024"
"chr5","179741403","179741707","chrX","52368989","52369294","47","127372414"
"chr5","179742530","179742824","chr1","77241131","77241414","56","102501399"
"chr5","179756957","179757117","chr5","93153854","93154023","33","86603103"
"chr5","179758721","179759010","chr21","46276068","46276356","38","133482653"
"chr5","179764680","179764970","chr11","43485145","43485437","51","136279535"
"chr5","179769557","179769852","chr10","18062344","18062642","38","161707213"
"chr5","179839978","179840239","chrX","39387728","39387995","36","140452250"
"chr5","179845201","179845448","chr5","92058937","92059185","31","87786264"
"chr5","179845497","179845795","chr4","162236001","162236292","53","17609496"
"chr5","179852047","179852309","chr10","34329847","34330103","46","145522200"
"chr5","179853834","179854011","chr9","37378839","37379016","23","142474995"
"chr5","179855077","179855119","chr3","26302726","26302765","9","153552351"
"chr5","179897307","179897624","chr5","15342496","15342804","49","164554811"
"chr5","179910776","179911078","chr13","36249316","36249620","34","143661460"
"chr5","179915060","179915356","chr11","110647465","110647762","50","69267595"
"chr5","179921516","179921758","chr11","82241048","82241288","35","97680468"
"chr5","179922310","179922607","chr6","17068239","17068542","44","162854071"
"chr5","179932268","179932559","chr9","107680524","107680812","38","72251744"
"chr5","179999011","179999320","chr13","84459624","84459931","45","95539387"
"chr5","180008603","180008907","chr1","82669756","82670065","49","97338847"
"chr5","180033442","180033724","chr16","61037602","61037878","59","118995840"
"chr5","180058556","180058859","chr2","59694003","59694300","39","120364553"
"chr5","180077142","180077429","chr9","100245523","100245805","37","79831619"
"chr5","180090667","180090969","chr18","15454393","15454695","52","164636274"
"chr5","180096445","180096734","chr15","71382825","71383118","39","108713620"
"chr5","180105586","180105887","chr22","28997304","28997607","32","151108282"
"chr5","180146154","180146437","chr3","117862192","117862469","57","62283962"
"chr5","180159124","180159439","chr6","135628578","135628888","49","44530546"
"chr5","180178276","180178578","chr10","14603732","14604030","41","165574544"
"chr5","180183890","180184162","chr2","10414629","10414909","47","169769261"
"chr5","180186684","180186983","chr16","69379771","69380066","50","110806913"
"chr5","180203713","180204022","chr9","104240252","104240561","42","75963461"
"chr5","180205744","180206034","chr14","86364378","86364659","42","93841366"
"chr5","180231588","180231897","chr7","45344118","45344429","41","134887470"
"chr5","180283656","180283946","chr2","59967940","59968227","40","120315716"
"chr5","180305970","180306279","chr2","59989581","59989887","42","120316389"
"chr5","180330038","180330333","chr3","184619156","184619440","39","4289118"
"chr5","180387366","180387494","chr16","53291448","53291579","20","127095918"
"chr5","180394680","180394991","chr3","106655459","106655766","38","73739221"
"chr5","180441175","180441482","chr10","44721381","44721685","51","135719794"
"chr5","180443861","180444165","chr4","21718170","21718470","37","158725691"
"chr5","180462867","180463151","chr7","23976296","23976583","47","156486571"
"chr5","180474037","180474169","chr11","121604069","121604201","21","58869968"
"chr5","180519834","180520133","chr2","145182124","145182423","48","35337710"
"chr5","180542268","180542564","chr3","20631591","20631886","41","159910677"
"chr5","180572195","180572489","chr2","62689969","62690263","37","117882226"
"chr5","180579206","180579491","chr4","43311502","43311796","54","137267704"
"chr5","180660197","180660508","chr5","131618707","131619016","45","49041490"
"chr5","180718360","180718617","chr12","28765007","28765279","60","151953353"
"chr5","180729118","180729416","chr9","65621114","65621411","37","115108004"
"chr5","180778125","180778429","chr1","182969072","182969372","42","2190947"
"chr5","180778605","180778914","chrX","47176701","47177007","45","133601904"
"chr5","180789280","180789575","chr10","14603732","14604030","44","166185548"
"chr5","180841772","180842055","chrX","140437749","140438042","51","40404023"
"chr5","180845058","180845356","chr2","8957058","8957360","51","171888000"
"chr5","180886892","180887188","chr9","93743465","93743757","43","87143427"
"chr5","180940788","180941073","chr2","55464879","55465169","72","125475909"
"chr5","180999518","180999824","chr5","83113160","83113466","46","97886358"
"chr5","181135885","181136179","chr9","16016919","16017208","46","165118966"
"chr5","181145978","181146272","chr5","8913907","8914204","41","172232071"
"chr5","181165788","181166086","chr7","40582196","40582491","46","140583592"
"chr5","181166290","181166361","chr2","11265080","11265150","9","169901210"
"chr5","181166563","181166862","chr5","136750937","136751240","42","44415626"
"chr5","181228278","181228586","chr9","91776812","91777118","39","89451466"
"chr5","181250254","181250558","chr6","17068239","17068542","35","164182015"
"chr5","181290159","181290464","chr1","168595556","168595859","43","12694603"
"chr5","181334916","181335185","chr19","23560118","23560385","41","157774798"
"chr5","181361770","181361853","chr10","128335653","128335737","15","53026117"
"chr5","181407128","181407427","chr5","26961498","26961795","38","154445630"
"chr6","75497408","75497693","chr2","7000774","7001034","57","68496634"
"chr6","3931939","3932164","chr15","31993657","31993884","34","28061718"
"chr6","6160334","6160636","chr7","49632330","49632627","45","43471996"
"chr6","36831045","36831352","chr3","106655459","106655766","37","69824414"
"chr6","43122605","43122906","chr7","10120794","10121094","38","33001811"
"chr6","108396482","108396791","chr1","168595556","168595859","40","60199074"
"chr6","156893031","156893324","chr17","16091436","16091715","50","140801595"
"chr6","159645481","159645785","chr6","17068239","17068542","40","142577242"
"chr6","66894","67203","chr20","23337174","23337477","45","23270280"
"chr6","112287","112370","chr10","128335653","128335737","12","128223366"
"chr6","138927","139196","chr19","23560118","23560385","40","23421191"
"chr6","238812","239073","chr10","19781273","19781542","45","19542461"
"chr6","249280","249577","chrX","23750481","23750780","36","23501201"
"chr6","266856","267157","chr4","28994079","28994375","42","28727223"
"chr6","345217","345509","chr5","38614488","38614784","39","38269271"
"chr6","354906","355185","chr1","40046052","40046333","47","39691146"
"chr6","558530","558837","chrX","52400110","52400413","44","51841580"
"chr6","581012","581312","chr3","177773552","177773857","41","177192540"
"chr6","671075","671363","chr9","95668227","95668504","54","94997152"
"chr6","813724","814013","chr21","43075982","43076273","41","42262258"
"chr6","983000","983255","chr4","28211558","28211813","29","27228558"
"chr6","1257649","1257946","chr2","7497790","7498081","53","6240141"
"chr6","1359860","1360134","chr15","65258312","65258604","48","63898452"
"chr6","1416645","1416776","chr5","73204679","73204811","19","71788034"
"chr6","1444376","1444644","chr3","6494628","6494898","45","5050252"
"chr6","1484447","1484739","chr1","148395182","148395475","45","146910735"
"chr6","1524901","1525203","chr22","38902466","38902763","43","37377565"
"chr6","1547173","1547539","chr20","21988437","21988791","93","20441264"
"chr6","1557739","1558043","chrX","47176701","47177007","38","45618962"
"chr6","1588304","1588617","chr2","171032147","171032451","52","169443843"
"chr6","1642186","1642468","chr5","41236817","41237096","40","39594631"
"chr6","1650574","1650879","chr2","12828952","12829252","50","11178378"
"chr6","1685115","1685391","chr10","16974737","16975008","49","15289622"
"chr6","1733535","1733865","chr2","136416154","136416456","79","134682619"
"chr6","1740275","1740571","chr4","30880097","30880395","32","29139822"
"chr6","2035702","2035986","chr5","38801240","38801522","40","36765538"
"chr6","2058077","2058354","chr12","23481703","23481980","45","21423626"
"chr6","2174584","2174868","chr12","24025253","24025538","46","21850669"
"chr6","2253153","2253401","chr1","176764117","176764352","49","174510964"
"chr6","2260313","2260615","chr5","77976326","77976624","41","75716013"
"chr6","2267616","2267691","chr6","21451529","21451606","16","19183913"
"chr6","2335787","2335911","chrUn_GL286210","48444","48568","12","2287343"
"chr6","2336684","2336858","chr4","26712348","26712523","24","24375664"
"chr6","2368090","2368370","chr4","26672786","26673060","49","24304696"
"chr6","2381647","2381957","chr7","45344118","45344429","46","42962471"
"chr6","2411360","2411651","chr4","38452112","38452407","39","36040752"
"chr6","2424210","2424506","chr6","43666330","43666629","41","41242120"
"chr6","2443074","2443334","chr2","9906451","9906710","42","7463377"
"chr6","2552249","2552547","chr3","3804205","3804512","48","1251956"
"chr6","2683435","2683717","chr16","92089757","92090031","40","89406322"
"chr6","2723890","2724176","chr2","40126620","40126906","39","37402730"
"chr6","2789606","2789893","chr2","8632162","8632448","41","5842556"
"chr6","2812446","2812756","chr11","64363135","64363445","33","61550689"
"chr6","2824915","2824994","chr4","26161845","26161931","13","23336930"
"chr6","2825308","2825645","chr7","47789289","47789628","67","44963981"
"chr6","2837270","2837577","chr1","172873149","172873460","45","170035879"
"chr6","2864261","2864535","chr15","34481446","34481715","51","31617185"
"chr6","2894755","2895056","chr15","28802900","28803193","60","25908145"
"chr6","2897184","2897487","chr5","107592159","107592460","38","104694975"
"chr6","2902509","2902817","chr4","26076036","26076339","45","23173527"
"chr6","2910144","2910448","chr12","28109320","28109624","38","25199176"
"chr6","2912117","2912425","chr6","18755612","18755919","37","15843495"
"chr6","2915591","2915885","chrX","107699455","107699746","41","104783864"
"chr6","2929085","2929369","chr13","61271566","61271839","44","58342481"
"chr6","2971943","2972236","chr7","4047106","4047401","53","1075163"
"chr6","2974941","2975227","chr4","108747172","108747456","44","105772231"
"chr6","2984184","2984475","chr17","68984024","68984317","42","65999840"
"chr6","3022428","3022732","chr5","9552625","9552933","58","6530197"
"chr6","3043119","3043419","chr3","188439224","188439516","50","185396105"
"chr6","3050584","3050894","chr22","2239058","2239365","41","811526"
"chr6","3096864","3097170","chr6","17068239","17068542","40","13971375"
"chr6","3100592","3100892","chr13","39885762","39886059","38","36785170"
"chr6","3149625","3149928","chr7","79564408","79564709","46","76414783"
"chr6","3203956","3204269","chr7","32003277","32003587","41","28799321"
"chr6","3214303","3214469","chr17","34108233","34108402","29","30893930"
"chr6","3214766","3214855","chr9","20100459","20100548","16","16885693"
"chr6","3420823","3421129","chr4","25459571","25459878","41","22038748"
"chr6","3451210","3451496","chr5","85853458","85853744","43","82402248"
"chr6","3480570","3480874","chr22","28997304","28997607","36","25516734"
"chr6","3588233","3588532","chr5","26961498","26961795","40","23373265"
"chr6","3623174","3623467","chr9","110500593","110500886","40","106877419"
"chr6","3640027","3640337","chr1","137129532","137129843","39","133489505"
"chr6","3744688","3744992","chr22","28997304","28997607","50","25252616"
"chr6","3769227","3769521","chr18","3287014","3287306","42","482213"
"chr6","3773063","3773351","chr19","6867541","6867823","57","3094478"
"chr6","3774131","3774440","chr1","137129532","137129843","42","133355401"
"chr6","3786440","3786738","chr7","6894852","6895150","40","3108412"
"chr6","3795357","3795641","chr19","6867541","6867823","39","3072184"
"chr6","3805272","3805585","chr5","150153039","150153350","42","146347767"
"chr6","3812066","3812360","chr22","28997304","28997607","40","25185238"
"chr6","3891453","3891755","chr6","17068239","17068542","39","13176786"
"chr6","3921420","3921701","chr9","44537673","44537953","32","40616253"
"chr6","3923351","3923645","chr21","43075982","43076273","37","39152631"
"chr6","3927383","3927691","chr6","17068239","17068542","47","13140856"
"chr6","3932223","3932502","chr2","39544771","39545056","44","35612548"
"chr6","3947275","3947582","chr5","99799393","99799697","38","95852118"
"chr6","3998816","3998950","chr22","16468444","16468578","14","12469628"
"chr6","3998951","3999245","chr4","24778193","24778488","46","20779242"
"chr6","4013777","4014065","chr4","10274002","10274296","44","6260225"
"chr6","4073852","4074151","chr9","109143507","109143803","49","105069655"
"chr6","4076597","4076892","chr4","138920299","138920592","48","134843702"
"chr6","4092578","4092847","chr9","110277681","110277956","43","106185103"
"chr6","4105098","4105392","chr15","63849112","63849409","37","59744014"
"chr6","4116071","4116362","chr5","143023404","143023700","37","138907333"
"chr6","4122217","4122520","chr6","17068239","17068542","36","12946022"
"chr6","4123685","4123976","chrX","39396952","39397238","51","35273267"
"chr6","4132765","4133063","chr5","26961498","26961795","41","22828733"
"chr6","4319593","4319867","chr3","72187718","72187993","39","67868125"
"chr6","4354763","4355060","chr4","43074425","43074733","50","38719662"
"chr6","4426012","4426315","chr13","57414367","57414663","36","52988355"
"chr6","4569685","4569993","chr13","57450897","57451206","47","52881212"
"chr6","4599496","4599801","chr16","51641934","51642237","43","47042438"
"chr6","4656860","4657147","chr10","8026640","8026929","41","3369780"
"chr6","4680948","4681245","chr13","39885762","39886059","39","35204814"
"chr6","4685713","4686006","chr10","126287645","126287938","40","121601932"
"chr6","4689025","4689289","chr8","32901710","32901981","56","28212685"
"chr6","4695774","4696083","chr18","39712282","39712591","38","35016508"
"chr6","4713587","4713887","chr1","185200684","185200988","43","180487097"
"chr6","4718312","4718577","chr7","67196083","67196346","46","62477771"
"chr6","4731515","4731836","chr4","55978543","55978845","54","51247028"
"chr6","4740790","4741086","chr4","156698023","156698319","34","151957233"
"chr6","4745455","4745593","chr12","27626025","27626157","17","22880570"
"chr6","4750217","4750501","chr16","92089757","92090031","33","87339540"
"chr6","4758058","4758352","chr6","4245255","4245549","40","512803"
"chr6","4763661","4763962","chr17","69075766","69076065","45","64312105"
"chr6","4783418","4783718","chr5","94234310","94234606","37","89450892"
"chr6","4787766","4788071","chr22","33981676","33981980","38","29193910"
"chr6","4792434","4792734","chr17","69075766","69076065","41","64283332"
"chr6","4816486","4816788","chr5","6629520","6629828","53","1813034"
"chr6","4821452","4821751","chr4","25785590","25785888","49","20964138"
"chr6","4827659","4827954","chr15","41758838","41759130","41","36931179"
"chr6","4893412","4893710","chr12","112745516","112745814","35","107852104"
"chr6","4894598","4894748","chr22","7803329","7803480","17","2908731"
"chr6","4920635","4920915","chr5","31371357","31371639","44","26450722"
"chr6","4927462","4927715","chr2","59368786","59369038","48","54441324"
"chr6","4952772","4953068","chr5","79752580","79752868","45","74799808"
"chr6","4968443","4968720","chrX","14397583","14397859","44","9429140"
"chr6","4972972","4973264","chr4","33362777","33363069","33","28389805"
"chr6","5007878","5008162","chr7","58160492","58160776","37","53152614"
"chr6","5027113","5027430","chr7","6231691","6232004","48","1204578"
"chr6","5028157","5028441","chr2","10652839","10653117","41","5624682"
"chr6","5071658","5071943","chr4","34845790","34846071","43","29774132"
"chr6","5095696","5096009","chr4","23568887","23569194","41","18473191"
"chr6","5155079","5155379","chr5","60529593","60529894","40","55374514"
"chr6","5164686","5164987","chr1","12491044","12491347","37","7326358"
"chr6","5186703","5186998","chr6","147894727","147895020","38","142708024"
"chr6","5195329","5195659","chr12","31281547","31281855","56","26086218"
"chr6","5389859","5390163","chr13","57549378","57549681","44","52159519"
"chr6","5395065","5395350","chrX","45666740","45667025","41","40271675"
"chr6","5399193","5399460","chr4","23254529","23254799","47","17855336"
"chr6","5426633","5426925","chr4","147077671","147077969","45","141651038"
"chr6","5440911","5441221","chrX","47176701","47177007","41","41735790"
"chr6","5489172","5489469","chr4","23157452","23157746","34","17668280"
"chr6","5517334","5517625","chr4","62011501","62011784","42","56494167"
"chr6","5560848","5561157","chr1","187956501","187956808","49","182395653"
"chr6","5656551","5656848","chr9","115637925","115638221","38","109981374"
"chr6","5717937","5718213","chr22","41649645","41649920","38","35931708"
"chr6","5725654","5725946","chr4","22912160","22912454","37","17186506"
"chr6","5741639","5741950","chr19","25591314","25591622","38","19849675"
"chr6","5868368","5868652","chr2","94047821","94048101","49","88179453"
"chr6","5966350","5966634","chr11","5061596","5061881","36","904754"
"chr6","6104337","6104637","chr5","23380593","23380893","44","17276256"
"chr6","6210725","6211030","chr22","28997304","28997607","43","22786579"
"chr6","6228465","6228753","chrX","14287623","14287915","41","8059158"
"chr6","6252877","6253163","chr14","105224271","105224557","41","98971394"
"chr6","6275361","6275668","chr9","95060973","95061282","44","88785612"
"chr6","6286117","6286402","chr6","17098595","17098886","50","10812478"
"chr6","6304580","6304880","chr6","17068239","17068542","42","10763659"
"chr6","6346076","6346413","chr17","54268547","54268882","53","47922471"
"chr6","6377855","6378149","chr15","41758838","41759130","39","35380983"
"chr6","6398506","6398793","chr7","49465777","49466070","41","43067271"
"chr6","6494229","6494537","chr12","83078942","83079243","47","76584713"
"chr6","6545573","6545719","chr20","22663484","22663632","22","16117911"
"chr6","6553685","6553954","chr10","15985679","15985948","46","9431994"
"chr6","6615440","6615739","chr1","10143237","10143538","38","3527797"
"chr6","6651774","6652081","chr14","78181482","78181784","43","71529708"
"chr6","6658635","6658943","chr2","31372053","31372354","39","24713418"
"chr6","6716558","6716846","chr5","130983695","130983982","39","124267137"
"chr6","6767178","6767477","chr4","16350054","16350344","48","9582876"
"chr6","6779122","6779237","chr2","13193728","13193848","25","6414606"
"chr6","6782408","6782482","chr6","76604838","76604910","13","69822430"
"chr6","6828405","6828711","chr8","110498332","110498633","53","103669927"
"chr6","6840149","6840403","chr4","21782228","21782479","33","14942079"
"chr6","6846894","6847179","chr12","53538314","53538608","45","46691420"
"chr6","6878399","6878653","chr4","21750073","21750315","37","14871674"
"chr6","6910432","6910727","chr3","53287845","53288140","36","46377413"
"chr6","6933498","6933808","chr1","168595556","168595859","49","161662058"
"chr6","6937055","6937358","chr22","33981676","33981980","44","27044621"
"chr6","6983426","6983730","chr9","1997745","1998052","57","4985681"
"chr6","6990515","6990807","chr4","21635201","21635488","46","14644686"
"chr6","7007716","7008025","chr4","21617750","21618055","36","14610034"
"chr6","7009615","7009865","chr7","24573963","24574211","34","17564348"
"chr6","7017325","7017633","chr10","117620910","117621216","35","110603585"
"chr6","7020615","7020897","chrX","66261069","66261355","41","59240454"
"chr6","7055653","7055960","chr1","157959927","157960225","42","150904274"
"chr6","7057882","7058184","chr6","17068239","17068542","39","10010357"
"chr6","7061297","7061623","chr12","88501735","88502061","49","81440438"
"chr6","7064260","7064545","chr3","167059124","167059410","46","159994864"
"chr6","7069813","7070117","chr4","21554793","21555090","39","14484980"
"chr6","7070969","7071274","chr2","13687630","13687935","35","6616661"
"chr6","7090440","7090721","chr2","10414629","10414909","35","3324189"
"chr6","7094151","7094410","chr13","47729333","47729584","46","40635182"
"chr6","7157150","7157447","chr5","110323891","110324187","45","103166741"
"chr6","7167979","7168276","chr7","49632330","49632627","37","42464351"
"chr6","7187874","7188200","chr3","90874267","90874573","59","83686393"
"chr6","7227784","7228076","chr10","45660121","45660403","52","38432337"
"chr6","7238234","7238530","chr22","38254043","38254342","41","31015809"
"chr6","7253174","7253475","chr22","15341421","15341725","40","8088247"
"chr6","7278417","7278697","chr19","22748565","22748846","36","15470148"
"chr6","7283094","7283249","chr5","64547457","64547612","31","57264363"
"chr6","7283547","7283680","chr2","73103462","73103594","11","65819915"
"chr6","7285395","7285708","chr4","21327570","21327871","54","14042175"
"chr6","7291112","7291414","chr13","28183179","28183472","46","20892067"
"chr6","7294406","7294690","chr12","17597171","17597452","36","10302765"
"chr6","7310630","7310935","chr7","13017719","13018023","44","5707089"
"chr6","7321761","7322064","chr3","33077087","33077391","39","25755326"
"chr6","7325341","7325646","chr6","43666330","43666629","39","36340989"
"chr6","7327054","7327329","chr1","28228354","28228622","42","20901300"
"chr6","7328935","7329232","chrX","21535054","21535350","43","14206119"
"chr6","7330106","7330411","chr4","21286378","21286675","45","13956272"
"chr6","7372190","7372485","chr5","94234310","94234606","38","86862120"
"chr6","7396982","7397287","chr15","26562213","26562515","43","19165231"
"chr6","7406663","7406961","chr3","38816960","38817251","48","31410297"
"chr6","7412079","7412372","chr11","15856369","15856659","39","8444290"
"chr6","7429281","7429587","chr4","21193341","21193641","45","13764060"
"chr6","7444638","7444951","chr2","13941060","13941364","47","6496422"
"chr6","7451085","7451381","chr2","56700759","56701042","53","49249674"
"chr6","7485721","7486027","chr1","138077483","138077787","41","130591762"
"chr6","7486448","7486763","chr16","18789847","18790151","57","11303399"
"chr6","7494936","7495233","chr5","10038314","10038610","39","2543378"
"chr6","7506834","7506977","chr22","29058273","29058417","17","21551439"
"chr6","7507269","7507445","chr5","92923149","92923319","29","85415880"
"chr6","7551345","7551641","chr10","16033492","16033786","37","8482147"
"chr6","7552278","7552584","chr5","110862498","110862806","43","103310220"
"chr6","7557398","7557709","chr18","9863619","9863928","39","2306221"
"chr6","7563956","7564097","chr4","21062224","21062365","10","13498268"
"chr6","7623248","7623551","chr21","36464719","36465028","41","28841471"
"chr6","7633907","7634189","chr3","111736801","111737080","40","104102894"
"chr6","7676083","7676396","chr3","106655459","106655766","40","98979376"
"chr6","7736906","7737197","chr8","94578308","94578601","39","86841402"
"chr6","7854515","7854802","chr20","27822433","27822727","45","19967918"
"chr6","7863737","7864027","chr4","30880097","30880395","46","23016360"
"chr6","7870649","7870928","chrX","14397583","14397859","36","6526934"
"chr6","7877344","7877640","chr18","8503340","8503640","41","625996"
"chr6","7937700","7937994","chr5","107174426","107174723","48","99236726"
"chr6","7961152","7961463","chr4","139462780","139463091","52","131501628"
"chr6","8005691","8006001","chr4","20460648","20460957","50","12454957"
"chr6","8012933","8013243","chr11","44091908","44092214","41","36078975"
"chr6","8014279","8014573","chr11","74360467","74360765","39","66346188"
"chr6","8087517","8087649","chr22","17035586","17035722","13","8948069"
"chr6","8093805","8094098","chr2","36258162","36258457","44","28164357"
"chr6","8094316","8094587","chr8","104533966","104534242","47","96439650"
"chr6","8095219","8095529","chr5","134608851","134609157","46","126513632"
"chr6","8109872","8110190","chr4","35684777","35685097","51","27574905"
"chr6","8121815","8122108","chr3","138216033","138216322","50","130094218"
"chr6","8133221","8133474","chr12","62255290","62255544","39","54122069"
"chr6","8136159","8136466","chr14","46372540","46372849","51","38236381"
"chr6","8160955","8161261","chr5","115180435","115180736","54","107019480"
"chr6","8173449","8173761","chr4","20301204","20301518","42","12127755"
"chr6","8236629","8236938","chr3","106655459","106655766","50","98418830"
"chr6","8381249","8381540","chr2","13907185","13907481","47","5525936"
"chr6","8390447","8390734","chr10","20454403","20454694","46","12063956"
"chr6","8452569","8452869","chr18","39712282","39712591","43","31259713"
"chr6","8458542","8458835","chr11","82257931","82258225","43","73799389"
"chr6","8512555","8512859","chr2","61800729","61801029","35","53288174"
"chr6","8745611","8745919","chr14","79148123","79148432","46","70402512"
"chr6","8753505","8753791","chr4","19745476","19745759","43","10991971"
"chr6","8756163","8756446","chr12","19627135","19627420","51","10870972"
"chr6","8782365","8782665","chr5","84826899","84827194","42","76044534"
"chr6","8841692","8842003","chr3","106655459","106655766","43","97813767"
"chr6","8868054","8868346","chr11","67036150","67036441","34","58168096"
"chr6","8886369","8886673","chr14","69180593","69180899","43","60294224"
"chr6","8921316","8921625","chr7","66077660","66077969","42","57156344"
"chr6","8935391","8935693","chr2","32059503","32059794","41","23124112"
"chr6","9017333","9017628","chr5","94234310","94234606","44","85216977"
"chr6","9134845","9134943","chr1","118887978","118888077","12","109753133"
"chr6","9245050","9245356","chr11","83707705","83708008","39","74462655"
"chr6","9326313","9326610","chr2","140883803","140884086","52","131557490"
"chr6","9379192","9379480","chr4","19141676","19141963","37","9762484"
"chr6","9422994","9423307","chr8","17986475","17986786","39","8563481"
"chr6","9514593","9514902","chr5","83113160","83113466","48","73598567"
"chr6","9534613","9534905","chr1","176500964","176501258","47","166966351"
"chr6","9574680","9574991","chrX","45395851","45396165","40","35821171"
"chr6","9621844","9622149","chr3","106655459","106655766","39","97033615"
"chr6","9818554","9818799","chr14","16102074","16102316","38","6283520"
"chr6","9857942","9858240","chr10","29910934","29911230","43","20052992"
"chr6","9919108","9919404","chr4","16350054","16350344","44","6430946"
"chr6","10021547","10021810","chr1","190633251","190633514","49","180611704"
"chr6","10090246","10090540","chr6","147894727","147895020","39","137804481"
"chr6","10154581","10154902","chr1","25957169","25957480","56","15802588"
"chr6","10157227","10157532","chr7","72079376","72079671","41","61922149"
"chr6","10248703","10248968","chr7","4938394","4938660","44","5310309"
"chr6","10258887","10259172","chr19","45240314","45240603","44","34981427"
"chr6","10294258","10294560","chr4","18323155","18323460","45","8028897"
"chr6","10308383","10308678","chr4","18307703","18307998","42","7999320"
"chr6","10312173","10312474","chr1","27883875","27884177","45","17571702"
"chr6","10457470","10457724","chr15","76206647","76206903","49","65749177"
"chr6","10467607","10467883","chr1","172912020","172912294","45","162444413"
"chr6","10501951","10502254","chr1","15931085","15931383","41","5429134"
"chr6","10508055","10508361","chr3","84624674","84624979","37","74116619"
"chr6","10515127","10515410","chr3","188219301","188219587","39","177704174"
"chr6","10518154","10518448","chr10","16033492","16033786","39","5515338"
"chr6","10530080","10530385","chr5","26961498","26961795","44","16431418"
"chr6","10533507","10533829","chr4","107899588","107899898","53","97366081"
"chr6","10543209","10543490","chr10","218629","218896","52","10324580"
"chr6","10578109","10578407","chr6","17068239","17068542","44","6490130"
"chr6","10614345","10614653","chr1","137129532","137129843","46","126515187"
"chr6","10651255","10651551","chr11","82257931","82258225","40","71606676"
"chr6","10661390","10661659","chr10","85088466","85088732","55","74427076"
"chr6","10662485","10662784","chr15","22924211","22924507","54","12261726"
"chr6","10692748","10692823","chr4","21533492","21533568","10","10840744"
"chr6","10701067","10701376","chr10","30905440","30905749","42","20204373"
"chr6","10704011","10704324","chrUn_GL289172","6397","6704","34","10697614"
"chr6","10711501","10711808","chr4","15705730","15706030","42","4994229"
"chr6","10718204","10718467","chr1","15784391","15784654","45","5066187"
"chr6","10729816","10730121","chr5","110918761","110919060","46","100188945"
"chr6","10736189","10736478","chr2","37096231","37096518","42","26360042"
"chr6","10739653","10739920","chr14","18936862","18937136","54","8197209"
"chr6","10755673","10755969","chr4","25899642","25899937","43","15143969"
"chr6","10768295","10768593","chr18","25224694","25224986","37","14456399"
"chr6","10774981","10775113","chr5","92592478","92592602","25","81817497"
"chr6","10778846","10779157","chr10","90431710","90432016","34","79652864"
"chr6","10803256","10803560","chr5","94234310","94234606","45","83431054"
"chr6","10810993","10811298","chr2","31372053","31372354","37","20561060"
"chr6","10829841","10830115","chr4","17762566","17762843","40","6932725"
"chr6","10832615","10832798","chr1","192635468","192635649","30","181802853"
"chr6","10844927","10845234","chr4","166154421","166154723","49","155309494"
"chr6","10846125","10846428","chr7","10120794","10121094","48","725331"
"chr6","10868792","10869069","chr4","151274109","151274385","57","140405317"
"chr6","10886422","10886713","chr12","29333369","29333657","35","18446947"
"chr6","10920236","10920516","chr12","52530244","52530526","39","41610008"
"chr6","10935519","10935792","chr7","65616948","65617213","49","54681429"
"chr6","11034402","11034709","chr7","56596965","56597275","39","45562563"
"chr6","11042029","11042333","chrUn_GL288521","1637","1934","32","11040392"
"chr6","11051809","11052106","chr19","911568","911866","39","10140241"
"chr6","11064082","11064371","chr13","60485549","60485838","39","49421467"
"chr6","11070410","11070715","chr9","44828899","44829193","47","33758489"
"chr6","11084830","11085122","chr10","55872616","55872911","37","44787786"
"chr6","11090665","11090964","chr13","43694410","43694711","40","32603745"
"chr6","11112259","11112552","chr4","17525145","17525431","35","6412886"
"chr6","11113968","11114259","chr14","76706016","76706302","46","65592048"
"chr6","11114587","11114898","chr4","53071595","53071899","45","41957008"
"chr6","11125314","11125618","chr15","54087992","54088289","39","42962678"
"chr6","11165660","11165957","chr7","61913698","61913997","41","50748038"
"chr6","11169493","11169801","chr6","17068239","17068542","41","5898746"
"chr6","11297897","11298207","chr20","35366546","35366853","47","24068649"
"chr6","11365708","11366001","chr5","122419785","122420070","44","111054077"
"chr6","11399493","11399795","chr2","9886138","9886441","41","1513355"
"chr6","11400856","11401142","chr5","2532160","2532447","47","8868696"
"chr6","11513251","11513561","chr11","111117466","111117768","41","99604215"
"chr6","11529643","11529940","chr13","39885762","39886059","39","28356119"
"chr6","11658778","11659079","chr5","124338115","124338421","47","112679337"
"chr6","11707738","11708038","chr4","16953270","16953567","42","5245532"
"chr6","11716703","11717025","chr10","16691057","16691383","47","4974354"
"chr6","11745785","11746089","chr19","26467351","26467655","38","14721566"
"chr6","11756095","11756336","chr4","16903292","16903552","56","5147197"
"chr6","11818991","11819290","chr6","44409695","44409997","52","32590704"
"chr6","11836476","11836786","chr6","106862679","106862987","45","95026203"
"chr6","11926231","11926529","chr6","149565595","149565895","39","137639364"
"chr6","11929905","11930199","chr10","16033492","16033786","37","4103587"
"chr6","11971517","11971820","chr9","11967801","11968108","51","3716"
"chr6","11977522","11977824","chr4","26335541","26335842","44","14358019"
"chr6","12070406","12070532","chr15","16202235","16202358","15","4131829"
"chr6","12168887","12169184","chr1","202849760","202850061","45","190680873"
"chr6","12187594","12187885","chrUn_GL286262","40235","40532","45","12147359"
"chr6","12227971","12228265","chr4","12463368","12463662","37","235397"
"chr6","12278610","12278922","chr22","40230801","40231098","44","27952191"
"chr6","12347525","12347815","chr4","16350054","16350344","40","4002529"
"chr6","12357864","12358170","chr7","58066603","58066906","46","45708739"
"chr6","12478562","12478862","chr6","17068239","17068542","36","4589677"
"chr6","12527787","12528094","chr3","106655459","106655766","37","94127672"
"chr6","12580703","12581000","chr6","109618442","109618737","43","97037739"
"chr6","12616194","12616505","chrX","45981223","45981523","40","33365029"
"chr6","12659822","12660128","chr22","33981676","33981980","44","21321854"
"chr6","12682124","12682408","chr1","140980803","140981087","45","128298679"
"chr6","12684538","12684811","chr6","151058379","151058657","31","138373841"
"chr6","12721104","12721392","chr5","113950951","113951239","38","101229847"
"chr6","12758841","12759148","chr21","40584762","40585072","38","27825921"
"chr6","12934554","12934859","chr13","100924887","100925189","42","87990333"
"chr6","12937819","12938113","chr7","31853604","31853897","42","18915785"
"chr6","12958895","12959206","chr2","10204558","10204866","45","2754337"
"chr6","12969680","12969991","chr7","58066603","58066906","40","45096923"
"chr6","13016905","13017208","chr6","17068239","17068542","37","4051334"
"chr6","13103802","13104107","chr6","17068239","17068542","40","3964437"
"chr6","13142186","13142403","chr15","72208540","72208757","31","59066354"
"chr6","13154157","13154457","chr4","15569731","15570029","40","2415574"
"chr6","13157898","13158180","chr4","34845790","34846071","40","21687892"
"chr6","13162964","13163258","chr12","100785810","100786105","39","87622846"
"chr6","13190024","13190333","chr9","113591062","113591378","46","100401038"
"chr6","13195475","13195780","chr3","106655459","106655766","45","93459984"
"chr6","13241746","13242055","chr9","112142272","112142574","49","98900526"
"chr6","13281272","13281582","chr4","15427483","15427792","43","2146211"
"chr6","13310356","13310656","chrX","90421778","90422079","30","77111422"
"chr6","13326181","13326482","chr6","17068239","17068542","38","3742058"
"chr6","13343269","13343581","chr2","63925527","63925835","42","50582258"
"chr6","13374307","13374605","chr20","29549977","29550272","42","16175670"
"chr6","13393074","13393390","chr5","30440838","30441148","48","17047764"
"chr6","13394642","13394932","chr7","77461959","77462252","33","64067317"
"chr6","13408804","13409112","chr7","58066603","58066906","45","44657799"
"chr6","13411292","13411591","chr7","125443365","125443662","37","112032073"
"chr6","13430155","13430437","chrX","18828260","18828542","39","5398105"
"chr6","13475292","13475427","chr6","22500816","22500949","10","9025524"
"chr6","13475775","13475929","chr10","43520058","43520215","29","30044283"
"chr6","13502192","13502501","chr6","17068239","17068542","46","3566047"
"chr6","13512327","13512368","chr14","36768703","36768743","13","23256376"
"chr6","13513629","13513845","chrX","7879338","7879558","66","5634291"
"chr6","13525399","13525497","chr10","90200801","90200903","17","76675402"
"chr6","13553170","13553472","chr4","15141896","15142191","55","1588726"
"chr6","13558339","13558621","chr4","98696895","98697167","43","85138556"
"chr6","13570554","13570854","chr5","135061176","135061475","44","121490622"
"chr6","13606670","13606981","chr12","27257719","27258031","48","13651049"
"chr6","13627348","13627654","chr1","168595556","168595859","42","154968208"
"chr6","13655190","13655496","chr1","55290903","55291212","53","41635713"
"chr6","13690884","13691182","chr3","177773552","177773857","43","164082668"
"chr6","13699582","13699879","chr7","103328929","103329224","46","89629347"
"chr6","13713118","13713386","chrX","39387728","39387995","38","25674610"
"chr6","13722688","13722986","chr12","87253962","87254255","43","73531274"
"chr6","13737571","13737704","chr1","172218988","172219121","13","158481417"
"chr6","13742084","13742354","chr6","95508960","95509222","47","81766876"
"chr6","13745098","13745384","chr3","150322043","150322331","48","136576945"
"chr6","13751684","13751999","chr1","168595556","168595859","48","154843872"
"chr6","13752301","13752584","chr18","18976992","18977263","49","5224691"
"chr6","13755894","13756049","chr1","199296013","199296162","29","185540119"
"chr6","13756343","13756478","chr5","56191764","56191901","16","42435421"
"chr6","13764778","13765090","chr1","82669756","82670065","38","68904978"
"chr6","13766688","13766986","chr1","157959927","157960225","39","144193239"
"chr6","13771268","13771566","chr12","64684421","64684717","40","50913153"
"chr6","13797742","13798052","chr3","106655459","106655766","48","92857717"
"chr6","13804041","13804352","chr7","43519641","43519951","42","29715600"
"chr6","13817471","13817775","chr4","14860918","14861221","39","1043447"
"chr6","13826736","13827024","chr4","12463368","12463662","36","1363368"
"chr6","13886776","13887045","chr22","15031094","15031376","44","1144318"
"chr6","13942352","13942641","chr15","61635267","61635555","48","47692915"
"chr6","14066029","14066334","chr6","43666330","43666629","39","29600301"
"chr6","14180359","14180653","chr21","40446927","40447225","36","26266568"
"chr6","14279165","14279479","chr5","124338115","124338421","50","110058950"
"chr6","14370224","14370486","chr14","59202610","59202867","43","44832386"
"chr6","14409295","14409605","chr18","10830546","10830857","36","3578749"
"chr6","14413948","14414251","chr4","14283646","14283946","53","130302"
"chr6","14500361","14500665","chr1","10143237","10143538","56","4357124"
"chr6","14554456","14554752","chr7","32099825","32100120","40","17545369"
"chr6","14687723","14688001","chr15","96755950","96756229","40","82068227"
"chr6","14698149","14698452","chr5","86230872","86231167","40","71532723"
"chr6","14701403","14701691","chrX","17855428","17855719","38","3154025"
"chr6","14821027","14821335","chr21","40584762","40585072","39","25763735"
"chr6","14841726","14842007","chr17","69931558","69931839","42","55089832"
"chr6","14891322","14891637","chr4","13802606","13802912","53","1088716"
"chr6","14907635","14907937","chr6","17068239","17068542","35","2160604"
"chr6","14908541","14908841","chr11","111117466","111117768","37","96208925"
"chr6","14920735","14921031","chr3","150073804","150074104","43","135153069"
"chr6","14926997","14927298","chr21","40584762","40585072","45","25657765"
"chr6","14952218","14952516","chr5","8732041","8732342","48","6220177"
"chr6","14954439","14954710","chr1","28228354","28228622","42","13273915"
"chr6","14961532","14961820","chr4","34845790","34846071","38","19884258"
"chr6","14973822","14974132","chr11","111117466","111117768","41","96143644"
"chr6","14993914","14994219","chr6","17068239","17068542","42","2074325"
"chr6","15009110","15009405","chr7","45351199","45351483","49","30342089"
"chr6","15024384","15024505","chr4","47420766","47420885","10","32396382"
"chr6","15040389","15040652","chr12","4286115","4286374","45","10754274"
"chr6","15041196","15041474","chr4","37824304","37824582","40","22783108"
"chr6","15042387","15042693","chr3","177773552","177773857","43","162731165"
"chr6","15045793","15046088","chr4","13652203","13652495","42","1393590"
"chr6","15046242","15046523","chr5","31371357","31371639","36","16325115"
"chr6","15064096","15064403","chr3","152941248","152941549","53","137877152"
"chr6","15069125","15069442","chr15","20018055","20018360","55","4948930"
"chr6","15077588","15077871","chr5","74677504","74677775","48","59599916"
"chr6","15080622","15080914","chr8","107362312","107362609","44","92281690"
"chr6","15083339","15083647","chr2","138937103","138937408","45","123853764"
"chr6","15096258","15096561","chr20","22923582","22923882","40","7827324"
"chr6","15097996","15098270","chr4","13601314","13601577","47","1496682"
"chr6","15102015","15102320","chr2","131563999","131564294","44","116461984"
"chr6","15112531","15112844","chr4","13590265","13590575","48","1522266"
"chr6","15114950","15115246","chr5","26961498","26961795","37","11846548"
"chr6","15130411","15130713","chr3","106655459","106655766","40","91525048"
"chr6","15135798","15136094","chr10","55872616","55872911","34","40736818"
"chr6","15140213","15140522","chr12","112769436","112769743","33","97629223"
"chr6","15141625","15141934","chr5","38708731","38709036","46","23567106"
"chr6","15162491","15162785","chr9","107254561","107254858","37","92092070"
"chr6","15165470","15165790","chrX","122555379","122555675","54","107389909"
"chr6","15166627","15166945","chr1","201369278","201369591","54","186202651"
"chr6","15174874","15175193","chr5","15022197","15022519","65","152677"
"chr6","15182739","15183011","chr4","13531773","13532042","35","1650966"
"chr6","15205202","15205514","chr7","44846137","44846443","49","29640935"
"chr6","15212232","15212529","chr22","4577957","4578244","43","10634275"
"chr6","15226554","15226851","chr6","17068239","17068542","36","1841685"
"chr6","15230113","15230396","chrX","16683414","16683699","41","1453301"
"chr6","15270667","15270968","chr22","33981676","33981980","52","18711009"
"chr6","15271718","15271992","chr2","80644634","80644911","38","65372916"
"chr6","15277966","15278249","chr13","60731539","60731831","45","45453573"
"chr6","15289575","15289865","chr7","49632330","49632627","44","34342755"
"chr6","15316128","15316374","chr9","84110775","84111008","59","68794647"
"chr6","15335087","15335399","chr2","48152136","48152440","49","32817049"
"chr6","15356733","15357040","chr7","66105076","66105385","43","50748343"
"chr6","15432147","15432406","chr7","67196083","67196346","38","51763936"
"chr6","15680896","15681198","chr2","10406818","10407122","39","5274078"
"chr6","15695964","15696279","chrUn_GL288624","7669","7984","39","15688295"
"chr6","15710888","15711185","chr14","83739394","83739686","39","68028506"
"chr6","15724334","15724627","chr10","16033492","16033786","36","309158"
"chr6","15735152","15735453","chr4","12968964","12969245","45","2766188"
"chr6","15739154","15739455","chr6","149078496","149078795","37","133339342"
"chr6","15756947","15757185","chr8","91067694","91067928","36","75310747"
"chr6","15853629","15853912","chr3","165307604","165307896","41","149453975"
"chr6","15884876","15885140","chr4","12721187","12721449","40","3163689"
"chr6","15903825","15904125","chr5","106897987","106898285","41","90994162"
"chr6","15913086","15913395","chr4","12690551","12690861","51","3222535"
"chr6","15919483","15919798","chr21","40584762","40585072","55","24665279"
"chr6","15967410","15967739","chr22","41857491","41857814","58","25890081"
"chr6","16024240","16024533","chr1","15931085","15931383","46","93155"
"chr6","16042467","16042771","chr5","2000849","2001153","43","14041618"
"chr6","16072606","16072877","chrX","90546446","90546718","42","74473840"
"chr6","16095898","16096191","chr7","103328929","103329224","41","87233031"
"chr6","16103118","16103414","chr4","110699279","110699575","41","94596161"
"chr6","16175165","16175499","chr20","5721369","5721680","77","10453796"
"chr6","16182732","16183025","chr11","120918162","120918450","48","104735430"
"chr6","16210836","16211146","chr8","50068578","50068880","41","33857742"
"chr6","16289849","16290117","chr4","38332215","38332481","42","22042366"
"chr6","16314608","16314910","chr2","31372053","31372354","40","15057445"
"chr6","16367929","16368198","chr17","50648303","50648573","47","34280374"
"chr6","16409371","16409673","chr4","1643958","1644258","44","14765413"
"chr6","16410843","16411155","chr5","97321113","97321423","41","80910270"
"chr6","16479871","16480177","chr3","106655459","106655766","43","90175588"
"chr6","16528020","16528323","chr17","69358056","69358361","39","52830036"
"chr6","16548645","16548934","chr9","108771290","108771584","41","92222645"
"chr6","16574024","16574193","chr4","34157283","34157451","27","17583259"
"chr6","16574509","16574610","chr1","200934655","200934756","13","184360146"
"chr6","16614641","16614923","chr9","44537673","44537953","36","27923032"
"chr6","16615752","16616048","chr9","100523236","100523533","37","83907484"
"chr6","16675599","16675917","chr5","94532768","94533076","46","77857169"
"chr6","16730001","16730294","chr11","64670282","64670577","48","47940281"
"chr6","16733866","16734104","chr9","84110775","84111008","45","67376909"
"chr6","16734520","16734793","chr4","61835443","61835723","48","45100923"
"chr6","16780055","16780365","chr5","41190460","41190769","43","24410405"
"chr6","16794519","16794822","chr4","71020938","71021236","41","54226419"
"chr6","16815337","16815616","chr11","14132149","14132431","46","2683188"
"chr6","16915611","16915910","chr9","54626328","54626625","40","37710717"
"chr6","16929014","16929308","chr5","26961498","26961795","34","10032484"
"chr6","17011240","17011544","chr1","168595556","168595859","48","151584316"
"chr6","17014300","17014576","chr4","11556180","11556447","55","5458120"
"chr6","17084025","17084308","chr4","11494716","11495009","42","5589309"
"chr6","17086687","17086984","chrX","46153481","46153779","51","29066794"
"chr6","17116448","17116736","chr4","16350054","16350344","37","766394"
"chr6","17171980","17172281","chr5","91498577","91498879","51","74326597"
"chr6","17256935","17257029","chr5","121077183","121077276","14","103820248"
"chr6","17274740","17275034","chr7","6894852","6895150","41","10379888"
"chr6","17308941","17309252","chr9","11967801","11968108","43","5341140"
"chr6","17334428","17334740","chr5","41821851","41822165","60","24487423"
"chr6","17335566","17335863","chrX","11722716","11723009","40","5612850"
"chr6","17343626","17343923","chr6","147805528","147805834","52","130461902"
"chr6","17363153","17363457","chr13","94652699","94652996","48","77289546"
"chr6","17407495","17407802","chr12","28553718","28554019","40","11146223"
"chr6","17425815","17426129","chr6","136003549","136003853","57","118577734"
"chr6","17434217","17434528","chr12","27257719","27258031","41","9823502"
"chr6","17436070","17436086","chrX","140734729","140734741","4","123298659"
"chr6","17436141","17436432","chr5","1246545","1246823","50","16189596"
"chr6","17442724","17443015","chr20","27822433","27822727","40","10379709"
"chr6","17478142","17478445","chr22","7742464","7742768","60","9735678"
"chr6","17499125","17499420","chr6","50558708","50559008","39","33059583"
"chr6","17511443","17511753","chr9","11967801","11968108","47","5543642"
"chr6","17527585","17527902","chr2","67481848","67482151","49","49954263"
"chr6","17537784","17538086","chr5","94234310","94234606","40","76696526"
"chr6","17552367","17552652","chr6","67192361","67192637","48","49639994"
"chr6","17558955","17559255","chr13","57414367","57414663","41","39855412"
"chr6","17575476","17575783","chr6","17068239","17068542","49","507237"
"chr6","17655923","17656221","chr8","107471536","107471835","39","89815613"
"chr6","17658118","17658397","chr4","11011562","11011850","41","6646556"
"chr6","17661033","17661326","chr3","19707105","19707399","45","2046072"
"chr6","17664771","17665065","chr12","31252957","31253248","36","13588186"
"chr6","17666235","17666531","chr6","147894727","147895020","44","130228492"
"chr6","17668070","17668379","chr1","143276088","143276390","44","125608018"
"chr6","17693605","17693861","chr22","17022728","17022985","34","670877"
"chr6","17696792","17697083","chr5","3538085","3538378","40","14158707"
"chr6","17698313","17698457","chr2","26045188","26045333","33","8346875"
"chr6","17698757","17698888","chr9","57711568","57711702","26","40012811"
"chr6","17699555","17699848","chr20","27822433","27822727","40","10122878"
"chr6","17707998","17708279","chr4","34845790","34846071","40","17137792"
"chr6","17718683","17718977","chr4","10957904","10958200","39","6760779"
"chr6","17751553","17751850","chrUn_GL286262","40235","40532","42","17711318"
"chr6","17791620","17791920","chr13","35663090","35663393","42","17871470"
"chr6","17819282","17819580","chr1","13954469","13954768","40","3864813"
"chr6","17822041","17822342","chr3","71970773","71971075","49","54148732"
"chr6","17828953","17829231","chr7","128471325","128471604","40","110642372"
"chr6","17868721","17869019","chr10","23365070","23365380","45","5496349"
"chr6","17875444","17875754","chr16","49478241","49478550","36","31602797"
"chr6","17881715","17882013","chr5","127458429","127458726","42","109576714"
"chr6","17888542","17888845","chr5","26961498","26961795","40","9072956"
"chr6","17904186","17904495","chr1","168595556","168595859","34","150691370"
"chr6","17909613","17909895","chr20","20533531","20533822","46","2623918"
"chr6","17926856","17927152","chr4","43053382","43053677","44","25126526"
"chr6","17970320","17970456","chr4","10656211","10656346","13","7314109"
"chr6","17983495","17983787","chr5","110918761","110919060","53","92935266"
"chr6","17992453","17992763","chr17","24010629","24010937","36","6018176"
"chr6","17995678","17995966","chrX","66146500","66146784","36","48150822"
"chr6","18002607","18002908","chr2","65057694","65058000","48","47055087"
"chr6","18006848","18007151","chr10","90431710","90432016","39","72424862"
"chr6","18023571","18023816","chr3","5581050","5581293","57","12442521"
"chr6","18038706","18039007","chr7","15853091","15853389","41","2185615"
"chr6","18057614","18057911","chr4","171528946","171529241","39","153471332"
"chr6","18060588","18060892","chr3","153217268","153217573","40","135156680"
"chr6","18067922","18068234","chr18","29127518","29127823","50","11059596"
"chr6","18077751","18078043","chr3","3804205","3804512","44","14273546"
"chr6","18082644","18082950","chr17","69358056","69358361","42","51275412"
"chr6","18083449","18083756","chr6","121980325","121980621","60","103896876"
"chr6","18092019","18092321","chr6","124042038","124042343","40","105950019"
"chr6","18097127","18097411","chr14","4557411","4557693","35","13539716"
"chr6","18141340","18141638","chr10","16169668","16169965","35","1971672"
"chr6","18144729","18144998","chr4","10516598","10516864","25","7628131"
"chr6","18146222","18146480","chr4","10515138","10515412","50","7631084"
"chr6","18156671","18156931","chr11","13204541","13204798","40","4952130"
"chr6","18188781","18189083","chr7","6894852","6895150","36","11293929"
"chr6","18197923","18198195","chr4","10453744","10454020","40","7744179"
"chr6","18198388","18198528","chr4","26022910","26023045","20","7824522"
"chr6","18216069","18216371","chr2","8957058","8957360","40","9259011"
"chr6","18250622","18250794","chr16","38258251","38258424","22","20007629"
"chr6","18271031","18271339","chr4","158511095","158511398","44","140240064"
"chr6","18278498","18278801","chr7","96977213","96977512","43","78698715"
"chr6","18291342","18291409","chr10","98373064","98373130","10","80081722"
"chr6","18318845","18319148","chr6","58786522","58786831","49","40467677"
"chr6","18322960","18323264","chr10","9287553","9287848","48","9035407"
"chr6","18336987","18337205","chr7","49908001","49908221","26","31571014"
"chr6","18382350","18382645","chr4","10274002","10274296","38","8108348"
"chr6","18382646","18382712","chr19","36447053","36447119","9","18064407"
"chr6","18398363","18398536","chrX","106480049","106480214","39","88081686"
"chr6","18398574","18398693","chr7","3241069","3241188","11","15157505"
"chr6","18409129","18409403","chr7","96194147","96194420","48","77785018"
"chr6","18420973","18421262","chr1","99873459","99873753","49","81452486"
"chr6","18457931","18458235","chr2","171330283","171330586","40","152872352"
"chr6","18471771","18472071","chr19","8094060","8094358","45","10377711"
"chr6","18481592","18481863","chr1","92343049","92343302","50","73861457"
"chr6","18534618","18534925","chr5","47854845","47855147","45","29320227"
"chr6","18557234","18557526","chr18","9790500","9790798","51","8766734"
"chr6","18581706","18581980","chr12","46060912","46061184","39","27479206"
"chr6","18631817","18632145","chrX","34517534","34517872","61","15885717"
"chr6","18722614","18722916","chr8","73952147","73952446","45","55229533"
"chr6","18824571","18824871","chr8","50068578","50068880","54","31244007"
"chr6","18898931","18899224","chr7","45344118","45344429","50","26445187"
"chr6","19174520","19174818","chr5","65031296","65031585","37","45856776"
"chr6","19253655","19253950","chr5","153587527","153587824","37","134333872"
"chr6","19330666","19330975","chr19","19406655","19406965","41","75989"
"chr6","19337534","19337839","chr7","80424730","80425039","52","61087196"
"chr6","19350673","19350982","chr21","35849518","35849828","41","16498845"
"chr6","19427027","19427342","chrX","64608620","64608935","48","45181593"
"chr6","19522199","19522481","chr10","89164569","89164847","40","69642370"
"chr6","19553753","19553998","chr15","34355311","34355543","50","14801558"
"chr6","19560462","19560768","chr7","58066603","58066906","37","38506141"
"chr6","19656592","19656882","chr19","11943086","11943379","49","7713506"
"chr6","19671476","19671787","chr7","57213096","57213404","44","37541620"
"chr6","19672236","19672525","chr6","17068239","17068542","53","2603997"
"chr6","19674306","19674615","chrX","47176701","47177007","42","27502395"
"chr6","19695968","19696208","chr4","8925177","8925424","35","10770791"
"chr6","19862517","19862821","chr10","92874299","92874600","40","73011782"
"chr6","19913417","19913727","chrX","92859361","92859671","50","72945944"
"chr6","19945546","19945834","chrUn_GL288400","16320","16613","39","19929226"
"chr6","19950988","19951274","chr12","11789686","11789970","46","8161302"
"chr6","19963425","19963719","chr4","156698023","156698319","40","136734598"
"chr6","20009761","20010054","chr1","201685710","201686002","38","181675949"
"chr6","20089814","20090090","chr19","22748565","22748846","45","2658751"
"chr6","20139121","20139403","chr14","53406783","53407055","60","33267662"
"chr6","20165461","20165760","chr3","64986478","64986781","39","44821017"
"chr6","20201584","20201880","chr10","14603732","14604030","36","5597852"
"chr6","20232720","20233022","chr4","15705730","15706030","43","4526990"
"chr6","20247924","20248231","chr22","31767114","31767422","41","11519190"
"chr6","20248986","20249287","chr1","170568598","170568903","46","150319612"
"chr6","20255777","20256083","chr1","168595556","168595859","41","148339779"
"chr6","20266279","20266598","chr1","137129532","137129843","50","116863253"
"chr6","20277109","20277401","chr5","75080426","75080719","43","54803317"
"chr6","20321584","20321881","chr5","120684415","120684709","50","100362831"
"chr6","20324535","20324838","chr9","115637925","115638221","39","95313390"
"chr6","20368533","20368834","chr1","175231041","175231331","42","154862508"
"chr6","20378678","20378988","chr18","29127518","29127823","47","8748840"
"chr6","20387146","20387454","chr1","156164792","156165101","43","135777646"
"chr6","20395548","20395843","chr10","14603732","14604030","38","5791816"
"chr6","20428214","20428522","chr3","90874267","90874573","38","70446053"
"chr6","20441574","20441867","chr18","4225799","4226097","52","16215775"
"chr6","20446566","20446866","chr4","8080422","8080720","43","12366144"
"chr6","20466133","20466411","chr10","128279702","128279982","42","107813569"
"chr6","20500001","20500130","chr5","121755090","121755216","20","101255089"
"chr6","20501258","20501565","chr10","90431710","90432016","36","69930452"
"chr6","20503650","20503953","chr6","17068239","17068542","33","3435411"
"chr6","20505021","20505232","chr9","116017064","116017275","30","95512043"
"chr6","20505292","20505595","chr18","1926992","1927303","52","18578300"
"chr6","20506594","20506890","chr5","46103200","46103497","41","25596606"
"chr6","20513426","20513734","chr6","17068239","17068542","43","3445187"
"chr6","20517885","20518183","chr9","106891453","106891749","46","86373568"
"chr6","20518278","20518588","chrX","45395851","45396165","41","24877573"
"chr6","20521147","20521447","chr5","25502393","25502687","48","4981246"
"chr6","20543733","20544037","chr6","17068239","17068542","36","3475494"
"chr6","20545439","20545720","chr6","49346230","49346514","48","28800791"
"chr6","20549624","20549906","chr5","43613189","43613474","40","23063565"
"chr6","20578992","20579277","chr2","9603317","9603597","46","10975675"
"chr6","20607686","20607994","chr7","45344118","45344429","34","24736432"
"chr6","20609384","20609660","chr7","96194147","96194420","37","75584763"
"chr6","20613250","20613573","chr16","66852566","66852896","55","46239316"
"chr6","20653970","20654182","chr1","172599126","172599341","33","151945156"
"chr6","20672783","20673075","chr7","70755193","70755479","35","50082410"
"chr6","20720540","20720797","chrX","39387728","39387995","41","18667188"
"chr6","20723946","20724237","chr10","44777832","44778120","45","24053886"
"chr6","20724435","20724717","chr2","59874024","59874301","68","39149589"
"chr6","20730038","20730286","chr8","95494086","95494345","51","74764048"
"chr6","20730563","20730868","chr3","106655459","106655766","35","85924896"
"chr6","20732293","20732585","chr7","57714959","57715249","49","36982666"
"chr6","20733867","20734178","chr3","106655459","106655766","40","85921592"
"chr6","20756966","20757234","chr10","45307682","45307950","40","24550716"
"chr6","20829887","20830155","chr4","54406776","54407050","44","33576889"
"chr6","20853099","20853409","chr10","90431710","90432016","52","69578611"
"chr6","20857868","20858158","chr10","126901235","126901521","37","106043367"
"chr6","20874502","20874802","chr12","112051901","112052188","50","91177399"
"chr6","20878458","20878748","chr12","22747159","22747446","45","1868701"
"chr6","20934901","20935193","chr8","111375045","111375344","44","90440144"
"chr6","20944362","20944644","chrX","17543907","17544194","38","3400455"
"chr6","20949802","20950083","chr4","88783739","88784023","50","67833937"
"chr6","20992060","20992366","chr5","40041141","40041418","77","19049081"
"chr6","21123172","21123485","chr12","27257719","27258031","52","6134547"
"chr6","21149146","21149445","chr5","110918761","110919060","41","89769615"
"chr6","21195172","21195462","chr2","8798514","8798801","39","12396658"
"chr6","21217464","21217796","chr13","88836338","88836664","50","67618874"
"chr6","21231420","21231728","chr9","115637925","115638221","42","94406505"
"chr6","21288264","21288575","chr22","17101084","17101394","45","4187180"
"chr6","21309176","21309481","chr6","17068239","17068542","41","4240937"
"chr6","21318497","21318750","chrX","107074395","107074658","42","85755898"
"chr6","21322070","21322392","chr2","133820062","133820368","52","112497992"
"chr6","21324548","21324844","chr15","49359997","49360293","49","28035449"
"chr6","21328127","21328421","chr7","31853604","31853897","40","10525477"
"chr6","21378344","21378648","chrX","45395851","45396165","47","24017507"
"chr6","21404379","21404689","chrX","47176701","47177007","33","25772322"
"chr6","21418330","21418638","chr3","106655459","106655766","41","85237129"
"chr6","21431170","21431281","chr5","56039745","56039850","21","34608575"
"chr6","21434228","21434529","chr22","28997304","28997607","37","7563076"
"chr6","21488379","21488641","chr6","17285930","17286191","36","4202449"
"chr6","21492841","21493141","chr22","28997304","28997607","43","7504463"
"chr6","21527340","21527648","chr2","13687630","13687935","44","7839710"
"chr6","21535876","21536162","chr10","89487563","89487852","43","67951687"
"chr6","21565108","21565387","chr3","151312357","151312633","44","129747249"
"chr6","21570470","21570725","chr4","82937894","82938148","38","61367424"
"chr6","21592031","21592327","chr1","82721110","82721408","54","61129079"
"chr6","21600825","21601123","chr17","37986925","37987221","41","16386100"
"chr6","21605649","21605784","chr7","57582863","57582999","13","35977214"
"chr6","21606346","21606506","chr4","34157283","34157451","30","12550937"
"chr6","21619122","21619422","chr5","23380593","23380893","36","1761471"
"chr6","21621871","21622173","chr12","100785810","100786105","39","79163939"
"chr6","21623131","21623438","chr1","168595556","168595859","43","146972425"
"chr6","21632849","21633146","chr9","115637925","115638221","43","94005076"
"chr6","21654734","21655042","chr9","45396887","45397186","44","23742153"
"chr6","21655341","21655646","chr1","138049116","138049416","41","116393775"
"chr6","21662971","21663270","chr5","94234310","94234606","42","72571339"
"chr6","21667809","21668112","chr9","115637925","115638221","41","93970116"
"chr6","21691030","21691337","chr9","106557112","106557416","39","84866082"
"chr6","21695343","21695640","chr10","14603732","14604030","39","7091611"
"chr6","21721933","21722165","chr2","21057256","21057490","49","664677"
"chr6","21730951","21731258","chr2","61743596","61743903","50","40012645"
"chr6","21792646","21792959","chr14","79148123","79148432","44","57355477"
"chr6","21825358","21825655","chr10","14603732","14604030","35","7221626"
"chr6","21841021","21841307","chr9","103475047","103475342","44","81634026"
"chr6","21841535","21841846","chr2","9153813","9154121","45","12687722"
"chr6","21857697","21857792","chr7","40791119","40791215","18","18933422"
"chr6","21859979","21860222","chr10","21784702","21784941","43","75277"
"chr6","21871553","21871835","chr1","133189896","133190185","37","111318343"
"chr6","21883089","21883372","chr3","188219301","188219587","43","166336212"
"chr6","21890814","21891134","chr11","64363135","64363445","48","42472321"
"chr6","21928362","21928669","chr11","118075028","118075334","41","96146666"
"chr6","21970056","21970347","chr4","16350054","16350344","39","5620002"
"chr6","21978452","21978760","chr5","15342496","15342804","45","6635956"
"chr6","21989375","21989681","chr22","33981676","33981980","42","11992301"
"chr6","22002856","22003164","chr1","137129532","137129843","47","115126676"
"chr6","22103146","22103449","chr20","29549977","29550272","40","7446831"
"chr6","22120590","22120870","chr13","100765708","100765985","47","78645118"
"chr6","22209932","22210234","chr20","22923582","22923882","41","713650"
"chr6","22276784","22276936","chr1","96588849","96588999","26","74312065"
"chr6","22288255","22288544","chr7","23879377","23879666","49","1591122"
"chr6","22316310","22316607","chr7","113798427","113798728","35","91482117"
"chr6","22331574","22331866","chr10","126287645","126287938","42","103956071"
"chr6","22336007","22336306","chr2","29497456","29497755","46","7161449"
"chr6","22403673","22403986","chr1","82669756","82670065","42","60266083"
"chr6","22434945","22435252","chr9","8886595","8886904","36","13548350"
"chr6","22633902","22634212","chr3","106655459","106655766","42","84021557"
"chr6","22761536","22761833","chr4","151986917","151987211","59","129225381"
"chr6","22768022","22768327","chr13","35663090","35663393","42","12895068"
"chr6","22792894","22793207","chr2","129488978","129489287","50","106696084"
"chr6","22848524","22848821","chr9","108803119","108803421","46","85954595"
"chr6","22867729","22868038","chr6","17068239","17068542","37","5799490"
"chr6","22877533","22877841","chr3","150073804","150074104","48","127196271"
"chr6","22898885","22899198","chr3","150085354","150085661","47","127186469"
"chr6","23276850","23277141","chr5","94234310","94234606","40","70957460"
"chr6","23341419","23341677","chr2","152477135","152477407","54","129135716"
"chr6","23414679","23414973","chr6","17068239","17068542","50","6346440"
"chr6","23424807","23425136","chr12","9576850","9577178","74","13847957"
"chr6","23542255","23542520","chrX","107074395","107074658","35","83532140"
"chr6","23575537","23575823","chrX","17543907","17544194","38","6031630"
"chr6","23606476","23606770","chr5","143515476","143515764","48","119909000"
"chr6","23703398","23703706","chr8","31071822","31072128","50","7368424"
"chr6","23763431","23763721","chr4","144984738","144985034","50","121221307"
"chr6","23895626","23895926","chr2","14723039","14723343","45","9172587"
"chr6","23915724","23916015","chr14","64508527","64508821","48","40592803"
"chr6","23927569","23927882","chr3","119208858","119209170","41","95281289"
"chr6","24070682","24070985","chr6","17068239","17068542","46","7002443"
"chr6","24150513","24150793","chr2","131198340","131198624","54","107047827"
"chr6","24160076","24160377","chr6","17068239","17068542","39","7091837"
"chr6","24244913","24245198","chr8","7647386","7647671","46","16597527"
"chr6","24337513","24337812","chr5","127746291","127746583","43","103408778"
"chr6","24340732","24341025","chr7","113470784","113471078","40","89130052"
"chr6","24345898","24346134","chr19","6221692","6221932","31","18124206"
"chr6","24368874","24369165","chr7","42566346","42566636","45","18197472"
"chr6","24386040","24386342","chr1","163381580","163381871","54","138995540"
"chr6","24390061","24390375","chr3","106655459","106655766","49","82265398"
"chr6","24406492","24406784","chr2","171562611","171562903","34","147156119"
"chr6","24421867","24422162","chr4","4020981","4021265","42","20400886"
"chr6","24429552","24429847","chr13","57414367","57414663","42","32984815"
"chr6","24434116","24434407","chr10","126287645","126287938","36","101853529"
"chr6","24443668","24443973","chr6","17068239","17068542","48","7375429"
"chr6","24445045","24445326","chr11","23439208","23439487","37","1005837"
"chr6","24456117","24456427","chr5","19163464","19163772","45","5292653"
"chr6","24456890","24457168","chrX","123830034","123830308","43","99373144"
"chr6","24465258","24465557","chr4","21718170","21718470","51","2747088"
"chr6","24483046","24483302","chrX","4679950","4680203","50","19803096"
"chr6","24483397","24483667","chrX","68962815","68963097","44","44479418"
"chr6","24493215","24493506","chr10","83385365","83385651","47","58892150"
"chr6","24505687","24505978","chr1","206063872","206064170","40","181558185"
"chr6","24514457","24514751","chr4","3918859","3919150","45","20595598"
"chr6","24519283","24519583","chr10","16033492","16033786","38","8485791"
"chr6","24525417","24525681","chrX","96228782","96229042","45","71703365"
"chr6","24528703","24528974","chr9","20968353","20968619","53","3560350"
"chr6","24529155","24529466","chr21","40584762","40585072","39","16055607"
"chr6","24555215","24555519","chr9","11967801","11968108","33","12587414"
"chr6","24581863","24582158","chr9","65543045","65543338","38","40961182"
"chr6","24594344","24594654","chr6","17068239","17068542","38","7526105"
"chr6","24630228","24630538","chr19","48936237","48936548","39","24306009"
"chr6","24651595","24651886","chr4","3773145","3773432","36","20878450"
"chr6","24673369","24673650","chr8","94447184","94447461","47","69773815"
"chr6","24674053","24674355","chrX","107766457","107766766","53","83092404"
"chr6","24687706","24688012","chr20","12401994","12402298","42","12285712"
"chr6","24693727","24694000","chr8","32478813","32479091","42","7785086"
"chr6","24698643","24698907","chr5","100268330","100268601","47","75569687"
"chr6","24716723","24717022","chr15","5688723","5689022","37","19028000"
"chr6","24737055","24737365","chr16","89824416","89824719","42","65087361"
"chr6","24745617","24745893","chr10","101732804","101733077","35","76987187"
"chr6","24759184","24759481","chr13","59154693","59154990","56","34395509"
"chr6","24760433","24760705","chr1","75309890","75310162","47","50549457"
"chr6","24769191","24769325","chr10","127995879","127996014","15","103226688"
"chr6","24807186","24807468","chr4","37824304","37824582","48","13017118"
"chr6","24808756","24809058","chr2","31372053","31372354","40","6563297"
"chr6","24811229","24811536","chr5","124338115","124338421","40","99526886"
"chr6","24837120","24837419","chr5","94234310","94234606","44","69397190"
"chr6","24851970","24852262","chr11","20923444","20923722","43","3928526"
"chr6","24891850","24892147","chrX","37069161","37069459","42","12177311"
"chr6","24904779","24905074","chr4","3533474","3533771","42","21371305"
"chr6","24921169","24921463","chr10","89487563","89487852","44","64566394"
"chr6","24921814","24922129","chr3","106655459","106655766","39","81733645"
"chr6","24922578","24922881","chr6","21353306","21353606","48","3569272"
"chr6","24940652","24940952","chr2","8610763","8611056","40","16329889"
"chr6","25100798","25101118","chr20","26453338","26453637","56","1352540"
"chr6","25119344","25119640","chr1","15931085","15931383","33","9188259"
"chr6","25191722","25191970","chr10","74989549","74989787","47","49797827"
"chr6","25194332","25194621","chr1","182315578","182315873","61","157121246"
"chr6","25202149","25202494","chr5","8374232","8374576","61","16827917"
"chr6","25231992","25232288","chr9","18829703","18829990","54","6402289"
"chr6","25239866","25240163","chr3","106655459","106655766","58","81415593"
"chr6","25255053","25255327","chrX","118258396","118258668","39","93003343"
"chr6","25275114","25275406","chr5","147388748","147389034","43","122113634"
"chr6","25284428","25284729","chr12","37232997","37233293","41","11948569"
"chr6","25367779","25368058","chr11","23439208","23439487","44","1928571"
"chr6","25383830","25384137","chr2","13941060","13941364","40","11442770"
"chr6","25390696","25391001","chr17","37986925","37987221","45","12596229"
"chr6","25496196","25496490","chr8","84523546","84523843","36","59027350"
"chr6","25505452","25505752","chr5","94234310","94234606","43","68728858"
"chr6","25506267","25506571","chr1","156164792","156165101","44","130658525"
"chr6","25555421","25555696","chr4","155962523","155962803","42","130407102"
"chr6","25684513","25684829","chr22","20401798","20402111","57","5282715"
"chr6","25695529","25695830","chr4","3128000","3128295","34","22567529"
"chr6","25792353","25792436","chr5","73118974","73119057","13","47326621"
"chr6","25924531","25924824","chr5","41521574","41521864","34","15597043"
"chr6","25926785","25927085","chr1","184817871","184818171","42","158891086"
"chr6","25929793","25930117","chr13","31331915","31332215","54","5402122"
"chr6","25977388","25977680","chr6","147894727","147895020","43","121917339"
"chr6","25982804","25983105","chr1","184817871","184818171","44","158835067"
"chr6","25993384","25993685","chr10","126070729","126071027","45","100077345"
"chr6","25996715","25997009","chr5","3538085","3538378","33","22458630"
"chr6","26001083","26001364","chr7","6721352","6721636","49","19279731"
"chr6","26090162","26090471","chr7","32003277","32003587","43","5913115"
"chr6","26098885","26099185","chr10","14603732","14604030","37","11495153"
"chr6","26104525","26104800","chr1","75555059","75555337","53","49450534"
"chr6","26131257","26131568","chr19","23649633","23649916","68","2481624"
"chr6","26135273","26135563","chr6","147894727","147895020","45","121759454"
"chr6","26136745","26137023","chr14","17368679","17368957","44","8768066"
"chr6","26153642","26153752","chr2","34863453","34863574","37","8709811"
"chr6","26153795","26153916","chr2","128340575","128340697","22","102186780"
"chr6","26173692","26174050","chr14","59569611","59569944","89","33395919"
"chr6","26176010","26176336","chr10","126696429","126696740","56","100520419"
"chr6","26179885","26180183","chr20","27822433","27822727","50","1642548"
"chr6","26186706","26186878","chr22","33000003","33000176","28","6813297"
"chr6","26222515","26222830","chr14","99219817","99220111","65","72997302"
"chr6","26241803","26242116","chr10","126070729","126071027","59","99828926"
"chr6","26249689","26250003","chr10","5179689","5180000","78","21070000"
"chr6","26268661","26268928","chr13","40220299","40220569","50","13951638"
"chr6","26313951","26314206","chr10","128365034","128365286","39","102051083"
"chr6","26328471","26328766","chr14","5604616","5604909","49","20723855"
"chr6","26356815","26356978","chr20","29061893","29062045","41","2705078"
"chr6","26357294","26357428","chr14","65544687","65544821","16","39187393"
"chr6","26358866","26358976","chr11","16457713","16457822","16","9901153"
"chr6","26359541","26359844","chr16","51641934","51642237","49","25282393"
"chr6","26371686","26371978","chr3","138216033","138216322","36","111844347"
"chr6","26381672","26381981","chr9","2215139","2215442","50","24166533"
"chr6","26401562","26401849","chr4","2078090","2078379","43","24323472"
"chr6","26446717","26447027","chr4","2070628","2070928","43","24376089"
"chr6","26447377","26447659","chr12","24025253","24025538","48","2422124"
"chr6","26463811","26464101","chr9","110500593","110500886","44","84036782"
"chr6","26471446","26471649","chr1","94126926","94127134","50","67655480"
"chr6","26474758","26475062","chr4","2039077","2039372","47","24435681"
"chr6","26482596","26482886","chr3","94762904","94763199","44","68280308"
"chr6","26496498","26496785","chr8","51757576","51757869","43","25261078"
"chr6","26497890","26498190","chr22","28997304","28997607","40","2499414"
"chr6","26498954","26499262","chr5","62823651","62823960","41","36324697"
"chr6","26505430","26505723","chr7","43575304","43575597","52","17069874"
"chr6","26539278","26539570","chr22","17752496","17752783","48","8786782"
"chr6","26540329","26540632","chr4","167498559","167498869","35","140958230"
"chr6","26548558","26548866","chr22","33981676","33981980","40","7433118"
"chr6","26571210","26571510","chr1","150872655","150872961","53","124301445"
"chr6","26572428","26572739","chr2","63925527","63925835","46","37353099"
"chr6","26575069","26575322","chr5","81509809","81510063","41","54934740"
"chr6","26584470","26584746","chr15","5544817","5545089","41","21039653"
"chr6","26588596","26588872","chr9","44537673","44537953","53","17949077"
"chr6","26608525","26608822","chr11","14702691","14702988","49","11905834"
"chr6","26626719","26627021","chr22","28997304","28997607","41","2370585"
"chr6","26628032","26628347","chr7","148985140","148985448","53","122357108"
"chr6","26663560","26663869","chr14","60435327","60435639","41","33771767"
"chr6","26708512","26708790","chrX","95779176","95779459","58","69070664"
"chr6","26733123","26733367","chrX","47612856","47613116","53","20879733"
"chr6","26738914","26739181","chr18","32143591","32143862","49","5404677"
"chr6","26746358","26746575","chr1","170325060","170325269","45","143578702"
"chr6","26768336","26768553","chr14","4332987","4333193","44","22435349"
"chr6","26792868","26793146","chrX","95779176","95779459","58","68986308"
"chr6","26860458","26860763","chr3","106655459","106655766","39","79795001"
"chr6","26880861","26881169","chr17","24906552","24906856","50","1974309"
"chr6","26888371","26888659","chr6","5878497","5878790","45","21009874"
"chr6","26891371","26891668","chr15","20770296","20770585","46","6121075"
"chr6","27036743","27037024","chr10","8026640","8026929","38","19010103"
"chr6","27051101","27051342","chr1","204054205","204054451","44","177003104"
"chr6","27089346","27089656","chr3","64986478","64986781","52","37897132"
"chr6","27099148","27099446","chr17","69075766","69076065","51","41976618"
"chr6","27103452","27103756","chr6","17068239","17068542","41","10035213"
"chr6","27104138","27104424","chr5","116206731","116207016","42","89102593"
"chr6","27123195","27123489","chr9","44828899","44829193","48","17705704"
"chr6","27144795","27145047","chr5","3672109","3672360","54","23472686"
"chr6","27156689","27156995","chr10","90431710","90432016","46","63275021"
"chr6","27157266","27157353","chr11","110006200","110006284","15","82848934"
"chr6","27167201","27167339","chr22","45833094","45833231","27","18665893"
"chr6","27167594","27167752","chr11","7615477","7615630","31","19552117"
"chr6","27170976","27171287","chr14","68739938","68740247","43","41568962"
"chr6","27197806","27198115","chr4","1646745","1647049","49","25551061"
"chr6","27200532","27200844","chr2","18780256","18780558","59","8420276"
"chr6","27214173","27214481","chr15","22401594","22401899","48","4812579"
"chr6","27224032","27224335","chr19","22023863","22024159","54","5200169"
"chr6","27244666","27244967","chr1","184817871","184818171","33","157573205"
"chr6","27277662","27277971","chrX","64005210","64005515","49","36727548"
"chr6","27322224","27322526","chr1","175742404","175742704","50","148420180"
"chr6","27322777","27323061","chr6","8827125","8827411","44","18495652"
"chr6","27329018","27329312","chr19","26753276","26753574","42","575742"
"chr6","27366509","27366818","chr15","20913964","20914267","58","6452545"
"chr6","27382838","27383141","chrX","43751675","43751976","39","16368837"
"chr6","27397637","27397925","chr5","120244332","120244620","38","92846695"
"chr6","27419107","27419405","chr14","83739394","83739686","44","56320287"
"chr6","27446863","27447056","chrX","47514970","47515166","23","20068107"
"chr6","27473855","27474161","chr6","17068239","17068542","34","10405616"
"chr6","27488867","27489194","chr7","30011356","30011665","52","2522489"
"chr6","27556828","27557135","chr10","90431710","90432016","46","62874882"
"chr6","27564412","27564706","chrY","2641146","2641442","50","24923266"
"chr6","27577543","27577850","chr17","73665047","73665345","42","46087504"
"chr6","27603504","27603793","chr4","21329559","21329850","46","6273945"
"chr6","27603817","27604098","chr19","44191798","44192082","44","16587981"
"chr6","27618480","27618780","chr14","83739394","83739686","48","56120914"
"chr6","27638629","27638945","chr22","33981676","33981980","45","6343047"
"chr6","27643020","27643328","chr7","27825392","27825700","46","182372"
"chr6","27656924","27657257","chr9","11967801","11968108","68","15689123"
"chr6","27672004","27672297","chr22","4334459","4334753","42","23337545"
"chr6","27682319","27682405","chr4","1189282","1189375","15","26493037"
"chr6","27690445","27690739","chr7","19310248","19310549","53","8380197"
"chr6","27695215","27695475","chr9","52891011","52891278","57","25195796"
"chr6","27707707","27708015","chr1","168595556","168595859","45","140887849"
"chr6","27708483","27708790","chr3","2808599","2808903","60","24899884"
"chr6","27714924","27715229","chr5","122186797","122187095","50","94471873"
"chr6","27724832","27725122","chr11","64864741","64865027","50","37139909"
"chr6","27733531","27733836","chr6","124042038","124042343","49","96308507"
"chr6","27793592","27793882","chr10","16033492","16033786","43","11760100"
"chr6","27798865","27799172","chr1","168595556","168595859","39","140796691"
"chr6","27816071","27816362","chr14","65501363","65501644","46","37685292"
"chr6","27817500","27817794","chrX","16935785","16936079","45","10881715"
"chr6","27822419","27822730","chr5","124338115","124338421","53","96515696"
"chr6","27862308","27862614","chr1","139632527","139632833","48","111770219"
"chr6","27864449","27864761","chr2","63925527","63925835","61","36061078"
"chr6","27881353","27881656","chr5","38171978","38172283","50","10290625"
"chr6","27890943","27891243","chr3","153217268","153217573","50","125326325"
"chr6","27898325","27898615","chr15","45276822","45277116","59","17378497"
"chr6","27919804","27920083","chr1","171688057","171688330","49","143768253"
"chr6","27961272","27961575","chr1","193266464","193266759","42","165305192"
"chr6","28009461","28009765","chr17","69075766","69076065","41","41066305"
"chr6","28108090","28108395","chr3","177773552","177773857","37","149665462"
"chr6","28219451","28219717","chr5","91114789","91115054","46","62895338"
"chr6","28358606","28358913","chr13","87324333","87324638","48","58965727"
"chr6","28443943","28444181","chr14","68920251","68920499","59","40476308"
"chr6","28467155","28467448","chr9","84874634","84874934","46","56407479"
"chr6","28470655","28470945","chr7","24406754","24407044","38","4063901"
"chr6","28475606","28475920","chrX","51870601","51870909","45","23394995"
"chr6","28488264","28488462","chr1","164927914","164928113","30","136439650"
"chr6","28507568","28507844","chr11","69034520","69034788","48","40526952"
"chr6","28508524","28508811","chrX","17243808","17244094","46","11264716"
"chr6","28576263","28576563","chr4","463915","464211","38","28112348"
"chr6","28598609","28598683","chr19","40218877","40218950","11","11620268"
"chr6","28598729","28598906","chr4","43826691","43826860","36","15227962"
"chr6","28614457","28614758","chr12","22318360","22318667","41","6296097"
"chr6","28615334","28615617","chr1","69415676","69415962","47","40800342"
"chr6","28617049","28617320","chrX","39387728","39387995","38","10770679"
"chr6","28619522","28619807","chr8","71220081","71220377","59","42600559"
"chr6","28629908","28630218","chr9","95060973","95061282","44","66431065"
"chr6","28664271","28664402","chr5","61792270","61792399","32","33127999"
"chr6","28664707","28664840","chr1","172218988","172219121","17","143554281"
"chr6","28677834","28678131","chr17","33971377","33971675","48","5293543"
"chr6","28681005","28681311","chr9","11967801","11968108","47","16713204"
"chr6","28702404","28702674","chr2","9677235","9677507","50","19025169"
"chr6","28797242","28797540","chr10","81273718","81274013","44","52476476"
"chr6","28823604","28823907","chr1","150872655","150872961","46","122049051"
"chr6","28832865","28833165","chr4","285474","285765","49","28547391"
"chr6","28844023","28844321","chr4","263103","263411","54","28580920"
"chr6","28862770","28863091","chr9","46221163","46221469","52","17358393"
"chr6","28870295","28870595","chr7","96383773","96384067","38","67513478"
"chr6","28879878","28880185","chr5","107592159","107592460","52","78712281"
"chr6","28891576","28891821","chr7","10205842","10206094","48","18685734"
"chr6","28891869","28892107","chr9","113093287","113093524","43","84201418"
"chr6","28893103","28893364","chr1","90632448","90632710","48","61739345"
"chr6","28898431","28898727","chr1","15931085","15931383","47","12967346"
"chr6","28925813","28926118","chr20","23337174","23337477","45","5588639"
"chr6","28930829","28931118","chr5","80700303","80700590","56","51769474"
"chr6","28934382","28934695","chr4","82226247","82226558","43","53291865"
"chr6","28937318","28937449","chr5","124880885","124881021","37","95943567"
"chr6","28937752","28937887","chr9","36067757","36067892","15","7130005"
"chr6","28947403","28947714","chr8","17471458","17471767","50","11475945"
"chr6","28962046","28962333","chr2","128769570","128769860","42","99807524"
"chr6","28983274","28983572","chr10","14603732","14604030","39","14379542"
"chr6","28989319","28989569","chr17","74612855","74613103","36","45623536"
"chr6","28993091","28993370","chr2","72246490","72246757","55","43253399"
"chr6","29002621","29002920","chr12","79143458","79143759","38","50140837"
"chr6","29028785","29029098","chr6","17068239","17068542","59","11960546"
"chr6","29034006","29034314","chr13","18393383","18393690","45","10640623"
"chr6","29126496","29126793","chr1","142027264","142027557","41","112900768"
"chr6","29197410","29197708","chr5","94234310","94234606","42","65036900"
"chr6","29313288","29313610","chr13","12881556","12881873","58","16431732"
"chr6","29384792","29385093","chr7","80107739","80108033","52","50722947"
"chr6","29392026","29392286","chr13","50226886","50227140","42","20834860"
"chr6","29512234","29512540","chr9","108878803","108879104","42","79366569"
"chr6","29556675","29556976","chrX","86580996","86581293","48","57024321"
"chr6","29566623","29566923","chr9","110008464","110008760","45","80441841"
"chr6","29634251","29634525","chr7","86633952","86634224","50","56999701"
"chr6","29644558","29644851","chrUn_GL286223","30896","31184","35","29613662"
"chr6","29646242","29646495","chr6","118684064","118684330","50","89037822"
"chr6","29657809","29657944","chr4","43236196","43236331","16","13578387"
"chr6","29678800","29679045","chr10","34329847","34330103","45","4651047"
"chr6","29688060","29688351","chr6","149299474","149299765","46","119611414"
"chr6","29700435","29700674","chr4","35466862","35467100","41","5766427"
"chr6","29732457","29732746","chr13","43918238","43918525","39","14185781"
"chr6","29839743","29839998","chr9","106988297","106988550","45","77148554"
"chr6","30038022","30038308","chr4","25542330","25542622","50","4495692"
"chr6","30040359","30040663","chr11","74360467","74360765","48","44320108"
"chr6","30050025","30050321","chr5","84633061","84633356","46","54583036"
"chr6","30279029","30279351","chr9","98029843","98030162","44","67750814"
"chr6","30330989","30331298","chr3","80802077","80802383","47","50471088"
"chr6","30339145","30339448","chr20","20042650","20042951","38","10296495"
"chr6","30357249","30357551","chr6","17068239","17068542","44","13289010"
"chr6","30367999","30368321","chr7","57292095","57292411","53","26924096"
"chr6","30384924","30385219","chr7","89217839","89218129","40","58832915"
"chr6","30392457","30392743","chr5","147388748","147389034","40","116996291"
"chr6","30466866","30467010","chr12","56417780","56417916","41","25950914"
"chr6","30467053","30467135","chr10","116750415","116750501","18","86283362"
"chr6","30501794","30502103","chr3","153217268","153217573","40","122715474"
"chr6","30509649","30509823","chr1","167234017","167234184","36","136724368"
"chr6","30509856","30509983","chr15","37735435","37735564","16","7225579"
"chr6","30511877","30512173","chr4","25785590","25785888","40","4726287"
"chr6","30517087","30517385","chr1","184817871","184818171","44","154300784"
"chr6","30536482","30536799","chr12","89991476","89991780","49","59454994"
"chr6","30537691","30537774","chr10","74413128","74413211","7","43875437"
"chr6","30549826","30550125","chr1","16572140","16572438","34","13977686"
"chr6","30587269","30587363","chr1","180878830","180878920","18","150291561"
"chr6","30587647","30587862","chr1","192262423","192262637","42","161674776"
"chr6","30589013","30589305","chr2","72221187","72221480","52","41632174"
"chr6","30591543","30591846","chr2","114528005","114528309","48","83936462"
"chr6","30624124","30624395","chr2","161562687","161562954","40","130938563"
"chr6","30629239","30629538","chr4","162045743","162046038","49","131416504"
"chr6","30638301","30638569","chr9","17953510","17953783","43","12684791"
"chr6","30638974","30639277","chrX","60350699","60350998","43","29711725"
"chr6","30651969","30652239","chr11","97727292","97727572","51","67075323"
"chr6","30658893","30659186","chr9","99273608","99273898","44","68614715"
"chr6","30664202","30664505","chr7","49632330","49632627","40","18968128"
"chr6","30681482","30681788","chr1","187604977","187605283","43","156923495"
"chr6","30692485","30692683","chr1","164713545","164713738","34","134021060"
"chr6","30731971","30732268","chr22","31270496","31270797","43","538525"
"chr6","30737283","30737557","chr4","108206124","108206402","49","77468841"
"chr6","30747000","30747311","chr2","171330283","171330586","41","140583283"
"chr6","30755046","30755197","chr5","10890854","10891001","17","19864192"
"chr6","30775579","30775644","chr8","97807703","97807769","9","67032124"
"chr6","30785832","30786117","chr11","10115159","10115440","41","20670673"
"chr6","30796688","30797009","chr12","29286803","29287123","46","1509885"
"chr6","30806191","30806502","chr3","106655459","106655766","44","75849268"
"chr6","30809953","30810250","chrX","111591699","111591994","34","80781746"
"chr6","30811305","30811624","chr2","66976947","66977265","54","36165642"
"chr6","30826049","30826364","chr12","28553718","28554019","48","2272331"
"chr6","30854194","30854489","chr1","82669756","82670065","49","51815562"
"chr6","30860465","30860772","chr19","4520386","4520688","43","26340079"
"chr6","30984693","30984994","chr14","84427354","84427651","42","53442661"
"chr6","30991152","30991453","chr2","171330283","171330586","45","140339131"
"chr6","30999445","30999744","chr4","31426154","31426444","51","426709"
"chr6","31022853","31023153","chr12","28553718","28554019","49","2469135"
"chr6","31035515","31035812","chr5","94234310","94234606","35","63198795"
"chr6","31064606","31064908","chr3","153217268","153217573","38","122152662"
"chr6","31080628","31080927","chr11","122749551","122749852","52","91668923"
"chr6","31135231","31135516","chr14","37608262","37608552","47","6473031"
"chr6","31148876","31149181","chr4","53071595","53071899","42","21922719"
"chr6","31152335","31152638","chr12","83078942","83079243","42","51926607"
"chr6","31167429","31167728","chr6","17068239","17068542","43","14099190"
"chr6","31174709","31174987","chr8","45195940","45196189","65","14021231"
"chr6","31186905","31187213","chr17","42085654","42085964","38","10898749"
"chr6","31189383","31189666","chr16","54084312","54084597","48","22894929"
"chr6","31192034","31192335","chr1","202849760","202850061","54","171657726"
"chr6","31192809","31193122","chr3","150085354","150085661","49","118892545"
"chr6","31199195","31199475","chr19","23649633","23649916","39","7549562"
"chr6","31207626","31207903","chrX","5042063","5042337","40","26165563"
"chr6","31213676","31213942","chr10","101732804","101733077","49","70519128"
"chr6","31459877","31460178","chr18","3287014","3287306","43","28172863"
"chr6","31537145","31537450","chr5","96962053","96962362","58","65424908"
"chr6","31537754","31538063","chr9","8886595","8886904","46","22651159"
"chr6","31538157","31538449","chr22","6563694","6563987","47","24974463"
"chr6","31551597","31551783","chr1","184351715","184351894","34","152800118"
"chr6","31552097","31552228","chr16","70208284","70208415","11","38656187"
"chr6","31566361","31566660","chrX","131097094","131097399","49","99530733"
"chr6","31571062","31571359","chr5","134979517","134979816","42","103408455"
"chr6","31583255","31583564","chr5","125737225","125737535","40","94153970"
"chr6","31584493","31584788","chr5","60529593","60529894","39","28945100"
"chr6","31591085","31591144","chr16","24522914","24522975","9","7068171"
"chr6","31591837","31591967","chr9","108604835","108604967","16","77012998"
"chr6","31592264","31592429","chr17","34108233","34108402","26","2515969"
"chr6","31593389","31593669","chr11","97658809","97659082","43","66065420"
"chr6","31672984","31673274","chr5","154020351","154020637","38","122347367"
"chr6","31676078","31676358","chrX","117647054","117647333","41","85970976"
"chr6","31706244","31706527","chr7","12625452","12625715","55","19080792"
"chr6","31746433","31746750","chr4","32315206","32315506","49","568773"
"chr6","31749260","31749555","chr5","5324822","5325117","47","26424438"
"chr6","31801513","31801816","chr5","38614488","38614784","40","6812975"
"chr6","31813306","31813607","chr17","73455682","73455975","41","41642376"
"chr6","31818127","31818424","chr2","162567214","162567511","49","130749087"
"chr6","31824274","31824584","chr2","63925527","63925835","40","32101253"
"chr6","31826198","31826537","chr9","41734687","41735007","59","9908489"
"chr6","31831525","31831662","chrX","108013274","108013404","23","76181749"
"chr6","31837984","31838269","chr5","127746291","127746583","45","95908307"
"chr6","31840606","31840832","chrX","52358525","52358757","60","20517919"
"chr6","31894678","31894946","chr19","14781759","14782022","64","17112919"
"chr6","31906855","31907164","chr13","16120870","16121173","42","15785985"
"chr6","31910699","31911009","chr4","144913793","144914100","39","113003094"
"chr6","31939779","31940079","chr1","193266464","193266759","46","161326685"
"chr6","31955770","31955936","chr22","2626133","2626298","33","29329637"
"chr6","31956229","31956374","chr2","8868216","8868359","17","23088013"
"chr6","32064204","32064511","chr1","168595556","168595859","36","136531352"
"chr6","32065612","32065949","chr18","24946123","24946440","64","7119489"
"chr6","32077745","32078044","chr14","33643912","33644206","43","1566167"
"chr6","32078165","32078477","chr3","106655459","106655766","38","74577294"
"chr6","32101222","32101296","chr7","66533250","66533322","17","34432028"
"chr6","32101589","32101721","chr17","52749755","52749887","23","20648166"
"chr6","32132889","32133084","chr4","32702964","32703161","31","570075"
"chr6","32133563","32133829","chr15","7698304","7698571","34","24435259"
"chr6","32157229","32157512","chr22","10673967","10674253","43","21483262"
"chr6","32208451","32208758","chr4","32786025","32786336","45","577574"
"chr6","32209603","32209909","chr14","36890942","36891243","50","4681339"
"chr6","32232445","32232752","chr4","32809055","32809363","41","576610"
"chr6","32234426","32234733","chr9","11967801","11968108","39","20266625"
"chr6","32236247","32236516","chr1","190633251","190633514","37","158397004"
"chr6","32244682","32244929","chr11","32759698","32759945","28","515016"
"chr6","32278130","32278447","chr15","83479661","83479973","54","51201531"
"chr6","32295054","32295370","chrX","107827107","107827417","47","75532053"
"chr6","32315281","32315583","chr18","8503340","8503640","44","23811941"
"chr6","32328416","32328716","chr15","27110344","27110643","35","5218072"
"chr6","32392220","32392553","chr4","32946143","32946453","55","553923"
"chr6","32590869","32591167","chr1","173509373","173509669","45","140918504"
"chr6","32882196","32882503","chr1","168595556","168595859","42","135713360"
"chr6","32893435","32893723","chr13","99797880","99798169","47","66904445"
"chr6","32915109","32915330","chr4","33747597","33747818","35","832488"
"chr6","32923195","32923492","chr5","46077563","46077854","52","13154368"
"chr6","32927934","32928196","chr4","33759624","33759886","32","831690"
"chr6","32942783","32943079","chr4","33777345","33777650","49","834562"
"chr6","32979062","32979377","chr11","108993011","108993317","64","76013949"
"chr6","33131896","33132220","chr10","100842035","100842338","63","67710139"
"chr6","33145034","33145307","chr4","54258451","54258734","57","21113417"
"chr6","33153401","33153669","chr7","12625452","12625715","36","20527949"
"chr6","33155227","33155510","chr3","80959478","80959762","40","47804251"
"chr6","33182430","33182724","chr5","26961498","26961795","41","6220932"
"chr6","33237295","33237594","chr5","77976326","77976624","35","44739031"
"chr6","33243842","33244150","chrX","47176701","47177007","50","13932859"
"chr6","33327578","33327882","chr6","17068239","17068542","39","16259339"
"chr6","33329983","33330296","chr18","11028760","11029065","44","22301223"
"chr6","33330459","33330772","chrUn_GL286420","156525","156826","48","33173934"
"chr6","33341325","33341617","chr1","155066552","155066843","47","121725227"
"chr6","33343607","33343894","chr5","96441121","96441410","55","63097514"
"chr6","33358902","33359203","chr1","160343198","160343494","46","126984296"
"chr6","33366907","33367188","chr7","79364610","79364894","43","45997703"
"chr6","33387408","33387720","chrX","92859361","92859671","47","59471953"
"chr6","33394490","33394781","chr19","31817790","31818080","37","1576700"
"chr6","33396985","33397276","chr4","34205931","34206223","44","808946"
"chr6","33434823","33435105","chr5","83139306","83139590","64","49704483"
"chr6","33462870","33463176","chr1","174132039","174132344","41","140669169"
"chr6","33481632","33481920","chr20","23017174","23017462","42","10464458"
"chr6","33506699","33506991","chr14","63994771","63995061","37","30488072"
"chr6","33507073","33507315","chr18","4892360","4892603","40","28614713"
"chr6","33516162","33516473","chr3","108570361","108570666","40","75054199"
"chr6","33530106","33530385","chr6","122189745","122190016","51","88659639"
"chr6","33541151","33541359","chr3","111692421","111692632","33","78151270"
"chr6","33544515","33544810","chr7","27280206","27280495","52","6264309"
"chr6","33548041","33548332","chrX","69079817","69080113","42","35531776"
"chr6","33552543","33552835","chr7","55245516","55245807","36","21692973"
"chr6","33556518","33556693","chr12","1341661","1341832","56","32214857"
"chr6","33556739","33556878","chr2","2261829","2261964","21","31294910"
"chr6","33559695","33559982","chr1","200866507","200866795","44","167306812"
"chr6","33568360","33568652","chr2","61800729","61801029","43","28232369"
"chr6","33596701","33597013","chr1","171816270","171816574","47","138219569"
"chr6","33597339","33597497","chr1","172218988","172219121","38","138621649"
"chr6","33612363","33612657","chrX","17855428","17855719","40","15756935"
"chr6","33616016","33616153","chr5","5975577","5975714","19","27640439"
"chr6","33653987","33654297","chr9","8886595","8886904","42","24767392"
"chr6","33675140","33675442","chr5","114164972","114165268","40","80489832"
"chr6","33702009","33702307","chr15","49359997","49360293","37","15657988"
"chr6","33717641","33717943","chr2","29720953","29721256","43","3996688"
"chr6","33741361","33741670","chr11","83707705","83708008","46","49966344"
"chr6","33758589","33758898","chr1","129232013","129232322","44","95473424"
"chr6","33852557","33852870","chr9","106557112","106557416","49","72704555"
"chr6","33929076","33929402","chr22","40339324","40339631","57","6410248"
"chr6","33970148","33970457","chr9","93766565","93766871","44","59796417"
"chr6","33973304","33973595","chr14","105224271","105224557","50","71250967"
"chr6","33981272","33981564","chr3","143331648","143331939","39","109350376"
"chr6","34011934","34012232","chr9","106891453","106891749","45","72879519"
"chr6","34033726","34034038","chr12","12071873","12072177","47","21961853"
"chr6","34168978","34169279","chrX","17633918","17634220","37","16535060"
"chr6","34177973","34178267","chr18","15735887","15736182","39","18442086"
"chr6","34188156","34188453","chr1","148395182","148395475","40","114207026"
"chr6","34204927","34205213","chr6","130906435","130906726","40","96701508"
"chr6","34222080","34222304","chr12","22745496","22745719","37","11476584"
"chr6","34228112","34228320","chr4","35109934","35110143","21","881822"
"chr6","34231643","34231947","chr2","171330283","171330586","44","137098640"
"chr6","34290962","34291256","chr16","33828417","33828713","41","462545"
"chr6","34291513","34291794","chr19","23846290","23846574","36","10445223"
"chr6","34304976","34305283","chr11","118075028","118075334","41","83770052"
"chr6","34307837","34308149","chr7","66105076","66105385","42","31797239"
"chr6","34310249","34310531","chr19","6867541","6867823","39","27442708"
"chr6","34312119","34312417","chr5","84826899","84827194","39","50514780"
"chr6","34330862","34331154","chr4","16350054","16350344","35","17980808"
"chr6","34353472","34353700","chr18","9431972","9432201","37","24921500"
"chr6","34377552","34377848","chr14","97510672","97510969","38","63133120"
"chr6","34379733","34380015","chr1","12730100","12730378","50","21649633"
"chr6","34408915","34409216","chr10","127954939","127955242","40","93546024"
"chr6","34420222","34420517","chr18","5141985","5142278","43","29278237"
"chr6","34422310","34422612","chr10","14603732","14604030","48","19818578"
"chr6","34422800","34423064","chr9","40913684","40913950","44","6490884"
"chr6","34481053","34481348","chr9","84968584","84968874","47","50487531"
"chr6","34505632","34505931","chr5","110918761","110919060","47","76413129"
"chr6","34559361","34559635","chr11","98309944","98310214","41","63750583"
"chr6","34567843","34568152","chr6","17068239","17068542","42","17499604"
"chr6","34579165","34579475","chr1","168595556","168595859","41","134016391"
"chr6","34603232","34603365","chr1","172218988","172219121","13","137615756"
"chr6","34612625","34612760","chr2","40803885","40804020","16","6191260"
"chr6","34613062","34613216","chr10","13250730","13250866","37","21362332"
"chr6","34621577","34621871","chr11","43485145","43485437","40","8863568"
"chr6","34631332","34631628","chr4","35519173","35519463","36","887841"
"chr6","34632159","34632454","chr5","126079965","126080261","35","91447806"
"chr6","34643701","34644001","chr5","84826899","84827194","44","50183198"
"chr6","34658068","34658362","chr4","35545645","35545942","42","887577"
"chr6","34670569","34670874","chr3","3804205","3804512","49","30866364"
"chr6","34672110","34672388","chr1","81287395","81287676","52","46615285"
"chr6","34688531","34688795","chr4","35578547","35578811","32","890016"
"chr6","34699385","34699673","chr5","26961498","26961795","46","7737887"
"chr6","34701024","34701330","chr7","19310248","19310549","56","15390776"
"chr6","34728861","34729159","chr4","16350054","16350344","47","18378807"
"chr6","34740833","34741136","chr22","15341421","15341725","43","19399412"
"chr6","34752093","34752396","chr6","17068239","17068542","39","17683854"
"chr6","34754505","34754818","chr4","88045174","88045479","48","53290669"
"chr6","34763400","34763699","chr5","115356848","115357146","41","80593448"
"chr6","34765455","34765742","chr19","4188463","4188738","44","30576992"
"chr6","34800783","34801034","chr17","74612855","74613103","42","39812072"
"chr6","34805311","34805611","chr5","94234310","94234606","43","59428999"
"chr6","34811587","34811879","chr4","151051212","151051502","54","116239625"
"chr6","34826027","34826321","chr1","27883875","27884177","41","6942152"
"chr6","34853556","34853861","chr11","65163335","65163629","38","30309779"
"chr6","34865929","34865999","chr2","11265080","11265150","8","23600849"
"chr6","34868995","34869301","chr10","117620910","117621216","50","82751915"
"chr6","34896063","34896372","chr4","35775682","35775979","47","879619"
"chr6","34904836","34905110","chrX","32050842","32051115","45","2853994"
"chr6","34913652","34913914","chr4","35792320","35792601","54","878668"
"chr6","34932431","34932683","chr5","142899408","142899661","38","107966977"
"chr6","34946306","34946600","chr7","92746296","92746589","39","57799990"
"chr6","34965753","34966042","chr4","35846252","35846542","42","880499"
"chr6","34975856","34976162","chrX","47176701","47177007","41","12200845"
"chr6","35005771","35005906","chr5","1338424","1338558","15","33667347"
"chr6","35006208","35006291","chr9","38956283","38956361","24","3950075"
"chr6","35104377","35104685","chr19","25591314","25591622","45","9513063"
"chr6","35105242","35105540","chr2","18360128","18360420","43","16745114"
"chr6","35108762","35109061","chr7","58166645","58166955","53","23057883"
"chr6","35109467","35109777","chr20","23337174","23337477","35","11772293"
"chr6","35131028","35131285","chr1","92430422","92430681","38","57299394"
"chr6","35171969","35172271","chr8","50068578","50068880","37","14896609"
"chr6","35174973","35175250","chr4","36096828","36097106","29","921855"
"chr6","35210240","35210531","chr4","36130569","36130858","35","920329"
"chr6","35224346","35224659","chr11","125799128","125799440","43","90574782"
"chr6","35272872","35273185","chr3","106655459","106655766","38","71382587"
"chr6","35273192","35273472","chr22","41649645","41649920","43","6376453"
"chr6","35323394","35323656","chr12","39921300","39921558","55","4597906"
"chr6","35357539","35357836","chr13","87545369","87545669","36","52187830"
"chr6","35365496","35365790","chr12","100785810","100786105","37","65420314"
"chr6","35398832","35399120","chr7","55933964","55934256","47","20535132"
"chr6","35399424","35399714","chr16","32177091","32177378","55","3222333"
"chr6","35405633","35405927","chr15","41758838","41759130","36","6353205"
"chr6","35411926","35412230","chr3","152941248","152941549","45","117529322"
"chr6","35424992","35425287","chr4","36347245","36347540","30","922253"
"chr6","35455305","35455610","chr13","39885762","39886059","47","4430457"
"chr6","35461191","35461323","chr5","92458262","92458399","26","56997071"
"chr6","35481989","35482263","chrX","60275475","60275754","37","24793486"
"chr6","35487139","35487273","chr12","37529508","37529641","19","2042369"
"chr6","35487574","35487750","chr12","24348367","24348543","40","11139207"
"chr6","35501530","35501811","chr11","23439208","23439487","40","12062322"
"chr6","35507804","35508120","chr6","112846301","112846609","54","77338497"
"chr6","35520585","35520879","chr2","36936154","36936445","47","1415569"
"chr6","35540537","35540839","chr4","36480328","36480634","36","939791"
"chr6","35549112","35549422","chr8","30954858","30955164","43","4594254"
"chr6","35554388","35554692","chr3","106655459","106655766","43","71101071"
"chr6","35558824","35559132","chr1","168595556","168595859","43","133036732"
"chr6","35593553","35593854","chr13","39885762","39886059","36","4292209"
"chr6","35621345","35621635","chr4","36563326","36563622","38","941981"
"chr6","35625089","35625384","chr5","143023404","143023700","38","107398315"
"chr6","35650465","35650774","chr5","99799393","99799697","45","64148928"
"chr6","35655040","35655173","chr18","10542153","10542286","17","25112887"
"chr6","35656608","35656925","chr10","126696429","126696740","42","91039821"
"chr6","35695160","35695455","chr1","187320659","187320945","42","151625499"
"chr6","35701853","35702146","chr22","30202132","30202421","33","5499721"
"chr6","35736613","35736909","chr11","65163335","65163629","45","29426722"
"chr6","35753563","35753854","chr1","98572733","98573027","39","62819170"
"chr6","35758937","35759244","chr3","106655459","106655766","49","70896522"
"chr6","35762265","35762559","chr2","66805774","66806063","42","31043509"
"chr6","35776044","35776342","chr12","51884744","51885046","56","16108700"
"chr6","35802600","35802900","chr4","1643958","1644258","37","34158642"
"chr6","35816530","35816839","chr6","17068239","17068542","43","18748291"
"chr6","35818834","35819132","chr22","35530146","35530439","46","288688"
"chr6","35822775","35822909","chr5","158422918","158423048","11","122600143"
"chr6","35830093","35830394","chr4","26335541","26335842","43","9494552"
"chr6","35839685","35839977","chr17","1254415","1254710","37","34585270"
"chr6","35867534","35867827","chr4","36818886","36819180","36","951352"
"chr6","35878809","35879099","chr3","175297502","175297786","42","139418693"
"chr6","35880441","35880749","chrX","107827107","107827417","37","71946666"
"chr6","35944864","35945149","chr9","1932661","1932946","33","34012203"
"chr6","35946229","35946533","chr5","3046286","3046589","44","32899943"
"chr6","35954663","35954967","chr4","36904943","36905240","38","950280"
"chr6","35964685","35964985","chr7","6894852","6895150","42","29069833"
"chr6","35974734","35975057","chr22","41857491","41857814","60","5882757"
"chr6","35977803","35978100","chr20","27822433","27822727","33","8155370"
"chr6","35979966","35980272","chr7","90171236","90171541","40","54191270"
"chr6","36002712","36003003","chr12","21782342","21782628","42","14220370"
"chr6","36006128","36006409","chr4","36972315","36972608","44","966187"
"chr6","36009071","36009353","chr4","16350054","16350344","37","19659017"
"chr6","36010534","36010838","chr5","26961498","26961795","34","9049036"
"chr6","36016890","36017195","chr9","99935150","99935455","51","63918260"
"chr6","36036736","36037040","chr2","8010187","8010487","42","28026549"
"chr6","36039723","36040016","chr7","49632330","49632627","41","13592607"
"chr6","36048032","36048342","chr6","17068239","17068542","47","18979793"
"chr6","36062646","36062957","chr5","7574884","7575188","46","28487762"
"chr6","36071052","36071349","chrX","69095527","69095826","35","33024475"
"chr6","36079953","36080236","chr1","75821885","75822175","42","39741932"
"chr6","36141392","36141691","chr10","14603732","14604030","35","21537660"
"chr6","36177590","36177881","chr16","84707273","84707557","40","48529683"
"chr6","36218462","36218758","chr4","37414221","37414521","36","1195759"
"chr6","36246214","36246501","chr2","179315904","179316198","55","143069690"
"chr6","36304380","36304651","chr3","72187718","72187993","44","35883338"
"chr6","36305762","36306054","chr5","1667879","1668174","62","34637883"
"chr6","36341310","36341604","chr12","31122344","31122642","50","5218966"
"chr6","36355396","36355712","chr14","83739394","83739686","55","47383998"
"chr6","36367161","36367455","chr4","119549523","119549818","38","83182362"
"chr6","36399091","36399116","chr10","17789322","17789342","9","18609769"
"chr6","36399161","36399446","chr2","56700759","56701042","37","20301598"
"chr6","36403007","36403158","chr4","37394289","37394440","18","991282"
"chr6","36424719","36424929","chr12","5148433","5148646","43","31276286"
"chr6","36429917","36430219","chr4","37410616","37410914","52","980699"
"chr6","36430796","36431115","chr5","26961498","26961795","54","9469298"
"chr6","36437004","36437313","chr13","84459624","84459931","38","48022620"
"chr6","36453000","36453311","chr20","35855711","35856022","44","597289"
"chr6","36459024","36459328","chr10","126070729","126071027","37","89611705"
"chr6","36480569","36480851","chr4","37452238","37452515","36","971669"
"chr6","36482664","36482965","chr5","99799393","99799697","37","63316729"
"chr6","36483297","36483491","chr3","85317891","85318089","33","48834594"
"chr6","36491192","36491487","chr14","5921690","5921981","36","30569502"
"chr6","36501576","36501724","chr1","197910364","197910508","19","161408788"
"chr6","36526613","36526911","chr7","125443365","125443662","40","88916752"
"chr6","36530678","36530989","chrX","97185025","97185330","46","60654347"
"chr6","36532495","36532629","chr20","22715714","22715849","13","13816781"
"chr6","36532923","36533082","chr4","34157283","34157451","29","2375640"
"chr6","36551458","36551740","chrX","18828260","18828542","36","17723198"
"chr6","36553221","36553502","chr4","16350054","16350344","41","20203167"
"chr6","36553938","36554229","chr5","26961498","26961795","38","9592440"
"chr6","36565737","36566045","chr20","35275825","35276127","45","1289912"
"chr6","36576273","36576581","chrX","97185025","97185330","46","60608752"
"chr6","36581439","36581735","chr15","67795755","67796054","38","31214316"
"chr6","36586093","36586410","chr7","66105076","66105385","54","29518983"
"chr6","36589035","36589343","chr12","87913370","87913678","45","51324335"
"chr6","36590792","36591069","chrX","39387728","39387995","41","2796936"
"chr6","36606509","36606834","chr5","128080562","128080880","51","91474053"
"chr6","36610211","36610485","chr10","6172687","6172963","53","30437524"
"chr6","36612614","36612923","chr3","153217268","153217573","41","116604654"
"chr6","36627029","36627321","chr14","5921690","5921981","37","30705339"
"chr6","36648426","36648731","chr5","44394384","44394690","41","7745958"
"chr6","36650473","36650759","chr16","638713","638993","50","36011760"
"chr6","36651582","36651662","chr12","40150913","40150991","10","3499331"
"chr6","36673295","36673610","chr4","88620271","88620570","56","51946976"
"chr6","36687733","36688033","chr16","56490864","56491174","50","19803131"
"chr6","36701119","36701407","chr3","148459885","148460174","51","111758766"
"chr6","36726803","36727100","chr12","98246373","98246670","42","61519570"
"chr6","36729471","36729782","chrX","101396792","101397104","37","64667321"
"chr6","36766849","36767155","chr4","140143172","140143479","42","103376323"
"chr6","36768226","36768531","chr3","106655459","106655766","36","69887233"
"chr6","36785731","36786045","chrX","47176701","47177007","43","10390970"
"chr6","36802768","36803055","chr11","28114524","28114805","54","8688244"
"chr6","36814885","36815187","chr7","45344118","45344429","47","8529233"
"chr6","36819092","36819399","chr3","106655459","106655766","42","69836367"
"chr6","36824665","36824920","chr15","17150309","17150567","37","19674356"
"chr6","36888350","36888651","chr18","8503340","8503640","46","28385010"
"chr6","36951617","36951916","chr5","110918761","110919060","44","73967144"
"chr6","36990382","36990654","chr13","20752153","20752424","40","16238229"
"chr6","36994517","36994817","chr4","37931785","37932081","33","937268"
"chr6","37016535","37016836","chr5","110918761","110919060","41","73902226"
"chr6","37034716","37035023","chr5","107932565","107932875","45","70897849"
"chr6","37059010","37059141","chr5","98737086","98737218","16","61678076"
"chr6","37066295","37066603","chr3","185536800","185537102","44","148470505"
"chr6","37084861","37085080","chr3","16517707","16517922","41","20567154"
"chr6","37085082","37085176","chr22","48575194","48575288","10","11490112"
"chr6","37117571","37117875","chr18","39712282","39712591","43","2594711"
"chr6","37122469","37122747","chr12","50482572","50482852","37","13360103"
"chr6","37124246","37124544","chr20","27822433","27822727","43","9301813"
"chr6","37133271","37133577","chr1","168595556","168595859","41","131462285"
"chr6","37151454","37151741","chr10","74315624","74315914","65","37164170"
"chr6","37160374","37160664","chrX","21470063","21470355","35","15690311"
"chr6","37176280","37176574","chr5","106897987","106898285","44","69721707"
"chr6","37179477","37179770","chr14","5921690","5921981","40","31257787"
"chr6","37185281","37185592","chr15","17566864","17567166","46","19618417"
"chr6","37192942","37193115","chrX","106480049","106480214","34","69287107"
"chr6","37193422","37193521","chr20","11855120","11855215","20","25338302"
"chr6","37204603","37204912","chr1","175917138","175917449","40","138712535"
"chr6","37214248","37214526","chr4","38196433","38196712","34","982185"
"chr6","37231060","37231369","chr4","38206264","38206577","23","975204"
"chr6","37249303","37249618","chr6","43666330","43666629","54","6417027"
"chr6","37261753","37261917","chr1","157099065","157099225","29","119837312"
"chr6","37262032","37262342","chr2","142396917","142397218","48","105134885"
"chr6","37277461","37277767","chr13","54079064","54079364","41","16801603"
"chr6","37285316","37285491","chr3","53757892","53758068","29","16472576"
"chr6","37285783","37285920","chr22","17035586","17035722","16","20250197"
"chr6","37300359","37300660","chr2","10406818","10407122","47","26893541"
"chr6","37358816","37359125","chr4","82226247","82226558","40","44867431"
"chr6","37391666","37391950","chr6","59437671","59437960","45","22046005"
"chr6","37398557","37398851","chr14","64670666","64670960","36","27272109"
"chr6","37405974","37406112","chr2","31677689","31677828","37","5728285"
"chr6","37406409","37406551","chr14","4374667","4374807","20","33031742"
"chr6","37422957","37423265","chr2","67002845","67003154","56","29579888"
"chr6","37443355","37443655","chr4","38452112","38452407","37","1008757"
"chr6","37449318","37449607","chr9","45404710","45405000","39","7955392"
"chr6","37494806","37495099","chr15","5688723","5689022","33","31806083"
"chr6","37496152","37496458","chr16","51641934","51642237","39","14145782"
"chr6","37498540","37498836","chr22","35530146","35530439","38","1968394"
"chr6","37562755","37563046","chr14","5921690","5921981","37","31641065"
"chr6","37581341","37581622","chr9","40340643","40340923","49","2759302"
"chr6","37587326","37587634","chr3","153217268","153217573","46","115629942"
"chr6","37610206","37610502","chr4","38637239","38637534","37","1027033"
"chr6","37707329","37707401","chr1","41841163","41841237","13","4133834"
"chr6","37719764","37720070","chr1","184817871","184818171","43","147098107"
"chr6","37726535","37726826","chr5","26961498","26961795","40","10765037"
"chr6","37733977","37734261","chr19","6867541","6867823","37","30866436"
"chr6","37769082","37769383","chr2","18780256","18780558","38","18988826"
"chr6","37770567","37770802","chr7","55971033","55971271","61","18200466"
"chr6","37771011","37771315","chr4","38803170","38803472","32","1032159"
"chr6","37775979","37776267","chr4","41546974","41547260","33","3770995"
"chr6","37786192","37786486","chr20","27822433","27822727","41","9963759"
"chr6","37786671","37786987","chr2","94752074","94752384","48","56965403"
"chr6","37793791","37794052","chr1","92430422","92430681","40","54636631"
"chr6","37812196","37812503","chr6","7892688","7892995","34","29919508"
"chr6","37826472","37826767","chr4","38835487","38835776","48","1009015"
"chr6","37833543","37833843","chr3","153217268","153217573","39","115383725"
"chr6","37934552","37934864","chrUn_GL286451","397516","397830","45","37537036"
"chr6","37976300","37976606","chr6","17068239","17068542","41","20908061"
"chr6","37993309","37993626","chr1","137129532","137129843","45","99136223"
"chr6","38003503","38003804","chr7","26998890","26999184","56","11004613"
"chr6","38019721","38020019","chr14","14218793","14219102","41","23800928"
"chr6","38045055","38045388","chr6","66930702","66931036","59","28885647"
"chr6","38047041","38047337","chr9","99101995","99102300","41","61054954"
"chr6","38052755","38053063","chr3","108570361","108570666","61","70517606"
"chr6","38089856","38090135","chr8","32478813","32479091","37","5611043"
"chr6","38189662","38189973","chr5","64708567","64708868","41","26518905"
"chr6","38288654","38288947","chr16","1171147","1171451","44","37117507"
"chr6","38295764","38296074","chr1","168595556","168595859","46","130299792"
"chr6","38305477","38305783","chr22","31270496","31270797","45","7034981"
"chr6","38331198","38331490","chr1","152107290","152107588","46","113776092"
"chr6","38334281","38334575","chr9","1932661","1932946","45","36401620"
"chr6","38334644","38334668","chr10","17789322","17789342","4","20545322"
"chr6","38347720","38348020","chr22","7822716","7823014","43","30525004"
"chr6","38373990","38374282","chr5","116115777","116116067","38","77741787"
"chr6","38455978","38456286","chr3","84624674","84624979","50","46168696"
"chr6","38635132","38635435","chr1","12491044","12491347","38","26144088"
"chr6","38656130","38656415","chr3","80959478","80959762","43","42303348"
"chr6","38664976","38665277","chr1","100819915","100820205","41","62154939"
"chr6","38726852","38727157","chr6","87765454","87765755","40","49038602"
"chr6","38733630","38733939","chr9","112908463","112908769","48","74174833"
"chr6","38752182","38752459","chr15","37619139","37619418","41","1133043"
"chr6","38787445","38787718","chr1","155073091","155073354","45","116285646"
"chr6","38797112","38797284","chr1","169183283","169183452","28","130386171"
"chr6","38797961","38798088","chr20","749664","749796","22","38048297"
"chr6","38800522","38800821","chr20","27822433","27822727","41","10978089"
"chr6","38810310","38810614","chr7","43502512","43502814","40","4692202"
"chr6","38900623","38900908","chr4","39911851","39912134","45","1011228"
"chr6","38997751","38998057","chr6","17068239","17068542","41","21929512"
"chr6","39106263","39106541","chr4","40147260","40147534","42","1040997"
"chr6","39162933","39163215","chr2","56700759","56701042","35","17537826"
"chr6","39212006","39212302","chr4","40248993","40249287","34","1036987"
"chr6","39235199","39235473","chr10","45660121","45660403","43","6424922"
"chr6","39237489","39237788","chr6","17068239","17068542","34","22169250"
"chr6","39238932","39239224","chr10","16033492","16033786","41","23205440"
"chr6","39245271","39245585","chr6","131260221","131260525","46","92014950"
"chr6","39246303","39246584","chr12","81371914","81372194","45","42125611"
"chr6","39278655","39278971","chr3","106655459","106655766","52","67376804"
"chr6","39309044","39309350","chr22","28997304","28997607","40","10311740"
"chr6","39352607","39352901","chr4","156698023","156698319","36","117345416"
"chr6","39419071","39419380","chr3","106655459","106655766","39","67236388"
"chr6","39546544","39546844","chrX","45981223","45981523","42","6434679"
"chr6","39555671","39555977","chr20","12401994","12402298","36","27153677"
"chr6","39561358","39561656","chr14","5921690","5921981","45","33639668"
"chr6","39562956","39563254","chr14","83739394","83739686","51","44176438"
"chr6","39597884","39598009","chr10","45436736","45436858","13","5838852"
"chr6","39598036","39598203","chrX","108352935","108353103","32","68754899"
"chr6","39684220","39684355","chr7","57991959","57992094","15","18307739"
"chr6","39684641","39684812","chr4","34157283","34157451","31","5527358"
"chr6","39717945","39718256","chr9","8886595","8886904","40","30831350"
"chr6","39730886","39731167","chr13","50891056","50891337","48","11160170"
"chr6","39774780","39775083","chr7","6894852","6895150","42","32879928"
"chr6","39833328","39833607","chr15","27957096","27957370","42","11876232"
"chr6","39838650","39838958","chr7","49632330","49632627","39","9793680"
"chr6","39842350","39842659","chr10","90431710","90432016","40","50589360"
"chr6","39889848","39890143","chr3","41475193","41475492","39","1585345"
"chr6","39896194","39896502","chr12","27257719","27258031","49","12638475"
"chr6","39919203","39919510","chr19","4520386","4520688","46","35398817"
"chr6","39924797","39925103","chr1","96018777","96019077","46","56093980"
"chr6","39944134","39944271","chr5","156347483","156347620","19","116403349"
"chr6","40015240","40015582","chrX","45981223","45981523","80","5965983"
"chr6","40199350","40199662","chrUn_GL286373","1977427","1977738","49","38221923"
"chr6","40368411","40368678","chrX","39387728","39387995","33","980683"
"chr6","40400416","40400720","chr2","18780256","18780558","38","21620160"
"chr6","40416010","40416308","chr9","93885895","93886188","35","53469885"
"chr6","40474479","40474789","chr7","57213096","57213404","37","16738617"
"chr6","40513235","40513533","chr7","6894852","6895150","41","33618383"
"chr6","40878046","40878350","chr4","11141283","11141584","53","29736763"
"chr6","41006183","41006493","chr1","137129532","137129843","51","96123349"
"chr6","41088984","41089283","chr7","80905976","80906275","36","39816992"
"chr6","41306004","41306301","chr5","143023404","143023700","47","101717400"
"chr6","41312547","41312859","chr9","8886595","8886904","44","32425952"
"chr6","41364148","41364440","chr2","129996556","129996846","33","88632408"
"chr6","41477859","41478142","chr21","43937362","43937650","42","2459503"
"chr6","41500244","41500553","chr1","55290903","55291212","39","13790659"
"chr6","41611406","41611710","chr13","39885762","39886059","38","1725644"
"chr6","41624329","41624635","chr4","42841777","42842088","37","1217448"
"chr6","41636045","41636304","chr19","14781759","14782022","54","26854286"
"chr6","41664671","41664951","chr2","80644634","80644911","33","38979963"
"chr6","41665701","41665883","chr17","34108233","34108402","36","7557468"
"chr6","41666234","41666369","chr14","65544687","65544821","12","23878453"
"chr6","41686505","41686802","chr10","9287553","9287848","47","32398952"
"chr6","41690149","41690428","chr3","111736801","111737080","36","70046652"
"chr6","41696411","41696718","chrX","44027620","44027925","38","2331209"
"chr6","41701663","41701966","chr6","17068239","17068542","30","24633424"
"chr6","41738346","41738629","chr6","131746794","131747078","45","90008448"
"chr6","41738675","41738989","chr7","102737006","102737318","42","60998331"
"chr6","41754886","41755182","chr5","155025815","155026110","37","113270929"
"chr6","41762362","41762645","chr5","80700303","80700590","42","38937941"
"chr6","41807763","41808076","chr3","106655459","106655766","49","64847696"
"chr6","41817616","41817915","chrX","16707913","16708211","44","25109703"
"chr6","41844887","41845194","chr21","40584762","40585072","36","1260125"
"chr6","41846034","41846343","chr6","106862679","106862987","43","65016645"
"chr6","41877566","41877852","chr2","10593959","10594242","44","31283607"
"chr6","41883376","41883623","chr12","21103980","21104246","51","20779396"
"chr6","41888049","41888355","chr22","28997304","28997607","40","12890745"
"chr6","41897441","41897739","chr4","21748719","21749015","35","20148722"
"chr6","41910350","41910661","chr3","152239778","152240084","46","110329428"
"chr6","41910827","41911120","chr6","147894727","147895020","32","105983900"
"chr6","41915152","41915233","chr4","43146350","43146438","12","1231198"
"chr6","41949200","41949517","chr1","13171972","13172286","51","28777228"
"chr6","41957989","41958296","chr8","102040700","102041011","45","60082711"
"chr6","41998010","41998306","chr3","93990955","93991253","43","51992945"
"chr6","42002164","42002453","chr5","94234310","94234606","38","52232146"
"chr6","42005260","42005569","chr1","137129532","137129843","48","95124272"
"chr6","42019206","42019518","chr3","106655459","106655766","37","64636253"
"chr6","42036001","42036292","chr7","70755193","70755479","45","28719192"
"chr6","42050104","42050397","chr1","202589323","202589615","52","160539219"
"chr6","42054601","42054904","chrX","52400110","52400413","49","10345509"
"chr6","42056597","42056905","chr22","28997304","28997607","38","13059293"
"chr6","42067230","42067514","chr13","9838981","9839265","41","32228249"
"chr6","42077758","42078054","chr8","95234794","95235088","44","53157036"
"chr6","42078055","42078185","chr1","173953228","173953361","15","131875173"
"chr6","42078846","42079151","chr22","28997304","28997607","38","13081542"
"chr6","42082339","42082638","chr14","63994771","63995061","39","21912432"
"chr6","42102576","42102707","chr7","150441169","150441301","14","108338593"
"chr6","42114723","42115019","chr11","71382214","71382508","39","29267491"
"chr6","42147211","42147264","chr1","135773043","135773098","23","93625832"
"chr6","42171648","42171949","chr1","10143237","10143538","38","32028411"
"chr6","42192430","42192711","chr10","113826954","113827238","47","71634524"
"chr6","42196081","42196273","chr18","26014553","26014741","35","16181528"
"chr6","42196379","42196516","chr19","13498840","13498972","16","28697539"
"chr6","42198681","42198963","chr19","6867541","6867823","37","35331140"
"chr6","42209000","42209297","chr5","26961498","26961795","43","15247502"
"chr6","42215107","42215375","chr7","90166386","90166659","44","47951279"
"chr6","42245826","42246135","chr4","43501694","43502000","46","1255868"
"chr6","42248352","42248650","chr10","29910934","29911230","41","12337418"
"chr6","42250990","42251293","chr4","43507145","43507455","41","1256155"
"chr6","42258741","42259034","chr5","2532160","2532447","37","39726581"
"chr6","42289042","42289360","chr6","121643346","121643654","49","79354304"
"chr6","42384972","42385276","chrX","47133077","47133369","47","4748105"
"chr6","42421886","42422203","chr15","38250093","38250409","44","4171793"
"chr6","42446722","42447028","chr5","137130188","137130492","48","94683466"
"chr6","42474493","42474798","chr7","79564408","79564709","48","37089915"
"chr6","42480299","42480590","chr7","89217839","89218129","46","46737540"
"chr6","42483424","42483718","chr7","26918353","26918647","36","15565071"
"chr6","42487651","42487959","chr10","16033492","16033786","42","26454159"
"chr6","42522368","42522665","chr4","43802434","43802740","40","1280066"
"chr6","42533659","42533961","chrX","97185025","97185330","47","54651366"
"chr6","42549218","42549528","chr5","50556024","50556321","49","8006806"
"chr6","42570240","42570530","chrUn_GL286331","13459","13750","36","42556781"
"chr6","42576523","42576820","chr4","43847943","43848242","44","1271420"
"chr6","42581180","42581490","chr3","181648313","181648615","47","139067133"
"chr6","42583528","42583823","chr1","172257719","172258009","41","129674191"
"chr6","42607170","42607462","chr6","17068239","17068542","48","25538931"
"chr6","42611624","42611930","chr3","108570361","108570666","43","65958737"
"chr6","42629372","42629663","chr4","43893788","43894082","44","1264416"
"chr6","42633385","42633690","chr1","168595556","168595859","41","125962171"
"chr6","42634446","42634754","chr2","10406818","10407122","40","32227628"
"chr6","42654443","42654735","chr15","20770296","20770585","45","21884147"
"chr6","42655196","42655476","chr15","6320517","6320802","38","36334679"
"chr6","42667070","42667362","chrX","66146500","66146784","40","23479430"
"chr6","42674482","42674772","chr4","12463368","12463662","44","30211114"
"chr6","42679994","42680285","chr5","100066135","100066427","50","57386141"
"chr6","42702588","42702886","chr5","65031296","65031585","42","22328708"
"chr6","42714931","42715240","chr6","93506061","93506372","41","50791130"
"chr6","42715392","42715698","chr22","28997304","28997607","39","13718088"
"chr6","42741119","42741428","chr5","134608851","134609157","43","91867732"
"chr6","42744032","42744303","chr5","42826087","42826364","57","82055"
"chr6","42763540","42763849","chr18","32785436","32785747","42","9978104"
"chr6","42792954","42793122","chr5","61671126","61671276","29","18878172"
"chr6","42793451","42793588","chr4","26022910","26023045","15","16770541"
"chr6","42801601","42801905","chr6","119365724","119366021","41","76564123"
"chr6","42806514","42806813","chr12","100785810","100786105","48","57979296"
"chr6","42832066","42832357","chr19","24203448","24203737","39","18628618"
"chr6","42840792","42841100","chr6","31032931","31033246","46","11807861"
"chr6","42850909","42851205","chr1","10528029","10528325","44","32322880"
"chr6","42876271","42876583","chr10","94825353","94825663","41","51949082"
"chr6","42878641","42878899","chr3","41625751","41625998","50","1252890"
"chr6","42881760","42882060","chr5","38614488","38614784","44","4267272"
"chr6","42882323","42882611","chr6","144077515","144077809","39","101195192"
"chr6","42888159","42888456","chr15","49359997","49360293","50","6471838"
"chr6","42891299","42891605","chr5","2508969","2509278","60","40382330"
"chr6","42927041","42927324","chrX","108677319","108677604","44","65750278"
"chr6","42930882","42931189","chr10","127954939","127955242","44","85024057"
"chr6","42941664","42941804","chr22","45888821","45888955","31","2947157"
"chr6","42942099","42942288","chr13","35534487","35534672","53","7407612"
"chr6","42976361","42976662","chrX","118063257","118063558","38","75086896"
"chr6","42980898","42981206","chr7","44766973","44767280","40","1786075"
"chr6","42998753","42999050","chr13","96512019","96512310","35","53513266"
"chr6","43000237","43000541","chr3","177773552","177773857","42","134773315"
"chr6","43026386","43026678","chr15","20770296","20770585","52","22256090"
"chr6","43032280","43032565","chr11","20465085","20465370","45","22567195"
"chr6","43039734","43040038","chr13","18393383","18393690","40","24646351"
"chr6","43057348","43057643","chr5","116115777","116116067","44","73058429"
"chr6","43069261","43069543","chr15","71401826","71402113","43","28332565"
"chr6","43099788","43099894","chr5","86422363","86422466","22","43322575"
"chr6","43104402","43104727","chrX","112877634","112877932","70","69773232"
"chr6","43106651","43106915","chr4","153251075","153251339","44","110144424"
"chr6","43106927","43107221","chr5","94234310","94234606","38","51127383"
"chr6","43113151","43113443","chr22","31883877","31884161","42","11229274"
"chr6","43126038","43126336","chr14","83739394","83739686","42","40613356"
"chr6","43134040","43134338","chr20","12729984","12730279","38","30404056"
"chr6","43135806","43135906","chr3","9032653","9032755","9","34103153"
"chr6","43136186","43136348","chr4","34157283","34157451","25","8978903"
"chr6","43139832","43140133","chr10","18062344","18062642","43","25077488"
"chr6","43152252","43152525","chr19","22748565","22748846","42","20403687"
"chr6","43152797","43153083","chr5","25454865","25455151","43","17697932"
"chr6","43167842","43168139","chr4","44483091","44483392","43","1315249"
"chr6","43191599","43191882","chr12","11789686","11789970","38","31401913"
"chr6","43214519","43214816","chr2","9886138","9886441","44","33328381"
"chr6","43226825","43227123","chr7","145693234","145693534","34","102466409"
"chr6","43227809","43228120","chr5","136750937","136751240","58","93523128"
"chr6","43240621","43240937","chr4","44567258","44567567","47","1326637"
"chr6","43295228","43295543","chr4","4491983","4492295","44","38803245"
"chr6","43312283","43312603","chr12","27257719","27258031","46","16054564"
"chr6","43312630","43312919","chr7","55744796","55745087","39","12432166"
"chr6","43315696","43315977","chr5","46330077","46330361","38","3014381"
"chr6","43329033","43329347","chr5","43497583","43497891","43","168550"
"chr6","43329536","43329832","chr12","29333369","29333657","46","13996167"
"chr6","43330793","43331093","chr7","6894852","6895150","39","36435941"
"chr6","43351480","43351774","chr1","148707234","148707528","38","105355754"
"chr6","43362519","43362803","chr15","7237460","7237750","48","36125059"
"chr6","43374167","43374477","chr5","47854845","47855147","47","4480678"
"chr6","43380909","43381214","chr22","41060009","41060309","48","2320900"
"chr6","43395454","43395756","chr1","168595556","168595859","40","125200102"
"chr6","43410310","43410639","chr7","45344118","45344429","54","1933808"
"chr6","43421094","43421373","chr1","100204086","100204366","40","56782992"
"chr6","43422825","43423121","chr10","16033492","16033786","37","27389333"
"chr6","43423357","43423665","chr6","7892688","7892995","41","35530669"
"chr6","43430095","43430390","chr11","123371423","123371718","39","79941328"
"chr6","43439954","43440256","chrX","45981223","45981523","44","2541269"
"chr6","43440481","43440589","chr10","126907175","126907282","19","83466694"
"chr6","43440877","43441123","chr4","110660510","110660755","65","67219633"
"chr6","43453510","43453818","chr3","106655459","106655766","49","63201949"
"chr6","43457711","43457881","chr13","101308114","101308251","60","57850403"
"chr6","43458385","43458524","chr4","44804619","44804759","17","1346234"
"chr6","43470336","43470598","chrX","136982700","136982965","47","93512364"
"chr6","43476148","43476434","chr1","145176527","145176816","50","101700379"
"chr6","43494650","43494872","chr5","120871632","120871860","44","77376982"
"chr6","43521535","43521825","chr3","105199320","105199599","61","61677785"
"chr6","43532863","43533156","chr10","27357639","27357933","46","16175224"
"chr6","43537785","43538102","chr10","74193581","74193891","58","30655796"
"chr6","43541779","43542082","chr4","144984738","144985034","48","101442959"
"chr6","43544867","43545172","chr5","129591545","129591851","36","86046678"
"chr6","43552357","43552651","chr22","9673671","9673970","43","33878686"
"chr6","43564916","43565221","chr20","12401994","12402298","41","31162922"
"chr6","43566111","43566419","chr11","11474840","11475145","41","32091271"
"chr6","43566527","43566833","chr5","134608851","134609157","45","91042324"
"chr6","43588466","43588752","chr19","6867541","6867823","35","36720925"
"chr6","43594441","43594712","chr2","90009506","90009791","53","46415065"
"chr6","43598983","43599288","chr6","17068239","17068542","35","26530744"
"chr6","43617345","43617636","chr2","40857778","40858066","42","2759567"
"chr6","43618636","43618925","chr5","94234310","94234606","41","50615674"
"chr6","43637063","43637366","chr13","57414367","57414663","40","13777304"
"chr6","43637901","43638197","chr5","5052462","5052757","42","38585439"
"chr6","43641030","43641338","chr1","91574966","91575269","42","47933936"
"chr6","43645951","43646120","chr17","34108233","34108402","26","9537718"
"chr6","43646424","43646576","chr9","107035304","107035442","27","63388880"
"chr6","43649936","43650213","chr16","92089757","92090031","39","48439821"
"chr6","43658009","43658321","chr2","63925527","63925835","45","20267518"
"chr6","43660040","43660340","chr20","11743226","11743529","42","31916814"
"chr6","43690088","43690396","chr7","66105076","66105385","46","22414988"
"chr6","43691441","43691724","chr2","28245144","28245427","44","15446297"
"chr6","43730234","43730541","chr7","45344118","45344429","41","1613884"
"chr6","43750065","43750373","chr2","44070285","44070585","40","320220"
"chr6","43750411","43750705","chr1","98572733","98573027","38","54822322"
"chr6","43754722","43754983","chr1","202310261","202310515","46","158555539"
"chr6","43818954","43819287","chr17","54870851","54871173","56","11051897"
"chr6","43888107","43888191","chrX","121943175","121943260","11","78055068"
"chr6","44017551","44017685","chr1","172218988","172219121","13","128201437"
"chr6","44018319","44018618","chr3","150073804","150074104","35","106055485"
"chr6","44027190","44027488","chrX","107273049","107273349","43","63245859"
"chr6","44125374","44125681","chr4","107899588","107899898","59","63774214"
"chr6","44129100","44129395","chr22","45163672","45163961","41","1034572"
"chr6","44155993","44156292","chr7","80047681","80047980","34","35891688"
"chr6","44164880","44165182","chr2","29720953","29721256","50","14443927"
"chr6","44187052","44187349","chr10","16033492","16033786","38","28153560"
"chr6","44187514","44187536","chr10","17789322","17789342","6","26398192"
"chr6","44187567","44187855","chr8","90399720","90399996","58","46212153"
"chr6","44198510","44198912","chr2","39301968","39302338","119","4896542"
"chr6","44214572","44214871","chr6","147894727","147895020","44","103680155"
"chr6","44240802","44241120","chr12","14442646","14442956","44","29798156"
"chr6","44265873","44266144","chr4","45633196","45633469","34","1367323"
"chr6","44267542","44267849","chr1","168595556","168595859","51","124328014"
"chr6","44308597","44308901","chr1","175742404","175742704","44","131433807"
"chr6","44321814","44322122","chr1","182478739","182479046","41","138156925"
"chr6","44323601","44323889","chr13","43376268","43376562","41","947333"
"chr6","44350844","44351151","chr2","67226125","67226431","41","22875281"
"chr6","44352127","44352445","chr6","17068239","17068542","53","27283888"
"chr6","44359573","44359869","chr5","2298333","2298635","49","42061240"
"chr6","44360146","44360258","chr8","116329949","116330063","24","71969803"
"chr6","44367104","44367324","chr4","45729434","45729650","30","1362330"
"chr6","44375532","44375819","chr3","181768830","181769124","44","137393298"
"chr6","44440709","44441007","chr19","18047197","18047497","40","26393512"
"chr6","44455414","44455520","chr4","45830241","45830360","20","1374827"
"chr6","44455986","44456185","chrX","121711122","121711318","37","77255136"
"chr6","44461783","44461917","chr22","17035586","17035722","23","27426197"
"chr6","44470445","44470713","chr3","164416344","164416606","43","119945899"
"chr6","44543321","44543613","chr4","45916650","45916948","46","1373329"
"chr6","44566087","44566405","chr5","94857921","94858240","52","50291834"
"chr6","44572846","44572980","chr1","143424087","143424221","28","98851241"
"chr6","44590888","44591198","chr9","11967801","11968108","44","32623087"
"chr6","44622485","44622785","chr4","45992467","45992764","42","1369982"
"chr6","44633760","44634057","chr2","14083073","14083375","46","30550687"
"chr6","44685785","44686090","chr6","17068239","17068542","40","27617546"
"chr6","44710228","44710529","chr4","36522598","36522895","39","8187630"
"chr6","44822836","44823122","chr21","38092529","38092812","42","6730307"
"chr6","44847959","44848269","chr5","124338115","124338421","37","79490156"
"chr6","44867155","44867401","chr3","166484072","166484317","49","121616917"
"chr6","44937210","44937504","chr18","5141985","5142278","32","39795225"
"chr6","44963217","44963508","chr5","142455823","142456119","41","97492606"
"chr6","45008747","45009028","chr5","65031296","65031585","50","20022549"
"chr6","45046323","45046630","chr22","28997304","28997607","43","16049019"
"chr6","45078022","45078172","chr14","10607269","10607419","22","34470753"
"chr6","45124361","45124659","chr12","5316705","5317011","46","39807656"
"chr6","45128690","45128985","chr2","37218828","37219126","37","7909862"
"chr6","45152494","45152790","chr12","87295569","87295868","43","42143075"
"chr6","45153589","45153749","chrX","43784071","43784231","26","1369518"
"chr6","45153786","45154088","chr9","111187673","111187975","37","66033887"
"chr6","45203968","45204250","chr16","92089757","92090031","41","46885789"
"chr6","45205516","45205821","chr1","168595556","168595859","41","123390040"
"chr6","45242913","45243220","chrX","16692831","16693132","46","28550082"
"chr6","45264378","45264542","chr22","36979517","36979681","25","8284861"
"chr6","45280220","45280471","chr13","35057049","35057296","44","10223171"
"chr6","45348386","45348692","chr5","110862498","110862806","48","65514112"
"chr6","45356395","45356704","chr7","58066603","58066906","42","12710208"
"chr6","45361768","45362054","chr9","1932661","1932946","42","43429107"
"chr6","45373565","45373852","chr5","94234310","94234606","36","48860745"
"chr6","45385618","45385891","chr14","18936862","18937136","46","26448756"
"chr6","45412735","45413049","chr22","29825053","29825352","46","15587682"
"chr6","45467272","45467581","chr1","184817871","184818171","44","139350599"
"chr6","45528339","45528632","chr12","29333369","29333657","40","16194970"
"chr6","45570669","45570969","chr6","117236195","117236494","40","71665526"
"chr6","45631787","45632074","chr4","46989760","46990052","39","1357973"
"chr6","45698401","45698705","chr3","106655459","106655766","43","60957058"
"chr6","45722017","45722310","chr11","123371423","123371718","43","77649406"
"chr6","45827276","45827584","chr7","6894852","6895150","41","38932424"
"chr6","45898220","45898306","chr4","47274571","47274660","7","1376351"
"chr6","45931656","45931959","chr3","84743220","84743519","43","38811564"
"chr6","46232510","46232811","chr2","153476374","153476675","42","107243864"
"chr6","46249307","46249619","chr6","149428962","149429274","34","103179655"
"chr6","46338731","46339042","chrX","124381299","124381609","45","78042568"
"chr6","46385575","46385884","chr8","98342110","98342415","37","51956535"
"chr6","46520561","46520873","chr10","29378395","29378705","46","17142166"
"chr6","46562486","46562610","chr4","47992894","47993021","11","1430408"
"chr6","46721040","46721347","chr6","17068239","17068542","43","29652801"
"chr6","46752237","46752534","chr5","94234310","94234606","39","47482073"
"chr6","46765895","46766201","chr22","15341421","15341725","45","31424474"
"chr6","46890436","46890742","chr18","29127518","29127823","39","17762918"
"chr6","46914844","46915155","chr1","184817871","184818171","43","137903027"
"chr6","46970274","46970577","chr4","156698023","156698319","47","109727749"
"chr6","47018632","47018748","chr7","131572147","131572266","12","84553515"
"chr6","47021363","47021660","chr5","38614488","38614784","43","8406875"
"chr6","47030759","47031062","chr8","108764374","108764677","44","61733615"
"chr6","47035949","47036230","chr9","44537673","44537953","48","2498276"
"chr6","47049630","47049929","chr19","928887","929192","47","46120743"
"chr6","47072055","47072359","chr6","17068239","17068542","37","30003816"
"chr6","47095204","47095506","chr7","80047681","80047980","43","32952477"
"chr6","47107650","47107956","chrX","26157351","26157650","42","20950299"
"chr6","47133865","47134163","chr5","51459104","51459400","45","4325239"
"chr6","47155854","47156139","chr19","22748565","22748846","42","24407289"
"chr6","47192375","47192674","chr1","168026515","168026818","49","120834140"
"chr6","47195754","47196059","chrX","40018448","40018754","48","7177306"
"chr6","47211325","47211627","chr8","117792221","117792518","53","70580896"
"chr6","47223640","47223953","chr16","38005025","38005333","39","9218615"
"chr6","47239005","47239315","chr5","115114975","115115287","45","67875970"
"chr6","47243453","47243713","chr4","48701051","48701315","36","1457598"
"chr6","47258095","47258388","chr6","17068239","17068542","52","30189856"
"chr6","47259375","47259674","chr10","29910934","29911230","44","17348441"
"chr6","47267087","47267399","chr5","94532768","94533076","33","47265681"
"chr6","47289713","47290016","chr4","48745203","48745506","37","1455490"
"chr6","47297511","47297822","chrX","124381299","124381609","50","77083788"
"chr6","47299209","47299505","chrX","47125049","47125340","40","174160"
"chr6","47320777","47321074","chr15","49359997","49360293","34","2039220"
"chr6","47384054","47384359","chr6","131260221","131260525","48","83876167"
"chr6","47394994","47395297","chr4","48846754","48847048","42","1451760"
"chr6","47409569","47409865","chr5","38614488","38614784","40","8795081"
"chr6","47420988","47421273","chr4","48881856","48882133","38","1460868"
"chr6","47431906","47432213","chr3","110722560","110722863","49","63290654"
"chr6","47435653","47435977","chr4","156291452","156291758","62","108855799"
"chr6","47438705","47439016","chr4","48899080","48899386","40","1460375"
"chr6","47442254","47442550","chr15","5688723","5689022","44","41753531"
"chr6","47449338","47449637","chr1","168595556","168595859","49","121146218"
"chr6","47537797","47538049","chr10","98467777","98468036","48","50929980"
"chr6","47838311","47838645","chr5","96896431","96896755","63","49058120"
"chr6","47890926","47891243","chr4","49370002","49370313","54","1479076"
"chr6","47954081","47954380","chr3","106655459","106655766","44","58701378"
"chr6","47996186","47996473","chr4","49474292","49474577","51","1478106"
"chr6","48038360","48038681","chr10","56732797","56733103","62","8694437"
"chr6","48098345","48098635","chr3","151588626","151588920","41","103490281"
"chr6","48122313","48122438","chr5","112523260","112523386","13","64400947"
"chr6","48122464","48122658","chr7","27145194","27145385","51","20977270"
"chr6","48258927","48259216","chr12","11789686","11789970","43","36469241"
"chr6","48291384","48291675","chr11","9182394","9182689","38","39108990"
"chr6","48339058","48339363","chrX","118063257","118063558","40","69724199"
"chr6","48343239","48343409","chr5","92523616","92523781","36","44180377"
"chr6","48343435","48343556","chr2","26851006","26851129","23","21492429"
"chr6","48423153","48423441","chr10","115591667","115591949","35","67168514"
"chr6","48463253","48463557","chr5","124338115","124338421","50","75874862"
"chr6","48521941","48522246","chr4","49932030","49932339","52","1410089"
"chr6","48688030","48688150","chr4","47420766","47420885","18","1267264"
"chr6","48688186","48688351","chr17","34108233","34108402","34","14579953"
"chr6","48698691","48698996","chr2","18742940","18743241","48","29955751"
"chr6","48755539","48755835","chr7","149873242","149873540","55","101117703"
"chr6","49116104","49116452","chr5","96896431","96896755","71","47780327"
"chr6","49250881","49251182","chr7","22321462","22321753","48","26929419"
"chr6","49343489","49343768","chr1","100768727","100769004","49","51425238"
"chr6","49369679","49369964","chr3","153110852","153111143","43","103741173"
"chr6","49378928","49379237","chr8","26533131","26533437","62","22845797"
"chr6","49422686","49423002","chr4","50672906","50673202","57","1250220"
"chr6","49436325","49436621","chr7","6894852","6895150","40","42541473"
"chr6","49525283","49525590","chr3","153217268","153217573","60","103691985"
"chr6","49567812","49568107","chr10","56621904","56622192","48","7054092"
"chr6","49585355","49585628","chr7","21920370","21920639","45","27664985"
"chr6","49861602","49861892","chr1","193266464","193266759","46","143404862"
"chr6","50030003","50030280","chr9","53481219","53481493","38","3451216"
"chr6","50421909","50422212","chr3","38816960","38817251","52","11604949"
"chr6","50457825","50458129","chr5","82733121","82733424","40","32275296"
"chr6","50563598","50563748","chr14","44318682","44318831","24","6244916"
"chr6","50811226","50811547","chr5","110323891","110324187","71","59512665"
"chr6","50881592","50881874","chr15","96755950","96756229","44","45874358"
"chr6","50897017","50897287","chr11","118993100","118993371","45","68096083"
"chr6","50922253","50922503","chr20","28290334","28290601","60","22631919"
"chr6","50963754","50964051","chrX","86580996","86581293","37","35617242"
"chr6","51023583","51023897","chr6","17068239","17068542","49","33955344"
"chr6","51040603","51040843","chrX","17616439","17616683","37","33424164"
"chr6","51220505","51220809","chr12","43959451","43959753","49","7261054"
"chr6","51341828","51342135","chr9","11967801","11968108","46","39374027"
"chr6","51351140","51351440","chr4","15382674","15382968","42","35968466"
"chr6","51573076","51573366","chr11","120918162","120918450","43","69345086"
"chr6","51645389","51645692","chr6","17068239","17068542","39","34577150"
"chr6","51696907","51697179","chr5","116956651","116956923","46","65259744"
"chr6","51750787","51751076","chr9","99273608","99273898","41","47522821"
"chr6","51821704","51821985","chr9","95668227","95668504","45","43846523"
"chr6","51837426","51837738","chr4","53087639","53087945","40","1250213"
"chr6","52016354","52016665","chr5","114232117","114232428","47","62215763"
"chr6","52150440","52150749","chr3","2808599","2808903","42","49341841"
"chr6","52172256","52172548","chr4","53453999","53454288","51","1281743"
"chr6","52216501","52216809","chr4","42695729","42696041","42","9520772"
"chr6","52241099","52241377","chr2","80644634","80644911","39","28403535"
"chr6","52295482","52295790","chrX","45395851","45396165","42","6899631"
"chr6","52317011","52317325","chr7","58066603","58066906","54","5749592"
"chr6","52402081","52402370","chr4","53694661","53694946","32","1292580"
"chr6","52417219","52417465","chr16","46580635","46580892","45","5836584"
"chr6","52450815","52451099","chr9","44537673","44537953","36","7913142"
"chr6","52462604","52462901","chr10","79313181","79313476","38","26850577"
"chr6","52465526","52465816","chr1","141585630","141585916","47","89120104"
"chr6","52471585","52471889","chr2","10406818","10407122","37","42064767"
"chr6","52526405","52526688","chr3","119146822","119147108","47","66620417"
"chr6","52550542","52550868","chr15","24667163","24667483","61","27883379"
"chr6","52556269","52556581","chr21","41284432","41284741","46","11271837"
"chr6","52556646","52556944","chr5","26961498","26961795","37","25595148"
"chr6","52578470","52578699","chr3","79005762","79005988","47","26427292"
"chr6","52589513","52589798","chr6","17068239","17068542","50","35521274"
"chr6","52599198","52599498","chr5","63326522","63326817","39","10727324"
"chr6","52606011","52606278","chr7","61018603","61018866","47","8412592"
"chr6","52614918","52615210","chr1","172257719","172258009","34","119642801"
"chr6","52618003","52618306","chr8","117209200","117209502","41","64591197"
"chr6","52624023","52624314","chr4","21814543","21814830","36","30809480"
"chr6","52628461","52628757","chr7","57617693","57617988","39","4989232"
"chr6","52659520","52659831","chr1","173519983","173520284","44","120860463"
"chr6","52662665","52662970","chr1","164311115","164311418","40","111648450"
"chr6","52674881","52675182","chr5","94234310","94234606","57","41559429"
"chr6","52727110","52727416","chr7","57213096","57213404","53","4485986"
"chr6","52737709","52738037","chr7","100786730","100787052","63","48049021"
"chr6","52755216","52755510","chr2","92364597","92364896","51","39609381"
"chr6","52796544","52796839","chr2","8426666","8426970","51","44369878"
"chr6","52836508","52836811","chr5","69022445","69022742","41","16185937"
"chr6","52858551","52858856","chr7","49632330","49632627","51","3226221"
"chr6","52890959","52891275","chr7","66105076","66105385","59","13214117"
"chr6","52936307","52936625","chr3","106655459","106655766","48","53719152"
"chr6","52940274","52940572","chr7","30063244","30063543","41","22877030"
"chr6","52941541","52941834","chrUn_GL286293","22081","22370","42","52919460"
"chr6","52953382","52953711","chr13","57673541","57673870","61","4720159"
"chr6","52974499","52974784","chr6","61254524","61254812","43","8280025"
"chr6","52980308","52980603","chr4","156698023","156698319","36","103717715"
"chr6","52992819","52993109","chr7","23879377","23879666","40","29113442"
"chr6","53008428","53008731","chr5","94234310","94234606","37","41225882"
"chr6","53021040","53021323","chr3","187676897","187677177","45","134655857"
"chr6","53070011","53070319","chr5","39017170","39017474","51","14052841"
"chr6","53117580","53117886","chr13","43694410","43694711","46","9423170"
"chr6","53121812","53122118","chr22","28997304","28997607","40","24124508"
"chr6","53122321","53122632","chr21","35849518","35849828","46","17272803"
"chr6","53132429","53132728","chr2","151564441","151564740","44","98432012"
"chr6","53146217","53146519","chr10","14603732","14604030","37","38542485"
"chr6","53157038","53157336","chr5","26961498","26961795","40","26195540"
"chr6","53158903","53159207","chr17","69358056","69358361","36","16199153"
"chr6","53161984","53162273","chrX","118749545","118749828","38","65587561"
"chr6","53164871","53165169","chr11","63112901","63113208","40","9948030"
"chr6","53165230","53165363","chr5","87733207","87733317","36","34567977"
"chr6","53173407","53173541","chr6","139231067","139231202","15","86057660"
"chr6","53180513","53180817","chr13","75534345","75534641","45","22353832"
"chr6","53181481","53181781","chr6","17068239","17068542","36","36113242"
"chr6","53195917","53196221","chr3","150580694","150580999","44","97384777"
"chr6","53211328","53211529","chr4","132805582","132805787","30","79594254"
"chr6","53211544","53211658","chr7","53668736","53668850","14","457192"
"chr6","53219911","53220225","chr8","28816379","28816693","47","24403532"
"chr6","53225896","53226190","chr10","46916961","46917259","43","6308935"
"chr6","53242668","53242954","chr15","58592468","58592749","47","5349800"
"chr6","53256388","53256705","chr3","164847444","164847753","45","111591056"
"chr6","53262741","53263034","chr9","85381542","85381828","39","32118801"
"chr6","53323970","53324282","chr4","54524844","54525145","44","1200874"
"chr6","53356065","53356360","chr4","143469140","143469440","73","90113075"
"chr6","53369314","53369622","chr21","36714531","36714832","52","16654783"
"chr6","53380563","53380871","chrX","47176701","47177007","47","6203862"
"chr6","53393977","53394281","chr5","96058207","96058508","40","42664230"
"chr6","53409066","53409365","chrX","86580996","86581293","37","33171930"
"chr6","53463677","53463985","chr2","127324260","127324568","47","73860583"
"chr6","53479533","53479806","chrX","105924911","105925188","37","52445378"
"chr6","53500916","53501218","chr10","16033492","16033786","41","37467424"
"chr6","53576338","53576464","chr1","76997765","76997880","21","23421427"
"chr6","53576790","53576970","chr3","53757892","53758068","41","181102"
"chr6","53608732","53609026","chr3","150676985","150677284","45","97068253"
"chr6","53633107","53633435","chr12","11002250","11002559","57","42630857"
"chr6","53642018","53642296","chrX","105924911","105925188","41","52282893"
"chr6","53693844","53694120","chr11","10115159","10115440","44","43578685"
"chr6","53713352","53713656","chr2","8618681","8618990","53","45094671"
"chr6","53715964","53716287","chr17","54870851","54871173","54","1154887"
"chr6","53725499","53725806","chr18","8503340","8503640","51","45222159"
"chr6","53727251","53727545","chr4","54938550","54938849","43","1211299"
"chr6","53780246","53780538","chr4","54997781","54998079","37","1217535"
"chr6","53785708","53785943","chr13","96795934","96796185","48","43010226"
"chr6","53800242","53800551","chr1","82669756","82670065","42","28869514"
"chr6","53800647","53800939","chr18","39906942","39907235","37","13893705"
"chr6","53868224","53868525","chr9","108759085","108759380","43","54890861"
"chr6","53872746","53873056","chr5","134608851","134609157","53","80736105"
"chr6","53927539","53927845","chr5","83113160","83113466","37","29185621"
"chr6","54141313","54141606","chr20","23248359","23248652","34","30892954"
"chr6","54239489","54239814","chr1","168595556","168595859","54","114356067"
"chr6","54323672","54323973","chr10","98627092","98627395","46","44303420"
"chr6","54377230","54377539","chr3","106868110","106868415","49","52490880"
"chr6","54514220","54514526","chr1","54676551","54676852","45","162331"
"chr6","54597434","54597716","chrX","17243808","17244094","40","37353626"
"chr6","54629928","54630215","chr4","55892064","55892361","46","1262136"
"chr6","54707933","54708245","chr2","858886","859191","45","53849047"
"chr6","54731409","54731729","chr7","148985140","148985448","57","94253731"
"chr6","54773399","54773679","chr7","25593493","25593760","55","29179906"
"chr6","54804182","54804432","chr6","86694256","86694504","32","31890074"
"chr6","55051252","55051555","chr11","53806150","53806454","41","1245102"
"chr6","55088216","55088505","chr4","53757761","53758047","47","1330455"
"chr6","55208193","55208518","chr8","75812679","75813006","54","20604486"
"chr6","55290128","55290443","chr7","42669887","42670194","54","12620241"
"chr6","55321304","55321606","chr6","17068239","17068542","39","38253065"
"chr6","55441681","55441958","chr22","6936307","6936585","42","48505374"
"chr6","55596047","55596344","chr10","55872616","55872911","49","276569"
"chr6","55702507","55702628","chr11","128528700","128528823","20","72826193"
"chr6","56157308","56157600","chr1","168595556","168595859","46","112438248"
"chr6","56373320","56373622","chr2","31372053","31372354","35","25001267"
"chr6","56411322","56411624","chr7","117600195","117600493","41","61188873"
"chr6","56446874","56447181","chr11","111117466","111117768","58","54670592"
"chr6","56662658","56662977","chr9","2150568","2150879","47","54512090"
"chr6","56735868","56736189","chr2","67002845","67003154","70","10266977"
"chr6","56759171","56759477","chrX","93623389","93623691","43","36864218"
"chr6","56773836","56774135","chr6","17068239","17068542","34","39705597"
"chr6","56788203","56788481","chr10","14848130","14848405","52","41940073"
"chr6","56799610","56799924","chr6","17068239","17068542","49","39731371"
"chr6","56848753","56849050","chr8","93697187","93697481","39","36848434"
"chr6","56880406","56880716","chrX","51938318","51938628","39","4942088"
"chr6","56910499","56910784","chr19","6867541","6867823","37","50042958"
"chr6","56918120","56918422","chr7","49632330","49632627","42","7285790"
"chr6","56919665","56919965","chr4","58311550","58311852","45","1391885"
"chr6","56923842","56924132","chr10","8026640","8026929","42","48897202"
"chr6","56943835","56944133","chr4","161497506","161497805","37","104553671"
"chr6","56972061","56972394","chrX","34517534","34517872","64","22454527"
"chr6","56976568","56976861","chr9","100523236","100523533","42","43546668"
"chr6","56986965","56987279","chr1","137129532","137129843","43","80142567"
"chr6","56988747","56989052","chr2","10406818","10407122","47","46581929"
"chr6","57020415","57020720","chr1","184817871","184818171","44","127797456"
"chr6","57050948","57051248","chr20","22923582","22923882","37","34127366"
"chr6","57051652","57051983","chr2","35098855","35099188","63","21952797"
"chr6","57063447","57063752","chr3","106655459","106655766","45","49592012"
"chr6","57065995","57066293","chr22","15119676","15119973","45","41946319"
"chr6","57077296","57077592","chr13","114718297","114718592","35","57641001"
"chr6","57110904","57111220","chr7","10261370","10261669","48","46849534"
"chr6","57116277","57116570","chr11","44157181","44157481","45","12959096"
"chr6","57144235","57144540","chr5","134608851","134609157","39","77464616"
"chr6","57153399","57153711","chr2","72416351","72416662","52","15262952"
"chr6","57217306","57217607","chr5","139942683","139942984","50","82725377"
"chr6","57301522","57301843","chr3","85673480","85673788","61","28371958"
"chr6","57326439","57326736","chr5","94234310","94234606","48","36907871"
"chr6","57427327","57427617","chr1","186704593","186704886","42","129277266"
"chr6","57487265","57487528","chrY","1998751","1999014","42","55488514"
"chr6","57503467","57503769","chr20","515212","515510","41","56988255"
"chr6","57513612","57513856","chr21","43239176","43239424","46","14274436"
"chr6","57555287","57555579","chr6","109618442","109618737","42","52063155"
"chr6","57571368","57571681","chr11","118075028","118075334","42","60503660"
"chr6","57604025","57604289","chr19","14781759","14782022","58","42822266"
"chr6","57669165","57669469","chr15","25321014","25321315","35","32348151"
"chr6","57696761","57697067","chr9","91776812","91777118","46","34080051"
"chr6","57751370","57751655","chr3","188219301","188219587","40","130467931"
"chr6","57810742","57810961","chr14","4332987","4333193","45","53477755"
"chr6","57834967","57835289","chr3","3804205","3804512","70","54030762"
"chr6","57902080","57902383","chr6","17068239","17068542","39","40833841"
"chr6","57921945","57922251","chr13","12881556","12881873","50","45040389"
"chr6","57929452","57929739","chr6","5878497","5878790","43","52050955"
"chr6","57932482","57932785","chr11","108993011","108993317","49","51060529"
"chr6","57954127","57954356","chr14","65483278","65483507","42","7529151"
"chr6","57959771","57960065","chr2","166114091","166114398","52","108154320"
"chr6","57992908","57993200","chr22","28383777","28384071","46","29609131"
"chr6","58051570","58051886","chrX","47176701","47177007","56","10874869"
"chr6","60324457","60324749","chr1","186704593","186704886","47","126380136"
"chr6","60380289","60380553","chrY","1998751","1999014","40","58381538"
"chr6","60396330","60396635","chr20","515212","515510","43","59881118"
"chr6","60447846","60448138","chr6","109618442","109618737","42","49170596"
"chr6","60469953","60470265","chr12","49134795","49135101","47","11335158"
"chr6","60502263","60502526","chr19","14781759","14782022","56","45720504"
"chr6","60568499","60568799","chr22","33981676","33981980","45","26586823"
"chr6","60596192","60596493","chr2","13687630","13687935","46","46908562"
"chr6","60744356","60744648","chr13","96512019","96512310","47","35767663"
"chr6","60802742","60803049","chrX","47176701","47177007","47","13626041"
"chr6","61214504","61214811","chrUn_GL286283","25904","26218","53","61188600"
"chr6","61550767","61551069","chr7","13351171","13351473","53","48199596"
"chr6","61607690","61607987","chr5","141344953","141345247","33","79737263"
"chr6","61642374","61642677","chr4","59957328","59957625","51","1685046"
"chr6","61843377","61843664","chr5","2605040","2605324","49","59238337"
"chr6","61909071","61909368","chr6","147894727","147895020","49","85985656"
"chr6","62188832","62189144","chr3","64986478","64986781","47","2797646"
"chr6","62239291","62239603","chrX","23092045","23092349","53","39147246"
"chr6","62248348","62248647","chr10","9287553","9287848","47","52960795"
"chr6","62255850","62256149","chr5","143023404","143023700","47","80767554"
"chr6","62571584","62571887","chr22","28997304","28997607","43","33574280"
"chr6","62800125","62800426","chr1","129526216","129526514","42","66726091"
"chr6","62971632","62971761","chr10","15838990","15839119","18","47132642"
"chr6","62992127","62992429","chr16","49478241","49478550","54","13513886"
"chr6","63115944","63116226","chr5","14724484","14724769","44","48391460"
"chr6","63195977","63196263","chr10","58328101","58328384","52","4867876"
"chr6","63270457","63270730","chr9","44537673","44537953","41","18732784"
"chr6","63294046","63294345","chr20","27822433","27822727","41","35471613"
"chr6","63301010","63301316","chr1","10143237","10143538","47","53157773"
"chr6","63302846","63303084","chr8","116897255","116897493","38","53594409"
"chr6","63377631","63377943","chr1","182478739","182479046","41","119101108"
"chr6","63393187","63393478","chr22","45658818","45659100","45","17734369"
"chr6","63397634","63397958","chr4","61753780","61754090","52","1643854"
"chr6","63423756","63424068","chr19","3176594","3176904","44","60247162"
"chr6","63428346","63428650","chr4","61775952","61776257","37","1652394"
"chr6","63430385","63430687","chr12","64511668","64511966","51","1081283"
"chr6","63436754","63437049","chr2","131228804","131229095","41","67792050"
"chr6","63445968","63446264","chr18","4701650","4701950","45","58744318"
"chr6","63457224","63457517","chr2","166594373","166594662","41","103137149"
"chr6","63461087","63461351","chr16","48392349","48392620","54","15068738"
"chr6","63467691","63467991","chr2","18780256","18780558","47","44687435"
"chr6","63468760","63469043","chr1","181618034","181618324","42","118149274"
"chr6","63486853","63487134","chr19","22748565","22748846","37","40738288"
"chr6","63495443","63495749","chr10","117064097","117064419","54","53568654"
"chr6","63505296","63505565","chr4","61843320","61843601","47","1661976"
"chr6","63514223","63514526","chr1","168595556","168595859","44","105081333"
"chr6","63522863","63523165","chr1","168595556","168595859","43","105072693"
"chr6","63523300","63523512","chrX","98247369","98247583","48","34724069"
"chr6","63533100","63533392","chr1","75821885","75822175","44","12288785"
"chr6","63540341","63540656","chr6","150015439","150015747","49","86475098"
"chr6","63547188","63547489","chr8","94030215","94030516","41","30483027"
"chr6","63555693","63555990","chrX","118063257","118063558","42","54507564"
"chr6","63593201","63593470","chr12","4806928","4807199","52","58786273"
"chr6","63604436","63604728","chr19","24203448","24203737","44","39400988"
"chr6","63617861","63618131","chr16","33901062","33901327","49","29716799"
"chr6","63666756","63667029","chr4","62000194","62000456","38","1666562"
"chr6","63687138","63687419","chr4","62021610","62021894","48","1665528"
"chr6","63702877","63703177","chr20","29150900","29151196","40","34551977"
"chr6","63707886","63708166","chr1","130305122","130305403","46","66597236"
"chr6","63871380","63871683","chr1","168595556","168595859","36","104724176"
"chr6","64018793","64019073","chr4","34845790","34846071","33","29173003"
"chr6","64085008","64085275","chr4","153251075","153251339","51","89166067"
"chr6","64211834","64212118","chrX","108677319","108677604","42","44465485"
"chr6","64248773","64249085","chr1","164311115","164311418","50","100062342"
"chr6","64264628","64264919","chr4","36522598","36522895","51","27742030"
"chr6","64417672","64417971","chr1","202849760","202850061","43","138432088"
"chr6","64719658","64719913","chr4","63137140","63137398","41","1582518"
"chr6","64747372","64747677","chr5","136750937","136751240","49","72003565"
"chr6","64877951","64878236","chr13","100242598","100242888","43","35364647"
"chr6","64964750","64965048","chr13","94316383","94316679","40","29351633"
"chr6","64976893","64977186","chr6","81078488","81078786","49","16101595"
"chr6","65089669","65089960","chr15","63849112","63849409","53","1240557"
"chr6","65271576","65271882","chr3","108570361","108570666","52","43298785"
"chr6","65310062","65310342","chr19","5095615","5095894","36","60214447"
"chr6","65318654","65318939","chr15","16642831","16643115","48","48675823"
"chr6","65319077","65319387","chr2","7736700","7736996","51","57582377"
"chr6","65485523","65485816","chr14","83739394","83739686","54","18253871"
"chr6","65575040","65575356","chr8","50068578","50068880","61","15506462"
