"chr1","9436935","9437234","chr1","138704511","138704815","42","129267576","GGCTGGGCGCAGTGGCTTACGCCTGTAATCCCAGCACTTTGAGAGGCTGAGGCAGGCAGAACACTTGAGGTGAGGAGTTCGAGACCAGCCTGGCCAACATGGCAAAATGCCATCTCTGCTAAAAATACAAAAATTAGCCAGGCATGGTGGCATGTGCCTGTAATCCCAGCTATTTGGGAGGCTGAGCAGAAGAATTGCTTGAACCTGAGAGGCGAGGTTGCAGTGAGCCAAATCGCACCACTGCACTGCAGCCTGGGTGACAGATCTAGACTCCGTCTCAAAAAAGCAAAAACAAACAAA","GGCCGAGTGTGGTGGCTCATGCCTGGAATCCCAGCACTTTGGGAGGCTGAGGCAGGTGGATCTCTTGAGGTCAGGAGTTCAAGACTAGCCTGGCCAACATGGCAAAACCCCATCTCTACTAAAAATACAAAAATTAGCCAGGCCTGCTGGCATGTGCCTGTAATCCCAGCTATTTGGGAGGCTGAGGCGAGAGAATCGCTTGAACCTAGTAGGCGGAGGTTGCAGTGAGCCAAGATCACACCACTGCACTCCAGCCTGGGCGACAGAGTGAGAATCCATCTCAAAACAAACAACAACAACAAAAA"
"chr1","22020061","22020363","chr5","2298333","2298635","43","19721728","GGCTGGGCGCAATGGCTTGCATCTGTAATCCTAGCACTTTGGGAGGCCGAGGCAAGTGGATCACTTGAGGTCAGGAGTTCAAGACCAGCCTGGCCAACAGGGTGAAACCCTGTCTCTACTAAAAATTTAAAAATTAGCTGGGTGTAGTGGCACTTACCTGTAGTCTCAGTTACTCAGGAGGTTGAGGCAGGAGAATTGCTTGAACCTGAGAGGTGGAGGTTGCAGTGAGCCAAGATCATGCCACTGCACTCCAGCCTGGGACACAGAGCAAGACTCTCTGTCAAAAAAAAAAAAAAAAAAAAA","GGCTGGGTATGTGACTCACACCTGTAATCCCAGCACTTTGGGAGGCTGAGGCAGATGGATCACTTGAGGTCAGGAGTTCAAGACAAGCCTGGCCAACATGGTGAAACCCTGTCTCTACTACAAATACAAAAATCAGCCAGGGATGGTGGCACATGTCTGTAATCCCAGCTACTCAGGAGGCTGAGGCAGGAGAATTGCTTGAACCCAGGAAGCAGAGGTTGCAGTGAGCCAGGATCATGCCACTGCACTCCAGCCTGGGGCAACAGAGCTAGACTCTGTCTCAAAAAAAAAAAAAAAAAAAAA"
"chr1","160432056","160432296","chr18","14014813","14015053","44","146417243","CATTTGAGATCAGGAGTTCGAGACCAGCCTGGCCCACATGGTGAAACCCTCCCCCGCTGTCTCTACTATAAATACAAAAATTATTTTGGTGGAATGCGCCTGTAATTCCAGCAACTCGGGAGGTCAAGGCATGAGAATCGTTTGAACCCGGGAGGTGGAGGCTGCAGTGAGCTGAGATTGTGCCACTGCACTCCAGCCCGGGCAACAGAGCAAGACTCCATCTCAAAAATAAATAAATAAA","CACTTGACGTCGGGAGTTTGAGACCAGCCTGGCCAACGTGGTGAAACCCTATCTCTACTAAAAATACAAAAATTATTTTGGTAGCACATGCCTGTAATTCCAGCAACTTGGGAGGTTGAGGCATGAGAATTGCTTGAACCTGGGAGGTGGAGGCTACAGTGAGCTGAGATCGCGCCACTGCACTCCAGCCCAGGTGACAGAGCAAAACTCTATCTCTAAATAATAAATAAATAAATAAATA"
"chr1","202374938","202375243","chr9","65758722","65759027","41","136616216","GGCCAGATGCAGTGGCTCACGCCTGTAATCCTAGCACTTTGGGAGGCCGAGGCAGGCAGATCACTTGAGGTCAGGAGTTTGAAATCAGCCTGACCAACATGGTGAAAGCCCATCTCTACTAAAAATACAAAAAATTAGCCGGGCGTGGTGGCACATGCCTGTAATCCCAGCTACTCGGGAGGCTGAGGCATGAGAATCGCTTGAACCCAGGAGGCGAAGGTTGCAGTGAGCTGAGATCGCACCATCTCACTTCGGCCTGGGCGACAGAACGAGCCTCTGTCTAAAGAAAAAAAGAAAAGAAGAAAA","GGCCGGGTGGGGTGGCTCACACCTGTAATCCCAGCACTTTGGGAGGCTGAGGCAGGTGGATCATTTGAGGTCAGGAGCTTGAGACCAGCCTGACCAACATGGTGAAACCCTATCTCTACTAAAAATACAGAAAAATTAGCCAGGAGTGGTGGCACATGCCTGTAGTCCCAGCTAATCTGGAGGCTGAGGCAGGAGAATCGCTTGAAAGCAGGAGGTGGAGGTTGCAGTGAGCTGAGATAGCGCCACTGCGCTCCAGCCTGGGCAACAGAGTGAGACTCTGTCTGAAAAAAAAAAAAAAGGAGAAAA"
"chr1","11403083","11403370","chr9","100788821","100789109","46","89385738","ATCCCAGTACTTTGGGAGGCCGAGGCAGGCAGATCGCTTGAGGTCAGGAGTTCGAGACCAGCCTGGCCAACATTGTGAAACCCCATCTCTACTAAAAATACAAAAAATGAGCCGGGCGTGGTGGCTCATGCCTGTAATCCCAGCTATTCAGGAGGCTGAAGCAGGAGAATCCCTTGAACCCGGGAGACGGAGGTTGCAGTTAGCCAAGATTGTGCCACTGCACTCCAGCCTGGGCAACAGAGCGAGACTCTGTCTCAAAAAAAAAAAAAAAGAAAACCAACCAAAAAA","ATCTCAGCACTTTGGGAGGCCAAGGCAGGAGGATCACTTAAGGTAAGGAGTTTGAGACCAGCCAGGCCAACATGGTGAAACCCTATCTCTACTAAAAATACAAAAAATAGCTAAGTGTGTTGGTGGCGTGCACTTGTAATCCCAGCTACTCAGGAGGCTGAGGCAGGAGAACCACTTGAACCCAGGAAGCAGAGGTTGCAGTGAGCCAAGATCCATGCCACTGCACTCTAGCCTGGGCAACAGAGTGAGACTCTGTCTCAAAAAAAAAAAAAGAAAGAAAGAAAAGAAA"
"chr1","25952102","25952392","chr19","24203448","24203737","34","1748654","GGCCCGGTGCAGTGGCTCACACCTGTAATCCCAGCACTTTGGGAGGCCAAGGTGGACAGATCACTTGAGGCCAGGAGTTTGAGACCAGCCTGCCCAATATGGTGAAACCCCATCTCTACTAAAAATACAAAAATTAGCTGGGTGTGGTGGAGTGCACCTGTAGTCCCAGCTACTTGGGAGGCTGAGGCATGAGAATTGCTTGAACCCAGGAGGTGGAGTTTGCAGTGAGCCGAGATTGCACCACTGCACTCCAGCCTGGGCGACAGGGTGAGACTGTCTCAAAAAAATAAA","GGCCAGGTGCAGTGGCTCACACCTGTATTTTCAGCACTTTGGGAGGCCTAGGTGGGCAAATCACTTGAGGTCAGGAGTTCTAGACCAGCCTGGCCAACATGGTGAAACGCTGACTCTACTAAAAATACAAAAATTAGCTGGGTGTGGTGGTGCACGCCTGTAGTCCCAGCTACTTGGGAGGCTGAGGCAGGAGAATTGCTTGAACCTGGGAGGCAGAGGTTGCAGTGAGCCAAGATTGCGCCACTGCACTCCAGCCTGGCGACAGAGTGAGACTCTGTCTCAAAAAAAAA"
"chr1","26738581","26738857","chr19","35339526","35339803","32","8600945","GCTGGGCGCAGTGGCTGACGCCTATAATCCCAGCACTTTGGGAGGCTGAGGTGGGTGGATCACTTGAGGTCAGGAGTTCGAAACCAGCCTGGCCAACGTGGTGAAACCCTGTCTCTACTAAAAATACAAAAACTAGCCGGGAGTGGTGGCGCACACCTGTAATCCCAGCTACTCAAGAGGCTGAGGTAGGAGAATCGCTGGAACCCGGGAGGCGGAGGCTGCAGTGAGCCAAGATCGTGCCACTGCACTCCAGCCTGGGTGACAGAGCAAGACTCTG","GGCCAGGTGCAGTGGCTCATGCCTATAATCCCAGAACTTTGGGAGGTTGAGGTGGGTGGATCACTTGAGGTCAGGAGTTCAAGACCAGCCTGGCCAACATGGTGAAACCCCGTCTCTACTAAAAATACAAAATCTAGCCGGGCGTGGTGGTACACATCTGTAATCCTAGCTACTCAGTAGGCTGAAGGAGGAGAGTTGCTTGAACCCAGGAGGCGGAGGCTGCAGTGAGCCATGATCGCACCTCTGTACTCCAGCCTGGGTGACAGAGCGAGACTCTG"
"chr1","27131764","27131947","chr10","129582432","129582603","41","102450668","TTATCCAGGCATGGTGGCACACCCCTATAATCCCATAATCTCAGCTACATGGGAGGCTGAGGCAGGAGAACTGCTTGAACCCAGGAGGCAGAGGTTGCAGTGAGCATAGACGGCACCACTGCATTCTAGCCTGGGCAATAGAGGGAGAATCCGTCTCAAAAAGAAGAAGAAGAAGAAAAAAAAA","TTATCTGGGCATGGTGGCATGTGCCTGTAATCCCCCAGCTACTTGGGAGGCTGAGGCAGGAAAATCGCTTGAACCCAGGAGGGGAGGCTGCAGTGAGCAGAGATAGCGCCGCTACACTCCAACCTGGGCAACAAAGCGAGACTCCATCTCGAAAAAAAAAGAAAAAAGAAAA"
"chr1","32243449","32243757","chr1","137129532","137129843","41","104886083","GCCAAGCGAGTTGGCTCACTCCTGTAATCCCAGCACTTTGGGAGTCCAAGGCAGGCGGATCACTTGAGGTCAGGAGTTCAAGACCAGCGTGGCCAATATGGTGAAACCCTGTCTCTACTAAAAATAGAAAAATTTGTCAGGCATGGTGGCTCGCACCTGTAGTCCTAGCTACTTGGGAGGCTGAGGCAGGAGAATTGCTTGAACCCAGGAGGTGGATGTTGCAGTGAGCTGAGATCACGCCACTGCACTCTAGCTTGGGCAATAGAGTGAGACTTGTATCAAAAAAAAAAAAAAAAAGAAAAGAAAAAA","GGCCAGGCACAGTGGCTCACGCCTGTAATCCCAGCACTTTGGGAGGCCAACGCGGGTGAACCATTTGAGGTCAGGAGTTCAAGACAAGCCTGGCCAACATGGTGAAACCCTGTCTCTACTGAAAATACAAAAATTAGTTAGGCATGGTGGTACATGCCTGTAATCCTAGCTACTTGGGAGGCTGAGGCATGAGAATTGCTTGAAGCCGGGAGGTGGAGGTTGCAGTGAGCTGAGATCATGCCACTGCACTCCAGCCTGGGCAACAGAGCGAGACTCTGTCTCAAAAAAAAAAAAAGAAAAAAAGAAAAGAAA"
"chr1","40501063","40501341","chr9","100953573","100953853","40","60452510","GGCCAGGTGCAGTGGCTCACAGCTGTAATCCCAGCACTTTGGGAGGCCGAGGTGGGCAGATCACTTGAGGTCAGGAGTTTGAAACTGGCCTGGTCACCATGGTGAAACCCCATCTCTACTATAAAATACAAAAAAATTAGCCAGACATGGTGGTGCATGCCTGTAATCCCAGCTACTCGGGAGGCTGAGGCATGAGAATTGCTAGAACCTGGGAGGCAGAGGTTGCAGTGAGCCGAGATCACGCCACTTGCACTCCAGTTTAGGGGACAGAGCGACACT","GACCAAGTGCAGTGGCTCACGCCTATAATCCCAACACTTTGGGAGGCCGAGGTGGGCAGGTCACTTGAGGTCAGAAGTTTGAAACCAGCCTGGCCAACATGGTGAAACCCCATCTCTACTAAAAATACAAAAATTAACCAGGCATGGTTGTGCATGCCTGTAATCCCAGCTACTCGGGAGGCTGAGGCAGGAAAATCGCTTGAACTGGGGAGGCAGAGGTTGCAGTGAGCCCAGATCACACCACTGCACTCCAGCCCTGGCAACAAGAGCCAGACCCTATC"
"chr1","43122571","43122856","chrX","106830287","106830578","36","63707716","GGCTGGGCGCAGTGGCTTATGCCTGTAATCCCAACACTTTGGGAGGCCGAGGCGGGCAGATCACTTGAGGTCAGGAGTTTGAGACCAGCCTGTCCAACATGGTGAAACCCTGTCTCTACTAAAAATACAAAAATTAGCTGGGTGTGGTGGTGCGCACCTGTAATCCCAGCTACTAAGGACGCTGAGGCAGGAGAATTGCTGGAACCCGGGAGGTGGAGGTTGCAGTGAGCTGAGATCATGCCACTGAACTCCAGCCTAGGAGACAGAGAGAGACAGTCTCAAAAAA","GGCTGGGCCCAGTGGCTCATGCCTGTAATCCCAGCACTTTGGGAGGCCGAGGCGGGCAGATCACTTGAGGTCAGGAGCTTGAGACCAGCTGGCCAACATGGTGAAACTCCGTCTCTACTAAAAATACAAAAATTAGCCGGGTGTGGTGGTGTGCACCTGTAGCCCCAGCTACTCAAGAAACTGAGGCAGAAGAATCACTTGAACCCTGGAGGTGGAGGTTGCAGTGAGCCGAGACCATGCTACTGCACTCCAGCCTGGGTGACAGAGTGAGACTCTGTCTCAAAAAAAAAAA"
"chr1","44957493","44957777","chr19","43797153","43797433","44","1160340","GCTCACACCTGTGATCCCAGTACTTTAGGAGGCAGAGGCAGGCAGATCACTTGAGCTCAGGAGTTCGAGACCAGCCTGGCCAACATGACAAAACCTGGTCTCTACTAAAAATACAAAAATCAGCTGGGCGTGGTGGCATGTGCCTGTAATCCCAGCTACTTTGGAGGCTGAGGCAGGATAATCACTTGAACCTGAGAGGTGAAGGCTGCAGTGAGCTGAGATTGCGCCATTGCATTCCAGCCTGGATGACAGAGCAAGACTCCGTCTCCAAAAAAAAAAGAAAAA","GGCTCACGCCTGTAATCTCAGCACTTTGGGAGGTCAAGGCAGGCAGATCACTTGAGGTCAGGATTTTGAGACGAGCCTGGCCAACATGGTAAAACCCCGTCTCTACTAAAAATACAAAAATTAGCTGGGCGTGGTGGCATGCACCTGTAATCCCAGCTACTCGGGAGGCTGAGGCAGCAGAATCACTTGAACTCGGGAGGTGGAGGCTGTGGTGAGCCGAGATTGCACCACTGCACTTCAGCCTGGGTGACCGAGTAAGACTCTGTCTCAAAATAAAAAAA"
"chr1","51117905","51118214","chr1","150617160","150617461","42","99499255","GGTGCGGTGGCTTACGCCTGTAATCCCAGCACTTTGGGAGGTCAAGGCGGGCGGATCACTTGAGGTCAGGAGTTCAAGATCAGCTTGGCCAACATGGTGAAACCCTGTCTCTACTAAAAACACATACAAAAAAATTAGCTGGGCATGGTAGCACATGCCTGTAATCCCAGCTACTAGGGTGGCTGAGGCAGGAGAGTTGCTTGAACTCAGGAGGTAGAGGTTGCAGTGAGCCTAGATTGTATCACTACACTCCAGCCTGGGTGACAGAGTGAGACCCTGCCTCAAAAATAAATAAATAAGAGGAAGAAAA","GGGTGCAGTGGCTCATGCCTGTAATCCCAGCACTTTGGGAGGTCAAGGCAGGAGGATCACTTGAGGTCAGGAGTTCAAGACCAGTTTGGCCAACAGGGTGAAACCCTGTTTCTACTAAAAATACAAATACTAGCTGGGCATGGTGGCATGTGCCTGTAATCCCAGCTACTAGGGAGGCTGAGGCAGGAGAATTGCTTGAAAGTGGGAGACAGAGGTTGCAGTGAGCCAAGATTGTATCACTGCACTCCAGCCTGGGTGACAGAGTAAGACTTTGTCTCAAAAATTAAAAAAGAAAAAAGAAA"
"chr1","51511213","51511498","chr17","72866963","72867249","42","21355750","GGCCGGGCGCAGTGGCTCACACTATAATCTCAATACTTTGGGAGGCCAAGGCAGGAGGATCACTTGAGGTCGGGAGATAGAGACCAGCCTGGAAAACATGGTGAAATCCATCTGTACTAAAAATACAAAAAAAATTAGCCAGGCGTGGTGATGCACGCCTGTAATCCCAGCTACTCGGGAGGCTGAGGCACGAGAATTGCTTGAACCCAGGGGTGGAGGTTGCAGTGAGCCAAGATCACACCACTGCACTCCAGCCTGGACGACAGAGCGAGACTCTCTCTCAAAA","GGCTGGGTGCAGTGGCTCACACCCGTAATCCTAGCACTTTGGGAGGCCAAGGCAGGCAGATCACTTGAGATCAGGAGTTTGAAACCAGCCTGGCCAACATGGTGAAATCCTGACTATACTAAAAATACAAAAAATTAGCCAGGCGTGGTGGCGCACGCCTGTAATCCCAGCTACTCGGGAGGCTGAGGCAGGAGAATCACTTGAGTCCAGGAGGTGGAGGTTGCAGTGAGCCAAGATTGTATCACTGCACTCCAGCCTGGGTGACAGAGCAAGACTGTCTCAAAAAA"
"chr1","52559600","52559881","chr3","3108457","3108738","45","49451143","GGCTGGGTGTGGTGGCTCACACCTGTAATCCCAGCATTTTGAGAGGACGAAACAGGCAGGCAGATCACTTGAGGTCAGGAGTTTGAGACCAGCCTGGCCAACATGGTGAAACCCTGTCTCTACTAATAATACAAAAATTAGCCAGGTGTGTGGCATGTGACTGTAGTCCCAGCTACTTGGGAGGGTGGGGCATGAGAATCACTTGAACCTGGGAGGTGGAGGATGCAGTGAGCTGAGATTGCACCACTGCACTCCAGCCTGGGCAAAAAAAAAAAAAAAAAA","GGCTGGGTGTGGTGGCTCACACCTGTAATCCCAGCATTTTGGGAGACAAAGGCAGGCAGATCACTTGAGGCCAGGAGTTGGAGACCAGCCTGGCCAACATGGTGAAACCCCCTCTACTAAAATACAAAAAGTAGCTGGTCCTGGTGGCATGTCTGTAGTCCCAGATACTTGGGGGTCTGAGGCAGGAGAACCACTTGAACCCGGGAGGCAGAGGTTTCAGTGAGCTGAGATTGCACCACTGCACTCCAGCCTGGGTAACAGAGCAAAACTTTGTCTAAGAAA"
"chr1","52690828","52691102","chr4","34845790","34846071","49","17845038","GGCCAGGCACGGTGGCTCACACCTGTAATCCCAGCATTTTGGGAGGCCAAGGCGGGTGGATCGTTTGAGGTTAGTTCAAGACCAGCCTGGCTAACATGGCGAAACCCCATCTCTACTAAAAATACAAAAATTAGCTGGGTGGTAGTGGCAAACGCCCCTGTAATCCCAGCTACTCGGAAGGTTGAGGCAGGAGAATCACTTGAGCCAGGGGGTTGTGGTGAGCCGAGATCATGCCACTGCACACCAGCCTGGGCGACAGAGTGGGACCCTGTCTC","GGCCAGGCGTGGTGGCTCACACCTGTAATCCCAGCACTTTGGGAGGCCAAGGTGGGTGGATCACTTGAGGTCCGGAGTTTGAGACCAGGTTGGCCAACATGGTGAAACCCCGTCTCTACCAAAAATACAAAAATTAGCTGGGCATGGCGGCACGCATCTGTAATCCCAGCTACTCGGGAGGCTGAGGCAGGAGAATCGCTTGAACCCGGGAGGCGGAGTTTGCAGTGAGCTGAGATCGTGCCACTGCACTCCAACCTGGGCAACAGAGCAAGACTCTGTCTC"
"chr1","65798011","65798238","chr1","192262423","192262637","42","126464412","GACTAGCCTGGCCAACATGGTGAAACCCCATCTCTACTAAAAAAAATACAAAAATTAGCCAGGTATGGTGTTACACACCTGTAATCCCAGCTACTTGGGAGGCTGAGGCAGAAGAATTGCTTGAACCCGAGAGGCAGAGGTTGGAGTGAGCCGAGATGCACCACTGCACTCCAGCCTGGGTGACAGAGCGAAACTCCATCTCAAAAAATAAATAAATAAATAAATAAA","CCAGCCTGGCCAACATGGTGAAACCCTATCTCTACTAAAATACAAAAATTAGCTAGGCATGGTGGTATGTGCCTGTAGTTCCAGCTATTTGGGAGGCTGAGACAGGAGAATTGCTTGAACCTGGGAGGCAGAGGTTGCAATGAGCCGAGATCGTACCACTGCACTCCGGCCTGGGCAACAGAGTGAGACTCTGTCTCAAAAAAAAAAAAAAAAGA"
"chr1","102105004","102105130","chr3","107071732","107071860","19","4966728","GGCTGGGTTAGGTGGCTTATGAGTGTAATCCCAGCAGTTTGGGAGGCAGAAGCAGGTGGATCACTTGTGGTCAGGAGTTTGAGACCAGCCTGGCCAACATCGTGAAACCCCACCTATACCAAAAAAT","GACTGGGTGCGGTGGCTCATCCCTGTAATCCCAGCACTTTGGGAGGCTGAGGCAGGTGGATCACTTGAGGCCAGGAGTTTGAGACCAGCCTGACCAACATGGTGAAACCCCATCTCTACTAAAAATATA"
"chr1","110493533","110493800","chr1","190633251","190633514","44","80139718","TGGGAGGCTAAGGTGAGCGGATCACTCGTGGTCAGGAGTTCAAGACCAGCCTGGATAACACGGTGAAACCCCATCTCTACTAAAAATACAAAAATTAGCTGGGTGTGGTGGCACATACTTGTAATAACAGCTACTCAGGAGGCTGAGGCAGGATAATTACTTGAACCCAGGAGGCAGAGGTTGCAGCGAGCGGAGATTGCATCACTGCACTCCAGCCTGGGCAACAGAGCAAGACTCTGTCTCAAAAAAAAAAAAAAAGAAAAGAAAA","GGGAGGCCGAGGCAGGAGGATCACTTGAGGTCAGGAGTTCTAGACCAGCCTGGCCAACATGGTGAAACCTCATCTCTACTAAAAATACAAAAATTTGCTGGGCATGGTGGCACATGTTTGTAATCCCAGGTACTTGGGAAGCTGAGGCAGGAGAATTGCTTGAACTTGGGAGGCAGAGGTTGCAGTGAGCTGAGATCATGCCACTGCACTCCAGCCTGGGCAACAGAGCAAGACTCTGTCTCAACAAACAAACAAGCAAACAAA"
"chr1","117178247","117178552","chr5","7574884","7575188","36","109603363","GGTGCAGTGGCTCACGCCTGCAATCCCAGCACTTTGGGAGGCCGAGGTGGGCGGATCACTTGAGGTCAGGAATTTGAGACCAGACTGGCCAACATAGTGAAATCCCATCTCTACTAAAAATACAAAAAATTAGCCAGGCATGGTGGCACATGCCTGTAATCCCAGCTACTCAGGAGGCTAAGGCAGGAGAATTGCTTGAACTCAGGAGGTGGAGGTTGCAGTGAGCCAAGATCACGACACTGCACTCCAGCCTGGGTCACAGAGAGAGACTCCATCTCAAAAAAAAAAAAAAAGAAAAAAAAGAAA","GCCGGGCACAATGGTTCACGTCTGCAATCCCAGCACTTTGGGAGGCAGAGGTGGGTGGATCACTTGAGGTCAGGAGTTTGAGACCAAACTGGCCAACATAGTGAAACCCCATCTCTACTAAAAATACAAAAATTAACCAGGCATGGTGGTGCACACCTGTAATCCCACCTACTCGGGAGGCTGAGGCAGGAGAATTGCTTGAATCCGGGGGTGGAGGTTGCAGTGAGCCAAGATCATGCCATTGCACTCCAGCCTGGGTGACAGAGTGAGGCTCCATCTCAAAAAAAAAAAGAAAAGAAAAGAAA"
"chr1","117309311","117309598","chr3","142314167","142314458","40","25004856","GGCTGAGCGTGGCTCACGCCTATAATCCTAGCACTTTGAGAGGCTCAGGTGGGCAGATCACTTGAGGCCAGGAGTTTGAGATCAGCCTGGCAAACATGGTGAAACACTGTCTCTACTAAAAATACAAGAATTAGCTGGGCGTGGTGGCATGCACCGGTAATACTAGCTACTCAGGACGCTGAGGCAGGAGAATTGCTTGAACCTGGGAGGCAGAGGTTGCAGTGAGCCGAGATCATGCCACTGTACTCCAGCCTGGGTGACAGCGCGAGACTCTGTCTCAAAAAAAAA","GGCAGGGCATGGTGGCTCATACCTGCAATCCCAGCACTTTGGGAGGTCAAGGTGGGCAGATCACTTGAGGTCAGGAATTTGAGACCAGCCTTGCCAACATGGTGAAACCCTGTCTCTACTAAAAATACAAAAATTAGCTGAGTGTGGTGGCATGCACGTATAATCCCAGCTACTCAGGAGGCTGAGGCAGGAGAATCATTTGAACCTGGGAGGCTGAGGTTGCAGAGAGCTGAAATCATGCCACTGCACTCTAGCCTGGGTGACAGAGCGAGACTCTGTCTAAAAAAAAAAA"
"chr1","178913000","178913310","chr5","129591545","129591851","39","49321455","GGCTGGGAGTGGTGGCTCTCACCTGTAATCCCAGCACTTTGGGAGGCCAAGGCAGGCAGATCACTTGAGGTCAGGAGTTCGGGACCAGCCCGGCCAACATGGTGAAACCCCGTCTCTGCTAAAAATAGAAAAATTAGCTGGGCATGTTGGTGCATACCTGTAGTCCCAGCCACTAGGGAGGCTGAGGCAGGAGAATCGCTTGAACCTGGGAGGCAGAGGTTGCAATGAGCCAAGATCATGCCACCGCACTCCAGCCTGGGCAACAGAGCAAGACTCCCATCTCAAAAAAAAAAAAAGAAAAGAAAAAGAAA","GGCTGGGCGCGGTGGCTCACACCTGTAATCCCAGCACTTTGGGAGGCCAAGGTGGGCAGATCCCTTGAGGTCAGGAGTTTGAGACCAGCCTGGCCAACATGGTGAAACTCCGTCTCTACCAAAAATATAAACATTAGCCGGGCATGATGGCACATGCCTGTAATCCCAGCTACTTGGGAGGCTGAGGCAGGAGACTCACTTGAACCTGGGAGGCAGAGGTTGCAGGGAGCCAAGATCATGCTACTGCACTCCAGCCTGGGCAACAGAGGAAGAATCCATCTCGAAATAAATAAAAATAAAAAATAAA"
"chr1","181010309","181010601","chr9","44828899","44829193","45","136181410","GGCCGGGCGCGGAGGCTCACACCTGTAATCCTAGCACATTAGGAGGCTGAGCCGGTTGGATCACTTGAGGTCAGGAGTTTGAGACCAGCCTGGCCAACATAGTGAAACTCTGTTTCTACTAAAAATATGAAAATTAGCTGAGTGTGGTGGCGCATACCCATAATATCAGCTACTCGGGAGGCTGAGGCAGGAGAATCGATTGAACCCGGGAGGTGGAGGTTGCAGTGAGCTGAAATGGCACCACTGCACTCCAGTCTGGGTGACAGAGTGAGATTCTGTCTCAAAAAAAAGAA","GGCCAGGCATGGTGGCTCACACCTGTAATCCAGCACTTTGGGAGGCTGGGGCGGGTAGATCAATTGAGGTCCGGAGTTCAAGACCAGCCTGGCCTACATGGTAAAACCCTGTCTCTACTAAAAATACAAAAATTAGCTGGGTGTGGTGGCACATGCCTATAATTCCAGCTACTCAGGAGGCTGAGGCAGGAGAATTGCTTGAACCTGGGAGGCGGAGGTTGCAGTGAGCCAAGATTGCACCACTGCACTCCAGCCTGGGTGACAGAGTGAGACTTTGTCATTTAAAAAAAAAAAA"
"chr1","207880120","207880430","chr18","10830546","10830857","38","197049574","GGCTGGGCGCAGTGGCACACGCCTGTAATCCCAGCACTCTGGGAGGCTGAGGCAGGTGGATCACTTGAGGTCAGGAGTTCGAGAGCAGCCTGGCCAAAATGGTGAAACCCTGCCTCTACTAAAAATACAAAAGTAGCCGGGCATGGTGGCGCCTGCCTGTAATCCCAGCTAATCAGGAGGCTGAGGCACAAGAATCACTTGAACCCGGGAGGTAAAGATTGCAGTGAGCCGAGATCATGCCACTGCACTCCAGTCTGGGCAACAGAGTGAGACTCTGTCTCAAAAAAATAATAAACAAACAAACAAACAAA","GGCTGGACCCTGTGGCTCACGCCTGTAATCCCAGCACTTTGGGAAGCCGAGACATGATGATCACTTGAGGTCAGGAGTTTGAAACCAGCCTGGCCAACATAGTGAAACCCTGTCTCTACTAAAAATACAAAAATTAGCCGGGCATGGTAGAGCGTGCCTGTAATCCCAGCTACTCGGGAGGCTGAGGCAGGAGAATCGCTTGAACCCGGGAGGCGGAGGTTGCAGTGAGCCGAGATTGTGCCACTGCACTCCAGCCTGGGCAACAGAGTGAGACTCTGTCTCCAAAAAATAAAAATACAAAAAACAAACAAA"
"chr1","76893","77201","chr20","23337174","23337477","45","23260281","GGCCGGGCGTGGTGGCTCATGCCTGTGATCCCAGCATTTTGGGAGGCTGAGGCGGGCAGATCACTTGAGGCCAGGAATTCAAGACCAGCGTGGCTAACATGGCGAAACCCCATCTCTACCAAAAATACAAAAATTAGCTGGGCGTGGTGGTGCACACTTGTAATTCCAGCTACTTGAGAGGCTGAGGTGGGAGGATCGCTTGAACCTGGGAGGCAGAAGTTTCAGTGAGCCCAGAACGTGCCTCTGCACTCCAGCCAGGATGACAGAGCAAGACTCCATCTCAAAAAAAAAAAAAAAAAAAAAGGAAAA","GGCCGGGCGTGGTGGCTCATGCCTGTAATCCCAGTACTTTGGGAGGCTGAGGCGGGCGGATCACTTGAAGTCAGGATTTCAAGACCAACCTGGCCAACCTGGTAAAACCCCATCTCTACTAAAAATACAAAAATTAGCTGGGCATAGTGGTGCACACCTGTAGTCCCAGCCACTCAGGAGGCTGAGGCAGGAGAATCTCTTGAACTTGGGAGGTGGAGGTTGCAGTGAGCTGAGATCGTGCCACTGCACTCCAGCCTGGGTGACAGAGCAAGACTCCAACTCAAAAAAAAAAAAAAAAGAAAAA"
"chr1","101056","101352","chr5","26961498","26961795","38","26860442","GGCCGGGTACAGTGGCTCATGCCTGTAATTCCAGTACTTTGGGAGGCCAAGGTGGGCAGGTCACTTGAGGTCAGCAGTTCAAGACCAGCCTCGTCAACATGGTAACACCCTGTCTCTACTAAAAATACAAAAATTAGCTGGGCCTGGTGGCTCATGCCTGTAATCCCAGCTACTTAGGAGGCTGAGGCAGGAGAATTCCTTGAACCCAGAAGGTGGAGGTTGCAGTGAGCTGAGATTGCACCACTGCACTCCAGCCTAGGTGACACAGCAAGACTCTGTCAAAAAAAAAAAAAGAAA","GGCCAGGCACGGTGGCTCATGCCTGTAATCCCAGCACTTTGGGAGGCCGAGGCAGGCAGATCACTAGAAGTCAGGAGTTTGAGACCAGCCTGGCCAACATGGTGAAAACCTGTCTCTACTAAAAATACAAAAATTAGCTGGGCATGGTGGCGCACTCCTGTAATCCCAGCTACTTGGGAGGCTGAGGCAGGAGGATTGCTTGAACCCAGGAGGTAGAAGTTGCAGTGAGCCGAGATTGTACCACTGCACTCCAGCCTGGGTGACAGAGCAAGACCCCATCTCAAAAAAAAAAAAAAAA"
"chr1","127782","128051","chr19","23560118","23560385","41","23432336","GGCCGGGCATTGTGGCTCACATCTGTAATTCCAGCACTTTGGGAGGCCGAGGTAGATGGATCATTTGAGGTCAGGAGTTCGAGACCAGCCTGGCCAACATGGTGAAACTCCGTCTGTACTAATAGTACAAAAATTAGCCAGGCGTGATGGTGTGCACCTGTAGTCCTTGCTACTCAGAAAGCTGAGGCAGGAGAATCGCTTGTACCCAGGAGGCAGAGGTTGCAGTGAGCAGAGATTGTGCCACTGCACTCCATCCTGGGTGACAGAGTG","GGCCTGGCACAGTGGCTCACGCCTGTAATCCCAGCACTTTGGGAGGCTGAGGTAGGTGGATCATTTAAGGTCAGGAGTTCGAGACCAGCCTAGCCAATATGGTGAAACCCTGTCTCTACTGAAAATACAAAAATTAGCCAGGCATGGTGGCATGCACTTGTAATCCAAGCTATTCGGGAGGCTGAGGCAAGAGAATCGCTTGAAACCAGGAGGCGGAGGTTGCAGTGAGATGAGATCGCGCCATTGCACTCCAGCCTGGGTGACAGAG"
"chr1","157183","157358","chr13","69995974","69996153","31","69838791","GGCTGGGCACATGGCTCACAGCTGTAATCAAGCACTTTGGGAGGCCAAGGCGGGTAGATCTTGAGATCAGGAGTTCGAGACCAGCCTGATCAACATGGTGAAACCACGTTTCTACTAAAAATACAAAAATTAACCAGGCATGGTGGCATATGCCTGTAATCCCAGCTAATAGGAGG","GGCTGGGCACAGTGGCTCACATCTGTAATCCCAGCACTTTGGGAGGCCGAGGTGAGAGGATCACTTGAGATGAGGAGTTTGAGACCAGCCTGGTCAATACGGTGAAACCCCATCTCTACTAAAAATACAAAAATTAGCCAGGTGTGGTGGTTCACGCCTATAATCCCAGCTACTCTGGAG"
"chr1","169374","169679","chr1","168595556","168595859","43","168426182","GGCTGGGCTCAGTGGCTCATGCCTGTAATCCCAGCACTTTGGGAGGCCGAGATGGGTGGATCACTTGAGGTCAGGAGTTCGAGACCAGCCCAGCCAACATGGTGAAATGCCATCTATACAAAAAATACAAAAACTAGCCGGGCATGGTGGCACATGCCTGTAATCTCAGCTACTCAGGAGGCTGAGACAGGAGAATTGTTTGAACCCAGGGGGGCAGAGGTTGCAGTGAACTGAGATTCCACCACTGCACTCCAGCCTGGGTGACAGAGCGACGCTCCATCTCGAAAACAAAACAAAACAAAAAAA","GGCTGGGTGAGGTGGCTCATGCCTGTAATCCCAGCACTTTGGGAGGCTGAGGTGGGCAGATCACTTGAGGTCAGGAGTTCAAGACCAGCCTAGCCAACATGGTGAAACCACATCTCTACTAAAAATACAAAAATTAGGTGAGTGTGGTGGCACATGCCTGTAATCCCAGCTATTTGGGAGGCTGAGACAGGAGAATCGCTTGAACCCGGAGGTAGAGGTTGCAGTGAGCCGAGATTGCGCCACTGCACTCCAGCCTGGGTAACAGAGTGAGACTCTATCTCAAAAAAAAAAAAAAAAAAAAAAA"
"chr1","174382","174517","chr4","43236196","43236331","16","43061814","GGCCAGGCATGGTGGTTCATGCCTGTAATTCCAACAGTTTGGGAGGCCAAGGCAGGCAGATAACTTGAGGTCAGGAATTCGAGACCAGCCTGGCCAACAGAGTGAAACCCTCTCTCTACTAAAAATACAAAAATTA","GGCCAGGCATGGTGGCTCACGCCTATGATCCCAGCACTTTGGGAGGCTGAGGCAGGCAGACCACTTGAGGTCAGGACTTCGAGACCAGCCTGGCCAACATGGTGAAACCCCATCTCTACTAAAAATACAAAAATTA"
"chr1","174821","174957","chr2","60825536","60825646","48","60650715","TTAGCCAGGCATGGTGAAGTTGCAGTGAGCTGAGACTGCACCATTGCACTCCAGCCTGGGTAGCAGAGCAAGACCCTGTCTCAAAAAAAAAAAAAAAAAAAAAAAAAAAAAAAGAGAGAGAGAGAAAGAAAGAAAGA","ACCCAGGAAAAGGATGTGCAATGAGCCAAGATTGCACCACTGCATTTCAGCCTGGGCGACAGAGCAAGACTGTATCTCAAAAAAAGCATAAAAGAAAAAAAAAAAGAAAAA"
"chr1","277622","277918","chr5","26961498","26961795","38","26683876","GGCCGGGTACAGTGGCTCATGCCTGTAATTCCAGTACTTTGGGAGGCCAAGGTGGGCAGGTCACTTGAGGTCAGCAGTTCAAGACCAGCCTCGTCAACATGGCGACACCCTGTCTCTACTAAAAATACAAAAATTAGCTGGGCCTGGTGGCTCATGCCTGTAATCCCAGCTACTTAGGAGGCTGAGGCAGGAGAATTCCTTGAACCCAGAAGGTGGAGGTTGCAGTGAGCTGAGATTGCACCACTGCACTCCAGCCTAGGTGACACAGCAAGACTCTGTCAAAAAAAAAAAAAGAAA","GGCCAGGCACGGTGGCTCATGCCTGTAATCCCAGCACTTTGGGAGGCCGAGGCAGGCAGATCACTAGAAGTCAGGAGTTTGAGACCAGCCTGGCCAACATGGTGAAAACCTGTCTCTACTAAAAATACAAAAATTAGCTGGGCATGGTGGCGCACTCCTGTAATCCCAGCTACTTGGGAGGCTGAGGCAGGAGGATTGCTTGAACCCAGGAGGTAGAAGTTGCAGTGAGCCGAGATTGTACCACTGCACTCCAGCCTGGGTGACAGAGCAAGACCCCATCTCAAAAAAAAAAAAAAAA"
"chr1","411459","411758","chr5","26961498","26961795","38","26550039","GGCCGGGTACAGTGGCTCATGCCTGTAATTCCAGTACTTTGGGAGGCCAAGGTGGGCAGGTCACTTGAGGTCAGGAGTTCAAGACCAGCCTCGTCAACATGGCGACACCCTGTCTCTACTAAAAATACAAAAATTAGCTGGGCCTGGTGGCGCATGCCTGTAATCCCAGCTACTTAGGAGGCTGAGGCAGGAGAATTCCTTGAACCCAGAAGGTGGAGGTTGCAGTGAGCTGAGATTGCACCACTGCACTCCAGCCTAGGTGACACAGCAAGACTCTGTCAAAAAAAAAAAAAAAAGAAA","GGCCAGGCACGGTGGCTCATGCCTGTAATCCCAGCACTTTGGGAGGCCGAGGCAGGCAGATCACTAGAAGTCAGGAGTTTGAGACCAGCCTGGCCAACATGGTGAAAACCTGTCTCTACTAAAAATACAAAAATTAGCTGGGCATGGTGGCGCACTCCTGTAATCCCAGCTACTTGGGAGGCTGAGGCAGGAGGATTGCTTGAACCCAGGAGGTAGAAGTTGCAGTGAGCCGAGATTGTACCACTGCACTCCAGCCTGGGTGACAGAGCAAGACCCCATCTCAAAAAAAAAAAAAAAA"
"chr1","457114","457197","chr10","128335653","128335737","15","127878539","GGCCATGTGCAGTGGCTCACGCCTGTCAGCCCAGCACTTTGGGAGGTCAAAGCAAGCAAATCGCTTGAGATCAGCAGTTTAAGA","GGCCAGGTGCAGTGGCTCATGCCTGTAATCCCAGCACTCTGGGAGGCCAATGCAGGTGAATCACTTGAGGTCAGGAGTTCAAGAC"
"chr1","483766","484035","chr19","23560118","23560385","41","23076352","GGCCGGGCATTGTGGCTCACATCTGTAATTCCAGCACTTTGGGAGGCCGAGGTGGGCGGATCATTTGAGGTCAGGAGTTCGAGACCAGCCTGGCCAACATGGTGAAACTCCGTCTGTACTAATAGTACAAAAATTAGCCAGGCGTGATGGTGTGCACCTGTAGTCCTTGCTACTCAGAAAGCTGAGGCAGGAGAATCGCTTGTACCCAGGAGGCAGAGGTTGCAGTGAGCAGAGATTGTGCCACTGCACTCCAGCCTGGGTGACAGAGTG","GGCCTGGCACAGTGGCTCACGCCTGTAATCCCAGCACTTTGGGAGGCTGAGGTAGGTGGATCATTTAAGGTCAGGAGTTCGAGACCAGCCTAGCCAATATGGTGAAACCCTGTCTCTACTGAAAATACAAAAATTAGCCAGGCATGGTGGCATGCACTTGTAATCCAAGCTATTCGGGAGGCTGAGGCAAGAGAATCGCTTGAAACCAGGAGGCGGAGGTTGCAGTGAGATGAGATCGCGCCATTGCACTCCAGCCTGGGTGACAGAG"
"chr1","515775","515942","chr22","33000003","33000176","28","32484228","GGCTGGGCACATGGCTCACAGCTGTAATCAAGCACTTTGGGAGGCCAAGGCGGGTAGATCTTGAGATCAGGAGTTCGAGACCAGCCTGATCAACATGGTGAAACCACGTTTCTACTAAAAATACAAAAATTAACCAGGCATGGTGGCATATGCCTGTAATCCCAGCTA","GGCCAGGCACAGTGGCTCATGCCTGTAATTCCAGCACTTTGGGAGACCAAGGCGGGCAGAACACTTGAGGCCAGGAGTTCGAGACCAGCCTGAACAACATGGTGAAACCCCCGTCTCTATTAAAAATACAAAAATTAGCCGGGCATGGTGGCACATGTGTGTGGTCCCAGCTAC"
"chr1","527970","528275","chr1","168595556","168595859","43","168067586","GGCTGGGCTCAGTGGCTCATGCCTGTAATCCCAGCACTTTGGGAGGCCGAGATGGGTGGATCACTTGAGGTCAGGAGTTCGAGACCAGCCCAGCCAACATGGTGAAATGCCATCTATACAAAAAATACAAAAACTAGCCGGGCATGGTGGCACATGCCTGTAATCTCAGCTACTCAGGAGGCTGAGACAGGAGAATTGTTTGAACCCAGCGGGGCAGAGGTTGCAGTGAACTGAGATTCCACCACTGCACTCCAGCCTGGGTGACAGAGCGACGCTCCATCTCGAAAACAAAACAAAACAAAAAAA","GGCTGGGTGAGGTGGCTCATGCCTGTAATCCCAGCACTTTGGGAGGCTGAGGTGGGCAGATCACTTGAGGTCAGGAGTTCAAGACCAGCCTAGCCAACATGGTGAAACCACATCTCTACTAAAAATACAAAAATTAGGTGAGTGTGGTGGCACATGCCTGTAATCCCAGCTATTTGGGAGGCTGAGACAGGAGAATCGCTTGAACCCGGAGGTAGAGGTTGCAGTGAGCCGAGATTGCGCCACTGCACTCCAGCCTGGGTAACAGAGTGAGACTCTATCTCAAAAAAAAAAAAAAAAAAAAAAA"
"chr1","532977","533112","chr4","43236196","43236331","16","42703219","GGCCAGGCATGGTGGTTCATGCCTGTAATTCCAACAGTTTGGGAGGCCAAGGCAGGCAGATAACTTGAGGTCAGGAATTCGAGACCAGCCTGGCCAACAGAGTGAAACCCTCTCTCTACTAAAAATACAAAAATTA","GGCCAGGCATGGTGGCTCACGCCTATGATCCCAGCACTTTGGGAGGCTGAGGCAGGCAGACCACTTGAGGTCAGGACTTCGAGACCAGCCTGGCCAACATGGTGAAACCCCATCTCTACTAAAAATACAAAAATTA"
"chr1","533416","533512","chr12","12610453","12610557","24","12077037","TTAGCCAGGCATGGTGAAGTTGCAGTGAGCTGAGACTGCACCATTGCACTCCAGCCTGGGTAGCAAGACCCTGTCTCAAAAAAAAAAAAAAAAAAAA","GCTTGAACTCGGGAGGCAGAGGTTGCCGTGAGCCGAGATTGCACCACTGCACTCCAGCCTGGGTGACAGAGGGAGACTCCGTCTCAAAAAAAAAAAAAAAAAAAA"
"chr1","647211","647512","chr6","17068239","17068542","37","16421028","GGCCGGGTACAGTGGCTCATGCCTGTAATTCCAGTACTTTGGGAGGCCAAGGTGGGCAGGTCACTTGAGGTCAGGAGTTCAAGACCAGCCTCGTCAACATGGCGACACCCTGTCTCTACTAAAAATACAAAAATTAGCTGGGCCTGGTGGCGCATGCCTGTAATCCCAGCTACTTAGGAGGCTGAGGCAGGAGAATTCCTTGAACCCAGAAGGTGGAGGTTGCAGTGAGCTGAGATTGCACCACTGCACTCCAGCCTAGGTGACACAGCAAGACTCTGTCAAAAAAAAAAAAAAAAAAGAAA","GGCTGGACGCAGTGGCTCATGCCTGTAATCCCAGCACTTTGGGAGGCCAAGGTGGGTGGATCACTTGAGGTCAGGAGTTCGAGACCAGCCTGGCCAACATGGTGAAACCCTGTCTCTACTAAAAATACAAAAATGAGCTGGGCATGCTGGTACACATCTGTAATCCCAGCTACTTGGGAGGCTGAGGCAAGAGAATCGCTTGAACCCAGGAGGCAGAGGTTGCAGTGAGCCGAGATTGCACCACTGCACTCCAGCCTGGGCAACAGAGCAAGACTCTGTCTCAAAAAAAAAAAAAAAAAGAAAA"
"chr1","692085","692168","chr10","128335653","128335737","12","127643568","GGCCAGGTGCAGTGGCTCACGCCTGTCAGCCCAGCACTTTGGGAGGCCAAAGCAAGCAAATCGCTTGAGATCAGCAGTTCAAGA","GGCCAGGTGCAGTGGCTCATGCCTGTAATCCCAGCACTCTGGGAGGCCAATGCAGGTGAATCACTTGAGGTCAGGAGTTCAAGAC"
"chr1","718759","719028","chr2","90417029","90417300","41","89698270","GGCCGGGCATTGTGGCTCACATCTGTAATTCCAGCACTTTGGGAGGCCGAGGTGGGCGGATCATTTGAGGTCAGGAGTTTGAGACCAGCCTGGCCAACATGGTGAAACTCCGTCTGTACTAATAGTACAAAAATTAGCCAGGCGTGATGGTGTGCACCTGTAGTCCTTGCTACTCAGAAAGCTGAGGCAGGAGAATCGCTTGTACCCAGGAGGCAGAGGTTGCAGTGAGCAGAGATTGTGCCACTGCACTCCAGCCTGGGTGACAGAGTG","GCCAGGAGTGGTTGCTCACATCTGTAATCCCAGCACTTTGGGAGGCGGAGGTGAGTGGATCACTTGAGGTCAGGAGTTTGAGGCCAGCCTGGCCAACATGGTGAAACCCTGCCTCTACTAAAAATACAAAAACTAGCCAGGCATGGTGGTGTGTACCTTTAATCCCAGCTACTTGGAAGGTTGAGGCAGGAGAATCGCTTGAACCCAGGAGGCAGAGGTTGCAGTGAGCCAAGATTGCGCTACTGCACTCCAGCCTGGGTGATAAGTGAGAC"
"chr1","769822","770127","chr1","168595556","168595859","45","167825734","GGCTGGGCTCAGTGGCTCATGCCTGTAATCCCAGCACTTTGGGAGGCCGAGATGGGTGGATCACTTGAGGTCAGGAGTTCGAGACCAGCCCAGCCAACATGGTGAAATGCCATCTATACAAAAAATACAAAAACTAGCCGGGCATGGTGGCACATGCCTGTAATCTCAGCTACTCAGGAGGCTGAGACAGGAGAATTGTTTGAACCCAGGGGGGCGGAGGTTGCAGTGAACTGAGATTCCACCACTGCACTCCAGCCTGGGTGACAGAGCGACGCTCCACCTCGAAAACAAAACAAAACAAAAAAA","GGCTGGGTGAGGTGGCTCATGCCTGTAATCCCAGCACTTTGGGAGGCTGAGGTGGGCAGATCACTTGAGGTCAGGAGTTCAAGACCAGCCTAGCCAACATGGTGAAACCACATCTCTACTAAAAATACAAAAATTAGGTGAGTGTGGTGGCACATGCCTGTAATCCCAGCTATTTGGGAGGCTGAGACAGGAGAATCGCTTGAACCCGGAGGTAGAGGTTGCAGTGAGCCGAGATTGCGCCACTGCACTCCAGCCTGGGTAACAGAGTGAGACTCTATCTCAAAAAAAAAAAAAAAAAAAAAAA"
"chr1","774791","774926","chr4","43236196","43236331","14","42461405","GGCCAGGCATGGTGGTTCACGCCTATAATTCCAACAGTTTGGGAGGCCGAGGCAGGCAGATAACTTGAGGTCAGGAATTCAAGACCAGCCTGGCCAACAGAGTGAAACCCTCTCTCTACTAAAAATACAAAAATTA","GGCCAGGCATGGTGGCTCACGCCTATGATCCCAGCACTTTGGGAGGCTGAGGCAGGCAGACCACTTGAGGTCAGGACTTCGAGACCAGCCTGGCCAACATGGTGAAACCCCATCTCTACTAAAAATACAAAAATTA"
"chr1","775231","775351","chr1","194561384","194561483","35","193786153","TTAGCCAGGCGTGAAGTTGCGGTGAGCTGAGACTGCACCATTGCACTCCAGCCTGGGTAGCAGAGCAAGACCCTGTCTCAAAAAAAAAAAAAAAAGAGAGAGAGAGAGAAAGAAAGAAAGA","GAGGTTGAAGTTGCAGTGAGCCGAGATCACACCACTGCACTCCACCCTGGGCAACAGAGCAAGACTCTGTCTCAAAACAAAAAAATAATAAAGAGGAAGA"
"chr1","803150","803446","chr15","1426884","1427178","38","623734","GGCTGGGCATGGTGGCTCACACCTGTAATCCCAACACTTTGGGAGGCCGAGGCAGGTGGATCACTTGAGGTCAGGAGTTCAAGACCAGCCTGGCCAAAATGGCGAAACCCCATCTCTACTAAAAATACAAAAAAGAATTAGCCAGGCATCGTGGTGCATGCCTGCAATCCCAGCTACTCAGGAGGCTGAGGTAGGAGAATCACTGGAACCCAGGAAGCAGAGGGTGCAGTGAGCAGAGATCGTGCCACTGCACTCCACCCTGGGCAACAGAGTGAGACTCCATCTAAAAAAAAAAAA","GGCCAGGCATGGCTGCTCACACCTGTAATCCGAGCACTGTGGGAGGCCAAGGCGGGTGGATCACTTGAGGCCAGGAGTTCAAGACCAGCCTGGCCAGGATGGGGAAACCCCACCTCTACCAAAAATATAAAAATTAGCCAGGCATGGTGGTGCATGCCTGTAATCCCAGCTACTTGGGAGGCTGAGGCAGGAGAATCGCTTGAACCCTGGAGGCAGAGGCTGCAGTGAGCTGAGATGGTGCCACTGCCCTCCTGCCTGGGCAACAGGGTGAGACTCCATCTCAAAAAAAAAAAAA"
"chr1","852971","853263","chr5","10876020","10876309","38","10023049","GGCAGGGCACAGTGGCTCATGCCTGTAATCCCAGCACTTTGGGAGGCCGAGGCGGGCAGATCACTTGAGGTCAGGAGTTCCAAGACCAGCCTGGCCAAGATGGCGAAACCGCGTCTCTACTGAAAATACAAAAATTAGACGGGCATGGTGGCGCACGCCTGTAATCCCACCTACTCAGGTGGCTGAGGCAGGAGAATAGCTAGAACCCGGGAGGTGGAGATTGCAGTGAGCTGAGATCACAGCACTGCACTCCAGCCTGGGGGACAAAGCGAGACTCCGTCTCCAAAAAAAAA","GGCCTGGCACAGTGGCTCACGCCTGTAATTCCAATACTTTGGGAGGCCGAGGTAGGCAGACCACTTGAGGTCAGGAGTTCAAGGCAGCCTGGCCAACATGATGAAACCCTGTCTCTACTAAAAATACAAAAATTAGACAGGTGTGGTGGTGCACACCTGTAATCCCATCTACTCAGGAGGCTGAGGCAGGAGAATAGCTTGAACCCAGGAGGTGGAGGCTGCAGTGAGCGGAGATCACCCCACTGCACTCCAGCCTGGGTGACAGAGTGAGACTCCATCACAAAAAAAAA"
"chr1","893848","894130","chrX","118749545","118749828","33","117855697","GCGCAGTGGCTCATGCCTGTAATCCCAGCAGTTTGGGAGGCCGAGGCGGGTGGATCACTTGAGATCAGGAGTTCGAGACCAGCCTGGCCAACATGGTGAAACCTCGTCTCTACTAAAACCACAAAAATTAGCCGGGCATGGTGGCACACACCTGTAATCGCAGCTACTCAGGAGGCTGAGACAGGAGAATCACTAGAACCTGGGAAGTGGAGGTTGCAGTCAGCCAAGATCACACCACTGCACTCCAGCCTGGGCAACAGAGCAAGACTCTGTCTCAAAAAAA","GTGGTTGCTCACGCCTGTAATCCCAGCACTTTGGGAGGCCAAGGTGGGTGGATCACTTGAGGTCAGGAGTTCAAGACCAGCCTGGCCAACATGGTGAAACCGCGCCTCTACTAAAAATATAAAAATTAGCTGGGCATGGTGGCACACACCTGTAGTCCCAGCTACTCAGGAGGCTGAGGCAGGAGAATCGCTTGAACCTGGGAGGTGGAGGTTGCAGGGAGCCAAGATCACACCACAGCACTCCAGCCTGGGTGGTAGAGCCAGACTCTGTCTCAAAAAAAAAA"
"chr1","907253","907562","chr6","17068239","17068542","45","16160986","GGCTGGACATGATGGCTCACGCCTGTAATCCCAGCACTTAGGGAAGCCAAAGTGGGCGGATCATTTGAGGTCAGGAGTTCAAGACCAGCCTGGCCAACATGGTGAAACCCCATCTCTCTACTAAAAATACAAAAATTAGCATGGTGTGGTGGTGCATGCCCATAATCCCAGCTACTGGGGAGGCTGAGGTGAAAGAATTGCTTGAACCCAAGAGGTGGAGGTTGCAGTGAGCCGAGATCACACCATTGCACTCCAGCCTGGGCAACAGAGGGAGACTGTGTCTCCTAAAAAAAAAAAAAAAAAAAAAAAA","GGCTGGACGCAGTGGCTCATGCCTGTAATCCCAGCACTTTGGGAGGCCAAGGTGGGTGGATCACTTGAGGTCAGGAGTTCGAGACCAGCCTGGCCAACATGGTGAAACCCTGTCTCTACTAAAAATACAAAAATGAGCTGGGCATGCTGGTACACATCTGTAATCCCAGCTACTTGGGAGGCTGAGGCAAGAGAATCGCTTGAACCCAGGAGGCAGAGGTTGCAGTGAGCCGAGATTGCACCACTGCACTCCAGCCTGGGCAACAGAGCAAGACTCTGTCTCAAAAAAAAAAAAAAAAAGAAAA"
"chr1","972484","972777","chr5","94234310","94234606","47","93261826","GACCGGGCGTGGTGGCGCACGCCTGTAATCCCAGCATTTTAGGAGGCTGAGGCGGGCGGATCATTTGAGGTCAGGGGTTCGAGATCAGCCTGACCGACGTGGAGAAACCCTGTCTCTATTAAAAATACAAAAAAATTAGCCGGGCATGGCGGTACATCCCTGTAACCCCAGCTACTCAGGAGGCTGAGGCAGGAGAATCGCTTGACCAGGAGGCGGAGGTTGCAGTGAGCCGAGATCGTGCCACTGTACTGCAGCCTGGGCGACAGAATAAGACTTCGTCCCAAAAAGATAAAA","GGCCAGGCGTGGTGGCTCACACCTGTAATCCCAGCACTTTGGGAGGCTGAGGTGGGTGGATCACTTGAGGTCAGGAGTTCGAAACCAGCCTGTCCAACATGGCAAAACCCCGTCTCTACTAAAAATACAAAATTAGCCAGGCATGGTGGTGCATGCCTGTAATCCCAGCTACTCAGGAGGCTGAGGCAGGAGAATCGCTTGAACCTGGGAGGCGGAGGTTGTAGTGAGCCAAGATTGTGCCACTGCACTCCAGCCTGGGCGACAAGAGCAAAACTCCATCTCAAAAAAAAAAAAAAA"
"chr1","986776","987071","chr17","42545319","42545613","48","41558543","CACAGTGGCTCACACCTGTAATCCTAGCACTTTGGGAGGCCGAGGCAGGCAGATCACTTGAAGTCAGGAGTTTGAGACCAGCCTGGCCAACATGGTAAAACCCCGTCCCTACTAAAAATACAAAAATTAGCCAGGTGTGGTGTCAGCACCTGTAATCCCAGCTACTCGGGAAGCTGAGGTGGAACAATCACTTGAACCCAGGGGGTGGAGGTTGCAGTGAGCCAAGATCTCACTGCTTCATTCCAGCCTGGGCAACAGAGTGAGGCTCTGTCTCAAATAAAATAAAATGGACAAAA","CAGTGGCTCACACCTGTAATCCTAGCACTTTGGGAGGCAGAGGCAGGCAGATCACTTGAGGACAGGAGTTCAAGACCAGCCTGGCCAACATGGTGAAACCCCATGTCTACTAAAAATACAAAAATTAGCCAGGTGTTGTGGTGCAGGCCTGTAATCCCAGCTACTTGAGAGGCTGAGGCAGGAGAATCACTTGGACCCAGGAGGCAGAGGTTGCAGTGAGCTGAGATTGCGCCACTGCACTCCATCCTGGGTGACAGAGTGAGACTCCATCTCAAAAATAAATAAAATAAAATAA"
"chr1","987108","987241","chr22","17035586","17035722","14","16048478","GGCCTGGTGCGGTGGCTCACACCTGTAATCCCAGCAATTTGGGAGGCCGAGGCAGGCAGATCACTTGAGGTCAGGAGTTTGAGACCAGCCTGGCCAACATGGTAAAACCCTGTCTCTACAAAAAATTAAATTAG","GACCAGGCGCGGTGGCTCACACCTGTAATCCCAGCACTTTTGGAGGCCGAGGCTGGCAGATCACTTGAGGTCAGGAGTTTGAGACCAGCCTGGCCAACATGGTGAAACCCCATCTCTACTAAAAATACAAAAATTAG"
"chr1","994042","994334","chr5","132893438","132893729","38","131899396","GGCCAGACGCAGTGGCTCACGCCTGGAATCCCAACACTTTGGGAGGCCAAGGTGGGTGGATTGCTTGAGGTCAGGAGTTCGAGACCAGCCTGAACAACATGGGGAAACCCCGTCTCTACTAAAAATACAAAAATTAGCCTGGCGTGGTGGCACATAGCTGTAATCCCAGCTACTCGGGAGGCTGAGGCAAGAGAATTGCTTGAACCCAGGAGGCAGAGGTTGCAGTGAGTTGAGACCATGCCACTGCACTCCAGCCTGAGTAACAAAGCAAGACTGTCTCAAAAAAAAAAAAA","GGCCAGGTGCAGTGGCTCACGCCTGTAATCCCAGCACTTTGGGAGGCCAAGATGGGTGGATCACTTGAGGTCAGGAGTTCGAGACCAGCCTGCCCAACATGGTGAAACCCCATCTCTACTAAAAATACAAAAATTAGCCGGATGTGGTGGCACACACCTGTAATCTCAGCTACTTGGAAGATGAGGCCAGAGAATTGCTTGAACCCAGGAGGTGGAGGTTGCAGTGAGCTGAGGTCGTGCCACTGCACTCTAGCTTGGGCAACAGAGCAAGACTCCATCTCAAAAAAAAAAA"
"chr1","1010065","1010354","chr8","117614816","117615105","43","116604751","CGGGGTGGCGGCTCACGCCTGTGATCCCAGCGCTTTGGGAGGACGAGGCGGGCAAATCACTTGAGGTCAGGAGTTCAAGACCAGCCTAGCCAACATGGTGAAACCCCATCTCTACTAAAAATGCAAAAATTAGCTGGGTGTGGTGGCTCACACCTGTAGTCCCAGCTACTCGAGAGGCTGAGGCAGGAGAATTGCTTGAGCCCTGGAGGTGGAGGTTGCAGTGAGCTGAGATCGCGCCACTGCCCTCCAGCCTGGGCGACGAGAACAAGACCCTGTCTCAAACAAACAAA","CTGGGTGTGGTGGCTCATGCCTGTAATCCCAGCACTTTGGGAGGCCGAGGTAGGCAGATCACTTGAGGTCAGGAGTTCAAGACCAGCCTGGCCAACATGGTAAAACCCCATCTCTACTAAAAATGCAAAAATTAGCCAGGCATGGTGGTGCATGCCTGTGATCCCAGCTATTCAGAAGGCTGAGGCAGGAGAATTGCTTGAGCCCAGGAGACAGAGGTCACAGTGAGCCGAGATCTCACCACTGCACTCCAGCCTGGGCGACATAACGAGACTGTCTCAAAAAAAAAAAA"
"chr1","1011059","1011333","chr9","111808991","111809257","53","110797932","CCAGGCCAGGCGGCTCATGCCTGTAATGCCGGCATTTCGGGAGGCTGAGGCGGGAGGATCATTTGAGATCAGGAGTTCGAGACCAGCCTGACCTACATGGCGAAACCCCATCTCTACTAAAAATACAACAACAACAAAAAAGGCCAGGTACAGGGGCTCACGCCTGTAATCCCAGCACTTTGGGAGGCCGAGGCAGGCAGATCACCTGAGGTCAGGAGTTCAAGACCAGCCTGGCCAATATGGTGAAACTCCGTCCCTACTAAAAATGCGAAAAA","CCGGGTGCGGTGGCTCATGCCTGTAATCCCAGCACTTTGTGAGGCTGAGGCAGGGTAGATCATTTGAGATCAGGAGTTCGAGACCAGCCTGGCCAACATGGTGACACCCTGTTTCTACTAAAAAATACAGAAATTAGGCCAGGCATGGTGGCTCACGCCTGTTATCCTAGCACTTTGGGAGGCCGAGGTGGGTGGATCGCCTGAAGTCAGGAGTTCAAGACCAGCCTGACCAACATGGTGAAACCCTGTCTCTAAAAAATAAATAAA"
"chr1","1016361","1016495","chr22","17035586","17035722","16","16019225","GTCAGGCCCAGTGGTTCACACCTGTAATCCCAGCATTTTGGGAGCCCGAGGCAGGCGGACCACTTGAGGCCAGGAGTTCAAGACCAGCCTGGCCAACATGATGAAACCCCATCTCTACTAAAAATACAAAAATTA","GACCAGGCGCGGTGGCTCACACCTGTAATCCCAGCACTTTTGGAGGCCGAGGCTGGCAGATCACTTGAGGTCAGGAGTTTGAGACCAGCCTGGCCAACATGGTGAAACCCCATCTCTACTAAAAATACAAAAATTAG"
"chr1","1016552","1016677","chr7","149916580","149916705","32","148900028","TTAGCCAGGTGTGGTGACACGCACCTGTAATCCCAGCTCCTCGGGAGGCTGAGGCGGGAGGATCACTTGAGTGTGGGAGGTGGAGGCTGCGGTGAGCGGTGATTGTGCCACTGCACTCCAGCCTAG","ATTAGCCAGGTGTGGTGGCACACAACTGTAATCCCATCTACTCTGGGAGGCTGAGACATGAGAGTTGCTTGAACCCAGGAGGTGGAAGTTGCAGTCAGCCAAGATGGTGCCATTGCACTCTAACCT"
"chr1","1016972","1017104","chr4","38241259","38241391","11","37224287","GGCCGGGCGTGGTGGCTCAGGCCTGTAATCCCAGCACTTTGGGAGGCCGAGGTGGGCGGATCACTTGAGGTCAGTAGTTCGAGACCAGCCTGGCCAACATGGTGAAACTCTGTCTCTACTATAAATACAGACA","GGCTGGATGTGGTGGCTCAGGCCTGTAATCCCAGCACTTTGGGAGGCCGAGGTGGGCAGATCATTTGAGGTCAGGAGTTCGAGACCAGCCTGGCCAACATGGTAAAACTACTGTCTCTACTAAAAATACAAAA"
"chr1","1119751","1120058","chr5","82166217","82166519","55","81046466","GGCTGGGCGCGGTGGCTCACGCCTGGAATCCCAGCACTCTTGAGAGGCCAAGGCGGGCGGATCACTTGAAGTCAGGAGTTTGAGACAGGCCTGGCCAACATGGTGAAACCACGTCTCCATTAAAAATAAAAAAAAATTAGCCAGGTGTGGTGACACACGCCTGTAATTCCAGCTACTCAGGAGGCTGAGGCATGAGAATCACTTGAACCCAGGAGACAGAGGTCTCAGTGAACCGAGATCGCGCCCCTGGGCCACAGAGCGAGACTCCATCTCCAAAAAAAAAAAACCCAAAAAACGAAAAAAAAAAA","GGCTAGGTGTGGTGGCTCTTGCCTGTAATCCTAGCACTTTGGGAGGCCAAGGCAGGCAGATCACTTGAGGTCAGGAATTCAAGATCAGCCAGGCCAACATGGTGAAACCCCGTCTCTACTAAAAATACAAAAATTAGCCAGGCATGGTGGTGCATGCCTGTAATCCCAGCTACTCAGGAGGCTGAGGCATGAGAATCACTTGAACCTGGAAGATAGAGGTTGCAGTGAGCTGAGATCGTGCCATCCTGGCGACAGAGCAAGACTCCATCTCAAAAAAAAAAAGAATTCAAGAAAGAAAGAAAA"
"chr1","1194983","1195291","chr15","17053141","17053444","48","15858158","GGCCGGGTGCAGTGGCTTCACACCTGTAATCCCAGCACTTTGGGAGGCCAAGGCAGGGGGATCGCTTGAGGTCAGGAGTTTGAGACCAGCCTGGCCAACATTGTGAAACCTCGTCTCTACTAAATATACAAAAATTAGCCAGATGTGATGGTGCGTGCCTGTAGTCCCAGCTACTTGGGAGGCTGGTAGGCCGGAGGATTGCTTGAGCCCAGAAGGAGGAGGCTGCAGTGAGCTGAGATTGCACCACTGCACTCCATCTTGGGTGACAGAAACCCTGTCTCAAAACAAAAAATGAAAGAGAGAGAGAGA","GGCTGGGCGCAGTTGCTCACACCTGTAATCCCAGCACTTTGGGAAGCCGAGGCTGGTGAATCACTTGAGGTCAGGAGTTTGAGACCAGCCTGGCCAACATGGTGAAACCCTGTCTCTACTAAAAATACAAAAATTAGCCTGGTGTGATGGTGTGTGCCTGTAATCCCAGCTACTTGGGAGGCTGAGGCAGGAGAATTGCTTGAATCCAGGAGGCTACAGTGACCTCAGATTGCACCACTGCACTCCAGCCTGGGTGACAGAGTGAGACTGTCTCAAAAAAAAAAAAAAAAAAGAAAGAAAAGAA"
"chr1","1224282","1224578","chr5","94234310","94234606","39","93010028","GGCCGGGCCCAGTGGCCACACCTGTAATCCTAGCACGTTGGGAGGCTGAGGTGGGTGGATCATTTGAGGTCAGGAGTTTGAGACTAGCCTGCCCAACATGGTGAAACCGTATTTCTGTTAAAAATACAAAAATTAGCCAGGCGTGGTGGTGCACCCCTGTAATCCCAGCTACTCGGGAGGCTGAGGCAGTAGAATCGCTTGAACCCGGGAGGCGGAGGTTGCAGTGAGCAAAGATTGCGCCACCACACTCCAGCCTGGGTGACAGAGTGAGACTCCATCTCAAAAAATAAAATAAAA","GGCCAGGCGTGGTGGCTCACACCTGTAATCCCAGCACTTTGGGAGGCTGAGGTGGGTGGATCACTTGAGGTCAGGAGTTCGAAACCAGCCTGTCCAACATGGCAAAACCCCGTCTCTACTAAAAATACAAAATTAGCCAGGCATGGTGGTGCATGCCTGTAATCCCAGCTACTCAGGAGGCTGAGGCAGGAGAATCGCTTGAACCTGGGAGGCGGAGGTTGTAGTGAGCCAAGATTGTGCCACTGCACTCCAGCCTGGGCGACAAGAGCAAAACTCCATCTCAAAAAAAAAAAAAAA"
"chr1","1276485","1276774","chr10","103403508","103403801","40","102127023","CGGGTGTGGTGGCTCATGCCTGCAATCCCAACACTTTGGGAGGCCAAGGAGGGCGGATCACTTGAGGTCAGGAGTTCAAGACCAGCCTGGCCAACATGGTGAAACCCTGTCTCTACAAAAATATAAAAATTAGCCAGGCATGGTGGTGCATGCCTGTAGTTCCAGCTGCTCAGGAGGCTGGGGCAGGAGACTCAATGGAACCTGGGAGGCGGAGGTTGCAGTGAGCCGAGATCATGCCACTGTACTCCAGCCTGGGCGACAGAGTGAGACTCCAACTTTAAAAAAAAAAA","GCCAGGTGTGGTGGCTCACACCTATAATCCCAACACTTTGGGAGGCCAAGGAGGGCAGATCACTTGAGGTCAGGAGTTCAAGACCACCCTGGCCAAATTGGTGAAACCCTGTCTCTACTAAAAGTACCAAAAAATTAGCCAGACATGGTGGCACATGCCTGTAATCCCAGCTACTGGGGAGGCTGAGGCAGGAGAATCATTTGAACCCAGGAGCTGGAGGTTGCAGTGAGCAGAGATCACACCACTGTACTCCAGCCTGGGCGACAGAGTGAGACTCTATCACAAAAAAAAAAA"
"chr1","1316054","1316301","chr1","43724514","43724757","47","42408460","GGTGGATCCCTTGGGGTCAGGAATTGGAGACCAGCCTGGCCAACATGGTGAAACCCCGTCTCTACTAAAAATACAAAAGTAAGCCAGGTGTGGAAGTGCGTGCCTGTAATCCCAACTGCTCAGGAGGCTGAGGCAGGAGAATCGCTTGAACCTGGGAAGTGGAGGTTGCAGTGTACTGAGATCACGCCACTGCACTCTAGCCTGGGCAATGGGGCGGGACTCCATCTCGGTAAAAACAAACAAAAAAA","GGGCAGATCACTTGAGGTCAGGAGTTTGAGACCAGCCTGGGAAACATGGTGAAACCCAGTCTCTACTAAAAATTCAAAACTTAGCCAGGCGTGGTGGTACATGCATGTAGTCTCAGCTACTCAGGAGACTGAGGCACAAGAATCGCTTGAACCTGGGAGGCGGAGGCTGCAGTGAGCTGAGATCACGCCACTGTACTCCAGCCTGGGTGACAGAGCAAGACTCTGTCTCAAAAAAAAAAAAAAA"
"chr1","1379123","1379356","chrX","11729705","11729948","43","10350582","GGCCGGGTACAGTGACTCACGCCTGTAATCCCGGCACTTTGGGAGGCCAAGGCAGGCAGATCACTTGAGGTCAGTTCGAGACCAGCCTGGCCAACATGGCGAAACCCCGTCTCTACGCAAAATACAAAAATTAGCCGGGCGTGGTGGCGCATGCCTGTAATCCCAGCTGCTCAGGAGGCTGAGACAGGAGGATCACTTAAACACAGGAGGCAGAGTGAGCCAAGGCCATGCCAC","GGCCAGGCATGGTGGCTCACGCCTGTCATCCCAGCACTTTGGAAGGCCAAGGTGGGCAGATCACTTGAGGTCAGGAGTTTGAGACCTGCCTGGCCAACATGGTGAAACCCGTCTCTACTAAAAATACAAAAATTAGCCAGGCATGGTGGCGCATGCCTGTACTGCCAGCTACTCGGGAGGCTGAGGCAGGAGAATCTCCTGAACCCAGGAGGCGGAGGTTGCAGTGAGCTAAGATCGTGCCACT"
"chr1","1406075","1406366","chr15","22391678","22391973","54","20985603","GCTGGGCACGGTGTCTCACGCCTGTAATCCCAGCACTTTGGGAGGGCAAGGCAGGCAGATCATTTCAGATCTGGAGTTCGAGACCAGCCTGACCAACATGGCGGAACCCGGTCTCTACTAAAAATACAAAAAATAGCTTGGTGGCGCACACCTGCAGTCACAGTTACTCGGGAGACTGGGGCGGGAAAATCGCTTGAACCCGGGAGACGAGGTTGCATTAAGCCTAGATCGCGCCATTGCACTCCAGCCTGGGTGACAGCGCGAGACTCCGTCTCGGGGTAAGAAAAAAAAA","GGCTGGGCATGGTGGCTCACGCCTGTAATTCCAGCACTTTGGGAGGCCAAGGTGGGCAGATCACTTGAGGTCAGGAGTTCAAGACCAGCCTGGCCAACATGGTGAAACCATGTCTCTACTAAAAATACAAAAATTAGCTGGGCTTGGTGGTGCACACCTGTAGTCCCAGTTACTTAGGAGGCTGAGACAGGAGATTCACTTGAACCCGGGAGTCAGAAGTTGTAGTGAGCCAAGATTGCATCATTGCACTCCAGCCTGGGTGACAGAGCAAGACTCCATCTCAAAAAAAAAAAAAA"
"chr1","1408763","1409016","chr7","54583079","54583328","50","53174316","GGTCATTTAAGGTCGGGAGTTCGAGACCAGCCTGGCCAACATTGTGAAATCCCGTCTCTACTAAAAATACAAAAATTAGCTGGGAGTGGCGGTGTGCGCCTGTAATCCCAGATACTCGGGAGGCTGAGGCAGGAGAATCACTTGAACCGGGTAGGCAGAGGTTGCGGTCAGCCGAGATCGCACCTTTGTACTCCAGACTGGGCGACGGAGCAAAACTCCGTCTCAAAAACAGAAAAAAACAAAACAAAACAAGA","CATTTGAGGTCCGGAGTTTGAGACCAGTCTGGCCAACATGGTGAAATCCCGTCTCTACTAAAAATACAAAAAATTAGCCGGGTGTGGTGGTGCACACCTGTAACCCCAACCACTCGTGAGGCTGAGGCACAAAAATTGCTTGAGCCTGGGAGGCAGAGGTTGCAGTGAGCCAAGATGGCGCCACTGCATTCCAGCCTGAGCGACAGAGCAAGACTCGGTTTCAAAAACAAACAAACAAACAACAAACAAA"
"chr1","1424088","1424222","chr1","172218988","172219121","12","170794900","GCTGGGCACGGTGGCTCACACCTGTAATCCCAGCATTTTGGGAGGCTGAGGCGGGTGGATCACTTGAGGTCAGGAGCTTGAGACCAGCCTGGCCAATTTGGTGAAACCCCGTCTCTGCTACAAATACAAAAATCA","GCTGGGCACGGTGGCTCACGCCTGTAATCCCACACTTTGGGAGGCCGAGGCGGGCGGATCACTTGAGGTCAAGAGTTTGAGACCAGCCTGGCCAACATGGTGAAACCCTGTCTCTACTAAAAATACAAAAATCA"
"chr1","1457978","1458280","chr5","23380593","23380893","51","21922615","GGCTGGGGGTGGTGGATCACGCATGTAATCCCAGCATTTTGGGAGGCAGCAGCGGGCAGATTATTTGAGGTCAGGAGTTCTCAACCAGCCTGACCAACATGGTGAAACCCCATCTCTACTAAAAATACAAAAAACTTATCTGGATGTGGTGGCACACACCTGTAATCCCAGCTACTCAGGGGGCTGAGGCAGGAGACCAGCTTGAACCCAGGAGGCGGAGGTTGCAGCGAGCCAAGATTGCGCCACTGCAAGCCAGCTTAAGGGATAGAGTGAGACTTTGTCTCAAATAAATAAAAATAAAAA","GGCTGGGCGTGGTGGCTCACGCCTGTAATCCCAGCACTTTGGGAGGCTGAGGTGGGTAGATAACTTGAGGTCAGGAGTTCGAGACCAGCCTAGCCAACATGGTGAAACCCCTTCTCTACTAAAAATACAAAAATTAGCTGGATGTGGTGGCTCACGCTTGTAATCTTAGCTACTTGGGAGGCTGGGGCATGAGAATTGCTTGAACCCAGGAGGCAGAGGTTGCAGTGAGCCAAGATTGTGCCACTACACTCCAGCCTGGGCGACAGAGTGAGACTCCGTCTCAAAAAATAAATAAATGAAA"
"chr1","1463935","1464224","chr9","17803887","17804180","44","16339952","TGGCTTATGCCTGTAATCCCAGCATGCTGGGAGGCCAAGGAGAGAGAATCACTTGAGGCCAGGAGTTCGAGACCAGCCTGGCCAACATGTCGAACTCCACCTCTACTAAAAATACAAAAATTGGTCGGGCATGGTGGTGGTGCATGCCTGTATTCTCAGCTACTCGGGAGGCTGAGGCAGGAGAATCGCTTGAACCCAGGAGGTGGAGGTTGTGGTGAGCCGAGATCGTGCCACTGTACTTCAGCCTGAGCAACAGAGTGAGACTGTCTCAAAAAAAAAAAAAAAAAGAA","GTGGTGGCTTCTGCCTGTAATCTCAGCATTTTGGGAGGCCAAGGCAGGCGGATCATTTGAGGCCAGGAGTTCAAGACCAACCTGGCCAACACAGCGAAACCCCATCTCTACTAAAAATACAAAAATTAGCTGGGTGTGGGGGTGCATGCCTATAATCTCAGCTACTCAGGAGGCTGAGGCAGAAGAATTGCTTGAACCCAGGAGGTGGAGGTTGCAGTGAGCTGAGATCGTGCCACTGCACTCCAGCCTGGGCAACAGAGTGAGACTCCATCTCAAAAAAAAAAAAAAAGATAA"
"chr1","1483491","1483809","chr2","17712441","17712762","67","16228950","GCCAGGCCTGGTGGCTCACTGGTGTAATCCCAGCACTTTGGGAGGCCAAGACGGGTGGATCACTTGAGGTCAGAAGTTCATGACCAGCCTGGCCAACATGGTGAAAACCCATCTCTACTAAAAATACAAAAATTGGCCGGGCCTCGTGGCACAGGTCTGTATTAGCTGAGTGTGGTGACCTGAGCCTGTAATCCCAGTCACTCGGGAGGCTGAGGCAGGAGAACTGCTTGAACCTGGAAGGCGGAGGTTGCAGTGAGCCAAGATGGCACCATTGCACTCCAGCCTGGCCACAGAACAAAACCCTTTCTCTAAAAACAAA","GGCCGGATGCAGTGGTTCACACCTATAATCCCAGCACTTTGGGAGGCTAAGGTGGGCAGATCACTTGAGGTCAGGAGTTCAAGACCAGCCTGGCCAACATGGTGAACCCCCATCTCTACTAAAAATTCAAAAATCAACTGGGCAAGGTGGCACATGCCTGTAATTTGCTGGGTGTGGTGGTGCTCACCTGCAATCCCAGCTACTCAGGAGGCTGAGGCACGAGAAGTGCTTGAACCCAGGAGGCAGAGGTTGCAGTGAGCTGAGATCATGCCACTGTACTCCAGCGTGGGCAACAGAGTAAGACTCCGTCTCAAAAAAAAAA"
"chr1","1487998","1488255","chr13","59198364","59198619","46","57710366","GGCTGGGCGTGGTGGATCACGCATGTAATCCCAGCATTTTGGGAGGCCAGGTGGGCAGATCATTTGAGATCAGGAGTTCTTGACCAACTTGACCAACATGGTGAAACCCCATCTCTACTAAAAATACAAAAAACTTAACTAGGTGTGGTGGCAAACACCTGTAATCCCAGCTACTCAGGGGGCTGAGGCAGGAGAGCAGCTTGAACCCAGGAGGCAGAGGTTGCAGCGAGCCAAGATTGCGCCACTGCAAGCCAGCTT","GCTGGGCGCAGTGGCTCATGCCTATAATCCCAGCACTTTGGGAGGCCGAGGCGGGTGGATTACTTGAGCTCAGGAGTTCAAGACTAGCCTGGCCAACATGGTGAAACCCCATCTCTACTAAAAATATAAAAATTAGCCAGGTGTGGTATCGCACACCTGTAGTCCCAGCTACTCAGGAGGCTGAGGCAGGAGAATTGCTTGAACCCAGGAGGCAGAGGTTGCAGTGAGTGGAGATTAGGCTACTGCACTTCAGCCT"
"chr1","1488262","1488478","chr14","900723","900930","66","587539","AAGGCCGGTGAATTTCTTTAGTTCAGAAGTTTGAGCCCTGCCTGGACAATGTGGGAAACTCCATCTCTACTAACGTTACAAAAAAATTAGCCGGGCGTGTTAGTGTGCCTCTGCAATCCCAGCTTCTCGGGAGGCTGAGGCAGGAGGACTGCTTGAGCTGGAGATGTCGCCCCTGCACTCCAGCCTGGGCGACAGACACCCTGTATTAAAATAATAA","GAGTTGGGCGGATTACTTGATTGGAGACCAGCCTGGCCAACATGGTGAAATCCCATCTCTACTAAAAAAAAAAAAAAATAGCTGGGCATGGTGGTGCATGCCTGTGATCCCAGCTACTCCAGAGGCTGAGGCAGAGGTTGCAGTGAGCCAAGATCGCACCACTGCACTCCAGCTTGGGGGACAGAGCAAGACTCTGTCTTAAAAAGAA"
"chr1","1488769","1488823","chr5","108403576","108403630","18","106914807","GGCTCACATCTTTAATCCTAGCACTTCAGAAGGTCAAGGCGATCAAATCTCTCGC","TGGCTTATGCCTGTAATCCCAGCACTTTGGAAGGCTGAGGCGGGCAGATCACTTG"
"chr1","1521700","1522028","chr13","57414367","57414663","69","55892667","GGCCAGGCCCGGTGGCTCACCCGTGTAATCCCAGCACTTTGGGAGGCCAAGACGGCTGGATCACTTAAGGTCAGAAGTTCGTGACCAGCCTGGCCAACATGGTGAAAACCCATCTCTACTAAAAATACAAAAATTGGCCGGGCCTGGTGGCACAGGCCTATATTAGCTGAGTGTGGTGACGTGAGCCTGTAATCCCAGTCACTTGGGAGGCTGAGGCAGGAGAACTGCTTGAACTGGGGAGGTGGAGGTTGCAGTGAGCCGAGATGGCACCATTGCACTCCAGTCTGACCACAGAGCAAGACCCTGTCTCTAAAAACAAACAAACAAAA","GGCCAGGCACGGTGGCTCACGCCTGTAATCCCAGCACTTTGGGAGGCCAAGGTGGGCGGATCACTGGAGGTCAGGAGTTCTAGACCAGCCTGGCCAACATGGTGAAAACCCGTCTCTAATAAAAATAAAAAATTAGCAGGTGTGGCGGCACATGCCTGTAATCCCAGCTACTTGGGAGGCTGAGGCACGAGAATCGCTTGAAACTGGGAAGTGGAGGTTGCAGTGAGCCAAGATCACACCACTGCACTCCAGCCTGGGTGACAGAGCAAGACCCTGTCTCAAAAATAAATAAATAAA"
"chr1","1544336","1544635","chr6","17068239","17068542","35","15523903","GGCCTGGCGCGGTGGCTCTCGCCTGTGATCCCAGCACTTTGGGAGGCTGAGGCGGGCGGATCACTTGAGGACAGGAGTTCAAGACCAGCCTGGCCAACATGGTGAAACCCCGTCTCTACTAAAAATACAAAAATCAGCTGGGTGTGGTGGCACACGCCTGTAGTCCCAGCTACTCGGGAGGCTGAGGCAGGAGAATCACTTGAACCCGGGAGGCAGAGGTTGCAGTGAGCCTAGATTGTACCACTGCACTCCAGCCTGGCGACAGAGCACGACTCTGTCTCAAAAAACAAAACAAAAAAA","GGCTGGACGCAGTGGCTCATGCCTGTAATCCCAGCACTTTGGGAGGCCAAGGTGGGTGGATCACTTGAGGTCAGGAGTTCGAGACCAGCCTGGCCAACATGGTGAAACCCTGTCTCTACTAAAAATACAAAAATGAGCTGGGCATGCTGGTACACATCTGTAATCCCAGCTACTTGGGAGGCTGAGGCAAGAGAATCGCTTGAACCCAGGAGGCAGAGGTTGCAGTGAGCCGAGATTGCACCACTGCACTCCAGCCTGGGCAACAGAGCAAGACTCTGTCTCAAAAAAAAAAAAAAAAAGAAAA"
"chr1","1552739","1553039","chr5","154800624","154800924","43","153247885","GGCCGGGCGCGGTGCCTCACTCCTGTAATCCCTGCACGTTGGAAGGCCGAGGCGGGTGGATCACTTGAGGTCAGGAGTTTGAGACCAGCCTGGCCAATATGGCAAAACCCCATCTCTACTAAAACTACAAAAATTAGCCAGAAATGGTAGCTAATGCCTGTAATCCCAGCTACTTGGGAGGCTGAAGCAGGAGAAACTATTGAACCCACGAGGCGGAGGTTGCAGTGAGCCGAGATTGCGCCATTGCACTCCAGCCTGGGCGACAGAATGAGACTGTCTCAAAAAAAAAAAAAAAAAAAAA","GGCCAGGCGTGGTGACTCATACCTGTAATCCTAGCACTTTGGGAGGCCGAGGTGGGTGGATCACTTGAGGTCAGGAGTTTGAGACCAGCCTGGCCAATGTGGTGAAACCCCATCTCTACTAAAAATACAAAAATTAGCCGTGCATTGTGGCGTATGCCTGTAATCCCAGCTACTTGGGAGGCTGAGGCAGGAGATTCACCTGAACCCCGGAGGCGGAGGTTGCAGTGAGCCGAGATCGCACCACTGCACTCTAACCTGGGCGACAAAGTGAGACTCTATCTCAGAAATAAAAAAAAAAAAA"
"chr1","1557131","1557442","chr3","165648344","165648651","42","164091213","GGCGGGACGCAGTGGCTCACACCTGTAATCCCAGGACTTTGGGTGGCCGAGGCGGGTGAATCACTTGAGGTCAGCAGTTCAAGACCAGCTTGGCCAACATAGTGAAATCCTGTCTCTACTAAAAATACAAAAATTAGCCGGGTGTGGCAGTGCATGCCTATAATCCCAGCTACTCAGGAGGCTGAGGCAGGAGAATCGTTTGAACCTGGGAGGCGGAGGTTGCAGTGAGCCGAGATTGCACCACTGCACTCCAGCCTGGGCGACAGAACAAGACTCTGTCTCAAAAAAGTAAATAAATAAATAAATAAATAA","GCTGGGCGTAGTGGCTCACACCTGTAATCCCAGCACTTTGGGAGGCCGAGGTGGACAGATCACTTGAGGCCAGGAGTTCTAGACCAGCCTGGCCAACATGGTGAAACCCTGTCTCTACTAAAAATACAAAAGTTAGCTGGGCTTGGTGGTGTGTGCCTGTAGTCCCAGCTACTCAGGAAGCTGAGGCTGGAGAATCACTTGAACATGGGAGGCGGAGGTTGCAGTGAGCTGAGATCACACCACTGCACTCCAACCTGGGCGACAGAGCAAGACTCTGTCTCAAAGATAAATAAGTAAATAAATAAAAA"
"chr1","1567689","1567929","chr10","34329847","34330103","37","32762158","GGTGGCTCACTTGAGGTCAGGAGTTCGACAACAGCCTGGCCAACATGGTGAAACCCTATCTCTACTAAAAATACAAAAATTAGTCATGGTGGCACACGCCTGTAATCCCAGCTATTCGGGAGGCTGAGGCAGGAGAATTGCGTGAACCCCGGAAGCGGAGGTTGCAGTGAGCCGAGATCGCGCCATTGCACTCCAGCCTGGGAAACAGAGCGATACTCTGTTTCAAAAAAAAAAAAAAAAA","GGGTGGATCACTTGAGGTCAGGAGTTCGAGACCAGCCTGGCCAACATGGTGAAACCCCATCTCTACTAAAAATACAAAAATTAGCTGGCTGTGGTGGCGCGTGCCTGTAGTCCCAGCTACTCAGGAAGCTGAGGCAGGAGAATTGCTTGAACCCGGGAAGCGGAGGTTGCAGTGAGCTGAGATTGTGCCACTGCACTCCAGCCTGGCGCCTGGCAACAGAGCGAGACTCTGTCTCAAAAAGAAAAAAAATACAAAAA"
"chr1","1593316","1593600","chr16","61819076","61819365","42","60225760","GGGCCTGCTGGCTCACTCCTGGAATCCAGCACTTTGGGAGGCCAAGGTGGCCGGATCACTGGAGGTCAGGAGTTTGAGACCAGCCTGACCAACATGGTGCAACCCTGTCTCTAGTAAAAATGCAATATTAGCAGGGTGTGTGGCACATGCCTGTAATGCCAGCGACTCAGGAGGCTGAGGCAGGAGAATCACTTGAACCTGGGAGGCGGAGATTGCAGTGAGCCGAGATCGCACCACTGACTCCAGCCTGGGCAACAGAATGAGACTGTGTCTCAAAAAAAAAAA","CCGGGCTTGGTGGCTCACGCCTGTAATCCCAGCACTTTGGGAGGCTGAGGTGGGTGGATCACTTGAGGTCAGGAGTTTGAGACCAGCCTGGCCAACATAGTGAAACCCCATCTCTACTAAGAACGCAAAATTAGCCAGGCAGGGTGGCGCATGCCTGTAATCTCAGCTACTCAGGAGGCTGAGGCAGGAGAATCGCTTGAGCTTGGGAGGCGGAGGTTGTAGTAAGCCAAGATCGCACCACTGCACTCCAGCCTGGGTGACAAAGTGAGACTCTGTCTCAAAAAAAAAAA"
"chr1","1609226","1609526","chr1","10143237","10143538","38","8534011","GGCCGGACGCAGTGGCTCACGCCTGTAATCCCAGCACTATTGGAGGCCAAGGTGGGTGTATCACTTGAGGTCAGGAGTTCAAGACCAGCCTGGCCAACATGGTGAAATCCCGTCTCTACTGCAAAAACTCAAAAATTAGCCAGGCGTGCTGGCACGCGTCTGTAGTCCCAGTTACTCTGGAGGCTGAGGCAGAAGAATCACTTGAACCTGGGAGGCGGAGGTTGCAGTGAGCCAAGATAGTGCCACTGCACTCCAGCCTGGGCAACACAGTGAGACTCTGTCTCAAAAAAAAAAAAAAAAA","GGCTGGGTGCGGTGGCTCACGCCTGTAATCCCAGCACTTTGGAAGGCCAAGGCGGGTGGATCACTTGAGGTCAGGAGTTCGAGACCAGCCTGGCCAACACGGTGAAACCCCATCTCTACTAAAAATACAAAAATTAGCCAGGCATGGTGGTGCGCCATCTGTAGTCCCAGCTACTCGGGAGCCCGAGGCAGGAGAATCACTTGAACCTGGGAGGCGGAGACTGCAGTGAGCCAAGATTGTGCCACTGCACTCTAGCCTGGGTGACAAAATGAGACCCTGTCTCAAAAACAAAAACAAAAAAA"
"chr1","1613161","1613479","chr15","9916758","9917071","48","8303597","GGCTGGGTGCGATGGCTTCACGCCTGTAATCCCAGCAGTTTGGGAGGCTGAGGAGGGCAGATCACTTGAGGTCAGGAGTTCATGACCAACCTGACCAACATGGTGAAGCCCTGTCTCTACTAAAAATACAAAAATACAAAAAAAAAAAATATTAGCCAGGCATGGTGGTGCACGCCTGTAGTCCCAGCTACTTGGGAGGCTGAGGCAGGAGAATTGCTTGAGCCCAGGAGGTGGAGGTTGCAGTGAGCTGAGATCGTGACACTGCACTCCAGCCTGGGGAACAGAGCAAGAATCCGTCTCAAAAAAAAAAAAAAAAAAA","GGCTGGGCACGGTGGCTCACGCCTGTAACCCCAGCACTTTGGGAGGCTGAGGTGGGCAGATGGTTTGAGGTCAGGAGTTTGAGAGCAACCTGACCAACATGGTGAAACCCCATCTTTACTAAAAATGCAAAAAAAAAAAAAAAAAAAAAAGCCAGGCCTGGTGGTGCACGCCTGTAGTCCCAGCTACTCGGGAGGCTGAGACAGGAGATTTGCTTGAACCCAGGAGGTGGAGGTTGCAGTGAGCCGAGATTGCGCCGTTGCACTCCAGCCAGGGCCACTGAGAGACTCTGTCTCAAAAGAATACAAATAGAAAA"
"chr1","1659539","1659847","chr1","184817871","184818171","51","183158332","GGCCGGGCGCGGTGGCTCACGCCTGTAATCCCAGCACTTTAGGAGGACGAAGCGGGCGGATCACTTGAGGTCAGGAGTTCGAGACCAGCCTGGCCAATATGGCGAAACCTCGTCTCTACCAAAAATATAAAAATTAGCCGGGCGTGGTGGCGCGGGCCTGTGGTTCCAGCTACTCGGGAGGCTGAGGCAGGAAAATTCCTTGAACCCGGGAGGAGGCTGCAGTGAGCCAAGACCACGCCACTGCACTCCAACCTGGGCGGCAGAGCAAGGCTCCGACTCAAAAGTAAATACATGAATAAATAAAATAAA","GGCCGGGTGCAGTGGCTCACGCCTATAATCCCAGCACTTTGGGAGGCCGAGGTGGGAGGATCACTTGAGGTCAGGAGTTTGAGACCAGCCTGGCCAACATGGTGAAACCCCATCTCTACAAAAAAAAAAATAGCCGGGTGTGGTGGTGTGCACCTGTAGTCCCAGCTACTTGGGAGGCTGAGGCAGGAGAATTGCTTGAACCAGAGAGGTGGAGGTTGCAGTGAGCCGAGATCGTGCCACTGCACTCCAGCCTGGGTGACAGAGCAAGAGTCCGTCTCAAAAATAAAATAAAATAAAATAA"
"chr1","1689705","1690002","chr19","36430405","36430704","38","34740700","GGCCGGGCGCAGTGGCTCATGCCTGTAATCCTAGCACTTTGGGAGGCCAAGGTGGGCGGATCACTTGAGGTCGGGAGCTCGAGACCAGCCTGACCAACATGGTGAAACCCTGTTTCTACTAAAAATACAAAAATTAACCAGGTGTGGTGGTATGCACCTGTAATCCCAGCTACTCGGGAGGGTGAGGCAGGAGAATTGCTTGAACCCAGGACGGGGAGGTTGCAGTGAGCCCAGACTGCGCCGCTGCACTCCAGCCTGGGCAACAGGGTGAGACCCTGTCTCAAAAAAAAAAAAAAAA","GGCCAGGCGCAGTGGCTCATGCCTGTAATCCCAGTTCTTTGGGAAGCCAAGGTGGGCAGATCACTTCCGGTCAGGAGTTCAAGACCAGCCTGGCCAACATGGTAAGACCCCCGTCTCTACTAAAAATACAAAAATTAGCCTGGTGTGGTGGTGTGTGCCTGTAGTCCCAGCTACTCGGGAGGTTGAGGCAGGAGAATTGCTTGAACCCAGAAGGTGGAGGTTGCAGTGAGCCCAGATGGCACCACTGCACTCCAGCCTGGGTGAGAGAGTGAGACTCTGTCTTAAAAAAAAAAAAAAAAA"
"chr1","1724850","1725158","chr22","32581263","32581567","51","30856413","GGCCCGGCGCGGTGGCTCACGCCTGTAATCCCAGCACTTTAGGAGGACGAAGCAGGCGGATCACTTGAGGTCAGGAGTTCGAGACCAGCCTGGCCAATATGGCGAAACCTCGTCTCTACCAAAAATATAAAAATTAGCCGGGCGTGGTGGCGCGGGCCTGTGGTTCCAGCTACTCGGGAGGCTGAGGCAGGAAAATTCCTTGAACCCGGGAGGAGGCTGCAGTGAGCCAAGACCACGCCACTGCACTCCAACCTGGGCGGCAGAGCAAGGCTCCGACTCAAAAGTAAATACATGAATAAATAAAATAAA","CCCGGTACAGTGACTCACGCCTGTAATCCCAGCACTTTGGGAGGCTGAGGCAGGCAGATCACTTGAGGTCAGAAGTTTGAGACCAGCCTGGCCAACATGGTGAAACCCTGTCTCTACTAAAAGCACAAAAATTAGCCAGATGTGGTGGCACATGCCTGTAGTCCCAGCTACTCGGGAGGCTGAGGCAGGAGAATTGCTTGAACCCTGGAGGCAGAGGCTGCAGTGAGCTGAGATCATGCCACTGCACTCCAGCCTGGGTGACAGAGCAACGCTCCGTCTCATAAATAAATAAATAAATAAATAAA"
"chr1","1742972","1743265","chr18","12009257","12009549","42","10266285","GGCCAGGCGCAGTGGCTCATGCCTGTAATCCTAGCACTTTGGGAGGCCAAGGTGGGCGGATCACTTGAGGTCGGGAGCTCGAGACCAGCCTGACCAACATGGTGAAACCCTGTTTCTACTAAAAATACAAAAATTAACCAGGTGTGGTGGTATGCACCTATAATCCTGGCTACTTGGGAGGCTGAGGCAGGAGAATTGCTTGAACCCAGGACGGGGAGGTTGCAGTGAGCCCAGACTGCGCCGCTGCACTCCAGCCTGGGCAACAGGGCGAGACTCTGTCTTAAGAAAAAAAAA","GGCTGGGTGCAGTGGCTCATGCCTGTAATCCAAGCACTTTGGGGGGTCAAGGTGGGCAGATCACTTGAGGTCAGGAGTTCCAGACCAGCCTAGCCAACATGGTGAAATCCTGTCTCTACTAAAAATACAAAAATTAGCCCAGTGTGGTGGTGTGCCTGTAATCCCAGCTACTTGGGAGGCTGAGGCAGGGGAATTGCTTGAAACCAGGAGGTGGAGGTTGCAATGACCTGAAATGGTGCCACTGCACTACAGCCTGGGCAACAGAGTGAGACTCTGTCTCAAAAAAAAAAAAA"
"chr1","1766920","1767216","chr14","53496364","53496654","41","51729444","GGCTGGGCGTGGTGGCTTACGCCTGTAATCCCAGCACTTCGGGATGCTGAGGCGGGCAGATCATTTGAGGTCAAGAGTTGGAGACCAGCCTGGCCAACATGGTGAAACCCCATCTCTACTAAAAATTCAAAAAAATTAGCTGAGCGTGGTGGCGCACGCCTGTAGTCCCAGCTGCTAGGGAGGCTGAAGCAGGAAAATCACTTGAACCCGGGAAGCAGACGTTGCAGTGAGCTGCGATCACACCACTGCACTCCAGCGTGGGCGACAGAGTGAGACTCTGTCTCAAAAAAAAAAAGA","GGCTGGGCGTGGTGGCTCACGCCTGTAATCCCAACACTGGGAGGTTGAGGCAGGTGGATCACTTGAGGTCAGGTGTTTGAGATCAGTCTGGCCAATATGGTGAAACCCCATCTCTACTAAAAATACAAAAATTAGCTGGGCGTGGTGGCGCATGCCTGTAACCCCAGCTACTTGGGAGGCTGAGGCAGGAGAATCACTTGAACCCAGGAGGCAGAAGTTGCAATGAGCTGAGACGACACCACTGCACCCCAGCCTGGGTGACAGAGAGAGACTCTGTCTAAAAAAGAAAAA"
"chr1","1769136","1769264","chr10","48138660","48138788","19","46369524","GGCGGGATGTGGTGGCTCACGCCTGTAATCCCAGTGCTTTGGGAGACCAAGGTGGGCGGATCACTTCAGGCCAGGAGTTCAAGACCAGCCTGGCCAACATGATGAAACCCTGTCTCGACTAAAAGTACA","GGCTGGGTATGGTGGCTCACGCCTGTAATCCCAGCACTTTGGGAGGTCGAGGTGGGCGGATCATTTGAGGTCAGGAGTTCAAGACCAGCCTGGCCAACATGGTGAAACCCCGTCTCTATAAAAACAAAA"
"chr1","1769579","1769757","chr3","53757892","53758068","37","51988313","CTAGCCGCGTGTGGTGGCGCGTGCCTGTAATTCCAGCTGCTGGAGAGGGTGAGGCATGAGAATTCCTTGAACCTGGGAGGCAGAGGCTGCAGTGAGCTGAGATCGTGCCACTGCACTCTAACCTGGGCGACAGAGCAAGACTCCATCTCAAATGAAAAGAAAAAAAAAAAAAGAAAAAA","AGCCAGGAGTGGTGTCACATGCCTGTAATCCCAGCTACTCAGGAGGCTGAGGCAGGAGAATCGCTTGAACCTGGGAGGTAGAGTTTGCAGTGAGCTAAGATCATGCCATTGCACTCCAGCTTGGACAACAGAGCTAGCCTCCATGTCAAAATAAAAAATAAAAAAAAAAAAAAGAAA"
"chr1","1802487","1802784","chr12","115383799","115384092","42","113581312","GGCTGGGAGTGGTGGCTCAAGCCTGTAATTCCAGCACTTTGGGAGGCCGAGGCAGGCAGATCACTTGCAGTCAGGAGTTCAAGACCAGCCTGACCAACATGGCAAAACCCCGTCTCTACTAAAAATACAAAAATTGGCCAGGCGTGGTGGTGCACGCCTGTAATCTACTCGGGAGGCTGAGGCAGGAGAATCGCTTGAACCCAGGGGGTTGAGGTTTCAGTGAGCTGAGATTGCACCACTGTACTACAGCCTGGGTGACAGAGCAGGACTCCATCTTAAAAAAAAAAAAAAAAGACAA","GGCTGGGTGCAGTGGCTCAAGCCTATAATCCCAGCACTTTGGGAGGCCAAGACAGGTGGATCACTTGAGGTCAGGAGTTCAAGACCAGCCTGGCCAACATGGCGAAACCCCGTCTCTACTAAAAATACAAAAATTAGCCGGGCATGGTGGTACATGCCTGTAATCCCACTGGGGGGCTGAGGCAGGAGGATCGCTTGAACCTGGGAGGCAGAGGTTGCAGTGAGCCGAGATTATACCACTGCACTCCAGCCTGGGAAACAGAGCAAGACTCCATCTCAAAAAAAAAAAAAAAAA"
"chr1","1811082","1811387","chr5","60529593","60529894","43","58718511","GGCTAGACGCGGTGGCTCACACCTGTAACCCCAGCACTTTGGGAGGCCAAGTCAGGTGGATCGCTTGACTTCAGGAGTTCGAGACCAGCCTGGCTGACATGGTGAAACCCCATCTCTACTAAAAATACAAAAATTAGCCAGGTGTGGTGGCGAGTGCCTGTAGTTTCAGCTGCACTCAAGAGGCTGAGGTGGGAGAATCGCTTGAACCCAGGAGCTGGAGGTTGCAGTGAGCCAAGATCACACCACTGCACTCCAGCCTGGGCAACAGAGTGAGACTCCATCTCAAAAAAAGAAAAAAAAAAAAAA","GGCCTGTCGCAGTGGCTCACACCTGTAATCCCAGCACTTTGGGAGGCCAAGGCGGGTGGATCACTTGAGGTCAGGAGTTTGAGACCAGCCTGGCCAACATGGCAAAACCCCATCTCTACTAAAAATACAAAAATTAGCCAGGCATGGTGGCGCATGCCTGTAATTCCAGCTACTTGGGAGGCTGAGACAGGAGAATCGCTTGATCCCAGGGTACAGAGGTTGCAGTGAGCCAAGATCACACCACTGCACTCCAGCCTGGGCAACAGAGCAAGACACCATCTCAAAAAAATAAAATAAATAAA"
"chr1","1813150","1813410","chr11","71830463","71830730","60","70017313","GGCTGGATGCAGTGGCGCACACCTGTAATCCCAGCACTTTGGGAGGCTGAGGTGGGCGGATCACTTGAGGTCAGGAGTTCGAAACCAGCCTCCTGGCCAACATGGCGAAACCCCATCTCTGCTAAAAATTTAAAAATTAGCTGGGCATGGTAGCTGTAGTCCCAGCTACTTGGAAGGCTGAGGCACGTGGAGGTTACTGTGAGCCGAAATTGCACCACTGGGTGACAGAGTGACACTGACTCAAAAAAAAAAAAGAAAAAA","GGCTGGGTGCACTGGCACACACCTGTAATCCCAGCACTTTAGGAGGCCAAGGCAGGCAGATCACTTGAGACAGAAGTTCAAGACCAACCTGGCCAACATGGTGAAACCCCATCTCTATGAAAAATACAAAAATTAGCCAGGTGTGATGGTGCATGCCTATAATCCCTGCTACTTGGGAGGCTGAGGCAAGAGAATGACTTGAACCTGGAAGGCAGAGGTTTCAGCCTGGGAGACAGAGTGAGACTGTCTCAAAAATAAAAAAAAAAAA"
"chr1","1816637","1816920","chr12","48605950","48606233","40","46789313","ATCCCAGCACTTTGGGAGGCCGAGGCAGGTGGATCACTTGAGGTCAGGAGTTCGAGACCAGCCTAACCAACATGGTGAAACCCTGTCCCTACTAAAATACAAAAATTAGCCAGGCATGGTGGCACACACCTGTAATCCCAGCTACTCAGGGGGCTGAGGCAGGAGAATTGCTTGGACCCGGGAGGCAGAGGTTGCAGTGAGCAGAGATCGCACCACTGCACTCCAGCCTGGGAGACAGAGCGAGACTCCATCTTAAAAAAAAAAAAAAAAAAAAAAGATAATAA","GTAATCCCAGCACTTTGGGAGGCCGAAGCGGGTGGATCACTTGAGGTCAGGAGTTTGACACCAGCCTGGCCGACATGATGAAACCCTGTCTCTACTAAAAATACAAAAATTAGCCAGGCATGGTGGCACCCACCTGTAATCCCAGCTACTCAGGAGGCTGAGGCAGGAAAATCACTTGAACCTGGGAGGTGAAGGTTGCAGTGAGCCGAGATCATGCCTCTGCACTCCAGCCTGGATGACAGAGTGAGACTCCATCTCAAAATAAATAAATAAATAAAAATAAA"
"chr1","1826135","1826434","chr1","15931085","15931383","38","14104950","GGCCAGGTGTGGTGGCTCATGCCTGTAATCCCAACAATTTGGGAGGCCAAGGCGGGTGGATCACTTGAGGTCAGGAGTTCAAGACCAGCCTGGCTAACATGGTGAAACCCGATCTCTACTAAAAATACAAAAATTAGCTGGGCATGGTGGCACACGCCTGTAATCCCAACTACTTGGGAGGCTGAGGTAGAAGAATCATTTGAACCTGGGAGGCAGAGGTTGCACTGAGCCAAAATCACACCACTGCATTCCGGCCTGGGTGACAGAGCGAGACTCCATCTCAAAATAAAAAAAATAAAA","GGCCAGGTGTGGTGGCTCATGCCTGTAATCCCAGCACTTTGGGAGGCCAAGGCAGGCAGATCACTTGAGGTCAGGAGTTTGAGACCAGCCTGGCCAACAAGGTGAAACCCTGCCTCTACTAAAAATACAAAAATTAGCCGGGTGTGATGGCACATGCCTGTAATCCCAGCTACCTGGGAGGCGGAGGCAGGAGAATCACTGGAACCTGGGAGGCAGAGGCTGCAGTGAGCTGAGATCACACCATTGCACTCCAGCCTGGGCAACAGAGCCAGACTCCATCTCAAAAAAACAAAACAAAA"
"chr1","1831452","1831728","chr4","10516598","10516864","38","8685146","GCGTGTAATCCCAGTACTTTGGGAGGCTGAGGCAGGCAGATGACTTGAGGTCAGGAGTTCAAGACCAGCCTGGCCAACATGGCGAAACCCTGTCTCTACTAAAAATACAAAAATTAGCCAGGTGTGGTGGTGCATGCCTGTAATCCCAGCTACTTGGGAAGCTGAGGAAGGAGAATCGCTTGAACTCAGGAGGTGGAGGTTGCAGTGAGCCGAGATCGCGCCATTGCACTCCATCCAGCCTGGGCCTCAGAGCTAGACTCAGTCTCAAATAAAATAA","CTGTACTCCCAGCACTTTGGGAGGCTGAGGCAGGCAGATCACTTGAGATCAGGAGTTCGAGATCAGCCTGACCAACATGGTGAAACCCCGTCTCTACTAAAAATACAAAATTTAGCCAGGTGTGGTGGTGCACACCTGTAATCCCAGCTACTCGGGAGGCTGAGGTAGGAGAATCGCTTGAAATCAAGAGGTGGAGGTTGCAATGAGCTGAGATTGTGCCACTGCACTCTAGCCTGGGTGACAGAGTGAGACTCTGTCTCAAAAAAA"
"chr1","1859017","1859317","chr2","14206640","14206942","49","12347623","GGGCGTGGTGGCTCACGCCTGTAAGCCCAGCACTTTCGGAGGCTCAGGCGGGTGGATCACTTGAGGTCAGGAATTCGAGACCAGCCTGGCCAACATTGTGAAACCCTGTCTCTACTAATAATATAAAAATTAGCCGGGCTTTGTGGTGCATGCCTCTAATCCTGGCTACTTGGGAGGCTGAGACAGGAGAATTGATTGAACCTGAGAGGTGGAGGTTGCAGTGAGCTGAGATCGCGCTATTGCATTCCAGCCTGGGCAACAAGTGAAACTCTGCCTCCAAAAAAAAAAAAAAGAAAATAAA","GGCGCGGTGGCTCATACCTGTAATCCTAGCACTTTGGGAGCCTGAGGTGGGTGGATCACTTGAGGTCAGGAGTTCGAGACCAGCCTGGCCAACATGGTGAAACCCTGTCTCTACTAAAAATACAAAAATTAGCTGGGTGTGGTGGTGCATGGCTGTAATCCCGGCTGCTGGGGAGGCTGAGGCAGGAGAATTGCATGAACCGAGGAGGTGGAGGCTGCAGTGAGCTGAGATCACGCCACTGCACTCCAGCCTGGGTGACAAAGCAAAACTCCATTTCAAATAAGAAAGAAAAGAAAAGAAAAA"
"chr1","1861919","1862229","chr12","118103641","118103963","71","116241722","GGCCGGGCGCAGTGGCTCACGCCTGTAATCCCAGCTACTCGGGAGGCTGAGGCAAGAGAATCACTTGAGCCCCGGGGGTCGGAGGTTGCAGTGAGCTGAGATCGCACCACTGCACGCCAGCCTGGGCGACAGAGTGAGACTCCATCTCAAAAAAAAAGCCTGGTGTGGTGGCGCACACCTGTAATCCCAGCTACTTGGGAGGCTAAGGCAGGACAATCACTTGAACCAAGGAGATGAAAGTTGCAGTGAGCCAAGATTGCGCCACTGCACTCCGCCTGGGTAACAGAGTAAAACCTTGTCAAATAAATAAA","GCCGGGCGTAGTGGTGCACGCCTGTAATCCCAGCTACTTGGGTGGCTGATGCAGGAGAATCACTTGAATCTGGGAGGCGGGGGTTGCAGTGGGCCAAGATGGCACCATTGCACCCCAATATGGGCAACAAGAGCGAAACTCTGTCACAAAAAAAAAAAATTAGCTGGGCGTGGTAGCACATGCCTGTAATCCCAGCTATTTGGGAGGCTGAGGCAGGAGAATCACTTGGACCCAGGAGGCGGAGGTTGCAGTGAGCTGAGATCGCACCACAGCATTCTAGCCTGGGTGACAAGAGGTAAACTCCATCTCAAAAAATAAAAAAA"
"chr1","1871170","1871452","chr16","22392028","22392302","50","20520858","GGCCAGGTACAGTGGCTCACACCTGTAACCCCAGCATTTTGGATAACATTAAGGCCGAGGCAGGTGGATCACTTAAGGCCAGGAGTTAGAGACCAGCGTGACCAACATGGTGAAACCCCGTCTCTATTAAAAATACAAAAATTAGCCAGGCATGGTGGCACACATCTATAATCTCAGCTACTCAAGAGGCTGAGGCAGGAGTATTGCTTGAACGTAGGAGGCGGAGGTTGCAGTGAGCCCAGATCGCGCTACTGCACTCCAGCCACGGCAACAGAGTGAGACT","GGCCAGATGTGGTGGATCATGCCTGGAATCCCAGCACTTTGGGAGACTGAAGCAGGAGAATCACTTAAGGTCAGGAGTTCGAGACCAGCCTGGCCAACATGATGAAACCCCGTCTCTACTAAAAATACAAAAATTAGCCAGGCATGGTGGCATGCACCTGTAATCCCAGCTACTCAGGAGGCTGAGGCAAGAGAATTGCTTGAATCTGGGAGGTGGAGGTTGCAGTGAGCTGAGATGGCGCCACTGCATTCCAGCCTAGGCAACAGAGCAAGACT"
"chr1","1877019","1877317","chr11","82219674","82219971","33","80342655","GGCCAGGCGTGGTGGCTCATGCCTGTAATCTCAGCACTTTGGGAGGCCAAGGTGGGCGGATCACTTGAGGTCAGGAGTTCGAGACCAGCCTGACCAACATGGTGAAACCCCGTCTCTACTAAAAATACAAAATTAGCCAGGCATGGTGGTGTATGCCTGTAATCCCAGCTACTCAGGAGGCTGAGGCAGGAGAATCGCCTGAGCTGGGGAGGTGGAGGTTTCAATGAGCCGAGATCGCGCCTCTGCACTCCAGCCTGGGCAATAAGTGAGACTCTGTCTCAAAAAAAAAAAAAAAAAAA","GGCTGGGTGTGGTGGCTCATGCCTGTAATCCTAGCACTTTGGGAGGCTGAGGTGGGTGGATCGCTTGAGGTCAGGAGTTCGAGACCAGCCTGACCAACATGGTGAAACCCTGTCTCTACTAAAAATACAAAAATTAGCCAGGCATGTTGGCGTATGCCTGTAATCCCAGCTACTCGGGAGGCTGAGGCAGGAGAATCAACCCGGGGAGGTGGAGGTTGCAGTGAGCCGAGAACAACCCACTGCACTCCAGCCTGGGCAATAGAGCAAGACTCTGTCTCAAAATTAAAAAAAAAAAAAA"
"chr1","1881421","1881699","chr9","84109498","84109792","52","82228077","GGCCGGGCACAGTGGCTTATGCCTGTAATCCCACCACTTTGGGAGGCCAGGGCGGGCGGATCACTTGAGGTCAGGAGTTTGAGACCAGCCTGGCCAACATGGTGAAACCTTGTCTCTACTAAACATATAAAAATTAGGCTTGGTGGCGCACACCTGTATTCTCAGCTACTCATTAGGCTGAGGCACAAGGATCACTTGAATCTGGGAGGCGGAGGTTGCAGTGACCCAAGATCACCCTAGCCTGGGTGACAGTGTGAGACTCAAAAAAAAAGAAAAAAA","GGCTGGGCGCAGTGACTCACGCCTGTAATCCCAGCACTTTGGGAGGCCAGGGCAGGCGGATCACTTGAGGTCAGGAGTTCAAGACCAGCCTGGCCAACATGGTGAAACCTTAGTCTCTACTAAAAATACAAAAATCAGCTGGGCGTGGTGGCGCGCACCTGTAGTCCCGGCTACTTGAGAGGCTGAGGCAAGAGAATCACTTGAACCTCCTAGGAGGTGGAGGTTGCAGTGAGCTGAGATTGTGCCACTGCACTCCAGCCTGGGTGACAGAGCAAGACTCAAAAAAAAAAAAAAA"
"chr1","1908010","1908310","chr5","45634674","45634962","61","43726664","GGCCGGGCCCTAGGTAGCTCACACATGTAATCCCAACATTTTGGGAGGCAGAGGCAGGCGGATCACTTGAGGTCAGGAGTTTAAGACCAGCCTGGCCAACATGGCGAACTCCCCACCCACAACTCTACAAAAAAATACAAAAATTAGCCGGGCGTGGTGGCACATGCCTGTAATCCCAGTAACTTGGGAAACTGAGGAAGGAGAATTGCTTGTGATTGAGAGGCGAGGTTGCAGTGAGCCCATGTCGCGCTCGCCACTGCACTCTAGCCTGAGCAACATAGGGAGACCATCTCAAAAAAAA","GCCGGGCAAGGTGGCTCACGCCTGTAATCCCAGGACTTTGGGAGGCCGAGGCAGGTGGATCACTTGAGGTCAGGAGTTCGAGACCAGCCTGGCCAACATGGTAAAATCCCGCCTCCACTAAAAACACAAAACTTAGCCAGGTGTGGTGGCACATGCCTGTAATCCCAGCTACTTAAGAAGCTGAGGCAAGAGAATAGCTTGAATTCAGAAGGCAGAGGTTGCAGTGAGCTGAGATCATGCCACAGCACTCCAGCCTGAGCAACAGAGTGAGATCCTGTCTCAAAAAAAA"
"chr1","1951789","1951880","chr7","47186925","47187015","12","45235136","GGCCAGGTGCAGTGGCTCACGCCTGTAATCTTAGCACTTTGGGAGGCTGAGATGAGTGGATCACTTGAGGTCAGGAGTTTGAGGCCAGCCTG","GGCCGGGCATGGTGGCTTACACCTGTAATCCCAGCAGTTTGGGAGGCTGAGGTGAGTGGATCACTTGAGGTCAGGAGTTTGAGACCAGCCT"
"chr1","1989493","1989760","chr9","40913684","40913950","47","38924191","GGCCGGGTGTGGTGGCCCACGCCTGTCATCCCAGCACTTGGGGAGGCCGAGACGGGTGGCTCACTTGAGGTCAGGAGTCCAAGACCAGCCTGGTCATCATAGGGAAACCCTCTCTCTACTAAAAATATAAAAATTAGCTGGGCATGGTAGGACACATCTGTAGCCTCAGCTACTCGGGAGGCTGAGGTGGGAGGATCCCTTGAACCTGGGAGGCGAAGGTGGCAGAGAGCCAAGATCACGCCACCGCACTCCAGCCTGGGCAACAGAG","GGCCCAGCACGGTGGCTCATGCTTGTAATCCCAGCACTTTGGGAGGCCGAGGCAGGTGGGTCACTTGAGGTCAGGAGTTTGAGACCAGCCTGGCCAACACAGTGAAACCCTGTCTCTACTAAAAATACAAAAATTGGCTGGGCATGGTGGCACAAGCCTGTAATCCCAGCTACTGGGGAGGTGAGGCAGGAGAATCACTTGAACCTGGGAGGCAGAGGTTGCAGCAAGCCGAGATCACGCCACTGCACTCGAGCCTGGGTGACAGAG"
"chr1","1995219","1995511","chr10","14603732","14604030","39","12608513","CCAGGTGAGGTGGCTCACACCTGTAATCCCAGCACTTTGGGAAGCCGAGGTGGGCGGATCACTTAAGGTTTGAGACCAGCCTGGCCAACATAGTGAAACCCCGTCTCTACTAAAAATACAAAAATTAGCCGGGCGTGATGGCGCATCCCTGTAATCCCAGCTACTTAGGAGGCTGAGACAGGAGAATCGTTTGAACCCGGGAGGCGGAGGTTGCAGTGAGCTGAGATCATACCACTGCACTCCAGCCTGGGCGACAGAATGAGACTCAGTCTCAAAAAAAAGAAAAAAAAAAA","GGCCGGATGCGGTAGCTCACGCCTATAATCCCAGCACTTTGGGAGGCCGAGGAGGGTGGATCACTTGAGGTCAGGAGTTTGAGACGAGCTTGGCCAACATGGTGAAACCCCATCTCTACTAAAAATACAAAAATTAGCCGGGCGTGATGGCACATGCCTGTAGTCCCAGCTACTTGGGAGACTGAGGCAAGAGAATTGTTTGAACCCGGGAGGCAGAGGTTGCAGTGAGCTGAGATCACGCCACTGCACTCCAGCCTGGGTGACAGAGTGAGACTCCGTCTCAAAAAAAAAAAAAAAAA"
"chr1","1999535","1999832","chr5","94234310","94234606","38","92234775","GGCCAGGTGCAGTGGCTCACACCTGTAATCCCAGCACTTTGGGAGGCCGAGGCAGGTGGGTCACTTGAGGTCAGGAGTTCGAGACCAGCCTGGCCAACATGGTGAAACCCCGTCTCTACAAAAAATACAAAAATTAGCCAGGCGCGGTGGCGTGCGGCTGTAACCCCAGCTACTCGGGAGGCTGAGGCAAGAGACTCCTTTGAACCTGGGAGGAGGAGGTTGCAGTGAGCCAAGATTGTGCCACTGCACTACAGCTTAGGCGACAGAGCAAGACTCTGTCTCAAACAAATAAACAAAA","GGCCAGGCGTGGTGGCTCACACCTGTAATCCCAGCACTTTGGGAGGCTGAGGTGGGTGGATCACTTGAGGTCAGGAGTTCGAAACCAGCCTGTCCAACATGGCAAAACCCCGTCTCTACTAAAAATACAAAATTAGCCAGGCATGGTGGTGCATGCCTGTAATCCCAGCTACTCAGGAGGCTGAGGCAGGAGAATCGCTTGAACCTGGGAGGCGGAGGTTGTAGTGAGCCAAGATTGTGCCACTGCACTCCAGCCTGGGCGACAAGAGCAAAACTCCATCTCAAAAAAAAAAAAAAA"
"chr1","2002398","2002682","chr7","45351199","45351483","44","43348801","GGCTGGGTGTGGTGGCTCACCGCCTGTAATTCCAGCACTTTGGGAGGCGGAGGTGGGTGGATCATTTGAGATCAGGAGTTCAAGACCATCCTGGCCAACACGCGGAAACCCCGTCTATACTAAAAATACAAAAATTAGCCAGGCATGCTATAATCCCAGCTACTTGGGAGGCTGAGGCAGGAGAATCGCTTGAACCCAGGAGGTGGAGGTTGCAGTGAGCCGAGATCGCCCTGCTGCATTCCAACCTGGGCAACACAGTGAGACTCTGTCTCAAAAAAACAAAAA","GGCTGGGCACAGTGGCTCATGCCTGTAATCCCAGCACCTTGGGAGGCTGAGGTGGGTGGATCACTCGAGGTCACGAGTTCAACACCAGCATGGGCAACATGGTGAAATCCCGTCTCTACTAAAAATACAAAAATTAGCCGGGCATGGTATAATCCCAGCTACTCGGGAGGCTGAGGCAGGAGAATCACTTGAACCCAGGAGGCGGAGGTTTCAGTGAGCCTAGATTGTGCCATTGCACTCCAGCCTGGGTGACAGAGTAAGACTCCGTCTCAAAAAAAAAAAAAA"
"chr1","2004671","2004980","chrX","47176701","47177007","41","45172030","GGTTGGGCACAGTGGCTCATGCCTGTAATCCCAGCACTTTGGGAGGCTGAGTTGGGCAGATCACTTGAGGTCAGGAGTTCGAGACTATCCTGGTCAACATGGTGAAACCCTGTCTCTACTAAAAATACAAAAATTAGCCGGGTGTGGTGGCGCACACCTGCAGTCCCAGCTACCCCAGAGGCTGAGGCAGGAGAATCGTTTGAACCCGGGAGGTGGAGGTTGCAGCGAGCCAAGATTGCGCCACTGCACTCCAGCCTGAACGACAGAGCGAGACTCTGTCTCAAGACAAACAAACAAACAAAAAACAAAA","GGCCGGGCACAGTGGCTCATGCCTGTAATCCCAACACTTTGGGAGGCAAAGGTGGGCAGATCACTTGAGGCCAGGAGTTCGAGACCAGCCTGGCCAAAATGGTGAAACCCTGTCTCTACTAAAAATACAAAAATTAGCCAGGCGTGGTGGTGCATGCCTATAGTCCCAGGTACTCCGGAGGATGAGGCAGGAGAATTGCTTGAACTCGGGAGGCAGAGGTTGCAGTGAGCCAAGATTGCACCACTGCACTCCAACCTGGGTGACAGAGTAAGACTCTGTCTCAAAAAAAAAAAAAAAAAAAAAAAAA"
"chr1","2006904","2007167","chr7","36440271","36440530","35","34433367","ACTTTCTGAGGCCAAGGCGGGCAGATCACTTGAGCTCAGGAGTTCGAGACCAGCCTGGCCAACATGGTGAAACCCCATCTCTACTAAAAATACAAAAAACTAGCCAGGCATTGAGGCTCATGCCTGTAATCTCAGCTACTTGGGAGGCTGAGGCAGGAGAATTGCTTGGATCCAGGAGGTGGAAGTTGCAGTGAGCCAAGATCACTCCATTGCACTCCAGCCTGGGTGACACAGCGAGACTCTGTCTAAAAATAAAAATAAAAA","CACTTCGTGAGGCTGAGGCAGGCAGATCACTTGAGCTCAAGCGCTTGAGACCAGCCTGGCCAACACGGCAAAATCCATCTCTACTAAAAATAGCAAAAACTAGCCAGGCGTTGAGGCGCATGCCTATAATCTCAGCTACTTGAGAGGCTGAGGCAGGAGAATCGCTTGAACCCGGGAGGTGGAGGTTGCAGTGACCCAAGATCACGCCACTGCACTCCAGCCTGGGTGACACAGCAAGACTGTCTAAAAATAAATATAAA"
"chr1","2007334","2007562","chr11","6168932","6169146","58","4161598","GGATTTCTTGAGGCCAGGAGTTCTACACCAGCCTGGAAAAGATAGTGAGACCTCATCTCTGCAAAAATAAAAATAAAAATGACCAGCTACACGGGAGGCTGAGGCAGGAGAATGGCATGAACCTGGGAGGTGGAGCTTGCAGTAAGCTGACATTGCGCCACTGCACTCCAGCCTGGGCGACAGAGCGAGACTCTGTCTCAAAAAATAATAATAATAAAATAAAATAGAA","CTTGAGGTCAGGAGTTCAAGACCAGCCTGGCCAACATGGTGAAACCCCATCTCTACTAAAAATACCAACAAGTTAGCCAGGCGCTGAGGCAAGAGAATCACTTGAACCTGGGAGGTGGAGATTGCAGTGACTCGAGATTGCGCCATTGCATTCCAGTCTGGTCAACATGAGTGAGACTCTGTCTCAAAAAACAAAAACAAAACAAAACAAAAAAA"
"chr1","2011259","2011568","chr17","69358056","69358361","44","67346797","GCCAGGCGAAGTGGCTCACACCTGTAATCCCAGCACTTTGGGAGGCAGAGGCGGGCAGATCACTTGAGGCCAGGCATTCGAGATCAGCCTGGCCAACATGGTGAAACCCCGTCTCTACTAAAAATACAAGAAGAAATTAGCCAGGTGTGTGGGAGCACGCCTGTAATCCCAGCTACTCAGGAGGCTGAGGCGGGAGAATCGCTTGAACCTGGGAGGCGGAGGTTGCAGTGAGCTGAGATCCCGTCGCTGCACTCCAGCCTGGACGACAAGAGTGAGACTCGGTCTCAAAAAAAAAAACGCAAAAAACAAA","GCCAGACATGGTGGCTCATGCCTGTAATCCCAGAACTTTGGGAGGCTAAGGCGGGCAGATCACTTCAGGTCAGGAGTTCAAGACCAACCTGGCCAACAGGGTGAAACCCAGTCTCTACTAAAAATACAAAAAATTTAGCCAGGTGTGGTGGTGCACGCCTGTAATCCCAGCTACTCAGGAGGCTGAGGCAGGAGAATCGCTTGAACCTGGGAGGTGGAGGTTGCAGTAAGCTAAGATCACACCACTGCACTCCAGACTGGGCAGCAGAGTGAGACTCCATCTCAAAAAAAAAAAAAAAAAAAAGAA"
"chr1","2013801","2014098","chr2","137593855","137594162","53","135580054","GGCAGGGTGCAGTGGCTCATACCTGTAATCCCAGCACGTTGGGAGGCCAAGGTGGGCGGATCACTTGAGGTCAGGAGTTCGAGACCAGCTGGCCCACATGGTAAAACCCCATCTCTACTAAAATGCAAAAATCAACCGGGCACAGTGGCACACGCCTGTAATCCCAGCTCTTCAGGAGGCCGAGGCAGGAGAACTGGGAGGCAGAGATTGCAGTGAGCTGAGATCGTGCCACTGCACTCCAGGCTGGGTGACAGAGCTAGACACCATCTTGAAAAAAAATAAAAGTTAAATAAAAAGA","GCCGGGCGTGGTGGCTCATGCCTGTAATTCTAGCACTTTGGGAGGCCAAGGTGGGCGGATCACTTGAGGTCAGGATTTCGAGACCAGCGTGGCCAACATGGTGAAACCCCATCTCTACTAAAAATACAAAAATTAGCCAGGCACAGTGGCACATGCCTGTAATCCCAGCTACTGGGGAGGCTGAGGCAGGAAAATGGCTTGAATCTGGGAGGCAGATGTTGCAGTGAGCTGATCAAGCCACTGCACTCCAGCCTGGGCAACAGAGTGAGACACCATCTCAAGAAAAAAAAAAAAAGAAAAGAAAAAAA"
"chr1","2058614","2058919","chr22","28997304","28997607","41","26938690","GGCTGGGTTCAGTGGCACACACTTGTAATCCCAGCACTTTGGGAGGCCGAGGCAGGTGGATCACTTGAGGTCAGGAGTTCAAGACCAGCCTGACCAACATGGTGAAACCCCATCTCTACTATAAATACAAAAATTAGCCGGGCGTGGTGGTGTACACTTGTAATCCCAGCTACTTGGGAGGCTGAGGCAGGAGAACTGCTGGAACCCGAGAGGTGGAGGTTGCAGTGAGCTGAGATTGTGCCACTGAGCTCCAGCCTGGGCACAGAGTGAGACTCCATCTGAAAAAAACCAACAAAAAACAAAAAA","GGCTGAGCGCTGTGGCTCACACCTGTAATCCCAGCACTTTGGGAGGCCAAGGCAGGTGGATCACTTGAGGTCAGGAGTTTGAGACCAGCCTGGCCAACATGGTGAAACCCTGTCTCTACTAAAAATACAAAAATTAGCCGGGTGTGGTGGCGCACGCCTGTAATCCCCACTACTTGGGAGGCTGAGGCATAAGAATCACTTGAACCTGGGAGGCAGAGGTTGCAGTGAGCTGAGATTGTGCCACTGCACTCCAGCCTGGGTGACAGAGTGAGACTCCATCTCAAAACAAAATAAAACAAAAAAA"
"chr1","2138654","2138941","chr10","45660121","45660403","41","43521467","GGCCCGGCGCAGTGGCTCACGCCTGTAATCCCAGCACTTTGGGAGGCCGAGATGGGTGATCGCTTGAGGCCAGGAGTTCAAGATCCATCTGGCCAACATGGTGAAACCCATCTGTACTAAAAATACAAAAATTAGCCAGGCGTGGTGGCACGTGCCTGTAATCCCAGCTACTCAGGAGTCTGAGGCAGGAGAATCACTTGAACCCAGGAGGCGGGGGTTGCGGTGAGCTGAGATTGTGCCACTGGGCGACAGAGTGAGACTCCGTCTCAAATAAATAAAAAGAAGAAA","GCCAGGCGCAATGGCTCATGCCTATAATCCCAGCACTTTGGGAGGCCAAGGCAGGTGGATCACTTGAGGTCAGGAGTTCAAGACCAGCCTGGTCAACATGGTGAAACCCCATCTCTACTCAAAATACAAAAATTAGCCTGGCGTGGTGGCACGTGCCTATAATCCCAGCTACTCAGGAGGCTGAGGCAGGAGAATCACTTGAACCTGGGAGGTGGAGGTTGCAATGAGTTGAGATCATGCCACTGGGTGATAGAGCGAGATTCCGTCTCAAAAAAAAAAAAAA"
"chr1","2141311","2141645","chr9","98029843","98030162","53","95888532","GGCCAGGCGCAGTGGCTCATGCCTGTAATCCCAGCACTTTGGGAGGCCAAGGCGGGCGGATCACTTGCGGTCAGGAGTTCGAGATCAGCCTGACCAACATGGAGAAACCCCATCTCCACTAAAAGTACAAAAATTAGCTGGGCGTGGTGGCGCACATCTGTAATCCCAGCTACTCGGGAGGCTGAAGCAGGAGAATCACTTGAACCCAGGAGGCAGAGGTTGCAGTGAGTCAAGATCACGCCACTGCACTCCAGCCTGGGCAACAGAGTGAGACTGTGTCTCAAAAAAAAAAAAAAAAAAGAAAAAGAAAAACAAACAAACAAACAAAAAACAAA","GCCAGGTGCAGTGTCTCATGCCTGTAATCCCAGCACTCTGGGAGGCCAAGGTGGGCAGATCACTTGAGGTCAGGAGTTCAGGACCAGCCTGACCAACATGGTGAAACCCCATTTCTACTAAAAATACAAAAATACAGGCATGGTGGTGTGCACCTGTAATCCCAGCTACTCAGGAGGCTGAGGCAGGATCATCGCTTGAACCCAGGAGGCAGAGGTTACAGTGAGCCGAGATCGCACCACTGCACTCCAGCCTGGACTACAGAGAGACTCCACCTCAAAAAAAAAAAAAAAAAAAAAGAAAAGAAAAGAAAAAAGAAAAA"
"chr1","2225461","2225767","chr5","94532768","94533076","39","92307307","CCAGACGCAGGGGCTCACGCCTGTAATCCCACCACTTTGAGAGGCTGAGGCGGGTGGATTATTTGAGATCAGGAGTTGGAGACCAGCCTGGCCAACATGGTGAAACCCCCTCTCTACTAAATATACAAAAATCAGCCGGGCATGGTGGCACATGCCTGTAATCCCAGCTACTCGGGAGGCTGAGGCAGGAGAATCGCTTGAACCTGGCAGGTGGAGATTGCAGTGAGCTGAGACTGCACCACTGCACTCCAGCCTGGGCGATGGAGTGAGACTCTGTCTCAAAAAAAAAAAAAAAAAAAATAGAAAA","GGCCAGACGTGGTGGCTCACGCCTGTAATCCCAGCACTTTGGGAGGCTGAGGCGGGCAGATCATTTGAGGTCAGGAGTTTGAGATCAGTCTGACCAACATGGTGAAACCCCATCTCTACTAAAAATACAAAAATTAGCTGGGCATGGTGGCGCATGTCTGTAATCCCAGCTACTCAGGAGACTGAGGCAGGAGAATCATTTGAACCTGGGAGGCAGAAGGTGCAGAGAGCCGAGACTGCACCACTGCACTCCAGCCTGGGTGACAGAGTGAGACTTTGTCTCAAAAAAAAAAAAAAAAAAAAAAAAAAA"
"chr1","2235031","2235343","chr3","106655459","106655766","42","104420428","GGCCAGGCACAGTGGCTTATGCCTGTAATCCCAGCACTCTGGGAGGCCAAGGTGGGCAGATAACTTGAGGTCAGGAGTTCGAGACCAGGCTGGCCAACATGGTGAAACCCCATCTCTACTAAAAATACAAAAAAATTACTTGGGTGTGGTGGCACACATCTGTAATCCCAGCTACCAGGAGGCTGGGGCAGGAGAATCGCTTGAACCCAGGAGACGGAGGCTGCAGTGAGCCAAGATCGCACCACTGCACTCCAGCCTGGGCAACAGAAACAGACCCTGTCTCAAAAAAAAAAAAAAATAACAACAAAAAAAA","GGTCGGGTGTGGTGGCTCGTGCCTATAATCCCAGCACTTTGGGAGGCTGAGGTGGGCAGATCACTTGAGGTCAGGAGTTTGAGACCAGCCTGGCCAACATGGTGAAACCCCGTCTCTACTAAAAATACAAAAATTAGCCAGGTGTGGTGGCATGCATCTGTAATCCCAGCTACTTTAGGAGGCTGAGGCAGGAGAATCGCTTGAACCCAGGAGGTGGGGGTTGCAGTGAGCTGAGATCGCACCACTGCACTCCAGCCTGGGCAACAGAGAGAGACTCTGTCTCAAAAAAAAAAAAAAAAAAAAAAAAA"
"chr1","2244296","2244603","chrX","43662320","43662619","43","41418024","GGCTGGGCATGGTGGCTCACACCTGTAATCCCAGCACTTTGGGAGGCCAAGGTGGGTGGATCACTTGAGGTCAGGTTTTCAAGACCAGCCTGGCCAACATGGTGACACCATGTTTCTACTAGAAAAATACAAAAATTACCTGGGCGTGGTGGTGTGCACCTGTAGTCCCAGCTACTTGGGAGGCTGAGGCTGGAGAATAGCTTGAACCTGGGAGGTGAAGGTTGCAGTGAGCTGAGATGGCGCCATTGTACTACAGCCTGGGTGACAGAGCGAGACTCTGTCTCAAAAAACGAAAAGCAAAAACAAGA","GGCTGGGCATGGTGGTTCACACCGTAATCCCAGCACTTTGGGAGGCCAAGGCAGGTGGATCACTTGAGGTTAGGAGTTCAAGACCAGCCTGGCCAACATGGTGAAACCCCATCTCTACCAAAAAATACAAAAATTGGCTGGGCATGGTGGCACATGTCTGTAGTCCCAGCTACTTGAAAGGCTGAGGCAGGAGAATTGCTTGAACCCGGGAGGTGGAGGTTGCAGTGAGCTGAGATGGCACCTGTTTACTCCAGCCTGGGAGACAGAGCAAGACTCTGTCTCAAAAAAAAAAAAAAAAAA"
"chr1","2366519","2366834","chr7","36801075","36801384","40","34434556","GCTGGGTGCAGTGCCTCATACCTGTCATCCTAGCATTTTGAGAGGCTGAGGCGAGCACATCACTTGAAGTCAGGAGTTTGAGACCAGCCTGGCCAACATGGTGAAGCCCCATCTCTACTAAAATCTCTACTAAAAATACAAAAATTAGCCAGGCATGGTGGTTCACACCTGTAATCCCAGCTACTTGGGAGGCTGAGGCAGGAGAATTGCTTGAACCTGGGAGGCGGAGGTTGCAGTGAGCTGAGATCGCACCACTGTACTACAGCCTGGGTGACAGAGCAAGATCCTGTCTCAAAACAAGCAAACAAACAAAAGA","GGGTGAAGTGACTCGTGCCTGTAATCTAGGCATCTTGGCAGGCTGAGGCAAGCACATCACTGGAAGTCAGGAGTTTGAGCCCAGCCTGGCCAATGTAGAGAAACCCCATCTCTACTAAAATCTCTACTAAAACATACAAAAATTAGTCAGGCATGGTGGTTCACACCTGGAATCCCAGCTACTTGGGAGGCTGAGGCAGGAGAATTGCTTGAACCTGGGAGGTGGAGGTTGCAGTGGGCTGAGATCACACCAATGCATTCCAGCCTGGGTGACAGAATGAGACCCTGTCTCAAAACAAAACCAAACAAAA"
"chr1","2389270","2389566","chr7","36824293","36824592","39","34435023","GCCAAGCGCAGTGGCTCACGCCTGTAATCCCAGTACTTTGGGAGGCCAAGGTGGGCGGATCACTTGAGGTCAGGAGTTCCAGAACAGCCTGACCAGCATGCTGAAACCCTGACCCTACTAAAAAGACAATAATAGCTGGTTGTGGTAAGGCACACCTGTAATCCTAGCTACTTGGCAGGCTGAGCCAGGAGAATCCCTTGAACACAGGAGGCAGAGGTTGCAGTCAGCTGAGATTGTGCCACTGCACTCCAGCCTGGGTGACAGACTGAGACTCCGTCTCAAAACAGAACAAAAAAA","GGCTAGGCACAGTGGCTCACGCCTGTAATCCCAACACTGTGGGAGACCAAGGTGGGTGGATAGCTTGAGGTCAGGAGTTCCAGAACAGCCTGGCCAACATGGTGAAGCACCAACCCTATTAAAAATACAAAAATTAGCTGGATATGGTAGTGCACACCTATAATCCCAGCCACTTGGCAGACTGAGGCAGGAGAATCCCTTGAACACGGGAGGCAGAGGTTGCAGTAAACTGAGATTGTGCCACTGCACTCCAGCCTGGGTGATAGAGTGAGACTCCATCTCAAAACAAAACAAAAAAAA"
"chr1","2411231","2411531","chr1","168595556","168595859","37","166184325","GCCGGGTGTGGTGGCTCACGCCTGTAATCCCAGCACTTTGGGAGGCCGAGGCGGGTGGATCACTTGAGGTCAGGAGTTCGAGACCAGTCTACACAACATGGTGAAACCCCGTCTCTACTAAAAATACAAAAATCAGCAGGGCGTGGTGGCGCGTGCGTGTAATCCCAGCTACTTGGGAGGCTGAGACAGAATCACTTGAACCCGGGAGGCGGAGGTTGCAGTAAGCCAAGATCGTGCCACTGCACTCCAGTCTGGGCAACAGAGTGAGACTCCATCTCAAAAAAAAAAAAAAAAAAAAAAA","GGCTGGGTGAGGTGGCTCATGCCTGTAATCCCAGCACTTTGGGAGGCTGAGGTGGGCAGATCACTTGAGGTCAGGAGTTCAAGACCAGCCTAGCCAACATGGTGAAACCACATCTCTACTAAAAATACAAAAATTAGGTGAGTGTGGTGGCACATGCCTGTAATCCCAGCTATTTGGGAGGCTGAGACAGGAGAATCGCTTGAACCCGGAGGTAGAGGTTGCAGTGAGCCGAGATTGCGCCACTGCACTCCAGCCTGGGTAACAGAGTGAGACTCTATCTCAAAAAAAAAAAAAAAAAAAAAAA"
"chr1","2571745","2571995","chrX","117776653","117776896","42","115204908","CAGTCTAGGGGACTGAGGCGGGCGGATAACTTGAAGTCAGGAGTTTGAGATCAGCCTGGCCAACATGGTGAAATCCCATCTCAGCTAAAAATACAAAAATTATCCAGGCATGGTGGCACATGCCTATAGTCCCAGCTACTCTGGAGGCTGAGGCATGAGAATCGCTTGAACCTGGGATGCAGGGGTTGCAGTGAGCCAAGCTCCCACCACTGCACTCCAGCCTGGGTGACAGAGTGAGACCCTATCTCAAA","GAGGCCAAGGCAGGTGGATCACTTGAAATCAGGAGTTTGAGACCAGCCTGGCCAATATGGTGAGACCCCATCTCTACTAAAAATACAAAAATTAGCTGGGCATGGTGGCATGTGCCTGTAATCCCAGCTACTTAGGAGGCTGAGGCAGGAGAATCACTTGAACCCAGGAGGCAGAGGTTGCAGTGAGCCAAGATCACACCACTGCACTCCAACCTGGGTGACAGAGTGAGACTGTGTCTCAAAA"
"chr1","2580260","2580561","chr9","115770764","115771066","56","113190504","GGCTGGGCACGGTGGCTCAGCTTGTAATCCCAGCACTTTGGGAGGTCGAGGCAGGTGGATTGCTTGAAGTCAGGACTTCAAGACCAGCTTGGCCAACATGATGAAACCTCATCTCTACTAAAAATACAAAAATTAGCCAGGCGGAACCTGTAGTCCCAGCTACTTGGGAGGCTGAGGTGAGAGGATCACTTGAGCCTCGGTGGCAGAGGTTGCAGTTAGCTGAGATTGCACCACTGCTCTTCAGCCCGGGTGACAGAGCCAGATCCTGCCTCAAAAATAATAATAATAATAATAATAAAAGA","GGCTGGGCGCGGTCACTCACACCTGTAATCCCAGCACTTTGGGAGGCCAAGTCAGGTGAATCGCTTGAGGTCAGGAGTTCAAGACCAGCTTGGGCAACATGGTGAAACCCCATCTCTAGCAAAAATACAAAGAATTAGCCAGGTGTGGTGGCGCATGCCTGTGGTCCCAGCTACTCGGGAGGCTGAGGTGGGAGGATCACTTGAGCCTGGGTGGCGGAGGTTGCAATGAGCTGAAATGGCACCACTGCACTCCAACCTGGGTGACAGAGACTCTGTCTCAAAAAAAAATAAAAATAAACAAGA"
"chr1","2788812","2789105","chr5","133149107","133149395","51","130360295","GGCCAGGCGCGGTGGCTCACCTGGAATCCCAGCACTTTGGGAGGCCCGGGTGGGAGGATCACTTGAGGTCAGGAGTTCGAGACCAGCCTGGCCACCATGGTGAAACCCCATGCCACTAAAAATATAAAGATTAGCTGGGCGTGGTGATCCCAGCTACTTGGGACGCTGAGGCAGAAGAATGGCCTGAACCCAGGAGGCGGAGGTTGCAGCAAGCCAAGATTGCGCCATTGCACTCCAGCCTGGGCGGCAGAGTAAGACTCCATCTCAAAGAACAAAAAACAAAACAAAACAAAA","GGCCGGGCACGGTGGCTCACACCTGTAATCCCAGCACTTTGGGAGGCCAAGGTGGGTGGATCATTTGAGGTCAGGAGTTCGAGACCAGCCTGACCAACATGGTGAAACCCCATCCCTATTAAAAATACAAAACTTAGCCCGTGTGTGGGTCCCAGCTACTCAGGAGGCTGAAGCAGAAGAATCGCTTGAACCCAGGAAGCGGAGGTTGCAGTGAGCCAAGATCGCACCACTGGACTACAGTCTGGGCAACAGAACAAGACTCCATCTCAAAAAAAATAAAATACAAAAA"
"chr1","2846393","2846703","chr6","17068239","17068542","40","14221846","GGTCGGGCGCGGTGGCTCACGCCTGTAATCTCAGCACTTTGGGAGGCCCAAGTGGGTGGATCACTTGAAGTCAGGAGTTCGAGACCAGCCTGGCCAACATGGTGAAACCCTGTCTCTACTAAAAATTCAAAAATTAGCCGGGCATGGTGGTGCCTGCCTGGAATCCCAGCTACTCAGGAGTCTGAGGCAGGACAATTGCTTGAATCTGGAAGGCGGAGGTTGCAGTGAGCCGAGATCACACCACTGCACTCCAGCCTGGGCAAAAGAGCAAGACTCTGTCTCAGAAAAAAAAAAAGAAGAAGAAGAATAAA","GGCTGGACGCAGTGGCTCATGCCTGTAATCCCAGCACTTTGGGAGGCCAAGGTGGGTGGATCACTTGAGGTCAGGAGTTCGAGACCAGCCTGGCCAACATGGTGAAACCCTGTCTCTACTAAAAATACAAAAATGAGCTGGGCATGCTGGTACACATCTGTAATCCCAGCTACTTGGGAGGCTGAGGCAAGAGAATCGCTTGAACCCAGGAGGCAGAGGTTGCAGTGAGCCGAGATTGCACCACTGCACTCCAGCCTGGGCAACAGAGCAAGACTCTGTCTCAAAAAAAAAAAAAAAAAGAAAA"
"chr1","3150274","3150585","chr15","20018055","20018360","55","16867781","GGCCGGGCATAGTGGGTCACGCCTGTAATCCCAGCACTTTGGGAGGCTAAGTTGGGCAGGTGACTTGTGGTCAGGAGTTCGAGACCAGCCTGGCCAACATGGTAAAACCCCATCTCAAAAAAAAAAAAAAAAAAAATCAGCTGGGCGTGGTGGCCCGTGCCTGTAGTCCCAGCTAATTGGGAGGTAAGGTGGGAGAATCACTCGAACCCAGGAGGCGGAGATTGCAGTGAGCCGAAATTGCGCCACAGCGCTCCAGCCTGGGTGACAGAGCGAGACTCCATCTCAAAGATAAAGTAAAATAAAATAAAAAGA","GGCCAGGAGTGGTGGCTCATGCCTGTAATCCCAGCACTTTGGGAGGCCATAGTGGGCAGATCACTTGAGGTCAGGAGTTCAAGACCAGCCTGGCCAACATGAAACCCCATCTCTACTAAAACATACAAAAATTAGCTGGGCATGATGGTGCATGCCTGTAATCCCAGCTACTTGGGAGGCTAAGGCAGGAGCATTGCTTGAACCTGGGAGGCGGAGGTTGCAGTGAGCCAAGATTGCACCACTGCACTCCAGCCTGGGTGACAGAGTGAGACTCCATCTCAAATTTAAAAAAAAAAAAAAAAAGAA"
"chr1","3724737","3725034","chr19","42079978","42080278","40","38355241","GGCTGGGCGCAGTGGCTCACGCCTGTAATCCAAGCACTTTGGGAGGCCAAGGCGGGTGGATCACTTGAGGTTAGGAGTTCAAGACCAGCCTGGCCCACAGGGCGAAACCCTGTCTGTACTAAAAACACAAAAGTTAGCCGAGCCTCGTGGCGCATGCCTGTAATTCCAGCTACTTGGGAGGCTGAGGCAAGAGAATCGCTTGAACCCGGGAGGCAGAAGTTGCAGTGAGCCAAGATCGCGCCATTGCACTCCAGCCTGGGGGACAGAGAGAGACTCCGTCTCAAAAAAAAAAAAAAGA","GGCTGGGAGTGGTGGCTCATGCCTGTAATCCCAGCACTTTGGGAGGACAAGGCAGGTGGATCACTTGAGGTCAGGAGTTTGAGACCAGCCTGGCCAACATGGCGAAACCCTGTCTCTACTAAAAATACAAAAATTAGCCAGGCATGGTGGTGCATGCCTGTAATCACAGCTACTCAGGAGGCTGAGGCAGGAGAATCGCTTGAACCTGGCAGGCAGAGGTTGGCAGTGAGCCCAGATCGCACCCTTACACTCCAGCCTAGGAGACAGAAAGAGACTCCATCTCAATAAAAAGAAAAAAAAA"
"chr1","3740445","3740734","chr14","46399012","46399299","47","42658567","GGCCGGGTGTGGTGGTATTCCCAGCACTTTGGGAGGCCCAGGCTGCAGGATCACTTGAGGTCAGGAGTTCGAAACCAGCCTGGCCAACATGGTGAAACCCGTCTCTACTAAAAATACAAAAAAAATCAGCCGGGTGTGATAGTGAACGCCTGTAATCCCAGCTACTTGAGAGGCTGAGGCAGGAGAATTGCTTGAACCTGGGAGGCAGAGTTTGCAGTGAGCCAAGATCGTGCCACTGCACTCCAGCCTGGGTGACAGCAAGATTCTCTCAAAAACAAAACCAAACAAAA","GGCCAGGTGCGGTGAATCCCAGCACTTTGGGAGGCCGAGGTGGGTGGATCACTTGAGGTCAGGAGTTCGAGACCAGCCTGGCCAATATGGTGAAACCCTGTCTCTACTAAAAATACAAAAATTAGCTGGGCGTGGTAGTGCATGCCTGTAATCCTGGCTACTCAAGAGGCTGAGGCAGGAAAATTGCTTCAACCCAGGAGGCAAAGGTTGCAGTGAGCCAAGATTGTACCGCTGCACTCCAGCCTGGGTAACAGAGTGAGACTGTCTCAAAAACAAACAAATAAGAAA"
"chr1","3786216","3786508","chr9","65543045","65543338","50","61756829","GGCCAGGTGTGGTGGCTGACACCCGTAATCCCCACACTTTGGGAGGCCAAGGCGGGTGGACTGCTTGAGGTCAGGAGTTCAAGACCAACCTGGCCAACATGGTGAAACCTCATCTCTTTTAAAAATACAAAAAAATTAGCCAGACATGATGGTGAGCACCTGTAATGCCAGCTACTCAGCAGGCTGAGGCAGGAGAATCACTTGAACCCAGGAGGCGGACGCTACAGTGAGATTAGACTGCGCCACCGTACTCCAGCCTGGGAGACAAAGCGAGACTCCTTAAAAAAAAAAAA","GGCCAGGTGCAGTGGCTCATGCCTGTAATCCTAACACTTTGGGAGGCCAAGGCGGGCAGATCGCTTGAGGTCAGGAATTCAAAACCAGCCTGACCAACATGGTGAAACCTCACCTTTACTAAAAAATACAAAAATTTAGCCAGGTGTGGTGGTGAGCACCTGTAATCCCAGCTACTCAGGAGGCTGAGGCAGGAGAATCACTTGAACCCAGGAAGCAGAGGTTGCAGAGAGCTGAGATAGTGCCACTGCACTCCAGCCTGGAAAACAGAGTGAGACTCCATCTCAAAAAAAAAA"
"chr1","3794369","3794639","chr1","77941930","77942215","52","74147561","GGCCGGGCGCGGTGGCTCACACCTGTAATCCCAGCACTTTGGGAAGCTGAGGCGGGCAGATCGCTTGAGGTCACACCACCAGCCTGGCCAACATGGTGAAACCCCATCTCTACAAAAATACAAAAATTAGCTGGGCCTGGTGGCGCGTGCCTGTAGTCCCAGCTACTCGGGAGGCTGAGGTGGGAGGATCACTTGAGCCCAGGAAGTGGAGGTTGCAGTGAGCTGTGATACCAGCCTGAACAGAGCGAGACCCTGTGGCAAAAAAAACAAA","GGCTGGGCACAGTGGCTCACACCTGTAATCCAAGCACTTTGGGAGGCCGAGACGGGTGGATCACTGGAGGTCAGGAGTTCGAGACCAGCCTGGCCAACATGGTGAAACCCCGTCTCTACTAAAAATACAAAAATTAGCTGGGCATGGTGGTGCGCGCCTGTAGTCCCAGCTACTCGGGAGGCTGAGGTAGGAGAATTACTTGAGATCAGGAGGCAGAGGTTGCAGTGAGCTGAGATCACACCACTATAGATAGAGCAAGATACTATCTCAAAAAAAAAAACAAAAA"
"chr1","3840231","3840537","chr3","106655459","106655766","43","102815228","GGCTGGGCGCAGTGGCTCAGGCCTATAATCCCAACACTTTGGGAGGCTGAGACTGGTGGATCACTTGAGGTCAGGAGTTTGAGACCAGCCTGGCCAACATGATGAAAACCCGTCTATACTAAAAAATACAAAAACTAGCCAGGTGTGGTGCCACACACCTATAATCCTAGCTACTCAGGAGGCTGAGGCAGGAGAATCGCCTGAACCCGGGAGGTGGAGGTTGCAGTGAGCCGAGATTGCGCCATTGCACTCCAGCCTAGGCAACAGAGTGAGACTCCGCCTCCGAAAAAAGAAAAGAAGAAAAAAA","GGTCGGGTGTGGTGGCTCGTGCCTATAATCCCAGCACTTTGGGAGGCTGAGGTGGGCAGATCACTTGAGGTCAGGAGTTTGAGACCAGCCTGGCCAACATGGTGAAACCCCGTCTCTACTAAAAATACAAAAATTAGCCAGGTGTGGTGGCATGCATCTGTAATCCCAGCTACTTTAGGAGGCTGAGGCAGGAGAATCGCTTGAACCCAGGAGGTGGGGGTTGCAGTGAGCTGAGATCGCACCACTGCACTCCAGCCTGGGCAACAGAGAGAGACTCTGTCTCAAAAAAAAAAAAAAAAAAAAAAAAA"
"chr1","3842788","3843087","chr3","84743220","84743519","42","80900432","GGCTGAGCGTTATGTCGCACGCCTGTAATCCCAGCACTTTGGGAGGCTGAGTTGGGCAGATCACTTGAGGTCAGGAATTCAAGACCAGCCTGGCCAGCATGGTAAAACTCCTTCTCTAATAAAAACACAAAAATTAGCCAGGCGTGGTGGCGCACACCTGTAGTCCCAGCTACTTGGGAGGCTGAGGCAGGAGAATCCCTTGAACCTGGGAGGTGGAGGTTGCAGTGAGCCAAGGTCATGCCACTGCACTACAGTCTGGGGGACAGAGCAAGACTCCATCTCACACACGCACAAAAAAAA","GGCTGGGCATGGTGGCTCACACCTGTAATCCCAGCACTTTGGGAGGCTGAGGCGGGCAGATCACTTGAGGTTAAGAGTTTGAGACCAGCCTGGCCAACATGGTGAAACCCCGTCTCTACTAAAAATATAAAAATTAGCCAAGCATGGTGGTGCACACCTGTAGTCCCGGCTACTTGAGAGACTGAGGCAGGAGAATCACTTGAACCTGGGAGGCGGAGGTTGCAGTGAGCCAGGGTCATGCCACTGCACTCCTACCTGGGTGACCGAGCGAGACTCCATCTCAAAAAGGAAAAAAAAAAA"
"chr1","3856133","3856382","chr12","54811547","54811805","40","50955414","GCGCGGTGGCTCATGCCTGTAATCCCAGCACTTCGGGAGGCCGAGGAGGGCGTATTACTTGAGGTCAGGAGTTCGAGACCAGCCTGGCCAACATGGTGAAACCCCGTCTCTACTAAAAATAAAAAAATTAGTCGGGCTACTCGGGAGGCTGAGGCAGGAGAATCGCTTGAACCCGGGAGGCGGAGGCTGCAGTGAGCTGAGATCGTGCCATTGCACTCCAGCCTGGGCGACAGAGCGAGACCGTCTCAAA","GGCCAGGCACAGTGGCTCATGCCTGTAACCCCGGAACTTTGGGAGGCCAAGGCAGGTGGATTACTTGAGGTCAGGAGTTTGAGACCAGCCTGGCCAACATGGTAAAACCCAGTCTCTACTAAAAATACAAAAATTAGCTGGGCGCACTCGGGAGACTGAGGCAGAAGAATCACTTGAACCCAGGAAGTGGAGGTTGCAGTGAGCCGAGATCATGCCATTGCACTCCAGCCTGGGCAATGCAGCAAGACTCTGTCTCAAA"
"chr1","3869069","3869360","chr3","105291145","105291432","37","101422076","GGCTGGGTGTGGTGGCTCACGTCTGTAATCCCAGCACTCTGGGAGGCCGAGGTGGGCGGATCACTTGAGGTCAGGAGTTTGAGACCAGCCTGACCAACATGGTGAAACCCCATTTCTACTAGAAATACAAAAAATTAGCTGGGCATGGTGGTACATGCCTGTAATCCCAGCTACTTGGGAGGCTGAGGCAGGAGGATTACTTGAACCTGGAAGGCAGAGGTTGCAGTGAGCTGAGATTGCACCACTGTACTCCAGCCTGAGCAACAGAGTGAGACTCCGTCTCAAAAAAGAA","GGCTGGGTATGGTGGCTCATGCCTGTAATCCCAGCATTTTGGGAAGCCGAGGTGGGTGGATTACTTTAGGTCAGGAGTTTGGGAGCAGCCTCACCAACATGGTGAAACCCCACCTCTACTAAAATACAAAAATTAGCTTTGCATAGTGGTATGTGCCTGTAATCCCAGCTACTCGGGAGGCTGAGGCAGGAGAATCGCTTGAATCTGGTAGGCAGAGGCTGCAATGAGTGGGATTGCGCCACTGCACTCCAGCCTGGCAACAGAGTGAGACTCTGTCTTAAAAAAAAA"
"chr1","3877329","3877628","chr7","6894852","6895150","40","3017523","GCCAGGCGCGGTGGCTCACACCTGTGATCCCAGCACTTTGGGAGGCTGAGGCGGGTGGATTACTTGAGGTCAGAAGTTCGAGACCAGCTCGGCCAACATGGTGAAACCCCGTCTCTACCAAAAGTACAAAAATTAGCCAGGCGGGGTGGCACGCACCTGTAATCCCAGCTACTTGGGAGGCTGAGGCATGAAAAACCGCTTGAACCTGGGAGGCAGAGGTTGCAGTGAGTCGAGATCATGCCACTGCACTCCAGCCTGAGTACAGAGTGAGACTCTGCCTCAAAAAAAAAAAAAAAAAAA","GGTCAGGCCTGGTGGTTCACGCCTGTAATCCCAGCACTTTGGGAGGCTGAGGTGGGTGGATCACTTGAGGTCAGGAGTTCCAGAACAGCCTGGCCAACATGGTGAAACCCCATCTCTACTAAAAATGCAAAAATCAGCCAGGTGTGGTGGCATGCGCCTGTAATCCCAGCTACTCAGGAGGCTGAGGCAGGAGAATCGGCTTGAACCTGGGAGGCGGAGGTTGCAGTGAGCCAAGATCACGCCACTGCACTCCAGCCTGGGTGAAAGAGTGAGACTCTGTCTCAAAAAAAAAAAAAAAA"
"chr1","3901567","3901874","chr2","171330283","171330586","34","167428716","GGCCTGGCACGGTGGCTCACGCCTGTAATCCCAGCACTTTGGGAGGCCAAGGTGGGCGGATTATTTGAGGTCAGGAGTTCGAGACCAGCCTGACCAACATGATGAAACCCCATCTCTACTAAAAATACAAAAATTAGCCAGGTGTGGTGGCGCCTGCCTGTAATCCCAGCTACTCAGGAGGCTGAGGCAGGAGAATGGCTTGAGCCCATGAGGCGGAGGTTGCAGTGAGCTGAGATCGCGCCACTGCACTCCAGCCTGGGTGACAGAGCGAGACTCCGTCTCAAAAAACAAACAAACAAACAAAAAAA","GCCAGGCACGATGGCTCATGCCTGTAATCCCAGCACTTTGGGAGGCCTAGGCAGGTGGATGATTTGAGGTCAGGAGTTCGAGACCAGCCTGGCCAACATGGTGAAACCCCATCTCTGCTAAAAATACAAAAATTAGCCAGGCATGGTGGCACGTGCCTGTAATCCCAACTACTCAAGGGGCTGAGGAAGGAGAATCGCTTAAACCCAGGAGGCAGAGGTTGCAGTGAGCTGAGATCGGGCCACTGCACTCCAGCCTGGGCAACAGAGTGAGACACCGTCTCAAAAAAAAAAAAAAAAAAAAAAA"
"chr1","3913855","3914141","chr21","46276068","46276356","47","42362213","GCTGGGAGTGGCGGCTCACGCCTGTAATCCCAGCACTTTGGGAGGCCGAGGCAGGCGGATCACTTGAGGTCAGGAGTTTGAGACCAGCCTGGCCACGCGGTGAAACCCCATCTCAACCGAAAATATAAAAAAGTAGCCAGGCATGGTGGCACACGCTTATAATCCCAGCTACTTGGAAGGCTGAGGCAGGAGAACCCGGGAGGTGGAGGTTGCAGGGAGCTGAGATCGTGCCACTGCACTCCAGCGTGAGCAACAGAGTGAGACTCCAACTCAAAAAAAAAAAAAAA","GCCAGGCGAGGTGGCTCACGCCTGTAATCCCAGCACTTTGGGAGGCTGAGGCGGGTGGATCACTTGAGGTCAGGAGTTCAAGACCAGCCTGGCCAACATTGTGAAACCCAATCTTTACTGAAAATACAAAACATTAGCCAGGCATGGTGGCGCACATCTGTAATCCCAGCTACTTGGGAGGCTGAGGCAGGAGAATCACTTGAACCTGGGAGGTTGCACTGAGCCGAGATCATGCCACTGCACTCCAGTCTGAGCAACAGAACAAGACTCCATCTCAAAAAAAAAAAAA"
"chr1","3916952","3917249","chr5","108572775","108573060","49","104655823","GGCTGGGTACGGTGGCTCACACCTGTAATCCCAGCACTTTGGGAGGGAAGCCGAGGCAGGTGGATCACTGGAGGTCAGCCTGGCCAACATGGTGAAACCCCGTCTCTACTAAAAATACAAAAATTAGCTGGGCGTGGCGGCATGTGTCTGTAATCCCAGTTACTCGGGAGGCTGAGGCAGGAGAATTGCTTGAACCTGGGAGGCAGAGGTTGCAGTGAGCCAAGAGTGCGCCACTGCACTCCAGCCTGGGCAACAGAGCGAGACTCTTTGTCTCAAAAAAGAAAAAAAAAAGAAACAA","CAGGCACGGTGGCCCATGCCTGTAATCCCAGCACTTTGGGAGGCCGAGGCAGGCAGATTACTTGAGGTCAGCCTGGCCAACATGGTGAAACCCCATCTCTACTAAAAATACAAAAAATTAGCTGAGCATGGTGGTGCACTCCTGTAATCCCAGCTGCTTGGGAGGCTGAGGCAGGAGAATCCCTTGAACCTGGGAGGCAGAGGTGGCAGTGAGCCGAGATTGTGCCACTGCACTCCAGCCTGGACAACAGAGCAAGACTTCATCTTAAATAGAGAAAAAAAAGAAA"
"chr1","3933281","3933594","chr11","64363135","64363445","46","60429854","GGCCGGGCATGGTGGCTCACGCCTGTAATCCCAGCATTTTAGGAAGCTGAGGTGGGAGAATGGCTTGAGGTCAGGGGTTTGAGACCAGCCTGGCCAACATGGCGAAACCCCATCTCTACTAAAAATACAAAAAAATTAGTCAGGCATGGTGGTATGTGCCTGTAATCCCAGCTGCTCAGGAGGCTGAGGTGAGAGAATCACTTGATCCTGGGAGGCGGAAGTTGTAGTGAGCCGAGATCGCGCCACTGCACTTCAGCCTGGGCGACAGAGCAGGACTCTGTCTCAAAACAAAATAAAAAACAAAAACAAAAAAA","GCTGGGCATGGTGGCTCCCGCCTGTAATCCTAGCACTTTGGGAGGCCAAGGTGGGTGAATCACTTGAGGTCAGGAGTTCCAGACCAGCCTGGCCAACATGGTGAAACTCTGTCTCTACTAAAAATACAAAAATTAGCCTGGCATGGTGGCATGTGCCTGTAGTCCCAGCTACTCAGGAGGCTGAGGCAGGAGAATCATTTGAACCTGGGAGGCAGAGATTGAAGTGAGCCAAGATCTTGCCACTGCACTTCAGCATGGGAGACAGAGCAAGACTCTGTCTCAAGAAAAAAAAAAAAAAAAAAAAAAAAAAA"
"chr1","3936251","3936550","chr1","10143237","10143538","38","6206986","GGCCAGGTGCAGTGGCTCACACCTGTAATCCCAGCACTTTGGGAGGCCAAGGTGGGTGGATCACTTGAGTCCAGGAGTTTGAGACCAGCCTGGCCAACATGGTGAAACCCCATCTCTACCAAAAATACAACAAATTGGCCAGGCATGGTGGTGCACTCTTGTAATCCCAGCTACTCCAGAGGCTGAAGTGGAAGAATCATTTGAATCTGGGAGGTGGAGGTTGCAGTGAGCCGAGATTGTGCCACTGCACTCCAGCCTGGGTGACAGAGTGAGACCCTTTCTCAAAAAAAAAAAAAAAAA","GGCTGGGTGCGGTGGCTCACGCCTGTAATCCCAGCACTTTGGAAGGCCAAGGCGGGTGGATCACTTGAGGTCAGGAGTTCGAGACCAGCCTGGCCAACACGGTGAAACCCCATCTCTACTAAAAATACAAAAATTAGCCAGGCATGGTGGTGCGCCATCTGTAGTCCCAGCTACTCGGGAGCCCGAGGCAGGAGAATCACTTGAACCTGGGAGGCGGAGACTGCAGTGAGCCAAGATTGTGCCACTGCACTCTAGCCTGGGTGACAAAATGAGACCCTGTCTCAAAAACAAAAACAAAAAAA"
"chr1","3937684","3937988","chr5","136750937","136751240","40","132813253","GGCCGGACATGGTGGCTCATGCCTGTAATCCCAGCATTTTGGGAGGCCGAGGCAGGCGGATCACTTGAGGCCAGGAGTTCAAGACCAGACCTGGCCAATGTGGTGAAACCCCGTCTCTACTAAAAATACCAAAGTTAGCCGGGCCTGGTGGCACACACCTGTAATTCGAGCTATTCAGGAGGCTGAGGCAGAGAATCACTTGAACCTGGGAGACAGAGGCTGCAGTGAGCTGAGATTGCACCACTGCACTCCAGCCTGGGCCACAGAGCAAGACTCCATCTCAAAAAATAAATAGATAAATAAAA","GCCAGGCTTGGTGGCTCATGCCTGTAATCCCAGCACTTTGGGAAGCCGAGGCGGGCAGATCACTTGAGGCCAGGAGTTCAAGACCAGCCTGGCCAACATGGTGAAACCCCGTCTCTACTAAAAGTACAAAAATTAGCTGGGAGTGGTGGCACATGCCTGTAGTCCCAGCTACTCGGGAGGCTGAGGTAGGAGAATTGCTTGAACCCGGGAGGCAGAGGTTGCAGTGAACTGAGATTGCACCACTGCATCCCAGCCTGGGCAACAGAGCAAGACTCCATCTCTAAATAAATAAATAAATAAATAA"
"chr1","3942035","3942339","chr7","38207838","38208149","54","34265803","GGCCAGGCACAGTGGCTCACACCCATAATCCCAGCACTTTGGAAGGCTGAGGCCAGCGGATCATTTGAGGTCAAGAGTTCAAGACTAGCCTGGCCAACATCTTGAAACCCTGTCTCTACTAAAAATACAAAAAAAAAAAAAATAGCAGGGCATGGCGGCATATGACTCTATAGTCCCAGCTACCTGGGAGGCTGAGGCAGGAGAATTGTTTGAACCCAGGAGGTTGCAGTGAGCTGAGATCGAGCCACTGCACTCCAGCCTGGGTGATAGAGCAAGACTCTATCTCAAAAAGAGAGAGAGAGAGA","GGCCAGGTGCAGTGGCTCACACCCATAATCCCAGCACTTTGGGAGACTGAGGCAGGCAAATCATTTGAGGTCAGGAGTTCGAGTCTAGCCTGCCCAACATGGTGAACCCATGTCTCTACTAAAAATACAAAAAAAAAAAAAAATAGCAGGGCATGGTGGTGCATGACTGTAGACCCAGCTACCCCAGAAGCTAAGGCAGGAGAATTCTTTGAACCTGGGAGGTTGCGGTGAGCTGAGATCAAGCCACCACACTCCAGCCTGGGTGACAGAGTGAATCCATCTCGAAAAAAACAAAAGAGGGAGAGAAAGAGA"
"chr1","3965016","3965309","chr7","38231894","38232182","43","34266878","GGTTGGATGCAGCGGCTCAGGCCTGTAATCCCAGCACTTTGGGAAGGCCAAGTGGGTGAATCACTTGAGGCCAAGAGTTCAAGACTAGCCTGGCCAACATGGTGAAACCCTGTCCCTACCAAAAAACACAAAAATTAACCAGGTGCAGTGGTGCAGGCCTACAGTCCCAGCTACTGAGGAGGCTGAGGCAGGAGAATTGCTTGAACCCAGGAGGCAGAGGTTGCAGTGAGCCAAGATCATGCCACTGCACCCCAGCCTGGGTGACAGAGTGAGATCCTGTCTCAAAAAAAAAAA","GGCTGAATGCAGTGGCTCATGTCTGTAATCCCACTACTTTGGGAAGTTGAGGTGGGTGAATCACTTGAGGCCAGGAGTTCGAGACTAGCCTGGCCAACATGGTGAAACCCTGTCTACCAAAAAACACAAAAATTAGCCAGGCGTGTGCCACCACACCCATAATCTCAGCTAGTAAGGAGGCTGAGGCAGGAGAATTGTTTGAACCTGAGAAGCAGAGGTTGCAGTGAGCCAAGATCATGCCACTGCACTCCAGTCTGGGTGACAGAGCGAGACCCTGTCTCAAAAAAAA"
"chr1","3974244","3974533","chr1","75555059","75555337","53","71580815","GCCGGGCGCAGTGGCTCACGCCTGTAATCCCAGCACTTTGGGAGGCTGAGACAGGTGGATCATCACTTGAGGTCAGGAGTTTGACACCAGCCTGGCCAACATGGTAAAACCCCATCTCTACTAAAAATACAAAAATTAGCTGGGCATGGTGGCACATACCTGTGATCCCAGAGAATTGCTTGAACCCAGGAGACGAGGCTGCAGTGAGCCAAGATCGTGCCACTGCACTCCAGCCTGGGTGATGGAGCAAGGCCCTGCCTCAAAAAAAAAAAAAAAAAGAGAGAGAGAGA","GGCCAGGCGCAGTGGCTCACATCTGTAATCCCAGCACTTTGGGAGGCCGAGGTGGGTGGATCACTTGAGGTCAGGAGTTCGAGACCAGCCTGGCCAGCATGGTGAAACCCCGTCTCTACTAAAAACACAAAATTAGCCGGGCATGGTGGCACATGCCTGTAGTCCCAGCTACCTGGAAGGCAGAGGTTGCAGTGACCCAAGATCTTGCCACTGCACTCCAGCCTTGATGACAGAGCAAGACTCTATCTCAAAAAAGAAAAAAAGAAAAGAAAAAAGAAA"
"chr1","3983780","3984090","chr6","17068239","17068542","50","13084459","GCCGGGCACAGTGGCTCATGCCTGTAATAGTAGCACTTTGGGAGGCCAAGGCGGGGGTGGATCACTTCAGGTCAGGAGTTCGAGACCAGCCTGGGCAATGTGGTGAAACCCCGTCTCTCCTAAAAATACAAAAATTAGCCAGGAGTGGTGGTACGCACCAGTAATCCCAGCTACTCAGGAGGCTGAGGCAGGAGGATCATTTGAACCCAGAGGCGGAGGTTGCAGTGAGCCGAGATCTCGCTATTGCACTCCAGCCTAGGCAATAAAGCAAGACTCCGTCTCAAAATAAATAAATAAAAGAGATGTAAAAA","GGCTGGACGCAGTGGCTCATGCCTGTAATCCCAGCACTTTGGGAGGCCAAGGTGGGTGGATCACTTGAGGTCAGGAGTTCGAGACCAGCCTGGCCAACATGGTGAAACCCTGTCTCTACTAAAAATACAAAAATGAGCTGGGCATGCTGGTACACATCTGTAATCCCAGCTACTTGGGAGGCTGAGGCAAGAGAATCGCTTGAACCCAGGAGGCAGAGGTTGCAGTGAGCCGAGATTGCACCACTGCACTCCAGCCTGGGCAACAGAGCAAGACTCTGTCTCAAAAAAAAAAAAAAAAAGAAAA"
"chr1","4003158","4003457","chrX","11722716","11723009","45","7719558","GCCGGGCATGGTGGCTCAAGCCTGTAATCCCAGCACTTTGGGAGCCTGAGGTGGGTGGATCACTTGAGGCCAGGAGTTTGAGAACAGCCTGACCAATATGGTGAAACCACGTCTCTATCAAAAGTACAAAAATTAGCTGGGCGTGGTGGCATGTATCGGTAGTCCTAGCTACTTGGGAGGCTGAGGCAGGAGAATTGCTTGAACCTGGGAGCCTGGGAGGCAGAGGTTGTAGTGAGCCGAGATTATGCCACTGCACTCCAACCTGGGTGACAGAGCAAGACTCTGTCTAAAAAAAAAAAA","GCTGGGCATGGTGGCTCACTCATGTAATCCCAGCACTTTTGGAGGCTGAGGTGGGCGGATCACTTGAGGTCAGGAGTTTGAGACCTGCCTGGCCAACATGGTGAAACCCTGTCTCTACTAAAAATACAAAAATTAGCTGGGTGTAGTGGCGCACACCTGTAGTCCCAGCTACTTGGGAGGCTGAGGCAGGAGAATGGCTTGAACCTGGGAGGCAGAGGTTGCAGTAAGCCGAGATCATGCCACAGCACTCCAGCCTGGGTGACAGAGCAAGACTGTCTCCAAAACAAAACAAAA"
"chr1","4011553","4011863","chr9","99935150","99935455","44","95923597","CTGGGCACCGTGGCTCCTACCTGTAATTCCAGCACTTTGGGAGGCTGAGGCGGGTGGATCACTTGAGGTCAGGAGTTCAAGACCAGCCTGACCAATGTGGTGAAACCTTGTCTCTACTAAAAATACAAAAGTTAGCTGGGTTTGGTGGTACACACCTGTAATCCCAGCTACTTGGGAGGCAGAGGCAGGAGAATCGCTTGGACCTGGAAGGTGGAAGTTGCAGTGAGCAGAGATTGTGCCACTGCACTCCAGCCTGGGTGACAGAGTGAGACTCTTGTCTCAAAAAAAAAAAACAAACAGAAAAAGAAAAA","GCCGGGCACGGTGGCTCATGCCTGTAATCCCTGCACTTTGGGAGGCTCAGGCGGGTGGATCACTTGAGGTCAGGAGTTTGAGGCCAGCCTAGCCAACATGGGGAAATCCTGTCTCTACTAAAAATACAATAATTAGCTGGGTGTGGTGGTGTGCACCTGTAATCCCAGCTACTCGGGATGCTGAGGCAGGAGAATCGCTTGAACCTGGGAGGTGGAGGTTGCAGTGAGCTGAGATTGCATCACTGCACTCCAGCCTGGGTGACAGAGTGAGACTCCGTCTCAGAAAAAGAAAAAAGAAAAAAAGAA"
"chr1","4052314","4052623","chr2","14723039","14723343","47","10670725","CTGGGCATGGTAGTTCACTCCTGTAATCCCAGCACTTTGGGAGGCTGAGGTGGGCGGATCATTTGAGGTCAGGAGTTTGAAACCAGCCTGGGCAACATGGTGAAACCCTGTCTCTACTAAAAATACAAAAATTAGCTGGGCATGGTGGCTCGCATCCGTAATCCCAGCTACTTGGGAGGTTAAGGCAGGAAGATCCCTTGAGCCAGGGAGGTGGAGGCTGTGGTGAGCTGAGATTGTGCCACTGCACTCCACCCTGGGTGACAGAGTGAGACCCTGTCTCAAAAAAAAAAAAAAAAAAAAAAAAAGAAAA","GGCCGGGCCTGGTGGTGCATGCCTGTAATCCCAGCACTTTGGGAGGCTGAGGTAGGTGAATCGTTTGAGGTCAGGAGTTAGAGACCAGCCTGGCCAACATGGTGAAATCCCATCTCTATTAAAAATATAAAAATTAGCTGGGCATGGTGGCATGCACCTGTAATCCCAGCCACTTGGGAGGTTGAGGCAGGAGAATCGCTTGAGCCTGGGAGGTGGAGGTTGCAGTGAGCTGAGATCATGCCACTGCACCCCAGTCTGGGTAACAGAGTGAGACTCTGTCTCAAAAAAAAAAAAAAAAAAAAAAA"
"chr1","4155107","4155380","chr7","79364610","79364894","47","75209503","GGGCAGGCCCAGTGGCTCACACCTGTAATCTCAGCACTTTGGGAGGCCAAGGCAAGCAGATCACTTGAGGTCAGGAGTTCGAGGCCACAGTGAAACCCCACCTCTACTAAAAATACAAAAAAATTAGCCGGGCATGGTGGTGCACACCTGTAATCCCAGCTACTCAGGAGGCTGAGGCAGGAGAATCGCTTGAACCTGGGAGGCGGAGGTTGCAGTGAGTCAGGATGGTACCGCTGCACTCCAGCCTGGACTACAGAGCCAGACTCCGTCTCAA","GGCCAGGCACAGTGGCTCACACCTGTAATCCCAGCACTTTGGGAGACCAAGGCAGGCAGATGGCTTGAGGCTAGGAGTTTGAGACCAGGCTGGGCAACATGATGAAACCCCATCTCTACAAAAAATACAGAAATTAGTCCAGCATGGTGGTACATGCCTGTAATCCCAGCTACTCAGGAGGCTGAGGCAGGAGAATCACTTGAACCCGGGAGGCAGAGGTTGCAGTGAGCCAAGATCATGCCACTGCACTCCAGCCTGGGCAACAGAGCAAGACTCTGTCTCTAA"
"chr1","4169721","4170031","chr3","177888845","177889151","39","173719124","GGCCTGGTGCGGTGGTTCATGCCTATAATCCCAGCACTTCGGGAGGCCGAGGTGGGTGGATCACTTGAGGTCAGGAGTTCAAGACCCACCTAGCCAACATGGTGAAATCCCATTTCTACTAAAAAATACAAAAATTAGCCAGGCATGGTGGTACACACCTGTAATCCCAGCTACTCAGGAGGCTGAGGCAGGAGAATCACTTGAACCCGGGAGGCAGAGGTTGCAGTGAGTCAAAATCATGCCACTGCACTCCAGCCTGGGTGACAGAGTAAGACTCTATCTCAAAAAAGAAATAAATGAAAATAAATAAA","CCCGGAGCGGTGGCTCATGCCTATAATCCCAGCACTTTGGGAGGCCAAGGTGGGTGGGTCACTTTGAGGTCAGGAGTTCTAGACCAGCCTGGGCAACATGGTGAAACCCCATCTCTACTAAAAATACAAAAATTAGCCAGGCATAGTGGCGTGCACCTATAGTCCCAGCTACTCAGGAGGCTGAGTCAGGAGAATCACTTGAACCCAGGAGGCAGATGTTGCAGTGAGCCGATATCACACTACTGCACTCCAGCCTGGGCAACAGAGTGAGACTCTATCTCAAAAAATAAATAAATAAATAAATAAA"
"chr1","4225407","4225694","chr15","41758838","41759130","42","37533431","GGCCGGGCGTGGTGCCTCATGCCTGTAATTCCAGCACTTTGGGAGGTTGAAGTGGGCCGATCACTTGAGGTCAGGAGACCAGTTTGGCCAACATGGTGAAACCTTGTCTCTACTAAAAATATAAAAATTAGCCAGGCATGTAGGCACACATCTGTAATCCCAGCTACTTGGGAGGCTGAGGCAGGAGAATTGCTTGAACTCGGGAGGCGGAGGTTGCAGTGAGCTGAGATTGTGCCACTGCAGTCCAGCCTGGGCGACAGAGCGATACTCTGTCTCAAAAAAAAAAAA","GCCGGGTGAGGTGGCTCATGCCTGTAATCCCAGCACTTTGGGAGGCCAAAGTGGGTGGACCACTTAAGGTCAGGAGTTTGAGACCAGCCTGGCCAACATGGTGAAACCCCGTCTCTACTCAAAATACAAAAATTAGCTGGGCATCGTGGCACACGCCTGTAATTCCAGCTACTAGGGAGACTGAGGCAGGAGAATAGCTTGAAGCTGGGAGGCAGAGGTTGCAGTGAGCTGAGATCGTGCCACTGCACTCCAGCCTGGGCGACAGAGTGAGACTCCGTCTCAAAAAAAAAAAA"
"chr1","4380262","4380512","chr2","125678259","125678509","40","121297997","TGGGAGGCCAAGGTGGGTGGATCACTTGAGGTCAGGAGTTTGAGACCAGCCTGGCCAACATGGTGAAATTCTGTCTCTACTAAGAATACAAAAATTAGCTGGATGTGGTGGTGCATGCCTGTAATCCCAGCTACCGGGGAGGCTGAGGCAGGAGAATCATTTGAACCCAGGAGGCTGAGGTTGCAGTGAGCAAAGATCATATCATTGCACTCCAGGCTAGGCAACAGAGTGAGACCCCTTCTAAAAAAAAA","TTGGGAGGCTGAGATGGGTGGATTACTTAAGGTCAGGAGTTCGAGACCAGCCTGGCCAACATGGTGAAACCCTGCCTCTACTAAAAATACCAAAATTAGCCAGGGTGGTGGCACATGCCTGTAATCCCAGCTACTCAGGAGGCTGAGGCAGGAGAATTGCTTAAACCCTGGAGGTGGTGGCTGCAGTGAGCTGAGATCATGCCACTGCACTCCAGCCTGGGCAACAGAGTGAGACTCTGTCTAAAAAAAAA"
"chr1","4434742","4435033","chr7","128775041","128775329","45","124340299","GGTCGGGCGTGGTGGCTCATGCCTGCAATCCCAGCACTTTGGGAAGCTGAGGCAGGCAGATCACTTGAGGTCAGGAGTTTGAGACCAGCCTGGCCAATATGGTGAAACCCTGTCTCTACCGAAAATACACAAATTAGCCAGATGTGGTGGCATGGCCTCTAATCCCAGCTACTCGGGAGGTTGAGGTGGGAGAATCACTTGAACCTGTGAAACAGAGGTTGCAGTGAGCCGAGATCACACCATTGCACTCCAGCCTGGACACTGCAGCGAGACTCCCTTTCAAAAAATAAAA","GCAGGGCATGGTAGCTCATGCCTGTAATCTCAGCACTTTGGGAGGCTGAGGTAGGCAGATCACTTGAGGTCAGGAGTTCAAGACCAGCCTGGCCAACATGGTGAACCCTGTCTCTACTAAAAATACAAAAATTAGCCAGGTGTGGTGGCATGCACCTGTAATCCCAGCTACTTGGGAGGCTGAAGCAGGAGAATCATCTGAACCCGAGAGACAGAGGTTACAGTGAACCTAGATCCCACCACTGTACTCCAGCCTGAAGGACAGAGCGAGACTCCATCTCAAAAAAAAA"
"chr1","4472886","4473055","chr17","34108233","34108402","33","29635347","ACAGCCAAGGGTGGGGGCATGCACCTGTAATCCCAGCTACTTGGGAGGCTAAGGCAAGAGAATTGCTTGAATCCGGGAGGTAGAGGTTGCAGTGAGCAGACATTGCACCACTGCATTCCAGCCTGGGTAACAGAGCCAGACTCTGTCTAAAAAAAAGAAAAATAAAAGAA","AATTAGCCAGGTGTGGTGACGCATGCCTGTAGTCCTAGCTACTTGGGAGGCTGAGGCAGGAAAATCACTTGAACCCGGGAGGCAGAGGTTGCAGTGAGTCAAGACTGTACCACTGCACTCAAGCCTAGGTGACAGAGCAAGACTCTGTCTCAAAAAAAAAAAAAAAAAAA"
"chr1","4473087","4473219","chr4","34136029","34136154","22","29662942","GGCCAGGCGTGGTGGCTCACGCCTGTAATTCCAGCATGGAATTTGGGAGGCCGAGGCGGATGGATTACTTGAGGTTGGGAGTTTGAGACTAGCCTGGCCAACATGGTGAAAACTTGTCTCTACAAAAATACAA","GGCCGGGCGCGGTGGCTCACGCCTGTAATCCCAGCATTTTGGGAGGCTGAGGTGGGTGGATCACTTGAGGTCAGGAGTTGGAGACCAACCTGGCCAACATGGTGAAACCTCGTCTTAAAAAAAAAA"
"chr1","4499008","4499279","chr7","38768177","38768435","43","34269169","CACTTCGGGAGGCCGAGGCAGGTGGATCAGATCGCTTGAGGTCACGAGTTCAAGACCAACCTGGCCAATATGGTGAAACCTCATCTCTACTGAAAATACAAAAAATTAGCCATGCGTGGTAGCGCTGGCCTGTAAACCCAGCTACTTGGGAGGCTGAGACAGGAGAATTGCTTGAACCTGGGAGGTGGAGGTTGCAGGGAGCCAAGATTGTGCCATTGCATTCCAGCCTGGGCAACAGAGCGAGACTTTGTCTCAAAAAAAAAAAAAAAAAA","ACTTTGGGAGGCCAAGGCGGGTGGATCACTTGAAGTCAGGAGTTGAAGACCAACCTGGCCAACATGGTGAAACCCCATATCTACTAAAAATACAAAAAATTAGTCACGCATGGTAGCATTGGCCTGTAATCCCAGATACTTGGGAGGCTGAGACAGGAGAATTGCTTAAACCTGGGAGGTGGACGTTGCAGTGAGCCGAGATCACTCCATTGCACTCCAGCCTGGATCACAGAGCGAGACTTTGTCTCAAAACAAAAAA"
"chr1","4503262","4503562","chr6","94863182","94863479","44","90359920","GGTCGGACATGGTGGCTCATGCCTGTAATCCCAGCACTTTGGGAGGCCGAGGCGTGCGGATCACTTGAGGTCAGGTGTTCGAGACCAGCCTGGCCAACATGGTGAAACCCCATCTCCAATAAAAATACAAAAAATTAGCCAGGCATGGTGGTGTGCACCTGTAATCTCAGCTACTCGGGGGGCTGAGGCAGAAGAATCACTTGAACCCAGGAAATGGAAGCTGCAGTGTGCCGAGATCTCACCACTGCACTCCAGCCTGAGTAACAGAGTGAGACTCCAAAAAAACAAAGAAAGAAAGAAA","GGTCAGGCCCGGTGGCTCAAGCCTGTAATCCCAGCACTTTGGGAGGCCAAGGAGGGCAGACCACTTGAGGTCAGGAGTTCAAGACCAGCCAAGCCAACATGGTGAAACCCCATCTCTACTAAAAATACAAAATTTAGCCAGGCATGGTGGTGTGTACCTGTAATCCCAGCTACTCAGGAGGCTGTGGCAGGAGAATCACTTGAACCCAGGAAGTGGAGTTTGCAGTGAGCAGAGATTTCACCACTGCACTCCAACCTGGAGGCAGAGCAAGATCTCAAAAAAAAAAAAAAAAAAAAAA"
"chr1","4539872","4540159","chrX","50876841","50877130","42","46336969","GGCCAGGCAAGGCAGCTCACGCCTGTAATCCCAGCACTTTGGGAGGCTGAGGTGGGTGGATCACTTGAGGTCAGGAGTTTTAGACCAGCCTCGCCAACATGGTGAAACCCCATCTCTGCTAAAAATACAAAAATTAGCTGGGCGTGGTGGCATGCATCTGTAGTCCCAGCTACTCGGGAGGCTGTGGTGGGAGAATTGCTTAAACCTGGGGGGCGAAGTTTGCAGTGAGCCGAGATCGCGCCATTGCCCTCCAGCCTGGGTGACAGAGTGAGATTCCATCTCAAAAAA","GGGCAGGCCTGGTGGCTCACACCTGTAATCCCAGCAATCTGGGAGGCTGAGGTGGGTGGATCACTTGAGGTTAGGAATTCAAGACCAGCCTAGCCAACATGGTGAGACCCCGTCTCTACTAAAAATACAAAAATTAGCTGGGCATGGTGGTATGTGCCTGTAGTCCCAGCTACTCGGGAGGCTGAGGCAGGAGAATCACTTGAACCTGGGGGGCAGAGGTTGCAGTGAGCCAAAATCATGCCACTGCACTCTCGCCTGGGCAACAGAGTGAGATTCCATCTCAAAAAAAA"
"chr1","4562131","4562429","chr19","917453","917749","45","3644678","CGGTGGCTCACGCCTGTAATCCCAGCACTTTTGGAGGCCAAGGTGGGTGGATCACTTGAGATCAGGAGAGTGAGACCAGCCTGGCCAACATGGTGAAACCCCATCTCTATTAAAAATGCAAAAATTAGCTGAGTGTAGTGGAGAGCACCTGTAATCCCAGCTACTCAGGAGGCTGAGGTAGGAGAATCACTTGAATCTGGAGGTAGAGGTTGCAGTGAGCCAAGATCATGCCACTGAACCCCAGCCTGGGTGACACAGTGAGACTCTGTCTCAAAAAAAAGAAAAAGAAAAGAAATAAA","GTGATGGCTCACGCCTGTAATCCCAACACATTGGGAGGCCAAGGTGCACAGATCACTTGAGGTCAGAAGTTTGAGACCAGCCTGGCCAACAGGGTGAAACCCTGTCCCTACTACAAATACAAATATTAGCCAGGTGTGATGGTGTACGCCTGTAATCCCATCTACTCGGGAGACTGAGGCAGGAGAATCACTTGAACCTGGGAGGCAGAGGTTGCAGTGAGCCAAGATCATGCCACTGCACTCCAGCCTGGGTGACAGAGTGAGACTCTGTCTCAAAAAAAAAAAAAAAAAAAAAAA"
"chr1","4562993","4563308","chr4","43074425","43074733","56","38511432","GGCTGGGCACAGTGGCTCACACCTGTAATCCCAGCACTTTGGGAGACCAAGGCAGGTGGATCACTTGAGGTCAGGAGTTTGAGATCAGCCTGGCCAACATGGTGAAACCCCATCTCTACTAAAAATACAAAAAAAAAAAAAAAAGCCAGACATGGTGGCACATAGTCCCAGCTACCTGGGAGGCTGAGGCATGAGAATCACTTGAACCCGGGAGGTGGAGTTTGCAGTGAGCTGAGATCATGCCACTGCTCCACCCTGGGTGACAGCATGAGACTCCAACTCAAAAGTAAAAAGTAAAAATCAAAATAAAACAAAA","GGCTGGGCACAGTGGCTCATACCTGTAATCCCAGTACTTTAGGAAGCCAAGGCAGGTGGATCACTTGAGGTCAGGAGTTTGAGACCAGCCTGGCCAACATGGTGAAACACCCGTCTCTACCAAAAATACAAGAATTAGCTGGGTGTGGTGCACACCTGTAATCCCAGCTAATCGGGAGGCTGAGGCAAGAGAATCACTTGAACCTGGGATGTGGAGGTTGCAGTGAGCCAAGATCATGCCACTGCACTCCAGCCTGGATGACAAAGTGAGACTCCATCTGAAAAGAAAAAAATAAAAATAAAATAAAAA"
"chr1","4635619","4635909","chr1","148289026","148289314","49","143653407","CACAGTGATTCATGCCTGTAATCCCAGCACTTTGGGAGGCCGAAGCCAGTGGATCACTTGAGTTCAGGAATTCCAGACCAGCCTGGCCAACATGTCTCTACTAAAAATACAAAATTTAGCCAGACATGGTGGTGCTCACCTGTAGTCCCAGCTACTCAGGAGACTGAAGCAGGAGAGTCAATTGAACCTGGGAGGTGGAGGTTGCAGTGAGCCGAGATTGCGACACTGCACTCCAGCCTGGGCAACAGAGTGAGACTCTGTCTCCAGAAAAAAAAAAAAAAAAAAAAAGAA","GGGCACAGTGGCTCACACCTGTAATTCTAGCACTTTGGGAGGCCAAGGTGGGTGGATCATTTGAGGTCAGGAGTTCAAGACCAGCCTGGCCAACATGTCTCTACTAAAAATACAAAAATTAGTTAGGCGTGGTGGTGTGCACCTATGATCCCAGCCACTCAGGAGGCTAAGGAAGGAGAATCACCTGAACCTGGGAGGTGGAGTTTGCAGTGAGCTGAGATCACAACACTGCACTCCAGCCTGGGCAACAGAGCAAGACTGTCTCAAAAAAAAAAAAGAAAAAAAAGAA"
"chr1","4667933","4668224","chr5","73178966","73179258","38","68511033","GGCCAGGAGTGTTTGCTCATGCCTGTAATCTCAGCACTTTGGGAGGTAGAGGCGGGAGGAAAACTTGAGGTCAGGAGTTCAAGACCAGCCTGGCCAACATGATGAAACCCCATCTCTACTAAAAATACAAAAATTAGCCAGGCGTGGTGGTATATGCTTGTAGTCCCAGCTAGTCAGAGGCTGAGACAGGAGAATTGCTTGAACCTGCGAGGCAGAGGTTGCAGTGAGCTGAGATCGCACCACTGCACTGCAGCCTGGGTGACAGAGTGAAACTCTATCTCAAAAAAAAAAA","GGCCAGGTGTGGTGGCTCATGCCTGTAATCACAGCACTTTGGGAGGCTAAGGCGGGAGGATCACTTGAGGTCAAGAGTTCGAGACAAGTCTGGCCAACATGGTGAAACCTCATCTCTACTAAAAATACAAAAATTGGCCGGGTGTGGGGGCAAATGTCTGTCATCCCAGTTACTCTGGAGGCTGAGGCAGGAGAATTGCTTGAACCCGGGAGGCAAAGGTTGCAGTGAGCAGAGATCACGCCACTGCACTTCAGCCTGGGTGACAGAGTGAGACTCTGTCTCAAAAAAAAAAA"
"chr1","4893976","4894267","chr8","17968026","17968320","36","13074050","GGCCGGGAGCAGTGGCTTGCACCTGTAATCCAGCACTTTGGGAGGCCAAGGTGGGCAGATCACTTGAGGTCAGGAGTTCGAGACCAGCCTGGCCAACACAGTGAAACCCCGTCTCTCCTAAAAATACAAAAATTAGCCTGGCATGGTGGTGTGCACCTGTAGTTTCAGCTACTTGGGAGGCTGAGGCAGGAGAATTGCTTGAACCCAGGAGGTAGAGGTTGCAGTGAGCTGAGATCGCACCACTGTACTCCAGACTGGGAGACAGAGCAAGACTCTGTCAAAAAAAAAAAAA","GCCGGGTGCAGTGGCTCACGCTGGTAATCCAGCACTTTGGGAAGCCAAGGCGGGCAGATCACTTGAGGTCAGGAGTTTGAGACCAGCCTGGCCAACACGGTGAAACCCTGTCTCTACTAAAAATACAAAACTTAGCTGGGCATGATGTGGTGTGCACCTGTTAATTCCAGCTACTATAGAGGCTGAGGCAGGAGAATTGCTTGAAACTGGGAGGTAGAGGTTGCAGTGAGCTGAGATCACACCACTGTCCCTATAGCCTGGGTGACAGAGCAAGACTCTGTCTCAAAAAATAAAA"
"chr1","5021595","5021924","chr11","42920256","42920567","59","37898661","GGCCAAGCACAGTGGCTCACGCCTGTAATCCCAGCATTTTGGGAGTCTGAGGTGGGTGGATCACTTGAGGTCAGGAGTATGAGACCAGCCTAGCCAACATGGTGAAACCCTGTCTCTACTAAAAATGCAAAAATTAGCTGGGCATGATGGCACACACCTGTAGTCCCAACTACTCAGGAAGCTGAGAAATGAGAATCACTTGAGCCTGGGAAGTGGAGGTTGCAGTGAGCTGAGACTGTGCCACTGCGCTCCAGCCTGGGAGACAGAGCAAGACTGTGTCTCAAGAAAAAAAATAAAAAAAAAGAAAGAAAAAAGAAAGAAAGAAAAAAA","GGCCAGGCGCGGTGGCTCACACCTATAATCCCAGCACTTTGGGAGGCTGAGGTGGGCCGATCACTTCAGGTCAGGAGTTTGAGACCAGCCTGGCCAACACTGTGAAACCCTGTCTCTACTAAAAATACAAAAATTAGCTGGGCGTGGTGGCACACACCTGTAATCCCAGGTATTCTGGAGGCTGGGGCAGGAGAATCACTTGAGCCCAGGAGGCAGAGGTTGCAGTGAGCTGAGTTCGCACCACTGCACTCCAGCCTGGGCCACAGAGCCAGACTGTGTCTCAAAAAAATAAGAGAAAGAAAGAAAGAAAAA"
"chr1","5024421","5024704","chr7","79364610","79364894","33","74340189","GGCCGGGCACAGTGGCTCATATCTGTAATCCCAGCACTTTGGGAGGCCAAGGCGGGCAGATCACTTGAGATCAGGAGTTCGAGGCCAGCCTGGCCAACTTGGTGAAACCCCGTCTCTACTAAAAATACAAAAATTAGCCGGGCATAGTGGCACGTGCCTGTAATCCCAGCTACTTAGGAGACTGAGGCAGGAGAATCACTTGAACCCGGAAGGTGGAGGTTGCAGTGAGCCAAGATCATGCCACTGCACTCCAGCCTGGGCGACAGAGCAAGACTCCGTCTCAA","GGCCAGGCACAGTGGCTCACACCTGTAATCCCAGCACTTTGGGAGACCAAGGCAGGCAGATGGCTTGAGGCTAGGAGTTTGAGACCAGGCTGGGCAACATGATGAAACCCCATCTCTACAAAAAATACAGAAATTAGTCCAGCATGGTGGTACATGCCTGTAATCCCAGCTACTCAGGAGGCTGAGGCAGGAGAATCACTTGAACCCGGGAGGCAGAGGTTGCAGTGAGCCAAGATCATGCCACTGCACTCCAGCCTGGGCAACAGAGCAAGACTCTGTCTCTAA"
"chr1","5134604","5134915","chr14","69766565","69766870","49","64631961","GGCCGGGCATGGTGGCTCATGCCTGTAATCCCAGCACTTTGGGAGTTCGAGGCAGGAGGATCACTTGAGCTCAGGAGATTGAGACCAGCCTGGCTAACATGGTGGAACCCCATGTTTACTAAAGATACAAAAATTAGTTAGGCATGGTGATGCATGCCTGCAATCCCAGCTACTTGGGAGGCTGAGGCAGGAGAATGGCTTGAACCCGGGAGGCGGAGCCTGTAGTGAACTGAGATCACGCCACTGCATTCCTGCCTGGGTGACAGAGTGAGACTCTGTCTCTAAAAATAAAAACAAACAAAACAACAACAA","GGCTGGGCATGGTGTCTCATGCCTGTAATCCCAGCACTTTGGGAGGCCCAGGCGGGCTGATCACTTGAGCTCAGGAGTTTGAGACCAGCCTGGCCAACATGGTGAAACCCCATTTCTACTAAAAATACAAAAATTAGCCAGACCTGGTGGCATGTGCCTATAATTCCAGTTACTCCAGAGGCTGAGGCAGGAGAATTGCTTGAACCCTGGAGGTGGAGGTTGTAGTGAGCTGAGATGGTGCCACTGCACTCCAGCCTGGGTGACAGAGTGAGACTCAGTCTCAAAAAAAAAAAAAAAAAAAAGAAA"
"chr1","5261268","5261579","chr3","106655459","106655766","41","101394191","GGCCGGGCGTGGAGGCTCATGCCTGTAATCCCAGAACTTCAGGAGGCCGAGACAAGCAGATCACTTGAGGCCAGGAGTTTGAGACCAGCCTGGCCAACATGATGAAACCCCATGTCTACTAAAAATACAAAAATTAGCCAAGTGTGGTGATGTGCACCTGTAATCCCAGCTACTTGGGAGGCTGAGGCAGGAGAATTGCTTGAACCCAGGAGGTGGAGTTGGAGGTTGCAGTGAGCAGAGATCATGCAACTGCACTCCAGCCTGGGTAACAGAGTGAGACCCTGTCTCAAAAAAAAAAAATAAAAAAAAAAA","GGTCGGGTGTGGTGGCTCGTGCCTATAATCCCAGCACTTTGGGAGGCTGAGGTGGGCAGATCACTTGAGGTCAGGAGTTTGAGACCAGCCTGGCCAACATGGTGAAACCCCGTCTCTACTAAAAATACAAAAATTAGCCAGGTGTGGTGGCATGCATCTGTAATCCCAGCTACTTTAGGAGGCTGAGGCAGGAGAATCGCTTGAACCCAGGAGGTGGGGGTTGCAGTGAGCTGAGATCGCACCACTGCACTCCAGCCTGGGCAACAGAGAGAGACTCTGTCTCAAAAAAAAAAAAAAAAAAAAAAAAA"
"chr1","5372599","5372892","chr5","63326522","63326817","38","57953923","GGCCAGGCACGGTGGCTCACACCTGTAATCCCAGCACTTTGGGAGGCCGAAGCGGGTGGATCAGTTGTCATCAGGAGTTCAAGACCAGCCTGGCCAACATGATGAAACCCCATCTCTACTAAAAATACAAAAATTAGCTGGGTGTGGTGGTATATGCCTGTAATCCCAGCTACTCGGAAGGCTGAGGCAGGAGAATCGCTTGAACCCGGGAGGCAAAGGTTGCAGTGAGCTGAGATCACACTGCTGCACTCCAGCCTGGGCGACAGAGCAAGACTCTGTCTCTGGTGAAAAAAA","GCAGGGCACAGTGGCTCACGCCTATAATCCCAGCACTTTAGGAGGCCGAGGTGGGTGGATCACTTGAGGTCAGGAGTTCAAGACCAGCCTGGCCAACATGGCGAAAACCCATCTCTACTAAAAATACAAAAATTAGCTGGGTGTGGTGGCATGTGCCTGTAATCTCAGCTACTCAGGAGGCTGCGGCAGGAGAATTGCTTGAACCCAGGAGGCAGAGGTTGCAGTGAACTGAGATCACACCACTGCACTCTAGCCTGGGCAACAGAACAAGACTCTGTCTCAGAAAAAACAAAAAA"
"chr1","5625373","5625674","chr12","44183194","44183496","37","38557821","GGTCAGGTGTGGTGGCTCACACCTGTAATCCCAGAACTTTGGGAGGCCAAGGTGGGTGGATCACTTTAGGTCAGGAGTTCAAGACCAGCCTGGCCAACATGGTGAAACCCCGTCTCTACTAAAACAATGCAAAAATTAGTCAGGCATGGTGGCACATGCCTGTAATCCTAGCTACTCGGGAGGCCGAGGCACAGGAATCACTTGAACCCAGGAGGTGGAGGTTCCAGTGAGCCAAGATTGCACCACTGCACTCCAGCCTGGGCAACAGAGTGAGACTCTGTCTCAAAAAAAAAAAAAAAAAA","GGCCAGGCGTGGTGACTCACACCTGTAATCCCAGCACTTTGGGAGGCCGAGGTGGGTAGATCACTTGAGGTCAGGAGTCCAAGACCAGCCTGGCCAACATGGTGAAACCTCGTCTCCACTAAAAATACAAAAATTAGCCAGGCATGGTGGCATATGCCTATAATACCAGCTACTCAGGAGTCTAAGGCAGGAGAATCACTTAAACCCAGTAGGTGGAGGTTGCAGTGAGCCAAGATTGCACCACTGCACTCCAGTCTGGGCAACAGGGTGAGATCCATCTCAAAAACAAAAAAGAAAAAAAAA"
"chr1","5770311","5770618","chr10","16060753","16061059","48","10290442","GGGCGCAGTGGCTTACACCGGTAATCCCAGCACTTTGGGAGGCTGAGGTGGGTGGATCACTTGAGGCTGAAAGTTCGAGAACAGCCTGGCCAACATGGTGAAACCCCATCTTTACTAAAAATACGAAAATTAGCCAGGCATGGTGGCATGCGCTTGTAGTCCCAGCACTTTGAGAGGCTGAGGCAGGTGGATCACTTGAACCCGGGAGGTGGAGGTTGCAGTGAGCCAAGATCGCCCCACTGCACACAGCACCTGGGTGACAGAATGAGACTCCATCTCAAAAAAAAAAAAAAAAAAAAAAAAAAAAA","GGGCACAGTGGTTCACGCCTGTCATCCCAGTACTTTGGGAGGCTGAGGTTGATGGATCACTTGAGGTCAGGAATTCAAGACCAGCCTGGCCAACATGGTGAAACTTTGTCTCTACTAAAAATACAAAACTTAGCCAGGTATGGTGGTGCGCACCTGTAGTCCCAGCTACTCTGGAGGCTGAGGAGGGAGAATCGCTTGAACCCGGGAGGCAGAGGTTGCAGTGAGCCGAGATGGCCCCACTGCACTCCACCTGGGTGACAGAGTGAGACTCCATCTCAAAGAAAAAAAAAAAAAAAAGGAAAAAGAA"
"chr1","5821051","5821328","chr4","151051212","151051502","56","145230161","CACGCCTGTAATCCCAGCACTTTAGGAGGCCAAGGCGGGCGGATCACTTGAGGCCAGCCTGGCCAACATGGTGAAACCCCATCTCTACTAAAAATACAAAAATTAGCTGAGCATGGTGGCATGCGCCTGTAGTCCCAGCTCCTCCGGAGGCTGAGGCAGGAGAATCGCTAGGACCTGGGAAGCAGAGGCTGCAGTGAGCCGAGATGGTGCCACTGCACTCTAGCCTGGGTGACGGAGTGAAACCGTGAGAAAGAAAGAAAGGAAAGAAAGGAAAGAAA","CATGCCTGTAATTCCAGCACTTTGGGAGGCTGAGGCAGGCAGATCACTTGGGGTCAGGAGTTCGAGACCAGCCTGGCCAACATGGTGAAACCCCATCTCTACTAAAAATACAAAAATTATCTGGGCATGGTGGCACATGCCTGTAATCCCAGCCATTCAGGAGGCTGAGGCAGGAGAATCGTCTGAACCTGGGAGGCAGAGGTTGCAGTGAGCCAAGATCGTGCCACTGCACTCCAGCTTGGGCAACAGAGTGAAACTTCGTCTCAAAATAGAAAAGAGAAGAAAAGAAAA"
"chr1","5944688","5944981","chr18","8503340","8503640","52","2558652","GGCCGGGCGCGGTGGTTCACGTCTGGAACCTGAGCACTTTGGGAGGCCAAGGAGGGCAGATCACTTGAGGTCAGAAGTCTGAGACCTGCCTGGCCAACGTGGGAAAACCCCGTCTCTATTAAAAATACAAAAATTAGCTGGGCATGGTGGCCCGTGCCTATAGTCCCAGCTACTCAGGAGACTGAGGCAGGAGAGTCACTTGAACCCAGGAGGCGGAGGTTGCAGTGAGCCGAGATCGCGCCACTGAGGGGCGACAGAGTGAGACTCTGTCTCGAAAAGAGAAGAGAAGAGAAA","GGCCGGGCACGGTGGCTCACACCTGCAATCCCAGCACTTTGTGAGGCCAAGGTGGGCGGATCACTTGAGGTCAGGAGTTCAAGACCAGCCTGGCCAACATGGTGAAACCCCGTTTCTACTAAAAATACAAAAGTTAGCTGGGCATGGTGGCGTGTGCCTGTAGTCCCAGCTACTCGGGAGGCTGAGGCAGGAGAATTGCTTGAACCCAGAAGGCAGAAGTTGCAGTGAGCCGAGATCGTGCCATTGCAGTCCAGCCTGAGTGACAGAGTGAGACTCTGCCTCAAAAAAAAAAAAAAGAAAA"
"chr1","5972875","5973184","chr6","17068239","17068542","43","11095364","GGCCGGGTGCAGTGGCTCATGCCTGTAATCCCAGCACTTTGGGAGGCCCAGGTGGATGGATCACTTGAGATCAGGAATTTGAGACCAGCCTGGCCAACATGGTGAAACCCTGTCTCTACTAAAAATTTAAAGATTAGCTGGGCGTGGTGGCACACACGCGTAATCCCAGCTACTTGGGAGGCTGAGGCTAGAGAATCACCTGAGCTCGGCGGGTGGAGGTTGCAGTGAGCTGAGATTCACGCCACTGCACTCCAGCCTGGGTGATAGAGCAAGACTCTGTCAAAAAAAAGAAAAACCAAACAAAAAAAAA","GGCTGGACGCAGTGGCTCATGCCTGTAATCCCAGCACTTTGGGAGGCCAAGGTGGGTGGATCACTTGAGGTCAGGAGTTCGAGACCAGCCTGGCCAACATGGTGAAACCCTGTCTCTACTAAAAATACAAAAATGAGCTGGGCATGCTGGTACACATCTGTAATCCCAGCTACTTGGGAGGCTGAGGCAAGAGAATCGCTTGAACCCAGGAGGCAGAGGTTGCAGTGAGCCGAGATTGCACCACTGCACTCCAGCCTGGGCAACAGAGCAAGACTCTGTCTCAAAAAAAAAAAAAAAAAGAAAA"
"chr1","6009859","6010176","chr6","154513729","154514039","51","148503870","GACTGGACACGGTGGCTCACACCTGTAATGCCAGCACTTTGGGAGGCTGAGGCGGGTGGATCACTTGGGGCCAGGAGTTTGAGACCAGCCTGGCCAACGTGGTGAAACCGAAACCCCTTCTCTACTAAAAATACAAAAATTAGCTGGGTGTGGTGATGTGTGCCTGTAATCCCAGCTACACCAGAGGCCGAGGCAGGAGAATCGCCTGAGCCTGGGAGTTGGAGGTTGCAGTGAGATAAGATTGCGCCACTGCATTCCAGCCTGGGCGGCAGAGTGAGACCCTGTCGGAAAAAAAAAAAAAAAGAAAAAAAGAAAAGA","GGCTGGATGTGGTGGCTCATGCTTGTAATCCCAGCACTTTGGGAGGCTGAGGCAAGTGGATCACTTGAGGCCAGGAGTCTGAGACCAGCCTGACCAACATGGTGAAAGCTCCATCTCTACTAAAAATACAAAAATTAGCTGGGTGTGGTGGTGTGTGCCTGTAATTCCAGCTACTCAGGAGGCTAAGGCAGGAGAATCGGTGGAACCCAGGAGGTGGAGGCTGCAGTGAGCTAAGATTGCACCACTGCACTCCAGCCTAGGCAACAGAGTGAGACTCCATCTCAAAAAAAAAAAAAAAAAAAAAAAAAGAA"
"chr1","6056054","6056344","chr15","68809459","68809748","32","62753405","GGCCGGGCGCGGTGGCTCACGCCTGTAATCCCAGCACTTTGGGAGGCCGAGGCGAGTGGGTCACTTGAGGTCAGGAGTTTGAGATCAGCCTGGCCAACGTGGTGAAACCCCGTTTCTACTAAAAATACAAAAAATAGCCGGGCATGGTGGCTCGCGCCTGTAGTCCCAGCTACTCGGGAGGCTGAGGCAGGAGAATCGCTTGAACCCAGGAGGCAGAGGTTGCAGTGAGCTGAGATTGCACCACTGCACTCCAGCCTGGGTGACAGAGTGAGACTCTGTCTCAAAAAAAAA","GGCTGGGCACAGTGGCTCATACCTGTAATCCCAGCACTTTGGGAGACCAAGGCAGGAGGATCACTTGAGGTCAGGAGTTTGAGGCCAGCCTGGCCGATGTGGTGAAACCCCATCTCTACTAAAAATACAAAAATTAGCCAGGCATGGTGGTGCATTCCTGTAGTCCCAGCTACTCGGGAGGCTGAGACAAGAGAATCACTTGAACCCAGGAGGCAGAGGTTGCAGTGAGCTGAGATTGTGCCACTGAACTCCAGCCTGGGTGACAGAGTGAGACTCTGTCTCAAAATAAA"
"chr1","6067749","6068042","chr7","40415849","40416150","33","34348100","GCCAGGAGAGGTGGCTCATGCCTGTGATCCCAGCACTTTGGGAGACTGAGGAGGGTGGATCACTTGAGCTCAGGAGATCAAGACCAGCCTGGCCAACATAATGAAACCCTGTCTCTACCAAAAAATACAAAAATTAGCTGGGCATGGTGGTGTGCACCTGTAGTCCCAACTACTTGGGAGGCTGAGGTGGGAGAATTACTTGAACTCAGGAGGCAGAGGTTGCAGTGAACCAAGATCACGCCACAGCACTCCAGCCTGGGTGACAGAATGAGAGCCTGTCTCAAAAAAAATAAA","GGCCAGGTGAGGTGGCTCATGCCTGTAATCCCAACATTTTGGGAGACTGAAGTGGGCGGATCACTTTAGGTCAGGAGTTCAAGACCAGCCTGGCCAACATAGTGAAATGCAATCTCTACCAAAAAAATACAAAAATAAGCTGGGCATGGTGGTATGCATCTGTAGTCCCAACTACTCGGGAGGCTGAGGTGGGAGTATTACTTGAACTCGGGAGGCAGAGGTTGCAGTGAGCCAAGATTATGCCACTGCACTCCAGCCTGGGTGACAGAATGAGAGCCTGTCTCAAAAAAAACATAAATAAA"
"chr1","6079271","6079535","chr14","10657124","10657381","42","4577853","GCACTTTGGGAGGCTGAGGCGGGCAGATCACTTGAGGTCAGGAGTTCGAGACCAGCCTGGCCAACATGGTGAAACCTCATCTCTACTAAAAATAGAAAAATCAGCTGGGCTTGGTGGCATGCACCTGTAGTCCAGCTACTCAGGAGACTGAAGCAGGAGAATCTCCTGAAGCCAGGAGGCAAAGGTTGCAGCGAGCCAAGATTGTGCCACTGCACTCCCGCCTGGGCAACAGAATGAGACTCCATCTCCCAAAAAAAAAAAATAA","CACTTTGGGAGGCTGAGGTGGGCAGATCACTTGAGGTCAGAAGTTTGAGACCAGCCTGGCCAATATAGTGAAACCCCATCTCTACAAAAATATAAAATTAGCCAGGCATGGTGGTGCATGCCTGTAGTCACAGCTACTTGGGAGCCTGAGGCAGGAGAATCACTTGAACCCAGGAGGCAGAGGTTGCCGTGAGCCAAGATCGTGCCACTGCACTCCAGCCTGGACAACGGAGCGAGACTCAGTCTCAAAAAAAAAAAA"
"chr1","6110948","6111251","chr22","33981676","33981980","36","27870728","GGCCAGGCATGGTGGCTCGCGCCTGTAATCCCAGCATTTTGGGAGGCCAAGGTGGGCAGATCACTTGAGGCCAGGAGCTCGAGACCAGCCTGGCCAACAAGGCGAAACCCCGTCTCTACTAAAATTACAAAAACTAGCTGGGAGTGGTGGTGCATGCCTGTAGTCCCAGCTACTCAGGAGGCTGAGGCAGAAGAATCACTTGAACCCAGGAGGCAGAGGTTGCAGTGAGCTGAGATCGCACCACTGCACTTCAGCCTAGGCCACAGAGCGAGACTCCATCTCAAAAAAAAAAGAAAAAGAAAAA","GGCCAGGCGCGGTGGTTCACGCCTGTAATCCCACCACTTTGGGAGACCAAGATGGGCAGATCACTTGAGGTCAGGAGTTTGAGACCAGCCTGGCCAACATAGTGAAACCCCGTCTCTAATAAAAATACAAAAATTGGCTTGGCGTGGTGGTGCACGCCTGTAATCCCAGCTACTTGGGAGGCTGAGGCAGGAGAATCACTTGAACCTGGGAGGCAGAGGTTGCAGTGAGCCGAGATCGTGCCACTGCACTCCAGCCTAGGCAACAGAGTGAGACTCCATCTCAAAAAAAAAAAAAAAAAAAAAAA"
"chr1","6111252","6111556","chr4","11141283","11141584","36","5030031","GGCCGGGTGTGGTGGCTGACGCCTGTAATCTCAGCACTTTGGGAGGCCAAGGTGGGTGGATCACTTGAGGTCAGGAGTTCGAGACCAGCCTAGCCAACATGGTGAAACCCCGTCTCTACTAAAAATACAAAAATTAGCCAGGTGTGGTGGGGCACACCTGTAATCCCAGCTACTCAGGAGGCTGAGGCAGGAGAATCGCTTGAACCCGGGAGGCAGCAGTTGCAGTGAGCCGAGATCAAGCTGCTACACTCCAGCCTGGGTGACAGAGTGAAACTCTATCTCAAAAAAAAAAAAAAAAAGAGAGA","GGCTGGGCACAGTGGCTCACCCCTGTAATCTCAGCACTTTGGGAGGCCAAGGTGGGTGGATTACTTGAGGTCAGGAGTTCGAGACCAGCCTGGCCAACGTGGCGAAACCCCATCTCTACTAAAAATACAAAAATTAGCCAGGTGTGGTGGTGCACGCTTGTAATCCCAGCTACTTGGGAGGCTGAGGCAGGAGAATCGCTTGAACCTGGAAGGCAGAGATTGCAGTGAGGCAAGATCAGGCCACTGCACTTCAGCCTGGGTGACAAGAGTGAAACTTCATATCAAAAAAAAAAAAAAAAAAA"
"chr1","6120390","6120652","chr22","48463951","48464216","50","42343561","CGGGCAAGGTGGCTCATGCCTGCAATCCCAACACTGTGGGAGGCCGAGGTGGGTGGATCACTTGAGGTCAGGAGGTCGAGACCAGCCCAGCCAACAGTCTCTACTAAAAATTAAAAAAAAAAAAAAAAAAATGGCCGGGCGCAGTGGCTCACACCTGTAATCCCAGCACTTTGGGAGGCCGAGGCAGGCGGATCACGAGGTCAAGAGATCGAGACCAGCCTGGCCAACATGGCAAAACCCAGTCTCTATTAAAAATACAAAAA","GGCCAGAGGTGGTGGCTCAAGCCTGTAATCCCAGCACTTTGGGAGGCCGAGTGGATGGATCACTTAAGGTCAGGAGTTCGAGACCAGCCTAGCCAACATGGTGAAACTCCATCTGTACTAAAAATACAAAAATTAGCCGGGCACGGTGGCTCAAGCCTGTAATCCCAGCACTTTGGGAGGCCGAGGCGGGTGGATCACGAGGTCAAGAGATCGAGACCATCCTGGACAACATGGTGAAACCCCATCTCTACTAAAAAAAGTAAAAA"
"chr1","6141334","6141634","chr5","1667879","1668174","53","4473455","GGCCAGGCACAGTGGCTCACTCCTGCAATCCCAGCACTTTGGGAGGCTGAGAAGGGCAGATCACTTGAGGTCACAAGCTCAAGACCAGCCTGGCCAACATGGTGAAACCTGTCTCTACCAAAAAATACAAAATTAGCCGGCCATGATGGCGCACTCCTGGAGTCCCAGCTACTCACGAGGCTGAGGTGGGAGAACCACTTGAGCCCAGGACGGGGAGGTTGCAGTGAGTCGAGATCGCCCCACTGCACTCCAGCCTGGGCGATACAGTGTCTCAAAAAAATAAATAAATAAATAAATAAAA","GGCCAGGCTTAGTGGCTCACGCCTGTAATCCCAGCACTTTGGGAAGCTGAGGTGGGCAGATCACTTAGGTCAGGAGTTTGAGACCAGCCTGGCCAACATGGTGAAACCCCGTCTCTACTAAAAATACAAAAATTAGCTGGGTGTGGTAGCGCACACCTGTAATCCCAGCTACTCCAGAGGCTGAGGCGGGAGAATCACTTGAACCTGAGAAATGGAGGTTGCAGTGAGCCGAGGTAGTGTCACTGCACTCCAGCCTGGGGACTCCCTCTCAAAAAATAAATAAATAAATAAATAAA"
"chr1","6156255","6156558","chr2","8426666","8426970","44","2270411","GGCCAGGGGTGGTGGCTCACGCCCGTAATCCCAACACTTTGGGAGGCCAAGGCAGACAGATCATTTGAGGTCAGGAGTTAGAGACCAGCCGGGCCAACATGCTGAAACCCTGTCTCTACTAAAATACAAAAATTAGTTGGGTGTGTTGGTGTGTGCCTGTAATCTCAGCTATTTGTGAGCCTGAGGCAGGAGAATCACTTGAACTCGGGAGACGGAGGTTGCAGTGAGCCGAGATGGCGCCACTGCACTCCAGCCTGGGTGACAGAGCAAGATTCTGTCTCAAAAAAAAAAAAAAAAAAAAAGA","GGCCGGGTGCAGTGGCTCATGCCTGTAATCCCAGCACTTTGGGAGGCCAAGGTGGGCGGATCATATGAGGTCAGGAGTTTGAGACCAGGCTGGTCAACATGGTGAAATCCTGTCTCTACTAAAAATACAAATATTAGCCAGGTGCAGTGGCGCACGCCTGCAATCCCAGCTATTAGGGAGGCTGAGGCAGGAGAATCACTTGAACCCGGGAGGCGGAGGTTGCAGTGAGCCAGGATTGCGCCATTGCACTCCAGCCTGGGTGACAGAGAGAGACTCTGTCTCAAAAAAAAAAAAAAAAAAAAAGA"
"chr1","6187032","6187329","chr3","139623739","139624033","43","133436707","GCATGGTGGCTCAGGCCTGTAATCCCAGCGCTTTGGGAGGCCAAGGCAGGCAGATCACTTGAGGTCAGGAGTTCGAGACCAGCCTGAACAACATGGTGAAACCCCATCTCTACTAAAAATAAAAAAATTAGCTGGGCGTGGTGGTGCACGCCTGTAATCCCAGCTACTCGGGAGGCTGAGGCATGAGGATCCCTTGAATCCAGGAGGCGGAGGGTGTAGTGAGCTAAGATTGTACCACTGTATTCCAGCCTGGGTGACAGAGCAAGACTGCCTCCAAAAAAAGAAAAAAGAAAAAAAA","GCGTGGTGGCTCATGCCTGTAATCCCAGCACTTTGGGAGGCCAAGGTGGGTGGATCACTTGAGGTCAGGAGTTTGAGACCAGCCTGACCAACCTGGTGAAAGCCCCTCTCTACTAAAAATACAAAAATTAGCTGGGTGTGGTGTTACATGCCTGTAATCCCAACTACTTGGGAGGCTGAGGCAGGAGGATCACTTGAACCCAGGAGGTGGAGTTTGCAGTGATCTGAGATTGTGCCACTGCACTCCAGCCTGGGTGACAAAGCAGGAGCTTGTCTCCAAAAACAAAAAACAAAAA"
"chr1","6205477","6205750","chr5","82180645","82180927","46","75975168","GGCCGGGCGCGGTGGCTCACGCCTGTAATCTCGGCACTCTGGGAGGCCGAGGCGGGCAGATAGCTTGAGGTCAGGAGTTCGAGACCAGCCTGGCCAACATGGCGAAACCCTGTCTCTACTAAAAATGCAAAAATTAGCCAGGCATGGTGGCGCCCTTCGGGAGGCTGAGGCAGAACTGCTTGAACCCGGGAGGCGGAGGTTGCAGTGAGCCGAGATCGCGCCACTGCACTCCAGCCTGGGCTACAGAGCCAGACTGTCTTAAAAAAAAAAAAGA","GGCCAGGCACGGTGGCTCATGCCTGTAATCCCAGCACTTTGAGAGGCCTAGGTGGGTGGATGGCTTGAGGTCAGAAGTTCGAGACCAGCCTGGCCAACATAATGAAACCCTGTCTCTACAAAAAATACAAAAATTAGCCAGGCATGGTGGCATGCACCTGTAGGATGAGGCAGGAGAATCACTTGAACCTGGGAGGCAGAGGTTGCTGTGAGCTGAGATTGCACCGCCACTACACTCCAGCCTGGGTGACAGAGCAAGACTCTGTCTTAAAAAAAAAAAAAGA"
"chr1","6222139","6222443","chr1","172257719","172258009","40","166035580","GGCTGGGCGTGGTGGCTCACGCCTGTAATCCCAGCACTTTGGGAGGCCGAGGCGCGTGGATCACTTGAGGTCAGGAGTTCGAGACCAGCCTGGCCATCATGGTGAAACCCCGTCTCTACTAAAAATACAAAAAAATTAGCTGGGCATGGTGGCCCAAGCCTGTAATCCCAGCTACTCAGGAGGCTGAGGCAGGAGAATCGCTTGAACCCGGGAGGCAGAGGTTGCGGTGAGCCGAAATGGTGCCACTGCACTCCAGCCTCCAGCCTGGGCCACAGAGCAAGACTGTCTTAAGAAAATAAAAAAAA","GCTGGGCACAGTGGCTCATGCCTGTAATCCCAGCACTTTGGGAGGCCGAGGTGGGTGGATCATTTGAGGTCAGGAGTTCAATACCAGCCTGGCCAACATGGTAAAACCCTGTCTCTAATAAAAATACAAAAATTAGCTGGGCATGGTGGCGCATGCCTGTAATCCCAGTACTCAGGAGGCTGAGGCAGGAGAATCGCTTGAACCGGGGAGGCAGAGTTTGCAGTGAGCCAAGATCACACCATTGTACTCCAGCCTGGGCAACAGAGCAAGACTGTCAAAAAAAAAAAAAAA"
"chr1","6229064","6229196","chr2","7486438","7486570","27","1257374","GTGGTGGCTCACGCCTGTAATCCCAGCACTTTGAGAGGCCGAGGCGGGTAGATCACTCAACCGCAGGAGTTCGAGGCCAGCCTAGGCAACATGGAAAAACCCCGTCTCTACAAAAATACAAAAATTAGCCAGG","CGCAGGGGCTCACACCTGTAATCCCAACACTTTGGAAGGCCGAAGGGGGCAGATCACTTGAGGTCAGGACTTCGAGACCAGCCTGGCCAACACGGTGAAACCCCATATCTACAAAAATACAAAAATTATCCGG"
"chr1","6229510","6229637","chr22","17101792","17101919","30","10872282","TTAGCCAGGTGTGATGACACACATCTGTAGTTTCAGCTACTTAGAAGGCTGAGGCAGGAGAATCACTCAAACCCGGGAGGCGGAGGTTGCAATGAGCCGAGATTGTGACACCGCACTCCAGCCTGGGC","TTAGCCAGGCGTGGTCGTGGGCACCTGTAATCCCAGCAACTCGGGAGGCTGAGGCAGGAGAATCGCTTGAACCCGGGAGGCAGAGGTTGCATTGAGCCCATATCCAGTCATTGCACTCCATCCTGGGC"
"chr1","6230920","6231200","chr1","75555059","75555337","63","69324139","GGCCAGGCACTGTAGCTCAAGCCTGTAATCCCAGCACTTTGAGAGGCCCAGGAAGGCAGACTGCTTGAGCTCAGTAGTTCAAGATGGCTCTGGGCAACTCGAGAAACCCTGTCTCTACAAAAAAAATACGAAAAGTAGTCAGGCATGGTGGTTCGTGCCTACAGTTCCAGCTACTTGGGAGGCAGAGGTTGCAGTGAACCAAGATCGCACCACTGCACTCTGGCCTGGTCAACAGAGCAAGACTAGGTCTCAAAAAAAAAAAAGAAAGAAAGAAAAGAAAA","GGCCAGGCGCAGTGGCTCACATCTGTAATCCCAGCACTTTGGGAGGCCGAGGTGGGTGGATCACTTGAGGTCAGGAGTTCGAGACCAGCCTGGCCAGCATGGTGAAACCCCGTCTCTACTAAAAACACAAAATTAGCCGGGCATGGTGGCACATGCCTGTAGTCCCAGCTACCTGGAAGGCAGAGGTTGCAGTGACCCAAGATCTTGCCACTGCACTCCAGCCTTGATGACAGAGCAAGACTCTATCTCAAAAAAGAAAAAAAGAAAAGAAAAAAGAAA"
"chr1","6236269","6236561","chr22","30202132","30202421","38","23965863","GCCGAGCGCGGTGGCTCACGCCTGTAATCCCAGCACTTTGGGAGGCCGAGGCTGGCGAATCATTTGAGGTCAGGAGTTCGAGACCAACCTGGGCAACATGGGGAAACGCCGTCTATACTAAAAATACAAAAATTAGCTGGGCGTGGTGGCGCACGCCTTTAACCCCAGCTACTTGGTGAGGCTGAGGCAGGAGAATCGCTTGATCCGGGGAGACGGAGGTTGCAGTGAGCCGAGATTGTGTCACTGCACTCCAGCCTGGGTGACAGAGTGACACTCCATCTCAAAAAAAAAAA","GCCGGGCATGGTGGCTCACTCCTGTAATCCCAGCACTTTGAGAGGCCAAGGTGGGCAGATCACTTGAGGTCAGGAGTTTGAGACCAGCCTGGGCAACATGGTGAAACCCCGTCTCTACTAAAAATACAAAAATTAGCTGGATGCAGTGGCACACACCTATAATCCCAGCTACTTGGGAAGCTGAGGCAGGAGAATTGCTTGAACCTGGAAGGTGAGGTTGCAGTGAGCCGAGATCATGCCACTGCACTCCAGCCTGGGTGACAGAGTGAGACTCCATCTCAAAAAAAAAA"
"chr1","6316528","6316815","chr13","54153625","54153901","43","47837097","GGCCGGGCGCGGTGGCTCACGCCTGTGATCCCAGCACTTTGGGAGGCCAAGGTGGGCAGATCACTTGAGGTCAGGAGTTTGAGACCAGCCTGGCCAACATAGTAAAACCCCATCTCTACTTAAAATGCAAAAATTAGCCGAGTGTGGTGGCACGTGCCTGTAATCCCAGCTACTTGGGAAGCTGAAGCGGGAGAATCTCTTGAACCCAGGAGGCGGAGGATACAGTGAGACAAGATCAGATCATGCCACTGCACTCTAGCCTGGGCAACAGAGTGAGACTCCATCTCA","GGCTGGGTGTGGTAGCTCACGCCTGTAATCCCAGCACTTTGGGAGGCCAAGGTGGGCAGATCACTTGAGGTAAGGAGTTCAAGACCAGCCTGGCCAACATGGTGAAACCCGTCTCTACTAAAAATACAAAAATTAGCCGAGTGTGGTACATACCTGCCATCCTAGCTACTTGGGAGTCTGTAGCAGGAAAGTCACTGGAACCCAGGAGGTGGAGGTTGCAGTGAGCCAAGATCACACCATTGCACTCCAGCCTGGGCAACAGAGTGAGACTCCATCT"
"chr1","6326644","6326958","chr19","26467351","26467655","44","20140707","GGCCAGGTGTGGTGGTTCACACATGTAATCTCAGCACTTTGGGAGGCCAAGGCAGGCTCATCACTTGAGGTCAGGAGTTAGAGACCAGCCTGGCCAATATGGTGAAACCCCATCTCTACTAAAAATACAAAAATTAGCCGGGCATGGTGGCACATGCCTGTAATTGTAATACCAGCTACTCGGGAGGCTGAGGCAGGAGAATCACTTGAACCCAGGAGGCAGAGGCTGCAGTGAGCCAAGATTGTGCCAGTGCACTCCAGCTTGTGTGACATAGCAAGACTCCAACTCAAAAAAAAAAAAAAAAGAAAAGAACAA","GGCCAGGAGTGGTGGTTCACACCTGTAATCCCAGCACTTTGGGAGGCTGAGGCAGGCAGATCACTTGAGGTCAGGAGTTCGAGACCAGCCTGGCCAACATGGTGAAACCCCATCTCTATTAAAAATACAAAAATTAGCCAGGTGTGGTGGCACAAGCCTATCGTTCCAGCTACTTGGGAGGCTGAGGCAGGAGAATCGCTTGAACCCAGGAGGCAGAGATTGCAGTGAGTCGAGATTGTGCCACTGTACTCCAGCCTGGGTGACAGAGCAACACTCTGTCTTAAAAAAAAACAACAACAAAAAAA"
"chr1","6347484","6347790","chr12","110699815","110700119","41","104352331","GCTGGGCGCAGTGGCTCACGCCTGTAATCCCAGCACTTTGTGAGGCCGACGTGGGCAGATCACTTGAAGTCAGGAGTTCGAGATCAGCCTGGCCAACACGGTGAAACCCCATCTCTACTAAAAATACAAAAAAATTAGCCAGGTGTGGTTGTACACACCTGTAATCCCAGCTGCTCGGGAAGCTGAGGCAGGAGAATCGCTTGAACCTGGGAGGCAGACATTGCAGTGAGCCGGGATCGCACCATTGTACTCTAGCCTGGGTGACAGAGTGAGACTCTGTCTCAGAAAAAAAAAAACAAGACAAGAA","GGCCGGGCACTGTGGCTCATGCCTGTAACCCCGGCACTTTGGGAGGCTGAGGTGGGCAGATCACTTGAGGTCAGGAGTTGAGACCAGCATGGCCTACATGGTGAAACCCCATCTCTATTAAAAATACGAAAACAATAGCCAGGTGTGGTGGTGCATGCCTGTAATCCAGTTACTCGGGAGGCTGAGGCAGGAGAATTGCTTGAACCTGGGAGGCGGAGGTTGCAGTGAGCCGAGATCGTACCACTGCACTCCAGCCTGGGTGACAGAGTGAGACTCTGTCTCAGAAAAAAAAAAAAAAAAAAAAA"
"chr1","6353351","6353657","chr4","15705730","15706030","47","9352379","GCTGGGCGCGGTGGCTCACACCTGTAATCCCAGCACTTACAGAGGCCGAGGCGGGGGCGGATCACTTGAGGTCAGGAATTCAGGACTTGCCTGGCCAAAATGGCAAAACCCCATCTCTACTAAAAATACAAAAATTAGCGGGGCGTGGTGGTACACACCTGCAATCCTAGCTAGTCAGGAGGCTGAGGCAGGAGAATTGCTCGAACCTGAAAGGCAGAGGTTGCAGTGGGCTGAGATCATGCCACTGCACTCCAGCCTGGGTGACAGAGTGAGACTTCGTCTCAAAAGAAAAAAGAAAAGAAAGAAA","GGCCGGGTGCGGTGGCTCACGCCTGTAATCCCAGCACTTTGGGAGGCCAAGGCGGGTGGATCTTGAGGTCAGGAGTTCGAGACCAGCCTGACCAACATGGTAAAACCCCATCTCTACTAAAAATACAAAAATTAGCTGGGCATGGTGGCGCACACCTGGAATCCCAGCTCCTCAGGAGGCTGAGGCAGGAGAATTGTCTGAACCTGGGAGACAGAGGTTGCAGTGAACCAAGATCATGCCACTGCACTCCAGCCTGGGCAACAGAGTGAGACTTCATCTCAAAAAAAGACAAAACAAAAAA"
"chr1","6371763","6372065","chr1","202849760","202850061","45","196477997","GGCAGGGCATAGGGGCTCACGCCTGTAATCTCAGCATTTTGGGAGGCTGAGACAGGCAGATCATTTGAGGTCAGGAGTTCGAGACCAGCCTGGCCAACATAGTGAAATCCTGTCTCTTCTAAAAATAAAAAAATTAGCCAGGTGTGGTAACGTGCACCTGTAGACCCAGCTACTCGGGAGGCTGTGGCAGAAGAATCTCTTGAACCTGAGAGGTGGAGGTTGCAGTGAGCCGAGATTGCACCACTGCACTCCACCCTGGGCGACAGAGCAAAACTCTGTGTCAAAAAAAAAAAAAAGAAAAAA","GGCCGGGCACAGTGGCTCATGCCTGTAATCCCAGCACTTTGGGAGGCTGAGCAGGTGGATCACTTGAGGTCAGGAGTTTAAGACCAGCCTGGCCAACATGGTGAAACTCCATCTCTACTAAAAATAAAAAAATTAGCTGGATATGGTGGTGTGCACCTGTAGTCCTAGCTACTCGGAAGGCTAAGGCAGGAGAATCACTTGAACCTGTGAGGCAGAGGTTGCAGTGAGCCAAGATTGTGCCACTACACTCCAGCCTGGGCAACAGAGCAAGACTCTGTCTCAAAAAAAAAAAGAAAAAAGAA"
"chr1","6372548","6372849","chr7","40749143","40749446","47","34376595","GGCCAGGCACGGTGGCACATGCCTATAATTCCAGCACTTTGGGAGGCTGAGGCGGTTGGATCACTTGAGGCCAGGAGTTCGAGACCAGCCTGGCCAACATAGTGAAACGCCATCTCTACTAAAAATACAAAAAACTAGCCAGGTGTGTTGACATACGCCTGTAGTCTCAGCTACTCAGAGGATGAGGCAGAAGAACCTCTTGAACCCAGAGGTGGAGGTTGCAGTGAGTCAAGATCGTGCCACTGCACTCCAACCTGGGCGACAGAGCGAGACTCTCAAAAAAAAAAAAAAAAAAGCCAAAA","GGCCAGGGGTGGTGGCTCATGCCTATAATTCCAGGACTTTGGGAGGCCTAGGCAGTAGGATCACTTGAGGCCAGGAGTTCGAGACCAGCCTGGCCAACATAGTGGAACCCTGTCTCTACTAAAATACAAAAAAATTAGTCAGGCATGGTGGCACATGCCTATAGTCCCAGTTACTCGGAAGCTGAGGCAGGAGAACCACTTGAACCCAGAGGCGGAGGTTGCAGTGAGCCAAGACTGTGCCACTGCACTTCAGCATGGGTGACAGAGCAAGACTCTGTCTCAAAAAAAAAAAAAAAAAAAAAAA"
"chr1","6379785","6380054","chr7","40760215","40760484","44","34380430","GGCCAGGTGTGGTGGCCTATAATCCCAGCAATTTGAGAGACTGAGGTGGGCATATCACTTGAGGTCAGGAGTTCAAGACTAGCCTGGCCAACGTGTTGAAACTCTGTCTCTGCTGGAAAAAAAATACAAAAATTAGCCAGGTGTGGTGGTGCACACCTGTAGTCCTAGCTCCTTGGGAAGTTGAGGCAGGGGAATCACTTGAACCCAGGAGGCGGAGGTTGCAGTGAACTGAGATCATGCCACTGCACTCTAGCCTGGGCATCACAGCAA","GCCAGGCACACTGGCTAACCCTTGTAATCCCAGCACTTTGTGAGGCCAAGGCGGGTAGATCACTTGAGATCAGGAGTTCAAGACTAGGCTGGCCAACATGGTGAAACCCTGTCTCTGCTGGAAAAAAAATACAAAAATTAGCAGGGTGTGGTGGCGCACACCTGTAGTCCTAGCTCCTCGGGAAACTGAGGCAGGGGAATCACCTGAACCCAGGAGGAGGAGGTTGCAGTGAGCTGATATTATGCCACTGCACTTTAACTGGGTGACAGA"
"chr1","6407043","6407297","chr7","40788898","40789151","35","34381855","GGCCAGGCATGGTGGCTCATGTCTGTAACCCCAGCACTTTGGGAGGGCAAGGTGGGCAGATCACTTGAGGTCAGGAGTTCGAGACCAACTTGGACAACATGACGAAACCCCTGTAATCCAAGTTACTCAGGAGGCTGAGGCAGGAGAATCACTTGAACCCAGGAAGCAGAGGTTGCGGTGAGCTGAGATTGCCCCACTGCACTCCAGCCTGGGTGACAGAGTGAGACTCTGTCTCAAAAAAATGAAAATAAAAAA","GGCTGGGTATGGTGACTCATGCCTGTAATCCAAGTACTTTGGGAGGCCAAGGTGTGTGTATCACTTGAGGTCAGGAGTTTGAGACCAGCCTGGACAACATGGTGAAACCCCTGTAATCCCAATTACTCAGGAGGTCAAGGCAGGAGAATCGCTTGAACCCAGGAAGCGGAGGTTGTGGTGAGCTGAGATCGCCCCACTGCACTCCAGCCTGGGCAACAGAGTATGATTCTGTTTCAAAAAAATAAAAATAAAAA"
"chr1","6410663","6410967","chr5","26961498","26961795","47","20550835","GGCCATGCGTGGTGGCTCGTGCCTGTAATCCCAGAACTTTGGGAAGCTGAGGCAGGCGGATCACTTGAGGTCAGGAGTTTGAGACCAGCCTGGCCAACAAGGTGAAACCTGTCTCTACTAAAAGTACAAAAAAAAAATTAGCCGGGTACAGTGACTTGCGCCTGTAATCCCAGCTACTTGGGACACTGAGGCAGGAGAATCGCTTGTACCCATGAGGCACAGGTTGCAGTGAGGCAAGATTGCGCCACTACATTCCAGCCTGGGTGACAGAGCGAGACTCCATCTCAAAAACAAAAAACAAACAA","GGCCAGGCACGGTGGCTCATGCCTGTAATCCCAGCACTTTGGGAGGCCGAGGCAGGCAGATCACTAGAAGTCAGGAGTTTGAGACCAGCCTGGCCAACATGGTGAAAACCTGTCTCTACTAAAAATACAAAAATTAGCTGGGCATGGTGGCGCACTCCTGTAATCCCAGCTACTTGGGAGGCTGAGGCAGGAGGATTGCTTGAACCCAGGAGGTAGAAGTTGCAGTGAGCCGAGATTGTACCACTGCACTCCAGCCTGGGTGACAGAGCAAGACCCCATCTCAAAAAAAAAAAAAAAA"
"chr1","6413775","6413915","chr7","40797338","40797483","18","34383563","CTGGGCGCGGTGGCTCATGCCTGTAATCCCAGAACTTTGGGAGGCCGAGAGAGGTGGATCACTTGAGGTCAGGAATTTGAGACCAGCCTGGTCAACATGGTGAAATCCCATCTCTACTAAAAATACAAAAATTAGCTGGGC","GGCCAGGCGCGGTGGCTCATGCCTGTAATCACAGAACTTTGGGAGGCCAAGACAGGTGGACCACTTGAAGTCAGGAGTTTGAGACCAGCATGGTCAACATGGTGAAATCCCATCTCCACTAAAAATGCAAAAATGAGCTGTGTGTG"
"chr1","6438830","6439135","chr7","40825869","40826170","41","34387039","GGCCGGGTGCGGTGGCTCACACCTGTAATCCCAGCACTTTGGGAAGCTGAAACAGGCGGATCACTTGAGCTCAGGAGTCCGAGACTAGCCTGGCCAAGATGGCAAAACTGGGTTTCTACTAAAAATACAAAAATTAGCCAGGCGTGGTGGCACATGCCTGTAGTCCCAGCTGCTTGGGAGGCTGAGGCAGGAGAATGGCTTGAACCCAGGAGGCAGAGGTTGCAGTGAGCTGAGATTGCGCCATTGCATTCCAGCCTGGATGACAGAGCAAGACTCCGTCTCAAAAATAAAAATAAAAAAGAAGAA","GGCCAGGTGTACTGGCTCACCCCTGTAATCCCAACACTTTGGGAGCCGAAGCAGATGGATCACTTGAGGTCAGGAATTCCAGACCAGACTGGCCAACATGGCGAAACTGAGTTTCTACTAAAAATACAAAAATTAGCTGGGCGTGGTGGCACATTCCTGTAGTCCCAGATACTTGGGAGGCTGAGGCAGAAGAATGGCTTGAACCCGGGAGGTGGAGGTTGCAGTGAGCCGAGATCGCTCCATTGCACTCCAGCCTAGGTGACAGAGCAAGACTCTGTCTCAAAAAAATAAAAAAAGAGGAA"
"chr1","6458030","6458316","chr15","32068518","32068804","38","25610488","GCCAGACTTGGTGGCTCATGCCTATAATCCCAGCACTTTGGGAGGCCGAGGCGGGTGGATCGCTTCAGGTCAGGAGTTTGAGACCAGCTTGGCCAACATGGTGAAACCCCATCTCTACTAAAAATACAAAATTAGCTGGGTGTGGTGGCACACGCTTGTAATCCCAGCTACTTGGGAGGCTGAGGCAGGAGAATCACTTGAACCCAGGAGGCAGAGGTTGCATGAGCCCAGATCGCCACTGCACTCCAGATTGGGTGACAAGAGTGAAACCCCATCTCAAAAAAAAA","GGCAGAGTGGGTGGCTCATGCTGGTAATCCCAGAACTTTGGGAGGCCGAGGCAGGTGGATCACTTCAGGTCAGGAGTTTGAGACCAGCCTGGCCAATACGGGGAAACCCCATCTCTACTAAAAATACAAAAATTAGCTGGGCATGGTGGTACACACCTGTAATCCCAGCTACTTGGGAGGCTGAGACAGGACAATCTCTTGAACCCAGGAGGCAGAGGTTGCAGTAAGCCAAGACTGCACCACTGCACTTCAGCCTGGGTGACAGGGTGAGACTCCATCTAAAAAAA"
"chr1","6466516","6466812","chr14","20315438","20315736","49","13848922","GGCCAAGCGCAGTAGCTCAGGCCTGTAATTCTAGCACTATGGGAGGCAGAGGCGGGCGGAACACTTGGGGTCAGGAGTTCGAGACCAGCCTGACCAATATGGTGAAATGCCGTCTCTACTTAAAATACAAAAACTAGCCCGGCGTGGTGGTGCACACCTGCAGTTCCAGCTACTAGAGTGGCTGGGGCAGGAGAATCGTTTGAACCCGGGAGGCAGAGGTTGCAGTGAGCCGACATCACACCACTGCACTCCAACCTAGGTGACAGAGTGAGACTCTGTATTAAAAAAAAAAAAAAA","GGCCAGGCGCAGTAGCTCACGCCTGTAATCCTAGCACTTTGGGAGACCGAGGCAGGTGGATCACTTGAGGGCAGGAGTTTGAGACCAGCCTGACCAACATGGTGAAACCCTGTCTCTACTAAAAATACAAAAATTAGCTGGGCATAGTGGCGCATGCCTGTAATCCCAGCTCCTTGAGAGGCTGAGGCAGGGAGAATCGCTTGAACTTGGGAGGCAGAGGTTGCAGGGAGCCGAGATCACACCACTGCACTCCAGCCTGGGCAACAAAGTGAGAGCCTGTCTCTAAAAATAAAAAAGAA"
"chr1","6476189","6476492","chr15","22401594","22401899","38","15925405","GGCCAGGCAAGGTGGCTCACACCTGTAATCCCAGCCCTTTGGGAGGCTGAGGTGGGTGGATCACTTCAGGTCAGGAGTTTGAGAACAGCCTGGCCAACATGTTGAAACCCTGTCATTACTAAAAATACAAAAAAATGAGCCGGGTGTGGTGGCACACGCCTGCAATCCCAGCTACTCAAGAGGCTGAAGCATGAGAATTGCTTGAACCCAGGAGGTGGAGGTTGCAGTGAGCCGAGATCATGCCACTGCACTCCAGCCTGGGTGACAGAGTGAGACCCTATCTCAAAACAAAAACAAAAAACAA","GGCCAGGCATGGTGGCTCACACCTGTAATCCCAGCACTTTGGGAGGCAGAGGTGGGTGGAGCACTTGAGGTCAGGAGTTCAACAACAGCCCGGCCAACATGGTGAAACCCTGTCTCTACTAAAAATGCAAAAAATTAGCCAGGCATGGTGGCACGTGCCTGTAATCCCAGCTACTCAAGAGGCTGAGGCAGGAGAATTGCTTGAACCTGGGAGGCGGAGGTTGCAGTGAGCCGAGATCGTGCCACTGCACTCCAGCCTGAGTGACAAAGCCAGACTCCGTCTCAAAAACAAAAACAAAAACAAAAA"
"chr1","6493668","6493959","chr5","2532160","2532447","43","3961508","GGCCAGGCGCAGGGGCTCATGCCTGTAATCCCAGCACTTTGGGAGGCCAAGGTGGGCAGATCACTTGAGGTCAGGAGTTCGAGACTAGTCTGGGCAACATGGTGAAACCCCATCTCTACCAAAAATATAAAAAATAATTAGCCGGACATGGTGGCACACACCTGTAATCCCAGCTACTTAGGAGGCTGAGGCAGAAGAATCGCTTGGACCCTGGAGAAGGAGGTTGCAGTGAGCTGAGATCACGCAATTGCACTCCAGCCTGGGCAACAGAGCGAGACTCTGTCTCAAAAAA","GGCCAGGCGTGGTGGCTCACGCCTGTAATCTCAGCATTTTGGGAGGCCAAGGCGGGAAGATCACTTGAGGTCAGAAGTTCAAGACCAGCCTGGCCAACATGGTGAAACTCCATCTCTACTAAAAATACAAAAATTAGCCAGGCATGGTGGCACATGCCTGTAATCCCAGCTACTTGGGAGGCTGAGGCAGGAGACTCGCTTAAACCTGGGAGCAGAGGTTGCAGTGAGCCAAGATCATACCACTGCACTCTAGCCTGGGCAACAGAGTGAAACTCTGTCTCAAATAAA"
"chr1","6529644","6529955","chr22","28997304","28997607","43","22467660","GGCTGGGCGCAGTGGCTCACGCCTGTAATCTCAACCCATTGGGAGGCCAAGGTGGGTTGATCACTTGAGGTCAGGAATTTGAGACCAGCCTGGCCAACATGGCGAAACCCTGTCTCTACTAAAAATACAAAAATTAGCCAGGGATGGTGGTGCGTGCCTGTAGTCCCAGCTACTTGGGAGGCTGAGGCACAAGACTCACTTGAACCCAGGAGGCGGAGGTTGCAGTGAACTGAGATCGTGCCACTGCACTCCAGCTTGAATGACAGACCAAGACTCCATCTCAAAAACAAAAATTAAAAATAAATAAATAAA","GGCTGAGCGCTGTGGCTCACACCTGTAATCCCAGCACTTTGGGAGGCCAAGGCAGGTGGATCACTTGAGGTCAGGAGTTTGAGACCAGCCTGGCCAACATGGTGAAACCCTGTCTCTACTAAAAATACAAAAATTAGCCGGGTGTGGTGGCGCACGCCTGTAATCCCCACTACTTGGGAGGCTGAGGCATAAGAATCACTTGAACCTGGGAGGCAGAGGTTGCAGTGAGCTGAGATTGTGCCACTGCACTCCAGCCTGGGTGACAGAGTGAGACTCCATCTCAAAACAAAATAAAACAAAAAAA"
"chr1","6542756","6542879","chr8","118518401","118518523","12","111975645","TAGCTCATGCCTGTAATCCCAGCACTTTGGGAGGCCGAGGCAGGTGGATCACTTGAGTTCAGGAGTTCAAGACCAGCCTGGCCAACATGGTGAAACCCTGTCTCTGCTAAAAATACAAAAATTA","GCTCATGCCTGTAATCCCAGCACTTTGGGAGGCTGAGGCGGGGCGGATCACTTGAAGTCAGGAGTTCAAGACTAGCCTGGCCAACATGGTGAAATCCTGTCTCTACTAAAAATATAAAAATTA"
"chr1","6548139","6548446","chr10","117620910","117621216","42","111072771","GGCGGGGCGTGGTGGCTCACGCCTGTAATCCCAGCACTTTGGGAAGCTGAGGTGGGCAGATCACTTCAGGTTAGGAGTTCAAGACCAGCCTGGCCAACATGGCAAAACCCCATCTCTACTAAATATACACAAAATTAGCAGGGCATGGGGCATGCACCTGTAATCCCAGTTACTCCAGAGGTGAGGCGGGAGAATCGATGGAACCTGGGAGGCGCAGGTTGCAGTGAGCTGAGATTGCGCCACTGCACACTCCAGCCTGGGAGACAGAGTGAGAATCCGTCTCAAAAAAAAAAAAAAAAAAAAAAAAA","GGCTGGGAATGGTGGGTCAGTCCTATAATCCCAGCACTTTGGGAGGCTGAGGTGGGCAGATCACTTGAGGTTAGGAGTTCAAGACCAGCTTGGCCAACATGGTGAAACCCCATCTCTACTAAAAATACAAAAATTAGCTGGGCATGGTGGCATGCGGCTCCAATCCCAGCTACTCAGGAGGCTGAGGCAGGAGAATCGCTTGAACCCAGGAGGTGGAGGTTGCAGTGAGCCAAGATTGTACCACTGCACTCCAGCCTGGGCAACAGAGCGAGACTTCGTCTCAAAAAAAAAAAAAAAAAAAAAAAAA"
"chr1","6558419","6558437","chr5","1117652","1117667","6","5440767","AAAATAAATAAATTAAAAA","AAAAAAAAAAAAATTA"
"chr1","6558727","6558885","chrX","106480049","106480214","39","99921322","TTAGCCGGGCATGCTGGCACATGTCTGTGATCCCAGCTACTTGGGAGGCTGAGGCAGGAGGATCGCCTGAATCTGGGAGGCAGAGGTTGCAGTGAGCCAAGATCGCAGCAGTTGGCTCCAGGCTGGATGACGGAGGGAGACTGTCTCAAAATATATATA","ATTAGCCAGGCATGGTGGCGCATGCCTGTAATCCCAGCTACTTGGGAGGCTGAGGCAGGAGAATCTCTTGAACCTGGGAGGCAGAGGTTGCAGTGAGCCGAGATTGTGCTATTACTCTCCAGCCTGGGCAACAAGCGAAACTCTGCTCAAAAAAAAAAAAAAAAAA"
"chr1","6559193","6559329","chr1","149093423","149093554","17","142534230","GGCTAGGCACGGCGGCTCATGCCTGTAATCCCAGCACTTTGGGAGGCTGAGGTGGGTGGATCACTTGAGGCCAGAAGTTCGAGAGCAGCCTGGCCAACATAGTGAAACCCTGTCTTTATTAAAAGTACAAAAATTGG","GGCTGGGCACCGGCTCATGCCTGTAATCCCAGCACTTTGGGAGGCTGAGGTCGGCAGATCACTTGAGGCCAGGAGTTTGAGAGCAGCCTGGCCAGCATGGTGAAACCTTGTCTCTACTAAAAATACAAAAAT"
"chr1","6577254","6577539","chr19","23505949","23506227","39","16928695","CTGGGTGCGGTGGCTCATGCCTGTAATCCCAGCACTTTGGGAGGCTGAGGCGGGTGGATCACTTGAGGTCGGGAGTTCGAGACCAGCCTGGCCAACATGGTGAAACCCCATCTCTACCAAAAATATAAAAAATTAGCTGGGTGTGGTGGCGCGTGCCTGTAATCCCAGCTACTCGGGAGGCTGAGGCAGGAGAATCACTTGAACCCAGGAGGCGGAGGTTGCAGTGAGCCAAGATGCATTCCAGCCTGGACCACAAAGCGAGAATTCGTCCCCCCAAAAAAAGAAA","GGCTGGGTGTGGTGGCTCATGCCTGTAATCCCAGCACTTTGGGAGGCTGAGGCGGGTGGATCACTTGAGGTCAGGAGTTCGAAGCTAGCCTGGCCAACATGGTGAAACCCCATCTCTACTAAAAATGCAAAAATTAGCTGGGTGTGGTGGCACATGCCTGTAATCCCAGTTAACTTGGGAGGCTGAGGCAGGAGAATCGCTTGAACCTAGGAGGCAGAGATTGCAGTGAGCTGAGATCACACCACTGTACTCCAAGGCGAGACTCCACACAAAAAAAAA"
"chr1","6631346","6631554","chr10","102319746","102319954","39","95688400","GGCCGGGCGAGGTGGCTCACGCTTATAATCCCAGCAGTTTGGGAGGCTGAGGCGGGTGGATGTCTTGAGGCTAGGAGTTTGAGACCAGCCTGGCCAACATAGTAAAAACCCCATCTCTACTAAAAATATAAAAATTAGCCGGGCTGGGCGCAGTGGCTTGCGTCTGTATTCCCAGCACTTTGGGAGGCCGAGGCAGGCGGATCACCTGA","GGGTGCAGTGACTCACGCCTGCAATCCCAGCACTTTGGGAGGCCAAGGCGGGTGGATCATTTAAAGTCAGGAGTTTGAGACCAGCATGGCCAACACAGTGAAACCCCATCTCCACTAAAAATACAAAAATTAGCTGGGCCTGGCTGGGCACAGTGGCTCATGCCTGTGATCCCAGCACTTTGGAAGGCCGAGGCAGGCGGATCACCTGA"
"chr1","6633627","6633926","chr2","68453324","68453613","46","61819697","GGCCGGGCGCAGTGGCTCATGCCTGTAATCCCAGCACTTTGAGAGGCCGAGGTGGGGAGATCACTTGAGGTCAGGAGTTCAAGACCAGCCTGGCCAACATGGTGAAATCCCATGTCTACTAAAAAAGACACAAATTAGCCAGGCGTGGTGGCACACACCTGTAGTCCCAGCTACCTGGGAGGCTGAGACAGGAGGATCAGCTGAACCCGGGAGGTGGAGGTTGCAGTGAGCCGAGATCACACCACTGCCCTCTAGTATTGTCACTGGGTGACAGAGCGAGACTCAGTCTGAAAAAAAAAA","GGCCAGGAGCAGTGGCTTATACCTGTAATCCCAGCACTTTGGGAGGCCGAGGAGGGTGGCTCACTTGAGGTCAGGGGTTCAAGACCAGCCTGACCAATATGGTGAAACCCCATCTCTACTAAAAACACACAATTAGCCAGGCGTGGAGGCACGCATCTATAATCCCAGCTACTAGGGAGGCTGAGGCAGGAGAATCGCTTGAACCTGGGAGGCGGAGGTTGCAGTGAGCCGAGATCATGCCACTGCACTCCAGCCTGGGTGACAAGAGTGAAACTCAGTCTGAAAAAAAA"
"chr1","6671823","6672134","chr7","45344118","45344429","44","38672295","GGCCGGGTGCAGTGGCTCACACCTGTAATCCCAACACTTTGGGAAGTCAAGGCAGGTGGATCACTTGAGGTCAGGAGTTCAAGACCAGCCTGGCCAACATGGTGAAATGTCATCTCTACTAAAGATAAAAAAACTGGCTGGGTATGGTGGCACAAGCCTGTAATCCCAGCTACTCGGGAGGCTGAGGCAGGAGAATTGCTTGAACCCTGGAAGCGGAAGTTGCAGTGAGCTGAGATCGCATCGCTGCACTCCAGTCTAGGTGACAAAGCAAGACTCTGTCTCAAAAAAATAAAATATTAAAATAAAATAAAA","GGCTGGGTGCAGTGGCTCACCCCTGTAATCCCAGCACTTTGGGAGGCCAAGGCTGGTGGATCACAGGAGGTCAGGAGTTCGAGACCAGCCTGGCTAACATGGTGAAACCCCATCTCTACTAAAAATACAAAAATTAGACAGGTGTGGTGGCACATGCCTGTAATCCCAGCTACTCGGGAGGCTGAGGCAGGAGAATTGCTTGAACCTGGGAGGCAGAGGTTGCAGTGAGCTGAGAGCGAGCCACTGTGCTCCAGCCTGGGTGACAGAGCCAGACTCTGTCTCAAAAAAATAAAAAATAAAAAAATAAAATAA"
"chr1","6726596","6726892","chr22","40230801","40231098","37","33504205","GGCTGGGCGTGGTGGCTCATGCCTGTAATCTCAGCACCTTGGGAGGCCAAGGCAGGCAGATTGCTTGAGCTCAGGAGTTTGAGACCAGCCTGGCCAACATGGCGAAACCCCATCTCTCCTAAAAATACAAAAATTAGCTGAGTGTGGTGGTGCGTGCCTGTAATCACAGCTACTTGGGAGGCTGAGGCAGCAGAATCGATTGAACCTGGGAGGCAGAGGTTTCAGTGAGCCGAGATCATGCCACTGCACTCCAGCCTGGGCGACAGAGCGAGACTCCATCTAACACACACAAAAAAA","GGCCAGGCGTGGTGGCTCATGCCTGTAATCCCAGCACTTTGGGAGGCCAAGGCAGGCAGATCACTGGAGGTCAGGAGTTCAAGACCAGCCTGGCCAACTTGGTGAAACCCCGTCTCTACTAAAAATACAAAAATTCGCTGGGCCTGGTGGCGAGCACCTGTAATCCCAGCTACTTGGGAGGCTGAGGCAGGAGAATCACTTGAACCCGGGAGGCAGAGGTTGCAGTGAGCCGAGATCATGCCACTGGACTCCAGCCTGGATGACAGAGCGAGATTGCATCTCAACAACAACAACAAAA"
"chr1","6736746","6736978","chr2","62154256","62154490","40","55417510","GGAACACTTGAGGCCAGGAGTTCGAGACCAGCCTGGTCAACATGATGAAACCCCATCTCTACCAACAATACAAAAAATTAGCTAGGTGTGGTCGTGCGCACCTATAATCCCAGCTACTCGGGAGGCTGAGGCAGGAGAATCACTTGAACCCAGGAGGTGGAGGCTGCAGTGAGCCGAGATCATGCCACTGTACTCCAGCCAGGTGACAGAGTGAGACAAAAAACAAAACAAAA","ATCACTTGAGGCCAGGAGTTCCAGACCAGCCTGGCCAACATGGTGAAACCTGGTCTCTACTAAAAAATATAAAAATTAGCTGGGTGTAGTGGTGCGCACCTATAGTCCTAGGTACTTGGGAGGCTGAGGCAGGAGAATCACTTGAACCCGGGAGGCGGAGGTTGCAGTGAGCCAAGATTGCACCACTGTACTCCAGCCTGGCAACAGAGTGAGACTGTCTCAAACAAAAAAAAAA"
"chr1","6737101","6737413","chr10","90431710","90432016","44","83694609","GCCAGGCCCAGTGGCTCATGCCTGTAATCCCAGCACTTTGGGAGGCTGAGGAGGGCAGATCATTTCAGGTCAGGTGTTCAAGACCAGCCTGGCCAACATGGTGAAACCCGTCCCTACTAAAAATACAAAAATTAGCCAGACGTGGTGGCACACACCTGTGGTCCCAGCTACTCAGGAGGGTGAGGCAAGAGAATCACTTGAACCCGGGAGGTGGAGAAAGTTGCAGTGAGCCGAGATGGTGCCACTGCCCTCCAGCCTGGGCAATAGAGTGAGACTCCGTCTCAAAAAAAAAAAAAAAAGAAAAAGAAAAAAA","GGCCAGGTGTGGTGGCTCATGCCTGTAATCCCAGCACTTTGGGGGGCTGAGGCGGGCAGATCACTTGAGGTCAGGAGTTTGAGACCAGCCTGGCCAACATGGTGAAACCCCATCTCTACTAAAAATACAAAAACATTAGCCGGCATGGTGGTGCATGCTGTGGTTCCAGCTACTTGGGAGGCTGAGGCAGGAGAATCACTTGAACCCGGGAGGTGGAGGTTGCAATGAGCCGAGATGGTGCCACTGCACTCCAGCCTGGGCAACAGAGGGAGACTCTGTCAAAAAAAAAAAAAAAAAAAAAGAAGAA"
"chr1","6741815","6742125","chr3","106655459","106655766","42","99913644","GACCGGGCGAGGTGGCTCTCGCCTATAATCCCAGTGCTTTGAGAGGCCGAGGCAGGTGGATCACTTGGAGTCAGGAGTTTGAGACCAGCCTGGCCAACATGGTGAAACCCCGTCTCTACTAAAAATACAAAAATTAGCCGGGTGTGGTGGTGCATGCCTGTAATCCAAGCTGCTTGGGAGGCTAAGGCAGGAGAATCACTTGAACCCGGAGGTGGAGGTTGCAGTGAGCTGAGATCATACCACTGCACTTCAGCCTGGGTGACAGAGTGAGATTCAGTCTCACCAAAAAAAAAAAAAATAAAATAAAAAAA","GGTCGGGTGTGGTGGCTCGTGCCTATAATCCCAGCACTTTGGGAGGCTGAGGTGGGCAGATCACTTGAGGTCAGGAGTTTGAGACCAGCCTGGCCAACATGGTGAAACCCCGTCTCTACTAAAAATACAAAAATTAGCCAGGTGTGGTGGCATGCATCTGTAATCCCAGCTACTTTAGGAGGCTGAGGCAGGAGAATCGCTTGAACCCAGGAGGTGGGGGTTGCAGTGAGCTGAGATCGCACCACTGCACTCCAGCCTGGGCAACAGAGAGAGACTCTGTCTCAAAAAAAAAAAAAAAAAAAAAAAAA"
"chr1","6747413","6747711","chr4","37931785","37932081","41","31184372","GGCCGGGCCTGGTGGCTCATGCCTGTAATCCCTGCACTTTGGGAGGCTGAGGCGGACAGATCGCTTGAGGTCAGGAGTTTGAGACCAGCCTAGCCAATATGGCGAAACCCTATCTCTGCTAAAAATACAAAAATTAGCTGGGTGGTGGTGGGTCAGCACCTGTAATCCCAGCTACTTGGGAGGCTGAGGCAGGAGAATCACTTGAGCCTGGGAGGCAGAGGTTGCAGTGAGCTGAGATCACGCCACTGGACTCCAGCGTGGGTGACAGAGTGATACGCTGTCTCAAAAAAAAAAAAAAA","GGCCGGGCGCGATGGCTCACGCCTGTAATCCCAGCACTTTGGGAGGCTGAGGTGGGCAGATCTCTTGAGGCCTGCAGTTCGAGACCAGCCTGGCCAATATGGTGGAACCCTGTATTTAATAAAAATACAAAAATTAGCTGGGTGTGATGGTGCATACCTGTAATCCCAGCTACTTGGGAGGCTGAGGCAGGAGAATCACTTGAGCCTGGGAGATGGAGGTTTCAGTGAGCTGAGGTCACACCACTGTACTCCAGCCTGGGTGACAGAGCAAGATTCTGTCTCAAAAAAATAAAGAAA"
"chr1","6760454","6760759","chr5","128544719","128545020","51","121784265","CACGCTGGCTCACCCCTGTAATCCCAGCACTTTGAGAGGCCAAGGCAGCCAGATCACTTGAGGTCAGGAGTTGGAAACCAGCCTGGCCAACACAGTGAAACTCCATCTCTACCAAAAAATTAAAAAATTAGCCAGGTGTGGTGATGCGTGCCTGTAGTCCCAGCTACTCAGGAGGCTGAGGCGGGAGAATTGCTTGTACCTGGGAGGCGGAGGTTGCAGTAAGCTGAGATCGCCCCACTGAACTCTAGTCTGGGCAACAGAGTGAGACCCTGTCTCACAAAAAGAAAAGAAAAGAAAAGAAAAAAA","GTGGTGGCTCACACCTGTAATCCCAGCACTTTGGAGGCCGAGGCAGGCAGATCACTTGAGGTCAGGAGTTTGAGACCAGCCTGGCCAGCATGGTGAAACCCTGTCTTTACTAAAAATACAAAAATTAGCTGGGTTTGGTGGCATGCGCCTATAGTCCCAGATACTCAGGAGGCTGTGGCAGGAGAATTGCTTGAACCCGAGAGGCAGAGGTTGCAGTGAGCTGAGATCTCACCACTGTACTCCAGCCTGGGCAACAGAGTGAGATTCCATCTCAAAAAAAAAAAAAAAAGAAAGAAAGAAAA"
"chr1","6764788","6765071","chr10","45660121","45660403","49","38895333","GGCCGGGTGCGGTAGCTCACGCCTATAATCCCAGCACTTTGGGAGGCCGAGGCAGGTGGATCACTTCAGGTCAGAAGTTTGAGACCAGCCTGGCCAACATGTTGAAACCCCATCTCTACTAAAAATAAAAAAAAATTAGCTGGCATGGTGGCGCGTGCCTGTCATCCCAGCTACTCGGGAGGCTGAGGTGGAAGGATTGCTTGAACCCAGGAAGCGAAGGTTGCAGTGAGCCGAGATCGACTGGGTGACAGAGCGAGACTCCATCTCAAAAAAAAGAGAGAGAA","GCCAGGCGCAATGGCTCATGCCTATAATCCCAGCACTTTGGGAGGCCAAGGCAGGTGGATCACTTGAGGTCAGGAGTTCAAGACCAGCCTGGTCAACATGGTGAAACCCCATCTCTACTCAAAATACAAAAATTAGCCTGGCGTGGTGGCACGTGCCTATAATCCCAGCTACTCAGGAGGCTGAGGCAGGAGAATCACTTGAACCTGGGAGGTGGAGGTTGCAATGAGTTGAGATCATGCCACTGGGTGATAGAGCGAGATTCCGTCTCAAAAAAAAAAAAAA"
"chr1","6775104","6775407","chr22","7822716","7823014","40","1047612","GGCTGGGCACGGTGACTCATGCCTGTAATCCCAGCAATTTGGGAGGTGGAGGCCAGCGGATCACTTGAGGTCGGGAGTTCGAGACCAGCCTGGCCAACATGGCGAAACCCCTTCTCTACTAAAAATATAAAAATTAGCCAGGCATGGTGGCACGTGCCTGTAATCCCAGCTACTTGGGAGACTGAGGCACGAGAATCACTTGAACCCGGGAGGTGGAGGTTGCAGTGAGCTGAGATCGCGCCACTGCACTCTAGCCTGGGTGACAGATCAAGACTCCATCTCAAAAATAAATAAATAAATAAAA","GGCTGGGCACGGTGGCTCATGCCTGTAATCTCAGCACTATGGGAGGCCAAGGTGGGTGGATCACTTGAGGTCAGGAGTTCAAGACCAGCCTGGCCAACATGGTGAAACCTCGTCTCTACTAAAAATACAAAAATTAGCCAGGCATGGTGGCACGTGCCTGTAATCCCAGCTACTTGGGAGAGTGAGGCAGGAAAATCACTTGAACCTGGGAGGCAGAGGTTGCAGTGAGCTGAGATGGCACCATTGCACTCCAGCCTGGGTGACATAGCGAGACTGTCTCCAGAAAAACAAACAAAAAA"
"chr1","6789805","6790128","chr22","33981676","33981980","55","27191871","GGCCAGGCGTGGCAGCTTGCGCCTGTAATCCCAGCACTTTGGGAGGCTGAGGCAAGGGAGGCTGAGGTAGGCGGATCACTTTAGGCCAGGAATTCAAGACCAACCTGACCAACATGGTGAAACCCCGTCTCTATTAAAAATGCAAAAAAAAATTAGCCGGACATGGTGGTGCACGCCTGTAATCCCAGCTACTTGGGAGGCTGAGGCAAGAGAATTGCTTGAACCTGGAAGGCAGAGGTTGCACGAACCGAGATCGTGCCACTGCACTCCAGCCTGGGCAATAGAGTGAGACTCTGTCTCAAAAAAAAAAAAAAAAAAAAAAAA","GGCCAGGCGCGGTGGTTCACGCCTGTAATCCCACCACTTTGGGAGACCAAGATGGGCAGATCACTTGAGGTCAGGAGTTTGAGACCAGCCTGGCCAACATAGTGAAACCCCGTCTCTAATAAAAATACAAAAATTGGCTTGGCGTGGTGGTGCACGCCTGTAATCCCAGCTACTTGGGAGGCTGAGGCAGGAGAATCACTTGAACCTGGGAGGCAGAGGTTGCAGTGAGCCGAGATCGTGCCACTGCACTCCAGCCTAGGCAACAGAGTGAGACTCCATCTCAAAAAAAAAAAAAAAAAAAAAAA"
"chr1","6791964","6792257","chr10","79399405","79399694","48","72607441","GGCCAGGCACATTGGCTCATGCCTGTAATCTCAGCACTTTGGGAGGCCTAGGTGGGCGGATCACTTGAGGCCAGGAATTCAAGACCAACCTGGCCAACATGGTGAAACCCCGTCTCTACTAAAAATACGAAAAAAAATTAGCCGGGCATGGTGGTGCACGCCTGTAATCCCAGCTACTTTGGAGGCTGAAGCAGGACAATCGCTTGAACCTGGAAGGCGGAGGTTGCAGGGAGCGGAGATCGTGCCTGGGCAACAAAGCAAGACTCAGCCTCAAAAAAAAAAAAAGAAAAGAAA","GGCCTGGCACGGTGGCTCGTGCCTGTAATCCCAACACTTTGGGAGGCCAAGGCAGCTTGGTCACTTGAGATCAGGAGTTTGAGACCATCCTGGCCAACATGGTGAAACCCCGTCTCTACTAAAAATACAAAAAAAGTAGCAAGGCATGGTGGTGCATGCCTGTGATCCCAGGTACTGGGGAGGCTGAGGCAGGAGAATCACTTGAACCTAGAAGGCGAAGGTTGCAGTGAGCCGAGATCGCCTGAGCAACAGAGGAAAACTCTGTCTTAAAAAAAAAAAAAAAAAAAGAA"
"chr1","6860628","6860939","chr7","57213096","57213404","47","50352468","GGCCGGGCGCAATGACTCACACCCGTAATCTCAGCACTTTGGGAAGTCGAGGTGGGCGGATTACTTGGAGGTCAGGAGTTCAAGACCAGCCTGGCCAACATGGTGAAACCCCATCTCTACTAAAAATACAAAAAATTAGCCTGGCGTGGTGGTGCATGCCTGTAATCCCAGCTACTTGGGAGGCTGAGGTGGGAGAACTGCTTGAACCCGGGAGGCAGAAGTTGTAGTGACCCCAGATTGTGTCATTGCCCTCCAGCCTGGGTGACAGAGTGAGACTCCATCTCAAAAAAACAAAACAAAAAAACCAAAAAA","GCCAGTCTCAGTGGCTCACCGCTGTAATCCCAGCACTTTGGGAGGTCGAGGTGGGTGGATCACTTGAGGTCAGGAGTTTGACACCAGCCTGGCCAACATGGTAAAACCCCATCTCTACTAAAAATACAAAAATTAGCCAGGCATGGTGGCATACATCTCTAATCCCAGCTACTTGGGAGGCTGAGGCAGGAGAATCGCTTGAACCCAGGAGATGGAAGTTGTAGTGAGCCAAGATTGCGCCACTGCACTCCAGCCTGGTTGACAGAGCGAGACTCCATCTCAAAAAAACAAAACAAAACAAAAAACAAA"
"chr1","6860965","6861255","chr9","111649807","111650101","45","104788842","GGCCAGGCGCAGTGGCTCATGCCTGTAATCCCAGAACTTTGGGAGGCCAAGGCGGGCGGATCGCTTGAGGTCAGGAGTTCAAGAACAGCCTGGACAACGAGGTGAAACCCCATCTCTACCAACAACACAAAAATTAGCCGGGCGTGGTGGCATGTGCCTGCTACTTGGGAGGCTGAGCCACGAGAATCACTTGAACCCGGGAGGTGGAGGTTGCAGTGAGTTGAGATTACACCACTGCACTCCAGCCTGGGTGACAGGGCAAGACTCTGACCCAAAAAAAAAAAAAAAAAA","GGCCAGGCACGGTGGCTCATGTCTGTAATCCCAGGACTTTGGGAAGCCAAGGTGGGCAGATCACTTGAGGTCAGGAGTTCAAGAACAGCCTGGCCAATATGGTGAAACCCCATCTCTACTAAAAATATGAAAGTTAACCAGGGCATGGTGGCATAGTACCAGCTACTCGGGAGGCTGAGACAGGAGAATCGCTTGAACCCAGAAGGCGGAGGTTGTAGTGAGCTGAGATCGCACCACTGCACTCCAGCCTGGGCAACAGAGCAGGACTGTGTCTCAAAAAAATAAATAAATAAAA"
"chr1","6933274","6933559","chr20","38471285","38471567","41","31538011","GGCCAGGCACAGTGGCTCACACCTGTAATCACAGCACTTTGGGAGGCCAAGGTGGGCAGATCACTTGAGATCAGGAATTACAGACCAGCCTGGCCAACATGGTGAAACCCCACCTCTACTAGAAATACAAAAATTAGCCAGGGTTGGTGGCATGTGCCTGTAATCCCAGCTACTCAGGAGGCTGATGCAGGAGAATCACTTGAACCTGGGAGGTGGACGTTGCAGTGAGCTGAGATCATGCCACTATACTCCAGAGACTCCATCTCAAAAAAAAAAGAAACGAAAA","GGCCAGGCATGGTGGCTCACACCTGGAATCCCAAGACTTTGGGAGGCCAAGGCGGGTGGATCACTTGAGGTCAGGAGTTCGAGACCAGCCTGCACAACATGGTGAAATCCCATCTCTACTAAAAATACAAAAAGCAGCCAGGCATGGTGGCATGCACCTGTAATCCCAGCTACTCAGGAGGCTGACGCAGGAGAATTGCTGGAACCCGGGAGGCAGAGGTTGCAGTGAGCTGAGATCACGCCACTGCACTCCAGCCTCCATCTCAAAAAGAAAAAGAAAAAAA"
"chr1","6947378","6947681","chr5","47841271","47841566","45","40893893","GACCAGGGGTGGTGGCTCATGCCTGTAATCCCAGCACTTTGGGAGGCCGAGGTGGTGGATCACTTGAGGTCAGGAGTTCAAGACCAGCCTGGCCAACATGGTGAAACACCATCTCTACTCAAAAAAAAAAAAAATTAGTCAGGCATGGTGACACGCGCCTGTAATCCCAGCTACTCAGGAGGCTGAGGTGAGATGAGATAATCACTTGAACCGAGAAGGTGGAGGTTGCAGTGAGCCAAGATTGAACTACTGCACTCCAGCCTGGGCAAACAGAGTGAGACTGTCTCAAACAAAAAAAAAAAAA","GGCCGGAAGTGGTTGCTCACGCTGTAATCCCAGCATTTTGGGAGGCCGAGACAGGTGGATCACTTGAGGTCAGGAGTTCAAGACCAGCCTGGCCAACATCATGAAACCCCATCTCTACTAAACAGACAAAAATTAGCCAGATACGGTGGCACACACCTGTAATCCCAGCTACTCAGGAGGCTGAGGCATGAGAATCGCTTGTACCCAGGAGTTGGAGGTTGCAGTAAGCCAAGATTGTGCCACTGCACTCCAGCCTGGGCAACAGAGCAAGACTGTCTCAAAAAAAAAAAAAAAAA"
"chr1","6984361","6984647","chr7","41410566","41410850","51","34426205","CCAACACTTTGGGAGGCTGAGGTGGGCAGATCACTTGGGGTTAGGAGTTTGAGACCAGCCTGGCCAACATGATGAACCCCGTCTCTAACAGAAATACAAAAATTAGCCAGGTGTGGGGTGGTGCGGGGCTGAAATCCCAGCTAGTCAGGAGGCTAAGACAGGGGAATCACTTGAACCTGGGAGGCGGAGGTTGCAGTGAGCCGAGATGGCGCCACTGCACCCTGCCTGGGTAACACAGTGAGACTCCATCTTAAAAAAGAAAATACTCACAAAAAACAACAAAGAAA","CCAACATTTCGGGAGGCCGAGGTGGGCGGATCACTTGGGGTTAGGAGCTTGAGACCAGCCTGGCCAACATGGTGAAACATCACCTCTACCAAAAATATAAAAATTAGCCAGGTATGGTGGTGCACAGCTGAAATCCCAGCTACTTGGGAGGCTGAGACAGGAGAATCGCTTGAACCTGGGAGGTTGAGGTTGCAGTGAACTGAGATTGTACCACTGGTGCACTCCAGCCTGGGTGACACAATGAGACTCCCTCTGGAAAAAACAAAAAACAAAAAACAAAACAAA"
"chr1","7004766","7005071","chr5","2239871","2240172","44","4764895","GGCCGGACATGGTGGTTCATACCTGTAATCCCAGCACTTTGGAAGGCCAAGGCAGGCAGATCACTTGAGGTCAGGAGTTTGAGACCAGCCTGGCCAACATAGTGAAACCCCGTCTCTACTAAAAACACAAAAAAAAATTAGCCGGGTGTGATGGCATGTGCCTGTAATCCCAGCTATTCAGGAGGCTGAGGCATGAGAATTGTTTGAACCTGGGAGGCAGAAGTTACAGTGAGCTGAGATCGTGCCATTGCACTCTAGCCTGGGTGACAGAAAGAGACTCCATCTCCAAATCAATAAATAAATAAA","GGCCAGGCGCAGTAGCTCATACCTGTAATCCCAGCACTTTGGGAGGCCGAGGCAGGCTGATCACTTGAGGTCAGGAGTTTGAGACCAGCCTGGCCAATATGGTGAAATTCCGTCTCTACTAAAAATAGAAAAATTAGCCAGGTGTGGTGGCATGTGCCTGTAATCCCAGCAATTTGGGAGGCTGAGGCAGGAGAATCGCTTGAACCCAGGAGGCAGAGGTTGCAGAGAGCTGAGGTCGCACCACTGCACTCCAGCCTGGGTGACAGAGTGAGACTCCGTCTCTAAATAAATAACTAAATAAA"
"chr1","7033586","7033893","chr3","106655459","106655766","36","99621873","GGCTGGGCACGGTGGCTCATGCCTGTAATCCCAGCACTTTGGGAGGCCAAAGGGGGTGGATCACTTGGGGTCAGGCGTTTGAGACCAGCCTGGCCAACATGGTAAAACCCCGTCTCTACTGAAAATACAAAAATTAGCCAGACATGGTGGCATACACCTGTGATCCCAGCTACTCAGGAGGCTGAGGCAGGAGAATCGCTTGAACCCGGGAGGCGGAGGTTGCAGTGAGCCGAGATCACCGCCACAGCACTCCAGCCTGGGCAACAGAGTGAGACTCTGTATCAAAAAAAAAAAAAAAAAAAAAAGAA","GGTCGGGTGTGGTGGCTCGTGCCTATAATCCCAGCACTTTGGGAGGCTGAGGTGGGCAGATCACTTGAGGTCAGGAGTTTGAGACCAGCCTGGCCAACATGGTGAAACCCCGTCTCTACTAAAAATACAAAAATTAGCCAGGTGTGGTGGCATGCATCTGTAATCCCAGCTACTTTAGGAGGCTGAGGCAGGAGAATCGCTTGAACCCAGGAGGTGGGGGTTGCAGTGAGCTGAGATCGCACCACTGCACTCCAGCCTGGGCAACAGAGAGAGACTCTGTCTCAAAAAAAAAAAAAAAAAAAAAAAAA"
"chr1","7079473","7079771","chr12","60882509","60882808","41","53803036","GCTGGGCACTGTGGCTCATGCCTGTAATTCCAGCACTTTGGGAGGCCGAGGTGGGAGGATCGCTTGAGGTTAGGAGTTTGAGACCAACCTGGCCAACATGGTGAAACCCATTTCTACTTAAAAAAAAAAAAAATTAGCCAGGCGTGATGGTGTGTGCCTGTAATTCCAGCTACTTGGGAGGCTGAGGCACAAGAATCGCTTGAACCTGGGAGGTGGAGGTTGCAGTGAGCCAAGACTGACCACTGCACTCCAGCCTGGATGACAGAGTGAGATTCTGTCTTTAAAAAAGAAAAAAAAAA","GGCTGGGCGCAGTGGCTTATGCCTGTAATCCCAGCACTTTGGGAGGCTGAGGTGAGAGGAGCACTTGAGGTCAGGAGTTGGGGACCAGCCTGGCCAACATGGTGAAACCTCGTCTCTACTGAAAAAATACAAAAATTAGCCAGAATGGTGGTACGTGCCTGTAATCCCAGCTACTTGGGAGGCTGAGGCAGGAGAATCACTTGAACTTGGGAGGCAGAGGTTGCAGTGAGCCAAGATTGCACCACTGCACTCCAGCCTGGTTGACAGAGTGAGACTGTGTCTCAAAAGAAAAAAAAAAAA"
"chr1","7128832","7129137","chr6","17068239","17068542","44","9939407","GGCTGGGCGTGGTGGCTCATGCCTGTAATCCCAGCACTTTGGGAAGCCGAGGTGGGTGGATCACTTGAGGTCAGGAGTTCAAGATCAGCCTGTCCAACATAGTGAGGTGGTCTCTACCAAAAATACAAAAATTAGCTGGGCATAATGAAACATGCCTGTAATCCCAGCTACTCGGGAGGCTGAACAGGAGAATCACTTGAACCTGGGAGGCAGAGGTTGCAGTGAGCTGAGATCGAACCACTGCACTTCAGCCTGGCCAACAGAGCAAGACCTTGTCTCAAAAAAAAAAAAAAAAAAAAAAAAAAA","GGCTGGACGCAGTGGCTCATGCCTGTAATCCCAGCACTTTGGGAGGCCAAGGTGGGTGGATCACTTGAGGTCAGGAGTTCGAGACCAGCCTGGCCAACATGGTGAAACCCTGTCTCTACTAAAAATACAAAAATGAGCTGGGCATGCTGGTACACATCTGTAATCCCAGCTACTTGGGAGGCTGAGGCAAGAGAATCGCTTGAACCCAGGAGGCAGAGGTTGCAGTGAGCCGAGATTGCACCACTGCACTCCAGCCTGGGCAACAGAGCAAGACTCTGTCTCAAAAAAAAAAAAAAAAAGAAAA"
"chr1","7129956","7130238","chr4","37824304","37824582","39","30694348","GACTGGGCATGGTGCCTCACACCTGTAATCCGAGCACTTTGGGAGGCTAAGGTGGGTGGATCACTTGATGTCAGGAGTTCAAGACCATCCTGGCCAACATGGTGAAACCCCGTCTCTACTAAAAATACAAAAATTAGCCAGGCATAGTGACGCACGTGCCTGTAGTCCCAGCTACTTGGGGGGCTGAGGCGGGAGAATGGCTTGAACCTGGGAGGTGGAGGTTTCAGTGAGCCAAGATCGCACCATTGCACTCCAGCCTGGGTGACAGAGTAAAACTCCATCT","GCTGGACAGGGTGGCTCACACCTGTAATCCCAGAATTTTGGGAGGCCAAGGCGGGTGGATCACTTGAAGTCAGGAGTTTGAGTCCAGCCTGGCCAACATGGTGAAACCCCGTCTCTACTAAAAATACAAAAATTAGCTGGGCATGGTGGTGCACACCTGTAATCCCAGCTACTTGGGAGGCTGAGGCAGGAGAATCGCTTGAACTCAGGAGGTGGAGGTTGCAGTGAGGCAAGATCATGCCACTGCATTCCAGCCTGGGTGACAGAGTGAGACTCCATC"
"chr1","7138714","7139001","chr4","16350054","16350344","39","9211340","GCTGGGCATGGTGGCTCACACCTGTAATCCCAGCACTTTGGGAGACCAAGGCAGGCGGATCATTTGATGTCAGGAGTTTGAGACCAGTCTGGCCAACATGGTGAAACCCTGTGACTACTAAAAATACAAAAATTAGCTGGGTTTTGTGGTGTGTGCCTGTAATCCCAGCTACTCAGTAGGCTGAGGCAGGAGAATTGCTTGAACCCAGGAGGCAGAGGTTATAGTGAGCCAACATGGCACCACTGTACTCCAGCCTGGGTGACAGAGCAAGACTCTGTCTCAAAAAAA","GGCCAGGTGCAGTGGCTCATGCCTGTAATCCCAGCACTTTGGGAGTCCAAGGTGGGTGGATCATTTGAGGTCAGGAGTTCAAGACCAGCCTGGCCAACATGGTAAAACCCCATCTCTACTAAAAGTACAAAAATTAGCTGGACGTGGTGGTGCGTGCCTGTAATCCCAGCTACTCAGGAGGCTGAGGCAGGAGAATTGCTTGAACCCGGGAGGCAGAGGTTGCAGTGAGCCAAGATTGCACCACTGTACTCCAGCCTGGGCGACAGAGCAAGACTACATCTCAAAAAAAAA"
"chr1","7169515","7169826","chr7","41600588","41600885","53","34431073","GGCCAGGCACAGTGGCTCATGCCTGTAATTCCAACACTTTGAGAAGTTGAAGAGAGCAGATCACTTGAGCCCAGCTCAAGTCCAGTCAGGAGTTCGAGACCAGCCTGGCCAACATGGTGAAACCACTTCTCTACTGAAAATACAAAAATCAGCTGAGTGTGGTGGTGCATGCCTGTAGTCTCAGCTACTCAGGAGGCTGAGGCAGGAGACTCACTTGAACTTGGGAGGCAGAGATTGCAGTGAACTGAGATCTGAGATTGCACTACTGCACTCCAGCCTGGCATGAGCAAGACTCCATTCAACAAAAAAAAA","GGCCAGGTGCAGTGGCTCACGCCTGTAATCCCAGCACTTTGGGAGGCCGAGGGGAGCAGATCACTTAAGTTCAGGAGTTCAAGACCAGCCTGACCAACATGGTGAAACCCCATCTCTACTGAAAATACAAAAATCAGCTGTACGTGGTGGTGCATGCCTATAGTCCCAGCTACTCAGGAGGCTGAGGCATGAGATTCACTTGAACCTGTGAGGCAGACGTTGCAGTGAGTTGAGATCTGACATCACACCACTGCACTCCAACCTAGCATAAGCAAGACTCCATTAAAAAAAAAAAAAA"
"chr1","7240519","7240805","chr7","49632330","49632627","56","42391811","GACCAGGTGTGGTGGCTCACGTGTGTAATCTCAGCACTTTGGGAGGCTGAGGAGGGCAGATTGCTTGAGCTCATGAGTTCAAGACCAGCCTGGACAACATGGCAAAACCCTGTCTCTACAACAAAGTGTGGTGGCACATGCCTGTGGTCCCAGCTACTCAGGAGGCTGAGGTGAGAGAATCACTTGAGCCCAGGAGGCGGAGGTTACAGTGAACCGAGATAGCACCACTGCACTCCAGCCTGGGTGACAGAGTGAGACCCCATCTCAATTAAAAAAAAAAAAAAAAA","GGCCGGTGCAGTGGCTCACGCCTGTAATCCCAGCACTCTGGGAGGCTGAGGTGGGTGGATCACTTGAGGTCAGGAGTTTGAGAGCAGCCCGACCAACATGGTGAAACCCTGTCTCTACTAAAAATACAAAACCAGGTGTGGTGGTGCATGCCTGTAATGCCAGCTACTCAGGAGGCTGAGGCAGGAGAATCACTTGAACCCAGGAGGCGGAGGTTGCAGTGAGCCGAGATCACGCCACTGCATTCCAGCCTGGGTGACAAAGTAAGACTCCGTCTCAAAAAAAAAAAAAAAAAAAAAA"
"chr1","7325847","7326158","chr7","41754185","41754494","42","34428338","GGCCAGGTGCAGTGGCTCACGTCTGTAATCCCAACAGTTTGGGAGGCTGAGGCAGGCGGATCACTTGAGCTCATGAGTTCAAGACCAGTCTGGCCAACGTGATGAAACACTGTCTCTACTAAAAATACAAAAATTAGCCAGGCATGGTGGCGCACGCCTGTAGTCCCAGCTACTTGGGAGGCTGAGGCATGAGAATCACTTGAACCTGGGAGGCAGCGGTTGCAATGAGCCAAGATTACACCACTGCCCTCCAGCCTGGGCAACAGAGCGAGACTCTGCCTCATAAAACAAACAAACAAACAAACAAAAAAA","GCCAGGTGCAGTGGCTCACATCTGTAATCCTAACACTTTGGGAGGCCGAGGCAGGAGGATCACTTGAGCTCAGGAGTTTGAGACCAGCCTGGCCAACATGATGAAACCCTGTGTCTACATCTAAAAAGACAAAAATTAGCTGGGCATGGCGATGCCTGTAGTCCCAGCTACTCAGGAGGTTGAGGCATGAGAATCACTTGAACCTGGGAGACAGAAGTTGCAATGAACCAAGATCGCACCACTGCCCTCCAGCCTGGGCAACAGAGTGAGACTCTTTCTCAAAAACAAAAGCAAACAACAACAACAAAAA"
"chr1","7377675","7377946","chr16","46612302","46612576","46","39234627","TTTGAGGAGGCCGAGGCAGGTGATCATTTGAGGTCAGGAGTTCGAGACCAGCCTGGCCAACATGGTGAAACCCTGTCTCTACTAAAAATGCAAAAATTAGCCGAGTGATAGTGGTGTGCACCTGTAATCCCAGCTACAGGGGAGGCTGAGGCAAGGGAATCGCTTGAACCCGGGAGGCAGAGGTTGCAATGAGCTGAGACTGTACCACTGCACTCCAGTCTGGGTGACAGAGTGAGAGCCTGTCTCAAAAAAATAATAATTAAAAAAATAAA","TTTGGGAGGCTGAGGCAGGCAGAACACTTGAGGCCAGGAGTTTGAGACCAGCCTGGCCAACATAGTGAAACCCTGTCTCTACTAAAAATACAAAAAGTTAGCTGGTTGTTGTGGTGTGCACCTGTAATCTCAGCTACCTGGGAGGCTGAGGGAGGAGAATCGCTTGAACCCAGGAGGTGGAGGTTGCAATGAGCTGAGATCATACCACTGTACTCTAGGCTGAGTGACAGAGTAAGACTCTGCCAGAAAAAAAGAAAGAAAGAGAAAAAAGGAAA"
"chr1","7449489","7449799","chr11","24201870","24202181","43","16752381","GGCCAGGGCAGTGGCCCAGCCCTATAATCCCAGCACTTTGGAAGGCCAAGGCGGGCGGATCAATTGAGGACAGGAGTTCAACACCAGCCTGGCCAACATGGTGAAACCCCATCTCTACTGAAAATACAAAAATTAGCTGGGCGTCATGGTGCATGTCTGTAATCCCAGCTACTTGGGAGGCTGGGGCAGGAGAATCACTTGAACCTGGGAGGTGGAGGTTGCAGTGAGCCGAAATAGTGCCACTACACTCCAGTCTGGGCAACAGAGCAAGACTCGGTCTCAAAAAAAAAAAAAAAAAAAGAAAGAAAGAA","GGCCAGGCATGGTGGCTCATGCCTGTCATCCCAGCACTTTGGGAAGCTGAGGCGGGCGGATCACTTGAGGTCAGGAGTTCAAGACCAGCCTAGGCAACATGGTGAAACCCTGTCTTTACTAAAAATACAAAAAATAGCTGGGCATCATGGTGTATGTCTGTGATCTTAGCTACTTGGGAGGCTGAGGCAAGAGAATCACTTGAACCTCGGAGGTGGAAGTTGAAGTGAGCTGAGATTGTGCCACTGCACTCCAGCCTGGGTGACAGAGCAAGACTCTGTCTCAAAAAAAAAAAAAAAAAAAAAAAAAAAAAA"
"chr1","7533631","7533944","chr1","82669756","82670065","44","75136125","GGCCGGGCACGGTGGCTCACGCCTGTAATCCCAGCACTTTGGGAGGTCGAAGTGGGCAGATCACTTGAGGTCAGGAGTTTGAGACCAGCCTGGCCAACATGGTGAAACCCTGTCTCTACTAAAAATATAAAAATTAGCCGGGCATGGTGGTGTGCACCTGTAATCCCAGCTACTCGGGAGGCTGAGGCAGGAGAATCTCTTGAACCCTGGGAGGCAGAGGTTGCAGTAAGCCGCAGTCACACCACTGCACTCTAGCCTGGATGACAGAGCGAGACCTTGTCCCCCCAAAAAAAAATGAAAAGAAAAAAAGAAAA","GGCTGGGCACGGTGGCTCATGCCTGTAATCCCAGCACTTTGGGAGGCCGAGGTGGGCAGATCACTTGAGGTCAGGAGTTCAAGACCAGCCTGGCCAACATGGTGAAACCCCATCTCTACTTAAAATATAACAATTAGCTGGGCGTGGTGGCAGCACCTGTAATCCCAGCTACTCGGGAGGCTGAGGCAGGAGAATAACTTGAACCCGGGAGGCCAAGGTTGCAGTGAGCTGAGATTGTGCCATTGCACACCAGCCCGGGTGACAGAGCAAGACTGTGTCTCAAAAAAAAAAAAAAGAAAAGAGAAGAAAA"
"chr1","7593490","7593790","chr7","6894852","6895150","39","698638","GGCCAGGTACAGTGGTTCACGCCTGTAATCTCAACAGTTTGGGAGGCCAAGGCGGGTGGATCACTGGAGGTCAGGAGTTCGAGACTAGCCTGGCCAACATGGTGAAACCCCTGTCTTTACTAAAAATACAACAGTTAGCCAGGCGTGATAGTGCATGCTCGTAGTCCCAGCTACTCAGGAGGCTGAGGCAGGAGAATCGCTTGAACCCTGGAGGCAGAGGTTGTAGTGAGCCAAGATCACGCCACTGCACTCCAGCCTGGGTGACAGAGTGGGACTCTGTCTCAAAAAAAAAAAAAAAAAA","GGTCAGGCCTGGTGGTTCACGCCTGTAATCCCAGCACTTTGGGAGGCTGAGGTGGGTGGATCACTTGAGGTCAGGAGTTCCAGAACAGCCTGGCCAACATGGTGAAACCCCATCTCTACTAAAAATGCAAAAATCAGCCAGGTGTGGTGGCATGCGCCTGTAATCCCAGCTACTCAGGAGGCTGAGGCAGGAGAATCGGCTTGAACCTGGGAGGCGGAGGTTGCAGTGAGCCAAGATCACGCCACTGCACTCCAGCCTGGGTGAAAGAGTGAGACTCTGTCTCAAAAAAAAAAAAAAAA"
"chr1","7619653","7619903","chr5","124044504","124044756","36","116424851","CCGAGGCAGGCGGATCACTTGAGCCCAGGAGTTCAAGACCAGCCTGGCCATCATGGTGAAACTCCGTCTCTACTAAAAATACAAAAATTAGTTGGGTGTGGTTGCACTTGCCTATAATCCCAGCTACTCAGGAGGCTGGGGCACGAGAATCGCTTGAACCCAGGAGGCGGAGGTTGCAGTGAGCTGAGATCATGCCACTGCACTCCAGCCTTGGTGACAGAGTGAGACTCCATCTCAAAAAAAAAAAAAAA","GCTGAGGCAGGTGGATTACTTGAGCCCAGGAGTTCGAGACCAGCCTGGCCAACATGGTGAAACCCTGTCTCTACTAAAAATACAAAAATTAGCCGGGCGTGGTAGTACATGCCTGGAGTCCCAGCTACTAGGGAGGCTGAGGCAGGAGAATCGCTTGAACCCAGGAGGTGGTGGTTGCAAGGAGCCAAGATCACACCACTGCACTCCAGCCTGGGTGACAGAGCGAGACTCTTTCTCAAAACAGAAAAAAAGA"
"chr1","7654099","7654408","chr7","21844210","21844521","43","14190111","GGCTAGGCGTGGTGGCTCACACCTGTAATCCCTGCACTTCAGGAGGCCGAGGTGGGTGTATCACTTGAGGTCAGGAGTTCAAGACCAGCCTGACCACCATGCTGAAACCCTGTCTCTACTAAAAATACAAAACTTAGCCAGGCGTGGTGGCGCACACCTGTAGTCCAGCTACTCAGGAGGCTGAGGCATGAGAATTGCTTGAACCCAAGGGTCGGAGGTTGCAGTGAGCTCAGATTGCACCACTGCACTCCAGCCTGGGTGACAGAGTGAGACCCTGTCTCAAAAAATAAATAAATAAATATATTAAAAA","GGCCAGGTATGATGGCTCACACCTGTAATCCTGGCACTTTGGGAGACCGAGGTGGGCAGATCACTTGAGGTCAGGAGTTCGAGACCAGCGGGGCCAACATGCTGAAATCCTGTCTCTACTAAAAATACAAAAATTAGCCAGGTGTGATGGTAAGTGCCTGTAATCCTATCTACTCAGGAGGCTGAGGCATGAGAATTGCTTGAACCCAGTAGGTGGAGTTTGCAGTGAGCTGAGATTGCACCACTGCACTCCAGCCTGGGCAACAGAGTGAGACTCTGTCTCAATAAATAAATAAATAAATAAATAAATAAA"
"chr1","7672414","7672716","chr4","21748719","21749015","42","14076305","GGGCACAGTGGCTCACCCCTGTAATCCCAGCACTTTGGGAGGCCAAGGTGGGCGGATCACTTGCGTCAGGAGTTCGAGACCAGCCTGGCCAACATGGTGAAACTCCATCTCTACTAAAAGTACAAAAATTAGCTGGGTGTGGTGGCACAAGCCTATAGTCCCAGGTACCAGGGAGGCTGAGGCAAGAGAATCACTTGAACCCAGGAAACAGAGGTTGCAGTGAGCCGAGATTGCATCACTGCACTCCAGCCTGGCAAAAGAGTGAGACTCCATCTCAAAACAAAAAAACCAACAAAAAGAAGA","GGGCGTGGTGGCTCACGCCTGTAATCCCAGCACTTTGGGAGGCTGAGGTGGGTGGATCACTTGGAGTCAGGAGTTCGAGACCATCCTGGCCAACATGGTGAAACCCCATCTCTACTAAAACTACAAAAATTAGCTGGGTGTGGTGGCATGCACCTGTAATCTCAGCTACTCGGGAGCCTGAGGCAGGAGAATCACTTGAACCTGGGAGGCAGAGGTTGCAGTAAGCCGAGATAGCACCACTGCACTCCAGCCTGGCAAAATAGTGAGACTTCATCTCAATTAAAAAAAAAAAAAAAA"
"chr1","7688005","7688304","chr6","17068239","17068542","41","9380234","GGCTGGGCATGGTGGCTCACGCCTGTAATCCCAGCACTTTGGGAGGCCGAGGCAGGTGGATCACTTAAGGTCAGGAGTTCGAGACCAGCCTGGCCAACATGGTGAAACTCTGTACTAAAAATACAAAAATTAGCTGGGTGTGGTGGTGCACACCTGTAATCCCAACTACTTGGGAGGCTGAGGCAGGAGAATCACCTGAACCCAGGAGGCAGAGGCTGCAGTAAGCTGAAATGGAGCCACTATACTCTAGCCTGAACGACAGAGCAAGACTCTGCCAAAAAAAAAAAAAAAAAGGAATAA","GGCTGGACGCAGTGGCTCATGCCTGTAATCCCAGCACTTTGGGAGGCCAAGGTGGGTGGATCACTTGAGGTCAGGAGTTCGAGACCAGCCTGGCCAACATGGTGAAACCCTGTCTCTACTAAAAATACAAAAATGAGCTGGGCATGCTGGTACACATCTGTAATCCCAGCTACTTGGGAGGCTGAGGCAAGAGAATCGCTTGAACCCAGGAGGCAGAGGTTGCAGTGAGCCGAGATTGCACCACTGCACTCCAGCCTGGGCAACAGAGCAAGACTCTGTCTCAAAAAAAAAAAAAAAAAGAAAA"
"chr1","7729115","7729415","chr4","27438396","27438702","41","19709281","GGCCAGGCAAGGTGGCTCACGCCTGTAATCCCACCACTTTGAGAGGCTGAGACAGATCACTTGAGGTCAGGAGTTCAAGACCAGCCTGGCCAACATGGTGAAACCCAGTCTCTACTAAAAACACAAAAAAAGCTAGCTGGGTGTGGTGGTGTATGCCTGTAGTCCCAGCTACTCAGGAGGCTGATACAGGAAAATCGCTTGAACTCAGGAGGTGGAGGTTACAGTGAGCCGAGATGGCACCACTGCACTCCAGCCTGGGTGACAGAGTGAGACTCTGTCTCAAAAAAAAAAGAAAAAAAAA","GGCTGGGCATGGTGGCTCATGCCTGTAATCCCAGCACTTTGGGAGGCTGAAGTGGACAGATCATTTGAGGTCAGGAGTTCAAGACCAGCCTGATCAACATGGTAAAACCCCTTTTCTACTAAAAACACACAAAAAGTTGGCTGGGAATGGTGGTATGTGCCTGTAGTCCCAGCTACTCAGAAGGCTGAGACAGGAGAATCGCGTGAACACAGGAGGCAGAAGTTGCAGTGAGCCGAGATCTCACCACTGCACTCCAGCCTGGGTGACAGAGTGAGAATCTGTCCCAAAACAAAACAAAAACAAAAAA"
"chr1","7730615","7730901","chrX","45666740","45667025","41","37936125","GGCCAGGCACGGGGTTTCAGCCTGTAATCCCAGCACTTTGGGAGGCTGAGGCGGGCAGATCACTTGAGGTCAGGAGTTCAAGACCAGCCTGGCCAACATGGTGAAACCCCGTCTCTACTAAAAATACAAAAAAGATTAGCTGGGCCTGGTGGCATGTGCCTGTAGTCCCAGCTACTTGGGTGGCTGAGCCAAGATAATCGCTTAAACTCAGGAGGCGGAGGTTGCAGTGAGCCAAGATCATGCCATTGCACTCCAGCCTGGGCAACAGAGTGAGATTCCATCTCAAA","GGCCAGGCACAGTGGCTGACACCTGTAATCCCAGCACTTTGGGAGGCTGAGGCAGGTGGATCACTTCAGGTCAGGAGTTCAAGACCAGCCTGGCCAACATGGTGAAACCCCATCTCTACTAAAAGTACAAAAAATTAGCTAGGTGTGGTGGCACATGCCTGTAATCCCAGTTACCTGGAAGGCTGAGGCAAGAGAATTGCTTGAACCCAGGAGCAGAGGTTGTAGTGAGCTGAAATCACACCACTGCACTCCAGCCTGGGCAACAGAGTGAGACTTCCTCTCAAAA"
"chr1","7735216","7735464","chr11","32759698","32759945","35","25024482","GGCTGGGCGCGGTGGCTCATGCCAGGAACCTAGCACTTGGGAGGCTGAGGCAGGCAGATCACTTGAGATCGGGTGTTCGAGACCAGCCTGGCCAACATGGTGAAACCCTATCTCCGCTAAAAATACAAAAATTAGCTAGAAATTGCTTGAACCTAGGAAGCAGAGGTTGGAATGAGCCAAGATCGTGCCACTGCACTCCAGCCTGGGTGACAGAGCGAGACTCTGTCTCAAAAAAAAAAAAAAAGAAAA","GGCTGGGCGCAGTGGCTCACGCCTGTGATCTTAGCACTGTGGGAGGCCGAGGCGGGCAGATCACTTGAGGTCAGGAGTTCAAGACCAGCCTGGCTAACATGGTGAAACCCCGTCTCTACTAAAAATACAAAATTTAGACAGAAATTGCTTGAACCCTGGAGGCAGAGGTTGCAGTGAGCCAAGATCATGCCACTGCACTTCAGCCTGGGCAACAGAGCAAGACTCTGTCTTAAAAAAAAAAAAAAAAA"
"chr1","7744129","7744431","chr1","96018777","96019077","32","88274648","GGCTGGGAACAGTGGCTCATGCCTGTAATCCCAGCACTTTGGGAGGCCGAGGTGGGTGGATCACTTGAGGTCAGGAGTTCCAGACCATCCTGGCCAACATGATGAAACCCTGTCCCTACTAAAAATACAAAAATTAGCCAGGTATGGTGGTGCTTGCCTATAATCCCAGCTACGTGGGAGGCTGAGGCAGGAGAATCACTTAAACCTGGGAGGTGGAGGTTGCAGTGAACCAAGATCGCGCCACTGCACTCCAGCCTGGGCGACAGCGCGAGACTCCAACTCAAAAAAAAAAAAAAAAAAAAA","GGCCAGGCGCATTGGCTTATGCCTATAATCCCAGCACTTTGGGAGGCCGAGGTGGGTGGATCACTTGAGGTCAGGAGTTCGAGATCAGCCTAGCCAACATGGTGAAACCCAGTCTCTACTAAAATACAAAAATTAGCCAGGTATGGTGGTGTGTGCCTATAATCCCAGCTATGCAGGAGGCTGAGGCAGGAGAATCACTTGAACCTGGGAGGCGGAGGTTGCAGTGAACAGATATCGTGCCACTGCACTCCAGCCTGGGCACACGGTGAGACTCCATCTCAAAAAGAAAAAAAAAAAAAAA"
"chr1","7746634","7746936","chr6","13168853","13169146","40","5422219","GGCTGGGTGCGGTGGCTCATGCCTGTAATCCCAGCACTTTGGGAGGCCAAGGCAGGCGGATCACTTGAGGTTAAGAGTTCGAGACCAGCCTGGCCAACATTGTGAAAACCTGTCTCTACTAAAAATACAAGAATTAGGCGGGTGTGGTGGCACGCGCCAGTAATTCCAGCTACTTGGGAGGCTGAGGCAGGAGAATCACCTGAATTGGGAGGTGGAGGTTGCAGTGAGCAGAGATTGCACCACTGCACTTCTCCAGCCTTGGCAACAGAATGAGACTCCATTTCAAAAAAAGAAAAAGAAAAA","CAGATGCAGTGGCTCATGCCTGTAATCCCAACACTTTGGGAGGCCGAGGCAGGGGGATCACTTGAGGTCAGGAGTTCAAGACCAGCCTGGCCAACATGGCAAAACCCTGTCTCTACTAAAAATACAAAAGTTAGCCGGGTGTGGTGGCACTCGCCTGTAATCCCAGCTACTTGGGAGGCTGAGGCAGGAGAATCACCTGAACCTGGGATGCAGAGGTTGCAGTGAGCTGAGATGGCACCACTGCACTCCAGCCTTGGCAACAGAGTAAGACTCCATCTCAAAAAACAAAAAAAA"
"chr1","7747907","7748211","chrX","97185025","97185330","38","89437118","GGCCGGGCGCTGCGGCTCATGCTTGTAATCCCAGCACTTTGGGAGGCCAAGGCGGGCAGATCACTTGAGGTCAGGAGTTCAAGACCAGCCTGGCAACATGGTGAAACCCCGACTCTACTAAAACTAGAAAAATCAGCTGGGCATGGTAGCACACGCCTGTAGTCCCAGCTACTCGGGAGGCTGAGGCAGGAGAATCGCTTGAACCTGGGAGGTGGAGGTTGCAGTGAGCCCAGATCATGCCACTGCACTCCAGCCTGGGCGACACAGCCAGACTCCGTTTCAAAAAAAAAATAAAAAAAAAAAAA","GGCTGGGTGCAGTGGCTCACACTTGTAATCCCAGCACTTTGGGAGGCCCAGGTGGAGCAGATCACTTGTGGTCAGGAGCTCAAGACCAGCCTGGACAACACGATGAAACCCCGTCTCTACTAAAAATACAAAAATTAGCCGGGCATGGTGGCGTGCGCCTGTAATCCCAGCTACTCAGGAGGCTGAGGCAGGAGAATCGCTTGAACCCAGGAGGCGGAGGTTGCAATGAGCCGAGATCATGCCACTGAACTCCAGCCTGGGTGACACAGCAAGACTCTGTCTCAAAAAAAAAAAAAAAAAAGGAAA"
"chr1","7755044","7755352","chr3","153217268","153217573","32","145462224","GGCCAGGTGCGGTGGCTCACGCCTGTAATCTCAGTACTTTGGGAGGCCGAGGCAGGCAGATCACTTGAGGTCAGGAGTTTGAGACCAGCCTGGCCGACATGGTGAAACCCTGTCTCTACTAAAGATACAAAAAATTAGCTGGGCGTGGTGGTACGCACCTGTAATCCCAGCTACTTGGGAGGCTGGGGCAGGAGAATCTCTTGAACCTGGGAAGCGGAGGCTGCAGTGAGCCAAGATTGCACCATTGCTCTCCAGCCTGGGCGACAGGGAGAGACTCCGTCTCAAAAAAAAAAAAAAAAAAAAAAAAAA","GGACGGGCGCAGTGGCTCACGCCTGTAATCCCAACACTTTGGAAGGCCGAGGCAGGCAGATCACTTGAGGTCAGGAGTTAGAGACCAGCCTGGCCAACATGGTGAAACCTTGTCTCTACTAAAAATACAAAAAGTAGCTGGGCGTGGTGGCACGCACCTGTAGTCCCAGCTATTTGGGAGGCTGAGGCAAGAGAATCGCTTGAACCTGGGAAGTGGAGGTTGCGGTGAGCCAAGATTGCACCACTGCACTCCAGCCTGGGTGACAGAGTGAGACTCCGACAAAAAAAAAAAAAAAAAGAAAAAAAA"
"chr1","7764677","7764973","chr12","100785810","100786105","32","93021133","GGCTGGGCCTGGTAGGCTCATGCCTGTAATTCAAGCACTTTGGGAGGCTGAGGTGGGCAGATCACTTGAGCTCAGGAGTTCAAGACCAGCCTGGCCAACATGGCGAAACATCATCTCTACTAAAAATACAAAAATTAGCTAGGCGTGGTGGTGCGTGCCTGTAATCCCAGCTACTCGGGAGGCTGAGGCAGGAGAATCACTTGAACCCAGGAGGCAGAAGTTGCAGTGAGCCGAGATCGCACCACTGCACTCCAGCCTGGGCAACAGAGTTAGACTCCGTCTCAAAAAAAAAAAAAA","GGCTGGGCATGGTGGCTCATGCCTGTAATCCTAGCACTTTGGGAGGCCAAGGTGGGCAGATCACTTGAGGTCAGGAGTTCGAGACCAGCCTGGCCAACATGGCGAAACACTGTCTCTACTAAAAATACAAAAATTAGCCGGGCATGGTGGCACATGCCTGTAGTCCCAGCTACTTGGGAGGCTCAGGCAGGAGAATCACTTGAACCCAGGAGGCAGAGGTTGCATAGAGCCGAAATCATGCCACTATACTCCAGCCTGGGCAACAGAGCAAGACTCTGTCTCAAAAAAAAAAAAAA"
"chr1","7783034","7783324","chr7","42213988","42214274","57","34430954","GGCCGGTGCAGTGGCTCACGCCAGTAATCCCAACATTTTGGGAGACCGAGGCCAGCAGATCACTGGGGCTTAGGAGTTTGAGAACAGCCTGGCTAACACAGACCATCTTTACCAAAAACACAAAAATTAGCCAGGTGTGGTGGCTGCACCTGTAGTTCCAGCTACTCGGGAGGCTGAAGCAGGAAACTGGCTTGAGCCCAGAAGACGGAGGTTGCAGTGAGCCAAAATCGCGCCACTGCACTCCATCCAGCCTGGACAACAGAGCAAAACCCTGTCTCAAAAAATAAAAAA","CAGTGGCTCGCACCAGTAATCGATCCCAACACTTCGAGGGACTGAGGCCAGCAGATCACTGGAGCTCAGGAGTTTGAGACCAGCCTGGCCAACATAGACCATCTTTACCAAAGACATAACAATTAGCCAGATGTGGTGGCTGCGCCTGCAGTTCAGCTACCTGGGAGGCTGAAGCAGGAGAATGCCTGGAGCCCAGAAAACAGGTTGCAGTGAGCCGAGATGGCGGGCGCCACTGCACTCCACCCTGGGCGACAGAGCAAGACCCTGTCTCCAAAAAAAAAAAAAAA"
"chr1","7796315","7796614","chr10","14603732","14604030","43","6807417","GGCCAGGCATGGTGGCTCACGCCTGTAATCCCAACACTTTGGGAGGCCGAGGAGGTTGGATCACTTGAGGCCAGGAGTTCGAGACCAGCCTGGCCAACATGGAGAAACCCCGTCTCTACAAAAAATATAAAAATTAGCTGTGGCGGTGCATGCCTGTAGTCCCAGCTACTTGGGAGGCTGAGGTGGGAGAATTGTTGGAACCCAGGAGGCAGAGATTGCAGTGAGCCGAGATCGTGCCACTGCACTCCAGCTTGGGGGACACAGTGAGATCCTGTCTCAAAAAAAAAAAAAAAAAGGAAA","GGCCGGATGCGGTAGCTCACGCCTATAATCCCAGCACTTTGGGAGGCCGAGGAGGGTGGATCACTTGAGGTCAGGAGTTTGAGACGAGCTTGGCCAACATGGTGAAACCCCATCTCTACTAAAAATACAAAAATTAGCCGGGCGTGATGGCACATGCCTGTAGTCCCAGCTACTTGGGAGACTGAGGCAAGAGAATTGTTTGAACCCGGGAGGCAGAGGTTGCAGTGAGCTGAGATCACGCCACTGCACTCCAGCCTGGGTGACAGAGTGAGACTCCGTCTCAAAAAAAAAAAAAAAAA"
"chr1","7804874","7805167","chr14","83739394","83739686","38","75934520","GGTTGGGCGTGATGGCTCACACCTGTAAGCCCAGCACTTTGGGAGGCCAAGGTGGGTGGATCATTTGAGGTCAGGAGTTCGAGACCAGCCTGGCCAACATGGTGAAACCTGTCTCTATTAAAAATACAAAAATGAGCTGGGTGTGGTGGCGTGCACCTGTAATCCCAGCTACTGGAGAGGCTGAGGCAGGAGAAACGTTTGAACCCAGGAGGCGGAAGTTGCAGTGAGCCGCGATCAGGCCACTGTACTCCAGCCTGGGTGACAGACTGAGATCCTGTCTCAAAAAAAAAAAAA","GGCTGGGCGTGGTGGCTCACACCTGTAATCCCAGCACTTTGGGAGGCCAAGGTGGGCAGATCACTTGAGGTCAGGAGTCTGAGACCAGCCTGGCCAACATGGCGAAACCCTGTCTCTACTAAAAATACAAAAATTAGCCAGGTGTGGTGGTGCACACCTGTAATCCCAGCTACTAGGGAGGCTGAGGCAGGAGAACTCATTGAACCCGGGAGGTGGAGGTTGCATGAGCCGAGATTGTGCCACTGCACTCCAGCCTGGGTGACAGAGAGAGACTGTCTAAAAAAAAAGAAAAA"
"chr1","7807951","7808259","chr4","23117480","23117789","41","15309529","GGCTGGGTGCAGTGGCACACTCCTGTAATGCCAGCACTTTGGGAGGCCGAAGCGGGTGGATCATTTGAGGTCAGGAGTTCAAGACCAGCCTGGCCAACATGGCGAAACCCCGTCTCTACTAAAAATACAAAAATTAGCCAGGCGTGGTGGCGTGCACCTGTAATCCCAGCTACTCGGGAGGCTGAGGCAGGAGGATCGCCTGAACCTGGGTGGCAAAGATTGCAGTGAACCAAGATTATGCTACTGCACTCCAGCCTGGGTGACAGAGCAAGACTCTGTCTCAAAAAAAAAAAAAAAAAAAAAAAAAAA","GGCTGGGTGCAGTGGCTCATGCCTGCAGTCCCAGCACTTGGGAGGCCAAAGTGGGTGGGTCACTTGAGGTCAGAAGTTCAAGACCAGCCTGGCCAACCTGGTGAAACCTCATCTCTACTAAAAATACAAAAACTAGCCAGGTGTGGTGGCATGTGTCTGTAATCCCTGCTACTTGGAAGGCTGAGGCAGGAGAATTGCTTGAACCTGGAAGGTGGAGGTTGCAGTGAGCCAAGATTGCACCACTGCACTCCAGCCTGGGTGACAGAGCAAGACTCTGTCTCAAAAAAGAAAAGAAAAAAAAAAAAAAAAA"
"chr1","7838405","7838687","chr7","42281212","42281484","43","34442807","TGGCTCTTGCCTGTAATCCCAGCACTTTGAGAGGCTGAGGCGGGCAGATTACTTGAGGTCAGGAGTTTGAGACCAGCCTGGCCAACATGGGGAAACCCCATTTCTACAAAAATTAGCTGGGCATGGTGGTGTGCGCCTGCAATCCCACCTACTCTGGAGGCTGAGGCAGGAGAATCACTTGAACCTGGGAGGCAGAGGTTGCAGTGAGCCAAGATCACACCACTGCACTCCAGCGTGGGCAAGAGAGCAAAACTTTGTCTCAAAAAAAAAGAAAAAAGAGAAA","TGGCTCTCGCCTGTAATTCCAGCACTTTGGGAGGCTGAGGCAGGTGGATCACTTGAGGTCAGGACTTTGAGACCAGCCTGGCCAACATGGTAAAACAAATTAGCTGGGCATGGTGGTGTGCACCTGCAATCCCAGCTACTCTGGAGGCTGAGGCAGGAGAACTGCTTGAACCTGGGGGCAGAGGTTGCAGTGAGCCAAGATAATGCCACTGCACTCCAGTGTGGGCAATAGAAAAAAGACTGCGTCAAAAGAAAAAAAAAGAAAAAAGAGAAA"
"chr1","7848532","7848816","chr7","42290431","42290718","49","34441899","GGCCGGGTGCGGTGGCTCACACTTGTCATCCCAGCACGGGAGGCCGAGGTAGGCGGATTGCTTGAGGCCAGGAGTTCAAGACCAGCCTGGGCAACACAGCGAAACCCCGTCTCTACAAAAAATACAAAACTTAGCCAGGCGTGGTGGCATGCACCTGTAATCCCAGCTATTCGGGAGGCTGGTGCAGGAGGATCACTTGAACCTGGAGGCGGGGGTTGCAGTGAGAGGAGATCGCACTACTTCACTCCAGCCCGGGGAACAGAGCAAAACTCCATCTCAAAAGAA","GGCTGGGTGCAGTGGCTCAGGCTTGTCATCCCAGCACTTTGGGAGGCTGAGGCAGGCAGATCACTTGAGGCCAGGAGTTCAAGACCAGTCTGGGCAACATAGTGAAACCCTGTCTCTAGAAAAAAAATACAAAACTTAGCCGGGCATGGTGGCATCCAACTGTAATCCCAGCTACTCAGGAGGCTGAGGCAGGAGAATCACTTGAACCCGGGAGGTGGAGGTTGCAGTGAGCTGAGATGGCGCCACTGCCCTCCAACGCAGGCAACAGAGTGAGACTCCATCTCAAAA"
"chr1","7956914","7957196","chr20","27529242","27529530","42","19572328","CCGGGCTCGGTGGCTCACGCATGTAATCCCAGCACTTTGGGAGGCCGAGGCTGGTGGATCACTTGAGGTCAGGAGTTTGAGACCAGCCTGACCAACATGGTAAAACCCTGTCTCTACTAAAAACACAGAAAATTTAGCTGGGCGTGGTGGTGCTTGCCTGTAACCCCAGCTACTCAGGAGTCTGAGGCAGGGGAATCACTTGAACCCCGGAGGCAGAGGTTGCAGTGAGCTAAGATCATGCCCCCACACTCCAGCCTGGGTGACAGAGAGACTCAAAAAAAAA","GCTGGGTGCTGTGGCTCATGCCTGTAATCCCACCACTTTGGAAGGCTGAGGTGGGTGGATCACTTGAGGTCAGGAGTTTGAGACCAGCCTGGCCAACATGGTGAAACCCTGTCTCTACTAAAAATATAAAAATTAGCTGGGCATTGTGGTGCATGCCTATAGTCCCAGCTACTCAGGAGACTGAGGCATGAGAATCGCTTGAACCCGGGAGGCAGAGGTTGCAGTGAGCTGAGATCACACCACTACACTCCAGCCTGGGTGACAGAGTGAGACTCCTCCTTAAAAAAAA"
"chr1","7957869","7958180","chr22","33981676","33981980","43","26023807","GGCCAGGTGCAGTGGCTCACAACTGTAATCCCAGCACTTTGGGAGGCCGAGGTGGGCAGATCACTTGAGGTCAGGAGTTTGAGACCAGTTTGGCCAACATGGTGAAACCCCGTCTCTAATAAAAATACAAAAATTAGTTGGGCATGATGGTGCACGCCTGTAGTCCCAGCTACTCGGGAGACTGAGGTACGAGAATTGCTTGAACCTGGGAGACAGAGGTTGCAGTGAGCCGAGATGGTGCCACTACACGCCAGCCTGGATGACAGAGCAAGACTCTGTCTCAAAACAAAAACAAAAACAAAACAAAGAAAA","GGCCAGGCGCGGTGGTTCACGCCTGTAATCCCACCACTTTGGGAGACCAAGATGGGCAGATCACTTGAGGTCAGGAGTTTGAGACCAGCCTGGCCAACATAGTGAAACCCCGTCTCTAATAAAAATACAAAAATTGGCTTGGCGTGGTGGTGCACGCCTGTAATCCCAGCTACTTGGGAGGCTGAGGCAGGAGAATCACTTGAACCTGGGAGGCAGAGGTTGCAGTGAGCCGAGATCGTGCCACTGCACTCCAGCCTAGGCAACAGAGTGAGACTCCATCTCAAAAAAAAAAAAAAAAAAAAAAA"
"chr1","7972758","7973055","chr10","89487563","89487852","49","81514805","GCTGGGCATGGTGGTGCACGCCTGTAATCCCAGCTACTCGGGAGGCTGAGGTGGGAGGATCACTTGAGGTCAGGAGTTCGAAACCAGCCTGGCTAACATGGTGAAACCCCGTCTCTACTAAAAATACAAAAGTTAGCTGGGCAGTTAGCTGGGTATGGTGATGCATTCCTGTAATCCCAGCTATCAGGAGGCTGAGGCAGGAGAATCTATTGAACCCGGGCGGCGGAGGTTGCAGTGAGCCGCGATTACGCCACTGCACTCCAGCCTGGGTGACACAGCAAGACTGTCTCAAAAAAAA","GGCTGGGCTTGGTGGTTCACACCTGTAATCCCAGCACTTTGGAAGGCTAAGGTGGGTGGATCACTTGAGGTCAGGAGTTTGAGACCAGCCTGGCCAACATGATGAAACCCATCTCTACTAAAAATACAAAAATTAGCTGGACATGGTGGCATGCACCTATAATCCCAGCTACATGGGAGGCTGAGTCAGGAGAACTGCTTGAACCCAGGAGGCAGAGGTTGCAGTGAGCCGAGATTGTGCCACTGCACTCCAGCCTGGGTGACACAGCAAGACTCTGTCTGAAAAAAAAA"
"chr1","7987409","7987707","chr1","191329552","191329859","51","183342143","GGCCAGGCGTGGTGGCTCATGCCTGTAATCCCAGGACTGTGGGAGGCCGAGGCAGGCGGATCACTTGAGGCTATGAGTTTGAGACCAGCCTGGGTAACACAGTGAAACCTCATCTCTACAAAAAATACCAAAAATTAGCTGGGCACAGTGGTGCGTGCATGTAGTCCCAGCTACTCAGGAGGCTGAGGCAGGAGAATTGCTTGAACCCAGGAGGCAGAAGTTGCAGTGAGCCGAGATCGAGATACTGCACTCCAGCAGACTAGAGTGAGATCCTGTCTCTAAAGAAAAAAACAACAAAA","GGCTGGACGTGGTGGCTCATGCCTGTAATCCCAGCACTCTGGGAGCCTGAAGCAGGCAGATCACTTGGGGTCAGGAGTTTGAGACCAGCCTGGCCAACATGGTGAAACCTCATCTCTCCAAAAAATACAAAAATTTGCTGGGCGTGGTGGTGCATGCCTGTAGTCCCAGCTACTCAGGAGGCTGAGGCAGGAGAATCGCTTGAACCCAGGAGGTGGAGATTGCAGTGAGCCGAGATCGTGCCACTGCTGCACTTCAGCCTGGGTAACAAGAGCGAGACTCCGTCTCAAATAAAGAAAACAAACAAAAA"
"chr1","7993764","7994063","chr13","39885762","39886059","49","31891998","GGCTAGGGGCAGTGGCTCACGCCTGTAATCCCAGCACTTTCAGAGGCCAAGGCGGGCGGATCATTTGATGTCAGGAGTTTGAGGCCAGCCTGAAGAACACAGCGAAACCCCGTCTGTACAAAAAATACAAAAATCAGCCTGGTGTGGTTGCGCGCGCCTGTGATCCCAGCTACTTGGGAGCTGAGGCAGGAGAATCGCTTGAACCTGGGAGGCGGAGGTTGCGGTGAGCCAAGATCACACCACCGCACTCTAGCCTGGGCAACAGAGCGAGACTCGGTCTCAAAAAAAAAAGGAAGGAAA","GGCCAGGCATGTGACTCACACCTGTAATCTCAGCACTTCAGGAGGCCAAGGTGGGCAGATCACTTGAGGTCAGGAGTTCGAGACCAGCCTGGCTAACATGGTGAAACCCCGTCTCTACTAAAAATACAAAAATTAGCCGGGCGTGGTGGTACACGCCTGTAATCCCAGCTACTTGGGAGGCTGAGGCAAGAGAATCGCTTGAACCCGGGAGGCGGAGGTCGCAGTGAGCCAAGATCATGCCACTGCACTCAAGCCTGGGCGACAGAGTGAGACACTGTCTAAAAAAAAAAAAAAAAAA"
"chr1","7994521","7994812","chr6","47311288","47311574","45","39316767","GTGGCTCACGCCTGTAATCCCAGCACTTTGGGTGGCTGAGGCAAGTGGATCACTTGAGGCCAGGAATTCAAGACCAGCCTGGTCAACATGATGAAACCCCATCTCTATTAAAAATACAAAAGAATTAGCCAGGCATGGTGGCACATGCCTGTAATCCCAGTTACATGGGAGGCTGAGGTGGGATAATCGCTTGAACTCGGGAGGTGGAGGTTACAGTGAGCTGAGATCGCGCCATTGCACTCCAGTCTGGGAGACAGAGTGAGACTCTGTTTCAAAAAAAAAAAAAAACAAA","GTGTCTCACACCTGTAATCCTGCACTTTGGGAGGCTGAGGCAGGCAGATCACTTGAGGTCAGGAGTTCGAGACCAGCCTGGCCAACATGGTGAAACCCCATCTCTACTAAAAATAAAAAAATTAGCTGGGCATGGTGGCACATGCCTGAAATCTCAGCTACTTGGGAGGCATGAGAATCACTTGAACCCAGGAGGTGGAGGTTGCAGTGAGCAGAGATTGTGCCATTGCACTCCAGCCTGGGAGACAGTGTGAGACTCGGTCTCAAAAAAAAAAAAAAAAAAAAAAA"
"chr1","7998250","7998557","chr7","58293030","58293333","45","50294780","GCTGGGCACAGTGGCTCACGCCCGTAATCCCAGCATTTTGGGAGGTCAAGGCAGGTGGATAATTTGAGGTCGGAAGTTTGAGACCAGCCTGGCCAACATGGGGAAAACCTGTCTCTACTAAAAATACAAAAATTAGCTAGGCAGTAGTGGTGCACACCTGTAATCCCAGCTACTTGGGGGACTGAAGCAGGAGAATCTCTTGAACCTGGGAGGCGGAGGTTGTGGTGAGCCGAGATCATACCACTGCACTCCAGTCTGGGTGACAGAGTGAGACCCTATCCCAAAAAAATTAAAAAAAAAAAAAAGAA","GGCTGGACACGGTGGCTCACGCCTGTAATCCCAGAACTCTGGGAGGCCAAGGCAGGTGGATCATTTGAGGTCAGGAATTCAAGACCAGCCTGGCCAACATGGTGAAACCCTGTCTCCACTAAAAAATACAAAAATTAGCCTGGCAGTAGTGGTGCGCACCTGTAATCCCAGGTACTTGGGAGGCTGAGGCAGGAGAATTGCTTGAGCCTGGGAGGTGGAGGTTGTAGTGGGCCGAGATCACGCCACTACATTCCAATCTGGGTAAGAGTGAGACCCTGTCAAAAAAAAAAAAAAAAAAGGAAAA"
"chr1","8002765","8003066","chr1","135983511","135983815","40","127980746","GGCCGGGTGCAGTGGCTCACGCCTGTAATCCCAGCACTTTGAAGGCCGAGGCGAGTGGATCACTTGAGGCCAGGAGTTTGAGACCAGCCTAGCCAACATGGTGAAACCCCATCTCTATTAAAAATACAAAAATTAGCCAGACATGGTGGCTCACACCTGTAGTTCCAGCTACTCGGGAGGCTGAGGCAGGAAAATTGCTGAACCCAGGAGGCGGAGGTTTCAGTGAGCCGAAATCTTGCCACTGCACTCCAGCCTGGGGGACAGAGTGAGACTCCGTCTCAAAAAACAAACAAACAAAAAAA","GCCGGGCGTGGTGGCTCACTTCTGTAATCCTAGCATTTTGAGAGGCTGAGGTGGGTGGATCACTTGAGGTCAGGAGTTTGAGACCAGCCTAGCCAACATGGTGAAACTCCGTCTCTATAAAAATACAAAAATTAGCCAGGCATGGTGGCGCACTCCTGTAATCCTAGCTACTTGGGAGGCTGAGGCAGAAAATCGCTTGAACCTAGGAGGCAGAGGTTGCAGTGAGCCGAAAACATGCCATTGCACTCCAGCCTGAGTGACAGAGTGAGACTCCATTTCAAAAAACAAAAACAAAAACAAAAAAA"
"chr1","8005922","8006226","chr11","111117466","111117768","41","103111544","GGCTGGGCATGGTGGCTCATGCCTGTAATCCCTGCACTTTGGGAAGCCAAGGTGGGCAGATTACTTGAGGTTAGGAGTTCGAGACCAGCCTGACCAACATGGTGAAATCCCGTCTACTAAAAATACAAAAATTAGCCGAGCATGGTAGTGCATGCCTGTAATCCCAGCTACTCAGGAGGCTGAGGCAGGAGAATGGCTTGAACCTGGGAGGCGAAGTTTGCAGTGAGCGGAGATCGCACTACTGCATTCTAGCCTGGGCAGCAGAGCAAGACTCCGTCTCAAAAAAAAAAGAAAAAGAAAAAGAA","GACTGGGCGTGGTGGTTCATGCCTGTAATCCCAGCACTTTGGGAAGCCAAGGTGGGTGGATCACTTCAGGTCAGGAGTTTGAGACCAGCCTCACCAACATGGTGAAATCCTGTCTCTACTAAAAATTCAAAAATTAGCTGGGCATGGTGGCACATGCCTGTAATCCCAGCTACTTAGGAGGCTGAGGCAGGAGAACTGCTTGAACCTGGGAGGTGGAGGTTGCAGTGAGCCAAATCGTGCCACTGCACTCCATCCTGGGCAACAGAGTAAGACTCTGTCTCAAAAAAAAAAAAAAAAAAAAAA"
"chr1","8038662","8038954","chr3","165307604","165307896","42","157268942","GGCCAGGCACAGTGGCTCACGCCTGTAATCCCAGCACTTTGGGAGGCTGAGGCAGGTGAATCACTTGAGGTCAGGAGTTCAAAACCAACCTGGCCAACATGGTGAAACCCCATATCTACTAAAAATACAAAAATTAGCTGGACATGATGGCTTGTGCCTGTAATCCCTACTCAGGAGGCCGAGGCACAAGAATCGCTTGAACCTGGGAGGTGTAGGTTGCAGTGAGCAGAGATCCCGCTGCTGCACTCAGCCTGGGCGACAGAGTGAGACTCCATCTCAAAAACAGCAAAAAA","GCCAGGCACAGTGGCTCATGCCTGTAATCCCAGCATTCTGGGAGGCTGACACAGGTGGATCACTTGAGGTCAGGAGTTCGAGACCAGCCTGGCCCACATGGTGAAACCCCGTCTCTACTAAAAACACAAAAATTAACCAGGCATGGTGGCATGTGCCAGTAATTCTGGCTACTCAGGAGGCTGAGGCACAAGAATCGCTTGAACCTGGGAGGTGGAGGTTGCAGTGACCTGAGATCACACCACTGTACTCCAGCCTAGGTGACAGAGTGAGACTATCTCAAAAAAAAAAAAAA"
"chr1","8046605","8046906","chr3","106655459","106655766","49","98608854","GGCCGGGCGTGGTGGCGCATGCCTGTAATGCCAGCACTTTGGGCGGCCGAGGTGGGCGGATCACTTGAGGCCAGGAGTTGAGACTATCCTGGCCAACATGGTGAAACCCCGTTTCTACTAAAAATACAAAAATTAGCAGTATGGTGGCGCACTCACGTAGTCCCAGCTACTCGGGAGGCTGAGCAAAAGAATTGCTTGAACCCAGGAGATGAAGGTTGCAGTGAGCCGAGATCGCGCCATTGCACTGCAGCCTGGGTGACACAGAGACTGTCTCAAACAAGAAACAAAAAACAAAAAACAAA","GGTCGGGTGTGGTGGCTCGTGCCTATAATCCCAGCACTTTGGGAGGCTGAGGTGGGCAGATCACTTGAGGTCAGGAGTTTGAGACCAGCCTGGCCAACATGGTGAAACCCCGTCTCTACTAAAAATACAAAAATTAGCCAGGTGTGGTGGCATGCATCTGTAATCCCAGCTACTTTAGGAGGCTGAGGCAGGAGAATCGCTTGAACCCAGGAGGTGGGGGTTGCAGTGAGCTGAGATCGCACCACTGCACTCCAGCCTGGGCAACAGAGAGAGACTCTGTCTCAAAAAAAAAAAAAAAAAAAAAAAAA"
"chr1","8062268","8062569","chr3","81239903","81240189","51","73177635","GGCTGGGTACAGTGGCTCACACCTGTAATCCCAGTGCACTTTGGGTGGCCGAGGCGGGTGGTTCACTTGAGGCCAGTAGTTTGAGACCAGCGTGGCCAACATGGTGAAACCCTGTCTCTACTAAAAATACAAAAAAATTAGCCAGGCGCGTGCCTGTAATCCCAACTACTCAAGAGGCTGAGGCAGGAGAATCACTTGAACCCAGGAGGTGGGAGGCAGAGATTGCAGTGAGCCAAGATGGCGCCACTGTACTTCAGCCTGGGCCACAGAGTGAGACTCCGTCTCAAAAAAACAATAATAAA","GGCTAGGCGTGGTGGCTCACACCTGTAATCCTAGCACTTTGGGAGGCTGAAATGGGTGGATCACTTGAGGTCAGAAGTTCAAAACCAGCCTAGCCAACATGGTGAAACCCTGTCTTTACTAAAAATACAAAAATTAGCTGGCACATGCCTGTAATCCCAGTTACTCAGGAGGCCGAGGCAGGAAAATCACTTGAACCCGGGAGGTGGAGCTTGCAGTGAGCCAAGATGGCATCACTGCACTCCAGCCTGGGCAACAGAGTGAGACTTGGTCTCAAAAAAAAAAAAAA"
"chr1","8067729","8068033","chr6","17068239","17068542","47","9000510","GCCTGGCGCGGTGGCTCACGCCTGTAATCCCAACACTTTGGGAGGTCGAGGCAAGCGGATCACTTGAGTTCAAGAGTTCGTGACCAGCCTGGCCAACATGGTGAAACCCCGTCTCTACTAAAAATACAAAAAATTAGCCGGGTGTGGTGGCGCACGTGTGTAATCCTAGATGCATGGGGAGTCTGAGGCAGGAGAATCGCTTGAACCCAGGAGGAGGAGGTTGCATTGAGTCGAGATTGCACCACTGCACCCCAGCCTGGACAACAGAACGAGACTCCAACTCAAAAAAGAAAAAGAATATAAAA","GGCTGGACGCAGTGGCTCATGCCTGTAATCCCAGCACTTTGGGAGGCCAAGGTGGGTGGATCACTTGAGGTCAGGAGTTCGAGACCAGCCTGGCCAACATGGTGAAACCCTGTCTCTACTAAAAATACAAAAATGAGCTGGGCATGCTGGTACACATCTGTAATCCCAGCTACTTGGGAGGCTGAGGCAAGAGAATCGCTTGAACCCAGGAGGCAGAGGTTGCAGTGAGCCGAGATTGCACCACTGCACTCCAGCCTGGGCAACAGAGCAAGACTCTGTCTCAAAAAAAAAAAAAAAAAGAAAA"
"chr1","8072092","8072270","chr6","95441019","95441197","26","87368927","GGCCTGGCACAGTGGCTCATGCCTGTAATCCCAGCACTTCAGGAGGCCGAGGCGGGTGGATCACTTGAGGTCAGGAGTTTGAGACCAGCCTGGACAGCATGGAGAAACCCCGTCTCTACTAAAACTACAAAAATTAGCTGGGCGTGGTGGCATGTGTCTGTAGTCCCAGCTACTCGGGA","GGCCAGGCACAGTGGCTCACACCTGTAATCCCAGTAGTTTGGGAGGCCGAGGTGGGTGGATCACTTGAGCTCAGGAGTTCGAGACCAGCCTGGCCAACAAGGTGAAACCCTGTCTCTACTAAAAATACAAAAATTAGCCTGGTGTGGTTGTGCATGCCTGTAGTCCCAGCTCCTTGGGA"
"chr1","8072820","8073112","chr1","157959927","157960225","47","149887107","GGCCAGGTACAGTGGCTTGCACCTGTAATCCCAGCACTTTGGGAAGCTGAGGTGGGCAGATCACTTGAGGCCAGGAGTTCAAGACCAGCCTGACCAACATGGTGAAAGTACAAAAAATACAAAAATTAGCCAGGCGTGGTGGTGCGCACCTGTAGTCCCAGCTACTTGGAAGGCTGAGGCAGGAGAATCACTTGAGCCCAGGAAGCGGAAGTTGCAGTGAGCCAAGATCATGTGACTGTATTCCAGCCTGGGCAATACAGTGAGACTCTGTCTCAAAAAAAAAAAAACAAAAA","GGCCGGGCACAGTGGCTCACGCCTGTAATCCCAGCACTTTGGGAGGCTGAGGTAGGCGGATCACTTCAGGTCAGGAGTTCGAGACCAGCCTGGCCAACATGGTGAAACCAGTCTTTACTAAAAATACAAAAATTAGCCAGGCGTGGTGGTGCGCGCCTGTAATCGCAGCTGCTTGGTAGGCTGAGGCAGGAGAATCACTTGAACCCGGGAGGCGGAGGCTGCAGTGAGCCGAGACGGTGCCACTGCTCTGCAGCCTGGGCGACAGAGCAAGACCCTGTCTCAAAAAAAAAAAAAAAAAA"
"chr1","8073457","8073763","chr13","35663090","35663393","41","27589633","GGCTGGATGCAGTAGCTCACGCCTGTAATCTCAGCCCTTTGGGAGGCCGAGGTGGGTGGATCACTTGAGGTCAGGAGTTCAAGAACAGCCTGGCCAACATGGTGTAACCCCATCTCTACTAAAAAAACAAAAATTAGTCGGGCGTGGTGGCACGTGCCTGTGATCTCAGCTCCTTGGGAGGCTGAGGCAGGAGAATCACTTGAACCTGGGAGAAGGAGGTTGCAGTAAGCCAAGATCACGCCAATGCACTCCAGCCTGGGTGACAGAGCAAGACTCTGTGTCAAAACAAAAACAAACAAACAAAAAA","GCTGGGTACAGTGGCTTACACCTGTAATCCCAGCACTTTGGGAGGACGAGGCAGGTGGATCACTTGAGGTCAAGAGTTCCAGACCAGCCTGGCCAACATGGTGAAACCCCATCTCTACTAAAAATACAAAAATTAGCCAGGCGTGGTGGCACATGCCTGTAATCCCAGCTACTAGGGAGGCTGAGATGGAAGAATCACTTGAACCTGGGAGATGGAGGTTGCAGTAAGCCAAGATTGTGCCACTGCACTCCAGCCTGGGTGACAGAGGGAGACTCTGTCTCAAAAAAGAAAAAGAAAAAGAAAA"
"chr1","8074155","8074472","chr4","156187006","156187309","58","148112851","GGCCGGGCATGGTGGCTTACGCCTGTAATCACAGGACTCTGGGAGGCTGAGGAGGGTGGATCACTTCAGGTCAGGAGTTCGAGACCAGACTGGCCAACATAGTGAAACCCCATCTCTACTGAAACAAAACAAAACAAAACAAAAAATTAGCCAGGCATGGGGCACGTGCCTGTAATCCCAGCTACTCAGGAAGCTGAGGTGGGAGAATTGCTAGAATCGCTGGAACCCGGGAGGCGGAGGTTGCAGTGAGCCGAGGTTGCGCCGCTGCACTCCAGCCTGGGAGACAGAGCGAGGCTCCATCTCAAAAAAAAAAAAAAA","GGTCGGGCGTGGCAGCTCATGCCTGTAATTCCCGCACACTGGGAGGCTGGGGCAGGCGGATCACTTGAGGTCAGGAGTTCGAGACCAGCCTGGCTAATATGGTAAAACCCCATCTCTACTAAAAATACAAAAAAAAAAATTAGCTGGGCATGGTGCCACATGCCTTTAATCCCAGCTACTCAGGAGGCTAAGGTGGGAGGATCGCTTGAACCTGGGAGGCAGAGGTTGCAGTGAGCCAAGATTGAGCCACTGCACTCCAGCCTGGGTGACAGAGCAAGACTCCATCTCAAAAGAAAAAGAAAAA"
"chr1","8082728","8083036","chr1","168595556","168595859","47","160512828","GGCCGGGCGAGGTGGGTCACGCCTGTAATCCCAGCGGGAGGCTGAGGCAGGTGGATCATTTGAGGTCAGGAGTTCAAGACCAGCCTGGCCAACATGGTGAAACTCCGTCTCTACTAAAAATACAAAAAAAATTAGCTGGGTGTGGTGGCACATGCCTGTAATCCTAGCTACTAGGGAGGCTGAGGCAGGAGGATCATTGAACCTGGGAGACAGAGGTTGCAGTGAGCTGAGATAGATCACGCCACTTCACTCCAGCCTGGGTGACAGAGTGAGACTCTGTCTTTAAATAAAAAAAAAAAAAAAAAAAAA","GGCTGGGTGAGGTGGCTCATGCCTGTAATCCCAGCACTTTGGGAGGCTGAGGTGGGCAGATCACTTGAGGTCAGGAGTTCAAGACCAGCCTAGCCAACATGGTGAAACCACATCTCTACTAAAAATACAAAAATTAGGTGAGTGTGGTGGCACATGCCTGTAATCCCAGCTATTTGGGAGGCTGAGACAGGAGAATCGCTTGAACCCGGAGGTAGAGGTTGCAGTGAGCCGAGATTGCGCCACTGCACTCCAGCCTGGGTAACAGAGTGAGACTCTATCTCAAAAAAAAAAAAAAAAAAAAAAA"
"chr1","8092030","8092319","chr3","26554940","26555226","52","18462910","TGGCCAGGCTTGCTAGCCCAGCACTTTGGGAGGTGAGGCAGGTAAATCGCTTGAGGCCAGGAGTTCAAGACCAGGCTGGCCAACATCGTGAAACCCTGTCTCTACTAAAAATACAAAAATCAGCCAGGGGTGGTGGCGCATGCCTGTGGTCACAGCTACTCGGGAGGCTTGAGGCAGGAGAATCACTTGAACCCAGGAGGTGGAGGTTGTAGTGAGCCAAGATTGACTCACTGGACTTTAGCTTGGGCAACAGAGCAAGACTCTGTCTCAGAAAAAAAAAAAAAAAAAAA","GTGGCTCATGCCTGGAATCCTAGCACTTTGGGAGGCCGTGGTGGAATTACTTGAGGTCAGGAGTTCAAGACCAGCCTGGCCAAAATGGTGAAACCCCATTTCTACTAAAAATACAAAACTTAGCCAGGCATAGTGGCCCATACCTGCAGTTCCAGCTACTCAGGAGGCTGAGGCAGGAGAACCTCTTGAACCCAGGAGGATGAGGTTGTAGTGAGCCAAGATATTACCACTGCACTCTGACCTGGGCAACAGAGCAAGACTGTCTCAAAAAAAAAAAAAAAAAAAAA"
"chr1","8119520","8119827","chr22","33981676","33981980","36","25862156","GGCCAGGCGCGGTGGCTGACACCTGTAATCCCAGCACTTTGGGAGGCTGAAGTGGACAGATCACTTGAGGTTAGGAGTTCAAGACCAGCCTGGCCAACATGGTGAAACCCCATCTCTACTAAAAATACAAAAATTGCCTGGGTCTGGTGGTGCTTGCCTGTAGTCCCAGCTACCCGAGAGGCTGAGGCAGGAGAATTGCTTGAACCTGGGAGGCAGAGGTTGCAGTGAACTGAGATCGTGCCACTGCACTCCAGCCTGGGCAACCGAGTGAGACTCCATCTCAAAAATAAACAAATAAAAATTAAAAA","GGCCAGGCGCGGTGGTTCACGCCTGTAATCCCACCACTTTGGGAGACCAAGATGGGCAGATCACTTGAGGTCAGGAGTTTGAGACCAGCCTGGCCAACATAGTGAAACCCCGTCTCTAATAAAAATACAAAAATTGGCTTGGCGTGGTGGTGCACGCCTGTAATCCCAGCTACTTGGGAGGCTGAGGCAGGAGAATCACTTGAACCTGGGAGGCAGAGGTTGCAGTGAGCCGAGATCGTGCCACTGCACTCCAGCCTAGGCAACAGAGTGAGACTCCATCTCAAAAAAAAAAAAAAAAAAAAAAA"
"chr1","8130637","8130940","chr1","168595556","168595859","32","160464919","GGCCAGGTGCGGTGGCTCACGCCTGTAATCCCAGCACTTTGGGAGGCTGAGGTGGGCAGATCACTTGAGGTCAGGAGTTCAAGACCAGCCTGGCCAACATGGTGAAACCCCGTCTCTACTAAAAATACAAAAATTAGCCAGACATGGTGGCACGCACCTGTAATCCCAGCTACTCGGGAGGCTGAGACAGGAGAATTGCTTGAACCCAGGAGGCAGAGGTTGCAGTGAGCCAAGATCACACCACTGCACTCCAGCCTGGGTGACAGAGCAAGATCCTGTCTCAAAAAAAAAAAAAAAAAAAAAA","GGCTGGGTGAGGTGGCTCATGCCTGTAATCCCAGCACTTTGGGAGGCTGAGGTGGGCAGATCACTTGAGGTCAGGAGTTCAAGACCAGCCTAGCCAACATGGTGAAACCACATCTCTACTAAAAATACAAAAATTAGGTGAGTGTGGTGGCACATGCCTGTAATCCCAGCTATTTGGGAGGCTGAGACAGGAGAATCGCTTGAACCCGGAGGTAGAGGTTGCAGTGAGCCGAGATTGCGCCACTGCACTCCAGCCTGGGTAACAGAGTGAGACTCTATCTCAAAAAAAAAAAAAAAAAAAAAAA"
"chr1","8135349","8135651","chr7","42577989","42578271","61","34442640","GGCTGGGCGCAGTGGTCCCAGCACTTTGGGAAGCCAAGGAGGGCTGATCACTTGAGCTGAAGAGCTGGAGAGCAGCCTGGCCAACATGGTGAAACCCCGTCTCTAAAAAAAACTACAAAAATGAACTGGGCATGTTGGCGCAATCCTGTAATCTCAGCTACTCAGGTAGCTTAGGCGGGAGGACCACCTGACCCCAGGAGGCAGAGGTTGTAGTGAGCTAAGACCATGCCACTGCACTTCAGCCTGGGCAATAGAGCGAGACCCTGTCTCAAAACAAACAAAACAAAAAGCTAACAAAACAAA","GGCCGGGTGCAGTGCCTCCAGCACTTTGGGAGGCCTAGGAGGGCTGATCCCTTGAGTTCAGGAGTTGGATACCAGCATGGCCAACATAGCGAAACCCCATCTCTTAAAAAAAAACTATAAAAAGGAGCTGGGCATGGTGGCACAATCCTGTAATCTCAGCTACTCAGGAGGCTTAGGTAGGAGGATCAGGTGACCCCAGGAGGCAGAGGTTGTAGTGAACTGAGACCACACCGCTGCATTCCAGCCTGGGCAATAGAGACCCTGTCTCAAAACAAAACAAAAA"
"chr1","8143696","8143989","chr3","14997753","14998043","39","6854057","GGCTGAGCACAGTGGCTCACGCCTGTGATCCCAGAACTTTGGGAGGATGAGGTGGGTGGATCACTTGAGGTCAGGAGTTTGAGACCAGCCTGGCAAACATGGTGAAACCCCCTCTCTACTAAAAATACAAAAATCATCTGGGCGTGGTGGTGCATGCCTGTAATCCCAGCTACTTCGGAGGCTGAGGCTTGAGAATCGCTTGAACCTGGGAGGCAGAGGTTGCAGTGAGCCAAGATCACGCCACTGCACTCCAGCCTGAGCGACAGAGCAAGACTCTGCCTCAAATAATAATAA","GGCCTGGCACAGTGGCTCATGCCTGTAATCCCAGAACTTTTGGAGGCTGAGGCAGGTGGATCACTTGAGGTCAGGAGTTTGAGACCAGCCTGGCCAACATGGCAAAACCCCATCTCTACTAAAAATACAAAAATTAACTGGGTGTGGTGGTATGTGCCTGTAATCCCAGCTACTCGAGAGGCTGGGACAAAAGAATTGCTTGAACCTCGGAGACAGAGGTTGCAGTGAGCCAAGATCATGCCACTGCACTCCAGCCTGGGAGACAGAGTGAGATTCCGTCTCAAAAAAAAA"
"chr1","8148509","8148806","chr5","94234310","94234606","41","86085801","GGCCGGGTGCGGTGGCTCACGCCTATCATTCCAGCACTTTGGGAGGCCAAGGTGGGGGATCACTTGTGGTTAGGAGTTCGAGACCAGCCTGACCAACATGGTGAAACCCCGTCTCTACTAAGAAAAAGAGAAAAATTAGCCAGGCGTGGTGGTGACTGCCTGTAATCCCAGCTACTCGGGAGGCTGAGGCAGGAGAATCTCTTAAACATGGGAGGTGGAGGTTGCAGTGAGCCAAGATGGCGCCACTGCACTCCAGATTGGGCAACAGAGAGAGACTCCATCTAAAAAAAAAAAAAAA","GGCCAGGCGTGGTGGCTCACACCTGTAATCCCAGCACTTTGGGAGGCTGAGGTGGGTGGATCACTTGAGGTCAGGAGTTCGAAACCAGCCTGTCCAACATGGCAAAACCCCGTCTCTACTAAAAATACAAAATTAGCCAGGCATGGTGGTGCATGCCTGTAATCCCAGCTACTCAGGAGGCTGAGGCAGGAGAATCGCTTGAACCTGGGAGGCGGAGGTTGTAGTGAGCCAAGATTGTGCCACTGCACTCCAGCCTGGGCGACAAGAGCAAAACTCCATCTCAAAAAAAAAAAAAAA"
"chr1","8149846","8150151","chr7","42592712","42593010","45","34442866","GGCCAGGGGTAGTGGCTCTCGCCTGTAATCCCAGCACTTTGGGAGGCTGAAGCGGGCAGATCATTTGAGGTCAGGAGTTCAAGACCAGCCTGGCCAGCATGGTGAAACTCCGTCTCTACTAAAAATAGAAAAATTCTCCAGTCGTGATGGTGCACACCTGTGGGCCCAGCTACTCAGGAAGCTGAGGCACGAGAATTGTTTGATCCAGGGAAGTGGAGGTTGCGGTGAGCCAAGATTGTGCCACTGCACTCCAGCCTGGGTGACAGTGCGAGACTCCATCTCAAAAAAATAAAAATAAAAAAAGAA","GCCAGGGGCAGTGGCTCTCACCTGTAATCCCAGCACTTTGGGATGCCAAAGCAGGCGGATCATTTGAGATCAGGAGTTTGAGACCAGCCTAGCCAATAGGGTGAAATCCCATCTCTACTAAAAATAGAAAAATTTGCCAGGCGTGATGGTGCGCACCTGTGGTGCCCACTACTCAGGAGGCTGAGGCATGAGAATTGCTTGATCCAGGAAAGTGGAGGTTACAGTGAGCCAAGATCACTCCACTGCACTCCAGCCTGGGTGACAAAGCGAGACTCCATCTCATATACACAAAAAAAGAA"
"chr1","8151083","8151382","chr5","40811415","40811717","40","32660332","GGGTGCGGTGGCTCATGCCTGTAATCCCAGCACTTTGGGAGGCTGAGGTTGGCGGATCACTTGAGGTGAGGAGTTGGAGACCAGCCTGGCCAACATGGTGAAACCCCCTCTCTACTAAAAATACAAAAATTAGCCGGGTTTGGTGGTGTGCACCTGTAGTCCCAGCTACCTGGGAGACTGAGGCAGGAGAATTGCTTGAACCCGGGAGGCAGAGGTTGCGGTGAGCTGAGGTCACGCCACTGCACTCCAGCCTAGATGACAGAGTGAGACTCTGTCAAAAAAAAAAAAGAAAGAAAAAAA","GGCGGGGCGTGGTGGCTCATGCCTGTAATCCCAGCACTTTGGGAGGCTGAGATGGGCGGATTACTTGAGGTCAGGAGTTTGAGACCAGCCTGGCCAACATGGTGAAACTCCATCTCTACTAAAAATACAAAAATTAGCCGGGTATAGTGGCGTGCACCTGTAGTCTCAGCTGCTCCGGAGGCTGAGGCAGGAGAATTGCTTGAACCCGGGAGGTGGAGGTTGCGGTGAGCTGAGATTGCGCCACTGCACTCCAGCATGGTCGACAGAGTAAGACTCCATCTCAAAAATAAATAAAATAAAAAA"
"chr1","8152366","8152664","chr7","5138178","5138476","43","3014188","GACTAGGCGTGGTGGCTTATGCCTGTAATCCAAGCATTTTGGGAGGCCAAGGAAGGAGGATGGCTTGAGATCAGGTGTTCGAGACCAGCCTGGCCAACATGGTGAGACCCCGTTTCTACTGAAAATACAAAAAAATTAGCCAGGCATGGTGGCACGTGCCTTTAACTCCAGCTACTCTGGAGGCTGAGGCAGGAGAATCACTTGAACTCGGAAGGTGGAGGTTGCAGTGAGCCGAGATCACCCCACTGCACTCCAGCCTGGGCGACAGAGCAAGACTCCATCTCAAAAAAAAAAAAAAA","GCAGGGCGCGGTGGCCCATGCCTGTAATCCCAGCACTTTGGGAGGCTGAGGTGAGCGGATCGCTTGAGGTCAGGAGTTCGAGACCAGCCTGGCCAACATGGTGAAACCCCATCTCTACTGAAAGTACAAAAAAATTAGCCTGGCATGGTGGCACATGCCTGTAATCCCAGCTACTCAGGAGGCTGAGGCAGGAGAATCACTTGAACCTGGGAGGTGAAGTTTGCAGTGAGCCGAGATCATTCCACTGCCCTCCAACCAGGGTAACAGAGCAGGACTCCAACTCAAAAAGAAAAAGAAAA"
"chr1","8173185","8173345","chr10","27469878","27470033","33","19296693","TTAGCTGGGCGTGGTGCCATGTGCCTGCAATCTGAGCTGCTCGGGAGGCTGAGGCAGGAGAATCGCCTGAACCTGGAAGGCGGAGGTTGCAGGGAGCTGAGATCACGCCATTGCACTCCAGCCTGGGCAACAGACCGAGACTCCATCTCAAAAAAAAAAAA","GCTGGGCATGGTGGCTTGTGCCTGTAGTCCCAGCTACTCGGGAGGCTGAGGCAGGAGAATTGCTTGAAACCAGGAGGCAGACGTTGCAGTGAGCCAAGATCACACCACTGCACTCCAGCCTGGGCGACAGAGCAATATTCTGTTTCAAAAAAAAAA"
"chr1","8173645","8173778","chr1","172218988","172219121","11","164045343","GCCGGGCACGGTGGCTCACGCCTGTAATCCCAGCAATTTGGGAGGCTGAGGTGGGCGGATCACTTGAGGTCAGGAGTTCGAGACCAGCCTGGCCAACATGGTGAAACCCTGTCTCTATTAAAAACACAAAAATT","GCTGGGCACGGTGGCTCACGCCTGTAATCCCACACTTTGGGAGGCCGAGGCGGGCGGATCACTTGAGGTCAAGAGTTTGAGACCAGCCTGGCCAACATGGTGAAACCCTGTCTCTACTAAAAATACAAAAATCA"
"chr1","8174063","8174362","chr1","98572733","98573027","39","90398670","GGCCGGGCATGGTGGCTCATGCCTGTAATCCCAGAACTTTGGGAGGCTGAGGCAAGCAGATCACTTGAGTCCAGGAGTTCAAGACCAGCCTGGCCAACATGGTGAAACCCTGTCTCTACTAAAAATATAAAAATTAGCCAGGCACGGTGCTGCAAGCCTGTAATCCCAGCTACTTGGGAGGGTGAGGCAGGAAAATCGCTAGAACCTGGGAGGCAGGGTTGCCATGAGCCAAGATCGTGCCACTACACTCCAGCCTGGGTGACAGAGCGAGACTCCATCTCAAAAAAAAAAAAAAAAGAA","GGCCAGGTGCAGTAGCTCATGCCTGTAATCCCAGCACTTTGGGAGGCTGAGGCAGACAGATCACTTGAGGTCAGGAGTTCAAGACCAGCCTGGCCAACATGGTGAAACCCCATCTCTACTAAAAATACAAAAATTAGCCAGGCATGATGATGCATGCCTGTAGTCTCAGCAACTAGGGAGGCTGAGGCAGGAGAATCGCTTGAACCTGGGAGGCAGAGGTTGCACTGAGCCAAGATCATGCCATTGCACTCCAGCCTGGATGACAGAACAAGACTCCATCTCAAAAAAAAAAAAA"
"chr1","8187336","8187664","chr14","85439538","85439863","51","77252202","GGCTGGGCTCAGTGGCTCATTCCTGTAATCCCAGCACTTTGGGAGGCCAAGGTGAGCAGATCACTTGTGGTCAGGAGTTCGTGACCAACCTGGCCAACATGACGAAACCTTGTCTCTACTAAAAATACAAAATTAGCCGGGTGTGGTGGTGCATGCCTGTAATCCCAGCTACTCAGGAGGCTGAGGGAGGAGAATCACTTGAACCCGGGAGGCGGAGGTTGCAGTGAGCTGAGATCGTGCCATTGCACTCCAGCCTGGGCAGCAAGAGCAAGACTCTTGTCTAAAAATAAATAAATAAATAAATAAATAAAATACAAAAAATACAAAAA","GGCCAGGTACAGTGGCTCATGCCTGTAATCTCAGCACTTTGGGAGTCTGATGCTGGCAGATCACTTGAGGTCAGGAGTTTGAGACCAGCCTGGCCAACATGGTGAAACCCTGTCTCTACTAAAAATACAAAAATTAGCCGGGCATGGTGGTGAGTACCTGTAATCCCAGCTGCTTGGGAGGCTGAGGCAGAAGAATCACTTGAACCCAGGAGGCGGAGGTTGCAGTGAGCCGAGATCACACCATTGTACTCCAGCCTGGGTGGCAGAGCAAGACTCCATCTCAAAATAAATAAATAAATAAACAAACAAACAAATAAATAAATAAA"
"chr1","8195339","8195467","chr11","63186025","63186149","16","54990686","GAGCTCAGTGGCTCTGCTTGTAATCCCAGCACTTTGATAGGGTGAGGCGGGCAGATCACTAGAGGTCAGGAGTTCGAGACCAGCCTGGCCAATATGGTGAAACCCCGTCTCTACTAAAAATACAAAAAT","CACAGTGGCTCACGCCTGTAATCCCAACACTTTGGGAGGCTGAGGCGGGCAGATCACTTGAGGTCAGGAGTTCGAGACCAGCCTGGCCAACATGGTGAAACCCGTGTCTACTAAAAATACAAAAA"
"chr1","8198366","8198661","chr5","143023404","143023700","43","134825038","GGCCCGGCACGGTGGCTCACACCTGTAATCCCAGCACTTTGGGAGGCTGAGGTGGGTGGATAACTTGAGATCAGGAGTTCGAGAATAGCCTGGCCAACATGTCAAAACCCTGTCTCTTCTAAAAATATAAAAATTAGCCAGGCGTGGTGGCATGCACCTGTAGTCCCAGCTACTTGGGAAGGTGAGGCAGGAGAATTGCTTGAACTCAGGGGGCGAGGTTGCAGTGAGCCTAGATCACACCACTGCGCTCCAGCCTGGGTGACAAGAGTGAGACTCCATCTTTAAAAAAAACGAAA","GGCTGGGCATGGTGGCTCACACCTGTAATCCCAGCATTTTGGGAGGACGAGGTGGGCAGATAACTTGAGGTCAGGAGTTCGAGACCAGCCTGGCCAACATGATGAAACCCCGTCTCTACTAAAAATACAAAAATTATCCAGGCGTGGTGGCAAGTGCCTGTAATCCCAGCTACTCAGGAGGCTGAGGCAAGAGAATTGCTTGAGCCAGGGAGGCGGAGGTTGCAATGAGCCGAGATCACACCACTGCACTCCAGCCTGGGGGACAAAGTGAGACTCTTGTCTCAAAAAAAAAAAAAA"
"chr1","8207162","8207453","chr1","145176527","145176816","42","136969365","GGCCAGGCGCGGTGGCTCACACCTGTAATCCCAGCACTTTGGGAGGCCGAGGCAGGCAGACCACTTGAACCCAGGAGTTCAAGACCAGCCTGACCAACGTGGTGAAACCCCATCTCTACTAACAATACAAAAATTAGTTGGGCTTGGTGTTTTGTGCCTGTAATCCCAGCTACTCAAGAGGCTGAGACAGGAGAATCACTTGAACCTGGAATGTGGAGGCTGCAGTGAGCCGAGATTGTGCTGCTGCATTCCAGCCTGGGCGACAAGAGCCAGACTCCATCTCAAAAAAAAA","GGCCAGGTGCAGTGGCTCAGACCTGTAATCCCAGCACTTTGGGAGGCTGAGATAGGCAGATCACTTGAGGTCAGGAGTTCAAGACCAGCCTGGCCAACATGGTAAAACCCCATCTCTACTAAAAATACAAAAATTAGCTGGGCATGGAAGTTCATGCCTGTAGTCCCAGCTACTCAGGAGGCTGAAGCAGGAGAATGGCTTAAACCTGGGAGGCAGAGGTTGCAGTGAGCCGAGATTGTGCTACTGCACTCCAGCCTGGGTGACAGAGTGAGACTCTGTCTCAAAAAAAA"
"chr1","8224050","8224353","chr7","42669887","42670194","37","34445837","GGCCGGGTGTGGTGGCTCACACCTGTAATCCCAGGACTTTGCAAGGCTGAGGAGGGTGGATCACTTGAGGTTGGGAGTTTGAGATCAGCCTGGCCAACATGGTGAAACCCCATCTCTACTAAAAATATAAAAAATTAGCCGGGTGTGGTGGTGCACACCTATAATCCCAGCTACTCAGGAGGCTGAGGCATGAGAATCACTTGAACCCAGGAGGTGGAGGTTGCAGTGAGTTGAGATTATGTCACTGCACTCCAGCCTGGGTGACAGAGTGAGACCCTGTCTCGAAAAATAAACATAAATAAAA","GGTCAGGCGTGGTGGCTCACACCTGTAATCCCAGCACTTTGGGAGGCTGAGGCAGGTGGATCACTCAAGGTCAGGAGTTTGAGACCAGCCTGACCAACGTGGTGAAACCCCATCTCTACTAAAACTATAAAAATTAGCCAGGTGTGGTGGCGCACACCTGTAATCCCAGCTACTAGGGAGGCTGAGGCGTGAGAATCACTTGAACCCGGGAGGTGGAGTTTGCAGTGAACTGAGATTGTACCACTGCACTCCAGCCTGGGTGACAGAGTGAGACACTGTCTCAAAAAATAAACATAAATAAAATAAAA"
"chr1","8235517","8235797","chr2","80644634","80644911","34","72409117","GCTGGGCACTGTGGCTCAAGCCTGTAATCCCAGCACTTTGGGAGACTGAGGTGGGCAGATCACTTGAGGTCAGGAGTTCAAGACCAGCCTGGCCAACATGGTAAAACCCCGTCTCTACTAAAAATACAGAAATTAGCTGGGCATGGTGGCATGCACCTGTAATCCCAGCTACTTGGGAGGCTGAGGCAGGACAATCGCTTGAACCCAGGAGGCAGAGGTTGCAGTGAGCTGAGATCACGCCACTACACTCCAACCTGGGCAACAGAGTGAGACTCCATCTC","GGCCAGGCATGGTGGCTCATGCCTGTAATCCCAGCACTGTGGAGGCCGAGGTGGGCAGATCACTTAAGGTCAGGAGTTCCAGACCAGCCTGGCCAACATGGTGAAACCCCATCTCTACAAAAAATATAAAAAGTTAGCTGGTGTGGTGGCATGCACCTGTAATCCCAACTACTTGGGAGGCCGAGGCAGGAGAATCACTTGAACCTGGGAGGCGGAGGTTGCAGTGAGCTGAGATCATGCCACTGCACTCCAGCCTGGGCAACAGAGTGAGACTCCAT"
"chr1","8280209","8280341","chr1","108326226","108326361","16","100046017","GGCTGGGCATGGTGGCTCATGGTAATCCCAGCACTTCGGGAGTTTGAGGTGGGCAGATCATTTGCGGCCAGGAGTTTGAGACCAGCCTGACCAACATCATGAAACCCCGTCTCTACTAAAAATACAAAAATTA","GGCTGGGCATGGTGGCTCACACCTGCAATCCCAGCACTTTGGGAGGCTGAGGTGGGCAGATCACTTGTGGTCAGGAGTTTGAGACTAGCCTGGCCAACATGATGAAACCCTGTCTCTACTAAAAATACAAAAATTA"
"chr1","8280649","8280702","chr2","29385613","29385662","17","21104964","GATAGCTAGTGGTGGTGGTACATGCCTATAGTCCTAGCTACTTGGTAGACAGAG","GCTGGATTTGGTGGCACACACCTGTAGTCCCAGCTATTCGGGAGGCTGAG"
"chr1","8284424","8284721","chr10","22559240","22559536","31","14274816","GGCCAGGTGCAATGGCTCACACCTGTAATCCCAGCACTTTGGGAGGCCGAGGCGGGAGGATCACTTGAGGTCAGGAGTTCAAGACGAGCCTGGCCAACATGGTGAAACCCCGTCTCTACTAAAAACACAAAAATTAGCTGGGTGTGGTGGCGCACGCCTGTAATCCCAGCTACCTGGGAGGCTGAGGCAGGAGAATTGCTTGAACTCGGGAGTCAGAGGTTGTAGTGAGCCAAGATTGTGCCACTGCACTCCAGCCTGGGTGACAGAGCAAGACTCCATCTCCAAAAAAGAAAAAAAA","GCCAGGCACAGTGGCTCATACCTGTAATCCCAGCACTTTGGGAGGCTGAGGCAGGCGGATCACTTGAGGTCAGGAGTCCAAGACCAGCCTGGCCAACATGGTAAAACCCTGTCTCTACTAAAAATACAAAAATTAGCTGGCTGTGGTGGCACACACCTGTAATCCCAGCTACTCGGGAGGCTGAGGCAGGAGAATCACTTGAACTCGGGAGGCGGAGGTTGTAGCGAGCCAAGATTGCACCACTGCACTCCAGCGTGGGTAACAGAGCAAGACTCCAACTCAAAAAGAAAAAAAAAA"
"chr1","8291084","8291390","chrX","107894156","107894464","48","99603072","GGCCAGTCGCAGTGGCTCACACCTGTAACCCCAGTAATCCCAGCACTTTGGGATGCTAAGGCAGGCGGATCACTTGAGGTCAGGAGTTCGAGACCAGCCCGGCCAACATGGAGAAACCCCATCTCTACTAAAAATATAAAAATTAGCCAGTCATGGTGGCGCGCACCTGTGGTCCTAGCTACTCGAAAGGCTGAGGCATGAGAATTGCTTGAACCCCGGAGGTGGAGGTTGCAGTGAGCCGAGATCACGCCATTGCACTCCAGCCTTGGTAACAGAGCAAGACCCTGTCTCAAAAAAGAAAAAAGAA","GGCTGAGTGCAGTGGCTCATGCCTGTAATCCCTGTAATCCCAGCACTTTGGGAGGCCAAGGCAGGCGGATCACTTAAGGTCAGGAGTTGGAGACCAGCCTGGCCAACATGGTGAAACCCCATCTCTACTAAAAATACAAAAATTAGCCAGGCATCGTGGTGCATGTCTGTAATCCCAGCTACTCGGGAGGCTGAGGAAGGAGAATCACTTGAACCCAGGAGGCAGAGGTTGCAGTGAGCCAAGATCGTGCCACTGCACTGCAGCCTGGGTGACAGAGCGAGACTGTGTTTCAAAAAAGCAAGCAAAAAA"
"chr1","8292664","8292968","chrX","51010603","51010904","39","42717939","GGCCGGGCGTGGTGGCTCACACCTATAATCCCAGCACTGTGGGAGGCCGAGGCAGGTGGATCACTTGAGGTCAGGGGTTGGAGACCAGCCTGGCCAACATGGCGAAACCCCATCTGTGCTAAAAATACAAAAATTAGCCTGCTATGGTGGCTCATGCCTGTAATCCCAGCTACTTGGGAGGCTGAGGCAGGAGAATTGCTTGAACCCGGGAGGTGGAGGTTGCAGTGAGCGGAGATCATGCCATTGCACTGCAGCAGCCTGGGTGACAGAGAGAGACGCTGTCTCAAAAAAAAAAAAAAAAAGAA","GCTGGGCGTGGTGTCTCACACCTATAAGCTCAGCACTTTGGGAGGTCGAGGCAGGAGGATGACTTGAGGTCAGGAGTTTGAGACCAGCCTGGCCAACATGGTGAAACCCCATCTCAACTAAAAATACAAAAATTAGCCAGGTGTGGTGGCACATGCCTGTAATCTCAGCTACTCGGGAGACTGAGACAGGAGAAGCACTTGACCCCAGGAGGCGGAGGTTGCAGTGAGCTGAGATCACGCCATTGCACTCCAGCCTGGGCAACAGAGTGAGACTCTGTCTCAAAAAAAAAAAAAGAAAAGAA"
"chr1","8299718","8300016","chr8","97626025","97626321","41","89326307","GGCCAGGTGCAGTGGCTCACGCCTATAATCCCAGCACTTTCGGAGGCGGAGATGGGCAGATCACTTGATGTCAGGAGTTTGAGACGACTTTGGCCAATATAGTGAAACCCTGTCTCTACTAAAAATACAAAAATTAGCTGGGTGTGGTGGCTCACGCCTGTAGTCCCAACTACTTGGGAGGCTGAGGCAGGAGAATCGCTTGAACCCGGGAGGTGGAGGTTTCAGTGAGCCAAGGTTGTGCCACTGTACTCCAGCCTGGGCAACAAAAGCGAGACTCTGTCTCAAAAAAAAAAAAAAAA","GGCCAGGAGCAGTGGCTCATGCCTGTAATCCCAGCACTTTGGGAGGCCGAGGGAGGCAGATCACTTGAAGTTAGGAGTTTGAGACCGATTTGGCCAACATGGTGAAACCCTGTCTCTATTAAAAATACAAAAATTAGCTGGGTATGGTGGCACATACCTGTAGTCTCAGCTACTTGGGAGGCTGAGGCATGAGAATTGCTTGAGCACCAGGACGTGCAGGCTGCAGTGAGCCAAGACTGCACCACTGTACTTCAGCCTGGGCAAGAGTGAGACTTTGTCTCAAAAAAAAAAAAAAAA"
"chr1","8304243","8304418","chrX","106480049","106480214","35","98175806","TTAGCCTGGTATGGTGGCACATGCTTGTAATCCCAGCTACTTGGGAGTCTGAGGCAGGAGAATCGCTTGAACTCGGGAGGCAGAGTTTGCAGTGAGCCGAGATCGCAACATTGCATTCCAGCCTGGGCAACAGCACCAGACTCCCTCTCAAAAACAAACAAACAAACAAACAAAAA","ATTAGCCAGGCATGGTGGCGCATGCCTGTAATCCCAGCTACTTGGGAGGCTGAGGCAGGAGAATCTCTTGAACCTGGGAGGCAGAGGTTGCAGTGAGCCGAGATTGTGCTATTACTCTCCAGCCTGGGCAACAAGCGAAACTCTGCTCAAAAAAAAAAAAAAAAAA"
"chr1","8304419","8304721","chr11","44091908","44092214","36","35787489","GGCTGGGCGCTGTGGCTCATGCCTGTAATCTCAGCACTTTGGGAGGCTGAGGCGGGCAGATCACTTGAGGTCAAGAGTTCGAGACTATCCTGGCCAACATGGTAAAACCCCATCTCTACTAAAAATACAACAATTAGCTGGGCATGGTGGTGCATGCCTGTAATCCCAGCTACTCAGGAGGCTGAAGCAGGAGAATTGCTTGAACCCAGGAGGCAGAGGTTGCAGTGAGCCGAGATCACGCCACTGCACTCCAGCCTGGCAAGCGAGCTAGACTCCGTCTCAAAAAAAAAACAAACAAAAAAA","GGCTGGGCGCAGTGACTCATGCCTGTAATCTCAGCACTTTGGGAGGCTGAGTTGGACAGATCACTTGAGGTCAGGAGTTCAAGACCAGCCTGGCCAACATGGTGAAACCCCATCTCTACTAAAAATACAAAAATTAGCTGGGCATGGTGGTGCGTGCCTGTAATTCCAGCTACTCAGGAGTCTGAGGCACAAGAATTGCTTGAACCTGGGAGGCAGAGGTTACAGTGAGCCAAGATCGCGCCACTGCAGTTCAGCCTAGGCAACGGTGCAAGATTCAGTCTCAAAAAAAAAAAAAAGAAAAAAGAAA"
"chr1","8304722","8304734","chr5","92524075","92524085","6","84219353","TAAGAACCCACAA","AAAAAAAAAAA"
"chr1","8306103","8306412","chr7","42753483","42753789","40","34447380","GGCTGGGTGTGGAGGCTCACGCCTGTAATCCCAGCACTTTGGGAGGCTGAGGCGGGCGGATCACTTGAGGCCGGGAGTTCAAGACCAGCTTGGCCAACATGGTGAAACCCCGTCTCCACTAAAAATACAAAAATTAGCCAAGCATGGTGGTGTGCACCTGTAATCCCAGCTACTCAGGAGGCTGAGGCGGGAGAATCGCTTGAATCTGGGAGGCAGAGGTTGCAGTGAGCCAAGATGGTGTCACTGCACTGGAGCCTGGGGGACAGTGAGACTCTGTCTCAAAAACAAAAAAAAGAGAGAGAGAACAGAA","GGCCGGGAGTGGTGGCTCACGCCTATAATCCCAGCACCTTGGAAGGCCAAGGTGGGTGGATCACTTGAGGCCAGGAGTTCAAGACCAGCTTAGCCAACATGGTGAAAACCCGTCTGTACTAAAAATACAAAAATTAGCCAGGCATATTGGTGTGCACCTGTAATCCCAGCTACTCAGCAGGCTGAGAGGGGAGAATCACTTGAATCTGGGAGGTGGAAGTTGCAGTGAGCCCAGATCATGTCACTGCACTCTAGCCATGGTGACAGTGAGACTCTGTCTCAAAAAAAAGGAAAGAAAGAGAAGAAAA"
"chr1","8327749","8328058","chr16","66850820","66851128","40","58523071","GGCTGGGCGTGGTGGCTCATGCCTGTAACCCCAGCACTTTGAGAGGCTGAAGTGGGTGAATCACTTGAGGTCAGGCGTTCAAGACCAGCCTGGCCAACATGACAAAATCCCATCTCTACTAAAAATACAAAAAATTAGCCTGGCATGTGGTGCGCACCTGTAGTCCCAGCTACTCGGGAGGCTGAGGCAGGAGAATTGCTTGAACCCGGGAGGTGGAGGTTGCAGTGAGCCGAGATCGTGCCACTGCACTCCAGCCTGAGCAACAGAGTGAGACTTCATCTCAAAATAAATAAATTAAAATAAAATAAAA","GGCTAGGCGAGGTGGCTCATGCCTATAATCACAGCACTTTGTGAGGCTAAAATGGGTGGATCACTTGAGGTCAGGAGTTTAAGACCAGCCTGGGCAACATGGCAAAATCCCATCTCTACTAAAAATACAAAAATTAGGCAGGTATAGTGGCACACGCCTGTAATCCCAGCTACTCGGGAGGCTGAGGCAGGGGAATCGCTTGAACCCGGGAGGTGGAGGTTGCAGTGAGTTGAGATCGCGCCACTGCACTCCAGCCTGGCAACAGAGTGAGACTGTTTCAAAAATAAATAGATAAAACAAACAAACAAA"
"chr1","8341641","8341903","chr2","17841149","17841409","40","9499508","GGCCAAACGCAGTAGCTCACGCCCGTAATCCCAGCACTTTGGGAGGCCGAGGCAGATGGATCACTTGAGGTCAAGAGTTCAAGATCAGCCTGGCCAACATGACGAAACCATGTCTACTAAAATACAAAAATTAGCCAGGCATGGTGGCCCGTGCCCATAATTCCAGCTACTTGGGAGGCTGAAGCAGGAGAATGGCTTGAACCTGGGAGGCGGAGGTTGCACTGAGCCAAGATTGCACCACTGCACTCCAGCCTGGGTGACAG","GGTCAGGAGCAGTGGCTCACGCCTGTAATCCCAGCACTTTGGGAGGCCGAGGCAGATGGATCACTTGGAGTCAGGAGTTCAAGACCAGCCTGGCCAACATGGTGAAACGATGTCTCTACTGAAAATACAAAAATTAGACAGGCCTGGTGGTGCATGCCTATAATCCCAGCTACTCAGGAGGCTGAGGCAGGAGAATCGCTTGAACCCGGGAGGCGGAGGTTGTAGTGAGCTGAGATGGCACAACTGCACTCCAGCTCGGAC"
"chr1","8451150","8451449","chr5","94234310","94234606","36","85783160","GCTGGGCGCGGTGGCTCACACCTGTAATCCCAGCACTTTGGGAGGCTGAGGCGGGTGGATCACTTGAGGTCAGGAGTTGGAGACTAGCCTGGCCAACATGGCGAAACCCCGTCTCTACTAAAAATACAAAAATTAGCTGGGGTGTGGTGGCACATGCCTATAATCCCAGCTACTCAGGAAGCTGAGGCAGGAGAACAGCTTGAACCCGGAAGGCAGAGGTTGCAGTGAGCTGAGATTGTGCCACTGCACTGCGGCCTGGGTGACAGAGCAAAATTCCATCTCAAAAAAGAACAAAAAAAA","GGCCAGGCGTGGTGGCTCACACCTGTAATCCCAGCACTTTGGGAGGCTGAGGTGGGTGGATCACTTGAGGTCAGGAGTTCGAAACCAGCCTGTCCAACATGGCAAAACCCCGTCTCTACTAAAAATACAAAATTAGCCAGGCATGGTGGTGCATGCCTGTAATCCCAGCTACTCAGGAGGCTGAGGCAGGAGAATCGCTTGAACCTGGGAGGCGGAGGTTGTAGTGAGCCAAGATTGTGCCACTGCACTCCAGCCTGGGCGACAAGAGCAAAACTCCATCTCAAAAAAAAAAAAAAA"
"chr1","8453524","8453817","chr12","31252957","31253248","39","22799433","GGCCGGGCATGGCGGCTCACACCTGTAATCCCAGCACTCTAGGAGGCCAAGGTGGGCAGATCATTTGAGGTTAGGAGTTCAAGACCAGCCTGGCTAACATGGTGAAACCCTGTCTCTACTAAAAATACAAAAATTAGCCGGGTGTGGTGACACACACCTGTAGTCCCAGCTACTGGGGAGGCTGAAGTGGGAGGATCACTTGAACCCGGGAGGCAGAGGTTGCAGTGAGCTGAGATCACACCATTGCACTGGTCCAGCCTGGGCAACAGAGCAAGACTCTGTCTCAAAAAAAAA","GGCTGGGCAAGGTGGCTCACACCTGTAATCTCAGCACTTTGGGAGGCCGAGGAGGGTGGATCACTTGAGGTCAGGAGTTCAAGACCAGCCTGGCCAACATAGTGAAACCCTGTCTCTACTAAAAATACAAAAATTAGCTGGGCATGGTGGCACATGCCTGTAGTCCCAGCTACTTGTGAGGCTGAGACAGGAGAATCACTTGAACCCGGAAGGCAGAGGTTGCAGCAGGTCGAGATCACACCATTGCACTCCAGCCTGGGCAACAGAGTGAGACTCTGTCTAAAAAAAAAAA"
"chr1","8475093","8475390","chr13","39885762","39886059","41","31410669","GCCACGTGCAGTGGCTTACACCTGTAATCCCAGAACTTTGGGAGGCTGAAGTGGGCAGATCTCTTGAGGTCAGGAGTTCAAGACCAGCCTGGCCAACACGGTGAAACCCTGTCTCTACCAAAAACACAAAAATTAGCCGGGTGTGGTGGCGCGCACCTGTAATCCCAGCTACTTGGGAGGCTGAGGCAGGAGAATCGCTTAAACCTGGGAGGCGGAGGTTGCAGTTAGCCGAGACCGCGCCACTGCACGCCAGCCTGGGTGACAGAGCGAGATTCTGTCTTAAAAAAAAAAAAAAAAA","GGCCAGGCATGTGACTCACACCTGTAATCTCAGCACTTCAGGAGGCCAAGGTGGGCAGATCACTTGAGGTCAGGAGTTCGAGACCAGCCTGGCTAACATGGTGAAACCCCGTCTCTACTAAAAATACAAAAATTAGCCGGGCGTGGTGGTACACGCCTGTAATCCCAGCTACTTGGGAGGCTGAGGCAAGAGAATCGCTTGAACCCGGGAGGCGGAGGTCGCAGTGAGCCAAGATCATGCCACTGCACTCAAGCCTGGGCGACAGAGTGAGACACTGTCTAAAAAAAAAAAAAAAAAA"
"chr1","8475396","8475711","chr16","38005025","38005333","45","29529629","GGCTGGGCGTGGTGGCTCACACCTGTAATCCCAGCACTTTGAGAGACCAAGGTGGGCAGGTCACTTGAGGTCAGGAGTTTGAGACCAGCCTGGCCAACATGGTGAAACCCTGTCTCTACTAAAAAGAAATACAAAAATTAGCCGGGCATGGTAGTGTGTGCCCATAATCTCAGCTACTCAGGAGGCTGAGGCAGAAGAATCTCTTGAACCCAGGAGGCGGAAGTTGCAGTGAGCCGAGATCACGCCACTGCACTCTAGCCTGGGCGAAAAGAGTGAGACTCTGTCTCAAGAGAAAAAAAAAAAAAGAAAAGAAAAA","GGCTGGGCACAGTGGCTCACGCCTATAATCCCAGAACTTTGGGAGGCCAAGGTGGGTAGATCACTTGAAGTTAGGAGTTCAAGACCAGCCTGGCCAACATGGTGAAACCCCATCTCTACTAAAAATACAAAAATTAGCCAGGCATGGTGGCATGCACCTGTAATACCAGCTACTCAGGAGGCTGAGGCAGGAGAATCTCTTGAACCCGAGAGGGGAGGTTGCAGTGAGCCAAGATCACACCACTGCACTCCAGGCTGGGCAACAGAGTGAGACTCTGTCTCAAGGGAAAAAAAAGGAAAGAAAAAAAAA"
"chr1","8531177","8531496","chr8","95455016","95455346","77","86923839","GGGCCCGGGGGCTCACAAATATAATGAGAGGCCGAAGTGGTGGGTGACTTGAGGTCAGGAGTTTGAGACCAGCCTGGCCAATGGGGTGAAACCCAGCTTCTACTAAAAATACAAAAATAAGTCAGGCGTGATGGCATGCACCTGTAGTCCCAGCTACTCAGTAGTCTGAAGTGGGAGGATCACTTGAGCCTGGGAGGCAGAAGCTGTAGTGAGGCCAGACTGCACCACTGCACTCCAGCCTGGGCAACAGAGCGAGACTCCACCTCAACAAAAAAAAAAAACACAACACAAAACAAAACCAACACCAACAATAAAACTAA","GGACAGGCACAGCGGTGCAGGCCTGTAATCCCAGCACTTTGGGAGGCCAAGGTGGGTGGATCACTTGAGTTCAGGAGTTTGAAACCAGCCTGGCCAACGTGGTGAAACCCTGTAACTACTAAAATACAAAAATTAGCTGGGCGTGGTGGCACATGCTTGTAGTCCCAGCTACTCAGGAGGCTGCAGTAGGAGGATCACTTGAACCCAGGAGGCAGAGGTTGCAGTGAGCCCAGATGGCGCCACTGTACTCCAGCCTGGGTGACAGAGCGAGACTCCATCTCAAACAAAACAAAACAAAACAAAACAAAACAAAACAAAACAAAACAAAACA"
"chr1","8532440","8532595","chr13","20601962","20602113","30","12069522","TAATAATATTAGCTAGGCATGGTGGTGCACACCTGTAATCCCAGCTACTTGGGAGGCTGAGGCAGGAGAATCTATTGAACCCAGGAGGTGGAGGTTGCAGTGATCCAAGATTGTGCCATTGCACTCCAGCCTGGGTAACAAGTGAAACTCTGTCTC","AAAATTTAGCTGGGCATGGTGGTGCATGCCTATAATCCCAGCTACTCGGGAGGCTGAGGCAGGAGAACTGCTTGAACCCAGGAAGCAGAGGTTGCAGTGAGCCGAGATCATACCACTGCACTCCAGTCTGGGCGACAAGAGTGAAACTCCAT"
"chr1","8532895","8533031","chr5","110490948","110491082","19","101958053","GGCTGGGTTTGGTGGTTCATGCCTGTAATCCCAGCACATTGGGAGGCTGAGGCGGTGGATCACTTGAGGTCAGGAGTTTGAGACCAGCTTGATCAATATGGTGAAACCCTGTCTCTACTAAAAATACAAAAAAAAAG","GGCCGGGCGTGGTGGCTCATGCCTGTAATCCTAGCACTTTGGGAGGCTGAGGCGTGTGGATCACTTGAGGTCAGAAGTTCAAGACCAGCCTGACCAACATGGTGAAACCCTGTCTCCAAAAAAAAAAAAAAATAG"
"chr1","8553896","8554194","chr6","108364918","108365211","43","99811022","GGCCAGACGTGGTGGCTCATGCCTGTAATCCCAGCACTTTGGGAGGCTGAGGTGGGTGATCACTTGAGGTCAGGAGTTCAAGACCAGCCTGGCCAAGATGGTGAAACCCTGTCTCTACTAAAAATACAAAAATTAGCTGGGCATCGTGGCACATGCCTGTAGTCCCAGCTACTCGGGAGACTGAGGTAGGAGAATGAATCACTTGAACCCAGGAGGCGGAGGTTGCAGTAAAGTGAGCCAAGATCAAGCCACTGAGCTCCAGCCTGGGTGACAGAGCAACACCCCGTCTCAGAAAAAAA","GGCCAGGCATGGTGGCTCATGCCTGTAATCCCAGCACTTTGGAAGGCTGAGGTGGGTGGATCATTTGAGGTCAGGAGTTCAAAACCAGTCTGGCCAACATGGTAAAACCTGTCTCCACTAAAAATACAAAAATTATCTGGGTATGGTGGTGCATGACTGTAGTCCCAGCTACTCGGGAGGCTGAGGCAGGAGAATCACTTGAACCCAGGAGGCAGAGATTGCAGTAAGCCAAGATAACGCCACTGCACTCCAGCCTGGGTGACAGAGCAAGATTCAGTATCAGGAAAAGAAAAA"
"chr1","8584868","8585164","chr14","32745447","32745743","43","24160579","CCAGGCCCAGTGGCTCACCCTTGTAATCCCAGCACTTAAGGAGGCCAAGGCGGGTGGATCACTTTAGTCAGGAGTCCAAGACCAGCTTGGCCAACGTGGTGAAACCCCGTCTCTACTCAAAGTACAAAAAAATTAGCCAGGTGTGGTGGCATATGCCTGTGGTCCCAGCTACTGGGAGGCTGAGGTAGGAGGATCACTTGAACCAGGGAGGCAAGGTTGCAGTGAGCCAAGATCATGCCACTGCACTCCAGCCTGGGCAACGGAGCAAGACTCCATCTCAAAAAAAAAAAAAAAGAA","CAGGCATGGTGGCTCACGTCTATAATCCCAGTACTTCGGGAGGCCAAGGCAGGTAGATCACTTGAGGTCAGGAGTTCAAGACCAGCCTGGCCAACATGGTGAAACCCCATCTCTACTAAAAATACAAAAAATTAGCGAGGTGTGGTGGCACATGCCTGTAATCCCAGCTACTTGGGAAGCTGAGGCAGGAGAATCACTTGAACCCAGGAGGTAGAGATTGCAGTGAGCCATGATCATGCCACTGCACTCCAGCCTGGATGACAGAGCAAGACTCATATCAAAAAAAAAAAAAAAAAA"
"chr1","8601018","8601317","chr2","125108166","125108464","43","116507148","GGCCAGGCATGGTGGCTCATCCCTGTAATCCCAGCACTTTGGGAGGCTGAGGAGGGTGGGTCACTGGAGGTCAGGAGTTGGAAACCAGCCTGGCCCACATGGTGAAACCCCATCTCTACTAAAAATACAAAACAGCCGGGCATGGTGGCGCACGCTAGTAATCCCAGCAACTTGGGAGGCTGAGGCAGGAGAACTGCTTGAACCCAGAAGGTGGAGGTTGCAGCAAGCCAAGATCACACCACTGCACTCCAACCTGGCTGACATAGCAAGACTCTGTCTCAAAAAAAAAAAAAAAAAAAA","GGCCTGGAATGGTGGCTCATGCCTGTAATCCCAGCACTTTGGGAGGCTGAGGTGTGTGGATCACTTGAGGCCACGAGTTTGAGACCAGCCTGGCCAACATGGTGAAACCCCATCTCTACTGAAAATACATTAGCCGGGCATGGTGGCACATGTCTATAATCCCAGCCACTTGGGAGGCTGAGGCAGGAGAATTGCTTGAACCCAGGAGGTGCACGTTGCATTGAGCTGAAATCACACAACTGCACTCCAGGCTGGGCAACAGAGTGAGACCCTGTCTCAAAAAAAAAAAAAAAAAAAAA"
"chr1","8608804","8608936","chr1","172218988","172219121","12","163610184","GACTGGGCACAGTGGCTCACGCCTGTAATCCCAACACTTTGGGAACCCAAGGCGGGAAGATCACTTGAGGTCAGTTTGAGACCAGCCTGGCCAACATGGTGAAACCCTGTCTCTACTAAAAATACAAAAATTA","GCTGGGCACGGTGGCTCACGCCTGTAATCCCACACTTTGGGAGGCCGAGGCGGGCGGATCACTTGAGGTCAAGAGTTTGAGACCAGCCTGGCCAACATGGTGAAACCCTGTCTCTACTAAAAATACAAAAATCA"
"chr1","8623170","8623453","chr2","56700759","56701042","47","48077589","GGCATGGTAGCTCACGTTTGTAATCCCAGCACTTTGGGAGGCCAAAGCAGGCAAATCACTTGAGGTCAGAAGTTGGAGACCAGCCTGGCCAACATGGTGAAACCCTGTTCTCTGCTAAAAATACAAAAAAAATCAGCCGGTTGTACTGGCACGCACCTGTAATCCCAGCTACTCGGGAGGCTGAGGCAGGAGAATCACTTGTTTCCGGGAGGCAGAGGCTGCGGTGAGCCAAGACTGCACCACTGCACTCCAGCCTGGGTGACAGAGCAAGACTCTGTTTCAAA","GGCCAGGCTCGGTGGCATGCCTGTAATCCCAGCACTTTGGGAGGCAGAGGCAGGCTGATCACTTGAGGTCAGGAGTTCGAGACCAGTCTGGCCAACATGGTGAAATCCTGTCTCTACTAAAAATACAAAAATTAGCCAGGTGTGGTGGCACACACCTGTAATCCCAGCTACTCGGGAGGCTGAGGCAGGAGAATTGCTTGAACCCAGGAGGCAGAGGTTGCAGTGAGCTGAGATTGTACCACTGTACTCCAGCCTGAGTGACAGAGCAAGACTCTGTCTAAAAA"
"chr1","8649448","8649746","chr6","85210606","85210909","36","76561158","GGCTGGGCGCGGTGGCTCTCACCTGTAATCCCAGCAGTTTGGGAGGCCGAGGTGGGCAGATCACTTGAGGTCAGGAGTTCGAGACCAGCCTGGCCAACATGGTGAAACCCTGACTCTACTAAAAACACAAAAATTAGCCGGGCGTGGTGTCACACGCCTGTAATCCCAGCTACTCTCGAAGATGAGGCAGGAGAATCACTTGAACCCAGGAGGCGGAGGTTGCAGTGAGCTGAGATTGCACCACTGCACTCCAGCCTGCATGACAGGGCAAGACTCCGTCTCAAAAAAAAAAAAAAAAA","GGCTGGGCGCAGTGGCTCACACCTGTAATCCCAGCACTTTGGGAGGCTGAGGTGGGCGGATCACTTGAGGCCGGGAGTTCGAAACCAGCCTGGCCAACATGGTGAACTCCCCATCTCTACTAAAAACACAAAAATTAGCCGAGTGTGGTGGCACATTCCTGTAGTCCCAGCTACTCGGGAGACTGAGGCAGTAGAATCACTTGAACCCAGGAGACAGAGGTTGCAGTGAGCTGAGATCATACCACTGCACTCCAGCCTCAGTGACAGAGCAAGACTCTGTCAGTCTCAAAAAAAAAAAAAAAAA"
"chr1","8720775","8721063","chr12","14388541","14388831","42","5667766","GCCGGGCACAGTGGCTCACGCCTGTAATCCCAACACTTTGGGAGGCTGAAGAGGGCGGATTACTTGAGGTCAGGAGTTTGAGACCAGCCTGACCAACACGGTGCAACCCCGTCTCTACTAAAATTACAAAAATTAGCCAGACATGGTGATGCACACCTGCAATCCCAGTTACTCAGGAGGCTGAGGCAAGAGAACTGCTTGAACCCAGGAGGCGGAGGTTGCAGTGAGCCGAGATCACCACCACACACCAGCCTGGGTGACAGAGCGAGACTCTATCTCAAAAAAAAAA","GGCCAGGCACAGTGGCTCATGCCTGTAATCCCAGCACTTTGGGAGGCTGATGTAGGTGGATCACTTGAGGTCAGGAGTTTGGGACCAGCCTGACCAACATGGTGAAACCCCATCTCTACTAAAAATACAAAATTAGCCGGCATGGTGGTGCATGTCTGTAATCCCAGCTACTTAGGGGGCTGAGGCAGGAGAATTGCTTGAATCCAGGAGGTGGAGGTTGCAGTGAGCCGAGATCACGCCACTGCACTCCAACCTGGGCAACAAGAGCCAGACTTCGTCTCAAAAAAAAAA"
"chr1","8743286","8743560","chr11","64864741","64865027","59","56121455","GGCTGGGTGCGGTGGTTCACGCCTGTAATCCCAGCACTTTGGGAGGCCGAGGATTCCTTGGGGCCAGGAGTTTGGGACCAGCCTGGCCAACATGGTGAAACCCCGTCTCTACTAAAAAAAAAAAAAAAAAAAAATTAGCCTGTAGTCCCAGCTACTCGGGAGGCTGAGGTGGGAGGATTGCTTGAGCCTGGGAGGCAGTGGTTTCAGTAAGCCCAAATTCTACTACTGCATTCCAGCCTGGATGACAGAGTGAGACTTTGTCTCAAAAAAAAGAA","GGCCAAGTGCAGTGGCTTATGCCTATAATCCCAGCACTTTGGGAGGCCAAGGTAGAGGGATCACTTGATGCCAGGAGTTTGAGACCAGCCTGGCCAACATGGTGAAATCCCGTCTCTACTCAAAATACAAAAAAATTAGCCAGGCATGTGCCTGTAATCCCAGCTACTTGGGAGGCTGAGGCAGGAGAATTGCCTGAATCTGGGAGGTGGAGGTTGCAGTGAGCCAAGTTCATGCCACTGCACTCCAGCCTGGGTGACAGAGCAAGACTCTATCTCAAAAAAAAAAA"
"chr1","8747787","8748077","chr4","34845790","34846071","38","26098003","GGCCGGGCGTGGTGGCTCACGCTTGTAATCCCAGCACTTTGGGAGGCTGAGGTGGGCGGATCACTTGAGGTCAGGAGTTCGAGACCAGGCTAGCCAACATGGTGAAACCCCATCTCTACTAAAATAAATACAAAAATTAGCTGGGTGTGGTGGCATGCACCTGTAATCCTAGCTACTCGGGAGGCTGAGGCAGGAGAATTACTTGAACCCGGGAGGCGGAGTTCTCGGCAGTGAGCTGAGATTGTGCCATTGTACTCCAGCGCGGGCGACAGAGCAAAGCTCTGTCTCAAA","GGCCAGGCGTGGTGGCTCACACCTGTAATCCCAGCACTTTGGGAGGCCAAGGTGGGTGGATCACTTGAGGTCCGGAGTTTGAGACCAGGTTGGCCAACATGGTGAAACCCCGTCTCTACCAAAAATACAAAAATTAGCTGGGCATGGCGGCACGCATCTGTAATCCCAGCTACTCGGGAGGCTGAGGCAGGAGAATCGCTTGAACCCGGGAGGCGGAGTTTGCAGTGAGCTGAGATCGTGCCACTGCACTCCAACCTGGGCAACAGAGCAAGACTCTGTCTC"
"chr1","8763352","8763655","chrX","45981223","45981523","46","37217871","GCTGGGCGCAGTGGCTCACACCTGTAATCCCAGCACTTCGGGAGACTGAGGCGCATGGATCATTTGAAATCAGGAGTTTGAGACCAGCCTGACCAACATAATGAAACCCCGTCTCAACTAAAAACACAAAAAAATCAGCCAGATGTGGAGGCGCACGCCTGTAATCCCAGCCACTCAGGAGGCTAAGGCAGGGGAATCACTTGACCCTGGGAGGCAGAGGTTGCAGTGAGGCAAGATCGAACCACTGCACTCCAACCTGGGCGACAGAGCTAGACTCCGTCTCAAAAAACAAACAAACAAAAAA","GGCCGGGTACAGTGGCTCACACCTGTAATCTCAGCACTTTGGGAGGCCAAGGTGGATGGATCACTTGAGATCAGGAGTTTGAGACCAGCCTGGCCAACATGGTGAAACCCCATCTCTACTACAAATACAAAAAAATTAGCCAGGCATGATGGCTCACGCCTGTAATCCCAGCTACTCAGGAGGCTGAGGCATGAGAATTACTTGACCCCAGGAGACAGAGGTTGCAGTGAGCCAAGATCATACCACTGCACTCCAGCCTGGGCAACAGAGCAAGACTGTCTCAAAAAAAAAAAAAAAAAAA"
"chr1","8766259","8766576","chr11","9158438","9158743","54","392179","GGCCAGGTGCAGTGGCTCACGCCTATAATCCCCGCACTTGGGAGGCCAAGGCTGGCAGACCACTTGAGGTCGGGAGTTCAAGACCAGCCTGGCCAACATGGTGAAACCCCATCTCTACTAAAAATCAAAAAATTAGCTGGATGTAGTGGCACGCACCTATAATCCCAGCTACTCAGGAGGCTGACGTGGGAGAATCACTTGAACCCAGGAGGTGGAGGTTGCAGTCAGCCAAGAGCCAAGATTACACCACTGCCCTCCAGCCTAGGCAACACAGCAAGACTCCATTGCAAAAAAAAAAAAAAAAAGAAAAGAAAAAAA","GGCCCGGCACGGTGGCTCACACGTGTAATCCCAGCACCTTGGGAGGCCAAGGCAGGCAGATCACTTGAGGTCAGGAGTTCAAGACCAGCCTGGCCAACATGGTGAAACCTCATCTCTACTAAAAATGCAAAAATTAGCTGGGCGTGGTAGTACACGCCTGTAATCTCAGCTACTCGGGAGGCTAAGGTGGGAGAATCGCTTGAACCCAAGAGGCGGAGGTTGCAGTGAGCCGAGCTTGCACCACTGCACTCCATCCTGAACAACAGAGCTCCATCTCAAAAAAAAAAAGAAACAAAAGGAAAAAAA"
"chr1","8767700","8767998","chr7","43238555","43238859","40","34470855","GCCTGTAATCCCAGCACTTTGGGAGGCCAAGGCAGGCGGATCACTTGAAGGTCAGGAGTTCAACACCAGCCTGGCCAACATGGTGAAACCTCATCTCTACTAAAAATAAAAACAAAATTAGCCAGGCATGGTGGTGCACGCCTGTAGTCCCAGCTACTTGGGAGGCTGAGGCAGGAGAATCACTTGAACCTAGGAGGCGGAGGTTGCAGGGAGCAGAGATCACACCACTGTACTCCAGCCTGGGTGACAGAGCGAAACTTTGTCTCCAAATATAATATAATAATAAAATAAAATAAAAA","GCCTGTAAAGCCAGCACTTTGGGAGGCCAAGGCAAGCAGATCACTTGAAGGTCAGGAGTTCAAGACCAGCCTGGCCAACATGGTGAAACCTCATCTCTACTAAAAATACAAAAAACAAACAAAAAAATTAGCTGGGTGTGGTGGTGCGTGCCTGTAGTTCCAGCCACTTGGAAGGCTAAGGCAGGAGAATCACTTGAACCCGGAGGCAGAGATTGCAGGGAGGCAAGATCACACCACTGTACTCCAGCCTGGGTGACAGAGCGAGACTTTGCCTCCAAATATAAAATAAGACAGAATAAAATAAA"
"chr1","8778853","8779142","chr15","49359997","49360293","38","40581144","GGGCGTGGTGGCTCATGCCTGTAATCCCAGCATTTTGGGAGGCTGAGGCAGGCAGATTACTTGAGGTCAGGAGTTCGAGACCAGCCTGGCCAACATGGCAAAACCCCGTCTCTACTAAAAATACAAAAATTAGCCAGGCATGGTGGTACATGCCTGTAATCCCAGCCACTTGGGAGCTGAGTCAGGAGAATTGCTTGAACCCAAGAGATGGAGGTTGCAGTGAGCCAAGACTGTACCACTGCAATCTAGCCTGGGTGACAGAGGAAGACTGTCTCAAAACAAAAACAAAA","GCTGGGCGCAGTGGCTCATGCCTGTAACCCCAGGATTTTGGGAGGCTGAGGTGGGTGGATCACTTGAGGTCAGGAGTTTGAGACCAGCCTGGCCAACATGGTGAAACCCCGTCTCTACTAAAAATACAAAAATTAGCCAGGTGTGGTGGCACATGCCTGTAATCCCAGCTACTCAGGAGGCTGAGGCAGGAGAATTGCTTGAACCCAGGAGATGGAGGTTGCAGTGAGCCAAGATCGTGCCACTGCACTCCAGCCTGTGTGACAGAGCGAGACTGTCTTGAAATAAAAAAAAAAGAA"
"chr1","8779912","8780091","chr17","34022994","34023171","34","25243082","GGCCGGGAGCAGCTTATGCCTGTAATCCCAGCGCTTTGGGAGGTCGAGGCGGGCAGATCACTTGAGGCCAGGAGTTCAAGACCAGCACGGCCAACTTGGTGAAACCCCATCTCCACAAAAAAATACAAAAATTAGTCAGGCATGGTGTTGTGCACCTGTAATCCCAGCTACTCAGGTGGC","GGCCAGATGCGGTGGCTCATGCCTGTGATCCCAGCACTTTGGGAGGCCAAGGCAGGTGATCACTTAAGGTCAGGAGTTTGAGACCAGCCTAGCCAACATGGTGAAACCCCGTCTCTACTAAAAATAAAAAATCAGCCAGGCATGGTGGTGTGCACCTGTAATCCCAGCTACTCAGGAG"
"chr1","8797092","8797390","chr7","43264336","43264641","65","34467244","GCCAGGAACGGTGTGGCTCATGCTGTCATCCCAGCACTTTGGGAGCCTGAGGCAGGAGGATCACTTGAGGCCAGGAGTTCAAGACCAGCCTGGGCAACACAGGGAGACCCTAGAAAAAAATTAAAAGTTGTTTTAATTGAAAACAAATCAGTCAAACAAATTACTGGTATGCTTTAAAAATAACTGTGTGACAGAAGAATTACTTGAACCCAGGAGGCGGAGGCTGCAGTGAGCTAAGATCACACCACTGCACACCAGCCTAGGTGACAGAGTAAGACTCCGCCTAAAAAAAAAAAAAA","CGGGGGCTCAGGCTGTAATCCTAGCTCTTTGGGAGCCTGAGGCAGAAGGATCACTTGAGGCTAGGAGTTCAAGACCAGCCTGGTCAACACAGGGAGACCCTGCCTCTAGAAAAAACTTAAAATTTTTTAAGTTGAAAAGAAATAAATCAGTCAAATTACTGACATGCTTTTTTCCCCATACAAAAATAACTGTGTGACGGGAGAATTACTTGAACCTGGGAGGCAGAGGCTGCAGTGAGCCAAGACTGCCCAACTGTACTCCAGTCTGGGTGACAAGAGTAAGACTCTGTCTCAATAAAAAAAAAA"
"chr1","8800684","8800970","chr11","51323948","51324238","39","42523264","GGCCAGAAGTGGTGGCTCAGACCTGTAATCCCAGCACTTTGGGAGGCCGAGGCGTGTGATCACTTGAGGTCAGGAGTTTGAGACCAGCTTGGCCAACACAGTGAAACCCCATCTCTACTAAAAATACAAAAATTAGCTGGGTGTGGTGGCACACGCCTGTAGTCCCAGCTATTCGAGAGGCTGAGGCAGGAGAACCACTTGAATTTGGGAGCCGCAGGTTGCAGTGAGCCGAGATTGCGCCACTGCACTCCACCTGGGTGATACAGCAAGACTCAGTCTCAAAAAAA","GGCCAGGTGCGGTGTCTCGTGCCTGTAATCCCAGCACTTTGAGAGGCCGAGGCGGTGGATCACTTGAGGTCAGGAGTTCGAGACCAGCCTGGCCAACATATAGTGAAACCCCCTCTCTACTAAAAATGCAAAAATTAGCTGGGCGTAATGGCACATGCCTGTAGTCCCAGCTACTTGGGAAGCTGAGGCAGGAGAATCACTTGAATCTGGGAGGCAGAGGTTGCAGTGAGCCGAGACTGTGCCACTGCACTCCAGCCTGGGTGACAGAGCAAGACTCCATCTCTCAAAAAA"
"chr1","8812366","8812651","chr3","80959478","80959762","40","72147112","GCCGTGTGCAGTGGCTCACGCCTGTAATCCCGGCCCTTTAGGAAGCCAAGGCAGGTGGATCACTTGAGGTTAGGAGTTCAAGACCAGCCTGGCCAACATGGTAAAACCCTGTCTCTTCTAAAAATACAAAAATTAGCCAGGTGTGGTGGCACATGTCTGTAATCCCAGCTACTCGGGAGACTGAGGCAGGAAAATCGCTTGAACCTGGGAAGCAAAGTTGCAGTGAGCCGAGATCGTGCCATCGCACTCCAGCCTGGGTGACAGAGCAAGACTCCATCTCGAAAAA","GCTGGGTGCAGTGGTTCACACCTGTAATCCCAGTACTTTGGGAGGCCCAGGCAGGTGGATCACTTGAGGTCAGGAGTTCAAGACCAGACTGGCCAACATGGTGAAACCTTGTCTCTACTAAAAATACAAAAATTAGCCAGATGTGGTGGCATGTGCCTGTAATCCCAGCTACTTGGGAGGCTGAGGCAGGAGAATCTCTTGAATCTGGGAGGTGGAGGTTGCAGTGAGCTGAGATCGTGTCACTGCACTCCAGCCTGGGTGACAGAGTGAGACTTCTTGTCAAAA"
"chr1","8813607","8813914","chr6","17068239","17068542","43","8254632","GGCCTAGTGCGGTGGCTCACGCCTGTAATCCCAGCACTTTGGGAGGCCAAGGCGAGTGGACCACTTGAGGTCAGGAGTTCGAGACCAGCCTGGCCAACATGGTGAAACCTCGTCTCTACTAAAAATACAAAAATTAGCCTGGCACTTTGGCGCGTGGCTGTAATCCCAGCTACTTGGGGGGCTGAGGCACGATAATTGCTTGAACTCAGAGGCAGAGGTTGCAGGGAGCTGAGATTGGCACCACTGTACTCCATCCTGGGTGACACAGCGAGACTCTGTCTAAAAAAAAAAAAAAAAAAAGGAAAAAA","GGCTGGACGCAGTGGCTCATGCCTGTAATCCCAGCACTTTGGGAGGCCAAGGTGGGTGGATCACTTGAGGTCAGGAGTTCGAGACCAGCCTGGCCAACATGGTGAAACCCTGTCTCTACTAAAAATACAAAAATGAGCTGGGCATGCTGGTACACATCTGTAATCCCAGCTACTTGGGAGGCTGAGGCAAGAGAATCGCTTGAACCCAGGAGGCAGAGGTTGCAGTGAGCCGAGATTGCACCACTGCACTCCAGCCTGGGCAACAGAGCAAGACTCTGTCTCAAAAAAAAAAAAAAAAAGAAAA"
"chr1","8824703","8824989","chr4","16350054","16350344","38","7525351","GGCTGAGTGCAGTGGATCATACCTGTAATCCCAGCACTTTGGGAGGCCAAGGCAGGCAGATCACTTGAGGTCAGGAGTTCTAGACCAGGCAGGCCAACATGGTGAAACCCCATCTCTACTAAAAATACAAAAAAGTAGCCCGGTGGCACGTGCCTGTAATTCCAGCTACCCGGGAGGCTGAGGCAGGAGAATTGCTTGAGCCTGGGAGGCAGAGGTTGCAGTGAGCCAAGATTGCACCACTACACTCCAGCCTGGGCAACAAAGCAAGACTCTGTCTCAAAAATAAA","GGCCAGGTGCAGTGGCTCATGCCTGTAATCCCAGCACTTTGGGAGTCCAAGGTGGGTGGATCATTTGAGGTCAGGAGTTCAAGACCAGCCTGGCCAACATGGTAAAACCCCATCTCTACTAAAAGTACAAAAATTAGCTGGACGTGGTGGTGCGTGCCTGTAATCCCAGCTACTCAGGAGGCTGAGGCAGGAGAATTGCTTGAACCCGGGAGGCAGAGGTTGCAGTGAGCCAAGATTGCACCACTGTACTCCAGCCTGGGCGACAGAGCAAGACTACATCTCAAAAAAAAA"
"chr1","8838970","8839257","chr4","16350054","16350344","49","7511084","GGCAGGGTGCAGTGGCACACGCCTGTAATCCCAGCACTTTGGGAGGCCGAGGTGGGAGGATCTCTTGAGGCCTGGAGTTTAAGACCAGCTTGGCCAACATGGAGAAACCCCGTCTCTATTTTAAAAAATACAAAAACTAGCTGGGCGCGGTGGCACATGCCTGTAATCCCAGATACTCAGGAGACTGAGGCAGGAGAATCACTTGAACCTGGGAGGCAGAGGTAATGAGACAAGATTGAGCCACTGCACTCTAGCCTGGGTGACACAGCAAGACAACGTTTCAAAAAA","GGCCAGGTGCAGTGGCTCATGCCTGTAATCCCAGCACTTTGGGAGTCCAAGGTGGGTGGATCATTTGAGGTCAGGAGTTCAAGACCAGCCTGGCCAACATGGTAAAACCCCATCTCTACTAAAAGTACAAAAATTAGCTGGACGTGGTGGTGCGTGCCTGTAATCCCAGCTACTCAGGAGGCTGAGGCAGGAGAATTGCTTGAACCCGGGAGGCAGAGGTTGCAGTGAGCCAAGATTGCACCACTGTACTCCAGCCTGGGCGACAGAGCAAGACTACATCTCAAAAAAAAA"
"chr1","8839450","8839716","chr7","43312969","43313257","51","34473519","GCCTATAATCTGGGATGCCAAGGCTGGCGGATCACTTGAGGTCAGGAGTTCAAGACCAGCCTGGCCAACATGCTGAAACCCCGTCTCTACTAAAAATACAAAAATTAGCTGGGCATGGTGGCACACCTGTAATCCCAGCTACTCTAGAGTCTGAGGGAGGAGAACTGCTTGAATCCAGGAGGTGGATGTTGCAGTGAGCTGAGGCTGCACTCCAGCCTGAGCAACAGAGCCAGATTCCATCTCAAAACAAAACAAAAAAACAACAAA","GCCTATAATCCCAGCACTTTGGGAGGTCAAGGCAAGTAGATCACTTGAGGTTTGAAGTCAGGAGTTCAAGACCAGCCTGGCCAACATACCAAAACCCTGTCTCTACTAAAAATACAAAAATTAGCCAGGCATGGTGGTGTGCCTGTAATCCCAGCTACTCTACAAGCTGAGAGAGGGGAATTGCTTGAACCCAGGAGGTGGAGGTCTAAGTGAGCTGAGGCTGCACTCCAGCCCAAGCAACAGAGCCAGATTCCATCTCAAAAACAAAAACAACAACAAAAGCAACAAA"
"chr1","8869559","8869859","chr5","125994971","125995268","39","117125412","GGCCAGGTGCAGTGGCTCACACCTGTAATCCCAGCACTTTGGGAAGCTGAGGTGTGTGGATCACTTGAGGTCAGGAGTTGGAGACCAGTCTAGCCAACATGGTGAAACCCTATCTCTACTAAAAGTACAAAAATTGGCCGGGCATGGTGGTGCACGCCTGTAGTCCCAGCTACTTGGGAGTCTGAGACATGAGAATCGCTTGAAGCTGGGAGGCAGAGGTTGCAGTGAGCAGAGATTGTGCCACTGCACTCCAGCCTGGGCAACAGAGTGAGACTCTGTCTCAAAAAATAAAAATAACAAA","GGCCAGGTGCCATAGCTCACTCCTGTAATCCTAGCAGTTTGGGAAGCCAAGGTGGGTGGATCACTTGAGGTCAGGAGTTCAAGACCAGCGTGGCCAACATGGTGAAACTCCTTCTCTACTAAAAATACAAAAATAGCCGGGCATGGTAGCCCACGCCTGTAATTTCAGCTACTTGGGAGTCTGAGGCAGGAGAATCACTTGAACCCGGGAGGCAGAGGTTGCAGTGAGCTGAGATTGTACCACTGTACTCCAGCCTGGGCTACAGAGAGAGACTCTGTCTAAAAAAAAAAAAAAGAAA"
"chr1","8894721","8895019","chr15","49359997","49360293","44","40465276","GCAGGGCACAGTGGCTCACACCTGTAATCCCAGCACTTTGGCAGGCCAAGATGGATGGATCACTTGGGGTCAGGAATTCAAGACCAGTCTGGCCAACATGGTGAAACCCTGTCTCTACTAAAAATACAAAAATTAGCCGGGTGTGGTGGAACATACCTGTGATCCCAGCTACTCTCGAGGCCGAGGCAGAAGAATTGCTTGTACCCGGGAAGTAGAGGTTGCAGTGAGCCGAGGTCATGCCACTGCACTCCGGACTGGGTGACAGAGCAAGACTATCTCAAAATAAAATAAAATAAAAA","GCTGGGCGCAGTGGCTCATGCCTGTAACCCCAGGATTTTGGGAGGCTGAGGTGGGTGGATCACTTGAGGTCAGGAGTTTGAGACCAGCCTGGCCAACATGGTGAAACCCCGTCTCTACTAAAAATACAAAAATTAGCCAGGTGTGGTGGCACATGCCTGTAATCCCAGCTACTCAGGAGGCTGAGGCAGGAGAATTGCTTGAACCCAGGAGATGGAGGTTGCAGTGAGCCAAGATCGTGCCACTGCACTCCAGCCTGTGTGACAGAGCGAGACTGTCTTGAAATAAAAAAAAAAGAA"
"chr1","8900168","8900469","chr21","47829961","47830265","54","38929793","GGCCAGGCATGGTGGCTCATGCCTGTAATCTCAGCACTTTGGAAGGCCAAGGCTGGCAGATCACTTGAGGTCAGGAGTTCAAGGACAGCCTGGCAAGCATGGAGAAATCCTGTCTCTACTAAAAATACAAAAATTAGCTGGGCGTGATGATGTGCTCCTGTACTCCCAGTTACTCAGGCAGCTGAGGCAGGAGAAGCCGGAGGCAGAGGTTGTGGTGAGCCAAGATTGTGCCACTGCACTCCAGCCTGGGTGACAGAGCAAGACCCTGTCTCAATAAACTAAACTAAACTAAAATAAATAAA","GGCCGGAGGCAGTGGCTCATGCCTGTAATCCCAGCACTTTGAAAGGCCAATGCTGGCAGATCACGTCAGGCCAGGAGTTCGAGACCAGCCTGGACAACATGGAGAAACCCTGTCTCTACTAAAAATACAAAAATTAGCTGGGCGTGGTGGTGCGTGGCTGTAATCCCAGCTGCTTGGGAGGCTGAGGCAGGAGAATCACTTGAATCCTGGAGGCAGAGGTTGTGGTGAGCCAAGATCATGCCACTGCACTGCAGCCTGGACAACAGAGCAAGACTCTGTCTCAAAAACAAAACAAATAAAAAAAA"
"chr1","8901033","8901204","chrX","106480049","106480214","24","97579016","ATTAGCCAGGCATGGTGGTGCACACCTGTAATCCCAGCTACTTGGGAGGCTAAGGCAGGAGAATTGCTTGAACCTGGGAGGCAGAAGTTGCAGTGAGCTGAGATGGTGTCATTGCACTCCAGCCTGGGTGACAAAGTGAGACTTTGTCTCAAAAAAAAAAAAAAAAAAAAAA","ATTAGCCAGGCATGGTGGCGCATGCCTGTAATCCCAGCTACTTGGGAGGCTGAGGCAGGAGAATCTCTTGAACCTGGGAGGCAGAGGTTGCAGTGAGCCGAGATTGTGCTATTACTCTCCAGCCTGGGCAACAAGCGAAACTCTGCTCAAAAAAAAAAAAAAAAAA"
"chr1","8901552","8901694","chr5","22176811","22176954","20","13275259","GGCTGGTCAGAGTGGCTCACGCCTGTAATCCCAACACTGTGGGAGGCTGATGAGGGTGGATCACTTTGAGGCCAGAAGTTCAACACCAGCCTGGCCAATATGGTGAAACTCTGTCTCTACTAAAAATATAAAAATTACTCGGA","GGCTGGGCAGGGTGGCTCACGCCCGTAATCCCAGCACTTTGGGAGACTGAGGTGGGTGGATCGCTTTGAGGCCAGGAGTTTGAGACCAGCCTGGCCAACATGGGGAAACTCTGTTTCTACTAAAAATACAAAAATTAGCTAGGC"
"chr1","8903242","8903555","chr7","102737006","102737318","43","93833764","GGCTGGGCATCGTGCCTCATACCTGTAATTCTAGCACTTTGGCAGGCCAAGGCGGGTGGATTACTTGAGGTCAGGTGTTCGAGACCAGCCTGGCCAACATGGTGAAACCCCGTCTCTACTAAAAATACAAAAATTAGCCGGACATGGTGACTCACACCTGTAATCCCAGCTACTCAGGAGGCTGAGGCAGGAGAATCGCTTGAACCCGGGAGGCGGAGGTTGCAGTGAGCCGAGATCCCGCAACTGCACTCCAGCCTGGGAGACAGAGTGAGACTCCGTCAAAAACAAAAAAACAAAAAGCAAACAAACAAAAA","GGCTGGGCACGGTGGCTCACACCTGTAATCCCAGCACTTTGGGAGGCCAAGGCGGGCGGATCACTTGAGGTTAGGAGTTCGAGACCAGCCTGACCAATATGGTGAAACCCCATCTCTACTAAAAATACAAAAATTAGCCAGGGGTGGTGGCACGCACCTGTAATCCCAAGCTTACTCAGGAAGCTGAGGCAGAAGAATCGCTTGAACCTGGGAGGTGGAGGTTGCAGTGAGCCGAGTTCACTCCACTGCACTGCAGCCTGGGTGACAGAGCAAGACTGTCTCAAAAACAAAAAACAAACAAACAAACCAAAAA"
"chr1","8913009","8913343","chr2","48786213","48786524","70","39873204","GGCCGGGCGCATTGGCTCACACCTGTAATCCCAGCACTTTGGAAGGCCGAGGATGGCGGATCACTTGAGACCAGGAGGTTGAGACCAGCCTGGCCAAAATGGTGAAATCCCATCTAATTTTTGTCACCCCATTTAATCTTTGTAAACATACAAAAATTAGCCAGGTGTGGTAGCACACACCTGTAGTCCCAGCTACTCGGGAGGCTGAGGTAGGAGAATCGCTGGAACCTGGGAGACGAAGGTTGTGGTGAGCCGAGATCGCGCTCCTGCACTTCAGCCTGGGCGAAAGAGCGATACTCAGTCTCAAAAAAAAAAAAAAGAAGAAGAAGAAAAAA","GGCCGGGCGCAGTGGCTCACACCTGTAATCCCAGCACTTTGGGAGGCCAACGTGGGCAGATCATTCAAGGTTAGGAGTTTGAGGCCAGCCTGGCCAATATGGTGAAACCTCATCTTTCCTAAAAATACAAAAATTAGCTGGATGTGGTGACGCGCACCTGTAGCCCCAGCTACTCGGGAGGCTGAGGCAGGAGAATCGCTTGAACCCGGGAGGTGGAGGTTGCAGTGAGCCAAGATCGTGCCACTGCACTCCAGCCTGGGTGACAGAGCGAGACTCCATCTCAAAAAAAAAAAAAAAAAGAAAAAAAGAAAA"
"chr1","8914876","8915170","chr6","45252461","45252755","49","36337585","GGCCGGGTGCGGTGGCTCACACCTATAATCCTAGGACTTTGAGAGGCCGAGGCTGGCAGATCACTTGAAGTCAGCAGTTCGAGAGACCAGCCCACATGGCGAAACCCTATTTCTACTAAAAATACAAAAAATTAGCCAGGCATGATGGCGTGTGCCTATAGTCTCAGCTACTCGGGAGGCTGAGGTTGAGAATTGCTTGAACCCAGGAGGCGGATGTTGCAGTGAGCCCAGATCATGCCACTGCACTCCAGCCTGGGCGACAGAGCGAGACTGTATCAAAACAATCAAGCAAAAA","GACCGGGCGCAGTGGCTCCTACCTGTAATCCCAGCACTTTGGGAGGCCGAGGCTGGTAGATCACTTGGAAGTTAGGAGTTCGAGACCAGCCTGGCCAACATAGTGAAACCCTGTCTCTACTAAAAATACAAAACTTAGCCAGGCATGCTGGTGAGCACCTATAGTCTCAGCTACTCAGTAGGCTGAGGCAGAATAGCTTGAACCTCAGGAGGTGGAGGTTGCAGTGAGCCAAGATCATGCCACTGCACTCCAGCCTGGGCAACAGAGCAAGACTGTCTCAAAAAAAGAAAAAGAA"
"chr1","8916739","8917043","chr9","101796262","101796572","47","92879523","GCACAGTGGCTCAAACCTGTAATCTCAGCATGTTGGGAGGCTGAGGCAGGAGGATCACTTGAGCCCAGGAGTTCGAACCAGCCTGGCGCACAGGATGAAACCCTGTCTCTACTAAAAATACAAAAATTAGCCGGGCATGGTGGCACGCGCCTGTAGTCCCAGCAACTTGGGAGGGTGAGGCAGGAGAATCACTTGAACCTGGGTGGTGGAGGCTGTGGTGAGCTGAGATTGCGCCACTGCACTCCAGCCTGGGTTACAGAAGGAGACTATGTATCAAAAAAAAAAAAAAAAAAAAAAAAAAAAAA","GCTGGGCGCGGTGGCTCATGCCTGTAATCCCAGCACATTGGGAGGCTGAGGCAGGCAGATCACTTGAGGCCAGGAGTTTGAGACCAGCCTGGGCAACATGGTGAAACCCTGTCTCTACTAAAAATACAAAAATTAGCTGGGTATGGTGGCACGTGCCTGTAATCCCAGTTACTCGGGAGGCTGAGGCAGGAGAATTGTTTGAACCTGGGAGGTGGAGGCTGCAGGGAGCTGAGTCCACGCCACTGCACTCCAGCCTGGGTGACAGAACCAGACTCTTATCTCAAAAAAAAAAAAAAAAAAAAAAAAAAAAA"
"chr1","8917793","8917928","chr4","43236196","43236331","13","34318403","GGCCAGGCGCGGTGGCTCACGCCTGTAATCCCAGCACGTTGGGAGGCTGAGGTGGGCAGATCACTTGAGCTCAGGAATTCAAGACCAGCCTGACCAACATGGTGAAACCCCATCTCTACTAAAAATACAAACATTA","GGCCAGGCATGGTGGCTCACGCCTATGATCCCAGCACTTTGGGAGGCTGAGGCAGGCAGACCACTTGAGGTCAGGACTTCGAGACCAGCCTGGCCAACATGGTGAAACCCCATCTCTACTAAAAATACAAAAATTA"
"chr1","8929415","8929697","chr2","35075957","35076247","46","26146542","GCCAGCTGCAGTGGCTCACGCCTGTAGTCCCATCACTTTGGGAGGCCAAGGCTGGTTGATCACTTGAGGTCAGGAGTTCGAGACCAGCCTGGGCAACATGGTAAAACCCCATCTCTACTAAAAATACAAAAATTAGCCAGGTGTGGTGGCATGTGCCTGTAGTCCCAGCTACTCAGGAGGCTAAGGTGGAACCAGGAAGTGGAGGTTTCAGTGGGCTGAGATCACACCACTGTACTCCAGCCTGGGTGACAGAGCAAGACTCTGTCTAAAAAAAAAAAAAAAA","GCCAGGTGCAAGTGGCTCACGCCTGTAATCCCAGCACTTCGGGAGGCCAAGGCAGGTGGATCACTTGAGGTCAGGAGTTCGAGACCAGCCTGACCAATATGGTGAAACCCCATCTCTACTAAAATTACAAAAATTAACCAGGCAGGGTGGCATGCATCTGTAGTCCCAGCTACTCAGGAGGCTGATGCAGAATCGCTTGAATCCGGGAGGTGGAGGTTGCAGTGAGGCGAGATCATGCCACTGCACTCCAGCCTGAGCGACAGAGCGAGACTCCATCAAAAAAAAAAAAAA"
"chr1","8931141","8931440","chr11","64792839","64793136","44","55861698","GGCCAGGTGCAGTGGCTCACATTTGTCATCCCAGGACTTTTGGAGGCCAAGGCAGATGGATCATTTGAGGTCAGAAGTTTGAGACCAGCCTGGCCAACATGGTGAAACCCCGTCTCTACTAAAAATACAAAAAATTAGCCAGGTGTGGTGGTGCGCACCTATAATCCCAGCTGCATGGGAGGCTGAGACAGAAGAATCGCTTGAACCAGGAAGGCATTGGTTGCAGTGAGCTGAGATCATGCCATTGCACGCCAGCCTGGGCGACAGAGTGAGACTTGGTCTCAAAAAAAAAAAAAAAAA","GGCCGGATGCGGTAGCTCACTCCTGTAATCCCAGCACTTTGGGAGGCCAAGGCAGGGTATCACTTGAGGTCAGGAGTTTGAGACCTGCCTGGCCAACTTGGTGAAACCCCATCTCTACTAAAAATACGAAGAATTAGCCAAGTGTGGTGGCACACACCTGTAATCCCAGCTACTTGGAAGGCTGAGACAGGAGAATGGCTTGAACCTGGGAGGCGAAGGTTGCAGTGAGCTGAGATCATGCCATTGCACTCCAGCCTGGGTGACAGAGTGAGACTTCCATCTCAAATAAAAATAAAAA"
"chr1","8949982","8950283","chr12","100785810","100786105","34","91835828","GGCCGGGCATGGTGGCTCGTGCCTGTAATCCCAGCACTTTGGGGAGGCTAAGGTGGGCAGATAACTTGAGGTCAGGAGTTCCAGACCAGCCTGGCCAACATGGTGAAACCTCGTCTCTACTAAAAATACAAAAAAAATTAGCTGGGCATGGTGGTGCATGCCTGTAATCCCAGCTACTCAGGAGGCTGAGGCAGGAGAATCGCTTGAACCCAGGAGGTGGAGGTTGCAGTGAGCTGAGATCCTGCCACTGCACTCCAGCCTGGGCAACAGAGTGAGACTCTGTCTCAAAAAAATAAACAAAA","GGCTGGGCATGGTGGCTCATGCCTGTAATCCTAGCACTTTGGGAGGCCAAGGTGGGCAGATCACTTGAGGTCAGGAGTTCGAGACCAGCCTGGCCAACATGGCGAAACACTGTCTCTACTAAAAATACAAAAATTAGCCGGGCATGGTGGCACATGCCTGTAGTCCCAGCTACTTGGGAGGCTCAGGCAGGAGAATCACTTGAACCCAGGAGGCAGAGGTTGCATAGAGCCGAAATCATGCCACTATACTCCAGCCTGGGCAACAGAGCAAGACTCTGTCTCAAAAAAAAAAAAAA"
"chr1","8952146","8952436","chrUn_GL286331","13459","13750","39","8938687","GGCTGGGCACGGTGGCTTATGCATATAATCTCAACACTTTGGGAGGCCAAGGTGGGCGGATCACTTGAGGTCAGGAGTTCGAGACCAGCCAGGCCAACATGCTGAAACCCCATCTCTACAAAAAATACAAAAATTAGCTGGGGGTGGTGGTGTGCGCCTGTAGTCCCATCTACTCAGGAGGCTGAGGCATGAGAATTGCTTGACCCTAGGAGGCAGAGGTTGCAGTGAGCCAAGATCATGCCACTGCATTCCAGCCTGGGTGACAGAGTGAGACTCCATCTCAGAAAAAAA","GACCAGGCACAGTGGCTCACACCTATAATCCCAGCACTCTGGGAGGCCAAGGTGGGTGGATCACTTAAGGTCAGGAGTTCGAGACCAGCCTGGCCAACATGGTGAAACCCTGTCTCTACTAAAAATACAAAAATTAGCTGGATGTGGTGGTGCATGCCTGTAATCCCAGCTACTTGGGAGGCTGAGGCAAGAGAATTGCTTGAACTTCAGAGGCAGAGGTTGCAGTGAGCCAAGATTATGCCTCTGCATTCCAGCCTGGAGGACAGAGTGAGACCCCATCTCAAAAAGAAAA"
"chr1","8952664","8952956","chr10","8026640","8026929","37","926024","GACTGGGCATGGTGGCTCATGCCTGTAATCCCAGCACTTTGGGAGGCCGAAGTGGGCGGATGACTTGAGGTCAGGAGTTTGAGACCAGCCTGGCCAACATGGTGACACCCTGTCTGTACTAGAAATACAAAAATTAGCCAGGCGTGGTGGCACATGCCTGTAATCCCAGCTACTGAGGAGGCTGAGGCAGGAGAATTGATTGAACCCGGGAGGCGGAGGTTGCAGTGAGCCGAGATCGCGCCACCGCACTCCAGCCTGGGCTACAGGGCACGACTTCGTCTCAAATAAAAGAA","GGCCGGGCACGGTGGCTCACGCCTGTAATCCCAGCACTTTGGGAGGCTGAGGCGGACAGATCACTTGAGGTCAGGAGTTCGAGACCAGCCTGGCCAACATGGCAAAACCCTGTCACTACTAAAAATACAAAAATTAGCCAGGTGTGGTGGCACGTGTCTGTCGTCCCAGCTACTTGGGAGGCTTAGGCAGGAGAATCGCTTGAACCCGGGAGGCGGAGGTTGCAGTGAGCCGAGATCATGCCACCGCACTCCAGCCTGGGCAACAGAGCAAGACTGCATCTCAAAAAAAA"
"chr1","8955942","8956234","chr22","9714411","9714706","32","758469","GCCAGGCGCAGTGGCTCGCGCCTATAATCCCAGCACTCTGGGAGGCTGAGGAGGTTGGATCACTTGAGGTCAGGAGTTCGAGACCAGCCTGGCCAATATGGTGAAACCCTGTCTCTACTAAAAATACAAAAATTAGCCGGGCATGGTGGCATATGCCTGTAATCCCAGCTACTGGGGAGGCTGAGGCAGGAGAATTGCTTGAACCCAGGAGGCGGAGGTTGCAGTGAGCCTAGATCATGCCACTGCACTCCAGCCTGGGTGACAGAGTAAGACTCTGTCTCAAAATAAATAAA","GTCAGGTGCAGTGGCTCACACCTGTAATCCCAACACTTTGGGAGGCCGAGGCGGACAGATCACTTGAGGTCAGGAGTTTGAGCCCAGCCTGGCGGCCAACATGGTGAAACCCTGTCTCTACTAAAGATACAAAAATTAGCCAGGTTTGGTGGCATGGGCCTGTAATCCCAGCTACTTGGGAGGCTGAGGCAGGAGAATTGCTTGAACCTGGAAGGTGGAGGTTGCAGTGAGCCAAGATCATGCCACTGCACTCCAGCCTGGGTGACAGAGTAAGACTCTGTCTCAAAAAAAAAAAA"
"chr1","8970502","8970800","chr5","87867004","87867300","48","78896502","GGCCCGGCGCAGTGGCTCACGCCTGTAATCCCAGCATTTTGGGAGGCTGGGGCGGGCAGATCACTTGAGCTCAGGAGTTGGAGACCAGCCTGGCCAACATGGTGAAACCTCTTCTCTACTAAAAATTAGCTGATCATGGTTGTGTGCACCTGTAATCCCAGCTACTCAGGAGGCTGAGGCAGGAGAATCGCTTGAACCTGGGAGGCAGAGGCTGCAGTAAGCCAGTATCACGCAACCGCACTCCAGCCTGGGAGACAGAGAGAAACTCTGTCTCAAAAAAAATAAAAAATAAAAAAGAA","GGCCTGGCGCAGTGGCACATGCCTGTAATCCCAGCACTTTAGGAGGCTAGGGCAGGCGGATCACTTGAGGTCAGGAGTTCAAGACCTGCCTGGCCTACATGACGAAACTATGTCTCTACTAAAAGTTAGCCGGGCATGGCAGCACACAACTGTAATCCTAGCTACTCAGGAGGCTGAGGCGGGAGAATCACTTGAAGTAGGGAGGCAGAGGTTGCAGTGAGCCAAGATCACGCCACTGCACTCCAGCCTGGGTGACAGAGTGAAACTCCATTTCAAAAAAAAAAAAAAAAAAAAGAA"
"chr1","8979993","8980287","chr5","132893438","132893729","38","123913445","GGCCGGGCACAGTGGCTTACGCCTGCAATCCCAGCACTTTGGGAGGCCGAGGCAGGTGGATGATTTGAGGTCAGGAGTTCAAGACCAGCCTTACCAACATGGTGAAACCCCGTCTATACTAAAAATACAAAAATTAGCCGGGTGTGGTGGCGCGCGCCTGTGACCCCAGCTACTTGGAAGGGTGAGGCAGGAGAAATCACTTGAACCCAAGAGGTGGAGATTGCAGTGAGCTGAGATCGTGCCACTGCACTCCAGCCTGGGCAACAGAGCAAAAGTCCATCTCAAAAAAAAAAAA","GGCCAGGTGCAGTGGCTCACGCCTGTAATCCCAGCACTTTGGGAGGCCAAGATGGGTGGATCACTTGAGGTCAGGAGTTCGAGACCAGCCTGCCCAACATGGTGAAACCCCATCTCTACTAAAAATACAAAAATTAGCCGGATGTGGTGGCACACACCTGTAATCTCAGCTACTTGGAAGATGAGGCCAGAGAATTGCTTGAACCCAGGAGGTGGAGGTTGCAGTGAGCTGAGGTCGTGCCACTGCACTCTAGCTTGGGCAACAGAGCAAGACTCCATCTCAAAAAAAAAAA"
"chr1","8990319","8990618","chr8","107362312","107362609","52","98371993","GGCTGGGCATCGTGGCTTACGCCTGTCATCCCAACACTTTGGGAGGCTGAGGCAGGAGGATCAACTTGAGGTCAGGAGTTCGAGACCAGCCTGGGTAACATGGTGAAACCCTGTCTCTACAAAAAATACAAAAATTAGCTGGGCATGGTGCCTGGGCTGTGCCTGTAGTCCCGGCTACTCTGGAGGCTGAAGTGATTGAGCCTGGGAGGCGGAGGTTGCAATGAGCCAAGATCGTGCCATTGTACCCCAGCCTGGGTGACAGAGCCAAACTCTGTCTCAAAAAAAAAAGAAAAAAAAAAA","GGCTGGGCATGGTGGCTGACGCCTGTAATCCCAGCACTTTGGGAGGCCGAGGTGGGTGGATCACTTGAGGTCAGGAGTTCAAGACCAGCCTGGCCAACACGGTGAAACCCCGTCTCTACTAAAAATACAAAAAATTAGCCAGGCGTGGGGGGCTGCTGCCTGTAATCTCAGCTACTCGGGAGGCAGGAGAATCGCTTGAACCAAGGAGGTGGAGGTTGCAGTGAACTGAGATCATGCCATTGTACTCCAGCCTGGGTGACAGAGTGAGACTCTGTCTCAAAAAGAAAAAGACAAAAAA"
"chr1","8991220","8991484","chr4","35578547","35578811","39","26587327","GGCTGGACACAGGGGCTCACGCCTGTAATCCCAGCACCTTGGGAGGCCGAAGCGAGTGGATCACTTGAGGTCAGGAGTTCAAGGCCAGCATGGCCAACATGGTGAAACCCCTTCTCTACTAAAAATACAAAAATTAGCCAGACATGGTAGCGTGCACCTGTAGTTCCAGCTACTCGGGAGGCTGAGCAGGAGAATTGGTTGAACCCAGGAGGTGGAGGTTGCAGTGAGCTGAGATCGTGCCACTGCACTCTAGCCTGGGCGACAG","GGCTGGACACAGTGGCTCACGCCTGTAATCCCAGCACTTTGGGAGGCCAAGGCAGGCAGATCACTTGAGGTCAGGAGTTTGAGACCAGCCTGGCCAACATGGCAAAACCCTGTCTCTACAAAAAATACAAAAATTAGCCAGGTGTGATCTTGTGCCCCTGTAATTCCAGCTACTTGGGAGGTTGAAGCAGGAGAATCACTTGAACCCAGAAGGTGGAGGCTGTAGTGAGCCGAGATCGTGCCACTGCACTCCAGCCTGGGCAACA"
"chr1","8999169","8999296","chr8","68724288","68724416","19","59725119","GGCTGGGTGCAGTGGCTCATGCCTATAATCACAGCACTTTGGGAATCACTTGAGGTCAGGAGTTCGAGACCAGCCTGGCTAACATGGTGAAACCCTGTCTCTATTAAAAATACAAAAATTAGCCGGGC","GGCTGGGCACGGTAGCACATGCCTGTAATCCCAGCACTTTGGGATCACTTGAGGTGAGGAGTTTGAGACCAGCCTGGCCAACATGGTGAAACCCCATCTCTACTACAAATACAAAACTTAGCCAGGCAT"
"chr1","9005580","9005811","chr12","23783657","23783884","52","14778077","CAGATCACTGGAGGTCAGGAGTTCGAGACCGGCCTGGCCAACATGATGAAACCCCATCTCTACTAAAAATATAAAAATTAGTCCGGCATGGTGGCGTGTGCCTGTAGTCCCAGCTACTCAGGAGGCTGAAGCAGGATAATCTGTTGAACTCGGGAGATGGAGGTTGCGCTCCAGCCTGGGCAACAGAGTGAGACTCCAACTCAAAAAAAAAAAAAAAAAAAGAAGGAAAAAA","GGGTAGATGACTTGAGGTCAGGAGTTCAAGACCAGCCTGGCCAACATGGCAAAAACCCATCTCTACAAAAAATACAAAAATTAGCTGGGTTTGGCGGTGTGTGCCTGTAATCCCAGCTTCTCAAGAGGCTGAGGCAGGAGAATCACTTGGACCCAGGAGGTGGAGGTTGCAGTGAGCCTGGGGCGACAGAGCAAGAGGCTCCATCTCAAAAAAAAAAAAAAAAAAAAA"
"chr1","9013196","9013329","chrX","62934441","62934571","16","53921245","GGCCGGGCGCGGCGGCTCACACTTGTAATCCCAGCACTTCGGAAGGCCAAGGCGAGCAGATCACTTGAGGTCAGGGAGTTTGAGACCAGCCTGGCCAACATGATGAAACCCAGTCTCTACTAAAAATACAAAAA","GGCCGGGTGCGGTGGCTCACACCTGTAATCCCAACACTTCGGGAGGCCAAGGCAAGTGGATCACTTGAGGTCAGGGGTTTGAGACCAGCCTGGCCAACATGGGGAAACCCTGTCTCTGCTAAAAAATAAAA"
"chr1","9019642","9019952","chr14","81929198","81929500","42","72909556","GGCTGGGCATGGTGGATCAAGCCTATAAACCCAGCACTTTGGGAGGCTGAGGTGGGCGGATCACTTGAGGTCTGGAGTTCGAGACCAGCCTGGCTAACATGGTGAAATCCCATCTCTACTAAAGAAACAAAAGTCAGCCAGGCGTGGTGGCACATGCCTGTAATCTCAGCTACTCGGGAGGCTGAGGCAGGAGAATCACTTGAATCCGGGAGGCAGAGGTTGCAGTGAGCCGAGATCGTGCCACTGCACTCCATCCAGAGCCACAGAGCAAGACTCCAACTCAAAAAAAAGAAAAAGAAAAAGAAAAAAGA","CTGAGCACAGTGGATCACGCCCGTAATCCCAACATTTTGGGAGGCTGAGGTGGGTGGATCATTTGAGGTCAGGAGTTTGAGACCAGCCTGGCCACCATGGTGAAACCCCATCTCTACTAAAATATAAAAATTAGCCAGGTGTGATGGCACATGCCTGTAATCTCAGCTACTTGGGAGGCTGAGGCAGGAGAATCACTTGAACCTGGGAGGCAGAGGTTGCAGTGAGCTGAGATCGAGCCACTGCACTCCAGCCTGGGTGACAGAGCAAGACTCCACCTCAAAAAAAAAAAAAAAAAAAAACAA"
"chr1","9026729","9026886","chr7","149001425","149001575","31","139974696","GCTGGGTGTGGCGGCACGTGCCTATAATCCCGGCTACTTGGGAAGCTAAGGCAGGAGAATAGCTTGAGCCCAGGAAGCCGAGGTTGCAGTGAGCTGAGATTGCGCCACTGCACTCCAGCCTGGGCAACAAAGGAAGACCCTGTCTCAAAAAAAAAAGA","TGGTGGTGTGTGCCTGTAGTCCCAGCTACTTGGGAGGCTGAGGCAGGAGAATCGCTTGAACCTAGGAGGCAGAGGTTGCAGTGAACGAAGATTGAGCCACTGCACTCCAGCCTGGGCAACAGAGCAAGATTCCTTCTCAAAAACAAAAAAA"
"chr1","9027198","9027333","chr16","5151743","5151874","14","3875455","GCCAGGTGCGGTGGCTCATGCCTGTAAGCCCAGCACTTTGGGAGGCCAAGGCAGGCGGATCACTAGAGGTCAGGAGTTCTAGACCAGCCTGGCCAACATGGTGAAACCTCATCTCTACTAAAAACACACAAAAAAA","GCCAGGCACGGTGGCTCATGCCTGTAATCCCAGCACTTTGGGAGGCCAAGGCTGGCGGATCACTTGAGGTCAGGAGTTCAAGACCAGCCTGACCAACATGGTGAAACCCCGTCTCTACTAATAACACAAAAA"
"chr1","9028885","9029009","chr6","49067549","49067673","21","40038664","GGCAGGGTGCAGAGGCTCACACCTCTAACACCAGTACTTTGGGAAGCCGCAGTGGACAGATCATTTGAGGCCAGGAGTTCAACGCCAGCCTGGCCAACATGCTGAAACTCCATCTCTATTGAAAA","GGCTGGGTGTGGTGGCTCACACCTGTAACCCCAGCACTTTGGGAGGCCGAGGTGGGTGGATCACTTGAGGCCAGGAGTTCGAGACCAGCTTGGCCAACATGGTGAAACCCCATCTCTATTAAAAA"
"chr1","9042276","9042435","chr10","86740300","86740444","39","77698024","GCTGGGTGTGATGGCTCGTGCCTGTAATTTCAGCACTTGGGGAGGCTAAGTGGGGAGGATAGATTACTTGGGGTCAGGAGTTTGAGACCAGCCTGGGCAACATAGTGGAACCGTTTCCACTAAAAATATGTATATGTGTGTGTGTGTGTGCGCGCGCATG","GGCTGGGTGTGGTGGCTCATGCCTGTAATCCCAGCACTTTGGGAGGCCAAGGTGGGCAGATCACTTGAGGTCAGGAGTTTGAGACCAGCCTGGCCAACATGGTGAAACCTCATCTCTAAAAAAATAAAAATTGGTGGGTTGGTGG"
"chr1","9044048","9044355","chr4","87172393","87172702","53","78128345","GCTGGACACTGTAGCTCACCCCTGTAATCCCAGCATTTTGGGAGGCTGAGGCAGGTGGATCACTTGAGGCCAGGAGTTCGAGACCAGCCTAGCCAACATGGTGAAACCCCATCTCTATGAAAAATACAAAAAAATTAGCTGGGCACGGTGGCACATGCCTACAGTGCTAGCTACTCAGGAGGCTGAGGCACAAGAATTGCTTGAACTTAGCAGGTGGAGCTTGCAGTGAGCCGAGACCGTGCCACTGCACTCCAGCCTGGGCAACTAAGCAAGAGTCCATCTCAAACAAACAAACAAACAAACAAAAA","GGCTGGGCACGGTGGCTTACACCTGTAATCCCAGCACTTTGGGAGGCTGAGGCTGGTATCACTTGAGGTCAGGAGTTAGAGACCAGCCTGGCCAACATGGTGAAACCCCATCTCTACTGAAAATACAAAAATTAGCGGGGCATAGTGGTGCATGCCTATATTCCCAGCTACTCAGGATGCTGAAGCAGAAGAATCACTTGAACCTGGGAGGTGGAGGTTGCAGTGAGCTGAGATCATGCCCCTGCCCTCCAGCCTGGGCAACAAAGCAAGAGAGACTCTGTCTCAAAAAAAACAAAACAAAAACAAAAAA"
"chr1","9044543","9044854","chr7","43494621","43494933","40","34450078","GGCCGGGTGCAGTGGCTCATGCCTGTAATACCAGCACTTTAGGAAGCTGAGGCAGTTGGATCACTTGAGGTCAGGAGTGCGAGACCAGCCTGGCCAACATGGTGAAACTCGGTCTCTACTAAAAATACAAAAATTAGCTGGGCATGGTGGAGTAGGTCTGTAATCCCAGCTACTAGGGAGGCTGAGGCATGAGAATCGCTTGAACCCAGGATGGGGAGGTTGCAGTGAGCCGAGATCGTGCCACTGTACTCCAGCCTGGGCAACAGAGTGAAACTCTGTCTCAAAAACAAAACAAACAAACCAACACAAAAA","GGCCGGGTATGGTGGCTCACGCCTGTAATCCCAGAACTTTGGGAGGCTGAGACAGGTGGATCACTTGAGGTCAAGAGTGCGACACCAGCCTGGCCAACATGGTGAAACTCCGTCTCTACTAAAAATATAAAAATCAGCTGGGTGTGGTGGAGTAGGTCTGTAATCCCAGCTACTAGGGAGACTGAGGTACAAGAATTGCTTGAACCCAGGAGGGGGAGGTTGCAGTAAGCTGAGATTGTGCACCTGTGCTCCAGCCTGGGCGACAGAGCGAGACTCTGTCTTGCAAACAAAACAAACAGACACAAAAATAAAA"
"chr1","9062590","9062897","chr19","4520386","4520688","43","4542204","GGCTGGGCACAGTGGCTCACACCTGTAATCCCAGCAGTTTGGGAGGCCAAGGCGGGAGGATCACTTGAGACCAGGAGTTTGAGACCAGCTTGAGCAACATGGTGAAACCCCATCTGTACTAAAAATACAAAAATAAGCCAGGCGTGGTGGCATATGCCTGTAGTCCCAGCTAGTAGGGAGGCTAAGGCAGGAGAATCGCTTGAACCTGGGAGATGGAGGTTGCAGTGAGCCGAGATCACGCCATTGCACTCCAGTCTGGGAAACAGAGCAAGACTCTGTCTCAAAAAATAAATAAATAAATAAATAAA","GGCTGGGCACGGTGGTTCACGCCTGTAATCCCAGCACTTTGGGAGGCCAAGGCGGGCAGATCACTTGAGGTGAGGAGTTCAAGACCAGCATGGACAACATGGTGAAACCTTGTCTCTACTAAACATACAACAATCAGCCAGGAGTCGTGGCATATGCCTGTAATCCCAGCTACTTGGGAGGCTGAGGCATGAGAATCGCTTGAACCCGGGAGACGGAGGTTGCAGAAAGCCAAGATCGTGCCATTGCACTCCAGCCTGGGCGACAGAGCAAGACTCTGTCTCAAAAAAAAAAAAAAAAAAAAA"
"chr1","9063358","9063671","chr3","106655459","106655766","42","97592101","GCCTGATGTGTTGGCTCACACCTGTAATCCCAGCACTCTAGGAGCCCAAGGCAGGTGGATCACTTGAGGTCAGGAGTTTGAGACCAGCCTGGCCAACATGGTGAAACCCCGTCTCTACTAAAAATACAAAAATTAGCCAGGCGTGGTGGCATGCACCTGTAATCCCAGCTATCCGGGAGGCTGAGGCAGGAGAATTGCTTGAACCGAGGAGGTGGAGGCTACAGTGAGCTGAGATTGTGCCACTGCACTCCAGCCTGGGCGACAGAGCGAGACTCTGTCTCAAAACAACAACAAAAAAAATTTAAATAAATAAA","GGTCGGGTGTGGTGGCTCGTGCCTATAATCCCAGCACTTTGGGAGGCTGAGGTGGGCAGATCACTTGAGGTCAGGAGTTTGAGACCAGCCTGGCCAACATGGTGAAACCCCGTCTCTACTAAAAATACAAAAATTAGCCAGGTGTGGTGGCATGCATCTGTAATCCCAGCTACTTTAGGAGGCTGAGGCAGGAGAATCGCTTGAACCCAGGAGGTGGGGGTTGCAGTGAGCTGAGATCGCACCACTGCACTCCAGCCTGGGCAACAGAGAGAGACTCTGTCTCAAAAAAAAAAAAAAAAAAAAAAAAA"
"chr1","9072674","9072991","chr17","54870851","54871173","53","45798177","GGCCAGGCGTGGTAGCCTGTAAACCCAGCACTTTGGGAGGCTGGGGCAAGTGGATCACTTGAGGTCAGAAGTTCGAGACCAGCCTGGCCAACATGGTGAAACCCCGTTTCTACTAAAAATGCCAAAAAAAAAAAAAAAATTAGCCGGTCGTGGTGGTGTGCGCCTGTAATTCCAACTACTTGGGAGGCTGAAGTAGGAGAATCGCTTGAACCCAAGAGGCGGAAGTTGCAGTGAGCTGAGATCGCACTACTACACTTCAGCCTGGGTGACAGAGCGAGACTCTTGTCTCCAAAAAAAAAAAGTAAAACAGAAATAAAA","GCCAGGTGCGGTGGCTCACGCCTGTAATCCCAGCACTTTGGGAGGCCGAGGCAGGTGGATCACTTGAGGTCAGGAGTTGGAGACCAGCCTGGCCAACATGGTGAAATCTTGTCTCCACTAAAAATACATAAAAAAAAAAAAAAATTAGCTGGGTGTGGTGGTTTGCACCTGTAATTCCAGCTACTCAGGAGGCTGAGGCAGGAGAAACGCTTGAACCCAGGAGGCAGAGATTGCAGTGAGCTGAGATTGCACCACTGCACTCCAGCCTGGACAACAGAGTGAGACTCTGTCTCAAAAATAAATAAATAAAAAGAAAAGAAAAA"
"chr1","9075961","9076255","chr10","16033492","16033786","36","6957531","GGCCAGGTGCAGTGGCTCACGCCTGTAATCCCAGCACTTTGGGAGGCCGAGGCGGTCAGATCATTTGAGGTCAGGAGTTCTAGAACAGCCTGGCCAACATGGCGAAACCCCGCCTCTACTAAAAATACAAAAATTAGCCAGGCGTAGTGGCGTGCGTCTGTAATTCCAGTTACTCGGGAGGCTGAGGCAAGAGAATCGCTTGAATCTGGGAGGTGGAGGTTGCAGTGAGCTGAGATTGTGCCACTGCACCCCAGCCTGGGCAACACTGTGAGACTCCGTCTCAAAAAAAAAAAAA","GGCCAGGTGTGGTGGCTCACACCTGTAATCCCAGCACTTTGGGAGGCTGAGGCGAGCAGATCACTTGAGGTCAGGAATTCGAGACCAGCCTGGCCAACATGGTGAAACCCCGTCTCTACTAAAAATACAAAAATTAGCTAGGTGTGGTGGCATGTGCCTGTAATCCCAGCTACTTGGGAGGCTGAGGCGGAAGAATTGCTTGAACCTGGGAGGCGGAGGTTGCAGTGAACTGAGATTGTGCCACTGCACTCCAGCCTGGGTGACTGAGCGAGACTCCATCTCAAAAAAAAAAAAA"
"chr1","9077118","9077426","chr5","1214302","1214607","53","7862816","GGCTGGACATGGTGGCCCATGCCTATAATCCCAGCACTTTGGGAGGCTGAGGCAGGCAGATCGCTTGAGCTCAGGAGTTCAAGACTAGTCTGGCCAAAATGGTAAGATACCGTCTCTACAAAAATACAAAAATTAGCCAGGCATGGTGCTGCATGCCTGTAGTCCCAGCCACTTGGGAGGCTAGAGTGGAAGGATTGCTTGAGCCTGGGAGGTGGAGGTTGCAGTGAACTGAGATAGCGCCACTGCACTCCTGCCTGGGCAACAGAGTCAAAACCTGTCTCAAAAAAAAAAAAAGCAAAAAAAAAAGAA","GCCAGGCACAGTGGCTCACGCCTATAATCCCAGCACTTTGAGAGGCTGAGGCGGGCAGATCACTTAAGGTCAAGAGTTCAAGACCAGCCTGGCCAACATGGTGAAATCCCGTCTCTACTAAAAATACAAAAATTATCTGGGCATGGTGGTGTGTCCCTGTACTCTCAGCTGCTTGGGAGGCTGGGGCAGGAGAATTACCTGAACCTGGGAGGTGGAGGTTGCAGTGAGCTGAGATTGCACCACTGTACTCCAACCTGGGCAACAGAGCAAGACTCTGTCTCCAAAAAAAAAAAAAAAAAAAAAAAA"
"chr1","9086377","9086689","chr2","162172264","162172572","48","153085887","GCCAGGTGCAGTGGCTGACGCCTGTAATCCCAGCACTTTGGGAGGCCAAGGTGGGTGGCTTGCTTGAGATCAGGAGTTCAAGACCAACCTGACCAACTTGGTGAAACACTATCTGTACTAAAAAAATACAAAACTTAGCCAGGCGTGGTGGTGCATGCCTGTAATCCTAGCTGCTCAGGAGGCTGAGGTAGGAGAATCACTTGAACCTGGGAGGCAGAGGTTGTAGTGAGCTGAGATTGTGCCACTACACTCCAGCCTGGGCAACAAAGTGAGACTTCATCTCAATAAAAAAAAAAAAAAAAGAGAGAGAAAA","GGCCAGTCATGGTGGCTCACACCTGTAATCTCAACACTTTGGGAGGCCGAGGAGGTGGGTCACTTGAGGTCAGGAGTTCAAGACCAGCCTGGCCAACATGGTGAAACTTCATCTGTACTAAAAATACAAAAATCAGCCGGGTGTGGTGGTGCATGCCTGTAATCCCAGCTACTCGGGAGGCTGAGGCAGGAGAATCGCTTGAACCCAGGAGGCAGAAGTTGCAGTGAGCCGAGGATGCGCCACTACACTCCAGCCTGGGCATCAGAGTGAGACTCCATCTCAAAAAAAAAAAAAAAAAGGAAAAGAAAA"
"chr1","9106682","9106963","chr4","108747172","108747456","41","99640490","GGCCGGGTGCAAAGGCTCATGCCTGGAATCCCAGCACTTTGGGAGGCCGAGGTGGGTAGATTGCTTGAAGTCAGGAGTTCGAGACCAGACTGGCCAACATGGTGAAACCCCATCTGTACTAAAAATACAAAAATTAGCTGGTTGTTGTGGCACGTGCCTGTAATCCCAGCTACTTGGGAGGCTGAGGCAGGAGAATCGCTTGAACCTGGGAGATGGAGGTTGCAGTGAGCCAAGATCGCGCCACTGCACTCCAGCCTGGGCAACAGCAAAACTCCAGCTCAA","GGCCAGGTGCAGTGGCTCACACCTGTAATCCCAGCACTCTGGGAGGCCAAGGCAGGTAGATCACTTGAGGTCAGGAGTTCAAGACCAAACTGGCCAACATGGTGAAACCCTGTCTCTACTAAAAATACAAAAATTAGCTGAATGTGGTGGCATGTGCCTGTAATCCCAGCTACTTGGGAGGCTGAGGCAGGAGAATTGCTTGAACATGGGAGGCAGAGGTTGCCGTGAGCCGAGATCGAGCCACTATACTCCAGCCTAGGTAACAGAGCAAGACTCTGCCTCAAA"
"chr1","9107503","9107646","chr1","151072765","151072907","20","141965262","GGCCAGGAGCAGTGGCTCATGCCTGTAGTCCCAGCACTTTGGGAGGCTGAGGCGGGCAGATTACTTGAGGCCAGGTGTTCAAAACCAGCCTGGCCAACATGGTGAAACCCCGACTCTACTAAAAATACAAAATTAGGCTAGGCG","GGCCAGGTGCAGTGGCTCATGCCTGTAATCCCAGAACTTCAGGAGGCTAAGGTGGGCAGATCACTTGAGTCTAGGAGTTCAAGACCAGCCTGGCCAACATGGTGAAACCCTGTCTCTACTAAAAATGCAAAAATTACCTGGGC"
"chr1","9107943","9108100","chr5","64547457","64547612","35","55439514","TTAGCCAGGTGTGGTGGCACACACCTGTAGTCCCAGCTACTCAGGAGACTGAGGTGGAAGTTGCAGTGAGCCAGAGGTGGAAGTTGCAGTGAGCCAAGATTGAGCCACTGCACTCCAGCCTGGGCAACACAGTGAGACGCTGCCTCTAAAACAAAAAA","ATTAACTGGTCATAGTGGCACACACCTGTAAACCCATCTACTCGGGAGACTGAGGCAGGAAAATTGCTTGAACCCAGGAGATGGAGGTTGCAGTGAGCCAAGATCACACCACTGCACTCCAGCCTGGGCGACAGAGTGAGACTCTGCCTCAAAAAA"
"chr1","9109387","9109693","chr5","72100902","72101202","47","62991515","GACTGGGTGCAGTAGCTCATGCCCATAATCCCAGCAGTTTGGGGGGCCGAGGTGGGTGGATCACTTGAGGTCAGGAGTTCCAGACCAGTGTGGCCAACACAGTGAAACCCTGTCTCTACCAAAAATAACAAAAATTAGCTGGATGTGGTGGCACACACCTGTAGTCCCAGCTACTCGGGAGACTGAAGCAGGAGAATCACTTGAACCCAAGAGATGGAGGTTGCGGTGAGCCAAGATTACGCCACTGCATTCCAGCCTGGGCGACAGAGCAAGACTGCACCTCAAAAAAAATAAATAAAAATTAAAA","GGCCAGGCACGGTGGCTCACTCCTATAATCCCAGCACTTTGTGGGGCCAAGGCAGGTGGATCACTTGAGGTCGAGTTCGAGACCAGCCTGGTCAACACAGTGAAACCCTGTCTCTATTAAAAATACAAAAAATTAGCTGGATGTGGTGGCACACACCTGTACTCCCGGCTACTTGGGAGGCTGAGGCAGGAGAATCACTTGAACCCAAGAGGTGGAGGTTGCAGTGAGCCGAGATTGCGCCACTGCACTCCAGCCTGGCGACAGAGCAAGACGCCATCTCAAAACACAAAAGCAAAACAAA"
"chr1","9110241","9110550","chr22","40503125","40503432","40","31392884","GGCCGGGCGCGGTGGCTCACGCCTGTAATCCCAGCATTTTGGGAGTCCGAGGTGGGCGGATCACTTGAGGTCAAGAGTTCCAGACCAGCCTGGCCAACATGGTGAAACCCTGCCTCTACTAAAAGAACAAAAATTAGCTGGGCGTGGCGGCACGTGCCTATAATCCCAGCTACTCGGGAGACTGAGGTAGGAGAACCACTTGAACCTGGGAGGCAGAGGTTGCAGTGAGCCGAGATTGTGCCACTGCACTCCAACCTGGGCGACAGAGCAAGACCCTGTCTCAAAAATAAATAAATAAATAAAACTAAAA","GGCTGGGCGTGGTGGCTCACCCCTGTAATCCCAGCACTTTGAGAGGCTGAGGTGGGCAGATCATTTGAGGTCAGGAGTTCAAGACCAGTCTGGCCAACATGGTGAAACCCCATCTCTACTTAAAATACAAAAATTAGCCAGGTGTGGTGGCGCGTGCCTGTAATCCCAGTTACTCGGCAGGCTGAGGCAGGAGAATCGCTTGAACCCAGGAGGCGGAGGTTGCAGTGAGCTGAGATTGTGGCACTGCACTCCAGCCTGGGCGATAGAGCAAGACCCTGTCTCAAAATAAATAAATAAATAAAAATAAA"
"chr1","9113662","9113952","chr11","83568424","83568714","33","74454762","GGCCAGGCGCGGTGGCTCATGCCTGTAATCCCAACACTTTGGGAGGCCAAGGTGGGCAGAACACTTGGGGTCAGGAGTTTGAGACCAGCCTGGCCAACATAGTGAAACCCCATCTCTACTAAAAGTACAAAAATTGGTGGGCGTGGTGGTGCATGCCTGTAATCCCAGCTACTTGGGAGCCTGAGGCAGGAGAATCGCTTGAACCTGGGAGGCAGAGGTTGCGGTGAGCCGAGATCACGCCACTGCACTCCAGCCTGGGTGACAGAGCAAGACCCTGTCTCAAAAAAAAAA","GGCCAGGCGTGGTGGCTCACGCTGTAATCCCACATTTTGGGAGGCCAAGGTGGGAGGATCATTTGAGGTCAGGAGTTTGAGACCAGCCTGGCCAATATAGTGAAACCCCATCTCTACTAAAAGTACAAAAATTATTTGGGCATGGTGGTGCATGCCTGTAGTCCCAGCTACTTGGGAGGCTAAGGCAGGAGAATTGCTTGAACCTGGGAGGTGGAGGCTACGGTGAGCTGAGATCACACTACTGCACTCCAGCCCATGCAACAGAGCAAGACTCTGTCTCAAAAAAAAAAA"
"chr1","9121356","9121662","chr5","26961498","26961795","43","17840142","GGCCAGGTGTGGTGGCTCATACCTGTAATCCCAGAACTTAGGGAGGCCGAGGCAGGTGGATCATTTGAGGTCAGGAGTTTGAGACCAGCCTGGCCAACAGGGTAAAACACCGTCTCTACTAAAAATACAAAAAAATTAGCCAGACGTGGTGGTGTACGCCTGTATTCCCAGCTACATGGGAGGCTGAGGCAGGAGAATGGCTTGAACCCAGGAAGTGGAAGCTGCAGTGAGCCGAGATTGCGCCACTTCACTCCAGCCTGGGTGACAGAGCTAGACTCCATCTCAAAACAAACAAACAAAAAACAAA","GGCCAGGCACGGTGGCTCATGCCTGTAATCCCAGCACTTTGGGAGGCCGAGGCAGGCAGATCACTAGAAGTCAGGAGTTTGAGACCAGCCTGGCCAACATGGTGAAAACCTGTCTCTACTAAAAATACAAAAATTAGCTGGGCATGGTGGCGCACTCCTGTAATCCCAGCTACTTGGGAGGCTGAGGCAGGAGGATTGCTTGAACCCAGGAGGTAGAAGTTGCAGTGAGCCGAGATTGTACCACTGCACTCCAGCCTGGGTGACAGAGCAAGACCCCATCTCAAAAAAAAAAAAAAAA"
"chr1","9125968","9126254","chr5","94234310","94234606","43","85108342","GGGCACGGTGGCTCATGCCTGTAAATCCCAGCACTTTGGGAGGCCAAGGTGGGCGGATCACTTGAGGTCAGGAGTTTGAGACCAGCCTGGCCAACATGGCAAAACCGCGTCTCTACTAAAATTACAAAAATTAGCTGGGTGTGGTGGTGCGTGTCCCAACTACTCAGGAAGCTGAGGCAGGAGACTCGCTTGAACCTGGGAAGTGGAGGTTGCAGTGAGCCACGATCGCGCCACTGCACTCCAGCCTGGGTGATAGAGCAAGTCTCCATATCAAAAAAAAAAAAAAA","GGCCAGGCGTGGTGGCTCACACCTGTAATCCCAGCACTTTGGGAGGCTGAGGTGGGTGGATCACTTGAGGTCAGGAGTTCGAAACCAGCCTGTCCAACATGGCAAAACCCCGTCTCTACTAAAAATACAAAATTAGCCAGGCATGGTGGTGCATGCCTGTAATCCCAGCTACTCAGGAGGCTGAGGCAGGAGAATCGCTTGAACCTGGGAGGCGGAGGTTGTAGTGAGCCAAGATTGTGCCACTGCACTCCAGCCTGGGCGACAAGAGCAAAACTCCATCTCAAAAAAAAAAAAAAA"
"chr1","9138231","9138524","chr15","41758838","41759130","38","32620607","GCCAGGTGCAGAGGCTCATGCTTGTAATCCCAGCACTTTGGGAGGCCAAGGTGAGCGGATCACTGGAAGTCAGGAATTCAAGACCAGCCTGGCCAACATGGTGAAACTCCCCCTCTACTAAAAATGCAAAAATTAGCTGGGCGTGGTGGCGCACGCCTGTAGTCCTAGCTACTCGAGAGACTGAGGCAGGAGAATCACTTGAACCTAGGAGGTGGAGGTTGCAGTGAGCTGAGATCATGCCACTGCACTCCAGCCTGGGCAACAGAGTGAGACCCCGTCTCAAAAAAAAAAAAA","GCCGGGTGAGGTGGCTCATGCCTGTAATCCCAGCACTTTGGGAGGCCAAAGTGGGTGGACCACTTAAGGTCAGGAGTTTGAGACCAGCCTGGCCAACATGGTGAAACCCCGTCTCTACTCAAAATACAAAAATTAGCTGGGCATCGTGGCACACGCCTGTAATTCCAGCTACTAGGGAGACTGAGGCAGGAGAATAGCTTGAAGCTGGGAGGCAGAGGTTGCAGTGAGCTGAGATCGTGCCACTGCACTCCAGCCTGGGCGACAGAGTGAGACTCCGTCTCAAAAAAAAAAAA"
"chr1","9142560","9142871","chr7","43611685","43612003","51","34469125","GGCTGAGCACAGTGCTCATGCCTATAATCTCAGCACTGTGGGAGGCCGAGGTAGGAGGATCACTGGAGGTCAGAAGTTCAAGACCAGCCCGGCCAACATGGTGAAACTCTGTCTCTACTAAAAATACAAAAATTAGCAGGTGTGGCACGCACCTGTAGTCCCAGCTACTCGGGAGGCTGAGGCAGGAGAATCGCTTGAATCCAGGAAGTGGAGGTTGCAGTGAGCTATCGCACCACTGCACCCCAGCCTGGCTGGGCGACAGAGCGAAAGAGTGAGACTGTCTCAAAAAAAAAAAAAAAAAAAAAAAAGGAA","GCACAGTGGCTCATGCCTATAATCCCAGCACTTTGGGATGCTGAAGTGGGCAGATCACTGGAGGTCAGGAGTTCGAGACCAGCCTGGCCAACATGGTGAAACCTTGTCTCTACTAAAGATATAAAAACTAGCCCGGCGTGGTGGTGGCACGCACCTGTAGTCCCAGCTACTCAGGAGGCTGAGGCAGGAGAATCATTTGAACCCAGGAAGTGGAGGTTGCAATGAGCTGAGACAGCACCACTGCACCCCAGCCTGGCTGGGTGACAGAGCGAGAGAGTGAGACTCTGTCTCAAAAAAATAATAATAAAAATTAAAAAAA"
"chr1","9144697","9144920","chr12","22745496","22745719","33","13600799","GGCCGCGCGCGGTGGCTCATACCTGTAATCCCAGCACTTTGGGAGGCCAAGGCAGGTGGATTACTTAAGGTCAGGAGTTTGAGACCAGCCTGGCCAACATGGTGAAACCTCATCTCTACTAAAAATACAAAAATTAGCCTGGTGTGATGGGCCACACTTGTGTTCCCAGCTACTTGGGAGGCTGAGGCAGGAGAATCACTTGAACCTGGGAGGCGGAGGTTGCA","GGTCGGGCGCAGTGGCTCACACCTATAATCCCAACACTTTGTGGGGCTCAGGCGGGCAGATCACTTGAGGTCAGGAATTCGAGACCAGCCTGGCCAACATAGTGAAACCCCATCGCTACTAAAAATACAAAAATTAGCCGGGAGTGGTGGTGCACGCCTGTAATCCCAGCTACTCGGGAGGCTGAGGATGGAGAATCACTTGAACCTGGGAGGCAGAGGTTGCA"
"chr1","9146413","9146698","chr2","56700759","56701042","53","47554346","GCCCGGCACGGTGGCTCATGCCTGTAATCCCAGCATTTTGGAAGGCTGAGCCAGGCGGTTCACTTGAGGCCAGGAGTTCGAGACAAGCCTGGGCAACATGGTGAAACCCTGTCTCTACTATTAACAAAGTTACAAAAATTAGGCATGGTGGGGTGTGACTGTAGTCCCAGCTACTCGGGAGGCTGAGGCAGGAGAATTGCTTGAACCCAGAAGGCGAAGATTACAGTGAGTCTAGATCGTGCCACTCTACTCCAGGCTGGGCGACGGAGACTCTGTCTCAAAAAAA","GGCCAGGCTCGGTGGCATGCCTGTAATCCCAGCACTTTGGGAGGCAGAGGCAGGCTGATCACTTGAGGTCAGGAGTTCGAGACCAGTCTGGCCAACATGGTGAAATCCTGTCTCTACTAAAAATACAAAAATTAGCCAGGTGTGGTGGCACACACCTGTAATCCCAGCTACTCGGGAGGCTGAGGCAGGAGAATTGCTTGAACCCAGGAGGCAGAGGTTGCAGTGAGCTGAGATTGTACCACTGTACTCCAGCCTGAGTGACAGAGCAAGACTCTGTCTAAAAA"
"chr1","9146707","9146900","chr9","42312955","42313157","40","33166248","CTTGAGGTCAGGAATTCAAGATCAGCCTGCCCAACAAGGTGAAACCCGGTCTCTACTAAAAACACAAAAAAATTAGCTGGACGTGGTGGCGCACATCTGCAATCCCAGCTACTTAGGAGGCTGAGGCATGAGAATCGCTTGAATCTGGGAGGCAGAGGTTGCAGTGAGCCGAGATCACGCCACTGCACTCCAGC","GAGGTCAGGAGTTCAAGACCAGCCTGACCAACAAGGTGAAACCCCATCTCTACTAAAAATACAAAAATTAGCTGGGCATGGTGGCACACTCCTGTAATTCCAGCTACTTGGGAGACTAAGGCAGGAGAATCACTTGAACCTGGGAGGCAGAGGTTGCAGTGAGCCGAGATCATGCCACTGTGCTCCATCCAGTCTGGGTGACA"
"chr1","9153459","9153760","chr2","36118562","36118865","51","26965103","GGCCGGGCGTGGTGGCTCACACCTGTAATCCCAGTACTTTGGGAGGCTGAGGTGGGTGGATCACTTGAGATCAGGAGTTCGAGATCAGCCTGGTCAACATGGTGAAACGCCATCTCTACTACCAAAAAAAAAAAAAAAATACAAAAATTAGCTAGGCATGGTGGCATGTGCCTGTAGTTCCAGGTACCTGGGAGGCTGAGGCAGGAGAGTTGCTTGAACCTGGGAGGCAGAGGTTGCAGATCACACCAGTGCACTCCAGCCTGGGTGACAGAGCGAGACTCTGTCTTAAAAAAAAAAAAAAA","GGCTGGATGCAGTGCCTCATACCTATAATCCCAGCACTTTGGGAGGCTGAGGTGGGCGGATAACTTGAGATCAGGAGTTTGAGGCCAGCCTGACCAACATGGTGAAATTCCATCTCTACTAAAAGAAAAAAAAAGAAAATACAAAACTTAGCCAGGCATGTTGGTGCATGCCTGTAATCCCAGCTACTCAGGAGGCTGAGGCAGGAGAATTGCTTGAACCCGGGAGGTGGAGGTTGCAGTGAGCACTACTGCACTCCAGCCTGGGCAACAGAGCAAGACTGCGTCTTGAAAAAAAAAAAAAAAA"
"chr1","9173512","9173792","chr3","80959478","80959762","40","71785966","GCTGGGTGCGGTGGCTCACGCCTGTAATCCCAACATTTTGGGAGACTAAGGCAGGTGGGTCACTTGAGGTCACGAGTTCAAGACCAGCCTGGCCAACATGGTCAAACCTCGTTTCTACTAAAAATACAAAAATTAGCCAGGCGTGGTGGCATGCACCTGTAATCCCAGCCACTTGCAAGGCTGAGGCAGGAGAATCGCTTGAACCTGGGAAGCGGAGGTTGCAGTGAGCTGAGATCATGCCATTGCACTCCAGCCTGGGAGTCGCAATGAGACTCTGTCTC","GCTGGGTGCAGTGGTTCACACCTGTAATCCCAGTACTTTGGGAGGCCCAGGCAGGTGGATCACTTGAGGTCAGGAGTTCAAGACCAGACTGGCCAACATGGTGAAACCTTGTCTCTACTAAAAATACAAAAATTAGCCAGATGTGGTGGCATGTGCCTGTAATCCCAGCTACTTGGGAGGCTGAGGCAGGAGAATCTCTTGAATCTGGGAGGTGGAGGTTGCAGTGAGCTGAGATCGTGTCACTGCACTCCAGCCTGGGTGACAGAGTGAGACTTCTTGTCAAAA"
"chr1","9175913","9176212","chr1","39141468","39141769","43","29965555","GGCCGGGCGCTGTGGCTTACATCTGTAATCCCAGAACTTTGGGAGGCCAAGGCGGGTGGATCACTTGAGGTCAGGAATTCCAGACCAGCCTGGGCAACATGGTGAAACCCTGTCTCTATTAAAAATATAAAAATTAGCCAGGCACGGTGGTGTGCATCTGTGATCCCAGCTACTCAGTGGGCTGAGGTAGGAGAATCACTTGAACCCAGGAGGCAGAGGTTGCAGTGAACCGAGACCACACCATTGCACTCCAGCCTGGGTGAAAGAGTGAGACTTCATCTCAAAAAAAAAAAAAAAAAA","GCCAGGCGCCGTGGTTCACACCTGTAATCCCAGCACTTTGGGAGGCCGAGTCGGGTGGATCACTTGAGGTCAGGAGTTCAAGACCAGCCTGGCCAACATGGTGAAACCCTGTCTCTACTAAAAATACAAAAATTAGCCAGGTGAGGTGGCGGCGCACACCTGTGATCCCAGCTAATCCGGAGGCTGAGGCAGGAGAATTGCTTGAACCCAGGAGGGGGAGGTTGCAGTGACCGAGATCACACCACTGCACTCCAGCCTAGGTGACAGAGTGAGACTTTGTCTCAGAAATAAAATACAAAAAA"
"chr1","9177190","9177308","chr15","61467699","61467834","32","52290509","TGGTGGCGCGTGCCTGTAATCCCAGCTACTCAGGAAGCTGAGGCAGGAGAATTGCTTGAACCCCGTAGGTAGAGGTTGCAGTGAACTGAGATTGCACCACTGGAAGTGACAGAGTAAGA","CATGGTGGCGTGTGCCCCTGTAGTCCCAGCTACTCAGGAGGCTGAGGCAGGAGAAGCACTTGAACCCAGGAGGCAGAGGTTGCAGTGAGCCGAGATCGCGCCACTGCACTCCCCCAGCTTGGCGACAGAGTGAGAC"
"chr1","9178172","9178476","chr6","17068239","17068542","40","7890067","GGCTGGGTGCGGTGGCTCACCTGTAATCCCAGCACTTTGGGGTGCTGAGGTGGGCGGATCACTTGAGGCCAGGAGTTCGAGACCAGCCTGGACAACATGGTGAAACCCCTGTCTCTACTAAAAATGCAAAAATTAGCTGGGCGTCATGGTGCGCGCCTGTAATCCCAGCTACTTGGGAGGCTGAGGCAGAAGAATCGCTTGAACCCGGAAGGCAGAGGTTGCAGTGAGCCGAGATCATGCCACTGCTGCACTCCAGCCTGAGTGACAGAGCGAGACTGTGTCTCAAAGAAAAACACAAAAAGAAA","GGCTGGACGCAGTGGCTCATGCCTGTAATCCCAGCACTTTGGGAGGCCAAGGTGGGTGGATCACTTGAGGTCAGGAGTTCGAGACCAGCCTGGCCAACATGGTGAAACCCTGTCTCTACTAAAAATACAAAAATGAGCTGGGCATGCTGGTACACATCTGTAATCCCAGCTACTTGGGAGGCTGAGGCAAGAGAATCGCTTGAACCCAGGAGGCAGAGGTTGCAGTGAGCCGAGATTGCACCACTGCACTCCAGCCTGGGCAACAGAGCAAGACTCTGTCTCAAAAAAAAAAAAAAAAAGAAAA"
"chr1","9189071","9189379","chr13","31331915","31332215","41","22142844","GGCTGGGCACGGCAACTCACACCTGTAATCCCGGCACTTTGGGAGGCTGAGGCGGGCGGATTATTTGAGGTCAGGAGTTCGAGACCAGCCTGGCTAACATGGTGAAACCCCGTCTCCACTAAAAATACAAAAAAAGTAGCAGGGCATGCTAGCGCATGCCTGTAATTCCAGCTAATCGGAAGGCTGAGGCAGGAGAATTGTTTGAACCCAGGAGGCGGAGGTTGCAGTGAGCTGAGATCACACCACTGCACTCCAGCCTGAGTGACAGACTGAGACTCCGCCTCAAAAAAAAAAAAAAAAAAAAAAAGA","GGCTGGGCATGATCACATCTGTAATCCCAGCACTTTGGGAGGCTGAGGCAGGCAGATCACTTGAGGTCAGGAGTTTGAGACCAGCCTGGCCAACATGGTGAAACCCCATCTGTACTAAAAATACAAAAATTAGCCAGGCATGGTCGCACATACCTGTAGTTCCAGCTATTCAGAAGGCTGAGGCAGGAGAATTGTTTGAACCCAGGAGGCAGAGTTGCAGTGAGCCAAGATCATGCCACTGCACTCCAGCCTGGGTGACAGAGCAAGACTCTGTCTCAAAAAAAAAAAAAAAAAAAAAAAA"
"chr1","9194955","9195262","chrX","47176701","47177007","50","37981746","GCCAGGCACGGTTGCTGACGCCTGTAATCCCAGCACTTTGGGAGGCTGAGGCAGGCAGATCACTTGAGGCCAGGAGTTTGAGACTAGCCTGGCCAACATGGTGAAACCTGGTCTCTACTAAAAAATAAAAAAATTAGCCAGGCATAGAGATGCACACCTGCAGTCCCAGTTACTCAGGTGGCTGAGGCAAGAGAATTGATTGAACCCAGGAGGCGGAGGTTGCAGTGAGCCAAGATCACACCACTGCACTCCTGGGTGACAGATTGAGACCCTGTTTCAAAAAAAAAAAAAAAAAAAAAAGAAGTAAA","GGCCGGGCACAGTGGCTCATGCCTGTAATCCCAACACTTTGGGAGGCAAAGGTGGGCAGATCACTTGAGGCCAGGAGTTCGAGACCAGCCTGGCCAAAATGGTGAAACCCTGTCTCTACTAAAAATACAAAAATTAGCCAGGCGTGGTGGTGCATGCCTATAGTCCCAGGTACTCCGGAGGATGAGGCAGGAGAATTGCTTGAACTCGGGAGGCAGAGGTTGCAGTGAGCCAAGATTGCACCACTGCACTCCAACCTGGGTGACAGAGTAAGACTCTGTCTCAAAAAAAAAAAAAAAAAAAAAAAAA"
"chr1","9208237","9208529","chr4","156698023","156698319","45","147489786","GGCGGGGCGTGGTGGCTCATGTCTGTAATCCCAGCACTTTTGGAGACCGAGGAGGGTGAATCACTTGAGGTCAGGAGTTCAAGACCAGCCTGGCCAACATGGTGAAACTAAAAATACAAAAAATTAGCCAAGCATGGTGGCATACACCTGTAATCCCAGCTACTCGGGAGGCTGAGGCAGGAGAATCGCTTGAACCCAGAAGGTGGAGGTTGCAGTGAGCCGAGATCGTGCCGCCTCACTCCAGCCTGCGTGACAGAGCAAGACTCCATCTCAAAAAAAGAATAAACAAATAA","GGCTGGGTGTGGTGGCTCATACCTGTAATCCCAGCGCTTTTGGAGGCTGAGGTGGGTGGATCACTTGAGGTCAGGAGTTCTAGACCAGCCTGGCCAACATGGTGAAATCCCATCTCTACTAAAAATACAAAAATTAGCTGGGCATGGTGGCAAGCACCTATAATCCCAGCTACTTGGGAGGCTCAGGCAGAAGAATCGCTTGAACCCAGGAGGTGGAGGTTGCAGTGAGCCTAGATTATGCCACTGCACTCCAGCCTGGGTGACAGAGCAAGACTCCATCTCAAAAAAAAAAAAAAA"
"chr1","9212168","9212470","chr6","43666330","43666629","34","34454162","GGCCGGGCACAGTGGCTCACGCCTGTAATCCTAGCACTTTGGGAGGCCAAGGCAGGTGGATCACTTGAAGTCAGGAGTTTGAGACCAGCCTGGCCAACATGGTGAAACCCCATCTCTACTAAAAATATAAAAATTAGCTGGGCATGGTGGCATGTGCCTGTGATCCCAGCTACTCGGGAGGCTGAGGTAAGAGAGTCGCTTGAATCTGGGAGGCGGTGGTTGCAGTGAGCCGAGATCGCATCACTGCACTCCAGCCTGGGTGACAGAGTGAGACTCTGTCTCAAAAAAAAAAAAAAAAAAAAA","GGCTGGGCAAGATGGCTCATGCCTGTAACCCAGCACTTTAGGAGGCTGAGGCAGGTGGATCACTGGAGGTCAGGAGTTTGAGACCAGCCTGGCCAACATGATGAAACCCCGTCTCTACTAAAAATACAAAAATTTGGTGGGCATGGTGGTGCGTGCCTGTGGTCCCAGCTACTCGGGAGGCTGAGGCAGGAGAATTGCTTGAACCTGGGAGGTGGAGGTTGCAGTGAGCCAAGATTGCACCACTGCACTCCAGCCTGGCAACAGAGTGAGACTCTGTCTCAAAAAAAAAAAAAAAAAAAA"
"chr1","9215635","9215928","chr4","36563326","36563622","48","27347691","GGCTGGTTGCGGTGGCTCACGCCTGTAATCCCAATACTTCAGGAGGCCGAAGCGGGCAGATCACTTGAGGCCAGGAGTTCCAGACCAGCCTGGCCAAGGTGGTGAAACCCTGTCTCTACTAAAAATACAAAAATTAGCCAGGCGTGGTAGTGCGTGCCTGTAATCCCAGCTACTCCGGAGTCTGAGGCAGGAGAATTGCTTGAACCTGGGAGGCCGAGGTTGCAGTGATCACGCCATTGCACTCCAGCCTGGGCGACAGGGTGAAACTCTATCTCAATTAAAAAAATAGAAAGA","GGCTGGGCGTGGTGGCTCACACCTGTAATCCCAACACTTTGGGAGGCCAAGGTAGGCAGATCACTAGAGGCCAGTAATTCAAGACCAGCCTGGCCAACATGGTGAAACCCTGTCTCTACTAAAAATACAAAAATTAGCTAGGCATGGTGGTGCGGGCCTGTAATCCCAGTTACTTGGGAGGCTGAGGCAGGAGAATTGCTTGAACCTGGGAGGCAGGGGTTGCAGTGAGCAGAGATCACGCCACAGCACTCCAGCCTAGGCTACAGAGCGAGACTCTTGTCTCAAAAAAAAAAAAAA"
"chr1","9224217","9224521","chr22","15341421","15341725","40","6117204","GGCCAGATGGGGCGGCTCACGCCTGTAATCCCAGCACTTTGGGAAGCTGAGGTGGGCGGATCACTTGAGGCCAGGAGTTCGAGACCAGCTTGATCAACATGGTGAAACCCCGTCTCTACTAAAAATACAAAAAATAGCTTAACGTGGTGGTGCACACCTGTAATCCCAGCTACTCGGGAGGCTGAGGCAAGAGAATCACTTGAACTCAGAAGGCGGAGGTTGCAGTGAGCCGAGACTGTGCCACTGCACTCCAGCCTGGGTGACAGAGAGAAACTGTGTCTCAAAAAAATAATAATAATAAATAA","GGCCAGGTGTGGCGGCTCACACCTGTAATCCCAGCACTTTGGGAAGTCAAGGTGGGCGGATCACTTGAGGTCAGGAGTTCAAGACCAACCTGGCCAACATGGTGAAACCCCGTCTCTACTAAAAATACAAAAATGAGCCGGGTGTGGTGGTGCCCGCCTGTATTCCCAGCTACTTGGGAGACTGAGGCAGGAGAATCACTTGAACCCAGGAGGCAGAGGTTGCAGTGAGCCAAGACTGTGCCACTGCACTCCAGCCTGGGTGACAGAGTGAGATTGTCTCAAAAAAAAAAAAAGGAAAAAAGAAA"
"chr1","9227371","9227678","chr18","39712282","39712591","35","30484911","GGCCAGGCGTGGTGGCTCACCCTGTAATCCTAGCACTTTGGGAGGCCGAGGCAGGCGGACCACTTGAGGTCGGGATTTCAAAACCAGCCTGGCCAACATGGTGAAACCCCATCTCTACTAAAAATACAAAAAAATTAGCCGGGCATGGTGGCGCACGCCTTTAATCCCAGCTACTTGGGAGGCTGTGGCAGGAGAATTGCTTGAACCTGGGAGGCAGAGGTTGCGGTGAGCCAAGATCGTGCCACTGCACTCCAGCCTGGGCGACAGAGTGAGACTCTGTCTCAAAAAAAAAAAAAAAAAAAAAAAAA","GGCTCAGTGTGGTGGCTCACACCTGTAATCCCAGCACTTTGGGAGGCTGAGGTGGGCAGACCATTTGAGATCAGGAGTTCAAGATCAGCCTGGCCAACATGGTGAAACCCCATCTCTACTAAAAATACAAAAAATTAGCTGGGCATGGTGGCATGTGCCTGTAATCCCAGCTACTTGGGAGGCTGAGGCAGGAGAATCGCTTGAGCCCAGGAGGCAGAGGTTGCAGTGAGCAGAGATCGTGCCACTGCACTCCAGCCTGGGTGACAGAGTGAAACTCTGTTTCAAAAAAAAAAAAAAAAAAAGAAAGAAA"
"chr1","9236380","9236688","chr7","10120794","10121094","58","884414","GGCCGGGCCCAGTGGCTCACGCCTGTAATCCCAACACTTTCGGAGGCCAGGGCGGGCAGGTCACTTGAAGAGTTCAAGACCAGCCTTGCCAACATGGTGAAACCCCGTCTCTACTAAAAATACAAAAATTTGCTGGGCATGGGGGCAGCGGATGCCTGTAATCCCAGCTGCTGGGGAGGCTAAGGCAGGAAAATCGCTTGAACCGCCCTGCCTCCGGTGACGGAGGTTGCAGTGAACCAAGATCGTGCCACTGCACTCCAGCCTGGGTGACAAAGCTAGACTTCTCCTTAAAAAAAAAAAAAAAAAAAA","GGCCAGGCGCGGTGGCTCATGCCTGTAATCCCAGCACTTTGGGAGGCCAAGGCAGGCAGATCACTTGAGGTCAGGAGTTCGAGACCAGCCTGACCAACATGGTGAAACCCTGTCTCTACTAAAAGTACAAAAATTAGCTGGGCATGGTGACGCGTACCTATAATCCCAGCTGTTTGAGAGGCTGAGGCAGGAGAATTGCTTGAACTCTGGAGGCGGAGGTTGCAGTCAGCCAATGTCATGCCACTGCACTCCAGCCTGGGTGACAGAGTGAGACTCCATCTCAGAAAAAAAAAAAAAAAAA"
"chr1","9245950","9246243","chr5","38614488","38614784","38","29368538","GGCAGGGTGCGGTGGCTCACGCCTGTAATCCCAGCACTTTGGGAGGCCGAAGTGAGCGGATCACTTGAAGTCAGGATTTTGAGACCAGCCTGGCCAACATGGTGAAAACCCATTTCTACTAAAAATGCAAAAAATTAGCCGGGCATGGTGATGCGCGCCTGTACTCCGAGCTACTTGGGAGGCTGAGGCGGGAGAATTGCTGGAACCCAGGAGGCGGAGGTTGCAGTGAGCCGAGATCATGCCACTGCACTCCAGCCTGGTGACAGAGCAGACTCTGTCTAAAAAAAAAAAAAA","GGCTGGGTGTGGTGGCTCACACCTGTAATCCCAGCAATTTGGGAGGCTGAGGCAGGCGGATCACTTGAGGTCAGGAGTTTGAGACCAGGCTGGCCAACATGGTGAAACCCCATCTCTACTAAAAATACAAAAATTAGCTGGGCATGGTGGCACACATCTGTAATCCCAGCTACTTGGGAGACTGAGGCTGGAAAATTGCTTGAACCCAAGAGGTGGAGGTTACAGTGAGCCAAGATCATGCCACTGCACTCCAGCCTGGGTGACAGAGTGAGACTCTGTCTCAAAAAAAAAAAAAAA"
"chr1","9254074","9254380","chr10","99253011","99253314","46","89998937","GGCTGGGCACGGGGGCTTATACCTGTAATCCCAGCACTTTGGGAGGCCGAGACGGGTGGATCACTTGAGGTCAGGCGTTCAAGACCAGCCTGGTCAAATGGTGAAACCCCATCTCCACTAAAAATACAAAAATTATCCAGGCATGGTAGTTTGTGCCTGTAATCCCAGCTACTCGGGAGGCTGAGGCAGGAGAATTGCTTGAACCCAGGAGGCGAAGGTTACAGTGAGCCAAGATCGCGCCACTGCACTGCAGCCTGGGTAATGGGGAGACTCCATCTCCAATAAAATAAAACAAAATAAGATAAGA","GGCTGGGCACGTTGGCTCATGCCTGTAATCCCAGCACTTTGGGAGGCCGAGGTGGGTGGATTACTTGAGGTCAGGAGTTCAAGACCAGCGTGACCAGTATGATGAAACCCCATCTCTACTAAAAATACAAAAATTAGCCGGGCATGGTAGCATGTGCCTGTAGTCCCAGCTACTCAGGAAGCTGAGACAGGAGAATTGCTTGAATCCAGGAGGCGGAGGTTGCAGTGAGTCTAGATTGCATCACTGCACCCTAGTCTGGGCTACAGAGGGAGACTCCATCTCAAAAAAAAAAAAAAAAAGAAAA"
"chr1","9274737","9275014","chr14","18936862","18937136","42","9662125","GGCCGGGAGCAGTGGCTCACACCTGTTAATTCCAGCACTTTGGGAGGCCAAGATGGGTGGATCACTTGAGGTCAGGAGTGCGAGACCAGCCTGGCCAATATGGCTAAACCCCATCTCTACTAAAAATACAAAACAAAACTTAGCCAAGTATGGTGGTGCACATCTGTAGTCCCAGCTACTTGGGAGGCTGAGGCAGGAGAATCACTTGAACCCAGGAGGCAGAGGCTGCAGTGAACCGAGATCGCACCACTGCTCTCCAGCCTAGGTGACAGAGTGAG","GGCCGGGGAGTGGTGGCTCACACCAGTAATCCCAGCACTTCGGGAGGCCACGGTGGGTGGATCACTTGAGGTCAGGAGTTTGAGACCAGCCTGGTCAATATGGTGAAACCCCATCTCTACTAAAAATACAAAAATTAGCTGAGCATGGTGGTGTGTGCCTGTAATCCCAGCTACTCAGGAGGCTGAGGCAAGAGAATCGCTTGAACCCAGGAGGCAGAGGTTGCGGTGAGCCGAGATCTCACCACTGCACTCCAGCCTGGGCAACAGAGTGAGAC"
"chr1","9276384","9276681","chr5","38614488","38614784","35","29338104","GGCCGGGTGCAGTGGCTCACGCCTGTAATCCCAGCACTTTGGGAGGCCGAGGCAGGAGGATCACTTGAGGTCAGGAGTTTGAGACCAACCTGACTAACATGGTGAAACCCCGTCTCTACTAAAAATACAAAACATTAGCTGGGCGTGGTAGTGCACGCCTGTAATCCCAGCTACTTGGGAAGCTGAGGTGGGAGAATTGCTTGAATCCTGGAGGCGGAGGTTGCAGTGAGCCAAGATTGCGCCACTGCACTCCAACCTGGGTGACAGAGTGAGACTCTGTCTCAAACAAACAAAAAAA","GGCTGGGTGTGGTGGCTCACACCTGTAATCCCAGCAATTTGGGAGGCTGAGGCAGGCGGATCACTTGAGGTCAGGAGTTTGAGACCAGGCTGGCCAACATGGTGAAACCCCATCTCTACTAAAAATACAAAAATTAGCTGGGCATGGTGGCACACATCTGTAATCCCAGCTACTTGGGAGACTGAGGCTGGAAAATTGCTTGAACCCAAGAGGTGGAGGTTACAGTGAGCCAAGATCATGCCACTGCACTCCAGCCTGGGTGACAGAGTGAGACTCTGTCTCAAAAAAAAAAAAAAA"
"chr1","9366575","9366872","chr5","109594551","109594853","37","100227976","GCTGGGCATGGTGGTTCACGCTGGTAATCCCAGCATTTTGGGAGGCCAAGGTGGGTGGATCATTTGAGGCCAGGAGTTCAAGACCAGCCTGGCCAACATGGTGAAACCCCGTCTCTACTAAAAATACAAAAATTAGTTGGGCGTGGTGGTGTGTGCCTGTAATCCCAGCTACTCAGGAGTCTGAGGCAGGAGAATCGCTTGAACCTGGGAGATGGAGGTTGCAGTGGGCTGAGATCACGCCACTGCACTCTAGCTGGGCGACAGAGCAAGACTCGGTCCAAAAAAAAAAAAAAAAGAA","GGCCAGGCATGGTGGCTCACGCCTGTAATCCCTGAATTTTGGGAGGCCAAGGTGGGTGGATTAGGTGAGGTCACAGGAGTTTGAGACTAGCCTGGTCAACATGGTGAAACCCCGTCTCTACTAAAAATACAAAAATTAGCTGGGTGTGGTGGCGTGTGCCTGTAATCCCAGCTACTCAGGAGGCCGAGGCAGGAGAATTGCTTGAACCTGGGAGATGGAGGTTGCAGTGAGCTGAGATTATGCCACTGCACTCCGACCTGGTGACAGAGCGAGACTCCGTCTCAAAAAAGAAAAAAAACAAAA"
"chr1","9381366","9381662","chr6","147894727","147895020","42","138513361","GGCTGGGCTCCGTGGCTCACGCCTATAATCCCAGCAGTTTGGGAGGCCAAGGCAGGCAGATCACTTGAGGTTAGGAGTTTGAGACCAGCCTGGCCAACATAGCAAAACCCTGTCTCTGCTGAAAATACAAAAAAATTAGCTGGCCCTGATGGCAAACACCTGTAGTCCCAGCTACTCAGGAGGCTGAGGTGGGAGAATCGCTTGAACCTGGGAAGCAGAGGTTGCAGTGAGCTGAGATCACACCACTGCACTCCAGCCTGGGCAACAGAGCAAGACTCCAACTCAAAAAAAAAAAAA","GGCCAGGCACGGTGGCTCATACCTGTAATCCCAGCACTTTGGGAGGCTGAGGCAGGTGGATCACTTGAGGTCAGGAGTTTGAGACCAGCCTGGCCAACATGATAAAACCCCATCTCTACTGAAAATACAAAAATTAGCCGGCACGGTGGCCTGCGTCTGTAATCCCAGCTACTCAGGAGGCTGAGGCAGGAGAATTGCTTGAACCCGGGAGGCAGAGGTTGCAGTGAGCTGAGATCGTGCCACTGCACTCCAGCCTGGGAAACTGAGCAAGACTCCATCTCAAAAAAAAAAAAA"
"chr1","9393310","9393603","chr7","43892666","43892959","40","34499356","GGCCAGGTGCAGTGGCTCATGTCTGAGCACTTTGGGAGGTCGAGGTGGGCGGATCACTTGAGGTCAGCAGTTGGAGACCAGCCTGGCCAACATGGGGAAACCCCGTCTCTACTAACAATACAAAAATTAGACAGGCGTGGTGGTGCATGCCTTTAGTCCCAGCTTTGGGAGGCTGAGGCATGAGAATAGCTTGGACCTGGGAGGCAGAGGTTGTAGTGAGTAGTGAGCCAAGACTGCACCACTGCACTCCAGCCTGAGCGACAGAGTGAAACTGTCTAAAAAAAGAGGAGGAAA","GGCCGGGCGCAGTGGCTCATGAGCAATTTGGGAGGCCGAGGCTGGCGCATCACTTGAGGTCAGCAGTTGGCAACCAGCTTGGCCAACATGGGGAAACCCCATCTCTACTAATAATACAAAAATTAGCCAGGCATGGTGGTACATGCCTTCAGTCCGTCTCAGCTATTTGGAAGGCTGAGGCATGAGAATCACTTGGACCTGGGAGGCAGAGGTTGTAGTGAGTAGTGAGCTGAGATTACACCACTGCACTCCAGTTTGAGTGACAGAGTGAAACTGTCTGAAAAAAAGAAGAAA"
"chr1","9395970","9396266","chr6","147894727","147895020","36","138498757","GGCCGGGCGCGGTGGCTCACACCGGTAATCTCAACACTTTGGGAGGCCGAGGCAGGCAGATCATTTGAGGTCAGGAGTTCAAGACCAGCCTGACCAACGTGGTGAAACCCCATCTCTACTAAAAATACAAAAATTAGCCAGGCATGGTGGCACGCACCTGTAATACCAGCTACTCAGGAGGCTGAGGCAGGAGAATCACTTGAACCCGGGAGGCAGAGTTTGCAGTGAGCTGAGATCGTGCCATTGCACTCTAGCCTGGGCAACGGAGCAAGACTCTGACTCAAGAAAAAAAACAAA","GGCCAGGCACGGTGGCTCATACCTGTAATCCCAGCACTTTGGGAGGCTGAGGCAGGTGGATCACTTGAGGTCAGGAGTTTGAGACCAGCCTGGCCAACATGATAAAACCCCATCTCTACTGAAAATACAAAAATTAGCCGGCACGGTGGCCTGCGTCTGTAATCCCAGCTACTCAGGAGGCTGAGGCAGGAGAATTGCTTGAACCCGGGAGGCAGAGGTTGCAGTGAGCTGAGATCGTGCCACTGCACTCCAGCCTGGGAAACTGAGCAAGACTCCATCTCAAAAAAAAAAAAA"
"chr1","9399103","9399411","chr8","106281938","106282251","44","96882835","GGCCAGGTGTGGTGGCTCACACCCGTAATCCCAGCACTTTGGGAGGCTGAGGCAGGTGGATCACTTGAGGTCAGGAGTTCAAGACCAACCTGACCAATGTGGTGAAACCCATCTCTATTTAAATATACAAAAATTAGCTGGGCATGGTGGTGTGTGCCTGTAATCTCAGCTACTTGGGAGGCTGAGGCAGCAGAATCACTTGACCCCAGGAGGCGGAGGTTGCAGTGAGCTGAGATAGTACCGCTGCACTCCAGCCTGGGTGACAGAGTGGGACGCCATCTAAAAATAAATAAACAAGTAAATAAATAA","GGCCGGGCGCGGTGGCTCACACCTGTAATCCGAGGACTTTGGGAGGCTGAGGCAGATGGATCATTTGAGGTCAGGAGTTCAAGACCAACCTGGCCAACATGGTGAAACCCTGTCTCTACTAAAAATACAAAAATTAGCTAGGTGTGGTGGTGAGTGCCTGTAATCCCAGCTACCTGGGAGGCTGAGGCAGGAGAATCGCTTGAGCCCAGGAGGAGGAGGTTGCAGTGAGCTGAGATTGCACCACTGCATTCCAGCCTGGGAGACAGAATGAGACTCCACCTCAAAAATAAATAATTAATAAATAAAGAAAGAAA"
"chr1","9401292","9401607","chr1","184817871","184818171","52","175416579","GGCCGGGCGCGGCGGCTCATGCCTGTAATCCCAGCACTTAGGGCGGCCAAGGTGGGCGGATCACTTGAGGTCAAGAGTTTGAGACCAGCCTGGCCAACATGGTGAAACCCCATCTCTACTAAAAATACACAAAATTAGCCGGGCGTGGTGGTGCGCGCCTGTAATCCCAGCTACTCAGGAGGCTGAGAAACAAGAATTGCTGAGGCAGAGGTTGACGAAGGGGGTGGAGGTTGCAGTGAGCCGAAATTGTGCCACTGCACTCCAGCCTGGGCGACAGAGTGAGACTCTGTTTCAAAAAAAATAAAACAAAATAAAA","GGCCGGGTGCAGTGGCTCACGCCTATAATCCCAGCACTTTGGGAGGCCGAGGTGGGAGGATCACTTGAGGTCAGGAGTTTGAGACCAGCCTGGCCAACATGGTGAAACCCCATCTCTACAAAAAAAAAAATAGCCGGGTGTGGTGGTGTGCACCTGTAGTCCCAGCTACTTGGGAGGCTGAGGCAGGAGAATTGCTTGAACCAGAGAGGTGGAGGTTGCAGTGAGCCGAGATCGTGCCACTGCACTCCAGCCTGGGTGACAGAGCAAGAGTCCGTCTCAAAAATAAAATAAAATAAAATAA"
"chr1","9403169","9403355","chrX","106480049","106480214","41","97076880","TTAGCCAGGCGTGGTGGTGCACACTTGTAGTCCCAGCTACTCGGGAGGCTGAGGCAAGAGAATCACTTGAACCTGGGTGTACCTGGGAGGCAGAGGTTGCAGTGAGCCAAGATTGTGCCACTGTACTCTAGCCTGGGCGACAGAGGGAAACTCCGTCTCATAAAAACCAAAAAAACAAAAAACAAAA","ATTAGCCAGGCATGGTGGCGCATGCCTGTAATCCCAGCTACTTGGGAGGCTGAGGCAGGAGAATCTCTTGAACCTGGGAGGCAGAGGTTGCAGTGAGCCGAGATTGTGCTATTACTCTCCAGCCTGGGCAACAAGCGAAACTCTGCTCAAAAAAAAAAAAAAAAAA"
"chr1","9403655","9403789","chr15","24947299","24947432","15","15543644","GGCCAGGCACTGTGGCTCATGCCTGTAATGCCAGCACCTTGGGAGGCCGAGGCGGGCAGATCGCTTGAGGCCAGGAGTTCGAGACCACTCTGGCCAACATGGTGAAACCCCGTCTCTACTAAAAATACAAAAATT","GGCCAGGCACAGTGGCTCATGCCTGTAATCCCAGCACTTTGGGAAGCCAAGGTGGGCAGATCACTTGAGATCAGGAGTTCGAAACCAGCCTGGCCAACATGGTGAAACCCATCTCTGCTAAAAATACAAAAATT"
"chr1","9415021","9415312","chr7","43918375","43918665","31","34503354","GGCCAAGTGTGGTGGCTCACGCCTGTAATTCCAGCACTTTGGGAGGCCAAGGTGGGTGGATCACTTGAGATTAGGAGTTCGAGACCAGCCTGGCCAACACGGTGAAACCCCGTCTCTACTAAAAATACAAAAATTAGCCGGTTGTAGTGACACATGCCTGTAATCCCAGCTACTCGGGAGGCTGAGGCACAAGGATCACTAGAACAAGGGAGGTGGAGGCTGCAGTGAGCCAAAATTGCAACACTGCACTCCAACCTGGGCAACAGAGACTCTATTTAAAAAGAAAAAAAAA","GCCAAGTGTGGTGGCTCATGCCTGTAATCCAGGCACTTTGGGAGGCCAAGGTGGATGGATAACTTGAGGTCAGGAGTTCAAGACCAGCCTGGCCAACATGATGAAACCCTGTCTCTCCTAAAAATACAAAAATTAGCCAGTTGTGGTGGCACATGCCTGTAATCGCAGCTATACAGGAGTCTGAGGCACGAGAATCACTGGAATAAGGGAGGTGGAGGCTGCAGTGAGCAGAAATTACACCACTGCACTCCAACCTGGGCAACAGAGACTCTGTTTAAAAAGAAAAAACAA"
"chr1","9428045","9428340","chr11","120968393","120968688","52","111540348","GGCCAGGCGTGGTGGCTCACACCTGTTACCCCAGCACTGTGGGAGGCCGAGTTGGGCGGATCACTTGAGGCCAGCCTGGCCAACATGGTGAAACCCCGTCTCTACTAAAAATACAAAAATTAGCCAGGCGTGGTGGTGCACGCCTGTAATCCCAGCTGCTCCGGAGGCTGAGGCAGGAGAATCGCTTGAACCCGGGAGGTGGAGGTTGCAGTGAGTCGAGCTGGCACCACTGGACTTCAGCCTGACCGACGGTGAGACTCCGGCTCAAAAGAAACAAAAACAAACAAACAAACAAA","GGCCGGGTGTGGTGGCTCATGCCTGTAATCCCAACATGCTGGGAGGCCAAGGTGGGCGGATCACTTGAGGTCAGCCTGGGCAACATGGCGAAATCCCATCTCTACTAAAAATACAAAAATTAGCTGGCATGGTGGCGGCACCTGTAATCCCAGCTACTCTGGAGGCTGAGGCAGGAGAATTGCTTGAACCTGGTAGGTGGAGGTTGCGGTGAGCACAGATTGTGCCACTGTACTCCAGCCTGGGAGACAGAGTGAGACTCTGTCTCAAAAACAAACAAACAAAAAAACAAAAACAA"
"chr1","9445262","9445571","chr3","153217268","153217573","44","143772006","GGCCGACGCGGTGGCTCAGGCCTGTAATCCCAGCACTGTGGGAGGCCGAGGCGGGCAGGTCACTTGAGGTCAGTAGTTTGAGACCAGCCTGGCCAACATGGTGAAAGCCCATCTCTACTAAAAATACAAAAATTAGCTGGGCGTGGTGGCGTGCTCCTGTAGTCCCAGCTACTTAGGAGGCTGAGGCAAGAGAATCGATTGAACCTGGGAGGTGGTGGTTGCAGAGAGCCAAGATCACATCACTGCACTCCAGCCTGGGTGGCAGAGCGAGACTCCGTCTCAAAAAAGAAACGAGTAATAAATAAATAAA","GGACGGGCGCAGTGGCTCACGCCTGTAATCCCAACACTTTGGAAGGCCGAGGCAGGCAGATCACTTGAGGTCAGGAGTTAGAGACCAGCCTGGCCAACATGGTGAAACCTTGTCTCTACTAAAAATACAAAAAGTAGCTGGGCGTGGTGGCACGCACCTGTAGTCCCAGCTATTTGGGAGGCTGAGGCAAGAGAATCGCTTGAACCTGGGAAGTGGAGGTTGCGGTGAGCCAAGATTGCACCACTGCACTCCAGCCTGGGTGACAGAGTGAGACTCCGACAAAAAAAAAAAAAAAAAGAAAAAAAA"
"chr1","9455137","9455253","chr18","2999548","2999662","10","6455589","GGCTGGGCACAGTGGCTCATGCCTGTAATCCCAGCGCTTTGGGAGGGCGAGGCAGGTGGATCACTTGAGGTCAGGAGTTTGAGACCAGCCTGGCCAACATGGTGAAACCCCATCTCT","GCTGGGCACAGTGGCTCATGCCTGTAATCCCAGCATGCTGGGAGGCCAAGGCAGGTGGATCACTTGAGGTCAGGAGTTTGAGACCAGCCTGGCCAAATGGTGAAACCCTGTCTCT"
"chr1","9457929","9458011","chr2","172037559","172037641","10","162579630","GCTGAGCACGGTGGCTCACACCTGTAATCCCAGCACTTTGGGAGGCTGAGGTGGGTGGATCACTTAAGTTCAGGAGTTCAAAA","GCTGGGCACGGTGGCTCGCGCAGGTAATCCCAGCACTTTGGGAGGCTGAGGTGGGCAGATCACTTGAGGTCAGGAGTTCAAGA"
"chr1","9460631","9460932","chr19","26753276","26753574","39","17292645","GGCTGGGCATGGTGGCTCATGCCTGTAATCCCAGCACTTTGGGAGGCTAAAGCAGGCAGATCACTTGAGACCAGGAGTTTGAGACCAGCTTGGCCAACATAGTGAAACCCTTCTCTACTAAAAATACAAAAATTAGCCGGGTGTGGTGGCGCATGCCTGTAGTCCCAGCTACTTGGGAGGCTGAGGCAAGAGGATTGCTTGAACCTGGGAAGCAGAGGTTGCAGTGAGCCAAGATCATGCCACTGCACTCCAGCCTGGGCAACAGAGTGAGACTCCACTTTAAAAATAAATAAATAAATAAA","GCCGGGCATGGTGGCTCAGGCCTGTAATCCCAGCACTTTGGGAGGCCAAGGCGGGTGGATCACTTGAGGTCAGGAGTTCAAGACCAGCCTGGCCAACATGGTGAAACCCCATCTCTACTAAAAATACAAAAATTAGCAGGGTGTGGTGGTGCATGCCTGTAGTCCTAGCTACTTGGGAGGCTGAGGCAGGAGAATTGCTTGAACCGGGAAGCAGAGACTGCAGTGAGCCAAGATCATGCCACCGCACTCCTGCCTGGGTTACAAAGCAAGACTCCATCTAAAAACGAACAAAACAAAAA"
"chr1","9469421","9469723","chr11","64234338","64234642","42","54764917","GGCCGGGCATGGTGGCTCACGCCTATAATCCCAACACTTTGGGAAGCCAAGGTGGGTGGATTACTTGAGGTCATGAGTTCGAGGCCAGCCTGGCCAACGCAGTGAAATCCCATCTCTACTAAAAATACAAAAATTAGCCAGGCATGGTGGTGCATGCCTGTAGTCCCAGCTTCTTGGGAGGCTGAGACAGGAGAGTCACTTGAACCCAGGAGGCTGAGATTGCAGTAAGCCAAAGTTGCACCACTGCACTCCAGCCTAGGCAATAGAGAGAGACTCTGTCTCAAAAAATAAAGAAATAAAAAA","GGCCAGGCACGGTGGCTCACGCCTGTAATCCCAGCACTGTCGGAAGCCAAGGAAGGTGGATCACTTGAGGTCAGGAGTTCAAGACCAGCCTGGCCAACATGGTGAAGCCCCATCTCTACTAAAAATACAAAAATTAGCTGGGCATGGTGGTGAATGCCTGTAATCCCAGCTACTCGGGAGGCTGAGACAGGAGAATGACTTGAACCTGGGAGGCGGAGTTTGCAGTAAGCCAAGATTGCACCACTGCACTCCAGCCTGGGCGACAGAGTGAGACTCTATCACAAAAACAAAACAAAAACAAAAAA"
"chr1","9479718","9480024","chr3","106655459","106655766","41","97175741","GGCCGGGTACGGTAGCTCAAGCCTGTAATCCCAGCACTTTGGGAGGCTGAGGTGGGAGGATCACTTTAGGTCAGAAGTTTGAGATCAGCCTGGCCAACATGATGAAACCCCGCCTCTACTAAAAATACAAAAATTAGCTGGGCGTGGTGGCATGCACCTGTAGTCCTAGCTACTTAGGAGGCTGAGGCAGGAGAATCCCTTGAACCAGGGAGGCAGAGGCTGCAGTGAGCTGAGATTGAGCCACTGCACTTCAGCCTGGGCAACACAGCAAGACTCCGTCTCAAAAAAAACACAACAACAACAAAAA","GGTCGGGTGTGGTGGCTCGTGCCTATAATCCCAGCACTTTGGGAGGCTGAGGTGGGCAGATCACTTGAGGTCAGGAGTTTGAGACCAGCCTGGCCAACATGGTGAAACCCCGTCTCTACTAAAAATACAAAAATTAGCCAGGTGTGGTGGCATGCATCTGTAATCCCAGCTACTTTAGGAGGCTGAGGCAGGAGAATCGCTTGAACCCAGGAGGTGGGGGTTGCAGTGAGCTGAGATCGCACCACTGCACTCCAGCCTGGGCAACAGAGAGAGACTCTGTCTCAAAAAAAAAAAAAAAAAAAAAAAAA"
"chr1","9480468","9480759","chr9","99776089","99776389","41","90295621","CTGGGCATGGTGGCTCACGCCTGTAATCCCAGCACTTTGGGAGGCTGAGGCAGGTGGATCACTTGAAGTCGAGACCAGCCTGGCCAGCATCGTGAAACCCTGTCTCTACTAAAAATACAAAAATTAGCCGGGTCGGGGGTGCATGCCTGTAATCCCAGCTACTAGGGAGGCTGAGGCAAGAGAATCACTTGAACCTGGGACGCAGAGGTTTCAGTGAGCCAAGATGGCGCCACTGCACTCCAGCCTGGGTGACAGAGAGAGACTCCATCTCAAAAAAAAAAAAAAAAAAGAA","GCCAGGCGCGGTGGCTCATGCCTCTAATCCCAGCGCTTTGGGAGGCCGAGGCAGGTGGATCACTTGAGGTCACGAGTTCAAGACCAGCCTGGCCAACATGGTGAAACCCTGTCTCTACTAAAAATACAAAAATTAGCCAGGTGTGGTGGTGCACACCTGTAGTCCCAGCCACTCAGGAGGCTGAGGAAAGAGAATCACTTGAACCCAGGAGGCAGAGGTTTCAGTGAGCCAAGATTGCACCACTGCACTCCAGCCTGGGTGACAGAATGAGACTCCATCTCAAAAAAATAAAAATAAAGAA"
"chr1","9489687","9489998","chr13","100982850","100983160","46","91493163","GGCCGGGCGTGGTGGCTCATGCCTGTAATCCCGGCACTTTGGGAAGCCAAGGCACGTGGATCACTTAAGGTCAGGAGTTTGAGACCAGCCTGGCTAACATGGTAAAACCCCATCTCTACTAAAAATAAAAATTAGCCAGACATGATGGCGTGCACCTGTAGTCCCAGCTACTCAGAAGGCTGAGGCAGGAGAATTGCTTGAACCCAGGAGGCAGAGATTGCAATGAGCTGAGATTGTGTGCCACTGCACTCCAGCCTGGGGGACAGAGCGAGACTCTGTTGCAAAAAAAAAAAAAAAAAAAAAAAAAAGAAA","GGCCAGGTGTGGTGGCTCATGCCTATAATCCCAGCAGTTTGAGAGGCCGAGGCAGGTGGATAACTTGAGGTCAGGAGTTCGAGACCAGCCTGGCCAACATGGTGAAACCCCGTCTCTACTAAAACACAAAAATTAGCCAGAAATGATGGCATGCACCTGTAATCCCAGCTACTTGGGAGACTGAGGCAGGACAATCACTTGAACCTGGGAAGCAGAGGTTGCAGTGAGCTGAGATTGTGTCACTGCACTCCAGCCTGGGCAGCAGAGCAAGACTCCATCTCCAAAAATAAAAATGAAAAAAAAAAAAAAAA"
"chr1","9493189","9493448","chrUn_GL286336","9474","9735","39","9483715","TTTGGGAAGCCGAGGCGGGTGGATCACTTTAGGTCTGGAGTTCAAGACCAGCCTGGCCAACATAGTGAAATCCCATCTCTACTAAAAATACAAAATTTAGCCAGGCGTAGTGGCACGCACCTGTAATCCCAGCAACTCAGGAGGCTGAGGCAGGAGAATCGCTTGAACCTAGAAGGCGGAAGTTGCAGTGAGCTGAGATCACACCACTGCATTCCAGCCTGAGCGACAGAGCAAAACTCCATGTCAAAAAAAAAAAAAAA","GCACTTTGGGAAGCCAAGGTGGGCAAATCACTTGAGGTCAGGAGTTTGAGACCAGCCTGGGCAACACAGTGAAACCCCATCTCTACTAAAAATACAAACATTAGCTGGGTGTAGTGGCATGCACCTGTAATCCTAGCTACTCAGGAGGTTGAGGCAGGAGAATCACTTGAACCCAGCAGGCGGAGGTTGCAGTGAGCTGAGATCATGCCACTGCACTCCAGCCTGGGCGACAGAGCAAGACTCTGTCCCAAACAAAAAAAAA"
"chr1","9493789","9494019","chr2","43057964","43058207","38","33564175","GGGCAGGTGCGGCGGCTCACGCCTGTAATCCTAGCAGTTTGGGAGGCCGAGGTGGGCAGATCACTTGAGGTCAGGAGTTCAAGACCAGCCTGACCAACATGGTGAAATCCTGTCTGTACTAAAAATACAAAAATTAGCTGGAAATCACTTGAACCCGGGAGGCAGAGGTTGCAGTGAGCCAAGATCATGCCACTGCACAGAGCAAGACTCCATCAAAAAAAAAAAAAAGAA","GGCTGGGTGCAGTGGCTCACACCTGTAATCCTAACACTTTGGGAGGCCGAGGTGGGTGGATCACTTGAGGTCAGAAGTTCAAGACCAGCCTGGCCAATATGGTAAAACCCTGTCTCTACTAAAAATACAAAAATTACCTGGAAATCACTTGTACCCAAGAGGCAGAGGTTGCAGTGAGCCCAGATCATGCCACTGCACTCCAGCCTGGGCAACGGAATGTCTCAAAAAAAAAAAAAAAAAAGAA"
"chr1","9500003","9500117","chr5","95721121","95721237","10","86221118","GGCCAGGCATGGTGGCTCATGCCTGTGATCCCAGCAATTTGGGAGGCCGAGGTGGGCAGATGACTTGAGGTCAGGAGTTTGAGACCAGTTGGCCAACATGGTGAAACCCCATCTC","GGCCAGGCATGGTGACTCATGCATGTAATCCCAGCACTTTGGGAGGCCAAGGTGGGCAGATCACTTGAGGTCAGGAGTTTGAGACCAGCCTGGCCAACATGGTGAAAACCCATCTCT"
"chr1","9500427","9500717","chr3","14997753","14998043","44","5497326","GGCCAGGCACAGTGGTTCACACCTGTAATCCCAGAGTTTGGGAAACTGAGGCAGGTGGATCACTTGAGGTCAGGAGTTTGAGACCAGCCTGGCCAACATGGTGAAACACCATCTCTACTAAAAATACAAAAATTAGCTGGGTGTGGTATGTGTGTCTGTAGTCCCAGCTACTTGGGAGGCTGAGGCACAAGAATCACTTGAACCCAGGAGGCAGAAGTTGTGGTGAGCCTAGTTCACGCCATGGCACTGCAGCCTGGGTGACAGGGAGAGAATCTGTCTCAAAAAAAGAAA","GGCCTGGCACAGTGGCTCATGCCTGTAATCCCAGAACTTTTGGAGGCTGAGGCAGGTGGATCACTTGAGGTCAGGAGTTTGAGACCAGCCTGGCCAACATGGCAAAACCCCATCTCTACTAAAAATACAAAAATTAACTGGGTGTGGTGGTATGTGCCTGTAATCCCAGCTACTCGAGAGGCTGGGACAAAAGAATTGCTTGAACCTCGGAGACAGAGGTTGCAGTGAGCCAAGATCATGCCACTGCACTCCAGCCTGGGAGACAGAGTGAGATTCCGTCTCAAAAAAAAA"
"chr1","9504054","9504384","chr22","39620740","39621034","72","30116686","GGCCAGGTGCAGTGGCTCATGCCTGTAATCCCGGCACTTTGGGAGCCCGAGGTGGGTCGATCATTTGAGTGAATGAAAAAATCTCAAGAGTGAATTTTAGGTCAGGAGTTTGAGACCAGCCTGGACAACATAGTGAAACCCCATCTCTTCTAAAAATACACACAAAAAATTAGCTGGTTGTGGTGGTGCACACCTGTAATCCCAGCTACTAGGGAGGCTGAGGCAGAAGAATCGCTCAAACATGGGAGACATAGGTTGCAGTGAGTGGAGATTGCACCACTGCACTCCAGCCTGGGGGACAGAGTGAGACTTTGTCTTAAAAATAAAAAAA","GGCCGGGCGCGGTGGCTCACGCCTGTACTCCCAGCACTTTGGGAGGCCGAGGTGGGCAGATCACTTGAGGTCAGAAGTTCGAGACCAGCCAGGCCAACATGGTGAAACTGCATCTCTACTAAAAATACAAAAATTAGCTGGGTGTGGTGGTGCACACCTGTAGTCCCAGCTACTAGGGAGGCTGCGGCAAGAGAATCATTGAACCCGGGAGGCAGAGGTTGCAGTGAGTGGAGATTGCACCACTGCACTCCAGCCTGGGTGACAGAATGAGACTTCATCTTCAAAAACAAAACAA"
"chr1","9507242","9507546","chr2","154533489","154533792","44","145026247","GGCCGGACGGGGTGGCTCACGCCTGTAATCCCAGCACTTTGGGAGGCTGGGACAGGTGGATCACTTGAGATCAGGAGTTTGAGACCAGCCTGGTCAACAGGATGAAACCCCATCTCTACTAAAAATACAAAAATTAGTTGGGTGCAGTTGCACACGCCTGTAGTCCCAGCTACTGGGGAGGCTGAGTCAGGAGAATCGCTTGAATCCAGGAGATGGAGGCTGCAGTGAGCCGAGATCTCACCACTGCATCCAGCCTGGGCGACACAGCAAGACTCCATCTTAAAAAAAAAAAAAAAAAAAAAAAA","GGCCAGGCGCAGTGACTCATGCCTGTTATTCCAGCACTTTGGGAGGCTGAGGCAGTGGATCACTTGAGGTCAGGAGTTTGAGACCAGTCTGGCCAACATGGTGAAACCCCATTTCTACTGAAAATATAAAAATTAGCAGGGCGTGGTTGCACATGCCTGTAGTCCCAGCTATTAGGGAGGCTGAGGCAGGAGAATAGCTTGAACCTGAGAGGCAGAGGTTGCAGTGAGCCAAGATCACACCACTGCACTCCAGCCTGCGTGACAGAGCAAGACTCCATCTCAAAAAAAAAAAAAAAAAAAAAAA"
"chr1","9515188","9515336","chr5","71653861","71654000","29","62138673","GCTAGGCGCAGTGGCTCACACCCCTAATCCCAACACTTTGGGAGGCCGAGGCAGGTGGATCACTTGAGGTCAGGAGTTCCAGACCAGCCTGGCCAACATGGTAAAACCCCATCTCTGCTAAAAAAAAAAAAAAAAAAAAAAAAAATACA","GCTAGGCGCGGTGGCTCACGCCTATAATCCCAACACTCTGGGAGGCCGAGGCTAGTGGACCACTTGAGGTCAGGAGTTCTGAAACCAGCCTGGCCAACATGGTGAAAACCCATCTCTACTAAAAAAAACAAAAATTAGCC"
"chr1","9515646","9515814","chrX","106480049","106480214","38","96964403","TTATCCGAGTGTGGTGGTGCCTGCCTATAGTCCCAGCTACTTGGAATGCTGAGGTAGGAGGATAGCTTGAACCTGGGAGGCAGAGGTTGCAGTGAGATGAGGTCATGCCACTGCACTCCAGCCTGTGCAACAGAGTCTCTGTCTCAAAAAAAAAGATAGAAAAGATAAA","ATTAGCCAGGCATGGTGGCGCATGCCTGTAATCCCAGCTACTTGGGAGGCTGAGGCAGGAGAATCTCTTGAACCTGGGAGGCAGAGGTTGCAGTGAGCCGAGATTGTGCTATTACTCTCCAGCCTGGGCAACAAGCGAAACTCTGCTCAAAAAAAAAAAAAAAAAA"
"chr1","9524704","9524841","chr22","18782112","18782243","15","9257408","GGCCAGGTGCAGTGGCTCACACCTGTAATCCCAGCACTTTGGGAGGCCGAGGTGAGTGGATTACTTGAGGTCAGGAGTTCGAGACCAGCCTGACCAATATAGTGAAACCCCGTCTCTACTAAAAAAATACAAAATTAG","GGCCAGGGGCAGTGGCTCACACCTGTAATCCCAGCACTTTGTGAGGCCGAGGTGAGTGGATCACTTGAGGTCAGGAGTTGGAGACCAGCCTGGCCAACATAGAGAAAACCCGTCTCTACTAAAAGTACAAAA"
"chr1","9526437","9526679","chr9","123741406","123741645","50","114214969","GAGGCAGGCAGATCACTTGAGGTCAGGAGTTCACGACCAGCCTGGCCAACATGGTGAAACCCCATCTCTACTAAAAATACAAAAAAATTAACTGGGTGTGGTGGTGCACACTTGTAATCCCAGCTACTCGGGAGGCTGAGGCAGGAGAATCGCTTGAACCTGGGAGACAGAGGTTGCAGTGAGCCTGGCTGGGCTATAGAGCGAGACTCTGACTCAAAAAAAAGAAAGAAAGGAAGAAAGAAA","TGGGAGGTTGAGGCAGGTGGATCACTTGAGGTCAGGAGTTCGAGACCAGCCTGGCCAACATGGTAAAACCCCATTTCTACTAAAAATACAAAAATTAGCTGGGTCTGGTGGCATGTGCCTATAATCCCAGCTATTCAGGAGGCTGAGGCAGGAGAATCTCTTGAACCCGAGAGGCAGAGGTTGCCGTGAGCCTGAGTGATAGAGTGAGACTCTGTCTCCAAAACAACAACAAGAAGAAAA"
"chr1","9535316","9535627","chr9","101796262","101796572","42","92260946","GCCGGGTGTGGTGCCTCACGTCTGTAATGTCAACATTTTGGGAGGCTGAGGCAGGCAGATCACTTGAGGCCAGGAGTTCAAGACCAGCCTGGCCAACATGGTGAAACCCTGTCTCTACTAAAAATACAGAAAAATTAGCCAGGCATGGTGGCACGTGCCTGTAATCCAGCTACTCGTGAGGCAGAGGCAGGAGAATTGCTTGAACCCAGGAGGTGGAGGTTGCAGTGAGCTGAGATCATGCCACTGCACTCCAGCCTGGGTGACAGAGTGAGACTTCATCTAAAAAAATAAATAAAAATAAATAAAATAAAA","GCTGGGCGCGGTGGCTCATGCCTGTAATCCCAGCACATTGGGAGGCTGAGGCAGGCAGATCACTTGAGGCCAGGAGTTTGAGACCAGCCTGGGCAACATGGTGAAACCCTGTCTCTACTAAAAATACAAAAATTAGCTGGGTATGGTGGCACGTGCCTGTAATCCCAGTTACTCGGGAGGCTGAGGCAGGAGAATTGTTTGAACCTGGGAGGTGGAGGCTGCAGGGAGCTGAGTCCACGCCACTGCACTCCAGCCTGGGTGACAGAACCAGACTCTTATCTCAAAAAAAAAAAAAAAAAAAAAAAAAAAAA"
"chr1","9545701","9545975","chr11","123931609","123931879","44","114385908","AATCCCAGCACTTTAAAAGGAGGCCGAGGCAGGTGGATCACTTGAGGTCAGGAGTTCAAGACCAGCCTGGCAACATGGTGAAATCCCATCTCTACTAAAAATACAAAAAAAATTTAGCTGGGCATGGTGGCGCAGGCCTGTAATTTCAGCTACTTGGGAGGCTGAGGCATGAGAATCACTTGAACCCGGGAGGCGGAGCTTGCAGTGAGCCGAGATCGCGCCACTGCACTCCAGCCTGGGCAACAGAGCGAGACTCCGTCTAAAAAAACAGAAAA","CTGTAATCCCAGCACTTTGGGAGGCCGAGGTGGGCGGATCACTTGAGGTCAGCAGTTCGAGACCAGCCTGGCCAACCTGGTGAAACCCCATCTCTACTAAAAATACAAAAATTAGCCAGGCATGGTGGCGTGTACCTGTAATCTCAGCTACTTGGGAGGCTGAGGCAAAGAACTGCTTGAACCCAGGAGGTAAAGACCGCAGTGAGCAGAGATCGCACCACTGCACTCCAGCCTGGGCAACAGAGCGAGACTCTGTCTCAAAAAAAGAAAA"
"chr1","9550685","9550977","chr7","44050196","44050514","52","34499511","GGCCAGGTGTGACAGCTCATGCCTGTAATCCTAGCACTTTAGGAGGCCGAGATGGGTGGACCACTTGAGCTCAGGAGTTGGAGACCAGCCTGGCCAACAGGTCAAAACCCTGTCTCTACCAAGAATACACATTAAAAAATTAGCTGGGTGTGGTGATGTGCGCCTGTAGTCCCGATACTCGAGAGGCTGACGTGGGAGGATGGCTTAAGACCAGGAGGCAGAGGTTGCAGTGGGCTGAGATCACACCACTGCCCTCCAGCCTGGGTGACAAAGCCAAGACTCAGTCTCAATAA","GGCCAGGTGTGGCGGCTCATGCTTGTAATCCTAGCACTTTAGGAGGCTGAGGTGGGTGGACCACTTGAGCTCAGGAGTTTGAGACCAGCCTGGGCAACAGGTCAAAACCCTGTCTCTACCAAAAATATACACACAAAAAATTAGTTGGGTGTGGTGATGTATGCCTGTAGTCCCAGCTACTCAGGAGGCTGAGGTGGGAGGATGGCTTAAGCCCAGGAGGCAGAGGTTGCAGTGAGCTGAGATCGCACCACTGCACTCCAGCCTGGGTGACAAAACCACAACTCAATCTCAAAAAACAAACAAACAACAAAAATAAAAA"
"chr1","9551102","9551404","chr10","87329962","87330263","51","77778860","GGCCAGGTGCGTGGCTCACGCCTGTAATCCCAGCACTTTGGGAGGCCAAGGCAGGTGGATCACTTGAGGTCAGGAGTTGAAGACCAGCCTGGCCAACATAGTGAAAGCCCATCTCTACTAAAAATACAAAAAAATACAGCTGGGACCTGTAGTCCCAACTACTCAGGAGGCTGAGGCATGACAATTGCTTGAATCCAGGAGGCAGAGGTTGCAGTGAACTGAAATCGCACCACTGCACTCCCAGCCTGGGTGACAGAGTGAAACTGTCCCCCAAAAATCAATAGGTAAATAAATAAAATAAAA","GGCCAGGTATGGTGGCTCACTCCTGTAATCCCAGCCACTTTGGGAGGCCAAGGCAGGTGGATCACTTAAGGTCAGGAGTTTGAGAACAGCCTGGCCAACATGGTGAAACCCCATCTCTACAAAAAATACAAAAATTAGCCTGGTGCACATTTGTAATCTCAGCTACTCAGGAGGCTGAGACACAAGAATCACATGAATCCAGGAGGCAGAGGTTGCAGTGAGCCGAGATTGCACCACTGCACTCCAGCCTGGGTGACAGAGCAAGACTCTGCCTCAAAAAAAAGAAAAAAAAGAAAAGAAAA"
"chr1","9552225","9552531","chr6","59828671","59828961","53","50276446","GGCCAGGCACTGTGGCTCACACTTGTAATACTACCACTCTGGGAGGCTGAGGCAGGTGGATTACTTGAGGCCAGGAGTTCGAGACCAGCCTGGCCAACAGGGTGAAACCCAATCTCTACTAAAAAAAAAAAATACAAAAATTAGCCAGGTGTAGTGGCACATGCCTGTAATGCCTGTAATTCCAGCTACTGGGGAGGCTGAGGCAGGAGAATAGCTTGAATGCAGGAGGCAGAGGTTGCAGTGAGCCAAGATTGTGTCACTGCACTCCAGCCTGGGTGACAGAGCAAGACTGTCTTAAAAAAAAAAA","GGCTAGGCACAGTGGCTCACACCTGTAATTCCAGCACTTTAGGAGGATGAGGCAGGTGGATCACTTGAGGTCAGGAGTTCAAGACCAGCCTGGCCAACATGGTGAAACTCCATCTCTACTAAAAATACAAAAAAAATAGCCAGATATGGTGGCACATGCCTGTAATCCTAGCTACTTGGGAGGCTGAGGCAGGAGAATTGCTTGAACCCAGGAGGCAGAGGTTGCAGTGAGCTGAGACTGCACCACTGCACTCCAGCCTGGGTGACACAGCAAGAGAGTGCCTCAAAAAAA"
"chr1","9563711","9563958","chr11","32759698","32759945","31","23195987","GGCTGGGAGCAGTGGCTCACATCTGTAATCCTAGCACATTGGGAGGCCGAAGCGGGTGGATCACTTGAGGTCAGGGGTTCAAGACCAGCCTGGCAACATGGTGAAACCCCGTCTCTACTAAAAATACAAAAACTAGCCAGAAATCACTTGATCACAGGAGGCAAAGGCTGCAGTGAGCCCAGATCATGCCACTGTACTCCAGCCCGGGCAACAGAGCAGGACTCTGTCTCAGAAAGGAAAAAAAAAAA","GGCTGGGCGCAGTGGCTCACGCCTGTGATCTTAGCACTGTGGGAGGCCGAGGCGGGCAGATCACTTGAGGTCAGGAGTTCAAGACCAGCCTGGCTAACATGGTGAAACCCCGTCTCTACTAAAAATACAAAATTTAGACAGAAATTGCTTGAACCCTGGAGGCAGAGGTTGCAGTGAGCCAAGATCATGCCACTGCACTTCAGCCTGGGCAACAGAGCAAGACTCTGTCTTAAAAAAAAAAAAAAAAA"
"chr1","9568964","9569259","chr5","38614488","38614784","36","29045524","GGCTGGGCGCAGTAGCCCACACCTATAATCCCTGCACTTTGGGAGGCCGAGGCAGGCGGATTACTTGAGGTCAGGAGTTTGAGACCAGCATGGCCAACATAGTGAAACCCCATCTCTACAAAAATACAAAAATTAGCCAGGCGTGGTGACATGCATCTGTAATCCCAGCTGCTCGGGAGGCTGAGGCAGGAGAATGGCTTGAACCCAGGAGGTGGAGGTTGCAGTGAGCCCAGGTCACGCCACTGCACTCCAGCCTGGGTGACAGAGCGAGAACTCCATCTCAAAAAAAAAAAAAA","GGCTGGGTGTGGTGGCTCACACCTGTAATCCCAGCAATTTGGGAGGCTGAGGCAGGCGGATCACTTGAGGTCAGGAGTTTGAGACCAGGCTGGCCAACATGGTGAAACCCCATCTCTACTAAAAATACAAAAATTAGCTGGGCATGGTGGCACACATCTGTAATCCCAGCTACTTGGGAGACTGAGGCTGGAAAATTGCTTGAACCCAAGAGGTGGAGGTTACAGTGAGCCAAGATCATGCCACTGCACTCCAGCCTGGGTGACAGAGTGAGACTCTGTCTCAAAAAAAAAAAAAAA"
"chr1","9570703","9571012","chr20","12401994","12402298","46","2831291","GGCTGGGCGCAGTGGCTCATGCCTGTAATCCCAGCACTCTGGGAGGCCGAGGAGGGTGGATCACTTGAGGTCAGGAGTTTGAGATCAGCCCGGGCAATGTGGTGAAACCTCGTCTCTACTAAAAATGCAAAAATTAGCCAGGCATGGTGGCAAATACTTGTAATCTCAGCTACTCAGGAGGCTGAGGCACAAGAACCACTTTAACTTGGGAGGAGGAGGCTGCAGTGAGCCGAGATTGCACCACTGCACTCCAGTCCAGCCTGGGTGACAGAGTGAGACTCTGTCTCAAAAAAAAAAAAAAAAAAAAAAA","GGCTGGGTGCGGTGGCTCATGCCTGTAATCCCAGCACTTTGGGAGGCCAAGGCAGGTGGATCACTTGAGACCAGGAGTTTGAGACCAGTCTGGCCGACATGATGAAACCCCGTCTCTGCTAAAACTACAAAAATTAACCAGGCATGGCGGTACATGCCTGTAATCCCAGCTACTCGGGAGGCTGAGGCAGGAGAATCACTTAAACCTGGGAGGCAGAGGTTGCAGTGAGCTGAGATCACACCACTGCACTGTAGCCTGGGTGACAAAGTGAGACTCAGTCTCAAAAAAAAAAAAAAAAAAAAAAA"
"chr1","9577176","9577510","chr7","106080561","106080866","86","96503385","GGCTGGACTCGGTGCCTCACACCTGTAATCCCAGTACTTTGGGAGGCCGAGGTGTGCGGATCACTTGAGCTCAGGATTTCGAGACCAGCCTGGCCAACATGGTGAAACCCTGTCCTACAAAAATTAGCCGGGTGTGGTGTCATGCCTCGGGAGGCTGAGGCAGGAGAATGGCGTGAACCCGGGAGCCTGTAATCCCAGGGAGGCTGAAGCAGGAGAATTGCTTGAACCCAGAAGTTGAGGTTGCAGCTGAGATTGCACCATTGCACTCCACCCTAGGGGACAGAGTGAGTAAGACTCCATCTCAAAAAAATGAAAAAAGGAAAAAAGAAAAGAAA","GGCGGGGCATGGTGGCTCACACCTGTAATCCCAGCACTTTGGTAGCCTGAGGCGGGCAGATCACTTGAGGTCAGGAGTTCCAGACCAGCCTGGCCAACATGGTGAAATCCTGTTTCTACTAAATATACAAAAATTAGCCAGGTGTGGTGGTGCATGCCTGTAGTCCCAGCTACTCAGGAGGATGAAGCAGGAGAATTGCTTGAACCCAGGAGATAGAGGTTGCAGTGAGCCAAATTGCACCCCTGCACTCCAGCCTGGGTGACAGAGCAAGACTCCATCTCAAAAAAAAAAAAAAAAAAAAAAAAA"
"chr1","9599240","9599554","chrX","45535931","45536241","55","35936691","GGCCGGGTGCGGTGGCTCAGGCCTGTAATCCCAGCACTTTGGGAGGCCAAGGCGGGTGGATCATTTGATGTCAGGAGTTCAAGAGTTCAAGACCAGCCTGAGCAACAGGGTGAAACCTCGTCTCTACTAAAATATAAATATTAGTCGGCTGTGGTGATGCGTGCCTGTAATCCCAGCTACTCAGGAGGCTGAGGCAGGAAAATTGCTTGAACCCGGGAGGAAGAGATTGCAGTGAGCCGAGATCGCGCCACTTCACTCCAGCCTGGGCGACAGTGTGAAACTGTCTCAAAAAATAAAATTTAAAAATAAATAAAA","GGCCAGGTGCGGTGGCTCATGCCTGTAATCCCAGAACTTTGGGAGGCCAAGGCGGGTGGATCATTTGAGGTCAGGAGTTCAAAAGACCAGCCTGGCCAACATGGTAAAACCCCATCTCTACTAAAAATACAAAAACTAGCTGGGTGTGGTGGTGCACCCCTGTAATCCCAGCTATTCAGGAGGCTGAGGCAGGAGAATTGCTTGAGCCCAGGAGGTGGAGGTTGTTGTGAGCTGAGATCATGCCACTGCATTCAGCCTGGGCAACAAAGTAAGACTCCATCTCAAAACCATAAAATAAAAATAAAATAAAA"
"chr1","9611195","9611497","chr22","15119676","15119973","43","5508481","GGCCGGGCGCAGTGGCCCACGCCTGTGATCCCAGCACTTTGGGAAGCCAAGATGGGTGGGTCACTTGAGATCAGGAGTTCAAGACCAGCCTGGGAAACATGGTGATATCCCGTCTCTACTAAAAATATAAAAATTAGCCAGGCATGGTGGCGCGCACCTGTAGTCCCAGCTACTCGGGAGGCTGAAGCAGGACAATCTCTTGAACCCTGGAGGAGGAGGTTGCAGTGAGCCAAGATCACGCCACTGCACTCCAGCCTGGGCGACAGAGTGAGACTGCATCTCGAAAAAAAAAAAAAAAGGAAA","GGCCGAACGTGGGGGCTCACACCTGTAATCCCAGCACTTTGGGAAGCTGAAGTGGGTGGATCACTTGAGGGTAGGAGTTCAAGACCAGCTTGGCCAACATGGTGAAACCCCATCTCTACTAAAAATATAAAAATTAGCCAGGCATGGTGGTGCACACCTGTAATCCCAGCTACTCAGGAGGCTGAGGCAAGATAATTGCTTGAACCCAGGAAATGGAAGTTGCAGTGAGCCAAGATCACACCACTGCACTCCAGCCTGGGCGACAAAGTGAGACTGTCTAAAAAAAAAAAAAAAAAAA"
"chr1","9654778","9655089","chr3","108570361","108570666","47","98915583","GGCTGGGCGCGGTGGCTCACGCCTGTAATTCCAGCACTTTGGGAGGCCGAGGTGGGCGGATCACTTGAGGTCAGGAGTTCAAGACCATCTTGGCCAACATGGTGAATATCTGTCTCTACGAAAAATGCAAAAAAAAAAAATTAGCTGGGCGTGGTGATGAGCACCTGTAATCCCAGCTACTTGGGAGGTGGAGGCAGGAGAATCGCTTCAATCCGGGAGGTGGAGGTTGCAGTGTGCTGAGATTGTGCCACTGCACTCCAGCCTGGGCAACAGAGTGAGACTACATTTCAAAAAAAAAAAAAAGAAAAAAAA","GGCCGGGTGCAGTGGCTCACGCCTGTAATCCCAACACTTTGGGAGGCTGAGGCAGGTGGATCACTTGAGGTCAGGAGTTCAAGACCAGCCTGGCCAACATGGTGAAACTGTCTCTACTAAAAACAGAAAAATTAGCTGGGCATGGTGGTGCATGCCTGTAATCCCAGCTATTTGGGAGGCTGAGGCAGGAGAATTACTTCAACCCGGGAGGTGGAGGTTGCAGTGAGCTGAGATTGTGCCACTGCTCTCTAGCCTGGGTGAAAGAGCGAGACTCCATCTCAAAAAAAGAAAAGAAAAGAAAAGAAA"
"chr1","9660924","9661234","chr5","83155514","83155824","37","73494590","GGCCGGGCACGGTGGCTCAGGTCTGTAATCCCAGCACTTTGGGAGACTGAGGCAGGTGGATCACTTGAGGTCAAGAGTTCGAGACCAGCCTGTCCAACACGATGAAACCCCATCTCTACTAAAAATACACAAATTATCTGGGCGTGGTGGCGCATGCCTGTAATCCCAGCTACTCTGGAGGCTGAGGCAGGAGAATCGCTTGAACCCGGGAGGCGGAGGTTGCAGTGAGCCGAGATCACACCGTTGCACTCCAGCCTGGGCGACAGAGCAAGACTCTGTCTCAAAAAAAAAAAAAAGAAAGAAAAAAGAAA","GACCAGGCATGGTGCCTCATGCCTGTAATCCCAGCACTTTGGGAGGTGGAGGCGGTGGATCACTTGAGATCAAGAGTTCGAGACCAGTTGGCCAACATGATGAAACCCCATCTCTAACTAGAAATACAAGAATTAGCTGGGCATGGTGGCGCATGCCTGTAATCCCAGCTACTTGGGAGGCTGAGGTAGGAGAATTGCTTGAACCCAGGAGGCAGAGGTTGCAGTGAGCTGAGATCACACCATTGCACTCCAGCCTGGGTGACAGAGCAAGACTCCGACTCAAAACAAACAAAAAACAAAAAAGAAAGAAA"
"chr1","9661579","9661714","chr1","116955977","116956111","17","107294398","GGCCGGGTGTGGTGGCTCACACCTGTAATCCCAGCACTTTTGGAGGCCAAGGCGGGTGGATCACTTAGGATCAGGAGTTTGAGACCAGCATGGCCAACATGGCGAAACCCCGTCTCTACAAAAAAATACAAAAATT","GGCTGGGTGTAGTGGCTCAAACCTGTAATCCTAGCACTTTGGGAGGCCAAGGCTGGCGAATCACTTGAGGTCAGGAGTTTGAGACCAGGCTGGCCAACATGGTGAAACCCCACCTCTAATAAAAATACAAAAATT"
"chr1","9662008","9662167","chr1","199296013","199296162","36","189634005","GTTAGCCGGACATGGTGGTGCATGCCTGTAGTCCTAGTTACTCAGGAGGCTGAGGCAGGAAAATCACTTGAACCCTTAACCAGGGAGGCGGAGGTTGCAGTGAGCCGAGATCATGCCACTGCACTCCAACCTGGGCGACAGAGCGAGACTCGATCTCAAA","GCTGGGCACAGTGGCACACACCTGTAATTCCAGCTACTTGGGAGGCTGAGGCAGGAGAATCACTTGAACCCCGGAGGTAGAAGTTGCAGTGAGCTGAGATTGTGCCACTGCACTCCAGCCTGGGCGACAGAGCCAGACTCTGTCTCCAAA"
"chr1","9673255","9673560","chr6","17068239","17068542","53","7394984","GGCCAGGCATGGTGGCTCATGCCTGTAATCCCAGCACTTTAGGACGCCAAGGTGGGTGGATCACTTGAAGTCAGGAGTTCGAGATCAGCCCGAACAACATAGTGAAAACCAATCTCTGCTAAAATACAAAAATTAGCCAGATGTGGCGTTGTGCACGACTGTAATCCTAGCTACACGGGAGGCTGAGGCAAGAGGTTTGCTTGAACCAGAGAGGCAGAGGTTGCAGTGAGCTGAGATCGCACCATTACACGCCAGCCGGGGCGACAGAGGGAGACTCTGTTTCAAAAAATTAAAAAAATAAAAAAA","GGCTGGACGCAGTGGCTCATGCCTGTAATCCCAGCACTTTGGGAGGCCAAGGTGGGTGGATCACTTGAGGTCAGGAGTTCGAGACCAGCCTGGCCAACATGGTGAAACCCTGTCTCTACTAAAAATACAAAAATGAGCTGGGCATGCTGGTACACATCTGTAATCCCAGCTACTTGGGAGGCTGAGGCAAGAGAATCGCTTGAACCCAGGAGGCAGAGGTTGCAGTGAGCCGAGATTGCACCACTGCACTCCAGCCTGGGCAACAGAGCAAGACTCTGTCTCAAAAAAAAAAAAAAAAAGAAAA"
"chr1","9677364","9677665","chr12","50984823","50985126","46","41307459","GACCAGGTGCGGTGGCTCACGCCTGTAATCCCAGCACTTTGGGAGGCGGAGGCAGGCAGATCACTTGAGGTCAGGAGTTCAAGACCAGCCTGGCCAACATGGTGAAACCCCGTCTCTACTAAAATACAAAAATTAGCCAGGTGTGGTGGCGTATGTCTGCAGACCTAGCTACTTGAGGAGATGAGGCAGGAGGATCGCTTGAACCAGGGTGGTCAAGGCTGCACTGAGCCAAGATGGTGCCACTGCATTCCAGCCTGAGTGAAAAAGTGAGACCCTGTCTAAAAAAAAAAAAAAAAAAAAAA","CTGGGAGCGGTGGCTCACTCCTGTAATCCCAGTACTTTGGGAGGCCAAGGCAGGCAGATCAGTCGAGGTCAGGAGTTCAAGACCAACCTGGCCAACATGGTAAAATCCTGTCTCTACTAAAAATACAAAAATTAGCCAGGTGTGATGGCGCATGCCTGTAAATCCCAGATACTTGGGAGGCTAAGGCAGGAGAATCACCTGAACCAGGGAGGCAGAGGTTGCAGTGAGCCAAGATTGTGCCACTGCACTCCAGCCTGGGTGACAAAGTGAGACTCCTTCTCAAAAAAGAAGAAAAAAAAAGAAA"
"chr1","9693207","9693528","chr22","27266646","27266955","52","17573439","GGGCGTGGAGGCTGACGCCTGTAATCCCAGCTCTTTGGGAGGCTGAGGCAGGTGGATCCCTTGAGGTCAGGAGTTCGAGACCAGCCTGGCCAACATGGCAAAACCATGTCTCTACTGAAAAAAAAAAACCACAAAAATTAGCTGGGCATGGTGGCGCACACCTGTAGTCCCAGCTACTTGGGAGGCTGAGGCAGAAGAATCGCTTGAACCCGGGAGGCGGAGGTGGCAGTGAGCTGAGATTGCATCACTGCACTCCAGCCTGGGTGACAGAGCAAGACTCCATCTCAAAAAAATTAAGTAAATAAATAAATAATAAATAAAA","GGGCGCGGTGGCTCACGCCTGTAATCCCAGCACTTTGGGGTGCTGAGTCAGGTGGATCACTTGAGGTCAGGAGTTCGAGACCAGCCTGGCCAACCTGTTAGAACCCCATCTCTACTAAAAACACAAAAAAATTAGCCAGGTATGGTGGTACACACCTGTAGTCCCAGCTACTTGGGAGGCTGAGGCAGGAGAATCGCTTGAACCTGAGGGGCGGAGGTTGCAGTGAGCCGAGATCACACCACTGCACTCTAGCCTGGGCAACAGGACAAGACTCCATCTCAAAAAAATAAAAAAGAAAATAAAAGACAAA"
"chr1","9694251","9694544","chr8","96510016","96510309","41","86815765","GCTAGGCACGGTGGCTCCCACCTGTAATCCCAGTCCTTTGGGAGGCCGAGGCGGGAGGATCATCACTTAAGGCCGGAGTTTGAGACCAGCCTGGCCAACATGGCGAAACCCCATCTCTACTAAAAATACAAAAATTATCTGGGTGTGGTGGCGCGTGCCTGTAATCCCAGCTACTTAGGAGGCTGAGGTAGGAGAATCGCTTGAACCTGGGAGGTGGAGGTTGCGGTGAGCCAAGATCACGCCACTGCACTTCAGCGTGAGCGACAGAGTGAGACTCCGTCTCAAAAAATAAAA","GGCCAGACACAGTGGTTCATGCCTGTAATCCCAGTACTTTGGGAGGCCAAGGCGGGTGAATCACTTGAGGCCAGGAGTTTGAGACCAGCCTGGCCAACATGGTGAAACCCCATCTCTACTAAAAATACAAAAATTAGCTGGGTGTGGTGGCGCACACCTGTAGTCCCTGCTACTCAGGAGGCTGAGGCAGGGGAATTTTTCGAACCTGGAAGGTGGAGGTTGCAGTGAGCCAAGATCAAGCCACTGCACTCAGCCTAGGTGACAGAGTGAGACTCTGTCTCAAAAAATAAAAAA"
"chr1","9709726","9710021","chr2","31372053","31372354","41","21662327","GCTGGGTATGGTGGCTCATGCCTGTGATCCCAGAACTTTGGGAGGCCGAGGTGGGCGGATCACTTGAAGTTAGGAGTTCAAGACCAGTCTGGCCAACATGGTGAAACCCTCTCTCTACAAAAGTACAAAAATTAGCCAGATGTGGTAACGCATGCCTGTAATTCCAGCTATTTGGGAGGCTGAGGCAGGAGAATCTCTTGAACCCAAGAGGCGGAGATTGCAGTGAGCCGAGGTGGTGCCACTGCACTCCAGCCTGGGTGACAGAGCAAGACTCCGGCTCAAAAAAAAAAAAAGAA","GCTGGGTATGGTGGCTCACGCCTGTAATCCCAGCACTCTGGGAGGCCAAGGCGGGCAGATCACTTGAGGTCAGGAGTTCAAGACCAGCTTGGCCAACATGGTGAAACCCCATCTCTACTAAAAATACAAAAATTAGCCAGGTGTGGTGGCACATGCCTGTAGTCCCAGCTACTTGGGAGGCTGAGGCAGGAGAACAGCTTGAACCCAGGAGGCAGAGATTACAGTGAGCTGAGATTGTGCCATTACACTCCAGCCTGGGTGACAGAGCAAGACTCTATCTCAAAAAAAAAAAAAAAAAGGAA"
"chr1","9712270","9712580","chrX","47176701","47177007","39","37464431","GGCCGGGTGCCATGGCTCACGGCTGTAATCCCAGCACTAAGGGAGGCCAAGGTGGGCAGATCACTTGAGGTCAGGAGTTCGAGACCAGCCTGGCCAACATGGTGAAACCCCGTCTCTACTAAAAATACAAAAATTAGCCGGGCGTGGTGGCACGTGCCTGTAGTCCCAGCTACTTGGGAAGATGAGGCAGGAGAATTGCTTGAACCTGGGAGGCGGAGGTTGCAGTGAGCCAAGATCACACCACTGCACTCCAGCTTGGGCAACAGAGTGAACCCTGTCTCAAAAAATAAAAATAAATAAAAATAAAATAA","GGCCGGGCACAGTGGCTCATGCCTGTAATCCCAACACTTTGGGAGGCAAAGGTGGGCAGATCACTTGAGGCCAGGAGTTCGAGACCAGCCTGGCCAAAATGGTGAAACCCTGTCTCTACTAAAAATACAAAAATTAGCCAGGCGTGGTGGTGCATGCCTATAGTCCCAGGTACTCCGGAGGATGAGGCAGGAGAATTGCTTGAACTCGGGAGGCAGAGGTTGCAGTGAGCCAAGATTGCACCACTGCACTCCAACCTGGGTGACAGAGTAAGACTCTGTCTCAAAAAAAAAAAAAAAAAAAAAAAAA"
"chr1","9738653","9738951","chr17","69075766","69076065","44","59337113","GACCGTGCGCAGTGGCTCACACCTGTAATCCCAGCACTTTGGGAGGCGGTGGCAGGCAGATCACTCAAGGTCAGGAGAATTTCGAGACCAGCCTGGCCAACATGGTGAAACTCTGCCTCTACTAAAAATACAAAAATTAGCCAGGCGTGGTGGCGTGCGCCTGTAATCCCAGTTACTTGGGAGGCAGGAGAATCACTTGAACCCAGGAGGCTGAGGTTGCAGTGAGCCAAGATCACACCACTGCACTCCAGCCTGGGCAACAGAGTGAGACTCTATCTCAAAACAAACAAACAAAAAAA","GCCAGGCGCAGTGGCTCACACCTGTAATCCCAGCACTTTGGGAGGCCAAGGTGGGCAGATCACTTGAGGTCAGGAGTTCGAGACCAGCCTGGCAAACATGGTGAAACCCCATCTCTACTAAAAATGCAAAAATTAGCAGGTCATGGAGGCGTGTGCCTGTAATCCCAGCTACTTGGGAGGCTGAGGCAGGAGAATCACTTGAACTCAGGCAGCAGAGGTTGCAGTGAGCCAAGATCATGCCACTGCCCTTCAGCCTGGGCAACAGAGTGAGACTCTGTCTCAAAAAAAAAAAAGAAAAAA"
"chr1","9740116","9740359","chrX","11729705","11729948","39","1989589","GGCCAGGCGCGGTGTCTCACACCTATAATCCCAGCACTTTGGGAGGCTGAGGCGGGCAGATCACTTGAGGTCAGGAGTTCGAGACCAGCCTGGCCAACGTGGTGAAACCCCATCTCTACTAAATATACAAAAATTAGCCATGCATGTTGGCATGTGCCTGTGATCCCAGCTACTCGAGAGGCTCAGGCAGGAGAATCGGTTGAACCCAGGAGGCAGAGGCTGCATGAGCCAAGAATGCCCTATT","GGCCAGGCATGGTGGCTCACGCCTGTCATCCCAGCACTTTGGAAGGCCAAGGTGGGCAGATCACTTGAGGTCAGGAGTTTGAGACCTGCCTGGCCAACATGGTGAAACCCGTCTCTACTAAAAATACAAAAATTAGCCAGGCATGGTGGCGCATGCCTGTACTGCCAGCTACTCGGGAGGCTGAGGCAGGAGAATCTCCTGAACCCAGGAGGCGGAGGTTGCAGTGAGCTAAGATCGTGCCACT"
"chr1","9743287","9743461","chr2","125879517","125879691","25","116136230","GGCCGGGCACAGTGGCTCAGGCCTGCAATCCCAGCACTTTGGGCGGCTGAGGTGGGTGCATCAGTTGAAGTCAGGAGTTCAAGACTAGCCTGGCTAATATGGTGAAACCTCATCTCTACTAGAAATACAAAAATTAGCTGGGTGTGGTGGCATGTGTCTGTAGTCCCAGCTACTC","GGCCAGGTGCAGTGGCTCACACCTGTAATCCCAGCACTTTGGTAGGCCAAGGCGGGTGGATCACTTGAGATCAGGAGTTCAAGACCAGCCTGGCCAACATGGTGAAACCCCATCTCTACTAAAAATACAAAAAATAGCTGGGTGTGGTGGTATGTGCCTGTAATCCCAGCTGCTC"
"chr1","9746898","9747203","chr6","17068239","17068542","40","7321341","GGCCAGGCGCAGTGGCTCATGCATATAATCCCAGCACTTTGGGAGGCCGAGGTGGGTGGATCACTTGAGGTCAGGAGTTGGAGACGAGCCTCGCCAACATGGTGAAATCCCATCTCTACTAAACATACAAAAAGTAGCCAGGCATCATGGCACATGCCTGTAATCCCAGCTACTTGGGAGGCCGAGGCAGGAGAATCGCTTGAACCCAGGAGGCAGACGTTGCAGTGAGTGAGATTGCGCCACTGCACTCCAGCCTGGGCGACAGAGGGAGACTGTCTCAAAAAAAAAAAAAAAAAAAAAAAAAAA","GGCTGGACGCAGTGGCTCATGCCTGTAATCCCAGCACTTTGGGAGGCCAAGGTGGGTGGATCACTTGAGGTCAGGAGTTCGAGACCAGCCTGGCCAACATGGTGAAACCCTGTCTCTACTAAAAATACAAAAATGAGCTGGGCATGCTGGTACACATCTGTAATCCCAGCTACTTGGGAGGCTGAGGCAAGAGAATCGCTTGAACCCAGGAGGCAGAGGTTGCAGTGAGCCGAGATTGCACCACTGCACTCCAGCCTGGGCAACAGAGCAAGACTCTGTCTCAAAAAAAAAAAAAAAAAGAAAA"
"chr1","9762961","9763261","chr9","109143507","109143803","35","99380546","GGCCGGGTGCAGTGGTTCACACCTGTAATCCCAGCACTTTGGGAGGCCGAGGCAAGGAGATCACTTGAGGTCAGGAGTTTGAGACCAGCCTGGCCAACATGGTGAAACCCTGTCTCTACTAAAAATACAAAAATTAGCCAGGCGTGGTGGTGTGCACCTGTAGTCCCAGCTACTCGGGAGGCTGAGGCACAGGAATCACTTGAACGCAGGAGGTGGAGGATGCTGTGAGCTGAGGTTGTGCCACTGCACTCCAGCCTGGGTGACAGAGCGAGACTCTGTCTCCAAAAAAAAGAAAAAAAAA","GGCTGGGTGCAGTGGTTCATGCCTGTAATCCCAGCACTTTGGGAGGCTGAGGCAAGTGGATCACTTGAGGTCAGGAGTTCGAGACCAGCCTGGCCAACATGGTGAAACCCCATCTCTACTAAAAATGCAAAAATTAGCCAGGCTTGGTGGCTCACACCTGTAGCCCCAGCTACTCAGGAGGCTGAGGCACAAGAATCACTTGAACCCAGGAGGTGGAGGTTGCAGTGAGCTGAGATTGTGCCACTGTACTCCAGCCTGGACAACAGAGTGAGATTCAATATCCAAAAAAAAAAAAAA"
"chr1","9764359","9764664","chr22","31767114","31767422","49","22002755","GGGCACCATGGCTCATGCCTGTAATCCCAACACTTTGGGAGGCCAAGGCAGGTGGATCACTTGAGGTCTGGGGTTCAAGGCCAGCCTGGGTAACATGGTGAAACCCTGTCTCTACTAAAAATACAAAAATTAGCCAGGTATGATGGCACAGGCCTGTAATCCCAGCTACTCGGAAGGCTGAGGTGGGAGAATCGCTTGAATATCTGAGGCAGAGGTTGCAGTGAGCTGAGATCCCGCTGCTGCATTCCAGCCTGGGTGATGAAGTGAGGCTCCATCTTTAAAAAAAAAAAAAAAAAAAAAAAAAAA","GGCCGGGCACGGTGGCTCATGCCTGTAATCCCAGCACTTTGGGAGGCCAACACGGGAGGATCACTTGAGGTCAGGAGTTCGAGACCAGCCTGGCCAACATGGCGAAACCCCGTTTCTACTAAAAATACAAAAATTAGCCAGGTGTGGTGGTGCATGCCTGTAATCCCAGCTACTCAGGAGGCTGAGGCAGGAGAATCGCTTGAATCTGGGAGGCAGAGGTTGCAGTGAGCTGAGATCATGCCCCTGCACCCCAGCCTGGGTGATGGAACGAGACTCCATTTCAAAAAAAAAAAAAAAGAAGAAGAGGAA"
"chr1","9776938","9777237","chr22","29825053","29825352","44","20048115","CCAGGAGCAGTGTCTCATGCCTGTAATCCCAGCGTGTTGGGAGGCTGGCCACACAGATCACTTGAGGTCAGGAGTTTGAGACCAGCCTGGCCAACATGGTGAAACCCTCCTGTCTTTACTAAAAATACAAAAATTAGCCGGGTGTGGTGACACGCACCTGTAGACCCAGCTTCTCGGGCGGCTGAGGCAGGAGAATTGCTTGAACCTGGGAGGTGCAGGTTGCAGTGAGCCAAGATTGTACCACTGCACTCCAGCCTGGGCGACAGAGCGAGACTGTCTCAAAAAAAAAAAAAAAAAAAA","CCAGGCGCGGTGGCTCACGCCTGTAATCCCAGCACTTTGGGAAGCCAAGCCAGGCAGATCACTTGAGGTCAGGAATTTGAGACCAGCCTGGCCAACATGGTAAAACCTCATCTCTACTGAAAATACAAAAATTAGCCAGGTGTGGTGGCACACACCTGTAATCCCAGCTACTCAGGAGGCTGAGGCAGGAGAATCACTTGAACATGGGAGGCGGAGATTGCAGTGAGCCGAGATCGTGCCACTGCACTCCAGCCTGGGTGATAGAGCGAGACTCCATCTCAAAAAAAAAAAAAAAAAGAA"
"chr1","9777240","9777552","chr22","13872106","13872416","51","4094866","CTGGGAGTGGTGGCTCAAGCCTGTGATCCTGGCACTTTGGGAGGCCAAGGCAGGCGGATCACTTGAAGTCAGGAGTTCAAGGCCAGCCTGACCAATATGGTAAAATCCTCCTGTCTTTACTATAAATACAAAAATTAGCTGGGCGTGGTGGCACACACCTGTAGTCCCAGCTACTCAGGAGGCTGAGGCAGGAGAATCACTTGAAACCGGGAGGTAAAGGTTGCAGTGAGCCAAGATCTCGCCACTGCACTCCAGCCTGGACAACAGAGCGAGACTATGTCTCAAAAAACAACGACGACAACAAAAAAGATAA","GGCTGGGTGTGGTGGCTCAAGCCTGTAATCCCAGCACTTTGGGAGGCCAAGGAAGGCAGATCATTTGATATCAAGAGTTCAAGACCAGCCTGGCCAACATGGTAAAACCCCGTCTCTAATAAAAATACAAAAATTAGCTGGGTGTGGTGATGCATGCCTGTAATCCCAGCTACTCAGGAGGCTGAGGCAGGAGAATCGCTTGAACCCCAGAGGCAGAAGTTGCAGTGAGTCAAGATCACACCACTGCGCTCCAGCCTGAGCAACAGAGTGAGACTCTGTCTCAAAAAAAAAAAAAAAAACTAAAAAAGAAA"
"chr1","9784994","9785306","chr4","36522598","36522895","79","26737604","GCTGGGTGCAGTGGGTCACGCCTGTAATCCCAGCACTTTGGGAGACTGAGGCAGGCGGATCACTTGAGGCCAGGAGTTTGAGACCAGACTGGCCAACATGGTGAAACCCTGTCTCCGCTAAAAATACAAAAATTAGCCAGGCACGGTGGATCACCTGAGGTCAAGAGTTCAAGACCACCCTGGCCAACATGGTGAAAACCCCTCTCCTCTAAAAATAACAAAAATTAGCTGGGAGTGGTGGCACACATTGTAGTTTTATTTCACTTCAGCCTGGGTGACAGAGCAAGACTCTCAAAAAAAAAAAAAAAAAGAA","GCTGGGCACAGTGGCTCACACCTGTAATCCCAGCACTTTGGGAGACTGAGGCAGGTGGATCACTTGAGCCCAGGAGTTTGAGACCAGCCTGGCCAACATGGTGAAACCCCGTCTCTACTAAAAATACAAAAATTAGCCAGGCATGGTGGTACGTGCCTGTAATCCCAACTACTTGAGAGGCTGAGGCAGGAGAATTGCTTGAACCTGGAAAGCAGAGGTTGCAGTGAGCCAAGATCGTGCCACAGCACTCCAGCCTGGGTGACAGAGTAAGACTGTCTCAAAAAAGAAAAAGAAAAAA"
"chr1","9794321","9794608","chr5","46330077","46330361","41","36535756","GGCCAGACGTGGTGGTTCATGCCTGTAATCTCAGCACTTTCGGAGGCTGAGGCAGGTAGATCATTTGAGGCCAGGAGTTCGAGACCAGCATGGCCAACATGACGAAACCCTGTCTCTACTAAAAATACAAAAATTAGCCAGGCATGGTGAAGCACGCCTGTGATCTCAGCTACTTGGGAGGTTGAGGCAGGAGAACTGCTTGAGCCTGGGAGGAGGAGGTTGCAGTGAGCTGAGATTGCGTGACTGCACTCCAGCCTGGACGACAGAGGGAGACTCAATCTCAAACAA","GGCTGGGCGTGGTGGCTCATGCCTGCAATCCCAGCATTTTAGGAGGCTGAGGCAGGTGGATCACTTCAGGTCAGGAGTTCGAGACCAGCATGGCTAACATGGTGAAACCCTGTCTCTACTAAAAATACAAAAATTATCCAGGCATGGTGGCATGCACCTGTAATCCCAGCTACTTGGGAGGCTGAGGCAGGAGAATTGCTTGAACCTGGGAGGCAGAGGTTGCAGTGAGTCAGATCACGCCACTGCATTCCAGCCTGGGCAACAGAAGGAGACTCCATCTCAAAA"
"chr1","9797860","9798105","chr20","31286422","31286674","41","21488562","GAGGCGGGCAGATCACTTGCGACCAGGAGTTCGAGGCCAGCCTGGCCAACATGGTGAAACCTCATCTTTACTAAAAATCCAAAAATTAGCCAGGCGTGGGGGTACATGCCTGTAATCCCAGCTACTCGGGAGGCTGAGGCAGGAGAATTGCTTTAACCTGGGAGGTGGAGGTTGCAGTGAGCCGAGATGGTGCCACTGCACTCCAGCCTGGGCAACAGAGGGAGCGAGACTCTGTCAACAAAGAAA","CCAAGGCAGGTAGGATCACTTGAGGCCAGGAGTTTGAGACCAGCCTGGCCAACATGATCAAGCCCTGTCTCTACTAAAAATACAAAAATTAGCTGGGCATGCTGGCGCATGCCTATAATCCCAGCTAGTTGGGAGGCTGAGGCAGGAGAATTGCTTGAACCTGGGAGGCAGAAGTTGCAATGAGCTGAGATTGTGCCACTGCACTCCAGCCTGGGCAACAGAGTGAGTGAGACTCTGTCTCAAACAAAAGAAA"
"chr1","9803521","9803819","chr13","57414367","57414663","38","47610846","GGCCGGGCGCAGTGGCTCACGCCTGCAATCCCAGCACTTTGGGAGGCCAATGTGGGCAGATAACTTGAAGTCAGGAGTTCGAGACCAGTCTGGCCAACATGGTGAAATCCCGTCTCTACTAAAAATACAAAAATTAGCTGGGTGTGGTGGTATATGCCTGTAATCCCAGCTACTTGGGAGGCCGAGGCACAAGAATTGCTTGAACCCAGGAGGTGAAGGCTGCAGTGAGCAAGATCACACCACTGCACTCCAGCCTGGGCAACAGAGCAAGACTCCATCTTAAAAAAAATTAAATAAAA","GGCCAGGCACGGTGGCTCACGCCTGTAATCCCAGCACTTTGGGAGGCCAAGGTGGGCGGATCACTGGAGGTCAGGAGTTCTAGACCAGCCTGGCCAACATGGTGAAAACCCGTCTCTAATAAAAATAAAAAATTAGCAGGTGTGGCGGCACATGCCTGTAATCCCAGCTACTTGGGAGGCTGAGGCACGAGAATCGCTTGAAACTGGGAAGTGGAGGTTGCAGTGAGCCAAGATCACACCACTGCACTCCAGCCTGGGTGACAGAGCAAGACCCTGTCTCAAAAATAAATAAATAAA"
"chr1","9809499","9809628","chr5","106446206","106446330","15","96636707","GGCCAGGCAGGGTGGCTCATGCCTGTAATCCCAGTGCTTTGGGAGGTCAAGGAGGCTGGATCACTTGAGGTCAGGAGTTTGAGACCAGCCTGGTCAACATGGTGAAACCCCGTCTCTACTAAAAATATAA","GGCCAGGCATGGTGGCTCATGCCTGTAATCCCAGCACTTTGGGAGGCCAAGGTGGGTGGATCACTTGAGGTCAGGAGTTCGAGACCAGCCTGGCCAACATGGTGAAACTCCATCTTTAAAAAAAA"
"chr1","9809917","9810063","chr16","43898945","43899089","30","34089028","TGATACCAGCTACTTGGGAGGCTGAGGCAGGAGAATAGCTTGAACCTGGGAGGCAGAGGCTGCAGTGAGCCAAGATCATGCCACTGCACTCCAGCCTGGGCAACAGAGGGAGACTCTGAGAAAGAGAGAGAGAGAAAGAGAGAGAAA","TAATCCCAGCTACTAGGGAGGCTGAGACAGGAGAATCACTTGAACCTGGGAGGCTGAGTCTACAGTGAGCCAAGATCTTGCCACCGCACTCCAGCTTGGGCTGCAGACTGAGATTTCATCTCAAAAGACAAAAAGAAAAGACAAA"
"chr1","9820238","9820544","chr2","8426666","8426970","42","1393572","GGCCGGGTGCAGTGGCTCACACCTGTAATCTCAGCACTGTGGGAGGCAGAGGCAGGCGGATCACTTGAGGTCAGAAGTTCAGACCAGCCTGGCCAACATGGTGAAACCCTGTCTCTACTAAAAATACAAAAATGAGCCCAGTGTGATGGCATATGCCTGTAGTCCCAGCTACTGGTGAGGCTGAGGCAGAAGAATCTCTTGAACCCGGGAGGCGGAGGTTGCAGTGAGACAAGATCGCGCCATTGCACTCCAGCCTGGGTGACAGAATGAGACTCTGTCACAAAAACAAAAACAAACAAAAAAAAAA","GGCCGGGTGCAGTGGCTCATGCCTGTAATCCCAGCACTTTGGGAGGCCAAGGTGGGCGGATCATATGAGGTCAGGAGTTTGAGACCAGGCTGGTCAACATGGTGAAATCCTGTCTCTACTAAAAATACAAATATTAGCCAGGTGCAGTGGCGCACGCCTGCAATCCCAGCTATTAGGGAGGCTGAGGCAGGAGAATCACTTGAACCCGGGAGGCGGAGGTTGCAGTGAGCCAGGATTGCGCCATTGCACTCCAGCCTGGGTGACAGAGAGAGACTCTGTCTCAAAAAAAAAAAAAAAAAAAAAGA"
"chr1","9834876","9835180","chr3","106655459","106655766","39","96820583","GGCTGGGCACGGTGGCTCGTGCCTGTAACCCCAGCACTTTGGGAGTCCGAGGTGGGCGGATCGCTTGAGATCAGGAGTTTAAGACCAGCCTGGCTAACATGGTGAAACCCCGTCTCTACTAAAAATACAAAAATCGGCCAGGTGTAGTGGTGCATGCCTGTAGTCCTAGCTACTTGGGAGGCTGAGGCAGGAGAATCGCCTGAACCCAGAGGGTGGAGGTACAGTGAGCTGAGATCGTACCACTGCACTCCAGCCTGGACAACAGAGCGAGACTCCGTCTCAAAAAAAAAAAAAATTATAAAAAA","GGTCGGGTGTGGTGGCTCGTGCCTATAATCCCAGCACTTTGGGAGGCTGAGGTGGGCAGATCACTTGAGGTCAGGAGTTTGAGACCAGCCTGGCCAACATGGTGAAACCCCGTCTCTACTAAAAATACAAAAATTAGCCAGGTGTGGTGGCATGCATCTGTAATCCCAGCTACTTTAGGAGGCTGAGGCAGGAGAATCGCTTGAACCCAGGAGGTGGGGGTTGCAGTGAGCTGAGATCGCACCACTGCACTCCAGCCTGGGCAACAGAGAGAGACTCTGTCTCAAAAAAAAAAAAAAAAAAAAAAAAA"
"chr1","9840853","9841119","chr7","67196083","67196346","39","57355230","GGCTGGGCGCGGTGTCTCATGCCCGTAATCCCAGCACTTTGGGAGGCCGAGGCAGATGGATCCACTTGAGGTCAGGAGTTCAAGACCAGCCTGGCCAACATGGCGAAACCCCATCTCTACTAACAATACAAAAATTAGCCAGGCACAGTGGTACCTGCCTGTAGTCCCACTTACTCGGGAGGCTGAGGCAGGAGAATCGCTTGAACCCAGGAGGTGGGGGTTGCAGTGAGCCGAGATCATGCCACTGCACTCCAGCCTGGGTGACAG","GGCCGGGTGTAGTGGCTCACATCTGTAATCCCAACACTTTGGGAGGCTGAGGCAGGTGGATCACTTGAAGTCAGGAGTTCAAGACCAGCTTGGCCAACATGGTGAAACCCTGTCTCTACTGAAAATACAAAATTAGCCAGGCATTGTGGCACATGCCTATAATCCCAGCTAGTCGGGAGGCTGAGGCAGGAGAATCACTTGAACCCGAGAGGCGGAGGTTGCAGTGAGCTGAGATCATGCCACTGCACTCCAGCCTGGACGACA"
"chr1","9855908","9856177","chr2","116781828","116782085","47","106925920","GGCCAAGGTGGGCAGATCACTTGAAGTCAGGAGTTTGAGACCAGCCTGATCAACATGGTGAAACCCCATCTCTACTAAAAATATCAAAAAGTTAGCTGGGCGTGGTGGCACATGCCTGTAGTCCCAGCTACTCGGGAAGCTGAGGCACGAGAATTGTTTGAACCCAGGAGCTGGAGGTTGCAGTGAGCTGAGATCGCACCACTGCATTCTAGTCTGGGCGACAGAGTGAGACTCTGTCTCAAAAAAAAAATAAGAAATAAATAAATAAAA","GGAGGCTGGGGTGGGCAGATCACTTGAGGTCAGGAGTTTGAGACCAGCCTGGCCAACATGGAGAAACCCCATCTCTACTAAAAATACAAAAAATAGCCGGGCATAGTGGCACATGTCTGTAATCCCAGCTACTCGGGAGGCTGAGGCAGGAGAATTGCTTGAACAGGGAGAAAGAGATTGCAGTGAGCTGAGATCACACCACTGCATTACGGCCTGGGGGACAGAGTGAGACTCTGTCTCAAAAAAAAAAAAGGAAAA"
"chr1","9911435","9911722","chr22","4577957","4578244","46","5333478","GGCCGGGTGCGGTGTCTCAGGCCTGTAATCCTAGCATTTTGGGAGGCCGAGGCGGGCAGACCACTTGGGGTCAGAAGTTGGAGACCAGCCTGGCCAACATAGAGAAAACCCGTCTCTACTAAAAATACAAAAATTAGCCGGGGCGCATGCCGGTAATCCCATCTACTCAGGAGGCTGAGGCAGGAGAATCGCTTGAACCCGGGAAGCGGAGGTTGCGGTGAGCCAAGATCGCGCCACTGCACCTGAGCCTGGGCGACAGAGCGAGACTCCCTCTCAAAAACAAAAAAA","GGCTGGGTGTGGTGGCTGATCCTTGTAATCCCAGCACTGTGGGAGGCCGAGGCAGGAAGATCACTTGAGGTCAGGAGTTCAAGACCAGCCTGGCCAACATGGTGAAACCCCATCTCTACTAAAAATGCAAAAATTAGCATGGTGGCACGCCTGTAATCCCAGCTACCTGGGAGGCTGAGGCAGGAGAATCGCTTGAACCCGGGAGGTGGAGGTTGCAGTGAGCCAAAATCATGCCACTGCACTCCAGCCTGGGGGACAGAGCAAGACTTCATCTCAAAAAAAAAAAAA"
"chr1","9913330","9913640","chr17","31215312","31215621","41","21301982","GGCTGGGCACGGTGGCTCACGCCTATAATCCCAGCACTTTGGGAGGCTGAGACCGGGTGGATCACTTGAGATCAGGAGTTTGACACCAGCCTGGCCAATATGGTGAAACCCTGTCTCTACTAAAAATACAAAAATTAGCTGGGCGTGGTGGCGCATGCCTGTAATCCCAGCTACTAGGAAGGCTGAGGCAGGAGAATCACTTGAACACAGGAGGCGGAGGCTGCAGTGAGCCAAGATCACACCACTGCAGTCTAGCCTGGGCGACAATGAGACTTCATCTCAAAAAAAAGAAAGAAAAAAAAGAGAAAAAA","GGCTGAGCATGGTGGCTCATGCCTATAATCCCAGCACTTTTGGAGGCTGAAGTGGGAGGATCACTTGAGTTCGGGAGTTTAAGACCAGCCTGGTCAACATGGTGAAACCCTGTCTCTACTAAAAATACAAAATTAGGTGGGCATGGTGGAGCATGCCTGTAATCCCAACTACTTGGGAGGTAGAGGCAGGAGAATCACTTGAACCCAGGAGGCGGAGGTTGCGGTGAGCTGAGATGGGACCACTGCACTCCAGCCTGGGCTACAGAGTGAGACTCCATCTCAAAAAAAAAAAAAAAAAAAAAAAGAAAAA"
"chr1","9933945","9934251","chrX","106754938","106755243","44","96820993","GGCTAGGCGCAGTGGCTCCCATCTATAATCCCAACACTTTGGGAGGCTGAGGCGGGCAGATCACTTGAGGTTAGGAGTTCAAGACCAGCCTTGACAACATGGTAAACCCCATTTCTACTAAAAATACAAAAATTAGCCAGGCGTGGTGGCATGTGCCTGCTGTAGTCCCAGCTACTCAGGAGGCTGAGGCAAGAGAATCACTTGAACCCAGAGGCAGAGGTTGTACTGAACCGAGATTGCGCCACTGCCCTCCAGCCTGGGCAACAGAACAAGACCCCATCTCAAAAAAAAAAAAAAACATAAAAAA","GGCCAGGCACAGTGGCTCATGCCTGTAATCCCAGCACTTTTCGAGGCTGAGGCGGGTGGATCACTTGAGGCCAGGAGATCGAGATCAGCCTGGCCAACATGGTGAAACCCCATTTCTACTAAAAATAACAAAAATTAGCTGGGCGTGGTGGCATGTGCCTGTAGTCCCAGCTGCTTGGGGAGCTGAGGCATGAGAATCACTTGAACCAGAAGGCAGAGGTTGCAGTGAACTGAGATTGCACCACTGCACTCCAGCCTGGGCGACAGAGCAAGACCCCATCTCAAAAAAAAAGAAAAAAAAAAAAAA"
"chr1","9939084","9939360","chr11","128665552","128665831","50","118726468","GCCAAGTGGGGTGCCTCATGCCTGTAATCCTAGCACTTTGGGAGGCTGGGGTGAGTGGATCATTTGAGGTCAGGAGTTCAAGACCGACCTGGCCAATATGGCAAAACCACATTTCTACTAAAAATACAAAAATTAGCCGGACGTGGTGGCACGCACTCAAGAGGCTGAGGCAGGAGAATTGCTGAAACCCAGGAGGTGGAGGTTGCAGTGAGCCGAAATCGTGCCACCGCACTCCAGTCGGGGCGACAGAGCAAGACTCAGTCTAAAAAAAAAAGAA","GGCTGAGCACAGTGGCTCACATCTGTAATCCCAGCACTTTGGGAGGCCATGGTGAGTGGATCACTTGAGGTGAGGAGTTCAAGACCAGCCCGACCAACATGGTGAAACCCCGTTTCTACTAAAAATACAAAAAAATTAGCCAGGCATGGTGGCACAGCTACTCGGGAGGCTGAGGCAGAAGAATTGCTTGAACCCAGGAGGTGGAGGTTGCATTGAGCCGAGATAGTGCCACAGTACTCCAGCCCTGGCGACAGAACAAGACTCTGTCTAAAAAAAAAAA"
"chr1","9939837","9940145","chr2","94752074","94752384","52","84812237","GGCCAGGCATGGTGTCTCACACCTGTAATCCCAGCACTTTAGGAGGCTAAGGCAGGCAGATCACTTGAGACCAGGAGTTACAGACCAGCCTGGCCGACACGGCGAAACCCCGTCTCTACAATAAATTAAAATATTAGCTGGGCATGGTGGTGTGTGCTTGTAGTCCCAGCTACTTGGCGGGCTGAGGTGGGAGAATCATCCAAGCCTTGGAGGCAGAGGTTGCAGTGAGCTGAGATTGTGACACTGCACTCCAGCCTGGGAGACAGAGTGAGACTCCTACTCAAAAAAAAACAAAAAACAAAAAACAAA","GGCTGGGCATGGTGGCTCACACCTGTAATCCCAGCACTTTGAGAGGCCAAGGCGGTAGATCACTTGAAACCAGGAATTCAAGACCAGCCTGGCCAACATGGTGAAACCCCATCTCTACTAAAAATACAAAAAAGTTAGCTGGGCTCAGTGGTGTGCACCTGTAATCCCAGCTACTTGGGAGGCTGAGGCAGGAGAATTGCTTGAACCCAGGAGGCAGAGGTTGCAGTGAGCTGAGATTGTGCCACTGCACTCCAGCCTGGGTGACAAAGCAAGACTCCATCTCAGGAAAAAAACAAAGAAGAAAAAACAAA"
"chr1","9944952","9945261","chr6","93506061","93506372","46","83561109","GGCCGGGTGCAGTGGCTCATGCCTGTAATCCCAGCACTTTGGGAGGCCAAGGCGGGCAGATCACTTAAGGTCAGGAATTCAAAACCAGCCCGGCCAACATGGTGAAACCCCATCTCTACTAAAAATACAAAAATTAACCAGGCGTGGTGGTCCATGCCTGTAATCTTAGCTACTCAGGAGGCTGAGGCATGAGAATCGCTTGAACTCAGGAGGTGAATGCTGCAGTGAGCCAAGATCACGACGCTGCACTGCAGCCTGGGTGACAGAGCAACTCCGTCTTAAAAAAACAAAACAAAACAAAACAAAAGAA","GGCCAGGCACAGTGGCTCATGCCTATAATCCCAGCACTTTGGGAGGCCAAGGTGGGCGGATCACTTGAGGTCAGGAGTTCGAGACCAGCCTGGTCAACATGGTGAAACCCCATCTCTACTAAAAATACAAAAATCAACCAGGCGTGGTGGCACAGGCCTGTAATCCCAGCTACTCAGGAGGTTGAGACAGGAGAATCGCTTGAACCAGGGAGGTGGAGGTTGCAGTGAGTAGAGATCGCGCCACTGCACTCCAGCCTGCATGACAGAGCAAGACTCTGTCTCAAAAAGAAGAAGTAAACAAAACAAAAACAA"
"chr1","9949411","9949755","chr22","41857491","41857814","65","31908080","GGCCGGACACGGTGGCTCATGCCTGTAATCCCAGCACTTTGAGAGGCCGAGGTGGGCGAATCACTTGAAGTCAGGAGTTTGAGACTAGCCTTGCCAACATGGTGAAACTCCGTCTCCACTAAAAAAAACAAAAAAATTATATATATACACATACATATATATATATACACACACAAAAATTAGCTGGGCCTCTTGGTGTGTACCTATAATCCTAGCTACTCGGGAGGCTGAGGCAGGAGAATCGCTTGAACCCAGGAGGTGGAGGTTGCAGTGAGCAAAGATTGCACCACTGCACTCCAGCCTGGGTGACAGAGTGAAACTCCATCTCAAAAAAAAAAAAAAAAA","GGCCGGGCACGGTGGCTCGTGCCTGTAATCCCAGCACTTTGGGAGGCCGAGGTGGGCGGATCACTTGAGGTCAGGAGTTTGAGACCAGCCTGGCCAACGTGGTGAAACCCTGTCTCTACTAAAAATACAAAAAAAAAAAAAAAAAAAAAAAAAGAAAAAGCTGGGTGTGGTGGTGCATGCCTGTAGTCCCAGATACTCGGGAGGCTGAGGCAGAGGAAGCAGTTGAACCCGGGAGGTGGAGGTTGCCGTGAGCTGAGATCGCACCACTGCACTCCAACCTGGGCGACAGAATGAGACTCCGTCTCAAAAAAAAAAGAAAGAAGA"
"chr1","9950811","9951104","chr14","63484983","63485281","44","53534172","GGGCACAGTGGTTCACAGCTATAATCCCAGCACTTTGGGAGGCTGAGACGGGTGGATCAGTTGAGGTCAGGAGTTCAAGACTAGCCTGGCCAACATGGCGAAACCCCATCTCTACTAAAAATACCAAAATTATCCAGGCATAGTGGCACACACCTTTAATTCCAGCTACTGGGGAGGCTGAGGCAGAAGAATTGCTTTAATCCAGGAGGAGGAGGTTGCAGTGAGCCAAGATCACGCCACTGCACTCCAGCTTAAGCAACAAAGTGAGACTCTGTTTCAAAAAAAAAAAAAAAA","GGCCGGGCACAGTGGCTCACGCCTGTAATCCCAGCACTTTGGGAGTCTGAGGTGGGCGGATCACTCGAGGTCAGGAGTTCAAGACCAGCCTGGCCAACATGGTGAAACCCCATCTCTACTTAAAATACAAAATTTGGCCAGGCATGGTGGTACGCACCTATAATTCCAGCTACTTGGGAGGCTGAGGTGAGAAGATTGCTTGAACCAGGAGGTGGAGGTTGCAGTGAGCCGAGACTGCGCCACTGCACTCTAGCCTGAGCAACAGAGTGAGACTCTGGCTCAAAAAAAAAAAAAAAAAA"
"chr1","9956162","9956421","chr6","17516467","17516732","48","7560305","AGGTAGACCAATCACTTGAGGTCAGGGGTTCGAGATCAGCATGGCCAACATGATGAAACCCCATCTCTACCAAAAAATACAAAAGCTAGCCGGGTGTGGTGGCACGTGCCTGTAATCCCAGCTACTGGGAAGGCAGAGGCCCAAGAATTGCCTGAACCTGGGAGGCAGAGGTTGCAGTGAGCAGAGATCGCACCACTGCAGTCCAGCCTGGGTGACAAAGTAAAACTCTGTCTCAAAAAAAAAAAAAAAAAGAAAAGAAA","GAGGCTGAGATGGGTGGATCTCTTGAGGTCAGGAGTTTGAGACTAGGCTGGCCAACATGGGGAAACCCCTTCTCTACTAAAAATACAAAAGTTAGCCAGGTGTGGTGGCACACCCCTGTAATCCCATCTACTAGGGTGGCTGAGGCATGAGAATTGCTTGAAGCTGGGAAGCAGAGGTTGCAGTGAGCTGAGATCACACCACTGCATTCCAGCCTGGGTGGCAAAGTGAGACTCTGTCTCCAAAAAATAAAAAGAAATAAAAGAAA"
"chr1","9965391","9965702","chr16","25492826","25493133","45","15527435","GGCCAGGTGCGGTTGCTCACACCTGTAATCCCAGCACTTTGGGAGGTCAAAGCAGAGAGATCGCTTGAGGTCAGGAGTTCAAGACCAGCTTGACCAACATGGTGAAACCCCATCTCTACCAAAAATACAAAAATTAGCGAGTGTGGTGGCGCACACATGTAATCCCAGGTACTTGGGAGGCTGAGGCAGGAGAATCACTTGAACCTGGCAGGCAGGGGTTGCAGTGAGCCGAGACTGCACCACTGCACTCCAGCCTGGGTGACAGAGCGAGACTCTGTCTCAAAATAACAACAATAATATAAAAATTAAAAA","GGTCAGGCACAGTGGCTCACACCTGTAATCCTAGCATTTTGGGAAGCCAAACGGGCAGATCACTTGAGGTCAGGAGTTCAAGACCAGCTTGACCAACATGGTGAAACCCAATCTCTACTAAAAATACAAAAATTAGCCAAGTGTGGTGGTGCACATCTGTAATTCCAGCTACTTGGGAGGCTGAGGCAGGAGAATCGCTTGAACCTGGGAGGTGGAGGCTGTAGTGAGCCAAGATCGTGCCACTGCACTCCAGCCTGGGTGACAGAGCCAGACTCTATCTCAAAAAAAAAAAACAAAAAAAACAAAAA"
"chr1","9966017","9966312","chrX","45929390","45929683","36","35963373","GGCTGGGCACGGTGGCTCACGCCTGTAATCTCAACACTTCGGGAGGCTGAAGCAGTCAGATCACTTGAGGTTAGGAGTTTGAGACCAGCCTGGCCAACATGGTGAAACCCCGTCTCTACCAAAAATACGAAAATTAGCCAGGCATGGTGGGGCATGCCTGTAGTCCCAGCTACTTGGGAGGCTGAGGCAGGAGAATCACTGTAACCTGGGAGGCAGAGGCTGCAGTGAGCTGAGATCGTGCCACTGCACTCCACCGTGGGCAACAGAGGGAGACTCCATCTCAAAACAGAAAGAAA","GGCTGGGTGCAGTGGCTCATGCCTGTAATCCTAACACTTTGGGAGGCTGAGGCGGGCAGATCATTTGAGGTCAGGAGTTTGAGACCAGCCTGACCAACATGGTGAAACCCCGTCTCTACTAAAAATACAAAAAAATTAGCCAGGCATGGTGGTGCATGTCTGTAGTCCCATTCCTTGGGAGGCTGAGACAGGAGAATCTCCTGAACCTGGGAGGCAGAGGTTGCAGTGAGCTGAAATCGTGCCACTGCACTCCAGCTTGTGCAACAGAGTGAGACTCCGTCTCAAAAAAAAAAA"
"chr1","9969509","9969768","chr22","27309991","27310258","37","17340482","TGGGCGGCTGAGGTGGGTGGATCACTTGAGGCCAGGAGTTCGAGACCAGCCTAGCTAACATGGTGAAACCCATCTCTACTAAAAATTCAAAAGTTATCTGGGTGTGGTGGTGCATGCCTGTAGTCCCAGCTACTTGGGAGGCTGAGGCAGGAGAATTGCTTGAACCTGGGAGGTGGAGGTTGCAGTGAGCTGAGATCGTGCCACTGCACTCCAGCCTGGGTGAGAGAGGGAGACTCTGTCTCAAAAAAATAAATAAATAA","GCACTTTGGGAGGCCAAGGCGGGTGGATCACTTGAGGTCAGGAGTTCAAGACCAGCCTGGCTAACATGGTGAAATCCCATCTCTACTAAAAATACAAAAATTTGCTGGGTGTGGTGTCACACACCTGTAATCCCAGCTACTCGGGAGGCTGAGGCAGGAGAATCACTTGAACCTGGGAGGTGGAGGTTGCAACGAGCTGAGATCATGACACTGCACTCCAGCCTGGGTGACAGAGTGAGACTCAGTCTCAAAAAATAAATAAATAAAA"
"chr1","9973859","9974127","chr7","44516581","44516849","39","34542722","GGTGGCTCATGCCTGTAATTCCAGCACTTTGGGAGGCCGACGTGGGAGGATCACTTGAGAACAGGAGTTCAAGAGCAGCCTGGTCAACATGGTGAAACCCCATTTCTACTAAAAATACAAAAATGGGCCGGGCATGGTGCTGTGTGCCTGTAATCCCAGTTACAGGGGAGGCTGAGGCAAAAGAATCGCTTGAATCCAGGAGGTGGAGGTTGCAGTGAGCCAAGACTGTGCCACTGCACTCCAGCCTGGGCGACAGAGCGAGACTCTGT","GGTGGTTCATGCCTGTAATTCCAGCACTTTGGTAAGCCAAAGTGGGAGGATTTGCTTGAGAACAGGAGTTTGAGACCTGCCTGGCCAACATGGTGAAACCCCATTTCTACTAAAAGTACAAAAATAGGCCCATGTGGTGGTGCACACCTGTAATCCCAGTTATTCGAGAGGCTGAGGCAAGAGAATCACTTGAACCTGGAAGGTGGAGGTTGCAGTGAGCCCAGACCGTGCCACTGCATTCCAGCCTGGGCAACAGAGCAAGACTCTGT"
"chr1","9975219","9975518","chr7","44518193","44518488","46","34542974","GGCCAGGTGTGGTGACTCATGCCTGTAGTCCCAGCACTTTGGGAGGCTGAGGCAGGCAGATCACTTGAGGTCAGGAGTTGGAGACCAGCTTGGCTAACATGGTAAAAACCCCATCTCTACTAAAAATACAAAAATTAACCAGCATGGTGGCATGCGCCCGTAATCCCAGCTACTCAGGAGTCTGACTCAGGAGAATTGCTTCAACCCAGGAGGCGGAGGTTGCAGTGAGCCGAGATCACTCCAGTGCGGCCTGGGGAACAGAGCAAGACTCTGTCTCAAAAAACAAAACAAAACAAATAA","CCAGGCATGGTGACCCATGCCTGTAGTCCCAGCACTTTGGGAGGCTGAGGCAGGCAGATCACTTGAGGTCAGGAGTTCGAGACCAGCTTGGCTAACATAGTGAAACCCCATCTCTACTAAAAATAACAAAAATTAGCCAGGCATTGTGGCACACATCTGTAACCCAGCTACTTGGGAGGCTGAGTCAGGAGAATTGGTTGAACCTGGGAGGCAGAGGTTGCAGTGAGCTATCATGCCACTGCACTCCAGCCTGGGCAACAGAGCAAGTCTCTGTCTCAGAAAAAAACAAAGCAAAA"
"chr1","9980356","9980642","chr2","11864999","11865280","48","1884643","CACCTATAATCCCAGCACTTTGGGAGGCTGAGGCGGGCAGATCGCTTGAGGTCAGAAGTTCAAGACCAGCCTGGCCAACATGATGAAACCCCGTCACTACTAAAAATACAAAAAAAAATTGGCTGAGCGTGGTGGTGCGCCCCTGTAATCCCAGCTGCTCGGGAGGCTGAGGCAAGAGAATTGTTTGAACCCAGGAGCCAGAGGTTACAGTGAGCTGAGATCACACACTGCACTCAGCCTGGGCGTCAGAGCAAGACACCATCTCAAAATAATAAATAAATAAATAA","CACACCTGTAATCCCAGCACTTTGGGAGGCTGAGGCGGGCAGATCACTTGAAGTCAGTAGATCAAGACCAACCTGGCTAACATGGTGAAACCCCTTCTCTACTAAAAATACAAAAAGTTAGCTGGCCGTGGTGGTACACGCCTGTAATCCCAGCTACTTGGGAGGCTGAGGCAGGAGAATTGCTTAAACCTGGGAGGCAGAGGTTGCACTGAGCTGATTACACCACTGCACTCTAGCCTGGGTGATAGAGTGAGACTCCATCTCAAAAAACAAAAATAAAAA"
"chr1","9985674","9985948","chr2","63221999","63222273","48","53236325","GGCAGAGCGTGATGGCTCACACCTGTAATTCCAGCACTTTGGGAGGCCAAGGTGGGCGGATCATTTGAGGCCAGCTTTGCCATCACGGTGAAACCCTGTCTCTACTGAATATACAAAAATTAGCCAGGCGTGGTAACACACGCCTGTAATCCCAGCTCCTTGGGAGGCTGAAGCAGGAGAATTGCTTGAACCCAGGAGGCAGAGGTTGCAGTGAGCCGAGACTGTGCCACTGCACTCCAGCCTGGGTGACACAGCAAAACTGTCTCAGAAGCAAA","GGCTGGGAGAGGTGGCTGACACCTGTAATCCCAGCACTTTGGAGGCTGAGGTGGGCAAATCATTTGAGGTCAGCCTGGACAACATGGTGAAACCTCATCTCTACTAAAAATACAAAAATTAGCCAGGCGTGGTGGCATGCCTGTAATCCCAGCTACTTGGGAGGATGAGTCAAAAGAATTGCTTGAACCTGGGAGGCGGAGGTTGCAGTGAGCAGAGATCGTGCCACTGCACTCCAGCCTGGGTGACAAGAGCAAGAATCTATCTCAAAAAAAAA"
"chr1","9987990","9988294","chr9","108878803","108879104","50","98890813","GGTTGGGTGTGATAGCTCACACCTGTAATCCCCACACTTTGGGAGGCCAAGGCAGGTGGATCATTTGAGGTCAGTTTGAGATCAGCCGGGCCAACATGGAGAAACCCTGTCTCTATTAAAAATACAAAAGTTAGCTGGGCACGGTGGTGTGCGCTTATAATCCCAGCTACTCGGGAAGCTGAGGCAGGAGAATTTCTTGAACCTGAGAGGTGGAGGTTGCAGTGAGCTGAGATCGTGCCACTGCAATCCAGCCTGGGTGACAGAACAAGACTCTGTCTCAAAAAAAACAACAACAACTAAAAAAA","GCCAGGTGTGGTGGCTCACACCTGTAATCCCAGCCCTTTGGGAGGCCAAGGCAGGTAGATCACTTGAGGTCAGGAGTTTGAGATCAGCCTGGCCAACATGGCAAAACCCTATCTCTACTAAAAATACAAAAAATAGCTGGGCATGATGGCATGCACTTGTAATCCCAGCTACTCAGGAGGCTGAGGCAGAAGAATTGCTTGAACCCAGGAGGTAGAGGTTGCAATGAGCTGAGATCGCGCCATTGCACTCTAGCCTGGGTGACAGAGCGAGACTCGGTCTCAAAAAACAAAAAAGAAAGAAA"
"chr1","9991186","9991469","chrX","21213150","21213438","44","11221964","GGCTTGGTGCGGTGGCTCACGCCTGTAATCCCAGCACTTTGGGAGGCTGAGTTAGGAAGGTCACTTGAGGTCAAGAGTTCAAGACCAGCCTGGCCAACAGGGTGAAATCCCATCTCTACTAAAAACAAAAATTAGCCAGGCTTGTAATCCCAGCTACTGGGGAGGCTGAGGCAAGAGAATTGCTTGAACCCGGGAGGCAGAAGTTGCAGTGAGCTGAGATTGCACCATTGCACTCCAGCCTGGGTGAAGAGGCAAGACTTTGTCTAAAAAAAAAAAAAAAAAAA","GGCTGGGTTCAGTGGCTCACGCCTCTAATCCCAGCATTTTGGGAGGCTGAGGAGGGTGGATCACTTGAGGTCAGGAGTTCGAGACCAGCCTGGCCAACATGGTCAAACCCCATTTCTACTAAAAATACAAAAGTTAGCCAGGCATGGTAATCCCAGCTACTTGGGAGGCTGAGGTGAGAGAATCTCTCGAACCTGGGAGGTGGAGGTTGCAGTGAGCCAAGATTGTACCACTGCACTCCAGCCTAGGTGACAGAGGGAGACTCCATCTCAAAAAAAAAAAAAAAAAAAA"
"chr1","10002488","10002803","chr13","97340307","97340616","51","87337819","GGCCAGGTCCAGTGGCTCAGGCCTGTAATTCCAGCACTTTGGGAAGCCGAGGCAGGCAGATCACTTGAGGCCAGGAGTTCAAGACCAGCCTGGCCAACATGGTGAAACCGCATCTCTACCAAAAAATAAAATAAAAATTAGCTGGGCATGGTGGTGTGCACCTGCAGTCCTGGCTGCTGGGGAGGCTGAGGTGGGAGGATCGCTTGAGCCTAGAAGGAGGAGGTTGCAATGAGCCAAGATGGTGCCACTACACTCCAGCCTGGGCAACAGAGTGAGATCCTATCTCAAAAAATAAAAATAAAATAAAATGAATAAA","GGCCGGGTGCAGTGGCTCATGCCTGTAATCCCAGCACTTTGAGAGGCCGAGGTGGGCAGATCACTTGAGGTCAGGAGTTTGAGACCAGCCTGGCCAACATGGTGAAACCTGTCTCTACTAAAAATACAAAAATTAGCTGGGCATGGTGGTGTGTGCCTGTAGTCCCAGCTGATTGGGAGGCCGAGGCAGGAGAATCTCCTGAACCTGGGAGGAGAAGGTTGCAGTGAGCCGAGACTGTGCCACTGCACTCCAGCCTGGGCAACAGAGTGAGACTCCATCTCAAAAATAAATAAATAAAAATGAATAAAAA"
"chr1","10008329","10008443","chr16","41652507","41652623","17","31644178","GGCCAAGCGTGGTGGCTCACACCTGTAATCCCAGCATTTTAGGAGGCCGAGGTGGGTGTATCACTTGAGGTCAGGAGACTAGCCTGGCCAACATGGTGAAACCCCATCTCTACTA","GGCCGGGCGTGGTGGCTCACGCCTGTAATCCCAGCATTTTGGGAGGCCGAGGTGGGTGGATCACTTGAGATCAGGATTCGAGACCAGCCAGACCAACATGGTGAAACCCCATCTCTA"
"chr1","10008731","10008796","chr4","1645807","1645886","30","8362924","CACACCTGGCCCATCTCTACTGAAAATACAAAAATTAGCCGGGCATAGTGGCGCATGCCTATACTC","CAACAGCGAAACCCTGTATCTAGTAAAAATTAAAAAAAAACAAAAAATTAGCCAAGCATGGTGGCACACACCTGTAATCC"
"chr1","10009519","10009814","chr2","10593959","10594242","51","584440","CACGCCTGTAATCCCAACACTTTGGGAGGCCCAGGTGGGCTGATCACTTGAGGTCAGGAGTTCGAGACCAGCCTGGCCAATATGGTAAAATCCCGTTTCTGCTAAAAATACAAAAACTAGCTGGGTGTGGTGGTGCATGCCTGTAGTCCCAGCTACTCGGGAGGCTGAGGTGGGAGGATCGCTTGAACCCAGGAGGCAGAGGTTGCAGTGAGCTGAGATCACACCACTGCACTCCAGCGTGGGTGACACTGGGTGACAGAGGGAGAGACTCCATCTCAAAAAAAAAAAAAAAATAA","GCTCACGCCTCTAATCCCAGAACTTTGGGAGGCCAAGGTGGGCAGATCACTTGAGGTCAGGAGTTAAAGACCAGCCTGGCAAACATGGTGAAATCTCATCTTTACTAAAAATACAAAAATTAGCTGGGCGTGGTGGTACATGCCTGTAATCCCAGCTACTTGGGAGGCTGAGGCAGGAGAATCGCTTGAACCTGGGAGGCAGAGGTTGCAATGGCTGAGATCGTGCCACTGCCCTCCAGCCTGGGCAACAGAGTGAGACCCCATCTCAAAAAAAAAAAAAAAAA"
"chr1","10026752","10026951","chr1","103619152","103619352","33","93592400","GACCAGGCATGGTGGTTCACACGTGTAATCCCAGCACTTTGGGAGGCCGAGGTGGGCAGATCACTTGAGGTCAGGAGTTCAAGACCAGCCTGGACAACATGGCGAAACCCCATCTCTGCTAAAAATATAAAAATTAGGCCAAGCATGGTGGCTCATGCCTGTAATCCCAACACTTTGGGAGGCCAAGGCGGGCGGATCAC","GCCAGGTGTGGTCAGTGGCTCACGCCTATAATCCCAGCACTTTGGGAGGCTGAGGTGGGCAGATCTTGAGATCAGGAGTTCGAGACCAGCCTGGCCAACATGGTGAAACCCCATCTCTACTAAATATACAAAAATTACCCAGGTGCGGTGGCTTATGCCTGTAATCCCAGCACTGTGGTAGGCCAAGGCGGGTGGATCACT"
"chr1","10039426","10039738","chr4","155160654","155160966","48","145121228","GCCACGTGCAGTGGCTCACGCCTGTAATCCCAGCACTTTGGCAGGCAGAGGCAGGTGGGCCACTTGAGGTCAGGAGTTTGAAACCAGCCTAGTCAACATGGTAAAACCCCATCTTTACTAAAAATACAAAAAAAAAAAAAAATCAGCAGGGCATGGTGGCATGCACCTGTAATCCCAGCTACTTGGGAGGCTGAGGCAGGAGAATCACTTGAACCCGGGAACCAGAGGCTGCAGTGAGCCGAGATCATGCCACTTCACTCCAGCCTGGGCAACAGAGAGAGATTCTGTCCCAAAAAACAACAACAAAAAGAAA","GCCGGGCGCAGTGGCTCACACCTATAATCCTAGCACTTTGGGATGTCAAGGTCAGTGGATCACTTGAGGTCAGGAGTTCAAAACCAGCCTGGCCAACATGGCAAAACCCCATCTCTACTAAAATTACAAAAAATAAATAAATAAATAGCTGGGCATGGTGGCAAGTGCCTGTAATCCAAGCTACTTGGGAGGCTGATGCAGAAGAATCACTTGAACCTGGGAGGCAAAGGTTGCAGTGAGCTGAGATCATGCCACTGCACTCCAGCCTGGGCAACAGAAAGAGACTCCGTCTCAAAAGAAAAAAAGAAAGAAA"
"chr1","10041692","10041978","chr9","120778095","120778380","45","110736403","TCATGCCTGTAATCCCACAACTTTGGGAGGCTGAGGTGGGTGGATCATTTGAGGTCAGGAGTTTGAGACCAGCCTGGCCAACATGGTGAAACCCCTCTACTAAAAATACAAAAATTAGCCGGGCAGTAGTGGCATGTGCCTGTAACCCCAGCTACTCGGGAGGCTGAGGCAGGAGAATCACTTGAACTCGGGAGGCGGAGGTTGCAGTGAGCAGAGATCGTGCCACTGCACTCCAGCATGGGGACACAGCGAGGCTCTGTCTTAAAAAACAAACAAACAAACAAAAA","ACACCTGCAATCCCAGCATTTTGGGAGACTGAGGTAGGTGGATCATGTATGGTCAGGAGTTCGAAACCAGCCTGGCCAACATGGTGAAACTTGTCTCTACTAAAAATACTAAAATTAGCTGGACATGGTGATGTGCACCTGTAATCCCAGCTACTCGGGAGGCTGAGGCAGGAGAATCTCTTGAACCCAGGATGTGGAGGTTGCAGTGAGCCGAGATTGTGCCACTACACTCCAGCCTGGGCAGCAGAGCAAGACTCTGTCTCAAAAAACAAACAAACAAAAAGAA"
"chr1","10055638","10055921","chr4","38209077","38209362","36","28153439","GGCCAGGCGCAGTGGCTCATGCCTGTAATCCCAGCACTTTGGGAGGCCAAGGTGGGCAGATCACTTGAGATGAGGAGTTTGAGACCAGCCTGGTCAACATGGTGAAACCCTGTCTTTACTAAAAATACAAAAATTAGCTGGGTGTGGTAGCACGTGCCCGTAGTCCCAGCTACTTGGGAGGCTGAGGCAGGAGAATCACTTGAAGCTGGGGATGGAGGTTGCAGTGAGCTGAGATTGCATCACTGCATTCCAGCCTGGATGACAGAGTAAGACTCTGTCTCAAA","GGCCGGGCATGGTGGCTCATGCCTGTAATCCCAGCACTTTGGGAGGCCAAGGCAAGCAGATCATGTGAGCTCAGGAGTTTGAGACCAGCCTGGCCAACATGGAGAAACCCCGCCTCTACTAAAAATACAAATATTAGCTGGGTGTGGTGGCGCATGCCTGTAATCCCAGCTACTCAGGAGGCTGAGGCAGGAGAATCACTTGAATATGGGAGGTGGAGGTTGCAGTGAGCTGAGATCGCACCACTGCACTCTAGCCTGGGCGACAGAGTGAGACTCTGTCTCAAAA"
"chr1","10069535","10069793","chr7","89336131","89336394","43","79266596","GGGAGTCCGAGGCGGTGGATCATTTGAGGTCTGGAGTTCGAGACCAGCCTGGCCAACACGGCAAAACCCTGTCTCTACTAAAAATACAAAGATCAGCCAGGCATGGTGCCACACACCTGCAATCCCAGCTACTTGGGAGGCTGAGGCAGGAGAATCGCTTGAACCTGGGAGGCGGAGGTTGCAGTGAGCCAATATCGCACCGCTGCACTCCAGCCTGGGCGATGAAGTGAGACTCCGTCTCAAAAAAATAAGAAAAAAA","GGGAGGCCGAGGCGGGTGGATCACTTGAGGTCAGGAGTTCAAGACCAGCCTGGCTAATATGGCGAAACCCCATCTCTACTAAAAATACAAAAATTACCTGGGCATGGTGACACATGCCTGTCATCCCAGCTACTTGGGAGGCTGAGGCAAAAGAATCATTTGAACCTGGGAGGTGGAGGTTGCAGTGAGCCAAGATCGCATCACTGCACTCTAGCCTGGGTAACACAGTGAGACTTTGTCTCGGAAAAAAAAAAAAAGGAAAAA"
"chr1","10073440","10073721","chr7","59161627","59161913","52","49088187","GGCTGGGTGTGGTTGCTCATGCCTGTAATCCCAGCACTTTGGGAAGCCAAGGTGGGTGGATCAGTTGAGGTCAGGAGTTTGAGATCAGCCTAGCCAACATGGTGAAAGCCCGTCTCACAAAAAAAATACAAAAAGCCGGGTGTGGTGCTACCTGCCTGTAATTCCAACTACAAGAGAGGCTGAGGCATGAGAATTGCTTAAACCCGGGAGGTGGAGGTTGCAATGAGCCAAGATTGCGCTACTGCACTCCAACCTGGTGATGGCGTGAGATTCTGTCTCAAA","GGCTGGGTGCGGTGGCTCATGCCTGTAATCCCAGCACTTTGGGAGGCCAAGGTGGGCAGATCACTTGAGGTCAGGAGTTTGAGACCAGCCTGACCAACATGGTGATACCCCATCTTTACAAAATATAAAACAAAATTGGCCAGGTGTGGTGGTGCATGCCTGTAATCCTACCTACTTAGGAGGCTGAGGCAGGAGGATTACTTGAATCTAGGAGGTGGAGGTTGCAGTGAGCCGAGATCACACCACTGCACTCTAGCCTGAGTGACAGAGTAAGACTCTATCTCAAA"
"chr1","10079178","10079459","chrX","17930524","17930805","45","7851346","GGTCGGGTGCGGTGGCTCACACCTGTAATCCCAGCACTTTGGGAGGCCAATGGAGGAGGATCACTTGAGGTCAGAAGTTCAAGACCAGCCTGGTCAACATGGTGAAACTCCGTCTCTACTAAAAATACAAAAAATTAGCCGGGCGTGGTGGCGCATGCCTGTAATCCCAGCTACTCAGGAGGTTGAGGCAGGAAAATCACTTGAGCCCGGGAGGCAGACTACGTCACTGCCCTCCAGCCTGGGCGACAGAGCGGGACTCCATCTCAAAAAATAATAATAAAA","GCCAGGAGTGGTGGCTCACACCTGTAATCCCAGCACTTTGGGAGGCCGAGGCAGGTGGATCACTTGAGGTCAGGAGTTCGAGACCAGCCTGACCAACATGGTGAAAACCCATCTCTACTAAAAATACAAAAATTAGCCAGGTGTGGTGGCACATGCCTGTAATCCCAGCTACTTGGGAGGCTGAAGCAGGAGAATCACTTGAACCTGGGAGGCGGACATTGCAGTGTCACTGTACTCCAGCCTGGGCAACAGGGCCAGACTCCGTCTAAAAAAAAAAAAAAA"
"chr1","10093692","10093994","chr5","26961498","26961795","47","16867806","GGCTGGGCACGATGGCTCACGCCTGTAATCTCAGCACTTTGAGGGGCCGAGGAAGGCAGATCATTTGAGGTCAGGAGTTCGAGACCAGCATGGCCAATGTGGTGAAACCCTGTTTCTAGTTAAAATACAAAAATTAGCTGGGCGTGGTGGCCCACTCCTATAATCCCAGCTACTTGGGAGGTTCAGGCAGGAGAATCGCATTAACTTGGGAGGCGGAGGTTGCAGTGAGCCAAGATCGCCCCACTGCCCTGCAGCCTGGGTGACAGAGCAAGACTCCGTCTCAAAAAAAAAAGAAAAAAAAAA","GGCCAGGCACGGTGGCTCATGCCTGTAATCCCAGCACTTTGGGAGGCCGAGGCAGGCAGATCACTAGAAGTCAGGAGTTTGAGACCAGCCTGGCCAACATGGTGAAAACCTGTCTCTACTAAAAATACAAAAATTAGCTGGGCATGGTGGCGCACTCCTGTAATCCCAGCTACTTGGGAGGCTGAGGCAGGAGGATTGCTTGAACCCAGGAGGTAGAAGTTGCAGTGAGCCGAGATTGTACCACTGCACTCCAGCCTGGGTGACAGAGCAAGACCCCATCTCAAAAAAAAAAAAAAAA"
"chr1","10095788","10096070","chr7","79364610","79364894","36","69268822","GGCCACGCACAGTGGCTCATACCTGTAATCCCAGTCCTTTGGGAGGCCAAGGCAGGAAGATCTCTTGAGGCCAGGAGTTTGAGACCAGCCTGGCCAACAGCTGAAACCCTGTCTCTACTAAAAATACAAAAATTAGCCAGGCATGGTGGCACACACCTGTAATCCCAGCTACTCAGGTGGCTGAGGCAGGAGAATCACTTGAACCTGGGAGGCGGAAATTGCAGTGAGCCATGATCGCACCACTGCACTCCAGCCTGGGCGACAGAGTGAAACTCTGTCTCAA","GGCCAGGCACAGTGGCTCACACCTGTAATCCCAGCACTTTGGGAGACCAAGGCAGGCAGATGGCTTGAGGCTAGGAGTTTGAGACCAGGCTGGGCAACATGATGAAACCCCATCTCTACAAAAAATACAGAAATTAGTCCAGCATGGTGGTACATGCCTGTAATCCCAGCTACTCAGGAGGCTGAGGCAGGAGAATCACTTGAACCCGGGAGGCAGAGGTTGCAGTGAGCCAAGATCATGCCACTGCACTCCAGCCTGGGCAACAGAGCAAGACTCTGTCTCTAA"
"chr1","10096759","10097054","chr2","19920919","19921219","42","9824160","GGCTGGGCGTGGTGGCTCACGCCTGTAATCCCAGCACTTTGGGAAACAGAGACATGGATCACTTGAGGCCAGGAGTTCAAGACCAACCTGTCCAACATCGTGAAACTCCGTCTCTACTAAAAATACAAAAATTAGCTGGGTGTGGTGTTGCATGCCTGTAGTACCAGCTACTTGGGAGGCTAAGGCAGGAGAATCACTTGAACCTGGGAGGTGTAGGCTACAGTGAACTGAGATCACACCACTGCCCTCCAGCCTGGGTGACAGAGTAAGACTCTGCATCAAAAAAAAAAAAAAAA","GCTGGGCGCGGTGGCTCATGCCTATAATCCCAGCACTTTGGGAGGCCGAGGCAGGCAGATCACTTGAGGTCAGGAGTTCAAGACCAGCCTGGCCAATATGGTGAAACTCTGTCTCTACTAAAAAGACAAAAATTAGCTGGATGTGGTGGTGTATGCCTATAATCCCAGCTACTTGGGAGGCTGAGGCAGGAGAATTACTTGAACCTGGAAGGTGGAGGATGCAGTGAGCTGAGATCATGCCACTGCACTCCAGCCTGGGCGATAGAGCAAGACCCTGTCTGCCTCAAAAAAAAAAAAAAAA"
"chr1","10097529","10097832","chr5","83113160","83113466","43","73015631","GGCCAGGAGCAGTGGCTTACGCCTGTAATCCCATCACTTTGGGAGGCCGACGCAGGTGTTCACTTGAGGTCAGGAGTTCGAGACCAGCCTGGCCAACATGTTGAAACCCCGTATCTACTAAAAATACAAAAATTAGCGGGGCATGGTGGCATGTACCTGTAGTCCCAGCTACTTTGGAGGCTGAGGCAGGAGAGTCGCTTGAACTTGGGAGGTGGAGGTTGCTGTGACCTGAGATCGCACCGCTGCACTCCAGCTTGGGCAACAGAGTGAGACTTTGTCTCAAAAAAAGTAATAAATAAATAAA","GGCCAGGCACAGTGGCTCATGCCTATAATCCCAGCACTTTGGGAGGCTGAGGCAGGCAGATCACTTGAGGTCAGGAGTTTGAGACCAGCCTGGCCAGCATGGTGAAACTCTGTCTCTACTAAAAATACAAAATATGAGCAGGGCATGGTGGCGTGCACCTGTAATCCCAGCTACTTGGGAGGCTAAGGCAGGAGAATCACTTGAACTTGGGAGGCAGAGGTTGCAGTGAGCTGAGATTGCACCACTGTACTCCAGTCTGGGCAACAGAGTGAGACTTTGTCTCAAAAAAGAAAAAAAGAAAAAGAAA"
"chr1","10097880","10098152","chr9","102546701","102546970","38","92448821","ACGCCTGTAATCCCAGCACTTTGCGAGGCTGAGGCGGGTGGATCACTTGAAGTCAGGAGTTTTAGGCCAGCCTGGCCAATATGGTGAAACCCCATCTCAACTAAAAATTCAAAAATTAGCCATGCGTGGTGGCCCATGTCTGTAATCCCAGCTACTCGGGAGGCTGAGGCAGGAGAATTGCTTGAACCCAGGAGGCGGAGGTTGCAGTGAGCCGAGATTGTGCCACGGCATTCCAGTATGGGAGACAGAGTGAGACTCCGTCTCCAAAAAAAA","GCCTGGAATCCCAGCACTTTGGGAGACTGAGGTGAGTGAATCACTTAAGGTCAGGAGTTCAAGACCAGCCTGGCCAACATGGAGAAACCCTGTCTCTACTAAAAATACAAAAATTAGTCAGGCGTGGTGGTGCACGCCTGTAATCCCAGTTACTCGGGAGGCTGAGGCAGGAGAATCACTTGAACCCAGGAGGCGGAGGTTGTAGTGAGCCAAGATTGTGCCACTGCACTCCAGCCTGGGTGACAGAGTGAGACTCCCTCTCCAAACAAA"
"chr1","10098956","10099253","chr1","193584163","193584462","38","183485207","GGCTGGGCACAGTGGCTCACACCTGTAATCCCAGCACTTTTGGGAGGCCGAAGCAGACAGATCACTTGAGGTCAGGAGTTCGAGACAAGCCTAGCCAACATGGTAAAACCCTGTTTCCACTAAAAATACAAAAAAAATTAGCCGGGCATGGTGGTGCGTGCCTGTAATCCCAGTTATTTGGGAGGCTGAGGCAGGAGAATTGCTTGAACCTGGGAGGCAGGGGTTGCAGTGAGCCAAGATTGCACCACTGCACTACAGCCTGGGTGACAGAGCAAGACTCTGTCTAAAAAAGAAAAAA","GGCTGGGCACAGTGGCTCACACCTGTAATCCCAGCACTTTGAGAGGCCAAGACAGGCAGATCACTTGAGGTCAGGAGTTCAAGAGCAGCTTGGCCAACATGGTAAAACCCTGTCTCTACTAAAAATCGAAAAAAATTAGCTGGGCGTGGTGGTGCACGCCTGTAGTCCCAGCTACTTGGGAGGCTGAGGCAGGAGAATTGCTTGAACGCAGGAGGCAGAGGTTGCAGTGAGCCAAGACTGCGCCACTGCACTCCAGCCTGGTGCCTGGCAACAGAGCAAGACTTTGTCTCAAAAAAAAAA"
"chr1","10111675","10111978","chr17","69075766","69076065","35","58964091","GGCCAGGCGCGGTGGCTCACACCTGTAATCCCAGCACTTTGAGAGGCCGAGGTGGGCGGATCACTTGAGGTCAGGAGTTCAAGACAAGCCTGGCCAACATGGCGAAACCTCTTCTTTACTAAAAATACAAAAATTAGCTAGGCATGATGGCATGTGCCTATAATCCCAGCTACTAGAGAGGCTGAGGCAGGAGAATCACTTGAATCCGGGAGGCAGAGGTTGCAGTGAGCCAAGATCACACCACTGCACTCCAGCCTGGGCAACACAGCAAGACTCTGTCTCAAAAAAAAAAAAAGAAAGAAAA","GCCAGGCGCAGTGGCTCACACCTGTAATCCCAGCACTTTGGGAGGCCAAGGTGGGCAGATCACTTGAGGTCAGGAGTTCGAGACCAGCCTGGCAAACATGGTGAAACCCCATCTCTACTAAAAATGCAAAAATTAGCAGGTCATGGAGGCGTGTGCCTGTAATCCCAGCTACTTGGGAGGCTGAGGCAGGAGAATCACTTGAACTCAGGCAGCAGAGGTTGCAGTGAGCCAAGATCATGCCACTGCCCTTCAGCCTGGGCAACAGAGTGAGACTCTGTCTCAAAAAAAAAAAAGAAAAAA"
"chr1","10114582","10114872","chr1","187402046","187402335","39","177287464","GGCCAGGTGCTGTGGCTCACACCTGTAATCCCAGCACTTTGTGAGGCTGAGGCAGATGGATCATTTGAGGTCAGGAGTTTGAGACTATCCCGGCCAACATGGTAAAACACTGTCTCTACTAAAAATACAAAAATTAGCTGTACATGGTGGCGAGCGCCTGTAGTCCCAGCTACTTGGGAGGCTGAGGCACAAGAATTGCTTGAACCCAGAAGGCGGAGTTTGCACTGAGCAGAGATCACACCACTGCTCTCCAACCTGGATGACAGAGCGAGACTCCATCTCAAAAAAAAA","GACCAGGCACAGTGGCTCACGCCTGTAATCCCAGCACTTTGGGAGGTTGAGGCAGGTGGATCATTTGAGACTAGGAGTTTGAGACCAGCCTGGCTAACATGGTAAGACCCTATCTCTACTAAAAATACAAAAATTAGCTGGCCATGGTGGCGTGCACCTGTAATCCCAGGTACTTAGGTGGCTGAGGCAGAAGAATTGATCGAACCCAGAAGATAGAGGTTGCAGTGAGCCGAGATCCCACCACTGCGCTCCAACCTGGGTGACAGAGCGAGACTCCATCTAAAAAAAAA"
"chr1","10115297","10115571","chr7","44674099","44674369","42","34558802","GGCCAAACGCGGTGGCTCAAGCCTGTAATCCCAGCACTTTGGGAGGCTAAGGTAGGTGGATCACTTGAGGTATAGGAGTTGGAGACCAGCCTGACCAACATGGTGAAACCCTATCTCAACTAAAAATACAAAAAAATTAGCCAGGCATGGTGGCGTGTGCCTGTAATCCCAGCTACTTGGGAGGCTGAGGCAGGAGAATCTCTTAAATCCCGGGAGGCAGAGGCTGCTGTGAGCTGAGATCACACAACTGCACTCCAGCCTGGGCAAGAGAGCGA","GGCCGGGCGCAGTGGCTCATGTTTCTAATCCCAGCACTTTGGGAGGCTAATGTGGGTATATCACTTGAGGTCAGGAGTTCAAGACCAGCCTGGCCAACATGGTAAAACCCCATCTCTACTAAAAATGCAAAAAAACTGGTGGCATGGTGGCATGTGCCTGTAATCCCAGATACTTCAGAGGCTGAGGCAGGAGAATCTCTTGAACTTGGGAGGTGGAGGCTTCAGTGAGCTGAGATCGCACCACTGCACTCCAGCCTGGGCAACAGAGCAA"
"chr1","10142853","10143119","chr7","44701226","44701502","47","34558373","ATCGCAGCACTTTGGGAGGCTGAGGTGGGTGGATCACTTGAAGTCAGGAGTTTGAGACCCGCCTGGCCAACATGGTGAAACCCTTTTCTACCAAAAAATACAAAAATTAGCCAGGCATGGTAACGCACCCCTGTAGTCGCCACTACTCAGGAGGCTGAGGTACGAGAATTATTTGAACCCAGGAGGTAGAGGTTGCAATGAGCTGAGATCGTGCCACTGCACTCCAGGGCAACAGAGTGAGAGACCCTGTCTCAAAAAAGCAAAAAA","ATCTCAGCACTTCGGGAGGCCAAGGCGGGTGGATCACTTGAGGTCAGGAGTTTGAGACTAGCTTGGCCAACATGGTGAAACCTTGTCTCTACCAAAAAAATACAAAAATTAGCCAGGCATGGTGGCATACCACTGTAGTCCCTGCTACTCAGTTGGCTGAGGTAGGAGAATTGCTTGAACCTGGGAGGCGGAGGTTGCAGTGAGCTGGGATCATGCCACTGCACTCGAGGGCAACAGAGTGAGACCCTGTCTCAAAAAACAAAAAAAAACAAGAAAA"
"chr1","10148658","10148973","chr7","44706805","44707121","36","34558147","GGCCAGGTGTGGTGGCTCACACCTGTAATCCCAGCACTTTGGGAGGCCAAGATGGGTGGATCACTTGAGGTCAGGAGTTCGAGACCAGCCTGGCCAACATGGTGAAACCCTGTCTCTATTGAAAATACAAAAATTAGCCAGGTATGGTGGCACGTGCCTGTAATCTCAGCTATTCGGGAGGCTGAGACATGATAATCGATTGAACTGGGGAGGTGGAGGTTGCAGTGAGCCAAGATTGCACCACTGCACTCCAGCCTGGGTGACAGAGTGAGACTCCATCTCAGGGGAGAAAAAAAAGAAATCAAGAAAAGGAAAA","GGCCAGGTGCAGTGGCCCACACCTGTAATCCCAGCACTTTGGGAGGCCAAGATAGGCGGATCACTTGAGGTCAGGAGTTTGAGACCAGCCTGGCCGACATGGTGAAACCCTGTCTCTACTAAAAATAGGAAAATTAGCCAGATGTGGTGGCACATACCTGTAATCCCAGCTATTTGGGAGGCTGAGGCATGAGAATCACTTGAACTCAGGAGATGGACGTTGCAGTGAGTGAGCCGAGATTGCACCACTGCACTCCAGCCTGGGTGTCAGAGTGAGACTCTGTCTCAGGGGAAAAAAAGAAATCAAGAAAAGGAAAA"
"chr1","10158727","10159037","chr1","82669756","82670065","38","72511029","GGCAGGGCGTGGTGGCTCACGCCTGTAATCCCAGCACTTTGGGAGGCAGAGGCGGGCGGATCACTTGAGGTCAGGAGTTCAAAACCAGCCTGGCCAACATGGTGAAACCCCATCTCTATTAAAAATACAAAACATTAACTGGGTGTGGTGGCGCACGTCTGTTATCCTAGCTACTTGGGAAGCTGAGGCAGGAGAATCACTTGAACCCGGGAGGCAGAATTTGCAGTGAGCCGAGATTGTGCCAGTGCTCTCCAGCCTGGGTGACAGAGCGAGACTCCGTCTCAAAAAAAAAAAAAAAAAGGAAAAGAAAA","GGCTGGGCACGGTGGCTCATGCCTGTAATCCCAGCACTTTGGGAGGCCGAGGTGGGCAGATCACTTGAGGTCAGGAGTTCAAGACCAGCCTGGCCAACATGGTGAAACCCCATCTCTACTTAAAATATAACAATTAGCTGGGCGTGGTGGCAGCACCTGTAATCCCAGCTACTCGGGAGGCTGAGGCAGGAGAATAACTTGAACCCGGGAGGCCAAGGTTGCAGTGAGCTGAGATTGTGCCATTGCACACCAGCCCGGGTGACAGAGCAAGACTGTGTCTCAAAAAAAAAAAAAAGAAAAGAGAAGAAAA"
"chr1","10166506","10166641","chr4","159802286","159802422","14","149635780","GGCTGAGCACGGTGGCTTACACTTGTAATCCCAGCACTTTGGGAGGCCTAGGTGGGCAGATCAGTTGAGGTCAGGAGTTTGAGACCAGCCTGATCAACATAGTGAAACCCCATCTCTACTAAAAATACAAAAATTA","GGCTGGGTGCGGTGGCTTATACTTGTAATCCCAGCACTTTGGGAGGCTGAAGTGGGCGGATCACTTGAGGTCAGGAGTTTGAGACCAGCCTGACCAACATTGTGAAACCTCATCTCCACTAAAAATACAAAAATTAG"
"chr1","10166983","10167140","chr8","12461153","12461316","28","2294170","TTAGCTGGGCATGGTGGTCCACTCCTGTAATCCCAGCTACTTGGGAGGCTGAGACATGAGAATCACTTGAACCTGGGAGGCGGAGGTTACAGTGAGCCGAGATTGTGCCACTGCACTCTAGCCTGGGTGACAGAGGAAGACTCCATCTCAAAAAAAAA","AATTAGCTGCGCATGGTAGTGCGCACCTGTAATCCCAGCTACTTGGGAGACTGAGGCAAGAGAATCACTTGAACCTGGGAAACAGAGGTTGCAGTCAGACAAGATTGAGCCACTGCACTCCAGCCTGGGCAGCAGAGCAAGACTCCATCTAAAAAAATAAAAAA"
"chr1","10177238","10177494","chr12","55166447","55166701","39","44989209","GGCCGAGCACAGTGGCTCACGCCTGTAATCCCACCACTTTGGGAGGCCAAGGTGGGCAGATCACTTGAGGTCAGGAGATCGAGACCAGCCTGGCCAACATGGCAAAACCCTGTCTCTACTAAAAATACAAAAAAATTAGCCAGCCGTGGTGGCGCACACCTGAAATCCCAGCTACTCAGGAGGTGGAGGCTTCAGTGAGCCGAGAGCGTGCCTCTGCACTCCAGCCTGGGTGACAAAGCGAGACTCCGTCTCAAAAA","GACCTGGTACAGTGGCTCACACCTGTAATCACAGCACTTTGGGAGGCCATGGTGGACAGATTACTTGAGGCCAGGGGTTCGAGACCAGTCTGGCCAACATGGTGAAACCCCATCTCTACCAAAAATACAAATATTAGCCAGGTGTGGTGGTACACACCTGTAATCCCAGCTACTCAGGAGGCTGAGGTTGCAGTGAGCCAAGACCAAGCCAATGCACTCCAGCCTGGGTGACAAAGCAAGACTCCGTCTCATAAA"
"chr1","10182971","10183142","chr7","51800454","51800616","34","41617483","TTAGCTGGACATGGTGGCATGTGCTCTAGTCCCAGCTACTCGGGAGGCTAAGGCAGGAGAATCACTTGAACCTGGAAGGTGGAGGTTGCAATGAGCCAAAATTGCGCCACTGCACTCCAGCCTGGGTGACGGAGCGAGACTCCGTCTGAAAAAAACCAAAAAACAAAAAAAA","GGCATGATGGCATGTGCCTGTAGTCCTCACTGCTTGGGAGGCTGAGGCAGGAGAATCGCTTGAACCCGGGAGGTGGAGGTTGTAGTGAGCCAAGATCGCACCACTGCACTCCAGCCTGGGAGACTGAGCAAGACTTTATCTCAAAAAAGAAAAAAAAAAAAAA"
"chr1","10183170","10183289","chr7","46435641","46435758","10","36252471","GGCCTGGTGTGGTGGCTCATGCCTGTAATCCCAGCACTTCGGGAGGCTGAGGCAGGTGGATCACTTGAGGTCTGGAGTTCAAGACCAGCCTGGCCAACATGGTGAAACCCCATCTCTACT","GGCCAGGTGTGGTGGCTCATGCCTGTAATCCCAGAACTTCGGGAGGCCAAGGCAGGTGGATCACTTGAGGTCAGGAGTTTGAGACCAGCCTGGGCAACATGGTGAAACCCATCTCTAC"
"chr1","10193659","10193961","chr5","74833270","74833574","37","64639611","GGCCGGGCTTAGAGGCTCATGCCTATAATCCCCACCACTTTGGGAGGCTGAGGTGGGTAGATCACTTGAGGTCAGGAGTTCGACACCAGCCTGCCCAACATGGTGAAACCCCATCTCTACTAAAAATACAAAAATTAGCCAGGCATGGTGGCACGCGCCTGTAATCCCAGCTACCTAGGAGGCTGAGGCAGGAGAATCACTTGAACCCGGGAGGCAGAGGTTGCAGTGAGCCAAGATGACGCCACTGCACTATAGCTTGGGTGACAGAGTGAGACTCCATCTCAAAACAAACAAACAAACAAA","GGCCGGGCATAGTGGCTCATGTCTGTAATCCCAGCACTTTGGGAGGCTGAGGTAGGTGGATCACTTGAGGTCATGAGTTCGAGACCAGCCTGGCCAACATGGTGAAACCCCATCTCTACTAAAAATACAAAAATTAGCCAGCCGTGGTGGTGTGTGCCTGTAATTCCAGCTACTTCGGAGGCTGAGGCAGGAAAATCGCTTGAATCCGGAAGGCAGAGGTTTTAGTGAGCCAAGATTGTGCCACTGCACTCCAGCCTGGGTGACAGAGTGAGCCTCAATCTCAAGAAACAAACAAACAAACAAAA"
"chr1","10194803","10195112","chr5","107932565","107932875","35","97737762","GGCTGGGCACAGTGGCTCACGCCTGTAATCCCAGCACTTTGGGAGGCTGAGGCAGGCAGATCACTTCAGGTCAGGAATTCAAGACCAGCCTGGCCAACATGGTGAAACCCCATCTTTACTAAAAATACAAAAATTAGCCAGGCGTGGTTGTACTGCCTGTCATCCCAGCTACTCGGGAGGCTGAGGCAGGAGAATCGCTTGAACCTGGGAGTCGGAGGTTGCAGTGAGCCAAGATCGCACCACTGCACTCCAGCCTGGGTGACAGAGGAAGACTCCATCTCAAAAAAAAATTAAATTAAAAATAAATAAA","GGCTGGGTGCAGTGGCTCATGCCTGTAATCCCAGCACTTTGGGAGGCTGAGGCAGGCGGATCACTTGGGGTCAGGAATTCGAGAAACCAGCCTGGCCAACTTGGTAAAACCCCATCTTTACTAAAAATACAAGAATTAGCCAGGCCTGGTGGCACAAGCCTGTAATCCCAGCTACTTGGAAGGCTGAGGCAGGAGAATCACTTGAATCTGGGAGGCAGAGGTTGCAGTGAGCCCAGATCGCACCACTACACTCTAGCCTGGGTGGCAGAGCAAGACTCCATCTCAAAAAAAAAAAAACAAAAAACAAAAAA"
"chr1","10198429","10198725","chr14","83739394","83739686","37","73540965","GGCCAGGCGCGGTGGCTCACGCCTGTAATCCCAGCACTTTGGGAGGCCAAGGCGAGGGGATCACTTGAGGTCAGGAGTCTGAGACCAGCCTGGCCAACATGGTGAATCCCTGTCTCTACTAAAAATACAAAAATTAGTCAGGCGTGATGGCGCATGCCTGTAATCCCAGCTCCTCAGGAGGCTGAAGCAAGAGAATCACTTGAACCTTGGAGGCGGAGGTTGCAGTGAGCCGAAATCGTGCCACTGCACTCCAGCCTGGGCAATAGAGAGAGACTCTGTCTCAGAAAAAAGAAAAAA","GGCTGGGCGTGGTGGCTCACACCTGTAATCCCAGCACTTTGGGAGGCCAAGGTGGGCAGATCACTTGAGGTCAGGAGTCTGAGACCAGCCTGGCCAACATGGCGAAACCCTGTCTCTACTAAAAATACAAAAATTAGCCAGGTGTGGTGGTGCACACCTGTAATCCCAGCTACTAGGGAGGCTGAGGCAGGAGAACTCATTGAACCCGGGAGGTGGAGGTTGCATGAGCCGAGATTGTGCCACTGCACTCCAGCCTGGGTGACAGAGAGAGACTGTCTAAAAAAAAAGAAAAA"
"chr1","10206953","10207233","chr7","57572748","57573029","38","47365795","CACCTGTAATCCCAGCACTTTGGGAGGCCCAGGTGGGTGAATCACTTGAGGTAAGGAGTTCGAGACCAGCCTAGCCAACATGGTGAAACACAGTCTCTACTAAAAATACAAAAAATTAGCCAGATGTGGTGGTACATGCCTGTAATCCCAGCTACTCGGGAGGCTGAGGCAGGAGAATGGCGTGAACCCAGGAGGTGGAGCTTGCAGTGAGCCGAGATCTCACCACTGCAGTCCAGCCTGGGTGACAGAGCGAGACTCTGTCTCAAAAAAAAAAAAAAAAA","TCACACCTGTAATCCCAGCACTTTTGGAGGCCGAGGTGGGTGGATCACTTGAGGTCAGGAGTTCGAGACCAGCCTGGCCAACATAGTGAAATCTCATCTCTACTAAAAATACAGAAATTAGCCACAAGTGGTGGTGCATGCCTGTAATTCCAAGTACTCAGGAGGCTGAGGCAGGAGAACTGCATGAACCCAGGAGGTGGAGGCTGCAGTGAGCTGAGATCACACCACTGCACTCCAGCCTGGGTAACAGAGCGAGACTCCATCACACACACACAAAAAAAA"
"chr1","10218426","10218720","chr20","12729984","12730279","33","2511558","GGCTGGGCATCGTGGCTCACGCGTATAATCCCAACACTTTGGGAGGCCAAGGCGGGTGGATCACTTGAGGTCAGGAGTTCAAGACCAGCCTGGCCAACATGATGAAACGCTGTCTCTACTAAAAATACAAAAATTAGCTGGGTGTGATGGCACATGACTGTAATCCCAGCTACTCGGGAGGCTGAGGCAGGAGAATCACTTGAACCCGGGAGATGAAGGTTGCAGTGAGCCAAGGTCACACCACTGCACTCTAGCCTGGATGACAGAGCGAGACTCTGTCTCAAAAAAAAAAAAA","GGCTGGGCATGGTGGCTCACGCCTATAATCTCAGCACTTTGGGAGGCCAAGGCGAGTGGATCACTTGAGGTCAGGAGTTTAAGACCAGCCTGGCCAACATGGTGAAACCCTATCTCTACTAAAAATACAAAAATTAGCTAGGTGTGGTGGCACACACCTGTAATCCCAGCTATCCAGGAGGCTGAGGCAGGAGAATCACTGGAACCTGGGAGGCGGAGGCTACAGTGAGCCATGATCACACCATTGCACTCCAGCCTGGGTGACAGAGTGAGACTCCGTCTGAAAAAAAAAAAAAA"
"chr1","10221095","10221397","chr5","1104017","1104317","39","9117078","GGCCGGGCGCAATAGCTCATGCCTGTAATCCCAGCCCTTTGGGAGGCCGAAGCGGACAGATCATTTGAGGTCAGGAGTTCGAGACCAGCCTGGCCAACATGGTGAAATGCCATCTCTGCTAAAAATACAAAAATTAGCTGGGTGTGGTGGCACATGCCTGTAATCCCAGCTACTCAGAAGGCTGAGGCAGGAGAATTGCTTGAACCTCGGAGGTGGAGGTTGCAGTGAGCCAAGATCGCACCATTACACTCCAGCCTCAGTGACAGAGCGAGACTCCATGTCAAAAAAAAAAAAAAAAAAAAA","GGCTGGGCTCTCTGGGTCACTCCTGTAATCCCAACCCTCTGGGAGGCCGAGGCGGGCAGATCACTTGAGGTCAGGAGTTTGAGATCAGCCTGGCCAACATGGTGAAACCCCATCTCTACTAAAAATACAAAAATTAGCTGGATATGGTGGTGCGTGCCTGTAATCCCAGCTACTCAGGAGGCTGAGGCAGGGAATTACTGGAACCTGGGAGGTGGAGATTGCAGTGAGCCGAGATCGCACCATTGCACTCCAGCCTGGGTGGCAGAGCGAGACTCCATCTCAAAAAAAATAAGAATAAAAA"
"chr1","10230428","10230735","chr3","106655459","106655766","30","96425031","GGCCGCGTGCGGTGGCTCACGCCTGTAATCCCAGCACTTTGGGAGGCCGAGATGGGTGGATCACTTGAGGTCAGGAGATCAAGACCAGCCTAGCCAACACGGTGAAACCCCGTCTCTATTAAAAATACAAAAATTAACCAGGTGTGGTGGCACACACCTGTAATCCCAGCTATTCAGGAGGCTGAGGCAGGAGAATCACTTGAACCCAGGAGGTGGAGGTTGCAGTGAGCTGAGATCGCACCACTGCACTCCAGCCTGGGTCACAGAGTGAGACTCCGTCTCAAAAAAAAAAAGAAAGAAAAAAAAAA","GGTCGGGTGTGGTGGCTCGTGCCTATAATCCCAGCACTTTGGGAGGCTGAGGTGGGCAGATCACTTGAGGTCAGGAGTTTGAGACCAGCCTGGCCAACATGGTGAAACCCCGTCTCTACTAAAAATACAAAAATTAGCCAGGTGTGGTGGCATGCATCTGTAATCCCAGCTACTTTAGGAGGCTGAGGCAGGAGAATCGCTTGAACCCAGGAGGTGGGGGTTGCAGTGAGCTGAGATCGCACCACTGCACTCCAGCCTGGGCAACAGAGAGAGACTCTGTCTCAAAAAAAAAAAAAAAAAAAAAAAAA"
"chr1","10231379","10231686","chr3","106655459","106655766","41","96424080","GGCCAGGCATGGTGGCTCATGCCTGTAATCCCAGCACTTTGGGAAGTCAAGTTGGGCGGATCACTTGAGGTCAGGAGTTCGAGACCAGCCTGGCCAACATGGTAAAACCCCATCTTTACTAAAAATACAAAAATTAGCCAGGCATGGTGGTATGCGCCTGTGATCCCCGCTACTAGGGAGGCTGAGGCAGGAGAATTGCTTGAACCCAGGAGGTGGAGGCTGCAATGAACCTGAGATCCCACCACTGCCCTCCAGCCTGGGCAACAAAGCAAGACACCATCTCACAAAAAAAAAAAAAAAAAAAAAAA","GGTCGGGTGTGGTGGCTCGTGCCTATAATCCCAGCACTTTGGGAGGCTGAGGTGGGCAGATCACTTGAGGTCAGGAGTTTGAGACCAGCCTGGCCAACATGGTGAAACCCCGTCTCTACTAAAAATACAAAAATTAGCCAGGTGTGGTGGCATGCATCTGTAATCCCAGCTACTTTAGGAGGCTGAGGCAGGAGAATCGCTTGAACCCAGGAGGTGGGGGTTGCAGTGAGCTGAGATCGCACCACTGCACTCCAGCCTGGGCAACAGAGAGAGACTCTGTCTCAAAAAAAAAAAAAAAAAAAAAAAAA"
"chr1","10240210","10240507","chr1","15931085","15931383","39","5690875","GGCCGGGTGTGGTGGCTCATGGCTTTAATCCCAGCACTTTGGGAGGACAAGACAGGTGGATTACTTGAGGTCAGGAGTTTGAGACCAGACTGGCCAACATGGTGAAACCCCACCTCTACTAAACATACAAAATTAGCCAGGTATGGTGGCACCCACCTGTAGTCCCAGCTACTTGGGAGGCTGAGGCAGGAGAATCACTTGAACCTGGGAGGCAGAGGTTGCAGTGAGCTCAGATCGCACCACTGCACTCCAGCCTGGGCAACAAAGTGAGACTCCGCCTCATAAATAAATAAATAAA","GGCCAGGTGTGGTGGCTCATGCCTGTAATCCCAGCACTTTGGGAGGCCAAGGCAGGCAGATCACTTGAGGTCAGGAGTTTGAGACCAGCCTGGCCAACAAGGTGAAACCCTGCCTCTACTAAAAATACAAAAATTAGCCGGGTGTGATGGCACATGCCTGTAATCCCAGCTACCTGGGAGGCGGAGGCAGGAGAATCACTGGAACCTGGGAGGCAGAGGCTGCAGTGAGCTGAGATCACACCATTGCACTCCAGCCTGGGCAACAGAGCCAGACTCCATCTCAAAAAAACAAAACAAAA"
"chr1","10243135","10243424","chr7","44809553","44809844","40","34566418","GGCCAGGTGTGGTGGCTCACGCCTGTAATCCCTGCACTTTGGGAGGCTGAGGCGGGTGAATCACTTGAGCTCAGGAGTTCGAGACCAGACTGGCCAACATGGTGAAGCCCCGTCTCTACTAAAAATACAAAAAAATTAGCTGGGCCTAGTGGCACATGCCTGTGATCCTAGCTACTCGGGAGGCTGAGGTGGGAAGAACGCTTAAACCTGGGAGGCAGAGGTTGCAGTGAGCCAAGTTCGTGCCACTGCACTCCAGCCTGGGTGACAGAACAAGACTGCGTCTCAAAAAA","GGCCAGGCGTGGTGGTGGTTTATGCCTGTAATCCCAGCACTTTGGGAGGCTGAGGAGGGCAGATCACTTAAGGTCAGGAGTTTGAGACCAGACTGGGCAACATAATGAAACCCATCTCTACTAAAAATACAAAAAAATTACCTGGGCCTGGTGGCACATGTCTGTAATCCTAGCTACTTGGGAGGCTGAGGTGAGAGGAATGCTTGAACCTTGGAGGCCAAGGTTGCAGGGAGCCAAGCTCGTGCCACTCTACTCCAGCCTGCGTCACAGAGCAAGACTCCGTCTCAAAAAA"
"chr1","10252030","10252339","chr6","17068239","17068542","37","6816209","GGCTGGGCACGGTCACTCACGCCTGTAATCCCAGCACTTTGGGAGGCTGAGGGGGGTTGATCACTTGAGGTCAGGAGTTTGCGACCAGCCTGGCCAACGTGGTGAAACCCCGTCTCTACAAAAAATACAAAAGTTAGCGAGGCATGGTGGCACGCACCTGTAATCCCAGCTACTTGGGAGGCTGAGGCGGGAGAATTGCTTGAACCTGGGAGGCAGAGGTTGCAGTGAGCCGAGATTGCACCACTGCACTCCAGCCTGGGCAACAGAGCAAGACTCCATCTCAAAAATAAATAAATAAATAAATATAAAA","GGCTGGACGCAGTGGCTCATGCCTGTAATCCCAGCACTTTGGGAGGCCAAGGTGGGTGGATCACTTGAGGTCAGGAGTTCGAGACCAGCCTGGCCAACATGGTGAAACCCTGTCTCTACTAAAAATACAAAAATGAGCTGGGCATGCTGGTACACATCTGTAATCCCAGCTACTTGGGAGGCTGAGGCAAGAGAATCGCTTGAACCCAGGAGGCAGAGGTTGCAGTGAGCCGAGATTGCACCACTGCACTCCAGCCTGGGCAACAGAGCAAGACTCTGTCTCAAAAAAAAAAAAAAAAAGAAAA"
"chr1","10254944","10255247","chr22","28997304","28997607","45","18742360","GCTGGGCGCGGTGGCTCCCACTTGTAATCCCAGCACTTTGGGAGGCCAAGGCAGGTGTATCACTTGAGGTCAGGAATTCGAGACTAGCCTGGCGAACATGGTGAAACCCCATCTCTACCAAAAACACAAAAATTAGCCAGAAATAGTGGTGTGTGCCTATAATCCCAGCTACTGGGGAGGTTGAGGCAGGAGAATCACTTGAACCCGGGAGGCAGAGGTTGCACTGAGCTGATATTAATGCACTGCACTCCAGCCTGGGTGACAGAGTAAGACTTCATCTCAAGAAAAAAAAGAGAAATGAAAA","GGCTGAGCGCTGTGGCTCACACCTGTAATCCCAGCACTTTGGGAGGCCAAGGCAGGTGGATCACTTGAGGTCAGGAGTTTGAGACCAGCCTGGCCAACATGGTGAAACCCTGTCTCTACTAAAAATACAAAAATTAGCCGGGTGTGGTGGCGCACGCCTGTAATCCCCACTACTTGGGAGGCTGAGGCATAAGAATCACTTGAACCTGGGAGGCAGAGGTTGCAGTGAGCTGAGATTGTGCCACTGCACTCCAGCCTGGGTGACAGAGTGAGACTCCATCTCAAAACAAAATAAAACAAAAAAA"
"chr1","10256720","10257010","chr22","31883877","31884161","39","21627157","GCCAGGCACAGTGGCTCACACCTGTAATCCCAGCACTTTGGGAGGCAAACACAGGTGGATCACTTAAGGTCAGAAGCTCGAGACCAGCCTGGCCAACATGGTCAAATCCTGTCTCTACTAAAAATACAAAAATTAGCTGGGCATAGTGCCACGCGCCTGTAATCCCAGCTACTCGGGAGGCTGAGGCGGGAGAATCGCTTGAACCTCGGAGGCGGAGGTTGCAGTGAGCCAAGATGGCACCACTGTACTCCAGCCTGGGCGACAGAGTGAGACTCCGTCTCAGAAGAAAAA","GCCAGACACAGTGGTTCACACCTGTAATCCCAGCACTTTGGGAGGTCAAGGCGGGAGGATCACTTGAGGTCAGGAGTGTGAGACCAACCTTCCCAACATGGTGAAACCCCATCTCTACTAAAATACAAAAGTTAGCTGGGCATGGTGGCACGTGCCTGTAGTCCCAGCTACTCGGGAGGCTGAGGCAGGAGACTCGCTTGAACCAGGAGGCAGAGGTTGCAGTGAGCCAAGATCGCACCACTGCACTCCAGCCTGGGTGACAGAGTGACTCCATCTCAAAAAAAA"
"chr1","10257664","10257976","chr9","55048246","55048550","49","44790582","GGCAGGGCACAGTGGCTCATGCCTATAATCCCATCACTCTGGGAGGCCAAGGCGGGCAGATCACTTGAGGATAGGAATTCGAGACCAGCCTGGCCAACACAGCGAAACCCCATCTCTACTAAAAATTAAAAAAATCAGCCGGGTGTGGTGGCACCTGCCTGTAATCTCAGATACTCAGGAGGCTGAAGCAGGAGAACTGCTTGAACCCAGGAGGTGTAGGTTGCAGTGAGCTGAGATCATGCCACTGCACTCCAGCCTAGGCAACAGAGCGAGACTCAGTCTTTAAAAAAAAATACAAAACAGGAAAAACAAA","GGCCAGGCACAGTGGTTCATGCCTATAATCCTAGCACTTTGGGAGGCCGAGGTGGGCAGGATCACTTGAGGTCAGGAGTTCGAGACCAGCCTGGCCACCATGGCGAAACCCATCTTTACTACAAACACAAAAATTAGCCAGGTGTGGTGGCACATGCCTTTAATCCCAGCTACTCAGGAGGATGAGGCAGGAGAATTGCTTGAACCTGGGAGGCGCAGGTTTCAGTGAGCCGAGATCGTGCCACTGCACTCTAACCTGGGCAACAGAGCGAGACTCTGTCTTAAAAAAAAAAAACAAAAAAAAAA"
"chr1","10267008","10267326","chr7","44835182","44835496","55","34568174","GCCGGGCGCGGTGGCTCACGCCTGTAATCCCAGCACTTTGGGAGGCCAAGGAGGGCGGATCACTTGAGATCACTCGAACTACGAGTTCGAGACCAGTCTGGCCAACATGGTGAAATCCCGTCTCTACCAAAAATACAAAAAGGAGCCAGGCGTGGTGGCACATGCCTGTAGTCTCAGCTACTCAGGAGGCTAAGGCAGGAGAAATCGCCTGTACCTGGGAGGTGGAGGTTAGAGTGAGCCGATATCACACCCCTGCACTTCAGCCTCGGTGACAGAGTGAGGCTCTGTCTTAATAAAAAAAAAGAAAGAAAGAAAGAAA","GGCCAGGTGCAATGGCTCATGCTTGTAATCCCAGCACTCTGGGAGGCCAATGGGGGCGCGAATCACTTGAGATCACTAGAACTACAAGTTCCAGACTAGCCTGGCCAACATGATGAAACCCCGTCTATATTAAAAATACAACAAGGAGCCAGGTGTAGTGGCACATGCCTGTAGTCTCAGCTACTCGGGAGGCTGAGGCAGGAGAATCTCCTGAAACTAGGAGGTGGAGGCTGCAGTGAGCCGAAATCCTGCCACTGCACTTCAGCCTGGGCAACAGAATGATACTGTCAAAAAGAAGAAAGAAGAAAGAAGAAA"
"chr1","10273272","10273448","chr4","18286635","18286809","30","8013363","GGCCGAGCATGGTGGCTCATGCCTGTAATCCCAGCACTTTGGGAGGCCAAGGCGGGCGGATCATTTGAGGTCAGAAGTTTGAGACCAGTCTGGCCAACATGGTGAAACTCTGTCTCTACTAAAAATACAAAAATTAGCTGGGTGTGGTAGCGCGTGCCCATAGTGTCCCAACTATTC","GGCTGGGTATGGTGGCTCAGGCCTGTGATCCCAGCACTTTGGGAGGCCAAGGCGGGTAGATCACTTGAGGCCAGACGTTTGAGACCAGCTGGGCAATATGGTGAAACCCTGTCTCTACTGAAATTACAAAAATTAGCTAGGTGCATGGTGGTGTATGCCTGTAGTCCCAGCTACT"
"chr1","10276799","10277098","chr1","173519983","173520284","37","163243184","GGCCAGGCGCAGTGGCCCCCACCTGTAATCCCAGCACTTTGGGTGGCCGAGGTGGGCGGATCACTTGAGGTCAGGAGTTTGAGACCAGCCTGGCCAACATGATGAAACCCCATCTCTACTAAAAATACAAAAATGAGTCGGGCGTGGTGCCATGCACCTGTAATCCTAGCTACTCAGGAGGCTGAGGCAGGAGAATTGCTTGAACCTGGGAGGCGGAGGTTGCAGTGAGCCGAGATGGCGCCACTGCACTCCAGCCTGGAGACAGAGCGAGACTCCATCTCAAAAAAAAAAAAAAATAAA","GGCCAGGCCGGGTGGCTCACGCCTGTAATCCCAACACTTTGGGTGGCTGAGGCCGGTAGAGCATTTGAGGTCAGGAATTCGAGACCAGCCTGGCCAACATGGTGAAAGCCCCTCTCTACTAAAAAATACGAGAATGAGTTGGGTGTGGTGCCATGCACCTGTAGTCCCAGCTACTCAGGAGGCTGAGGCAGGAGAATTGCTTGAACCTGGGAGGCAGAGGTTGCAGTGAGCCGAGATCGCGCCACTGCACTCCAGCCTGGGTGACAGAGTGAGACACCATCTAAAAAATAAATAAATAAAAA"
"chr1","10284405","10284712","chr9","86614407","86614709","48","76330002","GCCGGGCTTAGTGGCTCATGCCTGTAATCCCAGCACTTTGGGAGGCTGAGGCAGGCAGATCACTTAAGGTCAGGAGTTCAAGACCAGCCTGGCCAACATGGTGAAACCCCATCTCAACTAAAAATAAGAAAATTAGCCAAGCATGGTGGCACACGCCTGTAATCCCAGCTGCTTGGAGGGTGAGGCACAAGAATCACTTGAACTTGGGAGGCGGAGGTTGCACAGCCTGGAGATTGCGCCATTGCATTCCAGTCTGGGCGGCAGAGTGAGACTCTGTCTCAAAAAATAAATAAATAAAAATAGAAAAA","GGCCAGGCAGAGTGGCTCACGCCTGTAATCCCAGCACTTTGGGAGGGTGAGCCAGGCAGATCACTTGAGGTCAGGAGTTCAAGACCAGCCTGGGTAACATGGTGAAACCCCATCTCTACTAAAAATATAAAAATTAGCCAAGCATGGTGGCATATGCCTGTAATTCTAGCTGATTGGGAGGCTGAGGCAGGAGAATCACCTGAACTTTGGAGGCGGAGGTTACAGTGAACTGAGGTAGCACCACTACACTCTAGCCTGGGCAACAGAGTGAGACTCTGTCTCAAAAAAATAAAATAAAATAAA"
"chr1","10294587","10294862","chr7","22234456","22234733","45","11939869","GCCAGGCACAGTGGCTCACTCCTATAGTCCCAACACTTTGGGAGGCCAAGGAGGGTGGGTCAGTTGAGGTCAGTAGTTCGAGACCAGCCTGGCCAACATGGTGAAACCCTGCCTCCACTAAAAATAGAAAAATTAGCCAGGCGTGGTGGCGAACACCTGTAATCCCAGCTACTTGAGAGGCTGAGGCAGGAGAATCACTTGAACCTGGAAGGCAGAGGTTGCAGTGAGTCAAAATCATGCCGCTGTACTCTAGACAGAGCGAGACTCTGTCTCAAA","GGTCAGGCACAGTGGCTCACTCCTGTAGCCCCAGCGCTTTGGAAGACCAAGGCGGGCGGGTCACTTGAGGTCAGGAGTTTGAGACTAGCCTGGCCAACATGGTGAAACCTCATCTGTACTAAAAATACAAAAATTAGCCAGGCATGGGGGCACACACTTGTAATCCCAGCTACTTGGGAGGCTGAGGCAGGAGAATCTCTTGAACCTGGGAGGTGGAGGTTGCAATGAGCCGAGAACACACCACTGCACTCCTGACAGAGCAAGACCCTGTCTCAAAA"
"chr1","10340565","10340791","chr7","44913751","44913976","44","34573186","GGCTGGGCGCAGTGGCTCATACCTGTCCCGGCACTCTGGGAGGCCGAGGCAGGTGGATCACTTGAGGTCAGGAGTTTGTGACCAGCCTGGCCAACATGGTGAAATCCCATCTGAGACACGAGAATTGCTTGAACCCAGGATGGGGGGGTTGCAGTGAGTTGAGATTGTGCCACTGCACTCCAGCCTGGGCAAGAAAGCGAGACTCCCATCTCAAAAAAAATAAAAAA","GGCCAGGAACTGTGGCTCACATCTCTAATCCCAGCACTCTGGGAGGCTGAGGCAGGTGGATCACTTGAGGTCAGGAGTTTGTGACCAGCCTGGCCAATATGGTGAAACCCTGTCTGAGGCATGAGAATCGCTTGAACCCAGGAGAGGGAGGGAGGTTGCAGTGAGTCTACTCACTCCAGCCTGGGCGACAAAGGGAGACTACATCTCAAAAAAGAAAATAAATAAA"
"chr1","10359753","10360033","chr15","37619139","37619418","37","27259386","GGCCGGCACAGTGGCTCACACCTATAATCCCAGCACTTTGGGAGGCCAAGGTGGGCAGAGCGCTTGAGGTCAGGAGTTTGAGACCAGCCTGGCCAACATGGTGAAACCCCTCCTCTACTAAAAATAGAAAAATTAGCTGGCGTAGTGGTGCGTGCCTATAATCCCAGCTACTCAGGAGGCTGAGTCAAGAGAATCGCTTGAACCCAAGAGGCAGAGGTTGCAGTGAGCTGAGATTGCGCCACTGCACTCCAGCCTGGGTGACAGAGTGAAACTCCGTCTCA","GGCCAGGCACGGTGGCTCACACCTGTAATCCCAGCACTTTGGGAGGCCAAGGTGGGCAGATCACTTGAGGTCAGGAGTTTGAGACCAGCCTGGCCAACATGGTGAAACCTAGTCTCTACCAAAAATACAAAAATTAGTGGGCATATTGGTGTGCACCTGTAATCCCAGCTACTCGGGAGGCTGAGGCAGGAGAATTACTTAAACCCGGGAGGCAGAGGTTGCAGTGAGCCAAGATGACACCACTGTACTCCAGCCTGGGTGACAGAGCGAGACTGTCTCA"
"chr1","10375382","10375684","chr5","78720646","78720949","46","68345264","GGCTGGGTGCAGTGGCTCAGGCCTGTAATCCCAGCACTTTGGGAGGCTGAGGTGGGTGGATTACTTGAGGTCAGGAGTTTGAGACCAGCCTGGCCATTGTGGTAAAACCCCGTCTCTACAAAAAATACGAAAATTAGCCAGGCAATGGTGGCACGTGCCTGTAGTCTCAGCTACTGGGGAGGCTGAGTCAGGAGAATCGCTTGAACCAGGGGGCGGAGGTTGCAGTGAGCCAAGACCAAGCCACTGCACTTCAGGGAGAAAAAGTGAGACTCCGTCTCAAAAACAACAACAACAACAACAAAA","GGCCGGGTGTGGTAGCTCACACCTTTAAACCCAGCACTTTAGGAGGCTGAGGCAGAAGGATCACTTCAGGTCAGGGGTTTGAGACCAGCCTGACCAACGTGGTGAAACCCCATCTCTACTAAAAATACAAAAATTAGCCAGGCATGGTGGCACATGCCTGTATTCTCAGCTACTCGGGAGGCTGAAACAGGAGGATCACTTGAACCCAGGAGGCGGAGGTTGCAGTGAGCCAAGATCGCGCCACTGCACTCCAGCCTGAGCAAGAGTGAGATTCCATCTCAAAAACCAAACAACAACAACAAAA"
"chr1","10394810","10395068","chr3","47236608","47236860","46","36841798","GGCCCAGTACAGTGGCTCAACGCCTGTAATCCCCGCACTTTGGGAGGCCGAGGCAGGCAGATCACTTGAGGTGAGGAGTTCGAGACCAGCCTAGCCAACATAATGAAATGCTGTCTCTACTAAAAAAAAAAAAAAAAAAAAAAAAATTAGCTGGATGTGGTGGCACTTGCCTGTAATCCCAGCTACTCAGGAGCCTTAGGCAGGAGAATCGCTTAAACCTGGGAGGTGGAGCCTGTAGTGAGCCGAGATCATGCCAGTG","GGCCAGGTGCTGTGGCTCACGCCTGTAATCCCAGCACTTTTGGAGGCTGAGGTGGGCAGATCACTTGAGGTCAGGAGTCCGAGACTAGCCTGGCTAACATGGTGAAACCTTGTCTGTACTAAAAATACAAAAAAAAAAAAAAAACAATTAGCTGGGTGTGGTGGCGCATGCCTGTAATCTGAGCTACTCAGGAGGCTGAGGCATGAGAATCACTTGAACCTGGGAGGCGGAGGTTGCAGTGAGCCAAGATTGC"
"chr1","10396357","10396575","chr7","49908001","49908221","36","39511644","GGCCAGGTGTGGTGGCTCACACCTGTAATCCTAGCACTTTGTGGGGCCAAGACAGGTGGATCACTTGAGCCCAGGAGTTGAAGTCCAGCCTGGGCAACATGGTATAACCCTGTGTCTACTAAAAATACAAAAATTAACCCGTCGTGGTGGCACATGCCTGTAATCCCAGCTACTCAGGAGGCTGAGGCAGGAGAATTGCTTGAACCCGGGAGGTGGAGG","GGCCAGGCGCAGTGGCTCATGCCTGTAATCCCAGCACTTTGGGAGGCTAAGGCAGGTAGATCACTTGAAGTCAGGAGTTCGAGACCACCTTAGCCAACATGGTGGAACCCCATCTCTACTAAAAATACAAAAATTAGCCAGGCATGGTGGCACCTGCCTGTAATCCCAGCTACTCAGGAGGCTGAGGCAGGAGAATCACTTGAACCCAGGAGGTGGAGGTT"
"chr1","10397639","10397938","chr4","7925635","7925934","38","2472004","GGCCGGGCACAGTGGCTCACACCTCTAATCCCAGAACTTTGGGAGGCTGAGGTGGGTGGATCACTTGAGGTTAGGAGTTCGAGACCAGCCTGGCCAACATGGTGAAACCCTGTCTCTACTAAAAATAAAAACATTAGCTGGGCATGGTGGCACACACCTGTAGTCCCAGCTACTTGGGAGGCTGAGGCAGGAGAATCGCTTGAACCTGGGAGGTGGAGGTTGCAGTGAGCCCAGATCGCGCCACTGCCCTCCAGCCTGGAGACACAGCCAGACTCCATCTCAACAATGACATCAAAAAAA","GGCCGGCACGTTGGCTCACGCCTGTAATCCCAGCACTTTGGGAGGCCGAGGTGCGTGGATCACTTGAGGTCAGGAGTTCAAGACCAGCCTGGCCAACATGGTGAAACCCCGTCTCTACTAAAAATATAAAAATTAGCAGGGTGTGGTGGAGCACGCCTGTAGTCCCAGCTACTGAGGAGGCTGAGTCAGGAGAATCTCTTGAATCTGGGAGGTGGAGGTTGCAGTGAGCTGAGATTGCGCCACTGCACTCCAGCCTGAGCAACAGAGCGTGACTCCATCCCAACAATGACAGAAAAGAAA"
"chr1","10409650","10409955","chr22","40503125","40503432","40","30093475","GGCTGGGTGCGGTGGCTCACGCCTATAATCCCAACACTTTGGGAGGCCAAGGTGGGCCGATTACTTGAAGTCAGGAGTTTAAGACCAGCTTGGGCAACATGGTGAAACCCCATCTCTACCAAAAATACAAAAATTAGCCAGGCATGGTGGCACATGCCTGTAATCCCAGCTACAATGGAGGCTGAGGCATGAGAATCGCTTGAACCCAGGAGGCGGAAGTTGCAGTGAGCTGAGATTATGCCACTGCACTCCAGCCTGGACGATAAAGCAAGACTGTCTCAAAAAAAAAAAAAAAAAAAAAAAAAA","GGCTGGGCGTGGTGGCTCACCCCTGTAATCCCAGCACTTTGAGAGGCTGAGGTGGGCAGATCATTTGAGGTCAGGAGTTCAAGACCAGTCTGGCCAACATGGTGAAACCCCATCTCTACTTAAAATACAAAAATTAGCCAGGTGTGGTGGCGCGTGCCTGTAATCCCAGTTACTCGGCAGGCTGAGGCAGGAGAATCGCTTGAACCCAGGAGGCGGAGGTTGCAGTGAGCTGAGATTGTGGCACTGCACTCCAGCCTGGGCGATAGAGCAAGACCCTGTCTCAAAATAAATAAATAAATAAAAATAAA"
"chr1","10428521","10428811","chrX","47125049","47125340","39","36696528","GGCTAGGAGCAGTGGCTCATACCTGTAATTCCTGCACTTTGGGAGGCCGAGGCAGGTAGATCACTTGAGGTGAGGAGTTCAAGACCAGCCTGGCCAACATGATGAAACCCTGTCTCTACCAAAAAATACAAAAATTAGCCAGACATGGTGGCACATGCTTGTAATCCTAGCACTTGGGAGGCTAAGGCAGGAGGATTGCTTGAACCCGGGAGGTGAAGGTTGCAGTGAGCTGAGATCGCACCATAGCACTCCAGCCTGGGCAACAGAGCGAGACTCTGTCTCAAAAAAAAA","GGCTAGGAGCAGTGGCTCACACCTGTAATCCCAGCACTTTGGGAGGCCAAGGCAGGAAGATCACTTGAGGTCAGCAGTTCAAGACCAGCTTGGCCAAGCTGGTGAAACCCCATCTCTACCAAAAATATAAGAAATTAGCCAGGCATGGTGGCACATGCCTGTAATTCCAGCTACTCAGGAGGCTGAGGCAGGAGATCGCTTGAACCTGGAAGCGAGAGGTTGCAGTGAGCTGAGATCATGCCACTGCACTCCAGCCTGGGCCACAGAGCAAGACTCTGTCTCAAAAAAAAAA"
"chr1","10435982","10436277","chr16","18806808","18807107","38","8370826","GCCGGGCGCGGTGGCTCAACGCCTGTAATCCTAGCACTTTGGGAGACTGAGGCAGGCAAATCACTTGAGGTCAGGAGTTCAAGACCGCCCTGGCCAACATGGTGAAACGCCATCTCTACTAAAAATACAAAAATTAGCCAGATGTGGTGGTACATGCCTGTAATCCCAGCTACTCAGGAGGCTGAGGCAGGAGAATCACTTGAACCCAGGAGGCAGAGATTGCAGTGAGCCAAGATTGCACCACTGCACTCCCGCCTGGGCGAGAGTGAGACTCTGTCTCCAAAAAAAAAAAAAAA","GGCCAGGCGCGATGGCTCACGCCTGTAATTCCAGCAGTTTGAGAGGCTGAGGCAGGCAGATCACTTGAGGTCAGGAGTTCAAGACCAGCCTGGCCAACATGGAGAAACTCCCATTTCTACTAAAAATACAAAAATTAGGCAGGCATGGTGGCACATGCCTGCAGTCCCAGCCACTCAGGAGGCTGAGGCAGGAGAATCACTTGAACCCAAGAGGCGGAGGTTGCAGTGAGCCAAGATGGCGCCACTGCACTCCAGCCTGGAGGACAGAGTGAGACTCTATCTTAAAAAAAAAAAAAAAAA"
"chr1","10447311","10447602","chr4","15382674","15382968","37","4935363","GGCCGGGTGTGGTGGTCTCATGCCTGTAATCCCAGCACTTTGGGAGGCTGAGATGGGTGGATCACTTGAGTTCAGAAGTTTGAGACCAGCCTGGCCAACATGGTGAAATCTCTACTAAAAATACAAAAATTAGCTGGGCGTGGTGGCTCCTGCCTGTAATCCCAGCTACTTGGGAGGCTGAGACAGGAGAATCCCTTGAACCTGGGAGGCAGAGGTTGCAGTGAGCTGAAGTTGTGCCACTGCACTCCAGCCTGGGTGACAGAGCAAGACTCCGTCTCAAAAACAAAAAGAA","GGCTGGGTGTGGTGGCTCATGCCTGTAATTCCAGCACCTTGGGAGGCTGAGGTGGGTGGATCACTTGAGGTCAGGAGTTTGAGACCAGCTAGCCAACATGGTGAAACCCCATCTCTACTAAAATTACAAAAATTAGCTGGGCGTGGTGCCGCATACTGGTAATCCCAGCTACTCAGGAGGCTGAGGCAGGAGAATCACTTGAACCCGGGAGGCAGAGGTTGCAATGAGCGAAGATTGCACCACTACACTTCAGCCTGGGTGACAGAGCAAGACTCCATCTCAAAAAAATAAAAAA"
"chr1","10466679","10466979","chr7","73567641","73567941","47","63100962","GGCCGGGCACGGTGGCTCACGCCTATAATCTCAGCACTTTGGGAGGCTGAGGCAGGTGGATCACTTGAACTCAGGAGCAGCCTGGCCAACATGATGAAACGCTGTCTCTACTAAAAATACCAAAATTAGCCAGGCGTGTTGGTGTGCACCTGTAATTCCAGCTACCTGGGACGCTGAGACAGGAGAATTGCTTGAACCCGGGAGGTGGAGACTGCAGTGAGCTGAGATTGCACCACTGCACTCCAGCCTGGGCGACAGAGTAAGACTGTGTCTCAAAAAAAAAAAAAAAAAAAAAAAAAAA","GGCCGCGCACAGTGGCTCAGGCCTGTAATCCCAACACTTTGGGAGGCTGAAGTGGGTGGATCACTTCAGGTCAAGACCAGCCTGGCCAACATGGTGAAACCCTGTCTCTACTAAAAATACAAAAATTAGCTGGGTGTGGTGGTGCATTTCTGTAGTCCCAGCTACTCGGGAGGCTGAGGCAAGAGAATTGCTTGAACCCAGGAGGTGAAGGTTGCAGTGAGCTGAGATCACATCACTGCACTCCAGCCTAGACGACAGAGTAAGACTCTGTCTCAAAAAACAAAAAAAGAAAGAGAAAGAA"
"chr1","10482135","10482422","chrX","118749545","118749828","38","108267410","CGCAGGGGCTCACGCCTATAATCCCACCACTTTGGGAGGCCAAGGTAGGTGGATCACTTGAGGTCAGGAGTTCGAGACCAGCCCGGCCAACATGGTGAATCCCCCGTCTCTACTAAAAACACAAAAATTAGCCAGGCATGGTGGCCAGTGCCTATAATCCCAGTTACTCAGGAGGCTGAGGCAGAAGAATCACTTGAACCTGGGAGGCAGAGGTTGCAGTGAGCCAAGATCATGCCACTGCACTCCAGCCTGGGTGATAGAGCAAGACTCAGTCTCAAAAAACAAAAA","GTGGTTGCTCACGCCTGTAATCCCAGCACTTTGGGAGGCCAAGGTGGGTGGATCACTTGAGGTCAGGAGTTCAAGACCAGCCTGGCCAACATGGTGAAACCGCGCCTCTACTAAAAATATAAAAATTAGCTGGGCATGGTGGCACACACCTGTAGTCCCAGCTACTCAGGAGGCTGAGGCAGGAGAATCGCTTGAACCTGGGAGGTGGAGGTTGCAGGGAGCCAAGATCACACCACAGCACTCCAGCCTGGGTGGTAGAGCCAGACTCTGTCTCAAAAAAAAAA"
"chr1","10487786","10488080","chr4","58786062","58786360","45","48298276","GGCCAGGCACAGTGGCTGATGCCTGAAATCCCAATACTTCAGGAGGCTGAGGCAGGTAGATAACTTGAGGTCAGGAGTTCGAGACAAGCCTGGCCAAGGTGGTGAAACCCCATCGCAATTAAAAATACAAAAATTAGCCAGGTGTGGTAACACATGCCTGTAATCCCAGCTACTCAGGAGGCTGAGGCAGAAGAATCCCTTGAACCCAGGAGGCAGAAGTTGCAGTAAGCCGAGATCGAGCCACTGCACTCCAGCCGAGGCAACAGAGTGAGACTCAACCTCAAAAACAAAAAAA","GGCCAGGCACAGTGGCTTACGCCTGTAATTCCAGTACTTTGGGAGGCTGAGGCGGGCAGATCACTTGAGGTCAGGAGTTTGAGCTCAGCAGCCTGGCCAACATAATGAAAGCCCGTCTCTACTAAAAATACAAAAATTAGCCAGGTGTGGTCACACATGCCTATAATCCCAGCTACTAAGGAGGCTGAGGCAGGAGACTCCCTTGAACCTGGGAGGCAGAGGTTGCAGTAAGCTGAGATGGCACCACTGCACTCCAGCCTGGGTAGCAGAGTGAGACTCTGTCTCAAAAAAAAAAAAAA"
"chr1","10504813","10505089","chr5","127053067","127053332","45","116548254","GGCCAGGTATGGTGGCTCATGCCTGTAATTCCAACACTTTGGGAGGGAGGCCAAGGTGGGCAAATCACTTGAGGTCAGGAGTTTTGAGACCAGCCTGGCCAACATGTTGAAACTCCGTCTCTACTAAAAATACAAAAACTTAGCTGGGTGTGGTGGCGCACACCTGTAATCTCAGCTACTGAGGAGGAGGCAGGAGAACAGCTTGACCCTGGGAGGCGGAGGTTGCAGTGAGCCAAGATGGCACCACTGCACTCCAGCCTGGTTGACAGAGTGAAAC","GGCCAGGTATGGTGGCTCATGCCTGTAATCCCAACACTCTGGGAGGCCAAGATGGGCAGATCACTTGAGGTCAGGAGTTTGAGACCAGCCTGGTCAACATGGTGAAACCCTGTCTCTACTAAAAATACAAAAACAATTAGCTGGGTGTGATAGCACATGCCTGTAATCCCAGCTACTCAGGAGAATCACTTGAACCTGGGAGGTGGAGGTTGCAGTGAGCCAAGACTGCATCATTTCACTCCAGCTTGGGTGACAGAGTGAGACTC"
"chr1","10526931","10527231","chr18","8503340","8503640","41","2023591","GGCTGGACACGGTGGCCCACACCTGTAAATCCCAGCACTTTCGGAGGCTGAGGTGGGCAGATCACTTGAGGTTAGGAGTTCGAGACCCGCCTGGCCAACATGGTGAAACCTTGTCTCTACTAAAAATAGAAAAATTAGCCAAGCGTGGTGGCATGTGCCTGTAGTCCCAGCTACTCAGGAGGCTGAGACAGGAGAATCGCTTGAACCCAGGAGGCAGAGGTTGCAGTGCCAAGATTGTACCACTTTACTCCAGCCTGGGTGATAGAGTGAGACTCTGTCTCAAAAAAAAAAAAAAAGAAAA","GGCCGGGCACGGTGGCTCACACCTGCAATCCCAGCACTTTGTGAGGCCAAGGTGGGCGGATCACTTGAGGTCAGGAGTTCAAGACCAGCCTGGCCAACATGGTGAAACCCCGTTTCTACTAAAAATACAAAAGTTAGCTGGGCATGGTGGCGTGTGCCTGTAGTCCCAGCTACTCGGGAGGCTGAGGCAGGAGAATTGCTTGAACCCAGAAGGCAGAAGTTGCAGTGAGCCGAGATCGTGCCATTGCAGTCCAGCCTGAGTGACAGAGTGAGACTCTGCCTCAAAAAAAAAAAAAAGAAAA"
"chr1","10546284","10546584","chr22","28997304","28997607","35","18451020","GGCCGGGTGCAGTGGCTCAAGCCTGTAATCCCAGCACTTTGGGAGGCCCAGGCAGGTGGATGACTTGAGGTCAGGAGTTTGAGACCAGCCTGACCAACATGGCGAAACCCTGTCTCTACTAAAAATACAAAATTAGCCGGGTGTGGTGACGCTTACCTGTAAACCAAGCTACTTTGGAGGCTGAGGCAGGAGAATTGCCTGAACCTGGAGGCAGAGGTTGCAGTGAGCTGAGATTGCGCCATTGCACTCCAGCCTGGGTGACAGAGCGAGACTCTGTTTCAAAAAAAAAAAAAAAAAAAAA","GGCTGAGCGCTGTGGCTCACACCTGTAATCCCAGCACTTTGGGAGGCCAAGGCAGGTGGATCACTTGAGGTCAGGAGTTTGAGACCAGCCTGGCCAACATGGTGAAACCCTGTCTCTACTAAAAATACAAAAATTAGCCGGGTGTGGTGGCGCACGCCTGTAATCCCCACTACTTGGGAGGCTGAGGCATAAGAATCACTTGAACCTGGGAGGCAGAGGTTGCAGTGAGCTGAGATTGTGCCACTGCACTCCAGCCTGGGTGACAGAGTGAGACTCCATCTCAAAACAAAATAAAACAAAAAAA"
"chr1","10558454","10558764","chr5","94532768","94533076","42","83974314","GCTGGACGCTGTGGCTCATGCCTGTAATCCCAGCACTTTGGGAGGCCGAGACAGGTAGATCATTTGAGGTTAGGAGTTCAAGACCAGCCTGACTAACATAGTGAAACCCCATCTCTCTACTAAAAATACAAAAATTAGCTGGGCATGGTGGTACACACCTGTAATCCCAGCTACTCAGGAGCCTGAGGCAGGAGAATCACTTGAGCCTGGGAGGCAGAGATTGTGGTGAGCTGAGATTGCACCACTGCACTCCAGTCTGGGCGACAGAATGAGACCCTGTCTCAAAAAAAAAAAAAAAAAAAAGAAAGAAA","GGCCAGACGTGGTGGCTCACGCCTGTAATCCCAGCACTTTGGGAGGCTGAGGCGGGCAGATCATTTGAGGTCAGGAGTTTGAGATCAGTCTGACCAACATGGTGAAACCCCATCTCTACTAAAAATACAAAAATTAGCTGGGCATGGTGGCGCATGTCTGTAATCCCAGCTACTCAGGAGACTGAGGCAGGAGAATCATTTGAACCTGGGAGGCAGAAGGTGCAGAGAGCCGAGACTGCACCACTGCACTCCAGCCTGGGTGACAGAGTGAGACTTTGTCTCAAAAAAAAAAAAAAAAAAAAAAAAAAA"
"chr1","10567506","10567794","chr2","92432908","92433203","47","81865402","GGCCAGGTACAGTGGCTCACACCTGTAATGTCAGCACTTTGAGAGGATGAGGCAGGCGGATCACTTGAGGTCAGGAGTTCAAGACCAGCCTGGTCAACATGGCGAAACCCCGTCTCTACTAAAAATACAAAAATTAGCCCGGCGTGGTGGTGCATGCGTGTAATCCCAGCCACTTGGGAGGCAGAGGCAGGAGAACCACTTCAGTCTCCTGAGGTGGAGGGTGCAGTGAGCCGAGATCATGCCACTGCCCTCCAATCTGGGTGACACAGCAAGACTGTCTAAAAAAAAA","GGCTAGGCAAAGTGGCTCATGCCTGTAATCCCAGCATTTTGGGAGGCTGAGGCAGGCAAATCACTTGAGGTCAGGAGTTCAAGACCAGCCTGGACAACATGGCGAAACCCCGTTTCTACTAAAAATACGAAAATTAGCTGGGTGTAGTGGTGCATGCCTATAGTCCCAGCTACTTGGGAGGCTGAGGCAGGAGAATCCCTTAGAACCCAGAAGGTGGAGGTTGCAATAAGCCGAGATCATGCCACTGCACTCCAGCCTGGGAGACAAAGCAAGACTCTGTCTAAAAAAAAAAAAAA"
"chr1","10568731","10569039","chr3","106655459","106655766","36","96086728","GCCAGGCACAGTGGCTCATGCCTGTAAATCCCAGCACTTTGGGAGGCCAAGGTGGGCAGATCACTTGAGGTCAGGAGTTCGAGACCAGCCTGGCCAATGTGGTGAAACCCCATCTCTACAAAAAATACAAAAATTAGCAAGGTGTGGTGACGTGCATCTGTAATCCCAGCTACTTGGGAGGCTGAGGTATGAGAATCACTTGAACCCAGGAGGCGGAGGTTGCAGTGAGCCGAGATCACGCCACTGCACTCCAGCCAGGGCAACAGAGTGAGACTCTGTCTCAAAAACAAAACAAAACAAAACAAAAAA","GGTCGGGTGTGGTGGCTCGTGCCTATAATCCCAGCACTTTGGGAGGCTGAGGTGGGCAGATCACTTGAGGTCAGGAGTTTGAGACCAGCCTGGCCAACATGGTGAAACCCCGTCTCTACTAAAAATACAAAAATTAGCCAGGTGTGGTGGCATGCATCTGTAATCCCAGCTACTTTAGGAGGCTGAGGCAGGAGAATCGCTTGAACCCAGGAGGTGGGGGTTGCAGTGAGCTGAGATCGCACCACTGCACTCCAGCCTGGGCAACAGAGAGAGACTCTGTCTCAAAAAAAAAAAAAAAAAAAAAAAAA"
"chr1","10573819","10574117","chr1","148395182","148395475","40","137821363","GGCTGGGTGCGGTAGCTCACGCCTGTAATCCCAGCACTTTGGGAGGCTGAGGTGGGCAGATCACTTGAGATCAGGAGTTCAAGACCAGCCTGGTTAACATGGTGAAACCCCATCTCTACTAAAAGTACAAAAATTAACTGGGTGTTGTGGTGCATACCTGTAATTCCCTGCTACTCCGGAGGCTGAGGCAGGATAATCGCTTGAACCTGGGAGGTGGAGGTTGCAGTGAGCTGACATCGTGCCACTGCACTCCAGCCTGGGTGACAGAGTGAGATTCCAACTCTAAATAAATAAATAAA","GGCTGGGCGTGGTGGCTCAAGCCTATAATCCCAGCACTTTGGGAGGCAGAGGAGGGTGGATCACTTGAGATCAGGAGTTCAAGACCAGCCTGGCTAACGTGGTGAAACACTATCTCTACTAAAAATAAAAAAATTAGCTGGGCATGGTGGTGCATGCCTATAATCCCAGCTACTCTGGAGGCTGAGGCAGGAGAATTGCTTGAACCCAGGAGGTAGAGGTTGCAGTGAGCTGAGATCGTGCCACTGCACACCAGCCTGAGTGACAGAGCCAGACTCCATCTCAAAAAAAAAAAA"
"chr1","10600435","10600743","chr1","27883875","27884177","42","17283440","GGCAGGGTGCAGTGGCTCACATCTGTAATCCCAACACTTTGAGAGGCCAAGGCAGGCGGATCACTTGAGGTCAGGAGTTCGAGACCAGCCTGGCCAACGTGGTGAAACCGTGTCTCTACTAAAAATACAAAAAATTAGCCGGGCGTGGTGGCACACGCCTGTAATCCCAGCTCCTTAGGGGGCTGAGGCAGGAGAATCACTTAAACCCAGGAGGTGGAAGTTGCAGTGAGCCGAGATCACGCCGCTGCACTCCAGCCTAGGTGACAGAGTGAGACTCTGTCTCAAAAAAAATAAAATAAAATAAAGAAA","GGCTGGGTGCGGTGGCTCATGCCTGTAATCCCAGCACTTTGGGAGGCCAAGGCAGGTGGATCACTTGAGGTCAGGAGTTTGAGACCAGCCTGGCCAACATGGTGAAACCCTGTCTTACTAAAAGCACAAAAATTAGCCTGGTGTGCTGGTGTGTGCCTGCAGTCCCAGCTACTCAGGAGGCTGAGGCAGGGAAATCACTTGAACCCAGGAGGCGGAGGTTGCAGTGAGCGGACATCACTCCACTGCACTCCAGCCTAGTGACAGAGTGAGACTCTGTCTCAAAAAAAAAAAAAAAAAAAAAAA"
"chr1","10610966","10611283","chr8","93697187","93697481","58","83086221","GGCTGGGTGCGGTTGCTCACGCCTGTAATCCCAGCACTTTGGGATGTGAGTTGGGTGGATCACTTGAGGTCAGGAGTTTGAGGTCAGGAGTTTGAGGTCACCATGCCTGGCCAGCATGGTGAAACCCTGTCTGTACTAAAAATATAAAAATTAGCTGAGCCTGGTGGCATGCCTGTAGTTCCAGCTACTTGGGAGGCTGAGGCAGGAGAATCACTTGAACCCAGGAGGTACAGGTTGCAGTGAGCTGAGATTGCGCCACTGCACTCCAGCCTGGGTGACAGAGCAAGACTCTGTCCCCCCACCGAAATAAAAAAAAAA","GTCGGGTGTGGTGGCTCACGCCTGTAATCCCAGCACTTTGGGAGGCTGAGGTGGGTGGATCACTTGAGGTCAGGAGTTCAAGACCAGCCTGACCAACATGGTGAAACCCCGTCTCTACTAAAAATACAAAAATTAGCTGGGTGTGGTGGTGCATGCCTGTAATCCCAGCTACTTGGGAGGCTGAGGCAGGAGAATCATTTGAACCTAGAAGGCGGAGGTTGCGGCAAGCTGAGATTGTGCCACTGCACTCCAGCCTGGGCGACAGAGCCAGACTTTGTCTCAGAAATAAAAAAAA"
"chr1","10620507","10620833","chr7","45201937","45202253","50","34581430","GCCAGGCGCAGTGGCTCATGCCTGTAATCCCAGGACTTTGGGAGGCTGAGGTGGGCGGATCACTTGAGGTCAGGAGTTTGAGACCAGCCTGGCCAACAAGGTGAAACCCTGTCTCTACTGATAATACAAAAATTAGCTGGGTGTCATGGCGTGCACCTGTAATCCCAGCTACTTGGGAGGCTGAGGCAGGAGAATCACTTGAGCCTGGGAGGCATAGGTTGCAGTGAGCCTGCAGTGAGCCGAGATTGTGCCACTGCACTCCAGCGTGGGTGAAAGAGCGAGACTTTGTCTCAAATAAATACATAAATAAACAGAACAGAACAAAAA","CCAGGCACAGTGGCTCACGCCTGTAGTCCCAGGACTTTGGGAGGCTGAGATAGGCAGATCACTTGAGGTCAGGACTTTGAGATCAGTGTAGCCAACAAGTGAAATCCTGTCTCTACTGAAAATACAAAAATTAGCCAGTGTCATGGCATGCACCTAATCCCAGCCACTCAGGAGGCAGAGGCAGGAGAATCGCTTGAACCCGAGAGGCGGAGGTTGCAGCAAGCCTGCAGTGAGCCAAGATTGTGCCACTGGACTCCAGCCTGGGTGATGGAGCGAGACTCCATCTCAAACAAACAAACAACCAAAACAGAACAAAA"
"chr1","10718859","10719217","chr4","107899588","107899898","88","97180729","GGCCGGGTGCGGTGGCTCACGCCTGTAATCCCAGCACTTAGGGAGCCGGAAGCGGGCAGATTGCTTGAGGTCAGGAGTTCGAGACTAGTCTGGCCAACATGGTTGGAAACCCCACCTCCACTAAAAGTAAAAAAAAAATTAGCCAGGTGTGGTGGCGAGTGCCTGTAATCCCAGTTACTCGGGAGGCTGAGGCACAACAATTGCTTGAACCCGGAAAGCAGAGGTTGCAGTGAGCAGAGATCACACCAAGGAATTTGATGGCTTTATCAGAAATACCAAATGCACAAATGCACTCCAGCCTGGGCAACAGAGCAAGAGAGACCCTGTCTTAAAAAAAAAGAAAAGAAAAGAAAAAGAAA","GGCTTGACACGGTAGCTCACGCCTGTAATCCCAGCACTTTGGGAGGCTGAGGCAGGCACATCACTTGAGGTCAGGAGTTTGAGACCAGCCTGGCCAACATGGTGAAACACCATCTCTACTAAAAATACAAAAAATTAGCCAGGTGTGGTGGCGAGTGCCTGTGATCCCAGCTACTCGAGAGACTGAGGCAAAAGAATTGCTTGAACCAAGGAGGGAGAGGTTGTAGTGAGCAGAGATCACACCATTGTACCCCAGCCTGGGCGACAGAGCAAGACTCTGTCTCAAAAAAAAAAAAAAAAAAAAAAAAAAAA"
"chr1","10729808","10730094","chr22","45163672","45163961","41","34433864","GCTTGTAATCCCAGCACTTTGGGAGGCTAAGGCGAGTGGATCACTTGAGGCCAGGAGTTCGAGACCAGCCTGGCCAACATGGTGAAACCCCATCTCTACTAAAAATACAAAAATTAGCCAGTTGTGGTGGCACAGGCCTGTAGTCCCAGCTACTCTGGAGGCTAAGGCAGAGAATTGCTTAAACCTGGGAGGCGGAAGTTGCAGTGAGCTGAGATAGCACCGCTGCACTCCAGCCTGGGCGACAGAGCGAGACTCCATGTCAAAAATAAAAAAAAAAATAAAATAAA","GCTGATGCCTATAATCCCAGCACTTTGGGAGGCTGAGGCAAGTGGATCACTTGAGGCCAGGAGTTCGAGACCAGCCTGGCCAACATGGTGAAACCTCATCTCTACTAAGAAATACAAAACTTAGCTGGTGCGGTGGCTCACACCTATAATCCCAGCTACTCAGGAGGCTGAGGCAGGAGAATCGCTTGAACCTGGGAGGTGAGGTTGCAGTGAGCTGAGATTGTGCCATTACACTTCATCCTGGGTGACAGAGCGAGACTCCATCTCAAAAAAAAAAAAAAAAAAAAAAA"
"chr1","10742702","10743004","chr20","22923582","22923882","35","12180880","GGCCGGGTGTGGTGGCTCATGCCTGTAATCTCATCACTTTGGAAGGCTGAGGCAGGCGGATCACTTGAGGTCAGGAGTTCAAGACCAGCCCGGGCAACATGGTGGAACCCTGTCTCTACTAAAAATACAAAAAATTAGCCAGGCATGGTGGCACACGCCTGTAATCCCAGTTACTCGGGAGGCTGAGATGGGAGAATTGCTTGAACCCGGGAGGCAGAGGTTGCAGTGAGCCGAGATCACGCCACTGCACTCCAACCTGGGCAACAGAGCAAGACTCCATCTCACAAAAAAGAAGAAAAAAAA","GGCCGGGTGTGGTGGCTCACGCCTGTAATCCCAGCATTTTGGGAGGCTGAGGCGGACAGATCACTTGAGGTCAGGAGTTGCAGACCAGCCTGGCCAACATGGTGAAACCCCATCTCTACTAAAAATACAAAAAATTAGCCAAGTGTGGTAGCACATGCCTGTAATCCCAGCTACTGGGGAAGCTGAGGTGGGAGAATTGCTTGAACCTGGGAGGTGGAGGTTGCAGTGAGCCGAGATCATGCCACTGCACTCTAGCCTGGGTGACAGAGCAAGACTCCATCTCAAAAAAAAAAAAAAAAAA"
"chr1","10757506","10757811","chr21","40584762","40585072","39","29827256","GGCTGGGTGCAGTGGCTCATGCCTGTAATCCCAGCACCTTGGGGGGCTGAGGTGGGTGGATCACTTGAGGTTAGGAGTTTGAGACCAGCCTGGCCAACATGGTGAAACCCCGTCTCTACTAAAAACACTAAAATTAGCCAGGCATGGTGGCGCTTGCCTATAATCCCAGCCACTCGAGAGGCTGAGGCAGGAGAATCACCTGAACCCGGGAGGCGGAGGTTGCAGTGAGCCAAGATTGCACTGCTGCACTCCAGCCTGGGTGACAGAGTGAGACTCCATCTCAAACAAAAAACAAAAAACAGAAAA","GGCTGGGCGCAGTGGCTCACACCTGTCATCCCAGCAATTTCGGAGGCTGAGGCGGGTGGATCACTTGAGGTCAGGAGTTTGAGACCAGCCTGATCAACATGGTGAAACCCCGTCTCTACTAAAAATTCAAAATTAGCCAGGCATGGTGGCGCGTGCCTGTAATCCCAGCTACTCGGGAGGCTGAGGCAGGAGAATCGCTTGAACCCAGGAGGCAGAGGTTGCAGTGAGCCGAGATCACGCCATTGCATTCCAGCCTGGGTGACAGAGCGAGACTCCATCTCAAAACAAAAACAAAAACAAAAAACAAAAAA"
"chr1","10768234","10768517","chrUn_GL288700","6268","6551","37","10761966","GGCCAGGTGCAGTGGCTCATGTCTCTAATTCCAGCACTTTGGGAGGCTGAGCCCGGCAGCTAACTTGAGGTCAGGAGTTTGAGACCAGCCTGGCCAACATGGTGAAACCCCATCTCTACTAAAAATACAAAAATTAGCCAGGCATGGTGGTGCGTGCCTGTAATCCCAGCTACTTGGGAGGCTGAGGCAGGAGAATCATTTGAAACCAGCAGGCGGAGGCTGCCGTGAGCCGAGATTGCACCACTGCACTCCAGCCTGGGTGACAGAGTGAGACTCTGTCTCAA","GGCCAGGCACTGTGGCTCATGCCTGTAATCTCAGCACTTTGAAAGGCTGAGGCAGGCAGATCACTTGAGGTCAGGATTTCTAGACCAGTCTGGCCAACATGGAAAAACCCTGTCTCTACTAAAAACACAAAAATTAGCCAGGCATGGTGGCTCATGCCTGTAATTCCAGCTACTTGGGAGGCTGAGGCAGGAGAATCACTTGAACTCAGGAGGCAGAGGCTGCAGTGAGCCAAGATTGTGCCACTGCACTCCAGCCTGGGTGACAGAGTGAGACTCCATCTCAA"
"chr1","10768860","10769160","chr3","152941248","152941549","40","142172388","GCTAGGCATGGTAGCTCATGCTTGTAATCCCAGCACTTTGAGAGGCAGAGGCGGGCAGATCACTTGAGGCCAGGAGTTCGAGACGAGCCTGTCCAACATGGTGAAACCCCGTCTCTACTAAAAATACAAAAATTAGCCGGGTGTGGTGGCGGCGTCTGTAATCCCAGCTACTCAGGAGACTGAGGCAGGAGAATCACTTGAACCTGGGAGGCGGAGGTTGCAGTGAGCAGAGATTGTGCCACTGCACTCCAGCCTGGGCAACAGAGCAAGCCTCCGTCTCAAAAAAGAAAAGAAAAGAAAA","GGCCTGGCACGGTGGCTCATGCCTGTAATCCTAGCATTTTGGGAGGCTGAGGTGGGCAGATCACTTGAGGCCAGGAGTTTGAGACCAGCCTGGCCAACATGGTGAAATCTCGTCTCTACTAAAAATAAAAAAATTAGCCAGGTGTGGTGGCGCATGCCTGTAATCCCAGCTACTTGGGAGGCTGAGGCAGGAGAATCACTTGAACTCAGGAGACGGAAGTTGCAGTGAGCCGAGATTGCGCCACTGCACTCCAGCCTGGGCAACAGAGGGAAACTCTGTCTCAAAAAAAGAAAGAAAGAAAA"
"chr1","10769527","10769816","chr19","24203448","24203737","35","13433921","GGCCAGGTGTGGCGGCTCACTCCTGTAATCCCAGCACTTTGGGAGGCCAAGGTGGGCAGATCACTTGAGGTCAGGAGTTTGAGACCAGCCTGGCCAACATGGCGAAACCCTGTCTCTACTAAAAATACAAAAATTAGCCGGGTGTGGTGGTGCGCACCTGTAATCCCAGCTATTCGGGAGGCAGAGGCAGGAGAATCGCTTGAACCCGGGGAACAGAGGTTGCAGTGAGCCGAGATCACCCCACTGCACTCCAGCTAGGCAACAGAGTGAGACTCCATCTCAAAAAAAAA","GGCCAGGTGCAGTGGCTCACACCTGTATTTTCAGCACTTTGGGAGGCCTAGGTGGGCAAATCACTTGAGGTCAGGAGTTCTAGACCAGCCTGGCCAACATGGTGAAACGCTGACTCTACTAAAAATACAAAAATTAGCTGGGTGTGGTGGTGCACGCCTGTAGTCCCAGCTACTTGGGAGGCTGAGGCAGGAGAATTGCTTGAACCTGGGAGGCAGAGGTTGCAGTGAGCCAAGATTGCGCCACTGCACTCCAGCCTGGCGACAGAGTGAGACTCTGTCTCAAAAAAAAA"
"chr1","10783591","10783893","chr7","49632330","49632627","33","38848739","GGCCTGGTGCAGTGGCTCATGCCTGTAATCCCAGCGCTTTGGGAGGCCTAGGTGGGTGGATCACTTGAGGTCAGGGGTTCGAGACCAGCCTGACCAACATGGTGAAACCCCATCTCTACTAAAAATACAAAATTAGCCAGGCGTGGTGACGCACGCCTGTAATCCCAGCTACTCAGGAGGCTGAGGCAGGAGAATTGCTTGAACCCGGGAGGCGGAGGTTGCAGCAAGCCTAGATCGTGCCACTGCAATTCAGCCTGGGTGAAAAAGCAAGACTCCGTCTCAAAAAAAAAAAAAAAAAAAAAA","GGCCGGTGCAGTGGCTCACGCCTGTAATCCCAGCACTCTGGGAGGCTGAGGTGGGTGGATCACTTGAGGTCAGGAGTTTGAGAGCAGCCCGACCAACATGGTGAAACCCTGTCTCTACTAAAAATACAAAACCAGGTGTGGTGGTGCATGCCTGTAATGCCAGCTACTCAGGAGGCTGAGGCAGGAGAATCACTTGAACCCAGGAGGCGGAGGTTGCAGTGAGCCGAGATCACGCCACTGCATTCCAGCCTGGGTGACAAAGTAAGACTCCGTCTCAAAAAAAAAAAAAAAAAAAAAA"
"chr1","10823597","10823888","chr20","27822433","27822727","48","16998836","GGTCGGGTGCAGTGGATCACGCCTGTGATCCCAGCACTTTGGGAGGCTGAGGTGGGCGGATCACTTGAGGTCAGGAGATTGAAACCAGCCTGACCAACCTGGTGAAAATCCCATCTCTACTAAAAGTACAAAAATTACCCTGGCGTGGTGGTGCACACCTGTAATCCCAGCTACTCGGGAAGCTGAGGCAGGAGAATCGCTTGAACCTGGGAGGCAGAGGCTGCAGTGATCCTACCACTGTACTCCATCCTGGACAACAGAGTGGAATTTTGTCTTAAAAAAAAAAGAGAGA","GGCTGGGTGCGGAGGCTCACGCCTATAATCCCAGCACTTTGGGAGGCTGAGGAGGGTGGATCACTTGAGGTCAGGAGTTTGAGACCAGCCTGACCAACATGGTGAAACCCCATCTCTACTAAAAATATAAAAATTAGCCGGGCGTGGTGGCACACACCTGTAATCCCAGCAACTCAGGAGGATGAGGCAGGAGAATCGCTTGAACCCAGGAGGCAGAGGTTGCAGTGAGCCAAGATCGTGACACTGCACTCCAGCCTGGGTGACAGAGTGAAACTCTGTCTCAAAAAAAAAAAAA"
"chr1","10826227","10826524","chr3","123910184","123910483","39","113083957","GGCCGGGTGCAGTGGCTCACGCCTGTAATCCCAGCACTTTGGGAGGCCAAGGCAGGCAGAGCACTTGAGGCCAGAAGTTCGAGACCAGTGTTGCCAACATGGTGAAAACCCATCTCTACTAAAACTACAAAAATTAGCCAGGCGTGGTGGCACATACCTGTAATCCCAGCTACTCGGGAGGCTGAGACAGGAGAATCACTTGAACCCGGGAGGTGGAGGTTGCAGCAAGCCGAGATCGCGCCACTGAACTCCAGCCTGGGCGACAGACTGAGACTCTGTCTCAAAAAAATAATAATAA","GGCCAGGAGCAGTGGCTAATGCTTGTAATCCCTGCGCTTTGGGAGGCCAAGGCAGGTGGATCACTTGAGGTCAGGAGGTCAAGACCAGCCTGGGCAACATGGTGAAACCTCATCTCTACTAAAAATACAAAAATTAGCCAGGCGTGGTGGCACACACCTGTAATCCTAGCTACTCGGGAAGCTGAGACAGGAGAATCACTTGAACCCAGGAGGTGGAGGTTGCAGTAGGCAGAGATTGAGCCACTGCACTCCAGCCTGGGTGACAGAGTGAGACTCTATCTCAAAAAAAAGAAAAAAAAA"
"chr1","10848727","10849039","chr10","90431710","90432016","51","79582983","GGCCAGGCACGGTGGTGCATGCCTGTAATCCCAGCGTTTCGGGAGGCTGAGATGGGCGGATCACTTGAGCTCAGGAGTTTGAGACAAGCCTGGGCAACACGGCAAAAACCCCATTGCTACAAAAAATACAAAAATCAGCTGGGCGTGGTGGTGCATGCCTATAGTTCCAGCTACTTGGGAGGCTGAGGCAGGAAGATCACTTGAACCCGGGAGGCGGAGATTGTAGCGAGCCGAGATCGTGCCACTGCACTCCAACCTGGGTGACAGAGCGAGACTGCGTCTTAAAAAAAAAAGAAAACAAAAAGAAAAAGAA","GGCCAGGTGTGGTGGCTCATGCCTGTAATCCCAGCACTTTGGGGGGCTGAGGCGGGCAGATCACTTGAGGTCAGGAGTTTGAGACCAGCCTGGCCAACATGGTGAAACCCCATCTCTACTAAAAATACAAAAACATTAGCCGGCATGGTGGTGCATGCTGTGGTTCCAGCTACTTGGGAGGCTGAGGCAGGAGAATCACTTGAACCCGGGAGGTGGAGGTTGCAATGAGCCGAGATGGTGCCACTGCACTCCAGCCTGGGCAACAGAGGGAGACTCTGTCAAAAAAAAAAAAAAAAAAAAAGAAGAA"
"chr1","10850909","10851187","chr9","113874562","113874835","41","103023653","CTCATGCCTGTAATCCCACCACATGGGAGGCCGAGGCAGACAGATCACTTGAGGTCAGGAGTTTGAGGCCAGCCTGGCCAACATGGTGAAACCCTGTCTGTACTAAAAATACAGAAATTAGCTGGGCATAGTGGTGCGCACCTGTAATCCCAGCTACTCAGAAGCAGAGGCAGGAGAATCACTTGAACCTGGAAGGTGGAGGTTGCAGTGAGCCAAGATTGTACCACTGCACTCCAGCCTGGGTGACAGATCAAGACTCTGTCTCAAAAAAGAAAAAAA","TCATGCCTATAATCCCAACACTTTGGGAGGCTGAGGTGGGCAGATCACTTGAGGTCAGGAGTTTGAGACCAGCCTGGCCAACATGGTGAAACCCCGTCTCTACTAAAAATACAAAAATTAGCTGGGTTTGGTGGTGCATGCCTGTAGTCCCAGCTACTCAGGGGCTGAGGCAGGAGAATCGCTTGAACCTGGGAGGCGGAGGTTGTAGTGAGCCAAGATCCTGCCACTGCACTCCAACCTGGGCGACACAGCGAGACTCTGTCTGAAAAAAAAA"
"chr1","10873750","10874053","chr22","29825053","29825352","38","18951303","GCCAGGAGCCATGGCTGATGCCTATAATCCTGGCACTTTGGGAGGCCAGGGTGGGCAGATCACTTGAGGTCAGGAGTTTGAGACCAGCCTGACCAACATGGTGAAACCCCATCTCTACTAAAAATACAAAAATTAGCCAAGCATGGTAGCCCACACCTGTAATCCCAGCTACTCAGGAGGCTGAGAGAGGAAAATCACTTGAACCTGGGAGGCGGAGGTTGCAGTGAGCCGAGATCGTGGCACTGCACTCCAGGCTGGGTGACAGAGCGAGACCCCATCTAAAAAAAAACAAAGAAAAAGAAAA","CCAGGCGCGGTGGCTCACGCCTGTAATCCCAGCACTTTGGGAAGCCAAGCCAGGCAGATCACTTGAGGTCAGGAATTTGAGACCAGCCTGGCCAACATGGTAAAACCTCATCTCTACTGAAAATACAAAAATTAGCCAGGTGTGGTGGCACACACCTGTAATCCCAGCTACTCAGGAGGCTGAGGCAGGAGAATCACTTGAACATGGGAGGCGGAGATTGCAGTGAGCCGAGATCGTGCCACTGCACTCCAGCCTGGGTGATAGAGCGAGACTCCATCTCAAAAAAAAAAAAAAAAAGAA"
"chr1","10887859","10888164","chr1","168595556","168595859","41","157707697","GGCTGGGCGCGGTGGCTCATGCCTATAATCCCAGCACTTTGGGAGGCCCAGGCGGGTGGATTATTTGAGGTCAGGAGTTCTAGACCAGTCTGGCCAACATGGTGAAACCCCATCTCTACTAAAAATACAAAAAATTAGCTGGCGTTGTGGCACGCCCCTGTAGTCCCAGCTACTTGGGAGGCTGAGGTATGAGAATCACTTGAAGGCAGGAGGCAGAGGTTGCAGTGATCCGAGATGGCGTCACTGCACTTCAGCCTGGACGACAGAGTGAGACTCCATCTCAAAAAAAAAAAAAAAAAAAAAAAA","GGCTGGGTGAGGTGGCTCATGCCTGTAATCCCAGCACTTTGGGAGGCTGAGGTGGGCAGATCACTTGAGGTCAGGAGTTCAAGACCAGCCTAGCCAACATGGTGAAACCACATCTCTACTAAAAATACAAAAATTAGGTGAGTGTGGTGGCACATGCCTGTAATCCCAGCTATTTGGGAGGCTGAGACAGGAGAATCGCTTGAACCCGGAGGTAGAGGTTGCAGTGAGCCGAGATTGCGCCACTGCACTCCAGCCTGGGTAACAGAGTGAGACTCTATCTCAAAAAAAAAAAAAAAAAAAAAAA"
"chr1","10896028","10896335","chrX","47176701","47177007","44","36280673","GCTGAGCACCGTGGCTCACGCCTGTTATCCCAGCACTTTGGGAGGCCGAGGAGCGTGGATCACTTGAGCCCAGGAGTTTGAGACCAGCCTGGCCAACGTGGTGAAACCCTGTTTCTACTGAAAATACAAAAATTAGCTGGGCGTGGTGGCGCATGCCTGTACTCCCAGCTACTCAGGAGGTTTAGGCAGGAGAATTGCTTGAACCCAGGAGGCAGAGGTTGCAGTGAGTCGAGATTTCATTACTGCACTCCAGCCTGGGCGACAGAGTGAGACCCTGTCTCAAAAAAACCCAAAAAAACAAAAACAAA","GGCCGGGCACAGTGGCTCATGCCTGTAATCCCAACACTTTGGGAGGCAAAGGTGGGCAGATCACTTGAGGCCAGGAGTTCGAGACCAGCCTGGCCAAAATGGTGAAACCCTGTCTCTACTAAAAATACAAAAATTAGCCAGGCGTGGTGGTGCATGCCTATAGTCCCAGGTACTCCGGAGGATGAGGCAGGAGAATTGCTTGAACTCGGGAGGCAGAGGTTGCAGTGAGCCAAGATTGCACCACTGCACTCCAACCTGGGTGACAGAGTAAGACTCTGTCTCAAAAAAAAAAAAAAAAAAAAAAAAA"
"chr1","10899293","10899591","chr22","4334459","4334753","43","6564834","GGCCGGGCGCGGTGGCTCATACCTGTAATCCCAGCACTTTGGGAGGCTGAGGGGGCGGATCACTTGAGGTCAGGACTTTGAGATGAGACTTGCCAACATGGTGAAACCCTGTCTCTACTAAAAATACAAAAATTAGCCATGCGCGATGGCACACGCCTGTAATCACAGCTACTCAGGAGGCTGAGGTAGGAGAATCCCCTGAATCCGGGAGGCAGAGGTTGCAGTGAACTGAGATCGCATCACTGCACTCCGGTCTGGGTGACAAGAGCAAGACTGTCTCAAAGAGAGAGAGAGAGAAA","GGCCGGGTGCGGTGGCTCATGTCTGTAATCCCAGCACTTTGGGAGGCTGAGGCGGGCGGATCATTTGAGGTCAGGAGTTTGAGACCAGCCTGACCAACATGGAGAAACCCTGTCTCTACTGAAAATACAAAATTAGCCGGGCGTGGTGGCACATGCCTGTAATCCCAGCTACTCAGGAGGCTGAGGCAGGAGAATCGCGTGAACCCGGGAGGTAATGGTTGCAGTGAGCTGAGATCGCACCACTGCACTCCAGCCTGGGCGACAGAGTGAGACTGTCTCAAAACCAAACAAAGAA"
"chr1","10909017","10909313","chr4","140143172","140143479","46","129234155","GGCCGGGCACAGTGGCTCACGCCTGTAATCCCAGCATTTGGGAGGCTGAGGCAGGCGGATCACTTGAGGTCAGGAGTTCGAGACCAGCCTGGCCAACATGGTGAAACTTCATCTCCACAGAAATAGAAAAATTAGCCAAGTGTGGTGGTGCGTGCCTGTAATCCCAGCTACCTGGGAGGCTGAGGCAAGAGACTCGCTTGAACTCAGGAAGCGGAGGTTGCAGTGAGCTGAAATCATGCCACTGCACTCCAGCAATAGAGAGACTCCGTCTCAAAAAAAAAAAAAAAAAAAAAAAAA","GGCCGGGCACAGTGGCTCGTGCCTGTAATCCCAGCACTTTGGGAGGCCAAGGCAGGCGGATCACTTGAGGTCAGGAGTTTGAGACCAGCCTGGTCAACATAGTGAAACCCCATCACTACTAAAAATACAAAAATTAGCCACGTGTGGTGGTGCATGCCTGTAATCCCAGATACTTGGGAGGCTGAGGCCAGAGAATCATTTGAACCCAGGAGGCGGAGGTTGCAGTGAGCAGAGATCGGGCCACTGCACTCCAGCCTGAACAGCAGAGCGAGACTCTGTCTCAAACAACAATGACAAAACAATAAAAA"
"chr1","10925202","10925496","chr15","68809459","68809748","43","57884257","GGCTGGGTACAGCTGCTCATGCCTGTAATCCCAGCACTTTGGGAGGCCAAGGCAGGAGGATCGCTTGAGGTCAGGAGCTCGAGATCAGCCTGGCCAATATGATGAAACCCCGTCTCTACTAAAAATACAAAAATTGGCCAGGCATAGCGGTGCACACCTGTAATGCCAGCTACTCGGGAGGCTAAGGCAGGAGAATTGCTTGAACCTAGGAGGCGAAGGTTGCAGGGAGCTGAGATCTTACCACTGCACTCCAGCCTGGGTGACAGAGTGAGACTGTTTCAAAAAAAAAAGTAAA","GGCTGGGCACAGTGGCTCATACCTGTAATCCCAGCACTTTGGGAGACCAAGGCAGGAGGATCACTTGAGGTCAGGAGTTTGAGGCCAGCCTGGCCGATGTGGTGAAACCCCATCTCTACTAAAAATACAAAAATTAGCCAGGCATGGTGGTGCATTCCTGTAGTCCCAGCTACTCGGGAGGCTGAGACAAGAGAATCACTTGAACCCAGGAGGCAGAGGTTGCAGTGAGCTGAGATTGTGCCACTGAACTCCAGCCTGGGTGACAGAGTGAGACTCTGTCTCAAAATAAA"
"chr1","10931692","10931998","chr8","80779437","80779743","41","69847745","GGCTGGGCATGGTGGCTCACATCTGTAATCCCAGGACTTTGGGAGGCCAAGGCGGGTGGATCACTTGAGGCCAGGAGTTTGAGACCAGCCTGGCCAACATGGACAAACCCTGTCTATACTAAAAATACAAAAATTAGCTGGGCGTGGTGGTGCATGCCTGTAATCCCAGCTACTTGGGAGGCAGAGGTGGGAGGAGGGCTTCAACCTGGGAGGTGGAGGTTGCAGTGAGCCAAGATTGCACCACTGCACTCCAGCCTGGGTGACAGATAGAGACTCCATCTCAAAAATAAATAAATAAATAAAAAGA","GGCTGGGCATGATGGCTCACACCTGTAATGTCAGCACTTTGGGAGGCCAAGTCAGGCAGATCACTTGAAGTCAAGTGTTCGAGACCAGCCTGGCCAACACGGTGAAACCCTGTCTCTACTAAAAATACAAAAATTAGCAGGGCGTGGTGGCGCATGCCTGTAATCGCAGCTATTTGGGAGGCTGAGGCAGGAGAACTGCTTGAACCAGGGAGGCGGAGGCTGCAGTCAGCCAAGATTGCACCACTGCACTCCAGCCTGGGTGACAGAGTAAGACTCTATCTCAAAAAAAAAAAAAAAAAAAAAAGAA"
"chr1","10932935","10933234","chr4","156698023","156698319","31","145765088","GGCTGGGTGTGGTGGCTCACACCTGTAACCCCAGCACTTTGGGGGGCCGAGGTGGGTGGATCACTTGAGGTCAGGAGTTTGAGACCAGCCTGGCCAACATGGTGAAACCCTGTCTCTACTAAAAATACAAAAATTAGCCAGGCGTGATGGCACACACCTATAGTCCCAGCTACTTGGGAGGCTGAGGCAGGAGAATTGCTTGAACCCAGGAGACAGGTGGAGGTTGCAGTGAGCCGAGATCATGCCACTGCACTCCAGCCTGGGCGACAGTGCAAGACTTCATCTAAAAAAAAAAAAAAA","GGCTGGGTGTGGTGGCTCATACCTGTAATCCCAGCGCTTTTGGAGGCTGAGGTGGGTGGATCACTTGAGGTCAGGAGTTCTAGACCAGCCTGGCCAACATGGTGAAATCCCATCTCTACTAAAAATACAAAAATTAGCTGGGCATGGTGGCAAGCACCTATAATCCCAGCTACTTGGGAGGCTCAGGCAGAAGAATCGCTTGAACCCAGGAGGTGGAGGTTGCAGTGAGCCTAGATTATGCCACTGCACTCCAGCCTGGGTGACAGAGCAAGACTCCATCTCAAAAAAAAAAAAAAA"
"chr1","10933996","10934249","chr2","62122108","62122356","43","51188112","GGTCGGGCACAGTGGCTCACGCCTGTAATCCCAACACTTTGGGAGGCCAAGGCGGGCAGATCACTTGAGGTTGGGAGTTAGAGATGGGCCTGGCCAACATGGCAAAACCCTGTCTCTACTAAAAATATAAAAATTAGCCAGGCATGGTGGCATGCACCTGTAATCCCAGCTACTTGGAAGGCTGAGGCAGGAGAATGGCTCGAAACCTGGAGGTGGAGGTTGCAGTGAGCTGAAATGGCACCACTGCATTCCAG","GGCTGGGCTCAGTGGCTTACACCTGTAATCCCAGCACTTTGGGAGGCCAAGGGGGCAGATCACTTGAAGCCAGGAATCCAAGACCAGCCTGGCCAACATGGTGAAACCCCATCTCTACTAAAAATACAAAAATTAGGCATGGTGGTGCATGTCTGTAATCCCAGCTACTCAGGAGGCTGAGGCAGGAGAATCGCTTGAAACCAGGAGGAGGAGATTGCAGTGAGCTGAGATGGTGCCACTGCACTCCAG"
"chr1","10948943","10949244","chr20","22923582","22923882","45","11974639","GACCGGGTGCGGTGGCTCACGACTGTAATCCCAACACAATAGGAGGCCAAGGCGGGTGGATCACTTGAGGCCAGGAGTTCCAGACTGGCCTGGCCAACATGGTGAAACCCCATCTCTACTAAAAATACAAAATTAGCCAGGTGTGGTGGCGTGGGCCTGTAATCCCAGCTACTCGGGAAGCTGAGGCAGAAGGATCGCCTGAATCTGGGAGGTGGAGGCTGCAGTAAGCCAAGATCGTGCCACTGGACTCCAGCCTGGATGACAAAGCAAGACCCCATCTCAAAAAAAAAAAAAAAAGAAGA","GGCCGGGTGTGGTGGCTCACGCCTGTAATCCCAGCATTTTGGGAGGCTGAGGCGGACAGATCACTTGAGGTCAGGAGTTGCAGACCAGCCTGGCCAACATGGTGAAACCCCATCTCTACTAAAAATACAAAAAATTAGCCAAGTGTGGTAGCACATGCCTGTAATCCCAGCTACTGGGGAAGCTGAGGTGGGAGAATTGCTTGAACCTGGGAGGTGGAGGTTGCAGTGAGCCGAGATCATGCCACTGCACTCTAGCCTGGGTGACAGAGCAAGACTCCATCTCAAAAAAAAAAAAAAAAAA"
"chr1","10950028","10950334","chr22","33981676","33981980","41","23031648","GGCCAGTCGTGGTGGCTCACTCCTGTAATCCCAGCACTTTAACAGGCCAAGGCGGGCAGATCATTTGAGGTCGGGAGTTCGAGACCAGCCTGGCTAACATGGTGAAACCCATCTCTACTAAAAATACAAAAAAATTAGTTGGGCATGGTGGTGCACACCTGTAATCCCAGCTACTTGGGAGGCTGAGGCAAGAAGATCACTTGAACCCAGGAGGCGGAGGTTGCAGTGAGCTGAGACTGTACCACTACACTCCAGCCTGGCCACAGAGTGAGACTCCATCTCAAAAAAAAAAAAAAAAAAAAAAGAA","GGCCAGGCGCGGTGGTTCACGCCTGTAATCCCACCACTTTGGGAGACCAAGATGGGCAGATCACTTGAGGTCAGGAGTTTGAGACCAGCCTGGCCAACATAGTGAAACCCCGTCTCTAATAAAAATACAAAAATTGGCTTGGCGTGGTGGTGCACGCCTGTAATCCCAGCTACTTGGGAGGCTGAGGCAGGAGAATCACTTGAACCTGGGAGGCAGAGGTTGCAGTGAGCCGAGATCGTGCCACTGCACTCCAGCCTAGGCAACAGAGTGAGACTCCATCTCAAAAAAAAAAAAAAAAAAAAAAA"
"chr1","10952523","10952811","chr6","17068239","17068542","50","6115716","GGCCAGACGCGGTGGCTCACGCCTATAATCCCAGCACTTTGGGAGGCCAAGGTGGGAGGATCACTTGAGGCCAGGAGTTTGAGATCAGCCTGGCCAACATGGCGAAACCCTGTCTCTCCTAAAAGAAGACATCTCTAATCTGTAATCGCAGCTACTTGGGAGGCTGAGGCAGGAGAATCGCTTGCACCTGGGAGGTGGAGGTTGCAGTGAGCTGAGATTGTGCCACTGCATTCCAGCCTGGGCAACAGAGCAAGACTCGTCTCAAAACAGAAACAAAACCAAAAAACAA","GGCTGGACGCAGTGGCTCATGCCTGTAATCCCAGCACTTTGGGAGGCCAAGGTGGGTGGATCACTTGAGGTCAGGAGTTCGAGACCAGCCTGGCCAACATGGTGAAACCCTGTCTCTACTAAAAATACAAAAATGAGCTGGGCATGCTGGTACACATCTGTAATCCCAGCTACTTGGGAGGCTGAGGCAAGAGAATCGCTTGAACCCAGGAGGCAGAGGTTGCAGTGAGCCGAGATTGCACCACTGCACTCCAGCCTGGGCAACAGAGCAAGACTCTGTCTCAAAAAAAAAAAAAAAAAGAAAA"
"chr1","10961662","10961966","chr7","45569289","45569574","60","34607627","GGCCAGGCGCGGCAGCTCACGCCTGTAATCCTAGCATTTTGGGAGGCCAAGGCAGGTGGATCGGTTGAGGTCAGGAGTTCGAGACTAGCCTGGCCAACATGGTGAAACCCCATCTCTACTAAAAACGCAAAAAATATTTTAAAAATCAACTGGCTTTAATTAAACTGGTGGTGGCGCATGCCTGTGATCCCATGAGAATCGCTTGAACCCAGGAGGCAGAGGTTACAGTGAGCCGAGATCACACCGCTGTACGCCAGCCTAGGCAACAGAGCGAGACTCTGTCTCAAAATAAATAAATGAACAAA","GGCCAGGCACGGTGGCTCATGCCTGTAATTCTAGCATTTTGGGAGGCCGAGGCTGGCGGATCAGTTGAGGTCAGGAGTTTGAGACCAGCCTGGCTAAAAGGGTGAAACCCCATATCTTCTAAAAATACAAAAAAAATTAGCTGGCTGTGGTGGTGCATGCCTGTGATTCCATGAGAATCGCTTGAACCCAGGAGGCAGAGGTTGAAGTGAGCTCAGATCATGCCACTGCACACCAGCCTGGGCAAAAAGAGCGAGACTCCGTCTCTAAATAAATAAATAAATAAAT"
"chr1","10962164","10962465","chr4","32607236","32607530","40","21645072","GACCGGGCGTGGTGGCTCACACCTGTAATCCCAGCACTTTGGGAGGCCGAGGCAGGCGGATCACTTGAGGTCAGGAGTTCTAGACCAGCCTGGCCAACATGAGGAAACCCCGTCTCTACCAAAAATATAAAAAATTAGCCGAGTATGGTAATGCATGCCTGTAATCCCAGCTACTCGTGAGGCTGAGGCAGGAGAATCACTTGAACCCAGGAGGCGAAAGTTGCAGTGAGCTGAGATCACGCCACTGCACTCCAGCCTGGGTGACAGAACGAGACTGCATCTCAAAAAAATAAATAAATAAA","GCCGGGCACGGTGGCTCACATCTGGAATCTCAGCACCTTGGGAGGCCGAGGTGGGCAGATCACTTGAGGTCAGGAGTTCGAGACCAGCCTGGCCAACATGGTGAAACCCCGTCTCTACCAAAAATATTAAGAATTAGCTGGGTGTGGTGGTGCATGCCTGTAATCCCAGTTACTCGGGAGGCTGAGGCAGTTGAATAGCTTAAACCGAGGAGGCGAAAGTTGCAGTGAGCTGAGATTGTGCCACTGCACTCCAGCCTGGGTGACAGAATGAGACTCCGTCTCAAAAAAAAAAAAA"
"chr1","10963107","10963418","chr6","17068239","17068542","37","6105132","GGCCGGGTGCAGTGGCTCCCACCTGTAATCCCAGCACTTTGGGAGGCTGGGGCAGGTGGATCATTTGAGGTCAGGAGTTCAAGACCAGCCTGGCCAACATGGTGAAACTCCATCTCTACTAAAAATACAAAAATTAGCAGGGCATGGTGGCACACACCTCTAATCCTAGCTACTTGGGAGGCTGAGGCAGGAGAATCGCTTGAACCCAGGAGGCAGATGTTGCAGAGAGCCGAGATTGCACCACTGCACTCCAGCCTGGGCAACAGAGCAAGACTCCATCTCAAAAAAACAAACAAACAAACAAACAAAAAA","GGCTGGACGCAGTGGCTCATGCCTGTAATCCCAGCACTTTGGGAGGCCAAGGTGGGTGGATCACTTGAGGTCAGGAGTTCGAGACCAGCCTGGCCAACATGGTGAAACCCTGTCTCTACTAAAAATACAAAAATGAGCTGGGCATGCTGGTACACATCTGTAATCCCAGCTACTTGGGAGGCTGAGGCAAGAGAATCGCTTGAACCCAGGAGGCAGAGGTTGCAGTGAGCCGAGATTGCACCACTGCACTCCAGCCTGGGCAACAGAGCAAGACTCTGTCTCAAAAAAAAAAAAAAAAAGAAAA"
"chr1","10965580","10965846","chrX","43824727","43824993","57","32859147","CTGGGTGTAGTGGTGCATGCCTGTAGTCCCAGCTACTCTGGGGGCCGAGGTGGGTGGATCACTTGAGGTCAGAAGCTCAAGACCAGCCTGGCCAACAAGGTGAAACCCCGCCTTTACCAAGTAGTCTCAGCTACTTCAGAGGCTGAGGCAGGGGAATCGCTTGAACCTGGGAGGCGGAAGTTGCAGTGAGCCGAGATTGCGTCACTGCACTCCAGCCTGGGTGCCAGAGCGAGCCTCCGTCAAAAAAAAAAAAAAAAGGAAAAAGAA","GGCCAGGTTGGTGGCTCATGCCTATAATCCCAGCACTCTGGGAGGCTAAGGTGGGTGGATCACTTAAGGTCAGCAGTTCAATACCAGCCTGATCAACATGGTGAAACCCCATCTCTACTAAAAAAACACACGCTACTTGGGAAGCTGAGGCAGGAGAATAGTTGAACCTGGGAAACGGGGGTTGCAGTGAGCCAAGATTGCGCCACTGCACTCCAGCCTAAGCAACAGAACAAGGCTCTGTCTCAAAAAAAAAAAAAAAAAAAAAAA"
"chr1","10970346","10970637","chr10","74928334","74928624","37","63957988","GGCTGGGCACGGTGGCTCATGCCTGTAATCCCAACACTTTGGGAGACCGAGGCGGGTGGATCACTTGAGGCCAGGAGTTCGAGACCAGCCTGGCCAACACGGTGAAACTCCGTCTCTACTAAAAAATACAAAAATTAGCCAGGCGTGGTGGCGCATGCCTGTAATCGCAGCTACTCAGGAGGCTGAGGCAGGAGAATCGCTTGAACCTGGGAGACAGAGGTTGCAGTGAGCCGAGATCACACCACTGCACTCCAGCCTGGGTGGCAGCGAAACTCTGACTCAAAAAAAAAGA","GGCCAGGCACGGTGGCTCATGCTTGTAATCCCAGCACTTTGGGAGGCCAAGGTGGGTAGATCACTTGAGGTCAGGGGTTCGAGACCAGCCTGGCCAACATGGTAAAACTCCATCTCTACTAAAAATACAAAAATTAGCTAGGCATGATGGCAAATGCCTGTAATCCCAGCTACTCAGGAGGCTGAGGCAGGAGAACCACTTGAACCTGGGAGGCAGAGCTTGCAATGAGCTGAAATCATACCATTGCATTCCAGCCTGGGTGACAGAGCAAGACTCTGCCTCAAAAAAAAA"
"chr1","10984808","10985103","chr4","162045743","162046038","44","151060935","CACGGTGGCTCACGCCTGTAATCCCAGCACATTGGGAGGCTGAGGTGGGCAGATCACTTGAGGTCAGGAGTTTGAGGCCAGCCTGGCCAACATGGTGAAACCCCATCTCTACTAAAAATACAAAAATTAGCCAGGCATCATGGCGCATATCACTCATTCTAGCTACTCGGGAGGTTGAGGCACGAGAATCACTTGAACCCAGGAGGCAGAGGTTGCAGTGAGCTGAGATCACACCACTGCACTCCAGCCCGGGCGACAGAGCAAGACCCTATCTCAAAAAACAAACAAACAAGAGA","CACAGTGGCTCACACTTGTAATCCCAGCCCTTTGGGAAGTCGAGGTGGACGCATCACTTGAGGTCAGGAGTGCAAGGCCTGCCTGGCCAACAGGGTGAAACCCCATCTCTACTAAAAATACAAAAATTAGCTGGGCATGATGGACACGCTTGTAATTCCAGCTACTCGGGAGGCTGAGGCAGAAGAATCACTTGAACCCAGGAGGCAGAGGTTGCATTGACCTGAGATCACACCACTGCACTCCAGCCTGGGTGACAGAGCAAGACTTAGTCTCAAAAAAAAAAAAAAAAAGAAAA"
"chr1","10991095","10991408","chr2","162172264","162172572","39","151181169","GGCCGGACCTGGTGGCTCATGCCTGTAATCCCAGCACTTTGAGAGGCCAAGGCAGGTGGATCACTTGAGGTCAGGAGTTCAAGACCAGCCTGGCCAACATGGTGAAACCCCATCTGTACTAGAAATACAAAAACTAGCTGGGTGTGATGACACGTGCTGTAATCCTAGCTACTCGGGAGGCTGAGGCAGGAGAATCGCTTGAACCCAGGAGGCAGAGGTTGCAGTGAGCAGCAGAGATCACACCACTGCACTCCAGCCTGGGCAACAGAATGAGACTCCATCTCAAAAAAAAAAAAAAAACAAAAAAAAACAAA","GGCCAGTCATGGTGGCTCACACCTGTAATCTCAACACTTTGGGAGGCCGAGGAGGTGGGTCACTTGAGGTCAGGAGTTCAAGACCAGCCTGGCCAACATGGTGAAACTTCATCTGTACTAAAAATACAAAAATCAGCCGGGTGTGGTGGTGCATGCCTGTAATCCCAGCTACTCGGGAGGCTGAGGCAGGAGAATCGCTTGAACCCAGGAGGCAGAAGTTGCAGTGAGCCGAGGATGCGCCACTACACTCCAGCCTGGGCATCAGAGTGAGACTCCATCTCAAAAAAAAAAAAAAAAAGGAAAAGAAAA"
"chr1","10992218","10992497","chr5","41236817","41237096","44","30244599","GCCAGGCATAATGGCTCATGCCTGTAATCCCAGCACTTTAAGGGAGGCAGAGGTGGGTGGATCACTTGAGGTCAGGAGTTTGAGACCAGCCTGGACAACATGGCGAAACCCCATCTCTACTAAAAATACAAAAATTAGCCTGATGTGGTGGAACATGTTTGTAATCTCAGCTACTCAGGAGTCTGAGGCATAAGAATCAGTTGAACCTGGGAGGCTGAGGTTGCAGTGAGCCAAGATTGCACCACTGGACTCCAGCCTGTGCAACAGAGTGAGACTTCGT","GGCTGGGTGTGTTGGCTCACGCCTGTAACCCCAGCACTTTGGGAGGCTGAGGTGGGCAGATCACTTGAGGTCAGGAGTTTGAGACCAGCCTGGCCAACATGGTGAAACCCCGTCTCTACTAAAAATACAAAAAATTAGCCAGGTGTGGTGGTACATGCTTGTAATCCCAGCTACTCAGGAGGCTGAGGCAGGAGAATCACTTGAGCCTGGGAGGCGAAGGTTGCAGTGAGCCAAGATCGAGCCACTGCACTCCAGACTGGGTGATAAGAGTGAAACTCTG"
"chr1","11000288","11000582","chr16","74285601","74285897","40","63285313","GGCTGGGCACAGTGGCTCTCACCTGTAATCTCAGCACCTTGGGAGGCCAAGGTGAGTGGATCACTTGAGGTTAGGAGTTCAAGACCAGCCTGACCAACAGGGTGAAACCCCGTCTCTACTAAAAAAATACAAAATTAGTCAGGTGTGGTGGTGCACACCTGTAATCCCAGCTACTTGGGAGGCTGAGGCAGGAGAATCACTTGAACCTGGGAAGCGGAGGTTGCAATGAGCCAAGATCACGCCACTGCACTCCAGCTTGGGCAACAGAGCAAGACTCTGTCCCCCCCCAAAAAAA","GGCTGGGCACAGTGGCTCTTGCCTGTAATCTCAGCACTTGGCAGGCCAAGGTGGGTGGACTGCTTGAGGTCAGAAGTTCAAGACCAGCCTGACCAACATGATGAAACCCTGTCTCTACTAAAAATACAAAAAAAATTAGCTGGGTGTGGAGGTGCACACCTGTAATCCCAGCTACTTGGGAGGCTGAGGTAGGAGAATTGCTTGAACCTGGGAGTCAGAGGTTGCAGTGAGCCATGATCACACCATTGCACTCCAGCCTGGGCAACAAGAGCAAGACTCAGTCTCAAAAAAAAAAAA"
"chr1","11009440","11009733","chr11","43485145","43485437","34","32475705","GGCCAGGCACAGTGGCTCATGCCTGTAATCCCAGTACTTTGGGAGGCTGAGGCGGGAGGATTGCTTGAGGTCAGGAGTTGGAGACTAGCCTGGCCAACATGGTGAAACCTCGTCTCTACGAAAAATACAAAAATTAGCCAGGTGGGGTGGTACACGCCTGCAGTCCTAGCTACTTGGGAGGCTGAGGCAGGAAAATAGCTTGAACCCGGGAGGCAGAGGTTGCAGTGAGCTAAGATTGTGCCACTGCACTCCAGCCTGGGCGACAGAGCAAGACTCTGTCTTGAAAAAAAAAAA","GGCCAGGCACAGTGGCTCATGCCTGTAATCCCAGCACTTTGGGAGGCTGAGGCAGGTGAATCACTTGAGGTCAGAAGTTTGAGACCAGCCTGGCCAACATGGTGAAACCTCGACTCTACTAAAAATACAAAAAATTAGCCAGGCATGGTGGTGCACACCTGTAATCCCAGCTACTGGGGAGGCTGAAGCAGGAGAATCGCTTGAACCCGGGACGCGGAGGTTGCAGTGAGCCAAGATTGTGCTACTGCAATCCAGCCTGGGTGACAGAGCAAGACTCCGTTTCAAAAAAAAAA"
"chr1","11032627","11032931","chr3","108570361","108570666","39","97537734","GGCTGGTCACGGTGGCTCACGCCTGTAATCCCAACACTTTGGGAGGCCAAGGCAGGTGGATCACTTGAAGTCAGGAGTTCAAGACCAGCCTGGCCAACATGGTGAAACCTCGTCTCTACTAAAAATAGAAAAATTAGCTGGGCTTGGTGGGAAGTGCTTGTAATCCCAGCTATTTGGGAGGCTGAGGCAGGATAATTACTTGAACCCGGGAGAAGGAGGTTGCAGTGAGCCGAGATGGCGCCACTCCACTCCAGCCTGGGTGACAGAACAAGACTCCGTCTCAAAAAATAAATAAATATTAAAAA","GGCCGGGTGCAGTGGCTCACGCCTGTAATCCCAACACTTTGGGAGGCTGAGGCAGGTGGATCACTTGAGGTCAGGAGTTCAAGACCAGCCTGGCCAACATGGTGAAACTGTCTCTACTAAAAACAGAAAAATTAGCTGGGCATGGTGGTGCATGCCTGTAATCCCAGCTATTTGGGAGGCTGAGGCAGGAGAATTACTTCAACCCGGGAGGTGGAGGTTGCAGTGAGCTGAGATTGTGCCACTGCTCTCTAGCCTGGGTGAAAGAGCGAGACTCCATCTCAAAAAAAGAAAAGAAAAGAAAAGAAA"
"chr1","11033683","11033926","chr7","54130077","54130316","40","43096394","CACTTTGGAAGCCTGAGGCGGGCAGATCACTTGACGTCAGGAGTTTGAGACCAGCCTGGCCAACATGGTGAAACCTCGTCTTTACCAAAAAAATACAAAAATTAGCCGTGCGTGGTGGCATGTGCCTGTAATCCTAGCTACTCAGGAGGCTGAGGCATGAGAATCTCTTGAACCCGGGAGGCAGAGGTTGCAGTGAGCCGAGATTGTCACCGCACTCCAGCCTGGGTGACAGAGTGAGACTCCG","CACTTTGGGAGGCCAAGGTGGGTGGATCACTTGAGGACAGGAGTTCGAGACCAGCCTGGCCAATTTGGTGAAACCTCATCTCTACTAAAAATACAAAAATTAGCCAGGTGGGTGGGGCGTGCCTGTAATCCCAGCTACTTGGGAGGCTGAGGCAGGAGAATTGCTTGAACCAGGGAGGCAGAGGTTGCAGTGAGCCAAGATTGTGCCACTGCACTCCAGCCTGGGTGACAGAACAAGACT"
"chr1","11035243","11035528","chr19","6867541","6867823","44","4167702","GCCAGGTGCGGTGGCTCATGCCTGTAATCCCGACACTCCTGGAGACCAAGGCGGGTGGATCACTTGAGGTGAGGAGTTCAAGACCAGCCTGGCCAGCATGGTGAAACCCTGTCTCTACTAAAAAAATACAAAAAATTAGCCTGGCATGGTGGCGTGCACCTGTAATCCCAGCTCCTCAGGAGGTTGAGGCAGGAGAATTGCTTGAACCTGTGAGGCGGGGGTTGCAGTGAGCCGATATTGCAACACTGCACTCCAGCCTAGGTGATAGAGTGAGACCCTGTCTCAA","GGCCAGGCGTGGTGGCTCATGCCTGTAATCCAGCACGTTGGGAGACCAAGGCAGGTGGATCACTTGAGGTCAGGAGTTCAAGACCAGCCTGGCCAACATGGTGAAACCCTGTCTCTACTAAAAATACAAAAATTAGCAGGGCATGGTGGTACATGCCTGTAATCCCAGCTACTTGGAAGGCTGAGGCAGGAGAATTGCTTGAACCTGGGAGGTGGAGGTTGCAGCGAGCTGAGATCCTGTCATTGCACTCCAGCCTGGGTGACAGAGTGAGACTCCATCTCAA"
"chr1","11046012","11046312","chr22","33925235","33925530","43","22879223","GGCCGGGCGCAGCAGCTCACGCCTGTAATTCCAGCACTTTGGGAGGCCGAGGCTGGCTGATCATTTGAGGTCAGGAGTTCAAGGCCAGCCAGGGCAACACGGTGAAACTCTATCTCCACTAAAACTACAAAAATTAGCTGGGCGTGGTGGTGCGCACCTGGAATCCCAGCTACTAGGGAGGCTGAGGCAGGAGAATTGCTTGAACCTGCGAGGTGGAGGCTGCAGTGAACAGAGATTGCACCACTACACTCCAGCCTGGGCGACAGAGCTAGACTCCGTCTCAAAAAACAAAAAACAAAAA","GGCCAGGCGTGGCGGCTCACGCCTGTAATCCCAGCACTTTGGGAGGCCGAGCAGGCGGATCACTTGAGGTCAGGAGTTTGAGACAGGTCTGGCCAACATGGTGAAACCCTGTTTCTACTAAAAATACAAAAATGAGCTGGGCGTAGTGGGCGCCTGTAATCCCAGCGACTGGGGAGGCTGAGGCAGGAGAATTGCTTGAACCTGGAGGTGGAGGTTGCAGTGAGCTGAGATCACACCACTGCACTCCAGCCTGGGCAACAGAGCAAGACTCCATCTCAAAAAAAAAAAAAAAAAAA"
"chr1","11050754","11050831","chr11","86990800","86990875","12","75940046","GGCCCAGCCTTAATCCCAGCACTTTGGGAGCCCGAGGCGGGTGGATCACTTGAGGTCAGGGGTTTGAGACCAGCATGG","TCATGCCTGTAATCCCAGCACATTGGGAGGCCGAGGCGGGTGGATCACTTGAGGTCAGAAGTTTGAGACCAGCCTG"
"chr1","11055121","11055408","chr16","69273754","69274049","53","58218633","GGCCAGGTGCGGTGTCTCATGCCTGTAATTCCAGCATTTTGGGAGACCAAGGTGGGCGGATCACTTGAGGTCAGGAGTACAAGACCAGCCTGACCAACATGGAGAAACCCCATCACTACTCAAAATACAAAAAAAAAAAAAATTAGCCGGGCGTGGTGGCGCGTACCTGAGGCTGAGGCAGGAGAATCACTTGAACCTGGGAGACAGAGGTTGCAGTGAGCTGAGATGACGCCACTGCACTCCAGCGTGGCAACAGTGAGACTCCGTCTCAAAAAAAAAAAAAAAAAA","CTGGGCACGGTGGCTCATGCCTGTAATTCCAGCACTTGGGGAGGCCAAGGCAGGCAGATCACTTGAGGTCAGGAGTTTGAGACCAGCCTGGCCAACATGGTGAAACCCCGTCTCTACTAAAAATACAAAAAAAAATAGCCAAATGTGCATGCCTGTAAGCCCAGCTACCCCGGAGGCTGAGGCAGGAGAATCACTTGAACCCAGGAGGCAGAGGTTGCAGTGAGCTGAGATTGCGCCACTGCACTCCAGCCTGGGCAACAGGGTGAGACTCCTTCTCAAAAATAAATAAAAAATAA"
"chr1","11074414","11074716","chr5","84826899","84827194","37","73752485","GGCCGGGTGCGTGCGGTGGCTCACACCTGTAATCCCAGCACTTTGGGAAGCCAAGGCGGGTGGACCACTTGAGGTCAGGAGTTCAAGACCAGCCTGGCCAATATGGTGAAACCTGGTCTCTGCTAAAAATACAAAAATTAGCTGGGCATGGTGGCACGTGCCTGTAATCCCAGCTACTCAGGAGGCTGAGGCAGGAGAATCGCTTGAACACAGGAGGTGGAGGTTGCAGTGAGCAGAGATCACACCACTGTACTCCAGCCTGGGCAAAAGAGCGAGACTCTGTCTCCAGAAAAAAAAAAAAAA","GGTCGGGTGCCATGGCTCACACCTGTAATCCCAGCACTTTGGAAGGCCGAGGTGGGTGGATCACTTGAGATCAGGAGTTCAAGACCAGCCTGGCCAACATGGTGAAACCCTGTCTCTACTAAAAATACAAAAATTAGCCGGGCATGGTGGCACATGCCTATAATCCCAGCTACTCGGGAGGCTGAGGCAGGAGAATCGGTTGAACTGAGGAGGTGGAGGTTGCAGTGAGCTGAGATCATGCCATTGCACTCCAGCCTGGGCAATAAAGTGAGTCTCCATCTCAAAAAAAAAAAAAA"
"chr1","11079397","11079693","chr1","157959927","157960225","35","146880530","GGCTGGGCACAGTGGCTCACGCCTATAATCTCAGCACTTTGGGAGGCTGAGGTGGCTGGATCATTTCAGGTCAGGAGTTCGAGACCAGCCTGGCCAACATGGTGAAACCCCGTCTCTACTAAAAATACAAAAAATTAGCCAGGCGTGTGGTGCACGCCTGTAATCCCAGCTACTCCGGAGGCTGAGGCAGGAGAATTGCTTGAATCCGGGAGGCGGAGGTTGCAGTGAGCCGAGATCGCGCCACTGCACTCTAGCCTGGGAGGCAGAGCGAGACTCCGTCTCAAAAAAAAAAAAAAA","GGCCGGGCACAGTGGCTCACGCCTGTAATCCCAGCACTTTGGGAGGCTGAGGTAGGCGGATCACTTCAGGTCAGGAGTTCGAGACCAGCCTGGCCAACATGGTGAAACCAGTCTTTACTAAAAATACAAAAATTAGCCAGGCGTGGTGGTGCGCGCCTGTAATCGCAGCTGCTTGGTAGGCTGAGGCAGGAGAATCACTTGAACCCGGGAGGCGGAGGCTGCAGTGAGCCGAGACGGTGCCACTGCTCTGCAGCCTGGGCGACAGAGCAAGACCCTGTCTCAAAAAAAAAAAAAAAAAA"
"chr1","11091665","11091985","chrX","11218716","11219017","63","127051","GGGCACGGTGGCTCACGCCTATAATCCCAGCATTTTGGGAGGCTCAGGTGGGCGGATCACTTGAGGTCAGGAGTTCGAGACCAGCCTGGCCAACCGGGTGAAACCCCATCTCTACTAAAAATAAAAAATTAGCCAGGTATGGTGGTGCACACCTGTAATCCCAGCTACTCGGGAGGCTGAGGCAGGAGAATCGCTTGAACCCTGGAGGCAGAGGTTGCAGTGAGCCCAATTCAGAACTGTAAAGAGTTGCAGTGAGGCAAGATTGCGCCACTGCACTCCAGCCTGGGTGACAGAGTGATACTCCATGTTAAATAAATAAAA","GGGCACAGTGGCTCATACCTGTAATCTCAACACTTTGGGAGGCCGAGGTGGGCAGATCACTTGAGGCCAAGAGTTCGAGTCCAGCCTGGCCAACATGGCGAAACTCCATTTATACTAAAAATACAAGAATTAGCTGGGTGTGGTGGTGCAAACCTGTAATTCCAGCTACTCAGGAGGCTAAGGCAGGAGAATCACTTGAACCCAAGAGGCAGAGGTTGCAGTGAGCAATAAGCCAAGATTGCACCATTGCCACTGTACTCCAGCCTGGGCAACAGAGTGAGACTCCCTCTCAAAAAAAAGAA"
"chr1","11092516","11092818","chrX","16692831","16693132","42","5600315","GGCCGGGCACAGTAGCTCATGCCTGTAATCCTAGCATTTTGGGAGGCCAAGGCAGGTGGATCACTTGAGGTCAAGAGTTCAAGACCAGCTTGGTCAACATAGTGAAACCCCATCTCTACTAAAAAATACAAAAATTAGCTGGGCGTGGTGGCGTGCACCTGTAGTCCCAGATACTCGGGAGGCTGAGGCATGAGAATTGCTTGAACCCAGGAGGCGAAGACTGCAGCAAGCTGAGATTGGACCACTGCACTCCAGCCTGGGCAACAGAGTGAGACTCCCTCTCAAAAAAAAAAAAAAGAAAAA","GGCCGGGCATGTTGGCTCATGCCTGTAATCCCAGCACTTGGGAGGCCAAGGCAGGTGAATTCCTTGAGGTCAGGAGTTTGAGACCAGCCTGGCCAACATGGTGAAACCCCATCTCTACTAAAAATATAAAAATTAGCTGGGCGTGGTGGTGTGCACCTGCAGTCCCAGCTACTTGGGAGGCTGAGGCACAAGAATTGCTTGAACCTGGGAGGCAGCCGTTGCAATCAGCTGAGATCGTGCCACTGCACTCCAGCCTGGGCAACAGAGAGAGACTCTGTCTCAAAAAAAAAAAAAAAAAAAAA"
"chr1","11096244","11096449","chr21","49804306","49804510","29","38708062","GGCTGGGCTCATGGCTCACACCTGTAATCCCAGAACTTTGGGAGGCCGAGGCAGGTGGATCACTTCAGGTCAAGAGTTCGAGACCAGCCTGGCCAACGTGGTGAAACGTCATCTTTACTAAAAATACAAAAATTAGCCAGACCTGGTGGCGTGTGCCCATAATCCCAGCTACTCAGGAGGCTGAGGCATGAGAATCGCTTGAATCC","GGCTGGGTGCAGTGGCTCACACCTGTAATCCTAGAACTTTGGGAGGCCAAGGCAAGTCGATCACTTGAGGCAAGGAGTTCGAGACCAGCCTCGCAAACACCGTGAAATCCCATCTCTACTAAAAATACAAAAATTAGCCAGGGATGGTGGTGTGTGCCTGTAATCCCAGCTACTCGGGAGGCTGAGGCATGAGAATCACTTGAAC"
"chr1","11101164","11101446","chr7","45701626","45701901","44","34600462","GCCAGGCGCTGGTGGCGCACACCTGTAATCCCAGCACTTCGGGAGGCCAAAGCAGGTGGATCACTTGAGGTCAGGAGTTCAAGACCAGCCTGGCCAACATGGTGAAACCCCATCTCTACTAAAAATACAAAAAAAAAAAAAAAATTAGCCGGGCATTGTGGCACACGCCTGTAATCCCAGCTACTTGAACCTAGGAAGCGGAGGTTGCAGTGAGCTGAGATTGCACCACTGCACTCCAGCCTGGGCAGCAGAGTGAGACTCTGTCTCAAAAAAAAAAAATAAA","GGTCGGGCACTGGTGGATCACGCCTGTAATCCCAGCACTTTGGAAGGCCAAGGCAGACAGATCACTTGAGGTCAGGAATTTGAGACTAGCTTGGGCAACATAGTGAAACCCCATTTCTACTAAAAATACAAAAAAAAAAAAAAAAATTAGGCATCATGGCACACACCTGTAATCCCAGCTACGTGAACCCAGGAAGTGGAGGTTGTGGTGAGCTGAGATTGCACCGCTGCATTACAGTCTGGGCAGCAGAGTGAGACTCTGTCTCAAAAAATAAAA"
"chr1","11111197","11111509","chr18","39712282","39712591","41","28601085","GGCAAGGTGGGGTGGCTCATGCCTGTAATCCCAGCACTTTGGGAGGCCGAGGCGGGCAGATCACTTGAGGTCAGGAGTTCGAAACCAGCCTGGCCAACGTGGTGAAACCCTATCTCTACTAAAAATTCAAAAAAATTAGCTGAGCATGGTGGCATGCGTCTGTAATCCCAGCTACTTGGGAGACTGAGGCAGGAGAATTGCTTGAACTCGGGAGGCAGAGGTTGCAGCGAGCCGAGACTGCGCCACCATACTCCAGCCTGGGTGACAAAGCGAGACTCTGTCTCAAGAAAAAAAAAAAAAAAAGAAAGAAAAA","GGCTCAGTGTGGTGGCTCACACCTGTAATCCCAGCACTTTGGGAGGCTGAGGTGGGCAGACCATTTGAGATCAGGAGTTCAAGATCAGCCTGGCCAACATGGTGAAACCCCATCTCTACTAAAAATACAAAAAATTAGCTGGGCATGGTGGCATGTGCCTGTAATCCCAGCTACTTGGGAGGCTGAGGCAGGAGAATCGCTTGAGCCCAGGAGGCAGAGGTTGCAGTGAGCAGAGATCGTGCCACTGCACTCCAGCCTGGGTGACAGAGTGAAACTCTGTTTCAAAAAAAAAAAAAAAAAAAGAAAGAAA"
"chr1","11119149","11119284","chr5","154199517","154199649","17","143080368","GGCCAGGCACCGTGGCTCATGCCTGTAATCCCAGCACTTTGGGAGGCTGAGAAGGGCGGATAACTCGAGGCTAGGAGTTTGAGACCAGCCTGGCCAACACAGTGAAACCCTGTCTCTACTAAAAATACAAAAGAGT","GGCTGGGCATGGTGGCTCATGTCTGTAATCCCAGCACTTTGGGAGGCCGAGGAGGGTGGATCCCTTGAGGTTAGGAGTTTGAGACCAGCCTGGCCAACATGGTGAAACCCTGTCTCTACTAAAAATACAAAAA"
"chr1","11119600","11119767","chr1","167234017","167234184","36","156114417","GCCGGGCATGGTGGCACGCGCCTGTAATTCCAGGTACTCTGGAGGCTGAGGCAGGAGAATCACTTCAACCTGGGAGACGGAGTATGTAGTGAGCCGAGATCGTGCTGCTGCACTCCAGCCTGGGTAACAGAGTAAGACCTTGTCTCAAAAAAAAAAAACAAAACAAAA","GCTGGGCGTGGTGGCTCACTCCTGTAATCCCAGCACTTTGGGAGGCTGAGGCAGGAGAATTGCTTGAACCTGGGAGGCAGAGGCTGCAGTGAGCTCAGATCCTGCCACTGAACTCCAGCCTGGTGACAGAGCTAGACTCTGTCTCAAAAACAACAACAACAGCAAAAA"
"chr1","11120257","11120517","chr12","4286115","4286374","34","6834142","GGCTAGGTGTGGTGGCTCATACCTGTAATCCCAGCACTTTGGGAGGCCAAGGTGGGTGGATCACTTGAGGTCAGGAGTTTGAGACTAGCCTGGACAACATGGTGAAACCCTGTCTCTACTAAGAATACAAAAATTAACCCACATGGTGGTACGTGCCTGTAATCCCAGCTACTGGGGAGGCTGAGGCAGGAGAATCGCTTGAACCCAGGGGGCAGAGGTTGCAGTGAGCCGAGATCTTGCCACTGCACTCCAGCCTGGGCG","GCCGGGAGCAGTGGCTCACACCTGTAATCCCAGCACTTTGGGAGACCGAGGTGGGTGGATCACTTGAGGTCAGGAGTTTGAGACCAGCCTGGCCAACATGGTGAAACCCCGTCTCTACCAAAAATACAAAAATTAGCCAGGCATGGTGGTCTGCACCTGTAATCCTAGCTACTAGGGAGGCTGAGGCATGAGAATTGCTTGAACCCAGGAGGCAGAGATTGCAGTGAGCTGAGATCACGCTACTGCACTCCAGCCAGGGC"
"chr1","11136845","11137140","chr20","27822433","27822727","37","16685588","GCCAGGTGTGGTGGCTCACGCCTATGATCCCAGCACTTTGGGAGGCTGAGGCAGGCGAATCACTTGAGGTCAGGAGTTTGAGACCAGCCTGGACAACATGGTGAAGCACCGTCTCTACTAAAAATGCAAAAATTAGCCGGGTGTGGTGATGCATACCTGTACTCCCAGCTACTCAGGAAGTTGAGGCGGGAGAATCGCTTGAACCTGGGAGGCAGAGGTTGCAGTGAGCCAAGATCACGCCACTGCACTCCATCCTGGGTGACAAGAGCGAAACTCTGTTTCAAAAAAAAAAAAAA","GGCTGGGTGCGGAGGCTCACGCCTATAATCCCAGCACTTTGGGAGGCTGAGGAGGGTGGATCACTTGAGGTCAGGAGTTTGAGACCAGCCTGACCAACATGGTGAAACCCCATCTCTACTAAAAATATAAAAATTAGCCGGGCGTGGTGGCACACACCTGTAATCCCAGCAACTCAGGAGGATGAGGCAGGAGAATCGCTTGAACCCAGGAGGCAGAGGTTGCAGTGAGCCAAGATCGTGACACTGCACTCCAGCCTGGGTGACAGAGTGAAACTCTGTCTCAAAAAAAAAAAAA"
"chr1","11139992","11140123","chr6","118257223","118257355","19","107117231","GGCCAGGCATGGTGGCTCGTGCCTGTAATCCCAGAACTTTGGGAGCCGAAGCAGGCAGATCAGTTAAGGTCAGGAGTTCGAGAGCAGCCTTGCCATCATGGTGAAACACCATCTCTATTAAAAATACAAGAA","GGCCAGGCACAGTGGCTCATGCCTGTAATCCCAGCACTTTGGGAAGCCAAAACAGGTGGATCACTTCAGGTCAGGAGTTCGAGAGCAGCCTCCTTCAACATGGTGAAACCCCATCTCTACTAAAAATACAAAA"
"chr1","11141397","11141668","chr7","45742561","45742823","37","34601164","GGCCAGGCACAGTGGCTCATGCCTGTAATCCCAGCCCTTTAGGAGGCCGAGGTGGGTGGATTGCTTGAGGTCAGGAGTTCAAGACCAGGCTGGCCAACATAGCAAAACCCCGTATCTACTAAAAATACAAAAATTAGCCAGGCATGGTGGCACACACCTGTAGTTCCAGCTACTCAGGAGGCTGAGGCAGAAGAATCGCTTGAACCTTGGAGGCAGAGGTTGCAGTGAGCCGAGACCGAGCCACTGCACTCCAGCCTGGGAGACAAGAACGA","CAGTGGCTCATGCCTGTAATCCCAGGACTTTGTGAGGCCAAGGCAGGTGGATTGCTTGAGGTCAGGAATTCAAGACCAGGCTGGCCAACATGGCAAAACTCCATCTCTACTAAAAATAGAAAAATTAGCCAGGCGTCGTGGCACACACCTGTAGTTCCAGCTACTCAGGAGGCTGAGGCAGGAGAATCCCTTGAACCTGGGAGGCAGAGGTTGCAGTGTGCCAAGATTGTGCCACTGCCCTCCAGCCTGAGCGACAAGAGCAA"
"chr1","11142297","11142596","chr16","54091968","54092259","40","42949671","GGCCAGGCATGGTGGCTCACACCTGTAATCCCAGCACTTTGGGAGGCTGAGGCAGGTGGATTGCTTGAGGTCAGGAGTTTGAGACTTAGCCTGGCCAACATAGAGAAACCCCCTCTCTGCTAAAAGAAAAAAATACAAAAATTAGCCAGGCGTGGTGGCGCACACCTGTAATCCCAGCTCCTTGGGAGGCTGAGGCAGGAGAATCGCTTGGACCTGGGAGGCAGAGGTTGCAGTGAGCCAAGATTGCGCCACTGCACTCCAGCCTGAGGGACAGAATGATACTCCATCTCCAAAAAAAAA","GGCCAGGCATGGTGGCTCACACCTGTAATCCCAGCACTTTGGGAAGCCAAGGCAAGTAGATCACTTGAGGTCAGGAGTCCGAGACTAGCCTGGCCAACATGGTGAAACCCCGTCTCTATTAAAAATACAAAAATTAGCCAGGTGTGGTGGTGCGCACCTGTAGTCTCAGCTACTCAGGAGGCTGAGGCAGGAGAATCACTTGAACCTGGGAGGCAGAGGTTGCAGTGAGCCAAGATTGTGCCACTACACTCTAGCCTGGGTGACAGCATGAGACTCCATCTCAAAAAAAAAA"
"chr1","11145668","11145803","chr1","172218988","172219121","15","161073320","GGCTGGGCACAGTGGCTCACACCTGTAATCGCAGCACTTTGGGAGGCCGAGGCAGACGGATCACTTGAGACCAGGAGTTCAAGACCAGCCTGCCCAACATGGTGAAACCCTATCTCTACTAAAAATACAAAAATTA","GCTGGGCACGGTGGCTCACGCCTGTAATCCCACACTTTGGGAGGCCGAGGCGGGCGGATCACTTGAGGTCAAGAGTTTGAGACCAGCCTGGCCAACATGGTGAAACCCTGTCTCTACTAAAAATACAAAAATCA"
"chr1","11153787","11154098","chr12","28553718","28554019","49","17399931","GGCCGGATGCAGTGGCTCACACCCGTAATCCTAGACCTTTGAGAGGCTGAGGCAGGTGGATTTCTTGAGGTTGGGAGTTCAAGACCAGCCTGGCCAACATGGCGAAACCCCATCTCCATTAAAAATACAAAAATCAGCCGGGAGTGGTGGTGCATGCCTGTAATCCCAGCTACTCAGGAGGCTGGGGCAGGAAAATCACTTGACCCTGGGAGGTGAAGGTTGCAGTGAGCCGAAATCACAGCACTGCACTCCAGCCTGGGTGACAGAGTGAGACTCTGTCTCAAAAAAAAAAAAAAAAAAAAAAAAAAAAAA","CCAGGTGCAGTGGCTAACGCCTGTAATCCTAGCACTTTGGGAGGCTGAGGTAGGTGGATCATTTAAGGTCAGGAGTTCAAGACCATCCTGGCCAACATGGTGAAACCTCATCTCTACTAAGAATACAAAAATTAGCTGGGCGTGGTGGTGCATGCCTGTAGTCCCAGCTAGTCAGGAGGCTGAGGCAGGAGAATCACTTGAACCTGGGAGGTGGAGGTTGCAGTGAGCCGAGATTGTGCCACTGCACTCCAGCCTGGTGACAGAGCGAGACTCTGTCTCAAAAAAAAAAAAAAAAATTAAAA"
"chr1","11155981","11156289","chr9","11967801","11968108","41","811820","GGCCGGGCACAGTGGCTCACACCTGTAATCCCAACCCTTTGGGAGGCCAAGGCAGGCAGATCATTTGAAGTCAGGAGTTTGAGACCAGCCTGGCCAACATGGCGAAACCTCGTCTCCACTAAAAATAAACAATTAGTTGGACGTGGTGTTGCAGGCCTATGATCCCAGCTACTCGGGAGGCTGAGGCAGGAGGATCACTTGAACCCGGGAGGCGGAGGTTGCAGTGAGCTGAGATTGCACCACTGCACTCCAGCCTGAGTGACAGAGCGAGACTCTATCTCAAAAAAATAAATAAAAATAAATAAAAAA","GGCTGGGCGAGGTGGCTCACACCTATAATCCCAGCACTTTGGGAGGCCAAGGCAAGCAGATCACTTGAGGTCAGGAGTTTGAGACCAGCCTGGCCAACATGGCAAAACCCTGTCTCTACTAAAAATACAAAAATTAGCTGGGCATGGTGGTGCACACCTGTAATCCCAGCTACTCTGGAGGCTGAGTCAGGAGAATCACTTGAACCCAGGAGGCAGAGGTTGCAGTGAGCTGAGATTGTGCCATCGCACTCCAGCCTGGGTGACAGAGTAAGACTCCGTCTCAAAAAAATAAATAATAAAAATAAAAA"
"chr1","11175747","11176047","chr10","75801881","75802174","39","64626134","GGCTGGGCACAGTGGCTCATGCCTGTAATCCCAGCACTTTGGGAGGCTGAGGCGGTTAGATCATTTGAGGTCAGGAGTTCAAGACCAGCCTGGCCAACATGGTGAAAACACATCTCTACTACTAAAAATAGAAAAATTAGCTGGGCAGTAGTGGCGCGCACCTGTAATCCCAGCTACTGGAGAGACTGAGGCATGAGAATCCTTGAGCCTGGGAGGCAGAGGTTGCGGTGAGCCGAGATTGCGCCACTGCACTCCAGTCTGGGTGACAGAGTGAGACCCTGTCTCAAAAAAAAAAAAAAAA","GGCTGGGTACAGTGGCTCATGCTGGTAATCCCAGCACTTTGGGAGGCTGAGGCAGGCAAATCATTTGAGGTCAGGGGTTCAAGACCATCCTGGCCAACATAGTGAAACCCCTTCTCTACTAAAAATACAAAAATTAGCTGGGCGATAGTGCTACACAGCTGTAATCCCAGCTACTTGGGAGGCTGAGGCAGGAGAATCACTTGAGCCTGGGAGGCAGAGGTTATAGTGAGCCGAGACTGTGCCACTGCACTCCAATCTGGGTGACAGAGTGAGACCCTGTCTCAAAAAAAAAAA"
"chr1","11197553","11197842","chr19","24203448","24203737","40","13005895","GGCCGGGCGGGGTAGTTCACACCTGTAATCCCAGCACTCTGGGAGGCCAAGGTGGGTGGATCACTTGATGTCAGGAGTTCGAGACCAGCCTGGCCAACATGGTGAAACACCCATCTCTACTAAAAATACAAAAATTAGCTGGGTGTGGTGGCGCACATCTGTATTCCCAGCTCCTTGAGAGGCTAAGGCAGGAGAATTGCTTGAACCTGGGAGGTGGAGGTTGCAATGAGCCAAGATTGCGTCACTGTACTCTAGCCTGGATGACAGCGAGATTCTGTCTCAATAAAAAA","GGCCAGGTGCAGTGGCTCACACCTGTATTTTCAGCACTTTGGGAGGCCTAGGTGGGCAAATCACTTGAGGTCAGGAGTTCTAGACCAGCCTGGCCAACATGGTGAAACGCTGACTCTACTAAAAATACAAAAATTAGCTGGGTGTGGTGGTGCACGCCTGTAGTCCCAGCTACTTGGGAGGCTGAGGCAGGAGAATTGCTTGAACCTGGGAGGCAGAGGTTGCAGTGAGCCAAGATTGCGCCACTGCACTCCAGCCTGGCGACAGAGTGAGACTCTGTCTCAAAAAAAAA"
"chr1","11202931","11203242","chr6","119827925","119828231","39","108624994","GGCGGGGCGTGGTGGCTCACGCCTGTAATCCCAGCACTCTGGGAGGCCAAGGCAGGTGGATCATTTGAGGTCAGGAGTTCAAGACCAGCCTGGCCAACATGGTGAAACCCCACGTCTACTAAAATTACAAAAAATAGCCGGGCGTGGTGGCGTGTGCCTGTACTCCCAGCTACTCGGGAGGCTGAGGCAGGAGAATCGCTTGAACCCAGGAGACGGAGGTTGCAGTGAGCCACAATTGCGCCACTGCACTCCAGCCTGGGTGACAGAGCAAGACTCCATCTCAAAAACAAAAACAAAAATGAAAACAAAAAA","GGCTGTGCATGGTGGCTCATGCCTGTAACCCCAGCATTTTGGGAAGTCAAGGCAGGTGGATCACTTGAGGTCAGGAGTTCAATACCAGCCTGGCCAACATGGTGAAACCCCGTCTCTACTAAAAATACAAAAGTTAGCCAGGTGTGGTGGCGCATGCCTGTAGTCCCAGCTACTTGGGAGACTGAGGCAGGAGAATTGCTTGAACCCAGGAGATGGAGGCTGCAGTGAGCCGAGATTGTGCCACTGCACTCCAGCCTGGGTGACAGAGCAAGACTCCATCTCAAAAAGGAAAAACAAATGAAAAAAA"
"chr1","11203404","11203685","chr2","10593959","10594242","46","609445","GTGGCTCATGTCTGTAATCCCAGCACTTTGAAAGGCCAAGGTGAGCAGATCACTTGAGGCCAGGAGTTGAAGACCAGCCTGGCCAACATGGCGAAACCCCGTCTTTACTAAAAATACAAAATTAGCTGGGTGTGGTGGTACACACCTGTAATCCCAGCTACACGGGAGGCTGAGGCAGGAGAATCTCTTGAACCAGGAGGCAGGGTTGCAGTGAGCCACAACTGTGCCACTGCAGTCCAGCCTGAGCAACAGAACAAGACTCTCAAAAAAAGAAAAAATAAA","GCTCACGCCTCTAATCCCAGAACTTTGGGAGGCCAAGGTGGGCAGATCACTTGAGGTCAGGAGTTAAAGACCAGCCTGGCAAACATGGTGAAATCTCATCTTTACTAAAAATACAAAAATTAGCTGGGCGTGGTGGTACATGCCTGTAATCCCAGCTACTTGGGAGGCTGAGGCAGGAGAATCGCTTGAACCTGGGAGGCAGAGGTTGCAATGGCTGAGATCGTGCCACTGCCCTCCAGCCTGGGCAACAGAGTGAGACCCCATCTCAAAAAAAAAAAAAAAAA"
"chr1","11209879","11210167","chr7","53508928","53509213","41","42299049","GGCTAGGCACAGGGGCTCATGCCTGTAATCCCACAACTTTGAGAGGCTGAGGCGGGAGGATCACTTGAGGTCAGGAGTTCAAGACCAGCCTGGCCAACATGGCGAAACCTCGTCTCCATTAAAAATACAAAAATTAGCCGGGCATGGTGGTGTGCACCTGTAGTCCCAACTATTCAGGAGGCTCAGGCAAGAGAATTGCTTGAACCCAGGAGGCAGAGGTTGCAGTGAGCTGAGATTGCGCTACTGCACTCCAGCCTGAGAGACAGAGCTAGACTCTGTCTCAAAAAAA","GGCTAGGCAGGGTGGCTCACACCTGTAATCCCAGAACTTTGAGAGGCCGAGGTAGGTGATCACTTGAGGTCAAGAGTTCAAGACCAGCCTGGCCAACGCAGCGAAACCCCGTCTCCACTAAAAATACAAAAATTAGCTGGGCACAGTGGTGAGCGCCTGTAATCCCAGCTACTCGGGAGGCTGAGGCAGGAGAATTACTTGAACCCAGGAGGCAGAGATTGCAGTCAGCTGAGATCACCCCACTGCACTCCAGCCTCAGTGACAGAGCAAGACTTTGTCTCAAAAA"
"chr1","11220999","11221294","chr5","94234310","94234606","36","83013311","GGCTGAGCGTGGTGGCTCACATCTGTAACCCCAACACTTTGGGAGGCCGAGGCAGGTGGATCACTCAAAGTCAGGAGTTTGAGACCAGCCTGGCCAACATGACGAAACCCCGTCTCTACTAAAAATACAAAGATTAGCCGGGCATGGTGGTGCATGCCTGTAGTCTCAGCTACTCAGGAGACTGAGGCAGGAGAATTTCTTGAACCCGGGAGACAGAGGTTGCAGTGAGCCAAGATTGGACCACTGCACTTCAGCCTGGGCGACAGAGGAAGACTCCATCTCCAAAAAAAAAAAAA","GGCCAGGCGTGGTGGCTCACACCTGTAATCCCAGCACTTTGGGAGGCTGAGGTGGGTGGATCACTTGAGGTCAGGAGTTCGAAACCAGCCTGTCCAACATGGCAAAACCCCGTCTCTACTAAAAATACAAAATTAGCCAGGCATGGTGGTGCATGCCTGTAATCCCAGCTACTCAGGAGGCTGAGGCAGGAGAATCGCTTGAACCTGGGAGGCGGAGGTTGTAGTGAGCCAAGATTGTGCCACTGCACTCCAGCCTGGGCGACAAGAGCAAAACTCCATCTCAAAAAAAAAAAAAAA"
"chr1","11230141","11230426","chr12","43825860","43826148","54","32595719","CCAGGCACAGTGGCTCATGCCTGTAATCCCAGCATTTTGGGAAGCTGAAGCAGGCAGATCACTTGAGGTCAGGAGTTTGAGAACAGCCAGGCCAACATGGCAAAACCCCTCCCTACTAAAAATGCAAAAATTAGCCAGGTGTGCTGGTGTGCACCTGTAGTCCCAGTTACCTGGGAGGCTGAGACAGAAGAATTGCTTGAACTCGGGAGGCAGAGGTTGCAGTGCTGTATTCCAGCCTGGGCAACAGAGTAAGACTCTCCATCTCAAAAACAAACAAACAAAAAAA","GGCTGGGCATTGTGGCTCATGCCTGTAATCCCAGCACTTTGGGAGGCTGAGGTGGGTGGATCACTTGAGATCAGGAGTTTGAGACCAGCCTGGCCAGCATGGTGAAACCCCGTCACTACTAAAAATAGGAAAATTAGCTGGGTGTGCTTCTGCACACCTGTAATCCCAGCTACTTGGGAGGCTGAGGCAGGAGAATGGCTTGAACCTGGGAGGCGGAGGTTGCAGTGCCGCTGTGCTTCAGCCTGGGCAACAGAGCAAGACTCTGCCTCAAAAAAAAAAAAGCAACAAA"
"chr1","11239624","11239932","chr7","45841624","45841934","37","34602000","GCCGGGCACAGTGGCTCATGGATATAATCCCAGCACTTTGGGAGGTCGAGGCAGGCAGATCACTTGAGGTCAGGAGTTCCAGACCAACCTGGCCAACATGGTGAAACCCCATCTCTACCAAAAATACAAAAATTAGCCGGGTGTGGTGACACGCGCCTATAGTCCCAGCTACTCGGGAGGCTGTGGCAGGAGAATCGCTTGAACCCAGGAGGCAGAGGTTGCAGTGAGCTGAGATTGTGCCACTGCACATCAGCCTGGGCAACAGAGAGACTTTGTCTCAAAAAAAAAAAAAAAAGAAAGAAAAAAGAA","GCTGAGCACAGTGGCTCACAGCTGTAATCCCAGCACTTTGGGGAGCCGAGGCAGGCAGATCACTTGAGGTCAGAAGTTCGAAACCAGCCTGGCCAACATGGTGAGACCCCATCTCTACCAAAAATCCAAAAATTAGCCGGGTGTGGTGATACGTGCCTGTAGTCCCAGCTACTTGGGAGGCTGAGGCAGGAGAATCACTTAAACCCGGGAGGCGGAGGTTGCAGTGAGCTGAAATCGTGCCACTGCATACAAGCCTGGGTGACAGAAAGAGACTTTGTTTCAAAAAAAAAAAAAAAAAAAGAAAGAAAAAA"
"chr1","11242218","11242528","chr11","111117466","111117768","46","99875248","GCTGGGCGTGCTGGCACACGCCTGTAGTCCCAGCTACTTGGGAGGCTAAGGTGGGTGGATCACTTGAGGCCAGGAGTTCGAGACCAGCCCGGCCAAAATGGTGAAAACCTGTGTCTACAAAAAAATACAATTATTAGCTTGGCATAGTGGCACATGCCTGTAATCCCAGCTACTCAGGAGGCTGAGGCAGGAGAATCGCTTGAACCTGAGAGGAGGAGGTTGCAGTGACCCAAGACCGTGCCACTGCACTCCGGCCTGGGCAACCAAAGTAAGACTCCATCTCAAAAAAAAAAAAAAAAAAAAAAAAAGAA","GACTGGGCGTGGTGGTTCATGCCTGTAATCCCAGCACTTTGGGAAGCCAAGGTGGGTGGATCACTTCAGGTCAGGAGTTTGAGACCAGCCTCACCAACATGGTGAAATCCTGTCTCTACTAAAAATTCAAAAATTAGCTGGGCATGGTGGCACATGCCTGTAATCCCAGCTACTTAGGAGGCTGAGGCAGGAGAACTGCTTGAACCTGGGAGGTGGAGGTTGCAGTGAGCCAAATCGTGCCACTGCACTCCATCCTGGGCAACAGAGTAAGACTCTGTCTCAAAAAAAAAAAAAAAAAAAAAA"
"chr1","11254146","11254439","chr5","94234310","94234606","36","82980164","GGCTGGGCGTGGTGGCTTACACCTGTAATCACAGCACTTTGGGAGGCTGAGATGGGTGGATCACTTGAGGTCAGGAGTTTGAGACCAGCCTGGTTAACATGGTGAAGCCCTGTCTCTACTAAAAATACAAAAATTAGCCAGGCGTGGTAGTGTGTGCCTGTAATCTCAGCTACTCAGGGGGCTGAGGCAGGAGAATCACTTGAACCCAGGAGGTGGAGGTTGTGGAGAGCCGAGATTGCGCCACTGCACTCCAGCCTGGGCAATAGAGCAAGACTCCATCTCAAAAAAAAAAAA","GGCCAGGCGTGGTGGCTCACACCTGTAATCCCAGCACTTTGGGAGGCTGAGGTGGGTGGATCACTTGAGGTCAGGAGTTCGAAACCAGCCTGTCCAACATGGCAAAACCCCGTCTCTACTAAAAATACAAAATTAGCCAGGCATGGTGGTGCATGCCTGTAATCCCAGCTACTCAGGAGGCTGAGGCAGGAGAATCGCTTGAACCTGGGAGGCGGAGGTTGTAGTGAGCCAAGATTGTGCCACTGCACTCCAGCCTGGGCGACAAGAGCAAAACTCCATCTCAAAAAAAAAAAAAAA"
"chr1","11267966","11268118","chr15","74442096","74442243","25","63174130","TTAGCTGGCATGGTGGCGCACACCTGTAATCCCAGCCACTCGGGAGGCTGAGGCAGGAGAATCGTTTGAACCCGGGAGGTGGAGGTTGCGGTGAACTGAGATCACACCACTGCACTCCGAGTGAGACTCCATCTCAAAATAAAATAAAATAAA","GCCAGGCACAGTGGCTCACACCTGTAATCCCAGCACTCTGGAAGGCTGAGGCAGGAGAATCGCTTGAACCCAGGAGGCAGAGGTTGCAGTGAGCCGAGATCACACCACTGCACTCCGGCGAGACTCCATCTCAAAGAAAGAAAAGAAA"
"chr1","11268459","11268594","chr22","17035586","17035722","10","5767127","GGCCAGGTGCGGTGGCTCACACCTGTAATCCCAGCACTTTGGGAGGCCAAGGCAGGCTGATCACTTGAGGTCAGGAGTTCGAGACCAGCCTGGCCAACATTGTGAAACCCCGTCTCTACTAAAAATACAAAAATTA","GACCAGGCGCGGTGGCTCACACCTGTAATCCCAGCACTTTTGGAGGCCGAGGCTGGCAGATCACTTGAGGTCAGGAGTTTGAGACCAGCCTGGCCAACATGGTGAAACCCCATCTCTACTAAAAATACAAAAATTAG"
"chr1","11276382","11276679","chr1","194633565","194633866","39","183357183","GGCTGGGTGCTGTGCCTCATGCCTGTAATCTCAGCACTTCGGGAGGCCAAGGCAAGTGGATCACTTGAGATCAGGAGTTCCAGACCAGCCTGGCCAACATGGTGAAACCTTGTCTGTACTAAAAATACAAAAATTAGCCAGGCGTGGTGGCATGTGCCTGTAGTCCTAGCTACTCGGGAGGCTGAGGCAGGAGGATTGCTTGAGCCCAGTAGGCAGAGGTTGCAGTGAGCTGAGATCATGCCACTGCATTCCAGCCTGGGCAACAGAGAGAGGCTCCATCTCAAAAAAAAAAAAAAAA","GGCCAGGTGCGGTGGCTCATGCCTGTCATCCCAGCACTTCGGGAGGCCTAGGCAGGTGGATCACTTGAGATCAGGAGTTTGAGACCAGCCTGGCCAACATGGTGAAACCCTGTCTCTACTAAAAATACAAAAAAATTAGCCGGGTGTGGTGGCAAGCACCTGTAATCCTAGCTACTCGGGAGGCTGAGGCAGGAAAATTGCTTGAACCCAGGAGGTAGAGGCTACAGTGAGCTGAGATCACCCCCCTGCACTCCAGCCTGGGCGACAGAGTGAGACTCTACCTCAACAAAACAAACAAAAAA"
"chr1","11277294","11277573","chr10","94034287","94034571","56","82756993","GGCCAGGCATAGTGGCTCACGCCTGTAATCCCAGCACTTTAGGAGGCCAAGGAGGGTTGATCACTTGAGGTGAGGAGTTAGAGAGACCAGCCTGGCCAACATGGCGAAACCCCGTCTCTACTAAAAATACAAAAATTAGCCAGGCGGGCACCTGTAATCCCAGCTACTGGGATTATACTTGAACCTGGGAGGCGGAGATTGTGGTAAGCCAAGATCGCACCACTGTACCCCAGCCTAGGCGACAGAGCAAGACTCCGTTAAATTAAAAAAAAAAAAAAAA","GGCCAGGTGTGGTGGCTCATGCCTGTAATCCCAGCACTTTGGGAGGCTGAGGTGGGTGGATCACTTGAGGTCAGGAGTTTGAGACCAGCCTGGCCAATATGGTGAAACCTTGTCTCTACTAAAAATATGAAAATTAGCCGTGGTGGAGTGCGCCTGTAGTCCCAGCTACCAGGAGACAGGTGAATTGTTTTAGGACAGAGGTTGCAGTGAGCCAAGATCACACCACTGAACCCCAGCCTGGGGGACAGAGCAAGACTCTCTGTCTCAAAAAAAAAAAAAAAAAAA"
"chr1","11277948","11278257","chr6","135098116","135098421","51","123820168","GGCTGGGCACAGTGGCTCATGTCTGTAATCCCAGCACTTTGGGAGGCTCAGGCGAGCAGATCACTTGAGGCCAGGAGTTCAAGACCAGCCTGGCCAACATAGTGAAAGTCCGTCCCTACAAAAAATCCAAAAATTAACCAGGCGTGGTAGCACGCGCCTGTAGTCCCAGCTACTTAGGAGACTGAGGTAGGATGATCGCTTGATCCCGGGAGGCAGAAGTTGCAGTGAGCTGAGATCGCACCACTGCACTCTAGCCTGAGTGACAGAGTAAGACCCCCATCTCAAACAAAAAAGGAAAGGAAAAAGAAAA","GGCTGGGCACAGTGGCTCACATCTGTAATCCCAGCACTTTGGGAGGCTGAGGCAGGCAGATCACTTGAGGCCAGGAGTTCAAGACCAGCCTGGCCAACATGGTGAAAATCTGTCTGTACTAAAAATACAAAAATCAGCCTGGCATGGTGGCGTGTACCTGTAATCCCAGCTACTTAGGAAACTGAGGCAGGAGAATCGCTCGAACTCAGGAGGCAAAGGTTGCAGTGAGCCAAGATCATGCCATTGCACTCCAGCCTGGGTGACACAGCAAGACTCCACCTCAAAAAAAAAAAAAAAAAAAAAAAA"
"chr1","11290697","11290987","chr4","54258451","54258734","42","42967754","GGCCAGGTGTGGTGGCTTACGCCTGTAATCCCAGCACTTTGGGAGACCGAGATGGGTGGATCACTTGAGGTCAGGAATTCAAGACCAGCCTGGCCAACATGGTGAAACCCTGTCTTTACAAAGAAATACAAAAATTAGCACCTGTAATCCCAGCTACTTGGGAGGCTGAGGTGGCAGAATCTCTTGAACCCAGGAAGCGGAGGTTGCAGTGAGCCGAGATCACGCCACTGCACTCCAGCCTGGACAACAGAGCAAGACTGTGTCTCCTAAATAAACAAATAAATAAAATAA","GGCCAGGTGCAGTGGCTCACGCCTGTAACCCCAGCACTTTGGGAGGCTGAGGTGGGTGGACTGCTTGAGGTCAGGAGTTCAAGACCAGCCTGACCAACATGGTGAAACCCCGTCTCCACTAAAAATACAAAAATTGGCATGTAATCCCAGCTACTCAAGAGGCTGAGGCCGGAGAATCACTTGTACCCAGGAGGCAGAGGTTGCAGTGAGCTGAGATCATGCCACTGCACTCCAGCCTGGGCGACAAAGCAAGACTCTGTCTTTAAATAAATAAATAATAAAAA"
"chr1","11291326","11291629","chr7","148985140","148985448","41","137693814","GGCCAATCACGGTGGCTCATGCCTGTTATCCCAGCACTTTGGGAGGTCAAGGTGGGTGGATCACTTGAGTTCAGGAGTTCTAGGCCAGCCTGGCCAATATGGCAAAACCCTGTCTCTACAAAAATACAAAAATTAGCTGGGCGTGGTGGTGCACAACTGTAATCCCAGCGACTCGGGAGGCTGAGGCAGGAGAACTACCTGAACCCGGGAGGCAGAGATTGCAGTCAGCTAAGATCGTGCCACTGCACTCCAGCCTGGGTGACAGAGCGAGACTTCATCTCAAAAAAAAAAAAAAAAAAAGAAA","GGCCGGACACGGTGGCTCATGCCTGTAATCCCAGCACGTTGGGAGGCCGAGGTGGGTGGATCACTTGAGGTCAGGAGTTCAAGACCAGCCCGACCAACATGGTAAAACCCCGTCTCTACTAAAAATACAAAAATTAGCTGGGCGTGGTGATGCACACCTGTAATCCCAGCTACTCAGGAGACTGAGGCAGGAGAATCGCTTGAACCCAGGAGGCAGAGGTTGCAGTGAGCAGAGATCGTGCCACTGCACTCCAGCCTGGGCAACAGAACTAGACTCAGTCTCCAAAAAAAAAAAAAGAAAATACAAAAA"
"chr1","11303023","11303324","chr7","45922925","45923223","39","34619902","GACCAGGTGCGCTGGCTCGTACCTGTAATCCCAGCAATTTAGGAGGCCAAGACAGGCGGATCACTTGAGGACAAGAGTTCGAGACCAGCCTGGCCAACATGGCGAAATACTGTCTCTACTAAAAATAGAAAAATTAGCCAAGCGTGGTGGTGCACGCCTGTAATCCCAGCTACTCAGGAGGCTGACGCAGGAGAATTGCTTGAACCCGGGAGGCAGAGGTTGCAGTGAGCTGAGATCGCACCACTGCACTCCAGCCCGGGCGAGAGAGCAAGACTCCATCTTGGAAAAAAAAAAAAAAAGAA","GCCAGGTGCACTGGCTTGTACCTGTAATCCCAGAATTTTAGGAGGCCAGGTCAGGCGGAGCACTTGAAGTCAGGAGTTCCAGACCAGCCTGGCCAACACGGCAAAACCCTGTCTCTACTAAAAATACAAAAATTAGCCAGGTGTGGTGGCATGTGCCTGTGATCCCAGCTACTTGGGAGGCTGAGGCAGGAGAATTGCTTGAACCCGGGAGGCAAAGGTTGCAGTGAGCTGAGATTGCACCCCTGGACTCCAGCCTGCGTGACAGAGCAAGACTCCATCTTGGGAAAAAAAAAAAAGAA"
"chr1","11307659","11307971","chr1","168595556","168595859","41","157287897","GGCCAGATGGGGAGACTCACACCTATAATCCCAGCACTTTGGGAGGCCAAGGTGGGTAGATCACTTGAGGTCAGGAGTTCGAGACCAGCCTGGCCAACATGGTGAAACCCCACCTCTACTAGAAATACAAAAAGTTAGCTGAGCGTGGTGGCACGTGCCTGTAGTCCCAGCTACTTGGGAGGCTGAGGCAGGAGAATCGCTTGAACACAGGAGGTGGAGGTTGCAGTGAGCCGAGTTTGAGCCACTGCACTCCAGCCTGGGCTGGGTGACAGAGCGAGACTCTGTCTCAGAAAAAAAAAAAAAAAAGAGAGAA","GGCTGGGTGAGGTGGCTCATGCCTGTAATCCCAGCACTTTGGGAGGCTGAGGTGGGCAGATCACTTGAGGTCAGGAGTTCAAGACCAGCCTAGCCAACATGGTGAAACCACATCTCTACTAAAAATACAAAAATTAGGTGAGTGTGGTGGCACATGCCTGTAATCCCAGCTATTTGGGAGGCTGAGACAGGAGAATCGCTTGAACCCGGAGGTAGAGGTTGCAGTGAGCCGAGATTGCGCCACTGCACTCCAGCCTGGGTAACAGAGTGAGACTCTATCTCAAAAAAAAAAAAAAAAAAAAAAA"
"chr1","11314250","11314560","chr5","134608851","134609157","35","123294601","GGCCAGGTGTGGTGCCTCATGTCTGTAATCCCAGCACTTTGGGAGGCCGAGGCGGGCAGATCACTTGAGGTCAGGAGTTCGAGACCAGCCTGGCCAACATGGTGAAACCCCATCTCTGCTAAAAATACAAAAATTAGCTGGGCATGGTGGTACACACCTGTAATCCCAGCTACTCAGGAGGCTGAGGCAGGAGAATCGCTTGAACCTGGGAGGCGGAGGTTGCAGTGAGCCAAGATCGCGCCACTGCACTCAAGCCTGGGTGACAGAGCAAGACCCTATCTCAAAAAAAAGAAAAAAGAAAAAGATTAAAA","GGCCTGGCGCGGTGGCTAACACCTGTAATCCCAGCACTTTGGGAGGCTGAGGTGGGCAGAATCACTTGAAGTCAGGAGTTCGAGACCAGCCTGGCCAACATGGTGAAAACCCATGTCTACTAAAAATACAAAAATTAGCCAGGCATGGTGGCTCACACCTATAATCCCAGCTACTTGGGAGGCTGAGGCAGGAGAATCACTTGAACCTGGGAGGCGGAGGTTGTAGTGATCCAAGATTGCGCCACTGCACTCCGGCTGGGTGACAGAGCAAGACCCTGTCTCAAAAAAAAAAAAAAAAAAAAAAAAA"
"chr1","11315396","11315704","chr3","106655459","106655766","30","95340063","GGCCAGGCACGGAGGCTCATGCCTGTAATCCCAGCACTTTGGGAGGCTGAGGCGGGCGGATCACTTGAGGTCAGGAGTTCGAGACCAGCCTGGCCAACATGGTGAAACCCCATCTCTACTAAAAGTACAAAAATTAGCCAGGTGTGGTGATGTGTGCCTGTAATCCCAGCTACTTAGGAGGCTGAGGCAGGAGAATCACTTGAACCCAGGAGGTGGAGGTTGCAGTGAGTGGAGATCGCGCCACTGCACTCCAGCCTGGGCGACAGAGCAAGACTCTGTCTCAAAAAAAAAAAAAAAAAAAAAAAAAGA","GGTCGGGTGTGGTGGCTCGTGCCTATAATCCCAGCACTTTGGGAGGCTGAGGTGGGCAGATCACTTGAGGTCAGGAGTTTGAGACCAGCCTGGCCAACATGGTGAAACCCCGTCTCTACTAAAAATACAAAAATTAGCCAGGTGTGGTGGCATGCATCTGTAATCCCAGCTACTTTAGGAGGCTGAGGCAGGAGAATCGCTTGAACCCAGGAGGTGGGGGTTGCAGTGAGCTGAGATCGCACCACTGCACTCCAGCCTGGGCAACAGAGAGAGACTCTGTCTCAAAAAAAAAAAAAAAAAAAAAAAAA"
"chr1","11321229","11321534","chr22","28997304","28997607","34","17676075","GGCCGGGTGTGGTGGTTCACACCTGTAATCCCAGCACTTTGGCAGGCTGAGGCGGGTGGATCATTTGAGGTCAGGAGTTTAAGACCAGCCTGGCCAACATGGTGAAACCCTGTCTCTACTAAAAAATACAAAAATTAGCCTGGTGTGGTGGTACGCTCCTGTAATCCCAGCTACTTGGGAGGCTGAGGCAGGAGAATCCCTTGAACCTGGGAGGAAGAGGTTGCAGTGAGCTGAGATCATGTCACTGCACTCTAGCCTGGCTGACGGAGTGAGACTCCATCTTAAAAAAACAAAAAAACAAAAAAA","GGCTGAGCGCTGTGGCTCACACCTGTAATCCCAGCACTTTGGGAGGCCAAGGCAGGTGGATCACTTGAGGTCAGGAGTTTGAGACCAGCCTGGCCAACATGGTGAAACCCTGTCTCTACTAAAAATACAAAAATTAGCCGGGTGTGGTGGCGCACGCCTGTAATCCCCACTACTTGGGAGGCTGAGGCATAAGAATCACTTGAACCTGGGAGGCAGAGGTTGCAGTGAGCTGAGATTGTGCCACTGCACTCCAGCCTGGGTGACAGAGTGAGACTCCATCTCAAAACAAAATAAAACAAAAAAA"
"chr1","11326478","11326838","chr9","83000299","83000633","79","71673821","GGCCGAGAGCGGTGGCTCACGCCTGTAATCCCAGCACTTTGGGAGGCCCAGGTGGGCAGATCACTTGAGATCAAGAGTTCAAGACCAGCCTGGCCAACATGGTGAAACCCCGTCTCTACTAAAAATACAAAAATTAGCTGGGCGTTCTGTAAGTTCTCCTTCCCAGAATGTATCTCTCCCTCTGAAATTAGCATTCCTTCTAATTTGGTGGTGGCACACGCCTGTAGTCCCAGCTACTTGGGAGGCTGAGGCAGAAGAATCACTTGAACCTGGGAGGTAGAGTTTGCAGTGAGCTGAGATCACCCCCATGCATTCCAGCCTGGGCGACAGAGCGAGACTCTGTCTAAAAAAAAAAAAAAAA","GCCGGGCATGGTGGCTCACACCTGTAATCCCAGCACTTTGGGAGGCCAAGGCGGGCAGATCACTTGAGATCAGGAGTTCGAGACCAGTCTGGCCAGCATGGTGAAACCCCGTCTCTACTAAAAATACAAAAATTAGCTGGGTGTGGAAGTGCCCAGTAGCCAGGGCCCAGTAGCTAGGATTACAGCTACGTGGTGGCCCAGTACCTATAATCCCAGCTACTTGTGAGGCTGAGGCAATGGAACCCAGGAGGCAGAGGTTGCAGTGAGCTGAGGTCATACCACTGCACTCCAGCCTGGGTGACAGAGCAAGACTCTGTCTCAAAAATAAAATAAAA"
"chr1","11332822","11333121","chr22","28997304","28997607","34","17664482","CTGGGCTCAGTGGCTCACACCTGTAATCCCAGCACTTTGGGAGGCCGAGGCGGGGGATCATTTGAGGTCAGGAGTTCGAGACCAGCCTGGCCAACATGGTGAAACCCCGTCTCTACTAAAAATACAAAGAATTAGCAGGGTGTGGTGGTGCGCGTCTGTAATCCCAGCTACACGGGAGGCTGAGGCAGGAGAATCACTTGAACCCAGGAGGTAGAGGTTGCAGTGAGCCGAGATTGTGCCACTGCACTCCAGCCTGGGTGACAGAGCGAGACTCCATCTTGGAAAAAAAAAGACAAAAAA","GGCTGAGCGCTGTGGCTCACACCTGTAATCCCAGCACTTTGGGAGGCCAAGGCAGGTGGATCACTTGAGGTCAGGAGTTTGAGACCAGCCTGGCCAACATGGTGAAACCCTGTCTCTACTAAAAATACAAAAATTAGCCGGGTGTGGTGGCGCACGCCTGTAATCCCCACTACTTGGGAGGCTGAGGCATAAGAATCACTTGAACCTGGGAGGCAGAGGTTGCAGTGAGCTGAGATTGTGCCACTGCACTCCAGCCTGGGTGACAGAGTGAGACTCCATCTCAAAACAAAATAAAACAAAAAAA"
"chr1","11347712","11348021","chr13","35663090","35663393","49","24315378","GGCCGGGAGCAGTGGCTCACACCTGTAATCCCTGCAATTTAGGAGGCCGAGGCAGGTGGATCACTTGAGGTCAAGAGTTTGAGACCAACCTGGCCAACATGGTGAAAACCCATCTCTACTAAAAATACAAAAATTAGCTGGGCATGGTGACACACATCTGTAGTCCCAGCTACTCGGGAAGCTGAAGCACAAGAATTGCTTGAACCTGGGACGTAGAGGTTGCAGGGAGCCAACATTGCGCCACTGCACTCCAGCCTGGGTGACAGAGTGAGAGTTGTCTGAGAAAGAAAGAAAGAGAGAAAGAGAGGAA","GCTGGGTACAGTGGCTTACACCTGTAATCCCAGCACTTTGGGAGGACGAGGCAGGTGGATCACTTGAGGTCAAGAGTTCCAGACCAGCCTGGCCAACATGGTGAAACCCCATCTCTACTAAAAATACAAAAATTAGCCAGGCGTGGTGGCACATGCCTGTAATCCCAGCTACTAGGGAGGCTGAGATGGAAGAATCACTTGAACCTGGGAGATGGAGGTTGCAGTAAGCCAAGATTGTGCCACTGCACTCCAGCCTGGGTGACAGAGGGAGACTCTGTCTCAAAAAAGAAAAAGAAAAAGAAAA"
"chr1","11353536","11353833","chr10","90908610","90908909","55","79555074","GTGTGGTGGCTCACACCTGTAATCCCAGCATTTTGGGAGTCTGAGGTGAGCAGATCGCTTGAGGTAGGGAGTTCAAGACCAGCCCAGCCAACATGGTGAAACCCTGTCTCTACTAAAAATACAAAACATTAGCCGGGCATGGTAGCACGTGCCTGTAACTCCAGCTACTCAGGAGCCTGAGGCATGAAAATTGCTTGAACCCGGGAGGCAGAGGTTGCAGTGAGCTGAGATCGTGTTACCGCTCTCTGGGCGACAGAACCAGACTCTGCCTTAAGGAAAAAAGAAAAGAAAAAGAAAA","GCCAGGGATGGTGGCTCACGCCTGTAATCCTGGCACTTTGGGAGGCTGAGGTGGGTAGATCACTTGAGGTTAGGAGTTCGAGACCAGCCTGGCCAACATGGTGAAGCCCTGTCTTTACTAAAAATACAAAAAATTAGCCAGGCATGGTGGCACATGCCCGTAATCCTAGCTACTCAGGAGGCTGAGGCAGGAGAATTGCTTGAACCTGCTAGGCAGAGGTTGCAGTGAGTTAACATTGCTGCGCTCCAGCCTGGGTGACAGAACAAGGCTCTGCCTCAAAAAAAAAAAAAAAAAAAGAAA"
"chr1","11356529","11356849","chr2","192738409","192738717","46","181381880","CTGGGCGCAGTGGCTCATGCCTGTAATCCCAGCACTTTGGGAGACCGAGGCGGGGAGTCGGGGGGATCACTTGAGGTCAGGAGTTCAAGACCAGCCTGGACAACATGGTGAAGCCCCATCTCTACTAAAAATACAAAAATTAGCTGGGTGTGGTGGTGCATGCCTGTAATCCCAGCTACTCGGGAGGCTGAGGCAGGAGAATCACTTGAACCTGGGAGGCGGAGGTTGCGGTGAGCCGAGATCACGCCACTGCACTCCAGCCTGGTGAGCAACAAAGCGAGACTCCATCTCCAAAAAAAAAAAAGAAAAGAAAAAAAAAGA","CTGGGTGCATTGACTCATGCCTGTAATCCCAGCACTTTGGGAGGTTGAGGTGGGAGGATCACTTGAGGTCAGGAGTTCAAGACCAGCCTGGCCAACATGGTGAAACCCCATCTCTACTAAAAATACAAAAATTAGCTGGGCATGGTGGTACATACCTGTAATCCCAGCCACTCGGAAGGCTGAGGCAGGAGAACCGCTTGGAGCTGGGAGGCGGAGACTGCAGTGAGCCAAGATTACACCACTGGACTCCAGCCTGGGTGACAGAGCAAGACTCCTCTCAAAAAAAAAAAAAAAAAAAAAAAAAGAAAA"
"chr1","11356996","11357312","chr9","99935150","99935455","43","88578154","GGCCTGGCGCGGTGGCTCATGCTTGTAATCCCAGCACTTAGGGAGGCTGAGGTGGGTGGTTCACTTGAGGTCAGGAGTTTGAGACCAGCCTGGCTAACATGGTGAAACCCCATCTCTACTAAAAATACAAAAATTAGCTGAGTGTGGTGGTACGTGCCTGTAATCCCAGCTACTCGGGAGGCTGAGGCAGGAGAATCACTTGAACCTGAGAGATGGAGGTTGCAGTGAGCTGAGATTGCACCACTGCACTCTAGCACTCCATCCTGGGCAACAGAGTAAGACTCTGTCTCAAAAAAAGAAAGAAAGAAAGAAAGAAA","GCCGGGCACGGTGGCTCATGCCTGTAATCCCTGCACTTTGGGAGGCTCAGGCGGGTGGATCACTTGAGGTCAGGAGTTTGAGGCCAGCCTAGCCAACATGGGGAAATCCTGTCTCTACTAAAAATACAATAATTAGCTGGGTGTGGTGGTGTGCACCTGTAATCCCAGCTACTCGGGATGCTGAGGCAGGAGAATCGCTTGAACCTGGGAGGTGGAGGTTGCAGTGAGCTGAGATTGCATCACTGCACTCCAGCCTGGGTGACAGAGTGAGACTCCGTCTCAGAAAAAGAAAAAAGAAAAAAAGAA"
"chr1","11358442","11358735","chr18","5141985","5142278","42","6216457","GCCGGGCACAGTGGCTCATGCTTGTAGTCCCAGCACTTTGGGAGGCCGAGGCAGGCAGATCACTTGAGGTCGGGAGTTTGAGACCAGCCTGGCCAACATGGTGAAATCCCATCTCTACAAAAAATACAAAAATTAGCCTGGCGTTGTGACGTGCACCTGTAGTTCCATCTACTCGGGAGGCTGAGTTGGGAGGATCGTTTGAACCCGGGAGGTGGAGGTTGTGGTGAGCCGAGATCACGCCATTGCATTCCAGCCTGGGTGATAGAGTGAGACTCCGTCTCAAAAAAAAAAAAA","GGCCAGGCACAGTGGCTCATGCCTGTTATCCCAGCACTTTGGGAGGCCGAGGCAGGTGGATCACTTGAGGTCAGGAGTTCAAGACCAGACTGGCCAACATGGTGAAACCCCATCTCTACCAAAAATATAAAAAATTAGCTGGGTGTGTGACGTGTGCCTGTAATCCCCAGCTACTCGGGAGGCTGAGACAGGAGAATCGCTTGAACCTGGGAGGCAGAGGTTGCAGTGAGCCGAGATCATGCCACTTCACTCCAGCCTGGGTGACAGAGTGAGACTCCGTCTTAAAAAAAAAAA"
"chr1","11363221","11363527","chr22","33981676","33981980","38","22618455","GGCCTGGCGCAGTGGCTCATGCCTGTAATCCTAGCACTTTGGGAGGCTGAGGCGGGCGGATCACTTGAGGTCAGGAGTTTGAGACTAGTCTGGCCAACATGGTGAAACCCCGTCTCTACTAAAAATACAAAAATTTGCTGGGCGTGGTGGTGCACGCCTGTAATCCCAGCTACTCAGGAAGCCAAGGTGAGAGAATCTTTTGAACCTGGGAGGCGGAGGTTGCAGTGAGCTGTGATTGCACCACTGGACTCCAGCCTGGGCAACAGAGTGAGACTCCATCTCAAAAAAAAACAAAAAACAAAAAAAA","GGCCAGGCGCGGTGGTTCACGCCTGTAATCCCACCACTTTGGGAGACCAAGATGGGCAGATCACTTGAGGTCAGGAGTTTGAGACCAGCCTGGCCAACATAGTGAAACCCCGTCTCTAATAAAAATACAAAAATTGGCTTGGCGTGGTGGTGCACGCCTGTAATCCCAGCTACTTGGGAGGCTGAGGCAGGAGAATCACTTGAACCTGGGAGGCAGAGGTTGCAGTGAGCCGAGATCGTGCCACTGCACTCCAGCCTAGGCAACAGAGTGAGACTCCATCTCAAAAAAAAAAAAAAAAAAAAAAA"
"chr1","11376188","11376509","chr9","98029843","98030162","50","86653655","GGCCAGGTGCAGTGGCTTACGCCTGTAATCCCAGCACTTTGGGAGGCCGAGGTGGGCAGATCACTTGAGGTCAGGAGTTCGAGACCAGGCTGGCCAACAAGGTGAAACCCCGTCTCTACTAAAAATACAAAAATTAGCCGGATGTGGTGGCACATGCCTGTAATCCTAGCTACTCGGGAGGCTGAGGCAGGATAATTCAACCCGGGAGGCAGAGGTTGCTGTGAGCTGAGATCGCGCCACTACACTCCAGCCTGGACAACAGAGTGAGACTCTGTCTCAAAAAAAAAAAAAAAAAAAAAAAAAAAGAATTAAAAGGAAAAAA","GCCAGGTGCAGTGTCTCATGCCTGTAATCCCAGCACTCTGGGAGGCCAAGGTGGGCAGATCACTTGAGGTCAGGAGTTCAGGACCAGCCTGACCAACATGGTGAAACCCCATTTCTACTAAAAATACAAAAATACAGGCATGGTGGTGTGCACCTGTAATCCCAGCTACTCAGGAGGCTGAGGCAGGATCATCGCTTGAACCCAGGAGGCAGAGGTTACAGTGAGCCGAGATCGCACCACTGCACTCCAGCCTGGACTACAGAGAGACTCCACCTCAAAAAAAAAAAAAAAAAAAAAGAAAAGAAAAGAAAAAAGAAAAA"
"chr1","11390047","11390354","chrX","47176701","47177007","38","35786654","GGCTGGGTGCAGTGGCTCACGCCTGTAATCCCAACACTTTGGGAGGCCAAGGTGGGCAGATCACTTGAGGCCAGGAGTTCAAGACCAGCCTGGCCAACACAGCGAAACCCCATCTCTACTAAAAATACAAAAATTAGCCTGGCATGGTGGTGCATGCCTGTAGTCCCAGCTACTCGGGAGGCTGAGGCAGGAGAATCACTTGAACTTGGGAGGCAAATGTTGCAGTGAGCCAAGATCATGCCACTGCACTCCAGCCTGGGTGACAGAGCAAGACTCCGTCTCAAAACCAAACCGAACCAAACAAAAAA","GGCCGGGCACAGTGGCTCATGCCTGTAATCCCAACACTTTGGGAGGCAAAGGTGGGCAGATCACTTGAGGCCAGGAGTTCGAGACCAGCCTGGCCAAAATGGTGAAACCCTGTCTCTACTAAAAATACAAAAATTAGCCAGGCGTGGTGGTGCATGCCTATAGTCCCAGGTACTCCGGAGGATGAGGCAGGAGAATTGCTTGAACTCGGGAGGCAGAGGTTGCAGTGAGCCAAGATTGCACCACTGCACTCCAACCTGGGTGACAGAGTAAGACTCTGTCTCAAAAAAAAAAAAAAAAAAAAAAAAA"
"chr1","11404686","11404995","chr6","17068239","17068542","42","5663553","GGCTGGGTGTGGTGGCTCACGCCTGTAATCCCCGTACTTAGGGAGGTCAGAGCAGGTGGATCACTTGAGGCCAGGAGTTCAAGACCAGCCTGGCCAACATAGTGAAACCCTGTCTCTACTAAAAATACAAAAATTAGCCGGGCGTGGTGGCACACGCCTGTAATCCCAGCTACTGGGGAGGCTGAGGCAGTAGAATCGCTTGAACCTGGGATGCAGAGGTTGCAGTGAGCCGATATCGCACCACTGCACTCCAGCCCGGGTGACAGAGCAAGACTCTGTCCTAAAAAAAAGAAAGAAAGAAAGAAAGAAA","GGCTGGACGCAGTGGCTCATGCCTGTAATCCCAGCACTTTGGGAGGCCAAGGTGGGTGGATCACTTGAGGTCAGGAGTTCGAGACCAGCCTGGCCAACATGGTGAAACCCTGTCTCTACTAAAAATACAAAAATGAGCTGGGCATGCTGGTACACATCTGTAATCCCAGCTACTTGGGAGGCTGAGGCAAGAGAATCGCTTGAACCCAGGAGGCAGAGGTTGCAGTGAGCCGAGATTGCACCACTGCACTCCAGCCTGGGCAACAGAGCAAGACTCTGTCTCAAAAAAAAAAAAAAAAAGAAAA"
"chr1","11414508","11414796","chr13","100242598","100242888","40","88828090","GGCCAGACACAGTGGTTCACACCTGTAATCCCAGCACTTTAGGAGGCCGAGTACTGGTTATTTGAGGTTGGGAGTTCAAGACCAGCCTGGCCAACATGGTGAAACCCTGTCTCTATTAAAAATACAAAAATTAGCCGGGTGTAGTGGCACACACCTGTAATCCCAGCTACTCAGGAGGCTGAGGCAGGAGAATCGCTTGAACCCAGGAGGCAGAGGTTGCAGTGAGCCGAGATGGCACCACTGCATTCCAACCTGGGTGACAGAGCAAGACTCCGTTTCAAAAAAAAAA","GGCTGGGCACAGTAATCATGCCTGTAATCCCAGCACTTTGGGAGGCCGAGGCAGGCAGATCACTTGAGGTTGGGAGTTCAAGACCAGCCTGGCCAACATGGTGAAACCCCATCTCTACTAAAAATATAAAAATTAGCTGGGTGTGGTAGTGCACACCTGTAATCCCGGCTACTCAGAGGCTGAGGCAGGAGAATCGCTTGAACTCAGGAAGCGGAGGTTGCAGTGAGCCGAGATTGCACCACTGCACTCCAGCCTGGGAGACAAAAGCAAGACTCCATCTCAGAAAAAAAA"
"chr1","11421809","11422101","chr5","45608098","45608388","35","34186289","GACCAGGCGTGGTGGCTCACACCTGTAATCTCAGCACTTTGGGAGGCCGAGGTTGGCAGATCACTTGAGGTCAGGAGTTCGAGACCAGCCTCATCAATATAGTGAAACCCTGTCTCTACTAAAAATATAAAAATTACCTGGGTACGGTGGCACACGCCTGTAATCCCAGCTACTCGGGAGGCTGAGGCAGGAGAATCACTTGAACCCGGGAGGTGGAGGTTGCGGTGAGCCGAGATCCCACCACTGCACTCCAGCCTGGGTGACAGAGTGAGATTCTGTCTCAAAAAAAAAAA","GGCCAGGCGTGGTGGCTCACACCTGTAATCCCAGCACTTTGGGAGGCCGAGGCGGGTGGATCACTTGAGATCAGGAGTTCAAGACCAGCCTGAACAATGTGGTGAAACCCTGTCTCTACTGAAAATATAAAAATTAGCCGGCCCTGGTGGTACATGCCTGTAATCCCAGCTACTTGGGAGGCTGAAGCAGGAGAATCACTCGAACCTAGGAGGTGGAGGTTGCAGTAAGCTGAGATCGCACCACTGCACTCCAGCCTGGGCAGAGTGAGACTCATGTCTCAAAAAAAAAAA"
"chr1","11424926","11425244","chr10","90431710","90432016","51","79006784","GTCAGGTGCAGTGGCTCATGCCTATAATCCCAGCACTTTGGGAGGCTGAGGCGGGCAGATCACTTGAAGTCAGGAATTTGATACCAGTCTCGCCAACATGGTGAAACCCCGTCTCTACTAAAAATACAAAAATTAGCCAGGCATGGTGGTGCACGCCCATAGTCCCAGCTACTTGGGAGGCTAAGGTGGGAGGATCACCTGAACCCAGGAGAAGGAGGTTGCAGTGAGCCGAGATTATGTCACTGTACTCCAGCCTGGGCGACAGAGTGAGACACCGTCCCCCACCCCACCAAAAAAAAAAAAAAAAGAAAGAAAGAAA","GGCCAGGTGTGGTGGCTCATGCCTGTAATCCCAGCACTTTGGGGGGCTGAGGCGGGCAGATCACTTGAGGTCAGGAGTTTGAGACCAGCCTGGCCAACATGGTGAAACCCCATCTCTACTAAAAATACAAAAACATTAGCCGGCATGGTGGTGCATGCTGTGGTTCCAGCTACTTGGGAGGCTGAGGCAGGAGAATCACTTGAACCCGGGAGGTGGAGGTTGCAATGAGCCGAGATGGTGCCACTGCACTCCAGCCTGGGCAACAGAGGGAGACTCTGTCAAAAAAAAAAAAAAAAAAAAAGAAGAA"
"chr1","11429798","11430095","chr6","49767047","49767345","45","38337249","GCCAGACGTGGTGGCTCACACCTGTAATCCCACCACAGGCTGAGGTTGGCAGATCACTTGAGGTCAGGAGTTCGAGACCAGCCTGGCCAACGTGGAAAAACCCAGTCTCTACTAAAAAAGAAATACCAAAATTAGCCGGGTATAGTGGTGCATGCCTATAGTCCCAGCTACTTGGGAGGCTGAGGCAGGAGAATCACTTGAACCCGGCAGGCGGAGGTTGCAGTGAGCCAAGATCACGCCACTGCACTCCAGCCTGGGTGACAGAGCGAGACTCTGTCTCAGGAAAAAAAAAAAAAAA","GCCAGGCACAGTGGCTTATACCTGTAATCCCAGCACTATGGGAGGCCGAGGTTGGCGGATTACTTGAGGTCAGGAGGTTTGAGACCAGCCTGGCCAATATGGTAAAACCCCATCTCTACTAAAAATACAAAAATTAGCCAGGGATGGTGGCACATGCCTATTGTCCCAGCTACTTAGGAGTCTGAGGCAGGAGAATCACTTGAACCCGGGAGGCAGAGGTTGCAGTGAACCAAGATCACGCCACTGTACTCCAGCCTGGGTAACAGAGCGAGACTCTGTCTCAAAAACAAAAAAAAAAA"
"chr1","11437455","11437749","chr4","16350054","16350344","46","4912599","GGCCAGGCATGGTGGCTTACTCCTGTAATCACAGCAATTTGGGAGGCCTAGGCGGGTGGATCACTTGAGGTCAGATGTTCAATACCAGCCTGGCCAACATGGTGAAGCCCCATCTCTACTAAAAATACAAAAATTAACTGGGTGCAGTGGTGCGTGCCTGTAATCCCAGCTACTCAGGAGGCTGAGGCACAAGAATTGCTTGAGCCTGGAAGGCAGAGGTTGCAGTGAGCTGAAATCGCGCCACTGCACTCCTGCCTGTGTGACAGAGAAAGATTCTTCCCCTTCAAAAAAAGAA","GGCCAGGTGCAGTGGCTCATGCCTGTAATCCCAGCACTTTGGGAGTCCAAGGTGGGTGGATCATTTGAGGTCAGGAGTTCAAGACCAGCCTGGCCAACATGGTAAAACCCCATCTCTACTAAAAGTACAAAAATTAGCTGGACGTGGTGGTGCGTGCCTGTAATCCCAGCTACTCAGGAGGCTGAGGCAGGAGAATTGCTTGAACCCGGGAGGCAGAGGTTGCAGTGAGCCAAGATTGCACCACTGTACTCCAGCCTGGGCGACAGAGCAAGACTACATCTCAAAAAAAAA"
"chr1","11458016","11458274","chr11","126142075","126142326","37","114684059","GGCCAGGATCGGTGGCTCACGCCTGTAATTCCAGCACTTTGGGAGGCCGAGACGGGTGGATCACTTAAGATCAGGGTTCAATACCAGCCTGGCCAACATGGTGAAACCCTGTCTCTACTAAAATTACAAAAATTAGCCAGGTGTGGTGGTGCATGTCTGTAATCCCAGCTACTACTTAGGAGGCTGAGGCAGGAGAATCACTTGAACCTGGGAGGCAGAGATCGCAGTGAGCCGAGATCGCGCCACTGCACTCCAGTCT","GGCGGGGTTCGGTGGCTCACGCCTGTAATCCCAGCACTTTGGGAGGCCGACGTGGGTGATCACTTGAGGTCAGGCGTTCGAGAGCAGCCTGGCCAACATGGCAAAACCTGGTTTCTACTAGAAATTCAAAAATTAGCCAGGCGCGGTGGTGCATGCCTGTAATCCCAGCTACTCAGGAGGCTGAGGCAGGAGAATCGCTTGAACACGGGAGGCAGAGGTTGCAGTGAGCCGAGATCGCGCCATTGCACTCCA"
"chr1","11493443","11493736","chr5","132580082","132580369","32","121086639","GGCTGGGCTTGGTGGCTCACTCCTGTAATCCTAGCACTTTGGGAGGCGGAGGTGGGCGGATCACTTGAGGTAGGAGTTCAAGACCAGCCTGGCCAACATGGCGAAACCCCGTCTCTACTAAAAATACAAAAATTAGCCAGGCATGGTGGCATGCACCTGTAATCCCAGCTACTTGGGAGGCTGAGACAGGAGAATCATTTGAACCTCAGAGGTGGAGGTTGCAGTGAGCTGAGATCATGCCACCACACTCAAGCCTGGGCAACAGAGCAAGACTCCATCTCAAAAAAAAAAAAA","GGCTGGGCTTGGCGGCTCACTCCTGTAATCCCAGCACGTTGGGAGGCTGAGGCGGGCAGCTCACTTGAGGTAGGAGTTCAAGACCACCCTGGCTGACATGGTGAAACCCCATCTCTACTAAAAATACAAACATTAGCCAGGCATGGTGGCATGCACCTGTAATCCCAGCTACTCAGGAGGCTGAGACAGGAGAATCACTTGAACCTGAAAGGCAGAGGTTGCAGTGAGCTGAGATTGTGTCACCACACTCCAGCCTCGGCAACTGAGCAAGACTCCATCTCAAAAAAA"
"chr1","11495113","11495418","chr3","106655459","106655766","40","95160346","CTGGGTGTGGCGGCTCACACCTGTAATCTCAACACTTTGGGAGGCCAAGGCGGGCAGATCGCTTGTCAGGAGTTCGAGACCAGCCTGGCCAACATGGTGAAACCCTATCTCTACTAAAAAATACAAAAATTAGCCAGGCGTGGTGGTGCATGCCTGTAGTCCCAGCTACTCAGGAGGCTGAGGCACGAGAATCGCTTGAACCCGGGAGGTGGAGGTTGCAGTGAGCTGAGATCGCACCATTGCACTCCAGCCTGGGTGACAGAGCGAGACTCTGTCTCAAAAAACAAAACAAAACAAAAACAAAAA","GGTCGGGTGTGGTGGCTCGTGCCTATAATCCCAGCACTTTGGGAGGCTGAGGTGGGCAGATCACTTGAGGTCAGGAGTTTGAGACCAGCCTGGCCAACATGGTGAAACCCCGTCTCTACTAAAAATACAAAAATTAGCCAGGTGTGGTGGCATGCATCTGTAATCCCAGCTACTTTAGGAGGCTGAGGCAGGAGAATCGCTTGAACCCAGGAGGTGGGGGTTGCAGTGAGCTGAGATCGCACCACTGCACTCCAGCCTGGGCAACAGAGAGAGACTCTGTCTCAAAAAAAAAAAAAAAAAAAAAAAAA"
"chr1","11578602","11578898","chr7","46292384","46292671","42","34713782","GCCTGGTACGGTGGCTCACACCTGTAATCTCAGCACTTTGGGAGGCCGATGTAGGCGGATCACTTGAGGTCAGGAGTTCGAGACAAGCCTGGCCAATATGGTAAAATCCTGTCTCTACTAAAATTACAAAAATTAGCCAGGCATGGTGGTGCAGGCCTCCCAGATACTCCAGAGGCTGAGGTGGGACGATCGCTGGAATCTGGGAGGCGGAGGTTGCAGTGAGCCGTGATCGCGCCATTGGATTCCAGCCTGGGAGACAGAGTGAGACCCTGTCTCAAAAAACAACAAAAACAACAA","GGTGCAGTGGCTCATGCCTGTAATCACAGCACTTTGGGAGGCCAAGGTAGGCTGATCACTTGAGATCAGAGTTTGAGACCAGCCCTGCCAATATGGTGAAACCCTATCTCTACTAAAATTACAAAAATTAGCTGGGCATGGTCATGCAGGCCTCCCAGATACTTCAGAGGCTGAGGTGGAAGGATCGCTTGAATCTGGGAGGCGGAGGTTGCAGTGAGCCGAGATCATGCCATTGCACTTCAGCCTGGACAACAGAGTGAGACCCTGTCTCAAAAAACAAAACAACAA"
"chr1","11590954","11591264","chr12","87913370","87913678","43","76322416","GGCCAGGTGCGGTAACTCACATCTGTAATCCCAGCACTTTGGGAGGCCACAGTGGGCAGATCTCTTGAGGTCAGGAGTTCAAGACCAGCCTGGCCAACATGGTGAAACCCCATCTCTACTAAAAATACAAAAATTAGCTGGGCATGGTGGCGCGTGCCTATAATCCCAGCTACTCAGGAGGCTGAGGCAGGAAAATCGCTGGAACCCAGTAGGCAGAGGTTGCAGTGAGCCAAGATCACACTACTGCACTCCAGCCTCGGCCACAGAGTGAGACTCCGTCTCAAGAAAAAAAAAGCCACACACAAAAAAAA","GGCCAGGTGCGGTCGCTCACGCCTGTAATCCCAGCACTTTGGGAGACCAAGGCAGGCGGATCACTTGAGGTCAGGGATTCGAGACCAGCCTGGCAAACGTGGTGAAACCCTGTCTCTACTAAAAATACAGAAATTAGCTGGGCGTGGTGGTGCATGCCTGTAATCCCAGCTACTCGGGAGGCTAAGGCAGGAGAATCGCTTGAACCCAGGAGGTGGAGGTTGCAGTGAGCCAAGATCACGCCACTGCACTCCAGCCTGGGCAACAGAGTGAGACTCCGTCTCACAAAACAAAACAACAGCAACAACAAA"
"chr1","11596984","11597296","chr3","84624674","84624979","44","73027690","GGCTGGGCGTGATGGTTCATGCCTGTAATCCCAGCATTTTGGGAGGCAAGGCAGGCAGATCACTTGAGGTTGGGAATTTGAGACCAGCCTGGCCAACATGGCAAAACCCCATCTCTACTAAAAAATACAAAAATTAGTCTGGCGTGGTGGCACATGCCTGTAATCCCAGCTACTCAGGAGGCTGAGGCAGGAGAGTCGATTGAACCCAGCAGGTGGAGGTTGCAGTGAGCTGAGATCACACCACCGCACTCCAGCCTGGGCATCAGCATTGAGACTCCATCTCAAAAAAAAAAAAAAAAGAAAGAAAGAAAGA","GGCTGGGCTTCGTGGCTCATGCCTGTAATCCCAGCATTTTGGAAGGCCAAGGCAGGAGGATCACTTGAGATCAGGAGTTTGAGACCAGCCTGGCCAACATGGTGAAACCCCATCTCTATTAAAAATACAAAAATTAGCTTGGCGTGGTGGCACAGGCCTGTAATCCCAGCTACTCGGGAGGCGGAGGCAGGAGAATTGTTTGAACCCAGGAGGCAGAGGTTGCAGTGAGCCGATATTGCGCCACTGCACTCCAGCCTGGGCAACAGAGTGAGAATCCATCTAAAAAAAAGAAAAAGAAAAAAAAAA"
"chr1","11633227","11633509","chr11","97727292","97727572","39","86094065","GGCTGGTTGTGGTGGCTCATGCTTGTAATCCCAGCACTTTGGGAGGCTGCGGCGGGCAGATCACTTGAGGTCAGGAGTTCGAGACCAGCCTGGCCAACACGGCGAAACCCCATCTCTACTAAAAATACAAAAATTACAACCGGGCATCGTGGTGCACACCTGTAATCCCAGCTACTCGGGAGGCTGAGGCAGGAGAATCTCTTGAACCCAGGAGGGGGAGATTGCAGTGAGCCAAGATCGCACCATTGCTCTCCAGCCTAGGTGACAGAGTGAGACTCCATTT","GGCTGGGTGTGGTGACTCATGCCTGTAATCCCAGCACTTTGGGAGGCTGAGGTAGGCAGGTCACTTGAGGTCAGGAGTTCGAGACCAGCCTGGCCAACATGGTGAAAACCTGTCTCCACTAAAAATACAAAAATTAGCTGGGTGTGGTGGTGCACACCTGTAATCCCAGCTACTCAGGAGGCTGAGGCAGGAGAATCTCTTGAGTCTGGGAGGCGGAAATTGCAGTGAGCGGAGATCATGCCACTGTACTCCAGACTGGGTGACAGAGTGAGACTCTGTTT"
"chr1","11633550","11633846","chr4","30880097","30880395","42","19246547","GGCCGGGCATGGTGACTCATGCCTGTAATCTCAGCACTTTGGGAGGCCGAGGTGGATGGATCACTTGAGGTGGGAAGTTCGAGACCAGCCTGGTCAACATGGTGAAACCCCATCTCTACTAAAAATACAAAAATTAGCTTGGCTTGGTGACATGCGCCTGTAATCTCAGCTACTCGGGAGGCTGAGGCAGGAGGATCACTTGAACTCGGGAAGTGGAGGTTGCAGTGAGCCGGGATAGTGCCACTGCACTCCAGCCTGGGCAACAGAGTGAGACTCTGTCTCAAAAAGTAAAATAAA","GGCTGGGTGTGGTGGCTCATGCCTGTAATCCCAGGACTTTAGGAGGCTGAGGTGGGTGGATGATTTTAGGTCAGGATTTTGAGACTAGCCTGGCCAACGTGGTGAAACCCCAGTCTCTACTAAAAATACAAAAATTAGCTGGGCATGGTGGTGTGTGCCTGTAATCCCAGCTACTTGGGAGGCTGAGGCAGGAGAATCACTTGAACCCAGGAGGTGGAGGTTGCAGTGAGCCAAGATCATGCCACTTCACTCCAGCCTGGGAAACAGAGTGAGACTCTGTCTCAAAAAGAAAAAAAAAA"
"chr1","11639729","11640032","chr9","99101995","99102300","42","87462266","GACCGGGCACAGTGGCTCACGCCTGTAATCCCGACACTTTGGGAGGTCGAGGCGGGCGGATCACTTGAGGCCGGGAGTTCGAGACCAGCCTGACCAACATGGTGAAACCCCATCTCTACTAAAAATACAAAAAACAGCCAGGTGTGGTGGTGCACACCTGTAATCCCAGCTACTTGGAGGCTGAGGCAGGTGAATCACCTGAATCTGGGAGGTGGAGGTTACAGTGAGCCAAGATCATGCCACTGCACTCCAGCCAGGGAAACAGAGTGAGATTTCGTCTCAAAAAAAAAAAAAAAAAAAAAAA","GGCTGGGCACGGTGGCTCATGCCTGTAATCCCAGCACTTTGGGAGGTCGAGGTGGGTGAATCACTTGAGTTCAGGAGTTCAAGACCACCTTGGCCAACATGGTGAAACCCCGTGTCTACTAAAAATACAAAAATTAGTCAGGTATGGTGGCACACACCTGTAATCCCAGCTACTTGGGAGGCTGATGCAGGAGAATCACTGGAACCTGGGAGGTGGAGGTTGCAGTGAGCCAAGATCATGCCACTGCACTCCAGCCTGGGCAACAGATTGAGACTCTGTCTCAAAATAAAAAAAAAAGGAAGGAAA"
"chr1","11641235","11641534","chr11","123371423","123371718","42","111730188","GGCCAGGCGCGGTGGCTCACGCCTGTAATCCCAGCACTTTGGGAGGCTGAGGCGGGTGGATTGCTTGAGGTCAGGAGTTCCAGACCAGCCTGGGCAACATGGTGAAACCCCGTCTCTACCAAAAATACAAAACAATTAGCTGAGCCTGGTGGCACACGCCTGTAGTCCCAGCTACTTGGGAGGCTGAGGCATGAGAATCGCTTGAACCTGGGAGATGGAGGTTGCAGTGAGCAGAGATCGCACCACTGCACTCCAGCCTGGGTGGCAGTGAGATTTTCTCTAAAATAAAAATAAAAATAA","GGCTGGGCGTGGTAGCTCAGGCCTGTAATCCCAGCACTTTGGGAGGCCAAGGCAGGTGGATAACTTGAGGTCAGGAGTTCGAGCCCAGCCTGGCCAACATGGTGAACCTCCATCTCTACTACAAATACAAAAATTAGCTGGGCATGGTGGCACATGCCTGTAGTCCCAGCTACTTGGGAGGCTGAGGCAGGAGAATCGCTTGAATCCAGGGGTTGGAGGTTGCAGTGAGCCGAGATCACACCACTGCACTCCAGCCTGGGTGACAGAGTGAGACTCTGTCTCAAAAAAACAAAAAA"
"chr1","11644186","11644485","chr1","152107290","152107588","46","140463104","GCCAGGCGCCGTGGCTCATGCCTGCAATCCCAACACTTTGGGAGGCCAAGGCAGGTGGATCACTTGAGGCCAGGAGTTCAAGACCAGCCTGGCCAACATGGTGAGACCCTGTCTCTATTAAAAAAAAAAAAAAATTAGCTGGGCATGGTGGTGCACGCCTGTAATCCCAGCTACTCGGGAGGCCGAGACACAAGAATCGCTTGAATGCGGAAAGTGGAGTTTGCAGTAAGCTGAGATAGCACCATTGCACTCCAGCCTGGGCAACAGAGTGAGACTCCATCTCAAAAAAAAAAAAAAAAA","GGCCAGGCACAGTGGCTCATGCCTGAAATCCCAACACTTTGGGAGACCGAGGTGGGTGGATCACTTGAGATCAGGAGTTCATGAACAGCCTGGTCAACATGGTGAAATGCTGTCTCTATTAAAAATACAAAAATTAGCTGGGCATGGTGGCACATGCCTGTAATCCCAGCTACTCAGGAGGCTGAGACAAGACAATCACTTGAACCAGGAGGTGCAGGTTGCAGTGAGCTGAGATCACGTCACTGCGCTCCAGCCTGGGCAACAGAGCAAGACTCCATCTCAAAAAAAAAAAAAAAAAA"
"chr1","11686441","11686702","chr2","89755135","89755393","63","78068694","GGCCGGGCGCAGTGGCTCAAGCCTGTAATCCCAACACTTTGGCAGGTGGAGGCGGGCACATCACTTGGGGTCAGGAGTTCGAGGCCAGCCTGGCCAACATGGCGAAACCCCGTCTGTACTAAAAGTACAAAAAAATTAGCTAGGCGCGGTGGCTTATGCCAGTAATCCCAGAGCTTTGGGAGGCTGAAGCAGGAACTCTGGAGGCCAAATGTTCAAGACCAGCCTGGGTAACACAGCGAGACCCTGTCTCTATGAAAAAAGA","CTGGGCGTCATGGCTCATGCCTGTAATCTCAGCACTTTGGAAGTTCAAGGTGGGCAGATCACTTGAGGCCAGGAGTTTGAGACTAGCCTGGCCAACATGGTGAAACTTTGTCTCCACTAAAAATACAAAAATTAGCTAGATGTGGTGGCTTACACCTGTAATCCCAGCACTTTGGGAGGTTGAGGCAGGTGGATCATGAGGTCAGGAGATCGAGACCAACCTGGCCAACATGGTGAAACTCCGTCTCTTAAAAAAAAAA"
"chr1","11695297","11695612","chr7","46411877","46412184","56","34716580","GGCCAGGTGCAGTGGCTTATGCCTATAATCCCAGCACTTTGGGAGGCCGAGGCAGCTAGCTCACTTGAGGCCAGGGGTTCGAGACCAGCCTGGCCAACATGGTGCAACCCTATCTCTACTAAAAAAAAAAGATACAAAAATTAGCTGGGAAGTGTGGTGCACGCCTATAATCCCAGCTACTTGGGAGGCTGAGGTAGTAGAATCACTTGAACCCAGGAGGCACAGGTTGCAGGGAGCAGAGGCTGCAGTGAGCTGAGATTGCACCACTGCACTCCAGCCTGGGCAACAGAGTGAGATTCTGTCTCAAAAAAAAAAA","GGCTCACACCTGCAATCTCAGCACTTTGGGAAGCTGAGGTGGTTGGATCACTTGAGGCCAAGAGTTCGAAACCAGCCTGGCCAACGTGGTGAAACCCTGTCTCTACTTAAAACAAACAAAAAAATACAAAAATTAGCTGGACATAGTGGTGCATGCCTGTGATCCCAGCTACTCAGGAGGCTGAGGTAGGAGAATAGCTTGAACCCGGGAGGCACAGGTTGCAGTGAGCAGAGGTTGCAGTGAGCCGAGACTGCACCACTGCACTCCAGCCTGGGTGACAGAGTGAGACTCTGTTTCAAAAAAAAAAA"
"chr1","11708330","11708584","chr15","65468871","65469122","40","53760541","GGCTGGGCGTGGTGGCTCACACCTGTAATCCCAGCACTTTGGGAGGCTGGGCAGGCAGATCACTTGAGATCAGGAGTTGGAGACCAACCTGGGCAATATGGAGAAACCCCATCTCTATCAAAAATACAAAAATTAGCCAGGTGTGGTGGCGCATGCCTGTAATCCCAGTTACTCAGGAGGCTGAGGTGGGAGAATCACTTGAACCCTGGAGGCAGAGGTTGCAGTGAGCCAAGATTGAGCCCCTGCACTCCAGCC","GGCCAGGCGTGGTGGCTCATGCCTGTAATCCCAGAACTTTGGGAGGCTGAGGCGGGCAGATCACATAAGGTCAGGAGTTTGAGACTAGCCTAGCCAACATGGAGAAACCCCTGTCTCTACTAAAAATACAAAATTAGCCGGGCATGGTGACCCATGCCTTAATCCCAGCTACTCAGGAGGCTGAGGCAGGAGAATCGCTTGAACCCAGGAGGCGGAGGTTGCAGTGAGCCAAGATTGTGCCATTGTACTCCA"
"chr1","11717003","11717297","chr12","100785810","100786105","36","89068807","GGCCGAGCATGGTGGCTCATGCCTGTAATCCTAGCACTTTGGGAGGCCGAGGCAGGAGGATCACTTGAGGTCAGGAGTGAGACCAGCCTGGCCAACATGGTGAAACCCTGTCTCTACTAAAAATACAAAAATTAGATGGGCATGGTGGCACTTGCCTGTAATTCCAGCTACTCGGGAGCCTGAGGCATGAGAATCGCTTGAACCCGGGAGGCAGAGATTGCAGTGAGCCGAGATCCTGCCATTGCACTCCAGCCTGGGTGACTGAGTGAGACTCTGTCTCAAAAAGAAAAAAAAA","GGCTGGGCATGGTGGCTCATGCCTGTAATCCTAGCACTTTGGGAGGCCAAGGTGGGCAGATCACTTGAGGTCAGGAGTTCGAGACCAGCCTGGCCAACATGGCGAAACACTGTCTCTACTAAAAATACAAAAATTAGCCGGGCATGGTGGCACATGCCTGTAGTCCCAGCTACTTGGGAGGCTCAGGCAGGAGAATCACTTGAACCCAGGAGGCAGAGGTTGCATAGAGCCGAAATCATGCCACTATACTCCAGCCTGGGCAACAGAGCAAGACTCTGTCTCAAAAAAAAAAAAAA"
"chr1","11718022","11718334","chr19","43837344","43837658","42","32119322","GGCCCGGCACGGTGGCTCATGCCTGTAATCCCATCACTTTGGGAGGCGGAGGTGGGCAGATCACTTGAGGCCAGGAGTTCAAGACCAGCCTGGCCAACATGGTGAAACCCCATCTCTGCTAAAAAAAAAAAAAAAAAATACAAAATTAGCTGGGTGTGGTGGCGCATGCCTGTAATCCCAGCTACTCGAGAGGCTGAGGCAGGAGAATCACTTGAACCCAGGAGGCAGAGGTTTCATAAGCCAAGATGGTGCCGCTGCACTCCAGCCTGGGTGACAAGAGCAAAACTCCATCTCAAAAAAAAAAAAAAAAAAA","GGCTGGGCACGGTGGCTCACTCCTGTAATCCCAGCACTTTGGGAGGCCAAGGTGGGCAGATCACTTGAGGTCAGGAGTTCAAGACCAGCCTGGCCAACACGGTGAAACCCCATCTCTACTAAAAATACAAATAAATATTCAGAAATTAGCTGGGTGTGGTGGCGTGCCTGTAATTCCAGCTAATCCAGAGGCTGAGACAGGAGAATCACTTGTACACCCAGGAGGCGGAGGTTGCAGTGAGCCAGGATTGTGCGACTGCACTCCAGCCTGGGTGACAGAGTAAGATACTCCATTTCAAACAACAACAACAAAAAA"
"chr1","11726089","11726393","chr6","17068239","17068542","39","5342150","GGCCAGGTGCGGTGGCTCATGCCTGTAATCCCAGCACTTTGGGAGGCCGAGGTGGGTGGATCACTTGAGGTCAGGAGTTTGAGACCAGCCTGGCCAACATGGTGAAATCCCGTCTGTACTAAAAATACAAAAAGTAGCCTGGCGTGGTGGCACACGTTTGTAATCCCAGCTACTCGGGAGGCTGAGGCAGGAGAATTGCTTGAACCTGGGGGGCAGAAGTTGCAGTGAGCCGAGACCGTGCCACTTTACTCCAGCATGGGTGACAGAGCAAGACTCTGTCTAAAAAAAAAAAAACAACAAAAAAA","GGCTGGACGCAGTGGCTCATGCCTGTAATCCCAGCACTTTGGGAGGCCAAGGTGGGTGGATCACTTGAGGTCAGGAGTTCGAGACCAGCCTGGCCAACATGGTGAAACCCTGTCTCTACTAAAAATACAAAAATGAGCTGGGCATGCTGGTACACATCTGTAATCCCAGCTACTTGGGAGGCTGAGGCAAGAGAATCGCTTGAACCCAGGAGGCAGAGGTTGCAGTGAGCCGAGATTGCACCACTGCACTCCAGCCTGGGCAACAGAGCAAGACTCTGTCTCAAAAAAAAAAAAAAAAAGAAAA"
"chr1","11733610","11733909","chr17","19805804","19806104","38","8072194","GGCCGGGCACGGTGGCTCAAGCCTGTAATCCTAACACTTTGGGAGGCTGAGGCCGGTGGATCACTTGAGGTCAGGAGTTCGAGATCATTTTGGCCAACATGATGAAACCCCGTCTCTACTAAAAATACAAAAATTAGCCAGGCATGGGGGTGTGCACCTGTGGTCCCAGCTACTTGGGAGGCTGAGGCAGGAGAATTGCTTGAACCTGGGAGGTGGAGGTTGGAGTGAGCCGAGATCCTGCCACTGCACTCTAGCCTGGGCAACAGAGTGAGATTCCATGTCAAAAAAAAAACAAAAAAA","GGCTGGGCACGGTGGCTCATGCCTGTAATCTCAGCACTTTGGGAGGCTGAGGCGGGTGGATCACTTGAGGTCAGGAGTTTCAGACCACCTTGGCCAACATGGTGAAACCTCGTGTCTACTAAAAATACAAAAATTAGCCAGGCATGGTGGCATGCACCTGTGATCCCAGCTACTTGGGAGGCTGAGGCAGGAGAATCACCACTTGAACCCAGGAAGTGGAGGTTGCGGTGAGCCGAGATCATGTCACTGCACTCCAGCCTGGGCAACAGAGCAAGACTCCCTCTCAAAAAAAAAAAAAAAA"
"chr1","11739269","11739568","chr9","91498490","91498786","36","79759221","GGCCAGGCGTGGTGGCTCACACCTGTAATCCTAGCACTTTGGGAGACCCAGGCAGGTGGATCATTTGAGGTCAGGAGTTCGAGACCAGCCTGGCCAACATGATGTAACCCCACCTCTACTAAAAATACAAAAATTAGCTGGGTGTGGTGGTGCTCGCCTGTAGTCCCAGCTATTCAGGAGGTTGAGGCACCGAGGATCACTTGAACACGGGAGGCAGAGGTTGCAGTGAGCCGAGATCGCACCACTGCACTCCAGCCTGGGCGACAGAGCAAGACTCTGTCTCAAAAAAACAAACAAAAA","GGCCAGGTGTGGTGGTTCACACATGTAATCCCAGCACTTTGGGAGGCCAAGGCAAGTGGATCACTTGAGGTCAGGAGTTCAAGACCAGCCTGGCCAACATGGTGAAACCCCAATTCTACTAAAAATACAAAAATTAGCTGGGTGTGGTGGTGCATGTCTGCAATCCCAACTACTCAGGAGGTTGAGGCAAGAGAATCACTTGAACCTGGGAGGTGGAGGTTGCAGTGACCCAAGATTGCACCACTGCAGTCCAGCCTGGGCGACAGAGCGAGACCATGTCTCAAAAAAAAAAAAAAA"
"chr1","11759516","11759830","chr15","2738051","2738361","43","9021465","GGCCCGATGCAATGGCTCACGCCTGTAATCCCAGTACTTTGGGAGGCCAAGGTGGGTGGATCACTTGAGGTCAGGAGTTCCAGACCAGCCTGGCCAACATGGCGAAACCCCGTCTCTACTAAAAATATAAAAATTAGCTTGGTAGTGGTGGTGCGTGCCTGTAGTCCCAGCTACTGGGGAGGCTGAGGTAGGAGAATCTCTTGAACCCGGGAGGCAGAGTTTGCAGTGAGCCAAGATTGCGCCACTGCACTCCAGCCTGGGTGACAAGAGTGAAACTGTCTCAAACAAAACGAAACAAAACAAAACAAAACAAAA","GGCTAGGCGCAGTGGCTCACACCAGTAATCCCGGCACTTTGGGTGGCCAAGGTGGCTGGATCACTTGAGGTCAGGAGTTCGAGACTAGCCTGGCCAAGATGGCGAAACCCCTTCTCTACTAAAAATATAAAAATTAGGTGGGTGGTGGTGGTGCATGCCTGTAATCCCAGCTACTGGGGAGGCTGAGGTAGGAGAATTGCTTGAACCCAGAAGGCGGAGGTTGCAGTGAGCCAAGATCGCGCCACTGCACTCCAGCCTGGATGACAAGAGCAAAACTCCTCCTCCTCCTAAAAAAAAAAAAAAAAAAAAAA"
"chr1","11773426","11773737","chr11","123924507","123924822","38","112151081","GGCCGGGCGCGGTGGCTCATGCCTGTAATCCCAGCACTTTGGGAGGCCGAGGCAGGTGGATCACTTGAGGTCAGGAGTTTGAGACCAGCCTGGACAACATGGTGAAACCCCATCTCTACTAAAAATACAAAAATTTGTCGAGTATGATGGTGAACACCTGTAATCCCAGCTACTCGGGAAGCTGAGGCATGAGAATTGCTTGAACCCGGGAGGCAGAGGTTGCAGTGAGCCGAGATCGTGCCACTGCACTCCAGCCTAGGCGACAGAGTGAGACTCCATCTCAGAAATAAGTAAATAAATAAATAATAAAAA","GGCTGGGCCCAGTGGCTCACACCTGTAATCCCAGTGCTATGGGAGGCTGAGGCGGGCGGATCACTTGAGGTCAGGAGTTCGAGACCATCCTAGCCAACATGGTGAAACCCCATCTCTACTAAAAATACAAAAATTAGCTGGGCATGGTGGTGCACACCTGTAATCCCAGCTACTCGGGAGGCTGAGGCAGGAGAATTGCTTGAACCCGGGAGGCAGAGGTTGCAGTGAGCCGAGATCATGCCATTGCACTCGAGCCTGTGCGACAGAGCAAGACTCCATCTCAAAATAAATAAATAAATAAATACATAAATAAATA"
"chr1","11785723","11786032","chr3","165648344","165648651","48","153862621","GGCCTGGCGCGGTGGCTCACACCTGTAATCCCAGCACTTTGGGAAGTCGAGGTGGGAGGATCACTTGAGTTCAGGAGTTCGAGACCAGCTTGGGCAATATGGTGAAACCCCGTCTCTACTAAAAATACAAAAATTAGCCAGGCGTGGTGGCGTGCACTTGTAGTCCCAGCTACTCAGGAAGCTGAGGCGGGAGAATCACTTGAACCCGGGAGGCAGAGGTTGCAGTGAGCTGAGATCACTCCTCTGCTTCAGCCTGGGCAATTGAGCCAGACTCTGTCTCAAAAATAAACAAAAAAACTTGACAAAAAAA","GCTGGGCGTAGTGGCTCACACCTGTAATCCCAGCACTTTGGGAGGCCGAGGTGGACAGATCACTTGAGGCCAGGAGTTCTAGACCAGCCTGGCCAACATGGTGAAACCCTGTCTCTACTAAAAATACAAAAGTTAGCTGGGCTTGGTGGTGTGTGCCTGTAGTCCCAGCTACTCAGGAAGCTGAGGCTGGAGAATCACTTGAACATGGGAGGCGGAGGTTGCAGTGAGCTGAGATCACACCACTGCACTCCAACCTGGGCGACAGAGCAAGACTCTGTCTCAAAGATAAATAAGTAAATAAATAAAAA"
"chr1","11813393","11813690","chr5","23380593","23380893","39","11567200","GGCTGGGCGTGATGGCTCACGTCTGTAATTCCAGCAGTTTGGGAGGCCGAGATAGGTGGATCACTTGAGGCCAAGAGTTTGAGACCAGCCCGGCCAACATGGCGAAACCCCGTCTCTACCAAAAATACACAAATTAGGTGGGTGTGGTGGCACACACTTGTAATCCCAGCTACTAGGGTGGCTGAGGCAGGAGAATCGCTTGAACCCAGGAGGCAGAGGCTGCAGTGAGCCGAGATTGTGCTACTGCACTCCAGCCTAGGCGACAGAGTGAGACTCGGTCTCAAAAAAAAAAAAAAAA","GGCTGGGCGTGGTGGCTCACGCCTGTAATCCCAGCACTTTGGGAGGCTGAGGTGGGTAGATAACTTGAGGTCAGGAGTTCGAGACCAGCCTAGCCAACATGGTGAAACCCCTTCTCTACTAAAAATACAAAAATTAGCTGGATGTGGTGGCTCACGCTTGTAATCTTAGCTACTTGGGAGGCTGGGGCATGAGAATTGCTTGAACCCAGGAGGCAGAGGTTGCAGTGAGCCAAGATTGTGCCACTACACTCCAGCCTGGGCGACAGAGTGAGACTCCGTCTCAAAAAATAAATAAATGAAA"
"chr1","11814246","11814547","chr7","46553198","46553493","39","34738952","GGCTGGGTGCAGTGGCTCACACCTGTAATCCCAGCACTTTGGGAGGCTGAGGCAGGAGGATCACTTGAGGCCAGAAGTTCGAGACCAGCCTAGGCAAGATGGTGAAACCCCATCTCTACTAAAAATACAAGTTAGCTGGGAGTGGTGGAGCACGCCTGTAATCCCAGCTACTCGGGAGGCTAGGGCAGGAGAGCTGCTTGAACCTAGGAGGCGGAGGTTGCAGTGAGCCAGCCAAGATCATGCCACTGCACTCCAGCCTGGGCAACAAAGTGAGACACTCTCAAAAAAAAAAAAAAAAAAGA","GGCTGGGTGCAGTGACTCATGCCTGTAATCCCAGAACTTTGGGAGGCTGAGGCAGGAAGATCACTTGAGGCCAGAAGTTGAAGACCAGCCTGGGCAAGATGGTGAAACCCAGTCTTTACCAAAAATACAAAAGTTAGCTGAGAGTGTTGGAGCACGCCTGTAATCCCAGCTACTTGGGAGGATAGGGCAGGAGAATTGCTTGAACCTGGGAGGCGAAGGTTGCAGTGACCCAAGATTGTGCCACTGCACTCCACCCTGGGCAACAGAGCGAGACACGATCTCAAAAAAAAAAAAGA"
"chr1","11821276","11821566","chr9","84109498","84109792","41","72288222","GGCTGGGCGCGGTGGCTGACGCCTGTAATCCCAGCACTTTGGGAGGCCGAGGCAGGCGGATCACTTGAGGTCAGGAGTTCAAGACCAGCCTGGCCAACATGGTGAAACCCTGTCTCTACTAAAAATACAAATTGAGCTGAGTGTGGTGGTGTGCACCTTTAGTCCAGATACTTGGGAGGCAGAGGCAGGAGAATCACTTGAACCCAGGAGGCGGAGGTTGCAGTGAGCCGAGATTGCAACACTGTACTCCAGCCTGGGTGACAGAATGAGACTCTGATTCAGAACAAATAA","GGCTGGGCGCAGTGACTCACGCCTGTAATCCCAGCACTTTGGGAGGCCAGGGCAGGCGGATCACTTGAGGTCAGGAGTTCAAGACCAGCCTGGCCAACATGGTGAAACCTTAGTCTCTACTAAAAATACAAAAATCAGCTGGGCGTGGTGGCGCGCACCTGTAGTCCCGGCTACTTGAGAGGCTGAGGCAAGAGAATCACTTGAACCTCCTAGGAGGTGGAGGTTGCAGTGAGCTGAGATTGTGCCACTGCACTCCAGCCTGGGTGACAGAGCAAGACTCAAAAAAAAAAAAAAA"
"chr1","11851710","11851906","chr6","87840825","87841020","25","75989115","GGCTGAGTGCAGTGGCTCATGCCTGTAATCCCAGCACTTTGGGAGGCTGAGGTGGGTGGATCACTTGAGGTCAGGAGCTCGAGACCAGCCTGACCAACATGGTGAAACCCCGTCTCTACTAAAAATACAAAAATTAGCCAGGCATGGTGGTGTGCACCTGTAGTCCCAGCTACTCGGGAGGCTGAGGCAGGAGAATC","GGCCTGGTGTGGTGGCTTGCGCCTGTAATCCCAGCACTTTGGGAGGCTGAGGTGGGCAGATCACTTGAGGTCAGGAGTTAGAGATCAACCTGACCAACATGGTGAAACCCTATTTCTACTAAAAATACAAAAATTAGCCAGGCATGGTGGCACGTGTCTGTAGTCCCAGCTACTCAGAAGGCTGAGGCAGGAGAAT"
"chr1","11853908","11854218","chr5","64708567","64708868","45","52854659","CCGGGTGTGGTGGCTCACGCCTGTAATCCCAGCACTTTGGGAAGCCGAGGCAGGCAGATCATTTGAGGTCAGGAGTTCGAGACCAGCCTGGCCAACACAGTGAAACCCCGTCTCCACTAAAAATACAAAAAGATTAGCCAAGTGTGGTGGTACACGCCTCTAGTCCCAGCTACTCAGGAGGCTGAAGCAGGACAATTGCTTGAACCAGGGAGGCAGAGGTTGCAGGGAGCCAAGGTTGTGCCACTGCACTCCAGCCTGGGCAGCAGAGCAAGACTCTGTCTCAAAAAATAATTAATAAATAAAAAATAAGA","CTGGGCTTGGTGGCTCACGCCTGTAATTCCAGCACTTTGGGAGACAGGCAGGTGGATCACTTGAGGCCAGGAGTTTGAGACCATCCTGTACATCACAGTAAAACCCCGTCTGTACTAAAAATACAAAAATTAGCCTGGCATGGTGGTACGTGCCTGTAATCCCAGCTACTCAGGAGGCTGAGGCAGGAGAATTGCTTGAACCTGGGAGGCAGAGGTTGCAGTGAGCCAAGATTGTGCCACTGCACTCCAGCCTGGGCAACAGAGCGAGACTCCATCTCAAAAAAAAAAAAAAAAAAAAGAAA"
"chr1","11855254","11855555","chr6","17068239","17068542","36","5212985","GGCCAGGAGCAGTGGCTCAAGCCTGTAATCCCAGCACTTTGGGAGGCCGAGGCGGGTGGATCACTTGAGGCCAGGAGTTCGAGACCAGCCTGGCCAACATGATGAAACCCCATCTCTACAAAAAATACAAAAATTAGCTGAGGGTGGTGGTGCATGTCTGTACTCCCAGCTACTCAGGAGGTTGAGGCGAGAGAATCGCTTGAACCCGGGAGTCAGAGGTTGCAGTGAGCCGAGATTGCACCGCTGCACTTCAACCTGGATGACAGAGTGAGACCTGTCTCAAAAAAAAAAAAAAAAAGAAA","GGCTGGACGCAGTGGCTCATGCCTGTAATCCCAGCACTTTGGGAGGCCAAGGTGGGTGGATCACTTGAGGTCAGGAGTTCGAGACCAGCCTGGCCAACATGGTGAAACCCTGTCTCTACTAAAAATACAAAAATGAGCTGGGCATGCTGGTACACATCTGTAATCCCAGCTACTTGGGAGGCTGAGGCAAGAGAATCGCTTGAACCCAGGAGGCAGAGGTTGCAGTGAGCCGAGATTGCACCACTGCACTCCAGCCTGGGCAACAGAGCAAGACTCTGTCTCAAAAAAAAAAAAAAAAAGAAAA"
"chr1","11876700","11876984","chrX","107798255","107798539","37","95921555","GGCTGGGCGCAGTGGCTCATGCCCATGATGTCAGCACCTTGGGAGGCCGAGGCAGGTAGATCACTTGAGATCAGGAGTACGAGAGCAGCCGGGCCAACATGATGAAATCCCATCTCTACTAAAAATACAAAAATTAGCCAGGTGTGGTGGCGCACGCCTGTAGTCCCAGCTACTCAGGAGGCTGAGGCAGGAGAATGGCTTGAACCCAGGAGGCGGAGGTTGCAGTGAGCTGAAATCGCACCACTGCACTCCAGCCTGGGCAACAGAGCAAAACTCTGTCTCAAA","GGCAGGGCGTGGTGGCTCACACCTGTAATCCAGCACTTTGGGAGGCCGAGGCAGGTGGATCACTTGAGATAAGAAGTTTGAGAACAGCCTGGCCAACATGGTGAAACCCCATCTCTACTAAAAATACAAAAATTAGCCTGGTGTGGTGGCGCACACCTGTAGTCCCAGCTACTCAGGAGGCTGAGGCAGGAGAATCGCCTGAACCTGGGAGGCAGAGGTTGCAGTGAACTGAAATCACAACATTGCACTCCAGCCTGGGAGATAGAGCAAGACTCCGTCTCAAAA"
"chr1","11886642","11886944","chr4","26335541","26335842","43","14448899","GGCTGGGCACAGTGGCTCACACCTGTAATCCCAGTACTTTGGGAGGCCAAGGCAGGCAGATCACTTGGGGTCAGGAGTTCGAGACCAGTCTGGCCAACATGGCGAAACCCCATCTCTACTAAAAAATCCAAAAAATTAGTGGGGTGTGGTGGCGCATGCCTATAATACCAACTACTCAGGAGGCTGAGGCAGAGAATCGCTTGAACCTGGGAGATGGGGGTTACAGTGAGCTGAGATCGTGCCACTGCACTCCAGCCTGGGAGACACAGCAAGACTCTGCCTAAAAAAAAAGAAAAAAAGAAA","GGCCGGGCCCATTGGCTCACGCCTGTAATCCCAGCACTTTGGGAGGCCAAGGCAAGTAGATCACTTAAGGTCAGGAGTTCGAGACCAGCCCGACCAACATGGTGAAACCCAATCTCTACTAAACATACAAAAATTAGCTGGGCATGGTGGCGCACACCTGTAATCTCAGCTACTCAGGAGGCTGAAGCAGGAGAATTGCTTGAACCTGGGAGGTGGAGGTTACAATGAGCTGAGATCGCACCATTGCACTCCAGCCTGGGCGACAGAGCAAGACTCTGTCTCAAAAAAAAAAAAAAAAAAAA"
"chr1","11889449","11889754","chr9","111187673","111187975","47","99298224","GGCCGGGCACAGCGGTTCACACCTGTAATCCCAGCACTTTGGGAGGCTGAAGTGGGCAGATCACTTGAGGTCAGGAGTCCAAGACCAGCCTGGCCAACATGGTGAAACCCTATCTCTACTAAAAAAAAAAAAAACGAAAATTAGCCGGGTATGGTGGCACACGACTGTAATCCCAGCTACACGGAAGGCTGAGGCATGAGAATCGCTTGAACCCAGGGGACGGAGGTTGCAATGAGCCGAGATCATGTCATTGCACTCCAGCCTGGGTGACAGAGCTAGACTCTGTCTCAAAGAAAAATAAATAAA","GGCCGGGCGCAGTGGCTCACACCTGTAATCCCAGCACTGTGGGAGGCTGAGGCGAGCGGATCACTTGAGGTCAGGAGTCCAAGACCAGCCTGGCCAACATGGTGAAACCCCATCTCTACTAAAAATATTTTAAAAATTTGTCAGGTGTGGTGGTGCATGCCTGTAGTCCCAGCTACTCAGGAGGCTGAGCCAGGAGAATCACTTGAACCCAGGAGGCAGAGGTTGCAGTGAGCTGAGATCATGCCACTGCACTCCAGCCTGGGCAACAGAGCTAGACTCTATCTCAAAAAAAAAAAAAAAAAA"
"chr1","11902634","11902933","chr5","26961498","26961795","37","15058864","GGCCAGGCATGGTGGCTCATGCCTGTAAACCGAGCACTTTGGGAGGCTGAGGCGGGCAGATCACTTGCGGTCAGGAGTTTGAGACCAGCCTGGCCAACATGGTGAAACCCTGTCTCTACTAAAAATACAAAAATTCCCCAGGCATGATGGCACACATCTGTAATCCCAGCTACTCAGGAGGCTGAGGCAGGAGAATTGCTTGAACCCAGCGGGTTGAAGGTTGCAGTAAGCCAAGATCTTGCCAATGCACTACAGCCTGGGGAACAGAGCGAGACTCCGTCTCAAAAGAAAAAAAAAAAA","GGCCAGGCACGGTGGCTCATGCCTGTAATCCCAGCACTTTGGGAGGCCGAGGCAGGCAGATCACTAGAAGTCAGGAGTTTGAGACCAGCCTGGCCAACATGGTGAAAACCTGTCTCTACTAAAAATACAAAAATTAGCTGGGCATGGTGGCGCACTCCTGTAATCCCAGCTACTTGGGAGGCTGAGGCAGGAGGATTGCTTGAACCCAGGAGGTAGAAGTTGCAGTGAGCCGAGATTGTACCACTGCACTCCAGCCTGGGTGACAGAGCAAGACCCCATCTCAAAAAAAAAAAAAAAA"
"chr1","11941986","11942292","chr5","110323891","110324187","48","98381905","GGCCTGACACAGTGGCTCACACCTGTAATCCCAGCACTTTGGGAAGTGAGGGGAAGCTGAGGCAGGCAGATCAGTTGAGATCAGAAATTTGAGACCAGCCTGGCCAACATGGTGAAACCCCGTCTCTACTAAAAATACAAAAATTAGCTAGACGTGGTGGCAAGAGCCTGTAGTCCCAGCTACTCAGAAGGCTGAGGCACGAGAATTGCTTGAACCCAGGAGGCAGAGGTTGCAGTGAGCCAGGGTTGTGCCACTGTACTCCAGCCTGGGCAACAGGGTGAAACTCTGTCTCAAAAAAAAAAAAAAA","GGCCGGGCACGGTGGCTTATGCCTGTAATTCCAGCACTTTGGGAGGCTGAGGCAGGCAGATCACTTGAGGTCAGGAGTTCGAGACCAGCCTGGCCAACATGGTGAAACCTGGTCTCTACTAAAACTACAAAAATTAGCCAAGTGTAGTGGCACGTGCCTGTAATCCCAGCTACTCATGAAGCTGAGGCAGAGAATTGCTTGAACTCAGGAGGCGGAGGTTGTAGTGAGCCAAGGTCATGCCACTGCACTCCAGCCTGGGCAACAGAGTGAGACTCTGTCTCAAGAAAAGAAAACAAA"
"chr1","11945697","11946008","chr7","106080561","106080866","39","94134864","GGCTGGTCACAGTGGCTCACACCGGTAATCCCAGCACTTTGGGAGGCTGAGGCAGGCAGATCACTTGAGATCAGGAGTTCGAGAACAGCCTGGCCAACATGGTGAAACCCCGTCTCTACTAAAAATACAAAAATTAGCTGGGCGTGGTGGCATGTGCCTGTAGTCCTAGCTACTTGGGAGGCTGAGACAGGAGAATTGCTTGAACCCAGAAGGTAGAGGTTGCAGTGAGCCAAGATCGCACCACTGCACTCCAGCCTGGGTGACAGAGCAAGACTCCACCTCAAAAATAAAAATAAAAATAAATAAAAATAA","GGCGGGGCATGGTGGCTCACACCTGTAATCCCAGCACTTTGGTAGCCTGAGGCGGGCAGATCACTTGAGGTCAGGAGTTCCAGACCAGCCTGGCCAACATGGTGAAATCCTGTTTCTACTAAATATACAAAAATTAGCCAGGTGTGGTGGTGCATGCCTGTAGTCCCAGCTACTCAGGAGGATGAAGCAGGAGAATTGCTTGAACCCAGGAGATAGAGGTTGCAGTGAGCCAAATTGCACCCCTGCACTCCAGCCTGGGTGACAGAGCAAGACTCCATCTCAAAAAAAAAAAAAAAAAAAAAAAAA"
"chr1","11946988","11947266","chr21","43336613","43336889","44","31389625","GCTGGGCACGGTGGCTCATGCCTGTAATCCTGGCACTTTGGGAGGCCAAGGCGTGTGGATCATTTGCGGTCAGGAGTTTGAGACCAGCCTGGCCAACATGATGAAACCCCGCCTCTATTAAAAATACAAAAATTAGCTGGGCATGGTGGCGAGTGCCTGTAGTCCCAGCTACTCAGGAGGCGGAGGTTGCAGTGAGTTGAGATTGTGCCACTGCACTCCAGCTTCGGTGACAGAGTGAGATGCTGTCTCAAAAAAAAAAAAACAAAAACAAACAAACAA","GGCCGGGCATGGTGGTTCATGCCTGTAATCCCAGCACTTTGGGAGGCCGAGGCATGAGGATCACTTGAGGTCAGGAGTTTGAGACCAGCCTGGCCAACATGGTGAAACCCCATCTCTATTAAAACTACAAAAATTAGCTGGGCATGGTGGTGCACACCTGTAATTTCAGCTAGTTCAAAGGCGGAGGTTGCAGTGAGCTGAGATCGCACCACTGCACTCCAGCCTGGGTGACGGAGTGAAACTCTAGCTCAAAAAAAAACAAACAAAACAAAAAGAA"
"chr1","11950800","11951093","chr11","67036150","67036441","45","55085350","GGCCAGGTGTGGTGACTCATGCCTATAATCCCAGCACTTTGGGAGGCCGAGGCAGGTGGATCACTTAAGGCCAGGAGTTCGAGACCCACCTGGCCAACATGGCGATACCCCATCTCTACTAAATATACAAAAATTAGCCGGGCATAGTGGTGCATGCCTGTAATCCCAGTGACTTGGATGGCTGAGGCAGGAGGATTGCTTGAGCCCAAGAGGCGGAGGCTGCAGTGAGCTGAGATCCCACCACTGCACTCCAGCCTGGGCAACAGACTGAGATGCCGTCTCAAAATTTAAAAA","GGCCAGGTGCGGTGACTCATGCCTGTAATCCCAGCACTTTGGAAGCCCAAGGCAGGCGGATCACTTGAGGTCAGGAGTTTGAGACCAGCCTCGCCAACATGGTGAAACCCCATTTCTGCTAAAATTACAAAAATTAGCCGGGCATGGTGGTGCATGCCTGTAATCCCAGCTACTTGGGAGGCTGAGGCAGGAGAATCACTTGAACCCAGGAGGCAGAGGTAGCAGTGAGCTGAGACCATGCCACTGCATTCCAGCCTGGGCGACAGAGTAGACTCCATCTCAAAAAAAAAAA"
"chr1","11951284","11951534","chr20","35673131","35673379","37","23721847","GGCCAGGCGCGGTGGCTCACGCCTGTAATGTCAGCACTTTGGGAAGCCGAGGTGGGAGGATCACTTGAGGCCAGGAGTTCAAGACCAGCCTGGCCAACATGGCGAAACCCCATCTCTACTAAAAATATAAAAGGTAGCCGGGCGTGGTGGTACACGCCTGTAATCCCAGCTACTTGGGAAGCTGAGGCAGGAGAATCTCTTGAACCCAGGAGGTAGAGGTTGCAGTGAGCTGAGATGGTGCCACTGCACTC","GGTCAGGCGCGGTGGCTCACGCCTGTAATCCCAGCACTTTGGGAGGCTGAGGCGGGCGGATCACTTGAGGCCAGGAGTTCAAGACCAGCATGGCCAACATGGTGAAACCCTGTCTCCACTAAAATTACAAAAAGTAGCCAGGCATGGTGGCATGCACCTGTAGTCGCAGCTACTCAGGAGGCTTAGGCAGGAGAATCACTTGAACCTGGGAGGCAGAGGTTGCAGTGAGTCAAGATTGTGCCACTGCAC"
"chr1","11961787","11962086","chr5","2239871","2240172","43","9721916","CCAGGCGCAGTGGCTCACACCTGTAATCCCAGCACTTAGGGAGGCCAAGGCGGGCGGATCACTTGAGTTCGGGAGCTTGAGACAGGCCTGGAAAACATGGTGAAACCTCGTCTCTACTAAAAATACAAAAATTAGCCAGGTGTGGTGGCAAGCACCTGTAATCCCATCTACTTGAGAGGCTGAGGCAAGAGAATGGCTTGAACCTGGGACGGGGAGGTTGCAGTGAGCCGAGATCGCGCCACTGCGCTCCAGCCTGAGTGACGGAGTGAGACTCAGTCTCTAAATAAATAAATAAATAAA","GGCCAGGCGCAGTAGCTCATACCTGTAATCCCAGCACTTTGGGAGGCCGAGGCAGGCTGATCACTTGAGGTCAGGAGTTTGAGACCAGCCTGGCCAATATGGTGAAATTCCGTCTCTACTAAAAATAGAAAAATTAGCCAGGTGTGGTGGCATGTGCCTGTAATCCCAGCAATTTGGGAGGCTGAGGCAGGAGAATCGCTTGAACCCAGGAGGCAGAGGTTGCAGAGAGCTGAGGTCGCACCACTGCACTCCAGCCTGGGTGACAGAGTGAGACTCCGTCTCTAAATAAATAACTAAATAAA"
"chr1","11987028","11987342","chr8","89746565","89746876","49","77759537","GGCTGGGTACGGTGGCTCACGCCTGTATTCCCAGCACTTCGGGAGGCCGAAGCAGATGGATCACTTGAGGTCAGGAGTTTGAGACCAGCCTGGCCAACATGGTGAAGCCCTGTCTACGAAAAATAAAAAAATTAGCTGGGTGTGGTGGTACATGCCCGTACTCCAAGCTACTCAGGAGGCTGAGTGAGGCAGGAGGATCGCTTGAACCTGGGAGGTGGAGGTTGTAGTGAGCTGAGATTGCACCACTGCACCCAGCCTGGGTGACAAAAGTGAGACTCTGTCTCAAAAAAAAAAAAAAAATTATAATAAACAAAA","GGCCGGGCACGGTGGCTGATGCCTGTAATCCCAGCACTTTGGGAGGCTGAGGCAGGTGGATCACTTGAGGTCAGGAGTTTGAGACCAGCCTGGCCAACATGGTGAAACCTCGTCTCTATCAAAAATATAAAAAACTGGCTGGGTGTGGTGGTGCATGCCTGTAATTCAAGCTACTTGAGAGGGTGAGGCAGGAGAATCTCTTGAACCCGGGAGGCGGAGGTTGCAGTGAGCTGAGATCGCGCCACTGCACTCCAGCCTGGGCGACAGTGTGAGACTTTGTCTCAAAAAAACAAAAACAAAAACAAAACAAAA"
"chr1","11987348","11987647","chr4","21718170","21718470","40","9730822","GGCCGGGCGTGGTGGCTCATGCCTGTAATCCCAGCACTTTCGGAGGACAAGGTGGGTGGATCATTTGAGGTCAGGAGTTCAAGACCTACCTGGCCAACATGGTGAAACCCCACCTCTACTGAAAATACAAAAATTAGCCGGGCATGGTGGCGAGTGCCTGTAGTCCCAGTTGCTTGGGAGGCTGAGGCAGGAGAATAGCTTGAACTCGGGAGGTGGTGGTTGCAGTGAGCCGAGATCATGCCACAGCACTCCAGCCTGAGCGATAGAGCAAGACTCTGTCTCAGAAAAAAAAAAAAAAAA","GGCCTGGTGTGGTGGCTCATGCCTGTAATACCAGCACTTTGGGAGGCCAAGGCGGGTGGATCACTTGAGGTCAGGAGTTTGAGACCAGCCTGGCCAACATGGTAAAACCCCATCTCTATTAAAAATACAAAAATTAGCCGGGCATCGTGGTGCGTGCCTGTAATCCCAGCTGTTCGGGAGACTGAGGCAGGAGAATTGCTTAAACCCAGGAGGCGGAGGTTGCAGTGAACTGAGATCATGCCACTGCAAACCAGCCTGGGTGACAGAGCAAGACACTGTCTCAAAAAAAAAAAAAAAAAAA"
"chr1","12018067","12018155","chr22","459271","459357","16","11558796","GGCCCGGGGCGGTGGCTCACGCCTGTAATCCCAGCGCTTTGGGATGCCGAGGTGGGCAGATGGCTTGAGGTAAGGAGTTACAGCCCAGC","GACCGGGCGCGGTGGCTCACGCCTGTAATCCCAGCGCTTTGGGAGGTCCAGGTGGGCAGATCACTCGAGGTCAGTTTAAGACCAGCC"
"chr1","12023058","12023359","chr22","33981676","33981980","47","21958618","GGGGGCGGTGGCTCACTCCCGTAATCCTAGCACTTTGGGAGACCAAGGTAGGTGGATATCTTGAGCTCAGTAGCTTGAGACCAGCCTGGCCAATACAGGGAAACCCCATCTCTACTTAAAATACAAAAATTAGCCGGGCGTGGTGGTGCTCGCCTGTAATCCCAGCTACTCGGGAGGCCAAGGGATGAGAATCACTTGAACCTGGGAGGTGGAGGTTGCTGTGAGCCAACATCACACTACTGCACTCCAGCCTGGGGGACAGAGTGAGACTCCGTCTCAAAAAAAAAAAAAAAAAAAAAAGA","GGCCAGGCGCGGTGGTTCACGCCTGTAATCCCACCACTTTGGGAGACCAAGATGGGCAGATCACTTGAGGTCAGGAGTTTGAGACCAGCCTGGCCAACATAGTGAAACCCCGTCTCTAATAAAAATACAAAAATTGGCTTGGCGTGGTGGTGCACGCCTGTAATCCCAGCTACTTGGGAGGCTGAGGCAGGAGAATCACTTGAACCTGGGAGGCAGAGGTTGCAGTGAGCCGAGATCGTGCCACTGCACTCCAGCCTAGGCAACAGAGTGAGACTCCATCTCAAAAAAAAAAAAAAAAAAAAAAA"
"chr1","12026996","12027309","chr22","31767114","31767422","41","19740118","GGCTGGACACAGTGGCTCATGCCTATAATCCCAGCACTTTGGGAGGCCAAGGCGGGCAGATCACTTGACATCGGGAGTTCCAGACCAGACTGGCCAAGATGGCGAAACCCTGTCTCTGGCTAAAAATACAAAAATGAGCTGAGTGTAGTGGTGCATGCCTGTAATCCCAGCTACTTAGGTGGCTGAGACAGGAGAATCACTTGAACCTGGGAGGCGGAGGTTGCAGTGAGCTGAGATCACTGCTCCACTGCACTCCAGCCTGGGTGAAAGAACGAGACTCCATCTCAAAAAAAAAAAAAAAAAGAAAAAGAAAA","GGCCGGGCACGGTGGCTCATGCCTGTAATCCCAGCACTTTGGGAGGCCAACACGGGAGGATCACTTGAGGTCAGGAGTTCGAGACCAGCCTGGCCAACATGGCGAAACCCCGTTTCTACTAAAAATACAAAAATTAGCCAGGTGTGGTGGTGCATGCCTGTAATCCCAGCTACTCAGGAGGCTGAGGCAGGAGAATCGCTTGAATCTGGGAGGCAGAGGTTGCAGTGAGCTGAGATCATGCCCCTGCACCCCAGCCTGGGTGATGGAACGAGACTCCATTTCAAAAAAAAAAAAAAAGAAGAAGAGGAA"
"chr1","12033710","12034003","chr5","38614488","38614784","35","26580778","GGCTGGGCTTGGTGGCTCACTCCTGTAATCCCAGCACTTTGGGAGGCCGAGGCAGGAGGATCACTTGAGGTCAGGAGTTTGTGACCAGCCTGGCCAACATGGCGAAACCCCGTCTCTACTAAAAATACAAAAATTAGCTGGGGATGGTGATGCACACCTGTAATCCCAGCTACTCGGGAGTCTGAGGCGGAAGAATGGCTTGAACCTGGGAGGCAGAGGTTGCAGTGAGCCGGATCATGCCACTGCACTCCAACCTGGGCGACAGTGATACTCTGTCTCGAAAAAGAAAAAAAA","GGCTGGGTGTGGTGGCTCACACCTGTAATCCCAGCAATTTGGGAGGCTGAGGCAGGCGGATCACTTGAGGTCAGGAGTTTGAGACCAGGCTGGCCAACATGGTGAAACCCCATCTCTACTAAAAATACAAAAATTAGCTGGGCATGGTGGCACACATCTGTAATCCCAGCTACTTGGGAGACTGAGGCTGGAAAATTGCTTGAACCCAAGAGGTGGAGGTTACAGTGAGCCAAGATCATGCCACTGCACTCCAGCCTGGGTGACAGAGTGAGACTCTGTCTCAAAAAAAAAAAAAAA"
"chr1","12036424","12036731","chr9","11967801","11968108","47","68623","GGCTGGGCATGGTGGTTCACATCTGTAATCCCAGAACTTTGAGAGGCTGAGGCGGGTGGATCACTTGAGGTCAGGAGTTTGAGACCAGCCTGGCCAACATGGTGAAACCCTGTCTCTATGAAAAATACAAAAATTAGCTGGGCATATTGGCAAGCACCTATAATCCCAGCTACTCAGGAGGTTGAGCTATGAGAATCACTTGAACTTGGGAGGCGGAGGTTGCAGCAAGCTAAGATCGCGCTATTGCACTCCAGCCTGGGTGACAGAGTGAGACTCCGCCTCAAAAAATAAAAATAATTAAAATAAGA","GGCTGGGCGAGGTGGCTCACACCTATAATCCCAGCACTTTGGGAGGCCAAGGCAAGCAGATCACTTGAGGTCAGGAGTTTGAGACCAGCCTGGCCAACATGGCAAAACCCTGTCTCTACTAAAAATACAAAAATTAGCTGGGCATGGTGGTGCACACCTGTAATCCCAGCTACTCTGGAGGCTGAGTCAGGAGAATCACTTGAACCCAGGAGGCAGAGGTTGCAGTGAGCTGAGATTGTGCCATCGCACTCCAGCCTGGGTGACAGAGTAAGACTCCGTCTCAAAAAAATAAATAATAAAAATAAAAA"
"chr1","12044455","12044753","chr1","155767295","155767592","40","143722840","GACTGGGCGTGGTACCTCATGCCTGTAATCCTAGCACTCTGGGAGGCCGAGGTGGGTGGATCACTTGAGGTCAGGAGTTTGAGACCAGTCTGGCTAACATGGTGAAACCCCGTCTCTACTGAAAATACAAAAATTAGCCGGTGTAATGGCATGCACCTGAAATCTCACTTACTCGGGAGGCTGGGGCACGAGAGTCGCTTGAACCTGGGAGGCAGAGGTTGCAGTGAGCTGAGATCACGCCACTGCACTCCAACCTGGGTGACAGAGCGAGACTCTGACTCAAAAAAAAAAAAAAGAAA","GACTGGGCACAGTATCTCATGCCTGTAATCCTAGCACTTTGGGAGACTGAGGTGGGCAGATCACTTGAGGTCAGGAGTTTGAGACCAGCCTGGCTAACATGGTGAAAACCTGGCTCTACTAAAAATGCAAAAATTAGCCAGGTGTGATGGTGCATGCCTGTAATCTCAGTTACTCAGGAGGCTCAGGCAGGAGAATCGTTTGAACCCTGGAGGCGGAGGTTGCAGTGAGCTGAGATCATGCCACTGCACTCCAGCCTGGGCGACAGAGTGAGACTATCTCAAAAAAAAAAAAAAAAAA"
"chr1","12059038","12059347","chr6","17068239","17068542","42","5009201","GGCTGGGCGCGGTGGCTCTTGCCTGTAATCCCAGCACTTTGGGAGACCAAGGCATGCAGATCACTTGAGGTCAGGAGTTCAAGACCAGTCTGGCCAACATGGTGAAACCCTGTCTCTACTAAAAATACAAAAATCAGCTGAGTGCAGTGATGCTCGCCTGTAATCCCAGCTACTCGGGAGGCTAAGCATGAGAATCGCTTGAACCTGGGGAGGGGGAGGTTGTAGTGAGCCGAGATTGCACCACTGCTCTCCAGCCTGGGCAACAGAGTGAGACTCCATCTCAAAAAAAAAAAAAAAGAAAGAAAGAAAA","GGCTGGACGCAGTGGCTCATGCCTGTAATCCCAGCACTTTGGGAGGCCAAGGTGGGTGGATCACTTGAGGTCAGGAGTTCGAGACCAGCCTGGCCAACATGGTGAAACCCTGTCTCTACTAAAAATACAAAAATGAGCTGGGCATGCTGGTACACATCTGTAATCCCAGCTACTTGGGAGGCTGAGGCAAGAGAATCGCTTGAACCCAGGAGGCAGAGGTTGCAGTGAGCCGAGATTGCACCACTGCACTCCAGCCTGGGCAACAGAGCAAGACTCTGTCTCAAAAAAAAAAAAAAAAAGAAAA"
"chr1","12065079","12065382","chr1","168595556","168595859","35","156530477","GGCTGGGTGTGGTGGCTCATGCCTGTAACCCTAGCACTTTGGGAGGCCGAGACGGAAGGATCACTTGAGGTCAGGAGTTCGAGACCAGACTGACCAACATGGTGAAACCTCATCTTTACTAAAAATACAAAAATTAGCCGGGTGTGGTGGCACATGCCTGTAATCCCAGCTACCTGGGAGGCTGAGGCAGGAGAATCACTTGAATCCGGGAGGCAGAGGTTGCAGTGAGCCGAGATCGAGCATTGCACTCCAGCATGGGCAACAAGAGTGAGACTCAGTCTCAAAAAAAAAAAAAAAAAAAAAA","GGCTGGGTGAGGTGGCTCATGCCTGTAATCCCAGCACTTTGGGAGGCTGAGGTGGGCAGATCACTTGAGGTCAGGAGTTCAAGACCAGCCTAGCCAACATGGTGAAACCACATCTCTACTAAAAATACAAAAATTAGGTGAGTGTGGTGGCACATGCCTGTAATCCCAGCTATTTGGGAGGCTGAGACAGGAGAATCGCTTGAACCCGGAGGTAGAGGTTGCAGTGAGCCGAGATTGCGCCACTGCACTCCAGCCTGGGTAACAGAGTGAGACTCTATCTCAAAAAAAAAAAAAAAAAAAAAAA"
"chr1","12071859","12071986","chr3","165337457","165337591","17","153265598","GGTGGCTCATGCCTATAGTCCCAGCACTCTGGGAGGCCAAAATGGGTGGATCACTTGAGGTCAGGAGTTCGAAACCATCCTGGCCAACATGGTGAAACCCCATCTCTACTAAAAATACAAAAATTAGC","GGCACAGTGGCTAATGCCTATAATCCCAGCACTCTGGGAGGCCAACACGGGTGGATCACTTGAGGTCAGGAGTCCGAGACCAGCCTGGCCAACGTGGTGAAACCCCATCTCTACTAAAAATACAAAATTAGCCGG"
"chr1","12074274","12074579","chr7","6894852","6895150","43","5179422","GGCCGGGCCTGGTGGCTCATGCCTGTAATCCCAGCACTTTGGGAGGCCGAGGCGGGCGGATCACTTGAGGTCAGGAGTTTGAAAACAGCCTGGCCAATACAGCGAAACCCCCTCTCTACTAAAACTACAAAAATTAGCCTAGCGTAGTGGTGCACGCCTGTAATCCCAGCTACTCAGGAGGCTGAGGTAGCAGAATCTCTTGAAGCCGGGAGGCGGAGGTTGCAGTGAGCCAAGATCACATCAGTGCACTCCAGCCTGGGTGACAGAGTGAGATTCTGTCTCAAAAAAAAAAAAAGAAAGAAAGAA","GGTCAGGCCTGGTGGTTCACGCCTGTAATCCCAGCACTTTGGGAGGCTGAGGTGGGTGGATCACTTGAGGTCAGGAGTTCCAGAACAGCCTGGCCAACATGGTGAAACCCCATCTCTACTAAAAATGCAAAAATCAGCCAGGTGTGGTGGCATGCGCCTGTAATCCCAGCTACTCAGGAGGCTGAGGCAGGAGAATCGGCTTGAACCTGGGAGGCGGAGGTTGCAGTGAGCCAAGATCACGCCACTGCACTCCAGCCTGGGTGAAAGAGTGAGACTCTGTCTCAAAAAAAAAAAAAAAA"
"chr1","12074975","12075251","chr2","113220106","113220388","43","101145131","GGCCGGGCACAGTGGCTCATGCCTGTAATCCCAGCACTTTGGGAGGCCGAGGCAGGTGGATCACTTGAGGTTACGAGTTTGAGACATGGTGCAACCCAATCTCTACTAAAAATACAAAGCTTAGCCAGGTGTGGTGGCACATGCCTGTAATCCCAGCTACTCGGGAGGCTGAGGCAGGAGAATCGCTTGAACCTGGGAGGCAGAGGTTATAGTGAGCCGAGATTGCACCACTACACTCCAGCCTGGGCGACAGAGTGAGACTCTGCCAAAAAAAAAA","GCCGAGTATGGTGACTCATGCCTGTAATCCCAGCAGTTTGGGAGGCTGAGACAGGTGGATCACTTGAGGTCAGGAGTTTGAGACCAGCCTGGAAACCCCATCTCTACTCAAAATATAAAAATTAGCCAGGTGTGGTAGCCAGTGCCTGTAATCCCAGCTACTCAGGAGGCTGAGGCAAGAGAATTACTTGAACCTGGGAGGCAGAGGTTGCAATGAGCTGTGATTGTACCACTGCACTCCAGCCTGGGCGACAGAGGGAGATTCTGTCTCAAAAAAAGAAAAA"
"chr1","12078282","12078584","chrX","93623389","93623691","40","81545107","GGCCAGGCATGGTGGCTCATGCCTGTAATCCCAGCACTTTGGGAGGCTGAGGTGGGTGGCTCATTTGAGGTCAGGAGTTCGAGACCAGCCTGGTCAACATGGTGAAACCCTGCCTCTACTAAAAATATAAAAATTAGCCAGGTGTGGTGCCAAGCGCCTGCAGTCCCAGCTACTTGGGAGGCTGAGGCAGGAGAATTGCTTGAACGCGAGAGGTAGAGGTTGCAGTGAGCCGAGATCGCACCACTGCACTCCAGCTTGGGCGACGGAGCGAGTACTCTGTCTTAAAAAACAAAAACAAAAAAA","GCCAGGCGCGGTGGCTCATGCCTGTAATCCCAGCACTTTGGGAGGCAGAGGTGGGTGGATCACTTAAGGTCAGGAGTTCAAGACCAGCCTGGCCAACATGGTGAAACCCAGTCTCTACTAAAAATAAAAAAATTAGCCAGGTGTGGCTGCATATGCCTGTAGTCCCAGCTACTTGGGAGGCTGAGGCAGGACAATCACTTGAACCTGGGAGGCAGAGGTTGCAGTGAGCCAAGATTGCACCACTGCACTCCAACCTGGGTGACAGAGCGAGACTCCATCTCTAAATAAATAAATAATAAAAAA"
"chr1","12083407","12083706","chr6","17068239","17068542","43","4984832","GGCCCGGAGTGGTGGCTCATACCTGTAATCCCAGCACTTTGGGAGGCCAAGGCGGGTGGATCATTTGAGGTCAGGAATTCAAGACCAGCCTGACCAACATGGTGAAACTCTCTCTGCTAAAAATACAAAAACTAGCTGGGCATGGTGGCACACACCTGTAGTCTCAGTTACTTGGCAGGCTGAGGCACAAGAATCATTTAAGCCCAGGAGGTGGAGGCTGCAGTGAGTTGAGATTGCACCACTGCACTCCAACCTGGGCAATAGAGCAAGACTCTGTCTCAACAAATTAAAAAAAAGAGA","GGCTGGACGCAGTGGCTCATGCCTGTAATCCCAGCACTTTGGGAGGCCAAGGTGGGTGGATCACTTGAGGTCAGGAGTTCGAGACCAGCCTGGCCAACATGGTGAAACCCTGTCTCTACTAAAAATACAAAAATGAGCTGGGCATGCTGGTACACATCTGTAATCCCAGCTACTTGGGAGGCTGAGGCAAGAGAATCGCTTGAACCCAGGAGGCAGAGGTTGCAGTGAGCCGAGATTGCACCACTGCACTCCAGCCTGGGCAACAGAGCAAGACTCTGTCTCAAAAAAAAAAAAAAAAAGAAAA"
"chr1","12087156","12087467","chr5","127485810","127486119","43","115398654","GGCCTGGCACAGTGGCTCATGCCTGTAATCCCAGCACTTTATGAGGCCAAGGCGGGCAGACCACTGGAGGTCAGGAGTTGAAGACCAGCCTGGCCAACACGGTGAAACCCCATCTCTACTAAAAATACAAAAACTAGCTGGGTGTGGTGGCACATGCCTGTAATCCCAGCTACTCAGGAGGCTGAGGCAAGAGAATTGCTTGAACCTAGGAGGCGGAGGTTCCAGTGAGCCAAGATCACACCACCGTACTCCAGCCTGGACTACAGAGACAGACTCTATCTCAAAAAAAAAAAAAAAAAAAAGAGAGAGAGA","GGCCAGGTTGGGTGGCTCATACCTATAATCTCAGCACTTTGGGAGACCGAGGTGGGCAGAACACTTGAGCTCAGGAGTTCAAGACCAGCCTGGCCAACACGGTGAAACCCTGTCTCTACTAACAATACAAAAATTAGCCAGGTGTGGTGGCTCATGCCTGTAATCCCAGCTACTCAGGAGGCTGAGGCAGGAGAATCGCTTGAACCTCAGAGGTGGAGGTTGCAGTGAGCAAAGATCACACCACCGCACTCCAGCCTGGTTGACAGAGCAAGACTCTATCTCAAAAAAAAAGAAAAAGAAAAAAGAAAAA"
"chr1","12093545","12093788","chr5","3672109","3672360","41","8421436","CAGGCGGATCATTTGAGGTCAGGAGTTTGAGACCAGCCTGACCAACATGGTGAAACCTCATCTCTACTGAAAATGCAAAAATTAGCCAGGCGTGGTGGTGCACACCTGTAATACCAGCTACCTGGGAGGCTGAGGCAGGAGAATCACTTGAACCCAGGAGGCAGAGGTTGCAGTGAGCGGGCATAGCGCCACTGCACCCCAGCCTGGACAACGAAGCAAGACCCTGTCTCAAGGAAAAAAAAAA","AGGCCAGGCACAGTGGATCACTTGAGGTCAGGAGATCAAGACCAGCCTGGCCAACATGATGAAACCCCATCTCTACTAAAAGTACAAAAATTAGCCAGGCATGGTGGTGTGCACCTGTAGTCCCAGCTACCTGGGAGACTGAGGCAGGAGAATCACTTGAACCCAGGAGGCAGAAGTTGCAGTGAGCCAAGATCGCACCACTGCACTCCAGCTTGGGCAACAGAGCAAAACTCTGTCTCAAAAAAAAAAAAA"
"chr1","12094614","12094924","chrX","45395851","45396165","42","33301237","GCCGGGTGCGGTGGGTCAAACCTGTAATCCCAGCACTTTCGGAGGCCGAGGCGCATGGATCATTTGAGGTCATAAGTTCAAGACCAGCCTGGCCAACATGGTGAAACCCCGTCTCTACTAAAAATACAAAAATTAGCCGGGCATGGTGGTACACTCCTGTAATCCCAGCTACTCAGGAGGCTGAGGCAGGAGAATTGCTTGAACCTGGTAGGCGGAGGTTGCAGTGAGCCGAGATCGCGTCACTGCACTCCAGCCTGGGCGATAGAGTGAGACTCCGTCTCAAAAAAAAAAAGCAAAAAAAAAAAAAAAAA","GGCCAGGTGTGGTGAGTGACACCTGTAATCCCAGCACTTTGGGAGGCCAAGGCAGGTGGATCGCTTGAGGTCAGGAGTTCAAGACCAGCCTGGCCAACATGGTGAAACCCCATCTCTACCAAAAATACAAAAAATTAACCGGGCATAGTGGCACATGCCTGTAATCCCAGCTACTCAGGAGGCTGAGGCAGGAGAATCGCTTGAACCTGGGGGCGGGTGGAGGTTGCAGTGAGCCAAGAACGCACCACTGCACTCCAGCCTGGGCGACAGAGCAAGACTCTGTCTCAAAAAAAAAAAAAAAAAAAAGAAAAGAAA"
"chr1","12099144","12099444","chr8","107362312","107362609","45","95263168","GGCCGGGAATGGTGACTCACACCTGTAATCCCAACACTTTAGGAGGCCAAGGCGGCTGGATCACTTGAGGTCAGGAGTTTGAGACCAGCCTGGGCAACATGATGAAACCCCATCTCTTCTAAAAATACAAAAATTAGCCAGGCGTGGTGGTGCATCCCTGTAATCTCAGCTACTCAGGAGGCAGGAGAATCGCTCGAATCCAGGAGGTAGAGGTTGTAGTGAGCCGAGATTGCACCACTGCACTCCAGCCTGGGCGACAGAGTCAGACTCTGTCTCAAAAAGAAAAAAAAGAAAACAAAAA","GGCTGGGCATGGTGGCTGACGCCTGTAATCCCAGCACTTTGGGAGGCCGAGGTGGGTGGATCACTTGAGGTCAGGAGTTCAAGACCAGCCTGGCCAACACGGTGAAACCCCGTCTCTACTAAAAATACAAAAAATTAGCCAGGCGTGGGGGGCTGCTGCCTGTAATCTCAGCTACTCGGGAGGCAGGAGAATCGCTTGAACCAAGGAGGTGGAGGTTGCAGTGAACTGAGATCATGCCATTGTACTCCAGCCTGGGTGACAGAGTGAGACTCTGTCTCAAAAAGAAAAAGACAAAAAA"
"chr1","12100675","12100975","chrX","97185025","97185330","36","85084350","GGCAGCGTGCAGTGACTCACACCTGTAATCCCAGCACTTTGGGAAGCCGAGGTGGGCAGATCACTTGAGGTCAAGAGTTCAAGACCAGCTTGGCCAACATGGTGAAACCCCATCTCTACTAAAAATATAAAAATTAGCCGGGCACGTTGGCATGCGCCTGTAATCCCAGCTACTCAGGTGGCTGAGGCAGGAGAATTGCTTGAACCCGGGAGGCGGAGGTTGCAGTGAGCTGAGATTGTGCTACTGCACTCCAGCCTGGGTGACAGAATGAGACTCTGTCTCAAAAAAAAAAAAAAAAGAA","GGCTGGGTGCAGTGGCTCACACTTGTAATCCCAGCACTTTGGGAGGCCCAGGTGGAGCAGATCACTTGTGGTCAGGAGCTCAAGACCAGCCTGGACAACACGATGAAACCCCGTCTCTACTAAAAATACAAAAATTAGCCGGGCATGGTGGCGTGCGCCTGTAATCCCAGCTACTCAGGAGGCTGAGGCAGGAGAATCGCTTGAACCCAGGAGGCGGAGGTTGCAATGAGCCGAGATCATGCCACTGAACTCCAGCCTGGGTGACACAGCAAGACTCTGTCTCAAAAAAAAAAAAAAAAAAGGAAA"
"chr1","12113341","12113473","chr7","46869318","46869449","14","34755977","GGCCGGGGGCAATGGCTCATGCTTGTAATTCCAACACTTTGGGAGGCCAAGGCCGGCGGATCACTTGAGGCCAGGAGTTTGGGACCAGCCTGGCCAACATGGTGAAACCCCGTCTCTACTAAAAATACAAAAA","GGCCTAATGCAATGGCTCACACCTGTAATTCCAACACTCTGGGAGGCCAAGGCGGGCTGATCACTTGAGCCCAGGAGTTTGGAACCAGCCGGCCAACACGGTGAAACCCCGTCTCTACTAAAAATACAAAAA"
"chr1","12122836","12123128","chr14","5921690","5921981","37","6201146","GGCCAGGCACATTGGCTCACACCTGTAATCACAGCATTTTGGGAGGCTGAGGCAGGAGGACCACTTGAGGTCAGGAGTTCGAGACCAGCCTGACCAACACGGTGAAACCCCATCTCTACTAAAAACACAAAAATTAGCCAGGTGTGATGGCACACACCTGTAATCCTAGCTACTCAGGAGGCTGAGGCAGGAGAATCGTTTGAACCCGGGAGGTGGAGGCTGCAGTGAGCTGAGATCATGCCACTGCACTCCAGCCTGGGCGACAGAGAAAGACTCAAAATAAATAAAACAAA","GGCCAGGCACAGTGGCTCACGCCTGTAATCCCAGCACTTTCGGAGGCCAAAGCAGGTGGATCACTTGAGGTCAGGAGTTCGAGACAGCCTGGCCAACATGATGAAAACCCATCTCTACTAAAAACACAAAAAGTTAGCCAGGCGTGGTGGCACATGCCTGTAGTCCCAGCTACTCAGAGGCTGAGGCAGGAGAATCGCTTGAACCCAGGAGGTGGAGGTTGCAGTGAACTGAGATTATACCACTGCACTCCAGCCTGGGTGACAGAGCAAGACTCCATCTCAAAAAAAAAAA"
"chr1","12129895","12130210","chr6","17068239","17068542","45","4938344","GGCTGGGCGCGGTGGCAGCTCACGCCTGTCATCCCTGAACTTTGGGAGGCCGAGGCGGGAGGACCACTTGAGGCCAGGAGTTCGAGACCAGCCTGGCCAACATGGTGAAACTCTGTCTCTACTGAAAATACAAAAAATGAGCCAGGCATTGTGTGGCACACGCCTGTAATCCCAGCCACTTGGGAGGCTGAAGCAGGAGAATTGCTTGAACCCAGGAGGCGGGGGTTGCAGTAAGCCGAGATCACACTACTGCACTCCAGCCTGGGTGACAGAGCCAGACCCTGTCTCAAAAAAATAAACAAATAAATAGAGAAAA","GGCTGGACGCAGTGGCTCATGCCTGTAATCCCAGCACTTTGGGAGGCCAAGGTGGGTGGATCACTTGAGGTCAGGAGTTCGAGACCAGCCTGGCCAACATGGTGAAACCCTGTCTCTACTAAAAATACAAAAATGAGCTGGGCATGCTGGTACACATCTGTAATCCCAGCTACTTGGGAGGCTGAGGCAAGAGAATCGCTTGAACCCAGGAGGCAGAGGTTGCAGTGAGCCGAGATTGCACCACTGCACTCCAGCCTGGGCAACAGAGCAAGACTCTGTCTCAAAAAAAAAAAAAAAAAGAAAA"
"chr1","12139750","12139936","chr15","6967945","6968130","27","5171805","GGCTGGGCATGGTGGCTCATGCCTATAATCCCAGTACTTTGGGAGGCCAAGGCAGGCAGATCACCTTGAGGCCAGGAGTTCCAGACCAGCCTGGCCAACAGAGTGAAACCCCATCTCTACTAAAAATACAAAAAATTAGCCAGGCATGATGACACTCGCCCATAATCCCAGCTACTCAGGAGGCTGA","GGCTGGGCACAGTGGCTCATGCCTGTAATCCCAGCACTTTGGGAGGCCGAGGCAGGCAGACCACTTGAGGTCAGGAGTTTGAGACCAGCCTGGCCAACATGGTGAAACCTCATCTCCACTAAAAATACAAAAATTAGCCGGGCGTGGTGTCACTTGCCTGTGACCCCAGCTACTTGGGAGGCTGAG"
"chr1","12153994","12154303","chr7","80047681","80047980","50","67893687","GGCGAGGCACAGTGGCTCATGCTAGTAATCCTAACACTTTGGGAGGCCCAGATGGGCAGATCATTTAAGGTCAGGAGTTCAAGACCAGCCTGGCCAACATGGTGAAACCCCATCTCTACTAAAAATACAAAAATTAGTTGGGCATGGTGGTGCGCGCCTGTGGTCCCAGCTACTTGGGAGGCTGAGGCACGAGAATCACTTGAACCCAGCAGGCGGAGTTTGCAGCAAGCTGAGATCACGCCACTGCACTCCAGCCTGGGTGATGCAGCCAGACCAAGACCTTGTAACAACAACAACAAAAGTAAAACAA","GGCCAGGCACAGTGGCTCATACCTGTAGTCCCAGCACTTTGGGAGGCTGAGGTGGACGGATCACTTGAGGTCAGGAGTTTGAGACCAGCCTGCCCAACAAGGTGAAGCCCCATCTCTAATAAAAATACAAAAATTAGATGGGCATGGTGGTGCACGCCTGTAATCCCAGCTACTTGGGAGGCTGAGGCAGGAGAATCACTTGAACCTGGGAGGCGGAGGTTGCAGTGAACTGAGATCATGCCACTGCACTCCAGCCTGGGTGACAGAGCAAGACTGCATCTCAAAAAAAAGAAAAAAAAA"
"chr1","12160254","12160385","chr15","33787703","33787834","24","21627449","GGCTGGGTGTAGTGGGGCCTGTAATCCCAGCACTTTTGGAGGCCTAGGTGGGTGGATCACTTGAGCTCAGAAGTTTGAGACTGGCCTGGGCAACATAGTGAAACCCTTCTCTACTATTAAAAATAATAAGAT","GCTGGGTGTGGTGGCTCACACCTGTAATCCCAGCACTTTTGGAGGCCTAGGCGGGCAGATCACTTGAGGTCAGAAGTTCGAGACCAGCCTGGCCAGCATAGTGAAACCCTGTCTCTACTAAAATACAAAAAT"
"chr1","12170665","12170975","chr14","68680785","68681094","52","56510120","GGCCAGGCACAGTGGCACATGCTTGTAATCCCAGCACTTTGGGAGGCTGAGGCGGGAGGATCACTTGAGGTCAGGGGTCCAAGACCATCCTGGGCAATATGGTGAAACCCCGACTCTACTAAAAATACAAAAAAAAAAAAAATTAGTTGGGCATGGTGGTGCATGCCTGTAGTCCCAGCTACTCTGGAGGCTGAGGCAGGAGAATCGTTTGAACCCAAGAGGCAGATGGAGACTGCAGTGAGCAGAGATGTCGCCACTGCACTCCAGCCTGAGCAACAGAGCAAGACTCCATCTCAGAAAAAAAGTAAGAA","GGCTGGGTGCAGTGGTTCACCCCTGTAATCCCAGCACTTTGGGAGGCTGAGGCAGGTGGATCACTTGAGGCCAGGAGTTTGAGACCAGCCTGGCCAACATGGTGGAACTCTGTCTTTACTAAAAATACAAAAAAGAAAAAATAATTAGCTGGGCATGATGGTGTGTGCCTGTAGTCCCAGCTACTCTGGAGGCTGAGGCAGGATAATTGTTTGAACCCAAGAGGCAGAAGTTGTAGTGAGCTGAGATCACACCACTGCACTGCAGCCTGGGCAACAGAGTAAGACTCTTTCTCAAAAAAAAAAAAAAAAA"
"chr1","12174268","12174546","chr11","23439208","23439487","34","11264940","GCTGGGCGCAGTGGCTCACGCCTGTAATTCCAGCACTTTGGGAGGCCAAGGCGGGCAGATCACTTGAGGTCAGGAGTTCGAGACCAGCCTGGCCAACATGGTGAAACCCCATCTCTACTAAAAATACAAAAACTAGCCGGGTGTGGTGGTGCATGCCTGTAATCCCAGTTACTTGGAAGGTTGAGGCTGGAGAATAGCTTGAACCTGGGAGGCAGAGGTTGCAGTGAGCCAAGATCACGCCACTGCACTCCAGCCTGGGCAACGGAGTCAGACTCCATC","GGCTGGGTGGAGTGGCTCACACCTATAATCCCAGCACTTTGGGAGGCCAAGGCAGGTGGATCACTTGAGGTCAGGAGTTTGAGACCAGCCTGGCCACCATGGTAAAACCTTGTCTCTACTAAAAATACAAAAATTGGCTGGGCATGGTGGTGCATGCCTGTAATCCCAGCTACTGGGTAGGCTGAGGCAGGAGAATCACTTGAACCTGGGAGGCAGAGGTTGCAGTGACATGAGATCATGCCACTGCACTCCAGCCTGGGCAACAGAGTGAGACTCCATC"
"chr1","12175933","12176246","chr1","27883875","27884177","47","15707942","GGCCGGGCACGGTGGCTCACGCCTGTAATCCCAGCACTTTGGGAGGCCAAGGCGGGCGGATCACTTGAGGTCAGGAGTTGGAGACCACCCTGGCCAACATGGTGAAACCCTGTCTCTACTGAAAAAAAAAAAAAAAATTAGCCAGGCGTGGTGGTGTGCACCTGTAGTCCCAGCTACTTGGGAGGCTGAGGTATGAGAATCACTTGAACCCCAGAGGCGGAGGTTGCCGTGAGCTGAGATCGCACCATTGCACTCCAGTCTGGGTGACAGAACGAGACCCTGTCTCAAAAAAGCAAAACAAAACAAAACAAAAA","GGCTGGGTGCGGTGGCTCATGCCTGTAATCCCAGCACTTTGGGAGGCCAAGGCAGGTGGATCACTTGAGGTCAGGAGTTTGAGACCAGCCTGGCCAACATGGTGAAACCCTGTCTTACTAAAAGCACAAAAATTAGCCTGGTGTGCTGGTGTGTGCCTGCAGTCCCAGCTACTCAGGAGGCTGAGGCAGGGAAATCACTTGAACCCAGGAGGCGGAGGTTGCAGTGAGCGGACATCACTCCACTGCACTCCAGCCTAGTGACAGAGTGAGACTCTGTCTCAAAAAAAAAAAAAAAAAAAAAAA"
"chr1","12187141","12187452","chr5","150153039","150153350","44","137965898","GGCCAGGTGTGGTGGCTCACACCTGTAATCCCAGCACTTTGGGAGGCCGAAGCAGGTGGATCACTTGAGGTCAAGAGTTCGAGACCAGCCTGGCCAACAAGGCAAAACCCTGTCTCTACTAAAAATACAAAATTATCCCGGCATAGTGGCGTGTGCCTGTAATCCCAGCTACTCTGGAGGCTGAGGCAGGAGAATCCCCTGAACCTGGGAGGAGGAGGTTGCAGTGAGCTGAGATCATGCCACTGCACTTCCAGCCTAATTGACAGAGCAAAACTCCATCTCGAAAAAAAAAAAAAAAGAGGGGAGAAAAGA","GGCCAGGTGCGGTGGCTCATGCCTGTAATCCCAGTACTTGGAGAGGCCAAGCTGGGTGGATCACTTGAGGTCAGGAGTTTGAGACCAGCCTGGCCAACATAGTAAAACCCTGTCTCTACTAAAAATACAAAAATAAGCCGGGCATGGTGTCACGTGCCTGTAATCCCAGCTACTCGGGATGCTGATGCAGGAGAATCACTTGAACCCGGGAGGCAGAGGTTGCAGTGAGCCGAGATCATGCCACTGCACTCCAGCCTGGATGAAAGAGCGAAACTCCATCTCAAAAAAAAAAAAAAAAGAAAGAAAAGAAAA"
"chr1","12196019","12196329","chr12","36521035","36521342","43","24325016","GGCTGGGCACGGTGGCTCACTCCTGTAATCCCAGCACTTTGGAAGGCCGAGGTAGATGGATCACTTGAGGTCAGGAGTTCAAGACTAGTCTGGCCATCATGGTAAAACCCCATCTCTACTAAAAACAGAAAAATTAGCCAGGCGTGGTGGCACGTGCCTGTAGTCTCAGCTACTCGGGAGGCTGAGGCAGGAGAGTCGCTTGAACCCGGGCAGTGGAGGTTGCAATGAGCTGAGATCACACCACTGCTCTCCAGCCTGGGCAATAGAGCAAGACTCCATCTCAAAAGAAAAAATAAAATAAAATAAATAAA","GGCTGGGCACAGTGGCTCATGCTTGTAATCCCAGCACTTCGGGAGGCCAAGGTTGGATCACTTGAGGTCAGAAGTTCAAGACCAGCTTGGCCAACATGGTAAAGCCCCATCTCTACTAAAAATACAAAAATTAGCCAGGCATGGTGGCATGTGCCTGTAATCCCAGCTACTCAGGAGGCTAAGGCAGGAGACTTGCTTAAGCTCGGGAAGTGGAGGTTGAATTGAGCTGAGATCACACCACTGCACTCCAGCCTGGGTAACAGAGCAAGACTCCATCTCAAAACTAATAATAATAAAACAGAATAAAA"
"chr1","12210979","12211247","chrX","39387728","39387995","51","27176749","GGCTGGGCACAGTGGCTTATGCCTGTAATCCCAGCACTTTGGGAGGCTGAGGTGGGCAGACTGCTTGAGCTCAGGAGTTCAAGACCAGCCTGGGGCAACATGGTGAAACCTCATCTCCACAGAAAAATACAGAAACTAGCTGGGTGCGGTGGCACGTACCTGGAATCCCAGCTACCCATGAGGTTGAAGTGGGAGGATTGCTTGAGCCCAGGAGGCGGAGGTTGTTGTGAGCTGAGATCTTGCCACTGCACTCCAGCCTGGGGGATGGA","GGCCAGGTGCGGTGGCTCACACCTGTAATCCCAGCACTTTGGGAGGCTGAGGTGGGCAGATCACTTGAGGTCAGAAGTTTGAGACCAGCCTGGCCAACATGGTGAAACCCCATCTCTACCAAAAATATACAAAATTAGCTGGGTGTGGTGGCGCATGCCTGTAATACCAGCTACTCGGGAGGCTGAGGCAGGAGAATCGCTTGAACCTGGGAGGCGAAAGTTGCAGTGAGCCGAGATCGTGCCACTGCACTCCAGCCTGGGTGACAGA"
"chr1","12225963","12226278","chr7","46984113","46984428","39","34758150","GGCCAGGTATGGTGGTCACGCCTGTCATCCCAGCACTTTGGGAGGCCGAGGTGGGTGGATTACTTGAGGCTAGGAGTTTGAGACCAGCCTGGCCAACATGATGAAACACCGTCTCTACTAAAAGTACAAAAATTTGCCAGGCGTGGTGGTACATATCTGTAATCTCAACTACTGGGGAGGCTGAGGCAGGATAATCACTTGAACCTGGGAGGCAGAGGTTGCAGTGAGCTGAGATCGCGCCACTGCACTCCAGCCTGGGCAACTGGGTGACAGAGAGAGACTCCGTCTCAAAAAAAAAAAAAAGAAACAAAACAAA","GCTGGGTGTGGTGGCTCATGCCTGCAATCCCAGCACTTTGGAAGGCCAAGGTGGGTGGATGGATCACTTGAGGCTAGAAGTTCAAGACCAGCCTGGCCAACATGATGAAACACTGTCTCTACTAAAAATACAAAAATTACCCAGGCGTGGTGGTGCATATCTGTAACCTCAACTACTTGGGAGGTTGAGGCAGGAGAATCACTTGAACCCAGGAGGCAGAGGTTGCAGTGAGCTGAGATCGTGACACTGAACTCCAGCCTGGGTGACTGGGTGACAGAGAGAGACTCTGCCTCAAAAAAAAAAAAAAAAAAAAAAA"
"chr1","12247158","12247429","chr12","5182050","5182334","49","7065108","CACGCCTGTAATCCCAGCACTTTGGGAGGCCAAGGCAGGCGGATTGCTTGAGGTCAGGAGATCGAGACCAGCCTGGTGAAACCCCGTCTCTGCTAAAAATACAAAATTAGCTAGACATGGTGGCATGTGCGTGTCGTCCCAGCTACTTGGTGGGGAGGCTGAGGCAGGAAAGTCGCTTGAACCCGGGAGACGGAGGTTGCAGTGAGCCAAGATCACACCATTGCACTCCAGCCTGGGCGACAAAGCGAGACTCCATCTCAAAAAAAAAAAAA","ATGCCTATAATCCCTGCACTTTGGGAGGCTGAGGCGGGCAGATCACTTGAGCTCAGGAGTTCGAGACCAGCCTGGCCAACATGATGAAACCCCCTCTCTACTAAAAATAAAAAATTAGCCAGTGTGGTGGCACGTGCCTCTAGTCCCAGCTACTTGCGGGGGGGGGTGCTGAGGCAGGAGAATTGCTTGAACCCGGGAGGTGGAGGTTGCAGTGAGCCGAGATCACACCACTGCACTCCAGCCTGGGCGACAGAGTGAGACTCCATCTCAAAAAACAAAAACAAA"
"chr1","12262699","12263002","chrX","97185025","97185330","45","84922326","GCTGAGCGCAATGGCTCAGGCCTGTAATCCTGGCACTTTGGGAACCCGAGGAGGACAGATTGCTTGAGGTCAGGAGTTCAAAACCAGCCTGGCCAACGTAGCGATACCTTGTCTCCACTAAAAATACAAAAATTAGCTGGGCATGGTGGCGCGCGCCTGTAGTCACAGCTACTCAGGAGGCTGAGGCAGGAAAATCGCTTGAACCCAAGAGGCAGAGGTTGCAGTGAGCCAAGATCATGCCACTGCACTGCAGCCTAGGCGACAGAGCAAGACTCTGTCTCAAAAAAAAAAAAAAGAAAGAAAA","GGCTGGGTGCAGTGGCTCACACTTGTAATCCCAGCACTTTGGGAGGCCCAGGTGGAGCAGATCACTTGTGGTCAGGAGCTCAAGACCAGCCTGGACAACACGATGAAACCCCGTCTCTACTAAAAATACAAAAATTAGCCGGGCATGGTGGCGTGCGCCTGTAATCCCAGCTACTCAGGAGGCTGAGGCAGGAGAATCGCTTGAACCCAGGAGGCGGAGGTTGCAATGAGCCGAGATCATGCCACTGAACTCCAGCCTGGGTGACACAGCAAGACTCTGTCTCAAAAAAAAAAAAAAAAAAGGAAA"
"chr1","12270175","12270479","chr8","90070086","90070388","44","77799911","GGCTGGGTGTGGTGATTCACACCTGTAATCTCAGCACTTTGGGAGGCTGAGGCAGGCGGATCACTAGAGGTCAGGAGTTCAAGACCAGCCTAGCCAACATGGTGAAACCCTATCTCTACTAAAAATACAAAAATTAGCTGGGTGTGGTGGTGTGCACCTGTAATCCCAGCTACTCGGGAGGCAGGAGACTCGCTTGAACCTGGGAGGCGGAGGCTGCAGTGAGCCAAGATCATGCCACTGCACTCCAGCCTAGGAGACAGAGCGGGACTTTGTCTTAAAAAAGAAGAAGAAGAGAAAAAAAAGAA","GGCTGGGTGTGGTGGTTCACACCTATAATCCCAGCACTTTGAGAGGCCGAGGCAGGTGATCACTTGAGGTCAGGAGTTCGAGACCAGCCTGGCCAGCATGGTGAAACCCTGTCTCTACTAAAAATACAAAACTTAGCTGGGTGTGGTGGCGTGCACCTGTAATCCCAGCTACTTGGAGGTGCTGAAGCAGGAGAATTGCTTGAACCCAGGAGGCAGAGGTTGCAGTAAGCCAAGATCATGCCATTGCACTCCAGCCTGGAAGACAGAGTGAGACTCTGTCTTAAAAAAAAAAAAAAAAAAAAA"
"chr1","12274411","12274611","chr7","61908734","61908933","34","49634323","GGCTGGGCATCGTGGCTCACACCTGCAATCCCAGCACTTTGGGAGACTAAGACAGGCAGATTGCTTGAGGTTAGGAGTTCGAGACCTGCCTGGCCAACATGGCGAAACCCCATCTCTACTAAAAATACAAAAATTGGCCGGGCGTGGTGGCTCACACCTGTAATCCCAGCACTTTGGGTCGCCAAGACAGGTAGATCACTT","GGGCATGGTTGCTCACACCTGTAATCCCAGCACTTTGGGAGGCTGAAGCAGGAGGATCACTTGAGGTCAGGAATTTGAGATCAGCTTGGCCAACATGGTGAAACCCCATCTCTACTAAAAATACAAAAATCAGGCTGGGCGTGATAGCTCACAGCTGTAATCCCGGCACTTTGGGAGGCCGAGGCAGGTAGATCACTTGA"
"chr1","12280501","12280788","chr6","85003601","85003881","47","72723100","GGCCGGGCATGGTGGCACACACCTGTAATCCCAGCACTTTCGGGGGCCAAGGCAGGAGGATCACTTGAAGCAAGGAGTTCAAGACCAGCCTGGCCAATGTGGTGAAACCCCGTCTCTACTAAAAATACAAAAATTAGCCAGTGTGGTGGCGAATGCCTGTAATCACAGCTACCCAGGAGGCTGAAGCAGCAGAACTGCTTGAATCTGGGAGGCAGAGGTTGCAATGAGCCAAGATCACACCACTGGCACTGTAGCCTGAGACTCCGTCTCAAAAAAAAAAAAAAAAAA","GGCCGGGCACAGTGGCTCACACCTGTAATCCCAGCACTTTGGTAGGCCAAGGCACCTGGATCACTTGAGGTCAGGAGTTCAAGACCAGCCTAGCCACATGATGAAACCCCGTCTCTACTAAAAATACAAAAATTAGCCAGGTGTGGTGGCACACGCCTGTAATCCCAGCTATTCAAGAGTCTGCAGCATGAGAATTGCTTGAACTTGGGAGGCAGAAGTTGCAGTCAGCCCAGATCACACCACTGCACTCCAGCCTGTCTCAAAAAAAAAAAAAAAAAAAA"
"chr1","12285256","12285583","chr5","96896431","96896755","56","84611175","GCGCAGTGGCTCACTCCTGTAATCCCAGCACTTTGGGAGACTGAGGCAGGCAGACCACTTGAGGTCAGGAGTTTGAGACCAGCCTGACCAACATGATTAAACTCCATCTCTACTAAAACTACAAAATTAGATGGGCATGGCGGCGCGCACCTGTAATCCCAGCTACTCAGGAGACTGAGGCAGGAGAATTGCTTGAACCCAGGAGGCAGAGGTTGCAGTGAGCCAAGATCCCGCCACTGCACTCCAGCCTGGGCGACAGAGCGAGACTCCGTCTCAAAAAAAAAAAATAAATAAATAAATAAATAAATAAATAAATACATAAAATAAA","GCCAGGGGCGGTGGCTCATGCCTATAATCCCAGCACTTTGCGAGGCCGAGGCAGGCAAGTCACTTGAGGTCAGGAGCTTGAGACCAGCCTGGTCAACATGATGAAACCCCATCTCTACTAAAAATACAAAAATTAGCCAGGCATGGTGACGCATGCCTGTAATCCCAGCTACTTGGGAGGCTGAGGCAGGAGAATCGCTTGAACCCAGGAGGTGGAGGTTGCAGTGAGCGGAGATCATGGCACTGCAGTCCAGCCTGGTGCCAGAGCAAGACTGTCTCAAATAAATAAATAAATAAATAAATAAATAAATAAATAAATAAATAAA"
"chr1","12286076","12286377","chr5","38201290","38201586","44","25915214","GGCTGGGCACAGTGGCTCATGCCTGTAATCCCAGCACTTTGGGAGGCCAAGGCAGGCCGATCACTTGAGGCCAGGAGTTTGAGACCAGCCTGGGCAACATGGTGAAACCCCATCTCAACTAAAAACACAAAGATTAGCAGGGTGTGGTGGCACACATCTGTAGTCCCAGCTACTCGAGGGACTGAGGCAGGAGAATAGCTCGAACCCAGGAGGCAGAGGCTGCAGTGAGCCAAGATCATGCCATTGCACTCCAGCCTGGGCAACAGAGCAAGACTCCTTCGAAAAGAAGGAAAGAAAGGAAA","GGCAGGGCAAGGTGGCTCATGCCTGTAATCCCAGCACTTTTGGGAGGCCGAGGCAGGCAGATCACTTGAGCTCAGGAGTTCGTGACCAGCCTGGGCAACATGGTGAAACTCCATCTCTACTAAAATACAAAAATTAGCCGGGCATGGTGGCACGTACCTGTAGTCCCAGCTACTCAGGAGGCTGAGGCAGGAGAATTGCTTGAACCCAGGAGGTGGAGGCTGCAGTGAGCCGAGATAATGCACTGCACTCCAGCCTGGGTGACAGAGCAAGACTCCATCTCAGAGGAAAACAAAAAA"
"chr1","12288841","12289141","chr7","47068876","47069165","46","34780035","GGCCAGGTGCTGTGGCTCACACCTGTAATCCCAGCACTTTGGGAGGCAGAGGCAGGAGGATGACTTGAGGTCAGGAGTTCGAGAATAGCCTGGCCAACACAGTGAAACACTGTCTCTACCAAAAATACAAAAATTAGTTGGGCATGGTGGCATGCACCTGTAATTCCAGCTATCTGGAAGGCTGAGGCAAAAGAATCGCTTGAATCCAGGAGGCAGAGGCTGCAGTGAGCCAAGACTGCACCACTGCACTCTAGCCTGGGCAACCAAGCGAGATCCTGTCTCAAAAACACAGAATAAAGAA","GTGGCTCACACCTGAAATCCCAACATTTTAGAAGGCAAAGGCAGGAGGATCACTTGAGGTCAGGAGTTCGAGAGCAGCCTGGCCAACATGGTGAAATACATCTCTATCAAAAAATACAAAAATTAGCTGGGCATGGTGGCATGCACCTGTAATTCCAGCTATTTGAAAGGCTGAGGCATGAGAATCACTTGAATCCAGGAGGTGGATGCTGCAGTGAACCGAGATTGCGCCACTGCACTCCAGCCTGGGCGACTAAGCGAGACCCTATCTCAGAAACACAGAATAAAGAA"
"chr1","12323945","12324188","chr7","47114303","47114544","44","34790358","GCCTGTCATCCCGGCATTTTGGGAGGCCAAAGCGGGCAGATCACTTGAAGTCAGGAGTTCGAGACCAGTCTGGCCAACATGGTGAAACCCCACCTCTACTAAAAATACAAAAATTACCTAGGTGTGGTGACGCATGCCTATAAACCCAGGTACTCAGGAGGCTGAGGCAGAAGAATGGCTTGAACTGGGGAGGTGGAGGTTGCAGTGAGCTGAGGTGGCGCCACTGCACTCCAGCCTGGGTGAC","CTGTAATCCCAGAACTTTGGGAGTCTGAGGTGGGTGGATCACTTGAGGTCAAGAGTTCGAGACCAGACCAGCCAACATGGTGAAATCCCATCTCTACTAAAAATTAAAAATTAGCTGGGCATGGTGACGCATGCCTGTAATCCCAGCTACTCAGGAGGATGAGGCAGGAGAATGGCTTGAACCTGGGAGGTGGAGGTTGCAGTGAACCAAGATCGCACCATTGCACTCCAGCCTAGGCAACA"
"chr1","12343189","12343469","chr4","34845790","34846071","41","22502601","GGCCAGGTGTGGTGGCTCACACCTGTAATCCCAGCACTTTGGGAAGCCGAAGCGGATCACTTGAGGTCAGGATTTTGAGACCAGCCTGGCCAACATGATGAAACCCCATCTCTACTAAAAATAAAAAATTAGCCAGGTGTGGTGGAGCATCCCTGTAATCCCAGCTACTCAGGAGGCTGAAGCAGGAGAGTTGCTTGATCCCAGGAGGCAGAGGCTGCAGTGAGCTGAGATCGTGCCACTGCACTCCAGCCTGGGCAACAGAGCAAGAAGACCCTGTCTCA","GGCCAGGCGTGGTGGCTCACACCTGTAATCCCAGCACTTTGGGAGGCCAAGGTGGGTGGATCACTTGAGGTCCGGAGTTTGAGACCAGGTTGGCCAACATGGTGAAACCCCGTCTCTACCAAAAATACAAAAATTAGCTGGGCATGGCGGCACGCATCTGTAATCCCAGCTACTCGGGAGGCTGAGGCAGGAGAATCGCTTGAACCCGGGAGGCGGAGTTTGCAGTGAGCTGAGATCGTGCCACTGCACTCCAACCTGGGCAACAGAGCAAGACTCTGTCTC"
"chr1","12352009","12352304","chr13","20723712","20724002","42","8371703","GTCAAGTGCAGTGGCTCACGGCTATAATCCCAGCACTTTGGGAGGCCAAGGTGGGCAGCTCACTTGAGATCAGGGGTTCGAGACCAGCCTGGCCAATATGGTGAAACTCCGTCTCTAGTAAAAATACAACAAATTAGCCAGACATGGTGGTACACGCCTGTAATCCCAGCTACTCCAGAGGCTAAGGCAGGAGAATCGCTTGAATCTGGGAGGCAGAGGTTGCAGTGAACTGAGATCACACCACTGCACTCCAGCTTGGGTGACAGAGCGAGACTCTGTCTCAAAAAAATAAAGAA","GACCAAGCACAGTGGCTCATGCCTGTAATCCCAGCACTTTGGGAGTCCAAGGTGGGCAGATCACTTGAGGTCAGGAGTTTGAGACCAGCCTGGCCGACATGGTGAAAGCCCGTCTCTACTAAAAATACAAAAATTAGCCAGGTATGGCAGTGCATGCCTGTAATCCCAGCTACTCCAGAGGCTGAGGCAGGAGAGTCACTTGAACCCGGGAGGTAGAGGTTGCAGTGAGCCAAGATCTCACCACTGCACTCCAGCCTGGGTGACAGAGTGAGACTCTGTCTCAAAACAAAA"
"chr1","12361855","12362162","chr5","42661443","42661746","40","30299588","GGCCGGGTGTGGTGGCTCATGCCTGTAATCCCAGCACTTTGGGAGGCCGAGATGGGTGGATCATTTGAGGTCAGGAGTTCAAGACCAGCCTGGCCAACATGGCGAAACCCCATCTCTACTAAAAATACAAAAATTAGCTGGGCATGGTGGCACGCACCTGTAGTCTCAGCTACTCGGGAGGCTGAGGCAAGAAAGAGAATTGCTTGAACTTGGGAGGCAGAGGTTGCAATGAGCCAAGATTGCACCATTACACTCTAGTCTGGGTGACAGTGTGAGACTCCGTCTCAAAAAATAAATAAATAAAAGAA","GGCTGGGTGTGGTGGCTCATGCCTGTAATCCCAGCACTTTGGGAGGCCGAGGTGGGTGGATCACTTGAGGTCAGGAGTTCAAGACCAGCCTGGCCAGCGTGGTGAAACTCCATCTCTACTAAAAACACAAAAATTAGCTGGGTGTGGTGGTGCACACCTGTAATCCCAGCTACTCAGGAGGCTGAGGCAGGAGAATTGCTTGAACTTGGGAGGGGGAGGTTGCAGTGAGCCGATATCTCACCACTGCATTCCAGCCTGAGTGACAGAGTGAGACTCCATCTCAAAGAACAAGCAAACAAAAGAA"
"chr1","12388293","12388608","chr16","75482904","75483210","46","63094611","GGCCAGGTGAGGTGGCTCACGCCTGTAATCCCAGCACTTTGGGAAGCTAAGGCAGGTGGATCACTTGAGGTCAGGAGTTCGGGACCAGCCTGGCCAACGTGGTGAAACCCCATCTCTACTAAAAATACAAAATTAGCCAGGTGTGGTGGCACACACCTGTAATCCCAGTTACTCGGGAGGCTGAGACAGGAGAATTGCTGGAACCTAGGAGGTGGAGGTTGCATTGAGCCAAGATTGTGCCACTGCACTCCAGCATGGTGACAGATGGAGACTCTTGTCTCAGGGGGAAAAAAAAAAAAAAGAAATCATAAAAAAA","GGCCAGGCGTGGTGGCTCATGCCTGTAATCCCAGCAGTTTGGGAGGCCAAGGCAGGTGGATCACTTGAGGTCAGGAGTTCGAGACCATCCTGGCCAACATGGTCAAACCCCATCTCTACTAAAAATATAAATATTAGCCAGGCGTGGCAGCACATGCCTGTGATCCCAGTGACTCAGGTGGCTGAGGCAGGAGAATTGCTTGAACCTGGGAGGTGGAGGTTGCAGTGAGCCGAGATTGTGTCACTGCTCTCCAGCCTGGGTGACAGAATGAGACTGAGTCTCAGGAAAAAAAAAAAAAAAAGAAAAA"
"chr1","12391580","12391700","chr6","80381063","80381185","30","67989483","AGGCTGAAGTGGGCAAATCACTTGAGGTCAGGAGTCAGAGATCAGGCTGGCCAACGTGGTGAAACCCCATCTCTACCAAAAAATATATAAATTAGCTGCATGTGGTGGTGCACACCTGCAA","TAGGAGGCTGAGGTGGGTAGATCACTTGAGGACAGGAGTTCGAGACCAGCCTGGGTAACATGGTGAAACCCCATCTCTACTAAAAATACGAAAATTAGCCAAGGGTGGTGGAACATGCCTGTA"
"chr1","12421834","12422128","chr3","152863410","152863699","48","140441576","GGCTGGGCGCAGTGGCTCAAGTGTGTAATCTCAGCACTTTGGGAGGCCAAGGAGGGCAGATCACTTGAGGTCAGGAGTTCAAGACCAGCCTGGCCAACATGGTGAAACCCCATCTCTACTAAAAATACAAATTAGTCGAGCATGGTGGCACATGCTTGTAATCCTTGTAATCTCTGCTACTCTGGAGGCTGAGGTGGGAGGATCGCTTGAACCCAGGAGGGCAGAGAGTTCAGTGAGCCGAGATTGCACCACTGCACTCCAGCCTGGGCGATAGAGTGAGACTGTCTCAAAAAAA","GGCTGGGAACAGTGGCTCACATCTGTAATCCCAGCACTTTGGGAGGCCAAGGCAGGCAGATCACTTGAGGTCAGGAGTTCAAGACCAGCCTGGCCAACATGGCGAAACCCCATCTCTACTAAAAATACTAAAAATTAGCTGGGCATGGTGGCACATGCCTGTAGTTCCAACTACTAGGGAGGCTGAGGTGGGAGGATCACTTGAATCTAGGAGGCAGAAGTTGCAGTGAGACGAAATTGTGCCACTGCACACCAACCTGGGCAAGAGTGAGACTCAGTGTCAAAAAAAAA"
"chr1","12455637","12455897","chr7","47248723","47248983","31","34793086","GGCCAGGCACAGTGGCTCACGCCTGTAATCCCAGCACTTTGGGAGGCCTAGGTGGGCAGATCACTTGAGGTCAGGAGTTCGAGACTAGCCTGACCAACATGGTGAAACCCCATCTCTGCTAAAAATACAAAAATTAGCCAGGTGTGGTGGTACACACCTGTAGTCTCAGCTACTCGGGAGCCTGAGGCAGGAGAATCACTTGAGCCTGGGAGGCGGAGGTTGTGATGAGATGAGATCACACCACTACAGACCAGCATGGGC","GGCCAGGCACAGTAGCTCACACCTATAATCCCAGCACTTTGTGAGGCTGAGGTGGGCAGATCACTTGAGGTCAGGAGTTCGAGACCAGTCTGGCCAACATGGTGAAACCCTATTTCTACTAAAAATGTAAAAATTAGCCAGATGTGGTGGTATGCACCTATAATCTCAGCTACTCGGGAAGCTGAGGCAGGAGAATCACTTAAGCCTGGGAGGCAGAGGTTGCAATGATATGAGATCATACCACTGCACTCCAGCATGAGC"
"chr1","12456356","12456665","chr1","137129532","137129843","42","124673176","GGCCAGGCACAGTGGCTCAATCCTGTAATCCCAGCATTTTGGGAGGTCGAGGCGGGTGGATCATTTGAGGTCAGGAGTTTGAGACCAGTCTGGCCAACATGGTGGAACCCCATCTCTATCAAAAATACGAAAATTAGACAGGCGTGGTGGTACATGCCTGTAGTCCCAGCTACTCGGGAGGCTGAGGCAGGAGAATTGCTCGAACCCTGGAGGCAGAGGTTGCAATGAGCTGAGATCGTGCCACTGCACTCCAGCCTGGCAACAGAGCAAGACTCCAATTCAAAAAAAAAAAAAAAAAAAAAAAAGAAAA","GGCCAGGCACAGTGGCTCACGCCTGTAATCCCAGCACTTTGGGAGGCCAACGCGGGTGAACCATTTGAGGTCAGGAGTTCAAGACAAGCCTGGCCAACATGGTGAAACCCTGTCTCTACTGAAAATACAAAAATTAGTTAGGCATGGTGGTACATGCCTGTAATCCTAGCTACTTGGGAGGCTGAGGCATGAGAATTGCTTGAAGCCGGGAGGTGGAGGTTGCAGTGAGCTGAGATCATGCCACTGCACTCCAGCCTGGGCAACAGAGCGAGACTCTGTCTCAAAAAAAAAAAAAGAAAAAAAGAAAAGAAA"
"chr1","12517650","12517928","chr2","10414629","10414909","42","2103021","GGCTGGGCACAGTGGCTCATGCCTATAATCCCAGCACTTTGGGAGGCTGAGGCGGGAGGATTGCTTGAGGTCAGGAGTTCGAGACCAGCCTGGCCAACATGGTGAAACCCCATCTCTATTAGAAATACAAAAAATTAGCCGGGTGTGTGGCATACCAAGTCCCAGCTACTCGGGAGGCTGAGGCAGGAGAATAACTTGAACCTGGGAGGCGGAGGTTGCAGTGAGCCAAGATTGCACCACTGCACTCCAGCCTCGGCGACATAGCCAGACTTCGTCTCA","GGCCGGGCGCGGTGGCTCATGCCTGTAATCCCAGCACTTTGGGAGGCCAAGGCGGGTGGATCACTTGAGGTCAGGAGTTCGAGACAGTCTGTCCAACATGGGGAAACCCCATCGCTACTGAAAGTACAAAAATTAGCCAGGTGTGATGGCACACACCTGTAGTCCCAGCTACACGGGAGGCTGAGGCAGGAACATCACTTGAACCTGGGAGGTGGAGGTTGCAGTGAACTGAGATGGCACCACTGCACTCCAGCCTGGGCAACAGAGCGAGACTCCATCTC"
"chr1","12529925","12530238","chr16","32621016","32621322","46","20091091","GGCTGGGTGTGGTGGCTCACGCCTGTAATCCCAGCACTTTGGGAGGCCAAGGCGGGCAGATCATTTGAGGCCAGGAGTTCGGGACCAGCCTGGCCAACATAGTGAAACTCTGTCTCTACTAAAAATACAAAAAATAAAATTAGCCAGGCATGGTGGCACACACCTGTAATCCCAGCTACTTGGGGGGCTGAGCTAGGAGAATCGCTTGAACCCGGGAGGTGGAGGTTGCAGTGAGCCAAGATTGGGCCACTGCACTACAGTCTGGGTGACAGAGCAAGACTCCATCAAAAAAAAAGAAAAAAGAAAAGAAAAAA","GGCTGGGCTTGGTGGCTCATGCCTGTGATCCCAGCACTTTGGGAGGTCAAGGTGGGCATATCATTTGAGGCCAGGAGTTCAAGACCAGCCTGGCCAACACAGTGAAACCCTGTCTACTAAAAATACAAAAGAAAAATTAGCCAGGCATGGTGGTGCACACCTGTAATCCCAGCTACTCAGGAGGCTGAGGTAGGGAAATCGCTTAACCCAGGAGGCAGAGGTTGCAGTGAGTGGAGATGGTGCCACTGCACTTCAGCCTCGGCGACAGAGCAAGACTCTGCCTCAGAAAAATAAAAAAAAAAAGAAA"
"chr1","12530903","12531209","chr22","28997304","28997607","37","16466401","GGCTGAGCACGGTGGCTCATGCCTGTAATCCCAGCACTTTGGGAAGCCAAGGCAGGCAGATCACTTGAGGTCAGGAGTTCAAGACCAGCCTGGCCAACCTGGTGAAACCCTGTCTCCACTAAAAATACAAAAATTAGCCGGGTGTGGTGGCGCGACCCTATAGTTCCCAGCTACTTGGGAGGCTGAGGAGGAGAATCACTTGAACCCGGGAGACGGAGGCTGCAGTGAGCTGAGATTGCACCACACTGCACTCCAGCCTGGGGAACAGAGTGAGACTCCATCTCAATAAAACAAACAAACCAGAAAA","GGCTGAGCGCTGTGGCTCACACCTGTAATCCCAGCACTTTGGGAGGCCAAGGCAGGTGGATCACTTGAGGTCAGGAGTTTGAGACCAGCCTGGCCAACATGGTGAAACCCTGTCTCTACTAAAAATACAAAAATTAGCCGGGTGTGGTGGCGCACGCCTGTAATCCCCACTACTTGGGAGGCTGAGGCATAAGAATCACTTGAACCTGGGAGGCAGAGGTTGCAGTGAGCTGAGATTGTGCCACTGCACTCCAGCCTGGGTGACAGAGTGAGACTCCATCTCAAAACAAAATAAAACAAAAAAA"
"chr1","12607897","12608176","chr7","47417155","47417433","35","34809258","GGCCAGGCACAGTGGCTCACTCCTGTATTCCCAGCACTGTGGGAGGCCGAGGCGGGCAGATCACTTGACGTCAGGAGTTCGAGACCAGCCTGTCCAACGGGATGAGACCCCATCTCTACTAAAAATACAAAAATTATCTGGCATGGTGGTGCATGCCTGGGATCCCAGCTACTCGGGAGACTGAGGCAGGAGAATCACTTGAACCTGGGAGGTGGAGTTTGCAGTGAGTGGAGATCGCACCACTGCACTTCAGCCTGGGCAACAGAGCAAGACTGCGTCT","GGCAAGGCACAGTGGCTCACTCCTGTAATTCTAGCACTGTGGGAGGCCAAGGCAGGCAGATCACTTAAGGTCAGGAGTTCAAGACCAGCCTGTCCAACAGGGCGAAACCCCGTCTCTACTGAAAATACGAAAAGTATCCAGGCATAGTGGTGTGTGCCTGTAATCCCAGCTATTCGGGAGGCTGAGGCAGGAGAATCACTTGAACCTGGGGGGTGGAGGTTGCAGTGAGTGGAGATTGCACTACTGCACTTCAGCCTGGACAGAGCAAGACTGCATCTC"
"chr1","12610069","12610376","chr7","47419338","47419633","55","34809269","CTCATGCCTGTAATCCCAGCACTTTAGGAGGCTAAGGCAGGCGGAACACTTGAGGTCAGGAGTTCAAGACCAGCTTGACCCAACATGGTGAAACCCTCCTTCTCTACTAATAATACAAAAAAAAAAAAAAAATTGCTGGGCATGGTAGAGCGCACTTATAATCCCAGCTACTTGGGAGTCTGAGGCACGAGAATTGCTTGAACCTGGGAGGCGGAGGTTGCAGTGAGCAGAGATCATGCCACTGCACTCCAGCCTGAGCAACAGTGGGAGACTCTGTCTCAAAAAATAAATAAATAAATAAAACAGAA","CTCATGCCCCTAATCCCAGCACTTTAGGAGGCTGAGGTGGGCGGATCACTTGAGCTCAGGAGTTCAAGACCAGCCTGACCCAACATGGTGAAATCCCATCTCTACTAATAATACAAGAAAAAAAAAATCAGCTGGTTGTGGTGGGGCACACCTGTAATCGCAGCTACTCAGGAGGCTGAGGGATGAGGTTGCTTGATCCCAGGAGGCAAGAGGTTGCAGTGAGCAGAGATCGTGCCACGGCACTCCCACTTGAGCAACAGCGGGAAACTGTATCTCAAAAATATAAATAAATAAAA"
"chr1","12613763","12614070","chr2","9886138","9886441","34","2727625","GGCTGGGAGCAGTGGCTCATGCCTGTAATCCCAGCACTTTGGGAGGCTGAGGCAGGCGGATCACTTGAGGTCAGGAGTTCGAGACCAGCCTGGCCAACATGGTGACTCCCCATCTCGACTAAAAATACAAAAAATTATCCAGGCCTGGTGGTAAGCGCCCGTAATCCCAGCTACTCGGGAGGCTGAGGCAGGAGAAGTGCTTGAACCCAGGAGGTAGAGGTTGCAGTGAGCCTAGATCACGCCATTGCACTCCAGCCTGGGCGACAGAGCAAAACTCTGTCTCAAAAACAAACAAACAAACAAAAAAA","GGCTGGACGCAGTGACTCATGCCTGTACTCCCAGCACTTTGGGAGGCTGAGGCGGGTGGATCATGTGAGGTCAGGAGTTCAAGACCAGCCTGGCCAACATGGCGAAACCCCAACTCTACTAAAAATACAAAAATTAGCCAGGCGTGGTGGTGCACACCTGTAGTCCCAGCTACTCGGGAGGCTGAGGCAGGAGAATTGCTTGAACCCAGGAGGCAGAGGTTGCAGTGAGCCAAGATCACGCCATTGTACTCCAGCCTGGGCAACAGAGTAAGACTCTGTCTGAAAACAAAAAACAAACAAAAAA"
"chr1","12625980","12626287","chr10","117620910","117621216","39","104994930","GGCCAAGCGTGGTGGCTCACACCTGTAATCCCAGCACTTTGGGAGGCTGAGGCAGGTGGATCACTTGAGGTCAGGAGTTTAAGACCAGCGTGGCCAATATGGTGAAACCCCATCTCTACTAAAAATTACAAAATTGGCCAGGCATGGTGGCATGCACCTGTAATCCCAGCTACTCAGGAGGCTGAGGCAGGAGAATTGCTTGAACCCAGGAGGTGGAGGTTGTAGGGAGCCAAGAGAGCACCACTGCACTCCAGCCTGGGCAACAGAGCAAGACTTTGTCTCAAAAAACAAACAAGGAAACAAAAAAA","GGCTGGGAATGGTGGGTCAGTCCTATAATCCCAGCACTTTGGGAGGCTGAGGTGGGCAGATCACTTGAGGTTAGGAGTTCAAGACCAGCTTGGCCAACATGGTGAAACCCCATCTCTACTAAAAATACAAAAATTAGCTGGGCATGGTGGCATGCGGCTCCAATCCCAGCTACTCAGGAGGCTGAGGCAGGAGAATCGCTTGAACCCAGGAGGTGGAGGTTGCAGTGAGCCAAGATTGTACCACTGCACTCCAGCCTGGGCAACAGAGCGAGACTTCGTCTCAAAAAAAAAAAAAAAAAAAAAAAAA"
"chr1","12637425","12637667","chr7","86905300","86905537","42","74267875","ATCACTTGAGGTCAGGAGTTTGAGACCAGCCTGGCCAATATGGTGAAACCTTGTCTCTTCTAAAAATACAAAAATTAGCTGGATGTGGTGGCACGCACCTGTAGTCTCAGCAACTCGGGAGGCTGAGGCAGGAGAATCATTTGAACCTGGGAGGTGGAGATTGCAGTGAACAGTGATGGCACCATTGCACTCCAGTCTGGGTGTCACAGGGAGTCTCCATCTCAAAAAAAAAAAAAAAAGAAA","GATCACTTGAGGTCAGGAGTTCAAGACCAACCTGACCAACATGGTGAAACCTCATCTCTACTAAAAATGCAAAAATTAGCTGGGTATGGTGGTGCACGCCTGTAGTCCCAGTTACTTGGGAGGCTGAGGCAGGAGAATCGCTTGAACCCGGGAGGCGGAGGTTGCAGTGAGCCGAGATTGTACTACTGCACTCCAGCCTGGTGACAGTGAGACTCCGTCTAAAAAAAAAAAAAAAAAA"
"chr1","12643449","12643758","chrX","45395851","45396165","40","32752402","GGCCGAGCACGGTGGTAATCCCACCTGTAATCTCAGCACTTTGGGAGGCTGAGCTGGGAGGATCACTTGAGGCCAGGAGTTCAAGACCAGCCTGGCCAACAGGGTGAAACCCCCTCTCTACCAAAACTACAAAAATTAGCCGGGCATGGTGGCACATGCCTGTAATCCCAGCTACTCGGGAGGCTGAAGCTGGAGAATCGCTTGAACCTGGGAGCTGGAGGTTGCAGTGAGCCGAGATCGCACTACTGCACTCCAGCCTGGGCAACAGAACGAGACTCTGTCTCAAAAAAAAAAAAAAAAAAAAAAAAAA","GGCCAGGTGTGGTGAGTGACACCTGTAATCCCAGCACTTTGGGAGGCCAAGGCAGGTGGATCGCTTGAGGTCAGGAGTTCAAGACCAGCCTGGCCAACATGGTGAAACCCCATCTCTACCAAAAATACAAAAAATTAACCGGGCATAGTGGCACATGCCTGTAATCCCAGCTACTCAGGAGGCTGAGGCAGGAGAATCGCTTGAACCTGGGGGCGGGTGGAGGTTGCAGTGAGCCAAGAACGCACCACTGCACTCCAGCCTGGGCGACAGAGCAAGACTCTGTCTCAAAAAAAAAAAAAAAAAAAAGAAAAGAAA"
"chr1","12648409","12648702","chr21","50309276","50309562","52","37660867","GGCCAGGAGTGGTGGCTCACGCCTGTAATCCCAGCACTTTGGGAAGCCGAAGCTGGCAGACTGCTTGAGCCCAGGAGTTCAAGACCAGCCTGGACAACATGAAGAAACCCCATCTCTACAAAACATACAAAAAAAAAAAAAACCCAGGCACAGTGGTGCATGCCTGTGGTCCCAGCTGCTCAAGAGGCTGAGGTGGGAAAATTACTTGAACCCGGAAGATGGCGGTTGCAGTGAGCCAAGATCATGCCACTGCACTTCAGCCTGGGCGACAGAGTGAGACTCCATCTCAAAAAA","GGCCAGGCATGGTGGCTCACACCCATAATCCCAGCACTTTGGGAGGCCGAGGCAGGCAGATCACTTGAGTCCAGGAGTTCAAGACCAGCCTGGCCAACTTGGTGAAATCTCGTCTATACTAAAAATACAAAAAATTAGCCAGGCATGGTGGTGCATGCCTGTAATCCTAGCTACTCGGGAAGCTGAGGCAGGAGAATTGCTTGAACCCAGGAGACGGAGGTTGCAGTGAGCCGCGATCATGCCACTGCACTCCAGCCTGGGCGACAGAGTGAGACTCCATCTCAAAA"
"chr1","12679090","12679242","chr10","100550541","100550700","37","87871451","TTAGCCGGGTGTGGTGGCACACCTTTAATCCCAGCTGCTCAGGAGGTTGAGCCAGGAAAATTGCTTGAACCCAGGAGGCAGAGGTTGCAGCGAGCCGAGATTGCACCACTACACCTCTGAGTGAAGCGTGAGACTCCATCTCAAAAAAAAAAA","TAGCCAGGAATGGCGGTGCGCGCCTATAATCCCAGCTACTCAGGAGACCCAGGCACGAAGAGTCGCTTGAACCTGGGAGGTGGAGGTTGCAGTAAGCCAAGATTGCACCACTGCACTCCAGCCTGGGTGACAGAGCGAGACTCCATCTCAAAAAAAAAAA"
"chr1","12679270","12679389","chr7","65757736","65757854","12","53078466","GGCCAGGTGTGGTGGCTCACACCTGTAATCCCAGCACTTTGGGAGGCCAAGGCAGGCAGATCTCTTGAGGTTAGGAGTTGAAGACCAGCCTGGCCAACATGGTGAAACCTCGTCTCTACT","GGCCAGGCGTGGTGGCTCACACCTGTAATCTCAGCACTTTTGGAGGCCAAGGTAGGTGGATCACTTGAGGTCAGGAGTTGGAGACCAGCCTGGCCAACATGGTGAAACCTCACCTCTAC"
"chr1","12722051","12722349","chr1","27883875","27884177","41","15161824","GCCGGGTGCAGTGGCTCACGCTTGTAATCCCAGCACGAGGCCAAGGTGGGTGGATCACTTGAGGCCAGGAGTTCAAGACCAGCCTGGCCAACACGGTGAAACCTTGTCTCTACTAAAAATACAAAAATTAGCCAGGTGTGGTGGCATGTGCCTGTAGCCCCAGCTACTCAGGAGGCTGAGGCAGGAGAATCACTTGAACCCAGAAGGCAGAGGTTACAGTGAGCTGAGATGGCGCCACTGCACTCCAGCCTGGGTGACAGAGTGAGATTCCGTCTGAAAAAAAAAAAAAAAAAAAAAAA","GGCTGGGTGCGGTGGCTCATGCCTGTAATCCCAGCACTTTGGGAGGCCAAGGCAGGTGGATCACTTGAGGTCAGGAGTTTGAGACCAGCCTGGCCAACATGGTGAAACCCTGTCTTACTAAAAGCACAAAAATTAGCCTGGTGTGCTGGTGTGTGCCTGCAGTCCCAGCTACTCAGGAGGCTGAGGCAGGGAAATCACTTGAACCCAGGAGGCGGAGGTTGCAGTGAGCGGACATCACTCCACTGCACTCCAGCCTAGTGACAGAGTGAGACTCTGTCTCAAAAAAAAAAAAAAAAAAAAAAA"
"chr1","12747065","12747368","chr4","30643780","30644085","38","17896715","GGCCAGGCACAGTGGCTCATGCCTGTAACCCCAGCACTTGGGGAAGCCAAGGTCGGCACATCACTTGAGCTCAGGAGTTCAAGACCAGCCTGGCCAACATGGTGAAGCCCCATCTCTACTAAAAATACAAAAAATTAGCTGGGCATGGTGGCATGCACTTGTAGTCCCAGCTACTTGGGAGGCTGAGGCAAGAGAATCGCTTGAGCCTGGGAGGTGAAGGTTGCAGTGAACCGAGATCATGCCACTGCACTCTAGCCTGGGCAACAGAGCGAGACTCTGTCTCAAAAAAAAAAAAAAGTAAAAA","GGTCAGGCACAGTAGCTCATGCCTGTAATCCCAGCACTCTGGTAGACCAAGGCAGGTAGATCACTTGAGATCAGCAGTTCAAGACCAGCCTGGCCAACATGGTGAAACCCCATCTCTACTAAAAATACAAAAATTAGCCGGGCATGGCAGTGTGCACCTGTAATCCCAGCTACTTGGGAGGCTGAGGCAGGAGAATCGCTTGAACCCGGGAGGTAAAGGTTGCAGTGAGCCAAGATCATGCCACTGCACTCTAGCCTGGGCAACAGAGCAAGATTCCATCTCAAAAAAAAAAAAAGAAACAATAAA"
"chr1","12752303","12752582","chr22","32856560","32856853","54","20104257","GGCTGGGCATAGTGGCTCATGCCTGTAGTCCCAGCACTTTGGGAAGCCAAGGCAGGCAGATCAGTTGAGGTCATGAGTTTGAGACCAGCCTGGCCAACATGATGAAACCTTGTCCCTACAAAAAATACAAAAATTAGCTGGGCATAGTGGCATGTGCCTGTAGTCCCAGCTTGAAAATTGCTTGAACCTGAGAGGTGGAGGTTGCAGTGAGCCAAGATCTCACCACTGCACTTCAGCCTGGCCGACTCTGTCTAAAAAAAAAAAAAAAAAAAAAAAAAAA","GGCTGGGCATGGTGACTCATGCCTGTAATCCCAGCACTTTGGGAGGCTGAGGTGGGCAGATCACTTGAGGTCAGGAGTTAGAGACCAGCCTGGCCAACATGGTGAAACCCCGTTTCTACTAAAAATACAAAAATTAGCTGGGCATGGTGACATGCACCTGTAATCCCAGATGGGAGAATCACTTGAACCTGTGAGGCAGAGGTTGTAGTGAGCTGAGATCATGCCACTGCACTCCAGCCTTGGTGACAGAGCAAGATTCCATCTCAAAAAAAAAAAAAAAAAAAAAAAAGAAAA"
"chr1","12790363","12790644","chr4","136035930","136036213","53","123245567","GGGTGAGATGGCTGATGCATGTTATCCCAGCATTTTGGGAGGCTGAGGTGAGGAGATCACTTGAGGTCAGGAGTTTGAGACCAGCCGGGCCAACATGGTGAAACCCCATCTCGACTAAAATACAAAAATTAGTAGGGCTTGTTGGAGTGCACCTGTAATTCCCAGCTACTTGGGAGGCAGAAGTGAGAGAATTGCTTGAACCCAGAAGGTTGAGGCTGCAGTGAGCTGAAATCGTGCCACTGCACTCCAGCCTGAGTGACAGATGTAGGCCCAGTCTGAAAA","GGCTGAGCACAGTGGCTCATGCCTATAATCCCAGCACTTTGGGAGGCTGAGGCAGGTAGATCACTTGAGGCCAGGAGTTAGAGACTAGCCTGGCCAACATGGTGAAACCCCATCTCTACTAAAATACAAAAAGTTAGCCGGGTGTGGTGGTGTGCATCTGTAATCCCAGCTACTCGGGAGGCTGAGGTGGGAGGATCCCTTGAACCTAGGAGGCAGAGGTTGCAGTGAGCTGAGATTGTGCCACTGCACTCTAGCCTGGGTAATGGAGTAAGACCCTGTCTCAA"
"chr1","12792582","12792820","chr7","117634686","117634924","56","104842104","GACCAGGTGCTGTGGCTCATGTCTGTAATCCCAACACTGCTGGACACCAAGGAGGCAGATCACTTGAGGTCCGTAATTTGAGAACAGCCTGGCCTACATAATGAAACCATGTCTCTACTAAATATAAAAAAATTAAGAATCATTTGACTCCAGAAGGCAGAAGTTGCAATGAGCCAAGATCGCACCACTGCTCTCCAGCCTGGGTGACAGACTTGGACTCTGACTCAAACAAAAACAAA","CCAGGTGTGATGGCTCATGTCTGTAATCCCAGCACTTTGGGAGGCCAAGGCAGGCAGATCACTTAGGTCAGGAGTTTGAGAATAGCCTGGCCAACATGGTGAAACCCTATCTCTACTAAAAAAAATACAAAAATTATTGAACCCAGTAGGCAGAGGTTGCAATGAGTAGAGATTGCACCGCTGCTTTCCAGCCTGGGCGACAGAGTGAGACTCTCTCAATTAAAAAAAAAAAAAAAAAA"
"chr1","12836528","12836630","chr7","12879902","12880008","14","43374","GGCTGAGTGCAGTGGCTCATGCCAGTAATCCCAGAATTTCGGGAGGCTGAGGCAGGTGGATTACTTGAGGTCAGGAGTTCAAGACCAGCCTGACCAACATGGT","GGCTGGGTGCAGTGGCTCACACCTGTAATCTTAGCATTTTGGGAGGCTGAGGCAGGTGGATCACTTGAGGTCAGGAGTTCAAGACCAGCCTGGCCAACATGGTGAAA"
"chr1","12837712","12838019","chr9","11967801","11968108","55","869911","GACCGGGCCCAGCTGCACACACTTGTAAACCTGGAACTGTGGAAGGCCAAGGCAATCAGATCACTTGAGGTTAGGAGTTAGAGGCCAGCCTCCGCCAACATCGTGAAACCCTGTCTCTACTAAAAATACAAAAATTAGCCGGGCTTGGGGCCCACACCCATAACACCAGTTACTTGGGAGGCTGAGGCAGGAGAATGACTTGAACCCAGGAGGCAAAGCTTGCCATGAGCTGAGATTGTGCCACTACACTTCATCCTGAGGGACAGAGTCAGACTCTGTCTCAAAAATAAAATAAAATAAAATAAAAA","GGCTGGGCGAGGTGGCTCACACCTATAATCCCAGCACTTTGGGAGGCCAAGGCAAGCAGATCACTTGAGGTCAGGAGTTTGAGACCAGCCTGGCCAACATGGCAAAACCCTGTCTCTACTAAAAATACAAAAATTAGCTGGGCATGGTGGTGCACACCTGTAATCCCAGCTACTCTGGAGGCTGAGTCAGGAGAATCACTTGAACCCAGGAGGCAGAGGTTGCAGTGAGCTGAGATTGTGCCATCGCACTCCAGCCTGGGTGACAGAGTAAGACTCCGTCTCAAAAAAATAAATAATAAAAATAAAAA"
"chr1","12856040","12856315","chr1","144871896","144872170","51","132015856","GATGGCTGATGCCTGTAATCCTAGCACTTTGGGAGGCTGAGGTGGGGAGATCACTTGAGGTCAAGAGTTCGAGACCAGCCGGGCCAACATGGTGAAACCCCATCTCAACTAAAAATACAAAAATTAGTGGGGCATGTTGGAGCGCACCCATAATTCCCAGCTACTCGGGAGGCAAGGTGAGAAAATCGCTTGAACCCAGAAAGTTGAGGTTGCAGTGAGCTGAAATCATGCCACTGCACTCCAGCCTGGGTGACAGATGGTGGCCCAGTCTGAAAA","GGTGGCTCATGCCTGTAATCCCAGCACTTTGGGAGGCTGAGGGGAGCGGATCACTTGAGGCCAGGAGTTTGAGACCAGCCTGGCCAAAATGGTGAAACCCTGTCTCTACTAAAAATACAAAAATTAGCTGGGCATGGTGGTGAACACCTGTAATCCCAGCTATTTGGGAGGTTGAAGCATGAGAATCACTTGAACCTGGGAGGCGGAGGTTGCAGTGAGCTGAGATCATGCCACCGCACTCCAGCCTGGATGATAGAGTGACACTCAGTCTCAAA"
"chr1","12858262","12858502","chr9","37701340","37701568","54","24843078","GACCAGGTGCTGTGGCTCATGTCTGTAATCCCAACACTGCTGGACACCAAGGCAGGCAGATCACTTGAGGTCAGGAGTTCGAGAACAGCCTGGGCCTACATAATGAAACCATGTCTCTACTAAATATACAAAAGTTAAGAATCATTTGACTCCAGAAGGCAGAGGTTTCAGTGAGCCGACATCACACCACTGCACTCCAGCCTGGGTGACAGCGTTGGACTCTGACTCAAAAATAAACAAA","GCCAGGCACAGTGGCTCATGCCTGTAATCCCAGCACTTTGGGAGGCCAAGGCGGGCAAATCACTTGAGGTCACGAGTTCAAGACCAACCTGGCCAACATGGTAAAACTCTACCTCTACTAAAAATACAAGGAGAATCACTTGAAACTGAGAGGCAGAGGTTGCAGTGAGCCGAGATCACACCATTGCACTCCAGCTTGGGTAAGAATGAGACTCGGTCTCAAAAAACAA"
"chr1","12874339","12874479","chr11","117469614","117469755","25","104595275","GACCAGGCACAGTGGCTCACATCTGTAATCCCAGCACTTGCAGAGACTGAGGTGGGTGGATCACTTCAGTCAGGAGTTCAAGACGACTCTGGCCAATATGATGAAACCCTGTCTCTATTAAAGACACAAAAATTAACTAGG","GGTCAGGCACAGCGTCTCATGCCTGTAATCCCAGCACTTTGGGAGGCTGAGGCAGGTGGATCACTTGAGGTCAGGAGTTCAAGACCAGCCTGGCCAATATGATGAAACCCTATCTCTACTAAAAACACAAAATTAGCTGGGC"
"chr1","12891303","12891404","chr1","118887978","118888077","13","105996675","GCTGAGTGCAGTGGCTCATGCCTGTAATCCCAGAATTTTGGGAGGCTGAGGCAGGTGGATTACTTGAGGTCAGGAGTTCGAGACCAGCCTGACCAACATGGT","GGCTGGGCACAGTGGCTCATGCCTGTAATCCCAGCACTTTGGGAGGCCGAGGCAAGTGGATTACTTGAGGTCAGGAGTTTGAGACCAGCCTGGCCAACAT"
"chr1","12892487","12892771","chr4","34845790","34846071","52","21953303","GACCGGGCCCTGCTGCTCACACCTGTAAACCTGGCACTGTGGAAGGCCAAGGTGGTCAGATCACTTGAGGTCAGGAGTTTGAGGTCAGCCTTCGCCAACATCGTGAAGCCCTGTCTCTACTAAAAATACAAAAATTAGCCGGGCGTGGGGGCATACACCCACAACACCAGCTACTTGGGAGGCTGAGGCAGGAGAATCACTTGAACCCAGGAGGTGGTGCTTGCAGTGAGCTGAGATTGTGCCACTGCACTTCATCCTGAGGGACACAGTGAGACTCTGTCTCAA","GGCCAGGCGTGGTGGCTCACACCTGTAATCCCAGCACTTTGGGAGGCCAAGGTGGGTGGATCACTTGAGGTCCGGAGTTTGAGACCAGGTTGGCCAACATGGTGAAACCCCGTCTCTACCAAAAATACAAAAATTAGCTGGGCATGGCGGCACGCATCTGTAATCCCAGCTACTCGGGAGGCTGAGGCAGGAGAATCGCTTGAACCCGGGAGGCGGAGTTTGCAGTGAGCTGAGATCGTGCCACTGCACTCCAACCTGGGCAACAGAGCAAGACTCTGTCTC"
"chr1","12936036","12936310","chrX","39387728","39387995","39","26451692","GGCCAGGCTTGGTGTCTCACACCTGTAATCCCAGCATTTTGGGAGGCTGAGGCGGGCAGATCACTTCAGGTCAGGATTTTGAGACCAGCCTGGCCAACATGGTGAAACCCCGTCTCTACTCAAAATACAAAAAAAATTGCTGGGCGTGGTGGCATTCGCCTGTAATCCCAGGTATTCAGGAGACTGAGGCAGGACAATCGCTTGAACCCGGGAGGCGAAGGTTGCAGTGAGCTGAGATCGCACCACTGCACTCCAGCCTGGGCAACAGAGCAAGA","GGCCAGGTGCGGTGGCTCACACCTGTAATCCCAGCACTTTGGGAGGCTGAGGTGGGCAGATCACTTGAGGTCAGAAGTTTGAGACCAGCCTGGCCAACATGGTGAAACCCCATCTCTACCAAAAATATACAAAATTAGCTGGGTGTGGTGGCGCATGCCTGTAATACCAGCTACTCGGGAGGCTGAGGCAGGAGAATCGCTTGAACCTGGGAGGCGAAAGTTGCAGTGAGCCGAGATCGTGCCACTGCACTCCAGCCTGGGTGACAGA"
"chr1","12952449","12952585","chr11","109899418","109899552","22","96946969","GACCGGGCCAGGCTGCTCATGCCTGTAAACCCGGCACTGTGGAAGTCCAAGGTAGTCAGATCACTTGAGGTCAGGAGTTTGAGGCCAGCCTCCTCCAACATCGTGAAACCCTGTCTCTACTAAAAATACAAAAATTA","GGCTGGGCTAGGTGGCTCATGCCTGTAATCCCAGCACTTTGAGAGGCCAAGGTAGGTGGATCACTTGAGGTCAGGAGTTTGAAACCAGCCTGGCCAACACAGTGAAACCCTGTCTCTACTAAAAATACAAAAATT"
"chr1","12952859","12953016","chr9","43291243","43291387","29","30338384","TTAGCTGGATGTGGTGGTGCATGCCAGTAACACCAGCTACTAGGGAGGCTGAGGCAGGAGAATCACTTGAACCTGGGAGGTGGAAGTTGCAGTGAGCTGAGATTGTGCCAGTGCACTTCAGCCTGAGGGACAGAGTGAGACTCCATCAAAAAAAAAAA","TAGCTGGGGGTGGGCGCCTATAATCCCAGCTACTTGGGAGGCAGAAGCAGAATTGCTTGAACCTAGGAGGTGGAGGTTGCAGTGAGCTGATATTGTGCCAATGCACTCCAGCCTGGGTGACAGAGTGAGACTCTCAAAAAAAAAA"
"chr1","13006590","13006823","chr5","134387174","134387424","51","121380584","GGCTAGGCACGTTGGTTCACGCCTGTAATCCTAGCACTTTGGGAGGCTTCCTTGAGGTCACTTGAGGTTAGGAGTTTGAGACCAGTCAGGCCAACATCGTGAAACCCCGTCTCTACTAAAAACACAAATTCCCTTGAACCTGGGAGTTGGAGGTTGCAGTGAGCCAAGATCACACCACTGCACTCCAGCCTAGGTGACCAAGCAAGACTCCATCAAATAAACAAAACAAACAAA","GGCTGGGCGTGTTGGCTCACACCTGTAATCCTAGCACTTTGGGAGGCCTAGGTAGGTGGACCACTTGAGGTCAGGAGTTTAAGACCAGCCTGGCCAACATGGTGAAACCCTGTCTCTACTAAAAATACAAAAATTAGCCAGAAATCGCTTGAACCTAGGAGGTGGAGGTTGCAGTGAGGCAAGATAATTCCACTGCACCCCAGCCTACGAAACAGAGCAAGACTCCATCTCAAAAAAATAAACAAAACAAA"
"chr1","13008111","13008406","chr9","99455195","99455505","61","86447084","GGCTGGACATGGTGGCTCACACCTCTAATCCCAGCACTGAGGCAGTGCACCATTTGAGGTCAGGAGTTCTCCATGTCCAACATGGTGAAACCCTGTCTCTACTAAAAATGCAAAAACTTAGCCTGGCGTGGTAATGCAAGTCTGTAGTCTCAGCTACTTGGGAGGCCGAGGCAGGAGAATTGCTTGACTCTGGGAGGCAGAGGTTGCAGTGAGCTGAGAGCATGCCACTACACTCCAGCCTGGGTGACAGAGTGAGACGCCACCTCAAAAAACAAACAAACAAACAAATAAACAAA","GGCTGGGCCTGGTGGCTCACGCCTGTAATCCCAACACTCTGAGGGGCCAGTGAGGGCAGATCACTTGAGGTCAGGAGTTCAAGATCAGCCTGACCAACATGGTGAAACCCCATCTCTACTAAAAATACAAAAAGTAGCCAGGCTTGGTGGTGCACACCTGTAATCCCAGCTACTTGGGAGGCTGAGGCAGGAGAATCACTTGAACCTGGGAGCTGGAGGTTGCAGTGAGCTGAGATCAGGCCACTGCACTCCAGCCTGGGTGACAGAATGAGACTCCATCTCAAAAAACAAAGCAAAACAACAAAGTAAAA"
"chr1","13026507","13026799","chr14","81732110","81732406","57","68705603","GGGTGAGATGGCTGATGCATGTTATCCCAGCCTTTTGGGAGGCCAAGGTGAGGAGATCACTTGAGGTCAGGAGTTTGAGACCAGCCGGGCCAACATGGTGAAACCCCATCTCGACTAAAATACAAAAATTAGTAGGGCTTGTTGGAGTGCACCCGTAATTCCCAGCTACTTGGGAGGCAGAAATGAGAGAATCACTTGAACCAGAAGGTTGAGGCTGCAGTGAGCTGAAATCGTGCCACTGCACTCCAGCCTGAGTGACAGATGTAGGCCCAGTCTGAAAATCAAACAAACAA","GGCAGGGGGCAGTGGCTTATGCCTGTAATCCCAGCACTTTGGGAGGCCAGGGCTAGCAGATCATTTGAGGTCAGGAGTTCAAGACCAGCCTGGCCAACATGGCGAAACCCCATCTCCACTAAAAATACAAAAATTAGCCAGGACTGGTGGTATGCACCTGTAGTCCCAGCTACTCAGGAGGCTGAAGCAGGAGAATCACTTGAACCTGGGAGGTAGAGGTTGCAGTGAGCTGAGATCATGCCACTGCACCCCAGCCTGAGTGATAGAGTGAGGCTCCATCTCAAAAAAACGAAAAAA"
"chr1","13028717","13028956","chr10","17281910","17282142","55","4253193","GACCAGGTGCTGTGGCTCATGTCTGTAATCCCAACACTGCTGGACACCAAGGCAGGCAGTTCACTTGAGGTCAGGAGTTCGAGAACAGCCTGGCCTACATAATGAAACGATGTCTCTACTAAATACAAAAAAATTAAGAATCATTTGACTCCAGAAGGCAGAGGTTGCAGAGAGCCAAGATCTCACCACTGCTCTCCAGCCTGGGTGACAGAGTTGGACTCCGACTCAAACAAAAACAAA","GCTGGGTGTGGTGGCTCAGGTCTGTAATCTCAGCACTTTGGGAGGCAGAGAAAGGCAGGTCACTTGAGGTCAGGAGTTCGAGACCAGCCTGGCCAACACGGTGAAACCTTGTCTCTACTAAAAATACAAAAATCGGCTTGAACCCAGGAGGCTGAGGCTGCAGTGAGCTGAGATCGCGCCACTGCACTCCAGCCTGGGTAACAGAGCAAGACTCCATCTCAAACACAAAAAAA"
"chr1","13044588","13044728","chr11","117469614","117469755","25","104425026","GACCAGGCACAGTGGCTCACATCTGTAATCCCAGCACTTGCAGAGACTGAGGTGGGTGGATCACTTCAGTCAGGAGTTCAAGACGACTCTGGCCAATATGATGAAACCCTGTCTCTATTAAAGACACAAAAATTAACTAGG","GGTCAGGCACAGCGTCTCATGCCTGTAATCCCAGCACTTTGGGAGGCTGAGGCAGGTGGATCACTTGAGGTCAGGAGTTCAAGACCAGCCTGGCCAATATGATGAAACCCTATCTCTACTAAAAACACAAAATTAGCTGGGC"
"chr1","13082619","13082925","chr5","7574884","7575188","57","5507735","GGCCAGGTGCAGTGGCTCACATCTGTAATCCCAGCATCTGGGAGGCCGAAGTGGGTGGGTCACTTTAGGTCGGAAGTTTGAGACAAGCATGGCCAACATGATTGAAATCCTGTCTCTATTAAAAATACAAAAATTGACTGGGCGTGGTGGTGCATAGGTGTAGTCCCCACTACTGGGGAGACTGAGGGAGGAGAATTGCTTGAACGCAGGAGGTGGAGGTTGCAGTGATCGAAGATCATGCCATTGCACCCCAGCCTAGGCAACAGAGTGAGATACCGTATCAAAAAAAGAAAAAGAAAGAAAGAAA","GCCGGGCACAATGGTTCACGTCTGCAATCCCAGCACTTTGGGAGGCAGAGGTGGGTGGATCACTTGAGGTCAGGAGTTTGAGACCAAACTGGCCAACATAGTGAAACCCCATCTCTACTAAAAATACAAAAATTAACCAGGCATGGTGGTGCACACCTGTAATCCCACCTACTCGGGAGGCTGAGGCAGGAGAATTGCTTGAATCCGGGGGTGGAGGTTGCAGTGAGCCAAGATCATGCCATTGCACTCCAGCCTGGGTGACAGAGTGAGGCTCCATCTCAAAAAAAAAAAGAAAAGAAAAGAAA"
"chr1","13098481","13098707","chr4","21615913","21616146","53","8517432","GACCGGGTGCTGTGGCTCATGTCTGTAATCCCAGCACTGTGGGAGGCCAAAACAGGCAGATCACTTGAGGTTAGGAGTTCGAGAACAGCCTGGCTTACGTAATGAACTCTGTCTCTACTAAATATAAAAAAATTAAAAATCATTTGACTCCAAAAGGCAGAGGTTGCAGTGAGCCGAGATCCCACCACTGCACTCCAGTCTGGACAAAAGAGTTAGACTCTGTCTCA","GGCCAGATGCAGTGGCTCATGCCTGTAATCATAGCACTTTGGGAGGCCAAGGCAGGAGGATCACTTGAGGTCAGGAGTTTGAGACCAGCCTGGCCAACATGGTGAAACTGCATCTCTACTAAAAATACAAAAATTAGCTGGGAATTGCTTGAACCTGTGAGGCAGATGTTGCAGTGAGCAGAGATCACACCAGTGCACTCCAGCCTGGGCAACAGAGCAAGACCCTGTCTCAAA"
"chr1","13103197","13103261","chr5","121134217","121134283","10","108031020","GGCCAGGTGCAGTGGCTCATGCCTGCAATCCTAGCACTTTGGGAGACTAAGGCAGGCGGATCACT","GGCCAGGTGCAGTGGCACACGCCTGTCATCCCAGCCCTTTGGGAGACTGAGGCAGGTGGATCACTTG"
"chr1","13123513","13123577","chr5","121134217","121134283","10","108010704","GGCCAGGTGCAGTGGCTCATGCCTGCAATCCTAGCACTTTGGGAGACTAAGGCAGGCGGATCACT","GGCCAGGTGCAGTGGCACACGCCTGTCATCCCAGCCCTTTGGGAGACTGAGGCAGGTGGATCACTTG"
"chr1","13128082","13128308","chr4","21615913","21616146","53","8487831","GACCGGGTGCTGTGGCTCATGTCTGTAATCCCAGCACTGTGGGAGGCCAAAACAGGCAGATCACTTGAGGTTAGGAGTTCGAGAACAGCCTGGCTTACGTAATGAACTCTGTCTCTACTAAATATAAAAAAATTAAAAATCATTTGACTCCAAAAGGCAGAGGTTGCAGTGAGCCGAGATCCCACCACTGCACTCCAGTCTGGACAAAAGAGTTAGACTCTGTCTCA","GGCCAGATGCAGTGGCTCATGCCTGTAATCATAGCACTTTGGGAGGCCAAGGCAGGAGGATCACTTGAGGTCAGGAGTTTGAGACCAGCCTGGCCAACATGGTGAAACTGCATCTCTACTAAAAATACAAAAATTAGCTGGGAATTGCTTGAACCTGTGAGGCAGATGTTGCAGTGAGCAGAGATCACACCAGTGCACTCCAGCCTGGGCAACAGAGCAAGACCCTGTCTCAAA"
"chr1","13143864","13144170","chr5","7574884","7575188","57","5568980","GGCCAGGTGCAGTGGCTCACATCTGTAATCCCAGCATCTGGGAGGCCGAAGTGGGTGGGTCACTTTAGGTCGGAAGTTTGAGACAAGCATGGCCAACATGATTGAAATCCTGTCTCTATTAAAAATACAAAAATTGACTGGGCGTGGTGGTGCATAGGTGTAGTCCCCACTACTGGGGAGACTGAGGGAGGAGAATTGCTTGAACGCAGGAGGTGGAGGTTGCAGTGATCGAAGATCATGCCATTGCACCCCAGCCTAGGCAACAGAGTGAGATACCGTATCAAAAAAAGAAAAAGAAAGAAAGAAA","GCCGGGCACAATGGTTCACGTCTGCAATCCCAGCACTTTGGGAGGCAGAGGTGGGTGGATCACTTGAGGTCAGGAGTTTGAGACCAAACTGGCCAACATAGTGAAACCCCATCTCTACTAAAAATACAAAAATTAACCAGGCATGGTGGTGCACACCTGTAATCCCACCTACTCGGGAGGCTGAGGCAGGAGAATTGCTTGAATCCGGGGGTGGAGGTTGCAGTGAGCCAAGATCATGCCATTGCACTCCAGCCTGGGTGACAGAGTGAGGCTCCATCTCAAAAAAAAAAAGAAAAGAAAAGAAA"
"chr1","13184207","13184347","chr11","117469614","117469755","25","104285407","GACCAGGCACAGTGGCTCACATCTGTAATCCCAGCACTTGCAGAGACTGAGGTGGGTGGATCACTTCAGTCAGGAGTTCAAGACGACTCTGGCCAATATGATGAAACCCTGTCTCTATTAAAGACACAAAAATTAACTAGG","GGTCAGGCACAGCGTCTCATGCCTGTAATCCCAGCACTTTGGGAGGCTGAGGCAGGTGGATCACTTGAGGTCAGGAGTTCAAGACCAGCCTGGCCAATATGATGAAACCCTATCTCTACTAAAAACACAAAATTAGCTGGGC"
"chr1","13199997","13200236","chr10","17281910","17282142","56","4081913","GACCAGGTGCTGTGGCTCATGTCTGTAATCCCAACACTGCTGGACACCAAGGCAGGCAGTTCACTTGAGGTCAGGAGTTCGAGAACAGCCTGGCCTACATAATGAAACGATGTCTCTACTAAATACAAAAAAATTAAGAATCATTTGACTCCAGAAGGCAGAGGTTGCAGAGAGCCAAGATCTCACCACTGCTCTCCAGCCTGGGTGACAGAGTTGGACTCAGACTCAAACAAAAACAAA","GCTGGGTGTGGTGGCTCAGGTCTGTAATCTCAGCACTTTGGGAGGCAGAGAAAGGCAGGTCACTTGAGGTCAGGAGTTCGAGACCAGCCTGGCCAACACGGTGAAACCTTGTCTCTACTAAAAATACAAAAATCGGCTTGAACCCAGGAGGCTGAGGCTGCAGTGAGCTGAGATCGCGCCACTGCACTCCAGCCTGGGTAACAGAGCAAGACTCCATCTCAAACACAAAAAAA"
"chr1","13202154","13202446","chr14","81732110","81732406","56","68529956","GGGTGAGATGGCTGATGCCTGTTATCCCAGCCTTTTGGGAGGCCAAGGTGAGGAGATCACTTGAGGTCAGGAGTTTGAGACCAGCCGGGCCAACATGGTGAAACCCCATCTCGACTAAAATACAAAAATTAGTAGGGCTTGTTGGAGTGCACCCGTAATTCCCAGCTACTTGGGAGGCAGAAATGAGAGAATCACTTGAACCAGAAGGTTGAGGCTGCAGTGAGCTGAAATCGTGCCACTGCACTCCAGCCTGAGTGACAGATGTAGGCCCAGTCTGAAAATCAAACAAACAA","GGCAGGGGGCAGTGGCTTATGCCTGTAATCCCAGCACTTTGGGAGGCCAGGGCTAGCAGATCATTTGAGGTCAGGAGTTCAAGACCAGCCTGGCCAACATGGCGAAACCCCATCTCCACTAAAAATACAAAAATTAGCCAGGACTGGTGGTATGCACCTGTAGTCCCAGCTACTCAGGAGGCTGAAGCAGGAGAATCACTTGAACCTGGGAGGTAGAGGTTGCAGTGAGCTGAGATCATGCCACTGCACCCCAGCCTGAGTGATAGAGTGAGGCTCCATCTCAAAAAAACGAAAAAA"
"chr1","13220551","13220846","chr9","99455195","99455505","61","86234644","GGCTGGACATGGTGGCTCACACCTCTAATCCCAGCACTGAGGCAGTGCACCATTTGAGGTCAGGAGTTCTCCATGTCCAACATGGTGAAACCCTGTCTCTACTAAAAATGCAAAAACTTAGCCTGGCGTGGTAATGCAAGTCTGTAGTCTCAGCTACTTGGGAGGCCGAGGCAGGAGAATTGCTTGACTCTGGGAGGCAGAGGTTGCAGTGAGCTGAGAGCATGCCACTACACTCCAGCCTGGGTGACAGAGTGAGACGCCACCTCAAAAAACAAACAAACAAACAAATAAACAAA","GGCTGGGCCTGGTGGCTCACGCCTGTAATCCCAACACTCTGAGGGGCCAGTGAGGGCAGATCACTTGAGGTCAGGAGTTCAAGATCAGCCTGACCAACATGGTGAAACCCCATCTCTACTAAAAATACAAAAAGTAGCCAGGCTTGGTGGTGCACACCTGTAATCCCAGCTACTTGGGAGGCTGAGGCAGGAGAATCACTTGAACCTGGGAGCTGGAGGTTGCAGTGAGCTGAGATCAGGCCACTGCACTCCAGCCTGGGTGACAGAATGAGACTCCATCTCAAAAAACAAAGCAAAACAACAAAGTAAAA"
"chr1","13234678","13234959","chr2","118887413","118887694","41","105652735","GGCCAGGCACGGTAGCTTACACCTGTAATCCCAGCACTTTGGAAGGCCAAGGTGGGAGGATCACTTGAGGTACGGAGTTCGAGGCCAGCCTGGCCAACTTGGTGAAACCCCGTCTCTACTAAAAATACAAAAATTAGCCCGGCATGGTGGTGTAAACCAGTAGTTACAGCTACTTGGACGGCTGAGGCAGGAGAATCGCTTGAACCCGGGAGGCAGAGGTTGCAGTGAGCAGAGATGGTGCCACTGCACTCCAGCCTGGTGACAGAGGGAGACTTTATCTCA","GGCCAGGCACTGTGGCCCATGCCTGTAATCCCAGCACTTTGGGAGGCTGAGTGAGTGGATCACTTGAGGTCAGGAGTTTGAGGCCAGCCTCACCAACATGGTGAAACCCCGTCTCTACTAAAAATACAAAAATTAGCCAGGAGTGGTGGTGCACACCAGTAGTCCCAGCTACTCAGGAGGCTGAGGCAGGAGAATTGCTTGAACCAGAGAGGCAGAGGTTGCAATGAGACATGATGGTGCCCTGCAGTCCAGCCTGGGTGACAGAGTGAGACTTTTTCTCAA"
"chr1","13235661","13235969","chr6","17068239","17068542","48","3832578","GGCTGGGCACGGTGGCTCACATCTGTAATCCCAGCACTTTGGGAGGCCGAGGCGGGTGGATCACTTGTCAAGAGTTCGAGACCAGCCTGGCCAACACGGTGAAACCCCTTCTTTTCTAAAGGTACAAAAAGAAGCTGGGCATGGTGGTGCATGCCTGTATTCCCAGCTACTAGGGAGGTTGAGGCAGGAGAATCACTTGAACCCAGGAGGCAGAGGTTGCAGTGAGCCGAGATCGCACCATTGTACTCCGGTCTGGCAGACAGAGGAAGACTCTGTCTCAATAAAAATAATAATAAAAATAAAATAAAA","GGCTGGACGCAGTGGCTCATGCCTGTAATCCCAGCACTTTGGGAGGCCAAGGTGGGTGGATCACTTGAGGTCAGGAGTTCGAGACCAGCCTGGCCAACATGGTGAAACCCTGTCTCTACTAAAAATACAAAAATGAGCTGGGCATGCTGGTACACATCTGTAATCCCAGCTACTTGGGAGGCTGAGGCAAGAGAATCGCTTGAACCCAGGAGGCAGAGGTTGCAGTGAGCCGAGATTGCACCACTGCACTCCAGCCTGGGCAACAGAGCAAGACTCTGTCTCAAAAAAAAAAAAAAAAAGAAAA"
"chr1","13239185","13239485","chr2","192738409","192738717","48","179499224","GTGGCTCACGCCTGTAATCCCAGCACTTTCAGAGGTTGAGGTGGGTGGATCATTTGAGGTCAGGAGTTCGAGACCAGCCTGGCCAACATGCTGAAACCCCATCTCTACTAAAAATACAAAAATTAGCCTGTCACGGTGCTACACACCTTTAATCCCAGCTACTCAGGAGGCTGAGGCAGAAGAATTGCTTGAATCTGGGAGGTGGAGTTTGCAGGGAGCTGAGATCACACCACTGCATCCCAGACTGGGTGACAGAGCCAGAATCCATCTCAAAAAAAAAAAAAAAAAAGAAAGAAAGAAA","CTGGGTGCATTGACTCATGCCTGTAATCCCAGCACTTTGGGAGGTTGAGGTGGGAGGATCACTTGAGGTCAGGAGTTCAAGACCAGCCTGGCCAACATGGTGAAACCCCATCTCTACTAAAAATACAAAAATTAGCTGGGCATGGTGGTACATACCTGTAATCCCAGCCACTCGGAAGGCTGAGGCAGGAGAACCGCTTGGAGCTGGGAGGCGGAGACTGCAGTGAGCCAAGATTACACCACTGGACTCCAGCCTGGGTGACAGAGCAAGACTCCTCTCAAAAAAAAAAAAAAAAAAAAAAAAAGAAAA"
"chr1","13248776","13248933","chr9","43291243","43291387","29","30042467","TTAGCTGGATGTGGTGGTGCATGCCAGTAACACCAGCTACTAGGGAGGCTGAGGCAGGAGAATCACTTGAACCTGGGAGGTGGAAGTTGCAGTGAGCTGAGATTGTGCCAGTGCACTTCAGCCTGAGGGACAGAGTGAGACTCCATCAAAAAAAAAAA","TAGCTGGGGGTGGGCGCCTATAATCCCAGCTACTTGGGAGGCAGAAGCAGAATTGCTTGAACCTAGGAGGTGGAGGTTGCAGTGAGCTGATATTGTGCCAATGCACTCCAGCCTGGGTGACAGAGTGAGACTCTCAAAAAAAAAA"
"chr1","13249207","13249343","chr11","109899418","109899552","22","96650211","GACCGGGCCAGGCTGCTCATGCCTGTAAACCCGGCACTGTGGAAGTCCAAGGTAGTCAGATCACTTGAGGTCAGGAGTTTGAGGCCAGCCTCCTCCAACATCGTGAAACCCTGTCTCTACTAAAAATACAAAAATTA","GGCTGGGCTAGGTGGCTCATGCCTGTAATCCCAGCACTTTGAGAGGCCAAGGTAGGTGGATCACTTGAGGTCAGGAGTTTGAAACCAGCCTGGCCAACACAGTGAAACCCTGTCTCTACTAAAAATACAAAAATT"
"chr1","13265476","13265750","chr1","138060195","138060467","40","124794719","GGCCAGGCTTGGTGTCTCACACCTGTAATCCCAGCATTTTGGGAGGCTGAGGCGGGCAGATCACTTCAGGTCAGGATTTTGAGACCAGCCTGGCCAACATGGTGAAACCCCGTCTCTACTCAAAATACAAAAAAAATTGCTGGGCGTGGTGGCATTCGCCTGTAATCCCAGGTATTCAGGAGACTGAGGCAGGACAATCACTTGAACCCGGGAGGCGAAGGTTGCAGTGAGCTGAGATCGCACCACTGCACTCCAGCCTGGGCAACAGAGCAAGA","GGCTGGGCGTGGTGGCTCACACCCGTAATCCCAGCACTTTGGGAGCCCAAGGTGGGCGCATCACTTGAGGTCAGGAATTTGAGACCAGCCTGGCCAACATGGTGAAACCCCATCTCTACTAAAAATACAAAAATTAGCGGGACGTGGTGGTGCATGCCTGTAATCCCAGCTACTCAGGAGGCTGAGGCAGGAGCATCACTTGAACCTGGGAGGCAGAGGATGCAGTAAGCCGAGATCATGCCACTGCACTCCAGCCTGGGCAACAGAGCAAGA"
"chr1","13309032","13309316","chr2","83138548","83138833","54","69829516","GACCGGGCCCTGCTGCTCACACCTGTAAACCTGGCACTGTGGAAGGCCAAGGTGGTCAGATCACTTGAGGTCAGGAGTTTGAGGTCAGCCTTCGCCAACATCGTGAAGCCCTGTCTCTACTAAAAATACAAAAATTAGCCAGGCGTGGGGGCATACACCCACAACACCAGCTACTTGGGAGGCTGAGGCAGGGGAATCACTTGAACCCAGGAGGTGGTGCTTGCAGTGAGCTGAGATTGTGCCACTGCACTTCATCCTGAGGGACACAGTGAGACTCTGTCTCAA","GGCTGGACATGATGGCTTATGCCTGCAATCCTAGCACTTTAGGAAGCCAAGGTGGGCAGATCACTTGAGGTCAGGAGTTTGAGGTCAGCCTGGCCAACATGGTGAAAACCTGTCTCTACTAAAAATGCAGTAATTAGCCAGACCTGGTGGCATACACCTGTAGTCCCAGCTACTCGGGAGGCTTAGGCAGGAGAATCACTTGAATTCAGGAGGCAGAGGTTGAAATGAGCTGAGATTGTGCCACTGCACTCCAGCCTGGATGACAGAGTGAGACCCTGTCTCAAAA"
"chr1","13310400","13310501","chr1","118887978","118888077","13","105577578","GCTGAGTGCAGTGGCTCATGCCTGTAATCCCAGAATTTTGGGAGGCTGAGGCAGGTGGATTACTTGAGGTCAGGAGTTCGAGACCAGCCTGACCAACATGGT","GGCTGGGCACAGTGGCTCATGCCTGTAATCCCAGCACTTTGGGAGGCCGAGGCAAGTGGATTACTTGAGGTCAGGAGTTTGAGACCAGCCTGGCCAACAT"
"chr1","13327358","13327493","chr9","39456312","39456442","28","26128954","GGCACAGTGGCTCACATCTGTAATCCCAGCACTTTCAGAGACTAAGGTGGGTGGATCACTTCAGTCAGGAGTTCGAGACGACTCTGGCCAATATGATGAAACCCTTTCTCTATTAAAGACACAAAAATTAACTAGG","GGGCACAGTGGCTCATGCCTGTAATCCCAGCACTTTGGGAGGCCAAGGCAGGTGGATCACTTGAGGTCAGGAGTTCGAGACCAGCCTGGCCAACATGGTGAAACCCTGTCTTTACTAAAATACAAAATTTA"
"chr1","13345722","13345961","chr7","117634686","117634924","54","104288964","GACCAGGTGCTGTGGCTCATGTCTGTAATCCCAACACTGCTGGACACCAAGGCAGGCAGATCACTTGAGGTCAGGAGTTCGAGAACAGCCTGGCCTACATAATGAAACGATGTCTCTACTAAATACAAAAAAATTAAGAATCATTTGACTCCAGAAGGCAGAGGTTGCAGTGAGCCAAGATCTCACCACTGCTCTCCAGCCTGGGTGACAGAGTTGGACTCCGACTCAAACAAAAACAAA","CCAGGTGTGATGGCTCATGTCTGTAATCCCAGCACTTTGGGAGGCCAAGGCAGGCAGATCACTTAGGTCAGGAGTTTGAGAATAGCCTGGCCAACATGGTGAAACCCTATCTCTACTAAAAAAAATACAAAAATTATTGAACCCAGTAGGCAGAGGTTGCAATGAGTAGAGATTGCACCGCTGCTTTCCAGCCTGGGCGACAGAGTGAGACTCTCTCAATTAAAAAAAAAAAAAAAAAA"
"chr1","13347879","13348186","chr14","81732110","81732406","69","68384231","GGGTGAGATGGCTGATGCCTGTTATCCCAGCCTTTTGGGAGGCCAAGGTGAGGAGATCACTTGAGGTCAGGAGTTTGAGACCAGCCGGGCCAACATGGTGACGGCCAACATGGTGAAACCCCATCTCGACTAAAATACAAAAATTAGTAGGGCTTGTTGGAGTGCACCCGTAATTCCCAGCTACTTGGGAGGCAGAAGTGAGAGAATCACTTGAACCAGAAGGTTGAGGCTGCAGTGAGCTGAAATCGTGCCACTGCACTCCAGCCTGAGTGACAGATGTAGGCCCAGTCTGAAAATCAAACAAACAA","GGCAGGGGGCAGTGGCTTATGCCTGTAATCCCAGCACTTTGGGAGGCCAGGGCTAGCAGATCATTTGAGGTCAGGAGTTCAAGACCAGCCTGGCCAACATGGCGAAACCCCATCTCCACTAAAAATACAAAAATTAGCCAGGACTGGTGGTATGCACCTGTAGTCCCAGCTACTCAGGAGGCTGAAGCAGGAGAATCACTTGAACCTGGGAGGTAGAGGTTGCAGTGAGCTGAGATCATGCCACTGCACCCCAGCCTGAGTGATAGAGTGAGGCTCCATCTCAAAAAAACGAAAAAA"
"chr1","13366289","13366578","chr1","164311115","164311418","58","150944826","GGCTGGACATGGTGGCTCACACCTCTAATCCCAGCACTGAGGCAGTGCATCATTTGAGGTCAGGAGTTCTCCATGTCCAACATGGTGAAACCCTGTCTCTACTAAAAATACAAAAACTTAGCCTGGCGTGGTAATGCAAGTCTGTAGTCTCAGCTACTTGGGAGGCCGAGGCAGGAGAATTGCTTGACTCTGGGAGGCAGAGGTTGCAGTGAGCTGAGAGCATGCCACTACACTCCAGCCTGGGTGACAGAGTGAGACGCCGCCTCAAAAAACAAACAAACAAACAAAAA","GGCTGGGCACAGTGGCTCACAGCTATAATCCCAGCACTTTGGGAGGTCGAGGCAGGCAGATCATTTGAGGTCAGGAGTTTGAGACCAGCCTGCCCAACATGGTGAAACCCTGTCTCTACTAAAAATACAAAAATTAGCCGGCATGGTGGTGCGTGCCTGTAGTCCTAGCTACTCGGGAGGCTGAGACAGGAGAATGGCTTGAATCTGGGAGGCAGGGGTTGCAGCAAGCTGAGATAGCACCATGGCACTCCAGCCTGGGTGACAAAGTGAGACTCCATCTCAAAAAAAAAACAAAAAAAAAAAA"
"chr1","13367867","13368100","chr5","134387174","134387424","50","121019307","GGCTGGGCACGGTGGTTCACACCTGTAATCCTAGCACTTTGGGAGGCTTCCTTGAGGTCACTTGAGGTTAGGAGTTTGAGACCAGTCAGGCCAACATGGTGAAACCCCATCTCTACTAAAAATACAAATTCCCTTGAACCTGGGAGTTGGAGGCTGCAGTGAGCCAAGATCACACCACTGCACTCCAGCCTAGGTGACCAAGCAAGACTCCGTCAAAAAAACAAAACAAACAAA","GGCTGGGCGTGTTGGCTCACACCTGTAATCCTAGCACTTTGGGAGGCCTAGGTAGGTGGACCACTTGAGGTCAGGAGTTTAAGACCAGCCTGGCCAACATGGTGAAACCCTGTCTCTACTAAAAATACAAAAATTAGCCAGAAATCGCTTGAACCTAGGAGGTGGAGGTTGCAGTGAGGCAAGATAATTCCACTGCACCCCAGCCTACGAAACAGAGCAAGACTCCATCTCAAAAAAATAAACAAAACAAA"
"chr1","13379694","13379987","chr15","6011216","6011510","43","7368478","GGCCAGGCACTGTGGCTCACACCTGTAATCCCAGCACTTTGGAAGGCCAAGGTGGGAGGATCGCTTGAGGTAAGGAGTTTGAGGCCGGCCTGGCCAACATGGCGAAACCCCATCTCTACCAAAAATACAAAAATTAGCCCAGCATGGTGGCATAAACCAATAGTTACAGCTACTTGGGAGGCTGAGGCAGGAGAATCTCTTGAACCCAGGAGGCAGAGGTTGCAGTGAGCAGAGACAGTGCTACTGCACTCCAGCCTGGTGACAAAGTGAGATTCCATCTGAAAAAAAAAAAAA","GCCAGGCGTGGTAGCTCACACCTGTAATCCCAGCACTTTGGGAGGCCAAGGTGGGTGGATCACTTGAGGTCAGGAGTTTGAGACCAGCCTGGCCAACATGGTGAAACCCCATCTCTACTAAAAATACAAAAATTAGCCGAGCGTGGTCACACATGCCTATGATTCCAGCTACTCAGTAGGCTGAGGCAGGAGAATCGCTTAAACCTGGGAGGCAGAAGTTGCAGTGAGCAGAGATCATGCCACTGCACTCCAGCCTAGGGGACAGAGTGAGACTCTGTCTCAAAAAAAAAAAAAA"
"chr1","13380048","13380354","chr7","56596965","56597275","47","43216917","GGCTGGGCACGGTGGCTCACATCTGTAATCCCAGCACTTTGGGAGGTCGAGGCGGGTGGATCACTTGTCAAGAGTTCGAGACCAGCCTGGCCAACATGGTGAGACCCCTTCTTTTCTAAAGATACAAAAAGTAGCTGGGCATGGTGGTGCATGCCTGTATTCCCAGCTAATAGGGAGGCTGAGGCAGGAGAATCACTTGAACCCGGGAGGCAGAGGTTGCAGTGAGCCAAGATCGCACCATTTTACTCCAGCCTGGGTGACAGAGGAAGACTCTCTCTCAAAAAATAAATAAATAAATGAATAAAAA","GGCTGGGCACAGTGGCTCACGCCTAGAATCCCAGCACTTTGGGAGGCCGAGGCGGGCAGATCACTTGAGGTCAGGAGTTGGAGACCAGCCTGGCCAACATGGTGAAACCCCATCTGTACTGAAAATACAAAAATCAGCTGGGCATGGTGGCGCATGCCTGTAGTCCCAGCTACTAAGGGGGCTGAGGCAGGAGAATCTCCTGAACTCCGGAGGCAGAGGTTGCAGTGAGCTGAGACTGAGCCACTGCACTCCAGCCTGGGTGACAGAGTGAGACTCCATCTCAAAAAAAAAAATAAATAAATAAATAAATA"
"chr1","13383559","13383868","chr2","137593855","137594162","41","124210296","GCCGGGCGCTGTGGCTCACGCCTGTAATCTCAGCACTTTGAGAGGCCGAGGTGGGCGGATCATTTGAGGTCAGGAGTTCGAAACCAGCCTGGCCAACATGCTGAAACCCCATCTCTACTAAAAATACAAAAATTAGCCTGGCATGGTGCTACACGCCTTTAATCCCAGCTACTCAGGAGGCTGAGGCAGAAGAATTGCTTGAATCTGGGAGGTGGAGTTTGCCGTGAGCTGAGATCGCACCACTGCACTCCAGCCTGGGCGACAGAGTGACACTCCATCTCAAAAAAAAAAAAGAAAGAAAGAAAGAAAA","GCCGGGCGTGGTGGCTCATGCCTGTAATTCTAGCACTTTGGGAGGCCAAGGTGGGCGGATCACTTGAGGTCAGGATTTCGAGACCAGCGTGGCCAACATGGTGAAACCCCATCTCTACTAAAAATACAAAAATTAGCCAGGCACAGTGGCACATGCCTGTAATCCCAGCTACTGGGGAGGCTGAGGCAGGAAAATGGCTTGAATCTGGGAGGCAGATGTTGCAGTGAGCTGATCAAGCCACTGCACTCCAGCCTGGGCAACAGAGTGAGACACCATCTCAAGAAAAAAAAAAAAAGAAAAGAAAAAAA"
"chr1","13392757","13393110","chr6","17068239","17068542","85","3675482","GACCGGGCCCGGCTGCTCATGCCTGTAAACCCAGCACTGTGGAAGGCCAAGGTGGTCAGATCACTTGAGGTCAGGAGTTCGAGGCCAGCCTCCTCCAACATCGTGAAACCCTGTCTCTACTAAAAATACAAAAATTACACTTTGGGAGGCTGAGGTGGGTGGATCACGAGGTCAGGAGATCGAGACCATCCTGGCTAACACGGTGGCACCTGTAGTCCCAGCTACTCTGGAGGCTGAGGCAGGAGAATGGCGTGAACCCAGGAGGTGGAGGTTGCAGTGAGCCGAAATCACACCACTGCACTCCAGCCTGGGCAACAGAGCAAGACTCTGTCTCAAAAAAAAAATACAAAAAAA","GGCTGGACGCAGTGGCTCATGCCTGTAATCCCAGCACTTTGGGAGGCCAAGGTGGGTGGATCACTTGAGGTCAGGAGTTCGAGACCAGCCTGGCCAACATGGTGAAACCCTGTCTCTACTAAAAATACAAAAATGAGCTGGGCATGCTGGTACACATCTGTAATCCCAGCTACTTGGGAGGCTGAGGCAAGAGAATCGCTTGAACCCAGGAGGCAGAGGTTGCAGTGAGCCGAGATTGCACCACTGCACTCCAGCCTGGGCAACAGAGCAAGACTCTGTCTCAAAAAAAAAAAAAAAAAGAAAA"
"chr1","13398360","13398491","chrUn_GL286373","488043","488175","15","12910317","GGCCGGGTGCAGTGGCTCACACCTGTAGTCCCAGCACTTTGGTAGGCCGAGGTGGGTGGCTTATTTGAGGTCAGGAGTTTGAGACCAGCCTGACTAACATGGTGAAATCCCATCTCTACTAAAAATACAAAA","GGCCAGGTGCAGTGGCTCACACCTGTAATCCCAGCACTTTGGGAGGCTGAGGTGGGTAGATCACTTGAGGTCAGGAGTTTGAGACCAGCCTGACCAACATGGTGAAACCCCGACTTTACTAAAAATAGAAAAA"
"chr1","13403516","13403805","chr10","122062048","122062334","51","108658532","GGCTGAGCACGGCGGCTCATGCCTGTTATCCCAGCACTTTGGGAGGCCGAGGCGGGAGGATCACTTGAGGTCAGGCATTTGAGACCCGCCTGGCCAACATGGTGAAACCACATCTCTACTAAAAATACAAAAATCAAATTACATGCGTATAATCCCAGCTACTCAGGAGACTGAGACAGGAGAACCGCTTGAATCCAGGAGGCAGAGATTGCAGTGAGCCGAGATCCCACCACTGCATACCAACCTGGGCAACCAAGTGAGACTCTGTCTCAAAAAAATAAACAAATAAA","GGCCAGACACGGTGGCTCATGCCTGTAATCCCAGCACTTTGGGAGGCCGAGGTGGGCAGGTTGCTTGAGGTCAGGAGTTTGGGACAAGCCTGACCAACATGGTGAAACCCCATCTCAACTAAAAATACAAAAATTAGCCAGGCCTGTAATCCCAGCTACTCGGGAGGCTGAGGCTGGAGAACCGCTTGAACCCATGAGATGGAGGTTGCCGTGAGCTGAGATCACATCACTGCACTCCAGCCTGGGCAAGAAAATGAGACGCCATCTCAAAAAAATAAATAAATAAA"
"chr1","13410045","13410174","chr9","39456312","39456442","13","26046267","GGCTCGGTGGCTCATGCCTGTATTACCAGCACTTTGGGAGGCCAAGGCAGGTGGATCACTTGAGGTCAGGAGTTCAAGACCAGCCTGGCCGACAGGGTGAAACCCTGTCTCTACAAATATAGAAAAATTA","GGGCACAGTGGCTCATGCCTGTAATCCCAGCACTTTGGGAGGCCAAGGCAGGTGGATCACTTGAGGTCAGGAGTTCGAGACCAGCCTGGCCAACATGGTGAAACCCTGTCTTTACTAAAATACAAAATTTA"
"chr1","13412131","13412317","chr20","26835036","26835223","31","13422905","GGCCAGGTGTGGTGGCTCACGCCTGCAGTCCCAACACTTTGGGAGGCTGAGGTGGGTGGATCACTTGAAGTCAGGAGTTGGAGACCAGCCTGGGCAACACGATGAACTCCTGTCTCTACTAAAAATACAAAAATTAACTTGGTGTGGTGGCTCATGCCTCTAATCGCAGCTACTTGAGAGGCTGAAG","GGCTGGGTGCGGTGGCTCATGCCTGTAATCTCAGCACTTTGGGAGGCCGAGGTGGGTGGATCATTTGAAGCCAGGAATTTGAGACTAGCTTGGGCAACATGATGAAACCCTGTGTCTACTAAATTTACAAAAATGCACCAGGTGTGGTGGCACATGCCTATAATCCCAGCTACTTGGGAGGCTGAGAC"
"chr1","13413355","13413664","chr12","27257719","27258031","48","13844364","GGCTAGGCACAGTGGCTCACACCTGTAATCTCAGCACTTTGGGGGGCTGAGAAGGGTGGATGCCTAGAGGTCAGGAGTTTGAGACCAGCTTGGCCAACATGGTAAAACCCTATCTGTACCAAAAATACAAAAATTAGCCAGGTGCAGTGGTGTGTGCCTGTAGTCCCAGCTACTAGGGAGGCTGAGGCAGGAGGATCACTTGAACCCAGGAGGTGGAGGTTGCAGTGAGCTGAGATTGTACCACTGCACTCCAGCCTGAGAAATAGGCTAGATTCATCTCAAAAACAAAAACAAAAACAACAACAACAAA","GGCCTGGTGCTGTGGCTCACACCTGTAATCCCAGCACTTTGAGAGGCCGAGGCAGGTGGATCCCTTGAGGTCAGGAGTTTGAGACCAGCCTGGCCAACATGGCTAAAACCCTGTCTCTACTAAAAATACAAAAATTAGCCAGGGGTGGTGGTGTGTACCTGTAGTCCCAGCTACTCGGGAGGCTGAGGTGGGAGAATCGCTTGAACCCAGGAGGCGGAGGTTGCAGTGAGGCAAGATTGCACCACTGCACTCCAGCCTGGACAACAGAGTGAGACTCTGTCTCAAAAAACAAAAAACAAAAAAAAAGAAAAAA"
"chr1","13415083","13415381","chr5","50556024","50556321","39","37140941","GGCTGGGCATGGTGACTTATGCCTGTAATCCCAGCACTTTGAGAGGCCGAGGCAGGCAGATCATTTGAGGTCAGGAGTTCAAGACCAGCCTGGCCAACATGGTGAAACCCTGTCTGTACTAAAAATACAAAAAAATTAGCTGGGCATGGTGGTACACACCTGTAATCCCAGCTACTTGGGAGGCTGAGGAAGGAGAATCACTTGAACCCGGGAGGCGGAGGTTACAGTGAGCTGAGATTGTGCCACTGCACTCCAGCCTGGGCGACATGAATGAAACTCCAAGCTCAAAAAACAAAGAA","GGCTGGGCACGGTGGTTCATGCCTGTAATCCCAGCACTTTGGGAGGCTGAGGCAGGTGGATCACTTGAGGTCAGGAGTTCAAGACAGCCTGGGACAACATGGTGAAACCCTGTCTCTACTAAACATACAAAAAAATTAGCTGGGGGTGGTGACACGCACCTGTGATCCCAGCTACTCGGGAGGCTGAGGCAGGAGAATCACTTGAACCCAGGAGGCAGAGGTTACAGTGAGCTGAGATTGTGCCACTGTACTCCAGCCTGGGAGACAGAGCAAGACTTCATCACAAACAAAAAACAAA"
"chr1","13426297","13426603","chr3","153217268","153217573","48","139790971","GGCTGGGCGCGGTAGCTCACATCTGTAATCTCAGCACTTTGGGAGGCCGAGGTGTGCGGATCCCTTGAGGTCAGGAGTTCAAGACCAGCCTGACTAACATGGTGAAACCCTGTCTCTATTAAAAATGCAAAATTAGCTGGGCGTGGTGGCATATACCTGTAGTTCCAGCTACTGGGGAGGCTGAGGGAGGAGCATTGCTTGAACCTGGGAGGCGAAGGTTGCAGTGATCCAAGATCGCACCAATGAACTCTAGCCTGGGTAACAGAGTGAGACTCCATATCAAAAAAAAAAAAAAAAAGATAAGAAA","GGACGGGCGCAGTGGCTCACGCCTGTAATCCCAACACTTTGGAAGGCCGAGGCAGGCAGATCACTTGAGGTCAGGAGTTAGAGACCAGCCTGGCCAACATGGTGAAACCTTGTCTCTACTAAAAATACAAAAAGTAGCTGGGCGTGGTGGCACGCACCTGTAGTCCCAGCTATTTGGGAGGCTGAGGCAAGAGAATCGCTTGAACCTGGGAAGTGGAGGTTGCGGTGAGCCAAGATTGCACCACTGCACTCCAGCCTGGGTGACAGAGTGAGACTCCGACAAAAAAAAAAAAAAAAAGAAAAAAAA"
"chr1","13428182","13428426","chr5","123938398","123938642","43","110510216","GGCCGGCCGTGGTGGCTCACGCCTGTAATCCCAGCACTTTGGGAGGCAGATCATTTGAGGTCAGGAGTTTGAGACCAGCCTGGCCAACATGGTGAAAGTCCATCTCTACTAAAAATAAAAAATTAGCCGGGTGTGGTGGCACGTGCCTTTAGTCCCAGCTACTGGGGAGGCTGAGGCAGGAGAATCGCTTGAACCTGGGAGGCAGGGGTTGCAGTGAGCCAAGATCAAGCCACTGCACTCAAACC","GCCAGGTGTGGTGGCTCACGTCTGTGATCCCAGCACTTTGGGAGGTAGATCACTTGAGGCTAGGAGTTCAAGACCAGCCTGGCAAACATGGTGAAATCCCATCTCTACTAAAAATACAAAAATTAGCTGGGCATGGTGGTACATGCCTGTAATCCCAGATATTTGGGAGGCTGAGGCAGAAGAATCGCTTGAGCCTAGAAGGCAGAGGTTACAGTGAGCCAAGATTGCACCACCACACCCAGCTT"
"chr1","13441945","13442229","chr4","16350054","16350344","51","2908109","GGCTGAGTGTGGTGGCTCACGCCTGTAATCCTAGCACTTTGGGAAACCAAGGTGGGCAGGTCACTTCAGGTCAGATGTTCGAGATCAGCCTGGCCAACACGGTGAAACATCCAACTCTAATAAAAATACAAAAATTAGCCGGGCGTGCCACGCCTGGAATCCCAGCTACTCAGCAGACTGAGACAGGAGAATAACTTGAACCCAGGAGGCAGAGATTGCAGTGAGCCAAGATTTCACCACTGTACTTCAGCCTGGGCGACAGAGTGAGACGCTCTCAAAAAATAA","GGCCAGGTGCAGTGGCTCATGCCTGTAATCCCAGCACTTTGGGAGTCCAAGGTGGGTGGATCATTTGAGGTCAGGAGTTCAAGACCAGCCTGGCCAACATGGTAAAACCCCATCTCTACTAAAAGTACAAAAATTAGCTGGACGTGGTGGTGCGTGCCTGTAATCCCAGCTACTCAGGAGGCTGAGGCAGGAGAATTGCTTGAACCCGGGAGGCAGAGGTTGCAGTGAGCCAAGATTGCACCACTGTACTCCAGCCTGGGCGACAGAGCAAGACTACATCTCAAAAAAAAA"
"chr1","13442631","13442942","chr5","129591545","129591851","41","116148914","GGCCAGGTGCAGTGGCTCACACCTGTAATCCCAGCACTTTGGGAGGCCGAGGCCGGCAGATCACTTGAGGTCAGGAATTCGAGACCAGCCTGGCCAACATGGTGAAACCCTGTCTCTACTAAAAATAAAAAAAGTTAGCCAGTCATGGTGGCACATGCCTGTAACATCAGCTACTCGTGAGGCTGAGGCAGGAGAGTCACTTGAACCTGGGAGGCAGAGGTTGCAGCGAGCCGAGATCCTGCCACTGCACTCCAGCCTGGGCAACAGAGCAACACTCTGTCTCAAAAAATAAAAATAAATAAATAAATAAAA","GGCTGGGCGCGGTGGCTCACACCTGTAATCCCAGCACTTTGGGAGGCCAAGGTGGGCAGATCCCTTGAGGTCAGGAGTTTGAGACCAGCCTGGCCAACATGGTGAAACTCCGTCTCTACCAAAAATATAAACATTAGCCGGGCATGATGGCACATGCCTGTAATCCCAGCTACTTGGGAGGCTGAGGCAGGAGACTCACTTGAACCTGGGAGGCAGAGGTTGCAGGGAGCCAAGATCATGCTACTGCACTCCAGCCTGGGCAACAGAGGAAGAATCCATCTCGAAATAAATAAAAATAAAAAATAAA"
"chr1","13443062","13443298","chr2","196279413","196279650","45","182836351","TGAGAGGCCAAGGTGGACGGATCACTTGAGGTCAGGAGTTTGAGACCAGCCTGGGCAACAGGGTGAAACCCTGTCTCTACCAAAAATATAAAAATTAAGCCGGGTGCGTTCCTGTAATCCCAGCTACCGGGGAGGCTAAGGCGGGAGAATTGTTTGAACCCAGGAGGTGGAGATTGCAGTGAGCCGAGATCATGCCACTGCACTCTGGCCTAGGTGACAGAACGAGACTCCATCTCA","TTTGGAAGGCCAAGGAGGGTGGATCACTTGAGATCAGGAGTTCAAGACTAGCCTAGCCAACATGGTGAAACCCTATCTCTACAAAAAATGCAAAAATTAGCTGGGTGCCGGTAGTCCCAGCTACTCGGGAGGCTGAGGCAGGAGAATCACTTGAGCCCAGGAGGTGGAGGTTGCAGTGAGCCAAGATCATACCACTGCACTCTGGTCTGGGTGACAGAGCGAGACTTCATCTCCAAAA"
"chr1","13447299","13447602","chr1","202849760","202850061","48","189402461","GGCCGGGCATGGTGGCGCAAACATTTGTAATCACAACATTTTGGGAGGCTTTGGCAGATGGATCACTTGAGGTCAGGAGTTCAAGACCAGCCTGCCTAACATGGTGAAACCCTGTCTCTAATAAAAAAAAAAAAAATTAGCCAGGTGTGGTGGTGTGCCCCTGTAATCCCAGCTACTTGGGAGGCTGAGGCAGGAGAATCACTTTAACCAGGAGACAGAGGTTGCAGTGAGCCAAGATCGCGCCACTGCACTCCAGCCTGGGCAACAGAGCAAGACTCGGTCTCAAAAAAAATTAATTAAAAAA","GGCCGGGCACAGTGGCTCATGCCTGTAATCCCAGCACTTTGGGAGGCTGAGCAGGTGGATCACTTGAGGTCAGGAGTTTAAGACCAGCCTGGCCAACATGGTGAAACTCCATCTCTACTAAAAATAAAAAAATTAGCTGGATATGGTGGTGTGCACCTGTAGTCCTAGCTACTCGGAAGGCTAAGGCAGGAGAATCACTTGAACCTGTGAGGCAGAGGTTGCAGTGAGCCAAGATTGTGCCACTACACTCCAGCCTGGGCAACAGAGCAAGACTCTGTCTCAAAAAAAAAAAGAAAAAAGAA"
"chr1","13454001","13454251","chr7","24573963","24574211","31","11119962","GGCTGGGCACAGTGGCTCATGCCTGTAATCCTAGCACTTTGGGAGGCCGAGGCAGGTGAATCACTTAAGGTCAGGAGTTTGAGAGACCAGCCTGGCCAACATGGTGAAACCCATCTCTACTAAAAATACAAAAATTAGCTGGAAATCGCTTGAACCCAGGAGGCAGAGGTTGCAGTGCGCCGGGATTGTGCCACTGCACTCCAGCCTGGGCAACAGTGTGAGACTCCATCTCAAATAAATAAATAAATAAA","GGCCAGGCACAGTGGCTCATGCCTGTAATCCTAGCACTTTAGGAGGCTGAGGCAGGCGGATCACTTGAGGTCAGGAGTTCAAGACCAGCCTGGCCAACATGGTGAAACCCCATCTCTACTAAAAATACAAAAATTAGCAGGAAATCGCTTGAATGCAAGAGGTAGAGGTTGCAGTGAGTCAGTCGTGCCACTGCACTCCAGCCTGGGCAACCAAGCAAGACTCCGTCTCAAAAAATAAATAAATAAAAA"
"chr1","13455281","13455588","chr6","141003358","141003658","42","127548077","GGCCGGGCACGGTGGCTCACGCCTATAATCCCAACACTTTGGGAGGCCGAAGCAGGTGGATCACTTGAGGCCAGGAGTTCGAGACCAGCCTGGCCAACATGATGAAACCTCGTCTCTATTAAAAATACAAAAAAATTAGCCAGGTGTGGTGGTGCGCACCTGTAATCACAGCTACTCGGGAGCTTGAGGTGGGAGAATTGCTTGAACCTGGGAGGCAGAGGTTGCAGTGAGCTGAGATTGAGCCACTGCACTCCAGTCTGAGCAACAGAGTGAGACCCTGTCTCAAAATAAAGAAAGAAAGAAATAAA","GGCCGGGTGCTGTGGCTCACACCTGTAATCCCAGCATTTTGGGAGGCTGAGGCAGGTGGATCGCTTGAGGTCAGCAGTTCGAGACCAGCCTGGCCAACATGGTGAAACCCTGTCTCTACTAAAATACAAAAATTAGCCAGGTGTGGTGGTGCACACCTGTAATCCCAGCTACTCGGGAGGTTGAGGTGGGAGAATCTCTTGAATCTGGGATGCAGAGGTTGCAGTGAGCTGAGATTATTCCATTGCACTCCAGCCTGGGCAACTGAGAGAGATTCTATCTCAAAAAAAAAAAAAAAAAAAA"
"chr1","13490148","13490458","chr2","9886138","9886441","37","3604010","GGCTGGGCGCAGTGGCTCACGCCTGTAATCCCAGCACTTTGGGAGGCTGAGGCAGGCGGATCACTTGAGGTCAGGAGTTCAAGACCAGCCTGGCTAACATGGTGAAACCCCATCTCTACTAAAAATACAAAAATTAGCCAGGCATGGTGGCAACTGCCTGTAATTCCAGCTACTCGGGAGGCTGAGGCAGGAGAATCGCTTGAACCCGAGAGGCGGAGGTTACAGTGAGCCAGCCGGTCACGCCACTGTACTCCAGCCTGGGCGACAGAGTGAGACTCTGTCTAAAAACAAAAAACAAAAAACAAAAAAAA","GGCTGGACGCAGTGACTCATGCCTGTACTCCCAGCACTTTGGGAGGCTGAGGCGGGTGGATCATGTGAGGTCAGGAGTTCAAGACCAGCCTGGCCAACATGGCGAAACCCCAACTCTACTAAAAATACAAAAATTAGCCAGGCGTGGTGGTGCACACCTGTAGTCCCAGCTACTCGGGAGGCTGAGGCAGGAGAATTGCTTGAACCCAGGAGGCAGAGGTTGCAGTGAGCCAAGATCACGCCATTGTACTCCAGCCTGGGCAACAGAGTAAGACTCTGTCTGAAAACAAAAAACAAACAAAAAA"
"chr1","13523450","13523760","chr6","21957187","21957498","54","8433737","GGCCGGATGCTGGGGCTCACGCCTGTTATCACAGCACTTTAGGAGGCCAAGGCGGGCAGATCACTTGAGGTCAGGAGCTCGAGACCAGCTTGACCAACATGGCGGAAGCCTGTCTCTACAGAAAATACAAAAAGTAGCCAGGCGTCGTGGTGCTCACCTGTAATTCCGGCTACTCGGGAGACTGAGGCAAGAGAATCACTTGAGCCTGGAAGGCGGAGGTTGCAGTGAGCTGAGATGGTGTCATTGCATTCCAGCCTGGGCCACGGAGTGAGACTTTGTCTCAAAAAAAAAGAAAGAAAAGAAAAAAGAAA","GGCCGGGTTGGTGGCTCACGCCTGTAATCCCAACACTTTGGGAGGCTGAAGCGGACAGATCACTTGAGGTTAGGAGTTTGAGACCAGCTTGGCCAACATGGTGAAACCCTGTCTCTACTAAAAATACAAAAGATTAGCCGGGCATGGTGGTGCGTGCCTGTAATTCCGGCCACTTGGGTGGCTGAGGCAGGAGAATCACTCGAACCTGGGAGGCAGAGGTTGCAGTGAGCTGAGATTGTGCCATTGCATTCTAGCCTGGGTGACAGAGTGAGACTTCATCTCAAAAAAAAAAAAAACCCAAAAAAGCAAAAA"
"chr1","13526616","13526879","chr11","109240498","109240754","50","95713882","GGCTGGGCACAGTGGTTCATGCTTGTAATCCCAGCACTTTGGGAGGCCAAAGTGGGCAGATCACTTGAGGTCAGGAGTTCGAGACCATCCTGGCCAACATGGTGAAACCCCGTGTCTACCAAAAATACAAAAATATACAAAAATTAGCTGGACATGGTTGTGCATGCCTGTAGCCCCACTACTCAGGAGGCTGAGGCAGGAGAATCGCTTGAACCCAGGAGGTGGAGGTTCTGAGCTGAGATTGCACTACTGCAACCTCCGCCT","GGCCAGGCACAGTGGCTCACCCCTGTAATCCTAGCACTTTGAGAGGCCAAAATGGGCAGATAACTTGAGGCCAGGAGTTCAAGACCAGCCTGGGCAACATGGTGAAACCCTGTCTCTACAAAAAATACAAAAATTAGCCAGGCATGGTAGTGCATACCTGTAATCCCAGCTACTTGGGAGGCTGAGGCAGGAGAATTGTTTGAACCCAGGAGGCAAAGGTTCTGGTGAGCCAAGATTGTGCCACTGCACTCCAGCCT"
"chr1","13533471","13533782","chr7","76330112","76330423","41","62796641","GGCCAGGCCCAGTGGCTCGTGCCTGTAATCCCAGCACTTTGGGACGCTGAGGTGTGCAGATCACTTGAGGTCAGGAGTTTGAGACTAGCCTGGCCAACATGTTGAAACCCTGTTTCTACTAAAAATACAAAAATTAGCCACGTGTGGTGGCACATGCCTGTAATCCCAGCTACTCAGGAGGCTGAGGCATGAGAATCGCTTGAGCCTGGGAGGCAGATGTTGCAGTGAGCCAAGATCGTGCTGCCGCACTTCAGCCTGGGCCACAGAGTGAGACTCTGTCTCAAAAAAAAAAAAAAAAAAAGAAAAAAAGAA","GGCCGGGTGGGGTGGCTCTTGCCTGTAATCCCAGCACTTTGGGAGGCAGAGGTGGGTAGATCACTTGAGCTCAGGAGTTTGAGACCAGCCTGGCCAACATGGTGAAACCCTGCATCTACTCAAAATACAAAAAGTAGCCAGGCGTGGTGGTACATGCCTGTAATCCCAGCTACTGGGGAGTCTGAGGCATGAGAATCGCTTGAACCAGGGAGGCAGAGGTTGCAGTGAGTTAAGATCCTGCCACTGCACTCCAACCTGGGCAATAGAGTGAGAGCTCATCTCAAAAAAAAAAAAAAAAAAAAAAAAAAAAAA"
"chr1","13558967","13559258","chr7","47771162","47771456","44","34212195","GGCCTGGGCATGGTGGCTCACTCCTGTAATCCCAGCACTTTGTGGGGCCGAGAAGGGCGGATCCCTTGAGCTGAGGAGTTTGAGACCAGCCTGGGCAACATGGTGAGACCTTGTCTCTACTAAAAATACAAAAAAAAATAGCTGAGTGTGGTAGTGTGCACCTGTGGTCCCATCGGGAGACTTAAGTGGGAGAATCACCTGAGCCCTCGGGGCGGAGGCTGCAGTGAGCCGAGATCGCCCCACTGCACTCCAGTCTGGGTGACAGAGCAAGACTGTCTCAAGGAAAAAAAAA","GGCCGGGTGCAGTGGCTCACTCCTGTAATCCCAGCACTTTAGAAGGCTGAGGCAGGTGGATCCCTTGAGTTTAGGAGTTCGAGACCAGCCTGGGCAACATGGTGAGACCTCGTCTCTACTAAAAATACAAAACAAAACAAAATAGCCGAGTGTGGCAATGTGCACCTGTGGTCCCATAGGGAGGCTGAAGTGGGAGAATCACTCGAGCCCTCAGGGTGGAAGCTGCAGTGAGCCCAGCTGGCACCTCTGCACTCCAGTCTGGGTGACAGAGTAACACTCTCAAAGAAAAAAAAAA"
"chr1","13589844","13590127","chr2","10414629","10414909","42","3175215","GGCAGGGAGCGGTGGCTTACGCCTGTAATTCCAGCACTTGGGAGGGCTGAGGCGGGTGGATCACTTGAGGTCAGGAGTTCAAGAACAGCCTGGCCAACATGGTGAAACCCCATCTCTACCAAACGTAGAAAAATTAGCCAGGCGTGGTGGCACATGCCTGTAATCCCAGCTACTAGGGAGGCTGAGGCAGGAGAATGGTTGGAACCTGGGGGTCGGAGGTTGCGGTGAGCTGGGATCGCACCACTGCACTCCAGCCTGGGCGACAGAGCAAGACTCCATCTCAA","GGCCGGGCGCGGTGGCTCATGCCTGTAATCCCAGCACTTTGGGAGGCCAAGGCGGGTGGATCACTTGAGGTCAGGAGTTCGAGACAGTCTGTCCAACATGGGGAAACCCCATCGCTACTGAAAGTACAAAAATTAGCCAGGTGTGATGGCACACACCTGTAGTCCCAGCTACACGGGAGGCTGAGGCAGGAACATCACTTGAACCTGGGAGGTGGAGGTTGCAGTGAACTGAGATGGCACCACTGCACTCCAGCCTGGGCAACAGAGCGAGACTCCATCTC"
"chr1","13667273","13667582","chr7","47866961","47867263","42","34199688","GCCGAGCGTGGTGGCTCACACCTGTAATCCCAGCACTTTGGGAGGCCAAGGCGGGTGGATCGCTTGAGGTCAGCAGTTGGTGACCAGCCTGGCCAACATGGTGAAACCCCGTCTCTACTAAAATTACAAGAATTAGCTGAACGTGGTGGCACATGCCTGTAGTCCCACCTACTTGGGAGCCTGAGGCAGGAGAATCGCTTGAACCCAGGAGGCAGAGGTTGCAGTGAACCGAGATCGTGCCACTGCACTCCAGCCTGAGCAACAGAGTGAGACTCCGTCTCAAAAAAAACCAAAAAAACCCAACAAAAAA","GCGCGGTGGCTCACACCTGTAATCCCAGCGCTTTGGGAGGCCAAGGCGGGAGGATCACTTGAGGTCAGGAATTCAAAACCAGCCTGGCCAACATGGTGAAACCCTGTCTCTACTAAAAATACAAAAATTAGCTGGATGTGGTGGCGCATGCCTGTAGTCCCAGCTACTCAGGAGGCCGAGGCAGGAGAGTTGCTTGAACCCAGGAGGCGGAGGTTGCAGTGAGCCGAGATCGCGCCATTGAACTCCAGCCTGGCAACAGAGAGAGACTCCATCTCAAAACAAACCAAAACCAAAAAAAAAAAA"
"chr1","13696199","13696491","chr5","132893438","132893729","39","119197239","GGCCAGGCGCAGTGGCTCATGCCTATAATCCCAGCACGTTGGGGGGCCAAGGTGGGTGGATCACTTGAGGTCAGGAGTTGGAGACTAGCCTGGCCAACATGGTGAAACCCCATCTCTACTAAAAATACAAAAAATTAGCCAGGAGTGGTGGCGCACACCTGTAATCCCAGCTACTCAGGGGCCTGAGATAGGAGAATTGCTGGAATTTGGGAGGTGGAGGTTGCAGTGAGCTGAGATTGTGCCATTGCACTCTAGCCTGGGCGACAGAGCAAGGCTTTGTCTCAAAAAAAAAA","GGCCAGGTGCAGTGGCTCACGCCTGTAATCCCAGCACTTTGGGAGGCCAAGATGGGTGGATCACTTGAGGTCAGGAGTTCGAGACCAGCCTGCCCAACATGGTGAAACCCCATCTCTACTAAAAATACAAAAATTAGCCGGATGTGGTGGCACACACCTGTAATCTCAGCTACTTGGAAGATGAGGCCAGAGAATTGCTTGAACCCAGGAGGTGGAGGTTGCAGTGAGCTGAGGTCGTGCCACTGCACTCTAGCTTGGGCAACAGAGCAAGACTCCATCTCAAAAAAAAAAA"
"chr1","13725214","13725504","chr4","16350054","16350344","38","2624840","GGCCGGGCGCAGTGGCTCATGCCTGTAATCCCAGCACTTTGGGAGGCCGAGGCAGGCAGATCACTTGAGGTCAGGAGTTCAAGACCAACCTGGCCAACATGGTAAAAACCTATCTCTACTAAAAAAACAAAAACTAGCTGGGCGTGGTGGCGCACACCTGTAATCCCAGCTACTCAGGAGGCTAAGGCAGGTGAATCACTTGAACCCGGGAGGCGGAAGTTGCAGTGAGCCGAGGTTATGCCACTGCACTCCAGCCCGGGGGATAGAGCAAGACTCCTTCTCAAAAATAAA","GGCCAGGTGCAGTGGCTCATGCCTGTAATCCCAGCACTTTGGGAGTCCAAGGTGGGTGGATCATTTGAGGTCAGGAGTTCAAGACCAGCCTGGCCAACATGGTAAAACCCCATCTCTACTAAAAGTACAAAAATTAGCTGGACGTGGTGGTGCGTGCCTGTAATCCCAGCTACTCAGGAGGCTGAGGCAGGAGAATTGCTTGAACCCGGGAGGCAGAGGTTGCAGTGAGCCAAGATTGCACCACTGTACTCCAGCCTGGGCGACAGAGCAAGACTACATCTCAAAAAAAAA"
"chr1","13931847","13932157","chr11","108993011","108993317","53","95061164","GACTGGGCATGGTGGCTCATATCTGTAATACTAGCACTTTGGGAGACTGAGGCAGGTGTATCACTTGAGGTCAGGAATTTGAGACCAGCCTGGCCAACATGGTGAAACCCCATCTCTACTAAAAAATACAAAAAAAAAAAAAAAAAAAATTAGCCAAGCCTAGCAGTACGTGCCTGTAGTTCCAGCTACTTGGGAGGGAGGTTGAGGCAGGAGAATCGCTTGAACCATGAAGGCAGAGGTTGCAGTGAGCCAAGATCGTGCCACTGCACTCCAGCCTGGGCAATAGAGCGAGACTCCGTTTCAAAGAAAAA","GGCCAGGCACGGTGGCTCACATCTGTAATCCCAGCACTTTGGGAGGCCAAGGCAGGCAGATCACTTGAGGTCAGGAGTTCAAGACAGCCTGGCAAACATGGTGAAACCCCATCTCTACTAAAAATACAAAATACAAAAATAAAAAAAATGAGCCAGGCATGGTGCTGCATGCCTCTAATCCCAGCTACTGGGGAGGCTGAGACAGGAGAATCGCTTGAACCGGAAGGCAGAGGTTGCAGTGAGCCAAGATCGCGCCACTGCACTCCAGCCCAGGAGACAGAGCAAGACTCCGTCTCAAAAATAAAAA"
"chr1","14047589","14047919","chr13","18130900","18131229","56","4083311","CCGGGCATGGCGGCTCAGCCTGTAATTCCAGCACTTTGGGAGGCCAGGGTGGGCGGACCACTTGAGGTCAGGAGCTTGAGACCAGCCTGGCCAACATGGTGAAACCCCGTCTCTACTAAAAATACAAAAATTAGCTGGGTGTGGTGGCACACACCTGTAATCCCAGCTACTTGGGAGGCTGAAGCAAGAGAATCACTTGAGCACGGGAGGTGGAGGTTGCAGTGAGCTGAGATCACACCACTGCACTCCAGCCTGGGTGACAGAGTGAGACTCGGGAAAAAGAAAAAAGAAAAAAAAAAATAAAGAAAGAAGGAAGGAAAGAAAGAAAGAA","CCGGGTGTGGTGGCTCACACCAGTAATCCCAGCACTTTGGGAGGCCAAGGTAGGTGGAACACTTAAGGTCAGGAGTTTGAGACCAGCCTGGCCAACATGGGGAAACCCTGTCTCTACTAAAAATACAAAAATTCACTGGGCGTGGTGGCACATGCCTGTAGTCCCAGCTACTCAGGAGCCTGAGGCAGGAGAATTGCTTGAACCTGGGAGGCGAAGGTTACAGTGGGCTGAGATCACACCACTGCATTCCAGCCTGGGCCACAGTAGGACTCCATCTATAAAAAAAAAAAGAAAGAAAGAAAGAAAGAAAGAAAGAAAGAAAGAAAGAAA"
"chr1","14102915","14103220","chr9","115637925","115638221","53","101535010","GGCCAGGCACAGTGGCTCACACCTGTAATCCCGGCACTTTGAGAGATCAAGACGGGCCGATCACTTGAGGCCAGGAGTTCGAGACCAGCCTGGCCAACATGGTGAGACCCTCAGCTCTACTAAAAATGCAAAAACAACTAGCCAGGTGTGGTGGTGCACACCTATAACCTCATCTGCTTGGGAGGCTGAGGCATGAAGGCATGAGAATCCTTTGAACCCAGGAGGCAGAAGTTGCAGTGAGCTGAGATCATGCCACTGCACTCCAGCCTGGGTGACAGAGCAAGACTCCGTTAAAAAAAAAAAAAA","GGCCGGGCGCAGTGGCTCACGCCTGTAATCCCAGCACTGTGAGAGACTGAGAAGGGTGGATCACTTGAGGTCAGGAGTTCGAGACCAGCCTGGCCAACATGGGGAAACCCTGTCTCTACTAAAAATACAAAAATTAGCTGGGTGTGGTGGTGTGTGCCTGTAATCCTAGCTACTTGGGAGGCTGAGGCAGGAGAATCACTTGAACCCAGGAGGCAGAGGTTGCAGTGAGCTGAGATCGTGCCATTGCACTCCAGCCTGGTGACAAAGCAAGACTCCATCTCAAAAAAAAAAAAAGAA"
"chr1","14267701","14267981","chr1","189468811","189469090","49","175201110","CTCACGCCTGTAATCCCAGCACTTTGAGAGGCTGAGGCGGGCGGATCACTTGATGTCAGGACTAGCCTGGCCAACATGGAGAAACCCTGTCTCCACTAAAAATACAAAAATTAGCCAGGCATGGTGGTGCACACCTGTAATCCCAACTACTTGGGACGCTGAGGCAGGAGAATCACTTGAACCCAGGAGGCGGAGTTTGCAGTGAGCTGAGATCATGCCACTGCACTTGGGCCTGGGTGACAGAGCAAGACTCTGTCTCGAAAAGAAAAGAGAAAAGAAAA","CCTGTAATCCCAGCACTTTGGGAGACTGAGGCGGGGAGATCACTTGAGGTCAGGATTGAGACCAGCCTGGCCAACATGGTGAAACCCTGTCTCTACTAAAAATACAAAATTAGCTGGGCGTGGTGGTGCACGCCTGTAATCCCAGCTACTTGGGAAGCTGAGGCAGGAGAATCACTTGAACCCGGGAAGCGGAGGTTACAGTGCGCCGAGATCACTCCACTGCACTCCAGCCTGGGTGACAGAGTGAGACCCCATCTCAAAAAAAAAAAAGTAAAAACAA"
"chr1","14338192","14338505","chr19","18047197","18047497","55","3709005","GGCTGGGCGCAATGGCTCACACCTGTAATCCCAACACTTTGGGAAGCCAAGGTGGGTGGATCACTTGAGGTCAGGAGCTTGAGACTAGCCTGGCCAACATGGCGAAACCCCATCTCCACTAAAGAAAAAAAAATACAAAAAAAATTAGCCAAGCACGGCAGTGTGCACCTGTAGTCCCAGCTACTCGGGACACTGAGGCAGGAGAATCGCTGGAACTTGGGAGGCAGAGGTTGTGATTAGCTCAGATCGTGCCACTGCACTCCAGCCTGGGCAACAGAATGAGACTCCATCTTAGAGAAAAAAAAAAAAAAAAA","GGCTGGGCACGGTGGCTCACACCTGTAATCCCAGCACTTTGGGAGGCTGAGGTGGGTGGATCACTTGAGGTCAGGAGTTTGAGACCAGCCTGGCCAACATGGTGAAACTCCATGTCTATTAAAAATACAAAAAAATTAGCCAAGCATGGTGGCTTACACCTGTAATCCCAGCTACTCGGGAGGCTGAGGCAGGAGAATTGCTTGAACCCAGGAGGCAGAGATTGCAGTAAGCCAAGATCGTCCCATTGCACACCAGCCTGGGCAACAGAGCGAGACTCCATCCAAAAAAAAAAAAAAAGAA"
"chr1","14348052","14348351","chr7","48582379","48582675","42","34234327","GGTTAGGCACAGTGGCTCACACCTGTAATTCCAGCATTTGGAGAGGCTGGGGAGGGTGGATTGTTTGAACTCAGGAGTTCAAGACCAGCCTGGCCAACATAGTGAAACCCCATCTCTACTAAAAATACAAAAATTAACTGGGGCAAGGTGGCGTGTGCCTGTAATCCCAGCTACGTGGGAGGCTGAGGCAGGAGCATCACTTGAATTCAGGAGGTGGAGGTTGCAGCGAGCTGAGATGATGCCACTGCACTCCAGCCTGGATGACAGAGTGAGATTTCATCTCAAAAAAAAAAAAAAAAA","GGCTAGGCGTAGTGGCTCACACGTGTAATTCCAGCATTTGGGGAGGCCGAGGAGGGTGGATTGTTTGAACTCAGGAGTCTGAGACCAGCCTGGCCAACATGGTGAAACCCCATCTCTACTAAAAATACAAAAATTAGCTGGGCATGGTGGCATGTGCCTCCAGCAACGCGGGAGGCTGAGGCAGGAGCATCATTTGAATTCAGGAGGCAGAAGTTGCCATGAGCTGAGATCGTGCCACTGCACTCCAGCCTGGGTGACACAGTGAGTCTTCATCTCAAAGCAAAACAAAGAGCAAAA"
"chr1","14411304","14411595","chr12","52530244","52530526","44","38118940","GAGCGCGGTGGCTCACGCCTGTAATCCCAGCACTTTGGGAGGCCAAGGCAGGCAGGCAGATCATTTGAGGTAAGGAGTTCAAGACCAGCCTGGCCAACATGGCAAAACCCCATCTCTATTAAAAAATACAAAAATTAGCTGGGTGTGATGGTGCATGCCTGTAATTACAGCTACTCGGGAGGTTGAGGCAGGGGAACTGCTTGAACTAGGGAGACGGAGGTTACACTGAGCTGTGATCACGCCACTGCACTCCAGCCTGGGTGACAGAGCGAGACTCGGTCTCAAAAAGAAA","GGGTGCGGTGGCTCACACCTGTAATCTCAGCACTTTGGGAGGCCGAGGCAGTTGGATTACTTGAGGTCAGGAGTTCGAGACCAGCCTGGCCAACATGGGAAAACCCCATCTCTACTAAAAATACAAAAATTAGCTGGGTGTGGTGGTGTATGTTTGTAATTCCAGCTACTCAGGAGGCTGAGGCAGGAAAATTGCTTGAACCTGGGAGACAGAGATTGCAGTGAGCTAAGATCACACCACTGCACTCCAGCCTGGGTGAGAGAGCAAGACTGTCTAAAACAAA"
"chr1","14464529","14464820","chr19","43977271","43977559","41","29512742","GCCTGTAATCCCAGCACTTTGGGAGGTGGAGGCAGGTGAATCACTTGAGGTCAGGAGTTTGAGACCAGCCTGATCAATATGGTGAAACCCTGTCTCTACTAAAAATACAAAAAAATTAGCCAGGCATGGTGGCATGTATCTGTAGTCCCAGCCACTCAGGAGGCTGAGGCAGGAGAATTGCTTGAGCCCAGGAGGTGGAGGTTGCAGTGAGCTGAAATCACGCCACTGCACTCCAGCCTGGGTGACAGAGTGAGACGCCATCTCAAAAAAAAAGAAAGAAAAAAAAAAGAAA","CTGTAATGCCAGCACTTTGGGAGGCTGAGGCAGGCGGATCACTTGAGGTCAGGAGTTTGAGACCAGCCTAGCCAATATGGTGAGACCCCGTCTCTACTAAAAATACAAAAATTAGCTGGGCATGGTGGCATGTGCCTGTAGTCCCAGCTACTCAGAGGCTGAGGCAGGAAAATCGCTTGAACCCAGGGGGCAGAGATTGCAGTGAGCAGAAATCATGCCACTGCACTCCAGACTGGGTGACAGAGCTAGACTCCATCAAAACAAACAAACAAAAACAAAAAAAAAAAAA"
"chr1","14489448","14489736","chr9","44537673","44537953","42","30048225","GGCTGGGCACAGCGGCTCATGCCTGTAATCCTAACAAACACTTTGAGAAGCCAAGGCAGGCGGATCACTTGAGGTCAGGAGTTCAAGAGCAGCCTGGCCAACATGGTGAAACCTCATCTATACTGAAAATACAAAACTTAGCTGGCCATGGTGGCACATGCCTGTAATCCCAGCTACTTGGGAGGCTGGGGCAGGAGAATCACTTGAACCTGGGAGGCAGAGTTTGCAGTGAGCCTAGATTGCACCACTGCACTCCAGCCTGTGTGACAGAGTAAGACTCTGTCTTAAA","GGCCAGGCACAGTGGCTCATGCCTGTAATCCCAGCACTTTGGGAGGCAAGGCAGGTGGATCACTTGAGGTCAGGAGTTCGAGAACAGCCTGGCCAACATGGTGAAACCCTGTCTCTGCTAAAAATACAAAAATTAGCCGGACATGGTGGCGCATGCCTGTAATCCCAGCTACTCGGGAGGCTGAGGATAGGAGAATCACTTGAACCTGGGAGGCAGAGGTTGCAGTGAGCCAAGATCTCGCCACTGCATGCCAGCCTGGGTGACAGAGCAAGACCCTGTCT"
"chr1","14524039","14524317","chr17","73825384","73825660","39","59301345","GGGTGCGGTGGCTCATGCCTATAATCTCAGCACTTCGGGAGGCTGAGGCGAGTGGACCACTTGAGGTCAGGAGTTTGAGACCAGCCTGGCCAGCATGGTGAAACCCCGTCTCTACTAAAAATACAAAAATTACCCAGGCGTGGTGGTGCATGCCTGTAATCCCAGCTACTCGGGAGGCTGAAGCAGGAGAATCGCTTGAATCTGGGAGGCAGAGGTTGCAGTGAGCCGAGCTCACACCACTGTACTCCAGCCCAGGTGACAGAACAAGACTCTGTCTCA","GGGTGCGGTGGCTCACGCCTGTAATTCCAACACTTTGGAAGGCCAAGGCAGGCGGACCACTTGAGGCCAGGAGTTTGAGACCAGCCTGGCCAACATGGTGAAACCCTGTCTCTACTAAAATACAAAAATTAGCCAGGCATGGTGGTGCACACCTGTAATCCCAGCTACTCAGGAGGCAGAGGCAGGAGGATCTCTTGAATCTGGGAGGTAGAGGTTGCAGTGAGCTAAGATCACGCCACTGCACTCCAGCCTGGGCGGCAGAGCAAGCCTCTCTCTC"
"chr1","14560345","14560594","chr2","37529205","37529456","35","22968860","CGAGTCAGGTGGATCACTTGAGGTCAGGAGTTTGAGACCAGCCTGGCCAACATGATGAAACCCCATCTCTACTAAAATACAAAAATTAGCCAGGCGTGGTGGTATGTGCCTGTAATCCCAGCTACTCAGAAGGCTGAGGCAGAGAATTGCTTGAACCCAGGAAGCAGAGGTTGCAGTGAGCCGAGATCGCGCCACTGCACTCCAGCCTGGGCGACAGAGCGAGACTCCATCTCAAAATAATAATAATAAA","CAAGGCAGGCAAATGACGTGAGGTCATGAGTTCCAGACCAGCTTGGCCAACATGGTGAAACCCTATCTCTACTAAAACTACAAAAATTACCTAGGCATGGTGGCATGCACCTGTAATCCCAGCTACCCAGGAGGCTGAGGCAGGAGAATAGCTGGAACCCAGGAGGCAGAGGTTGCAGTGAGCCGAGATTGCGCCACTGCATTCCAGCCTGGGTGACAGAGCAAGACTCTGTCTCAAAAATAAAATAAAAAA"
"chr1","14595396","14595710","chr17","54870851","54871173","48","40275455","GGCCGAGCGCTGTGGCTCACGCCTGCAATCCCAGCACTTTGGGAGGCCGAGGCAGGTGGATTGCTTGAGGTCAGGAGTTCGAGACCAACCTGGCCAACCTGGTGAAACCCTGTCTCTACTAAAAATACAAAAAAAAATTAGAGGGGTGTGGAGGCCTGCACCTGTAATCGCAACTACTCAGGAGGCTGAGGCAGACAATCCCTTGAACCCAGGAGGCGGAGGTTGCAGTGAGCTGAGATGGCGCCACTGCACTCCAGCCTGGGCGACAGAGCAAGACTGCGTCTCAAAAAAAAAAAAAAAAAAGAAAAAGAAAAA","GCCAGGTGCGGTGGCTCACGCCTGTAATCCCAGCACTTTGGGAGGCCGAGGCAGGTGGATCACTTGAGGTCAGGAGTTGGAGACCAGCCTGGCCAACATGGTGAAATCTTGTCTCCACTAAAAATACATAAAAAAAAAAAAAAATTAGCTGGGTGTGGTGGTTTGCACCTGTAATTCCAGCTACTCAGGAGGCTGAGGCAGGAGAAACGCTTGAACCCAGGAGGCAGAGATTGCAGTGAGCTGAGATTGCACCACTGCACTCCAGCCTGGACAACAGAGTGAGACTCTGTCTCAAAAATAAATAAATAAAAAGAAAAGAAAAA"
"chr1","14721872","14722179","chr12","27257719","27258031","45","12535847","GACCGGGTGCGGTGGCTCACACCTGTGATCCCAGCACTTTGGGAGGCTGAGGCAAGTGAATAACTTGAGGTCAGAAGATCGAGACCAGCCTGGCCAACATGGTGAAACCCCCTTCTCTACTAAAAATATAAAAATTAGCCAGGCATGGTGGTGCATGCCTGTAATCTCAGCTACTTGGGAGGCTGAGGTAGAATTGCTTGAACCCAGGAGGCGGAGGTTGCAGTGAGCTGAGACTGCACCACTGCACTCAGCCTAAGCGTCAGAGTGAGACTCTGTCTCAAAAAAAAAAAAGAATAAAAAATAAAAAA","GGCCTGGTGCTGTGGCTCACACCTGTAATCCCAGCACTTTGAGAGGCCGAGGCAGGTGGATCCCTTGAGGTCAGGAGTTTGAGACCAGCCTGGCCAACATGGCTAAAACCCTGTCTCTACTAAAAATACAAAAATTAGCCAGGGGTGGTGGTGTGTACCTGTAGTCCCAGCTACTCGGGAGGCTGAGGTGGGAGAATCGCTTGAACCCAGGAGGCGGAGGTTGCAGTGAGGCAAGATTGCACCACTGCACTCCAGCCTGGACAACAGAGTGAGACTCTGTCTCAAAAAACAAAAAACAAAAAAAAAGAAAAAA"
"chr1","14732357","14732666","chr6","17068239","17068542","51","2335882","GGCCGGGTGCAATGGCTCATGCCTGTAATCCCAGCACTTTGGGAGGCCGAGGCAGGTGTATTGCTTGAGCTCAGGAGTTCAAGACCAGCCGGGCCAATATGGTGAAACCCCCTCTCTATAAAAAATATATAAATTAGCTGGGTATGGTGACACATGCCTGTAGTTCCAGCTTCTAGGGAGGCTGAGGTCAGAGGATGCCTTGAGCCCAGCAGGCAGAGGTTGCAGCGAGCCAAGATTGCACCACTACACTCCAGCCTGGGTGACAGAGCAAGACTCTGTCTCAAAACAAAAGGAAAAGAACAAAATGAAA","GGCTGGACGCAGTGGCTCATGCCTGTAATCCCAGCACTTTGGGAGGCCAAGGTGGGTGGATCACTTGAGGTCAGGAGTTCGAGACCAGCCTGGCCAACATGGTGAAACCCTGTCTCTACTAAAAATACAAAAATGAGCTGGGCATGCTGGTACACATCTGTAATCCCAGCTACTTGGGAGGCTGAGGCAAGAGAATCGCTTGAACCCAGGAGGCAGAGGTTGCAGTGAGCCGAGATTGCACCACTGCACTCCAGCCTGGGCAACAGAGCAAGACTCTGTCTCAAAAAAAAAAAAAAAAAGAAAA"
"chr1","14743153","14743443","chr10","16033492","16033786","35","1290339","CAGGTGTGGTGGCTCATGCCTGTAATCCCAGCACTTTGGGAGGCTGAGGTGGGAGGATCACTTGAGGTCAGGAGTTCGAGACCAGCCTGGCCAACATGGTGAAACTGTCTCAACTAAAAATACAAATATTAGCCGGGCGTGGTGACACGTGCCTGTAATCCCAGCTACTCTGGAGGCTGAGGCAGGAGAATCACTTGAACCTGGGAGGCGGAGGTTACAGTGAGCTGAGATCGCGCCACTGCACTCTAGCCTGGGGGACTGAGCGAGACTCTGTCTCAAAAAAAAAAAAAA","GGCCAGGTGTGGTGGCTCACACCTGTAATCCCAGCACTTTGGGAGGCTGAGGCGAGCAGATCACTTGAGGTCAGGAATTCGAGACCAGCCTGGCCAACATGGTGAAACCCCGTCTCTACTAAAAATACAAAAATTAGCTAGGTGTGGTGGCATGTGCCTGTAATCCCAGCTACTTGGGAGGCTGAGGCGGAAGAATTGCTTGAACCTGGGAGGCGGAGGTTGCAGTGAACTGAGATTGTGCCACTGCACTCCAGCCTGGGTGACTGAGCGAGACTCCATCTCAAAAAAAAAAAAA"
"chr1","14763740","14764047","chr12","80419888","80420192","43","65656148","GCTGGGTGTGGTGGCTCAAGCCTGTAATCTCAGCACTTTGGGAGGCCGAGATGGGTGGATCACTTGAGGTCAGGAGTTGGACACCATCCTGGCCAACATGTTGAAACCCTGTTTCTACTAACATACAAAAATTAGCTGGGTGTGGTGGCACGTGCCTGTAACCCCAGCTACTTGGGAGGCTGAGGCAGGAGAATCACTTGAACCTGGGAGGCGGAAGTTGCAGAGAGCCAAGATCGTGCCATTGCACTGCAGCCTGGGCAACAGAGCAAGACTCCATCTCAAATAAAAAATAACATAAAATAAAACAA","CTGGGCACGGTGGCTCACACCTGTAATCCTAGCACTTTGGGAGGACAAGACGGGTGGATCACTTGAGGTCAGGAGTTGGAGACCATCCTAGCCAACATGGTGAAACCCTGTCTCTACTATAAATACAAAAATTAGCTGGGTGTGGTGGCACACACCTGTAGTCTCAGCTACTTGGGAGGCTGAGGCAGGAGAATCGTTTGAACCTGGGAGGCGGAGGTTGCAGTGAGCCAAGATGGCACCACTGCACTCCAGCCTGGCCAGCAGAGCAAGACTCCACCTCTAAATAAATAAATAAATAAATAAAT"
"chr1","14790721","14790990","chr7","49079053","49079308","51","34288332","GGCCGGTGCGGTGGCTCACACCTATAATCCCAGCACTTTCAGAGGCCAAGGCTGGAGGATCGCTTGAGCTCAGGAGTTCGAGATCAGCCTGGGCAGCATGGTGAAACCCCATCTCTATTAAAAATACAAAAGTTAGTTGGCATAGTGGTGCACGCATATCATTCCAGCTACTCGGGAGGCTGAGGTGAGAGAATCGCTTGAGCCTGGGAGGAAGAATTTGCAGTGAGCCAAGATTGCACCACTGCACTCTGCCTCAGCAACAGAACAAAA","GGCCGGGTACGGTGGCCCACACCTACAATCCCAGTTCTTTAGGAGGCCAAGGCAGGAGGATCGCTTGAGCTCAGGAGTTTGAGATCAGCCTGGAGAGCATGGTGAAACCCCATCTGTATTAAAAATATAAAAGTTAGCCAGGCATAGTGGTGCACACATATCATTCCAGCTAACTCGGGAGGCTGAGGTGGGAGGATCACTCAAGCCGGAGGCAGAGGTTGCCATGAGCCAAGATTGTATCACTGGACTTCGGCCT"
"chr1","14808287","14808597","chr10","126696429","126696740","45","111888142","GGCCGGGTGCAGTGGCTCACACCTGTGATCCCAGCACTTTAGGAGGCTGAGGTGGGTGGATCACTTGAGGTCAGGAGTTTGAGACCAGCCCAGCCAACATGGTGAAACCCCGTCTCTACTAAAAAAAAAAAAAATTAGCCGACCGTGGTGGCACTTGCCTGTAATACCATCTATTCAGGGGGCTGAGGTAGGAGAATTGCTTGAACCCGGGAGGCAGAGGTTGCGGTGAACTGAGATCGAACCACTGCACTCCAGCCTGGGGTGACAGAGTGAGACGCCATCTCAAAAAAAAAAAAAAAAAAAAAAAGAAA","GGCCAGGCACAGTGGCTCACGCCTGTAATCCCAGCAGTTTGGGAGGCTGCAGGCGAGTGGATCACTTGAGATCAGGAGTTCGAGACCACCCTGGCCAACATGGTGAAACCCCATCTCTACTAAAAATACAAAAATTAGCTGGCCATGGTGGCGCGTGCCTGTAATTCCAGCTACTCAGGAGGCTGAGGCAGGAGAATTGCTTGAACCTGGGAGGTGGAGGTTGCAATGAGCTGAGATGGAGCCACTGCACTCCAGCCTGGGTGACAGAGCCAGCTCCATCTCAAAAAAAAAAAAAAAAAGAAAAAAGAAAGA"
"chr1","14838639","14838921","chr7","49130155","49130437","33","34291516","GGCCAGGTGCGGTGGCTCACACCTGCAATTCCAGCATCTGGGGAGGCCAAAGTGGGCGGATCATTTGAGGTCAGGAGTTCAAGATCAGCCGGGCCAATAGAGTGAAACCTTGTCTCTACTACAAATACAAAAATTAGCCAGGTGTGGTGGCAAGCGCCTGTAATTCCAGGTACTCAGGAGGCTGAGACATGAGAATCACTTGAACCTGGGAGGCAGAGGTTTGCAGTGAGCTGAGATCCCACCAATGCACTCCAGGCTGGGTGACAGAATGAGACTCTGTCTC","GGCCAGGTGCGGTGGTTCACGCCTGTAAGCCCAGCATTTTGGGAGGCCGAAGTGGGTGGATCATTTGAGGTCAGGAGTTTGAGACCAGCCTGGCCAACAGAGTGAAACGCTGTCTCTACTAAAAATACAAAAATCAGCCAGGTATGGTGGCAAGCTTCTGTAATTCCAGGTACTCAGGAAGCTAAGACAAGAGAACCACTTGAACCCAGGAGGCAGAGGTTTGCAGTGAGCTGAGATCCCACCACTGCACTCCAGCCTGGGTAACAGAGAGAGGCTCTGTCTC"
"chr1","14860198","14860492","chr10","79733069","79733359","46","64872871","CCGGGCGTGGTGGCTCATGCCTGTAATAATCCCAGCAGTTTTGGAGGCTGAGGTGGGTAGATAACTTGAGGCCAGGAGTTTGAGACCAGCCTGGCCGACATGGTGAAACCCCATCTCTACTAAAAATACAAAAGTTAGCTGGGCATGGTGGTGCACGCCTGTAATCCCAGCTACTCAGGAGGGTGAGGTGGAAGAATTGCTTGAACCTGGGAGGTGGAGGTTGCAGTGAACTGAGATCACGCCACTGCACTCTAGCCTGGGCAACAGAGTGAGACCCTGTTGAAAGAAAGAGAAA","GCCAGGGGCGGTGGCTCACGCCTATAATCCCAGCACTTTGGGAGGCTGAAGCGGGTGGATAATTTGAAGTCAGGAGTTTGAGACCAGCCTGGCCAACATGGTGAAACCTTGTCTCTACTAAAAGTACAAAAATTAGCTGGGCATGGTGGAGCGCGCCTGTAGTCTCAGCTACTCAGGAGGCGGAGGCAGGAGAATTGCTTGAACCTGGGAGGCAGAGGTTGCAGTGAGCTGAGACCACACCACTGCACTCCAGCCTGGGTGACAGAGCAAGACACTGTTTAAAAAAAAAAA"
"chr1","14870335","14870638","chr7","49162759","49163057","43","34292424","CCGGGCCTGGGGGCTCACACCTGTAATCCCAGCACTTTGGGAAGCCAAGGTGGGCAGATCACTTGAGGTCAGGAGTTTGAGAGTAGCCTGGCCAACATGGAGAAACCGCGTCTCTACTAAAAATACAAAAATTAGCCAGTGTGGTAGTGCATGCCTGTAATCCCAGCTACTTGGAGGCTGAGGTGGGAGAATCACTCGTACCCAGGAGGTGGAGGTTGCAATGAGCCAAGATTGTGCCATTGCACTCCAGCCTGGGCGACAGAGCAAAACTCTGTCTCAATACAAACACACAAAAAACAAAAAA","GCCGGGCGTGGTGGTTCACATCTATAATCCCAGAACTTTGGGAGGCCAAGGTGGGCAGATCACTTGAGGTCAGGAGGTCAAGACTAGCCTGGCCAACATGGTGAAACCCTGTCTCTACTAAAAATACAAAAGTTAGCCAGTGTGGTAGGACATGCCTCTAACCCCAGCTACTTGGGAGGCTGAGAGGGGAGAATCACTTGAACCCAGGAGGCGGAGGTTGCAGTCAGCCGAGATCATGCCACTGCACTCCAGCCTGGGCGACAGAGCAAAACTCCATCTCCATAAAAACAAACGAAAAA"
"chr1","14905061","14905359","chr6","123235089","123235376","48","108330028","CCAGGCGCAGTAGATCACGCCTGTTATTCCAGCACTTTGGCAGCAGAAGCAGGCAGATAGATCACTTGAGGCCAGGAGTTTGAGACCAGCCTGGCCATTATGGTGAAACCCCATTTCTACTCAAAATACAAAACATTAGCCAAGCATGTGGTGTGTGCCTGTAGTCCCAGCTACTCAGGAGGCTGAGACAGGAGAATTGCTTGAACCCAGAAGGCAGAGGTTGCAGGGAGCCAAGATCACGCCACTGCACTCCAGCCTGGGCGAAGGAGCGAGACTCTGTCTCAAAAAAACAAAAACAA","GTGGCTCATGCCTGTAATCCCAGCACTTTGGGAGACCAAGGCAGGTGGATCACTTGAGGTCAGGACTTTGAGACCAGCCTGGCCATTATGGAAAAATCCCATCTCTACTAAAAATACAAAACTTAGCCAGATGTGGTGATGTGCACCTGTAGTCCCAGCTACTCAGGAGGCTGAGGCAGGAGAATTGTTTAAACCTAGAAGGCAGAGGTTGCAGTGAGCCAAGATCACACCACTGCACTCCAGCCTGGGCAAACAGAGCAAGACTCTGTGTCAAAAAAAAAAAAAAAA"
"chr1","14921700","14922011","chr5","11704563","11704869","49","3217137","GGCTGGGCATGGTGGCTCATGCCTGGAATCCCAGCACTTTGGGAGGCCGAAGAGGGTGGGTGACTTGACGTCAAGAGTTCAAGACCAGCCTGGCTAATATGGTGAAACCCCGTCTCTACTAAAAATACAAAAATTAGCCGGGAGTGGTGGCACACACCTGTAATCCCAGCTACTCAGGAGGCTGAGGCAGGAGAATCACTTGAACCTAGGAGGGGGAGGCTGCAGATAGCCGAGATTGTGCCAGCACACTCCAGGCTAGGCGACAGAGTGAGACCTGGTCTCAAAAAACAAACAAACAAGAACAACAACAAA","GGCCGGGCATGATGGCTCACACCTGTAATCCCAGCACTTTGGGAGGCCAGGCAGGTGGATCACTTAGGTCAGGAGTTCAAGATCAACCTGGCCAACATGGAGAAACCCCATTTCTACTAAAAACACAAAAATTAGCCGGGTGTGGTGGTGCACACCCGTAATCCCAGCTACTCGGGAGGCTGAGTCAGGAGAATCACTTGAACCCAGGAGGTGGAGGTTACAATGAGCCAAGATCGTGCCATTGCACTCCAGTCTGGGCGACAGAGTGAGACATCATCTCAAAAAAAAAACAAAAAACAACAAGAAA"
"chr1","14931155","14931465","chr7","49219241","49219563","53","34288086","GGCTGGGCTCGATGGCTCACACCTGTAGTCCCAGCACTTTGGGTGGCCGAAGCAGGCGGAGCACTTGAGGTCAGGAGTTCAGGACCAGCCTGGGCAACATGGTGAAACCCCATCTCTACTAAAAAAAAAAAATACAAAAATGAGCCCAGCATGGTGGCGCATGCCTGTAGTCCCAGCTACTCGGAAGGCTGAGGAAGGAAAATTGATTGAATCCAGGAGAAGAGGCAGAGGTTATAGTGAGCTAAGATCATGCCACTGCACTCCATCCTGGGCAACAGAGCAAGACTCTGTCTTTAAAAAAAAAGAGAGAA","GGCTGGGTGCAGTGGCTAATACCTGTAATCCCAGCACTTTGGGAGGCCAAAGCAGGCAGAGCACTTGAGGTCAGGAGTTGAAGTCCAGCTTGGGCAACATAGTGAAACCCCATCTCTACTAAAACAAAAAATACAAAAATTAGCCAGGCATAGTGGTACATACCTGTAGTCCCAGCTACTCAGAAGGCTGAGGCAGGAGAATTGATTAAATCCATTAGAGGAGGTGGAGGTTGCAGTGAGCTGAGATCACGCCACTGCACTCCAGCCTGGGCAACAGAGCAAGACTCTGTCTCAAAAAAAAAAAAAGAAAAAAGAAAGAAAGA"
"chr1","14948875","14949155","chr9","111461476","111461764","39","96512601","GGCCAGTCATGGTGGCTCATGCCTGTAATCCCAGCACTTTGGGAGGCTGAGGCGAGCAGATCACTTGAGGTCATGAGTTTGAGACCAGCCTGGCCAACATGGCAAAATGCTGTCTCTACAAAAAATACAAACATTAGAAGGGCGTTGTAGCACATGCCTGTAATCCCAGCTACTCGGGAAGCTGAGTCAGGGCACTTGAACCCAGGAGGCGGAGGTTGCAGTGAGCCAAGATCATGCCACTGCACTCCAGCCTGGGCAACAGAGTGAGACTCCGACTCAAA","GGCCAAGCATAGTGGCTAATGCCTGTAATCCCAGCACTTTAGGAGGCTGAGGCGGGTGGATCACTTGAGCTCAGGAGTTCGAGACCAGCCTGGCCAACATGGCAAAACCCTGTCTCTACCAAAAATACAAAAATTAGCCAGGCGTGGTGGCACGTGCCTGTAATCCCAGCTACTCAGGAGGCTGAGGCAGGAGAATAGCTTGAGCCTAGGAGGCAGAGGTTGCAGTGAGCCAAGATCGTGCCACTGCACTCCAGCCTGGGCAACAGAGGGAGACTCCAACCCTCAAAAA"
"chr1","14965973","14966275","chr5","62823651","62823960","43","47857678","GGGCAAGGTGTCTCACGCCTGTAATCCCAGCACTTTGGGAGGCCGAGGCAGGCAGATTGCTTAAGGTCAAGAGTTCCAGACCAGCCTGGGCAACACGGTGAAATCCTGTCTCTGCTAAAAATACAAAAATTAGCTGGGCATGGTGGCGCGTGCCTGTAATCCCAGCTACTTGGGAGGCTGAGGCACGAGAATCACTTGAACCCAGGAGGCGGAGGTTGCAGTGAGCCGAGGTCACGCCCCTGCACTCAAGCCTGGGTGACACAGTGAAACTATCTCAAAAAAAAAAAAAAAAAGAAAAGGAAA","GGTCAGGCGTAGTGGCTCACACCTGTAATCCCAGCACTTTGGGAGGCCAAGGCAGGGGGATTACTTGAGGTCAAGAGTTCAAGACCAGCCTGGCCAACATGGTAAAACCTGTCTCTCCTCAAAATACAAAAATTAGCTGGGCATGGTGGCATGTGCCTGTAATCCCAGCTACTCGGGAGGCTGAGGCAGGAGAATCACTTGAACCCAGGAGGCAGAGGTTGCAGTGAGCCAAGATGATGCCACTGCACTCCAGCCCAGGTGACAGAGTGAGACTCTGTCTCAACAAAAAAAAGAAGAAGAACAAGAGGAA"
"chr1","14989195","14989495","chr14","83739394","83739686","39","68750199","GCTGGGCACGGTGGCTCACGCCTGTAATCCCAGCACTTTGGGAGGCCAAGGTAGGTGGATCACTTGAGGTCAGGAGTTCGAGACCAGCCAGGCCAACATGGTGAAACCCTGTCTCTACTAAAATACAAAAAATTAGCCAGGTTTGGTGGTGCACACCTGAAATCCCAGCTACTTGAGAGGCTGAGACAGGAGAATTGCTTTAACCCGGGAGCTGGAGGTTGCAGTGAGCTGAGATAGTGCCACTGCACTCCAGCCTGGGTGACACAGCAAGCCTCTGTTTCAAAAAAAGAAAAAAGAAAAA","GGCTGGGCGTGGTGGCTCACACCTGTAATCCCAGCACTTTGGGAGGCCAAGGTGGGCAGATCACTTGAGGTCAGGAGTCTGAGACCAGCCTGGCCAACATGGCGAAACCCTGTCTCTACTAAAAATACAAAAATTAGCCAGGTGTGGTGGTGCACACCTGTAATCCCAGCTACTAGGGAGGCTGAGGCAGGAGAACTCATTGAACCCGGGAGGTGGAGGTTGCATGAGCCGAGATTGTGCCACTGCACTCCAGCCTGGGTGACAGAGAGAGACTGTCTAAAAAAAAAGAAAAA"
"chr1","14992992","14993126","chr2","137370413","137370543","21","122377421","GACTGGGCGCGATGGCTCACATCTGTAATCCCAGCACTTTGGGAGGTCGAGGTGGGCAAATTGCTTGAGGCTAGGAGTTTGAGACCAGCCAGGCCAACATGGTGAAATCCTGTCTCTATTAGAAAAAAAAAAATT","GGCTGGGTGCGGTGGCTCACGCCTGTAATCCCAGCACTTTGGGAGGCTGAGGCGGGTTAATTGCTTGAGGTCAGGAGTTCGAGACCAGCCTGGCCAACATGGTGAAACCCCGTCTCTAAAAAAAAAAAAAA"
"chr1","15005504","15005804","chr10","16033492","16033786","54","1027988","GGCCGGGTGCGGTGGCTCACACCTATCATCCCAGCACTTTGGGAGGCTGAGGCAGGTGGATCGCTTGAGGTCAGGGATGCGAAACCAGCCTGGCCAATGTGGCAAAACCCCATCTCTACTAAAAATATTTTAAAAATAACTAGACATAGTGGCACACGCTTATAATCTGAGCTACTTGGGAGGCTGAGGCAGGAAGATCGCTTGAACCTGGGAAGCAGAGGTGGCAGGGAGGTGAGATCGTGCCACTGCACTCCAGCCTGCATGGCAGAGCGATACAACTCCGTCTCCAAAAAAAAAAAAA","GGCCAGGTGTGGTGGCTCACACCTGTAATCCCAGCACTTTGGGAGGCTGAGGCGAGCAGATCACTTGAGGTCAGGAATTCGAGACCAGCCTGGCCAACATGGTGAAACCCCGTCTCTACTAAAAATACAAAAATTAGCTAGGTGTGGTGGCATGTGCCTGTAATCCCAGCTACTTGGGAGGCTGAGGCGGAAGAATTGCTTGAACCTGGGAGGCGGAGGTTGCAGTGAACTGAGATTGTGCCACTGCACTCCAGCCTGGGTGACTGAGCGAGACTCCATCTCAAAAAAAAAAAAA"
"chr1","15025841","15025926","chr20","10950849","10950934","7","4074992","GACTGGGCGCAGTGGCTCAGGCCTGTAATCCCAGCACTTTGGGAGGCCAAGGCGGGCGGATCACTTGAGGTCAGGAGTTCAAGACC","GGCCAGGCGCGGTGGCTCAGGCCTGTAATCCCAACACTTTGGGAGGCTAAGGCGGGTGGATCACTTGAGGTCAGGAGTTCAAGACC"
"chr1","15030256","15030560","chrX","47176701","47177007","48","32146445","GACCAGGCGCGGTGGCTCAGGCCTGTAATCCCAGCACTTTGAGAGGCGAGCGGAGCACTCGAGGTCAGGAGTTCGAGACCAGCCTGGCCAACATGTGAAACCCCGTCTCTACTAAAAATACAAAAATTAGCCGGGCGTGGTGGCGTGTGCCTGTAGTCTCAGCTACTCCAGAGGCTGAGGCACAAGAATCGCTTGAACCCTGGAGGCAGAGGTTGCAGCGAGCCGAGATTGCACCACTGTACTCCCACCTGGGAGACAGAGTGAGACTCTGTCTCAAAAAATAAAGTAATACATAAAAATCAAAA","GGCCGGGCACAGTGGCTCATGCCTGTAATCCCAACACTTTGGGAGGCAAAGGTGGGCAGATCACTTGAGGCCAGGAGTTCGAGACCAGCCTGGCCAAAATGGTGAAACCCTGTCTCTACTAAAAATACAAAAATTAGCCAGGCGTGGTGGTGCATGCCTATAGTCCCAGGTACTCCGGAGGATGAGGCAGGAGAATTGCTTGAACTCGGGAGGCAGAGGTTGCAGTGAGCCAAGATTGCACCACTGCACTCCAACCTGGGTGACAGAGTAAGACTCTGTCTCAAAAAAAAAAAAAAAAAAAAAAAAA"
"chr1","15033737","15034038","chr2","15746747","15747046","42","713010","GTCAGGTGCGGTGGCTTATGCCTGTAATCCCAGCAATTTGGGAGGCTGAGGCAGGCCGATCACTTGAGATCAGGAGCTTGAGACCAGCCTGGCCAACATGGTGAAACCCCCTCTCTACTAAAAATACCAAAAATTAGCCAGGCGTGGTGGTGTGTGTCTGTAATCCCAGTTATTCGGGAGGCTGAGGCAGGAGAACTGCTTGAACCTAGGAGGTAGAGGTTGCAGTGAGCTGAGATTGCACCACTGCACTCCAGCCTGGGTGAGAGAGCGAGACTCTGTTACAAACAAACAAACAAACAAAA","GGCCAGGTGCAGTGGCTCATTCCTGTAATCCTAGCATTTTGGGAGGCTGAGGCAGACGGATCACTCGAGGTCAGGAGTTCGAAACCAGCATGGCCAACATGGTGAAACCTCATCTCTACTAAAAATACGAAAAAATTGGCCAGGCTTGGGGCTGAGTGCCTGTAATCCCAGCTACTTGGGAGGCTGAGGCAGGAGAATTGCTTGAACATGGGAGGTAGAGGTTGCAGTGAGCTGAGATTGTGTCACTGCACTCCAGCCTGGGTGACAGAGCGAGACTCCTTTTCAAAACAAACAAAAAAA"
"chr1","15040939","15041260","chr3","106655459","106655766","51","91614520","GCCGGGTGCGGTGGCTCATGCCTGTAATCCCAGCACTTTGGGAGGTGGAGGAGGGCAGATCACTTGAGGTCAGGAGCTCGAGACCAGCCTGGCCAACATGGTGAAACCCCATCTCTACTAAAAAAAAAAAAAAAATACAAAAATTCGCCAGGTGTGGTGGCATGCGCTTGTATTCTCAGCTACTCCAGAGGCTGAGGCACGAGAATCGCTTGAACTCAGGAGGCAGAAGTTGCAGTGAGTGGAGATCATGCCACTGCACTCCAGCCTGGGCAACAGAGTGAAACTCCATCTCAAAAAAAATAAAAAAAACAAAAAACAAAAA","GGTCGGGTGTGGTGGCTCGTGCCTATAATCCCAGCACTTTGGGAGGCTGAGGTGGGCAGATCACTTGAGGTCAGGAGTTTGAGACCAGCCTGGCCAACATGGTGAAACCCCGTCTCTACTAAAAATACAAAAATTAGCCAGGTGTGGTGGCATGCATCTGTAATCCCAGCTACTTTAGGAGGCTGAGGCAGGAGAATCGCTTGAACCCAGGAGGTGGGGGTTGCAGTGAGCTGAGATCGCACCACTGCACTCCAGCCTGGGCAACAGAGAGAGACTCTGTCTCAAAAAAAAAAAAAAAAAAAAAAAAA"
"chr1","15047489","15047783","chr7","89217839","89218129","48","74170350","GGCCGGGCGTGGTGTCTCGTGCCTGTAATCTTTTGGCTTTGGGAGGCCAAAGCGGGCAGATGACTTGAGGTCAGGAGTTTGAGACCACCCTGGCCAACATGGCGAAACCCTGATTCAACTGAAAATACAAAAATCAGCTAGATGTGGTGGCACGCAGCTGTAATCCCAGCTCCTCGGGAGGCTGAGGCAGGACAATCGCTTGAACCCAGAAGGCAGAGGTTGCACTGAGCCAAAATCGCACCACTGCACTCCAGCCTGGGCAACAGAGCGAAACCCCATCTCAAAAAAAAAAGAA","GCCGAGCATGGTGCCTTATGCCTGTAATCTCAGCACTTTGGGAGGCTGAGGCAGGCAGATCACTTGAGGTCAGGAGTTTGAGACCAACCTAGCTAACATGGTGAAACCCTGTCTCTACTAGAAATATAAAAATTAGCCAGGCATGGTGGCACACGCCTGTAATCCCAGCTACTCGGGAGGCTGAGGCAGGAGAATCGCTTGAACCCAGGAGGCAGAGGTTGCAGTGAGCTGAGATTGCACCACTGCACCCCAGCCTGGGCAACAGAGCGAGACTCCATCTCAAAAAAAAAA"
"chr1","15055195","15055488","chr13","58247712","58248008","38","43192517","GGCCGGGCGCAGTGGCTCACACCTGTATTCCCAGCACTTTGGGAGGCCGAGGCAGGTGGATCACTTGAGGTCAGGAGTTCAAGACCAGCCTGGCCAACATGGTGAAACCCCATCTCTACTAAAAATACAAAAATTAGCCAGGCATGGTGGCACATGCCTGTAATCCTAGCTACACGTGAGGTTGAGGCAGGAGAATTGCTTGAACCCGGGAGGCGGAGGTTGCAGTGAGCTGAGCCACTGCACTCCAGTCTGGGCAACAGAGTGAAACTCCATCTCCAAACAAAACAAAAAAAA","GGCCGGGCACGGTGGCTCATACCTGTAATCACAGCACTTTGGGAGGCCGAGGTGGGCTGATCTCTTGAGGTTAGGAGTTCAAGACCATCCTGGTCAACATGGTAAAATCCCATCTCTACTGAAAATACAAAAATTAGCCAGGTGTGGTGACACATGCCTGTATTCCCAGCTACTCAGGAGGCTGAGGCAAGAGAATTGCTTGAACCTGTGAGGTGGAGGTTGCAGTGAGCTGAGATTACACACTGCACTCCAGCCTGGGCAACAGAGTGAGACTCCATCTCCAAAAAAAAAAAAAAA"
"chr1","15078134","15078423","chr1","92333049","92333349","49","77254915","GCTGGATGCGGTGGTTCATGCCTGTAATCCCAGCACTTTAGGAGGCCAAGGTGGGCAGATTACTTGAGGCTGGGAGTTCGAGACCAGCCTGGCCAATTCCATCTCTACTAAAAATACAAAAATTAGCTGGGCATGGTGGTGCGTGCCTGTAATCACAGCTACTCGGGGGGCTGAGGAAGGAGAATCGCTTGAACCTAGGAAGCGGATGTTGCAGTGAGCCGAGATCGTGCCACTGTACTCCAGCCTGGGCAACACAGCGAGACTCCATCTCAAAAAAAATAAAAAATAAA","GGCTGGGCGCGGTGGTTCATGCCTGTAATTCCAGTACTGGGAGGCCAAGGTGGGCAGATTACTTGAGGCCAGGAGTTCGAGACCAGCCTGGCCAACATGGTGAAACCCTATCTCTACTAAAAATACAGAAATTAGCTGGGCATGGTGGCGCATGCCTGTAATCCCAGCTACTCGGGAGGCAGAGGCTGGAGAATTGCTTGAACCTGGGCAGTGGAGGTTGTAGTGAGCCAAGATTATGCCACTGCACTTCAGCCTGGGCAACAGAGCAAGACTCTGTCTTAAATTTAAAAAAAAAAAAAAA"
"chr1","15082684","15082935","chr7","49380506","49380762","42","34297822","GGTAGGTCAATTGAAGTCAGGAGTTCGAGACCAGCCTAGCCAACATGAAACCCTGTCTCTCCTAAAAATACAAAAATTAGCCAGGTATGGTGGCACGCACCTGTAATCCCAGCTACTTGAGAGGCTGAGGCATGAGAATCGCTTGAACCTGGGAGGTGGAAGTTGCAGTGAGTCGAGATCATGCCACTGCACTCTAGCCTGAGCGACAGAGCGAGACTCCGTCTCAAACAAAACAAAACAAACAAAAACAAA","GGTGGATCACTTGAGGTCAGGAGTTAAAGACCAGCCTGGCCAACATGATGAAACGTGCCTCTCCTAAAAATACAAAAATTAACCAGACATGGTGGTGTGTGCCTGTAATCCTAGCTACTTGGGAGGCTGAGGCATGAGAATCGCTTGAACTTTCGAGGCAGAGGTTGCAGTGAGCGGAGATTGCGCCACTGCACTCTAGCCTGGGCAACAGAGCGAGACTCTATCTCAAAACAGAACAAAACAAAAACAAAACAAAA"
"chr1","15092491","15092774","chr6","19297176","19297455","52","4204685","GGCCGGGCGTGGTAGCTCACGCCTATAATCTCAGCACTTTGGGAGGACAAGGTGGGCAGAATGCTTGAGCTTCAGGAGTTTGAGATCAGCCTGGGCAACATGGTGAAACCCCATCTCTACCAAAAATACAAAAAAATTAGCTGGACGTGGTGGCGTGTGCCTGGGGTCCCAGCTGCTCAGGAGGCTGAGGTAGGAGGATCTTTTCAGCCAGGGAGGCGGAGGTTATAGTGAGCCAAGATCATACCACTGTACTCCAGCCTGGGTGACAGACTGAGACCCCAACT","GGCCGGGTGTGGTAGCTCATGCCTGTAATCCCAGCACTCTGGGAGGCCAAGGCGGGTGGATCACTTGAGGTCAGAAGTTCGAGACCAGCCTGGCCAACATAGTGAAACCATCTCTACCAAAAATACAAAAATATTAGCCAGATGTGGTGGTATGCTCTTGTAGTCCTAGCTACTCAGGAGGCTGAGGCAGGAGAATCGCTTGAACCTGGGAGGCAGAGGTTGCAGTGAGCCGAGATCTTGCCACTGTACTCCAGCCGGGGTGACAGAGTGAGACTCCATC"
"chr1","15149427","15149724","chr3","177773552","177773857","45","162624125","GCCAGGCATGGTGGCTCATGCCTGTAATCCCAGCACTTTGGGAGGCTGAGGCGGGTAGATCACTTGAGGTCAGGAGTTCAAGACCAGCCTGGCCAACATTGTGAAACCCCATCTCTACTAAAAATACAAAAAATTAGCTGGGCGTGGTGGTGTACGCCTGTAATCCCAGCTACTCGAGAGGCTGAGGCAGGAAAATTGCTTGAACCGAGAAGTCAGAGGTTGTAGTGCAACCTCTGCACCACTGCACTCCAGCCTAGGTGACAGACACTCTGTCTCAAAAAAATAAAAAATAAAAAAA","GGCCAGGCACGGTGGCTCATGCCTGTAATCCCAGCACTTTGGGAGGCCGAGGCGGGTGGATCATTTGAGGTCAGGGGTTCAAGACCAGCCTGACCAACATGGTGAAACCCCGTCTCTACTAAAAATACAGAAAAGTTAGCTGGGTGTGGTGGCACATGCCTGTAGTCCCAGCTACTTGAAAGACTGAGACAGGAAAATTGCTTGAACCCGGGAGACAGAGGTTACAGTGAGCCAAGATCACACCACTGTACTCCAGCCTGGGAGACAGAGCAAGACTCCATCTCAAAAAAAAAAAAAAAAAAAAAA"
"chr1","15160266","15160572","chr10","117620910","117621216","38","102460644","GCTGGGTGTGGTGGCTCACGCCTGTAATCCTAGCACTTTGAGAGGCTGAGGCAGGTGGATCACTTGAGGTCAGGAGTTCAAGACCAGCTTGGCCAACATGGTGAAACCCTATCTCTATTAAAAATACAAAAATTGGCCGGGCGTGGTGGCATGCACCTGTAATCCCAGCTACTCAGGAGGCTGAGGCAAGAGAATTGCTTGAATCCAGGAGGCAGAGGTTGCAGTGAGCCAAGATTGCACCACTGCACTCCAGCCTGGGCAACAGAGTGACACTCTGTCTCAAAAGAAATAAATAAAATAAAATAAA","GGCTGGGAATGGTGGGTCAGTCCTATAATCCCAGCACTTTGGGAGGCTGAGGTGGGCAGATCACTTGAGGTTAGGAGTTCAAGACCAGCTTGGCCAACATGGTGAAACCCCATCTCTACTAAAAATACAAAAATTAGCTGGGCATGGTGGCATGCGGCTCCAATCCCAGCTACTCAGGAGGCTGAGGCAGGAGAATCGCTTGAACCCAGGAGGTGGAGGTTGCAGTGAGCCAAGATTGTACCACTGCACTCCAGCCTGGGCAACAGAGCGAGACTTCGTCTCAAAAAAAAAAAAAAAAAAAAAAAAA"
"chr1","15162167","15162461","chr9","58325543","58325835","38","43163376","GGCTGGATGCGGTGGCCATGCCTGTAATCCCAGCAATTTGGGAGGCCGAGGCATGTGGATCACTCGAGGCCAGGAGTTCAAGACCAGCTTGGCCAACATGGTGAAACCCCATCTCTACTAAAAATACAAAAATTAGCTGGACATGGTGGCACATGCCTGTAATCCCAGCTACTTGGGAAGCTGAGGCATGAGAATCGCATGAACCCAGGAGGCAGAGTTTGCAGTGAGCCAAGATTGTGCCACTGCACTCCAGTCTGGGCAACAGAGTAAGACTGTCTCAAAAAAAGAAGAGAAA","GCTGAGTGCAGTGGCTCAACGCTGTAATCCCAGCACTTTGGGAGGCTGAGGCAAGTGGATCACTTGAGGTCAGGAGTTCGAGATCAGCCTGGCCAACATAGTGAAACCCCATCTCTACTAAAAATACGAAAATTACCTGGGCATGGTGGCACATGCCTGCAATCCCAGCTATTCAGGAAGCTGAGGCAGGAGAATCATTTGAACCCAGGAGGCAGAGGTTGCAGTGAGCCAAGATTGTGCCACTGCACTCCAGCCTGGGTGACGGAGTGAGACTGTCTCAAGAAAAAAAAAAA"
"chr1","15173212","15173520","chr22","33981676","33981980","36","18808464","GGCCAGGCGCAGTAGCTCACGCCTGTAATCCCAGCACTTTGGGAGGCTGAGGTGGGTGGATCACTTGAGGTCAGGAGTTCGAGACCAGCCTGGCCAACATGGTGAAACCCCGTCTCTACTAAAAATACAAAAAATTAGCTGGGCGTGGTAGTGTGCGCTTGTAATCCCAGCTACTCGGAAGGCTGAGGCGGGAGAATCGCTTGAACCTGGGAGGCAGAGGTTGTAGTGAGCCGAGATTGCGCCACTGCACTCTAGCCTAGGCAAAAGAGCGAAACTCCGTTTCAAAAAAAAAAAAAAAAAAAAAAAGAA","GGCCAGGCGCGGTGGTTCACGCCTGTAATCCCACCACTTTGGGAGACCAAGATGGGCAGATCACTTGAGGTCAGGAGTTTGAGACCAGCCTGGCCAACATAGTGAAACCCCGTCTCTAATAAAAATACAAAAATTGGCTTGGCGTGGTGGTGCACGCCTGTAATCCCAGCTACTTGGGAGGCTGAGGCAGGAGAATCACTTGAACCTGGGAGGCAGAGGTTGCAGTGAGCCGAGATCGTGCCACTGCACTCCAGCCTAGGCAACAGAGTGAGACTCCATCTCAAAAAAAAAAAAAAAAAAAAAAA"
"chr1","15215745","15216057","chr3","153217268","153217573","42","138001523","GGCCAGGTGCAGTGGCTCACTCCTGTAATTCCAGAACTTTGGGAGGCCGAGGCAGGTGGATCACTTGAGGTCAGGAGTTTGAGACCAGCCTGGCCAACATGGTGAAACCCTGTCTCTACTAAGAATACAAAAATTAGCTGGGCATGGTGGCACATGCCTGTAGTCCCAGCTACTGGGGAGGCTGAGGCATGAGAATCGCTTGAACCCAGGGGAGTGGAGATTGCAGTGAGTGAGCTGAGATACCGCCACTGCACTCCAGCCTGGGTGACAGAGTGAGACTCTGTCTCAAAAAAAAAAATACAAAAACAAAAAA","GGACGGGCGCAGTGGCTCACGCCTGTAATCCCAACACTTTGGAAGGCCGAGGCAGGCAGATCACTTGAGGTCAGGAGTTAGAGACCAGCCTGGCCAACATGGTGAAACCTTGTCTCTACTAAAAATACAAAAAGTAGCTGGGCGTGGTGGCACGCACCTGTAGTCCCAGCTATTTGGGAGGCTGAGGCAAGAGAATCGCTTGAACCTGGGAAGTGGAGGTTGCGGTGAGCCAAGATTGCACCACTGCACTCCAGCCTGGGTGACAGAGTGAGACTCCGACAAAAAAAAAAAAAAAAAGAAAAAAAA"
"chr1","15224898","15225179","chr5","154020351","154020637","46","138795453","GGCCAGGCACAGTGGCTCATGCCTATAACCCAGCACTTTGGAAGGCCAAGGCGGGCAGATCACTTGAGGTCAGCAGTTCAAGACCAGCCTAGCCAACATAGTGAAACCCTGTCTCTACTACAAAATTTAGCCAGGTGTGGTGGCACACTCCTGTAATTCCAGCTACTGGGGAGGCTGAGGCACGAGAATCACTTGAATCAGGGAGGTGGAGGTTGCAGTGAGCTGGGATTGCATCACTGCACTCCAGTCTGGAAGGCAGAGTGAAACTGTGTCTCAAAAAAA","GGCCGGGCACAGTGACTCACGCCTGTAATCCCAGCACTTTGGGAGGCCGAGGTGGGCAGATCACTTGAGATCAGGAGTTTGAGACCAGCCTGGCCAACATGGTGAAACCTGCTTCTACTAAAAATAAAAAAGTTAGCCAGATGTGGTGGCACATGCCTGTAATCCCAACTACTTAGGAGGCTGAGGCACAAGAATCACTTGAACCTGGGAGGTGGAGGTCGCAGTGAGCTGAGATGGCACCACTGCACTCTAGCCTGGGTGACAGAGTGAGACTCTGTCTCAAAAAA"
"chr1","15229284","15229577","chr1","168595556","168595859","47","153366272","GTCGGGCGTGGTGGCTCACACCCGTAATCCCAGCACTTTGGGAGGTGAGCAGATCACTTGAGGTCAGGAGTTCGAGACCAGCCTGGCCAACATGATGAAACCTCGTCTCTACTAAAACCACAAAAATTAGCTGGGTGTGGTAGTGCACGCCTGTAATCCCAACTACTTGGGAGACTGAGGCAGGAGAATCGCTTGAACCCGGGAGGTGGAGTTTGCAGAGAACGGAGAACCACTGCACTCCAGCCTCAGTAGCACAGTGAGACCCTGTCTCAAAAAAAAAAAAAAAAAAAAAAA","GGCTGGGTGAGGTGGCTCATGCCTGTAATCCCAGCACTTTGGGAGGCTGAGGTGGGCAGATCACTTGAGGTCAGGAGTTCAAGACCAGCCTAGCCAACATGGTGAAACCACATCTCTACTAAAAATACAAAAATTAGGTGAGTGTGGTGGCACATGCCTGTAATCCCAGCTATTTGGGAGGCTGAGACAGGAGAATCGCTTGAACCCGGAGGTAGAGGTTGCAGTGAGCCGAGATTGCGCCACTGCACTCCAGCCTGGGTAACAGAGTGAGACTCTATCTCAAAAAAAAAAAAAAAAAAAAAAA"
"chr1","15231268","15231567","chr1","13954469","13954768","44","1276799","GGCCGGGCACAGTGGCTCACACCAGCAATCCCAACACTTCGGGAGGACGAGGCAGGAGGATCATTTGAGGTCAGGGGTTCAAGATCAGTCTTGCCAACATGGTGAAACCCCATCTCTACTAAAAATAAAAAAATTAGCCAGGCATAGTGGCACTTGCCTATAGTCCCAGCTACTCAGGAGACTGAGGCAGGAGAATTGCCCGAACCTGGAAGGTGGAGGTTGCAGTGAGCCGAGATCTTGCTACCGCACTCCAGCCTGGGTGACAGAGGGAGACTCCATCTCAAAAAAAGAAAAAAAAAA","GGCCAGCTGCGGTGGCTCACACCTGTAATCCCAGCACTTTGGGAGGCTGAGGTGGGAGGATCACTTGAGGTCAGGAGTTCAAGACCAGCTTGGCCAACATGGTGAAACCCTGCCTCTACTAAAAATATAAAACAATTAGCCAGGCGTGGTGGCATGTGCCTGTAATCCCAGCTACTCGGGAGGCTGAGGCAGGAGAATTGCTTGAACCTGGAAGGTGAAGGTGGTAGTGAGCTGAGATCATGCCACTGCACTCTAGCCTGGGTGGCAGAGGGAGACTCCATCTCAAAAAAAGAAAAAAAA"
"chr1","15232014","15232315","chr7","49532335","49532640","48","34300321","CTGGGCCTGGTGGTTCATGCCTGTCATCCCAGCAATTTCGCAGGCCAAGGCAGGAGGATCACTTGAAGTCAGGAGTTCAAGACCAGCCCGGCCAACACGGTGAAACCCTGTCTCTACTAAAAGTAAAAAAATTAGCCAGGCATGGTGGTGTGCACCTGTAGTCCCAGCTACTTGGGAGGCTGAGGTGGGAGGATCACTTGAACCCAGGAGGCGGAGGTTGCAGTGAGGCGAGATCTTGCCACTGTACTCCAGCCTGGACATCAGAGCAAAATTCTATCTCAAAAAAAAATTAAACATAAAAA","GGCCAGGCCTGCTGGCTCAGGCCTGTAATCCCAGCAATTTCGGAGGCCAAGGCAGGAGGATCATTTGAGGTCAGGAGGTTTGAGACTAGCCTGGCCAATGCGGTGAAACTGCATCTCTACTAAAAATATAAATAAGCCAGACATGGTGGTGTGCACCTGTAGTTCCAGCTACTTGGGAGGCTGACATGGGAGGACTGCTTGAACCCAGGAGGAGGAGGTTGCAGTGAGGCAAGATCTCACCACTGCACTCTAGCCTGGATATCAGAGCAAAACTCTGTCTCAAAAAAATAAAGTTAAAAATTAAAA"
"chr1","15239305","15239616","chr10","90431710","90432016","41","75192405","GGCCGGGTGCACTGGGCCATGCCTGTAATCCCAGCACTTTGAGAGGCCGAGGTGGGCGGATCACTTGAGGTCAGGAGTTTGAGACCAGCCTGGCCAACATGGTGAAACCCCGTCTCTACTAAAAATACAACAAATTAGCCAGATGTGGTGGTGCATGCCTGTGGTTCCAGCTACTTGGGAGGCTGAGGCAGGGGAATCGCTTGAACCTGGGAGGCGGAGGTCACAGTGAGCCGAGACTGTGCCACTGCACTTCAGCCTGAGTGACAGAGCGAGACTCTGTCTCAAAAGAAAAACAAAAAGAACAACAAAGAA","GGCCAGGTGTGGTGGCTCATGCCTGTAATCCCAGCACTTTGGGGGGCTGAGGCGGGCAGATCACTTGAGGTCAGGAGTTTGAGACCAGCCTGGCCAACATGGTGAAACCCCATCTCTACTAAAAATACAAAAACATTAGCCGGCATGGTGGTGCATGCTGTGGTTCCAGCTACTTGGGAGGCTGAGGCAGGAGAATCACTTGAACCCGGGAGGTGGAGGTTGCAATGAGCCGAGATGGTGCCACTGCACTCCAGCCTGGGCAACAGAGGGAGACTCTGTCAAAAAAAAAAAAAAAAAAAAAGAAGAA"
"chr1","15256372","15256672","chr7","148985140","148985448","43","133728768","GCCAGGCACGGTGGCTCACGCCTGTAATTCCAGTACTTTGGGAGGCCGAGGCGGGCGGATCACTTGAGGTCAGGAGTTCGAGACCAGCCTGGCCATCATGGTGAAACCCCATCTCTACCAAAAATACAAAAATTAGCCGGGTGTGGTGGTGCACACCTGTAATCCCAGCTACCTGGGAGCCTGAGGCAGGAGAATTGATTGAACCTGGGAGATTGCAGTGAGCTGAGATTGTGCCACTGCACTCCAGCCTGGGCCACAAAACAAGACTCTGTCCAAAAAAAAAAAAAAAAAAAAAAAAAAA","GGCCGGACACGGTGGCTCATGCCTGTAATCCCAGCACGTTGGGAGGCCGAGGTGGGTGGATCACTTGAGGTCAGGAGTTCAAGACCAGCCCGACCAACATGGTAAAACCCCGTCTCTACTAAAAATACAAAAATTAGCTGGGCGTGGTGATGCACACCTGTAATCCCAGCTACTCAGGAGACTGAGGCAGGAGAATCGCTTGAACCCAGGAGGCAGAGGTTGCAGTGAGCAGAGATCGTGCCACTGCACTCCAGCCTGGGCAACAGAACTAGACTCAGTCTCCAAAAAAAAAAAAAGAAAATACAAAAA"
"chr1","15301746","15302034","chr22","28997304","28997607","43","13695558","GGCCGGGCGCTGTGGCTCACACCTGTAATCTGGCACTTTGGGAGGCTGAGGCAGGCAGATCACTTGAGGTCAGGAGTTTGAGACCAGCCTGGCCAATATGGTGAAACCCTGTCTCTATTAAAAATACAAAAATTAGCCAGGCGTGATGGTGCATGCCTGTAATCCCAACTACTTGGGAGGCCGAGGCTGAACCTGGGAGGCAGAGGTTGCAGAGAACTGAGATGGCGCCACTGCACTCCAGCCTGGGTGACAGAGTGAGACCCTGTCTCAAAAAGAAAGAAAGAAAAAA","GGCTGAGCGCTGTGGCTCACACCTGTAATCCCAGCACTTTGGGAGGCCAAGGCAGGTGGATCACTTGAGGTCAGGAGTTTGAGACCAGCCTGGCCAACATGGTGAAACCCTGTCTCTACTAAAAATACAAAAATTAGCCGGGTGTGGTGGCGCACGCCTGTAATCCCCACTACTTGGGAGGCTGAGGCATAAGAATCACTTGAACCTGGGAGGCAGAGGTTGCAGTGAGCTGAGATTGTGCCACTGCACTCCAGCCTGGGTGACAGAGTGAGACTCCATCTCAAAACAAAATAAAACAAAAAAA"
"chr1","15347483","15347748","chr15","29193671","29193937","36","13846188","GGCCGGGAGCGGTGGCTCACGCCTGTAATCCCAGCACTTTGGGAGGCCAAGGCAGGCAGATCACTTGAGGCCAGGAGTTCAAGAGCAGCCTGGCCAACGTGGTGAAACCCCGTCTGTACTAGAAATACAAAAAATTAGCCAGGCATGGTGGTGCACCTGTAGTCCCAGCTACTTGGGAGGCTGAGGCATGAGAATCGTTTGAACCCGGGAGGCAGAGGTTGCAGTGAACCAAGATCATGCCGCTGCACTCCAGCCTGGGAGACAGA","GGTCTGGCAAGGTGGCTCATGCCTGTAATCCCAGCACTTTGGGAGGACAAGGCAGGTGGCTCACTTGAGGCCAGGAGTTCAAGAGCAGCCTGGCCAACATGGTGAAACCCCATCTCCACTAATAATACAAAAATTAGCCAGGCGTGGTGGCGTGCACCTGTAATCCCAGCTACTTGGGAGGCTGAGGCAGGAGAATCACTTGAACCCAGGAGGCAGAGGTTGCAGTGAGCCAAGATGGTTCCAAGGCACTTCAGCCTGGGCAATAGA"
"chr1","15351064","15351372","chr11","17740738","17741037","42","2389674","GCTGGGTGCGATGGCTCACGCCTGTAATCTCAGCACTTTGGGAGGCCAAGGCAGACAGATCACTTGAGGTTGGGAGTTCAAGACCAGCCTGGCCAACATGGTGAAACCCCATCTCTACTAGAAATACAAAAATTAGCTGGGCCTGGTGGTGCACACCTGTAGTCCCAGCTGCTCGGGAGGCTGAGGCAGGAGAATCTCTTGAACCTGGGAGGTGGAGGTTGCAGACAGCTGAGAGCACGCCACTGTACTCCAGCTTGGGTGTCAGAGTGAGACTCCATCTCAAAAAAAATTAAAATTAAAATAAAAAAA","GGCTGGGTGTGGTGGCTCATGCCTGTAATCCCAGCACTTTGGGCCAAGGCAGGTATATCACTTGAGATTAGGAGTTCAAGACCAGCCTGGCCAACATGGTGAAACCCCATCTCTACTAAAAATACAAAATTAGCTGGGCATGGTGGCACAGGCCTGTAGTCCCAGCTACTCAAGAGGCTGAGGCAGGAGAATCACTTGAACCTGGGAGGTGGAGGTTGCAGTAAGCCAAGATCACTGTATTCCAGCCTGGGTGACAGAGTGACACTCCATCTCAAAAAAAAAAAAAAAAAAAAAAAAAAA"
"chr1","15367956","15368273","chr7","49674110","49674420","46","34306154","GGCCGGGCGCGGTGGCTCATGCCTGTAATCCCAGCACTTTGGGAGGCCGAGGTGGGTGAGTCACTTGAGGTCAGGAGTTCGAGACCAGCCTGGCCAACATGGTTAATCTCCATCTCTACTAAAAATACAAAAAAATTAGCCAGGCCTGGTGGCTCATGCCTGTAGTCCCAGCGACTCCAGAGGCTGAGGCAAGAGAATGGCTTGAACCCGGGAGGCAGAGGTTGCAGTGAGCCAAGATCGTTCCACTGCACTCCAGCCTGGGCAACAGAGTGAGTGAGATTCTGTCTCAAAAAAACAAACAAACAACAACAACAACAA","GGCCAGGTGTGGTGGCTCACACCTGTAATCCCAGCACTTTGGGAGGCTGAGGTGGGTTGATTACTTGAGGTCAGGAGTTCGAGACCAGCCTGACCAACATGGTGAAACCCTGTCTCTACTAAAAACACAAAAAAATTAGCCAGGCGTGATGGCTTATGCCTGTAATCTCAGCTATTCCAGAGGCTGAGGCACGAGAATGGCTTGAACCCAGGAGGCAGAGGTTGCAGTGAGCCGAGACAACACTACAGCCTGGGTGACAGAGCGAGTGAGACTCCGTCTCAACAAAACAAACAAACAAACAAACAAAAAAA"
"chr1","15396528","15396839","chr2","31372053","31372354","46","15975525","GCCGGGTGTGGTGGCTTATGCCTGTAATCCTAGCACCGTGGGAGGCCAAGGCAGGCAGATCACTTGAGGTCAGGAGTTCCAGACCAACTTGACCAACATGGTGAAACCCCCATCTCTACTAAAAATACAAAAATTAGCCGGGTGTGGCGGCATGTGCCTGTAGTCCCAGCTGCTTGGGAGGCTGAGGCAGGAGAATCACTTGAATCCGTGAGGTCGAGGTTGCAGTGAGCAGAGATCATGCCACTGCACTCCAGCCTGGGCCACAGAACAAGACTCTGTCTCAAAAAATAATAATAATAAGTAAATAAATAA","GCTGGGTATGGTGGCTCACGCCTGTAATCCCAGCACTCTGGGAGGCCAAGGCGGGCAGATCACTTGAGGTCAGGAGTTCAAGACCAGCTTGGCCAACATGGTGAAACCCCATCTCTACTAAAAATACAAAAATTAGCCAGGTGTGGTGGCACATGCCTGTAGTCCCAGCTACTTGGGAGGCTGAGGCAGGAGAACAGCTTGAACCCAGGAGGCAGAGATTACAGTGAGCTGAGATTGTGCCATTACACTCCAGCCTGGGTGACAGAGCAAGACTCTATCTCAAAAAAAAAAAAAAAAAGGAA"
"chr1","15415479","15415789","chr6","135098116","135098421","42","119682637","GGCTGGGAGCGGTGGCTCTCGTCTGTAATCCCAGCACTTTGGGAGGCTGAGGCGGGCAGATCACTTGAGGTCAGAAGTTCGAGACCAGCCTGGCCAACATGGTGAAATCCCGTCTCTACTCAAAAATACAAAAATTAGCCAGGCATGGTGGTGTGTGCTTGTAGTCCCAGCTACTTGGGAGGCTGAAGCAGGAGAATCACTTGAACCCAGGAGACGAAGGCTGCAGTGAGCCAAGATCATGCCACTGTACTTCAGCCTTGGTGGCAGAGCGAGACTCCATCTCAAAAAAAAAAAAAAAAGGAAAACAAAGA","GGCTGGGCACAGTGGCTCACATCTGTAATCCCAGCACTTTGGGAGGCTGAGGCAGGCAGATCACTTGAGGCCAGGAGTTCAAGACCAGCCTGGCCAACATGGTGAAAATCTGTCTGTACTAAAAATACAAAAATCAGCCTGGCATGGTGGCGTGTACCTGTAATCCCAGCTACTTAGGAAACTGAGGCAGGAGAATCGCTCGAACTCAGGAGGCAAAGGTTGCAGTGAGCCAAGATCATGCCATTGCACTCCAGCCTGGGTGACACAGCAAGACTCCACCTCAAAAAAAAAAAAAAAAAAAAAAAA"
"chr1","15417976","15418289","chr22","6945334","6945647","36","8472642","GACCAGGTGCAGTGGCTCACGCCTGTAATCTCAGCACTTTGGGAGGCCGAGGCGGGCAGATCACTTGAGGCCAGGAGTTTGAGACCAGCTTGGCCAACATGGTGAAACCCTGTCTCTACTAAGAATACAAAAATTAACTGGGTGTGGTGGTGCATGCCTGTAATCCCAGCTACTAGGGAGGCTGAGGCAGAAGAATTGTTTGAACCCGGGAGGCGGAGGCTGCAGTGAGCCAAGATTGTGCCACTGCACTCCAGCCTGGGTGACAGAGCAAGACTCTGTCTCAAAAAAAAAAAAAAAAAAAAAAAAAAGAAAAA","GCCAGGCGCAGTGGCTTATGCCTGTAATCCCAGCACTTTGGGAGGCTGATGTGGGCAGATCACTTGGGGCCAGGAGTTCGAGACCAGCCTGGCCAACGTGGTGAAACTCTGTCCCTATTAAAAATACAAAAATTAGCCGGGCATGGTGGTGAATGCCTGTAATCCCAGCTACTCGGGAGGCTGAGGCAGAAGAATCGTTTGAACCCGGGAAGCAGCAGTTGCAGTGAGCCGAGATCGCACCACTGCACTCCAGCCTGGGTGACAGAGTAAGACTCTGTCTCAAAAAAAAAAAAAAAAAAAAGGGAAAAGAAAAA"
"chr1","15425243","15425536","chrX","10848381","10848675","34","4576862","GGCCAGGCACGGTGGCTCATGCCTGTAATCCCCATACTTTGGGAGGCCGAGGTGGGTGGATCACTTGAGGTCAGGAGTTCAAGACCAGCCTGGCCAGCATGGTGAAACACTGTCTCTACTAAAAACACAAAAATTAGCTGGGTGTGGTGGTGCATGCCTGTAGTCCCAGCTACTCAAGAGGCTGAGGCAGGAGAATCACTTGAACCCGGGAGGCGGAGGCTGCAGCGAGCCGAGATTGAGCCACTGCACTCGAGCCTGGGCAACGGAGCGAGACTCCATCTCAAAAAAAAAAAA","GGCCAGGCACGCCGGCTCACGCCTGTAATCCCAGTACTTTGGGAGGCCAAGGTGGGCAAATCGCTTGAGGTTGGGAGTTCGAGACCAGCCTGGCCAGCATGGTGAAACACTGTCTCTGCTAAAAACACAAAAATTAGCTGGGTGTGGTGGTACACACCTGTAATCCCAGCTACTCAGGGGGCTGAGGCAGGAGAGTCACTTGAACCTGGGAGGCAGAGGTTGCAGTGAGCCAAGATTGCGCCACTGCACTCTAGCCTGGGCGACAGAGCAAGACTCTGTCTCAAAAAAAAAAAAA"
"chr1","15433149","15433444","chr12","100785810","100786105","44","85352661","GGTCAGGCGGGGTGGCTCATGCCTATAATCTCAGCACTTTGGGAGGCCGAGGTGGACGGATCACTTGAGGTCAGGAGTTCGAGACCAGCCTGGCCAACATGGTGAAACCCTGTCTCTACTAAAAATACAAAAATTAGCCGGGCATGGTGGCTCGTGCCTGTACCCCCAGCTACTCAGGAGGCTGAGGCACAAGAATCACTTAAACTCAGAAAGCAGAGATTGCAGTGAGCCGAGATTGTGCCATTGTATTCCAGCCTGGACGACAGAGTAAGAGTCTGCCTCAATGAATAAATAAA","GGCTGGGCATGGTGGCTCATGCCTGTAATCCTAGCACTTTGGGAGGCCAAGGTGGGCAGATCACTTGAGGTCAGGAGTTCGAGACCAGCCTGGCCAACATGGCGAAACACTGTCTCTACTAAAAATACAAAAATTAGCCGGGCATGGTGGCACATGCCTGTAGTCCCAGCTACTTGGGAGGCTCAGGCAGGAGAATCACTTGAACCCAGGAGGCAGAGGTTGCATAGAGCCGAAATCATGCCACTATACTCCAGCCTGGGCAACAGAGCAAGACTCTGTCTCAAAAAAAAAAAAAA"
"chr1","15456077","15456359","chr2","56700759","56701042","42","41244682","GGCCGGGCATGGTGGCTCAGCCTGTAATCCTAGCACTTTGGGAGGCCGAGGCGAGCAGATCACTTGAGGCCAGGAGTTCGACACCAGCCTGGCCAACATGATGAGACCCCCCGTCTCTACTAAAAATACAAAAATTAGCCAGCAATGGTGGCACACACCTGTAATCCCAACTACTAGGGAGGCTGAAGCAGGGGAATTGCTTGAACCCAGGAGGCAGAGGTTGCAGTGAGCTGAGATCACGCCACTTCATTCCAGCCTGGGTGACAGAGCAAGACTCCATCTC","GGCCAGGCTCGGTGGCATGCCTGTAATCCCAGCACTTTGGGAGGCAGAGGCAGGCTGATCACTTGAGGTCAGGAGTTCGAGACCAGTCTGGCCAACATGGTGAAATCCTGTCTCTACTAAAAATACAAAAATTAGCCAGGTGTGGTGGCACACACCTGTAATCCCAGCTACTCGGGAGGCTGAGGCAGGAGAATTGCTTGAACCCAGGAGGCAGAGGTTGCAGTGAGCTGAGATTGTACCACTGTACTCCAGCCTGAGTGACAGAGCAAGACTCTGTCTAAAAA"
"chr1","15463768","15464061","chrX","106830287","106830578","54","91366519","GGCTGGGCGCAGTGGCTCATACCTGTAATCCCAGCACTTTGGGAGGCCCATCCCGCGGATCACTTGAGGTCAGGAGACCAGCCTGACCAACACGGAGAAACTCTGTCTCTACTAAAAATATTAAAAAAAAAAAAAATAGCAGGATGTGGCAGTGTGCACCTGTAGTCCCAGCTACTCAGGAGGCTGAGGCACGAGAATCACTTGAACCTGGGAGATGGAGGTTGCAGTGAGCCAAGATTTCGCTACTGCACTCCAGCCTGGGGGACAGAGCGAGACTCCGCCTCAAAAACAAAA","GGCTGGGCCCAGTGGCTCATGCCTGTAATCCCAGCACTTTGGGAGGCCGAGGCGGGCAGATCACTTGAGGTCAGGAGCTTGAGACCAGCTGGCCAACATGGTGAAACTCCGTCTCTACTAAAAATACAAAAATTAGCCGGGTGTGGTGGTGTGCACCTGTAGCCCCAGCTACTCAAGAAACTGAGGCAGAAGAATCACTTGAACCCTGGAGGTGGAGGTTGCAGTGAGCCGAGACCATGCTACTGCACTCCAGCCTGGGTGACAGAGTGAGACTCTGTCTCAAAAAAAAAAA"
"chr1","15465004","15465308","chrX","47176701","47177007","41","31711697","GGTCGGGCGCGGTGCTCACCCTCTAATCCCAGCGCTTAGGGAGGCCAAGGTGGGCAGATCACTTGAGGTCAAGAGTTTGAGACCAGCCTGGCCAACATGGTGAAACCCCACCTCTACTAAAATACAAAAATTACCCGGGCATGGTGGCACTCGCCTATAATGCCAGCTACTTGGGAGGCTGAGGCAGGAGAATCGCTTGAGCTCGGGAGGCAGAGGTTGCAGTGAGCCGAGATTGCACCACTGCATTCCAGCCAGGGTAACAGAGTAAGATTCTGTCTCAAAAAAAAAAAAAAAAAAAAAAAAAA","GGCCGGGCACAGTGGCTCATGCCTGTAATCCCAACACTTTGGGAGGCAAAGGTGGGCAGATCACTTGAGGCCAGGAGTTCGAGACCAGCCTGGCCAAAATGGTGAAACCCTGTCTCTACTAAAAATACAAAAATTAGCCAGGCGTGGTGGTGCATGCCTATAGTCCCAGGTACTCCGGAGGATGAGGCAGGAGAATTGCTTGAACTCGGGAGGCAGAGGTTGCAGTGAGCCAAGATTGCACCACTGCACTCCAACCTGGGTGACAGAGTAAGACTCTGTCTCAAAAAAAAAAAAAAAAAAAAAAAAA"
"chr1","15471265","15471575","chr10","90431710","90432016","48","74960445","GGCTGGGCGCGGTGGCTCACGCCTGTAATCTGAGCACTTTGGGAAGCTGAGGCGAGTAGATCACTTGAGGTCAGCAGTTTGAGACCAGCCTGGCCAACATGGTGAAACCTCATCTCTACTAAAAATGCAAAAAATTAGCCAGGCATGGTGGTGCATGACTATAATCTCAGCTACCCGGGAGGCTGATGCATGAGAATCACTTAAACCTGCATAGTGGAGGTTGCAGTGAGCCCAGATCGCCCTACTGCACTCCAGCCTGGGCAACAGAGTGAGACTGTCTCAAAAAGAAAACAAACAAACAAATAAAAAAA","GGCCAGGTGTGGTGGCTCATGCCTGTAATCCCAGCACTTTGGGGGGCTGAGGCGGGCAGATCACTTGAGGTCAGGAGTTTGAGACCAGCCTGGCCAACATGGTGAAACCCCATCTCTACTAAAAATACAAAAACATTAGCCGGCATGGTGGTGCATGCTGTGGTTCCAGCTACTTGGGAGGCTGAGGCAGGAGAATCACTTGAACCCGGGAGGTGGAGGTTGCAATGAGCCGAGATGGTGCCACTGCACTCCAGCCTGGGCAACAGAGGGAGACTCTGTCAAAAAAAAAAAAAAAAAAAAAGAAGAA"
"chr1","15475445","15475757","chr6","17068239","17068542","42","1592794","GGCCGGGCGCAGTGGCTCAGCCTGTAATCCCAGCACTTTGGGAGGCCGAGGCGAGCAGATCATTTAAGGTCAGGAGATTGAGACCAGCCTGGCCAACATGGCGAAACCCTGTCTCTACTAAAAAATACAAAAATTAGCCAGGAATGGTGACACACACCTGTAATCCCAGCTACTAGGGAGGCTGAGGCAGGGGAATCACTTGTAACCCAGGAGACAGAGGTTGCAGTGAGCCAAGATAGCACCACTGCACTCCAGCCTGGGTGACAGAGCAAGACTCCATCTCAGAAGGAAAAAAGAAAAAAAAAGAAAGAAA","GGCTGGACGCAGTGGCTCATGCCTGTAATCCCAGCACTTTGGGAGGCCAAGGTGGGTGGATCACTTGAGGTCAGGAGTTCGAGACCAGCCTGGCCAACATGGTGAAACCCTGTCTCTACTAAAAATACAAAAATGAGCTGGGCATGCTGGTACACATCTGTAATCCCAGCTACTTGGGAGGCTGAGGCAAGAGAATCGCTTGAACCCAGGAGGCAGAGGTTGCAGTGAGCCGAGATTGCACCACTGCACTCCAGCCTGGGCAACAGAGCAAGACTCTGTCTCAAAAAAAAAAAAAAAAAGAAAA"
"chr1","15483646","15483941","chr10","16033492","16033786","44","549846","GGCTGGGCGCGGTGGCTCACGCCTGTAATCCCGGCACTTTGGGAGGCCGAGACGAGCAGATCACTTGAGGTCATGAGTTTGAGAGCAGCCTGGCCAACATGGTGAAACCCCGTCTGTACTAAAAATATAAAAAACTCGCCAGGTGTGGTGTTGTGCGCCTGTAGTCCGAGCTACTTGGGAGCCTGAGGCACAAGAATCATTTCAATCTAGGAGGCGGAGGTTGCAGTGAGCCAAGATTGCGCTGCTGCACTCCAGCCAGGGGGATAGAGCGAGACTCCATCTCCAAAAAAAAAAAA","GGCCAGGTGTGGTGGCTCACACCTGTAATCCCAGCACTTTGGGAGGCTGAGGCGAGCAGATCACTTGAGGTCAGGAATTCGAGACCAGCCTGGCCAACATGGTGAAACCCCGTCTCTACTAAAAATACAAAAATTAGCTAGGTGTGGTGGCATGTGCCTGTAATCCCAGCTACTTGGGAGGCTGAGGCGGAAGAATTGCTTGAACCTGGGAGGCGGAGGTTGCAGTGAACTGAGATTGTGCCACTGCACTCCAGCCTGGGTGACTGAGCGAGACTCCATCTCAAAAAAAAAAAAA"
"chr1","15484902","15485194","chr15","6011216","6011510","36","9473686","GGCCAGGCATGGTAGCTCACCCTGTAATCCCAGCAGTTTAGGACGCCAAGGCAGGCGGATCACTTGAGGTCAGGAGTTCGAGACCAGCTTGGCCAACATGGTGAAACCCCGTCTCTAGTAAAATATAGAAATTAGCTGGGCGTGGTGCACATGCCTGTAATCCCAGCTGCTCAGGAGGCTGAGGCAGGAGAATCGGTTGAATGTGGGAGGCAGAGGTTGCAGTGAGCAGAGATTGTGCCACTGCACTCCAGCCTGGGCGACAGAGCAAGACTCTGTCTCAAAAAAAAAAAAAA","GCCAGGCGTGGTAGCTCACACCTGTAATCCCAGCACTTTGGGAGGCCAAGGTGGGTGGATCACTTGAGGTCAGGAGTTTGAGACCAGCCTGGCCAACATGGTGAAACCCCATCTCTACTAAAAATACAAAAATTAGCCGAGCGTGGTCACACATGCCTATGATTCCAGCTACTCAGTAGGCTGAGGCAGGAGAATCGCTTAAACCTGGGAGGCAGAAGTTGCAGTGAGCAGAGATCATGCCACTGCACTCCAGCCTAGGGGACAGAGTGAGACTCTGTCTCAAAAAAAAAAAAAA"
"chr1","15490586","15490882","chr12","22817671","22817967","40","7327085","GGCTGGGCGCGGTGGCTCACGCCTGTAATCCGAGCACTTTGGGAAGCCGAGACGGGTAGATCACTTGAGGTCAGCAGTTCGAGACCAGCCTGGCCAACATGGTGAAACCCTGTCTCTACTAAAAATGCAAAAAAATCAGCCAGGCATGGTGGTGCACACCTGTAATATCAGCTACTCGGGAGGCTAAGGCAGGAGAATCGCTTGAACCTGGGAGGCAGAGGTTGCAGTGAGCCTAGAATATGCCACTGTACTCGTCTGGGCAACAGAGCAAGACTGTCTCAAAAAAAAAAAAAAAAA","GGCCAGGTGCAGTGGCTCATGCCTGTAATCCCAGCACTTTGGGAAGCTGAGACGGGTGGATCACTTGAGGTCAGGAGTTCAAGATCAGCCCGGCCAACATGGTGAAACCCTGTCTCTACTAAAAATACAAAAATCAGCCTGGCATTGGTGGTGCACACCTGTAATCCCAGCTACTTGGGAGGCTGAGGCAGGAGAATCGCTTAAATCCAGGAGGTGGAGGTTGCAGTGAGCCAAGATCACACCACTGCATTCCAGCCTGGGCAACAGAGCAAGACTATCTCAAAAAAAAAAAAAGAA"
"chr1","15494284","15494581","chr2","19920919","19921219","39","4426635","GCCAGGCACAGTGGCTCACACCTGTAATCCCAGCATTTTGGAAGGCCGAGGTGGGCAAATCACTTGAGGTCAGGAATTCTTGACCAGCCTGGCCAACATGGTGAAACCCTGTGTCTACTAAAAATACAAAAATTAGCTGGGTGTGGTGATGCATGCCTGTAATCCCAGCTACTTAGGAGGCTAAGGCAGGAGAATTACTTCAACCCGGGAGGTGGAGGTTGCAGTGAGCTGAGATCATGCTACTGAACTCCAGCCTGGGCGACAAAGCAAGACTCCGTCTCAAAAAAAAAAAAAAAAA","GCTGGGCGCGGTGGCTCATGCCTATAATCCCAGCACTTTGGGAGGCCGAGGCAGGCAGATCACTTGAGGTCAGGAGTTCAAGACCAGCCTGGCCAATATGGTGAAACTCTGTCTCTACTAAAAAGACAAAAATTAGCTGGATGTGGTGGTGTATGCCTATAATCCCAGCTACTTGGGAGGCTGAGGCAGGAGAATTACTTGAACCTGGAAGGTGGAGGATGCAGTGAGCTGAGATCATGCCACTGCACTCCAGCCTGGGCGATAGAGCAAGACCCTGTCTGCCTCAAAAAAAAAAAAAAAA"
"chr1","15506167","15506452","chr14","79740069","79740351","37","64233902","GGCCAGGCATGGTGGTTCACGCCTGTAATCCCAGCACTTTGGGAGGCCAAGGCAGGTGGATCATTTGAGGTCACGAGTTCGAGACCAGCCTGGCCAACATGGTGAAACCCCGTCTCTACTAAAAATACAAAAAAAAAAATTTAGCCAGGCATGGTGGCACACACCTGTAATCCCAGCTACTCAGGAGGCTGAGGCAGGAGAATTGCTTGAACCTGGGAGGTGGAGGTTGCAGTGAGCCGAGATCGCGCCACTGTACTCCAGCCTGGATGACAGAGTGGGACTCTGT","GGCCTGGCATGGTGGCTTACACCTGTAATGCCAGCACTTTGGGAGGCCAAGGCGGGCAGATCACTTGAGGTCAGGGGTTCGAGACCAGCCTGGCCAACATGGTGAAACCCCGTCTCTACTAAAAATACAAGAAAAAATTAGCCAGTCATGGTGGTGCATACCTGTAACCCCAGCTACTTGGGAGGCTGAGGCACAAGAATTGCTTGAACCTGGGAAGCAGAAGTTACAGTGAGCCGAGGTCACGCCACTGCACTCCAGCCTGGGAGACAGAGCAAGACTCTGT"
"chr1","15511407","15511703","chr5","52498828","52499124","37","36987421","GGCTGGGCATGGTGGCTCACGCCTGTGATCCCAGCACTTGGGGAGGCCAAGACGGATGGATCACTTGAGGCCAGTAGTTTGAGACCAGCCTGGCCAACATGATGAAACCCTGTCTCTACTAAAAATGCAAAAATTAGCTGGGCGTGGTGGTGTGTGCTTGTAATCCCAGCTACTTGGGAGGCTGAGGCAGGAGAATTGTTTGAACCTGGGAGACAGAGGTTGCAGTGAGCCAAGATTGTGCCATTGTACTCCAGCCTGGGCGACAGAGCGGGACTCTGTCTGAAAAAAAAAAAAAAA","GGCTGGGCACGGTGGCTCATGCCTGTAATCCCAGCACGTTGGGAAGCCAAGGTGAGTGGATCACTTGAGGCCAGGAGTTTGAGACCAGCCTGGCCAACATGGTGAAACCCTGTCTCTACTAAAAATACAAAAATTAGCCTGGCATGGTGGTGTGCACCTGTAATCCTAGCTACTTGGAAGGCTGAGGCAGGAGAATCACTTGAACCTGGGAGGCAGAGGTTGCAGTGAGCCAAGATTGTATCACTGCACTACAGCCTGGGTGACAGAGTGAGACTCTGTCACAAAACAAAACAAAAA"
"chr1","15514724","15515033","chr5","2508969","2509278","48","13005755","GGCCAGCCGTGCTGGCTCATACCTATAATCCCAGCACTTTGGGAGGCTGAGGCGGGTTTATCACTTGAGGTCAGGAGTTCAAGACCAGCCTGGCCAACATGGGGAAACCTTGTCTCTATCAAAAAATACAAAAACTAGCCAGGCATGGTGGTGCACCTGTAGTCCCAGCTACTTGGGAGGCTGAGGTGAGAGAATTGTTTGAACCTGGGAGGCAGAGGTTGCAGTGAGCCGAAAACACACCACCGCACTCCACCCTGGGTGACAGAGTAAGACCCTATCTCAAAAAATAATAATAATAAAGTAAAAAAAA","GGCTGGGAGTGGTGGCTCATACCTGTAATCCCAGCACTTTGGGAGGCCAAGGCAGGTGGATCACTTGAGGTCAGGAGTTCGAGACCAGCCTAGCCAACATGGTGAAACCCTGTCTGTACTAAAAATACAAAAATTAGCCAGGCATGGTGGTGCACACCTGTAATCCCAGCTACTTGGGAGGCTGAGATGAAAGGATTGCTTGAACCCAGGAGGTGGAGATTGCAGTGAGCTGAGATCACACCACTGTACTCCAGCCTGGGTGACAGAGTGAGACTCCCTCTCAAAACAAAACAAAACAAAACAAAAAAAA"
"chr1","15518864","15519174","chr13","18393383","18393690","45","2874519","GGCTGGCCACGGTGGCTCATGCCTATAATCCCAGCACTTTGGGAGGCCAAGGCTGGAGGATCACTTGAGGTCAGTTCAAGACCAGCCTGGGCAACATGGTGAAACCCTGTTTCTACTAAAAATAAAAAAAAAATTAGTCAGGTATGGTGGTGTGTGCCTGTAACCCCAACTACTCCGGAGGCTGAGGCAGGATAATCGCTTGAACCTTGGAGTTGGAGGTTGCAGTGAGCTGAGATTGCACCAGTACACTCTAGCCTGGGTGACAGAGTGAGACTCCGTCTCAAGAAAAAAAAAAAAAAACAAAAACAAAA","GGCTGAGCACAGTGGCTCATGCCCGTAATCCCAGCACTTTGGGAGGCCAGGGTGCGTGGATCACTTGAGGTCAGGAGTTCAAGACCAGCCTGGCCAACATGGTGAAACCCCGTCTCTACTAATAATACAAAAATTAGCCAGGTATGGTGGTGAGTGCCTGTAATCCCAGCTACTTAGGAGGCTGAGGCAGGAGAATCACTTGAACCTGGGAGCTGGAGGTTGCAGTGAGCCAAGATTGTGCCACTGCACTCCAGACTGGGTGACAGAGAAAGACTTCATCTCAAAAAAAAAAAAAAAAAAAAAAAAAA"
"chr1","15530696","15530987","chr14","83739394","83739686","39","68208698","GGCCGAGCATGGTAGCTCACGTCTGTAATCCCAGCACTTTGGGAGGCCGAGGTGGACGGATCACTTGAGGTCAGGAGTCTGAGACCAGCCTGGCCAATATGGCAAAACCCCGTCTCTACTAGAAATACAACAATTAGCTGGGTGTGGTGGTGCACGCCTGTAGTCCCAGCTACTTGGGAGGCTGAGTCAGGAGAATCCCTTGAACCCAGGAAGCGGAGGTTACAGTGAGCCAAGATTGTGCCACTGCATTCCAGCCTGCGTGACAGAGCGAGACTCCGTCTCAAAAAAAAAA","GGCTGGGCGTGGTGGCTCACACCTGTAATCCCAGCACTTTGGGAGGCCAAGGTGGGCAGATCACTTGAGGTCAGGAGTCTGAGACCAGCCTGGCCAACATGGCGAAACCCTGTCTCTACTAAAAATACAAAAATTAGCCAGGTGTGGTGGTGCACACCTGTAATCCCAGCTACTAGGGAGGCTGAGGCAGGAGAACTCATTGAACCCGGGAGGTGGAGGTTGCATGAGCCGAGATTGTGCCACTGCACTCCAGCCTGGGTGACAGAGAGAGACTGTCTAAAAAAAAAGAAAAA"
"chr1","15533345","15533652","chr22","28997304","28997607","41","13463959","GGCCGGGCGTGGTGGCTCACGCCTGTATTCCCAACACTTTTGGAGGCCGAGACAGGTGGATCATTTGAGGTCAGGAGTTTGAGACCAGCCCAGCCAACATGGTGAAACCCCATCTCTACTAAAAATACAAAAATTAGCCGGGTGATAGTGGCGCAGGCCTGTAATCCCAGCTACTCGGGAGGCTGAGGCAAGAGAATCGCTTGAGCCTGGGAGGCAGAGGTTGCAGTGCGCCAAGATTGTACCACTGCATTCCAGTCTGGGCAACAGAGTGAGACCCTGTCTCAAAAAAAACAAAAAAACAAAAAAAA","GGCTGAGCGCTGTGGCTCACACCTGTAATCCCAGCACTTTGGGAGGCCAAGGCAGGTGGATCACTTGAGGTCAGGAGTTTGAGACCAGCCTGGCCAACATGGTGAAACCCTGTCTCTACTAAAAATACAAAAATTAGCCGGGTGTGGTGGCGCACGCCTGTAATCCCCACTACTTGGGAGGCTGAGGCATAAGAATCACTTGAACCTGGGAGGCAGAGGTTGCAGTGAGCTGAGATTGTGCCACTGCACTCCAGCCTGGGTGACAGAGTGAGACTCCATCTCAAAACAAAATAAAACAAAAAAA"
"chr1","15539746","15540041","chr5","94234310","94234606","40","78694564","GGCCAGGCATGGTGGCTCACGCCTGTAATCACAGCACTTCGATAGGCTGAGGTGCACAGATCACTTGAGGTCAGGAGTTTGAGACCAGCCTGGCCAACATGGTGAAATCCCGTCTGTGCTGAAAATACAAAAATTAGCCAGGCGTGGTGGTGCGTGCCTGTAATCTCAGCTGCTCAGGAGGCTGAGGCAGGAGAATTGCTTGAACCCAGGAGTGGAGGTTGCAGTGAGCCAAGATCGAGTCACCGCACTCCAGCCTGGGCAACAGAGCAAAACTCTGTCTCAAAAAATAAAATAAA","GGCCAGGCGTGGTGGCTCACACCTGTAATCCCAGCACTTTGGGAGGCTGAGGTGGGTGGATCACTTGAGGTCAGGAGTTCGAAACCAGCCTGTCCAACATGGCAAAACCCCGTCTCTACTAAAAATACAAAATTAGCCAGGCATGGTGGTGCATGCCTGTAATCCCAGCTACTCAGGAGGCTGAGGCAGGAGAATCGCTTGAACCTGGGAGGCGGAGGTTGTAGTGAGCCAAGATTGTGCCACTGCACTCCAGCCTGGGCGACAAGAGCAAAACTCCATCTCAAAAAAAAAAAAAAA"
"chr1","15547445","15547741","chr5","5324822","5325117","42","10222623","GGCCAGGCGTGGTGGCTCATGCCTTTAATCCCAGCACTTTGGGAGGCCGAGGTGGGCGGATCACTTGAGGTCAGGAGTGCAAGACCAGCCTGGCCAACATGGTGAAACCCCATCTCCACTAAAACACAAAAATTAGCCGAGCGTGGTGGTGTGTGCCTGCAGTCCCAGCTACTCTGGAGGCAGAGGTGAAAGAATTGCTTGAACCCGGTAGGCGGAGGTTGCAGTGAGTCTAGATCACACCACTGCACTCCAGCATGGGCAACAGAGTGAGACTTGGTCTCCGAAAAAAAAAAAAAA","GGTCAGGCGTGGTGGCTCATGCCTATAATCCCAGCACTTTGGAAGGCTGAGGTGGGCAGATCACTTGAGGTCAGGAGTTCAATATCAGCCTGGCCAACATGGTGAAACCCCATTTCTACTAAAAATACAAAAATTAGCCTGGTGTGGTGGCGCATGCCTGTAGTCTCAGCTACTCAGGAGGTTGAGGCAGGAGAATCGCTTGAACCTGGCAGGCGGAGGTTGCAGTGAGACAAGATCACACCACTGCACTCCAGTCTGGGCAACAGAGCGAGATTCTGTCTCAAAGAAAAAGAAAA"
"chr1","15561403","15561696","chrX","137955665","137955956","39","122394262","GGCCAGGAACAGTGGCTCACGCCTATAATCCCAGCACTTTGGGGGGCTGAGGCAGGCGGATCACTTGAGGTCAGGAGTTTGAGACCAGCCTGGCCAACATAGTGAAAACCCGTCTCTACTAAAAATACAAAAACTAGTTGGGTGAGGTGGTGCACGCCTATAATCCCAGCTACTTGGGAGGCTGAGGCAGGAGAATGGTTTGAACTCAGGAGGCGGAGTTACAGTGAGCCGAGATCACACCACTACACTCTCCAGCCTGGGCGACAGAGCAAGACTCCATCTCAAAAAATAAAA","GGCCGGGGTGTGGTGGCTCACGCCTGTAATCCCAGCACTTTGGGAGGCAGAGGTGGGCAGATCACTTGAGGTCAGGAGTTTGAGACCAGCCTGACCAACATGGTAAAACCCTGTCTCTACCAAAAATACAAAAGTTAGTTGGATGTGGTGGTGCACGCCTGTAATCCCAGGTACTCTGGAGGCTGAGGCAGGAGAATCGATTGAACCCAGGAGGCAGTAGTTGCAGTGAGCCAAGATCACACCACTGCACTCCAGCCTGGATGACAGAGCAAGACTCCATCTCAAAAATAAA"
"chr1","15572353","15572659","chr16","298977","299284","37","15273376","GGCTGGACACGGTGGCTCATGCCTGTAATCCCAGCACTTTGGGGGGCGGAGGTGGGCAGATCACTTGAGGTCAGGAGTTCGAGACCAGCCTGGCCAACATGGTGAAAACCCATCTCTACTGAAAATACAGAAGTTAGCTGGGCGTGGTGGCGCGTGCCTATAGTCCCAGCTACTCAGGAAGCTGAGGCAGGGGCATTGCTTGAACCCGGGAGGTGGAGGTTGCAGTGAGCTGAGGTCATGCCACTACACTCCAGCCTGGGTGACAGAGTGAGACTCCGTCTCCAAAAAAAAAAAAAAAAAAAAAAAA","GGCCTGGCACGGTGGCTCATGCCTGTAATACCAGCACTTTGGGAGGCTGAGGTGGGCAGATCACTTAAGGTCAGGAGTTTGAGACCAGCCTGGCCAACATGGTGAAACCCCATCTCTACTAAAAATAAAAAATTAGCTGGGGGTGGTGGCACGCGTCAGTAGTCCCAGCTACTCAAGAGGCTAAGACAGGAGAATTGCTTGAACCCAGGAAGCGGAGGTTGCAGTGAGCTGAGATCATTCCACTGCACTCCAGCATGGGAGACAAAGTGAGACTCTGTCTCAAAAAAAAAAAAACAAAAAAAAAAAAA"
"chr1","15580202","15580503","chr6","17068239","17068542","34","1488037","GCTGGGCATGGTGGCTCATGCCTGTAATCCTAGCACTTTGGGAGGCCAAGGCGAGTGGATCACTTGAGGTCAGGAGTTTGAGACCAGTCTGACCAACATGGTGAAACTCCGTCTCTACTAAAAATACAAAATTAGCCAGGTATGGTGGTACACACCTGTAATCCCAGCTACTCGGGAGGCTGAGGCAGGAGAATCGCTTGAACCTGGGAGGCAGAGGTTGCAGTGAGCCGAGATTGTGCCATTGAACTCCAGCCTGGACAACAGAGCAAAACTACATCTCAAAAAAAAAAAAAAAAAAAAAA","GGCTGGACGCAGTGGCTCATGCCTGTAATCCCAGCACTTTGGGAGGCCAAGGTGGGTGGATCACTTGAGGTCAGGAGTTCGAGACCAGCCTGGCCAACATGGTGAAACCCTGTCTCTACTAAAAATACAAAAATGAGCTGGGCATGCTGGTACACATCTGTAATCCCAGCTACTTGGGAGGCTGAGGCAAGAGAATCGCTTGAACCCAGGAGGCAGAGGTTGCAGTGAGCCGAGATTGCACCACTGCACTCCAGCCTGGGCAACAGAGCAAGACTCTGTCTCAAAAAAAAAAAAAAAAAGAAAA"
"chr1","15594420","15594720","chr22","10679582","10679884","41","4914838","GCTGGGCACGGTGGCTCAAGCCTGTAATCCCAGCACTTTGGGAGGCCGAGTTGGGCCAATCCTTTGAGGTCAGGAGTTTGAGACCAGCATGGCCAACATGGTGAAACCCTGCCTCTACTAAAAATACAAAAAATTAGCTGGGTGTGGTGGTGCATGCCTGTAGTCCCAGCTATTTGGGGGGCTGAGGCAGGAGAATTGCTTGAACCTAGGAGGTGGAAGTTGCAGTGAGCCAACATTTCGCCACTGCACTCTAGCTGGGTGACAGGGTGAGACTCCCTCTCAAAAAAAAAAAAAAAAAAAA","GGCTGGGCACAGTGGCTCACGCCTGTAATCCTAGCACTTTGAGAGGCCGAGGCAGGCAGCTCCTTTGAGGCCAGGAGTTTGAGACCAGCCTGGCCAACATGGTGAAATCCTGTCTCTACTAAAAAATACAAAAATTAGTTGGGCGTGGTGGCGCATGCCTGTAATTCCAGCTACTTGGTAGGCTGAGGAAGGGGAATCACTTGAACCCAGGAGGTGGAGGTTGCCGTGAGCCAAGATTGCGCCACTGCACTCCAGCCTGGGTGACAGAGTGAGATTCCATCTCAAAAAAAAAAAAGAAAGAAA"
"chr1","15594721","15594858","chr4","26022910","26023045","18","10428189","GCCAGGCACAGTGGCTCACGCCTGTAATCCCAGCACTTTGAAGGCCAAGGCGGGTGGATCATTTAAGGTCAGGAGTTCGAGACCAGTCTGGCCAACATGGTGAAACCCCCATCAATACTAAAAATAGAAAAATTAGCC","GGCCAGGCACAGTGGCTCACGCCTGTAATCCCAGCACTTTGGGAGCCAAGGCAAGTGGATCACTTGAAGTCAGGAGTTTGAGACCAGTCTGGCCAACATGGTGAAACCCCGTCTCTACTAAAAATACAAAAATCAG"
"chr1","15604026","15604256","chr7","11016979","11017210","48","4587047","GGTCGGGCGTGTGGTCGCTCATGCCTGTAATCTCAGCGCTTTGGGATCACTTGAGGTCAGGAGTTCGAGACCAGCTTGGCCAACTAGGCGAAACCCCATCTCTACTGAAAGTACAAAAATTAGCCGTGTGTGGTGGCGCGCATCTGTAATCCCAGCTACTCTGGAGGCTGAGGCAGGACAATCGCTTGAACCCAGGAGGCAGAGGTTGCAGTGAGCTGAGATCACGCCACT","GGCTGGCTGTGGTGGCTCATGCCTCGAATCCCAGCACTTTGGGAGGATCATTTGGGGTCAGGAGTTCAAGACCAGCCTGGCTAACATGGTGAAAACTCATCTCTACTAAAAATACACAAATTCGCCAGGTGGTAGTGGCATGCACCTGTAATCTCAGCTATTCAGAAGGCTGATGCAGGAGAATTGCTTGAGCCTGGGAGGCAGAGGTTGCAGTGACCCAAGATCGTGCCAC"
"chr1","15608369","15608676","chr9","106855708","106856013","43","91247339","GGCCAGGTGCAGTGGCTCACGCCTGTAATATCAGCACTTTGGGAGGCTGAGGCAGGTGGATCACTTGAGGTCAGGAGTTCAAGACCATCCTGGCAAACACGGTGAAACCCTGTTTCTACTAAAAATACAAAAATTAGCTGGGTGTTGTGGCACACGCCTGTAGTCCCAGCTACTTGGGAGGCTGAAGCAGGAGAATTGCTTGAACCTGGGAGGTGGAGTTTGCAGTGAGCCGAGCTTGCACCACTGCACTCCAGCCTGGGAAACAGAGCAAGACCCTGTCTTAAAAAACAGATAAACAAGCAAACAAA","GGCCAGGCACAGTGGCTCATGCCTGTAATCTCAGCACTTTGGGAGGCTGAGGTGGGTGGATCACTTGAGGTCAGGAGTTTGAGACCATCCTGGCCAACAAGGTGAAACTCTGTCTCTACCAAAAATACAAAAATTAGCTGGGTGTGATGGCACACGCCTGTAGTCCCATCTACTTGGGAGGCTGAGGCAAGAGAATCACTTGAACCCCAAAAGTGGAGGTTGCAGTGAGCCAAGATTACACCACTGCACTCCAGCCTGGGCAACAGAGCAAGAGTCTGTCTCAAGAATAATAATAAGAATAAAGAA"
"chr1","15608948","15609129","chr12","4348306","4348486","41","11260642","TTAGCCGGCTATAGTGACATGCGCCTATAACTCCAGCTATTCTGGAGGCTGAGGCAGGATAATTGCTTGAACCCTGGAGGTGGAGGTTGCAGCGTGCCGAGAATGTGCCACTGCACTCCAGCCTGGGGGACAGAGGGAGACTCTGTCCAAAAAGATACTCAAAAAAAAAAAAAAAAAAAAAA","ATTATCTGGGCAAGGTGGTGCATGCCTGTAATCCCAGCTACTCTGGAGGCTGAGGCAGGCGAATTGCTTGAACCCAGGAGGTAGAGGTTGCAGAGAGCCAAGATCATGCCATTGCACTCCAGCCTGGGTGACAAGAGGGAGACTCCGTCTTAAAAAATAAAAATACATAATAAAGAATAAA"
"chr1","15609437","15609568","chr19","35917124","35917261","16","20307687","GGGCGTGGTGGCTCATACCTGTAATCCCAGCACTTTGGGAGGCCAAGGCAGGCAAATCACTTGAAGCCAGGAGTTCGAGAGCAGTCTGGCCAACACGGTGAAACCCCATCTCTACTAAAAATATAAAAATTA","GGCCCAGCATGGTGGCTCATGCCTGTAATCCCAGCACTTTGGGAGGCCGAGGTAGGCAGATCACTTGAGGTCAGGAGTTCGAGAGCAGCCTGGCCAACATGGTGAAACCCCATCTTTACTAAAAATATAAAAATTAGC"
"chr1","15611519","15611811","chr10","74504509","74504804","35","58892990","GGCTGGGTGCGGTGGCTCACCCCTGTAATCCCAGCACTTTGGGAGGCTGAGGCAGGTGGATCACTTGAGGTCAGGAGTTCGAGACCAGCCTGACCAACAAGATTAAACCCTGTCTCTACTAAAAATACAAAAATTAGCTGGGCATGGTGGTGTGCCTGTAATCCCAGCTACTCAGAGGCTGAGATAGGAGAATTGCTTGAACCTTAGAGCCAGAGGTTGCAGTGAGCCAAGATCATGCTACTGCTGTCCAGCCTGGGAGACACAGTGAGACTCCATCTCAAAAAACAAAAAAA","GGCTGGGTGCAGTAGCTCACACCTGTAATCCTAGCACTTTGGGAATCTGAGGCGGGTGGATCACTTGAGGTCAGGAGTTCGAGACCAGCCTGGCCAACATGGTAAAACCCCATCTCTATTAAAAATACAAAAATTAGCCAGGCATGGTGGCACATGCCTGTAATCCCAGCTACTCAGGAGGCTGAGACAGGAGAATTGCTTGAGCCTGGGAGGCAGAGGTTTCAGTGAGCCAAGATATTGCCACTGCACTCCAGCTTGGGTGACACAGTGAGACTCCATCTCAAAAAATAAAAAAA"
"chr1","15619111","15619423","chr3","106655459","106655766","48","91036348","CCGGGAACGGTGGCTCACACCTGTAATCGCAGCATTTTGGGAGGCCGAGGCGGGCAGATCACTAGAGGTCAGGAGTTTGAAATCAGCCTGGTCAACATGGTGAAACCCCGTCTCTACTAAAAAAAAATTACAAAAATTAGCCAGGCGTGGTGGCGCGCGCCCGTAGTCCCAGTTACTCAGGAGGCTGAGGCAGGAGAATCGCTTGAACCCGGGAGACTGGGGTTGCAGTGAGTCGAGAACGCACCACTGCACTCCAGCATGGGCGACAGAGCAAGACTCCGTCTCAAAAACAAAAACAAAAAAAGAAAAAAAA","GGTCGGGTGTGGTGGCTCGTGCCTATAATCCCAGCACTTTGGGAGGCTGAGGTGGGCAGATCACTTGAGGTCAGGAGTTTGAGACCAGCCTGGCCAACATGGTGAAACCCCGTCTCTACTAAAAATACAAAAATTAGCCAGGTGTGGTGGCATGCATCTGTAATCCCAGCTACTTTAGGAGGCTGAGGCAGGAGAATCGCTTGAACCCAGGAGGTGGGGGTTGCAGTGAGCTGAGATCGCACCACTGCACTCCAGCCTGGGCAACAGAGAGAGACTCTGTCTCAAAAAAAAAAAAAAAAAAAAAAAAA"
"chr1","15634856","15634930","chr9","100279098","100279173","15","84644242","GGCAGGACATGGTGTTCACACTTGTAATCCCAGCACTTTGAGTGGCTGAGGTAGGAGATCAATTGAGGTCAGAAG","GGCCGGGCATGGTGGCTCACCCCTGTAATCCCAGCACTTTGGGAGGCCGAAGTGGGTGGATCATTTGAGGTCAGAA"
"chr1","15641190","15641485","chr20","29549977","29550272","44","13908787","GGCCCAGTGCAGTGGCTCAAACCTGTAATCCCAGCACGTTGGGAGGCTGAGGCGGGTAGACCATTTGAGGTCAGGAGTTCAAGACCAGCCTGGCCAACATGGTGAAACCCCATGTCTATTAAAAACACAAAATCAGCCAGGCATGATGGTGGCACACCTGTAATCCCAGCTACTTAGGAGGCTGAGGCAGGACAATAGCCTGAACCTGGGAGGCAGAGATTGCAGTGGGCTGAGATCACATTACTGCACTCCAGCCTGGGCAACAGAGCAAGACTGTGTTTCCAAAAAAAAAAAAA","GGCCAGGTGCAGTAGCTCATGCCTGTAATCCCAGCACTTTGGGAGGCTGAGGCAGGCAGATCACTTGAGGTCAGGAGTTCAAGACCAGCCTGGCCAACATGGTAAAACCCTGTCTCTACTAAAATCACAAAATTAGCTGGGCATGGTGGCGCATGCCTGTAATCCCAGCTGCTCAGGAGGCTGAGGCAGGAGAATTGCTTGAACCTGGGAGGCATAGGTTGCAGTGAGTGGAGATCACACCACTGCACTCCAGCCTGGGCGACAGAGCGAGACCCTATCTCAAAAAAAAAAAAAAA"
"chr1","15642642","15642786","chr12","102587935","102588079","18","86945293","GGCCAGACACTGTGGCTCACACCTGTAATCCCAACACTTTGGGAAGCTGAGGTGGGCAGATCACTTGAGGTGAGGAGTTCCAGACCAGCCTGGCCAACGTGGTAAAACCCCATCTCTACTAAAAATACAAAAATTAGCTGGACGT","GGCCAGGCATAGTGGCTCACACCTGTAATCTCAGCACTTTGAGAAGCCAAAGTGGGCAGATCACTTGAGGTCAGGGGTTCAAGACCAGCCTGGCCAACATAGTGAAACACCATCTCTACTAAAAATACAAAAATTAGCTGGGCAT"
"chr1","15643082","15643166","chr7","43968061","43968143","25","28324979","CATTAGCTGGACATGATGGCGCAAGCCTGTCAATCCCAGGTACTCAGGAGGCTGACGCAGGAGAATCGTTTGAAGCCAGGAGGCG","GCTGGGCATGGTGGCTCAAGCCTGTAATCCCAGTACTTTGGGAGGCTGAGGTAGGAGGATCACTTGAGGTCAGGAGTTCGAAA"
"chr1","15644895","15645191","chr14","83739394","83739686","47","68094499","GGCTGGGAACGGTGGCTCACGCCATAATCCCAGCACTCTGGGAGGCCTCGTGGGCGGATCACTTGAGGCCAGGAATTTGAGAGAGATCATCCTGGCCAATATGGAGAAACCTCGTCTCTACTAAGAATACAAAAATTAGCTAGGTGTGGTGGTGCACGCCTGTGACCCGGCTACTCAGGGAGGCTGAGTCAGGAGAATCGCTTGAACCCGGGAGGCGGAGGTTGCAGTGAGCTGAGATCGTGCCACTGCACTCCAGCCTGGGCGACAGAACAAAGACTGTTTCAAAAAAACAGAAAA","GGCTGGGCGTGGTGGCTCACACCTGTAATCCCAGCACTTTGGGAGGCCAAGGTGGGCAGATCACTTGAGGTCAGGAGTCTGAGACCAGCCTGGCCAACATGGCGAAACCCTGTCTCTACTAAAAATACAAAAATTAGCCAGGTGTGGTGGTGCACACCTGTAATCCCAGCTACTAGGGAGGCTGAGGCAGGAGAACTCATTGAACCCGGGAGGTGGAGGTTGCATGAGCCGAGATTGTGCCACTGCACTCCAGCCTGGGTGACAGAGAGAGACTGTCTAAAAAAAAAGAAAAA"
"chr1","15678271","15678567","chr5","60529593","60529894","37","44851322","CTGAGCACGGTGGCTCACACCTGTAATCCTAGCACTTTGGGAGGCCAAGGCGGGTGGATCACTTGAGGTCAGGCATTCGAGACCAGCATGGCCAACATGGTAAAACCCTGTATCTACTAAAAATACAAAAATTAGACAGGCGTGGTGGTGCATGCCTGTAGTCCCAGCTACTTGGGAGGCTGAGGCAGGAGACTCGCTTGAACCCAGGAGGTGGAGGTTTCAGTGAGCCAAGATCACACCACTGCACTCCAGCCTGGGTGACAGAGCAAGACTCCATCTCAACAAAATAAAAATAAA","GGCCTGTCGCAGTGGCTCACACCTGTAATCCCAGCACTTTGGGAGGCCAAGGCGGGTGGATCACTTGAGGTCAGGAGTTTGAGACCAGCCTGGCCAACATGGCAAAACCCCATCTCTACTAAAAATACAAAAATTAGCCAGGCATGGTGGCGCATGCCTGTAATTCCAGCTACTTGGGAGGCTGAGACAGGAGAATCGCTTGATCCCAGGGTACAGAGGTTGCAGTGAGCCAAGATCACACCACTGCACTCCAGCCTGGGCAACAGAGCAAGACACCATCTCAAAAAAATAAAATAAATAAA"
"chr1","15678910","15679217","chr6","93506061","93506372","41","77827151","GGCCAGGCACGGTGGCTCATTCCTATAATCCCAGCACTTTGGGAGGCCAAGGCAAGCAGATCACTTGAGGTCAGGAGTTCGAGACCAGCCTGGCCAACATGGTGAAACCCCATCTTTACTAACAATACAAAAATTAGCCAGGTGTGGTGCACGTGCTTTAATCCCAGCTACACCGGAGGCTGAGGCAGGAGAACCACTTGAACCCAGGAGGCGGAGGTTGCAGTGAGCTGAGATCGCGCCACTGCATTCCAGCCTGGGTGCAGAGCAAGACCTGTCTCAAAAAAAAGAAAATAAATAAATAAATAAAA","GGCCAGGCACAGTGGCTCATGCCTATAATCCCAGCACTTTGGGAGGCCAAGGTGGGCGGATCACTTGAGGTCAGGAGTTCGAGACCAGCCTGGTCAACATGGTGAAACCCCATCTCTACTAAAAATACAAAAATCAACCAGGCGTGGTGGCACAGGCCTGTAATCCCAGCTACTCAGGAGGTTGAGACAGGAGAATCGCTTGAACCAGGGAGGTGGAGGTTGCAGTGAGTAGAGATCGCGCCACTGCACTCCAGCCTGCATGACAGAGCAAGACTCTGTCTCAAAAAGAAGAAGTAAACAAAACAAAAACAA"
"chr1","15686469","15686648","chrUn_GL286397","305059","305228","37","15381410","TTTAGCCGGGTGTGGTGGCGCACACCTGTAATCCCAGCTACTCGAGAGGCCGAGGCAGAAGAATCGCTTGAACCTGGGAGGTGGAGGTTGTAGTGAGCCGAGATCACACCACTGCCCTCCAGCCCAGGCAACAGAGCAAGACTCTGTCTCAAAAACAAACAACAACAACAACAACAACAA","TTAGATGGGTGTGGTGAAACATGCCTGTAGTACCAGCTACTCAGGAGGCTGAGGCAGGAGAATCACTTGAACCTGGGAGGTGGAGGTTGCAGTGAGCTGAGATCACACCACTGCACACCAGCCTGGCAACAGAGTGAGACTCTATTTCAACAAAATAAAATAAATAAAAA"
"chr1","15686949","15687086","chr19","35917124","35917261","16","20230175","GTCGGGCACGGTGGCTCATGCCTGTAATCCCAGCACTTCGGGGGGCCAAGGCAGGCAGATCACTTGAGGTCAGGAGTTCAAGACCAGCCTGGCCAACATGGGGAAACCCCATCTCCACTAAAAATACAAAAATTAGAC","GGCCCAGCATGGTGGCTCATGCCTGTAATCCCAGCACTTTGGGAGGCCGAGGTAGGCAGATCACTTGAGGTCAGGAGTTCGAGAGCAGCCTGGCCAACATGGTGAAACCCCATCTTTACTAAAAATATAAAAATTAGC"
"chr1","15694747","15695057","chr3","106655459","106655766","42","90960712","GGCCAGGTGCGGTGGCTCATGCCTATAAGCCCAGGACTTTGGGAGGCCAAGGCAGGTGGATCACTTGATGTCAGAAGTTCAAGACCAGCCTGGCCAATATGATGAAACCCCGTCTCTACTAAAAATACAAAAACTAGCCCAACATGGTGGTGCCTGCCTGTAATCCCAGCTACTTGGGAGGCTGAGGCAGGAGAATCACTTGAACCCAGGAGGTGAAGGTTGCAGTGAGCAGAAATCACACCACTGCCCTCCAGCCTGGGCAACAGAGTGAGACTCTGTCTCAAAAAACAAAAAAAAAAAACAAAACAAAA","GGTCGGGTGTGGTGGCTCGTGCCTATAATCCCAGCACTTTGGGAGGCTGAGGTGGGCAGATCACTTGAGGTCAGGAGTTTGAGACCAGCCTGGCCAACATGGTGAAACCCCGTCTCTACTAAAAATACAAAAATTAGCCAGGTGTGGTGGCATGCATCTGTAATCCCAGCTACTTTAGGAGGCTGAGGCAGGAGAATCGCTTGAACCCAGGAGGTGGGGGTTGCAGTGAGCTGAGATCGCACCACTGCACTCCAGCCTGGGCAACAGAGAGAGACTCTGTCTCAAAAAAAAAAAAAAAAAAAAAAAAA"
"chr1","15702416","15702717","chr7","80047681","80047980","38","64345265","GGCTGGGCACGGTGGCTTATGCCTGTAATCCCAGCACTTTGGGAGGTCAAGGTGGAGAGATCACTTGAGGTCAGGAGTTCGAGACCAGCCTAACCAATATGATGAAACCCCATCTCTACTAAAAATACAAAAATTAGCTGGGCGTGGTGGTGCACATGCCTGTAATCCCAGCTACTTGGGAGGCTGAGGCAAAAGAATTGCTTGAACCTGGGAGGCGGAGGTTACAGTGAGCTGAGATTGTGCCACTGCACTCCAGTCTGGGCAACAGAGCAAGGCTACATCTCAAAAAAAGAAAAAAAAAA","GGCCAGGCACAGTGGCTCATACCTGTAGTCCCAGCACTTTGGGAGGCTGAGGTGGACGGATCACTTGAGGTCAGGAGTTTGAGACCAGCCTGCCCAACAAGGTGAAGCCCCATCTCTAATAAAAATACAAAAATTAGATGGGCATGGTGGTGCACGCCTGTAATCCCAGCTACTTGGGAGGCTGAGGCAGGAGAATCACTTGAACCTGGGAGGCGGAGGTTGCAGTGAACTGAGATCATGCCACTGCACTCCAGCCTGGGTGACAGAGCAAGACTGCATCTCAAAAAAAAGAAAAAAAAA"
"chr1","15712838","15713099","chr7","50030995","50031257","26","34318157","GCCAGGCGTGGTGGCTCACACCTATAATCCCAGCACTTTGGGAGGCCAAGGCAGGCAAATCAGTTGAGGTCAGGAGTTTCAGACCAGCCTGGCTAACATGGTGAAACCCCGTCTCTACTAAAAATACAAAAATTAGCTGGGTGTGGTGGCACATTCCTGTAATCCCAGCTACTTGGGAGGCTGAGGCAGGAGAATCGCTTGACCCTAGGAGGTGGAGGTTGCAGTGAGCCAAGATTGCACCACTGCACTCCAGCAGGGGCGA","GCTGGGTGTGGTGGCCCATGCCTGTAATCCCGGCACTTTGGGAGGCCAAGGCAGGCAAATCAGTTGAGGTCAGGAGTTCAAGACCAGCCTGGCTAACATGGTGAAATCCAGTCTCTACTAAAAATACAAAACTTAGCTGGGTGTGGTGGCGCATTGCCTGTAATCCCAGCTACTTGGGAAGCTGAGACAGGAGAATTGCTTGACCCCAGGAGGTAGAGGTTGCAGTGAGCCGAGACTGCACCACTGAACTCCAGCTAGGGCAA"
"chr1","15740279","15740577","chr4","15705730","15706030","36","34549","GGCCAAGTGAGGTGGCTCATGCCTGTAATCCCAGCACTTTGGGAGGCCAAGGCCAGTGGATCACTTGAGGTCAGGAGTTCGAGACCAGTCTGGCCAACATGGCAAAACCCCATCTCTACTAAAGATACAAAAATTGGCCGGGTGTGGTGGCACACACCTGTAATCCCAGCTACTCAGGAGGCTGGGGCAGGAGAATTGCTTGAACCTAGGAGGCCAAGGTTGCAGTGAACCGAGATCGTGCCACTGCACTCCAGCTTGGGTGGCAGAGTGAGACTTCATCTCAAAAAAAAAAAAAAAAA","GGCCGGGTGCGGTGGCTCACGCCTGTAATCCCAGCACTTTGGGAGGCCAAGGCGGGTGGATCTTGAGGTCAGGAGTTCGAGACCAGCCTGACCAACATGGTAAAACCCCATCTCTACTAAAAATACAAAAATTAGCTGGGCATGGTGGCGCACACCTGGAATCCCAGCTCCTCAGGAGGCTGAGGCAGGAGAATTGTCTGAACCTGGGAGACAGAGGTTGCAGTGAACCAAGATCATGCCACTGCACTCCAGCCTGGGCAACAGAGTGAGACTTCATCTCAAAAAAAGACAAAACAAAAAA"
"chr1","15760249","15760555","chr3","106655459","106655766","36","90895210","GCCGGGTGTAGTGGCTCAAGCCTGTAATCCCAGCACTCTGGGAGGCCGAGGAGGGCGGATCACTTGAGGTCAGGAGTTTGAGACCAGCCTGGTCAACATGGTGAAACCCTGTCTCTACCAAAAATACAAAAATTAGCCAGGGGTGGTGGCGTGTGCCTGTGGTCCCAGCTACTCAGGAGGCTGAGGCAGGACAATCGCTTGAACCTGGGAGGTGGAGGTTTCAGTGAGCTGAGATTGCGCCACTGCACTCCAGCCTCGGCCACAGAGCAAGATTCTGTCTCAGAAAAAAAAAAAAAAAAAAAAAGAA","GGTCGGGTGTGGTGGCTCGTGCCTATAATCCCAGCACTTTGGGAGGCTGAGGTGGGCAGATCACTTGAGGTCAGGAGTTTGAGACCAGCCTGGCCAACATGGTGAAACCCCGTCTCTACTAAAAATACAAAAATTAGCCAGGTGTGGTGGCATGCATCTGTAATCCCAGCTACTTTAGGAGGCTGAGGCAGGAGAATCGCTTGAACCCAGGAGGTGGGGGTTGCAGTGAGCTGAGATCGCACCACTGCACTCCAGCCTGGGCAACAGAGAGAGACTCTGTCTCAAAAAAAAAAAAAAAAAAAAAAAAA"
"chr1","15762088","15762256","chrX","106480049","106480214","27","90717961","TTAGCCAGAAATGGTGGCATGCACCTGTAGTCCCCAGCTACTTAGGAGGCTGAGGCAGGAGAATCGCTTGAATCCTGGGAGGCGAGGTTGCAGTGAGCTGAGATTGTGCCACTGCACTCCAGCCGAGGTGACAGAGTGAAACTCTGTCTCGAAAAAAAAAAAAAGAAAA","ATTAGCCAGGCATGGTGGCGCATGCCTGTAATCCCAGCTACTTGGGAGGCTGAGGCAGGAGAATCTCTTGAACCTGGGAGGCAGAGGTTGCAGTGAGCCGAGATTGTGCTATTACTCTCCAGCCTGGGCAACAAGCGAAACTCTGCTCAAAAAAAAAAAAAAAAAA"
"chr1","15762561","15762680","chr11","63186025","63186149","20","47423464","CGATGGCTCACGCCTGTAATCACAGCACTTTGGGAGGTAGGCGATCACTTGAGGTCAGGAGTTCAAGACCATCCTGGCCAACATGGTGAAACACTGTCTCTACTAAAAATACAAAAATTT","CACAGTGGCTCACGCCTGTAATCCCAACACTTTGGGAGGCTGAGGCGGGCAGATCACTTGAGGTCAGGAGTTCGAGACCAGCCTGGCCAACATGGTGAAACCCGTGTCTACTAAAAATACAAAAA"
"chr1","15769934","15770245","chr11","64363135","64363445","44","48593201","GTCAGGCATGGTGGCTCACACCTGTAATGCCAGCACTTTGGGAGGCCAAGGTGAGCGGATCACTTGAGGACAGGAGTTCAAGACCAGCCTGGCCAACATGGTGAAACCCCATCTCTACTAAAAATACAAAAATTAGCCGGGCATAGTGGCATGCCCCCGTAGTCCCAGCTACTCATGGGGCTGAGGCAGGAGAATCACTTGAACCTAGGAGGCAGAGGTTATAGTGAGCCGAGACTGTGCCATTGCACTCCAGCATGGGTAACAGAGTGAGGCTCTGTTTCAGGAAAAACAATAAAAATTAAAAAAAATAAA","GCTGGGCATGGTGGCTCCCGCCTGTAATCCTAGCACTTTGGGAGGCCAAGGTGGGTGAATCACTTGAGGTCAGGAGTTCCAGACCAGCCTGGCCAACATGGTGAAACTCTGTCTCTACTAAAAATACAAAAATTAGCCTGGCATGGTGGCATGTGCCTGTAGTCCCAGCTACTCAGGAGGCTGAGGCAGGAGAATCATTTGAACCTGGGAGGCAGAGATTGAAGTGAGCCAAGATCTTGCCACTGCACTTCAGCATGGGAGACAGAGCAAGACTCTGTCTCAAGAAAAAAAAAAAAAAAAAAAAAAAAAAA"
"chr1","15773862","15774164","chr7","62848906","62849206","50","47075044","GCCAGACACGGTGGCTCACGCCTGTAATCCCAGCACTTTGGGAAGCTAACGTGGGTTGATCACTTGAGGTCAGGAGTTCGAAACCAGCCTGGCCAACATGGTGAAACACCGTGTCTACAAAAAATTAGCCGGGCGTGGTGGCGCACACCTGTAGTCCCAGCTACTCAGGAGGCTGAGGCATGAGAATCACTTGAACCTCAAGTAGAGGATGCAGTGAGCTGAGATTGGGGCACTGCACTCCAGCCTCAGTAACAGAGCGAGACTCTGTCCCAAAACAAAACAAGAACCAAATAACAACAAAAA","GGCCAGGCACGGTAGCTTACGCCAGTAATCCCAGCACCTTGGGAGGCAAAGGTGGGTGGATCACTTGAGGTCAGGAGTTTGAAACCAGCCTGGCCAACAGGGTGAAACCTGTCTCTACTAAAAATATTAGCCAGGCGTGGTGGCGCATGCCTGTAGTCCCAGCTACTCAGGAGGCTGAGGCAGGACAATCACTTGAAGCCGGGAAGCAAAGGTTGCAGTGAGCCAAGATCATGCCACTGCACTCCAACCTGGGCAACAGAGTGAGACTCTGTCTGAAAAAAAAAAGGAAAAGAAAAAAAAA"
"chr1","15779292","15779602","chr1","168595556","168595859","44","152816264","GGCCGGGTGCAGTGGCTCACACCTGTAATCCCAGCACTTTGGGAGGCTGAGGCAGGTGGATCACTTGAGGTCAGGAGTTCAAGACCAGCCTGGCCAACGTGGTGAAATCTCATCTCTACTAAATACAAAAATTAGTCAGGTGTGGTGGCACATGCCTGTAGTCCCAGCTGCTTGGTAGGCTGAGGCAGGAGAACCGCATGAACCCAGGAGGTGGAGGTTGCAGTGAGCTGAGATCGCACTGGTGCACTCCAGCCTGGGTGACAGAGTGAGACGCCATCTCAAAAAATAAATAAATAAAAATTTAATAAAAA","GGCTGGGTGAGGTGGCTCATGCCTGTAATCCCAGCACTTTGGGAGGCTGAGGTGGGCAGATCACTTGAGGTCAGGAGTTCAAGACCAGCCTAGCCAACATGGTGAAACCACATCTCTACTAAAAATACAAAAATTAGGTGAGTGTGGTGGCACATGCCTGTAATCCCAGCTATTTGGGAGGCTGAGACAGGAGAATCGCTTGAACCCGGAGGTAGAGGTTGCAGTGAGCCGAGATTGCGCCACTGCACTCCAGCCTGGGTAACAGAGTGAGACTCTATCTCAAAAAAAAAAAAAAAAAAAAAAA"
"chr1","15780204","15780494","chr12","84690705","84690998","40","68910501","GACTGGGTGTGGTGGCTCACGCCACCCAGCACTTTGGGAGGCCAAGGCGGGCAGATCACTTGAGATCAGGAGTTCAACACCAGGCTGGCCAACATGGCGAAACCCCATCTCTACTAAAAATACAAAAAATTACCCGGGCATGGTGGTGTAAGCCTGTCATTCCAGCTACTCAGGAGGCTGAGGCAAGAGAATTGCTTGAACCTGACAGGCAGAGGTTGCAGTGAGCCGAGATAGCGCCACTGTACTCCAGCTTGGGTAACAAAGTGAGACTCAGTCTCTACAAAAAAAAAA","CTGGGCGCTGTGGCTCATGCTAGTAATCCCAGTACTTTGGGAGGCCAAGGCAGGTGGATCACTTGAGGTCAGGAGTTCAAGACCAACCTGGCCAACATGGTGAGACCCCATCTCTACTAAAAATACAAAAAATTAGCCGGTCATGGTGGTGCACGCCTGTAATTCCAGCTACTCAGGAGGCTGAGGCAAGAGAATTGCTTGAACCTGGGAGGCAGAGGTTGCAGTGAGCCGAGATAGCGCCACTGCACTCTAGCCTGGGTGACACAGCAAGACTCTGTCTCTAAAAAAGGAAAA"
"chr1","15783911","15784203","chr8","17986475","17986786","46","2202564","GCCGGGCGCACTGGCTCACACCTGTAATCCCAGCATGGGAAGCCAAGGTGGGCGGATCACTTGAGGTCAGGAGATCGAGACCAGCCTGACCAACATGGCAAAACCCTGTCTACTAAAAATACAAAAATTAGCTGGGTGTGGTGGCACACGCCTGTAATCCCAGCTACCTGGGAGGCAGGAGAATCGCTTGAACCCGGGAAGCAGAGGTTGCAGTGAGCCAAGATCGTGCCACTGCACTCCAGCCTGGGCGACAGAGCAAGACTGTCTCAAAATAAATAAATGATAAAAACAAA","GGCTGGGCGCAGTGGCTTACACCTGTAATCCCAGCACTTTGGGAGGCCAAGGTGGGTAGATCACTTGAAGTCAGGAGTTCGAGACCAGCCTGGCCAACATGGTAAAATCCCGTCTCTACTAAAAATACAAACATTAGCTGGGTGTGGTGGCCCATGTCTGTAATCCCAGCTACCTGGGAGACTGAGGCAGGAGAATCGCTTGAACCCAGGAGGCAGAGGTTGCAGTGAGCCAGGATTGTGCCACTGCACACCAGCCTGGGCCACAGAGTGAGACTCTGTCTCACAAAACAAATAAAACACATAAAAAGGAAA"
"chr1","15786851","15787134","chr7","50110520","50110807","40","34323669","GCCGGGCGTGGTGGCCCATGCCTGTGATCCCAGCACTTTGGGAAGCTGAGGTGGGCGGGTCACTTGAGGCCAGGAGTTTCAGACCAGCCTGGCCAACATGGTGAAACACCGCCTCTACTAAAAATACAAAAATTAGCTGGGCATGGTGGTGCTTGCCTCTAGGCCCAGCTACTCGTGAGGCTGAGGTAGGAGAATCTCGAACCTGGGAGGCAGAGGTTGCAGTGAGCTGAGATCACAACACCGCACTCCAGCCTGGGTGATAGACTGATTCAAAAAAATAAGAA","GGCTGGGCATGATAGCCAAGGCCTGTAATCCCAGCACTTTCAGAAGCTGAGGTGGGCAGATCACTTGAGGCCAGGAGTTCCAGACCAGCCTGGCCAACATGGTGAAACCCTGCCTCTTCTAAAAATACAAAAATTAGCTGGGCATGGTGGTGCATGCCTCTAGTCCCAGCTACTCGGAAGGCTGAGGCAGGAGAATCCCTTGAACCTGGGAGGAGGAGGTGGCAGTGAGCTGAGATCACATCACTGCACTCCATCCTGGGGATAGAGTAAGACTGTCTCAAAAAAAAA"
"chr1","15790215","15790518","chr4","156698023","156698319","42","140907808","CTGGGTGCGGTGGCTCACATCTGTAATCCCAGCACTTTGGGAGGCTGAGGCAGGTGGATCACTTGAGGTCAGGAGTTCGAGACCAGCCTGGCCAAAATGGTGAAATCCCATCTGTACTAAAAATACAAAAATTAGCCATTAGCCAGCTGTGGTAGTGCACGCCTGTAATCCCAGCTACTCAGGAGGCTGTGGCAGGAGAATCGCTTGAACCCAGGAGGCGGAGGTTGCAGTGAGCCGAGATCGTGCCATTACACTCCAGCCTGGGTGACAGAGCGAGATCTCCGTCTAAAAAAAAAAAAAAAAA","GGCTGGGTGTGGTGGCTCATACCTGTAATCCCAGCGCTTTTGGAGGCTGAGGTGGGTGGATCACTTGAGGTCAGGAGTTCTAGACCAGCCTGGCCAACATGGTGAAATCCCATCTCTACTAAAAATACAAAAATTAGCTGGGCATGGTGGCAAGCACCTATAATCCCAGCTACTTGGGAGGCTCAGGCAGAAGAATCGCTTGAACCCAGGAGGTGGAGGTTGCAGTGAGCCTAGATTATGCCACTGCACTCCAGCCTGGGTGACAGAGCAAGACTCCATCTCAAAAAAAAAAAAAAA"
"chr1","15804508","15804797","chr5","92860881","92861172","34","77056373","GGCTGGGTGCGGTGACTCATGCCTGAAATCCCAGCAATTTGGGAGGCCAAGGTGGGCAGATCATTTGAGGTTGGGAGTTTGAGACCAGCCTGGCCAACATGGCAAAACTCCATCTCTACTAAAAATACAAAAATTAGCCAGGTGTGGTGGCACACGCCTGTAATCCTGGCTACTCTGGAGGCTGAGGCAGGAGAATCACTTGAACCTGGGAGGTAGAAGTTGCAGTGAGCCGAGATCACACCACTGCACTCCAGCCTGGGTGACAGAGCAAGACTTCTAAAAAAAAAAAA","GGCTGGGCGTGGCGACTCATGCCTATAATCCCAGCACTTTGGGAGGCCGAGGCTGGCAGATCACTTGAGGTTGGGAGTTTGAGACCAGCCTGGCCAACATGGTAAAACGCCAACTCTACTAAAAATACAAAAATTAGCTGGGTGTGGTGGCACACACCTGTAATCCCAGCTACTCGGGAGGCTGAGGCAGAAGAATTCCCTGAACCTGGGAGGTAGAGGTTGCAGTGAGCTGAGATCATGCCACTGCACTCTAGCCTGGGTGACAGAGAGAGACTCTATCTAAAAAAAAAAA"
"chr1","15818777","15819086","chr1","143276088","143276390","44","127457311","GGCCAGGTGCAGTGGCTCACGCCTGTAATCCCAGCACTTTGGGAGGCCGAGAGGGGAGGATCATTTGAGGTCAGGAGTTTAAGACCAGCCTGGCCAAAATGGTTAAACCCTGTCTCTACTAAAAATACAAAAAAAATGAGCCGGGCGTGGTGGCGCACACCTGTAATCCCAGCTACTCAGGAGGGTGAGGCAGGAGAATCACTTGAACCCAGGAGGTGGAGGTTGCAGTGAGCCGAGATTGTGTCACTGTGCTCCAGCTTGGGTGACAGAGTGAGACTTTATCTCAAAAAACAAACAAACAAAAAAACAA","GCCAGGTGCAGTGGCTCACGCCTGTAATCCCAGCACTTTGGGAAGCTGAGGTTAGTGGATCACTTGAGGTCAGGAGTTCAAGACTAGCCTGGCCAACATGGTGAAACCCTGTCTCTACTAAAAATACAAAAAAATTAGCCAGCTGTGTGGTACACACCTGTAATTCCAGCTACTCAGGAGGCTGAGACAGGAGAATCACTTGAACCCAGGAGGCAGAGGTTGCAGTGAGCCAAAATCGTGCTATTGCACTCCAGCCTGCGTGACAGAGTGAGACTTTGTCTCAAAAAAGAAAAAAGAAGAAAA"
"chr1","15824195","15824330","chr1","172218988","172219121","23","156394793","GCTGGGTTGGGTGGCTCATGCCTCTAATTCCAGCACTTTGGAAGCCCGAGGCAGGCAGATCACTGGAGGTCAGAAGCTCGAGACCAGCCTGGCCAACATGGCAAAACCCCTTCTCTACTAAAAAACACAAAAATGA","GCTGGGCACGGTGGCTCACGCCTGTAATCCCACACTTTGGGAGGCCGAGGCGGGCGGATCACTTGAGGTCAAGAGTTTGAGACCAGCCTGGCCAACATGGTGAAACCCTGTCTCTACTAAAAATACAAAAATCA"
"chr1","15824627","15824786","chr10","100550541","100550700","31","84725914","TTAGCCGCCTGTGGTGGCGCATGCCTGTAATCCCAGCTACTTGGGAGGCTGAGGCAGAAGATTGCTTGAACCTGGGAGGCTGCAGCTATAATAAGCCGAGATTGCACCACTGCACTCCAGCCTGGGTGACAGAGGAAGACTCCGTCTCAAAAAAAAAAAA","TAGCCAGGAATGGCGGTGCGCGCCTATAATCCCAGCTACTCAGGAGACCCAGGCACGAAGAGTCGCTTGAACCTGGGAGGTGGAGGTTGCAGTAAGCCAAGATTGCACCACTGCACTCCAGCCTGGGTGACAGAGCGAGACTCCATCTCAAAAAAAAAAA"
"chr1","15826792","15826927","chr2","151896913","151897047","19","136070121","GGCCTGGCAGGGTGGCTCACACCTGTAATCCCAGCACTGTGGGAAGCCGAGGCAGGCATATCACTTGAGGTCAGGAGTTCGAGACCAGCTGGCCAATGTGATGAAACCCTAACTCTACTAAAAAAACACAAAAATT","GCTGGGCATGGTGGCTCACACCTGTAATCCCAGCACTTTGGGAAGCCGAGGTGGGCAGATCACTTAAGGACAGGAGTTTGAGACCAGCCTGGCCAACATGATGAAACCCCATCTCTACTAAAAAAACAAAAATTA"
"chr1","15833306","15833575","chr1","75555059","75555337","53","59721753","GCCAGGCACGGTGGCTTATGCCTGAAATCCCAGCACTTTGGGAGGTCGAGGCGGACGGATCACTTGGTCAGGAGATGGAGACCATGCTGGCCAACATGGTGAAACCCCATCTCTACTAAAAATACAAAAATTCGCCGGGCGTGCTGAGGCGTGCCTGTAGTCCCAGCTACTCCCCGAGGCGGAAGTTGCAGTGAGCCAAGATCCACTGCACTCAAGCCTGGGTGACAGAGCGAGCCTCCTTCAAAAAAAAAAAAAAAAAAAAAAAAAAAA","GGCCAGGCGCAGTGGCTCACATCTGTAATCCCAGCACTTTGGGAGGCCGAGGTGGGTGGATCACTTGAGGTCAGGAGTTCGAGACCAGCCTGGCCAGCATGGTGAAACCCCGTCTCTACTAAAAACACAAAATTAGCCGGGCATGGTGGCACATGCCTGTAGTCCCAGCTACCTGGAAGGCAGAGGTTGCAGTGACCCAAGATCTTGCCACTGCACTCCAGCCTTGATGACAGAGCAAGACTCTATCTCAAAAAAGAAAAAAAGAAAAGAAAAAAGAAA"
"chr1","15853157","15853177","chr10","17789322","17789342","6","1936165","ATAATGAAAATAAAAATAAAA","TAAAAAAAAAAAAAAAAAAAA"
"chr1","15853511","15853660","chr12","56417780","56417916","27","40564269","TTAGCCAGACATGGTGGTGTGCGCCTATAATCCCAGCTATTCAGGAGGCTGAGGCAGGAGAATCGCTTGAACCCAGGAGGAGGAGGTTGCAGTGAGCTGAGATCAAGCCACTGCACTCCAGCCTGGGTGACAGAGCAAGACTCTACCTCA","CCAGGCGTGGTGGCGCGCCTGTAATCCCAGCTATTCAGGAGGCTGAGGCAGGAAAATCGCTTGAACCTGGGAGGTGGAGGTTGCAGTGAGGCGAGATCGTGCCTCTGCACTCCAGCCTGGCGACAGAGCAAGCCCCC"
"chr1","15853965","15854100","chr4","43236196","43236331","12","27382231","GGCCGGGCATGGTGGCTGGCGCCTGTAATCCCAGCACTTTGGGAGGCAGAGGCAGGCAGATCACTCGAGGTCAGGAGTTCAAGACCAGCCTGGCCAACATGGTGAAACCCCAACTCTAATAAAAATACAAAAATTA","GGCCAGGCATGGTGGCTCACGCCTATGATCCCAGCACTTTGGGAGGCTGAGGCAGGCAGACCACTTGAGGTCAGGACTTCGAGACCAGCCTGGCCAACATGGTGAAACCCCATCTCTACTAAAAATACAAAAATTA"
"chr1","15857365","15857656","chr7","89217839","89218129","33","73360474","GGCCGGGCACGGTGGCTCACGCCTGTAATACCAGCACTTTGGGAGGCTGAGGCAGGCAGATCACTTGAGGTCAGGAGTTCAAGACCAGCCTGGCCAACATGGTGAAACCTTGTCTCTACTAAAAATACAAAAACTAGCTGGGCGTGGTAGCACACGCCTGTAATCCCAGCTACTCAGGAGGCTGAAGCACAAGAATAGCTTGAACCCGGGAGGCAGAGGTTGCAGTGAGCTGAGATCACGCCACTGCACTCCAGCCTGGGCAACAGAACGAGACTCCGTCTCAAAAAAAAAA","GCCGAGCATGGTGCCTTATGCCTGTAATCTCAGCACTTTGGGAGGCTGAGGCAGGCAGATCACTTGAGGTCAGGAGTTTGAGACCAACCTAGCTAACATGGTGAAACCCTGTCTCTACTAGAAATATAAAAATTAGCCAGGCATGGTGGCACACGCCTGTAATCCCAGCTACTCGGGAGGCTGAGGCAGGAGAATCGCTTGAACCCAGGAGGCAGAGGTTGCAGTGAGCTGAGATTGCACCACTGCACCCCAGCCTGGGCAACAGAGCGAGACTCCATCTCAAAAAAAAAA"
"chr1","15877284","15877565","chr12","11789686","11789970","50","4087598","GGCTGGGCACTCTGGCTCATGCCTGTAATCCCAGCAATTTGGGAGGATGAGGTGGGCAAATCACTTGAGGTCAGGAGTTCAAGAACAGCCTGGCCAACATGGCAAAACCTCATCTTTACTAAATACAAAATTAGCCAGGCGTGGTTGCGCACGTTTGTAATCCCAGCTACTTGGGAGGCTGAGGCAGGAGGACTGCTGGAACCCAGAAGGCAGAGGTTGCCGTGAGCCAAGGCTACACCACTGCACTCCAGCCTTGGTGACACAGTGAGACTGTCTTTAAAA","GCTGGGTGCTATGACTCATGCCTGTAATCCCAGCACTTTGGGAGGCTGAGGTGGGGGGATCACTTGAAGTTAGGAGCTCAAGACCAGCCTGGCCAACATGGTGAAACCCCGTCTCTACTAAAAATACAAAAATTAGCCAGGCGTGGTGGCGCACGCTTTTAATCCCAGCTACTCAGGAGCTGAGGCAGGAGAATCACTTGAACCCAGGAGGCAGAGGTTGCAGTGAGCCGAGATCGTGCCACTGCACTCCAGCCTTGGTGATAGAGCAAGACTCTGTCTCAAAAA"
"chr1","15880454","15880756","chr6","17068239","17068542","37","1187785","GGCCGGGCACAGTGGCTCATGCCTGTAATCCCAGCACTCTGGGAGGCTGAGGTGGGTGGATCACTTGAGGTCAGGAGTTCGAGACCAGCCTAGCCAATGTAGTGAAACCCCTGTCTCTACTAAAAAATACAAAAATTAGCCGGGCATGGTGGCAGTGCCTGTAATCCCAGCTCCTCAGGAGGCTGAGTCAAGAGAATCGCTTGAACCCGAGAGGCAGAGGTTGCAGTGAGCCAAGATTGCGCCACCGCACTCCAGCCTGGGCGAGAGTGAGACCCTGTCTCAAAAAAAAAAAAAAAAAAAAAA","GGCTGGACGCAGTGGCTCATGCCTGTAATCCCAGCACTTTGGGAGGCCAAGGTGGGTGGATCACTTGAGGTCAGGAGTTCGAGACCAGCCTGGCCAACATGGTGAAACCCTGTCTCTACTAAAAATACAAAAATGAGCTGGGCATGCTGGTACACATCTGTAATCCCAGCTACTTGGGAGGCTGAGGCAAGAGAATCGCTTGAACCCAGGAGGCAGAGGTTGCAGTGAGCCGAGATTGCACCACTGCACTCCAGCCTGGGCAACAGAGCAAGACTCTGTCTCAAAAAAAAAAAAAAAAAGAAAA"
"chr1","15887743","15888035","chrX","17243808","17244094","45","1356065","CAGGTACGGTGGCTCACACCTGTAATCCCAGCAGTTTGGGAGGCTGAGGCGGGTGGATCACTTGAGGTCAGGAGTTCGAGACCAACCTGGCCAACATGGTGAAACCAGTCTCTACGAAAAAAATACAAAAATTAACTGGGCATGGTGGTATGGTGGACGCCTATAATCCCAGCTGCTCGGGAGGCGGAGGCAGGAGAATCGCTTGAGCCCTGGAGGCAGAGGTTGCAGTGAGCCAAGATTGCACCACTGCACTCCAGCTTGGGTGACCGAGGGACACTCCGTCTCAATAAAAA","GGCCTAGTGCGGTGGCTCACGCCTGTAATCCCAGCAGTTTGGGAGGCTGAGGCGGGTGGATCACTTGAGGACAGGAGTTTGAGACCAGCCTGGTCAACATGGTGAAACTCTGTCTTTACTAAAAATACAAAAATTAGCTGGGCGTGGTGGCATACGCCTGTAATCCCAGCTACTCGGGAGGCTGAGACATGAGAATCACTTGAACCCAGGAGGCAGAGGTTGCAGTGAGCCAAGATTGTGCCACTGCACTCCAGCCTGGGTGATAGAGTGTGACTCTGTCTCAAAAA"
"chr1","15901361","15901669","chr12","79466586","79466890","67","63565225","GGCTGGGCGTGGTGGCTCATGCCTGTAATGAGCCAGGAGGCCGAGGTCAGCAGATTGCTTGAGCTCAGAAGTTCGAGACCACCCTAGACAACATGGCAAGACCCTGTCTCTACTAAAAATGCAAACAAAAAAAATAGCTGGGCGTGGTGGTTCATACGTGTGGTCTGTGGTCCCAGCTACCCAGAAGGCTGAGTTGGGGGGATCATTTGAACCTGGGGATCGGAAGTTGCAGTGAGCCGAGATCACGCCACTGCACTCCAGCCTGGGTGACAAAGTGAGACTCCATCTCAAAAAAAAAAAAAAAAAAAA","GGCTGGGCACAGTGGCTCATGCCTGTAATTCAGCACTTTGGAAGTCCTAGGTGGGCAGATCACTTGAGCTCAGGAGTTCGAGACCAGCTTGGACAACATGGCGAAACCCTGTCTCTACCAAAAATACAAAATGTTAGCCGGGTTTGGTGGTACACTCCTATGGTCCCAGATACTTGGGAGGCTGAGGTGGGAGGATCACTTGAGCCTGGGAGGTGGAAGTTGCAGTGAGCTGAGATCATGCTACTACATTCCAGCCTGGGTGACAGAGTGAGACCCCATCTCAGAAAAAAAAAGTACAAAAAAAA"
"chr1","15901905","15902228","chr5","96896431","96896755","49","80994526","GGCCGGGCACAGTGGCTCACGCCTGTAATCCCAGCACTTTGGGAGGCTGAGGCAGGAAGATCACTTGAGGTCAGGAGTTTGAGATCAGCCTGGCCAACATGGCGAAACCCTAACTCTGCTAAAAATACAAATATTAGCGGGGCGTGGTGGCACATGCCTGTAGTCCCAGCTACTTGGGAGGCTAAGGCATGAGAATCGTTTGAACCTGGGAAGTGGAGGTTGCAGCGAGCCGAAATCATGCCACTGCATTCTAGCCTGGGTGACAGAGTAAGACTGTCTCAAAAAAAAAAAAAAAAAAAACTAAATAAATAAGTAAAAAATAAA","GCCAGGGGCGGTGGCTCATGCCTATAATCCCAGCACTTTGCGAGGCCGAGGCAGGCAAGTCACTTGAGGTCAGGAGCTTGAGACCAGCCTGGTCAACATGATGAAACCCCATCTCTACTAAAAATACAAAAATTAGCCAGGCATGGTGACGCATGCCTGTAATCCCAGCTACTTGGGAGGCTGAGGCAGGAGAATCGCTTGAACCCAGGAGGTGGAGGTTGCAGTGAGCGGAGATCATGGCACTGCAGTCCAGCCTGGTGCCAGAGCAAGACTGTCTCAAATAAATAAATAAATAAATAAATAAATAAATAAATAAATAAATAAA"
"chr1","15906430","15906762","chr12","4240854","4241177","64","11665576","GCCGAGTGCAGTGGCTCACGACCGTAATCCCAGCACTCTGGGAGGCCAAGGCAGGTGAATCACTTGCGGCCAGGAGTTCGAGGCTAGCCTGGCCAACATGGTGAAACCTCATCTCTACTAGAAATACAAAAATTAGCCAGGCTTGGTGGCACATGACGTGCCTGTAATCCAAGCTACTCTGGAAGCTGAGGCATGAGAATCACTTGAACCAGGGAGGCAGAAGCTGCATTAAACTCTGATCACACCACTGCACTCCAGCCTGGACAACAGAGCGAGACTGTCTCAAAAAAAAAAAAAAAAAAAAAAAAAGGAAAGAAAGAAAAGAAAAAGAAA","GGCTGGGTGCGGCAGCTCACGCCTGTAATCCCAGCACTTTGGGAGGCCGAGGCAGGTAGATCACTTGAGGTCAGGAGTTCGAGGCCAGCCTGGGCAACATGGTGAAACCCCATTTCTACTAAAAATACAAAAATTAGTTAGGCATGATGATGCATGCCTGTAATCCCAGCTACTCAGGAGGCTGAGGCAGGAGAATCACTTGAACCTGGAAGGCGGAGGTTACAGTGAACCAAGATCATACCACTGCACTCCAGCCTGGGCAACAGAGTGAGACTCCATCTCAAAAAAACAAAAAACAAAAAACAAACAAACAAAAAAGCAAAC"
"chr1","15907200","15907489","chr4","30880097","30880395","40","14972897","GGCTGGATGTGTTGGCTCATGCCTGTATTCCCAGCACATTGGGAGGCTGAGGTGGGCGGATCACTTGAGGTCAGGAGTTTGAGACCAACCTGGGCAACATGGTGAAACCCTGTCTCCACTAAAAATATAAAAAATAGCTGGGCATGGTGGTGCGTGCCTGTAATCCCAGCTACTCGGGAGGCACGAGAATCACTTGAACCCAAGAGGTGGAGGTTGCAGTGAGCCACGATCGCACCACTGCACTCCAGCCTGGACAACAGAGCGAGACTGTGTCTCAAAAGAAAAAAAAA","GGCTGGGTGTGGTGGCTCATGCCTGTAATCCCAGGACTTTAGGAGGCTGAGGTGGGTGGATGATTTTAGGTCAGGATTTTGAGACTAGCCTGGCCAACGTGGTGAAACCCCAGTCTCTACTAAAAATACAAAAATTAGCTGGGCATGGTGGTGTGTGCCTGTAATCCCAGCTACTTGGGAGGCTGAGGCAGGAGAATCACTTGAACCCAGGAGGTGGAGGTTGCAGTGAGCCAAGATCATGCCACTTCACTCCAGCCTGGGAAACAGAGTGAGACTCTGTCTCAAAAAGAAAAAAAAAA"
"chr1","15936656","15936778","chr7","131572147","131572266","16","115635491","GCCGGGCATAGTGGCTCACGCCTGTAATCCCAACACTTTGGGAGGCCAGGGCTGGCAGATCACTTGAGGTCAGGAGTTCAAGACCAGCTTGGCCAACATGGTGAAACTCTGTCCCTACTTAAA","GGCCGGGCATGGTGGCTCATGCCTGTAATCCCAGCACTTTGGGAGGCCAAGGTGGGTGGATCACTTGAGGCCAGGAGTTCAAGACCAGCTTGGCCAACATGGTGAAACCCTGTCTCTATT"
"chr1","15938136","15938415","chr3","117679562","117679828","46","101741426","GGCCAGGCACAGTGGCTCAGGCCTGTAATCCCAGCACTTTGGGAGGCCAAGGCAGCCAGATCACTTGAGGTCAGGAGTTCAAGGCTGGCCTGGCCAACATGGTGAAACCCCATCTCTACTAAAAATACAAAAAATTAGCTGGGCATGGTGGTGCCATGGTGGTGCGTGCCTATAATCCCAGCTACTCAGGAGGCTGAGGCAAGAGAATGGCTTGAACCCGGGAGGCAGAGGCTATAATGAACAGAGATCGCACCGCTGCACTCCAGCCCAGGCGACAGAG","GGCTGGGCACAGTGACACATGCCTGTAATCCCAGCACTTTGGAGGCCAAGGCAGGTGGATCACTTGAGGTCAGGAGTTCAAGACTAGCCTGGCCAACATGGTGAAACCCCATCTCTACTAAAAATACAAAAATTAGCTGGGCGTGGTGCTGTGTGTGCCTATAATCCCAGCTACTTGGGAGGCCGTGGCAGGAGAATAGCTTGAACTCAGAAGGCGGAGATTACAGCAAGCCAAGATTGCGCCACTGCACTCCAGCCCAGGTGACAG"
"chr1","15954873","15955179","chr12","27257719","27258031","39","11302846","GGCCAGGTGCGGTGGCTCACGCCTATAATCCCAGCACTTTGGGAGGCCGAGGCTGGCGGATCACTTGAGGTCAGGAGTTTGAGGCCAGCCTGGCCAACATGGCAAAGCCCATTTCTACTAAAAATACAAAAATTAGCTGGGTGTGGTGGTGCGCACCTGTAGTCCCGGCTACTCGGGAGGCTGAGGCAGGAGAATCACTTGAACCCGGGAGGCGGAGGTAACAGTGAGCCAAGATCACACCACTGCACTCCAGCCTGGGCCACAGAGTGAGACTCTGTCTCCAAAAACAAACAAACAAACAAACAAA","GGCCTGGTGCTGTGGCTCACACCTGTAATCCCAGCACTTTGAGAGGCCGAGGCAGGTGGATCCCTTGAGGTCAGGAGTTTGAGACCAGCCTGGCCAACATGGCTAAAACCCTGTCTCTACTAAAAATACAAAAATTAGCCAGGGGTGGTGGTGTGTACCTGTAGTCCCAGCTACTCGGGAGGCTGAGGTGGGAGAATCGCTTGAACCCAGGAGGCGGAGGTTGCAGTGAGGCAAGATTGCACCACTGCACTCCAGCCTGGACAACAGAGTGAGACTCTGTCTCAAAAAACAAAAAACAAAAAAAAAGAAAAAA"
"chr1","15974573","15974875","chrX","107683765","107684064","43","91709192","GGCCGGGCTCGTTGTCTCACGCTTGTAATCTCAGCACTTTGGGAGGCCCAGGCGGGCAGATCACTTGAGGTCAGGAGTTCGAGACCAGCCTGGCCAATATGGTGAAACCCCCGTCTCTACTAAAAATACAAAAATTAGCCGGTCGTGCTTGCGCGCGCCTGTAGTCCCAGCTGCTCAGGAGGCTGAGGTATGAGAATCGCTCGAACGCAGGAGGCGGAGGTTGCAGTGAGCCGAAACGGCGCCACTGCACTCCAGCCTGGGCGACAGAGCGAGATTCCGTCTCAAAAAAGAAAAAAAAAAAAA","GGCCGGGCGAGGTGGCTCACACCTGTAACCCCAGCACTTTGGGAGGCCGAGGCAGACAGGTCACTTGAGGTCAGGAGTTCGAGACCAGCCTGGCCAACGTGGTGAAGCCGCGTCTCTACTAAAAATACAAAAATTAGCCGGCTGTGGTGGCACACACCTGTAGTCCCAGCTACTCAGGAGGCTGAGGCAGGAGAATCGCTCAAACCTAGGAGGTGGAGGTTGTAGTGAGCCGAGATTGCGCCACTGCACTCCAGCCTGGGCAACGAGCAAGTCTCAATCTCAAAAAAGAAAAAAAAAAAA"
"chr1","15980603","15980885","chrX","105924911","105925188","36","89944308","GGCCGGGCATGGTGGCTCACACATGTAATCCCAGCACTTTGGGAGGCTGAGGCGGATGGATCGCTTGAGGTCAGGAGTTCGAGATCAGCCTGGCCAACATGGTGAAACTCTGTCTCTACTAAAAATACAAAAATTAGCTGGGCGTGGTGGTGTGTGTCTGTAATCCCAGCTACTCGGGAGGCTGAGGCAGGAGAATCTCTTGAACCCGGGAGGTGGAGGTTGCAGTGAGCCAAGATTGCGGCACTGCACTTCAGCCTGGGCGACAGAGCAAGATGCTGTCTCA","GCCAGGCATGGTGGTTCACTCCTGTAATCCCAGCACTTTGGGAGGCCGAGGCGGGTGGATCACTTGAGGTCAGGAGTTCGAGACCAGCCTGGCCAACATGGTGAAACCCTGTCTGTACTAAAAATACAAAAATTAGCTGGGTGTGGTGGCATGTTCCTTTAATCCCAGCTACTCAGGAGGCTGAGGCAGGAGAATCACTTGAACTAGGGAGGTGGAGGTTGCAGTGAGCCAAGATCATGCCATTGCACTCCAGCCTGGCAACAGAAAGAGACTCTGTC"
"chr1","15985026","15985320","chr8","95234794","95235088","41","79249768","CTGGGTGTGGTGGTTCATGCCCATAATCCCAGCACTTTGGGAGGCCAAGGCAGATGGATCACTTGAGGTCAGAAGTTCAAGACTAGCCTGGCCAACATGGTGAAGCCCCACCTCTACTAAAAATACAAAAATTAGTCGGGCGTGGTAGCGCGTGCCTGTAATCCAGCTACTCAGGAGGCTGGGGCATGAGAATCGCTTGCACTTGGGAGGCGCAGGTTGCAGTGAGAGAAGATTGCACCACTGCACTCCAGCCTGGGTGACAGAGTGAGACTCTGTCTCAAATAAATAATAAAAA","GCTGGGCGTGGTGGCTCACAGCTGTAATCACAGCACTTTGAGAGGCCAAGGCAGATGGATCCCTTGAGATCAGGAGTTCAAGACCAGCCTGTCCAACATGGTGAAGCCCCATCTCTACTAAAAATACAAAAAGTAGCCAGGCATGGTGGCGCATGCCTGTAGTCCCAGCTACTCAGGAGGCTGAAGCAGGAGAATCGCTTGAGCTGGGGAGGCAGAGGTTGCAGTGAGCTAAGATGGCACCACTGCACTCCAGGCTGGGTGACAGAGCAAGACTCTGTCTCAAAAAAAAAAAAAA"
"chr1","15986340","15986630","chr7","12856994","12857284","47","3129346","GGCCGGGAGCAGTGCCTCACACCTGGAATCCCAGCACTTTGGGAGGCCGAGGCTGGTGGATCACTTAAGGTTAGGAGTTCGAGTCCAGCCCAGTCAACATGGTGAACTCCATCTCTACTAAAAATACAAAAATTAGCCGGGTGTGATGGCGTGCACCTGTAATCCCAGCTACTCGGGAGGCTGAGGTAGGAGAATTGCTTGAACACAGGATGGGGAGGTTGCAGTGAGCTGAGATCGTGCCAGTGGCACTCCTGCCTGGGGGATAGAGTGAGACCCTGTCTCAAAAGAGAA","GGCTGGGTGCAGTGGCTCACGCCTGTAATCCCAGCACTTTAGCAGGCCAAGGCAGGTGGATCACTTGAGGTCAGCAGTTCAAGACCAGCCTGGTCAACATGGTGAAACCCCATCTCCATTAAAAATATAAAAATTAGCTGGGTATCATGGCGTGCACCTGTAATCCCAGCTATTTGAGAGGCTGAGGTGGGAAGATTGCTTGAACTCATGAGGTGTAGGTTGCAATGAGCCAAGATCGTGCCACTGCATTCCAGCCTGGGTGACAGAGTGAGACTCTGTCTCAAAAAAAAA"
"chr1","16002855","16003185","chr9","35187592","35187919","61","19184737","GGTTAGGTGCGGAGGCTCACACCTGTAATCCCAGTACTTTGAGAGGGTGAGGCAAGCAGATCACTTGAGGTCAGGAGTTTGAGACCAGCCTGGCCAACATGATGAAACCTTATCTCTACTAAAAAAAAAAAAAAAAAAAAAAAAATACAAAAATTAGCCAGGTGTGGTGGCACACGCCTGTAGTTCCAGCTACTTAGGTGGTTTACACAGGAGAATCACTGGAACCCAGGAGGCAGAGGTTGCAGTGAGCTGAGATCACACCACTGCGCTTCAGCCTGGGCAACAGAGCAAGACTCCATCTCAAAATATAATAATAATAATAAAATTAAAA","GGCCAGGTATGGTGGCTTATACCTATAATCCCAGCACTTTGGGAGGCTGAGGGAGGCAGATCACTTGAGGTCAGGAGTTTGAGACCAGCCTGGCCAACACAGTAAAACCCTATGTCTACTAAAAATACAAAAAAAAAAAAAAAAAAAAAAAAGCCGGGTGTGGTGGCACATGCTTGTAATCCCAGCTACTCAGGAGGCTGAGGCAGGAGAATTACTTGAACCCAGGAGGTGGAGGTTGCAGTGAGCTGAGATTGTGCCACTGCACTCCAGCCTGGACAACAGAGTGACACTCCATCTAAAAAAAAAAAAAAAGATGCACAAAAAAAAA"
"chr1","16053037","16053327","chr12","29333369","29333657","43","13280332","GGCTGGGCACGGTGGCTCACGCCTGTAATCCCAGCACTTTGGGAGGCCAAGCCAGGTGGATCACTTGATGCCAGGAATTCAAGACTAGCCTGGCTGACGTGGTGAAACCCCGTCTCCACTAAAATTACAAAAATAATCTGGGCATGGTGGCACATGCCTGGTCTGAGCTACTTGGGAGGCTGAGGCAGAAGAATTGCTTGAACCTGGGAGGTTGAGGTTGCAGTGACTGAGATTGTGCCACTGCACTCCAGCCTGTGAAACAGAGTGAGATTCCATCTCAAAAAAAAAAAA","GGCCAGGCTCGGTGGCTCTCGCCTGTAATCCCGGCACTTTGGGTGAGGCAGGTGGATCACTTGAAGTCAGGAGTTCAAGACTAGCCTGGCCAACGTGGTGAAACCCCATCTCTACTAAAAATACAAAAATTAGCTGGGTGTGGTGGCACGTGCCTGTAATCCCAGCTACTCGGGAGGCTGAGGCAGGAGAATTGCTTGAACCTGGGAGGTGGAGGTTGCAGTGAGCTGAGATCGTGCCACTGCACTCCAGCCTGGGTGACAAGAGTGAGACTCTGTCTCAAAAAAAAAA"
"chr1","16074741","16074887","chr6","149721651","149721799","18","133646910","GGCCAGGCGCGGTGGCCCACGCCTGTAATCCCAGCACTTTGGGAGGCCAAGGCAGGCAGATCACTTGAGGTCAGGAGTTCGAGACCAGCCTGGCCAATATGGTGAAACTCCGTCTCTACCAAAAATATAAAAAATTAGCTGGGTGTG","GGCCAGGCACGGTGGCTCACACCTGTAATCCCAGCACTTTGGGAGGCCAAAGCGGGCAGATCACTTGAGGTCAGGAGTTCTAGACCAGCCTGGGCAACATGGTAAAACCCTGTCCCTACTAAAAAATACAAAAAATTAGCTGGGCATGG"
"chr1","16075187","16075360","chr3","53757892","53758068","31","37682705","GCTAGGTGTGGTGGCACAAGCCTGTAATCCCAGCTACTCGGGAGGCTGAGGCAGGAGAATTGCTTGAACCCGGGAAAGTGGAGGTTGCAGTGAGCCGAAATCGTGCCACTACACTCCAGCCTGGTCGGCAGAGTGAGACTCTGTTTCAAAAAAAAAAAAAAAAAAAAAAAAGAA","AGCCAGGAGTGGTGTCACATGCCTGTAATCCCAGCTACTCAGGAGGCTGAGGCAGGAGAATCGCTTGAACCTGGGAGGTAGAGTTTGCAGTGAGCTAAGATCATGCCATTGCACTCCAGCTTGGACAACAGAGCTAGCCTCCATGTCAAAATAAAAAATAAAAAAAAAAAAAAGAAA"
"chr1","16085958","16086252","chrX","69095527","69095826","40","53009569","GGCCGGGCGTGGCTCATGCCTCTAATCCCAGTACATTGGGAGGCCAAGGTTGGTGGATCACTTGAGGTCAGGAGTTCGAGATCAGCCTGACCAACATGGTGAAACCCCATCTCTACTAAAAATACAAAAATTCGCCAGGCATGGTAGCACACTCCTGTAGTCCCAGCTACTTGGGAGGCTGAGGCAGAACTGCTTGAACCCTGGAGGTGGAGTTTGCAGTGAGCTGAGACTGTGCCACTGCACTCCAGCCTGGGTGACAGAGAGAGACTCCATCTCAAAAAAAAAAAAAAAAAAA","GCCGGGCACAGTGGCTCACTCCTGTAATCCTAGCACTTTGGGAGGCCAAGGTGGGGGGGATCACTTGAGGTCAGGAGTTCGAGACCAGCCTGGCCAACATGGTGAAACCCCATCTCTAGTAAAAACACAAAAATTAGCCAGGCATGGTGGCGCGCACCTGTAATCCCAGCTACTCAGGAGGCTGAGGCAGAAAATTGCTTGAACCCAGGAGGCAAAGGTTGCAGTGAGCTGAGATTGTGCCACTGTGCTCCAGCCTGGGTGACAGAGCAAGACTCCATCTCAAAAAAATAAAAATAAAAA"
"chr1","16102311","16102620","chr1","168595556","168595859","49","152493245","GGCTGTGTGCAGTAGCTCACGCCTGTAATCGCAGCACCTTGGGAGGCTGAGGTGAGCAGATCACTTGAGCTCATGAGTTCAAGACCAGCCTGGGCAACATGGTGAAGCCCCGTCTCTACTAAAAATACTAACATTAGCCAGGCGTGGTGCTGGCTCACGCCTGTAGTCCCAGTTAATTGGGACGCTGAGGCAGGAGAATCGCTTGAGCCTGGGAGGTGGAGGCTGCAGTGAGCCAAGATCATGCCACTGCACTACAGCCTGGGTGACAGAGTGAGATTCCATCTCAAAAACAAAGCAAAACAAAACAAAA","GGCTGGGTGAGGTGGCTCATGCCTGTAATCCCAGCACTTTGGGAGGCTGAGGTGGGCAGATCACTTGAGGTCAGGAGTTCAAGACCAGCCTAGCCAACATGGTGAAACCACATCTCTACTAAAAATACAAAAATTAGGTGAGTGTGGTGGCACATGCCTGTAATCCCAGCTATTTGGGAGGCTGAGACAGGAGAATCGCTTGAACCCGGAGGTAGAGGTTGCAGTGAGCCGAGATTGCGCCACTGCACTCCAGCCTGGGTAACAGAGTGAGACTCTATCTCAAAAAAAAAAAAAAAAAAAAAAA"
"chr1","16113648","16113934","chr7","49560480","49560768","43","33446832","GGCTGGGTGCAGTGGCACACACCTGTAATCCCAGCACTTTGGGAGGCCGAGGTGGGCAGATCGCTTGAGGTCAGGAGTTCCAGACCATCCTCGCCAACACGGTGAAACCCCATCTCTACTAAAAGTACAAAAATTAGCCGGGCGTGGTGTTGCATGCCTGTAATCCCAGCTACTGGGGAGGCTGAGGCAGGAGAATTGCTTGAGGTGGAGGTTGCAGTGAGCTGAGATCGCGCCACTGCCCTCTAGCCTCGGTAATAGAGCGAGACTCGTCTCAAAAAAAAAAAAGA","GGCAGGGCACAGTGGCTCACGCCTGTAATCCCAGCACTTTGGGAGGCCAAGGTGGGAGGATCACTTGAGGCCAGGAGTTTGAGATCAGCCTGGGCAACATGGTGAAACACCATCTCTACTAAAAATACAAAAATTAGCCAGGTGTGGTGATGCATGCCTGTAATCCCAGCTACTTGGGAGGCTGAGGCAGGAGAATCACTTGAACCTGGGAGGTTGCAGTGAGCTGAGATCATGCCACTGTACTCCAGGCTGGGCAACAGAAGGAGACTCTGTCTTAAAAAAAAAAAAA"
"chr1","16113944","16114179","chr5","95024651","95024885","36","78910707","GGCCAGGTGCGTTTTCTCATGCCTATAATCCCAGCACTTTGGGAGGCCAGGGCAGGTGGATCACTTGAGGCCAGGAGTTTGAGACCAGCCTGGCCAACATGGTGAAACCCCATCTCTACTAAAAATACAAAAATTAACCGGATGTGGTGGTGCACGCCTATAGTCCCAGCTACTCTGGAGGCTGAGGCATGAGAATCACCTGAATCCAGGAGGTGAAGGTTGCAATGAGCCAAGGT","GGCCGGGCACGGCGGCTCATGCCTGTAATCCCAGCACTTTGGGAGGCCAAGGGCGGGTGGATCACTTGAGGCCAGGAGTTGGAGACCAGCCTGGCCAACATGTCGAAATCCTATCTCTACTAAAAATACAAAAATTAGCCAGGGGTGGTGGTGCATGTCTGTAATTCCAGCTACTTGGGAGGCTGAGGCAGGAGAATCACTTGAACCTGGAAGGTGGAGGTCGCAGTGAGCCAAG"
"chr1","16121518","16121820","chr9","84995814","84996115","48","68874296","GGCTGGGTGCAGTAGCTCACGCCTGTAATCCCAAAACTTTGAGAGGCCGAGGTGGGTGGATCGCTTGAGCTCAGGAGTTTGAGATCAGCCTGGCCAAGATGGCGAAACCCCGTCTCTATCAAAAATACAAAAAATTAACCAGGCATGGTGGCACGTGCCTATGGTCCCAGCTACTCAGGAGGATGAAACGGGAGGATCGCCTGAGCCTGGGAGGTGGAGGTTGCAGTGAGCCGAGATTGTGCCACTGCACTTCAGCCTGGGCAACAGAGTGAGACCTCATCTCAAAAAATAAAAAAAAAAAAA","GGCTGGGTGCAGTGGCTCACGCCTGTAATCCCAGCACTTTGGAAGGCCGAGGCAGGTGGATCACTTGAGCTCAGGAGTTTGAGATTAGCCTGGGCAACATGGTGAAACCCCATCTCTACTAAAAATACAAAAATTAGCCAGGCATGGTGGCGTGTGCCTGTGGCCCCAGCTACTTGGAAGGCTGAGGTGGGAGGATTACTGGAGCTTGGGAGGCGGAGGTTGCAGTGAGCCGAGATCGCACCACTGCACTCCAGCTCGGGATACAGAGTGAGACCCCATCTTAGAAAAATAAATAAATAAAA"
"chr1","16157507","16157808","chr4","106715273","106715572","48","90557766","GACTGGGCAGGGTGGCTCAGGCCTGTAATTCCAGCACTTTGGGAGGCCGAGGCAGGCAGATCATTTGAGGTCAGGAGCTCCAGACATGCCTGGCCAACATGGTGAAACCCCGTCTCTACTAAAAATACAAAAAAATTAGCTGGGCGTGGTGCCACTCACCTGTAATCCCATCTACTAAGGAGGCTAAGGCAGGAGAATCACTTGAACCCCAGAGGCAGAGATTGCAGTGAGCCGAGATTGCGCCACTCACTGCACTCCAGCCTGGGCCAGCAAGACTCTGTCTCAAAAAAAAAAAGAAAAAA","GGCTGGGCATGGTGGCTCACACCTATAATCTCAGCATTTTAGGAGGCCAAGGCAGGCAGATCACTTGAGGTCAGGAGTTGAAGACTAGCCTGGCCAACATGGTGAAACCCCATCTCTACTAAAAATAGAAAAATTAGCTTGGTGTGGTGGCGCACACCTGTAATCCTAGCTACTGGGGAGGCTAAGGCAGGAGAATCACTTGAACCTGGGAGGCAGAGATTGCAATGAGCCATGTCGCACCACTGCACTCCATCCTGGACAACAGAGCAAGACTCCTGTCTCAAAAAAAAAAAAAAAAAA"
"chr1","16158521","16158812","chr5","96131874","96132165","39","79973353","GGCCAGGCGCGGTGGCTCACGCCTGTAATCCCAGCACTTTGGGAGGCCGAGGCAGATAGATCACTTGAGGTCAGGAGTTTGAGACCAAGCTTGTCATCATGGTGAAACCCCGTCTCTACTAAAAATACAAAAATTAGCCGGGCGTGGTGGCGCATGCCCGTAATCCCAGCTGCTCGAGTTGGAGGCAGGAAAGTCGCTTGAACCCAGGAGGTGGAGGTTGCAGTGAGCCGAGACCGCGGCACTGCACTCCAGCCTGGGTGACAGAGCGAGAGCCAAAAACAAAAAAAGAAAA","GGCCGGGCGTGGTGGCTCACACCTGTAATCCCAGCACTTTGAGAGGCCGAGGCGGGTGGATTACTTGAGGTCAGGAGTTTGAGACCAGCCTGGCTATCATGGTGAAACCCTGTCTCTACTGAAAAATACAAAAATTAGCTGGGCGTGGTGGCATGCGCCTGTAATCCCAGCTACTTGAGGTGGAAGCAGGAAAATCGCTTGAATCCAGGAGGCAGAAATTGCAGTGAGCCAAGATTGTGCCACTGCACTCCAGCCTGGGTGACAGAGCAAGAGTCAAAAAAAAAAAAAAGAA"
"chr1","16160785","16161080","chr1","186704593","186704886","40","170543808","GGCTGGGCGTGCTGGCTCACGCCTGTAATCCCAGCACTTTGGGAGGCCGAGGTGGGAGGATCACTTGAGGTCAGAGGTTCAAGACCAGCCTGGCCAACGTGGTGAAACCCCATCTCCACTAAAAAATACAAAAATGAACTGTGCATGGTGGTGTGTGCCTGTAATCCCAGCAACTAGGGAAGCTGAGGCAGGAGAATCCCTTGAACCCGGGAGGTGGAGGTTGCAGTGAGCCGAGGTTGCGCCACTGCATTCCAGCCTCGGTGACAGAGCAAGACTCCGTCTAAAAAAAAAGGAAA","GGCTGGGCATGGTGGCTCACACCTGTAATCCCGGCACTTTGGGAGGCTGAGGTGGGTGGATCACTTGAGGTCAGGAGTTCAAGACCAGCCTGGCCATCATGGTGAAACCCGATCTCTACTAAAAATACAAAAATTAGCTGAGCATGGTGGCGTGTGACTGTAGTCCCAGCTACTCGGGAGGCTGAGGCAGGAGAATTGCTTGAACCCAGGAGGCAGAGGTTGTAGTGAGCTGAGATCGTGCCACTGCACTCCAGCTTGGTGACAGAGCAAGACTCCGTCACAAAAATAAATAAA"
"chr1","16169763","16170053","chr4","38209077","38209362","39","22039314","GGCCCGGCATAGTGGCTCATGCTTGAAATCCCAGCACTTTGGGAGGCCGAGGCGGGCAGATCATTTGGGGTCAGGAGTTCGAGACCAGCCTGGCCAAAATGGCGAAAACTCATCTCTACTAAAAATACAAAAATCAGCTGGGCATGGTGGCGCATGCCTGTAATCTCAGCTACTCAGGAGGCTGAGGCAGGAGAATCACTTGAACCCAGGAGATGAAGGTTGCAGTGGGCTGAGATCATGCCACTGCACGCTAGCCTGGGCGACAGAGTGACACTCTGTCTCAAAAAAAAA","GGCCGGGCATGGTGGCTCATGCCTGTAATCCCAGCACTTTGGGAGGCCAAGGCAAGCAGATCATGTGAGCTCAGGAGTTTGAGACCAGCCTGGCCAACATGGAGAAACCCCGCCTCTACTAAAAATACAAATATTAGCTGGGTGTGGTGGCGCATGCCTGTAATCCCAGCTACTCAGGAGGCTGAGGCAGGAGAATCACTTGAATATGGGAGGTGGAGGTTGCAGTGAGCTGAGATCGCACCACTGCACTCTAGCCTGGGCGACAGAGTGAGACTCTGTCTCAAAA"
"chr1","16180148","16180451","chr15","24649508","24649805","41","8469360","GGCCGGACATGGTGGCTCACACCTATAATCCCAGCACTTTGGGAGGCTGAGGCAGGCAGATCACTTGAGGTCAGGAGTTCGAGACCAGCCTGGCCAACATGGTGAAACCCCGTCTCTACTAAAAATACAAAAATTAGTCAGGCGTGGTGCTGCACACCGTGGTGCAGCTACTCGGGAGGGTAAGGCAGGAGAATCACTTGAGCCCGGGAGGTGGAGGTTGCAGTGAGCCGAGATTGTGCCATTGCACTCTAGACTGGGTGGGTGACAGAGTGAGACTCCATCTCAAAAAAAAAAAAAAAAAAGA","GGCCAGGCATGGTGGCTCACACCTATAATCCCAGCACTTTGGGAGGCTGAGGCAGGAGGATCACTTGAGGTCAGGAGTTCAAGATCAGCCTGGCCAACATGGTGAAACCCCAACTCTACTAAAAATACAAAAATTAGTCGGGCGTGGTGGCATGCACCTGTAGTCCTAGCTACTTGGGAGGCTGAGGCAAGAGAATCACTTGAACCTGGGAGGTGGAGGTTGCAGTGAGCCGAGACTGTGTCATTGCACTCCAGCCTGAAAGACAGAGCAAGACTCTGTCTCAAAAAAAAAAAAAAAA"
"chr1","16188291","16188598","chr1","138704511","138704815","51","122516220","GGCCGGGCGTGGTGACTCATGCCTGTAACACCAGCACTTTGGGAGGCCGAGGTAGGAGGACTGCTTGAGCTCAGGAGTTTGAGACCAGCCCGGGCAAATGGTGAAACCCCACCTCCACTAAAAATACAAAAAATAGCCAAGCATGTTGGCACATGCCTGTAATTCCAGCTACTCAGGAGGCCGAGACTTGAGAATCGCTTGAACCCAGGAGGTGGAGATTGCAGTGAGCCTAGATCACACCACTGCACTCCAGCCTGGGCGACAGAATGAGACTCTGTCAAAAACAAAACAAACAACAACAACAACAA","GGCCGAGTGTGGTGGCTCATGCCTGGAATCCCAGCACTTTGGGAGGCTGAGGCAGGTGGATCTCTTGAGGTCAGGAGTTCAAGACTAGCCTGGCCAACATGGCAAAACCCCATCTCTACTAAAAATACAAAAATTAGCCAGGCCTGCTGGCATGTGCCTGTAATCCCAGCTATTTGGGAGGCTGAGGCGAGAGAATCGCTTGAACCTAGTAGGCGGAGGTTGCAGTGAGCCAAGATCACACCACTGCACTCCAGCCTGGGCGACAGAGTGAGAATCCATCTCAAAACAAACAACAACAACAAAAA"
"chr1","16213776","16214060","chr5","38801240","38801522","44","22587464","GACTGGGTGCGGTGGCTCACGTCTATAATCCCAGCACTTCGGGAGGTTGAGGCGGGTGGATCACTTAAGGTCAGGAGTTCAAAAACCAGCCTGGCCAACATGGTGAAACCCTGTCTTGACTAGAAACAAAAAAAATTAGTAGGGTGTGGTGGCATGCGCCTGTAATCCCAGCTACTGGGGAGGCTGAGGCAGAAGAATTGCTTGAACCTGGGAGGCAAAGGTTGCGGTGAGCTGAGATCCCACCACTTGCTCCAGCCTGGGTGACAGAGCAAGACTCCATCTTAA","GGCTGGGTGCGGTGGCTCATGCCTGTAATTCCAGCACTTTGGGAGGTCAACGCAGGTGGACCACTTGAGGTCAGGAGTTCAAGACCAGCCTGGCCAACATGGTGAAACCCTGTCTCTACTAAAAATATAAAAATTAGTTGGGTACATGGCACATGCCTGTAATCCCAGCTACTCAAGAGGCTGAGGCAGGAGAATCACTTGAACCTGGGAGGCAGAAGTTGCAGTGAGCTGAGATCACACCATTGTACTCCAGCCTGGGTGACAGAGTGAGACTCCATCTCAA"
"chr1","16220526","16220675","chr1","174801627","174801776","15","158581101","GGCCAGGCACGGTGGCTCACACCTGTAATCCCAGCACTTTGGGAGGCTGAGATGGGTGGATCACTTGAGGTCAGGAGTTTGAGACCAGCCTGACCAACATGGTGAAACCCCATTTCTACTAAAAATACAAAAATTAGGCGGGTGTGGTGG","GGCCAGGCTCAATGACTCACACCTGTAATCCCAGCACTTTGGGAGGCTGAGGCAGGTGGATCACTTGAAGTCAGGAGTTCAAGACCATCCTGTCCAACATGGTGAAACCCCATCTCTACTAAAAGTACAAAAATTAGACGGGTGTGGTGG"
"chr1","16222277","16222591","chrX","124381299","124381609","51","108159022","GCCAGGCACAGTGGCTCATGCCTGTAATTCCAGAACTTTGAGAGGCTGAGGAGGGTGGATCATTTGAGGTCAGGAGTTCAAGACCAGCTTGGCCAACATAGGGAAACCCCATGTCTACTAAAAATACAAAAATTATCTGGGTGTGGTAGTGCACACCTGTAATCCCAGCTACTCGAGAGGCTGAGGCACGAGAATTGTTTGAATCTGGGAGGAGGAGGTTGTAATGTGCCAAGATCGTGCCACTGCACTCCAGCCTGGGGGACAGAGTGAAACTGTCTCAAAAAAAAAAAAAAAAAAGAAAAAGAAAAAAAAAAA","GGCCAGACACGGTGGCTCACACCTGTAATCCCAGCACTTTGGGAGGCTGAGGTGGGTGGATCACTTGAGGTCAGGAGTTCGAAAGCAGCCTGGTCAACATGGTGAAACCCTATCTCTACTAAAACTACAAAAATTAGCCAGCTGTGGTGGTGCACGCCTGTAATTCCAGCTACTCGGGGGCTGAGGCAAGAGAATTGTTTGAACCCAGGAGGTGGAGGTTGCAGTGAGCCAAGATCATGCCACTACACTCCAGCGTGGGTGACAGAGTGAGACTCCGTCTCAAAAAAAACAAAAAAAAAAAAAAAAAAAAA"
"chr1","16245319","16245613","chr5","94234310","94234606","42","77988991","GGCTGGGCATGGTGGCTCACGCCCGTAATCCCAATACTTTGGGAGCCCAAGGCAGGTGGATCCCTTGAGGTCAGGAGTTCAAGACCAGCCTGACCAACATGGCAAAACCCCTTCTCTACTACAGATACAAAAATTAGCCAGGCATGGTGGTGCACGCCTGTAATCCTAGCTACTCAGGAGGCTGAGGCAGGAGAATCACTTGAACCCAGGTGGAGGCTGCATTGAGCCAAGATTGCACCACTGCACTCCAGCCTGGGCAACAAAGCGAGACTCCATCTCCCAACAAATAAATAAA","GGCCAGGCGTGGTGGCTCACACCTGTAATCCCAGCACTTTGGGAGGCTGAGGTGGGTGGATCACTTGAGGTCAGGAGTTCGAAACCAGCCTGTCCAACATGGCAAAACCCCGTCTCTACTAAAAATACAAAATTAGCCAGGCATGGTGGTGCATGCCTGTAATCCCAGCTACTCAGGAGGCTGAGGCAGGAGAATCGCTTGAACCTGGGAGGCGGAGGTTGTAGTGAGCCAAGATTGTGCCACTGCACTCCAGCCTGGGCGACAAGAGCAAAACTCCATCTCAAAAAAAAAAAAAAA"
"chr1","16259483","16259795","chr9","54183120","54183430","46","37923637","GCCAGGCGCAGTGGCTCACACCTGTAATCCCAGCACTTTGGGAAGCCAAGGCAGGCAGATCACTTAAGGTCAGGAGTTTCAGACCAGTCTGGCCAACATGGTGAGATCCTGTCTCTATTAAAAATATTAAAAAATTAGCCAGGCATGGTAGCCCACGCCTGTAATTCCAGCTACTCAGGAGGCTGAGGCACAAGAATTGCTTGAAACTAGGAGGTGGAGGTTGCAGTGAGCCGAGATTGAGCCACTGCACTCTGGCCTGAGTGAAAGAGCAAGACTCTGTCTCAAAAAAAAAAAAAAAGAAAGAAAGAAAAAA","GCCTGGTGCAATGGCTCATGCCTGTAATCCCAACACTTTGGGAGGCCAAGGCAGGCAGATCACTTGAGGTCAGGAGTTTGAGACCAGCCTGGCCAGCATGGTGAAATCCTATCTCTACTAAAAATACAAATATTAGTCAGGCATAGTGGTGCATGCCTGTAATTCCAGCTATTTGGGAGGCTGAGGCAGAAGAATTGCTTAAATCCAGGAGGTGGAGGTTGCAGTGAGCTGAGACTGTGCCATTGCACTCCAGCCTAGGTGACAGAGGGAGACTCTGTCTCAAAAAAAAAAAAAAAAAAAGGAAAGGAAAA"
"chr1","16277443","16277747","chr3","84624674","84624979","44","68347231","GGCTGGGCATGGTGGCTAATGCTTGTAATCCCAGCATTTTGGGGGGCCGAGGCAAGCGGATCACTTGAGCTCAGAAGTTTGAGACCAGCCTGGCCAACACGGTGAAACCCTATCTCTACTAAAAATACAAAAACTAGCCGGGCGTGGTGGTATGCACCTGTAATCCCAGCTACTCAGGAGGCTGAGGCAGAAGAATTGCTTGAATCCAGGAGGCGGAGGTTGCAATGAGCCGAAATTCGCCACTGCACTCCAGGCCGGGTGACAGAGCGAGATTCTGTCTCAAAAAAAAAAAAAAAATTAAAAAA","GGCTGGGCTTCGTGGCTCATGCCTGTAATCCCAGCATTTTGGAAGGCCAAGGCAGGAGGATCACTTGAGATCAGGAGTTTGAGACCAGCCTGGCCAACATGGTGAAACCCCATCTCTATTAAAAATACAAAAATTAGCTTGGCGTGGTGGCACAGGCCTGTAATCCCAGCTACTCGGGAGGCGGAGGCAGGAGAATTGTTTGAACCCAGGAGGCAGAGGTTGCAGTGAGCCGATATTGCGCCACTGCACTCCAGCCTGGGCAACAGAGTGAGAATCCATCTAAAAAAAAGAAAAAGAAAAAAAAAA"
"chr1","16281649","16281999","chr11","28420742","28421070","74","12139093","GGCCAGGCATGGTGGCTCACACCTGTAATCCCAGCACTTTGGGAGTCGAGGATCACTTGAGGTCAAGTGACTTCACTTGGTGGATCACTTGAGGTCAGGAGGATCACTTGAGGTCAAGAGTTTGAGAACAGCCTGGCCAGCATGTGAAACCCTGTCTCTAATAAAAAATACAAAAATCAGCTGAATGTGGTGATGTGCGCCTGTAATCCCAGCTTCTCAGGAGGCTGAGGCAGGAGAATCGCTTGAACCCGGGAGGTGGAGGTTACAGTGAGCCAAGATTGCCACTGCACTCCAGCCTGGGCAGCAGAGTGAGACTCCGTCTCAAAAAAAAAAAAGAAAGAAAAAGAAAAA","GGCTGGGCATAGTGGCTCACATCTGTAATCCCAGCACTTCAGGAGGTCGGGATTACACTTTGGGAAGCTGAGGTAGGTGAATCACTTGAGGTCAGGAGTTTGAGACCAGCCTGGACAGCATAATGAAACCCTACCTCCACTAAAAAATACAAAAATTAGCTGGGCATAGTGGTGCACACCTGTAATCCCAGCTACTAGGGAGGCTGAGGTAGGAGAATCACTTGAACCCAAGTGGCAGGTTGCAGTGAGCCAAGATCGAGCCACTGCACTCCAGCCTGGGCAACAGAGGGAGACTACATCTTAAAAAAAAAAAAAAAAAAATAGAAAAA"
"chr1","16288676","16288974","chr10","14603732","14604030","47","1684944","GGCCGGGCGCAGTGGCTCATGCCTGTAATCCCAGCACTTTGGGAGGCCAAGGTGGGCGGATCACTTGAGGTCAAGGGTTCCAGACCAGCCTGGGCAGTATGGTGAAACTCCACCTCTACTAAATATACAAAAATTAGCCTGGTGTGGTGGCACACTGCTGTAATCCCAGCTGCCTGGGAGGCTGAAACACAAGAATTGCTTGAACCCGGGAGGCAGAGGCTGTAGTGAGCTGAGATTGCACCATCATACTCCAGCCTGGGTGATAGAGTGAGACTATGTCTCAAAAAAAAAAAAAAAAA","GGCCGGATGCGGTAGCTCACGCCTATAATCCCAGCACTTTGGGAGGCCGAGGAGGGTGGATCACTTGAGGTCAGGAGTTTGAGACGAGCTTGGCCAACATGGTGAAACCCCATCTCTACTAAAAATACAAAAATTAGCCGGGCGTGATGGCACATGCCTGTAGTCCCAGCTACTTGGGAGACTGAGGCAAGAGAATTGTTTGAACCCGGGAGGCAGAGGTTGCAGTGAGCTGAGATCACGCCACTGCACTCCAGCCTGGGTGACAGAGTGAGACTCCGTCTCAAAAAAAAAAAAAAAAA"
"chr1","16297944","16298243","chr4","156698023","156698319","37","140400079","GGCTGGGCACAGTGGCTCATGCCTGTAATCCCAGCACTTTGGGAGGCTGAGGCGGGTGGATCACTTGAGGTCAGGAGTTCGAGTCCAGCCTGGCAAACATGGTGAAACCCCTCTCTACTAAAAATACAAAAATTGGTCTGGCATGGTGGCATGCACCTGTAACTCCCAGCTACTGGGGAGGCTGAGGCAGTAGAATCGCTCGAACCCGGGAGGTGGAGGTTGCAGCGAGCTGAGATTGCGCCACTGCACCCCAGCCTGGGCGATAGAGCAAGACTCTGTCTCAAAAAACAAAAACAAAAA","GGCTGGGTGTGGTGGCTCATACCTGTAATCCCAGCGCTTTTGGAGGCTGAGGTGGGTGGATCACTTGAGGTCAGGAGTTCTAGACCAGCCTGGCCAACATGGTGAAATCCCATCTCTACTAAAAATACAAAAATTAGCTGGGCATGGTGGCAAGCACCTATAATCCCAGCTACTTGGGAGGCTCAGGCAGAAGAATCGCTTGAACCCAGGAGGTGGAGGTTGCAGTGAGCCTAGATTATGCCACTGCACTCCAGCCTGGGTGACAGAGCAAGACTCCATCTCAAAAAAAAAAAAAAA"
"chr1","16300894","16301198","chr10","127954939","127955242","38","111654045","GGCCAGGTGCAGAGGCTCACCCCTGTAATCCCAACACTTTGGGAGGCCAAGGCAGGTGGATCACTTCAGGCCAGGAGTTGGAGACCAGCCTGGCCAACATCGTGAAACCCTATCTCCACTAAACATACAAAAATTAGCTGGGCGTGGTGGGCGCACGCCTGTAATCCAGCTACTCGGGAGGCTGAGGCAGGAGAATCGCTTGAACCTGGGAGGCAGAGGTTGCAGTGAGCCAAGATTATGCCACTGCACTCTAGCCTGGGTGACAGAACAACACTCTGTCTCAAAAAAAAAAAAAAAAAAAAAAA","GGCCAGGCGCAGTGGCTCACACCTGTAATCCCAGCACTTTGGAAGGCCAAGGCAGGTAGATAACTTGAGGTCAGGAGTTCGAGACCAGCCTGGTCAACATGGTGAAACCCCATCTCTACTAAAAATATGAAAATTAGCTGGGCATGGTGGCACACGCCTATAATCCCAGTTACTCAGGAGGCTGAGGGAGGAGAATCGGTTGAGCCTGGGAGGCAGAGGTTGCAGTGAGCTGAGATCATGCCACTGTATTCCAGCCTGGGCAACAGAGCAAGACTCTGTCTAAAAAAAAAAAAAAAAAAAAAAA"
"chr1","16308741","16309042","chr7","50609063","50609357","40","34300322","GGCCTGGCATGGTGGCTCACGCCTGTAATCCCAGCATTTTGGGAGGCCGAGGTGGGCGGATCACTTGAGATCAGGAGTTTGAGACCAGCTTGGCCAACATGGTGAAACCCCGTCTCTACTAAAAATGCAAAATTAGCTAGGCATGGTGGCACATGCCTGTAATCTCAGCTACTTGGGAACCTGAGGCAGGGAAATCATTTGAACCTGGGAGGTGGAGGTTGCAGTCAGCTGACATTGCACCACGCACTCCAGCCTGGGCAGCAGAGTGAGACTCCTTCTCAAAAAAAAAAAAAAAAAAAAAA","GGCCAGGCATGATGGCTCATGCCTGTAATCCCAGCATTTTGGGAGGCCGAGGTGGGCAGATCAGTTCAGATCAGGAATTTGAGAACAGGCTACCCAACATGGTAAAACTCCATCTCTACTAAAAATGTAAAATTAGCTGGGCGTTATGGCACATGCCTATAATCCCAGCTACTTGGGAACCTGAGGCAGGAGAATCATTTGAACCTAGGTGGTGAAGGTTGCAGTAAGCTGACATTGCACCACTGCACTCCAGCCTGGGCAACAGAATGAGACTCCTTCTCAAAATAAAAAAAAA"
"chr1","16309763","16309913","chr13","27991512","27991647","32","11681749","GGCCGGGTGCAGTGGCTCACACCTGTAATCCGAGCATTTTGGGAGGCCGAGGTGGGTGATCACTTGAAGTCAGGAGTTTGAGACCAGCCTGGTCAACATGGTAAAACCTACTCTACTAAAAAAGGTTTTGTTCTTACTAAAAACAAAAATT","GGCCGGGGGTGGTGGCTCACGCCTGTAATCCCAGCACTTTGGGAGGCTGAGGTGGGTGGATCACTTGAGGTCAGGAGTTCAAGACCAGCCTGGCCAACATGGTGAAACCCCATTTTTATTTAAAAAAAAAAAAATT"
"chr1","16310212","16310381","chr4","34157283","34157451","32","17847071","TTAGCCGGGCGTAGTAGCATGCACCTGTAATCCCAGCTACTTGGGAGGTGGAAGCAGGAGAATTCCTTGAACCCAGGAGGTGGAGGTTGCAATGAGCTGAGACTGCGCCACTGAACTCCAGCCTGGGTGATGGAGTGAGGTTCCATCTGAAAAAAAAAAAGAAAAACAAA","ATTAGCTGGGCATGGTGGCATGCACCTGTAATCCCAACTACTTGAGAGGCTGAGGCAGGAGAATCGCTTGAATCTAGCGGGTGGAGGTTGCAGTGAGCTGAGATCGCACCACTGCACTCCAGCCTGGGAGACAGAGTAAGACTCCATCTCAATTAAAAAAAAAAAAAAA"
"chr1","16310713","16310993","chr5","134387174","134387424","64","118076461","GGCCAGGCGCGGTGGCTCACGTCTGTAATCCTAGCACTTTGGGCAGGTGCTCAAATAAATTAAATATTATTTATTTATTTATTTGGTGGATCACTTGACATCAGGAGTTCAAGACCAGCCTGGCCAACACAGTGAAACCCTGTCTCTGCTAAAAATACAAAAATTGCCAGGAAATTGCTTGAACCCAGAAGGTGGAGGTTGCAGTGAGCCAATATTGTGCCACTGCACTCCAGCCTGGGCAACAGAGCCGGACTCCATCTCAAAACAAACAAACAAACAAA","GGCTGGGCGTGTTGGCTCACACCTGTAATCCTAGCACTTTGGGAGGCCTAGGTAGGTGGACCACTTGAGGTCAGGAGTTTAAGACCAGCCTGGCCAACATGGTGAAACCCTGTCTCTACTAAAAATACAAAAATTAGCCAGAAATCGCTTGAACCTAGGAGGTGGAGGTTGCAGTGAGGCAAGATAATTCCACTGCACCCCAGCCTACGAAACAGAGCAAGACTCCATCTCAAAAAAATAAACAAAACAAA"
"chr1","16320727","16320818","chr4","159590003","159590096","14","143269276","AGGCTGGGCACGGTGGATTACTTGAGGTCGGGAGTTTGAGACCAGCCTGGCTAACATGGTGAAACCCTGTTTCTACCAAAAATACAAAAATT","GGAGGCCGAGGCAGGAGGATCACTTGAAGCCAGGAGTTTGAGACCAGCCTGGCTAACATGGTGAAACCCATTCTCTACTAAAAATACAAAAATT"
"chr1","16323515","16323821","chr1","184817871","184818171","45","168494356","GGCCGGGCGCAGTGGCTCACGCCTGTAATCCCAGCACTTTGGGAGGCTGAGGTGCGCGGATCTTTTGAGGTCAGGAGTTCGAGACCAGCCTGGCCAATATGGTGAGACCCCTACTAAAAACAAAAATTAGCCAGGCGTGGTGGTGTGCACCTGTAATCCCAGCTACTTAGGAGGCTGAGGCAGGAGAATCCCTTGAACCCAGGAGGCGGAGATTGCAGTGAGCCGAGATCGTACCACTGCACTCCAAGGTGGGTGAGGTGACAAAGCAAGACTCTGTCTCAAAAAAAAAAAAAAAAAAAAAAAAGAA","GGCCGGGTGCAGTGGCTCACGCCTATAATCCCAGCACTTTGGGAGGCCGAGGTGGGAGGATCACTTGAGGTCAGGAGTTTGAGACCAGCCTGGCCAACATGGTGAAACCCCATCTCTACAAAAAAAAAAATAGCCGGGTGTGGTGGTGTGCACCTGTAGTCCCAGCTACTTGGGAGGCTGAGGCAGGAGAATTGCTTGAACCAGAGAGGTGGAGGTTGCAGTGAGCCGAGATCGTGCCACTGCACTCCAGCCTGGGTGACAGAGCAAGAGTCCGTCTCAAAAATAAAATAAAATAAAATAA"
"chr1","16327704","16328000","chr6","17068239","17068542","42","740535","GGCTGGGCAAAGTGGGTCACACACGTAATCCCAGCACTTTGGGAGACCAAGGTGGGCGGATCACTTGAGGTCAGGAGTTTGAGACCAGCCTGGCCAACATGGTGAAACCCAGTCTCTACTAAAATACGAAAATTAGCTGGGTGTGGTGGTGTGTGCCTGTAGTCCCAGCTACTTGGGAGGCAGAGGTGAGAGAATCGCTTGAACCTGGAGGCAGAGGTTGCAGTGAGCAGAGATTGCACCATTGCACTCCAGCCTGGGCAACAGAGCGAGACTCCGTCTTAAAAAACAAAACAAAAA","GGCTGGACGCAGTGGCTCATGCCTGTAATCCCAGCACTTTGGGAGGCCAAGGTGGGTGGATCACTTGAGGTCAGGAGTTCGAGACCAGCCTGGCCAACATGGTGAAACCCTGTCTCTACTAAAAATACAAAAATGAGCTGGGCATGCTGGTACACATCTGTAATCCCAGCTACTTGGGAGGCTGAGGCAAGAGAATCGCTTGAACCCAGGAGGCAGAGGTTGCAGTGAGCCGAGATTGCACCACTGCACTCCAGCCTGGGCAACAGAGCAAGACTCTGTCTCAAAAAAAAAAAAAAAAAGAAAA"
"chr1","16332536","16332840","chr3","108570361","108570666","45","92237825","GGCCAGGCGCAGTGGCTCACACTTGTAATCCCAGCACTTTGGGAGGCCGAGGCAGGCATATGACTTGAGGTCGGGAGTTCAAGACCAGCCTGACCAACATGGTGAAACTGTATCTCTACTAAAAATACAAAAATTAGCTGGGCATGGTGGCACATGTCTGTAATCCCAGCTGTTCAGCAGCTTGAGGCAGGAGAATCACTTGAACTCTGGAGACGGGGGTTGCAGTGAGCTGAGGTTGTGCCACTGCACTCCAGCCCTGAGTGACAGAACAACTCCGTCTCAAAAAAAAAAAAAAGGAAAAGAAA","GGCCGGGTGCAGTGGCTCACGCCTGTAATCCCAACACTTTGGGAGGCTGAGGCAGGTGGATCACTTGAGGTCAGGAGTTCAAGACCAGCCTGGCCAACATGGTGAAACTGTCTCTACTAAAAACAGAAAAATTAGCTGGGCATGGTGGTGCATGCCTGTAATCCCAGCTATTTGGGAGGCTGAGGCAGGAGAATTACTTCAACCCGGGAGGTGGAGGTTGCAGTGAGCTGAGATTGTGCCACTGCTCTCTAGCCTGGGTGAAAGAGCGAGACTCCATCTCAAAAAAAGAAAAGAAAAGAAAAGAAA"
"chr1","16336350","16336655","chr12","20572358","20572667","45","4236008","GCTAGGGACAGTGGCTCATGCCTGTAATCCCAGCACTTTGGGAGGCCGAGGCAGGTGGATTGCTTGAGGTCAGGAGTTCAAGACCAGCCTGGCCAACATGGTGAAACCCCTCTCCCCTAAAAATACAAAACTTAGCCAGGCGTGATGGTGTCTGCCTGTAATCCCAGCTACTCAGGAGGCTGAGGCAAAGAGCTGCTTTAACCCAGGAGGTGGAGGTTGCAATGAGCCAAGATCACGCCACTGCTCCCCAGCCTGGGTGACAGAGCTAGACTACATCTCAAAAAAAAAACAAAAACAAACAAAAAA","GGCTGGGTGCAGTAGCTCATGCCTGTAATCCCAGCACCTTGTGAGGCTGAGGCAGGTGGATCACTTGAGGTCAGGAGTTCGAGACCAGCCTGGCCAACATGGTGAAACCCCATCTTTACTAAAAATACAAAAATTAGCCAGGTGGGGTGGTGTACACCTATAATCCCAGCTACTCAGGAGGCTGAAGCATGATAATTGCTTGAACCCAGGAGGCAGAGGTTGCAGCGAGCCAAGATCAAGCCACTGCACTCCAGGCTGGGTGACAGAGCGAGACTCCATCTCAAAAAAAGAAAAAAAAAAAAAAAAGAAA"
"chr1","16346754","16347044","chr2","15944306","15944594","43","402448","GGCCGGGTGCGGTGGCTCATGCCTATAATCCCAGCACTGTGGGAGGCTGAGGTGGGTGGATCACTTGAGGTCAGGAGTTCAAGACCAGCTTGGCCAACATGGTGAAACCCCATCTCTACTACTAAAAATACAAAAATTAGTGTGTGCCTGTAATCCCAGTTACCTAGGAGGCTGAGCCAGGAGAATCACTTGAACCCAGGAGGCAGAGGTTGCAGTGAGTTGATGTCCCTCCACTGCCCTCCAGCCTGGGCGACAGAGTGAGACTCTGTCTCAGAAAAAAAAAAAAAAAAA","GGTCAGGCATGGTGGCTCACACCTATAATCCCCGCACTTTGGGAGGCTGAGGTGGGCGGATCATTTGAGATCAGGAGTTCAAAACCACCCTGGCCACGATGGTGAAACCCCGTCTCTACTAAAAATACAAAAATTAGCTGGGGCGCCTGTAATCCCAGCTCCTCGGGAGGCGGAGGCAGGAGAATCACTTGAACCCAGGAGGCAGAGGGTGCAGTGAGCTGAGATTGCACCACTGCACTCCAGACTGGGGACAGAGTGAGACTCTGTCTCAAAAAAAAAAAAAAAGAAA"
"chr1","16347240","16347514","chr9","75309029","75309307","43","58961789","GCACAGTAGCTCATGCCTGTAATCCTAGCACTTTGGGAGGCTGAGGCAGGTGGATCACTTGAAGACAGGAGTTCGAGAGTAGCCTGGCCAACATGGTGAAACCCCGTGTCTACTAAAAATACAAAATTAGCCAGGCATGGTGGTGTGCACCTGTAATACCAGTTACTCAGGAGGCTGAGGCAGGAGAATCACTTGAACCCAGAAGCAAAGGTTGCAGTGAGCCAAGATGGCGCCACTGCCCTCCAGCCTAGGCAACAGAGAGAGACTTCCTCTCA","GCCAGGCCTGGTAGCTCACACCTGTAATCATAGCACTTTGGGAGGCTGAGGTGGGCAGATCACTTGAGGTCAGGAGTTCAAGATCAGCCTGGCCAACATGGTGAAACCCCATCTCTACTAAAAATACAAAATTAGCCAGGCATGGTGGTACATACCTGTAATCCCAGCTACTCAGGAGGCTGAGGCAGGAGAATGACTTGAACCCAGGAACGGAGGTTGCAGTGAGCCTAGATGGTGCCACTGTACTCCAGCCTGGGTAACAGAGTGAAACTGTGTCTC"
"chr1","16350465","16350757","chrX","140448051","140448339","66","124097586","GGCTGGGCACGGTGGCTCAAGCCTGGGGTGGGGCAGGGTATCGCTTGAGACCAGGAGTTTGAGATCAGCCTGGGCAACATCGGTGAAACCCCGTCTCTACTAAAATTACAAAAAAAAAAAAAAAAAAAAAAAAATTAGCGGGCGTGGTGGCGCACACCTGTAATCCCAGCTACTCAGGAAGCTGAGGCAGGAGAATCGCTTAAACCCAGGGGATGGAGATTGCAGAGAGCCGAGACTGTGCTACTGCACTCCAGCCTGGATGACAGAGTGAGAAACTGCAAAAAAAAAAAAAA","GGCCGAGCACAGTGGCTCACACCTGTAATCTCAGATCACTTCAGCCCAAGTGTTTGAGACCAGCCTGGGCAACATAGTGAAACTGTCTCTACTACAAATACAAAAAAAAAAAAAAAAAAAAAAAAATGAGCTGGGTGCGGTGGCACACACCTGTAATCCCAGCTACTCAGGAGGCTGAGGCAGGAAAATCCCTTGAACCCAGGAGGCGGAGGCTGCGGTGAACCAAAATAGCGACACTGTACTCTAGCCTGGGCTACAGAGTAAAACTGAGTCTCAAAAAAAACAAGAA"
"chr1","16365297","16365592","chrX","86580996","86581293","38","70215699","GCCAGGCGCGGTGGCTCACGCCTATAATCCCAACACTGTGGGAGGCTGAGGTGGGCGAATCAGTTGAGGTCAGGAGTTCAAGACTAGCCTGGTCAACATGGTGAAACCCCATCTCTACTAAAGATACAAAAATTAGCCGGATGTGGTGGCAAGCACCTGTAATCCCAGCTACTTGGGAAGCTGAGGCAGGAGAGTTGCTTGAACCCAGGAGGCAGAGGTTGCAGTGAGCCAAGATTGCGCCATTGCACTCCAGCCTGGGCAACAAAGCGAGACTCTGTCTCAAAAAAAAAAAAAAA","GCTGGGCGTGGTGGCTCACACCTATAATCCCAGCACTTTGGGAGACTGAGGTAGGTGGATCATTTGAGGTCAGGAGTTTGACACCAGCCTGGCCAATGTGGTAAAACCCCGCCTCTACTAAAAATACAAAAATTAGCCAGGTGTGGTGGCATGCACCTGTAATCCCAGCTACTCAGGAGGCTGAGGTAGGAGAATCACTTGAACCCAGGAGGCAGAGGTTGCAGTGAGCCGAGATTGCACCATTGCACTCCAGCCTGGGCAACAGAGCCAGACTCTGTCTCAAAAAAAAAAAAAAAAA"
"chr1","16380310","16380466","chr18","38568747","38568911","34","22188437","GCCAGGCATGGTGGCACATGCTTGTAATTCCAGCTGCTTGGGAGGCTGAGGCAGGAGGATTGCTTGAACCTGGGAGGATCTCAGCAGTGAGCTGAGATCATGCCACTGCACTCCAGCCTGGGAGACAGGGTGAGACTCCAGCTCAAAAATAAATAAA","GCCTGACATGGTGGCACACACTTGTAATCCCAACTACTTGGGAGGCTGAGGCAGGAGAATTGCTTGAACCTGGGAGGCAGAGGTTGCAGCGAGCTGTCATTGTGCCACTGCACTCCAGCCTGGGTGACAGGCAAGACTCCATCTCAAAACAAAGAAACAGACAAA"
"chr1","16380768","16380906","chr12","23912299","23912438","24","7531531","GGCTGGGTGCAGTGGCTCACATCTGTAATCTCAGCACTTTGGAAGGCCAAGGCAAGTGGATTGCTTGAGCTCAGGAGTTCGAGACCAGCCTGGCCAAAATGGCAAAATCCCATCTCTACAAATACAAAAATTATCAGGT","GCTGGGTGCAGTGGCTCACCCCTGTAATCCCAGCACTTTGGGAGGCCGAGGCAGGTGAATCACTTGAGGCCAGAAGTTCGAGATCAGCCTGGCCAACATGGTGAAACCCACATCTACTAAAAATACAAAAATTAGCTGGG"
"chr1","16381281","16381571","chr5","69022445","69022742","42","52641164","GGGCATGGTGGCTCACACCTGTAATCCCAGCACTTTGGAAGGCCGAGGTGGGTGGATCACTTGAAGTCAGGAGTTTGACAGCCTGGCCAGCATGGTGAAACCCCATCTCTGTAGAAATACAAAAAAATTAGCCAGGTGTGGTGGCACACGCCTGTAATCCCAGCTACTTGGGAGGCTGAGACAGGAGAATCGCTTGAACCCCTGAGGTGGAGGTTGCAGTGAGCTGAGATCGTGCCATTGCACTCCAGCCTGGGCGACAGCGAGACTTCATCTCAAAAAAAAAAAAAAAAA","GCCGGGTATGGTGGCTCACGCCTGTAATCCCAGCACTTTGGGAGGCTGAGGAGGGTGGATCACTTGAGGCCAGGAGTTCGAGACCAGCCTGACCAGCATGATGAAACCCCATCTCTATTAAAATTACAAAAATTAGCCGGTGTGGTGGCACATGCCTGTGATCCCTGCTACTCGGGAGGCTGACGCAGGAGAATCGCTTGAACCCAGGAGGCGGAGGTTGCAGTGAGCTGAGACGATGGCCACTGCACTCCAGCCTGGGCGACATAGTGAGACTCTGTCTCAAAAAAAAAAAAAAAAA"
"chr1","16388128","16388405","chr1","201842259","201842526","51","185454131","GGCTGGGCATGGTAGCTCACGCCTACAATCCTAGCACTTTGACTTTGGGAGGCCGAGGTGGGTGAATCACTTGAGGTCAGGAGTTCAAGACCAGCCTGGTCAACAAGGTGAAACCCCGTCTCTACTAAAAATACAAAAATTAGCTGGGCGTGGTATCCCAGCTACTCAGGAGGCTGAGGCAGGAGAATCTCTTGAACCTGGGAGACGGAGGTTGCAGTGAGCCGAGATTATGCCACTGCACTCCTGCCTGGGCAATAGAGCATGACTCTGTCTCAAAA","GGCCGGGCCCTGTGGCTCATGCCTGTAATCCCATCACTTTAGGAGGCCAAGGTGGGCAAATCACTTGAGGTCAGGAGTTTGAGACCAGCCTGGCCAAACATAGTGAAACCCCATCTCTGCTAAAAATACAAAAATTAGCTGGGCGTGGTGGCACATTGGGAGGCTGAGGCAGGAGAATTGTTTGAACCTGGGAGGCGGAGGTTGCAGTGAGCCAAGATAGCACCACTGCACTCCAGCCTGGACAACAGACCGAGACTCTGTCTCAAAA"
"chr1","16388679","16388938","chr7","50684421","50684663","47","34295742","CAGTGGCTTATGCCTGTAATCCCAACATTTTGGGAGGCTGAGGCAGGCGGATCACTTGGGGTCAGGAGTTTGTGACCAGTTTGGCAACAGGGTGAAAACCTGTTTCTATTTAAAAATTCAACAATTATCCAGGCGTGGTGGTGCGCACATGTAATCCCAGCTACTAGGGAGGCTGCAGTGAGTGGAGATCACACCACTGCACTCCAGCCTGGGCGACAGGGCAAGACTCTGTCTCAAAAAAAAAAAAAAAAAAAAAAAAA","CAGTGGCCTACACCTGTAATCCCAACACTTTGGGAGGCTGAGGCAGGTGAATCACTTGAGGTCAGGAGTTTGAGACCAGCTTGGCCAACATGGTGAAAACCCGTTCCTACTAAAAAATATAATCAGCCAGGCATGGTGGTGCACACATGTAATCCCAACTACTAGGGAGGCTGCAGTGAGCCAAGATCACACCACTGCACTCCAGCCTGGGTGACAGAGTAAGACTCCATCTCAAAAAAAAAA"
"chr1","16394697","16394978","chr12","48605950","48606233","47","32211253","GTAATCCCAGTACTTTGAGAGGCCGAGGTGGACGGATCACTTGAGGTCAGGAGTTCAAGACCAGCCTGGCCGACATGGTGAAACCCCATCTCTACTAAAATTACAAAAATTAGCTGGGTGTGGTAGCATATGCCTGTAGTCCCAGCTACTCGGTAGGCTGAGGTAGGAGGATCACTTGAACTCAGGAGGTGGGGGTTGCAGTGAGCGGAGATCGTGCCACTGCACTCCAATCTAGGTGACAGAATGAGACTCCGTCTCAAAAATAAATAAAAAATAAAGAAA","GTAATCCCAGCACTTTGGGAGGCCGAAGCGGGTGGATCACTTGAGGTCAGGAGTTTGACACCAGCCTGGCCGACATGATGAAACCCTGTCTCTACTAAAAATACAAAAATTAGCCAGGCATGGTGGCACCCACCTGTAATCCCAGCTACTCAGGAGGCTGAGGCAGGAAAATCACTTGAACCTGGGAGGTGAAGGTTGCAGTGAGCCGAGATCATGCCTCTGCACTCCAGCCTGGATGACAGAGTGAGACTCCATCTCAAAATAAATAAATAAATAAAAATAAA"
"chr1","16408591","16408891","chr6","17068239","17068542","33","659648","GGCTGGGCGCGGTGGCTCACGCCTGTAATTCCAGACTTTGGGAGGCTGAGGTGGGTGGATCACTTGAGTTCAGGAGTTCGAGACCAGCCTGGCCAACATGGTGAAACTGTCTCTACTAAAAATACAAAAATTAGCCGGGCGTGGTGTCACACATCTGTAATCTTAGCTATTCAGGAGGTTGAGGTAGGAGAATCGCTTGAACCCTGGAGGCAGATGTTGCAGTGAGCTGAGATCGCACCACTGCACTCCAGCCTGGGTGACAGAGCGAGACTCTGTCTCAAAAAAAAAAAAAAAAAAAAGA","GGCTGGACGCAGTGGCTCATGCCTGTAATCCCAGCACTTTGGGAGGCCAAGGTGGGTGGATCACTTGAGGTCAGGAGTTCGAGACCAGCCTGGCCAACATGGTGAAACCCTGTCTCTACTAAAAATACAAAAATGAGCTGGGCATGCTGGTACACATCTGTAATCCCAGCTACTTGGGAGGCTGAGGCAAGAGAATCGCTTGAACCCAGGAGGCAGAGGTTGCAGTGAGCCGAGATTGCACCACTGCACTCCAGCCTGGGCAACAGAGCAAGACTCTGTCTCAAAAAAAAAAAAAAAAAGAAAA"
"chr1","16416396","16416698","chr16","53668583","53668884","38","37252187","GGCCGGGCACGGTGGCTCATGCCTGTAATCCCAGCACTTTGGGAAGCTGAGGCGGGTGGATCATTTGAGGTCAGGAGTTCAAGACCAGCCTGGCCAACATGGCGAAACTCTGTCTCTATTAAAAATACAAAAATTAGCCACACGTGGTGGTATATGCCTGTAATCTCAGCTACTTGGGAGGCTGAGGCGGGAGAATTGCTTGAACCCGGGAGGTGGAGGTTGCAGTGAGCTGAGATCACACCACTACAGCACTCCAGCCTGGGCGACAGAGAGAGACTCCATCTCAAAAAAAAAAAAAAAGAA","GGCTGGGCACGGTGGCTTGTGCCTGTAATCCCAGCACCATGGGTGGCTGAGGCAGGCAGATCACTTGAGGTCAGGAGTTCAAGACTAGCCTGGCCAACATAGTGAAACCCCATCTCCACTAAAAATACAGAAATTAGCCACGCGTGGTGGCATGTGCCTGTAGTCCCAGCTACTTGGGAGGCTGAGGCAGGAGAATTGCTTGAACCCTGGAGGTGGAGGCTGCAGTGAGCTGAGATCATGCCCCACTGTACTCCAGCCTGGGCAACAGAGTGAGACTCCCTCTCAAAAAAAAAAAAAAAAAA"
"chr1","16429887","16430134","chr11","32759698","32759945","40","16329811","GGGCGCAGTGGCTCACGCCTGTAATCCTAACATTTTGGGAGGCCGAGGTGGGCGGATCACTTGGGGTCAGGAGTTCAAGACCAGCCTGTCCAACATGGTGAAATCCCATCTCTTCTAAAAATACAAAAAAAATTAGACGGAAATCATTTGAACCCAGGAGGCAGAGGTTGCAGTGAGCCATGATCACACCATTGCACTCCAGCCTGGGTGACAGCAAGACTCTATCTCAAAAAAAAAAAAAAAAAAAA","GGCTGGGCGCAGTGGCTCACGCCTGTGATCTTAGCACTGTGGGAGGCCGAGGCGGGCAGATCACTTGAGGTCAGGAGTTCAAGACCAGCCTGGCTAACATGGTGAAACCCCGTCTCTACTAAAAATACAAAATTTAGACAGAAATTGCTTGAACCCTGGAGGCAGAGGTTGCAGTGAGCCAAGATCATGCCACTGCACTTCAGCCTGGGCAACAGAGCAAGACTCTGTCTTAAAAAAAAAAAAAAAAA"
"chr1","16436485","16436807","chr13","88836338","88836664","54","72399853","GCAGGGCAAGGTGGCTCACGCCTGTAATCCCAGAACTTTGGGATGCCAAGGGGGGCAGATCACTCGAGGTCAGGAGTTTGAGATCACCCTGGCTAACATGGTGAAATCCTGTTTCTACTAAAAATACAAAAATTAGCTGGGCATGGTGGTGCCTGCCTGTAATCCTAGGTACTTGGGAGGCTGAGGCAGGAGAATCGCTTGAACCTGGGAGATGGAGGTTGCAGTGAGCAGAGACTGCACCACTACACGCCAGCCTGGGCAACAGAGCAAGACTCCGTCTCAAAAAAAATTACTAATGTAAACAAAAAAAAAACACCAAAAAA","GCTGGGTGAGGTGGCTCACGCCTGTAATCCCAGCACTTTGGCAGGCCAAGGGGGGTGGATCACTTGAGGTCAGGAGTTTAAGACCAGCCTGGCCAACATGGTGAAACCTGTTCTCTACTAAAAATATAAAAATTAGCCAGGCATGGTGGGTGCATGCCTGTAATCCCAGTTACTCAGGAGGCTGAGGCAGGAGAATTGCTTGAACCTGGGAAGCAGAGGTTTCAGTGAGCTGAGATTGTGCCACTGCACTCCAGCCTGGGCAACAGAGCAAGACACCATCTCAAATAAAAAAATAAATAAAATATTATAAATAAATAAATAAATAAA"
"chr1","16437770","16438062","chr1","77244892","77245188","37","60807122","GGCTGGGTGCGGTGGCTCACACCTGTAATCCCAGCACTTTGGGAGGCCGAGGTGGGTGGATCACTTGAGGTCGAGTTATAGACCAGCCTGGCCAACATGGTGAAACCCCGTCTCTACTAAAAATACAAAAATTAGCCAGGCATGGTGGCGCATGCCTGTAATCCCAGCTACTTAGGAGGCTGAGGCACGAGAATCACTTGAACCTGGGAGGCAGAAGTTGCAGTGAGCTGAGATCATGCCACTGTCTTCCAGCCTGGGTGGTAGAGTGAGACTTAGTCTCAAAAAAAAAAAAA","GGCTGGGTGGGGTGGCTCACGCCTGTAATCCCAGCACTTTGGGAGGCTGAGGGGGGCAGATCACTTGAGGTTAGGAGTTCAAGACCAGCCTGGCCAACATGGCAAAACCCTGTCTCTACTAAAAATACAAAATTTAGCCAGGCATAGTGGCACATGCCTATAATCCTAGCTTCTCGGGAGGCTGAGGCAGGAAAATCACTTGAACCTGGGAGGCAGAGGCTGCAGTGAACCGAAATCATGCCACTGTACTCCAGCCTGGGTGATAGAGCAAGACTCAGTCTCGAAAAAAAAAAAAAA"
"chr1","16461409","16461701","chr11","82219674","82219971","42","65758265","GGCTGGGTGTGGTGGCTCATGCCCACAATCCCAGCACTTTGGGAGGCCGAAGTGGGTGGCTTACTTGAGGTTAGGAGTTCGAGACCAGCCTGGCGAACATGGTGAAACCCCGTCTACTAAAAATACAACAATTAGCCAGGCATGGTGGCGCACGCCTGTAATCCCAGCTACTTGAGAAGCTGAGGCATGAGAATTGCCTCCAGGAAGTGGAGGTTGCAGTGAGCTGAGATCATGCCACTGTACTCTAGCCTGGGCAACAGAGCAAGACTGTCTCAAAAGGAAAAAAAAAAAAA","GGCTGGGTGTGGTGGCTCATGCCTGTAATCCTAGCACTTTGGGAGGCTGAGGTGGGTGGATCGCTTGAGGTCAGGAGTTCGAGACCAGCCTGACCAACATGGTGAAACCCTGTCTCTACTAAAAATACAAAAATTAGCCAGGCATGTTGGCGTATGCCTGTAATCCCAGCTACTCGGGAGGCTGAGGCAGGAGAATCAACCCGGGGAGGTGGAGGTTGCAGTGAGCCGAGAACAACCCACTGCACTCCAGCCTGGGCAATAGAGCAAGACTCTGTCTCAAAATTAAAAAAAAAAAAAA"
"chr1","16462989","16463286","chrX","45981223","45981523","44","29518234","GGCCAGGTGCGGTGGCTCACACTTGTAATCCCAGCATTTTAGGAGGCCAAGGCAGGCTGATCACTTGAGGTCAGGAATTTGAGACCAGCCTGGCCAACATGATGAAACCCCGTCTCTACTAAAAATCAAAAAAATTAGCCGGAAGTACTGGCACACGTCTGTAATCACAACTACTCGGAGGCTGAGGCAGAAGAACTGCTTGAACGCAGGAGGCAGAGGTTGCAGTGAGCTGAGATCATGCCACTGCATTCCAGCCTGGGCCACAGAGCGAGACTGTCTCAAAACACAAAAAAAACAA","GGCCGGGTACAGTGGCTCACACCTGTAATCTCAGCACTTTGGGAGGCCAAGGTGGATGGATCACTTGAGATCAGGAGTTTGAGACCAGCCTGGCCAACATGGTGAAACCCCATCTCTACTACAAATACAAAAAAATTAGCCAGGCATGATGGCTCACGCCTGTAATCCCAGCTACTCAGGAGGCTGAGGCATGAGAATTACTTGACCCCAGGAGACAGAGGTTGCAGTGAGCCAAGATCATACCACTGCACTCCAGCCTGGGCAACAGAGCAAGACTGTCTCAAAAAAAAAAAAAAAAAAA"
"chr1","16474691","16474986","chr6","17068239","17068542","47","593548","GGCCGGACACGGTGGTGCACGCCTATAATCCCAGCACTTTGGCAGGTGGATCACTTGAGGTCAAGAGTTCAAGACCAGCCTGGCCAAGGTGGTGAAACCCTGTCTCTACTAAAAATACAAAAATTAGCCGGGCATGGTGGTGCACGCCTGTAGTCCCTGCTACTTGGGACGCTGAGGCAGGCGAACAGCTTAAACCCCGGAGGCGGAGGTTGCAGTGAGCCCAGATCATGCCACTGCACTCCAGCCTGGGCAACAGAGCAAGACTCTGTCTCAAACAAAACAAAACAAAACAAAAA","GGCTGGACGCAGTGGCTCATGCCTGTAATCCCAGCACTTTGGGAGGCCAAGGTGGGTGGATCACTTGAGGTCAGGAGTTCGAGACCAGCCTGGCCAACATGGTGAAACCCTGTCTCTACTAAAAATACAAAAATGAGCTGGGCATGCTGGTACACATCTGTAATCCCAGCTACTTGGGAGGCTGAGGCAAGAGAATCGCTTGAACCCAGGAGGCAGAGGTTGCAGTGAGCCGAGATTGCACCACTGCACTCCAGCCTGGGCAACAGAGCAAGACTCTGTCTCAAAAAAAAAAAAAAAAAGAAAA"
"chr1","16490173","16490358","chr15","6967945","6968130","22","9522228","GGCCGGTCGCAGTGGCTCACGCCTGTAATCCCAGCACTTTGGGAGGCTGAGGCAGGCGGATCACTTGAGGTCAGGAGTTCGAGACCAGTCTGGCCAACATGGTGAAACCCCGTCTCTACTAAAAATACAAAAATTAGCTGGGCGTGATGGTGCACGCCTGTCATCCTAGCTATTTGGGAGGCTGAG","GGCTGGGCACAGTGGCTCATGCCTGTAATCCCAGCACTTTGGGAGGCCGAGGCAGGCAGACCACTTGAGGTCAGGAGTTTGAGACCAGCCTGGCCAACATGGTGAAACCTCATCTCCACTAAAAATACAAAAATTAGCCGGGCGTGGTGTCACTTGCCTGTGACCCCAGCTACTTGGGAGGCTGAG"
"chr1","16492671","16492806","chr4","43236196","43236331","12","26743525","GGCCAGGCGCAGTGGCTCAAGCCTGTAATTCCAGCACTTTGGGAGGCTGAGGCGGGCAGATCACTTGAGGTCAGGAGTTCGAGACCAGCCTGGCCAACATAGTGAAACTCCATCTCTACTAAAAATACAAAAATTA","GGCCAGGCATGGTGGCTCACGCCTATGATCCCAGCACTTTGGGAGGCTGAGGCAGGCAGACCACTTGAGGTCAGGACTTCGAGACCAGCCTGGCCAACATGGTGAAACCCCATCTCTACTAAAAATACAAAAATTA"
"chr1","16496217","16496538","chr11","124673390","124673705","41","108177173","GGCTGGGCGCAGTGGCTCATGCCTATAATCCCAGCACTTTGAGAGGCCGAGGCGGGTAGATCACTTGAGGTCAGGAGTTTGAGACCAGCCTGGCCAACATGGTGAAACCCTGTCTCTACTAAAAATACAAAAATTAGCTGGGCGCGGTGGCGCATACCTGTAATCCCAGCTACTCAGGAGGCTGAGGTAGGAGAATTGCTTGAGCCCAGGAGGCGGAGGTTGCAGTGAGCCGAGATTGTGCCATTGCACTCCAGACTGGGTGACAGAGTGAGACTCCATCTCAAAAACAAAACAAAACAAAACAAACAAACAAAAAACAAAA","GGCCGGGTGCGGTGGTTCATGCCTATAATCCCAGCACTTTGGGAGGCTGAGGCGGGCAGATCACTTGAGGTCAGGAGTTCGAGACCAGCCTGGCCAACCTGGTGAAACCCTGTCTCTACTAAAAATACAAAAAATAGATGGGCATGGTGGTGCATGCCTATAACTCCAGCTCCTCAGGAGGCTGAGGTGGGAGGATTGCTTGAACCCAGGAGGCGGAGGTTGCAGTGAGTGGAGATTGTGGCACTGCACTCCAGCCTGGGTGACACAGCGAGACTTCATCTCAAAAAAAAAAAGAAACCAAAACTAAACAACAAAA"
"chr1","16497162","16497478","chr7","50779450","50779764","36","34282288","GCCGGGTGTGGTGGCTCACACCTGTAATCCCAGCACTTTGGGAGGCCAAGGTGGGTGGATCACTTGAGGTCAGGAGTTTAAGACCAGCCTGGCCAATACAGTGAAACCTCATCTCTACTAAAAATGCAAAAATTAGCTGGGCATGGTGGTTCATGCCTATAATCCCAGCTACTCGGGAGGCTGAGGTAGGAGAATTGCTTGAACCCAGGAGGCAGAGGTTGCAGTGAGCAGAGATCGTGCATTACTGCACTCTAGCTCCAGCGTGGGCAACAGAGCAAGACTCTGCCTCAAAAAAAAAAAAAAAAGAAAAAAAAAAA","GGGTGTGGTGATTCACACCTGTAATCCCAGCACTTTGGGAGGCCAAGGTAGGTTGATCACTTGAGGTCAGGAGTTCAAGACCAGCCTGGCCAATGTGGTGAAACCTCATCTCTACTAAAAATACAAAACTTAGCCGGGTATGGTGGTGCATGCCTGTAATCCCAGCTACTTGGGAGGCTTAGGTAGGAGAATCGCTTGAACCCAGGAAGCAGAGGTTGCAGTGAGCCGTGATTGTGCACCAGTGCACTCTAGCTCCAGCCTGGGGCAACAGAGGGAGACTCCGTCTCAAAAAAAAAAGAAAAAGGAAAAAGAAAA"
"chr1","16504893","16505125","chr22","31518540","31518771","37","15013647","GGCCAGGCGCAGTGGCTCACGCCTGTAATCCCAACACCTTGGGAGGCAGAGGTGGGCAGATTACTTGAGGTCAGGAGTTTGAGACCAGCCTGGCCAACATGGTGAAACTCTGTCTCTACTAAAAATACAAAAATTAGCTGGGTGTGTTGGTGCAGGCCTGTAGTCTCAGCTACTCATGAGGCTGAGGCGGGAGAATCCTGTGAACATGGGAAGTGGAAGTTGCAGTGAGCTGA","GCCGGGCGCGGGCTCACGCCTGTAATCACAGCACTTTGGGAGGCTGAGGTGGGCGGATCACTTGAGGTCAGGAGTTCGAGACCAGCCTGACCAACATGGAGAAACCCCGTCTCTACTAAAAATACAAAATTCGCTGGGCGTGGTGGTGCATGCCTGTAATCCCAGCTACTCGGGAGGCTGAGGCAGGAGAATCCCTTGAACCTGAGAGGCGGAGGTTACAGTGAGCCGAGAT"
"chr1","16507911","16508191","chr21","27518","27788","47","16480393","GCCAGGTGTGGTAGTTCATGCCTGTAATCCCAGCACTTTGGGAGGCTGAGGCGGGTGAATCACTTGAGGTCAGGAGTTCGAGACCAGCCTGCCAACATGGTGAAACCCTGTCTCCACTAAAAATACAAAAATTAGCCAGGTGGCTACTCAGGAGGCTGAAGCAAAAGAATTGCTTGAACCCAGGAGGTGGAGGTTGCAGTGAGCTGAGATCCTGCCACTGCAATACAGCCTGGGAGACAGAGCGAGACTCTGTCTCACAAAGAAAAAAATAAAAAGAAAAA","CCAGGTGTGGTGGCTCATGCCTGTAATCTCAGCCCTTTGGGAGGCCGAAGTGGGTGGATCACTTGAGGTCAGGAGTTCGAGACCAGCCTGGCCAACGTGGTGAAACCCCGTAGCTACTAAAAATACAAAAATTTGCCGGGTGACTGAAGCAAAAGAATCACTTGAACCCGGGAGGGAGAAGTTGCAGTGAGCCGAGATCCTGCCACTGCAATCCAGCCTGGGAGATGGAGTGACACTGTGTCTCAAAAAAAAAAAAAAAAAAAAAAAAAAA"
"chr1","16510541","16510833","chr7","32099825","32100120","42","15589284","CTGGGCGAGTTGGCTCACACCTGTAATCCCAGCACTTTGGGAGGCCGAGACAGGTGCATCACTTGAGGTCAGGAGTTAGAGACTAGCCTGGCAAACATGATGAAACCCTGTCTCTACTAAAAATATAAAAATTAGCTGGGCGTGGTGGCATGTGCCTGTAATCCCAGCTACTCTGGAGGCTGAGGCAGGGAAATAGCTTCAACCTGGGAAGCAGAGCTTGCAGTGAGCTGAGATGGCACCACTGCACTCTAGCCTGGGCTACAGAGCAAGACTCTGTCTCAAAAATAAATAAA","GGCTAGGCACGGTGGCTCACGCCTGTAATCTCAGCACTTTGAGAGGCCGAGACAGGTGGATTACTTGAGGTCCGGAGTTTGAGACTAGCCTGGCCAACATGGTGAAACCCAGTCTCTACTGAAAATACAAAAATTAGCTGAGTGTGGTGGCATGTACCTGTAATCCCAGCTACTCAGGAGGCTGAGGCAGGAGAATCACTAGAACCTGGGAGGCAGAGGCTGCAGTGAGCAGAGATCACACCACTGCACTCCAGCCTGGGTGACAGAGTGAGACTCTGTCTCAAAAAAAAAAAAAA"
"chr1","16531541","16531825","chr12","11789686","11789970","50","4741855","GCTGGGCACGATGGCTCACGCCTGGAATCCCGGCACTTTGGGAGGCCAAGGAAGGCGGATCACTTGAGGTCAGGAGTTCGAGACCAGCCTGGCCAATATGGTGAACCTTCCTCTCTACGAAAAATTCAAAAATTAGTCATATATGGTGGCGCAAGCCTGTAATCTCTGCTACTCAGGAGTCTGAGTCAGGAGAATCGCTCGAACCCGGAAAGCAGAGGTTGCAGTGAGCCAAGACTGTGCCACTGCACTCCAGCCTGTCCGATAGAGTAAGACTCGTCTTAAAAA","GCTGGGTGCTATGACTCATGCCTGTAATCCCAGCACTTTGGGAGGCTGAGGTGGGGGGATCACTTGAAGTTAGGAGCTCAAGACCAGCCTGGCCAACATGGTGAAACCCCGTCTCTACTAAAAATACAAAAATTAGCCAGGCGTGGTGGCGCACGCTTTTAATCCCAGCTACTCAGGAGCTGAGGCAGGAGAATCACTTGAACCCAGGAGGCAGAGGTTGCAGTGAGCCGAGATCGTGCCACTGCACTCCAGCCTTGGTGATAGAGCAAGACTCTGTCTCAAAAA"
"chr1","16533159","16533453","chr19","24203448","24203737","45","7670289","GACCAGGGGCGGTGGCTCACGCCTGTAATCCCAGCACTTTGGGAGGCCGAGGTGGGTGGATCACTCACTTGAAGTCAGGAGTTCGAGACCAGCCGGGCCAACATGGTGTAAGCTCGTCTCTACCACAAATACAAAAATTAGCTGGGCGTGGTGGTGCACGTTTGTAGTCTCAGCTACTTAGGAGGCTGAGGCAGGAGAATCGCTTGAACCTAAGAGGCGGAGGTAGCAGTGAGCCGAGATCGTGCCGCTGCCCTCCAGCCTGGGCGACAAAGCGAAATTCTGTCTCTCAAAAAAA","GGCCAGGTGCAGTGGCTCACACCTGTATTTTCAGCACTTTGGGAGGCCTAGGTGGGCAAATCACTTGAGGTCAGGAGTTCTAGACCAGCCTGGCCAACATGGTGAAACGCTGACTCTACTAAAAATACAAAAATTAGCTGGGTGTGGTGGTGCACGCCTGTAGTCCCAGCTACTTGGGAGGCTGAGGCAGGAGAATTGCTTGAACCTGGGAGGCAGAGGTTGCAGTGAGCCAAGATTGCGCCACTGCACTCCAGCCTGGCGACAGAGTGAGACTCTGTCTCAAAAAAAAA"
"chr1","16544961","16545262","chr1","179405301","179405601","45","162860340","GGCCGGGCACGGTGGCTCACGCCTGTAATCCCAGCACTTTGTGAGGCCGAGGCGGATGGATCGCTTGAGGTCAAGAGTTCAAGACCAGCCTGGCTAACATGGGAAAATCCCGTCTCTACTAAAAATACAAAAATTAGCCAAATGTGGTGGCATGCACCTGCTATTCCGGCTACTTGGGAGGCTGAGGCAGGAGAATCGCTTGAACTCAGGAGGCGGAGGTTGCAGTGAGCCAAGATCGCGCTACTGCAGTCCAGCCTGGGCGACAGAGCGAGACTCCGTCAAAAAAGAAAGAAAAAAAAAAA","GGCCAGGCATGGTGGCTCACGCCTGTAATTCCAGCACTTTGTGAGGCTGAGGCAGGTGGATCACTTGAGGTTAGGGGTTCAAGACCAGCCTGGCTAGCATGGTGAAACTCCCTCTGTCTCTACTAAAACTACAAAATTAGCCAGGTGTGGTGGCAAGCACCTGTAATCCCAGCTACTTGAGAGGCTGAGGCAGGAGAATCGCTTGAACCCAGGAGGCGGGGGTTGCAGCGAGCTGAGATCTCGCTACTGGACTCCAGCCTGGGTGCACAGAGAGAGACTTCGTCTGAAAAAAAAAAAAAAA"
"chr1","16573621","16573895","chr5","155565032","155565305","46","138991411","TTTGGGAGGCCAAGACAGGTGAATCATTTGAGGTCATGAGTTCAGGACTACCCTGGCCAATATGGGGAAACCCTGTCTCTACTAAAAATACAAAAATTAGCCAGATGTGATGTTGTGCACCTGTGGTCCCAGCAACTCAGGAGGCTGAGGCAGGAGAATCACTTGAATCTGGGAGGCAGAGGTTGCACCAAGCCAAGATGGTGCAACTGCACTCTAGCCTGGGTGACAGAGCAAGACTCCATCGCAAAAAAAAAAAAAAAAAAAAAAAAAAAAAA","TTTTGGAGGCCAATACAGACAGATCACTTAAGGTCAGGAATTCAAGATCAGCCTGGCCAACATGGTGAAACCCTGTCTCTACAAAACAATACAAAAATTAGCCAGATGTAGTGGTGTGCATCTGTAGTCCCAGCTACTCAGGAGGCTGAGGTAGGAGAATCGCTTGAACCTGGGAGGCAGAGGTTGCAGTGAGCCAAGATCGCACCACTGTACTCCAGCCTGGTGACAGAGCAAGTCTCCATCTCAAAAATAATAATAATAAAAAGAAAAGAAA"
"chr1","16616418","16616718","chr5","94234310","94234606","33","77617892","GGCCGGGCACGGTGGCTCATGCCTGTAATCCCAACACTTTGGGAGGCCAAGGTGGGTGGATCACTTGAGGTCAGGAGTTCGAGACCAGCCTGGCCAACATGGTGAAACCCCATCTCTACTAAAAATACAAAATTAGCCAGGTGTGGTGGCACGTGCCTGTAATCCCAGTTACTCAGGAGGCTAAGGCAGGAGAATCGCTTGAACCTGGGAGGTGGAGGTTGCAGTGAGCCAAAATTGTGCCACTGCACTCCAGCCTGGCCGACAGAGTGAGACTCCATCTCAGAGAAAAAAAAAAAAAAGA","GGCCAGGCGTGGTGGCTCACACCTGTAATCCCAGCACTTTGGGAGGCTGAGGTGGGTGGATCACTTGAGGTCAGGAGTTCGAAACCAGCCTGTCCAACATGGCAAAACCCCGTCTCTACTAAAAATACAAAATTAGCCAGGCATGGTGGTGCATGCCTGTAATCCCAGCTACTCAGGAGGCTGAGGCAGGAGAATCGCTTGAACCTGGGAGGCGGAGGTTGTAGTGAGCCAAGATTGTGCCACTGCACTCCAGCCTGGGCGACAAGAGCAAAACTCCATCTCAAAAAAAAAAAAAAA"
"chr1","16624670","16624969","chr9","103685426","103685723","46","87060756","GGCCGGACACGGTGGCTCACGCCTATAATCCCAGCACTTTGGCAGGTGGATCACTTGAGGTCAAGAGTTCAAGACCAGCCTGGCCAACGTGGTGAAACCCTGTCTCTACTAAAAATACAAAAATTAGCCGGGCATGGTGGTGCACGCCTGTAGTCCCTGCTACTTGGGACGCTGAGGCAGGCGAACAGCTTAAACCCCGGAGGCAGAGGTTGCAGTGAGCCCAGATCGTGCCACTGCACTCCAGCCTGGGCAACAGAGCAAGACTGTCAAAAAAAAAAAAAAAAAAAAAAAAAAAGAAAA","GGCCAGGCAAAGTGACTCATGCCTATAATCCCAGCACTTTGGCAGAGTGGATCATTTGAGGTCAAGAGTTTGAGACCAGCCTGGCCAATATGGTGAAACCCTGTATCTACTACAAATATAAAAATTAGCCAGGCATGGTGGTGCATGCCTGTAATTCCAGCTACTAGGAAGGCTGAGAGAGGAGAATCACTTGAACTCAGGAGGCAGAGGTTGCAGTGAGCCGAGATCATGCCACTGCACTCCAGCCTGGGTGACAGAGCGAGACTGTCCCAAAAAAAGAAATAAATAAAAACAACAA"
"chr1","16657952","16658232","chr7","60622958","60623238","38","43965006","GGCTGGGTGCAGTGGCTCATGCCTGTAATCCCAGCACTTTGGGAGGTCAAGGCGGGTGGATCACTTGAAGTCAGGGGTTCGAGACCAGCCTGGCCAACGTGATGAAATCCCGTCTCTACTAAAAATCGAAAAATTAGCCGGGTGTGGTGGCATGCACCTGTAATCCCAGTTACTCAGGAGGCTGAGGCAGGAGAATCACTTGAACCTGGGAGGCAGAGGTTGAAGTGAGCCGAGATCGCACCACTGCACTCCACCCTGGGCGACAGAGCAAGACTCCATCT","GGCTGGGCGCAGTGACTCATGCCTGTAATCCCAGCACTTTGGGAGGCTGAAGCAGGTAGATCACTTGAGGTCAGGAGTTTGAGACCAGCCTGGCCAACACGGTGAAACCTTCTCCCTGTTAAAAATACAAAAATTAGCCAGGCGTAGTGGCATGTGCCTGTAATCCCAGCTACTCAGGTGGCTGAGGCAGGAGAATCGCTTGAACCTGGAGGGCGGAGGTTGCAGTGGGCCGAGATCGCACCACTGCACTCCAGCCTGGGCAATAGAGCAAGACTCCATCT"
"chr1","16660577","16660862","chr21","27518","27788","49","16633059","GCCAGGTGTGGTAGTTCATGCCTGTAATCCCAGCACTTTGGGAGGCTGAGGCGGGTGAATCACTTGAGGTCAGGAGATTGAGACCAGCCTGCCAACATGGTGAAACCCTGTCTCCACTAAAAATACAAAAATTAGCCAGGTGGCTACTCAGGAGGCTGAAGCAAAAGAATTGCTTGAACCCAGGAGGTGGAGGTTGCAGTGAGCTGAGATCCTGCTACTGCAATACAGCCTGGGAGACAGAGCGAGACTCTGTCTCACAAAGAAAAAAATAAAAAGAAAAAAGAAA","CCAGGTGTGGTGGCTCATGCCTGTAATCTCAGCCCTTTGGGAGGCCGAAGTGGGTGGATCACTTGAGGTCAGGAGTTCGAGACCAGCCTGGCCAACGTGGTGAAACCCCGTAGCTACTAAAAATACAAAAATTTGCCGGGTGACTGAAGCAAAAGAATCACTTGAACCCGGGAGGGAGAAGTTGCAGTGAGCCGAGATCCTGCCACTGCAATCCAGCCTGGGAGATGGAGTGACACTGTGTCTCAAAAAAAAAAAAAAAAAAAAAAAAAAA"
"chr1","16663212","16663515","chr3","165648344","165648651","45","148985132","CTGGGCGAGTTGGCTCACACCTGTAATCCCAGCACTTTGGGAGGCCGAGACAGGTGTATCACTTGAGGTCAGGAGTTTGAGACTAGCCTGGCAAACATGATGAAACCCTGTCTCTACTAAACATATAAAAATTAGCTGGGCGTGGTGGCGTGTGCCTATAATCCCAGCTACTCTGGAGGCTGAGGCAGGGAAATAGCTTCAACCTGGGAGGCAGAGCTTGCAGTGAGCTGAGATGGCACCACTGCACTCTAGCCTGGGCTACAGAGCAAGACTCTGTCTCAAAAATAAATAAATAGATAAATAA","GCTGGGCGTAGTGGCTCACACCTGTAATCCCAGCACTTTGGGAGGCCGAGGTGGACAGATCACTTGAGGCCAGGAGTTCTAGACCAGCCTGGCCAACATGGTGAAACCCTGTCTCTACTAAAAATACAAAAGTTAGCTGGGCTTGGTGGTGTGTGCCTGTAGTCCCAGCTACTCAGGAAGCTGAGGCTGGAGAATCACTTGAACATGGGAGGCGGAGGTTGCAGTGAGCTGAGATCACACCACTGCACTCCAACCTGGGCGACAGAGCAAGACTCTGTCTCAAAGATAAATAAGTAAATAAATAAAAA"
"chr1","16677298","16677605","chr17","46251571","46251874","51","29574273","GGCCGGGCACGTTGGCACACGCCTGTAATCCCAGCATTTTGTGAGGCCAAGGCGGATGGATCGCTTGAGGTCAAGAGTTCAAGACCAGCCTGGCTAACATGGAAAAATCCCATCTCTACTAAAAATACAAAAATTAGCCGAATGTGGTGGCATGCACCTGCTATTCTTGGGACGCTATACTTGGGACGCTGAGGCAGGAGAATCGCTTGAACCCAGGAGGCAAAGGTTGCAGTGAGCCAAGATCGCGCTACTGCACTCCACCTGGGCGACAGAGCGAGACTCCGTCAAAAAAAAAAAAAAAAAAAAAA","GGCCAGGCACGGGGGCTCGTGCCTGTAATCCCAGCACTTTGGGAGGCCAAGGCGGTGGATCACTTGAGGTCAGGAGTTCAAGACCAGCCTGGCCAACATGGAAACCCCATCTCTACTAAAAATACAAAAAATAGCCGGATGTAGTGGCATGTGCCTGTAATCCCAGCTACTTGGGAGGCTGAGGCAGGAGAATCGCTTGAACCTGGGAGGTAGAGGTTGCAGTGAGCCAACATGGCACCACTGCACTCCAGCCTGGGCAACGGAGTGAGACTCTAGCTCAAAAAAATAAAAACTAAAACTAAAA"
"chr1","16690156","16690451","chr10","14603732","14604030","38","2086424","GGCCAGGCTTGATGGCTCATGCCTATAATCCCACAACTTTGGGAGGCCGAGGCGGGTGGATCACTTCAGGTCAGGAGTTTGAGACCAGTTTGGCCAACATGGTGAAACCCATCTCTACTAAAAATACAAAATTAGCTGGGTGCGGTGGCACATGCTTGTAATCCCAGCTACTTGGGAGGCTGAGGCAGGAGAATCACTTGAACCCAGGAGGCAGAGGTTGCATGAGCCCAGATCGCCACTGCACTCCAGACTGGGTGACAAGAGTGAAACCCCATCTCAAAAAAAGAAAAAAAAAA","GGCCGGATGCGGTAGCTCACGCCTATAATCCCAGCACTTTGGGAGGCCGAGGAGGGTGGATCACTTGAGGTCAGGAGTTTGAGACGAGCTTGGCCAACATGGTGAAACCCCATCTCTACTAAAAATACAAAAATTAGCCGGGCGTGATGGCACATGCCTGTAGTCCCAGCTACTTGGGAGACTGAGGCAAGAGAATTGTTTGAACCCGGGAGGCAGAGGTTGCAGTGAGCTGAGATCACGCCACTGCACTCCAGCCTGGGTGACAGAGTGAGACTCCGTCTCAAAAAAAAAAAAAAAAA"
"chr1","16709217","16709523","chr5","2239871","2240172","43","14469346","GGCCGGGCGCAGTGGCTCACACCTGTAATCCCAGCACTTTGGGAGGCCGAGACAGGCGGATCACTTGAGCTCAGGAGTTTGAGACCAGCCTGGCCAAGATGGCAAAACTGGGTTTCTGCTAAAAATACGAAAATTAGCCAGGCGTGGTGGCACATGCCTGTAGTCCCAGCTGTTTGGGAGGCTCAGGCAGGAGAATGGCTTGAACCCAGGAGGCAGAGGGTGCAGTGAGCTGAGATTGCGCCATTGCATTCCAGCCTGGATGACAGAGAAAGACTCCGTCTCAAAAATAAAAATAAAAAAAGAAGAA","GGCCAGGCGCAGTAGCTCATACCTGTAATCCCAGCACTTTGGGAGGCCGAGGCAGGCTGATCACTTGAGGTCAGGAGTTTGAGACCAGCCTGGCCAATATGGTGAAATTCCGTCTCTACTAAAAATAGAAAAATTAGCCAGGTGTGGTGGCATGTGCCTGTAATCCCAGCAATTTGGGAGGCTGAGGCAGGAGAATCGCTTGAACCCAGGAGGCAGAGGTTGCAGAGAGCTGAGGTCGCACCACTGCACTCCAGCCTGGGTGACAGAGTGAGACTCCGTCTCTAAATAAATAACTAAATAAA"
"chr1","16728032","16728327","chr7","125443365","125443662","43","108715333","GGCCGGGCACGTTGGCTCATGCCTGTAATCCCAGCACTGTGTGAGGCCGAGGCGGATGGATCGCTTGAGGTCAAGAGTTCAAGACCAGCCTGGCTAACATGGAAAAATCCCGTCTCTACTAAAAATACAAAAATTAGCCGAATGTGGTGGCATGCACCTGCTATTCCGGCTACTTGGGAGGCTGAGGCAGGAGAATCGCTTGAACCCAGGAGGCAGAGGTTGCAGTGAGCCAAGATTGCGCTACTGCACTCCACCTGGGCGACAGAGCGAGACTGCGTCAAAAAAAAAAAAAAAAA","GGCCAGGTGCGGTGGCTCATGCCTGTAATCCCAGCAATTTGAAAGGCCGAGGCGGGTGGATCATTTGAGGTCAGGAGTTCGAGACCAGCCTGGCTAATATGGTAAAACCCCGTCTCTACTAAAAATGCAAAAATTAGCCAGGTGTGGTGATATACACCTGTAATCCCAGCTACTAGGGAGGCTGAGGCAGGAGAATCTCTTGAACCCAGGAGGCGGAGGTTGCAGTGAGTTGAGATTGCATCACTGCACTCCAGCCTGGGTGACAGAGTGAGACTTTGTCTCAAAAAAAAAAAAAAAA"
"chr1","16743947","16744250","chr3","165648344","165648651","45","148904397","CTGGGCGAGTTGGCTCACACCTGTAATCCCAGCACTTTGGGAGGCCGAGACAGGTGTATCACTTGAGGTCAGGAGTTTGAGACTAGCCTGGCAAACATGATGAAACCCTGTCTCTACTAAACATATAAAAATTAGCTGGGCGTGGTGGCGTGTGCCTATAATCCCAGCTACTCTGGAGGCTGAGGCAGGGAAATAGCTTCAACCTGGGAGGCAGAGCTTGCAGTGAGCTGAGATGGCACCACTGCACTCTAGCCTGGGCTACAGAGCAAGACTCTGTCTCAAAAATAAATAAATAGATAAATAA","GCTGGGCGTAGTGGCTCACACCTGTAATCCCAGCACTTTGGGAGGCCGAGGTGGACAGATCACTTGAGGCCAGGAGTTCTAGACCAGCCTGGCCAACATGGTGAAACCCTGTCTCTACTAAAAATACAAAAGTTAGCTGGGCTTGGTGGTGTGTGCCTGTAGTCCCAGCTACTCAGGAAGCTGAGGCTGGAGAATCACTTGAACATGGGAGGCGGAGGTTGCAGTGAGCTGAGATCACACCACTGCACTCCAACCTGGGCGACAGAGCAAGACTCTGTCTCAAAGATAAATAAGTAAATAAATAAAAA"
"chr1","16746603","16746888","chr21","27518","27788","49","16719085","GCCAGGTGTGGTAGTTCATGCCTGTAATCCCAGCACTTTGGGAGGCTGAGGCGGGTGAATCACTTGAGGTCAGGAGATTGAGACCAGCCTGCCAACATGGTGAAACCCTGTCTCCACTAAAAATACAAAAATTAGCCAGGTGGCTACTCAGGAGGCTGAAGCAAAAGAATTGCTTGAACCCAGGAGGTGGAGGTTGCAGTGAGCTGAGATCCTGCTACTGCAATACAGCCTGGGAGACAGAGCGAGACTCTGTCTCACAAAGAAAAAAATAAAAAGAAAAAAGAAA","CCAGGTGTGGTGGCTCATGCCTGTAATCTCAGCCCTTTGGGAGGCCGAAGTGGGTGGATCACTTGAGGTCAGGAGTTCGAGACCAGCCTGGCCAACGTGGTGAAACCCCGTAGCTACTAAAAATACAAAAATTTGCCGGGTGACTGAAGCAAAAGAATCACTTGAACCCGGGAGGGAGAAGTTGCAGTGAGCCGAGATCCTGCCACTGCAATCCAGCCTGGGAGATGGAGTGACACTGTGTCTCAAAAAAAAAAAAAAAAAAAAAAAAAAA"
"chr1","16749236","16749516","chr7","60622958","60623238","39","43873722","GGCTGGGTGCAGTGGCTCATGCCTGTAATCCCAGCACTTCGGGAGGTCAAGGCGGGTGGATCACTTGAAGTCAGGGGTTCGAGACCAGCCTGGCCAACGTGATGAAATCCCGTCTCTACTAAAAATCGAAAAATTAGCCGGGTGTGGTGGCATGCACCTGTAATCCCAGTTACTCAGGAGGCTGAGGCAGGAGAATCACTTGAACCTGGGAGGCAGAGGTTGAAGTGAGCCGAGATCGCACCACTGCACTCCACCCTGGGCGACAGAGCAAGACTCCATCT","GGCTGGGCGCAGTGACTCATGCCTGTAATCCCAGCACTTTGGGAGGCTGAAGCAGGTAGATCACTTGAGGTCAGGAGTTTGAGACCAGCCTGGCCAACACGGTGAAACCTTCTCCCTGTTAAAAATACAAAAATTAGCCAGGCGTAGTGGCATGTGCCTGTAATCCCAGCTACTCAGGTGGCTGAGGCAGGAGAATCGCTTGAACCTGGAGGGCGGAGGTTGCAGTGGGCCGAGATCGCACCACTGCACTCCAGCCTGGGCAATAGAGCAAGACTCCATCT"
"chr1","16790397","16790651","chr14","21170276","21170525","34","4379879","GGCTTGGTGTGGTGGCTCACGCCTTTAATACTAGCACTTTGGGAGACCGAGGTGGGCAGATCACTTGAGGTCAGGAGTTTGAGACCAGCCTGGCCAACATGGTGAAACCCCGTCTCTACTAAAAATACAAAAATTAGCCAGAAATCTCTTGAACCCAGGAGGCAGAGGTTGCAGTGAGTGGAGATGGTACCACTGCACTCCAGCTTGGACAACAGAGCAAGACTCCATCTCAAGAAAAAAAGAAAAAGAAAAAAA","GGCAGGGTGCAGTGACTCACACCTGTAATCCTAGCACTTTGGGAGGCCAAGGTGGGCGTATCACTTGGGGTCAGGAGTTCAAGACCAGCCTGGCCAACATGGTGAAACACCATCTCTACTAAAAGTACAAAAATTAGCCAGGAATCGCTTGAACCCAGAGGAGGAGGTTGCAGTGAGCCGAGATGGTGCCACTGCACTCCAGCCTGGGCAACAGGGCGAGACTCCATCTCAAAAAAAAAAAAAAAAAAAA"
"chr1","16862668","16862970","chr7","40960117","40960419","45","24097449","GGCCGGGCACGGTGGCTCACGCCTGTAATCCCAGCGCTTTGTGAGGCCGAGGCGGATGGATCGCTTGAGGTCAAGAGTTCAAGACCAGCCTGGCTAACATGGAGAAATCCCGTCTCTACTAAAAATACAAAAATTAGCCAAATGTGGTGGCATGCACCTGCTATTCCGGCTACTTGGGAGGCTGAGGCAGGAGAATCGCTTGAACTCAGGAGGCGGAGGTTGCAGTGAGCCAAGATCGCGCTACTGCAGTCCAGCCTGGGCGACAGAGCGAGACTCCGTCAAAAAAAAAAAGAAAAAAAAAAA","GGCCAGGTGCGGTGGCTCACGCCTGTAATCCCAGCACTTTGGGAGGGCAAGGCGGGCAGATCACTTGAGGTCAGGAGTTTGAGACCAGCCTGGCTAACATGGAGAAACCCCAGTCTCTACAAGAAATACAGAAATTACCCAGGTGTGGTGGCACACACCTATAATTCCAGCTACTTGTGAGGCTGAGGCAGGAGAATCACTTGAGCCCAGGAGGAGGAGGTTGCAGTGAGCCAAGATTGTGCCACTGCACTCCAGCCTGGGCAACAGAGCAAGACTGTCTCAAAAAAATAAAAATAAAAAAAA"
"chr1","16874481","16874775","chr19","24203448","24203737","44","7328967","GACCAGGGGCGGTGGCTCACGCCTGTAATCCCAGCACTTTGGGAGGCCGAGGTGGGTGGATCACTCACTTGAAGTCAGGAGTTCGAGACCAGCCGGGCCAACATGGTGAAAGCTCGTCTCTACCACAAATACAAAAATTAGCTGGGCGTGGTGGTGCACGTTTGTAGTCTCAGCTACTTAGGAGGCTGAGGCAGGAGAATCGCTTGAACCTAAGAGGCGGAGGTAGCAGTGAGCCGAGATCGTGCCGCTGCCCTCCAGCCTGGGCGACAAAGCGAAATTCTGTCTCTCAAAAAAA","GGCCAGGTGCAGTGGCTCACACCTGTATTTTCAGCACTTTGGGAGGCCTAGGTGGGCAAATCACTTGAGGTCAGGAGTTCTAGACCAGCCTGGCCAACATGGTGAAACGCTGACTCTACTAAAAATACAAAAATTAGCTGGGTGTGGTGGTGCACGCCTGTAGTCCCAGCTACTTGGGAGGCTGAGGCAGGAGAATTGCTTGAACCTGGGAGGCAGAGGTTGCAGTGAGCCAAGATTGCGCCACTGCACTCCAGCCTGGCGACAGAGTGAGACTCTGTCTCAAAAAAAAA"
"chr1","16876096","16876379","chr9","29083846","29084131","51","12207750","GCCGGGCACGATGGCTCACGCCTGGAATCCCAGCACTTTGGGATTCAAGGAAGGTGGATCACTTGAGGTCAGGAGTTTGAGACCATCCTGGCCAATATGGTGAACCTTCCTCTCTACTAAAAATTCAGAAATTAGTCCGATATGGTGGCCCAAGCCTGTAGTCTCTGCTACTCAGGAGTCTGAGTCAGGAGAATCGCTTGAACCCGGAAAGCAGAGGTTGCAGTGAGCCAAGACTGTGCCACTGCACTCCAGCCTGTCCGATAGAGTGAGACTCGTCTTAAAAA","GGCCTGGCATGGTGGCTCACGCCGGTACTCCAGCACTTTGGGAGGATGAGGCAGGCGGATCATTTGAGGTCAGGAGTTCGTGACCATCCTGGCCAACATGGTGAAACCCTGTCTCTACTAAAAATACAAAAATTAGTCAGACATGGTGGCATGCGCCTGTAATCTTAGCTACTAGGAAGGCTGAAGCAGGAGAATTGCTTGAACCCAGGAGGCAGAGGTTGCAGTGAGCCAAGATTGCGCCACTGCACTCCAGCCTGAGTGACAGAGTGAGACTCTGTCTCAAAAA"
"chr1","16899416","16899715","chr7","32099825","32100120","48","15200409","CTGGGCGAGGTGGCTCACACCTGTAATCCCAGCACTTTCGGAGTCCGAGACAGGTGCATCACTTGAGGTCAGGAGTTTGAGACTAGCCTGGGAAACATGATGAAACCCTGTCTCTACTAAAAACATAAAAATTAGCTGGATGTGGTGGCGTGTGCCTGTAATCCCAGCTACTCTGGAGGCTGAGGCAGGGAAATAGCTTCAACCTGGAAGGCAGAGCTTGCAGTGAGCTGAGATGGCACCACTGCACTCTAGCCTGGGCTACAGAGCAAGACTCTGTCTCAAAAATAAATAAATAAATAA","GGCTAGGCACGGTGGCTCACGCCTGTAATCTCAGCACTTTGAGAGGCCGAGACAGGTGGATTACTTGAGGTCCGGAGTTTGAGACTAGCCTGGCCAACATGGTGAAACCCAGTCTCTACTGAAAATACAAAAATTAGCTGAGTGTGGTGGCATGTACCTGTAATCCCAGCTACTCAGGAGGCTGAGGCAGGAGAATCACTAGAACCTGGGAGGCAGAGGCTGCAGTGAGCAGAGATCACACCACTGCACTCCAGCCTGGGTGACAGAGTGAGACTCTGTCTCAAAAAAAAAAAAAA"
"chr1","16902053","16902337","chr21","27518","27788","53","16874535","GCCAGGTGTGGTAGCTCATGTCTTTAATCCCAGCACTATAGGAGGCCAAGGCGGGCGGATCACTCGAGGTCAGGAGTTCGAGACCAGCCTGCCAACATGGTGAAACCCTGTCTCTACTAAAAATACAAAAATCAGCCAGGTGGCTACTCAGGAGGCTGAAGGAAAAGAATCGCTTGAACCCAGGAGGCAGAGGTTGCAGTGAGCTAAGATCCTGCCAGTGCAATACAGCCTGGGTGACAGAGAAAGACTGTCTCAAAAATAAAAATTAAAAAAAAAAAGAAAAAA","CCAGGTGTGGTGGCTCATGCCTGTAATCTCAGCCCTTTGGGAGGCCGAAGTGGGTGGATCACTTGAGGTCAGGAGTTCGAGACCAGCCTGGCCAACGTGGTGAAACCCCGTAGCTACTAAAAATACAAAAATTTGCCGGGTGACTGAAGCAAAAGAATCACTTGAACCCGGGAGGGAGAAGTTGCAGTGAGCCGAGATCCTGCCACTGCAATCCAGCCTGGGAGATGGAGTGACACTGTGTCTCAAAAAAAAAAAAAAAAAAAAAAAAAAA"
"chr1","16908758","16908994","chr20","21200623","21200858","41","4291865","GGCCGGGCACGGTGGCTTACACCTGTAATCCCAACACTTTGGGAGGCAGAGGTGGGCATTTTACTTGAGGTCAGGAGTTCGAGACCAGCCTGGCCAACATGGCGAAACTCTGTCTCTACGAAAAATACAAAAATTAGCCAGGTATGTTGGCACCGGCCTGTAGTCCCAGCTACTCGAGAGGCTGAGGCAAGAGAAACCTGTGAACATGGGAAGGGGAAGTTGCAGTGAACTGATATC","GGCTGGGCATGGTGGCTCACGCCTGTAATCCCAGCACTTAGGGAGGCTGAGGTGGGAGGCTGGCTTGAAATCAGGAGTTGGAGACCAGCCTGGCCAACATGGTGAAACCCTGTCTCTACTAAAAATACAAAAATTAGCCAGGTGTGGTGGCACATGCCTATAGTCCCAGCTACTCAGGAGGCTGAGGCAGGAGAATTGCTTGAACCCAGGAGTGAAGGTTGTAGTGAGCTGAGATC"
"chr1","16915898","16916192","chr17","73420131","73420419","39","56504233","GCCAGGTGTGGTGGCTCATGCCTGTAATTCCAGCACTTTGGGAGGCTAAGGTGGGTGGATCACTTGAGGTCAGGAGTTTAAGACCAGCCTGGCCAATACAGTGAAACCTCATCTCTACTAATACAAAAATTAGCTGGGCGTGGTGGTGCATGCCTGTAATCCCAGCTACTCGGGAGGCTGAGGTAGGAGAATTGCTTGAACCCAGGAGGTGGAGGTTGCAGTGAGCTGAGATTGTGCACCACTGCACTCCAGCTCAGGCCTGGGCAACAGATCAAGACTCTGCCTCAAAAAAAAA","GGCCAGGCGCCGTGGCTCACGCCTGTAATCCCAACACTCTGGGAGGTCGAGGCAGGTGGATCACTTGAGGTCTGGAGTTTGAGACCAGCTTGGCCAACATGGTGAAACCCCAACTCTACTAAAATACAAAAATTAGCTGGGCGTGGTGGTGCCGCCTGTAATCCCAGCTACTCGGGAGGCTGAGGCAGGAGAATTGCTTGAACCCAGGAGGTGGAGGTTGCAGTGAGCTGAGATTGTGCCACTTCACTCTAGCCTGGACAACAGATAAGACTCTGGCTCAAAAAAAAAA"
"chr1","16916836","16917145","chr21","40584762","40585072","35","23667926","GGCTGGGCGCAGTGGCTCATGCCTATAATCCCAGCACTTTGAGAGGCCGAGGCGGGTAGATCACTTGAGGTCAGGAGTTTGAGACCAGCCTGGCCAACATGGTGAAACCCTGTCTCTACTAAAAATACAAAAATAAGCTGGGCGCGGTGGCGCATACCTGTAATCCCAGCTACTCAGGAGGCTGAGGCAGGAGAATTGCTTGAGCCCAGGAGGCGGAGGTTGCAGTCAGCCGAGATCGTGCCATTGCACTCCAGACTGGGTGACAGAGCCAGACTCCATCTCAAAAACAAAACAAAACAAAAAACAAAAA","GGCTGGGCGCAGTGGCTCACACCTGTCATCCCAGCAATTTCGGAGGCTGAGGCGGGTGGATCACTTGAGGTCAGGAGTTTGAGACCAGCCTGATCAACATGGTGAAACCCCGTCTCTACTAAAAATTCAAAATTAGCCAGGCATGGTGGCGCGTGCCTGTAATCCCAGCTACTCGGGAGGCTGAGGCAGGAGAATCGCTTGAACCCAGGAGGCAGAGGTTGCAGTGAGCCGAGATCACGCCATTGCATTCCAGCCTGGGTGACAGAGCGAGACTCCATCTCAAAACAAAAACAAAAACAAAAAACAAAAAA"
"chr1","16919888","16920070","chr1","184351715","184351894","32","167431827","TATAAAAAAAATTAGCTGGGGCGTGGTGGCATGTGCATATAATCCTAGCTACTCAGGAGGCTGAGGCAGGGGAATCACTTGAACCCAGGAGGAGGAGGTTGCAGTGAGCCGAGATTGTGCCACAGCACTCCAGCCTGGGTGACAGGGCAAGAGTCTGTCTCAAAAAAATAAAATAAAATAAAA","TAAAAATTAAAAGATTAGCTGGGCATGGTGGCACATGCCTGTAGTCCCAGCTACTCGGGAGGCTGAGGCAGGAGAATCATTTGAGCCCAGGAGGCAGAGGTTGCAGTGAGCCGAGATCGTGTCACCCCACTCCAGCCTGGGTGACAGTGCAAGACTCCGTCTCAAAAAAGGAAAAAAAAA"
"chr1","16920357","16920492","chr22","17035586","17035722","13","115229","GGCCAGGTGCAGTGGCTCAAGCCTCTAATTCCAGCACTTTGGGAGGCTGAGGCGGGCAGATCACTTGAGGTCAGGAGTTTGAGACCAGCCTGGCCAACATAGTGAAACCCCATCTCTACTAAAAATACAAGAATTG","GACCAGGCGCGGTGGCTCACACCTGTAATCCCAGCACTTTTGGAGGCCGAGGCTGGCAGATCACTTGAGGTCAGGAGTTTGAGACCAGCCTGGCCAACATGGTGAAACCCCATCTCTACTAAAAATACAAAAATTAG"
"chr1","16928847","16929126","chr14","17368679","17368957","39","439832","GGCTGGGTGCAGTGGCTCATGCCTGTGATCCCAGCACTTTTGGAGGTCAAGGCGGGTAGATCACTTGAAGTCAGGGGTTCAAGACCAGCCTGGCTAACGTGATGAAACCCCGTCTCTACTAAAAATACAAAAATTAGCTGGGCGTGGTGTCATGCACCTGTAATCCCAGTTACTCAAGAGGCTGACGCAGGAGAATCACTTGAACCTGGGAGGCGGAGGTTGCAGTGAGCCGAGATCGTGCCACTGCACTCCAGCCTGGGCGACAGAGCAAGACTCCATC","GGTTGGGTGCAGTGGCTCATGCCTGTAATCCCAGCACTTTGGGAGGTCAAGGCAGGCAGATCACTTGAGGTCAGGAGTTCGAGACCAGCCCAGCCAACATGGTGAAACCCCCTCTCTACTAAAAAATACAAAAAATTAGCCAGGTGTGGTGGCATGCACCTGTAACCCCAGCTACTTGGAAGGCTGAGGCAGGAGAATAGCTTGACTCCGGGAGGCGGAGGTGGCAGTGAGCCGAGTTCGTGCCACTGCACTCCAGTCTGGGCAACAGAGCAAGACTCC"
"chr1","16931762","16932066","chr19","23295013","23295320","49","6363251","GGCCTGGCGCTGTGGCTCATGCCTATAATCCCAGCACTTTGGGAGGCTGAGGCTGGCTGATTGCTTGAGCTCAGGAGTTCGAGACCATCCTGGGCAACATGGTGAAACCCCGTCTCTACTAAAATACAAAAAAAAAAAAAAAATTAGCTGGGTGTGGCGGCATGTGCCTGTTATCCCAGCAACTCAGGAGGCTGAGGCAGGAGAATTGCTTGAACCCAGGAGGTGAAGGTTGCAGTGATCCAAGATCGTGCCACCTCACTCCAGCCTGGTGACAGAGCAAGACTCCGTCTGAGAAAAAAAAAAAA","GGCCGGGCACAATGGCTCATGCCTATAATCCCAGTACTCAAGGAGGCCGAGGCGGGCATATCACTTAAGGTCAGGAGTTTGAGAGCAGCCTGGCCAACATGGTGAAGCCCCGTCTCTACTAAAAATACAAAAATAAAAATAAAAATTAGCCAGGTGTGGTGGCATGTGCCTGTAATCCCAGCTACTCAGGAGACTGAGGCAGGAGAATTGCTTGAACCTGGGAGGCAGAGGTTGCAGTGAGCCAAGATTGCGTCACTGCACTCCAGTCTGGGTGACAGAATGAGACTCCATCTCAAAAAAAAAAAAAA"
"chr1","16942824","16942956","chr17","52749755","52749887","14","35806931","GACTGAGCGAGGTGGCTCACACCTGTAATCCCAGTATTTTGGGAGGCCAAGGCGGGTGGATCACTTGAGGTCAGGAGTTTGAGACCAGCCTGGCCAACATGGCGAAACCCCATCTCTACTAAAAATAAAAAAA","GGCTGGGTGAGGTGGCTCACGCCTGTAATCCTAGCACTTTGGGAGGCCAAGGCAGGTGAATCACTTGAGGTCAGGAGTTCGAGACCAGCCTGGCCAACATGGTGAAACCCTGTCTCTACTAAAAAAAAAAAAA"
"chr1","16947827","16948127","chr7","50816398","50816699","52","33868571","GCCAGGTACGGTGGTGCGTGCCTATAATCCCAGCACTTTGGCAGGTGGATCACTTGAGGTCAGGAGTTCAAGACCAGCCTGGCCAACGGGGTGAAACCCTGTCTCTACTAAAAATACAAAAATTAGCCGGGCGTGGTGGTGCACGCCTGTAGTCCCTGCTACTTGGGACGCTGAGGCAGGCGAACAGCTTAAACCCTGGAGGCGGAGGTTGCAGTGAGCCCAGATCGTGCCACTGCATTCCAGCCTGGGCAACAGAGCAAGACTCTGTCTGGAAAAAAAAACAACAACAAAAACAAAACAA","GCCAGGCACAGTGGCTCACGCCAATAATCCCAGCGCTTTGGTGGGTGGATCACTTGAGGTTAGGAGTTCAAGACCAGCCTGGCCAATGTGGTGAAACCCTGTCTCTACTAAAAATACGAAAATTAGCCAGACATGGTAGTGCATGCCTGTAGTCCCAGCTACTCATGAGGCTGAGGCAGAGAATAGCTTGGACTCCAGAGGTGGGGGTTGCAGAGAGCTGAGATTGTGCCACTGCAGTCCCGCCTGGGCAATAGAGCGAGACTCTGCCTCAAAAACCAACCAAACAACAACAATAACAAAAA"
"chr1","16962736","16962806","chr6","76604838","76604910","11","59642102","ACTGGAGGTCAGGAGTTTGAGACCAGCCTGTCCAACATGGTGAAACCCCATCTCTCCTAAAAAAAAAAAAT","CACTTGAGGTCAGGAGTCCAAGTCCAGCCTGGCCAACATGGTGAAACCCCGTCTCTACTAAAAATACAAAAAT"
"chr1","16964104","16964372","chr1","198804270","198804512","97","181840166","GAAAAGAAAGTAAGGAAGGAAGGAAAAGAAAGGAAAAGAAAAGAAAAGAAAAGAGAAAAATTAGCTGAGCATGGTGGCCCACGCTTATAGTCCCAGCTACCTGGGAGGCTGAGGTCTGGAGGCTGAGGCAGGAAAAGCACTTGAACCCTGGAGACAGAGGTTGTAGTGAGCTGAGACTGTGCTGCACTCCAGCCTGGGCAACAGAGAGAGACTCTGTCTCAAAAAAAAAAAAAAATAAAGAAAAAAGAAAAGAAAAGAAAAAGAAAAAA","CAGGCCGATCACGTGTGGCATCAAGTTTGAGACCAGTGAAACCCTGTCTCTACTAAAAGTACAAAAATTAGGGCATGGTGGTGCATGCCTGTAGTCCCAGCTACTCAGGAGGCTGAGGCAGGAGAATTGCTTGAACCTGGGAGGGAGAGTTTGCAGTGATCCAAGATCGCGCCACTGCACTCCAGCCTGGACGAGAGAGTGAGACTCTGTCTCAAAAAAAAAAAAAAAAAAGGAAGAAAGAAA"
"chr1","16964981","16965114","chr7","14132148","14132281","17","2832833","GACTGGGTGTGGTGGCTCACACCTGTAATCCCAGCACTGTGGGGTCCGAGGCAGGCGGATCACTTGAGGTCAGGAGTTCAAGGCAAGCCTGGCCAACATGGTAAAACCCCGTCTCTACTGAAAATACAAAAATT","GGCCGGGTGCAGTGGCTCACACCTGTAATCCCAGCACTTTGGGATGCCAAGGCAGGTGGATCACTTGAGGTCAGGAGTTCCAGACAAGCCTGGCCAACACGGTGAAACCCCATCTCTATATAAATACAAAAATT"
"chr1","16995472","16995745","chr5","154035428","154035699","47","137039956","GGCCGGGCGCGGTGGCTCACGTCTGTAATCCCAGCACTTTGGGAGGCTGAGGCAGATACATCACTTGAGGTCAGGAGTTCAAGACCAGCCTGACCAACATGGCAAAACCCCGTCTACTAAAAATACAAAAGTTAGCCAGGCATGATGGCACATGCTTGTAATCCCAGCTACTCGGGAGGCTGAGGCAGGAGAATCGCAGAGGTTGCAGTGAGCCAAGATCATGCCATTGTACTCCAGCCTGGGTGACAGAGCAAAACTCAAAAAAAAAAAAAAA","GCCGGGTGCGATGACTCACGCCTGTAATCCCAGCACTTTGGGAGGCCGAGGCGGGCAGATCACTTAAGGTCAGGAGTTCCAGACCAGCCTGGCCAACATGGCATAACCCCATCTCCACTAAAACTACAAAAAGTAGCCAGGCGTGGTGGCGTACCTGTAATCCCAGCTACTCGGAAGGCTAAGGCAGGAGAATCGCTTGAACCCGGGAGGCTGAGGTCATGCCACTGCACTCCAGCCTGGGCGACATAGCAAAACTCAAAAAAAAAACAAAA"
"chr1","17006255","17006550","chr7","112086131","112086426","32","95079876","GGCCAAGCACGGTGGCTCATGCCTGTAATCCCAGCACTTTGGGAGGCCAAAGTGGGCAGATCACTTGAGGTCAGGAGTTCGAGACCAGCCTGGCCAACATGGTGAAACCCCATCTCTACTAAAAATACAAAAATTAGCTGGGCATGGTGGTGCATGCCTATAATCCCAGCTACTCGGGAGGCTGAGGCAGGAGAATCGCTTGAACCTGGGAGGCAAAGGTTGCAGTGAGCTGAGATCAAGTGACTGCACTCCAGCCTGGGTGACAGAGTGACACTCCGTCTCAAAAAAAAAAAAAA","GGTTGGGCGGGGTGGCTCATGCCTGTAATCCCAGCACTTTGGGAGGCCACAGTGGGTGGATCACTTGAGGTCAGGAGTTTGAGACCAGCCTGGCCAAGATGGTGAAACCCCATCTCTACTAAAAATACAAAAATTAGCTGGGCACAGTGGTGCATGCCTGTAATCCCAGCTACCCGGGAGGCTGAGGCGGGAGAATTGCTTGAGTCCGGGAAGCGGAGGTTGCAGTGAGCTGAGATCACGACACTGAACTCCAGCCTGGGTGACAGAGTGAGACTCCATCTCAATAAATAAATAAA"
"chr1","17010114","17010377","chr7","12587592","12587853","36","4422522","GGCCAGGCGTGGTGGCTCACGCCTGTAATCCCAGCACTTTGGGAGCCTGAGGCAGGCGGATTACTTGAGGTCAGGAGTTCAAGACCAGTCTGGCCAACATGGGGAAACCCCGTCTCTACTAAAAATACAAAAATTAGCTGAGTGTGGTGGCATGTGCCTGTAGTCTCAGCTACTTCAGGAACTGAGGCAGGAGAATTGCTTGAACCTGGGAGGTGGAGGGTGCAGTGAGCTGAGATCTCTCCACTGCACTCCAGCCTGGGAGAC","GGCCAGGCACGGTGGTTCACGCCTGTAATCCCAGCACTTTGGGAGGCCGAGGCAGGCAGATCACTTGAGGTCAGGAGTTCAAGACCAGCCTGGCCAAAATGGAGAAACTCCATCTCTACGGAAAATACAAAATTAGCTGGGTGTGGTGGTGCGTGCCTGTAATCCCAGCTACTTGGGAGGCTGAGGCAGGAGAATTGCTTGAACCTGAGAGGTGGAGGTCGCAGTGAGCTGAGAGCGTGCCATTGCACTCCAGCTTGGGTGA"
"chr1","17015728","17016012","chr2","17313050","17313343","53","297322","GCAGGGTGTGCTTGCCCACACCTGTAATCCCAGCACTTTGGGAGGTCGAGGCAGGTGGATCGCTTGAGTTAGAGATCAGTATGCTCAACAAACATGGTGAAACCCTGTCTCTACTAAAAATACAAAAATTAGCTGCGTAACGCCTGTAACCCCAGCTAGTTGGGAGGCTGAGGCAGGAGAATCGCTTGAACTTGGGAGGCGGAAGTTGCAGTGAGCCAAGATTGCACCACTGCACTCCAGCCTGGTGACAGAGCGAGACTCCAAAAAAAAAAAAAAAAAAAAAAA","GGCTGGTTGCAGTGGCTCACACCTGTAATCCTAGCACTTTGGGAGGCTGAGGCAGGAGGATCACTTGAGGTCAGGAGTTCAAGACCAGCCTTGCCAACATGGTGAAACCCTGTCTCTACTAAAAATACAATAATTTGATGGTGGCGCATGCCTGTAATCCCAGATACTTGGGAGGCTGAGGCAGGAGAATTACTTGAACCTGGGAGGTGGAGGTTGCAGGGAGCCAAGATTGTACCACTGCACTCCAGCCTGAATGACAGAGTGAGACTCCATCTGAAAAAAAAAAAAAAAAAA"
"chr1","17017861","17018168","chr2","124980237","124980538","45","107962376","GCCGGGCGTGGTGGCTCACGCCTGTAATCCCAGCACTTTGGGAGGCTGAGGCGGGAGGATCATTTGAGGTGAGGAGTTCAAGACCAGCCTGGCCAACGTGGTGAAACCCCGTCTCTACTAAAAATACAAAAATTAGCTGGGCAGTGGGTGTGCGTGCCTGTAATCCCAGCTACTTGGGAGGCTGAGGCAGGAGAATCACTTGAGCCTGGGAGGTGGAGGTTGCGGTGACCGAGATCACACCGCTGCACTCCAGTGTGAGCAACAGAGTGAGACCCTGTCTCCACAAAACAAAAAAGCAATGCAAAAAA","GCCAGGCATGGTGGCTCACACCTGTAATCCCAGCAGTTTGGGAGGCCGAGTTGGGTGGATCATTTGAGGTCAGGAGTTCGAGACCAGCCTGGCCAATGTGGTGAAACCCCATCGCTACTAAAAATACAAAAATTAGCTGGGAATGGTGGTGCTTGCGTGTAATTTCAGATACTCAGGAGGCTGAGGCAGGAGAATCACTTGAGCCTGGGAAGTGGAGGTTGCAGTGAGCCGAGATTGCACCACTGCATTCCAGTATAGGTGACAGAGTGAGACCCTGTGTCAAAAAAAAAAAAAAAAAAAAA"
"chr1","17026359","17026662","chr5","99799393","99799697","47","82773034","GGCCAGGTGCAGTGGCTCATCTGTAATCCCAGCACTTAGGGAGGCCGAGGTGGGCGGATCACTTGAGGTCAGTTGTTCGAGACCAGCCTGGCCAACGTGATAAAACCCCATCTTTACTGAAAATACAAAAATTAGCTGAGTGTGGTGGCTCACACCTATAATCCCAGCTACTCAGGAGGCCAAGGCAGGAGAATCTCTTGAACCCGGGAGGTGGAGGTTTCAGTGAGCCAAGGTTGTGCCACTGTACTTCAGCCTGGGCAACAGAGCAAGACTCCGTCTCAAAGAAAAAAAGAAAAGAGAAAAA","GGTCAGGTACAGTGGCTCATGCCTGTAATCCCAGAACTTTGGGAGGCCAAGGTGGGTGGATCGCTTGAGGTCAGGAGTTCGAGACCAGCCTGGCCAACATGGCAAAACCCCGCCTCTACTAAAAATACAAAAATTAGCTGGGCATGGTGGCGCATACCTGTAATCCCAGCTACTCGGGAGGCTGAGGCAGGAGAATCACTTGAGCTCAGGAGGCGGAGGTTGCAGTGAGCCAAGATCACACCATTGCACTCCAGCCAGGGCGACAGAGCAAGACTCCGTCTCAATTAAAAAAATAAAAAGAAAAA"
"chr1","17034434","17034679","chr15","26057042","26057287","33","9022608","GGCCAGACGCAGTCGCTCACACCTGTAATCCCAGCATTTGGGAAGGCTGAGGCAGGTGGATCACTTGAGGTCAGGAGTTTGAGACCAGCCTGGCCAACATGGGAAAACCTATCTCTACTAAAAATACAAAAATTTGCCGGGTGTGGTGGCATGCACCTGTAATCCCAGCTACTCGGGAGGCTGAGGCAGGAGAATCGCTTGAACCCGGAAGGTAGAGGTTGCAGTGAGCCGAGATCGCACCATTGC","GGCCAGGCGCGGTGGCTCACACCTGTAATCCCAGCACTTTGGGAGGCTGAGGCAGGCGGATCACTTGAGGTCAGGAGTTCGAGACCAGCCTGGGCAAAATGGTGAAACTCTGTCTCTATTAAAAATACAAAAATTACCCAGGTGTGGTGGCACACACCTATAGCCCCAGCTACTCGGGAGGCTGAGGTAGGAGAACTGCTTGAGCCCAGGAGGCAGAGGTTGCAGTGAGGCGAGATTGCACCACTG"
"chr1","17040848","17041159","chr3","84166865","84167168","45","67126017","GGCCGGGCATGGTGGCTCACGTCTGGAATCCCAGCACTTTGGGAGGCCGAGGCGGGTGAATCACTTGAGGTCAGGAGTTTAAGACCAGCCTGCCAACATGGCGAAACCTTGTCTTTACTAAAAATACAACAAATTAGCTGGGCGTGGTGGTGCACGTCTGTAATCCCAGCTACTCAGGAGGCTGAGGTGGGAGAATCGCTTGAGCCTGGAAGGCAGAGGTTGCAGTGAGCCAAGATTGCGCCACTGCACTCCAGCCTGGATGACAGAGCAAGACTCCGTCTCAAGAAACAAACAAACAAACAACAACAAAAA","GCCAGGTGCGGTGTCTCACGTCTGTAATCCCAGCACTTTGGGAGGCCCAGGCAGATAGATCACTTGAGGTCAGGAGTTCAAGACCATCCTGACCAACATGGTGAAACTCTTATCTTTACTAAAAATACAAAAATTAGCTGGGCACGGTGGTGTGTGCCTGTAATCCCAGCTACTCAGGAGGCTGAGGCAGGAGAATTGCTTGAGCCTGGGAGGCAGAGGTTGCAGTGAGCCAAGATCCTGCCACTGTACTCTAGCCTGGGTGACAGAGCGAGACTCCGTTTAGAAAAAAAAAAAAAAAAAAAAA"
"chr1","17047075","17047385","chr7","45344118","45344429","45","28297043","GGCCAGGTGCAGTGGCTCACACCTGTATCCCAGTACTTTGGGAGGCCAAGACAGACGAATCACTTGAGGTCAGGAGTTCAAGACCAGCCTGGCCAACATGGTGAAACTCCGTCTCTACTAAAGATACAAAAATTAGCCCGGTGTGGTGGCACATGTCTGTAATCCCAGCTACTCGGGAGGCAGAGGCAGGAGAATCGCTTGACCCTGGGAGACGGAGATTGCAGTGAGCCAAGATTGCGCCACTGCACTCCAGCCTGGGTGACAGAGTGAGACGCTGTTTCAAAGAAACAAAACAAAACAAAAAGAAGAAA","GGCTGGGTGCAGTGGCTCACCCCTGTAATCCCAGCACTTTGGGAGGCCAAGGCTGGTGGATCACAGGAGGTCAGGAGTTCGAGACCAGCCTGGCTAACATGGTGAAACCCCATCTCTACTAAAAATACAAAAATTAGACAGGTGTGGTGGCACATGCCTGTAATCCCAGCTACTCGGGAGGCTGAGGCAGGAGAATTGCTTGAACCTGGGAGGCAGAGGTTGCAGTGAGCTGAGAGCGAGCCACTGTGCTCCAGCCTGGGTGACAGAGCCAGACTCTGTCTCAAAAAAATAAAAAATAAAAAAATAAAATAA"
"chr1","17061075","17061398","chr12","14442646","14442956","54","2618429","GGCCGGGTACAGTGTCTCACACCTCTAATCCCAGCATTTTGGGAGGCTGAGGCAGGCAGATCACAAGGTCGGCAGATCACAAGGTCAGCAGTTCGAGAACAGCCTGGCCAACATGGTGAAACCCCGTCTCTACTAAAAATACAAAAATTAGCCGGGTGTGGTGGCACACACCTGTAATTCCAGCTACTCAGGAGGCTGAGGCAGGGGAATCGCTTGAACCAGGAGGCGGAGGTTGCAGTGAGCCGAGATTGCACCACTGCACTCCAGCCTGGAGACAGAGCAAGACTCCATCTAAAAATAAAATAAAATAAAATAGAAAAATAA","GGCTGGGCACAGTGGCTCACACCTATAATCCCAGCACTTTGGAAGGCTGAGACAGGCGGATCACTTGAGATCAGGAGTTCAAGACCAGCCTGGCCAACATGGTAAAACCCTGTCTCTACTAAAAATACAAAAATTAGCCGGGTATGGTGGCGCACACCTGTAGTCCCAGATACTCAGGAGTCTGAGGCAGGAAATCACTTGAACCCAGGAGGCGGAGGTTGCATTTAGCCAAGATTGTGCCACTGTATTCCAGCCTGGGTGACAGAGCGAGACTCCATCTCAAAATAAATACATAAATAAAATAAAATAAA"
"chr1","17079794","17080090","chr10","126070729","126071027","38","108990935","GGCTGGGCGCAGTGGCTCACCCCTGTAATCCCAGCACTTTGGGAGGCCAAGGTGGGTGGATCACTTGAGGTCAGGAGTTCGAGACCAGCCTGGGCAACCCAGTGAAACCCCATCTCTACTAAAAATACAAAAATTAGCCAGGGGTGGTGCTTGCCTATAATCCTAGCCACTGGGGAGGCTGAGGCAGGAGAATCACTTGAACCAAGAGGCACAGGTTGCAATGAGCTGAGATCATGCCACCGCACTCCAGCCTGGGCGACAGAGCAAGACTCCATCTCAGAAAAAAAAAAACAACAA","GGCTGGGCTCGGTGGCTCATGCCTGTAATCCCAGCACTTTGGGAGGCCGAGGTGGGTGGATCACTTGAAGTCAGGAGTTCGAGACCAGCCTGGACAAAATGGTGAAACCTCATCTCTACTAAAAATACAAAAATTAGTCAGTATGGTGGCACATGCCTATAATCCCAGCTACTGGGGAGGCTGAGGCAGGAGAATCACTTGAACCTAGGAGGCAGAGGTTGCAGTGAACTGAGATTGTGCCATTGCACTCCAGCCTGGGGCAATAGAGCAAGACTCAGTCTCAAAAAAAAAAAAAAAAA"
"chr1","17109486","17109790","chr6","94863182","94863479","43","77753696","GGTCAGGCATGGTGGCTCACTCCTGTAATCCCAGCACTTTGGGAGGCCAAGGCGAACGGATCACTTGAGGTCAGAAATTCAAGACCAGCCAGGCCAACACAGTGCAACCCCATCTCTACTAAAAATACAAAATTTAGCCAGGCATGGTGGTGCATGCCTGTAGTCCCAACTACTTGGGAGGCTGAGGCAGGAGAATCACTTGAACCTAGGATGCGGAGGTTGCAGTGAGCAGAGATAGCACCACTGCACTCCAGCCTGGATGACAGAGCACGACTCTCAGTTTAAGAAAATAAATAAATAAACAA","GGTCAGGCCCGGTGGCTCAAGCCTGTAATCCCAGCACTTTGGGAGGCCAAGGAGGGCAGACCACTTGAGGTCAGGAGTTCAAGACCAGCCAAGCCAACATGGTGAAACCCCATCTCTACTAAAAATACAAAATTTAGCCAGGCATGGTGGTGTGTACCTGTAATCCCAGCTACTCAGGAGGCTGTGGCAGGAGAATCACTTGAACCCAGGAAGTGGAGTTTGCAGTGAGCAGAGATTTCACCACTGCACTCCAACCTGGAGGCAGAGCAAGATCTCAAAAAAAAAAAAAAAAAAAAAA"
"chr1","17125395","17125703","chr19","25591314","25591622","39","8465919","GCCGGGCGTAGTGGCTCACGCCTGTAATCCCAGCACTTTGGAAGGCCGAGGTGGGCAGATTACTTGAGGTCAGGAGTTCGAGACCAGCCTGGCCAACATGGTGAAACCCTGTCTCTACTAAAAATACAAAAATCAGCCGGGCATGGTGGCGCGTGCCTGTGGTCCCAGCTACTCCAGAGGCTGAGGCATGAGAATCACTTAAACCCAGGAGGCGGAGGTTGCAGTGAGAAAAGCTCATGCCACTGCATTCCAGCCTGGGTGACAGGGCAAGACTCTGTCTCAAAAAAAAAAAAAAAAAAAAGGAAGAAA","GCTGGGCATGGTGGCTCATGCCTGTAATCCCAGCACTTTGGGAGGCTGAGTCGGGCTAATCACTTGAGGTCAGGAGTTGGAGACCAGCCTGGCCAACATGGTGAAACCCTGTCTCTACTAAAAATACAAAAATCAGCTGGGTGTGGTGGTGCGTGCCTGTAGTCCCAGCTATTCCGGAAGCTGAGGCAGGAGAATCAGTTGAACCCAGGAGGCAGAGGTTGTATTGAGCCGAGATCACGCCACTGCACTCCAGCCTGGGCGACAGAGCAATACTCTGTCTCAAAAAAAAAGAAAAAAGAAAAAGAAAAA"
"chr1","17136820","17137123","chrX","30043039","30043339","40","12906219","GACTGGGCGCTGTGGCTCGCGCCTGTAATCCCAACACTTTGGGAGGCCAAGGTGGGTGGATCACTTGAGGTCAGGAGTACTTGACCAGCCTGGCCAAAATAGTGAAACCCCGTCTCTACTAAAAAAATACAAAAACTAGCTAGGCGTGGAGGCGCTCATCTGTAATCCCAGCTACTCAGGAGGCTGAGGCATGAGAATCGCTTGAATCTGGGAGGAGGAGGTTGCAGTGAGCCGAGATCACACCACTGCACTCCAGCCTGGGCAACAGAGTGAGACTCCATCTCAAAAAAAGAGAAAAAAAAAA","GGCTGAGCACGGTGGCTCACACCTGTAATCCCAACACTTTGGGAGGTCAAGGCGGGTGGATCATTTGAGGTCAGGAGTTCAAGACCAGCCTGACCAACATGGAGAAACCCCGTCTCTACTAAAAAAATACAAAAATTAGCTGGGCATGGTATGGAGTGTCTGTACTCCCAGCTACTCAGGAGGCTGAGGCAGGAGAATCACTTGAACCTGGGAGGCGGAGGTTGCAGTGAACCAAGATCATACCACTGCACTCCAGCCTGGGTGACAGAGTAAGACTCCGTCTCAAAAAAAAAAAAAAAAA"
"chr1","17169238","17169536","chr20","23248359","23248652","43","6079121","GGCCGGGCCCGGTGACTCACACTGTAATCCCAGCACTTTGGGAGGCTGAGGCAGGCGGATCATTTGAGGATAGGAATTTGAGACCAGTTTGGCCAACAATGGTGAAACCCTGTCTCTACTAAAAATACAAAAATTAGCTGGGTTTGGTGGCACACACCTGTAATCCCAGCTACTCGGGAGGCTGAGGCACCAGAATCCCTGGAACCTAGGAGGTGGAGGTTGCAGTGAGCCAAGATCACGCCATTGCACCCCAGCCTAGGAGACAGAGAGAGACTGTCTAAATAAATAAATAAAAAAAA","GGCTGGGCATGGTGGCTCACACCTGTAATCCCAGCACTTTGGGAGGCAGAGGCAGGCGGATCACTTGAGGCTAGGAGTTCAAGACTAGCCTGGCCAACATGGTAAAACCCTGTCTCTACTAAAAATACAAAAATTAGCCAGGTGTGACGGCACACACCTGTAATCCCAGCTACTTGGGAGGCTGAGGCAGAAGAATCACTTGAAGCCAGGAGGTGGAGGTTGCAGTGAGCCAAGATCACGCCACTGCACTCCAGCCTGGACAACACAGCAAGACTGTCTCAGAAAAAAAAAAAA"
"chr1","17175617","17175905","chrX","17243808","17244094","32","68191","GGCCGAGTGTGGTGGCTCATGCCTGTAATCCCAGCACTTTGGGAGGCTGAGGCAGGTGGATCACTTGAGGTCAGGAGTTTGAGGCCAGCCTGGCCAACATGGTGAAACCCCGTCTCTACTTAAAAAATACAAAAATTAGCTGGGCATGGTGGCACATGCCTGTAATCCCAGCTACTCAGGAGGCTGAAACAGGAGAATCGCTTGAACCTGGGAGGTAGAGGTTGCAGTGAGCCAAGATTGCACCACTGCACTCCAGCCTGGGTGACAGAGTGAAACTGTCTCAAAAAAA","GGCCTAGTGCGGTGGCTCACGCCTGTAATCCCAGCAGTTTGGGAGGCTGAGGCGGGTGGATCACTTGAGGACAGGAGTTTGAGACCAGCCTGGTCAACATGGTGAAACTCTGTCTTTACTAAAAATACAAAAATTAGCTGGGCGTGGTGGCATACGCCTGTAATCCCAGCTACTCGGGAGGCTGAGACATGAGAATCACTTGAACCCAGGAGGCAGAGGTTGCAGTGAGCCAAGATTGTGCCACTGCACTCCAGCCTGGGTGATAGAGTGTGACTCTGTCTCAAAAA"
"chr1","17191071","17191350","chr15","16049636","16049913","46","1141435","GGCCGGGCACGGTGGCTCATGCCTGTAATCCCAGCACTTTGGGAGATCAAGGTGGGTAGATCACTTGAGGTCAGGAGTTCGAGACCAGCCCAGCCAGTCTTTACTAAAAATATAAAACTTAGCTGGGTGGTGGTGGTGCGTGCCTGTCATCCCAGCTACTCGGGAGGCTGAGGCAGGAGAATCGCTTGAAACTGGGAGCTGGAGTTTGCAGTGAGCCAAGATTGTGCCACTGCACTCCAGCCTGGGCAACAGAGTGAGTGAGACTACTTCTCAAAAATAA","GCTGGGCGCGGTGGCTTATGCCTGTAATTCCAGCACTTTGGGAGGCCGAGGTGGGTGGATGACTTGAGGTAAGGAGTTCAAGACCAGCCTAGGCAACATAGTCTTTACTAAAAATACAAAAATCAGCTGGGTACGGTGGTGTGTGCCTGTAATTCCAGCTACTTAGGAGGCTGAGGCAGGAGAATAGCTTGAGTCTGGGAGGCAGAGGTTGCAGTGAACCAAGATTGCGCCATTGCACTCCAGCCTGGGCAACAGAGTGAGACTCCATCTCAAAAAAA"
"chr1","17216589","17216896","chr1","82669756","82670065","35","65453167","GGCTGGGCGCAGTGGCTCACGCCTGTAATCCCAGCACTGTGGGAGGCCGAGGTTGGCAGATCACTTGAGGTCGGGAGTTCAAGACCAGCCTGGCCAACATGGCGAAACCCCATCTCTACTAAAAATACAAAAATTAGCTGGCGTGGTGGTGAGCTCCTGTAATCCCAGCTACTTGGGAGGCTGAGGCAGGAGAATCGCTTGAACCCAGGAGGCAGAGGTTGCAGTGAGCTGAGATCATGCCTTTGCACTCCAGCCTGGGTGACAGAGCACGACGTTGTCTCAAAAAATAAAAAATAAATAAAATAAAA","GGCTGGGCACGGTGGCTCATGCCTGTAATCCCAGCACTTTGGGAGGCCGAGGTGGGCAGATCACTTGAGGTCAGGAGTTCAAGACCAGCCTGGCCAACATGGTGAAACCCCATCTCTACTTAAAATATAACAATTAGCTGGGCGTGGTGGCAGCACCTGTAATCCCAGCTACTCGGGAGGCTGAGGCAGGAGAATAACTTGAACCCGGGAGGCCAAGGTTGCAGTGAGCTGAGATTGTGCCATTGCACACCAGCCCGGGTGACAGAGCAAGACTGTGTCTCAAAAAAAAAAAAAAGAAAAGAGAAGAAAA"
"chr1","17259071","17259398","chr5","87454864","87455158","63","70195793","GGCCGGGCGTGGTGACTCACTCCTTTAATCCCAGCACTTTGGGAAGCCGAGGCGGATGGATCACTTGAGGTCAGGCACTTTGGGAAGCCGAGGCGGGCGGATCACTTGAGGTCGAGCCTGGCCAACATGGTGAAACCCTGTCTCTACTAAAAATACAAGAAAATAGCCAGGCGTGGTAGCATATGCCTGTAATCCCAGCTACTGGGGAGGCTGAGGCAGGAGAATCGCTTGAACCCAGGAGGCAGAGGTTGCAGTGAGCCAAGATTGCACCACTGCACTCCAGCCTGGGCGACAGAGCAAGACCCTGTTTCAAAACAAAACAAAAAAA","GGCCAGGCGCGGTGGCTCACGCCTGTAATCCCAGCACTTTGGGAAGCCAAGGCAGCCTGATCACTTGAGGTCAGGGGTTCGAGACCAGCCTGGCCAACATGGTAAAACCCTATCTCTACTAAAAATACAAAAATTAGCCGGGCGTGATAGCATGTGCCTATAGTCCCAGCTACTGGGGAGGCTGAGGCAGGAGAATCGCTTAAACCCAGGAGGCAGAGGTTGCAGAGAGCAGAGATTGCACCACTGCACTCCAGCCTGGGCGACAGAGCAAAATTCCGTCTTTAAACAAAAAAAA"
"chr1","17276053","17276363","chr12","110699815","110700119","42","93423762","GGCTGGGTGCAGTGGCTCATCCCTGTAATCCCAGCACTTTGTGAGGCTGAGGCGGGCAGATCACTTGAGGTCAGGAGTTCGAGACCAGCCTGGCCAACATGGTGAAACCCCATCTCTAGTAAAAATACAGAAAAATTAGCCTGGCCTGGTGGTGCACGCCTGTAATCCCAGTTGCTTGGGAGGCTGAGGCAGGAGAATCCCTTGAACCTGGGAGGCGGAAGTTGCAATGAGGCGAGATCACGCCACTGCACTCCAGCCTGAGTGACAGAGTGAGATTCCATCTCAAAAATAAATAAATAAATAAAATGAAA","GGCCGGGCACTGTGGCTCATGCCTGTAACCCCGGCACTTTGGGAGGCTGAGGTGGGCAGATCACTTGAGGTCAGGAGTTGAGACCAGCATGGCCTACATGGTGAAACCCCATCTCTATTAAAAATACGAAAACAATAGCCAGGTGTGGTGGTGCATGCCTGTAATCCAGTTACTCGGGAGGCTGAGGCAGGAGAATTGCTTGAACCTGGGAGGCGGAGGTTGCAGTGAGCCGAGATCGTACCACTGCACTCCAGCCTGGGTGACAGAGTGAGACTCTGTCTCAGAAAAAAAAAAAAAAAAAAAAA"
"chr1","17291485","17291777","chr2","137365843","137366137","38","120074358","GGCTGGGTGTGGTAGCTCACTCCTGTAATCCCAGCAATTTGGGAGGCTGAGGTGGGTGGATCGTTTGAGGTCAGGAGTTTAAGACCAGCCTGGGCAACATGGTGAAACCTTGTCTCTACTAAAAATACAAAAATCAGTGGGGCATGATGGCACGTGCCTGCAATCCCAGCTACTCAGGAGGCTGAGACAGGAGGATTGCTTGAACTCAAGAGGCGGAGGTTGCAGTGAGCCAAGATCACGCCACTGCACTGCAGCCTGGGTGACAGAGCAAGATTCTGTCTCAGAAAAAAAAA","GGCTGTGTGTGGTGGCTCAAGCCTATAACCCCAGCACATTGGGAGGCTGAGGTGGGTGGATCACTTGAGGTCAGGAGTTCAAGACCAGCCTGGCCAACATGGTGAAACCCTGCCTCTACTAAAAATACAAAAATTATCCGGACGTGGTGGCACATGCCTGTAATCCCAGCTATTAGGGAGGCTAAGACAGGAGAATTGCTTGAACCAAGGAGGCGGAGGTTGCAGTGAGCCAAGATCATGCCACTGTACTCCAGCCTGGGCGACAGAGCAAGAGTCTGTCTCAAAAAAAAAAAAA"
"chr1","17299162","17299398","chr1","193956231","193956461","44","176657069","GATCAGGTGTGGTGGCTCATGCCTGTAATCCCAGCACTTTGGGAGGCCCAAGCAAGCAGATCACTTGAGGTTAGGATTTCGAGACCATCCTGGCCAACATAGTGAAACCCCATCTCTACTAAAAATACAAAAATTAGACAGGTGTGGAGGTGGAGGTTGCAGTGAGCCGAGATCTCACCATTGCACTCCAGCCAGGGCGACAGTGTGAGACCCCATCTCAAAAAACAACAACAACAA","GGCCAGGTGTGGTGGCTCATGCCTGTAATACCAGCACTTTGGGAGGCTGAGGTGGGTAGATCATTTGAGGTCAGGAGTTCAAGAACAGCCTGGCCAACATGGTGAAACCCCACCTCTACTAAATATACAAAAATTAGCCAGGCGTGGTGGCGGAGTTTGCAGTGAGCCGAGATTATACCACTGCACTCCAGCCTGGGTAATAGGGCAAGATTCCATCTCAAAAAAAAAAGA"
"chr1","17313218","17313519","chr7","67310637","67310940","38","49997419","GGCCAGGCGTGGTAGCTCATGCCTGTAATCCCAACACTTTGGGAGGCTGAAGTGGGCAGATCACTTGAGGTTAGGAGTTCAAGACCAGCCTAGCCAACATGGTGAAACCCCATCTCTACTAAAAATACAAAAACTTAGCCAGGCGTGGTGGTGCATGCCTGTAATCCCAGCTACTCGGGAGGCTGAGGCACGAGAATTGCTTGAACCTGGGAGGCGGAGGCTGCAGTGAGCCAAGATCATGCCACGGTACTCCAGCCTGGGCGACAGTGCAAGACCTTGTCAAAAAAAAAAAAAAAAAAAAA","GGCCAGGTGCAGTGGCTCATGCCTGTAATCCCAGCATTTTGGGAGGCTGAGGTGGGCAGATCACTTGAAGTCAGGAGTTCAAGACCAACCTGGTCAACATGGTGAAACCCCATCTCTACTAAAAATACAAAATACTAGCCTGGCATGGTGGTGCATACCTGTAATCCCAGCTACTCGGGAGGCTGAGGCATGAGAATCACTTGAACTGGAGAGACGGAGGTTGCAGTGGGTGGAGATCAAGCCACTGCACTCCAGCCTGGGTGACAGAGCAAGACTCTGTCTTAAAAAAAAAAAAAAAAAAGAA"
"chr1","17327529","17327825","chr22","7212609","7212901","51","10114920","GCTTGTAATCCCAGAACTTTGGGAGGCTGAGGTGAGAGGATCACTTGAGGTTAGGAGTTTGAGACCGGCCTGGCCAACGTGGCAAAAGCCAGTCTCTACTAAAAAAAAATACAAAAATTAGCTGGGCATGGTTGTACGTGCCTGTAATCTCAGCCACTTGGGAGGCTGAGGCAGGAGAATTGCTTGAACCCGAGAGGCAGAGGTTGCAGTAACCTGAGATCACGCCACTGTACTCCAGCCTGGGTGACAAAGCGAGACTCCATCTCAAAAAAAAAAAAAGTAAATAATCAAAATAAA","GCCTGTAATCCCAGCACTTTGGGAGGCTGAGGTGGGCAGATCACTTGAGGTCAGGAGTTCAAGACCAGCCTGGCCACTGTAGTGAAACCCTATGTCTACTTAAAAAATACAAAGATTAGCAGGGCATGGTGGCGCGTGCCTGTAATCCTAGCTACTTGGGAGGCTGGGGCAGGAGAAGTGCTTGAATCCAGGAGGCAGAGGTTGCAGTGAACAGAGATCATGCCACTGCTCTCCAGCCTGGGTGACAGAGCGAGACTCCATCTCAAAAAAAAACCAAAAAACAAAACCAAAAA"
"chr1","17332250","17332549","chr2","80721805","80722103","37","63389555","GACCAGATGCGGTGGCTCATGCCTGTAATCCCAGCACTTTGGGAGGCCGAGGTGAGTGGATCACTTGAGGTCAGGAGTTTGAGACCAGCCTGACCAACATGGTGAAATCCCATCTCTACTAAAAAAAATACAAAAATTAGCTGGGCATGGTGGCGAGTGCCTGTACTCCCAGCTACTTGGGAGGCTGAGGTAGGAGAATCGTTTGAACCCAGGAGGCGGAGGTTGCAGTGAGCCGAGATTGCACCACTGCAGTCCAGCCTGGGCGACAGAGCGAGACTCTTGTCTCAAAAAAATAAAAAA","GGCCAGTGGCAGCGGCTCATGCTTGTAATCCCAGCACTTTGGGAGACTGTGGTGGGTGGATCACTTGAGGTCAGGAGTTTGAGACGAGCCTGGCCAACATGGTGAAACCCCATCTCTACTAAAAATACAAAAATTAGCTGGGCATGGTGGTGCCTGCCTATAGTCCCAGCTATTTGGGAGGCTGAGGTAGGAGAATTGCTTGAACCCAGGAGGCAGAAGTTGCAGTGAGCCGAGATCGCACCACAGCACTCCAGCCTGGGCAACAGGGTGAGACTTTGTCTCCAAAAAACAAAAAAGAA"
"chr1","17340791","17341093","chr6","154513729","154514039","48","137172938","GGCTGGGCATGGTGTCTGTAATCCTAGTGCTTGGGGAGGCTGAGGCAAGTGGATCATTTGAGGTCAGGAGTTCGAGACCTGTCTGGCCAACCTGGTGAAATCCCATCTCTACTAAAAATACAAAAATTAGCTGGATGTGGTGGCACATGCTTGTAACCTCAGCTACTGGGGAGGCTGAGACAGGAGAATCTCTGGAACCCAGGAGGTGGAGGCTGCAGTGAGCCAAGATGGCACCACTGCACTCCAGCCGGGGCAACAGAGTGAGACTCTCTCAAAAAAAAAAATTAAAAAAAAAAAAAAAAA","GGCTGGATGTGGTGGCTCATGCTTGTAATCCCAGCACTTTGGGAGGCTGAGGCAAGTGGATCACTTGAGGCCAGGAGTCTGAGACCAGCCTGACCAACATGGTGAAAGCTCCATCTCTACTAAAAATACAAAAATTAGCTGGGTGTGGTGGTGTGTGCCTGTAATTCCAGCTACTCAGGAGGCTAAGGCAGGAGAATCGGTGGAACCCAGGAGGTGGAGGCTGCAGTGAGCTAAGATTGCACCACTGCACTCCAGCCTAGGCAACAGAGTGAGACTCCATCTCAAAAAAAAAAAAAAAAAAAAAAAAAGAA"
"chr1","17342693","17342987","chr1","209526500","209526793","38","192183807","GGCTGGGCACGGTGGCTCACGCCTGTAATCCTAGCACTTTGGGAGGCTGAGGCAGGTGGATCACTTAAGGTCAGAAGTTTGAGATCAGCCCAGCCAACATGGTGAAACCCTGTCTCTACTAAAAAATACAAAAATTGGCCGGGCGTGGTGGCGCATGCCTGTAATCCAGCTACTCAGGAGGCCGAGGCACGAGAATTGCTTGAACCCTGGAGGCGGAGGTTGCAGTGAGCTGAGATTGCGCCACTGCGCTCCAGCCTGGGCAACACAGTGAGACTCCATCTCAAAAATAAAATAA","GGCTGGGTGCTGTGACTCAGGCCTACAATCCCAGCACTTTGGGAGGCCGAGGCAGGCGGATCACTTGAGGTCAGCAGTTTGAGATCAGCCTGGCCAACGTGGTGAAACCCTGTCTCTACTAAAAATACAAAATTTAGCTGGGCGTGGTGGCACATGCCTGTAATCCCAGCTACTCAGGAGGCTGAGGCAAGAGAATCTCTTGAATCTGGAAAGGTGGAGGTTGCAGTGAGCTGAGATTGTGCCACTGCACTCCAGCCTGGGTGACAGAGTGAGACTCCATCTCAAAAAAAAAGA"
"chr1","17353958","17354256","chr11","9443706","9444010","53","7910252","GGCTGGGCGTGGGGGCTCATGCCTGTAATCCCAGCACTTTGGGAGGTCGAGGCAGATGGATCACTTGAGGTCAGGAATCCGAGACTAGACTGGCCAACATGGTGAAACCCCATCTCTACTAAAAAAAAAAAAAAATACAAAAATTAGCTGGGCGTGGTGGGGCGTGCCTGTAGTCCCAGCTACTCAGGAGGCTGAGGAGTATTCCTTGAACCAGGGGCGGAGGTTGCAGTGGCTGAGATCATGCCACGGCCCTCCAACCTGGGCAACAGAGTGGGACTCTGTCTTAAGGGGAAAAAAAA","GGCCAGGCACGGTGGCTCATGCCTGGAATCTCAGCACTTTGGGAGGCCAAGGCAGGTGGATCACTTGAGGTCAGGATTTCGAGACCAGCCTGGCCAACATGATGAAACCCCATCTCTACCAAAAAAAAAAAAAGACACAAAACTTCGTTGGGCATGATGGCCTGTGCCTGTAGTTCCAGCTACTCTGGAGGCTGAGGTGGGAGAATCACTTGAACCCAGGAGGTGGAGGTTGCAGTGAGCTGAGATCGTGCCACTGTACTCCAGCCTGGGCGACAGAGTGAGACCCTGTCACCGGAAAAAAAAAA"
"chr1","17365586","17365884","chr9","100523236","100523533","42","83157650","GGCTGGGCCAGGTGACTCACACCTGTAATCCCAGCACTTTGGGAATCTGAGGCAAGTGGATCACTTGAGGTCAGGAGTTTGAGACCAGCTTTGTCAAGATAGTGAAACCCCATCTCTACTAAAAATATGAAAAATTAGCCAGGTGTGGGGTGCACATGCCTGTAATCTCAGCTACTCAGGAGGCTGAGGCACATGAATCACTTGAGCCTGGGAGGTGGAGGTTGCAGTGAGCCAAGATCGCCCCACTACACTCCAGCCTGGGCAACAGAGCAAGACTCTGTCTCAAAAAAAAAAAAAAA","GGCTGGGTGCAGTGGCTCACACCTGTACTCCCAGCACTTTGGGAGGCTGAGGCAGGTGGATCACTTGAGGTCAGGAGTTCAAGACCAGCTTGGTCAACATGGTAAAACACCACCTCCATTAAAAATACAAAAAAATTAGCCAGGCATAGTGGTGCACACCTGTAATCCCAGCTACTCGGGAGGCTGAGGCAGGAGAATCACTTGAACCTGGGAGGTAGAGGTTGCAATGAGCCAAGATTGAGCCACTGCACTCCAGCCTGGGTGACAGAGCAAGACTCTGTCTCAAAAAAAAAAAAAA"
"chr1","17384458","17384719","chr7","51278659","51278918","43","33894201","GGCCAGGCGTGGTGGTTCATGCCTTAATCCCAGCACTTTGAGTAGACCAAGACTGGTGGATCACTTTTGAGGTCAGGAGTTTGAGACCAGCCTGGCCAACATGGTTAAAACCATCTGCTAAAAATACCAAAATTAGCTAGGTGTGGTGGCTTTAGCTTGTAATCCTAGCTACTCAGGAGACTGAGGCGGGAGGATCATGTGAACCCGGGAGGCAGAGGCTGCAGTGAGCCGACATTGCACCACTGCACTCCAGTCTGGGCAA","GGCTAGGTGCAGTGGCTCACACCTATAATCCCAGCACTTTGGGAGGCCAAGATTGGTGGATCACTTGAGGTTAGGAGTTCGAGACCAGCCTGGCCAACATGGTGAAGCCCCCTGTACTAAAAATACAAAAATTAGCTGGGTGTGTGGCGCTTGCTCATCATCTTAGCTACTCGGGAGGCTGAGGCAGGAGGATTGTGTGAACCCGGCAGGCAGAGGCTACAGTGAGCCGACATTGCACCACTGCATTCTAGCCTGGGCAA"
"chr1","17392872","17393159","chr5","637686","637980","55","16755186","GGCCGGGTGCAGTGGCTCAAGCCTGTAATCCCAACACATTGGGAGGCTGATCACTTGAGGTCAGGAGTTTTAAAACAGCCTGGAAAACATGGCAAAATACTGTCTCTACTAAAAAAATACAAAAATCAGCCGGGCATGGTGGCGCGCGCCTGTAGTCCCACCTACTCTGGTCACTGAGGCAGAAGAATCGCTTGAACCCAGGAGGCGGAGGTTGCAGTGCACCTAGATCACGCCACTACACTCCAGCCTGGATGACAGAGCGAGACTGTCTCAAAAGAAAAAAAAAAA","GTCAGGCGTCGTGGCTCACGCCTGTAATTCCAGCACTTTGGGAGGCCAAGGCGAGTGGATCACTTGAGGTCAGGAGTTTGAGACCAGCCTGGCCAACATAGTGAAACTCTGTCTCTACTAAAAAATACAAAAATCAGCCGGGCTTGGTGGCGCGTGGCTGTAGTCCCAGCTACTTAGGAGGCTGAGGCAGGAGAATCGCTTGAACCCAGGAGGTGAAGGCTGCAGTGAGCCTAGATTGCGTTACTACACTCCAGCCTGGGCGACAGAATGAGACTGTTCAAAAAAAAAAAAAAAA"
"chr1","17399755","17400060","chr7","45708752","45709057","54","28308997","GGCCAGGGTGCAGTGGCTCATGCCCGTAATCTCAGCACTTTGGGAGGCTGAGGTGGGTGGATCACTTGAAGTCTGAAGTTCGAGATCAGCCCTGCAAACATGGTTGAAACTCTCTAGTAAGAATACAAAAAACTAGCTGGGTGTGGTGGTGCATGCCTATAATCCCAGCTAATCAGAGGCTGAAGCAGGAGGATCCCTTGAACCCAGGAGGCAGAGGTTGCAGTGAGCCAAGATTGCACCACTGGACTCCAGCCTGGGCAACAGCAAGACTGTCTCCCAAAAAAACAAACAAAACAAAACAAAAAA","GCCAGGTGCAATGGCTCACGCCTGTAATCCCAGCACTTTGGGAGGCAGAGGTGGGTGGATCACTTGAGGTCAGAAGTTCGAGACCAGCCTGGCCAACATGGTGAAACTCCATCTCTACTAAAAATATAAAATTGGCTGAGTGTGGTAGCGCATGCCTACAGTCCCAGCTGCTCAGTAGCCTGAGGCAGGAGAATCACTTGAACCCAGGAGGCGGAGGTTGCAGTGAGCCAAGATCGCACCACTGCACTCCAGCCTGGGTGAGAGTGAGAATGTCTCAAAAAAAAAAAAAAAAAAAGAAAAGAAAAA"
"chr1","17403652","17403954","chr7","51306411","51306684","51","33902759","GGCCAGGCGCAGTGGCTCATGCCTGCAATCCCAGCACTTTGGGAGGCTGAGGCAGGTGGATCATTTGAGGCCAGGGCTTCAAGGCCAGCCAGGCCAACATGGGGAAACCCCGTCTCTACTAAAAATGCAAAAATTAGTCGGGGCATTGTGGCATGCACCTGTAATCCCAGCTACTTGGGAGGCTGAGTGGCTGAGTTGAGAGAATCACTTGAACCCAGGAGGCAGAGGCTCCAAGATCATGCCACCGCACTCCAGCCTGGGCAACAGAGTGAGACTTCGTCTCAAAAAAAAAAAGAACAAAAA","GGCCAGGTGCAGTGGCTCATGCCTGTAATCCCAGCACTTTGGGAGCTGAGGTAGGTGAATCACTTGAGGCCAGGAATTCAAGGTCAGCCTGGCCAACATGGGGAAACCCCATCTCTAATAAAAATACAAAAATTAGTCAGGTGTTGTGTGTACCTGTAATCCCAGCTACTTGGGAGGCTGAGTTGGGAGAATCGCTTGAACCCAGGAGGCAGAGGCTCCAAAACGTGCCACTGCACTCCAGCCTGGGCAACAGAGCGAGACCTCGTCTCAAAAA"
"chr1","17405262","17405542","chr5","1642234","1642514","40","15763028","GGCCGGGCGTGGTGGCTCACGCCTGTAATCCTAGCACTTTGGGAGGCTGAAGCGGGCAGATCACTTGAGGTCAGTTTGAGACCAGCCTGGCCAACATGGTGAAACCCCGTCTCTACTAAAAATACAAAAATTAGCAGGGCGTGGTGGCACTTGCCTGTAATCCCAGCTACTCAGGAGGCCGAGGCAGAATTGCTTGAACCCAGGAGGCAGAGGTTGCAGTAAGCAGAGATCACACCACTGCACTCCAGCCTGGGCGACAGAGCAAAGCTCCATCTCAAAAA","GCTGGGCGCGGTGGCTCACACCTGTAATCCCAGCACTTTGGGAGGCTGAGGTGGGTGGGTCACTTGAGGTCAGCATTTGAGACCAGCCTGGGCAACATGGTGAAACCCTGTCCCTACTAAAAATACAAAAATTAGCTGGGCATGGTGGCCCACACCTGTAATCCCAGCTACTCAAGTAAGCAGGAGAATCGCTTGAACCCAGGAGGCAGAGGTTGCAGTGAGCCGAGATTGCGCCCCTGCACTCCAGCCTGGGTGACAGGCTGAGACTCCATCTCAAAAAA"
"chr1","17413852","17413980","chr22","34407965","34408089","17","16994113","GCCGGGCACGGTGGTTCACATCTAATCCCAACACTTTGGGAGGCCAAGGTGGGTGGATCACTTGAGGTCAGGAGTTTGAGACCAGCCTGGCCAACATGGTGAAACCCTGTCTCCAAAAACCAAAGAAAT","GCCGGGCAAGTGGCTTACTCCTGTAATCCCAGCACTTTGGGAGGCCAAGGTGGGTGGATCACTTGAGGTCAGGAGTTCGAGATCAGCCTGGCCAACATGTTAAAACCCTGTCTCAAAAACAAAAA"
"chr1","17426755","17427059","chr7","30011356","30011665","43","12584601","GCTGGGCATGGTGGCTCACGCCTGTAATCCCAGCAGTTTGGAAGGCTGAGTCGAGTGGATCACTTGAGCTCAGGAGTTAAAGACCAGCCTGGCCAATATGGTGAAACCCTCTCTACTAAATATACAAAAATTAGCTGGGTGTGATGGCACACGCCTGTAATCCCAGTTACTCGTGAGGCTGAGGCAGGAGAATCAATTGAACCTGGGAGGCAGAGGTTGCAGTGAACCGAGATTGTGCCACTGCTCTCCAGCCTGGGCAACAGTGAAACTGTCTCAAAAAAAAAAAAAAAAAAAAAAAAAGAAAA","GGCTGGGCACAGTGGCTCAAGCCTGTAATCCTAGCATTTTGGAGGCTGAGGTGGATGGATCACTTGGGGTCAGGAGTTCAAGACCAGCCTGGCCAATATGGTGAAACCCTGTTTCTACTGAAAATACAAAAATTACCTGGGCATGGTGGTACACGCCTGTAATCCTGGCTACTCGGGAGGCTGAGGCAAGAGAATCACTTGAACCTGGGAGGCAGAGGTTGCAGTGAGCCAAGATTGTACCACTGCACTCCAGCCTGGGCAACAGAGCGAGACTCCATCTCAAAAAAAAAAAAAAAAAAAATGAAAAAAA"
"chr1","17445934","17446198","chr20","7774398","7774666","45","9671536","GGAGGCCGGGCGTGGTGGCTCACTTGAGGTCAGGAATTTGAGACCAGCCTGGCCAACATGGTGAAACCCCATCTCTACTAAAAACACAAAAATTAGCCAGGTGTGCTGGTGTGTGCCTGTAATCCTAGCTACTTGGGAGGCTGAGACAGGAGAATTGCTTGAACCAGGAGGCAGAGGCTGCAGTGAGCCAAGATCACTGCACTCCAGCCTGGGCAACAGAGTGAGACTCCATCTCAAAAAAATAAAATAAAATAAAAATAAATAA","TTGGGAGGCCAAGGTGGGTGGATCACTTGAGGTCAGGAGTTTGAGACCAGCTTGGCCAACATGGTGAAACCTTGTCTATACTAAAAATACAAAAATTAGCTGAGTGTGGTGGTGTGTACCTGTAATCCCAGCTTCTCGGGAGGCTGAGGCAGGAGAATGGCTTGAACCCAGGAGGTGGAGGTTTCAGTGAGCCAAAATTACGCCACTGCACTCCAGCCTGGGCGACAGAGCCAGACTCCATCTCCAAAAAAAAAAAAAAAAAAAAAAAA"
"chr1","17449898","17450195","chr18","29057219","29057511","40","11607321","CAGTGGCTCACACCTGTAATCCCAGCACTTTGGGAGGCCAAGGTGGGTGGATCACTTAAGGTCAGGAGTTTGAGACCAGCCTGGCCAACATGATGAAACTCCGTCTCTACTAAATAAACAAAAATTAGCTGGGCATGGTGGTACATGCCTGTAATCCCAGCTACTCAGGAGGCTGAGGCAGGAGAATCACTTGAATCCAGGAGGTGGAAGTTACAGTGAGCTGAGTTGTCACCGCTGCAATCCAGCCTGGATGACAGAGTGAGACTCTGTCTCAACAAAAAAAAAAAAAAAAAGAAAA","GTGGCTCACACCTGTAGTCCCAGCACTTGGGAGGCCAAGGAGGGTGGATCACTTAAGGTCAGGAGTTCAAGACCAGCCCAGCCAACATGATGAAACCCTGTCTCTACTAAAAATATAAAAATTAACTGGGCATGTTGGTGCATGCCTGTAATCCCAGCTACTCGGGAGGCTGAGGTAGGAGAATCACTTGAACCCGGGAGGCAGAGGTTGCAGTGAGCCAAGATTGCACCACTGCACTCCAGCCTGGGTGACAGGTGACACTCCATCTCAAAAAAAAAAAGAAAAAAAAAGAA"
"chr1","17452131","17452427","chr18","4701650","4701950","44","12750481","GCTGGTTGTGGGGGCTCATGCCTGTAATCCCAGCACTTTGGGAAGCCGAAGCAGGACAATCACTTCAGGTCAGGAATTTGAGACCATCCTGGTCAACATGGTGAAACCCTGTCTCTACTAAAAAATACCAAAACTAGCTGGGCATGGTGGCTTGTGCCTGTAGTCCCAGCTACTCGGGAGGCTGAAGCTGGAGAATCGCTTCAACCTAGGAGGCAGAGACTGCAGTGAGCTGAGATGGCGCCATTGCACCCCAGCCTGGGCGACAGAGACTCTGTCTCAAAAAAAAAAAAAAAAAAA","GGCCAGGTGCAGTGGCTCATGTCTGTAATCCCAGCACTTTGGGAGGCTAAGGCAGGCAGATCACTTGAGGTCAGGAATTGGAGACCATCCTGGCCCATGTGGTGAAACCCTGTCTCTACTAAAAATACAAAAATTAGCTGGGCATGGTGGCACATGCCTGCAGTCCCAGCTACTCGGGAGGCTGAGGCAGGAGAGTCGCTTGAACCTAGGAGGCAGACGTTGCAGTGAGCTGAGATTGTGCCACTGCACTCCAGCCTGGTGACACAGCAAGACTCTGTCTCAAAAAAAAAAAAAAAGAAAA"
"chr1","17456817","17457109","chr10","7401926","7402222","47","10054891","GCCAGGCTTAGTGGCTCATGCCTGTAATCCCAGCACTTCGGGAGGCCAAAGCAGGCAGATCACTTGAGGTCAGGAGTTTGAGACCAGTCTGGTCAACATGCAAAACCCTGTCTCTACTAAAAATACAAAAATTTGCTGGGCATGGTGGCGCGTGCCTGTAATCCCAGCTATTCCTGAGGCAGGAGAATCCCTCGAACCCGGGAGGCAGAGGTTGCAGTGAGCTGAGATCGCGGCACTGCACTCTAGCCTGGGCGATAGAGTGAGACTCCATCTCTTAAATAAATAAATAAAAA","GGCTGGGTGAGGCGACTCACGCCTGTAATCCCAGCACTTTGGGAGGCCAAGGCAGGTGAATCACTTGAGGTCAGAAGTTTAAGACCAGCCTGGGCAACATGGCAAAACCCTGTCTCTTCTAAAAATACAAAATTAGCTGGGCATGGTGGCACATGCCTATAATCCCAGCTACTTGGGAGGCTGAGGCAGGAGAATCGCTTGAACCCGGGAGGCAGAAGTTGCAGAGAGCTGAGATCGCACCACTGTACTCCAGCCTGGGCAATAGAATGAGACTTCATCTCAAAAAAAAAAAAAAAA"
"chr1","17468215","17468512","chr20","29549977","29550272","47","12081762","GGCAGAGCGTGGTGGCTTATGCCTGAGATCCCAGCACTGTGGGAGGCTGAGGCGGGCAGGTCATTTGCGGTCAGGAGTTCGAGACCAGAGTGGCCAACATGGTGAAACCCCATCTCTATTAAAAATACAGAAATTAGCTGAGCATGGTGGGGGCATGCCTGTAGTTCCAGCTACTGGGGAGGCTGAGGCAGAAGAATCGCTTGAACCTGGGAGGTGAAGGCTGTGGTGAGCGGAGATCACGCCACTGCACTCCAGCCTGGGCAGCAGAGAGAGACCCTGTGTCAAAAAAAAAAAAAAA","GGCCAGGTGCAGTAGCTCATGCCTGTAATCCCAGCACTTTGGGAGGCTGAGGCAGGCAGATCACTTGAGGTCAGGAGTTCAAGACCAGCCTGGCCAACATGGTAAAACCCTGTCTCTACTAAAATCACAAAATTAGCTGGGCATGGTGGCGCATGCCTGTAATCCCAGCTGCTCAGGAGGCTGAGGCAGGAGAATTGCTTGAACCTGGGAGGCATAGGTTGCAGTGAGTGGAGATCACACCACTGCACTCCAGCCTGGGCGACAGAGCGAGACCCTATCTCAAAAAAAAAAAAAAA"
"chr1","17468684","17468990","chr2","8010187","8010487","43","9458497","GGGCAGGCACAGTGGCTCATGCCTGTAATCCCAGCATTTTGAGAGGCCAAGGTGGGTGGGTCACTTGAGCTCAGGAGTTAGAGACCAGCATGGCCAACATGGTGAAACCCGGTCTCTACCAAAAGATACAAAAAATAGCTAGGCATTGTGACGCGTACCTGTAATCCCAGCTGCTCAGGAGGCTGAGGCAGGAGAATTGCTTGAACCTGGGAGGCGGAGGTTGCAGTGAGCTGAGATAGTGCCACTGCACTCCAGCCTAGGTGACAGAGTGAGACTCTGCCTCAAAATAAATAAATAAATAAATAAA","GCCAGGCACAGTGGCTCATACCTGTAATCTCAGCATTTTGGGAGGCCGAAGCGGGTGGATCACTTGAGGTCAGAAGTTTGAGAGTAGCCGAGCCAACATGGTGAAACCCCGTCTCTACTAAAAACACAAAAATTAGCTGGGCATAATGGTGAGCACTTGTAATCCCAGCTACTCGGGAGGCTGAGGCAGGAGAATCGCTTGAACCTGGGAGGTGGAGGTTGCAGTGAGCTGAGATTGTGCCACTGCACTCCAGCCTGGATGACAGAGTGAGACTCTGTTTAAAAAATAAATAAATAAATAA"
"chr1","17472598","17472879","chr7","49560480","49560768","53","32087882","GGCCAAGTGCTGTGGCTCAGGCCTGTAATCCCAGCACTTCGGGAGGCCAAGGCCAGTGGATCCCTTGAGGTCAGGAGTTCAAGATCAGCCTGGCCAACCCCGTGAAACCCCCGTCTCTAGTGAAAATACAAAAATTAGCCAGGTGTAGTGATGTATGCCTGTAGTCCCAGCTACATGGGGGTGCTGAGGCAAAAGAATTGCTTGATCCCGGGACGTGGAGATCATGCCACTGCACTCCAGCCTGGGCAACAGAGAGAGACTCTGTCTCAAAGAAAAAAAAAA","GGCAGGGCACAGTGGCTCACGCCTGTAATCCCAGCACTTTGGGAGGCCAAGGTGGGAGGATCACTTGAGGCCAGGAGTTTGAGATCAGCCTGGGCAACATGGTGAAACACCATCTCTACTAAAAATACAAAAATTAGCCAGGTGTGGTGATGCATGCCTGTAATCCCAGCTACTTGGGAGGCTGAGGCAGGAGAATCACTTGAACCTGGGAGGTTGCAGTGAGCTGAGATCATGCCACTGTACTCCAGGCTGGGCAACAGAAGGAGACTCTGTCTTAAAAAAAAAAAAA"
"chr1","17507571","17507795","chr12","22089917","22090150","41","4582346","GGCCGGGCACAGTGGCTCACACCTGTAATCCCAGCCCTTTAGGAGGCCGAGGCAAGAGGATCACTTGAGGTCAGGAGTTCCAGACTAGCCTGGCCAACATGGTGAAACCCTGTCTCTACTAAAAATTAAAAAATTAGCCTGGCGTGGTGGTGTATGCCTGTAGTCCCAGCTAATCGGGAGATTGAGAGAAGATGGCTTCAGCCCAGAAGTTGCAGGTGGTAGTGA","GGCTGGGCGCATTGGCTCACACCTCTAAATCCCAGCACTTTGGGAGGCTGAGGCAGGTGGATCACTTGAGGTCAGGAGTTCAAGACCAGCCTGGCCAACATGGTGAGATCCCGCCTCTACTAAAAATACAAAAATTAACCAGGTGTGTGGTGCATGCCTGTAGTCCCAGCTAGTCGGGAGGCTGAGGCAGAAGAATTGCTTTAACCCAGGAGGTGGAGGTTGCAGTAAGCTGAG"
"chr1","17508546","17508835","chr8","9296584","9296876","34","8211962","GGCTGGGCACAGTGGCTCACACCTGTAATCCTAGCACTTTTGGAGGCTGAGGCAGGCAGATCACTTGAGTTCAGGAGTTCAAGACCAGCCTGGCCAACATGGTGAAACCCCATCTCTACTAAAAATACAAAAACTAGCCAGGCATGGTGGTGCACACCTGTGCTCTCAGCTACTCAGGAGGCTGAGACAGGAGAATTGTTTGAACCCAGGAGGTGGAGGTTGCAGTGAGCCGAGATCACACCACTGCACTCCAGCCTGGGTGAGAGAGCAAGACTCCATCTCAAAAAAAA","GGCCGGGCACAGTGGCTCACACCTGTAATCCTAGTACTTTGGGAGGCTGAGGCAGGCAGATTGCTTGAGCTCAGAGTTCGAGACCAGCCTGAACGACATGGTGAAACCCCATCTCTACTAAAAATACAAAAAGTTAGCCAGGCATGGTGGTGCGTGCCTATGGTCCCAGCTACTCAAGAGGCTGAGGCAGGAGAATTGCCTGAACCCAGGAGGTGGAGGCTGAAGTGGGCCGAGATCGCACCACTGCACTCCAGCCTGGATGACAGAGCAAGACTCTGTCTCAAAAAGCAAAA"
"chr1","17525721","17526030","chr3","106655459","106655766","46","89129738","GGCTGGGTGCTGTGGCTCATGACTGTAATCCCAGCACTTTGGGGGGCTGAGATGGGCAGACCACTTGAGATTGGGAGTCTGAAACCAGCCTGGCCAACATGGTAAAACCCCGTCTCTGCTAAAAATACAAAAATTAGCCAGGTGTGGTGGCGTGCGCCTGTGTCCCAGCCACTTGGGAAGCCGAGATGGAAGAATCGCTTGAATCCTGCAGGTGGAGGTTGCAGTGAGCTGAGATCCCACCACTGCACCCTAGCCTGGGTGATAGAGTGAGACTCTGTCTCAAAAAAAAAAAAAAAAAGAAAAGAAAAAA","GGTCGGGTGTGGTGGCTCGTGCCTATAATCCCAGCACTTTGGGAGGCTGAGGTGGGCAGATCACTTGAGGTCAGGAGTTTGAGACCAGCCTGGCCAACATGGTGAAACCCCGTCTCTACTAAAAATACAAAAATTAGCCAGGTGTGGTGGCATGCATCTGTAATCCCAGCTACTTTAGGAGGCTGAGGCAGGAGAATCGCTTGAACCCAGGAGGTGGGGGTTGCAGTGAGCTGAGATCGCACCACTGCACTCCAGCCTGGGCAACAGAGAGAGACTCTGTCTCAAAAAAAAAAAAAAAAAAAAAAAAA"
"chr1","17529001","17529302","chr12","87913370","87913678","38","70384369","GGCCGGATGTGGTGACTCGTGCCTGTAAACCCAGCACATTGGGAGGCCGAGGAAGGTGGATCACTTGAGGTCAGGAGTTCAAGACTAGCCTGGCCAACATGGTGAAACCCTGTTTCTACTAAAAATACAAAAATTAGCTGGGTGTGGTGGTGCATGCCTGTAGTCCTAGCTACTTGGGAGGCTGAGGCAGGAGATCGCTTGAACCCAGGAGGTAGAGGTTGCAGTGAGCCAAGATCACGCCACTGTACTCCAGCCTGGGCAACAGAGGGAGACTCCATCTCAAAAAACAAAACAAAACAAAA","GGCCAGGTGCGGTCGCTCACGCCTGTAATCCCAGCACTTTGGGAGACCAAGGCAGGCGGATCACTTGAGGTCAGGGATTCGAGACCAGCCTGGCAAACGTGGTGAAACCCTGTCTCTACTAAAAATACAGAAATTAGCTGGGCGTGGTGGTGCATGCCTGTAATCCCAGCTACTCGGGAGGCTAAGGCAGGAGAATCGCTTGAACCCAGGAGGTGGAGGTTGCAGTGAGCCAAGATCACGCCACTGCACTCCAGCCTGGGCAACAGAGTGAGACTCCGTCTCACAAAACAAAACAACAGCAACAACAAA"
"chr1","17541549","17541685","chr7","51449957","51450089","15","33908408","GGTTGGGTGTGGTGGCTCACCCTTGTAATCCCAGCACTTTGGGAGGCCAAGTTGGGTGGATCACTTGAGGTCAGGAGTTCGGGATCAGCTTGGCCAACATGGTGAAACCCTGTCTTTACTAAAAATGCAAAAATTAT","GGTTGGGTGCCGTGGCTCACGCCTGTAATCCCAGCACTTTGGGAGGCCCAGGTGGGTGGATCACTTGAGATCAGGAGTTCGAGATCAGCCTGGCTAACATGGTGAAACGCTGTCTTTACTAAAAATGCAAAAA"
"chr1","17541990","17542168","chr14","94170216","94170394","35","76628226","TTAGCTGGGTGTGGTGGTGCACGTCTGTAATCCCAGCTATTTGGGAGGCTGAGGTGGGAGGGTCGCTTGAACCCGGGAGGCGGAGGTTACAGTGAACCAAGATTGTGCCACTGCACTCCAGCCTGGGTAACAGAATGAGATTCTATCTCAAAAGAAAAAAAGAAAAGAAAAGAAGAAGA","ATTAGCAGAGCTTGATGGCACACACCTGTAGTCCCAGCTACTTGGGAGGCTAAGGAAGAGAATTACTTGAGCCTGGGAGGTAGAGGTTACAGTGAGCCAAGATCATGCCACTGCACTCCAGCCTAGGTTATAGAGTGAGATTCTGTCTCAAAAAAAAAAAAGAAAAGAAAAGAAAAGAA"
"chr1","17548647","17548948","chr5","76241670","76241978","41","58693023","GGCCAGAAGTGGTGGTTCACACCTATAGTCCCAGCACTTTGGGAGGCTGAGGCAGGAGAATCATTTGAGGTCAGGAGTTCAAGACCAGCCTGGCCAACATGGTGAAACCCTGTCTCTACTAAAAATACAAAAATTAGCTGAGTGTGGTGGTGCGCACCTGTAATCCCATCTACTCAGGAGGCTGAGGCTGGAGAATTGCTTGAACCCAGGAGGCAGAGGATGCAGTGAGCCAAGACCATTGCACTCCAGCCTGGGCAACAGAGCAAGATGCTGTCTCAAAAAAAAAAAAAAAAAAAAAAAAA","GGCCAGGTGCAGTGGCTCACGCCTGTAATCCCGGCAATTTGGGAGACTGAGGCAGGAGGATCATTTGAGGTCAGGAGTTTGAGACCAGCCTGGCCAACATGGTGAAACTCTGTCTCTTCTAAAAATACAAAAATTAGCTGGGTGTGGTGATGTGCACCTGTAACCCCAGCTGCTCAGGAGGCTGAGGCAGAAGAATCACTTGAACCTGGGAGGCAGAGGTTGCAGTGAGCAAGATTGCCCCACTGCACTCCAGCCTGGGCAACAGAGCAAGATTCTGTTTCATTAAAAAAAAAAAAAAAAAAAAAAAGA"
"chr1","17552401","17552571","chrX","108352935","108353103","31","90800534","CGAAAATTAGCCAGCTGTGGTAGCATGCACCTGTAGTCCCAACTACTTGGGAGGCTGAGGCAGGAGAATCACTTGAACCCGGGAAGCAGAGGTTGCAGTGAGCCAAGAACATGCCACTGCACTGCAGCCGGGTGACACAGTGAGATTCTATCTCAAAAGAAAAAAAAAAGA","AAAATTAGCCAGGTGTGGTGGTGTGCACCTGTAATCCCAGCTACTCAGGAGGCTGAGGCAGGAGAATGGTTTGAACTTGGGAGACAGAGGTTGCAGTGAGCTGAGATCAGGCCACTGCACTCCAGCTTGGGTGACAGAGCAAGAGTCCATCTCAAAAAAAAAAAAAAAA"
"chr1","17552604","17552723","chrX","107984432","107984552","17","90431828","GGCTGGACACGGTGGCTCACGCCTGTAACCCCAGCACTTTGGGAGGCTGAGGGGAGCAGATTACTGGAGGTCAGGAGTTTGAGACCAGCCTGGCTGATATGGTGAAACCCTGTATCTACT","GGCAGGGCACAGTGGCTCATGCCTGTAATCTCAACACTTTGGGAGGCTGAGGTGAGCGGATCACTTGAGGTGAGGAGTTTGAGACCAGCCTGGCCAACATGGTGAAACCCTGTCTCTACTA"
"chr1","17557061","17557374","chr9","85779282","85779593","42","68222221","GGCCAAGTGCAGTGGCTCAGGCCTATAATCCCAGCACTTTGGGACACTGAGGTGGATGGATCACTTGAGATCAGGAGTTTGAGACCAGCCTGGGCAACATGGTGAAACCTTGTCTCTACTAAAAATACGAAAATTAGCTGGGTGTGGTGGCATGCACCTGTAATCCCAGCTACTCAGGAGGCTGAGGCAGGAGAATTGCTTGAACCCAGGAGGGGGAGGTTGCAGTGAGGCAAGATTGTGCCATTGCACTCCAGCCTGGGTGACACAGCCAGACTCCATCTCAAAAAAAAAAAAACAAAAAAAACCAAAAAAAA","GGCCAGATGCAGTGACTCATGCCTGTATCCCCAGCACTTTGGGAGGCTGAGGTTGGCAGGTCACTTGAGGTCAGGAGTTTGAGACCAGCCTGGCCAACAGGGTGAAACCCTGTCTCTACTAAAAATACAAAAATTAGCTGAACATGGTGGCACGTACCTGTAATCCCAGCTACTCAGGAGGCTGAGGCAGGAGAATTGCTTAAACCCAGGAGGGGGAGGTTGCAGTGAGCTAGAATCAAGCCATTGCACTCCAGCCTGGGTGACAGAGTAAGACTCAGTTTCAATTAAAAAAAAAAAAAAAAAAAAAAAAAA"
"chr1","17567375","17567667","chr1","172257719","172258009","40","154690344","GGCTGGTCACAGTGGTTCACGCCTGTAATCCCAGCACTTTGGGAGGCCAAGACAGGTGGATCACTTGAGGTCAGGAGTTTGAGACCAGTCTGACCAACATGGTAAAACCCTGTCTCTACTAAAAATACAAAAAAGGAGCTGGGCATGGTGGCACATGCCTGTAATCCCAGCTACTCAAGAGGCTGAAGCAGGAGCATCGCTTGAACCTGGGAGGCGAAGATTACAGTGAGCCGAGATCGCGCCATTGTACTCCAGCCTGGGCGACAGAGTGAGACTACATCTCAAAAAAAAAA","GCTGGGCACAGTGGCTCATGCCTGTAATCCCAGCACTTTGGGAGGCCGAGGTGGGTGGATCATTTGAGGTCAGGAGTTCAATACCAGCCTGGCCAACATGGTAAAACCCTGTCTCTAATAAAAATACAAAAATTAGCTGGGCATGGTGGCGCATGCCTGTAATCCCAGTACTCAGGAGGCTGAGGCAGGAGAATCGCTTGAACCGGGGAGGCAGAGTTTGCAGTGAGCCAAGATCACACCATTGTACTCCAGCCTGGGCAACAGAGCAAGACTGTCAAAAAAAAAAAAAAA"
"chr1","17577037","17577345","chr7","16121759","16122064","43","1455278","GGCCAGTCATGGTGGCTCATGCCTGTAATCCCAGCACTTTGGGAGGCCGGGGCAGGCAGATCACTTGAGGTCAGGAGTTCGAAACCAGCCTGGCCAACATGGTGAAACCCCATCTCTACTAAAAATACAAAAAATTAGCCAGCCGTGGTGGCACATGCCTGTAGTCCCAGCTACTCGAGAAGCTGAAGCAGGAGAATCACTTGAACCTGGGAGGTGGATGTTGCAGTGAGCCAAGATCACACCACTGCCACTCCAGCCTAGGCGACAGAGCAAGACTGTCTCAAAAATAAATAAATAAATAAACAATAA","GCCAGGTGTGGTGGCTCATGCCTGTAATCCCAGCACTTTGGCAGGCCAAGGCAGGCAGATCACTTGAGGTCAGGAGTTCGAGACCAGCCTGGCTAACATGGTGAAACCCCGTCTCTACTAAAAATACAGAATTAGTCAGCATGGTGGCACATGCCTGTAATCCCAGCCACTCGGGAGGCTGAGGCAGGAGAATCACTTGAACCTTGGAGGTGGAGGTTGAAGTGAGCCGAGATCATGCCACTGCACTCCAGTCTGAGCAAAAGAGTGAGACTCTACCTCAAAAAGCAAATAAATAAAAAATAAAAA"
"chr1","17579019","17579318","chr1","157959927","157960225","36","140380908","GCCGGGCACAGTGTCTCACGCCTGTATCTCAGCACTTTGGGAGGCTGAGGTGGGCGGATCACTTCAGGTCAGGAGTTCGAGACCAGCCTGGCCAACGTGGTGAAACTCCATCTCTACTAAAAATACAAAAATTAGCTGGGCATGGTGGCACATGCCTTTAATCCCAGCTACTCAGTAGGCTGAGGCAGGAGAATCACTTGAACGTGGGAGGCGGAGGTTGCAGTGAGCCAAGACCGTGCCACCGCACTCCAGTCTGGGAAACAGAGCAAGACTCTGTCTCAAAAAATTAAAAAAAAAAAA","GGCCGGGCACAGTGGCTCACGCCTGTAATCCCAGCACTTTGGGAGGCTGAGGTAGGCGGATCACTTCAGGTCAGGAGTTCGAGACCAGCCTGGCCAACATGGTGAAACCAGTCTTTACTAAAAATACAAAAATTAGCCAGGCGTGGTGGTGCGCGCCTGTAATCGCAGCTGCTTGGTAGGCTGAGGCAGGAGAATCACTTGAACCCGGGAGGCGGAGGCTGCAGTGAGCCGAGACGGTGCCACTGCTCTGCAGCCTGGGCGACAGAGCAAGACCCTGTCTCAAAAAAAAAAAAAAAAAA"
"chr1","17581034","17581339","chrX","51938318","51938628","41","34357284","GCCAGGCATGGTGTCTCATGCCTGTAATCCCAGCACTTTGGGAGGCCGAGGCGGGCAGATCACTTGAGGTCACGAGTTCGGGACCAGCCTGGCCAACATGGTGAAATCCCATCTCTACAAAAATACAAAAATTAGCTGGGTATGGTGTGGCACTTGTAATCTCAGCTACTTGAGAGGCTGAGGCAGGAGAATTGCTTGAACCTGGGAGATGGAGGTTGCAGTGAGCCAAGATCACACCACTGCACTCCAGCCTGGGTGACAGAGCAAGACTGTCTCAAAAAAAAAAAAAAAAAAAAAAAGAAAAGA","GGCCAGGCGAGGTGGCTCATGCCTGTAATTCCAGCATTTTGGGAGGCCGAGGTGGGCAGATCACTTGAGGTCAGGAGTTTGAGACCAGCCTGGGCAACATGGTGAAACCCTGTCTCTACAAAAATACAAAAATTAGCTGGCTGTGGTGGTGCTCACCCGTAATCCCAGCTACTTGGGAGGCTGAGGCAGGAGAATGGCTTGAACCCCTGAGGTGGAGGTTACAGTGAGCCAAGATTACGCCACTTCACTCCAGCCTGGGTGACAGAGCGAGACTCCATCTCAAAAAAAAAAAAGAAGCAAAAAACAAAAAA"
"chr1","17598103","17598395","chr3","145801070","145801369","43","128202967","GTGTGGTGGCTCACGCCTCTAATCCCTGAACTTCGGAAGGTTAAGGTGGGTAGATCACTGGAGGTCAGGAGTTTGAGACCAGCCTGGCCAATATGGTGAAACTCTGTCTCTACCAAAAATACAAAAATTAGCCAGGCATGGTGGTACATGCCTGTAATCCCAGCTACTCAGGAGGCTGAGATGGGAGAATCGCTTGAACCCGGGAAGCGGAGGTTGCAGTGAGCTGAGATCGTGCCACTGCACTCCAGCCTGAGGGACAGGGCAATACTTCATCTCAAAAAAAAAAAAAAAAA","GCCAGGCGTGGTGGCTCACGCCTGTAATCCCAGCACTTTGGGATGCCAAGGTGGGCAGATCACTTGAGGTCAGGAGTTTGAAACCAGCCTGGCTAACATGGTGAAACTCTGTCTCTACCAAAAATACAAAAATTAGCCAGGTGTGGTGGTTCATGCCTGTAATCCCAGCTACTCTGGAGGATGATACAGGGGAATAGCTTGAACCTGAGAGGCGGAGGTTACAGTGAGCTGAGATCCTGCCACTGCACTTCAGCCTGAGGGCGACAGAGGGAGACTCCATCTCAAAAAAAAAAAAACAAA"
"chr1","17600773","17601079","chr9","45396887","45397186","44","27796114","GGTGCGGTGACTCACTCCTGTAATCCCAGCACTTTGGGAGGCTGAGGTGGGTGGATCACTTGAGTTCAGGAGTTTGAGACCAACCTGGCCAACATGGTGAAACCCCATCTCTACCAAAAGTGCAAAAATTAGCTGGGTGTGGTGGCGCATGCCTGTAATTCCAGCTACTTGGGAGACTGAGGTGGGAGGATTGCTTGAACCCGGGAGGCAGAGGTTGCAGTGAGCCGAGATCGCACCACCGCCCTGAAGCCTGGGCGACAGAGCGAGGCTCTGTCTCAAAAAAAAAAAAAAAAAAACAAAAAACAAA","GGTGGCTCATGCCTATAATCCCAGCACTTTGGGAGGCTGAGGCTGGTGGATTACTTGAGGTCAGGAGTTTGAGACCAACCTGGCCAACATGGTGAAACCTCATCTCTACTAAAAATACAAAAATTAGCTGGGTGTGGTGGTGCATGCCTGTAGTCCCAGCTACTAGGGAGGCTGAGGCAGGAGAATGCTTGAACCTGGGAGGCAGAGGTTGCAGTGAGCCGAGATCGTGCCACTGTACTCCAGCCTGGGCAACAGATGGAGACTCATCTCAAAAAAAAAGAAAGAGAAAAGAAAAAAAAA"
"chr1","17601443","17601745","chr7","87073863","87074158","46","69472420","GGCTGGACACGGTAGCTCATGCCTGTAATCACAGCACTTTGGGAGGCCAAGGCATGTGGATCACTTGAGGTCAGGAGTTCAAGACCAGCCTGGCCAACATGGTGGAACTCCGTCTCTACTAAAAATACAAAAATTAGCCAGGCGTGGTGGTGCATGCCTGTAGCCCCAGCTACTCAGGAGGCTGGTGCACAAGAATCACTTGAACCCAGAAGAGGAAGGTTGCAGTGACCCAAGATCATGCCACTACACTCCAGCCTGGATGACAAAACAACACTCCATCAAAAAAAGGAAAAAGAAACAAGA","GGCTGGGCACGTTGGCTCAGGCCTTTAATCCCAGACTTTGGGAGGCCAAGGCAGGTGGATCACTTGAGGTCAGGAGTTCAAGACCAGCCTGGCCAACATGGTGAAACCCCATCTCTACTAAAAATACAAAAATTAGCCAGGCATGGTGGCGCACGCCTGTAATCCCTGTTACTCAGGAGGCTGAGGTACAAGAATTGTTTGAACCCAGAAGGCAGAGGTTGCAGTGAGCAGAGATTGTGCCACTACACTCCAGCCTGGGTGACAGAGTAAGACTCAATCTCAAAAAAAAAAAAAAA"
"chr1","17650451","17650755","chr1","27883875","27884177","40","10233424","GGCTGGGTGAGGTAGCTCACGTCTGTAATCCCAGGATTTTGGGAGGCCAAGGCAGGTGGATCACTTGAGGTCAGGAGTTTGAGACCAGCCTGGCCAACATGGTGAAACCCTGTCTCTACCAAAAATACAAAAATTAGCTGAGCTTGATGGTGCACACCTGTAGTCCTAGCTACTGGAGAGGCTGAGGTGGAAAAAACACTTGAACCCGGGAAGCGGAGGTTGCAGTGAGCCGAAATCATGCCACTGCATTCCAGCCTGGGTGACAGAGTAAGACCCTGTCTCAAAAAAAAAAAAAAAAAAAAAAA","GGCTGGGTGCGGTGGCTCATGCCTGTAATCCCAGCACTTTGGGAGGCCAAGGCAGGTGGATCACTTGAGGTCAGGAGTTTGAGACCAGCCTGGCCAACATGGTGAAACCCTGTCTTACTAAAAGCACAAAAATTAGCCTGGTGTGCTGGTGTGTGCCTGCAGTCCCAGCTACTCAGGAGGCTGAGGCAGGGAAATCACTTGAACCCAGGAGGCGGAGGTTGCAGTGAGCGGACATCACTCCACTGCACTCCAGCCTAGTGACAGAGTGAGACTCTGTCTCAAAAAAAAAAAAAAAAAAAAAAA"
"chr1","17725566","17725857","chr14","4609829","4610121","42","13115737","GGCCAGGCATGGTGGCTTACGCCTGTAATCCCAGCACTTCGGGAGGCTGAGGTGGGTGGATCGTTTGAGGCCAGGAGATCAAAACCAGCCTGGCCAACATGGTGAAACGCCATCTCTACTAAAAATAAAAAAATTAGCCAGGCGTGGTGGCACAGGCTTGTAGTCCCAGCTACTTGGGAGGCTGAGGTAGGAGAATTTCTTGATCCCAGGAGGCGGAGGCTGCAGTGAGCTGAGATTGCATCTCTGCACTCCAGCCTGGGCAATAGAATGAGACTCTGTCTCAAAAACAAAA","GGCCAGGCACGGTGGCTCATGCCTGTAATCCCAACACTTTGGGAGGCCAAGGCAGGAGGATCGTTTTAGGTTAGGAGTTCGAGACCAGGCTGGCCAACATGGTGAAACCCCATCTCTACTAAAAATACAAAAATTGGCCAGGCATGGTGGCATGCGCCTGTAGTCCTTGCTACTTGGGAGGCTGAGGCAGGAGAATTGCTTGAACCCAGGAGGCAGAGGCTGCAGTGAGCTGAGATAGCACCACTACACACCAGCCTGGGCGACAAAATGAGACTCAGTCTCAAAAAAAGAAA"
"chr1","17787273","17787570","chr12","107300154","107300445","47","89512881","GGCCTGGCGCGGTGTGGCTCACGCCTGTAATCCCAGCACTTTGGGAGGCCAAGGCAGGAGGATCACTTGAGGCTGGGAGTTGGAGACCAGCCTGGCCAACATGGTGAAACCCTGTCTCTACTAAAAATACAGAAAAAAATTTAGCTGGGCGTGGTGGCACACACCTGTAATCTCAGCTACTTGGGAGGCTGAGCATGAGAATTGCTTGAGCCTGGGAGGAAGAGGCTGCAGTGAACCAAGATAACTCCACTGCACTCCAGCCCCAGTGACAGAATGAGACTGTCTCAAAAAAAAAGAA","GGCAGGGCGCAGTGACTCAAGCCTGTAATCCCAGCACTTTGGGAAGCCAAGGCAGGTGGATCATTTGAGGTCAGGAGTTTGAGACCAGCCTGGCCAACATGGTGAAACCCCATCTCTACTAAAAATACAATAATTAGCTGGGTGTGGTGGTGCACACCTGTAATCCTAGCTAGTCGGGAGGCTAAGGCAGGAAAATTGCTTGAACCCAGGGGACAGAGGTTGCAGTGAGCCAAGATTGCTCCACTGAACTCCAGCCTGGGTGACAGAATGAGACTGTCTCAAAAAAAAAAAA"
"chr1","17811862","17812156","chr7","51738856","51739141","43","33926994","GCTGGGTGTGGTAGCTCACACCTATAATCCCAGCACTTTGGGAGGCCAAGGCAGGCAGATCACTTGAGCTCAGGAGTTCGAGACAAGCCTGGGCAACATGATGAAACCCCATCTCTACTAAAAATACAAAAAATAAAAAAATTAGCCAGGTTCAGTGGCATGCACCTGTAGTCCCAGCTACTTGGGAGGCCAAGCCAGGAGGCAGAGGCTGCAGTGAGCTGACATCAGATCATTGCACTCCAACCTGGGCCACACAGCCAGACCCTGTCTCAAAAAAAAAAAAAAAGACAGAAAA","GCTGGGTGTGGTAGCTCACACTTACAATCCCAGCACTTTGGGAGGACAAGACAGGCAGATCACTTGAGCTCAGGAGTTCGAGACCAGCCTGGGCAACATGATGAAATACGATCTCTAAAAAATACAAAAAAGAAAAAAACATTAGCCAGGCTCAGTGGCATGTGCCTGTCATCCCAGCAACGTGGGAGGCTGAGCCAGGAGGCAGAGACACAGCAAGTTTAGATCACATCACTGCATTCCAACCTGGGCGACACAGCCAGATCCTGTCTCAAAAAAAAGACAGAAA"
"chr1","17863030","17863330","chr7","6894852","6895150","38","10968178","GGTCAGGCGCGGTGGCTCATGCCTATAATCCCAGCACTTTGCGAAGCCGAGGTGGGTGGATCACTTGAGGTCAGGAGTTCAAGACCAGCCTCGCTAACATGGTGAAATCCCGTCTCTACTAAAAATACTAAAATTGGCCAGGCATGGTGGCATGTGCCTGTAGTCCCAGCTACTGGGGAGGCTGAGGCAGGAGAATCGCTTGAACCTGGGAGGTGGAGGTTGCAATGAGCCGAGATTGTGCCACTGCACTTCAGCCTGGGTGATCGAGCGAGACTCTGTCTCAAAAAACAAAATAAATAAA","GGTCAGGCCTGGTGGTTCACGCCTGTAATCCCAGCACTTTGGGAGGCTGAGGTGGGTGGATCACTTGAGGTCAGGAGTTCCAGAACAGCCTGGCCAACATGGTGAAACCCCATCTCTACTAAAAATGCAAAAATCAGCCAGGTGTGGTGGCATGCGCCTGTAATCCCAGCTACTCAGGAGGCTGAGGCAGGAGAATCGGCTTGAACCTGGGAGGCGGAGGTTGCAGTGAGCCAAGATCACGCCACTGCACTCCAGCCTGGGTGAAAGAGTGAGACTCTGTCTCAAAAAAAAAAAAAAAA"
"chr1","17939089","17939384","chr9","112240509","112240808","38","94301420","GGCCAGGTGTGGTGGCTCACATCTGTAATCCCAGCACTTTGGAAGGCCAAGGCGGGTGGATCACTTAAGGTCAGAAGTTCAAGACCAGCCTGGCCAACATGGTGAGACCCTGTCTCTACTAAAAATACAAAAATTAGGCAGGTGTGGCACACACCTGTAATCCCAACTACTCGGGAGGCTGAGGCATGAGAATCGCTTGAACCCGGGATGCGGAGGTTGCAGCAAGCCAAGATGGCACCACTGCACTCCAGCCTAGGCAACAGAGTAAGACTCCATCTCAAAAAAAAAAAAAAAAA","GGCCAGGTGTGGTGGCTCAAACCTATAATCCCAGCACTTTGGGACACTGAGGCAGGTGGATCACTTGAGGCCAGGAGTTCAAGACCAGCCTGGTCAACATGGTGAAACCCCATCTCTACTAAAAATACAAAAATAAGCCGGGTATGGTGGCACACACCTGTAATCCCAGCTACTCGGGAGGCTGAGGCAGAAGAATCACTTGAACCGGGGAGGTGGAGGTTGCAGTGAGCCAAGATGGCGCCACTGCACTCCATCCTAGGTGACAGAGTGAGACTCCAGCTCAAAAAAAAAAAAAGAAAA"
"chr1","17994958","17995238","chr7","51946632","51946915","49","33951674","GGCCAGGCGTGGTGGCTCATGTCTATAATCCCAGCATTTTGGGAGGCCAAGACAGGCAGGTTACTTGAGGTCAGGAGTTCGAGACAAGTCTGGCCAATATGGTGAAACCCGTCTCTATCAAAAATTAGTTGGGTGTTGTGGTGTGCACCTGTAGTCCCAGCTACTCAGGAGGCTGAAGTGGGAGAACCTGGGAGGCAGAGGTTGCAGTGAGTTGAGATCGTGTCACTGCACTCCAGCCTGGGCAAAAGAGTGAGACCCTGTCTCAACAACAACAACAAAAA","GGCCAGGCGTGGTGGCTTATGCCTGTAATCCCAGCATTTGGCAGGCTGAGGCAGGCAGGTCACTTGCGGTCAGGAGTTTGAGACCAGCCTCGCCAACATGGTGAAACCCCGTCCTCTAAAAAAAAAATACAAAAATTAGCTAGCTGTGGTGGTGTGCACCTATAGTCCCAGCTACTCAAAAGGCTGAGGTGGAAGAACCTGGGAGGCAAAGGTTGCAGTGAGCTGAGATTGTCACTGCACTCTAGCCTGGGCAGCAGAGTGAGACCCTGTCTCAACAACAACAA"
"chr1","17997747","17998057","chr7","51949943","51950248","50","33952196","CTGGGCACAGTGGCTCACGCCTGTAATCCCAGAACTTTGGGAGGCAGAGGCAGGTGGGTCACTTGAGTCCACGAGTTTGAGACCAGCCAGGCCAACATGGGGAAATCCCATCGCTATCAAAAAATACAAAAATTATCCAGGTGTGGTTTTGCATGCCTGCAGTCCCAGCTACTCAGGAGGCTGAGGCAGAAGAATCGCTTGAACCCTGGAGGTGAAGGTTGCAGTGAGACAAGATCGCGCCACTGCACTCCAGCCAAGGTGAGAGAGTGAGACTCCATCTCAAAAACAAAATAAAATAAAATAAAAATAAA","CTGGGTGTGGTGGCTCATGCCTGTAATCCCAGAACTTTGGGAGGCTGAGGCAGGTGGGTCACTTGAGGTCATTAGTTTGAGACCAGCCTGGCCAACATGGCCAAACCCCATATCTACCAAAACACACAAAAATTAGCCAGGTGTGGTGGTGAGTGCCTGTAATCCCAGCTACTCAGGAGGCTGAGGCAGGAGAATCCCTTGAACCCAGGAGGTGGAGTGTACAGTGAGCCGAGATTGTGCCACTGCACTCCAGCCGAGGTGACAGAGAGACTCTGTCTCAAAACAAAACAAAAATAAAAATAAAAA"
"chr1","18002687","18003000","chr9","99776089","99776389","56","81773402","GCCAGGCACAGTGACTCATGCCTGTAATCCCAGCACTTTGGGAGGCCAAGGCGGGCAGATCTCTTGAGGTCAGGAGTTCGAGACCAGCCTGGGAAACACAGTGAAACCCTGTTTCTATTAAAATACAAAAATTAGTCAAGCGTGGCGGTACATGCCTGTAGTCCCAGCACGCCTGTAGTCCCTGTAGTCGGGAGGCTGAGGCAGGAGAATCGCTTGAACCCAGTAGGCAGAGTTTGCAGTGAGCCAAGATTCCACCACTGCACTCCAGTCTGGGTGGCAGAGTGAGACTCCATCTCAAAAAAAAAAAAAAAAAA","GCCAGGCGCGGTGGCTCATGCCTCTAATCCCAGCGCTTTGGGAGGCCGAGGCAGGTGGATCACTTGAGGTCACGAGTTCAAGACCAGCCTGGCCAACATGGTGAAACCCTGTCTCTACTAAAAATACAAAAATTAGCCAGGTGTGGTGGTGCACACCTGTAGTCCCAGCCACTCAGGAGGCTGAGGAAAGAGAATCACTTGAACCCAGGAGGCAGAGGTTTCAGTGAGCCAAGATTGCACCACTGCACTCCAGCCTGGGTGACAGAATGAGACTCCATCTCAAAAAAATAAAAATAAAGAA"
"chr1","18018808","18019123","chrX","15478140","15478450","48","2540668","GGCCGGGCACTGTGGCTCATGCCTGTAATCCCAGCACTTTGGGAGGCTGAGATGGGCGGGTCACTTGAGGTCAGGAGTTTGAGACCAACCTAGTCAACATGGCGAAACCCTATCTCTACTAAAAATACAAAAATTAGCTGGGTGTGGTGGCATGTACCTGTAATCCCAGCTACCCAGCTACTTGGGAGGCTGAGGCAGGAGAATCGCTTGAACCTGGGAAGTGGAGGTTGCAGTGAGCCAAGGTCGTGCCACTGCACTCCAGCCTGGATGACAGAGTGCAACCTTGTTGCAAAAAACAAAGAACAAACAAACAAAA","GGCCAGGCGAGGTGGCTCATGTCTGTAATCCCAGCACTTTGAGAGGCCGAGGTGGGTAGATCACTTGAGGCCAGGAGATTGAGACCAGCCTGGCCAACATGGTGAAACCCTGTCTCTACTAAAAATACAAAAATTAGCCAGGTGTGGTGGTATGCACATGTAATCCCAGCTATTTGGGAGGCTGAGGCAGGAGAATCACTTGAACCTGGGAGGTGGAGGTTGCAGTGAGCCAAGATCGTGCCACTGCACTCCAGCCTGGGTGACAGAGCAACACTCTGTCTCAACAACAACAAAGATAGAAAGGAAAAAAA"
"chr1","18039873","18040186","chr9","11967801","11968108","59","6072072","GGCTGGGAGAGGTGGCTCACGCCTATAATCCCAGCACTTTGGGAGGCCAAGGCAGATGGAATCTCTTGAGGCCAGGAGTTCGAGACCAGCCTAGCCAACATGGTGAAAACCCATCTCTACTAAAAATACAAAAATTAGCTGGGCATGGTGGTGTACACCTATAATCCCAGCTACTTGGGTGGCTGAAGCATGAGAATCGCTTGAACCCGGGAGCCAGAGATTGCAATGAGCCAAGACCATGCCACCGCTCTCCAGCCTGGGAGCAAGACTGTCTCAAAAAAAGACAAAGCAAGACTCTGTCTCAAAAAAAAAAA","GGCTGGGCGAGGTGGCTCACACCTATAATCCCAGCACTTTGGGAGGCCAAGGCAAGCAGATCACTTGAGGTCAGGAGTTTGAGACCAGCCTGGCCAACATGGCAAAACCCTGTCTCTACTAAAAATACAAAAATTAGCTGGGCATGGTGGTGCACACCTGTAATCCCAGCTACTCTGGAGGCTGAGTCAGGAGAATCACTTGAACCCAGGAGGCAGAGGTTGCAGTGAGCTGAGATTGTGCCATCGCACTCCAGCCTGGGTGACAGAGTAAGACTCCGTCTCAAAAAAATAAATAATAAAAATAAAAA"
"chr1","18070439","18070741","chr20","22923582","22923882","48","4853143","GGCCAGGTGCCCTGGCTTAAGCCTGTAATCCCAGCACTTTGGGAGGCTGATGTAGGCAGATTGCTTGAGCTCAGGAGTTCAAGACCAGCCTGGGAAACATGGTGACACCCCATCTCTGCCAAAAATACAAAAAATTAGCCAAGCACCGTGGCGTGTGCCTGTGGTCCCAGCTACTCGGAAGAGTGAGGTGGGAGGATTGCTTGAGCCTGGGAGGCAGAGGTTGCAGTGAGCCGAAATTATGCCACTGTACTCTAGCCTAGGTAACAGAGTTAGACTCCATCTCAAAAAAAAAAAAAAAAAAAA","GGCCGGGTGTGGTGGCTCACGCCTGTAATCCCAGCATTTTGGGAGGCTGAGGCGGACAGATCACTTGAGGTCAGGAGTTGCAGACCAGCCTGGCCAACATGGTGAAACCCCATCTCTACTAAAAATACAAAAAATTAGCCAAGTGTGGTAGCACATGCCTGTAATCCCAGCTACTGGGGAAGCTGAGGTGGGAGAATTGCTTGAACCTGGGAGGTGGAGGTTGCAGTGAGCCGAGATCATGCCACTGCACTCTAGCCTGGGTGACAGAGCAAGACTCCATCTCAAAAAAAAAAAAAAAAAA"
"chr1","18203298","18203608","chr3","106655459","106655766","46","88452161","GGCTGGTCACGGTGGCTCACGCCTGTAATCCCAGCACTTTGGGAAGCTGAGGCGGGCAGATCACTTGAGGTCAAGAGTTCAAGGCCAACCTGGCCAACATGGTGAAACCCTGTCTCTACTAAAAATACAAAACCTAGCCAGGTGTGGCGGCATGCACCTGTAGTCTCAGCTACTGAGGAGGCTGAGGCACAAGAATCGCTTGAACCTGGATGGCGGTGGCTACAGTGAGCCAAGATCGCGCCACTGCACTCCAGCCTTGGCGACAGAGGGAGACTCGGTCTCAAACAACACAAAACAAAACAAAACAAAAA","GGTCGGGTGTGGTGGCTCGTGCCTATAATCCCAGCACTTTGGGAGGCTGAGGTGGGCAGATCACTTGAGGTCAGGAGTTTGAGACCAGCCTGGCCAACATGGTGAAACCCCGTCTCTACTAAAAATACAAAAATTAGCCAGGTGTGGTGGCATGCATCTGTAATCCCAGCTACTTTAGGAGGCTGAGGCAGGAGAATCGCTTGAACCCAGGAGGTGGGGGTTGCAGTGAGCTGAGATCGCACCACTGCACTCCAGCCTGGGCAACAGAGAGAGACTCTGTCTCAAAAAAAAAAAAAAAAAAAAAAAAA"
"chr1","18210860","18211171","chr13","43465639","43465945","48","25254779","GGCCAGGCACAGTGGCTCATGCCTGTAATCCCAGCACTTTGGGAGGCCAAGGAGGGCGGATCACTTGAGGACAGAAGTTCAAGACCAGCCTGGCTAATATGGTGAAACCCCATCTCTACTAAAAACACAAAAATTAGCTGGGTGTGTTGGTGCACACTTGTAAACCTAGCTAGCTAGTCAGGAGGCTGAGGTGGGAGGACCACTTGGACATAGGAGGTGGAGGCTGCAGTGAGCCTAGATCACGCCACTGCACTCCAGCCTGAGTGACAGAGTGAGACTCTGTCTCCAAAAAATAAAATAAAATAAAATAAA","GGCCAGGTACAGTGGCTCATGCCTGTAATCCCAGTACTTTGGGAGGCCAAGGTGGGTGGATCACTTGAGGTGAGGAGTTCGAGATCAGCCTGGCTAAAATGGTGAAACCCCATCTCTACTAAAAATACAAAATTAGCTGGGAGTGGTGGTGCTCACCTGTAATCCCAGCTACTTGGGAGGCTGAGGCAGGAGAATCACTTGAACCCAGGAGGCGGAGGTTGCTGTGAGTTGAGATCACACCACTGTACTCCAGCCTGGGAGACAGAATGAGACTCCGTCTCAAAAAAAATAAGTAAATAAAAATAAA"
"chr1","18224784","18225064","chrX","105924911","105925188","36","87700127","GCCAGACATGGTGGCTCATGCCTGTAATTCTAGCACTTTGGGAGGCCCAGGCGGGTGGATCACTTGAGGTCAGGAGTTTGAGATCACCCTGGCCGACATGGTGAAACCCCATCTCTACTAAAAATACAAAAATTAGCTGGGTATGGTGGCAAGCACCTGTAATCCCAGCTACTCAGGAGGCTGAGGCAGGAGAATTGCCTGAACCCGGTAGGTGGAGGCTGCAGTGAGCCAAGATCACACCACTGCACTCCAGCCTGGATGACAGAGTGAGACTCTGTATC","GCCAGGCATGGTGGTTCACTCCTGTAATCCCAGCACTTTGGGAGGCCGAGGCGGGTGGATCACTTGAGGTCAGGAGTTCGAGACCAGCCTGGCCAACATGGTGAAACCCTGTCTGTACTAAAAATACAAAAATTAGCTGGGTGTGGTGGCATGTTCCTTTAATCCCAGCTACTCAGGAGGCTGAGGCAGGAGAATCACTTGAACTAGGGAGGTGGAGGTTGCAGTGAGCCAAGATCATGCCATTGCACTCCAGCCTGGCAACAGAAAGAGACTCTGTC"
"chr1","18273040","18273330","chr11","118075028","118075334","43","99801988","GGTGGCTCATGCCTGTAATCCCAGTACTTTGGGAGGCCGAGGTGGGTGGATCACTTGAGGTCAGGAGTTCAAGACCAGCCTGGCCAATATGGTGAAACCCCGTCTCTACTAAAAATACAAAAATTAGCCAGGCATGGTGACATGTGCCTGTAATCCCAGCTACTGTCTGAGGCATGAGAACTGCTTGAACCTAGGAGGTGGAGGTTTCAGTGAGGTGAGAGCATGCCACTGCACTCCAGCCTGGGCAACAGAGGGGGACTCCATCTAAAAAAAAAAAAAAAAAAAAAAAAA","GCTGGGCATTGTGGCTCATGCTTGTAATCCCAGCACTTTGGGAGGCCGAGGTGGGTGGATCACTTGAGGTCAGGAGTTCAAGACCAGCCTGTCCAACATGGTGAAACACCATCTCTACTAAAAATATAAAAAGATTAGCCAGGCATGGTGGCATGCGCCTGTAATCCCAGCTGCTAGGGACGCTGAGGCAGGAGAATTGCTTGAATCTGGGATGTGGAGGTTGCAGTGAGCTGAGATCATGCCACTGCACTCCAGCCTGGGCGACAGAGAGACTCTGTCTCAAAAAAAAAAAAAAAAAAAAAAAAAA"
"chr1","18274744","18275052","chr7","102737006","102737318","48","84462262","GACTGGGCATGGTGGCTCGCACTTGTAATCCCAGCACTTTGGTAGGCCAAGGTGGGCGGATCACTTGAGGTCAGGAGTTCAAGACCTGCCTGGCCAACACGGTGAAACCCCATCTCTACTAAAAATATGAAAATTAGCTGGATGTGGTGGCATGCACCTGGAATCCCAGCTACTAGGGAAGGCTGAGGCAAGAGAATCGCTTGAGCCTGGGAGACAGAGGTTGTAGTAAGCCGAAATCGCGCCACTGCACTCCAGCCTGGGTGATAGAGTAAGACTCTGAAAAAACAAAAACAAACAAACAAAAAAGAA","GGCTGGGCACGGTGGCTCACACCTGTAATCCCAGCACTTTGGGAGGCCAAGGCGGGCGGATCACTTGAGGTTAGGAGTTCGAGACCAGCCTGACCAATATGGTGAAACCCCATCTCTACTAAAAATACAAAAATTAGCCAGGGGTGGTGGCACGCACCTGTAATCCCAAGCTTACTCAGGAAGCTGAGGCAGAAGAATCGCTTGAACCTGGGAGGTGGAGGTTGCAGTGAGCCGAGTTCACTCCACTGCACTGCAGCCTGGGTGACAGAGCAAGACTGTCTCAAAAACAAAAAACAAACAAACAAACCAAAAA"
"chr1","18342095","18342393","chr22","7822716","7823014","41","10519379","GGCCGGGCTTGGTGGCTCATGCCTGTAATCCCAGCACTTTGGGGGGCCGAGGCGGGAGGATCACTTGAGGTCAGGAGTTCAAGACCAGCCTAGCCAACATGGAGAAACCTCGTCTCGACTAAAACTAGAAAAATTAGCCAGGCATGGTGGTGTATGTCTGTAACCCCAGTTACTTGGGAGGCTGAGGCAGGAGAATCTCTTGAGCCTTGGAGGCAGAGGCTGCAGTGAGTTGAGATCATGCCACTGCACTCCAGCCTGGGGGACAGAGCAAGACTGTCTCAAGACAAAACAAAACAAAA","GGCTGGGCACGGTGGCTCATGCCTGTAATCTCAGCACTATGGGAGGCCAAGGTGGGTGGATCACTTGAGGTCAGGAGTTCAAGACCAGCCTGGCCAACATGGTGAAACCTCGTCTCTACTAAAAATACAAAAATTAGCCAGGCATGGTGGCACGTGCCTGTAATCCCAGCTACTTGGGAGAGTGAGGCAGGAAAATCACTTGAACCTGGGAGGCAGAGGTTGCAGTGAGCTGAGATGGCACCATTGCACTCCAGCCTGGGTGACATAGCGAGACTGTCTCCAGAAAAACAAACAAAAAA"
"chr1","18371290","18371586","chr7","52336159","52336443","42","33964869","GGCTGGGCACGGTGGCTTACACTTGCAATCTCAGAACTTTGGGAGGCCGAGGCAGGTGGATCACTTGCAGCCGGGAGTTTGAGACCAGCCTGGCCAACATGGTGAAACCTCGGCTCTACTGAAAATACAAAAATTAGCTGGGTATGGTAGCTCATGCCTGTAGGCCCAACTACTTGGGAGGCTGAGGCAGGAGAATCCCTTGAACCTGGGAGGTGGAGGTTGCAGTGAGCTGAGATTGCGCCACTGCACTCCAGCCTAGGCAATAGAGTAAGACTCCATTTCAAAAAAAAAAAAAAA","GGCTGGGTGCGGGGGCTCACACCTGCAATCCCAGAACTTTGAGAGGCTGAGGCAGGTGGATCACTTGAGACCAGGAGTTTGAGACCAGCCCGGCCAACATGGTGAAACCTCAGCTCTACTGAAAATACAAAAATTAGCTGGGTATGGTGGCTCATGCTCAGCTACTTGGGAGGCTGAGGCAAGGAGAATCCCTTGAACCTGGTAGGTGGAGGTTGCAGTGAACCAAGATTGTGCCACTGCACTCCAGTCTGGGCAAGAGAGTGAAATGCCATCTCAAAAAAAAAA"
"chr1","18418734","18419041","chr5","84717109","84717410","44","66298375","GGTCAGGCATGGTGGCTTACGCCTGTAATCCCAGCACTTTGAGAGACCAAGGCAGGTGGATCACTTGAGGTCAGGATTTCAAGACCAGCCTGGCCAACATGGTGAACCCCATCTCTATTAAAAGTACGAAAATTAGCTGGGTGTGAAGACACACACCTGTAGTCCCAGCTACTTGGGAGGCTGAGGTAGGAGAATGACTTGAACCTGGGAGGCAGAGGTTGCAGCGAGCCGAGATTATGCCACTGCACTCCAGCCTGGGAGACAGAGTGGGAGTCTTTCTCAAGAAAAAAAAAAAAAAAAAAAAAAAA","GGCCAAGCGTGGTGGATCATGCCTGTAATCCCAGCAGTTTGGGAGACCAAGGCAGGTGGATCAGTTGAGGTCAGGAGTTCGAGACCAGCCTGGTCAACATGGTGAAACCCCATCTCTACTAAAAAAACAAAAATTAGCCACGTGTGGTGGCACACGCCTGTAGTCCCAGCTACTTGGGAGGCTCAGGCATGAGAATCACTTGAACCTGGGAGGCAGAGGCTGCAGTGAGCCGAGATTGTGTCACTGCACTCCAGCCTGGGTGACAGAGTGAGACTCTGTCTGGAAAAAAAAAAAAAAAAAAA"
"chr1","18423509","18423815","chr7","52395765","52396069","38","33972256","GGCCAGGCTGGGTGGCTCATGCCTATAATCCCAGCACTTTGGGAGGCCAAGGCAGGTGGATCACTTGAGGTCAGGAGTTCAAGACCAGCCTGGTCAACGTGGTGAAACTCCATCTCTACTAAAAATACAAAAATTAGCTGAGTGTTGTGGTGCATGCCTGTAGTCCCAGTTACTTGGGAGGCTGAGGCAGGAGAATGTCTTGAACCCAGGAGGCGGAGGTTGCAGTGAGCTGAGATCGCGCCATTGCACTCCAGTCTGGGTGACAGAGTGAGATTCCATCTCAACATAAATAAATAAATAAAGTAAA","GGCCAGGTGGGCAGTGGCTCATGCTTGTAATCCCAGCACTTTGGGAGGCCAAGGAAGATGGATCACTTGAGGTCAGGAGTTCAAGACAAGCCTGGCCAATATAGTGAAACCCTGCCTCTACTAAAAATACAAAAATTAGCTGGGTGTTGTGGTGCCTGCCTATAGTCTCATTTACTTGGGAGGCTGAGGCAGGAGAATGCCTTGAACCTAGGAGGCGGAGGTTGCAGTGAGCTGAGATCACGCCATTGCACTCCAGCCTGGGTGATGGAGTGAAACTCTGTCTCAAAATAAATAAATGAAATAAA"
"chr1","18449902","18450209","chr5","43497583","43497891","43","25047681","GGTTGGGTGCGGTGGCTCACGCCTGTAAACCCAGCACTTTGGAAGGCCAATGTGGGCAGATCGCTTGAGGTTGGGAGTTCGAGACCAGCCTGGCCAACATGGTGAAACCCTGTCTCTACTAAAAATACAAAAATTAGCCGGGCATGGTGGCACACGTCTATAATCCCAGCTACTTGGGAGGCTGAGGCAGGAAACTGTTTGAACCTGGGAGGCGGAGTTTGCAGTGAGCTGAGCTCATAGCACTGTACTCCAGCCTGAGCAACAGAACAAGACGCCATCTCAAAAAAAAAAAAAAAAAAAAGGAAAAA","GCCGGGCGTGGTGGCTCATGCCTGTAATTCCAGCACTTTGGGAGGCCAAGGTGGGCGGATCACTTGAGGTCAGGATTTCGAGACCAGCGTGGCCAACATGGTGAAACCCCATCCCTACTAAAAATACAAAAATTAGCCAGGCATGGTGGCACACGCCTATAATCCCAACTACTGGGGAGGCTGAGGCAGGAAAATGGCTTGAACCTGGGAGGCAGATGTTGCAGTGAGCTGATCAAGCCACTGGACTCCAGCCTGGGCAACAGAGTGAGACACCATCTCAAAAAAAAAAAGAAAAAGAAAAGAAAAAAA"
"chr1","18471870","18472176","chr7","52444945","52445254","35","33973075","GGCCAGGCATGGTGGCTCACGCCTGTAATCCCAGCACTTTGGGAGGCCGAGGTGGGCAGATCACTTGAGGTCAGGAGTTTGAGACCAGCCTGGCCAACATACTGAAACCTCATCTCTACTAATACAAAAATTAGCTGGACACAGTGGCCTATGCCTGTAATCCCAGCTGCTCAGGAGGCTGTGGCAGGAGAATCGCTTGAACCCGGGAGGTGGAGATTGCAGTGACCTGAGATTGTGCCATTGCATTCCAGCCTGGGTGACACAGAGAGACTTTGTCTCAAAAAAAAAAAAAAAAGAAAAAGAAAAA","GGCCAGGCATGCAGGCTTATGCCTGTAATCCCAGCACTTTGGGAGGCTGAGGTGGGCAGATCACTTGAGGTCAGGAGTTCGAGACCAGCCTGGTCAACACGCTGAAACCCCATCTCTACTAATAATACAAAAATTAGCCAGACATAGTGGCTTATGCCTGTCATCCCAGCTACTCAGGAGGCTGAGGCAGGAGAATTGCTTGAACCTGGGAGGCAGAGGTTGCAGTGAGCAGAGATTGTGCCATTGCATTCCAGCCTGGGTGACACAGCGACACTGTCTCAAAAAAAAAAAAAAAAAGAAAAGAAAAGAA"
"chr1","18487541","18487837","chr5","94234310","94234606","43","75746769","GGCCAGCCAGAGTGGCTTATGCCTGTAATCTGAACACTTTGGGAGGCCCAGGTGGGAGCATCTCTTGAGGTCAGGAGTTCAAGACCAGCCTGACCAATATGGTGAAACCCCGTCTCTACTAAAAATACAAAAATTAGTTGGGCATGTTGGTGCACGCCTGTAATCCCAGCTACTCAGGAGGCTAAGGCAAGAGAATCGCTTGAACCCAGGATGCAGAGGTTGTAGTGAGCCAAGGTTGAGCCACTGCACTCCAGCTTGGGCGACAAAGTGAGACTCTATTTTAAAAAAAAAAAAAAA","GGCCAGGCGTGGTGGCTCACACCTGTAATCCCAGCACTTTGGGAGGCTGAGGTGGGTGGATCACTTGAGGTCAGGAGTTCGAAACCAGCCTGTCCAACATGGCAAAACCCCGTCTCTACTAAAAATACAAAATTAGCCAGGCATGGTGGTGCATGCCTGTAATCCCAGCTACTCAGGAGGCTGAGGCAGGAGAATCGCTTGAACCTGGGAGGCGGAGGTTGTAGTGAGCCAAGATTGTGCCACTGCACTCCAGCCTGGGCGACAAGAGCAAAACTCCATCTCAAAAAAAAAAAAAAA"
"chr1","18494118","18494387","chr18","4009184","4009472","48","14484934","GGCAGGGCACAGTGGCTCATGCCTGTAATCCCAGCTGAGGTAAGTGGATTACTTGAGGTCAGGAGTTCCAGACCAGCCTAGGCAACATGGCAAAACCCCATCTCTACTAAAAATACAAAAATTAGCTGGGCATGCCTGTAATCTCAGCTACTGGGAGGCTGAGGTGGGAGGATAGCTTGAACCCGGGAGGCAGAGGTTGCAGTGAGCCAAGATCATGCCATTGCACTCCAGCCTGGGCGATAGAACAAGACTCCACCTCAAAAAAGAAAA","GGCCAGTCACAGTGGCTCACGCCTCTAATTCCAGCACTTTGGGAGGCTGAGGCAGGTGGATCACTTGAGGTCAGGAGTTCGAGACCAGCCTGGCCAACATGGCGAAACCCCATCTCTACTAAAAATACAAAAATTAGCTGGGCGTGATAGGCACCTGTAATCCCAGCTACTCGGGAGGCTGAGGCAGGAGAATTGCTTGAACCGGGGAGGCAGAGGTTACAGTGAGCCAAGATCATGCCACTGCACTCCAGCCTGGGTGACAAAGCAAGACTCCATCACACAACAAAAA"
"chr1","18563082","18563411","chr1","174248029","174248340","66","155684947","GGCCAGGCGTGGTGGCTCACACCTGTAATTCCAGCACTTTGGAAGGCTGCGGTGGGTGGATCACTTGAGTTCAGGAGTTTGAGACCAGCCTGACCAACATGGTGAAACCATGTTGCTGCCTGGAATGCTGCTAAATTTACTAAAAATACAAAAATGAGCTGGACGTGGTGGCATATACACCTGTAGTGCTGGCCACTCAGGAGGCTGAGGCAGGAGACTCGCTTGAACCCAGGAGGCGGAGGTTGCAATGAGCTGAGATTGTGCAACTACACTCCAACCTGGAAGACAGAGAGACTCTGTCTCAAAAAATAAATAAATAAATAAATAAAA","CCAAGCGTGGTGGCTCACACCTGTAATCCCAGCACTTTGGGAAGCTGAGGTGGGTGGATCACTTGAGGTCAGGAGTTTGAGACCAGCCTGGCCAACATGGTCATGTCTACTAAACCTCATCTCTACTAAAAATAGAAAAATCAGCCTAGTGTGGTGGCATGCATCTGTAATCCCAGCTACTCAGGAGGCTGAGGCAGGAGAATCGCTTGAACCCAGGAGGCACAGGTTGCAGTGAGCAGAGATCGTGCCATTGCACTTCAGCCTGGGCGACAAAGGGAGACTCCATCTTAAAAAAAAAAAAAATAAATGAAA"
"chr1","18564158","18564462","chr7","52547757","52548059","39","33983599","GGCTGGGAGCAGTGGTTCACACCTGTAATCCCAGCACTTTGGGAGGCCAAGGTGGGCAGATCACTTCAGCTCAGGAGTTCAAGACCAGCCTGGCCAACACGGTGAAACCGCATCTCTGCTAAAAATATGAAAATTAGCCAGGCATGATGGTGCATGCCTGTAATCCCAGCTATTCGGGAGGCAGAGGCAGGAGAATCACTTGAACCTGGGAGGCAGAGGTTGCGGTGAGCCAAGATAGTGCCACTGCATTCCAGTCTGGGTGACAGAATGAGACTCCATCTCAAAAAAAAAAATAAAAATAAAAA","GGCCAGGCACTGTGACTCACGCCTGTAATCCCAGCACTTTGGGAGGCCGAGGTGGGCAGATCACTTCAGGTCAGGAGTTCAAGACCAGCCTGGCCAACATAGGGAAACCCTGTCTTTACTAAAAATACAAAAATTAGCCAGGCCTGGTGGTACATGTCTGTAATCCCAGCTACTCAGGCGGCAGAAGCAGGAGAATCACTTGAACCCGGGAGGCAGAGCTTTCAGTGTGCCCAGATAGTGCCACTGCACTCCAGCCTGGGTGACAGAAGGAGACTCCATCTCAAAAAAAAAAAAAAAAAAAAA"
"chr1","18577657","18577894","chr7","52566642","52566868","43","33988985","GGACAACTTGAGGCCAGGAGTTTGAGACCAGCCTGGCCAACATGGTGAAACCCCGTCTCTACTAAAAATACAAAAATCAGTAGGGCATGCTGCCACAGGCCTGTCATCCCAGCTACTCAGGAGGTGGGAGAATCACTTGAGCCTGGGAGGCAGAGGCTGCAGTGAGCTCAGATCATGCCACTGCAGTCCGGGCTGGGAGACAGAGTGAGACTCCATCAAAACAAAAACAAAAACAGAA","ACTTGAGGACAGGAGTTTGAGACCAGCCTGGCCAACATGGTAAAATCATATCTCTACTAAAAATACAAAAATCAGCAGGGCACGGTGGCGCATGCCTATAATCTCAGCTACTCAGGAGGTGGGAGAATCACTTGAACCTGGGAGGTGGAGGCTGCAGAGAGCTGAGATGGCACCACTGCACTCCAGCCTGAGAGACAGAGTGAGACTCCATTAAAGAAGAAGAAGAA"
"chr1","18581796","18582079","chr7","52570464","52570752","36","33988668","GGCCAGGTGTGGTGGCTCGTGCCTGTAATCCCAGCAGTTTGGGAGTCCGAGGCAGGCAGATAACTTGAGGTCAGAAGTTTGAGACCAGCCTGACCAACATGGTGAAACCCCCATCTCTACTAAAAACACTAAAATTAGCCAGGCGTGGTGACATGAGCCTGTAATCCCAGCTACTCGGGAGGGTGAGGCAGAGAATCGCTTGAATCCAGGGGGTGGAGGTTACAGTGAGACAAGATCGCGCCACTGCACTCCAGCCTGGGTGACAGGGTGAGACTTTGTCTCAA","GGCCAGGCAAGGTGGCTCATGCCTGTAATCCCAGCACTTTAGCAGGTCCAGGCGGGTGGAACACTTGAGGTCAGAAGTTCGAGACCAGCCTGACCAAAAAGGTGAAGCCCCCATCTCTACCAAAAACACTAAAATTAGCCAGGCATGGTGATGTGAGCCTGTAATCCCAGCTACTCAGGAGGATGAGGCAAAGAATCACTTGAACCCAATGGGTGGAGGTTGCAGTGAGCCAAGATCGCGCCACTGCACTCCAGCCTGGGTGACAGGGTGAGACTTTGTCTAAACAAAA"
"chr1","18585176","18585484","chr16","50586614","50586920","42","32001438","GGCTGGGCGCAGTGGCTCACGCCTGTAATCCCAGCACTTTGGGAGGCCGAGGCGGGCAGGTCACTTGAGGCCAGGTTCGAGACCAGCCTGGCCAACATGGTGAATCCCTCTCTCTACTAAAAATGCAAAAATTAGCCAGGCATCGTGGTGTGTACCTGTAATCCCAGTTACTCGGGAGGCTGAGGCAGGAGAATCACTTGAACCCGGGAGGCGGAGGTTGCAGTGAGCCGAGATCGTGTGACTGCACTTCAGCCTGGGTGACAGAGCGAGACTCCGTCTCAAAAAAAAAGAAAAGAAAAGAAAAACAAA","GCGGGGCTCGGTGGCTCAGGCCTGTAATCCCAGCACTTTAGGAGGCTGAGGCGGGCAGATCATTTGAGGTTAGGCATTCAAGACCAGCCTGGCCAACATGGTGAAGCCCTATCTCTACTAAAATTACCAAAAATTAGCTGGGCGTGGTGGCGTGCGCCTGTAGTCCCAGCTACTCAGGAGGCTGAGGCAGGAGAATCTCTTGAACCCGGGAGGCGGAGGTTGCAGTGAGCCGAGATCGTGCCACCGCACTCCAGCCTGGGAGACAGAGCGAGACTCCTCCTCAAAAAAAAGAAAAGAAAAAAGAAAA"
"chr1","18586033","18586345","chr5","97331411","97331721","40","78745378","GGCCAGGCACAGTGGCTCAAGCCCGTAATCCCAACACTTTGGGAGGCCAAGGTGAGTGGATCACTTGAGGTCAGGATTTCAAAACCAGCCTGGCCAACATGGTGAAACCCCATCTCTACTAAAAATACAGAAAATTAGCTGGATGCAGTGGTGCGTGCCTGTAGTCCCAGCTACTCGAGAGGCTGAGGCAGAAGAATCACTTGAACTCTGGAGGCAGAGGTTGCAATGAGCCAAGATCGCACCACTGCACTCCAGCCTGAGTGACTGAGCAAGACTCTGTCTCAAAAAAAAAAAAAAAGAGAAAGAAAAAGAA","GGCCGGGCACAGTGGCTCAATACCTGTAATCCCAGCACTTTGGGAGGTCAAGGTGGGTGAATCGCTTGAGGTCAGGAGTTCCAGACCAGCCTGGCCAACATGGTGAAACCCCATCTCTACTAAAAATACAGAAAAATTAGCTGGGAATGGTGGTACGTGCCTGTAATCCCAGCTACTCAGGAGGCTGAGGCAGGAGAATCGCTTGAACCGTGAGGTAGAGGTTGCAGTGAGCCGAATCGCACCACTGCACTCTAGCCTGGGTGACAGAGTAAGACTCCATCTCAAAAAAAAAAAAAGAAGAAGAAGAAGAA"
"chr1","18596192","18596522","chr4","132633047","132633383","64","114036855","GCTGGGCACAGTGGCTCAAGCCTGTAATCCCAGCACTTTGGGAGGCCGAGGTGGGAGGATTGCTTGAGTCCCAGAGTTCCAGACCAGCCTGCACAACATGGTGAAACCCTGCCTCTACTGAAGATACAAAAAATTAGCCGGGCATGATGGCACGTGCCTGTAATCCCAACTACTCAGGAGGCTGAGACAGGAGAATCACTTGAACCTGGAGGCGGAGGTTGCAATGAGCTGAGATCGCGCCATTGCACTCCAGCCTGGGTGATAGGGCGAGACTCTGTCTCAAAAAAAAAAAGAAAAAAAAAAAAAGAAAAGAAAGAAAGAAAAAGAAAAA","GGCCAGGCACGATGGCGCACGCCTGTAATCCCAGCATTTTGCCAGGCTGAGGTGGGTGGATCACTTGAGGTCAAGAGTTGAGACCAGCCTTGTCAACATAGTAAAACCTTGTCTCTACTGAAAAAACAAAAAATTAGCTGGGTGTGGTGGTGCGTGCCTGTAATCCCAACTGCTAGGGAGGCCGAGGCAGGAGAATCACTTGAACCCAGAAGGCAAAGGTTGCAGTGAGCTGAGATCGTGCCATTGCACTCCAGTCTGGGTAACAAGCAAAACACTGTCTCAAAAAAAAAAAAAAAAAAAAAAAAGAAAGAAAGGGAGAAAGAAAGAAGGAAAGGAA"
"chr1","18610568","18610840","chr7","129397165","129397435","51","110786597","GGCCAGGCATGATGGCTCACCCCTATAATTCCATCACTTTGGGAGGCCGAGGCAGGTGGATCACTTAAGGTCAGAAGTTCAAGACCAGCCTGGTCAATATGGTGAAACCCTGTCCCTACTAAAAATATAAAAATTGGCTGGGTGTGGTGGCGCATACCTGTAGAGGCTGAAGCCATGAGAATTGCTTGAACCCAGGAGGCGGAGGTTGCAGTGCACTATGATCATGCCACTGCACTCCAGCCTGGGTGACAAAGCAATACTCTGTCTCAAAAA","GGCTGGGCACAGTGGCTCACGCCTATAATCCCAGCACTTTGGGAGGCTGAGGCAGGTAGATCACTTGAGGTCAGGAGTTCGAGCCCAGTCTGGCCAACATGGTGAAACCCCATCTCTACTCAAAATACAAAAATTAGCTGGGTATGGTGGCACATGCCTGTAGTTCTGAGGCCAGAGAATCACTTGAACCTGGGAGGTAGAGGTTGCAGTGAGCTGAGATCACGCCACTGTACTCCAGCCTGGGCGACAGAGCGAAACTGTCTCAAAAAAA"
"chr1","18656214","18656517","chr7","52645416","52645713","40","33989202","CCGGGCGCAGTGGCTCACGCCTGTAATCCCAGCACTTTGGGAGGCCGAGGCAGGTGGATCACTTGAGGTCAGGAGTTCGAGACCAGCCTGGACAACATGGTGAAGCCCTGTCTCTATTAAAAATACAAAAAACAAATTAGCCAGGTGAGGTGGTGCACACCTGTAATCCCAGCTACTCGGGAGGCTGAGGCACGAGAATCACTCGAACCTGGGAGGGCAGAGGTTGCAGCGAGCCGAGATACCGCCACTGCACTGCAGCCTGGGTGACAGAGTGACGCTGTCTCAAACAAATAAATAAATAAAA","CTGGGCATAGTGGCTCATGCCTGTAATCCCAGCACTTTGAGAGGCCGAGGCAGGCGGATCACTTGAGGTCAGGAATTCGAGACCAGCCTGGGCAACATGGTGAATCCCTGTCTCTACTAAAAATACAAAAAAATTAGCCAGGTAGGGTGGTGTGTACCTGTAATCTCAGCTACTCGGGAGGTTGAGGCACAAATGGCTTGAATCTGGGAGGGCAGAGGTTGCTGTGAGCTGAGATAGTGTCACTGCACTGCAGCCTCCACGACAGAGTGACACTGTCTCAAACAAACAGATAAATAAA"
"chr1","18702051","18702348","chr2","7736700","7736996","42","10965351","GGCTGGGCGCAGTGGCTCACAACTGCAATCCCAGCACTTTGGGAGGCTGAGGCGGGCGGATCTCTTGAGGCCAGGAGTTGGAGACCAGCCTGGCCAACATGTGAAACTCCATCTCTACTAAAAATACAAAAAAAAAAAATTATCTGGGCATGGTGGCGTGCATCTGTAATCCCAGCTACTCAGGAGGCTGAGGCAGGGGAATCGCTTGAACCCGGGAGGCGGAGGTTGCACGGAGCCCAGATCGCGCCACTGCACTCCAGCCTGGGCGACAGAGTGAGACTCCATCTCAAAAAAAAAA","GGCTGGGTGTGGTGGCTCACACCTGTAATCCCAGCACTTTAGGAGGCCGAGGCAGGTGGATCACTTGAGGTCAGGAGTTCAAAACCAACCTGGCCAACATGGGGAAACCCCATCTCTACTAAAAATACAAAAAAAAAAAAAAGCGATCCAGGCATGGTGGGCGCCTGTAATCCCAGTTACTCAGGAGGCTGAGGCAGGAGAATCACTTGAACCCAGGAGGCGGAGGCTGCAGTGAGCCGAGATCACGCCACTGCACTCCAGCCTGGGCGACATAATGAGACTCCATCTCAAAAAAAA"
"chr1","18707381","18707724","chr15","25343001","25343338","54","6635620","GGCCAGGCGCAGTGGCTCATGCCTGTAATCCTAACACTTTGGGAGGCTGAGGTGGGTGGATCACTTGAGGTCAGGAGTTCAAGACCAGCCTGGCCAACATGGTGAAATTCCGCCTCTACTAAAAATACAAAAAAATTAGCTGGGCATGGTGGCGCATGCCTGTAGTCCCAGCTACTCTGGAGGCTGAGGCAGGAAAATTGCTTGAACCTGGGAGGAGGCAGAGGTTGCAATGAGCTGAGATCGCGCCACTGCACTCCAGCCTGGGTAACAGAGTGAAACCCTATCTCAAAAAAAAAAAAAAAAAAAAAAGAAAGAAAAAAAGAAAAGGAAAGAAAAGGAAAAGA","GGCCAGGTGAGGTGACTCAAGCCTGTAATCCCAGCACTTTGGGAGGCTGAGATAGGCACATCCCTTGAGGTCAGGAGTTCAAGACCAGCCTAGCCAACATGGTAAAACCCTGTCTCTACTAAAAACACAAAAATTAGCTGGGTATGGTGGTGCATGCCTGTAATCCCAGCTTCTTGGGAGGCTGAGATGGGAGAATCACTTAACTGGGAGGCAGAGGTTTCAGTGAGCAGAGAACGTGCCTCTGCACTCCAGCCTGGGCAACAGAGTGAGACCCTGTCTCAAAAAAAAAAAAAAAAAAAAAGAAAGAAAGAAAAAGAAAAAGAAAAGAAAAGAAAAGA"
"chr1","18712800","18713092","chr4","12463368","12463662","43","6249432","GGCCGGGTGTGGTGGCTCACGCCTGTAATCCCAGCACTTTGGGAGGCTGAGGCGGGCGGATCGCTTGAGGTCAGGAGACTGAGACCAGCCTGGGCAACATGGTGAAACCCCCCCTCTACTAAAAATACAAAAATTAACTGGGCGTGGTGGTGCATGCCTGTAATCCCAGCTACTTGGGAGGCTGAGGGGGGAGGATCGTTTGAATCCAGGAGGCGGAGGTTGCAATGAGCTGAGATAACGCTACTGCCTTCAAGCCGGGGCAACAGATCAAGACTCCATCTCAAGAAAAAAAA","GGCCAGGTGTGGTGGCTCACACCTGTAATCCCAGCACTTTGGGAGGCTGAGGCAGGCAGACCACTTGAGGTTAGGAGTTCGAGACCAGCCTGGCCAACATGGTGAAGCCCTGTTTCTACTAAAAATACAAAAAATTAGCCGGGCATGGTGGTGCATGCCTGTAATCCCAGCTACTAGGGAGGCTGGGGCAGGAGAATCGCTTGAACCCAGAAGGCGGAGGTTGCAGTGAGCTGAGATTGCATCACTGCATTCCAGCCTGGGTGACAGAGCAAGACTCTATCTCGAGAAAAAAAAA"
"chr1","18713930","18714206","chr19","6867541","6867823","42","11846389","GCCGGGCACAGTGGCTCATGCCTGTAATCCCAGCACTTTGGGAGGCCAAGGCGGGTGGATCACTTGAGGCCGGGAGTTCGAGACTAACCTGGCCAGCATGGTGAAACCCCGTCTCTACTAAAAATACAAAAATTAGCCGGGCATGGTGGTGCGTGCCTGTAGTCCCAGCTACTCGGCTGAGGCAGGAGAATTGCTTGGACCCCGGAGGCGGGGGCTGCAGTGAGCCGAGATCTAGTCACTGCACTTCAGCCTGGGTGACAGAATGAGGCTCCGTCTC","GGCCAGGCGTGGTGGCTCATGCCTGTAATCCAGCACGTTGGGAGACCAAGGCAGGTGGATCACTTGAGGTCAGGAGTTCAAGACCAGCCTGGCCAACATGGTGAAACCCTGTCTCTACTAAAAATACAAAAATTAGCAGGGCATGGTGGTACATGCCTGTAATCCCAGCTACTTGGAAGGCTGAGGCAGGAGAATTGCTTGAACCTGGGAGGTGGAGGTTGCAGCGAGCTGAGATCCTGTCATTGCACTCCAGCCTGGGTGACAGAGTGAGACTCCATCTCAA"
"chr1","18714240","18714251","chr5","92524075","92524085","3","73809835","TACAAAAACAAA","AAAAAAAAAAA"
"chr1","18776199","18776504","chr1","168595556","168595859","40","149819357","GGCCGGGCACGGTGGCTCATGGCTGTAATCCTAGCACTTTGGGAGGCCGAGGCAGGCAGATCACTCGAGGTCAGGAGTTTGAGACCAGCCTGGGCAACATGGTGAAACCATGTCTCTACTAAAAATACAAAAATTAGTAGAGTGTGGTAGCAATTGCCTGTAATCTCAGCTACTCGGGAAGCTGAGCCAGGGGAATCACTTGAACCAGGGAGGCGGAGGTTGCAGTGAGCCGAGATCATGCCACTGCACTCCAGCCTGGGTAACAGAGTGAGACTCTATCTCAAAAACAACAACAAAAAAAGACAA","GGCTGGGTGAGGTGGCTCATGCCTGTAATCCCAGCACTTTGGGAGGCTGAGGTGGGCAGATCACTTGAGGTCAGGAGTTCAAGACCAGCCTAGCCAACATGGTGAAACCACATCTCTACTAAAAATACAAAAATTAGGTGAGTGTGGTGGCACATGCCTGTAATCCCAGCTATTTGGGAGGCTGAGACAGGAGAATCGCTTGAACCCGGAGGTAGAGGTTGCAGTGAGCCGAGATTGCGCCACTGCACTCCAGCCTGGGTAACAGAGTGAGACTCTATCTCAAAAAAAAAAAAAAAAAAAAAAA"
"chr1","18779892","18780171","chr7","52771341","52771632","43","33991449","TCATGCCTGTAATTCCAGCACTTTGGGAGGCTGAGGCAGGAGAATCACTTGAAGCCAGGAGTTTGAGACCAGCCTGGCCAACACAGTGAAACCCCGCCTCTATCAAAAAATGCAAAAATTAGCCAGGTGTGGTGGCACATGCATGGAGTCCCAGCTACTCGGGATGTTGAGGCAGGAGAATTGCTTGAACCCACGAAGCAGAGGTTTTAGTGAGCCGAGACTGTGCCACTGCACTCCAGCCTGGGTGACAGAGTGAGACCCTGTCTCAAAAAAAGAGAAA","GGCTGGGCATGGTGGTTCATGTCTGTAATTCCAGCACTTTGGGAGGCTGAGGTAGGAGAATCACTTGAGGCCAGGAGTTCAAGACCAGCCTGGCCAACACAGTGAAACCCAACCTCTACCAAAAAATACAAAAATTAGCCAGGTGTGGTGGCACGTACCTGGAGTCCCAGCTACTTGAGAGGTTAAGGCAGGAGAATCTCTTGAACCCAGGAAGCAGAGGTTGCAGTGAGCCGAGATTGTGCCACTGCATTCCAGCCTGGGTGACAGAGTGAGACCCTGTCTCAGAGAGAAA"
"chr1","18782026","18782318","chr10","55872616","55872911","40","37090590","GGCCAAGCGCGGTGGCTTCTGCCTGTAATCCCAGCACTTTTGGAGGCTGAAGGAGGTGGATCACTTAAGGTCAGGAGTTCAAGACCAGCCTGAACAATATGGTGAAACCCCGACTCTACTAAAAATACAAAAATTAGCTGGGTGTGGTGGTGTGCTACATAGTCCCAGCTACTCAGGAGGCTGAGGCAGGAGAATCACTTGAACCCGGGAGGTGGATGTTGCAGTGAGCCGAGATCGCGCCACTGCACTCCAGCCTGGGCAAAAGAGCGAAACTCCGTCAAAAAAAAAAAAAA","GGCCAGGTGTGGTGGCTCACACCTGTAATCCCAGCACTTTGGGAGGCCGAAGTGGATGGATCACTTGAGGTCAGGAGTTCCAGACCAACCTGACCAACATGGTGAAACCCTGTCTCTACTAAAAATACAAAAATTAGCTGGATGTGGTGGTGTGCACCTGTACTCCCAGCTACTCGGGAGGCTGAGGCAGGAGAATCACTTGAACCCGGGAGGCAGAGGTTGCAGTAAGCCAAGATCACACCACTGCACTCTAGCCTGGGCAGCAGAGTGAAACTCTGTCTCAAAAAAAAAAAAAA"
"chr1","18797320","18797631","chr1","172873149","172873460","42","154075829","GGCTGGGCTAGGTGGCTTATGCCTGTAATCCCAGCACTTTGGGAGGCCAAGGCGGGCAGATCACTTGAGGTCAGGAGTTCGAGACCAGCCTGGCCAACATGGCGAAACCCTGTCTCTACTAAAAATACAAAAATTAGCCAGGCATTGTGGCACACACCTGTAGTCCGAGCTACTCGGGAGGCTGAGGCAGGGGAATCACCTGAACCTGGGAGGCAGAGGTTGCAGTGGGCCGAGATCACCTCACTGCACTCCAGCCTGAGCAATGGAGCAAGACTCTGTCTCAAAAAAAAAAAGAAAGAATAAAAAAAAAGA","GCGGGACGTGGTGGCTTATGCCTGTAATCCCAGCGCTTTAAGAGGCCAAGGCGGGCAGATCACTTGAAGTCAGGAGTTTGAGACCAGCCTGGCCAACATGGTGAAACCCCATCACTACTAAAACTACAAAAATTAGGCAGGAGTGGTGGCACACACCTGTAATCCCAGCTACTCAGGAGGCTGAGGCAGGAGAATCACTTGAACCTGGAGGCAGAGGTTGCAGTGAGCCGAGATCACGCCACTGTACTCCAGCCTGGGCAACAGAGCAAGACTCCGTCTCGAGAAAAAAAGATAAATAAATAAATAAATAAA"
"chr1","18844471","18844781","chr7","52838547","52838856","49","33994076","GCCAGGCACCGTGGCTCATGCTTGTAATCTCAGCATTTTTTGGGAGGCCAAGGTCGGCAGATCAATTGAGGTCAGGAGTTCCAGACCAACCTGGCCAACATGGCGAAATGCTGTCTCTACTAAAAACACAAAAATTAGTCAGGTGTGATGGTGCATTTCTGTAATCCCAGCTACTTGGGAGGCTGGGGCAGGAGAATCTCTTGATCCCTGGGGGCGGAGGTTGCAATGAGCCAAGATTGTGCCACTGCACTCCAGCCTGGGCGACAGAGCGAGACTGTCTCAGAAAAAAAAGAAGAAGAAGAAGAAGAAGA","GGCTGGGCACCGTGGCTTATGCTTGTCATCCCAGCACTTTGGGAGGCTGAGGTGGGCAGATCACTTGAGGTCAGGAGTTCCAGACCAACCTGAACAACATGGCGAAAGCCTGTCCCTACTGAAAACACAAAAGTTAGCCAGGTGTGGTGGTACACTCCTGTAATCCCAGCTCCCTGAGAGGCTGAAGCAGGAGAATCACTTGAGCCCCGGTTGTAGAGGTTGCAGTGAGCCAGGATTGCACCACTGCACTCCAGCCTGGGTGACAGAGGGAGACTCTGTCTCAAGAAAAAAAAAAAGAAGAAGAAGAAGA"
"chr1","18867546","18867848","chr22","41060009","41060309","40","22192463","GGCCAGGCGTGCTGGCTCACGCCTGTAACCCCAGCACTTTGGGAAGCTGAGGCGGGAGGATCACTTGAGGTCGAGAGTTCGAGACCAGCCTGGCCAACACGGTGAAACCCCGTGTCTACTAAAAATACAAAAATTAACCGGATGTGGTGGTGAGCACCTGTAATCCCAGCTACACAGGAGGCTGAGGCAGGAGAATCTCTTGAACCCGGGAGACAGAGGTTGCAGTGATCTGAGATTGTGCCATTGCACTCCAGCCGGGGTGACAGAGTAAGACTCCGTCTCAAAAATAAAAATTAAAAAAAA","GGCCAAGCTTGGTGGCTCAGGCCTTTAATCCCAGCGCTTTGGGAGGCTGAGGCGGGCAGATCACTTGAGGTCAGGAGTTCAAGACCAGCCTAGGCAACACAGTGAAACCCCATCTCTACTAAAAATATAAAAATCAGCCAGGCGTGGTGGTGAGCGCCTGTAATCCCAGCTACTCAGGAGGCTGAGGCAGGAGAATTGCTTGAACCTGGGAGGCAGAGGTTGCAGTGAGCTGAGATTGTGCCACTGCACTCCAGCCTGGATGACAGAGCAAGACTCTGTCTCAAAAAGAAAAAAAAAGAAA"
"chr1","18870752","18871052","chr10","14603732","14604030","41","4267020","GGCCGGGTGCGGTGGCTCACGCCCGTAACCCCAGCACTTTGGGAGGCCGAGATAGGCGGATCACTTGAAGCCTGGAGTTTGAGACCTGGCTGGCCAACATGGTGAAACCCCATCTCTACTAAAAATAAAAAAATTAACCAGGCATGGCAGCATGCACCTGTAATCCCAGCTACTTGGGGAGGCTGAGACAGGAGAATCTCTTGAACCTGGAAAGCAGAGGTTGCAGTGAGCTGAGATCACGCCACTGTACTCCAGCCTGGGTGACAAAGTGAGACTCTGCCTCAAAAAAAAAAAAAAAAAA","GGCCGGATGCGGTAGCTCACGCCTATAATCCCAGCACTTTGGGAGGCCGAGGAGGGTGGATCACTTGAGGTCAGGAGTTTGAGACGAGCTTGGCCAACATGGTGAAACCCCATCTCTACTAAAAATACAAAAATTAGCCGGGCGTGATGGCACATGCCTGTAGTCCCAGCTACTTGGGAGACTGAGGCAAGAGAATTGTTTGAACCCGGGAGGCAGAGGTTGCAGTGAGCTGAGATCACGCCACTGCACTCCAGCCTGGGTGACAGAGTGAGACTCCGTCTCAAAAAAAAAAAAAAAAA"
"chr1","18890260","18890564","chr7","52885289","52885593","36","33995029","GGCTGGGCATGGTGGCTCACACCTGTAATCCCAGCACTTTGGGAGACCAAGGCGGGCAAATCACTTGAGGTCAGGAGTTCGAGACCAGCCTGGCCAACACGGTGAAATCCCGTCTCTACTAAAAATATTTTAAACGTTAGCCAGGTGTGGTGGCATGTGTGCCTGTAGTCTGAGCTACTCAGGAGGCTGAGGCAAGAGAATTGCTTGAACCCAGGAGGCAGAGGTTGCAGTGAGCCGAGATCGTGCCACTGCACTCCAGCCTGGGTGAGAGAGCGAAAAACTCCATCTCAAAACAACAACAAAAA","GGCTGGGTGCGGTGGCTCATGCCTATAATCCCAGCACTTTGGGAGACCGAAGCTGGCAAATCATTTGAGGTCAGGAGTTCGAGACCAGCCTGGCCAACAGGGTAAAATCTCCTCTCTATTAAAAATATTTAAAACATTAGCCAGGTATGGTAGCATGTGCCTGTATTCCCAGCTACTCAGGAGGCTGAGGCAGGAGAATTGCTTGAACCCAGGAGGCGGAAGTTGCAGTGAACCGAGATTGTGCCACTGCACTCCAGCCAGGGTGACAGAGAGAAAAACTCCATTTCAAAACAAAACAATAAAAA"
"chr1","18891746","18892044","chr17","34551820","34552118","36","15660074","GGCCCGGCATGGTGGCTCACACCTGTAATCACAGGACTTTGGGAGGCCAAGGTGGGCGGATCACTTGAGGTCAGGAGTGTGAGACCAGCCTGGCCAATATGGTAAAACCCCGTCTCTACTAAAAATACAAAAATTAGCTGGGCGTAGTGGCCCACTCCTGTACTCCCAGCTACTTGGGAGGCTGAGGCAGAAGAATCACATGAACCCGGGAGGCAGAGGTTGCAGTGAGCTGAGATCACGCCACTGCACTCCAGCCTGGATGACAGAGCAAGATTCCATCTCAAGGAAAAAAAAAAAAA","GGCCAGGCTTGGTGGTTCACACCTGTAATCCCAGCACTTTGGGAGGCCAAGGTGGGCAGATCACTTGAGATCAGGAGTTCGAGACCAGCTCTGGCCAACATGGTGAAACCCCGTCTCTACTAAAAATACAAAAATTAGATGGGCGTGGTGGCACACACCTGTAATCCCAGCTACTTGGGAGACTGAGGCAGGAGAATCACTTGGACCTGGGAGCTGGAGGTTTCAGTGAGCTGAGATTGCACCACTGCACTCCAGCCTGTGTGACAGAGCGAGATTCCATCTCAAAAGAAAATAAAAAA"
"chr1","18894259","18894558","chr5","94234310","94234606","41","75340051","GGCCGGTTGCAGTGGCTCACGCCTGTAATCCCAGCACTTTGGGAGGCTGAGGTGGGCGGATTGCTTGAGGTCAGGAGTTCGAGACCAGCCTGGCCAACATGGCAAAACACCATCTCTACTAAAACTACAAAAAAATTAGCCAGACGTGGTGGCACGCGCCTATACACCCAGCTACTCAGGAGGCTGAGGCAGGAGAATCACTTGAACCTGGGAGGTAGAGGTAGCAGTGAGCCCAGATCGTGCCACTGCACTCCAGCCTGGGCAAGAGAGCAAGACTCCATCTCAAAATATATAAATAAA","GGCCAGGCGTGGTGGCTCACACCTGTAATCCCAGCACTTTGGGAGGCTGAGGTGGGTGGATCACTTGAGGTCAGGAGTTCGAAACCAGCCTGTCCAACATGGCAAAACCCCGTCTCTACTAAAAATACAAAATTAGCCAGGCATGGTGGTGCATGCCTGTAATCCCAGCTACTCAGGAGGCTGAGGCAGGAGAATCGCTTGAACCTGGGAGGCGGAGGTTGTAGTGAGCCAAGATTGTGCCACTGCACTCCAGCCTGGGCGACAAGAGCAAAACTCCATCTCAAAAAAAAAAAAAAA"
"chr1","18896612","18896916","chr4","36522598","36522895","37","17625986","GCCAGGCAAAGTGGCTCACACCTGTAATCCCAACACTTTGGGAGGCTGAGGAGGGTGGATCACTTGAGGTCAGGAGTTTGAGACCAGCCTGGCCAACATGGTGAAACCCCGTCTCTACTAAAAATACAAAAATTAGCTGGACATGGTGGCACATGCCTGTAATCCCATCTACTTGGGAGGCTGAGGAAGAGGAATTGCTTGTACCCGGGAAGAAGAGGTTGGAGTGAGCCAAAATCGTGCCACTGCACTCCAGCCTGGGCAACAGAGTGAGACGATGTCTCAAAAAAAAAAAAAAGAAAGAAAGA","GCTGGGCACAGTGGCTCACACCTGTAATCCCAGCACTTTGGGAGACTGAGGCAGGTGGATCACTTGAGCCCAGGAGTTTGAGACCAGCCTGGCCAACATGGTGAAACCCCGTCTCTACTAAAAATACAAAAATTAGCCAGGCATGGTGGTACGTGCCTGTAATCCCAACTACTTGAGAGGCTGAGGCAGGAGAATTGCTTGAACCTGGAAAGCAGAGGTTGCAGTGAGCCAAGATCGTGCCACAGCACTCCAGCCTGGGTGACAGAGTAAGACTGTCTCAAAAAAGAAAAAGAAAAAA"
"chr1","18897261","18897569","chr18","29127518","29127823","49","10230257","GGCCAGGCGCAGTGGCTCATGCCTATAATCCCAGCGCTTTGGGAGGCGGAAGAGGGCGGATCACTTGAGGTCAGGAGTTCTAGACCAGCCTGGCCAACATGGCAAAACCCCATCTCTACTAAAAGTACAAAAATTAGCTGGACGTGGTGGCGTGTGCCTGTAGTCTCAGCTACTTAGGAGGCTGAGGTAGGAGGATGGCTTGAGCCCAGGAGGTGAAGGTTGCAGTGAGCCAAGATCTGGCCACTATACTCCAGCCTGGGAGGTAGAGCGAGACTCCGTCTCAAAAAAACAAAAACCCAAAAAACGAAA","GGCCAGGTGTGATGGCTCACGCCTGTAATCCCAGCACTTTGGGAGGTCAAGGTGGGAAGAACACTTGAGGTCAGGAGTTCAAGACCAGCCTGGCAAACATGGCAAAGCCCCGTCTCTACTAAAAATATAAAAATTAGCTAGACATGGTGGCATGTGCCTGTAATCCCAGCTACTTGGGAGGCTGAGGCAGGAGAATCGCTTGAACCCAGGAGGCGGAGGTTGCAGTGAACTGAGATCGTGCCACTGTACTCCAGCCTGGGAGACAGAGTGAGACTTCGTCTCAAAAAAAAAAAAAAAAAAAAAAAA"
"chr1","18914535","18914840","chr2","168879156","168879455","46","149964621","GGCCAGGTGCAGTGGCTCATGCCTGTAATTCCAGGACTTCGGGAGGCCAAGGTGGGCGGATCACTTTAGGACAGGAGTTTGAGACTAGCCTGGGCAACACGGTAAAACCCAGTCTCTACTAAAAAAATACAAAAAAAAATTAGCTGGGTGTGGTGGTGTGTGCCTGTAGTCTCAGCTACTTCGGAGACTGAGGCAGGAGAATTGCTTGAACCCAGGAGGTGGAAGCTGCAGTGAGCTGAGATCGCACCACCACACTCCAGCCTGGGCAACAGAACAAGGCTCCATCTCAAAAAAAAAAAAAAAAAA","GGCCGGCTGCAGTGGCTCATGCCTGTAATCCCAACACTTTGGGAGGCTGAGGCAGGCAGATTACTTGAGGTCAGGAATTTGAGACTAGCCTGGCCAACATGGTGAAACCCTGTCTCTACTAAAATAGAAAAATTAGCTGGGTGTGGTGGTGCATGCCTGTAATCCCAGCTACTCAGGAGGCTGAGGCAGGAGAATTGCTTGAACCCAGGAGGTGGAAGTTGCAGTAAGCTGAGATTGTGCCACTGCACTCCAGCCTGGGCTTCAGAGCAAGGCTCCAACTCAAAAAAAAAAAAAAAAAAA"
"chr1","18915843","18916133","chr8","117614816","117615105","44","98698973","GGCTAGGAACGGTAGCTCATGCCAGTAATCCCAGCACTTTGGGAGGCAGAGGTAGGCAGATCACTGGAGGTCAGGAGTTCGAGACCAGCCTGGCCAACGTGGTAAAACCCTGCCTCTACTAAACATGCAAAAATTAGCCGGGCATCATGGTGCATGCCTGTGATTCCAGCTACTTGGGAGGCTGAGGCAGGAGAAACACTGGAACCCGGGAGGCAGAGGTTGCAGTGAGCCGAGATCTGGCCGCTATACTCCAGTCTGGGTGACAGAGTGAGACTGTCTCAAAAAAAAAAA","CTGGGTGTGGTGGCTCATGCCTGTAATCCCAGCACTTTGGGAGGCCGAGGTAGGCAGATCACTTGAGGTCAGGAGTTCAAGACCAGCCTGGCCAACATGGTAAAACCCCATCTCTACTAAAAATGCAAAAATTAGCCAGGCATGGTGGTGCATGCCTGTGATCCCAGCTATTCAGAAGGCTGAGGCAGGAGAATTGCTTGAGCCCAGGAGACAGAGGTCACAGTGAGCCGAGATCTCACCACTGCACTCCAGCCTGGGCGACATAACGAGACTGTCTCAAAAAAAAAAAA"
"chr1","18986591","18986896","chr5","134608851","134609157","48","115622260","GGCTCGGTGACTCACGCCTGTAATCCCAGCACTTCGGGAGGCTGAGGCAGGCAGATCACTGGAGGTCGGGAGTTCGAGACCAGCCTGGGCAACATGGTGAAACCCCTGTCTCTACTAAAAATATGACAATTAACCAGGCGTGGTGGTGCACGCCTATAATCCCAGATACTTGGGAGGCTGAGGCATGAGAATTGCTTGGGCCTGGGAGGCGGAGGTTGCAGTGAGCCAAGATTGCGCCACTGCAGTCCAGCCTGGGCGACGTACAAGACTCTGTCTCAAAAAACAAAACAAAACAAAACAAAAAAA","GGCCTGGCGCGGTGGCTAACACCTGTAATCCCAGCACTTTGGGAGGCTGAGGTGGGCAGAATCACTTGAAGTCAGGAGTTCGAGACCAGCCTGGCCAACATGGTGAAAACCCATGTCTACTAAAAATACAAAAATTAGCCAGGCATGGTGGCTCACACCTATAATCCCAGCTACTTGGGAGGCTGAGGCAGGAGAATCACTTGAACCTGGGAGGCGGAGGTTGTAGTGATCCAAGATTGCGCCACTGCACTCCGGCTGGGTGACAGAGCAAGACCCTGTCTCAAAAAAAAAAAAAAAAAAAAAAAAA"
"chr1","18988330","18988636","chr3","108570361","108570666","43","89582031","GCCAGGTACAGTGGCTCATGCCTGTAATCCCAACAATTTGGGAGGCCAAGGCGGTGGATCACTCAAGGTCAGAAGTTCGAGACCAGCCTGACCAACATAGTGAAACCCCATCTCTACTAAAAATACAAAAGATTAGCCAGGCGTGGTGGTGCATGCCTGTAATCCCAGTTACTTGGGAGGCTGAGGCAGGAGAATCACTTGAACTGAGGAGGTGGAGGTTGCAGTGAGCCGAGATTGCTCCACTGCCCTCCAGCCTGGGTGAAAGAGTGAGACTCTGTCTCAAAAGGAAAGAAAAGAAAGAAAGAAA","GGCCGGGTGCAGTGGCTCACGCCTGTAATCCCAACACTTTGGGAGGCTGAGGCAGGTGGATCACTTGAGGTCAGGAGTTCAAGACCAGCCTGGCCAACATGGTGAAACTGTCTCTACTAAAAACAGAAAAATTAGCTGGGCATGGTGGTGCATGCCTGTAATCCCAGCTATTTGGGAGGCTGAGGCAGGAGAATTACTTCAACCCGGGAGGTGGAGGTTGCAGTGAGCTGAGATTGTGCCACTGCTCTCTAGCCTGGGTGAAAGAGCGAGACTCCATCTCAAAAAAAGAAAAGAAAAGAAAAGAAA"
"chr1","18990343","18990638","chr10","16033492","16033786","36","2956851","GGCCAGGTGCGGTGGCTCACGCTTGTAATCCTAGCACTTTGGGAGACCAAGGGGGTGCGGATCACTTGAGGTCAGGAGATTGAGACCAGCCTGGCCAACATGGTGAAACCCTGTCTTTACTAAAAATACAAAAATTAGCTGGGCTTGGTGGCACGTGCCTGTAGTCCCAGCTACTTGAGAGGCTGAGGCAGAAGAATTGTTTGAACTTGGGAGGCGGAGGTTGCAGTGAGCTGAGATTGCACCACCGCACTCCAGCCTGGGTAACAGACCAAGATTCTGTCTTAAAAAAAAAAAAA","GGCCAGGTGTGGTGGCTCACACCTGTAATCCCAGCACTTTGGGAGGCTGAGGCGAGCAGATCACTTGAGGTCAGGAATTCGAGACCAGCCTGGCCAACATGGTGAAACCCCGTCTCTACTAAAAATACAAAAATTAGCTAGGTGTGGTGGCATGTGCCTGTAATCCCAGCTACTTGGGAGGCTGAGGCGGAAGAATTGCTTGAACCTGGGAGGCGGAGGTTGCAGTGAACTGAGATTGTGCCACTGCACTCCAGCCTGGGTGACTGAGCGAGACTCCATCTCAAAAAAAAAAAAA"
"chr1","18993738","18994043","chr12","18910665","18910972","45","83073","GCCAAGTGCGGTGGCTCACGCCTGTAATCCCAACACTTCGGGAGGCTGAGGCAGGTGGATCACTTGAAATCAGGAGTTCAAGACCAGCCTGGCTAATAGGGTGAAACCCTGTCTCTACTAAAAATACAAAAATTAGCTGGATGTGGTTGTGCATTCCTGTCCCAGCTACTTGGGAGGCTGAAGCAGGAGAATCACTTGAACCCAGAAGGTGGAGGTTGCAGTGAGCTGAGATCCCACAACTGCACTCCAGCCTGGGTGACAGAATGAGACTCTGTCTCAAAAGAAAAAAAGAAAAAAGAGGGAAAA","GACCAGGTGTGGTGGCTCACGCCTGTAATCCCAGCACTTTGGGAGGCTGAGGCAGGTGGATCACTTGAGATCAGGAGTTGAGACCAGCCTGGCCAATGTGGTGAAACCCTGTCTCTTCTAAAAATACAAAAATTAACTGAGTGTGGTGGTGCACACCTGTAACCCCATCTACTTGGGAGGCTGAGGCAGGAGAATTGCTTGAACCAGGAGGTGGAGGTTGCAGTGAACCAAGATCACGCCACTGCACTCCAGTCTGGGTGACAGAGTGAGACTCTGTCTCAAAAATAAATAAGTAAATAAATAAATAA"
"chr1","18994563","18994851","chr12","98175864","98176149","42","79181301","GGCCAGGTGCGGTGGCTCACGCCTGTAATCCCAGCACTTTGGGAGGCCGAGGAAGGTGGATCACTTGAGGTCAGGAGCTCGAGACCAGCCTGACAAACATGGTGAAACCCCATCTCCACTAAAAATACAACAATTAGCCAGGTATGGTGGTGTATGCCTGTAATCCCACCAAATCAGGAGGCTGAGGTGGTAGAATTGCTTAAATCAGGGAAGCGGAAGTTGCAGTGAGCTGAGATCGTGCCACTGCACTCCAGCCTGGATGACAGAGCAAGACTCCTTCTCAGAAAAA","GGCCAGGCATGGTGGCTCACACCTGTAATCCCAGCACTTTGGGAGGCTGAGGCAGGCAGATTACTTGAGGTCAGGAGTTTGAGACCAGCCTGGCCAACATGGTAAAACCCCATCCCTACTAAAAACATAAAAATTAGCCAGGCATGGTGGGTGCCTGTAATCCCAACTACTCAGGAGGCTGAGGCAGGAGAATTGCATGAACCTGGGAGGTGGAAGTTGCAGTGGGCTGAGATTGTGCCACTGCACTCCATCCTGGGTGACAGAGCAAGACTTCATCTCAAAAAAA"
"chr1","19022966","19023244","chr10","101732804","101733077","44","82709838","GACCAGGTGTGGTGGCTCACGCCTGTCATCCCAGCACTTTGGGAGGCTGAGGCGAGTGGATCACTTGAGGTCAGGAGTTTGAGACCAGCCTGGCCAACATGGTGAAACCCCATCTCTACTAAAAACACACACAAAAAAAAGTAGCTGGGCATGGTGGCGTGTGCCTATAATCCCAGCTACTTGTGAGGCTGAGGCAGGAGAATCATTTGAACCTGGGAGGTGGAGGTTGCAATGAGTCGAGACCACACCACTGCACTTTGGCCTGGGTGACAGAGCAAG","GGCCGGGAGCGGTGGCTCGTGCCTGTAATCCCAGCACTTTGGGAGGCCGAGGAGGGTGGATCGCTTGAGGTCAGGAGTTTGAGACCAGCCTGGCCAACATGGTGAAACCCCATCTCTACTAAAAATACAAAAATTAGCCGGGCATGGTGGCACATGCCTGTAATCCCAGCTACTTGGGAGGCTGAGGCAGTAGAATCCCTTGAACCCGAGAGGTGGAGGTTGCAGTGAGCCAAGTTTATGCCACTGCACTCCAGCCTGGGTGACAGAGCAAGAC"
"chr1","19031845","19032131","chr1","145176527","145176816","45","126144682","GCTGGGTGCGGTGGCTCATGCCTGTAATCCCAGAACTTTGGGAGGCTGAGGTGGGCAGATCGCTTGAGGCCAGGAGTTCGAGACCAGCCTGGCCAACATGGTGAAACCCCATCGCTACTAAAAATACAAAAATTAGCCGGGTATGGTGGCGCACGCCTCTGGTCTCAGTTAATTGGGAGGCTGAGACATGAAAATCTCTTGAACCTGAGAGGCGGAGGTTACAGTGAGCCGAGCTCGTGCTACTGCATTCCAACCTGGGTGACAGAATGAGACTGTCTCAAAAAAAA","GGCCAGGTGCAGTGGCTCAGACCTGTAATCCCAGCACTTTGGGAGGCTGAGATAGGCAGATCACTTGAGGTCAGGAGTTCAAGACCAGCCTGGCCAACATGGTAAAACCCCATCTCTACTAAAAATACAAAAATTAGCTGGGCATGGAAGTTCATGCCTGTAGTCCCAGCTACTCAGGAGGCTGAAGCAGGAGAATGGCTTAAACCTGGGAGGCAGAGGTTGCAGTGAGCCGAGATTGTGCTACTGCACTCCAGCCTGGGTGACAGAGTGAGACTCTGTCTCAAAAAAAA"
"chr1","19053050","19053341","chr2","170651743","170652040","47","151598693","GCCGGGCTCAGTGGCTCATACCCGTAATCTCAGCACTTTGGGAGGCTGAGGCGGGTGGACCATTTGAGGTCAGGAGTTCGAGACCAGCCTGGCCAACACAGCGAAACCCATCTCTACTAAAAATACAAAAAATTAGCTGGGCATGATGATGTGTGCCTATAATCCCAGCTACTCAGGAGGCTGAGGCAGGAGAATCGCTTAAATTGCGGAGGTTGCAGTGAGCTGAGATTACACCACTGCACTCCAGCATGGGCAACAGAGTGAGACTCCATAAAAAAAAAAAAAAAAAAAA","GGCCAGGTGCGGTGGCTCCCACCTGCAATTGCAACATTTTGGGGGGCCGAGGTGGGTGGATCACTTGAGGTCAGGAATTCAAGATCAGCCTGGCCAACATAGTGAAACCCCATCTCTACTAAAAATACAAAAAATTAGCTGGGCATGGTGGTGCATGCCTATAATCCCAGCTACTCAGGAGGCTGAGGCAGGAGAATCGCTTGAACCCAGGAGGTGGAGGTTGCAGTGGGCTGAGATCACACCACTGCACTCCAGCCTGGACAACAGAGTAAGACTCCATCTCAAAAAAAAAAAAAAA"
"chr1","19063707","19064018","chr18","29127518","29127823","35","10063811","GGCCAGGTGCGGTGGCTCACGCCTGTAATCCCAGCACTTTGGGAGGTCAAGGTGGGCAGATCACTTGAGGTCAGGAGTTCAAGACCAGCCTGGCCAACATGGCAAAACCCTGTCTCTACTAAAAATATAAAAATTACCCAGGTGTAGTGGTGCGCGCCTATAATCCCAGCTACTTGGGAGGCTGAGGCAGGAGAATTGCTTGAACCCAGGAGGCGGAGGTTGCAGTGAGCTAAGATGGTACCACTGCACTCCAGCCTGGGCGACAGAGCAAGACTCCATCTCAAACAAACAAACAAACAAAAAACAAAACAA","GGCCAGGTGTGATGGCTCACGCCTGTAATCCCAGCACTTTGGGAGGTCAAGGTGGGAAGAACACTTGAGGTCAGGAGTTCAAGACCAGCCTGGCAAACATGGCAAAGCCCCGTCTCTACTAAAAATATAAAAATTAGCTAGACATGGTGGCATGTGCCTGTAATCCCAGCTACTTGGGAGGCTGAGGCAGGAGAATCGCTTGAACCCAGGAGGCGGAGGTTGCAGTGAACTGAGATCGTGCCACTGTACTCCAGCCTGGGAGACAGAGTGAGACTTCGTCTCAAAAAAAAAAAAAAAAAAAAAAAA"
"chr1","19123170","19123472","chr18","8503340","8503640","42","10619830","GGCCGGGCACGGTGGCTCACAGCTGTAATCCCAGCACTTTGGAATGCCGAGGTGGGCTGATCACTTGAGGTCAGGAATTTGAGACCAGCCTGGCCAACATGGTGAAACCCCATCTCTACCAACAATACAAAAATTAGCTGGCCGTGGTAGCACTGCCTGTAATCCCAGCTACTAGGGAGGCTGAGGCAGAAGAATTGCTTGAACCCAGAGGGCGGAGGTTGCAGTGAGCAGAGATCGTGTCACTGCACTCCAACCTGGGTCAACAGAGTGAGACTTGGTCTTAAAAAAAAAAAAAAAAACAAA","GGCCGGGCACGGTGGCTCACACCTGCAATCCCAGCACTTTGTGAGGCCAAGGTGGGCGGATCACTTGAGGTCAGGAGTTCAAGACCAGCCTGGCCAACATGGTGAAACCCCGTTTCTACTAAAAATACAAAAGTTAGCTGGGCATGGTGGCGTGTGCCTGTAGTCCCAGCTACTCGGGAGGCTGAGGCAGGAGAATTGCTTGAACCCAGAAGGCAGAAGTTGCAGTGAGCCGAGATCGTGCCATTGCAGTCCAGCCTGAGTGACAGAGTGAGACTCTGCCTCAAAAAAAAAAAAAAGAAAA"
"chr1","19142842","19143091","chr11","119859546","119859804","45","100716704","GGCCGAGCAGTGGCTCGCGCCTATAATCCTAGCACTTTGGGAGGCCGAGGCGGGCGGATCATTTGAGGTCAGGAGTTCGAGACCAGCTTGGCCAACATGGTGAAACCCTGTCTCTACTAAAAATACAAAAATTAGCTGGGCACGGTGGCACGCGCCTATAATCCCAGCTACTAGGGAGGCAGAGATTGCAGTGAGCTGAGATGGCACCATTGCACTCTAGCCTTGGTGACACAGTGAGACTCTGAAAAAA","GGCCGGGCACAGTGGATCAGGCCTGTAATGCCAGCACTTTGGGGGACCAAGACAGGCGGATCACTTGAGGTCAGCAGTTCGAGACCAGTCTGGGCAACATGGTGAAACTCCGTCTCTAATAAAAATACAAAAATTAGCTGGGCGTGGTGGCGCGCGCCTATAATCCCAGCTACTCGGGAGGCGGAGGTTGCAGTGAGCAGAGATTGCGCCATTACACTCCAGTCTGGGCGACAGAGTGAGACTGTCTCAAAAAAAATAA"
