"chr1","23986143","23986413","KN295708v1","1293413","1293681","77","22692730"
"chr1","154009504","154009816","KN295814v1","1187820","1188119","28","152821684"
"chr1","168034236","168034507","KN296508v1","1973232","1973505","62","166061004"
"chr1","237371165","237371455","KN296682v1","2256354","2256645","64","235114811"
"chr1","147062","147161","KN296316v1","253938","254035","6","106876"
"chr1","147476","147535","KN296316v1","254338","254391","9","106862"
"chr1","157499","157618","KN295441v1","789788","789916","28","632289"
"chr1","382721","382986","KN294571v1","2055636","2055896","67","1672915"
"chr1","516091","516210","KN295441v1","789788","789916","28","273697"
"chr1","612611","612876","KN294571v1","2055636","2055896","67","1443025"
"chr1","747368","747467","KN296316v1","253938","254035","6","493430"
"chr1","747791","747844","KN296316v1","254338","254391","3","493453"
"chr1","757948","758067","KN295441v1","789788","789916","28","31840"
"chr1","1002192","1002312","KN296402v1","596172","596293","26","406020"
"chr1","1019128","1019259","KN294193v1","128685","128814","23","890443"
"chr1","1445343","1445642","KN296119v1","4872321","4872585","94","3426978"
"chr1","1497209","1497508","KN296119v1","4872321","4872585","94","3375112"
"chr1","1776806","1777080","KN295967v1","1520844","1521111","69","255962"
"chr1","1830582","1830851","KN294536v1","1638405","1638659","76","192177"
"chr1","1846626","1846850","KN296180v1","122438","122659","59","1724188"
"chr1","1861176","1861459","KN297327v1","807993","808286","79","1053183"
"chr1","1870192","1870454","KN296865v1","1172192","1172469","74","698000"
"chr1","1879923","1880232","KN294452v1","1374937","1375240","59","504986"
"chr1","2346284","2346351","KN295205v1","192453","192523","24","2153831"
"chr1","2423204","2423351","KN295005v1","263752","263899","31","2159452"
"chr1","3045805","3045936","KN294457v1","130203","130331","28","2915602"
"chr1","3855175","3855467","KN294217v1","769181","769492","37","3085994"
"chr1","5762498","5762807","KN296322v1","426249","426560","64","5336249"
"chr1","5922564","5922706","KN296485v1","157888","158017","42","5764676"
"chr1","6228152","6228338","KN295375v1","129529","129712","63","6098623"
"chr1","6228642","6228700","KN294416v1","420133","420175","23","5808509"
"chr1","6409907","6410005","KN294613v1","471805","471893","29","5938102"
"chr1","6410317","6410511","KN295352v1","256766","256946","48","6153551"
"chr1","6515545","6515676","KN295441v1","789788","789916","25","5725757"
"chr1","6536000","6536064","KN296635v1","5251433","5251492","17","1284567"
"chr1","6536382","6536545","KN294199v1","348435","348600","44","6187947"
"chr1","6598150","6598285","KN295586v1","1309680","1309812","29","5288470"
"chr1","6665073","6665364","KN297023v1","640512","640805","61","6024561"
"chr1","6759005","6759140","KN295706v1","131306","131439","31","6627699"
"chr1","6782041","6782324","KN294199v1","1022551","1022840","57","5759490"
"chr1","6803705","6803900","KN296577v1","938048","938235","46","5865657"
"chr1","6804177","6804317","KN295893v1","5725714","5725847","24","1078463"
"chr1","6890564","6890871","KN296852v1","696285","696587","71","6194279"
"chr1","6927072","6927332","KN296743v1","1044357","1044603","62","5882715"
"chr1","6946181","6946481","KN295368v1","1939103","1939400","74","5007078"
"chr1","7761883","7762133","KN297019v1","717404","717664","64","7044479"
"chr1","7822124","7822254","KN295090v1","903125","903258","21","6918999"
"chr1","7907366","7907657","KN295767v1","123721","124011","84","7783645"
"chr1","7966416","7966720","KN295984v1","150673","150962","76","7815743"
"chr1","7979516","7979800","KN296322v1","541858","542139","65","7437658"
"chr1","8129949","8130246","KN294588v1","535062","535349","72","7594887"
"chr1","8260104","8260237","KN296311v1","4657589","4657718","25","3602515"
"chr1","8437977","8438289","KN295667v1","2331552","2331850","27","6106425"
"chr1","8489063","8489381","KN295667v1","2273515","2273825","31","6215548"
"chr1","8542658","8542805","KN295667v1","2218024","2218171","5","6324634"
"chr1","8596530","8596811","KN297008v1","6549351","6549627","73","2047179"
"chr1","8607535","8607725","KN295744v1","211692","211871","49","8395843"
"chr1","8608026","8608187","KN296119v1","5311381","5311527","43","3296645"
"chr1","8631254","8631417","KN294407v1","109423","109582","32","8521831"
"chr1","8651132","8651404","KN296948v1","762193","762479","66","7888939"
"chr1","8662393","8662718","KN296864v1","1939832","1940132","81","6722561"
"chr1","8664563","8664672","KN295667v1","2094667","2094776","6","6569896"
"chr1","8743115","8743283","KN295667v1","2018457","2018624","9","6724658"
"chr1","8934269","8934387","KN296322v1","997745","997870","30","7936524"
"chr1","9033247","9033533","KN294987v1","762476","762744","82","8270771"
"chr1","9059537","9059833","KN295984v1","980030","980331","60","8079507"
"chr1","9063288","9063357","KN295236v1","3830180","3830244","23","5233108"
"chr1","9063995","9064122","KN294446v1","520797","520926","22","8543198"
"chr1","9107357","9107501","KN295667v1","1635663","1635807","6","7471694"
"chr1","9138874","9139164","KN294264v1","432867","433151","68","8706007"
"chr1","9139219","9139546","KN294264v1","373025","373336","85","8766194"
"chr1","9151878","9152122","KN295267v1","81052","81310","67","9070826"
"chr1","9179306","9179614","KN295667v1","1567361","1567664","19","7611945"
"chr1","9510491","9510651","KN294991v1","973655","973815","32","8536836"
"chr1","9578641","9578770","KN295706v1","131306","131439","15","9447335"
"chr1","9584710","9584994","KN295633v1","1501780","1502052","73","8082930"
"chr1","9619473","9619616","KN295667v1","1121076","1121214","15","8498397"
"chr1","9625070","9625370","KN295667v1","1108671","1108966","19","8516399"
"chr1","9675754","9675931","KN295667v1","1056813","1056996","26","8618941"
"chr1","9676230","9676361","KN295667v1","1056380","1056511","9","8619850"
"chr1","9750607","9750735","KN296406v1","260023","260137","33","9490584"
"chr1","9795672","9795977","KN295667v1","935881","936160","46","8859791"
"chr1","9913744","9913907","KN295667v1","818612","818774","14","9095132"
"chr1","9914207","9914325","KN295667v1","818216","818320","23","9095991"
"chr1","10020330","10020425","KN294591v1","157234","157317","24","9863096"
"chr1","10055307","10055563","KN295667v1","673092","673338","32","9382215"
"chr1","10060766","10061037","KN295257v1","796704","796977","65","9264062"
"chr1","10121397","10121693","KN295667v1","608355","608628","39","9513042"
"chr1","10213855","10214134","KN294493v1","1639497","1639778","80","8574358"
"chr1","10277331","10277628","KN297112v1","2231098","2231393","78","8046233"
"chr1","10279690","10280002","KN294421v1","9377","9683","71","10270313"
"chr1","10392638","10392902","KN297197v1","1048614","1048879","73","9344024"
"chr1","10402453","10402528","KN294535v1","80806","80875","23","10321647"
"chr1","10402823","10402972","KN295350v1","539346","539459","59","9863477"
"chr1","10441957","10442086","KN295090v1","903125","903258","23","9538832"
"chr1","10457148","10457365","KN295994v1","491289","491494","51","9965859"
"chr1","10485300","10485618","KN295667v1","232340","232614","62","10252960"
"chr1","10486398","10486689","KN295667v1","231256","231541","24","10255142"
"chr1","10520143","10520457","KN295480v1","1274084","1274387","61","9246059"
"chr1","10524708","10524989","KN294493v1","1639497","1639778","74","8885211"
"chr1","10545762","10546053","KN295667v1","169337","169642","39","10376425"
"chr1","10561965","10562202","KN294472v1","366534","366751","77","10195431"
"chr1","10844723","10844843","KN296486v1","1209077","1209185","30","9635646"
"chr1","11008473","11008631","KN295362v1","840048","840212","43","10168425"
"chr1","11032041","11032172","KN295294v1","403385","403528","37","10628656"
"chr1","11103327","11103606","KN296833v1","198739","199022","68","10904588"
"chr1","11113607","11113777","KN296754v1","59195","59361","42","11054412"
"chr1","11114156","11114293","KN297154v1","582564","582702","26","10531592"
"chr1","11184452","11184758","KN296588v1","282556","282869","71","10901896"
"chr1","11264162","11264443","KN294199v1","1022551","1022840","64","10241611"
"chr1","11320901","11321228","KN295352v1","729753","730045","78","10591148"
"chr1","11904707","11904837","KN297154v1","1282191","1282319","20","10622516"
"chr1","11955932","11956060","KN294172v1","6039824","6039947","23","5916108"
"chr1","11967662","11967714","KN296311v1","4209313","4209363","12","7758349"
"chr1","12002413","12002705","KN296849v1","957882","958183","21","11044531"
"chr1","12180148","12180282","KN296849v1","780276","780410","4","11399872"
"chr1","12265877","12266192","KN296849v1","694658","694962","37","11571219"
"chr1","12317599","12317765","KN297319v1","373164","373327","30","11944435"
"chr1","12365902","12366208","KN296849v1","587508","587797","41","11778394"
"chr1","12413490","12413771","KN296948v1","762193","762479","63","11651297"
"chr1","12500722","12500820","KN296849v1","453699","453797","6","12047023"
"chr1","13477556","13477832","KN295090v1","2374852","2375141","64","11102704"
"chr1","13541346","13541661","KN297190v1","6401851","6402158","62","7139495"
"chr1","13943325","13943463","KN295526v1","145592","145725","22","13797733"
"chr1","14774469","14774784","KN295633v1","909764","910066","60","13864705"
"chr1","14886140","14886422","KN296948v1","762193","762479","56","14123947"
"chr1","15376754","15377024","KN296732v1","2656295","2656545","70","12720459"
"chr1","15677749","15678065","KN297184v1","1114866","1115167","74","14562883"
"chr1","15692605","15692732","KN297154v1","371481","371609","23","15321124"
"chr1","15710893","15711215","KN295755v1","65062","65377","94","15645831"
"chr1","15829644","15829936","KN296654v1","53465","53740","41","15776179"
"chr1","15880988","15881264","KN295523v1","3469042","3469297","72","12411946"
"chr1","15906766","15907071","KN297180v1","314236","314539","68","15592530"
"chr1","15913471","15913625","KN294172v1","6437551","6437696","35","9475920"
"chr1","16000375","16000529","KN295294v1","403385","403528","39","15596990"
"chr1","16407769","16408066","KN297180v1","314236","314539","59","16093533"
"chr1","16743400","16743637","KN296315v1","602992","603236","88","16140408"
"chr1","16940754","16940853","KN297046v1","3504949","3505040","30","13435805"
"chr1","17040477","17040763","KN295315v1","11474","11758","71","17029003"
"chr1","17082876","17083172","KN295352v1","729753","730045","59","16353123"
"chr1","17210145","17210320","KN295701v1","661695","661868","39","16548450"
"chr1","17285334","17285489","KN294470v1","2691196","2691354","30","14594138"
"chr1","17495897","17496026","KN294446v1","520797","520926","20","16975100"
"chr1","17988928","17989228","KN294260v1","1734951","1735248","73","16253977"
"chr1","18427545","18427832","KN295459v1","878673","878961","60","17548872"
"chr1","18610436","18610567","KN295112v1","531236","531368","21","18079200"
"chr1","18610841","18611056","KN297008v1","2592243","2592438","58","16018598"
"chr1","18671702","18672002","KN296322v1","1648835","1649139","76","17022867"
"chr1","18791443","18791739","KN294806v1","594997","595290","60","18196446"
"chr1","18930889","18931187","KN296864v1","1939832","1940132","55","16991057"
"chr1","18972190","18972472","KN296495v1","1076274","1076557","63","17895916"
"chr1","19005091","19005333","KN294407v1","169906","170136","56","18835185"
"chr1","19043717","19044048","KN295406v1","486578","486886","83","18557139"
"chr1","19130276","19130526","KN297197v1","1048614","1048879","75","18081662"
"chr1","19133669","19133796","KN296311v1","4657589","4657718","23","14476080"
"chr1","19134115","19134280","KN296538v1","1843564","1843714","44","17290551"
"chr1","19181098","19181382","KN294570v1","166260","166534","97","19014838"
"chr1","19188686","19189000","KN294239v1","243029","243336","68","18945657"
"chr1","19351289","19351588","KN294869v1","133067","133350","91","19218222"
"chr1","19373674","19373958","KN297046v1","2130311","2130564","71","17243363"
"chr1","19381585","19381649","KN296339v1","1737667","1737719","18","17643918"
"chr1","19555746","19555902","KN296263v1","302894","303046","29","19252852"
"chr1","19556203","19556330","KN296426v1","159446","159578","35","19396757"
"chr1","19595383","19595685","KN296357v1","234598","234892","62","19360785"
"chr1","19661592","19661890","KN296864v1","1939832","1940132","58","17721760"
"chr1","19668375","19668466","KN294239v1","1578795","1578887","30","18089580"
"chr1","19687253","19687386","KN295596v1","3422193","3422324","26","16265060"
"chr1","20079495","20079635","KN294419v1","211719","211856","34","19867776"
"chr1","20119756","20120021","KN294172v1","6463161","6463436","69","13656595"
"chr1","20513205","20513363","KN297319v1","373164","373327","41","20140041"
"chr1","20561197","20561408","KN295708v1","178130","178336","23","20383067"
"chr1","20573921","20574045","KN295708v1","191227","191351","9","20382694"
"chr1","20624961","20625093","KN296311v1","4657589","4657718","21","15967372"
"chr1","20800103","20800199","KN295708v1","438075","438171","3","20362028"
"chr1","20911286","20911588","KN294954v1","70243","70554","69","20841043"
"chr1","20913286","20913535","KN295708v1","544123","544372","20","20369163"
"chr1","21033806","21034108","KN296526v1","283231","283529","88","20750575"
"chr1","21049668","21049914","KN295708v1","682957","683216","34","20366711"
"chr1","21051570","21051879","KN295708v1","684869","685158","38","20366701"
"chr1","21071124","21071433","KN295708v1","706164","706473","17","20364960"
"chr1","21082621","21082756","KN296311v1","4815038","4815168","25","16267583"
"chr1","21083068","21083259","KN296119v1","5280949","5281131","55","15802119"
"chr1","21105781","21106066","KN295708v1","735658","735943","19","20370123"
"chr1","21115706","21116021","KN297259v1","1603827","1604135","75","19511879"
"chr1","21137134","21137439","KN297046v1","3065440","3065749","66","18071694"
"chr1","21145799","21146109","KN294527v1","273035","273327","76","20872764"
"chr1","21148950","21149111","KN297319v1","373164","373327","34","20775786"
"chr1","21152840","21153002","KN294410v1","238630","238791","48","20914210"
"chr1","21159690","21159823","KN295893v1","2369160","2369293","27","18790530"
"chr1","21197904","21198029","KN296880v1","198524","198663","27","20999380"
"chr1","21226573","21226722","KN295977v1","933214","933335","56","20293359"
"chr1","21227024","21227146","KN295601v1","2497325","2497445","27","18729699"
"chr1","21311391","21311533","KN295708v1","957826","957973","10","20353565"
"chr1","21311821","21311841","KN295708v1","958258","958278","2","20353563"
"chr1","21312467","21312635","KN295708v1","959201","959368","9","20353266"
"chr1","21444579","21444778","KN294662v1","211735","211913","68","21232844"
"chr1","21556359","21556647","KN295346v1","1646114","1646406","63","19910245"
"chr1","21566593","21566896","KN296864v1","1939832","1940132","62","19626761"
"chr1","21703738","21704021","KN295708v1","1285192","1285475","15","20418546"
"chr1","21710815","21711080","KN295708v1","1293413","1293681","22","20417402"
"chr1","21777390","21777668","KN296306v1","1771005","1771285","70","20006385"
"chr1","21808957","21809170","KN295708v1","1402083","1402297","16","20406874"
"chr1","21809433","21809524","KN295708v1","1402575","1402665","6","20406858"
"chr1","21985000","21985275","KN296508v1","1971553","1971828","64","20013447"
"chr1","21985567","21985608","KN294705v1","965552","965591","15","21020015"
"chr1","22007872","22008144","KN297375v1","58397","58674","69","21949475"
"chr1","22622890","22623047","KN295708v1","2199659","2199817","9","20423231"
"chr1","22623351","22623482","KN295708v1","2200120","2200256","18","20423231"
"chr1","22956093","22956375","KN296495v1","1076274","1076557","60","21879819"
"chr1","23040515","23040811","KN295708v1","2620763","2621040","39","20419752"
"chr1","23054639","23054926","KN297180v1","110970","111263","74","22943669"
"chr1","23115967","23116098","KN297154v1","1282191","1282319","22","21833776"
"chr1","23116372","23116523","KN297259v1","1304164","1304326","40","21812208"
"chr1","23119252","23119396","KN295708v1","2703330","2703459","24","20415922"
"chr1","23131986","23132051","KN296635v1","5251433","5251492","16","17880553"
"chr1","23157395","23157509","KN295708v1","2743593","2743707","13","20413802"
"chr1","23157820","23158023","KN295708v1","2744003","2744180","38","20413817"
"chr1","23203379","23203674","KN295708v1","2790498","2790788","19","20412881"
"chr1","23203863","23203994","KN295090v1","903125","903258","21","22300738"
"chr1","23254906","23255205","KN295708v1","2843729","2844020","63","20411177"
"chr1","23273928","23274214","KN295708v1","2860090","2860376","19","20413838"
"chr1","23400254","23400507","KN295352v1","1019178","1019436","63","22381076"
"chr1","23427188","23427488","KN294407v1","1044299","1044599","68","22382889"
"chr1","23583808","23584100","KN295319v1","303201","303480","63","23280607"
"chr1","23658232","23658455","KN296508v1","1675720","1675934","53","21982512"
"chr1","23704926","23705074","KN294269v1","1347949","1348104","36","22356977"
"chr1","23757326","23757452","KN294964v1","965459","965591","21","22791867"
"chr1","23850791","23851078","KN296311v1","5353300","5353582","75","18497491"
"chr1","23852143","23852439","KN296864v1","1939832","1940132","61","21912311"
"chr1","23932724","23932834","KN296775v1","974808","974917","22","22957916"
"chr1","24040679","24040964","KN294862v1","116430","116695","81","23924249"
"chr1","24101465","24101761","KN295744v1","408789","409077","59","23692676"
"chr1","24411452","24411734","KN297366v1","710603","710886","62","23700849"
"chr1","24485023","24485287","KN296991v1","841101","841373","72","23643922"
"chr1","24491165","24491462","KN295573v1","596283","596585","78","23894882"
"chr1","24630472","24630775","KN294279v1","171583","171867","65","24458889"
"chr1","24762136","24762432","KN297184v1","1114866","1115167","67","23647270"
"chr1","24845035","24845334","KN296948v1","762193","762479","71","24082842"
"chr1","24885613","24885832","KN295610v1","375600","375802","49","24510013"
"chr1","24968047","24968360","KN295984v1","1080209","1080517","63","23887838"
"chr1","25226703","25226995","KN295077v1","740031","740327","65","24486672"
"chr1","25488066","25488349","KN294848v1","1246098","1246379","59","24241968"
"chr1","25519020","25519321","KN297058v1","392670","392966","75","25126350"
"chr1","25864576","25864870","KN294260v1","822843","823138","76","25041733"
"chr1","25894733","25894870","KN297445v1","1333351","1333481","31","24561382"
"chr1","25929939","25930073","KN295893v1","5725714","5725847","29","20204225"
"chr1","25976140","25976443","KN294452v1","1374937","1375240","66","24601203"
"chr1","26187935","26188060","KN295572v1","285457","285578","31","25902478"
"chr1","26227237","26227533","KN296538v1","333498","333794","63","25893739"
"chr1","26314877","26315099","KN296062v1","1532820","1533033","59","24782057"
"chr1","26387568","26387673","KN295967v1","317728","317828","28","26069840"
"chr1","26445432","26445731","KN295633v1","778185","778486","58","25667247"
"chr1","26606721","26606984","KN297159v1","2410056","2410314","60","24196665"
"chr1","26623551","26623704","KN294558v1","284993","285139","37","26338558"
"chr1","26627001","26627266","KN294187v1","1887786","1888062","67","24739215"
"chr1","26655548","26655826","KN294842v1","1817337","1817591","77","24838211"
"chr1","26679961","26680236","KN296991v1","841101","841373","58","25838860"
"chr1","26756130","26756272","KN294218v1","2756614","2756751","24","23999516"
"chr1","26840764","26840995","KN297190v1","98686","98881","89","26742078"
"chr1","26841279","26841433","KN296865v1","965713","965857","29","25875566"
"chr1","27113177","27113469","KN296261v1","5571","5867","63","27107606"
"chr1","27156993","27157129","KN295803v1","255996","256129","35","26900997"
"chr1","27164418","27164587","KN294842v1","123455","123618","47","27040963"
"chr1","27164877","27165050","KN296732v1","3522095","3522260","36","23642782"
"chr1","27209772","27209905","KN296138v1","11819","11953","18","27197953"
"chr1","27225961","27226255","KN294451v1","1211603","1211891","72","26014358"
"chr1","27242193","27242470","KN296948v1","762193","762479","69","26480000"
"chr1","27244321","27244646","KN294264v1","373025","373336","75","26871296"
"chr1","27249588","27249873","KN294520v1","992368","992662","65","26257220"
"chr1","27251537","27251820","KN295428v1","224334","224605","69","27027203"
"chr1","27454189","27454357","KN296538v1","344550","344703","39","27109639"
"chr1","27454638","27454698","KN296138v1","489235","489293","11","26965403"
"chr1","27457622","27457922","KN294991v1","1709174","1709474","60","25748448"
"chr1","27459165","27459454","KN295814v1","1099950","1100250","74","26359215"
"chr1","27531448","27531569","KN295236v1","4992571","4992693","24","22538877"
"chr1","27648972","27649252","KN295705v1","823070","823354","62","26825902"
"chr1","27688606","27688876","KN297225v1","665237","665503","71","27023369"
"chr1","27743798","27743959","KN296311v1","2361464","2361632","43","25382334"
"chr1","27774680","27774887","KN295708v1","178130","178336","62","27596550"
"chr1","27778786","27779023","KN295257v1","563893","564140","62","27214893"
"chr1","27784213","27784519","KN297153v1","798177","798480","61","26986036"
"chr1","27796379","27796691","KN295449v1","1170610","1170916","72","26625769"
"chr1","27874359","27874492","KN294218v1","2756614","2756751","26","25117745"
"chr1","27889134","27889267","KN296311v1","4657589","4657718","21","23231545"
"chr1","27939343","27939542","KN297320v1","32939","33116","59","27906404"
"chr1","27939842","27939939","KN295705v1","1791772","1791867","22","26148070"
"chr1","27951564","27951846","KN296948v1","762193","762479","63","27189371"
"chr1","27962610","27962890","KN295282v1","123186","123460","64","27839424"
"chr1","27964390","27964492","KN295301v1","1589895","1589989","27","26374495"
"chr1","27994685","27994980","KN294806v1","594997","595290","72","27399688"
"chr1","28086220","28086483","KN296594v1","237857","238127","70","27848363"
"chr1","28111852","28112015","KN296864v1","3353170","3353334","36","24758682"
"chr1","28170432","28170714","KN297327v1","807993","808286","66","27362439"
"chr1","28243750","28243913","KN294991v1","973655","973815","37","27270095"
"chr1","28250987","28251262","KN296864v1","2279896","2280175","83","25971091"
"chr1","28266557","28266830","KN296244v1","438516","438787","65","27828041"
"chr1","28275772","28275922","KN296865v1","965713","965857","30","27310059"
"chr1","28329617","28329757","KN296225v1","462090","462236","43","27867527"
"chr1","28341581","28341878","KN295962v1","1544167","1544458","68","26797414"
"chr1","28394385","28394590","KN297159v1","373831","374038","58","28020554"
"chr1","28401603","28401897","KN294758v1","1361907","1362206","69","27039696"
"chr1","28402470","28402615","KN296210v1","326465","326608","28","28076005"
"chr1","28432417","28432660","KN294987v1","459255","459513","66","27973162"
"chr1","28448902","28449151","KN296731v1","1090257","1090517","62","27358645"
"chr1","28470110","28470407","KN297046v1","1623175","1623470","58","26846935"
"chr1","28483913","28484040","KN295706v1","131306","131439","26","28352607"
"chr1","28484339","28484416","KN295236v1","1305949","1306032","23","27178390"
"chr1","28640798","28641090","KN297180v1","314236","314539","71","28326562"
"chr1","28648880","28649025","KN295705v1","1659307","1659450","56","26989573"
"chr1","28650880","28650996","KN297274v1","1606553","1606683","36","27044327"
"chr1","28765434","28765750","KN295725v1","293304","293604","89","28472130"
"chr1","28820546","28820822","KN294199v1","1022551","1022840","68","27797995"
"chr1","28922459","28922626","KN294443v1","437013","437176","47","28485446"
"chr1","28922925","28923027","KN296290v1","2081846","2081943","26","26841079"
"chr1","29112176","29112300","KN294172v1","3568097","3568221","24","25544079"
"chr1","29179368","29179633","KN294407v1","1086188","1086466","84","28093180"
"chr1","29762406","29762706","KN296883v1","2609802","2610089","67","27152604"
"chr1","30354033","30354355","KN294257v1","1271234","1271521","105","29082799"
"chr1","30978817","30979133","KN294705v1","64063","64357","49","30914754"
"chr1","31052400","31052665","KN295205v1","848688","848949","72","30203712"
"chr1","31070056","31070174","KN297416v1","162444","162561","28","30907612"
"chr1","31071948","31072059","KN295022v1","817917","818040","29","30254031"
"chr1","31096695","31096877","KN295294v1","144515","144695","49","30952180"
"chr1","31097179","31097228","KN294705v1","185506","185555","3","30911673"
"chr1","31136027","31136063","KN295666v1","642449","642493","16","30493578"
"chr1","31137168","31137220","KN297190v1","4287968","4288024","19","26849200"
"chr1","31151351","31151623","KN294539v1","1506592","1506858","80","29644759"
"chr1","31157664","31157794","KN296311v1","4815038","4815168","30","26342626"
"chr1","31191769","31192075","KN296507v1","738522","738814","69","30453247"
"chr1","31228637","31228895","KN296731v1","998171","998423","59","30230466"
"chr1","31270363","31270439","KN294535v1","80806","80875","24","31189557"
"chr1","31276288","31276399","KN294705v1","359738","359849","5","30916550"
"chr1","31305606","31305741","KN296311v1","4815038","4815168","24","26490568"
"chr1","31343689","31343846","KN294705v1","430855","431017","18","30912834"
"chr1","31344155","31344281","KN294705v1","431320","431456","13","30912835"
"chr1","31404787","31404918","KN294964v1","965459","965591","21","30439328"
"chr1","31598122","31598432","KN295449v1","1170610","1170916","61","30427512"
"chr1","31838576","31838647","KN294705v1","897672","897743","4","30940904"
"chr1","31869773","31869916","KN294705v1","931299","931446","26","30938474"
"chr1","31870210","31870383","KN294705v1","931738","931905","12","30938472"
"chr1","31892362","31892634","KN294705v1","954192","954464","13","30938170"
"chr1","31902719","31902830","KN294705v1","965142","965253","5","30937577"
"chr1","31903134","31903177","KN294705v1","965552","965591","10","30937582"
"chr1","31903429","31903588","KN294705v1","965845","966004","12","30937584"
"chr1","31983091","31983383","KN294578v1","639003","639297","62","31344088"
"chr1","31986456","31986598","KN295294v1","3806061","3806194","26","28180395"
"chr1","32048226","32048487","KN294705v1","1107549","1107807","21","30940677"
"chr1","32069355","32069653","KN294705v1","1127452","1127739","31","30941903"
"chr1","32177500","32177789","KN295633v1","9404","9689","63","32168096"
"chr1","32242943","32243078","KN295294v1","3806061","3806194","22","28436882"
"chr1","32255801","32255966","KN296635v1","4102969","4103140","39","28152832"
"chr1","32255986","32256109","KN294705v1","1319490","1319596","18","30936496"
"chr1","32286659","32286878","KN294705v1","1348209","1348381","56","30938450"
"chr1","32401644","32401809","KN294685v1","23168","23332","39","32378476"
"chr1","32438872","32439052","KN297184v1","81214","81385","49","32357658"
"chr1","32468908","32469209","KN295923v1","574170","574465","72","31894738"
"chr1","32549606","32549760","KN294705v1","1612911","1613061","15","30936695"
"chr1","32574323","32574615","KN294294v1","145451","145740","59","32428872"
"chr1","32762453","32762565","KN294705v1","1831138","1831252","10","30931315"
"chr1","32788258","32788419","KN294705v1","1858573","1858733","11","30929685"
"chr1","32788730","32788840","KN294705v1","1859033","1859148","9","30929697"
"chr1","32882877","32883039","KN294407v1","109423","109582","34","32773454"
"chr1","32883338","32883473","KN295236v1","735328","735462","28","32148010"
"chr1","32908690","32908951","KN295430v1","901968","902248","74","32006722"
"chr1","33016513","33016697","KN294879v1","753499","753676","49","32263014"
"chr1","33017005","33017057","KN295038v1","905631","905683","8","32111374"
"chr1","33101214","33101338","KN294705v1","2186339","2186463","13","30914875"
"chr1","33138382","33138641","KN297180v1","531711","531948","69","32606671"
"chr1","33173671","33174004","KN296588v1","282556","282869","85","32891115"
"chr1","33198225","33198354","KN294911v1","2310594","2310724","34","30887631"
"chr1","33200221","33200354","KN295171v1","1556218","1556343","32","31644003"
"chr1","33236261","33236551","KN297274v1","1285745","1286019","73","31950516"
"chr1","33245657","33245942","KN296306v1","3759093","3759375","60","29486564"
"chr1","33314978","33315102","KN295893v1","2369160","2369293","33","30945818"
"chr1","33315401","33315560","KN295096v1","1069446","1069614","34","32245955"
"chr1","33432676","33432957","KN297197v1","4445961","4446231","76","28986715"
"chr1","33529145","33529363","KN295572v1","371863","372076","51","33157282"
"chr1","34022839","34023132","KN295352v1","729753","730045","66","33293086"
"chr1","34114416","34114706","KN297023v1","640512","640805","64","33473904"
"chr1","34150645","34150940","KN296649v1","28211","28505","69","34122434"
"chr1","34962839","34963129","KN294578v1","639003","639297","70","34323836"
"chr1","35002891","35003203","KN294399v1","171378","171682","70","34831513"
"chr1","35067959","35068086","KN295236v1","3047477","3047602","21","32020482"
"chr1","35211942","35212252","KN294747v1","917219","917517","79","34294723"
"chr1","35218534","35218818","KN295664v1","85905","86194","73","35132629"
"chr1","35261991","35262282","KN296371v1","158213","158508","67","35103778"
"chr1","35332707","35332913","KN296828v1","160118","160328","55","35172589"
"chr1","35352117","35352268","KN294987v1","1657","1814","11","35350460"
"chr1","35352329","35352385","KN295366v1","149372","149424","13","35202957"
"chr1","35413061","35413320","KN294571v1","2055636","2055896","65","33357425"
"chr1","35528089","35528349","KN294987v1","187998","188261","17","35340091"
"chr1","35616393","35616580","KN294214v1","296841","297020","57","35319552"
"chr1","35634775","35634977","KN297219v1","1836839","1837031","61","33797936"
"chr1","35635274","35635406","KN294536v1","348653","348787","23","35286621"
"chr1","35646526","35646783","KN294987v1","309436","309703","26","35337090"
"chr1","35755709","35755989","KN294592v1","450560","450839","67","35305149"
"chr1","35784078","35784318","KN294987v1","459255","459513","35","35324823"
"chr1","35872562","35872878","KN294987v1","556360","556676","27","35316202"
"chr1","35903578","35903652","KN294499v1","1146390","1146454","20","34757188"
"chr1","35960353","35960488","KN294987v1","646342","646477","10","35314011"
"chr1","36013243","36013374","KN297028v1","332073","332207","22","35681170"
"chr1","36050867","36051114","KN294899v1","1200435","1200664","72","34850432"
"chr1","36053988","36054137","KN294987v1","741178","741337","17","35312810"
"chr1","36073465","36073741","KN294987v1","762476","762744","26","35310989"
"chr1","36073761","36073928","KN296133v1","84118","84288","43","35989643"
"chr1","36282228","36282445","KN294987v1","975142","975342","32","35307086"
"chr1","36298487","36298805","KN294987v1","991535","991831","50","35306952"
"chr1","36360505","36360842","KN294987v1","1049313","1049636","51","35311192"
"chr1","36419802","36419972","KN295441v1","1253436","1253608","43","35166366"
"chr1","36436417","36436652","KN296153v1","1716581","1716838","76","34719836"
"chr1","36453590","36453886","KN294987v1","1141781","1142073","34","35311809"
"chr1","37200020","37200317","KN297058v1","392670","392966","68","36807350"
"chr1","37351294","37351514","KN296508v1","1675720","1675934","51","35675574"
"chr1","37407819","37408109","KN295077v1","740031","740327","69","36667788"
"chr1","37427853","37428171","KN295294v1","1252231","1252546","65","36175622"
"chr1","37470254","37470552","KN295117v1","112788","113084","59","37357466"
"chr1","37508825","37509093","KN294187v1","1887786","1888062","56","35621039"
"chr1","37523975","37524105","KN295096v1","3635797","3635926","27","33888178"
"chr1","37524674","37524851","KN294451v1","1507488","1507668","47","36017186"
"chr1","37580140","37580309","KN295326v1","444837","444999","41","37135303"
"chr1","37581968","37582127","KN294991v1","973655","973815","27","36608313"
"chr1","37687473","37687754","KN297023v1","152219","152509","69","37535254"
"chr1","37742704","37742995","KN297146v1","529862","530151","62","37212842"
"chr1","37782962","37783179","KN296505v1","1257835","1258044","50","36525127"
"chr1","37797892","37798171","KN295633v1","1501780","1502052","68","36296112"
"chr1","37843020","37843300","KN294161v1","491457","491757","71","37351563"
"chr1","37850317","37850486","KN297319v1","373164","373327","38","37477153"
"chr1","37944418","37944549","KN295526v1","145592","145725","27","37798826"
"chr1","38023847","38024137","KN294207v1","595798","596096","65","37428049"
"chr1","38241756","38242060","KN294345v1","1713106","1713396","57","36528650"
"chr1","38423485","38423646","KN294856v1","256027","256175","33","38167458"
"chr1","38680421","38680725","KN296836v1","993587","993901","65","37686834"
"chr1","38841369","38841659","KN295099v1","55159","55457","60","38786210"
"chr1","38883657","38883944","KN294873v1","1303218","1303511","59","37580439"
"chr1","38967710","38967866","KN295601v1","2833105","2833244","39","36134605"
"chr1","39013652","39013751","KN295605v1","83359","83454","25","38930293"
"chr1","39031322","39031604","KN294396v1","224755","225042","62","38806567"
"chr1","39078605","39078942","KN296117v1","433694","434012","78","38644911"
"chr1","39131152","39131471","KN297112v1","1848867","1849178","65","37282285"
"chr1","39137370","39137661","KN295099v1","55159","55457","64","39082211"
"chr1","39160033","39160239","KN297026v1","1683472","1683666","51","37476561"
"chr1","39194718","39194993","KN294911v1","4780948","4781223","62","34413770"
"chr1","39224903","39225197","KN296864v1","1939832","1940132","60","37285071"
"chr1","39355763","39355959","KN296754v1","59195","59361","74","39296568"
"chr1","39404506","39404784","KN295459v1","878673","878961","66","38525833"
"chr1","39470382","39470653","KN294571v1","2055636","2055896","65","37414746"
"chr1","39494339","39494654","KN295102v1","38793","39103","64","39455546"
"chr1","39501524","39501761","KN297180v1","531711","531948","61","38969813"
"chr1","39513151","39513268","KN296062v1","1206761","1206876","26","38306390"
"chr1","39553604","39553907","KN294452v1","1374937","1375240","65","38178667"
"chr1","39586103","39586185","KN296138v1","179098","179183","18","39407005"
"chr1","39586482","39586662","KN294705v1","430855","431017","37","39155627"
"chr1","39613139","39613445","KN294954v1","70243","70554","64","39542896"
"chr1","39772944","39773061","KN296062v1","1206761","1206876","26","38566183"
"chr1","39783627","39783921","KN294873v1","1303218","1303511","63","38480409"
"chr1","39797949","39798217","KN295294v1","3123609","3123890","74","36674340"
"chr1","39804460","39804619","KN296157v1","908663","908818","33","38895797"
"chr1","39863184","39863470","KN294457v1","210304","210595","64","39652880"
"chr1","39889731","39889846","KN294172v1","5569913","5570012","30","34319818"
"chr1","39890159","39890317","KN295708v1","957826","957973","35","38932333"
"chr1","39939306","39939512","KN296767v1","53224","53425","60","39886082"
"chr1","40007547","40007828","KN296306v1","1771005","1771285","62","38236542"
"chr1","40008559","40008823","KN294536v1","1638405","1638659","75","38370154"
"chr1","40009946","40010075","KN296311v1","6471968","6472102","25","33537978"
"chr1","40024156","40024460","KN294452v1","1024655","1024959","69","38999501"
"chr1","40025961","40026085","KN294410v1","486228","486353","31","39539733"
"chr1","40026669","40026803","KN294218v1","2756614","2756751","33","37270055"
"chr1","40093913","40094040","KN295090v1","903125","903258","25","39190788"
"chr1","40102201","40102503","KN294452v1","1374937","1375240","65","38727264"
"chr1","40171041","40171328","KN294420v1","816046","816329","63","39354995"
"chr1","40174918","40175188","KN297028v1","97110","97396","71","40077808"
"chr1","40184955","40185221","KN297095v1","2475476","2475727","70","37709479"
"chr1","40265434","40265709","KN295480v1","1342408","1342684","74","38923026"
"chr1","40352533","40352826","KN296062v1","1084630","1084924","69","39267903"
"chr1","40403817","40404121","KN296371v1","158213","158508","65","40245604"
"chr1","40483219","40483526","KN296836v1","993587","993901","75","39489632"
"chr1","40517367","40517607","KN296311v1","2581889","2582135","53","37935478"
"chr1","40522238","40522529","KN294210v1","473112","473404","65","40049126"
"chr1","40549086","40549372","KN296865v1","1172192","1172469","72","39376894"
"chr1","40567148","40567454","KN295406v1","486578","486886","63","40080570"
"chr1","40611162","40611295","KN295110v1","19431","19565","22","40591731"
"chr1","40619269","40619540","KN296011v1","67440","67709","57","40551829"
"chr1","40733553","40733739","KN294571v1","2119940","2120110","45","38613613"
"chr1","40734046","40734180","KN295523v1","2963662","2963794","30","37770384"
"chr1","40741904","40742210","KN297184v1","1114866","1115167","66","39627038"
"chr1","40935159","40935531","KN294205v1","1221978","1222329","119","39713181"
"chr1","40967330","40967615","KN295667v1","935881","936160","66","40031449"
"chr1","41079658","41079820","KN294662v1","211735","211913","58","40867923"
"chr1","41136774","41137080","KN294421v1","9377","9683","65","41127397"
"chr1","41234153","41234453","KN296551v1","261617","261912","105","40972536"
"chr1","41234773","41234810","KN296290v1","587719","587750","10","40647054"
"chr1","41298639","41298944","KN294172v1","1404856","1405150","67","39893783"
"chr1","41794930","41795014","KN296828v1","138029","138111","15","41656901"
"chr1","41996114","41996402","KN295099v1","55159","55457","65","41940955"
"chr1","42156392","42156678","KN295171v1","12625","12912","63","42143767"
"chr1","42236205","42236490","KN296157v1","1746450","1746732","79","40489755"
"chr1","42260424","42260692","KN296864v1","669980","670224","36","41590444"
"chr1","42277162","42277316","KN296921v1","435698","435849","28","41841464"
"chr1","42488310","42488605","KN296864v1","905127","905426","18","41583183"
"chr1","42517088","42517382","KN296864v1","938161","938454","12","41578927"
"chr1","42542367","42542533","KN296732v1","3299905","3300084","48","39242462"
"chr1","42542853","42542899","KN295988v1","992862","992913","15","41549991"
"chr1","42586295","42586594","KN294389v1","28183","28488","68","42558112"
"chr1","42641383","42641580","KN296864v1","1063346","1063538","19","41578037"
"chr1","42699627","42699746","KN295586v1","644606","644724","27","42055021"
"chr1","42705554","42705620","KN297008v1","2642712","2642772","17","40062842"
"chr1","42744990","42745261","KN294235v1","447510","447794","74","42297480"
"chr1","42762140","42762302","KN296864v1","1181648","1181808","7","41580492"
"chr1","42821730","42822043","KN294452v1","1024655","1024959","63","41797075"
"chr1","42861728","42862042","KN295352v1","1382929","1383224","85","41478799"
"chr1","42885081","42885212","KN295526v1","145592","145725","28","42739489"
"chr1","43033046","43033343","KN296864v1","1447995","1448277","31","41585051"
"chr1","43342276","43342564","KN296864v1","1873086","1873381","28","41469190"
"chr1","43408265","43408565","KN296864v1","1939832","1940132","17","41468433"
"chr1","43659015","43659290","KN295722v1","1369561","1369836","66","42289454"
"chr1","43699089","43699398","KN294421v1","9377","9683","72","43689712"
"chr1","43730559","43730846","KN296864v1","2279896","2280175","32","41450663"
"chr1","43740505","43740844","KN294187v1","201748","202053","95","43538757"
"chr1","43758262","43758546","KN296864v1","2311825","2312107","29","41446437"
"chr1","43758745","43759058","KN295346v1","1646114","1646406","79","42112631"
"chr1","43768154","43768457","KN296864v1","1939832","1940132","56","41828322"
"chr1","43809420","43809711","KN295744v1","408789","409077","65","43400631"
"chr1","43890592","43890868","KN296864v1","2452974","2453250","16","41437618"
"chr1","43940782","43941091","KN294873v1","1303218","1303511","74","42637564"
"chr1","44039929","44040055","KN295533v1","2843283","2843406","22","41196646"
"chr1","44087250","44087562","KN297190v1","6401851","6402158","68","37685399"
"chr1","44144187","44144495","KN295553v1","182905","183210","76","43961282"
"chr1","44187489","44187661","KN294251v1","2324608","2324790","50","41862881"
"chr1","44201565","44201877","KN294710v1","107390","107697","70","44094175"
"chr1","44204696","44204977","KN296864v1","2779495","2779788","20","41425201"
"chr1","44350766","44350885","KN296019v1","235214","235337","32","44115552"
"chr1","44520893","44521188","KN296864v1","3096229","3096519","32","41424664"
"chr1","44548487","44548791","KN294251v1","1366870","1367179","69","43181617"
"chr1","44561635","44561920","KN296864v1","3138537","3138822","21","41423098"
"chr1","44681295","44681482","KN296732v1","3522095","3522260","53","41159200"
"chr1","44704518","44704811","KN294806v1","594997","595290","59","44109521"
"chr1","44732604","44732906","KN297058v1","194613","194917","56","44537991"
"chr1","44771840","44772170","KN297442v1","2755613","2755926","96","42016227"
"chr1","44872364","44872666","KN296649v1","474335","474640","59","44398029"
"chr1","44944349","44944510","KN296000v1","901795","901947","37","44042554"
"chr1","45029968","45030232","KN294446v1","947774","948041","62","44082194"
"chr1","45032136","45032429","KN294210v1","473112","473404","59","44559024"
"chr1","45125785","45126072","KN294199v1","1022551","1022840","58","44103234"
"chr1","45148986","45149286","KN296907v1","1087372","1087677","77","44061614"
"chr1","45149891","45150201","KN296528v1","821177","821492","66","44328714"
"chr1","45170711","45170884","KN295441v1","1869789","1869962","8","43300922"
"chr1","45207814","45208010","KN295994v1","491289","491494","56","44716525"
"chr1","45208079","45208394","KN295441v1","1839597","1839903","23","43368482"
"chr1","45220605","45220916","KN295441v1","1823484","1823788","37","43397121"
"chr1","45250366","45250527","KN295667v1","667475","667632","51","44582891"
"chr1","45278341","45278504","KN294911v1","4985405","4985572","27","40292936"
"chr1","45278677","45278823","KN294970v1","979993","980138","32","44298684"
"chr1","45283144","45283314","KN296732v1","3522095","3522260","41","41761049"
"chr1","45283608","45283740","KN296096v1","3053461","3053592","27","42230147"
"chr1","45384438","45384593","KN296175v1","389661","389808","37","44994777"
"chr1","45384627","45384708","KN296869v1","356593","356675","22","45028034"
"chr1","45395595","45395771","KN295925v1","435140","435310","37","44960455"
"chr1","45439674","45439947","KN295441v1","1594509","1594782","18","43845165"
"chr1","45443897","45444192","KN296508v1","258998","259298","59","45184899"
"chr1","45446224","45446491","KN297046v1","2130311","2130564","65","43315913"
"chr1","45541828","45542057","KN295441v1","1488111","1488339","19","44053717"
"chr1","45543450","45543680","KN295441v1","1486178","1486397","15","44057272"
"chr1","45591342","45591650","KN294251v1","1366870","1367179","75","44224472"
"chr1","45613492","45613787","KN295441v1","1421164","1421442","47","44192328"
"chr1","45655790","45656067","KN296119v1","1984680","1984963","73","43671110"
"chr1","45713146","45713279","KN295441v1","1316565","1316702","14","44396581"
"chr1","45713858","45713990","KN295441v1","1315855","1315980","20","44398003"
"chr1","45773228","45773535","KN295936v1","78605","78913","73","45694623"
"chr1","45774414","45774702","KN295441v1","1252305","1252596","26","44522109"
"chr1","45775953","45776121","KN297319v1","373164","373327","48","45402789"
"chr1","45789578","45789869","KN297462v1","564741","565026","56","45224837"
"chr1","45813338","45813496","KN296738v1","200423","200579","34","45612915"
"chr1","45813799","45813950","KN294372v1","1088122","1088262","37","44725677"
"chr1","46201230","46201356","KN295441v1","789788","789916","9","45411442"
"chr1","46226950","46227243","KN295441v1","764037","764323","32","45462913"
"chr1","46291340","46291552","KN296158v1","230905","231113","51","46060435"
"chr1","46317516","46317793","KN295441v1","676293","676574","21","45641223"
"chr1","46359736","46359821","KN295735v1","495614","495690","29","45864122"
"chr1","46566981","46567234","KN294420v1","263951","264214","65","46303030"
"chr1","46569091","46569222","KN295441v1","437667","437799","8","46131424"
"chr1","46871478","46871765","KN294235v1","447510","447794","67","46423968"
"chr1","47047961","47048268","KN295441v1","55376","55658","48","46992585"
"chr1","47096138","47096426","KN294235v1","447510","447794","69","46648628"
"chr1","47252099","47252413","KN296322v1","426249","426560","65","46825850"
"chr1","47257356","47257522","KN294346v1","260578","260726","51","46996778"
"chr1","47263266","47263561","KN294470v1","1153982","1154281","73","46109284"
"chr1","47368680","47368946","KN294570v1","166260","166534","66","47202420"
"chr1","48620281","48620562","KN297197v1","1048614","1048879","69","47571667"
"chr1","48624928","48625077","KN296829v1","851332","851478","37","47773596"
"chr1","48936006","48936272","KN297083v1","21832","22074","66","48914174"
"chr1","49797440","49797738","KN296495v1","1076274","1076557","74","48721166"
"chr1","49889193","49889350","KN295326v1","444837","444999","39","49444356"
"chr1","50101624","50101749","KN296311v1","4657589","4657718","24","45444035"
"chr1","50250168","50250409","KN296557v1","788652","788900","60","49461516"
"chr1","50507458","50507728","KN296311v1","5278234","5278515","69","45229224"
"chr1","50671808","50672016","KN295803v1","1216071","1216287","55","49455737"
"chr1","50723630","50723745","KN295708v1","2743593","2743707","25","47980037"
"chr1","50724048","50724255","KN294777v1","706958","707163","13","50017090"
"chr1","50735711","50736018","KN294777v1","718074","718375","28","50017637"
"chr1","50874369","50874658","KN297159v1","1235995","1236289","76","49638374"
"chr1","50949865","50950139","KN295091v1","2551226","2551488","76","48398639"
"chr1","51080070","51080257","KN295633v1","759755","759918","55","50320315"
"chr1","51103124","51103410","KN296948v1","762193","762479","57","50340931"
"chr1","51103450","51103471","KN296145v1","6341","6356","6","51097109"
"chr1","51119510","51119806","KN296577v1","66982","67279","24","51052528"
"chr1","51126275","51126554","KN296495v1","1076274","1076557","63","50050001"
"chr1","51129188","51129305","KN296577v1","77768","77873","19","51051420"
"chr1","51129463","51129572","KN296577v1","78025","78134","7","51051438"
"chr1","51203965","51204230","KN294650v1","596463","596718","63","50607502"
"chr1","51217237","51217531","KN296322v1","1648835","1649139","71","49568402"
"chr1","51253243","51253539","KN296577v1","205238","205545","35","51048005"
"chr1","51351991","51352249","KN296577v1","301029","301301","33","51050962"
"chr1","51394859","51395151","KN296557v1","1088889","1089182","81","50305970"
"chr1","51443667","51443947","KN295576v1","164716","164996","68","51278951"
"chr1","51465910","51466020","KN296577v1","410154","410267","10","51055756"
"chr1","51512844","51513125","KN296577v1","458643","458904","35","51054201"
"chr1","51536297","51536618","KN295368v1","1395133","1395437","81","50141164"
"chr1","51563799","51564082","KN295637v1","799799","800078","71","50764000"
"chr1","51590756","51590916","KN296877v1","151376","151537","30","51439380"
"chr1","51591218","51591370","KN295350v1","363013","363159","33","51228205"
"chr1","51640801","51641081","KN296577v1","591346","591631","26","51049455"
"chr1","51645467","51645597","KN296577v1","596310","596433","17","51049157"
"chr1","51684004","51684296","KN296649v1","28211","28505","68","51655793"
"chr1","51696883","51697190","KN294407v1","715854","716149","78","50981029"
"chr1","51754813","51755090","KN296577v1","699836","700138","53","51054977"
"chr1","51822396","51822555","KN294407v1","109423","109582","36","51712973"
"chr1","51866079","51866243","KN295343v1","579461","579613","42","51286618"
"chr1","51866994","51867157","KN294711v1","1194000","1194162","45","50672994"
"chr1","51873907","51874160","KN294407v1","812570","812796","83","51061337"
"chr1","51880314","51880588","KN296865v1","1172192","1172469","76","50708122"
"chr1","51902559","51902829","KN296577v1","852929","853199","10","51049630"
"chr1","51986025","51986146","KN296577v1","937639","937757","8","51048386"
"chr1","51986450","51986637","KN296577v1","938048","938235","14","51048402"
"chr1","52008997","52009231","KN295814v1","1510713","1510950","61","50498284"
"chr1","52048184","52048491","KN297058v1","194613","194917","65","51853571"
"chr1","52138128","52138288","KN294407v1","109423","109582","9","52028705"
"chr1","52205374","52205671","KN295352v1","729753","730045","74","51475621"
"chr1","52228076","52228346","KN296201v1","1219226","1219493","65","51008850"
"chr1","52228886","52229167","KN296311v1","5278234","5278515","74","46950652"
"chr1","52315147","52315437","KN294520v1","992368","992662","62","51322779"
"chr1","52484068","52484222","KN297171v1","1235221","1235375","27","51248847"
"chr1","52564495","52564776","KN294407v1","531225","531525","38","52033270"
"chr1","52575449","52575764","KN297184v1","1114866","1115167","68","51460583"
"chr1","52576179","52576467","KN295346v1","1646114","1646406","68","50930065"
"chr1","52588016","52588316","KN294260v1","822843","823138","60","51765173"
"chr1","52600208","52600362","KN295005v1","263752","263899","31","52336456"
"chr1","52600663","52600793","KN297154v1","371481","371609","25","52229182"
"chr1","52659079","52659329","KN294747v1","1130292","1130545","69","51528787"
"chr1","52765495","52765799","KN297184v1","1114866","1115167","74","51650629"
"chr1","52770093","52770303","KN294372v1","2435922","2436135","53","50334171"
"chr1","52782579","52782920","KN294407v1","766794","767133","22","52015785"
"chr1","52827475","52827699","KN294407v1","812570","812796","14","52014905"
"chr1","52929198","52929408","KN295708v1","178130","178336","61","52751068"
"chr1","52954424","52954642","KN294407v1","977837","978059","17","51976587"
"chr1","52998314","52998531","KN295907v1","534057","534274","53","52464257"
"chr1","53026526","53026820","KN294407v1","1044299","1044599","26","51982227"
"chr1","53067637","53067935","KN294407v1","1086188","1086466","41","51981449"
"chr1","53128193","53128495","KN294407v1","1142063","1142375","36","51986130"
"chr1","53158932","53159207","KN294407v1","1168889","1169175","26","51990043"
"chr1","53171745","53172008","KN295586v1","185554","185803","70","52986191"
"chr1","53230416","53230738","KN294407v1","1246363","1246672","40","51984053"
"chr1","53239723","53239781","KN297095v1","3708734","3708794","14","49530989"
"chr1","53269304","53269610","KN296588v1","282556","282869","67","52986748"
"chr1","53355773","53355944","KN296732v1","3070322","3070492","51","50285451"
"chr1","53355986","53356104","KN294879v1","753968","754085","17","52602018"
"chr1","53369588","53369801","KN296310v1","1459156","1459371","48","51910432"
"chr1","53436429","53436542","KN294407v1","1443257","1443370","10","51993172"
"chr1","53703355","53703661","KN294407v1","1718897","1719202","40","51984458"
"chr1","53774607","53774922","KN297212v1","263460","263771","69","53511147"
"chr1","53777032","53777323","KN296864v1","1939832","1940132","74","51837200"
"chr1","53802385","53802677","KN296682v1","3395587","3395869","72","50406798"
"chr1","53995529","53995806","KN295708v1","2860090","2860376","59","51135439"
"chr1","53999160","53999309","KN294569v1","180105","180259","31","53819055"
"chr1","54032925","54033096","KN295774v1","149577","149746","30","53883348"
"chr1","54033134","54033259","KN297154v1","1282191","1282319","23","52750943"
"chr1","54284508","54284768","KN295352v1","1019178","1019436","54","53265330"
"chr1","54312149","54312307","KN295721v1","382777","382938","42","53929372"
"chr1","54426695","54426828","KN296485v1","71632","71763","19","54355063"
"chr1","54453827","54453995","KN294407v1","2457271","2457437","17","51996556"
"chr1","54454294","54454436","KN294407v1","2457734","2457877","17","51996560"
"chr1","54522831","54522970","KN294569v1","180105","180259","40","54342726"
"chr1","54563069","54563285","KN297047v1","3756205","3756418","68","50806864"
"chr1","54593267","54593579","KN297245v1","2237012","2237311","76","52356255"
"chr1","54655367","54655682","KN294539v1","3409060","3409366","70","51246307"
"chr1","54667349","54667459","KN294410v1","238826","238934","17","54428523"
"chr1","54667755","54667929","KN294662v1","211735","211913","65","54456020"
"chr1","54718099","54718364","KN294257v1","429622","429893","59","54288477"
"chr1","54719897","54720191","KN294235v1","47425","47725","71","54672472"
"chr1","54869620","54869769","KN294407v1","2862516","2862663","5","52007104"
"chr1","54870070","54870247","KN294571v1","2119940","2120110","36","52750130"
"chr1","55174799","55174929","KN295706v1","131306","131439","22","55043493"
"chr1","55270455","55270727","KN294862v1","116430","116695","69","55154025"
"chr1","56658602","56658722","KN296557v1","74888","75001","26","56583714"
"chr1","57056217","57056534","KN295974v1","1415452","1415775","37","55640765"
"chr1","57150884","57151005","KN294457v1","1164538","1164662","28","55986346"
"chr1","57698091","57698397","KN294279v1","735882","736184","71","56962209"
"chr1","57757820","57758075","KN295667v1","673092","673338","63","57084728"
"chr1","57890447","57890736","KN295302v1","381457","381740","84","57508990"
"chr1","58679470","58679746","KN295075v1","246491","246766","70","58432979"
"chr1","59231819","59232134","KN296306v1","2458139","2458449","90","56773680"
"chr1","59285849","59286126","KN295974v1","3673192","3673465","22","55612657"
"chr1","59346806","59346932","KN295458v1","34771","34886","30","59312035"
"chr1","59643179","59643494","KN295984v1","980030","980331","74","58663149"
"chr1","60132803","60133047","KN294747v1","867897","868151","77","59264906"
"chr1","60298723","60298993","KN296635v1","427429","427698","19","59871294"
"chr1","60524949","60525250","KN294210v1","1206882","1207179","66","59318067"
"chr1","61066985","61067074","KN295744v1","21999","22088","23","61044986"
"chr1","61128106","61128248","KN296635v1","1234787","1234930","10","59893319"
"chr1","61355586","61355887","KN296322v1","1648835","1649139","69","59706751"
"chr1","61364944","61365213","KN296635v1","1467499","1467807","58","59897445"
"chr1","61379240","61379390","KN295077v1","389351","389507","36","60989889"
"chr1","61379706","61379851","KN296119v1","5311381","5311527","28","56068325"
"chr1","61634773","61635073","KN296635v1","1741125","1741435","32","59893648"
"chr1","61671691","61671824","KN297453v1","84448","84582","21","61587243"
"chr1","61672132","61672313","KN296635v1","1778753","1778922","22","59893379"
"chr1","61696773","61696917","KN296635v1","1804665","1804809","13","59892108"
"chr1","61717564","61717730","KN296864v1","3353170","3353334","41","58364394"
"chr1","61890197","61890476","KN295984v1","150673","150962","63","61739524"
"chr1","61959824","61960038","KN296635v1","2061822","2062028","25","59898002"
"chr1","61986414","61986706","KN296635v1","2089119","2089407","30","59897295"
"chr1","61997836","61997982","KN295828v1","950552","950701","33","61047284"
"chr1","61998384","61998526","KN295706v1","131306","131439","33","61867078"
"chr1","62130053","62130347","KN295117v1","112788","113084","64","62017265"
"chr1","62170113","62170409","KN296635v1","2278565","2278880","39","59891548"
"chr1","62232553","62232819","KN296635v1","2345096","2345363","27","59887457"
"chr1","62339926","62340232","KN295667v1","1567361","1567664","58","60772565"
"chr1","62483011","62483174","KN296877v1","151376","151537","31","62331635"
"chr1","62483212","62483329","KN296577v1","937639","937757","28","61545573"
"chr1","62540170","62540474","KN296322v1","1648835","1649139","65","60891335"
"chr1","62553356","62553646","KN296550v1","110501","110774","86","62442855"
"chr1","62595647","62595944","KN294523v1","15844","16136","67","62579803"
"chr1","62677849","62678159","KN296528v1","821177","821492","63","61856672"
"chr1","62686893","62687079","KN296635v1","2809634","2809827","13","59877259"
"chr1","62824656","62824954","KN296635v1","2938371","2938668","20","59886285"
"chr1","63038728","63039049","KN296635v1","3158196","3158517","17","59880532"
"chr1","63095671","63095803","KN295706v1","131306","131439","25","62964365"
"chr1","63341266","63341506","KN296635v1","3472909","3473149","8","59868357"
"chr1","63342956","63343003","KN294470v1","2469353","2469399","11","60873603"
"chr1","63410282","63410554","KN296011v1","67440","67709","64","63342842"
"chr1","63432783","63432928","KN296635v1","3551150","3551305","18","59881633"
"chr1","63475317","63475571","KN295267v1","81052","81310","66","63394265"
"chr1","63516442","63516741","KN297112v1","987517","987814","75","62528925"
"chr1","63553829","63554122","KN296635v1","3669975","3670256","36","59883854"
"chr1","63823446","63823752","KN295449v1","1170610","1170916","66","62652836"
"chr1","63974632","63974803","KN296635v1","4102969","4103140","5","59871663"
"chr1","63990962","63991249","KN296635v1","4119867","4120137","34","59871095"
"chr1","64270847","64271140","KN295523v1","4207357","4207655","70","60063490"
"chr1","64336060","64336369","KN296635v1","4485480","4485724","72","59850580"
"chr1","64475172","64475465","KN295284v1","51299","51592","63","64423873"
"chr1","64666607","64666872","KN296635v1","4811117","4811399","38","59855490"
"chr1","64700646","64700970","KN296588v1","282556","282869","71","64418090"
"chr1","64880987","64881268","KN296635v1","5026889","5027175","23","59854098"
"chr1","64972839","64973146","KN295102v1","387826","388136","61","64585013"
"chr1","65006355","65006642","KN296442v1","1155078","1155358","69","63851277"
"chr1","65046913","65047186","KN296948v1","762193","762479","69","64284720"
"chr1","65130869","65131156","KN296528v1","1411593","1411869","68","63719276"
"chr1","65321200","65321496","KN296635v1","5484641","5484942","36","59836559"
"chr1","65389741","65390019","KN296635v1","5549919","5550186","32","59839822"
"chr1","65427786","65427904","KN296635v1","5588705","5588826","11","59839081"
"chr1","65808170","65808457","KN294261v1","349079","349368","29","65459091"
"chr1","65934206","65934460","KN294170v1","127165","127415","73","65807041"
"chr1","66149596","66149858","KN295490v1","34980","35237","52","66114616"
"chr1","66287721","66287993","KN294552v1","1295874","1296134","60","64991847"
"chr1","66363631","66363786","KN295077v1","278844","279006","39","66084787"
"chr1","66753667","66753963","KN294806v1","594997","595290","55","66158670"
"chr1","66801593","66801848","KN294987v1","858029","858282","62","65943564"
"chr1","66842916","66843212","KN295099v1","55159","55457","59","66787757"
"chr1","66901783","66902057","KN295633v1","1501780","1502052","67","65400003"
"chr1","66910067","66910219","KN297171v1","1235221","1235375","34","65674846"
"chr1","67167579","67167732","KN294569v1","180105","180259","32","66987474"
"chr1","67476455","67476756","KN296322v1","1648835","1649139","57","65827620"
"chr1","67520974","67521290","KN296783v1","2599","2914","78","67518375"
"chr1","67525166","67525377","KN295610v1","375600","375802","52","67149566"
"chr1","67606212","67606392","KN296588v1","899416","899601","40","66706796"
"chr1","67738601","67738893","KN296495v1","1076274","1076557","74","66662327"
"chr1","68253930","68254238","KN297190v1","6401851","6402158","68","61852079"
"chr1","68289065","68289377","KN294260v1","1359230","1359515","83","66929835"
"chr1","68334499","68334803","KN295667v1","1567361","1567664","68","66767138"
"chr1","68434767","68434901","KN295564v1","622863","622995","37","67811904"
"chr1","68459912","68460195","KN295576v1","164716","164996","71","68295196"
"chr1","68540379","68540693","KN296322v1","1648835","1649139","64","66891544"
"chr1","68564128","68564253","KN297008v1","1474620","1474752","27","67089508"
"chr1","69220979","69221267","KN297190v1","4113908","4114190","70","65107071"
"chr1","69466366","69466671","KN297320v1","22264","22555","72","69444102"
"chr1","69854220","69854506","KN296063v1","1266743","1267029","67","68587477"
"chr1","69990947","69991174","KN297015v1","27449","27685","28","69963498"
"chr1","70068717","70068933","KN295572v1","371863","372076","57","69696854"
"chr1","70190400","70190709","KN295894v1","2131941","2132242","72","68058459"
"chr1","70200185","70200474","KN295757v1","21099","21398","70","70179086"
"chr1","70212789","70213074","KN296864v1","2279896","2280175","87","67932893"
"chr1","70334042","70334336","KN296964v1","1814390","1814681","64","68519652"
"chr1","71027162","71027437","KN296925v1","62162","62418","82","70965000"
"chr1","72507594","72507916","KN297165v1","2596688","2597002","79","69910906"
"chr1","72776520","72776772","KN296247v1","538693","538966","73","72237827"
"chr1","73855142","73855325","KN296086v1","390854","391024","47","73464288"
"chr1","74304457","74304743","KN294917v1","507784","508062","68","73796673"
"chr1","74428653","74428942","KN295983v1","1223920","1224199","64","73204733"
"chr1","74944082","74944361","KN295075v1","246491","246766","68","74697591"
"chr1","75469637","75469924","KN296398v1","253691","253978","16","75215946"
"chr1","75513864","75514145","KN296201v1","1142532","1142802","79","74371332"
"chr1","75627406","75627696","KN296187v1","1076837","1077134","72","74550569"
"chr1","75652511","75652818","KN296398v1","87882","88182","28","75564629"
"chr1","75730538","75730824","KN296345v1","9614","9911","50","75720924"
"chr1","75841193","75841496","KN296345v1","122584","122859","45","75718609"
"chr1","75855034","75855337","KN296345v1","135270","135575","19","75719764"
"chr1","76002651","76002784","KN296345v1","323387","323519","9","75679264"
"chr1","76974208","76974500","KN296701v1","487773","488077","37","76486435"
"chr1","76997719","76997830","KN294506v1","7028","7136","25","76990691"
"chr1","76998184","76998422","KN294879v1","1183051","1183277","66","75815133"
"chr1","77078644","77078924","KN294385v1","307137","307411","71","76771507"
"chr1","77118233","77118458","KN296701v1","344880","345098","17","76773353"
"chr1","77167060","77167350","KN296701v1","289795","290083","14","76877265"
"chr1","77190107","77190427","KN297165v1","2596688","2597002","73","74593419"
"chr1","77374580","77374840","KN296701v1","80886","81139","28","77293694"
"chr1","77552756","77553050","KN295171v1","12625","12912","54","77540131"
"chr1","77659824","77660130","KN295102v1","38793","39103","61","77621031"
"chr1","77705497","77705653","KN296528v1","1183043","1183202","36","76522454"
"chr1","77709227","77709523","KN297058v1","392670","392966","65","77316557"
"chr1","77731823","77732126","KN294991v1","1709174","1709474","65","76022649"
"chr1","77747241","77747557","KN296322v1","1648835","1649139","75","76098406"
"chr1","77808965","77809095","KN294536v1","420664","420795","31","77388301"
"chr1","77824276","77824561","KN294420v1","816046","816329","65","77008230"
"chr1","77910828","77911140","KN294251v1","1366870","1367179","73","76543958"
"chr1","77987272","77987556","KN294260v1","822843","823138","59","77164429"
"chr1","77988045","77988318","KN294279v1","171583","171867","71","77816462"
"chr1","78048414","78048686","KN294987v1","459255","459513","61","77589159"
"chr1","78064672","78064742","KN295586v1","2493607","2493679","17","75571065"
"chr1","78065045","78065193","KN295294v1","403385","403528","43","77661660"
"chr1","78195064","78195364","KN297023v1","640512","640805","64","77554552"
"chr1","78202787","78203069","KN297190v1","2683777","2684071","72","75519010"
"chr1","78820785","78820916","KN295523v1","2963662","2963794","24","75857123"
"chr1","79098930","79099235","KN295349v1","6069","6347","76","79092861"
"chr1","79403090","79403404","KN295633v1","909764","910066","76","78493326"
"chr1","79751744","79752031","KN297327v1","807993","808286","77","78943751"
"chr1","79852065","79852377","KN294452v1","1024655","1024959","77","78827410"
"chr1","80043188","80043484","KN297180v1","110970","111263","68","79932218"
"chr1","80161013","80161292","KN294279v1","506995","507287","71","79654018"
"chr1","80381467","80381684","KN296885v1","3156248","3156459","53","77225219"
"chr1","80752354","80752663","KN296505v1","323963","324278","71","80428391"
"chr1","81376905","81377189","KN294499v1","1110140","1110419","76","80266765"
"chr1","81524769","81524919","KN294592v1","630769","630908","39","80894000"
"chr1","81622610","81622772","KN295705v1","2338948","2339110","33","79283662"
"chr1","81645108","81645419","KN296322v1","1648835","1649139","60","79996273"
"chr1","81651732","81652007","KN297200v1","235109","235385","81","81416623"
"chr1","81705635","81705922","KN294207v1","595798","596096","75","81109837"
"chr1","81768045","81768339","KN296849v1","957882","958183","72","80810163"
"chr1","82223528","82223846","KN295633v1","909764","910066","75","81313764"
"chr1","82436307","82436602","KN296322v1","1648835","1649139","66","80787472"
"chr1","82592093","82592395","KN294399v1","171378","171682","69","82420715"
"chr1","82904089","82904374","KN296743v1","1480761","1481044","74","81423328"
"chr1","83482697","83483026","KN295974v1","1415452","1415775","93","82067245"
"chr1","83956155","83956268","KN295802v1","222325","222434","32","83733830"
"chr1","83956307","83956424","KN296495v1","2297715","2297827","20","81658592"
"chr1","84011298","84011612","KN294848v1","998602","998909","75","83012696"
"chr1","84417398","84417569","KN296864v1","3353170","3353334","35","81064228"
"chr1","84441637","84441932","KN295352v1","1382929","1383224","68","83058708"
"chr1","84564764","84565059","KN296398v1","253691","253978","74","84311073"
"chr1","84602815","84603091","KN294987v1","187998","188261","71","84414817"
"chr1","84839392","84839700","KN296484v1","414259","414576","68","84425133"
"chr1","84886245","84886533","KN297023v1","640512","640805","64","84245733"
"chr1","85002299","85002573","KN297048v1","134544","134818","71","84867755"
"chr1","85170115","85170391","KN295984v1","2962847","2963132","74","82207268"
"chr1","85247768","85247962","KN295294v1","144515","144695","45","85103253"
"chr1","85250259","85250282","KN295368v1","1470938","1470967","9","83779321"
"chr1","85288150","85288400","KN296921v1","2833134","2833394","61","82455016"
"chr1","85610994","85611154","KN295967v1","534752","534906","45","85076242"
"chr1","85696253","85696292","KN295854v1","1484570","1484606","17","84211683"
"chr1","85728206","85728513","KN296505v1","323963","324278","61","85404243"
"chr1","85804856","85805139","KN294873v1","1303218","1303511","71","84501638"
"chr1","86015878","86016152","KN294372v1","2483486","2483743","79","83532392"
"chr1","86233389","86233425","KN295533v1","1802305","1802332","13","84431084"
"chr1","86233802","86233896","KN294372v1","2271988","2272078","28","83961814"
"chr1","86241291","86241532","KN296732v1","2656295","2656545","64","83584996"
"chr1","86305053","86305330","KN296682v1","3395587","3395869","63","82909466"
"chr1","86888442","86888569","KN295294v1","363845","363973","25","86524597"
"chr1","86890489","86890809","KN297066v1","48943","49249","77","86841546"
"chr1","87030272","87030498","KN296404v1","3889374","3889596","54","83140898"
"chr1","87079756","87080066","KN296743v1","1912471","1912755","79","85167285"
"chr1","87306490","87306702","KN295923v1","1986700","1986911","47","85319790"
"chr1","87446960","87447218","KN296926v1","93854","94122","75","87353106"
"chr1","87548021","87548156","KN295755v1","75966","76098","24","87472055"
"chr1","87571176","87571337","KN294991v1","973655","973815","33","86597521"
"chr1","87571644","87571768","KN297370v1","777597","777719","41","86794047"
"chr1","87615322","87615622","KN294728v1","765090","765383","64","86850232"
"chr1","87699983","87700301","KN295974v1","1415452","1415775","77","86284531"
"chr1","88568406","88568709","KN295059v1","376128","376427","32","88192278"
"chr1","88774708","88775008","KN295059v1","155601","155880","41","88619107"
"chr1","88812458","88812744","KN295825v1","1331773","1332061","59","87480685"
"chr1","88850873","88851195","KN295102v1","38793","39103","79","88812080"
"chr1","88941633","88941843","KN296024v1","15186","15400","20","88926447"
"chr1","88959008","88959292","KN295074v1","352422","352716","75","88606586"
"chr1","89115616","89115896","KN296024v1","221499","221773","27","88894117"
"chr1","89142263","89142550","KN294899v1","1235205","1235505","77","87907058"
"chr1","89454440","89454516","KN294208v1","486244","486319","25","88968196"
"chr1","89785820","89785986","KN295591v1","551156","551325","13","89234664"
"chr1","89803058","89803357","KN295352v1","729753","730045","71","89073305"
"chr1","89816019","89816215","KN296767v1","53224","53425","48","89762795"
"chr1","89953739","89954063","KN296505v1","323963","324278","70","89629776"
"chr1","89973024","89973324","KN295591v1","741817","742122","27","89231207"
"chr1","89994422","89994571","KN297215v1","862160","862298","35","89132262"
"chr1","90698933","90699171","KN295591v1","1513858","1514093","28","89185075"
"chr1","90992766","90993067","KN297058v1","194613","194917","16","90798153"
"chr1","91151201","91151352","KN297058v1","348813","348962","14","90802388"
"chr1","91195388","91195682","KN297058v1","392670","392966","22","90802718"
"chr1","91346845","91347125","KN296557v1","1088889","1089182","33","90257956"
"chr1","91407935","91408159","KN296119v1","805789","806002","56","90602146"
"chr1","91408731","91409008","KN297046v1","2072166","2072416","83","89336565"
"chr1","91506023","91506299","KN296557v1","948557","948832","20","90557466"
"chr1","91658391","91658673","KN296557v1","788652","788900","61","90869739"
"chr1","91766039","91766324","KN296557v1","687262","687533","32","91078777"
"chr1","91868788","91868851","KN296557v1","576863","576932","9","91291925"
"chr1","91925363","91925584","KN296643v1","482284","482494","47","91443079"
"chr1","91956659","91956966","KN296557v1","486495","486783","42","91470164"
"chr1","92116858","92117149","KN296557v1","327353","327638","29","91789505"
"chr1","92230182","92230330","KN294739v1","1041553","1041687","41","91188629"
"chr1","92230631","92230779","KN295977v1","425944","426098","40","91804687"
"chr1","92312129","92312433","KN296557v1","125100","125414","25","92187029"
"chr1","92357932","92358037","KN296557v1","74888","75001","14","92283044"
"chr1","92412364","92412671","KN295667v1","1567361","1567664","60","90845003"
"chr1","92460781","92460915","KN296573v1","15418","15557","27","92445363"
"chr1","92556814","92556973","KN294407v1","109423","109582","35","92447391"
"chr1","92602405","92602702","KN294698v1","32963","33259","24","92569442"
"chr1","92663726","92664047","KN294848v1","998602","998909","78","91665124"
"chr1","92704040","92704303","KN297046v1","3526635","3526886","67","89177405"
"chr1","92714601","92714890","KN294520v1","992368","992662","68","91722233"
"chr1","92765794","92766093","KN296306v1","1771005","1771285","78","90994789"
"chr1","92816804","92816901","KN296119v1","3502497","3502581","32","89314307"
"chr1","92964711","92965033","KN294949v1","1551468","1551789","93","91413243"
"chr1","92974630","92974786","KN295114v1","20274","20431","33","92954356"
"chr1","92989400","92989543","KN297327v1","920937","921085","37","92068463"
"chr1","93030544","93030849","KN294539v1","3409060","3409366","67","89621484"
"chr1","93082271","93082581","KN297146v1","142839","143148","75","92939432"
"chr1","93085477","93085786","KN294848v1","998602","998909","63","92086875"
"chr1","93198654","93198945","KN295294v1","1101026","1101317","66","92097628"
"chr1","93314766","93315049","KN296991v1","841101","841373","56","92473665"
"chr1","93382930","93383142","KN295666v1","152100","152313","51","93230830"
"chr1","93395205","93395375","KN295096v1","1069446","1069614","39","92325759"
"chr1","93426226","93426247","KN294470v1","3034367","3034381","8","90391859"
"chr1","93428048","93428082","KN294470v1","3033953","3033992","10","90394095"
"chr1","93496257","93496414","KN294346v1","260578","260726","50","93235679"
"chr1","93496694","93496830","KN295755v1","75966","76098","27","93420728"
"chr1","93576873","93577168","KN296682v1","2256354","2256645","62","91320519"
"chr1","93634952","93635241","KN296507v1","738522","738814","68","92896430"
"chr1","93737843","93738132","KN295294v1","1101026","1101317","64","92636817"
"chr1","93763067","93763349","KN294260v1","531879","532165","71","93231188"
"chr1","93789004","93789275","KN294378v1","1232521","1232813","80","92556483"
"chr1","94140698","94140947","KN295319v1","765091","765341","73","93375607"
"chr1","94217557","94217873","KN295893v1","5129577","5129894","77","89087980"
"chr1","94268704","94268787","KN295967v1","567181","567260","30","93701523"
"chr1","94278034","94278331","KN296315v1","1023330","1023621","68","93254704"
"chr1","94459028","94459209","KN294571v1","2119940","2120110","48","92339088"
"chr1","94536318","94536428","KN294193v1","654985","655103","30","93881333"
"chr1","94588698","94588952","KN295814v1","1510713","1510950","69","93077985"
"chr1","94805615","94805910","KN296948v1","762193","762479","58","94043422"
"chr1","94832692","94832968","KN295315v1","11474","11758","62","94821218"
"chr1","94941606","94941778","KN296643v1","410184","410354","36","94531422"
"chr1","94969080","94969392","KN296487v1","15614","15925","64","94953466"
"chr1","95047698","95048005","KN296378v1","237774","238079","63","94809924"
"chr1","95053559","95053724","KN297319v1","373164","373327","33","94680395"
"chr1","96138577","96138898","KN294421v1","9377","9683","74","96129200"
"chr1","96368100","96368422","KN297112v1","4975307","4975614","76","91392793"
"chr1","96452922","96453266","KN294548v1","1203959","1204261","109","95248963"
"chr1","96727998","96728286","KN295068v1","49131","49419","57","96678867"
"chr1","96942920","96943216","KN295346v1","1646114","1646406","65","95296806"
"chr1","97331196","97331486","KN294279v1","171583","171867","73","97159613"
"chr1","98326159","98326416","KN295352v1","1019178","1019436","62","97306981"
"chr1","98390528","98390658","KN295706v1","131306","131439","26","98259222"
"chr1","98567967","98568249","KN296221v1","529726","529987","34","98038241"
"chr1","98588268","98588557","KN295983v1","1223920","1224199","77","97364348"
"chr1","99783296","99783571","KN297219v1","1621419","1621693","76","98161877"
"chr1","99905576","99905876","KN295633v1","778185","778486","72","99127391"
"chr1","99934895","99935172","KN296948v1","762193","762479","59","99172702"
"chr1","99949646","99949941","KN295352v1","729753","730045","64","99219893"
"chr1","99988777","99989029","KN294458v1","21581","21829","58","99967196"
"chr1","99998152","99998457","KN294439v1","130265","130569","78","99867887"
"chr1","100014216","100014517","KN296507v1","738522","738814","67","99275694"
"chr1","100128957","100129250","KN294578v1","639003","639297","65","99489954"
"chr1","100131181","100131368","KN297320v1","32939","33116","45","100098242"
"chr1","100207540","100207844","KN294513v1","372597","372888","84","99834943"
"chr1","100225864","100226013","KN296864v1","3353170","3353334","45","96872694"
"chr1","100237642","100237939","KN297190v1","2683777","2684071","65","97553865"
"chr1","100240402","100240537","KN294987v1","646342","646477","25","99594060"
"chr1","100285652","100285934","KN294630v1","249844","250117","76","100035808"
"chr1","101061375","101061686","KN295102v1","38793","39103","70","101022582"
"chr1","101263751","101264052","KN295037v1","49162","49463","23","101214589"
"chr1","101271449","101271736","KN295037v1","57172","57478","37","101214277"
"chr1","101292364","101292496","KN294536v1","420664","420795","39","100871700"
"chr1","101292851","101292994","KN296210v1","326465","326608","28","100966386"
"chr1","101925538","101925829","KN297146v1","529862","530151","63","101395676"
"chr1","102176750","102177076","KN295037v1","971648","971949","41","101205102"
"chr1","103907889","103908083","KN297402v1","53510","53698","65","103854379"
"chr1","103972559","103972844","KN294345v1","1713106","1713396","78","102259453"
"chr1","103990596","103990894","KN296984v1","509598","509899","29","103480998"
"chr1","104143759","104144046","KN297452v1","1744682","1744969","62","102399077"
"chr1","104669546","104669846","KN295232v1","184891","185192","35","104484655"
"chr1","105010611","105010863","KN296474v1","188587","188842","25","104822024"
"chr1","105176957","105177262","KN294848v1","932997","933294","80","104243960"
"chr1","105179876","105180161","KN296474v1","328199","328484","24","104851677"
"chr1","107856755","107857021","KN297261v1","143638","143908","21","107713117"
"chr1","108032264","108032558","KN295090v1","2374852","2375141","64","105657412"
"chr1","108186306","108186576","KN296766v1","110882","111153","15","108075424"
"chr1","108446325","108446541","KN294897v1","547503","547739","70","107898822"
"chr1","108616119","108616255","KN294410v1","486228","486353","16","108129891"
"chr1","108649325","108649613","KN296948v1","762193","762479","75","107887132"
"chr1","108665301","108665421","KN294181v1","1238414","1238539","27","107426887"
"chr1","108688727","108689016","KN295099v1","55159","55457","60","108633568"
"chr1","108801649","108801968","KN294410v1","304240","304531","51","108497409"
"chr1","108881952","108882245","KN294410v1","221173","221470","23","108660779"
"chr1","108933223","108933442","KN296803v1","139111","139313","76","108794112"
"chr1","108944190","108944481","KN294410v1","152610","152894","24","108791580"
"chr1","108966460","108966689","KN295722v1","1902466","1902688","61","107063994"
"chr1","109014425","109014734","KN295102v1","38793","39103","67","108975632"
"chr1","109024847","109025013","KN295114v1","20274","20431","40","109004573"
"chr1","109055841","109056046","KN296548v1","82794","82989","56","108973047"
"chr1","109107607","109107861","KN294705v1","1107549","1107807","69","108000058"
"chr1","109122377","109122672","KN294260v1","822843","823138","72","108299534"
"chr1","109146752","109146903","KN294407v1","109423","109582","33","109037329"
"chr1","109165010","109165302","KN294733v1","111805","112094","25","109053205"
"chr1","109204788","109204903","KN295449v1","587976","588098","24","108616812"
"chr1","109276349","109276476","KN296311v1","4815038","4815168","26","104461311"
"chr1","109360353","109360636","KN294302v1","861450","861728","59","108498903"
"chr1","109373807","109374088","KN294733v1","321894","322176","17","109051913"
"chr1","109387343","109387528","KN294416v1","482366","482538","50","108904977"
"chr1","109418606","109418733","KN296634v1","1339651","1339784","29","108078955"
"chr1","109581982","109582289","KN296322v1","1648835","1649139","71","107933147"
"chr1","109774607","109774886","KN295893v1","1879651","1879923","65","107894956"
"chr1","110335509","110335851","KN295957v1","118147","118470","80","110217362"
"chr1","110399640","110399917","KN296732v1","209390","209661","64","110190250"
"chr1","110618059","110618322","KN295893v1","437901","438156","59","110180158"
"chr1","110979406","110979692","KN294822v1","15824","16112","23","110963582"
"chr1","111218953","111219250","KN296371v1","158213","158508","64","111060740"
"chr1","111698276","111698567","KN296484v1","493828","494131","75","111204448"
"chr1","112162520","112162776","KN294552v1","1295874","1296134","53","110866646"
"chr1","112398665","112398836","KN295633v1","552946","553113","34","111845719"
"chr1","112586148","112586464","KN296322v1","1648835","1649139","64","110937313"
"chr1","112645345","112645643","KN297058v1","392670","392966","62","112252675"
"chr1","112837160","112837270","KN295871v1","930449","930551","30","111906711"
"chr1","112918519","112918824","KN294806v1","594997","595290","74","112323522"
"chr1","112929429","112929560","KN296643v1","191078","191208","31","112738351"
"chr1","112932253","112932520","KN296948v1","762193","762479","69","112170060"
"chr1","112973786","112974041","KN296311v1","2759477","2759737","60","110214309"
"chr1","112979005","112979306","KN295406v1","486578","486886","70","112492427"
"chr1","113017942","113018206","KN295933v1","79820","80084","62","112938122"
"chr1","113229283","113229444","KN295721v1","382777","382938","29","112846506"
"chr1","113277679","113277896","KN295601v1","3201776","3202001","55","110075903"
"chr1","113431120","113431302","KN294662v1","211735","211913","49","113219385"
"chr1","113486652","113487010","KN294407v1","766794","767133","101","112719858"
"chr1","113555667","113555907","KN296865v1","2006387","2006622","27","111549280"
"chr1","113595155","113595308","KN297171v1","1235221","1235375","37","112359934"
"chr1","113803821","113804132","KN295441v1","1823484","1823788","84","111980337"
"chr1","113893558","113893851","KN296865v1","1674236","1674534","26","112219322"
"chr1","113934665","113935011","KN296865v1","1627674","1628000","38","112306991"
"chr1","114220580","114220889","KN296865v1","1340785","1341095","19","112879795"
"chr1","114384254","114384539","KN296865v1","1172192","1172469","23","113212062"
"chr1","114413740","114414010","KN295205v1","848688","848949","75","113565052"
"chr1","114414990","114415293","KN295923v1","1392828","1393125","59","113022162"
"chr1","114452615","114452915","KN294451v1","1149434","1149741","64","113303181"
"chr1","114473940","114474200","KN297189v1","235450","235714","64","114238490"
"chr1","114515981","114516288","KN297066v1","48943","49249","69","114467038"
"chr1","114533280","114533414","KN295038v1","817733","817865","26","113715547"
"chr1","114586728","114586898","KN296865v1","966144","966274","50","113620584"
"chr1","114587202","114587346","KN296865v1","965713","965857","4","113621489"
"chr1","114700993","114701267","KN295531v1","58152","58425","63","114642841"
"chr1","114868120","114868445","KN294439v1","130265","130569","81","114737855"
"chr1","114882075","114882185","KN295871v1","930449","930551","23","113951626"
"chr1","114957067","114957287","KN294991v1","1331915","1332136","64","113625152"
"chr1","114987385","114987670","KN296865v1","583441","583726","13","114403944"
"chr1","115235322","115235520","KN297026v1","1683472","1683666","52","113551850"
"chr1","115572038","115572328","KN295346v1","1646114","1646406","61","113925924"
"chr1","115609453","115609742","KN296253v1","1680665","1680947","28","113928788"
"chr1","115986005","115986142","KN296880v1","198524","198663","17","115787481"
"chr1","116169888","116170185","KN297227v1","1049335","1049619","79","115120553"
"chr1","116196458","116196713","KN295586v1","185554","185803","69","116010904"
"chr1","116205361","116205643","KN296948v1","762193","762479","56","115443168"
"chr1","116281654","116281793","KN296880v1","198524","198663","27","116083130"
"chr1","116313652","116313956","KN296588v1","282556","282869","76","116031096"
"chr1","116427643","116427780","KN296253v1","857274","857411","8","115570369"
"chr1","116484447","116484738","KN296253v1","798297","798590","24","115686150"
"chr1","116527857","116528061","KN295533v1","2434686","2434882","48","114093171"
"chr1","116686261","116686382","KN296253v1","597047","597176","14","116089214"
"chr1","116725123","116725279","KN295962v1","2106431","2106583","37","114618692"
"chr1","116880118","116880251","KN296093v1","103205","103337","21","116776913"
"chr1","117012576","117012707","KN296311v1","6471968","6472102","20","110540608"
"chr1","117016578","117016869","KN294172v1","1404856","1405150","68","115611722"
"chr1","117361007","117361140","KN295294v1","403385","403528","37","116957622"
"chr1","117691895","117692196","KN294434v1","432870","433172","13","117259025"
"chr1","117879897","117880190","KN295984v1","150673","150962","60","117729224"
"chr1","117930950","117931224","KN294434v1","662361","662634","13","117268589"
"chr1","118090603","118090887","KN296303v1","805215","805501","69","117285388"
"chr1","118506307","118506589","KN296948v1","762193","762479","66","117744114"
"chr1","118688455","118688771","KN296505v1","323963","324278","83","118364492"
"chr1","119288459","119288758","KN295633v1","778185","778486","58","118510274"
"chr1","119588252","119588543","KN295984v1","2962847","2963132","83","116625405"
"chr1","120419499","120419678","KN294662v1","211735","211913","51","120207764"
"chr1","120855865","120855971","KN295406v1","576347","576444","24","120279518"
"chr1","121137016","121137293","KN296865v1","1172192","1172469","61","119964824"
"chr1","121149553","121149783","KN295352v1","1019178","1019436","37","120130375"
"chr1","143636249","143636424","KN294662v1","211735","211913","49","143424514"
"chr1","143924956","143925234","KN296865v1","1172192","1172469","62","142752764"
"chr1","143937506","143937736","KN295352v1","1019178","1019436","36","142918328"
"chr1","144406934","144407040","KN295406v1","576347","576444","25","143830587"
"chr1","144456977","144457156","KN294662v1","211735","211913","50","144245242"
"chr1","145275458","145275564","KN295406v1","576347","576444","25","144699111"
"chr1","145420928","145421107","KN294662v1","211735","211913","50","145209193"
"chr1","145498864","145499057","KN294457v1","946089","946274","42","144552775"
"chr1","145730041","145730328","KN294378v1","1350669","1350966","65","144379372"
"chr1","145760156","145760349","KN295601v1","1689627","1689831","60","144070529"
"chr1","145769819","145770007","KN295933v1","250197","250369","53","145519622"
"chr1","145816792","145816985","KN294457v1","946089","946274","42","144870703"
"chr1","145834858","145835166","KN295406v1","486578","486886","67","145348280"
"chr1","145990823","145990971","KN297205v1","224006","224141","22","145766817"
"chr1","146237051","146237337","KN296507v1","738522","738814","63","145498529"
"chr1","146482665","146482800","KN294520v1","108989","109124","33","146373676"
"chr1","146708694","146708997","KN294452v1","1374937","1375240","67","145333757"
"chr1","146942943","146943119","KN294662v1","211735","211913","49","146731208"
"chr1","147150494","147150786","KN297184v1","1114866","1115167","67","146035628"
"chr1","147522906","147523082","KN296557v1","523389","523566","49","146999517"
"chr1","147532247","147532531","KN296495v1","1076274","1076557","59","146455973"
"chr1","147663529","147663661","KN294964v1","965459","965591","18","146698070"
"chr1","147888686","147888981","KN294199v1","1022551","1022840","62","146866135"
"chr1","148072014","148072208","KN294457v1","946089","946274","42","147125925"
"chr1","148143858","148144034","KN294662v1","211735","211913","49","147932123"
"chr1","148250595","148250730","KN294520v1","108989","109124","32","148141606"
"chr1","148516934","148517040","KN295406v1","576347","576444","25","147940587"
"chr1","148687793","148688079","KN296507v1","738522","738814","63","147949271"
"chr1","149098878","149099057","KN294662v1","211735","211913","50","148887143"
"chr1","149881307","149881564","KN295633v1","1501780","1502052","69","148379527"
"chr1","149994612","149994778","KN295096v1","1069446","1069614","29","148925166"
"chr1","150126694","150126856","KN296646v1","637289","637457","42","149489405"
"chr1","150129855","150130163","KN295633v1","909764","910066","66","149220091"
"chr1","150131554","150131865","KN294439v1","130265","130569","73","150001289"
"chr1","150178535","150178795","KN296119v1","4417986","4418235","65","145760549"
"chr1","150326778","150326858","KN295236v1","1305949","1306032","21","149020829"
"chr1","150444925","150445187","KN294991v1","1341110","1341371","67","149103815"
"chr1","150469271","150469576","KN296322v1","1648835","1649139","60","148820436"
"chr1","150587033","150587206","KN296661v1","423518","423684","45","150163515"
"chr1","150587499","150587612","KN297259v1","1176832","1176951","35","149410667"
"chr1","150733683","150733873","KN294346v1","500001","500188","48","150233682"
"chr1","150741011","150741283","KN294741v1","582193","582466","71","150158818"
"chr1","150748583","150748745","KN296528v1","1183043","1183202","36","149565540"
"chr1","150785047","150785318","KN297028v1","69514","69807","73","150715533"
"chr1","150835320","150835598","KN295722v1","1369561","1369836","71","149465759"
"chr1","150899161","150899433","KN296883v1","3290038","3290316","69","147609123"
"chr1","150908648","150908919","KN296577v1","852929","853199","70","150055719"
"chr1","150917949","150918221","KN296948v1","999703","999965","72","149918246"
"chr1","150947950","150948243","KN295352v1","1382929","1383224","65","149565021"
"chr1","151021969","151022088","KN297229v1","352299","352425","37","150669670"
"chr1","151108897","151109206","KN294439v1","130265","130569","80","150978632"
"chr1","151183944","151183994","KN294592v1","431867","431922","19","150752077"
"chr1","151228129","151228444","KN296649v1","474335","474640","82","150753794"
"chr1","151258792","151258921","KN297023v1","329933","330059","28","150928859"
"chr1","151317304","151317613","KN295368v1","1939103","1939400","70","149378201"
"chr1","151317811","151318112","KN296036v1","1343901","1344205","54","149973910"
"chr1","151322726","151322816","KN294471v1","360662","360756","24","150962064"
"chr1","151374713","151374819","KN295406v1","576347","576444","30","150798366"
"chr1","151382969","151383272","KN294452v1","1374937","1375240","65","150008032"
"chr1","151444820","151445073","KN295610v1","77007","77226","76","151367813"
"chr1","151448330","151448467","KN295526v1","145592","145725","26","151302738"
"chr1","151488560","151488838","KN296594v1","237857","238127","73","151250703"
"chr1","151604690","151604987","KN295667v1","1567361","1567664","72","150037329"
"chr1","151678031","151678195","KN296000v1","901795","901947","40","150776236"
"chr1","151695411","151695720","KN295225v1","149352","149659","59","151546059"
"chr1","151701632","151701947","KN297184v1","1114866","1115167","67","150586766"
"chr1","151733689","151733847","KN296062v1","1227714","1227868","49","150505975"
"chr1","151743804","151744090","KN297190v1","4113908","4114190","68","147629896"
"chr1","151881165","151881321","KN294279v1","1019768","1019921","30","150861397"
"chr1","151948896","151949179","KN294831v1","228505","228793","71","151720391"
"chr1","153435461","153435763","KN294539v1","3359067","3359368","69","150076394"
"chr1","153475587","153475740","KN295814v1","1730400","1730553","6","151745187"
"chr1","153476879","153477184","KN294452v1","1024655","1024959","63","152452224"
"chr1","153498594","153498883","KN297159v1","1712744","1713036","67","151785850"
"chr1","153519203","153519500","KN296371v1","158213","158508","66","153360990"
"chr1","153538852","153539134","KN297452v1","1744682","1744969","52","151794170"
"chr1","153622530","153622667","KN295079v1","645944","646082","19","152976586"
"chr1","153656566","153656818","KN295814v1","1556767","1557008","25","152099799"
"chr1","153663336","153663614","KN295814v1","1550626","1550880","43","152112710"
"chr1","153699793","153699962","KN294271v1","8882","9045","41","153690911"
"chr1","153700578","153700721","KN295034v1","243361","243503","26","153457217"
"chr1","153703608","153703902","KN295352v1","729753","730045","62","152973855"
"chr1","153826659","153826962","KN295667v1","1567361","1567664","64","152259298"
"chr1","153860331","153860626","KN295814v1","1339437","1339738","20","152520894"
"chr1","153867399","153867529","KN294410v1","486228","486353","28","153381171"
"chr1","153873661","153873934","KN295814v1","1327368","1327644","23","152546293"
"chr1","153908212","153908343","KN296311v1","4815038","4815168","20","149093174"
"chr1","153914652","153914941","KN295814v1","1282865","1283159","25","152631787"
"chr1","154065141","154065434","KN295814v1","1134208","1134501","16","152930933"
"chr1","154092724","154093024","KN295814v1","1099950","1100250","14","152992774"
"chr1","154102947","154103108","KN295420v1","396854","397019","37","153706093"
"chr1","154114596","154114897","KN296594v1","619931","620241","76","153494665"
"chr1","154235355","154235519","KN296754v1","59195","59361","36","154176160"
"chr1","154235763","154235898","KN294378v1","643788","643925","28","153591975"
"chr1","154256355","154256646","KN294199v1","1022551","1022840","65","153233804"
"chr1","154298778","154298916","KN295573v1","159110","159244","24","154139668"
"chr1","154300629","154300757","KN296322v1","997745","997870","26","153302884"
"chr1","154363826","154363962","KN294470v1","2235421","2235555","27","152128405"
"chr1","154364253","154364422","KN296394v1","294180","294349","45","154070073"
"chr1","154416121","154416444","KN294399v1","171378","171682","75","154244743"
"chr1","154642814","154643132","KN294410v1","294657","294975","77","154348157"
"chr1","154670326","154670555","KN295596v1","3046296","3046522","60","151624030"
"chr1","154964494","154964764","KN295814v1","212884","213163","51","154751610"
"chr1","155106045","155106269","KN296404v1","3889374","3889596","62","151216671"
"chr1","155123193","155123444","KN295814v1","51819","52021","60","155071374"
"chr1","155340778","155340927","KN294856v1","256027","256175","14","155084751"
"chr1","155410738","155410905","KN295362v1","840048","840212","39","154570690"
"chr1","155473487","155473799","KN294856v1","126985","127282","44","155346502"
"chr1","155509199","155509380","KN294856v1","87871","88037","20","155421328"
"chr1","155543980","155544090","KN296180v1","524673","524791","29","155019307"
"chr1","155571044","155571170","KN294856v1","32763","32889","12","155538281"
"chr1","155727361","155727495","KN296486v1","60099","60235","27","155667262"
"chr1","155793618","155793908","KN295346v1","1646114","1646406","67","154147504"
"chr1","155804101","155804403","KN294421v1","9377","9683","78","155794724"
"chr1","155806580","155806685","KN296577v1","78025","78134","37","155728555"
"chr1","155808925","155809191","KN295596v1","2566260","2566526","70","153242665"
"chr1","155827543","155827709","KN296000v1","898022","898186","44","154929521"
"chr1","155833831","155834123","KN294260v1","822843","823138","61","155010988"
"chr1","155863506","155863639","KN294842v1","1240164","1240299","27","154623342"
"chr1","155887454","155887517","KN297008v1","2642712","2642772","15","153244742"
"chr1","155896518","155896766","KN296296v1","172178","172432","31","155724340"
"chr1","155960183","155960494","KN296296v1","101000","101319","21","155859183"
"chr1","156091882","156091922","KN297094v1","101787","101835","12","155990095"
"chr1","156092218","156092386","KN294705v1","965845","966004","44","155126373"
"chr1","156143435","156143568","KN296093v1","103205","103337","6","156040230"
"chr1","156269270","156269407","KN297008v1","4053202","4053342","29","152216068"
"chr1","156776080","156776383","KN296495v1","1076274","1076557","70","155699806"
"chr1","156779750","156779894","KN294172v1","740064","740194","36","156039686"
"chr1","157170735","157170868","KN295090v1","610678","610810","23","156560057"
"chr1","157704782","157704915","KN294218v1","2756614","2756751","37","154948168"
"chr1","157743334","157743626","KN294452v1","1024655","1024959","68","156718679"
"chr1","158185425","158185694","KN294539v1","1096217","1096495","68","157089208"
"chr1","158252951","158253107","KN296000v1","901795","901947","28","157351156"
"chr1","158256387","158256695","KN295352v1","729753","730045","72","157526634"
"chr1","159038389","159038658","KN297008v1","6549351","6549627","61","152489038"
"chr1","159308750","159308881","KN297279v1","1209908","1210040","19","158098842"
"chr1","159362610","159362896","KN294199v1","1022551","1022840","70","158340059"
"chr1","159758821","159758943","KN294410v1","486228","486353","30","159272593"
"chr1","160026858","160027114","KN294571v1","1551599","1551840","64","158475259"
"chr1","160655859","160656164","KN296682v1","1941233","1941537","68","158714626"
"chr1","160730817","160731101","KN295705v1","823070","823354","73","159907747"
"chr1","160966067","160966385","KN296505v1","323963","324278","80","160642104"
"chr1","160989468","160989600","KN296146v1","16177","16309","5","160973291"
"chr1","161004565","161004736","KN296864v1","3353170","3353334","43","157651395"
"chr1","161182095","161182325","KN296146v1","204268","204469","43","160977827"
"chr1","161203597","161203900","KN296146v1","224244","224545","16","160979353"
"chr1","161236985","161237197","KN296548v1","82794","82989","64","161154191"
"chr1","161237751","161237848","KN295705v1","1791772","1791867","27","159445979"
"chr1","161395842","161395979","KN296146v1","416407","416544","8","160979435"
"chr1","161768553","161768866","KN297146v1","142839","143148","30","161625714"
"chr1","161801392","161801570","KN297046v1","3130222","3130381","58","158671170"
"chr1","161808565","161808870","KN297066v1","48943","49249","73","161759622"
"chr1","161980159","161980473","KN294539v1","3409060","3409366","72","158571099"
"chr1","162042687","162042921","KN297146v1","463545","463777","51","161579142"
"chr1","162107354","162107643","KN297146v1","529862","530151","13","161577492"
"chr1","162219938","162220218","KN297146v1","655746","656026","16","161564192"
"chr1","162428895","162429178","KN295872v1","162737","163015","20","162266158"
"chr1","163157734","163157977","KN297293v1","389052","389282","71","162768682"
"chr1","163309069","163309199","KN294536v1","420664","420795","27","162888405"
"chr1","163385956","163386121","KN296864v1","3353170","3353334","37","160032786"
"chr1","163386125","163386291","KN296643v1","410184","410354","36","162975941"
"chr1","163386573","163386716","KN296210v1","326465","326608","35","163060108"
"chr1","163391415","163391729","KN297105v1","552320","552633","27","162839095"
"chr1","164514004","164514300","KN297105v1","1634044","1634334","36","162879960"
"chr1","164518255","164518557","KN297105v1","1638289","1638581","29","162879966"
"chr1","164542976","164543230","KN297105v1","1662905","1663162","23","162880071"
"chr1","164738308","164738576","KN297105v1","1866202","1866471","17","162872106"
"chr1","165366621","165366906","KN296119v1","1984680","1984963","55","163381941"
"chr1","165750729","165750785","KN295366v1","149372","149424","8","165601357"
"chr1","165755399","165755687","KN295893v1","1879651","1879923","80","163875748"
"chr1","165819089","165819346","KN297105v1","2959195","2959449","15","162859894"
"chr1","165820529","165820619","KN297046v1","3504949","3505040","25","162315580"
"chr1","165843505","165843714","KN295601v1","1689627","1689831","56","164153878"
"chr1","165846010","165846308","KN297105v1","2985273","2985562","15","162860737"
"chr1","166505569","166505858","KN295480v1","2295514","2295785","79","164210055"
"chr1","166593263","166593572","KN297066v1","48943","49249","61","166544320"
"chr1","166611515","166611805","KN294199v1","1022551","1022840","57","165588964"
"chr1","166774707","166774972","KN296294v1","942304","942564","70","165832403"
"chr1","166788369","166788650","KN297105v1","3740604","3740890","23","163047765"
"chr1","166910930","166911061","KN295706v1","131306","131439","27","166779624"
"chr1","167023146","167023426","KN296495v1","1076274","1076557","64","165946872"
"chr1","167234460","167234732","KN294991v1","1341110","1341371","69","165893350"
"chr1","167288472","167288712","KN294493v1","181888","182131","56","167106584"
"chr1","167487736","167488038","KN296859v1","1715194","1715500","21","165772542"
"chr1","167731785","167731866","KN296859v1","1472329","1472410","5","166259456"
"chr1","167970370","167970575","KN294208v1","73414","73627","48","167896956"
"chr1","167990168","167990377","KN296859v1","1208651","1208859","18","166781517"
"chr1","168001019","168001302","KN296859v1","1200147","1200437","23","166800872"
"chr1","168172009","168172314","KN294407v1","1142063","1142375","69","167029946"
"chr1","168263865","168264145","KN295633v1","625547","625830","63","167638318"
"chr1","168284399","168284532","KN296859v1","920031","920164","8","167364368"
"chr1","168739506","168739651","KN295034v1","243361","243503","32","168496145"
"chr1","168739952","168740131","KN296643v1","410184","410354","45","168329768"
"chr1","168981498","168981794","KN296859v1","222022","222316","18","168759476"
"chr1","169246661","169246878","KN294208v1","73414","73627","23","169173247"
"chr1","169293014","169293319","KN294208v1","108879","109182","32","169184135"
"chr1","169682650","169682932","KN296682v1","3395587","3395869","74","166287063"
"chr1","169689166","169689244","KN294208v1","486244","486319","5","169202922"
"chr1","169901251","169901529","KN296210v1","5593","5861","78","169895658"
"chr1","170055850","170056123","KN294208v1","882060","882340","31","169173790"
"chr1","170559231","170559537","KN295102v1","387826","388136","86","170171405"
"chr1","171349345","171349638","KN296749v1","796375","796680","37","170552970"
"chr1","171350119","171350218","KN295459v1","675800","675895","18","170674319"
"chr1","171367397","171367710","KN297452v1","409666","409984","76","170957731"
"chr1","171422752","171422947","KN297026v1","1683472","1683666","51","169739280"
"chr1","171423251","171423373","KN295114v1","135006","135138","28","171288245"
"chr1","171453718","171454030","KN296322v1","1648835","1649139","64","169804883"
"chr1","171484431","171484659","KN296180v1","122438","122659","63","171361993"
"chr1","171582978","171583272","KN296749v1","588516","588815","24","170994462"
"chr1","171732240","171732561","KN297242v1","1213658","1213969","71","170518582"
"chr1","171932135","171932454","KN296749v1","258085","258416","35","171674050"
"chr1","171974869","171975156","KN297112v1","2231098","2231393","72","169743771"
"chr1","172021189","172021473","KN297048v1","134544","134818","64","171886645"
"chr1","172225670","172225770","KN295319v1","661942","662051","24","171563728"
"chr1","172365949","172366241","KN296864v1","1939832","1940132","75","170426117"
"chr1","172614256","172614403","KN297000v1","418134","418281","13","172196122"
"chr1","172614705","172614916","KN296767v1","53224","53425","49","172561481"
"chr1","172766890","172767190","KN297000v1","575123","575414","36","172191767"
"chr1","172957824","172957990","KN294991v1","973655","973815","34","171984169"
"chr1","173119365","173119679","KN296157v1","278736","279048","21","172840629"
"chr1","173209491","173209800","KN296157v1","379494","379807","29","172829997"
"chr1","173702718","173703021","KN294592v1","450560","450839","73","173252158"
"chr1","173722094","173722249","KN296157v1","908663","908818","9","172813431"
"chr1","173733466","173733598","KN297259v1","755295","755425","21","172978171"
"chr1","173771474","173771782","KN295073v1","1014806","1015109","74","172756668"
"chr1","173772987","173773271","KN296158v1","1685695","1685980","75","172087292"
"chr1","173800666","173800966","KN296157v1","982464","982769","25","172818202"
"chr1","173888415","173888729","KN296157v1","1078910","1079211","29","172809505"
"chr1","173943877","173944197","KN296157v1","1138570","1138881","38","172805307"
"chr1","173950753","173951030","KN296157v1","1145342","1145607","32","172805411"
"chr1","174036240","174036412","KN296157v1","1233173","1233343","7","172803067"
"chr1","174041542","174041842","KN296157v1","1238849","1239119","57","172802693"
"chr1","174138196","174138328","KN296157v1","1331615","1331746","5","172806581"
"chr1","174150458","174150747","KN294728v1","765090","765383","56","173385368"
"chr1","174276161","174276444","KN296157v1","1477102","1477371","25","172799059"
"chr1","174289060","174289340","KN296157v1","1492132","1492431","34","172796928"
"chr1","174336122","174336423","KN296157v1","1529354","1529659","28","172806768"
"chr1","174478287","174478550","KN296157v1","1667665","1667935","28","172810622"
"chr1","174576901","174577194","KN296157v1","1746450","1746732","29","172830451"
"chr1","174929461","174929747","KN295962v1","1544167","1544458","63","173385294"
"chr1","175180873","175181151","KN296486v1","974046","974323","65","174206827"
"chr1","175666767","175667052","KN295983v1","1223920","1224199","66","174442847"
"chr1","175847105","175847393","KN296938v1","298054","298338","71","175549051"
"chr1","176020969","176021146","KN297319v1","373164","373327","41","175647805"
"chr1","176040319","176040608","KN296157v1","3194861","3195146","23","172845458"
"chr1","176070684","176070938","KN297028v1","105526","105779","70","175965158"
"chr1","176176542","176176837","KN295984v1","1363908","1364207","70","174812634"
"chr1","176253229","176253527","KN296157v1","3404610","3404923","39","172848619"
"chr1","176713156","176713349","KN297038v1","275241","275429","45","176437915"
"chr1","177890870","177891060","KN297319v1","373164","373327","52","177517706"
"chr1","178109739","178110037","KN294452v1","1024655","1024959","68","177085084"
"chr1","178187801","178187913","KN295967v1","317728","317828","34","177870073"
"chr1","178213956","178214268","KN297320v1","22264","22555","90","178191692"
"chr1","178268050","178268188","KN297452v1","2973558","2973700","14","175294492"
"chr1","178268485","178268632","KN297452v1","2973117","2973259","6","175295368"
"chr1","178268679","178268757","KN296806v1","115616","115695","19","178153063"
"chr1","178348283","178348598","KN295667v1","1108671","1108966","67","177239612"
"chr1","178428601","178428753","KN297327v1","920937","921085","32","177507664"
"chr1","178494112","178494412","KN296849v1","587508","587797","73","177906604"
"chr1","178742934","178743232","KN296528v1","1411593","1411869","80","177331341"
"chr1","178808874","178809138","KN297452v1","2451216","2451515","48","176357658"
"chr1","179128689","179128983","KN297452v1","2137253","2137546","21","176991436"
"chr1","179160874","179161033","KN297452v1","2106972","2107132","3","177053902"
"chr1","179209878","179210160","KN297452v1","2055186","2055461","26","177154692"
"chr1","179315167","179315481","KN297159v1","1712744","1713036","78","177602423"
"chr1","179525510","179525791","KN297452v1","1744682","1744969","22","177780828"
"chr1","179904619","179904924","KN295667v1","1567361","1567664","64","178337258"
"chr1","179974710","179975020","KN296322v1","1648835","1649139","61","178325875"
"chr1","179990684","179990854","KN294842v1","123455","123618","45","179867229"
"chr1","180048788","180049076","KN297180v1","110970","111263","67","179937818"
"chr1","180075305","180075585","KN297452v1","1187475","1187762","23","178887830"
"chr1","180394095","180394389","KN294806v1","594997","595290","63","179799098"
"chr1","180418302","180418592","KN297452v1","846228","846535","39","179572074"
"chr1","180619531","180619831","KN294452v1","1374937","1375240","65","179244594"
"chr1","180850676","180850978","KN297452v1","409666","409984","41","180441010"
"chr1","180989623","180989782","KN294271v1","8882","9045","33","180980741"
"chr1","181013337","181013577","KN297452v1","257214","257456","22","180756123"
"chr1","181185982","181186078","KN297452v1","78148","78242","4","181107834"
"chr1","181284166","181284357","KN296404v1","9407","9585","36","181274759"
"chr1","181300314","181300426","KN294764v1","530417","530530","31","180769897"
"chr1","181963335","181963590","KN294536v1","1638405","1638659","74","180324930"
"chr1","182173674","182173805","KN296643v1","191078","191208","21","181982596"
"chr1","182327175","182327264","KN295735v1","1823325","1823412","23","180503850"
"chr1","182346607","182346783","KN296404v1","1122201","1122365","23","181224406"
"chr1","182480283","182480443","KN294346v1","260578","260726","37","182219705"
"chr1","182521058","182521368","KN296588v1","282556","282869","66","182238502"
"chr1","182592982","182593299","KN296404v1","1387049","1387339","37","181205933"
"chr1","182801568","182801852","KN297095v1","3766127","3766406","62","179035441"
"chr1","182947761","182947976","KN296404v1","1734762","1734951","39","181212999"
"chr1","183119891","183120190","KN297184v1","1114866","1115167","67","182005025"
"chr1","183141029","183141329","KN296404v1","1926470","1926763","28","181214559"
"chr1","183254457","183254730","KN296311v1","6546105","6546379","75","176708352"
"chr1","183314734","183314888","KN294991v1","973655","973815","39","182341079"
"chr1","183743007","183743313","KN295633v1","778185","778486","65","182964822"
"chr1","183977506","183977813","KN296404v1","2779156","2779467","26","181198350"
"chr1","184127698","184127994","KN296404v1","2925560","2925875","45","181202138"
"chr1","184139601","184139868","KN296871v1","10096","10361","61","184129505"
"chr1","184198471","184198731","KN297320v1","1159820","1160088","63","183038651"
"chr1","184380266","184380553","KN296430v1","725785","726075","64","183654481"
"chr1","184402388","184402632","KN294410v1","125205","125456","59","184277183"
"chr1","184421127","184421375","KN296404v1","3214537","3214805","37","181206590"
"chr1","184532463","184532756","KN294210v1","473112","473404","63","184059351"
"chr1","184551729","184551958","KN296404v1","3349203","3349435","22","181202526"
"chr1","184654073","184654377","KN296404v1","3452627","3452931","25","181201446"
"chr1","184763267","184763427","KN295721v1","382777","382938","38","184380490"
"chr1","184845479","184845608","KN296404v1","3655775","3655909","15","181189704"
"chr1","184902088","184902247","KN295114v1","20274","20431","40","184881814"
"chr1","185060837","185061115","KN296404v1","3867528","3867811","25","181193309"
"chr1","185083966","185084187","KN296404v1","3889374","3889596","29","181194592"
"chr1","185218313","185218610","KN295294v1","1101026","1101317","72","184117287"
"chr1","185244799","185245087","KN294262v1","2982059","2982348","34","182262740"
"chr1","185479157","185479461","KN297046v1","3065440","3065749","72","182413717"
"chr1","185619464","185619670","KN295533v1","2434686","2434882","52","183184778"
"chr1","185635472","185635721","KN297259v1","1032100","1032351","62","184603372"
"chr1","185797317","185797580","KN294571v1","2055636","2055896","69","183741681"
"chr1","186111369","186111658","KN294262v1","2117425","2117708","25","183993944"
"chr1","186402763","186402881","KN295022v1","817917","818040","32","185584846"
"chr1","186687441","186687581","KN296145v1","649092","649233","31","186038349"
"chr1","187664920","187664935","KN294509v1","336150","336166","4","187328770"
"chr1","187665012","187665217","KN296119v1","805789","806002","56","186859223"
"chr1","188464256","188464401","KN294346v1","260578","260726","39","188203678"
"chr1","188464427","188464535","KN296000v1","898215","898327","38","187566212"
"chr1","189116654","189116878","KN296847v1","410946","411169","60","188705708"
"chr1","189443859","189443986","KN297154v1","1282191","1282319","34","188161668"
"chr1","189452046","189452316","KN297070v1","431154","431439","72","189020892"
"chr1","190164588","190164735","KN295936v1","2275690","2275835","41","187888898"
"chr1","190171826","190172108","KN295236v1","820968","821253","70","189350858"
"chr1","190834849","190835134","KN296341v1","130354","130620","43","190704495"
"chr1","191548051","191548312","KN295758v1","594510","594762","73","190953541"
"chr1","191774996","191775280","KN296495v1","1076274","1076557","70","190698722"
"chr1","191807117","191807435","KN297452v1","409666","409984","89","191397451"
"chr1","191903301","191903490","KN295361v1","882059","882232","53","191021242"
"chr1","192073252","192073476","KN297190v1","98686","98881","64","191974566"
"chr1","192299819","192300114","KN297415v1","76791","77086","19","192223028"
"chr1","192542254","192542567","KN297415v1","312897","313171","53","192229357"
"chr1","192563453","192563751","KN294419v1","64733","65033","74","192498720"
"chr1","192754480","192754587","KN295350v1","290367","290482","28","192464113"
"chr1","192754887","192755056","KN296596v1","21794","21951","47","192733093"
"chr1","192806689","192806848","KN294569v1","182033","182183","46","192624656"
"chr1","193038716","193038999","KN296311v1","7540450","7540745","63","185498266"
"chr1","193969221","193969439","KN296701v1","344880","345098","48","193624341"
"chr1","194655733","194655981","KN297180v1","531711","531948","62","194124022"
"chr1","194671111","194671394","KN295090v1","2374852","2375141","78","192296259"
"chr1","194951551","194951850","KN296538v1","333498","333794","74","194618053"
"chr1","195075621","195075699","KN295099v1","264928","265011","17","194810693"
"chr1","195466288","195466594","KN295480v1","1274084","1274387","81","194192204"
"chr1","195713703","195713849","KN295005v1","263752","263899","42","195449951"
"chr1","195748535","195748790","KN296467v1","110003","110248","82","195638532"
"chr1","196895079","196895230","KN294939v1","752567","752708","38","196142512"
"chr1","198173150","198173447","KN296507v1","738522","738814","64","197434628"
"chr1","198210099","198210384","KN295346v1","1646114","1646406","74","196563985"
"chr1","198326962","198327212","KN294147v1","2133356","2133601","80","196193606"
"chr1","198464018","198464103","KN295705v1","92388","92471","20","198371630"
"chr1","199053039","199053192","KN295367v1","54394","54545","31","198998645"
"chr1","199514434","199514736","KN296322v1","1648835","1649139","72","197865599"
"chr1","199610964","199611083","KN295236v1","3047477","3047602","30","196563487"
"chr1","199611387","199611539","KN295005v1","263752","263899","37","199347635"
"chr1","199892401","199892686","KN294539v1","1096217","1096495","76","198796184"
"chr1","199893110","199893418","KN296322v1","1648835","1649139","65","198244275"
"chr1","199949660","199949917","KN295346v1","1646114","1646406","81","198303546"
"chr1","200025838","200026112","KN294539v1","1692531","1692809","67","198333307"
"chr1","200211686","200211995","KN297180v1","314236","314539","66","199897450"
"chr1","200514951","200515248","KN295371v1","357921","358217","15","200157030"
"chr1","200582092","200582384","KN295607v1","4681872","4682160","64","195900220"
"chr1","200656772","200656904","KN294172v1","6272486","6272617","15","194384286"
"chr1","200840283","200840563","KN295371v1","698855","699131","21","200141428"
"chr1","200944857","200945151","KN295371v1","798636","798933","21","200146221"
"chr1","201126139","201126401","KN295371v1","983394","983664","31","200142745"
"chr1","201413823","201413956","KN296311v1","4657589","4657718","21","196756234"
"chr1","201521408","201521697","KN296244v1","296863","297159","70","201224545"
"chr1","201548297","201548586","KN297242v1","1171024","1171287","84","200377273"
"chr1","201627080","201627258","KN295722v1","1530489","1530661","45","200096591"
"chr1","201757256","201757541","KN296726v1","290991","291261","91","201466265"
"chr1","201851003","201851316","KN297165v1","2596688","2597002","70","199254315"
"chr1","201918900","201919188","KN295352v1","729753","730045","52","201189147"
"chr1","202032609","202032737","KN294147v1","1648476","1648613","30","200384133"
"chr1","202033037","202033179","KN296247v1","959095","959240","38","201073942"
"chr1","202033486","202033527","KN294302v1","676226","676263","11","201357260"
"chr1","202155754","202156073","KN296588v1","282556","282869","74","201873198"
"chr1","202368742","202369017","KN297197v1","1048614","1048879","71","201320128"
"chr1","202375575","202375844","KN294861v1","165966","166239","75","202209609"
"chr1","202390498","202390786","KN296864v1","1939832","1940132","67","200450666"
"chr1","202546326","202546619","KN295099v1","55159","55457","64","202491167"
"chr1","202781034","202781308","KN294210v1","473112","473404","66","202307922"
"chr1","202826926","202827228","KN297180v1","314236","314539","59","202512690"
"chr1","202896196","202896490","KN295633v1","909764","910066","60","201986432"
"chr1","203021028","203021329","KN296322v1","1648835","1649139","73","201372193"
"chr1","203160531","203160827","KN297066v1","48943","49249","56","203111588"
"chr1","203365518","203365677","KN297319v1","373164","373327","38","202992354"
"chr1","203390787","203390963","KN296643v1","410184","410354","35","202980603"
"chr1","203391017","203391135","KN294451v1","368152","368276","28","203022865"
"chr1","203550709","203550842","KN295294v1","3806061","3806194","20","199744648"
"chr1","203577520","203577793","KN295893v1","1879651","1879923","74","201697869"
"chr1","203624800","203624935","KN296643v1","191078","191208","23","203433722"
"chr1","203759772","203759888","KN295814v1","1201282","1201387","39","202558490"
"chr1","203816343","203816651","KN296864v1","1939832","1940132","68","201876511"
"chr1","203936235","203936268","KN294764v1","581720","581752","17","203354515"
"chr1","203938847","203939019","KN296496v1","1031779","1031956","16","202907068"
"chr1","203939321","203939454","KN296496v1","1031344","1031477","5","202907977"
"chr1","203952354","203952645","KN296964v1","1814390","1814681","69","202137964"
"chr1","203961986","203962250","KN294733v1","321894","322176","74","203640092"
"chr1","204014398","204014676","KN296496v1","953959","954237","17","203060439"
"chr1","204023928","204024209","KN296496v1","943728","944031","39","203080200"
"chr1","204052683","204052957","KN296948v1","762193","762479","62","203290490"
"chr1","204253543","204253862","KN296836v1","993587","993901","71","203259956"
"chr1","204391234","204391389","KN294569v1","180105","180259","39","204211129"
"chr1","204487111","204487292","KN296496v1","472499","472677","15","204014612"
"chr1","204491411","204491679","KN294420v1","263951","264214","68","204227460"
"chr1","204501418","204501668","KN296311v1","2581889","2582135","67","201919529"
"chr1","204550565","204550832","KN296496v1","405140","405412","28","204145425"
"chr1","204639353","204639657","KN295923v1","2381125","2381431","67","202258228"
"chr1","204653581","204653882","KN294452v1","1374937","1375240","57","203278644"
"chr1","204668825","204669123","KN294578v1","639003","639297","59","204029822"
"chr1","204845620","204845901","KN296496v1","107490","107773","22","204738130"
"chr1","205112841","205113139","KN295922v1","158233","158524","28","204954608"
"chr1","205123805","205123961","KN296145v1","649092","649233","42","204474713"
"chr1","205176608","205176742","KN295352v1","18004","18135","9","205158604"
"chr1","205208592","205208724","KN295352v1","51298","51430","8","205157294"
"chr1","205392341","205392554","KN295610v1","77007","77226","45","205315334"
"chr1","205396012","205396311","KN295352v1","244138","244419","39","205151874"
"chr1","205397413","205397601","KN295610v1","375600","375802","51","205021813"
"chr1","205414301","205414434","KN296643v1","191078","191208","22","205223223"
"chr1","205414724","205414900","KN295352v1","256766","256946","6","205157958"
"chr1","205821241","205821346","KN295368v1","597302","597393","31","205223939"
"chr1","205836520","205836802","KN295984v1","150673","150962","61","205685847"
"chr1","205852837","205853117","KN295667v1","935881","936160","66","204916956"
"chr1","205876804","205877094","KN295352v1","729753","730045","16","205147051"
"chr1","205896989","205897295","KN296200v1","616834","617133","72","205280155"
"chr1","205910780","205911103","KN295352v1","765686","766008","20","205145094"
"chr1","206077490","206077705","KN295352v1","926644","926860","16","205150846"
"chr1","206103872","206104155","KN295352v1","957403","957690","33","205146469"
"chr1","206155853","206156129","KN296865v1","1172192","1172469","61","204983661"
"chr1","206168395","206168625","KN295352v1","1019178","1019436","36","205149217"
"chr1","206427827","206428114","KN294210v1","473112","473404","64","205954715"
"chr1","206436349","206436609","KN295352v1","1288556","1288819","24","205147793"
"chr1","206533474","206533772","KN295352v1","1382929","1383224","20","205150545"
"chr1","206545337","206545621","KN295352v1","1395278","1395557","47","205150059"
"chr1","206610238","206610525","KN295962v1","1544167","1544458","61","205066071"
"chr1","206857113","206857318","KN294239v1","1582385","1582603","49","205274728"
"chr1","207082152","207082220","KN296138v1","489235","489293","19","206592917"
"chr1","207120816","207121107","KN295171v1","12625","12912","73","207108191"
"chr1","207151821","207152069","KN295941v1","2636768","2637018","12","204515053"
"chr1","207226811","207227123","KN295941v1","2563200","2563494","34","204663611"
"chr1","207407218","207407362","KN296573v1","15418","15557","35","207391800"
"chr1","207900997","207901147","KN294705v1","1612911","1613061","37","206288086"
"chr1","207926185","207926264","KN294539v1","2023522","2023599","16","205902663"
"chr1","207926823","207926951","KN295706v1","131306","131439","28","207795517"
"chr1","208007082","208007392","KN295941v1","1790543","1790862","32","206216539"
"chr1","208337088","208337389","KN296864v1","1939832","1940132","56","206397256"
"chr1","208380647","208380771","KN295586v1","574112","574236","21","207806535"
"chr1","208742447","208742775","KN294954v1","70243","70554","80","208672204"
"chr1","209278509","209278800","KN296153v1","1008915","1009196","73","208269594"
"chr1","209310432","209310742","KN296306v1","2458139","2458449","67","206852293"
"chr1","209378478","209378705","KN296404v1","2381217","2381439","55","206997261"
"chr1","209558706","209558838","KN295941v1","213006","213138","4","209345700"
"chr1","209908431","209908716","KN294147v1","1590568","1590837","77","208317863"
"chr1","210027242","210027428","KN296119v1","5696026","5696207","49","204331216"
"chr1","210256917","210257053","KN295526v1","145592","145725","20","210111325"
"chr1","210287642","210287947","KN294578v1","530150","530461","27","209757492"
"chr1","210391869","210392168","KN294578v1","639003","639297","21","209752866"
"chr1","210469677","210469835","KN295294v1","3459484","3459635","37","207010193"
"chr1","210470004","210470142","KN296210v1","326465","326608","22","210143539"
"chr1","210488611","210488903","KN295384v1","67573","67866","63","210421038"
"chr1","210673583","210673755","KN296864v1","3353170","3353334","36","207320413"
"chr1","210673815","210673915","KN296322v1","2683415","2683511","27","207990400"
"chr1","211250333","211250502","KN294325v1","233169","233336","44","211017164"
"chr1","211291842","211292066","KN296959v1","1145683","1145916","33","210146159"
"chr1","211294889","211295161","KN294790v1","483712","483988","71","210811177"
"chr1","211348915","211349224","KN294911v1","2419251","2419556","66","208929664"
"chr1","211426986","211427261","KN294421v1","1610749","1611032","70","209816237"
"chr1","211536313","211536446","KN296959v1","891663","891792","16","210644650"
"chr1","211544027","211544323","KN294527v1","273035","273327","59","211270992"
"chr1","211617347","211617665","KN295962v1","231120","231434","76","211386227"
"chr1","211798404","211798712","KN296322v1","1648835","1649139","66","210149569"
"chr1","211801434","211801715","KN296959v1","626169","626452","37","211175265"
"chr1","211825189","211825358","KN294571v1","2119940","2120110","36","209705249"
"chr1","211894320","211894447","KN296311v1","4815038","4815168","24","207079282"
"chr1","211992485","211992709","KN294879v1","1183051","1183277","53","210809434"
"chr1","211998042","211998265","KN295601v1","226890","227110","62","211771152"
"chr1","212354399","212354721","KN294457v1","210304","210595","84","212144095"
"chr1","212518016","212518324","KN295480v1","1274084","1274387","60","211243932"
"chr1","212550770","212550939","KN297113v1","252877","253050","33","212297893"
"chr1","212551230","212551361","KN297279v1","1209908","1210040","24","211341322"
"chr1","212642375","212642677","KN296011v1","192550","192852","18","212449825"
"chr1","212788132","212788401","KN296011v1","67440","67709","18","212720692"
"chr1","213108645","213108948","KN295102v1","387826","388136","71","212720819"
"chr1","213234015","213234310","KN297026v1","360761","361061","28","212873254"
"chr1","213297638","213297916","KN297026v1","425880","426159","27","212871758"
"chr1","213347422","213347723","KN297026v1","474629","474930","16","212872793"
"chr1","213469771","213470003","KN297404v1","36270","36508","66","213433501"
"chr1","213540112","213540331","KN297026v1","659017","659245","25","212881095"
"chr1","213562684","213562963","KN297026v1","682817","683086","37","212879867"
"chr1","214191545","214191883","KN297026v1","1334843","1335178","36","212856702"
"chr1","214587461","214587763","KN297046v1","1623175","1623470","68","212964286"
"chr1","214911669","214911957","KN297048v1","134544","134818","77","214777125"
"chr1","215527607","215527913","KN294767v1","526032","526307","54","215001575"
"chr1","215729624","215729921","KN294239v1","243029","243336","68","215486595"
"chr1","215935825","215936022","KN294416v1","419638","419830","57","215516187"
"chr1","216270711","216270873","KN294279v1","1019768","1019921","18","215250943"
"chr1","216545067","216545362","KN294279v1","735882","736184","51","215809185"
"chr1","216674616","216674911","KN294581v1","108430","108726","63","216566186"
"chr1","216768503","216768790","KN294279v1","506995","507287","19","216261508"
"chr1","217093900","217094182","KN294279v1","171583","171867","17","216922317"
"chr1","217271387","217271674","KN296948v1","762193","762479","61","216509194"
"chr1","217289733","217290012","KN296306v1","1771005","1771285","69","215518728"
"chr1","217340291","217340590","KN294235v1","47425","47725","18","217292866"
"chr1","217463524","217463758","KN294175v1","223232","223464","71","217240292"
"chr1","217488700","217488966","KN294235v1","199622","199903","29","217289078"
"chr1","217520852","217521145","KN294235v1","231947","232240","19","217288905"
"chr1","217558667","217558796","KN296643v1","310149","310281","21","217248518"
"chr1","217611898","217612210","KN294235v1","322190","322500","31","217289708"
"chr1","217866447","217866675","KN294235v1","570733","570958","15","217295714"
"chr1","218242336","218242497","KN297319v1","373164","373327","45","217869172"
"chr1","218268931","218269227","KN294235v1","979340","979628","29","217289591"
"chr1","218293017","218293191","KN296864v1","3353170","3353334","39","214939847"
"chr1","218366327","218366611","KN296731v1","1028220","1028490","68","217338107"
"chr1","218405394","218405667","KN297121v1","28304","28576","72","218377090"
"chr1","218469098","218469409","KN296100v1","16016","16326","16","218453082"
"chr1","219034700","219034863","KN296311v1","2616458","2616622","38","216418242"
"chr1","219100192","219100485","KN296100v1","679912","680205","22","218420280"
"chr1","219202687","219202985","KN294728v1","765090","765383","68","218437597"
"chr1","219786485","219786792","KN296948v1","762193","762479","65","219024292"
"chr1","219789604","219789892","KN294416v1","605214","605509","66","219184390"
"chr1","219830187","219830484","KN296643v1","555392","555692","68","219274795"
"chr1","219886465","219886746","KN294499v1","1906911","1907192","55","217979554"
"chr1","219913799","219913930","KN294172v1","6272486","6272617","22","213641313"
"chr1","220004035","220004321","KN296294v1","68895","69199","32","219935140"
"chr1","220021188","220021498","KN296294v1","86095","86414","27","219935093"
"chr1","220039849","220040145","KN294452v1","1024655","1024959","80","219015194"
"chr1","220115943","220116208","KN296294v1","205854","206141","41","219910089"
"chr1","220162943","220163134","KN295828v1","908100","908291","57","219254843"
"chr1","220178850","220178926","KN296806v1","115616","115695","28","220063234"
"chr1","220276593","220276908","KN296505v1","323963","324278","70","219952630"
"chr1","220347308","220347463","KN294569v1","180105","180259","36","220167203"
"chr1","220355569","220355872","KN296294v1","468282","468580","22","219887287"
"chr1","220416557","220416872","KN296101v1","27902","28215","60","220388655"
"chr1","220725525","220725656","KN296426v1","870075","870198","43","219855450"
"chr1","220820864","220821119","KN296294v1","942304","942564","14","219878560"
"chr1","221186242","221186482","KN297046v1","2072166","2072416","58","219114076"
"chr1","221925682","221925978","KN295295v1","10423","10719","51","221915259"
"chr1","222303060","222303352","KN294420v1","816046","816329","71","221487014"
"chr1","222478507","222478647","KN294506v1","236315","236445","42","222242192"
"chr1","222480184","222480451","KN295267v1","81052","81310","66","222399132"
"chr1","222481172","222481482","KN296588v1","282556","282869","81","222198616"
"chr1","222492754","222492848","KN294570v1","273775","273869","5","222218979"
"chr1","222503347","222503466","KN295441v1","789788","789916","28","221713559"
"chr1","222838488","222838775","KN295977v1","399743","400033","68","222438745"
"chr1","223064660","223064951","KN295384v1","67573","67866","19","222997087"
"chr1","223185466","223185771","KN296505v1","323963","324278","63","222861503"
"chr1","223520181","223520472","KN296884v1","1045097","1045394","68","222475084"
"chr1","223762987","223763122","KN296485v1","71632","71763","20","223691355"
"chr1","223831104","223831422","KN294399v1","171378","171682","70","223659726"
"chr1","223850711","223850996","KN294260v1","1359230","1359515","60","222491481"
"chr1","223955296","223955563","KN295267v1","81052","81310","67","223874244"
"chr1","223965267","223965366","KN296316v1","253938","254035","7","223711329"
"chr1","223965692","223965745","KN296316v1","254338","254391","2","223711354"
"chr1","223975861","223975980","KN295441v1","789788","789916","28","223186073"
"chr1","224045384","224045523","KN295744v1","212176","212317","22","223833208"
"chr1","224146570","224146676","KN295586v1","644606","644724","32","223501964"
"chr1","224185915","224186041","KN297370v1","777597","777719","41","223408318"
"chr1","224217274","224217475","KN294561v1","67777","67970","60","224149497"
"chr1","224217783","224217925","KN296880v1","198524","198663","30","224019259"
"chr1","224268511","224268631","KN297050v1","128023","128146","22","224140488"
"chr1","224309236","224309516","KN294302v1","861450","861728","63","223447786"
"chr1","224315054","224315269","KN296508v1","1675720","1675934","49","222639334"
"chr1","224325290","224325420","KN294536v1","348653","348787","27","223976637"
"chr1","224337706","224337965","KN294244v1","50908","51172","71","224286798"
"chr1","224343884","224344031","KN294269v1","1347949","1348104","37","222995935"
"chr1","224346317","224346620","KN295633v1","909764","910066","81","223436553"
"chr1","224359726","224359897","KN294662v1","211735","211913","71","224147991"
"chr1","224360122","224360206","KN296959v1","1078708","1078792","22","223281414"
"chr1","224361013","224361114","KN295802v1","222325","222434","33","224138688"
"chr1","224361418","224361554","KN294558v1","284993","285139","34","224076425"
"chr1","224380819","224381098","KN296883v1","2609802","2610089","64","221771017"
"chr1","224382355","224382492","KN296101v1","38623","38748","29","224343732"
"chr1","224417423","224417716","KN294264v1","432867","433151","76","223984556"
"chr1","224423464","224423722","KN295893v1","437901","438156","64","223985563"
"chr1","224470318","224470619","KN296322v1","1648835","1649139","67","222821483"
"chr1","224488482","224488767","KN297008v1","6549351","6549627","70","217939131"
"chr1","224512206","224512498","KN294758v1","3078424","3078721","62","221433782"
"chr1","224522952","224523251","KN295633v1","778185","778486","67","223744767"
"chr1","224528332","224528618","KN294420v1","816046","816329","68","223712286"
"chr1","224533207","224533405","KN295375v1","129529","129712","63","224403678"
"chr1","224559390","224559661","KN295967v1","1520844","1521111","70","223038546"
"chr1","224635720","224635999","KN294741v1","582193","582466","73","224053527"
"chr1","224723934","224724068","KN295119v1","26290","26411","20","224697644"
"chr1","225304278","225304578","KN294439v1","130265","130569","59","225174013"
"chr1","225542739","225543034","KN296754v1","62225","62512","30","225480514"
"chr1","225545941","225546214","KN297105v1","2959195","2959449","66","222586746"
"chr1","225576072","225576307","KN294235v1","570733","570958","61","225005339"
"chr1","225802053","225802124","KN294208v1","486244","486319","27","225315809"
"chr1","225892431","225892566","KN294536v1","1940704","1940836","10","223951727"
"chr1","226052212","226052536","KN294536v1","1789388","1789683","50","224262824"
"chr1","226193461","226193714","KN294536v1","1638405","1638659","21","224555056"
"chr1","226327210","226327531","KN295893v1","2526496","2526810","81","223800714"
"chr1","226434274","226434387","KN294536v1","1362063","1362175","5","225072211"
"chr1","226642331","226642467","KN296138v1","11819","11953","23","226630512"
"chr1","226842223","226842357","KN294613v1","471626","471777","44","226370597"
"chr1","226842671","226842685","KN294526v1","385203","385213","5","226457468"
"chr1","227026827","227027088","KN295523v1","3469042","3469297","67","223557785"
"chr1","227141662","227141994","KN294536v1","645506","645832","23","226496156"
"chr1","227331114","227331391","KN294536v1","456808","457062","35","226874306"
"chr1","227331435","227331456","KN294325v1","233624","233643","6","227097811"
"chr1","227363301","227363432","KN294536v1","420664","420795","4","226942637"
"chr1","227368138","227368296","KN296000v1","898022","898186","33","226470116"
"chr1","227432310","227432444","KN294536v1","348653","348787","4","227083657"
"chr1","227569045","227569286","KN297445v1","1222732","1222973","61","226346313"
"chr1","227712606","227712740","KN297453v1","84448","84582","4","227628158"
"chr1","227966035","227966174","KN294303v1","244931","245062","44","227721104"
"chr1","228080531","228080741","KN296119v1","805789","806002","53","227274742"
"chr1","228204512","228204789","KN295205v1","848688","848949","73","227355824"
"chr1","228265786","228266091","KN296390v1","259931","260235","13","228005855"
"chr1","228328368","228328643","KN295708v1","2620763","2621040","83","225707605"
"chr1","228421804","228422087","KN296508v1","1973232","1973505","67","226448572"
"chr1","228778416","228778712","KN295753v1","26465","26763","87","228751951"
"chr1","228780483","228780750","KN297165v1","115958","116242","29","228664525"
"chr1","228864174","228864416","KN294372v1","2435922","2436135","77","226428252"
"chr1","229109690","229109855","KN296528v1","1183043","1183202","35","227926647"
"chr1","229159231","229159457","KN296847v1","410946","411169","57","228748285"
"chr1","229206755","229207000","KN295586v1","185554","185803","60","229021201"
"chr1","229222187","229222516","KN297165v1","526509","526839","27","228695678"
"chr1","229294979","229295233","KN297165v1","596939","597176","58","228698040"
"chr1","229385374","229385476","KN297165v1","695305","695407","12","228690069"
"chr1","229466192","229466354","KN297319v1","373164","373327","36","229093028"
"chr1","229471120","229471415","KN297165v1","779939","780204","47","228691181"
"chr1","229506626","229506790","KN294842v1","123455","123618","37","229383171"
"chr1","229519844","229520148","KN297112v1","2231098","2231393","62","227288746"
"chr1","229691888","229692186","KN297165v1","1000226","1000524","17","228691662"
"chr1","230039259","230039538","KN295744v1","408789","409077","59","229630470"
"chr1","230074099","230074377","KN296442v1","1155078","1155358","74","228919021"
"chr1","230094017","230094163","KN296573v1","15418","15557","33","230078599"
"chr1","230094191","230094310","KN296322v1","997745","997870","21","229096446"
"chr1","230203827","230204134","KN296507v1","738522","738814","76","229465305"
"chr1","230216468","230216727","KN297165v1","1527319","1527599","45","228689149"
"chr1","230313602","230313724","KN295586v1","574112","574236","21","229739490"
"chr1","230402433","230402787","KN297227v1","1123419","1123703","112","229279014"
"chr1","230628626","230628921","KN297390v1","84191","84473","71","230544435"
"chr1","230715430","230715520","KN294387v1","367739","367829","17","230347691"
"chr1","230717964","230718244","KN297165v1","2057218","2057488","22","228660746"
"chr1","230739076","230739327","KN294964v1","963699","963959","72","229775377"
"chr1","230873781","230874059","KN295930v1","508859","509136","67","230364922"
"chr1","230893122","230893365","KN295814v1","1510713","1510950","59","229382409"
"chr1","230896191","230896476","KN294251v1","1870237","1870532","67","229025954"
"chr1","230941294","230941602","KN297165v1","2283743","2284052","17","228657551"
"chr1","231047794","231047955","KN294345v1","644545","644706","36","230403249"
"chr1","231086307","231086583","KN297165v1","2421624","2421909","32","228664683"
"chr1","231167957","231168273","KN296096v1","1326102","1326406","69","229841855"
"chr1","231174148","231174465","KN295601v1","852180","852488","73","230321968"
"chr1","231194691","231195027","KN297165v1","2533139","2533474","21","228661552"
"chr1","231235519","231235816","KN294452v1","1374937","1375240","64","229860582"
"chr1","231245257","231245545","KN296303v1","805215","805501","67","230440042"
"chr1","231255437","231255733","KN297165v1","2596688","2597002","40","228658749"
"chr1","231319672","231319820","KN297165v1","2667658","2667810","20","228652014"
"chr1","231386873","231387151","KN296303v1","805215","805501","66","230581658"
"chr1","231742491","231742626","KN294583v1","189119","189254","23","231553372"
"chr1","231773981","231774267","KN295205v1","1462650","1462956","75","230311331"
"chr1","231777224","231777499","KN294569v1","335029","335307","71","231442195"
"chr1","231812064","231812351","KN297112v1","2231098","2231393","60","229580966"
"chr1","231868580","231868692","KN295350v1","290367","290482","25","231578213"
"chr1","231868736","231868907","KN296643v1","410184","410354","37","231458552"
"chr1","232076073","232076387","KN297165v1","3419445","3419758","22","228656628"
"chr1","232176297","232176581","KN294260v1","1091595","1091881","65","231084702"
"chr1","232286721","232286884","KN296701v1","462609","462775","44","231824112"
"chr1","232543584","232543877","KN295294v1","1101026","1101317","67","231442558"
"chr1","232621737","232622023","KN297165v1","3949950","3950239","35","228671787"
"chr1","232686752","232687005","KN294747v1","867897","868151","73","231818855"
"chr1","232842395","232842706","KN297165v1","4167198","4167504","26","228675197"
"chr1","233073624","233073921","KN296303v1","805215","805501","75","232268409"
"chr1","233133574","233133895","KN297180v1","314236","314539","75","232819338"
"chr1","233166860","233166987","KN295667v1","482551","482676","27","232684309"
"chr1","233264957","233265256","KN296859v1","222022","222316","61","233042935"
"chr1","233414891","233415171","KN294523v1","15844","16136","68","233399047"
"chr1","233440030","233440329","KN294548v1","1203959","1204261","25","232236071"
"chr1","233481344","233481629","KN294261v1","349079","349368","70","233132265"
"chr1","233583186","233583468","KN294548v1","1049130","1049411","18","232534056"
"chr1","233776314","233776633","KN294548v1","871953","872254","34","232904361"
"chr1","233814961","233815103","KN294536v1","420664","420795","41","233394297"
"chr1","234175529","234175682","KN294548v1","490123","490280","9","233685406"
"chr1","234287894","234288186","KN297227v1","1049335","1049619","60","233238559"
"chr1","234473959","234474245","KN295984v1","150673","150962","63","234323286"
"chr1","234554703","234554828","KN294548v1","111894","112027","22","234442809"
"chr1","234560522","234560838","KN294396v1","224755","225042","84","234335767"
"chr1","234576971","234577138","KN294548v1","89402","89571","15","234487569"
"chr1","234597252","234597368","KN294548v1","68268","68384","6","234528984"
"chr1","234683182","234683487","KN296665v1","224506","224804","85","234458676"
"chr1","234733573","234733689","KN295692v1","1233209","1233331","36","233500364"
"chr1","234738578","234738860","KN296244v1","327623","327911","64","234410955"
"chr1","234934881","234935012","KN296096v1","3053461","3053592","20","231881420"
"chr1","235024422","235024726","KN296649v1","28211","28505","67","234996211"
"chr1","235097501","235097691","KN297219v1","1836839","1837031","58","233260662"
"chr1","235097994","235098122","KN296062v1","2246018","2246144","28","232851976"
"chr1","235231826","235232132","KN296431v1","32840","33135","77","235198986"
"chr1","235290816","235291112","KN297058v1","392670","392966","76","234898146"
"chr1","235402633","235402925","KN297112v1","2231098","2231393","66","233171535"
"chr1","235488776","235489079","KN294239v1","243029","243336","71","235245747"
"chr1","235506858","235507133","KN296938v1","298054","298338","58","235208804"
"chr1","235680249","235680565","KN296864v1","1939832","1940132","71","233740417"
"chr1","235705402","235705685","KN297390v1","84191","84473","54","235621211"
"chr1","235781874","235781923","KN296339v1","1737667","1737719","15","234044207"
"chr1","235972767","235973044","KN297008v1","6549351","6549627","49","229423416"
"chr1","236130034","236130062","KN295405v1","1673920","1673943","13","234456114"
"chr1","236130093","236130216","KN294493v1","412129","412246","32","235717964"
"chr1","236280008","236280137","KN295601v1","3280212","3280342","30","232999796"
"chr1","236375688","236375914","KN297190v1","4535285","4535514","55","231840403"
"chr1","236479764","236480059","KN294650v1","1198350","1198641","69","235281414"
"chr1","236537817","236538113","KN294569v1","652042","652317","73","235885775"
"chr1","236563833","236564132","KN296538v1","333498","333794","61","236230335"
"chr1","236625678","236625965","KN294420v1","816046","816329","67","235809632"
"chr1","236653098","236653228","KN296025v1","179010","179141","31","236474088"
"chr1","236658202","236658451","KN297028v1","105526","105779","60","236552676"
"chr1","236664881","236665175","KN295346v1","1646114","1646406","62","235018767"
"chr1","236676527","236676824","KN296153v1","1697443","1697746","85","234979084"
"chr1","236689385","236689652","KN294571v1","1551599","1551840","76","235137786"
"chr1","236962051","236962334","KN296991v1","841101","841373","61","236120950"
"chr1","236986751","236987048","KN294520v1","992368","992662","61","235994383"
"chr1","236989229","236989523","KN296754v1","62225","62512","72","236927004"
"chr1","237061337","237061598","KN296938v1","121406","121679","64","236939931"
"chr1","237165582","237165715","KN295706v1","131306","131439","25","237034276"
"chr1","237565263","237565543","KN294421v1","9377","9683","75","237555886"
"chr1","237988993","237989287","KN297184v1","1114866","1115167","68","236874127"
"chr1","238008735","238008956","KN296643v1","482284","482494","60","237526451"
"chr1","238098770","238098878","KN296775v1","974808","974917","26","237123962"
"chr1","238131074","238131382","KN296864v1","1939832","1940132","72","236191242"
"chr1","238319914","238320057","KN294172v1","5400991","5401118","39","232918923"
"chr1","238320804","238320915","KN294787v1","247438","247555","30","238073366"
"chr1","238328965","238329242","KN295236v1","6123690","6123968","77","232205275"
"chr1","238614796","238615061","KN294199v1","1022551","1022840","83","237592245"
"chr1","238766144","238766273","KN294806v1","523544","523670","37","238242600"
"chr1","239393002","239393195","KN294978v1","1071290","1071491","55","238321712"
"chr1","239437105","239437391","KN296926v1","1001410","1001687","80","238435695"
"chr1","239681614","239681905","KN294345v1","1713106","1713396","65","237968508"
"chr1","239704920","239705231","KN294399v1","171378","171682","72","239533542"
"chr1","239711693","239711922","KN296701v1","344880","345098","66","239366813"
"chr1","239888400","239888614","KN294372v1","2435922","2436135","48","237452478"
"chr1","240003889","240004200","KN296315v1","1023330","1023621","67","238980559"
"chr1","240057676","240057927","KN297028v1","105526","105779","71","239952150"
"chr1","240202503","240202757","KN295523v1","3469042","3469297","62","236733461"
"chr1","240552299","240552590","KN296864v1","2452974","2453250","78","238099325"
"chr1","240580595","240580872","KN296508v1","1973232","1973505","57","238607363"
"chr1","240668374","240668657","KN294410v1","152610","152894","66","240515764"
"chr1","240712599","240712933","KN294954v1","70243","70554","87","240642356"
"chr1","240843260","240843565","KN296322v1","1648835","1649139","59","239194425"
"chr1","240859171","240859299","KN294193v1","128685","128814","21","240730486"
"chr1","240862968","240863160","KN295553v1","69273","69467","44","240793695"
"chr1","240994826","240994975","KN296175v1","389212","389354","33","240605614"
"chr1","241140486","241140706","KN295941v1","2267763","2267979","52","238872723"
"chr1","241238534","241238698","KN294407v1","109423","109582","39","241129111"
"chr1","241319539","241319688","KN295962v1","2106431","2106583","33","239213108"
"chr1","241777113","241777264","KN294410v1","238630","238791","42","241538483"
"chr1","241791391","241791693","KN296864v1","3096229","3096519","74","238695162"
"chr1","241962074","241962382","KN296864v1","1939832","1940132","72","240022242"
"chr1","242024064","242024368","KN294419v1","64733","65033","68","241959331"
"chr1","242078265","242078540","KN297189v1","235450","235714","62","241842815"
"chr1","242302437","242302725","KN294210v1","473112","473404","59","241829325"
"chr1","242469522","242469722","KN297046v1","2262724","2262922","47","240206798"
"chr1","242557659","242557806","KN297171v1","1235221","1235375","40","241322438"
"chr1","242700439","242700612","KN295722v1","1530489","1530661","39","241169950"
"chr1","242970903","242971201","KN294806v1","594997","595290","65","242375906"
"chr1","242989757","242990023","KN294571v1","2055636","2055896","66","240934121"
"chr1","243060296","243060563","KN295267v1","81052","81310","67","242979244"
"chr1","243080871","243080990","KN295441v1","789788","789916","28","242291083"
"chr1","243311634","243311768","KN296538v1","514898","515032","16","242796736"
"chr1","243337939","243338214","KN294199v1","1022551","1022840","67","242315388"
"chr1","243388579","243388774","KN294217v1","1837374","1837571","37","241551205"
"chr1","243389022","243389182","KN294470v1","385030","385177","53","243003992"
"chr1","243429566","243429695","KN295474v1","847167","847293","39","242582399"
"chr1","243429997","243430134","KN294848v1","656940","657076","31","242773057"
"chr1","243605022","243605327","KN294161v1","491457","491757","75","243113565"
"chr1","243802867","243803141","KN296948v1","762193","762479","58","243040674"
"chr1","243833780","243833922","KN294378v1","643788","643925","24","243189992"
"chr1","243889098","243889241","KN294558v1","284993","285139","23","243604105"
"chr1","243889538","243889677","KN294741v1","800030","800163","44","243089508"
"chr1","244017714","244018017","KN297058v1","392670","392966","76","243625044"
"chr1","244209819","244210113","KN296096v1","1326102","1326406","78","242883717"
"chr1","244257184","244257487","KN295667v1","1567361","1567664","62","242689823"
"chr1","244279416","244279482","KN294571v1","173162","173227","22","244106254"
"chr1","244279782","244279933","KN296682v1","4472363","4472501","47","239807419"
"chr1","244314267","244314556","KN297227v1","1049335","1049619","53","243264932"
"chr1","244344672","244344952","KN295820v1","884516","884794","67","243460156"
"chr1","244366167","244366463","KN294848v1","932997","933294","69","243433170"
"chr1","244476158","244476292","KN295090v1","610678","610810","22","243865480"
"chr1","244480995","244481163","KN297000v1","418665","418822","48","244062330"
"chr1","244521072","244521357","KN296303v1","805215","805501","50","243715857"
"chr1","244603724","244603997","KN296303v1","805215","805501","67","243798509"
"chr1","244757965","244758107","KN296732v1","3311835","3311972","21","241446130"
"chr1","244761816","244762005","KN296508v1","1437177","1437349","52","243324639"
"chr1","244769373","244769648","KN295893v1","1879651","1879923","68","242889722"
"chr1","244777643","244777953","KN295633v1","778185","778486","67","243999458"
"chr1","244795103","244795390","KN295074v1","352422","352716","67","244442681"
"chr1","244870819","244871078","KN294451v1","1065286","1065519","79","243805533"
"chr1","244871373","244871461","KN294501v1","2520808","2520892","23","242350565"
"chr1","244951449","244951743","KN295352v1","1382929","1383224","56","243568520"
"chr1","244961601","244961735","KN296573v1","15418","15557","48","244946183"
"chr1","244995376","244995644","KN294539v1","1506592","1506858","69","243488784"
"chr1","245019407","245019672","KN296948v1","762193","762479","68","244257214"
"chr1","245180830","245180922","KN294591v1","157234","157317","26","245023596"
"chr1","245205701","245205832","KN294372v1","290537","290683","36","244915164"
"chr1","245205865","245206037","KN295667v1","2018457","2018624","37","243187408"
"chr1","245211419","245211697","KN297008v1","6549351","6549627","61","238662068"
"chr1","245430387","245430679","KN296244v1","327623","327911","66","245102764"
"chr1","245461832","245462154","KN296505v1","323963","324278","83","245137869"
"chr1","245531815","245532115","KN294842v1","647613","647907","74","244884202"
"chr1","245585988","245586158","KN296877v1","151376","151537","38","245434612"
"chr1","245586199","245586315","KN295983v1","1014873","1014997","30","244571326"
"chr1","245600339","245600566","KN295933v1","676121","676354","52","244924218"
"chr1","245608755","245609054","KN294161v1","491457","491757","70","245117298"
"chr1","245785720","245786004","KN294726v1","206754","207043","55","245578966"
"chr1","245842706","245843009","KN294452v1","1374937","1375240","69","244467769"
"chr1","245966181","245966449","KN294571v1","2055636","2055896","68","243910545"
"chr1","246171729","246172025","KN295923v1","574170","574465","70","245597559"
"chr1","246230542","246230610","KN294499v1","1146390","1146454","18","245084152"
"chr1","246265148","246265427","KN295667v1","232340","232614","68","246032808"
"chr1","246391105","246391376","KN294167v1","427334","427608","67","245963771"
"chr1","246415641","246415723","KN295236v1","1305949","1306032","10","245109692"
"chr1","246465552","246465688","KN296096v1","3053461","3053592","25","243412091"
"chr1","246468695","246468958","KN297386v1","1518927","1519195","65","244949768"
"chr1","246583943","246584214","KN297200v1","235109","235385","77","246348834"
"chr1","246672042","246672205","KN297319v1","373164","373327","33","246298878"
"chr1","246721539","246721724","KN294662v1","303773","303949","46","246417766"
"chr1","246721751","246721868","KN296093v1","240852","240965","22","246480899"
"chr1","246722578","246722729","KN294365v1","1405326","1405470","34","245317252"
"chr1","246741338","246741596","KN295667v1","608355","608628","72","246132983"
"chr1","246812167","246812473","KN295923v1","712217","712514","77","246099950"
"chr1","246835582","246835878","KN294539v1","3359067","3359368","68","243476515"
"chr1","246844440","246844714","KN297008v1","6549351","6549627","64","240295089"
"chr1","246860652","246860805","KN294571v1","417305","417453","28","246443347"
"chr1","246888627","246888905","KN295090v1","2374852","2375141","64","244513775"
"chr1","246944843","246945137","KN295984v1","150673","150962","58","246794170"
"chr1","246966508","246966797","KN297190v1","2683777","2684071","66","244282731"
"chr1","247092568","247092845","KN295633v1","2306898","2307163","73","244785670"
"chr1","247179730","247180002","KN295936v1","2092514","2092791","88","245087216"
"chr1","247225606","247225683","KN296062v1","1320781","1320866","28","245904825"
"chr1","247279908","247280213","KN297159v1","1311633","1311940","70","245968275"
"chr1","247339175","247339464","KN296849v1","957882","958183","63","246381293"
"chr1","247392947","247393255","KN295096v1","691516","691814","60","246701431"
"chr1","247413755","247414068","KN296588v1","282556","282869","65","247131199"
"chr1","247441230","247441526","KN297190v1","4113908","4114190","69","243327322"
"chr1","247586774","247587038","KN294571v1","2055636","2055896","64","245531138"
"chr1","247847454","247847726","KN295195v1","164063","164337","72","247683391"
"chr1","248706824","248707127","KN295664v1","85905","86194","42","248620919"
"chr1","248832366","248832669","KN294452v1","1374937","1375240","72","247457429"
"chr1","248885129","248885439","KN294161v1","491457","491757","76","248393672"
"chr2","109575975","109576261","KN297028v1","97110","97396","69","109478865"
"chr2","117964606","117964902","KN297023v1","640512","640805","52","117324094"
"chr2","196476830","196477123","KN296864v1","2452974","2453250","82","194023856"
"chr2","197525456","197525733","KN294446v1","591120","591416","75","196934336"
"chr2","349214","349507","KN295346v1","1646114","1646406","67","1296900"
"chr2","1736550","1736783","KN294175v1","223232","223464","78","1513318"
"chr2","1815996","1816130","KN296877v1","62421","62554","22","1753575"
"chr2","2925358","2925650","KN294260v1","1359230","1359515","65","1566128"
"chr2","3302297","3302348","KN295366v1","149372","149424","10","3152925"
"chr2","3355527","3355812","KN294539v1","1506592","1506858","69","1848935"
"chr2","3564429","3564516","KN294501v1","2520808","2520892","19","1043621"
"chr2","4366813","4367097","KN296948v1","762193","762479","60","3604620"
"chr2","4725074","4725359","KN295349v1","6069","6347","76","4719005"
"chr2","4856284","4856618","KN295244v1","176243","176550","95","4680041"
"chr2","5455903","5456217","KN296505v1","323963","324278","68","5131940"
"chr2","7139022","7139318","KN295480v1","1274084","1274387","78","5864938"
"chr2","7624058","7624338","KN296404v1","3867528","3867811","61","3756530"
"chr2","7847339","7847471","KN294172v1","6272486","6272617","28","1574853"
"chr2","8635462","8635754","KN294806v1","594997","595290","58","8040465"
"chr2","8919758","8920063","KN294161v1","491457","491757","75","8428301"
"chr2","9381452","9381744","KN294523v1","15844","16136","68","9365608"
"chr2","9408648","9408778","KN296847v1","317896","318020","27","9090752"
"chr2","9465298","9465463","KN294911v1","4985405","4985572","34","4479893"
"chr2","9585626","9585936","KN295667v1","1108671","1108966","73","8476955"
"chr2","9673624","9673924","KN295406v1","148077","148370","80","9525547"
"chr2","9689198","9689464","KN294991v1","775915","776180","83","8913283"
"chr2","9817026","9817317","KN294264v1","432867","433151","69","9384159"
"chr2","9882382","9882449","KN294499v1","1146390","1146454","21","8735992"
"chr2","9887836","9888069","KN294235v1","570733","570958","63","9317103"
"chr2","9956988","9957290","KN294899v1","1235205","1235505","72","8721783"
"chr2","10033059","10033195","KN296538v1","514898","515032","23","9518161"
"chr2","10126012","10126192","KN295459v1","1698823","1698996","46","8427189"
"chr2","10416526","10416625","KN295459v1","675800","675895","22","9740726"
"chr2","10480954","10481024","KN294513v1","564705","564774","22","9916249"
"chr2","10629901","10630087","KN294287v1","645666","645855","48","9984235"
"chr2","10650170","10650465","KN294434v1","432870","433172","73","10217300"
"chr2","10674922","10675230","KN297219v1","1839754","1840062","68","8835168"
"chr2","10678060","10678344","KN295907v1","1879965","1880242","60","8798095"
"chr2","10678945","10679077","KN295526v1","145592","145725","30","10533353"
"chr2","10679378","10679512","KN296682v1","4721621","4721755","47","5957757"
"chr2","11144803","11144981","KN294739v1","985939","986117","40","10158864"
"chr2","11145285","11145412","KN296485v1","157888","158017","24","10987397"
"chr2","11377210","11377482","KN297121v1","28304","28576","61","11348906"
"chr2","11607120","11607339","KN295962v1","2355592","2355784","71","9251528"
"chr2","11667353","11667644","KN294873v1","1303218","1303511","60","10364135"
"chr2","12183712","12183965","KN294552v1","1295874","1296134","24","10887838"
"chr2","12343869","12344170","KN295102v1","387826","388136","72","11956043"
"chr2","13318363","13318664","KN296507v1","738522","738814","71","12579841"
"chr2","15089148","15089280","KN295294v1","3806061","3806194","21","11283087"
"chr2","15115511","15115807","KN294210v1","473112","473404","75","14642399"
"chr2","15296596","15296867","KN297242v1","1171024","1171287","66","14125572"
"chr2","15312267","15312576","KN296864v1","1939832","1940132","76","13372435"
"chr2","15360354","15360649","KN295068v1","49131","49419","81","15311223"
"chr2","15362196","15362519","KN294226v1","606030","606332","79","14756166"
"chr2","15398134","15398430","KN295929v1","240001","240300","69","15158133"
"chr2","15451072","15451350","KN296508v1","1973232","1973505","61","13477840"
"chr2","15537496","15537649","KN296732v1","3303486","3303632","39","12234010"
"chr2","15885474","15885729","KN294325v1","756815","757073","63","15128659"
"chr2","16060261","16060523","KN297197v1","1048614","1048879","65","15011647"
"chr2","16864369","16864535","KN295721v1","382777","382938","36","16481592"
"chr2","16929003","16929276","KN294845v1","10863","11135","62","16918140"
"chr2","17053287","17053603","KN296505v1","323963","324278","69","16729324"
"chr2","17533655","17533888","KN295601v1","3201776","3202001","66","14331879"
"chr2","17666701","17666999","KN297058v1","392670","392966","70","17274031"
"chr2","17678486","17678807","KN296101v1","27902","28215","64","17650584"
"chr2","17738710","17738948","KN296145v1","3732348","3732587","62","14006362"
"chr2","18137793","18138091","KN297190v1","2683777","2684071","72","15454016"
"chr2","18263387","18263519","KN296311v1","4815038","4815168","16","13448349"
"chr2","18299241","18299541","KN295205v1","1462650","1462956","68","16836591"
"chr2","18331400","18331692","KN296495v1","1076274","1076557","63","17255126"
"chr2","18450208","18450496","KN296948v1","762193","762479","69","17688015"
"chr2","19074915","19075156","KN294475v1","222076","222313","56","18852839"
"chr2","19404562","19404794","KN297066v1","476265","476497","18","18928297"
"chr2","19788225","19788531","KN297066v1","48943","49249","18","19739282"
"chr2","20039472","20039720","KN294571v1","1551599","1551840","69","18487873"
"chr2","20125444","20125750","KN297184v1","1114866","1115167","59","19010578"
"chr2","20192598","20192729","KN296261v1","606818","606944","34","19585780"
"chr2","20316626","20316750","KN296643v1","410977","411096","35","19905649"
"chr2","20317048","20317212","KN294588v1","39078","39248","41","20277970"
"chr2","20354797","20354931","KN295706v1","131306","131439","19","20223491"
"chr2","20662989","20663279","KN295205v1","656212","656501","73","20006777"
"chr2","20684407","20684539","KN296311v1","4815038","4815168","28","15869369"
"chr2","20729814","20729967","KN294899v1","1194408","1194556","32","19535406"
"chr2","20827201","20827304","KN296079v1","635770","635870","25","20191431"
"chr2","20836261","20836541","KN296594v1","237857","238127","76","20598404"
"chr2","21174339","21174552","KN295666v1","152100","152313","56","21022239"
"chr2","21500118","21500399","KN296926v1","400603","400873","75","21099515"
"chr2","21515344","21515653","KN297184v1","1114866","1115167","65","20400478"
"chr2","22492190","22492503","KN295667v1","1567361","1567664","65","20924829"
"chr2","23661060","23661366","KN296759v1","210528","210836","58","23450532"
"chr2","23731704","23731996","KN296322v1","1648835","1649139","78","22082869"
"chr2","23855641","23855895","KN294458v1","21581","21829","69","23834060"
"chr2","23861919","23862210","KN296322v1","1648835","1649139","67","22213084"
"chr2","23937263","23937484","KN297159v1","373831","374038","57","23563432"
"chr2","23982518","23982638","KN294964v1","965459","965591","24","23017059"
"chr2","24074377","24074529","KN295667v1","2218024","2218171","30","21856353"
"chr2","24133745","24133934","KN296119v1","5280949","5281131","50","18852796"
"chr2","24176364","24176513","KN296145v1","649092","649233","36","23527272"
"chr2","24259936","24260219","KN296303v1","805215","805501","62","23454721"
"chr2","24301524","24301822","KN294217v1","769181","769492","70","23532343"
"chr2","24311382","24311545","KN296000v1","898022","898186","52","23413360"
"chr2","24339741","24340060","KN296117v1","433694","434012","74","23906047"
"chr2","24347790","24348090","KN294345v1","1713106","1713396","70","22634684"
"chr2","24601215","24601514","KN295753v1","26465","26763","73","24574750"
"chr2","24672399","24672696","KN295099v1","55159","55457","66","24617240"
"chr2","24789816","24789986","KN296732v1","3522095","3522260","47","21267721"
"chr2","24893032","24893224","KN295430v1","2495062","2495241","50","22397970"
"chr2","24911215","24911366","KN296486v1","60099","60235","40","24851116"
"chr2","24911659","24911839","KN295236v1","563074","563255","56","24348585"
"chr2","24978728","24978964","KN297180v1","531711","531948","72","24447017"
"chr2","25425940","25426029","KN296119v1","2873068","2873147","28","22552872"
"chr2","25500001","25500200","KN297259v1","330750","330949","46","25169251"
"chr2","25519082","25519364","KN294302v1","861450","861728","57","24657632"
"chr2","25631307","25631602","KN294873v1","1480608","1480909","83","24150699"
"chr2","25725843","25726153","KN297023v1","640512","640805","69","25085331"
"chr2","25867326","25867440","KN294172v1","6039824","6039947","29","19827502"
"chr2","25874062","25874206","KN296311v1","2361921","2362066","28","23512141"
"chr2","25874502","25874660","KN295708v1","2199659","2199817","41","23674843"
"chr2","25920692","25920966","KN296495v1","1076274","1076557","55","24844418"
"chr2","25936207","25936340","KN294583v1","189119","189254","21","25747088"
"chr2","25971702","25971871","KN296883v1","709793","709959","39","25261909"
"chr2","25971900","25972024","KN297038v1","483023","483145","23","25488877"
"chr2","26025897","26026062","KN294269v1","1609579","1609744","43","24416318"
"chr2","26056634","26056921","KN294520v1","992368","992662","65","25064266"
"chr2","26080557","26080757","KN294416v1","419638","419830","69","25660919"
"chr2","26130479","26130742","KN294420v1","263951","264214","67","25866528"
"chr2","26157825","26158137","KN295406v1","486578","486886","60","25671247"
"chr2","26198771","26198896","KN296643v1","262990","263118","27","25935781"
"chr2","26199196","26199391","KN295430v1","2495062","2495241","44","23704134"
"chr2","26206916","26207209","KN295708v1","2790498","2790788","57","23416418"
"chr2","26227815","26228031","KN296743v1","1848381","1848599","45","24379434"
"chr2","26238004","26238303","KN296322v1","1648835","1649139","61","24589169"
"chr2","26250552","26250827","KN296743v1","1912471","1912755","66","24338081"
"chr2","26271650","26271909","KN296145v1","736954","737187","81","25534696"
"chr2","27045825","27046116","KN297023v1","152219","152509","73","26893606"
"chr2","27120528","27120826","KN295633v1","778185","778486","61","26342343"
"chr2","27145841","27145995","KN296743v1","2060096","2060250","4","25085745"
"chr2","27287528","27287828","KN296743v1","1912471","1912755","39","25375057"
"chr2","27304308","27304434","KN296119v1","2162044","2162170","29","25142264"
"chr2","27344702","27344962","KN296743v1","1854981","1855267","37","25489721"
"chr2","27354080","27354289","KN296743v1","1848381","1848599","29","25505699"
"chr2","27357790","27357922","KN296643v1","191078","191208","25","27166712"
"chr2","27389683","27389981","KN294539v1","1347688","1347986","71","26041995"
"chr2","27432455","27432526","KN296743v1","1767802","1767873","3","25664653"
"chr2","27555391","27555645","KN297019v1","717404","717664","63","26837987"
"chr2","27644966","27645270","KN294439v1","130265","130569","64","27514701"
"chr2","27686874","27687101","KN296404v1","2381217","2381439","64","25305657"
"chr2","27709408","27709692","KN294325v1","979659","979928","69","26729749"
"chr2","27782158","27782481","KN295099v1","55159","55457","83","27726999"
"chr2","27864033","27864306","KN296502v1","1280490","1280768","58","26583543"
"chr2","27961723","27962029","KN295667v1","1567361","1567664","57","26394362"
"chr2","28072026","28072172","KN296743v1","1131978","1132124","11","26940048"
"chr2","28159976","28160280","KN295633v1","778185","778486","70","27381791"
"chr2","28196560","28196836","KN296486v1","974046","974323","67","27222514"
"chr2","28231786","28232105","KN294486v1","867184","867500","76","27364602"
"chr2","28337703","28337994","KN295984v1","150673","150962","65","28187030"
"chr2","28612921","28613219","KN296743v1","592928","593223","19","28019993"
"chr2","28698277","28698434","KN297319v1","373164","373327","40","28325113"
"chr2","28844958","28845084","KN294172v1","6039824","6039947","28","22805134"
"chr2","28973532","28973817","KN295923v1","712217","712514","70","28261315"
"chr2","29233132","29233445","KN295898v1","693508","693821","25","28539624"
"chr2","29291081","29291393","KN295893v1","5129577","5129894","65","24161504"
"chr2","29675890","29676025","KN296907v1","705641","705775","28","28970249"
"chr2","29738955","29739269","KN296542v1","103665","103974","67","29635290"
"chr2","30110611","30110919","KN295667v1","1567361","1567664","60","28543250"
"chr2","30138689","30138995","KN294457v1","210304","210595","79","29928385"
"chr2","30169259","30169392","KN295294v1","3806061","3806194","20","26363198"
"chr2","30169790","30169924","KN295294v1","3806061","3806194","20","26363729"
"chr2","30324025","30324343","KN296964v1","1814390","1814681","85","28509635"
"chr2","30416193","30416446","KN297095v1","2475476","2475727","69","27940717"
"chr2","30530580","30530839","KN294147v1","1590568","1590837","70","28940012"
"chr2","31285613","31285877","KN297259v1","1032100","1032351","68","30253513"
"chr2","31621616","31621931","KN295368v1","1939103","1939400","73","29682513"
"chr2","31832769","31832914","KN297327v1","920937","921085","32","30911832"
"chr2","31847703","31848039","KN296992v1","235476","235813","26","31612227"
"chr2","31914710","31914982","KN294170v1","127165","127415","70","31787545"
"chr2","31926086","31926393","KN294419v1","64733","65033","67","31861353"
"chr2","31933168","31933348","KN297256v1","164993","165173","44","31768175"
"chr2","31940559","31940832","KN296992v1","139571","139845","22","31800988"
"chr2","31978486","31978719","KN295893v1","5531546","5531784","69","26446940"
"chr2","32003770","32003909","KN294210v1","836667","836810","21","31167103"
"chr2","32011776","32012079","KN296992v1","68111","68414","22","31943665"
"chr2","32020217","32020523","KN294451v1","1149434","1149741","79","30870783"
"chr2","32087685","32087861","KN294739v1","985939","986117","38","31101746"
"chr2","32088181","32088332","KN297158v1","13205","13345","35","32074976"
"chr2","32189597","32189899","KN296528v1","821177","821492","74","31368420"
"chr2","32242765","32243059","KN297190v1","2683777","2684071","60","29558988"
"chr2","32272161","32272300","KN294372v1","290537","290683","30","31981624"
"chr2","32434574","32434870","KN294741v1","582193","582466","69","31852381"
"chr2","32514074","32514339","KN294552v1","1295874","1296134","75","31218200"
"chr2","32579436","32579726","KN294172v1","528723","529004","79","32050713"
"chr2","32608100","32608296","KN294372v1","2435922","2436135","55","30172178"
"chr2","32646974","32647240","KN296948v1","1071701","1071965","19","31575273"
"chr2","32654542","32654697","KN295326v1","444837","444999","39","32209705"
"chr2","32655290","32655445","KN295102v1","72427","72567","37","32582863"
"chr2","32705555","32705843","KN296515v1","108704","108986","78","32596851"
"chr2","32963223","32963510","KN296948v1","762193","762479","16","32201030"
"chr2","32997229","32997525","KN295936v1","78605","78913","66","32918624"
"chr2","33065280","33065547","KN295633v1","2306898","2307163","65","30758382"
"chr2","33204571","33204743","KN297113v1","252877","253050","35","32951694"
"chr2","33592365","33592668","KN296948v1","145191","145497","26","33447174"
"chr2","33813860","33814015","KN294856v1","256027","256175","42","33557833"
"chr2","33999418","33999716","KN296885v1","2851397","2851675","86","31148021"
"chr2","34472803","34472975","KN294705v1","965845","966004","52","33506958"
"chr2","34473278","34473398","KN296682v1","4721196","4721309","38","29752082"
"chr2","36533317","36533610","KN296964v1","917862","918143","75","35615455"
"chr2","36607754","36607909","KN294416v1","934596","934758","16","35673158"
"chr2","36653232","36653514","KN296308v1","509786","510061","79","36143446"
"chr2","36700460","36700737","KN297390v1","84191","84473","61","36616269"
"chr2","36879848","36879983","KN294416v1","646017","646150","13","36233831"
"chr2","36880268","36880448","KN294416v1","645591","645790","27","36234677"
"chr2","36897755","36897989","KN294416v1","622582","622830","39","36275173"
"chr2","36913990","36914287","KN294416v1","605214","605509","18","36308776"
"chr2","36927547","36927674","KN294416v1","591986","592114","7","36335561"
"chr2","36976132","36976362","KN294416v1","540960","541180","34","36435172"
"chr2","37032284","37032430","KN294513v1","518116","518264","36","36514168"
"chr2","37062791","37063097","KN294416v1","449308","449609","23","36613483"
"chr2","37064280","37064488","KN294416v1","447924","448132","14","36616356"
"chr2","37091000","37091042","KN294416v1","420133","420175","1","36670867"
"chr2","37091343","37091535","KN294416v1","419638","419830","15","36671705"
"chr2","37092864","37093155","KN295352v1","729753","730045","57","36363111"
"chr2","37101981","37102251","KN294416v1","407008","407266","35","36694973"
"chr2","37272728","37272979","KN294416v1","226118","226354","31","37046610"
"chr2","37518933","37519249","KN294604v1","27646","27963","20","37491287"
"chr2","37926658","37926941","KN294172v1","1944132","1944423","69","35982526"
"chr2","38249460","38249672","KN295666v1","152100","152313","13","38097360"
"chr2","38323732","38323817","KN296682v1","314021","314103","19","38009711"
"chr2","38549975","38550324","KN295666v1","449959","450308","26","38100016"
"chr2","38668656","38668764","KN295205v1","1220279","1220379","22","37448377"
"chr2","38668799","38668811","KN296964v1","1498351","1498365","2","37170448"
"chr2","38696423","38696766","KN295666v1","611825","612162","46","38084598"
"chr2","38725581","38725637","KN295666v1","642449","642493","19","38083132"
"chr2","38915755","38916045","KN295666v1","835488","835777","23","38080267"
"chr2","39029887","39030192","KN294452v1","1024655","1024959","72","38005232"
"chr2","39100634","39100933","KN297159v1","1235995","1236289","60","37864639"
"chr2","39108607","39108909","KN295666v1","1032980","1033292","29","38075627"
"chr2","39133969","39134101","KN296200v1","299464","299591","21","38834505"
"chr2","39184749","39185034","KN297028v1","97110","97396","61","39087639"
"chr2","39235501","39235748","KN295666v1","1180569","1180823","24","38054932"
"chr2","39279674","39279973","KN296507v1","738522","738814","76","38541152"
"chr2","39284900","39285175","KN295666v1","1226989","1227265","26","38057911"
"chr2","39309124","39309349","KN295666v1","1250969","1251185","27","38058155"
"chr2","39496017","39496282","KN295666v1","1429360","1429652","39","38066657"
"chr2","39721712","39722015","KN295666v1","1649596","1649898","29","38072116"
"chr2","40259479","40259634","KN295666v1","2221321","2221489","18","38038158"
"chr2","41040836","41041031","KN297245v1","2689397","2689600","53","38351439"
"chr2","41240359","41240674","KN296505v1","323963","324278","74","40916396"
"chr2","42248040","42248232","KN296520v1","962122","962322","58","41285918"
"chr2","42293109","42293400","KN294991v1","1709174","1709474","63","40583935"
"chr2","42318713","42319003","KN295984v1","2962847","2963132","70","39355866"
"chr2","42346497","42346775","KN296311v1","5278234","5278515","69","37068263"
"chr2","42377709","42377995","KN297023v1","640512","640805","58","41737197"
"chr2","42403765","42403890","KN295605v1","687968","688102","20","41715797"
"chr2","42482300","42482438","KN296210v1","326465","326608","25","42155835"
"chr2","42506909","42507191","KN296833v1","198739","199022","72","42308170"
"chr2","42520571","42520865","KN294446v1","591120","591416","65","41929451"
"chr2","42540554","42540860","KN297180v1","314236","314539","53","42226318"
"chr2","42585817","42585954","KN295601v1","2833105","2833244","39","39752712"
"chr2","42681822","42681912","KN294501v1","2520808","2520892","20","40161014"
"chr2","42965158","42965360","KN295601v1","3201776","3202001","61","39763382"
"chr2","43044862","43045134","KN295243v1","334589","334841","71","42710273"
"chr2","43095572","43095678","KN295406v1","576347","576444","22","42519225"
"chr2","43409741","43410046","KN295666v1","767425","767733","64","42642316"
"chr2","43453901","43454131","KN296315v1","602992","603236","68","42850909"
"chr2","43529178","43529382","KN294662v1","211735","211913","61","43317443"
"chr2","43610340","43610622","KN296849v1","957882","958183","71","42652458"
"chr2","43679839","43679963","KN294336v1","54285","54417","26","43625554"
"chr2","43705244","43705556","KN294239v1","243029","243336","63","43462215"
"chr2","43721602","43721906","KN296322v1","1648835","1649139","61","42072767"
"chr2","43725837","43726153","KN295080v1","116795","117109","78","43609042"
"chr2","43955189","43955497","KN295480v1","1274084","1274387","67","42681105"
"chr2","44143946","44144110","KN294325v1","233169","233336","44","43910777"
"chr2","44144415","44144557","KN297453v1","84448","84582","28","44059967"
"chr2","44159585","44159882","KN296244v1","327623","327911","65","43831962"
"chr2","44215200","44215473","KN296205v1","601732","602028","73","43613468"
"chr2","44370812","44370994","KN297158v1","804748","804922","46","43566064"
"chr2","44371286","44371418","KN297154v1","1282191","1282319","20","43089095"
"chr2","44419601","44419727","KN295405v1","340111","340240","36","44079490"
"chr2","44519808","44519929","KN294526v1","564768","564889","36","43955040"
"chr2","44520229","44520416","KN297023v1","686879","687015","69","43833350"
"chr2","44554455","44554589","KN294470v1","2235421","2235555","27","42319034"
"chr2","44560286","44560570","KN295352v1","729753","730045","67","43830533"
"chr2","44634928","44635092","KN295925v1","435140","435310","40","44199788"
"chr2","44731948","44732253","KN297066v1","48943","49249","61","44683005"
"chr2","45028835","45029135","KN296833v1","198739","199022","63","44830096"
"chr2","45260926","45261076","KN296225v1","462090","462236","37","44798836"
"chr2","45671787","45672091","KN295705v1","2387051","2387373","32","43284736"
"chr2","45719779","45719939","KN295705v1","2338948","2339110","11","43380831"
"chr2","45730173","45730447","KN295705v1","2328610","2328895","22","43401563"
"chr2","45757386","45757694","KN296322v1","1648835","1649139","63","44108551"
"chr2","45789397","45789628","KN296767v1","53224","53425","74","45736173"
"chr2","46059057","46059280","KN294662v1","211735","211913","82","45847322"
"chr2","46107930","46108210","KN295705v1","1946889","1947167","17","44161041"
"chr2","46235129","46235428","KN294260v1","822843","823138","62","45412286"
"chr2","46264073","46264168","KN295705v1","1791772","1791867","3","44472301"
"chr2","46264194","46264354","KN295705v1","1791563","1791727","19","44472631"
"chr2","46483783","46484090","KN295633v1","909764","910066","68","45574019"
"chr2","46522013","46522297","KN297442v1","1676499","1676799","70","44845514"
"chr2","46907373","46907694","KN296759v1","6357","6660","72","46901016"
"chr2","46953829","46953962","KN296311v1","9013968","9014099","24","37939861"
"chr2","47204375","47204673","KN295705v1","823070","823354","30","46381305"
"chr2","47207896","47208181","KN294421v1","1610749","1611032","71","45597147"
"chr2","47346278","47346408","KN294790v1","3690102","3690234","31","43656176"
"chr2","47446031","47446345","KN294668v1","114347","114656","85","47331684"
"chr2","47638099","47638230","KN295705v1","382490","382621","6","47255609"
"chr2","47712812","47712938","KN294705v1","1877279","1877404","36","45835533"
"chr2","47713249","47713430","KN295430v1","1780623","1780800","42","45932626"
"chr2","47725718","47726025","KN296507v1","738522","738814","71","46987196"
"chr2","47744497","47744589","KN295633v1","2073562","2073653","23","45670935"
"chr2","47744655","47744864","KN295433v1","513011","513183","68","47231644"
"chr2","47754767","47754924","KN295721v1","429780","429935","36","47324987"
"chr2","47755229","47755395","KN296210v1","326465","326608","49","47428764"
"chr2","47777946","47778248","KN295705v1","208961","209260","26","47568985"
"chr2","47887449","47887578","KN296101v1","38623","38748","30","47848826"
"chr2","47887864","47888026","KN294685v1","1344495","1344649","45","46543369"
"chr2","47890040","47890119","KN295705v1","92388","92471","14","47797652"
"chr2","47890150","47890254","KN295705v1","92232","92351","24","47797918"
"chr2","48044682","48044845","KN296292v1","263348","263511","37","47781334"
"chr2","48203811","48204090","KN296948v1","762193","762479","65","47441618"
"chr2","48343478","48343774","KN295032v1","376797","377098","29","47966681"
"chr2","48396252","48396519","KN294458v1","21581","21829","71","48374671"
"chr2","48592782","48592914","KN296880v1","198524","198663","20","48394258"
"chr2","48643608","48643693","KN296852v1","168875","168959","7","48474733"
"chr2","48643999","48644183","KN296852v1","169257","169462","30","48474742"
"chr2","48948181","48948494","KN296852v1","480060","480371","23","48468121"
"chr2","49167758","49168054","KN296852v1","696285","696587","34","48471473"
"chr2","49471286","49471405","KN296021v1","78833","78940","34","49392453"
"chr2","49653706","49653826","KN296852v1","1181021","1181147","18","48472685"
"chr2","49930877","49931122","KN296467v1","110003","110248","72","49820874"
"chr2","50089505","50089801","KN296852v1","1643208","1643508","27","48446297"
"chr2","50180028","50180323","KN296852v1","1741155","1741448","27","48438873"
"chr2","50356998","50357279","KN295282v1","87028","87314","82","50269970"
"chr2","50997507","50997800","KN296852v1","2579643","2579948","30","48417864"
"chr2","51010797","51011073","KN296852v1","2592292","2592553","38","48418505"
"chr2","51051723","51052007","KN295480v1","1342408","1342684","79","49709315"
"chr2","51840092","51840357","KN296864v1","2452974","2453250","75","49387118"
"chr2","52099473","52099743","KN297177v1","275765","276050","38","51823708"
"chr2","52323826","52323989","KN297177v1","23236","23386","21","52300590"
"chr2","52324285","52324406","KN297177v1","22801","22922","10","52301484"
"chr2","53369243","53369528","KN297190v1","2683777","2684071","66","50685466"
"chr2","53488935","53489050","KN297444v1","203898","204022","30","53285037"
"chr2","53700982","53701237","KN294458v1","21581","21829","61","53679401"
"chr2","53727373","53727637","KN294644v1","1106688","1106947","86","52620685"
"chr2","53810188","53810323","KN296538v1","514898","515032","18","53295290"
"chr2","53900277","53900525","KN294407v1","169906","170136","75","53730371"
"chr2","53955984","53956136","KN294235v1","972159","972293","36","52983825"
"chr2","53963041","53963355","KN295406v1","486578","486886","84","53476463"
"chr2","54074058","54074359","KN296955v1","136917","137220","67","53937141"
"chr2","54128386","54128676","KN295319v1","303201","303480","66","53825185"
"chr2","54147521","54147824","KN294991v1","1709174","1709474","59","52438347"
"chr2","54213774","54214059","KN294650v1","24363","24655","76","54189411"
"chr2","54262939","54263048","KN294561v1","66580","66689","30","54196359"
"chr2","54263448","54263475","KN295725v1","1086306","1086335","6","53177142"
"chr2","54263478","54263631","KN294873v1","1261221","1261370","36","53002257"
"chr2","54297212","54297526","KN295667v1","1567361","1567664","68","52729851"
"chr2","54391988","54392280","KN294239v1","1686717","1687011","63","52705271"
"chr2","54591890","54592151","KN297105v1","2959195","2959449","69","51632695"
"chr2","55057705","55058000","KN296322v1","1648835","1649139","67","53408870"
"chr2","55058872","55059008","KN295294v1","3806061","3806194","23","51252811"
"chr2","55074220","55074541","KN295102v1","38793","39103","73","55035427"
"chr2","55105690","55105989","KN295586v1","4835747","4836042","75","50269943"
"chr2","55129295","55129577","KN294539v1","1506592","1506858","73","53622703"
"chr2","55129861","55129888","KN296907v1","491287","491310","6","54638574"
"chr2","55238080","55238316","KN294147v1","2133356","2133601","73","53104724"
"chr2","55274160","55274442","KN296864v1","3138537","3138822","59","52135623"
"chr2","55285144","55285429","KN295346v1","1646114","1646406","71","53639030"
"chr2","55526434","55526731","KN294235v1","47425","47725","69","55479009"
"chr2","55674979","55675303","KN295936v1","78605","78913","93","55596374"
"chr2","55750801","55751106","KN295633v1","909764","910066","63","54841037"
"chr2","55795472","55795605","KN296538v1","514898","515032","21","55280574"
"chr2","56759143","56759285","KN296145v1","649092","649233","33","56110051"
"chr2","56775137","56775444","KN295715v1","175351","175635","46","56599786"
"chr2","57246346","57246645","KN294873v1","1303218","1303511","72","55943128"
"chr2","57370230","57370362","KN295474v1","847167","847293","38","56523063"
"chr2","57370653","57370794","KN294470v1","2235421","2235555","29","55135232"
"chr2","57546749","57547056","KN296649v1","474335","474640","74","57072414"
"chr2","57700481","57700782","KN296550v1","110501","110774","76","57589980"
"chr2","58333196","58333514","KN296594v1","619931","620241","72","57713265"
"chr2","58673374","58673475","KN294705v1","1319490","1319596","31","57353884"
"chr2","58673798","58673991","KN294457v1","3146537","3146701","46","55527261"
"chr2","59322872","59323165","KN294199v1","1022551","1022840","70","58300321"
"chr2","59929055","59929242","KN297190v1","149405","149577","55","59779650"
"chr2","60686421","60686555","KN296138v1","11819","11953","22","60674602"
"chr2","60686859","60687023","KN294991v1","973655","973815","37","59713204"
"chr2","60778948","60779113","KN297442v1","1889157","1889330","41","58889791"
"chr2","60806240","60806542","KN294457v1","1007107","1007408","18","59799133"
"chr2","60844629","60844939","KN294457v1","967354","967656","25","59877275"
"chr2","60865772","60865968","KN294457v1","946089","946274","23","59919683"
"chr2","61008106","61008241","KN296820v1","874322","874456","20","60133784"
"chr2","61008510","61008696","KN295633v1","552946","553113","48","60455564"
"chr2","61072290","61072584","KN295984v1","150673","150962","56","60921617"
"chr2","61089905","61090141","KN297259v1","1032100","1032351","64","60057805"
"chr2","61197604","61197762","KN294991v1","973655","973815","27","60223949"
"chr2","61231736","61231791","KN295236v1","6026943","6027005","21","55204793"
"chr2","61299471","61299779","KN296588v1","282556","282869","71","61016915"
"chr2","61357619","61357879","KN296011v1","67440","67709","75","61290179"
"chr2","61361130","61361419","KN296948v1","762193","762479","68","60598937"
"chr2","61429052","61429165","KN294399v1","255156","255267","31","61173896"
"chr2","61429479","61429627","KN294991v1","973655","973815","39","60455824"
"chr2","61496212","61496508","KN294457v1","269479","269762","41","61226733"
"chr2","61507298","61507584","KN294457v1","257902","258170","31","61249396"
"chr2","61524644","61524913","KN294457v1","241453","241710","28","61283191"
"chr2","61542627","61542918","KN294984v1","94202","94491","72","61448425"
"chr2","61556492","61556783","KN294457v1","210304","210595","17","61346188"
"chr2","61571541","61571805","KN294457v1","199736","199986","52","61371805"
"chr2","61608359","61608535","KN297158v1","804748","804922","47","60803611"
"chr2","61778779","61779055","KN294630v1","249844","250117","75","61528935"
"chr2","62113074","62113358","KN296442v1","212548","212845","26","61900526"
"chr2","62348268","62348397","KN296311v1","4815038","4815168","21","57533230"
"chr2","62414202","62414511","KN294452v1","1024655","1024959","60","61389547"
"chr2","62655396","62655543","KN296442v1","780636","780784","17","61874760"
"chr2","62737772","62738064","KN294457v1","210304","210595","61","62527468"
"chr2","62894764","62894927","KN294991v1","973655","973815","40","61921109"
"chr2","63072293","63072596","KN294421v1","9377","9683","58","63062916"
"chr2","63074042","63074353","KN294634v1","387267","387565","73","62686775"
"chr2","63149800","63150012","KN297317v1","77457","77669","56","63072343"
"chr2","63240183","63240477","KN296900v1","581227","581521","15","62658956"
"chr2","63241613","63241890","KN296900v1","579621","579906","28","62661992"
"chr2","63310705","63310860","KN296900v1","508270","508416","15","62802435"
"chr2","63639242","63639445","KN294410v1","83961","84167","53","63555281"
"chr2","63793326","63793605","KN297028v1","97110","97396","70","63696216"
"chr2","63822605","63822854","KN295596v1","2296079","2296336","76","61526526"
"chr2","63865533","63865834","KN296322v1","1648835","1649139","62","62216698"
"chr2","63921538","63921782","KN296921v1","2833134","2833394","68","61088404"
"chr2","63958515","63958707","KN296767v1","53224","53425","52","63905291"
"chr2","63973563","63973845","KN296609v1","2001084","2001364","72","61972479"
"chr2","64212214","64212532","KN294825v1","328794","329097","86","63883420"
"chr2","64614588","64614906","KN295753v1","26465","26763","78","64588123"
"chr2","64721592","64721908","KN294169v1","205462","205769","71","64516130"
"chr2","64820543","64820837","KN294199v1","1022551","1022840","70","63797992"
"chr2","64876798","64876944","KN294613v1","471626","471777","48","64405172"
"chr2","65006658","65006925","KN297048v1","134544","134818","78","64872114"
"chr2","65076792","65076932","KN295526v1","145592","145725","24","64931200"
"chr2","65117363","65117497","KN296311v1","6471968","6472102","22","58645395"
"chr2","65191223","65191390","KN294443v1","437013","437176","47","64754210"
"chr2","65220855","65221134","KN296948v1","762193","762479","58","64458662"
"chr2","65309220","65309527","KN295667v1","1567361","1567664","58","63741859"
"chr2","65424669","65424930","KN296551v1","153489","153750","77","65271180"
"chr2","65471563","65471847","KN295744v1","408789","409077","61","65062774"
"chr2","65541681","65541957","KN294619v1","1593520","1593816","65","63948161"
"chr2","65583751","65583920","KN294588v1","39078","39248","43","65544673"
"chr2","66106131","66106394","KN294231v1","3355","3631","78","66102776"
"chr2","66113669","66113980","KN294251v1","1366870","1367179","64","64746799"
"chr2","66402229","66402474","KN296608v1","381289","381528","62","66020940"
"chr2","66505134","66505426","KN297184v1","1114866","1115167","68","65390268"
"chr2","67353611","67353891","KN294922v1","762898","763166","24","66590713"
"chr2","67750614","67750770","KN297245v1","2021145","2021297","36","65729469"
"chr2","67802593","67802897","KN294421v1","9377","9683","65","67793216"
"chr2","68012943","68013127","KN294964v1","1568714","1568904","49","66444229"
"chr2","68173153","68173317","KN296308v1","592866","593027","41","67580287"
"chr2","68307911","68308192","KN296948v1","762193","762479","52","67545718"
"chr2","68465415","68465689","KN294588v1","2498533","2498800","91","65966882"
"chr2","68646780","68647077","KN296682v1","1941233","1941537","67","66705547"
"chr2","69353114","69353255","KN296311v1","2361921","2362066","23","66991193"
"chr2","69353544","69353698","KN296200v1","625211","625364","13","68728333"
"chr2","69361697","69361998","KN296200v1","616834","617133","12","68744863"
"chr2","69562913","69563089","KN297366v1","2182024","2182200","35","67380889"
"chr2","69574692","69575036","KN296200v1","401296","401604","47","69173396"
"chr2","69587778","69588063","KN296311v1","5353300","5353582","63","64234478"
"chr2","69703866","69703960","KN295501v1","718333","718428","28","68985533"
"chr2","69973406","69973647","KN295294v1","24128","24400","44","69949278"
"chr2","70038265","70038599","KN294439v1","130265","130569","100","69908000"
"chr2","70055797","70055928","KN295294v1","127351","127481","17","69928446"
"chr2","70065640","70065848","KN296306v1","2502079","2502299","55","67563561"
"chr2","70122537","70122810","KN295294v1","198862","199146","46","69923675"
"chr2","70139534","70139847","KN294954v1","70243","70554","74","70069291"
"chr2","70207104","70207160","KN294790v1","6379182","6379236","16","63827922"
"chr2","70288426","70288557","KN295294v1","363845","363973","12","69924581"
"chr2","70321860","70322003","KN295294v1","403385","403528","13","69918475"
"chr2","70329651","70329949","KN295294v1","437640","437937","24","69892011"
"chr2","70379390","70379675","KN295294v1","484489","484774","17","69894901"
"chr2","70889840","70890148","KN295294v1","980360","980666","24","69909480"
"chr2","70906516","70906686","KN295420v1","396854","397019","45","70509662"
"chr2","70997478","70997744","KN296731v1","1028220","1028490","65","69969258"
"chr2","71062314","71062603","KN295294v1","1101026","1101317","16","69961288"
"chr2","71724123","71724415","KN297190v1","2683777","2684071","61","69040346"
"chr2","72047924","72048233","KN295480v1","1274084","1274387","69","70773840"
"chr2","72246056","72246188","KN295294v1","2315840","2315974","8","69930216"
"chr2","72438329","72438634","KN295346v1","1646114","1646406","78","70792215"
"chr2","72496992","72497272","KN295983v1","1223920","1224199","59","71273072"
"chr2","72537974","72538254","KN295059v1","155601","155880","75","72382373"
"chr2","72624459","72624745","KN296948v1","762193","762479","69","71862266"
"chr2","72668941","72669092","KN295294v1","2768559","2768717","16","69900382"
"chr2","72868175","72868460","KN296948v1","762193","762479","67","72105982"
"chr2","72874391","72874644","KN295294v1","2976195","2976447","17","69898196"
"chr2","72879565","72879819","KN296062v1","2277688","2277919","67","70601877"
"chr2","73017944","73018223","KN295294v1","3123609","3123890","14","69894335"
"chr2","73038490","73038637","KN294758v1","442372","442530","41","72596118"
"chr2","73194553","73194675","KN297050v1","128023","128146","28","73066530"
"chr2","73197315","73197641","KN295294v1","3302475","3302809","23","69894840"
"chr2","73237781","73238042","KN295294v1","3343922","3344187","29","69893859"
"chr2","73335901","73336136","KN295294v1","3442647","3442882","27","69893254"
"chr2","73423768","73424077","KN295294v1","3535802","3536094","40","69887966"
"chr2","73435603","73435886","KN295294v1","3547943","3548238","32","69887660"
"chr2","73649725","73650025","KN294548v1","871953","872254","82","72777772"
"chr2","73712738","73713021","KN296778v1","90079","90358","84","73622659"
"chr2","73761124","73761257","KN295294v1","3806061","3806194","3","69955063"
"chr2","73951892","73952183","KN297046v1","1875391","1875685","70","72076501"
"chr2","74027982","74028284","KN297066v1","48943","49249","71","73979039"
"chr2","74399261","74399570","KN295633v1","909764","910066","71","73489497"
"chr2","74445577","74445826","KN295967v1","1520844","1521111","68","72924733"
"chr2","74467750","74467882","KN295294v1","3806061","3806194","24","70661689"
"chr2","74471550","74471846","KN294862v1","131210","131483","87","74340340"
"chr2","74599833","74600063","KN296404v1","2381217","2381439","75","72218616"
"chr2","74613840","74614076","KN295984v1","2369482","2369693","64","72244358"
"chr2","74956772","74956934","KN294991v1","973655","973815","29","73983117"
"chr2","74956980","74957096","KN296093v1","240852","240965","26","74716128"
"chr2","75686461","75686763","KN296864v1","1939832","1940132","60","73746629"
"chr2","75884736","75885045","KN295402v1","705783","706074","62","75178953"
"chr2","76420654","76420686","KN295405v1","1673998","1674031","6","74746656"
"chr2","76420720","76420902","KN297158v1","804748","804922","42","75615972"
"chr2","77492258","77492557","KN296854v1","127630","127924","27","77364628"
"chr2","77940487","77940772","KN296883v1","2609802","2610089","77","75330685"
"chr2","78280161","78280465","KN295538v1","81590","81892","90","78198571"
"chr2","78349370","78349664","KN296478v1","510131","510416","35","77839239"
"chr2","78695352","78695651","KN296478v1","853327","853620","26","77842025"
"chr2","78824675","78824986","KN297327v1","807993","808286","79","78016682"
"chr2","79311899","79312208","KN296542v1","103665","103974","70","79208234"
"chr2","79397653","79397874","KN294235v1","570733","570958","57","78826920"
"chr2","79659715","79660012","KN295430v1","2009073","2009373","71","77650642"
"chr2","79772592","79772828","KN294291v1","86606","86843","22","79685986"
"chr2","79979104","79979395","KN297058v1","392670","392966","68","79586434"
"chr2","80449131","80449336","KN295236v1","1281835","1282037","60","79167296"
"chr2","80656962","80657247","KN294210v1","473112","473404","62","80183850"
"chr2","80685158","80685286","KN295526v1","145592","145725","22","80539566"
"chr2","80865027","80865326","KN297180v1","314236","314539","65","80550791"
"chr2","81228475","81228691","KN294208v1","73414","73627","60","81155061"
"chr2","81544586","81544860","KN294325v1","979659","979928","72","80564927"
"chr2","81568783","81569074","KN294302v1","861450","861728","80","80707333"
"chr2","82226962","82227269","KN294452v1","1024655","1024959","72","81202307"
"chr2","82323112","82323406","KN295368v1","1939103","1939400","82","80384009"
"chr2","82582647","82582873","KN297095v1","2669325","2669548","59","79913322"
"chr2","82754809","82755103","KN294787v1","76462","76773","34","82678347"
"chr2","82822402","82822700","KN295352v1","729753","730045","83","82092649"
"chr2","83139452","83139727","KN296983v1","94222","94492","29","83045230"
"chr2","83270252","83270529","KN294790v1","483712","483988","82","82786540"
"chr2","83436196","83436442","KN294451v1","1065286","1065519","76","82370910"
"chr2","84376041","84376314","KN294917v1","507784","508062","69","83868257"
"chr2","84659704","84659980","KN295667v1","935881","936160","63","83723823"
"chr2","84857873","84858178","KN296322v1","1648835","1649139","62","83209038"
"chr2","84877460","84877623","KN297319v1","373164","373327","31","84504296"
"chr2","84915490","84915747","KN296948v1","999703","999965","69","83915787"
"chr2","85095260","85095542","KN294893v1","337268","337565","36","84757992"
"chr2","85099783","85099858","KN294535v1","80806","80875","18","85018977"
"chr2","85100155","85100337","KN296119v1","5280949","5281131","45","79819206"
"chr2","85141005","85141253","KN297180v1","531711","531948","66","84609294"
"chr2","85192692","85192985","KN295633v1","751096","751380","80","84441596"
"chr2","85257017","85257216","KN294205v1","1582745","1582943","46","83674272"
"chr2","85335483","85335721","KN296883v1","2173076","2173324","74","83162407"
"chr2","85346472","85346762","KN295459v1","878673","878961","78","84467799"
"chr2","85475665","85475918","KN294705v1","1107549","1107807","69","84368116"
"chr2","85551330","85551446","KN296306v1","3680586","3680698","26","81870744"
"chr2","85573744","85573907","KN297319v1","373164","373327","27","85200580"
"chr2","85619751","85619860","KN296495v1","2297715","2297827","27","83322036"
"chr2","85620158","85620189","KN297023v1","132110","132140","12","85488048"
"chr2","85624341","85624564","KN294879v1","1183051","1183277","58","84441290"
"chr2","85702757","85702984","KN295596v1","3046296","3046522","55","82656461"
"chr2","85856575","85856869","KN294420v1","631308","631597","67","85225267"
"chr2","85875061","85875354","KN296495v1","1076274","1076557","60","84798787"
"chr2","86107980","86108144","KN294911v1","4985405","4985572","32","81122575"
"chr2","86116254","86116487","KN297190v1","5951555","5951790","67","80164699"
"chr2","86267053","86267125","KN295725v1","1085871","1085933","22","85181182"
"chr2","86267506","86267535","KN295725v1","1086306","1086335","8","85181200"
"chr2","86361968","86362249","KN295667v1","608355","608628","74","85753613"
"chr2","86409724","86409837","KN294499v1","518311","518429","26","85891413"
"chr2","86409863","86410011","KN295828v1","950552","950701","42","85459311"
"chr2","86467739","86468045","KN295667v1","1567361","1567664","69","84900378"
"chr2","86473173","86473440","KN296864v1","1873086","1873381","73","84600087"
"chr2","86672273","86672446","KN295967v1","534752","534906","40","86137521"
"chr2","86686690","86686966","KN297375v1","58397","58674","62","86628293"
"chr2","86755113","86755418","KN297058v1","194613","194917","65","86560500"
"chr2","86906287","86906570","KN294499v1","1906911","1907192","59","84999376"
"chr2","86915949","86916232","KN294499v1","1906911","1907192","59","85009038"
"chr2","86924467","86924755","KN297058v1","392670","392966","78","86531797"
"chr2","86924852","86925034","KN296187v1","238628","238811","63","86686224"
"chr2","86957031","86957147","KN294456v1","1028969","1029075","34","85928062"
"chr2","87001862","87002180","KN294634v1","387267","387565","88","86614595"
"chr2","87127049","87127232","KN297256v1","164993","165173","44","86962056"
"chr2","87127248","87127331","KN294790v1","6724105","6724182","24","80403143"
"chr2","87210412","87210710","KN294452v1","1024655","1024959","72","86185757"
"chr2","87309612","87309933","KN297219v1","1839754","1840062","78","85469858"
"chr2","87670144","87670274","KN294536v1","420664","420795","24","87249480"
"chr2","87702834","87703018","KN297256v1","164993","165173","44","87537841"
"chr2","87703034","87703117","KN294790v1","6724105","6724182","24","80978929"
"chr2","87767756","87768074","KN294634v1","387267","387565","88","87380489"
"chr2","87812765","87812881","KN294456v1","1028969","1029075","34","86783796"
"chr2","87853208","87853522","KN295480v1","1274084","1274387","78","86579124"
"chr2","87917329","87917485","KN294269v1","1347949","1348104","30","86569380"
"chr2","87978367","87978549","KN296187v1","238628","238811","63","87739739"
"chr2","87978646","87978940","KN296157v1","1078910","1079211","76","86899736"
"chr2","87987170","87987453","KN294499v1","1906911","1907192","60","86080259"
"chr2","88242765","88242827","KN295236v1","6026943","6027005","20","82215822"
"chr2","88245069","88245282","KN297095v1","2669325","2669548","63","85575744"
"chr2","88297005","88297089","KN295205v1","192453","192523","26","88104552"
"chr2","88352377","88352595","KN295553v1","69273","69467","71","88283104"
"chr2","88474449","88474751","KN296864v1","1939832","1940132","67","86534617"
"chr2","88561009","88561253","KN297028v1","425573","425814","59","88135436"
"chr2","88628529","88628822","KN294399v1","171378","171682","66","88457151"
"chr2","88696275","88696481","KN297154v1","451582","451782","59","88244693"
"chr2","88880207","88880273","KN297420v1","5622","5674","26","88874585"
"chr2","91836283","91836309","KN296495v1","369441","369458","12","91466842"
"chr2","91836618","91836719","KN295605v1","83359","83454","28","91753259"
"chr2","91978571","91978734","KN294842v1","123455","123618","9","91855116"
"chr2","92016016","92016117","KN295605v1","83359","83454","28","91932657"
"chr2","92016427","92016453","KN296495v1","369441","369458","12","91646986"
"chr2","94246667","94246766","KN297159v1","1208501","1208598","27","93038166"
"chr2","94247077","94247103","KN296495v1","369441","369458","12","93877636"
"chr2","95110521","95110802","KN294493v1","1639497","1639778","65","93471024"
"chr2","95228284","95228436","KN297171v1","1235221","1235375","32","93993063"
"chr2","95266354","95266470","KN296062v1","1206761","1206876","28","94059593"
"chr2","95351710","95351827","KN297038v1","317140","317257","21","95034570"
"chr2","95721286","95721580","KN296002v1","35483","35776","15","95685803"
"chr2","96255731","96255986","KN295315v1","637879","638117","25","95617852"
"chr2","96361877","96362042","KN296000v1","901795","901947","42","95460082"
"chr2","96390887","96391213","KN295080v1","116795","117109","80","96274092"
"chr2","96519233","96519517","KN294372v1","962653","962931","70","95556580"
"chr2","96617593","96617715","KN297274v1","1606553","1606683","31","95011040"
"chr2","96618003","96618174","KN295315v1","886398","886565","19","95731605"
"chr2","96679073","96679228","KN296096v1","680679","680846","38","95998394"
"chr2","96749227","96749505","KN295315v1","1023682","1023969","26","95725545"
"chr2","96774325","96774452","KN295315v1","1048863","1048991","13","95725462"
"chr2","96872690","96872837","KN294346v1","260578","260726","42","96612112"
"chr2","96982883","96983175","KN294523v1","15844","16136","72","96967039"
"chr2","97004613","97004784","KN296635v1","4102969","4103140","35","92901644"
"chr2","97005086","97005150","KN294172v1","5276682","5276746","17","91728404"
"chr2","97779735","97780030","KN295315v1","1427809","1428112","57","96351926"
"chr2","97780072","97780087","KN296145v1","6341","6356","3","97773731"
"chr2","97943103","97943255","KN295005v1","263752","263899","32","97679351"
"chr2","98090775","98091046","KN294345v1","1464912","1465179","64","96625863"
"chr2","98223748","98224017","KN295315v1","1882123","1882391","19","96341625"
"chr2","98456332","98456638","KN294439v1","130265","130569","57","98326067"
"chr2","98646422","98646631","KN295533v1","2434686","2434882","50","96211736"
"chr2","98995069","98995272","KN295315v1","2666890","2667078","29","96328179"
"chr2","99145858","99146001","KN296210v1","326465","326608","32","98819393"
"chr2","99197645","99197943","KN294739v1","526187","526480","66","98671458"
"chr2","99202718","99202978","KN294552v1","1295874","1296134","59","97906844"
"chr2","99214579","99214604","KN295725v1","1086306","1086335","7","98128273"
"chr2","99214968","99215075","KN294561v1","66580","66689","30","99148388"
"chr2","99219363","99219670","KN297219v1","1839754","1840062","66","97379609"
"chr2","99311024","99311297","KN295933v1","676121","676354","84","98634903"
"chr2","99311595","99311672","KN295996v1","133273","133341","26","99178322"
"chr2","99313492","99313644","KN297000v1","418665","418822","29","98894827"
"chr2","99316194","99316468","KN295940v1","139592","139871","60","99176602"
"chr2","99342618","99342933","KN294169v1","205462","205769","69","99137156"
"chr2","99454017","99454122","KN296454v1","256011","256110","26","99198006"
"chr2","99454124","99454240","KN296096v1","3010196","3010312","31","96443928"
"chr2","99481584","99481876","KN296507v1","738522","738814","76","98743062"
"chr2","99492024","99492170","KN296109v1","701794","701929","38","98790230"
"chr2","99620347","99620644","KN294991v1","1709174","1709474","66","97911173"
"chr2","99742074","99742367","KN294705v1","1991606","1991913","68","97750468"
"chr2","99802386","99802675","KN294345v1","1713106","1713396","59","98089280"
"chr2","99979484","99979782","KN296244v1","707246","707553","75","99272238"
"chr2","100120668","100120938","KN296948v1","999703","999965","66","99120965"
"chr2","100145284","100145416","KN295315v1","1128345","1128477","23","99016939"
"chr2","100293746","100293879","KN296138v1","11819","11953","21","100281927"
"chr2","100304149","100304440","KN297112v1","2364143","2364436","71","97940006"
"chr2","100898087","100898351","KN294845v1","10863","11135","76","100887224"
"chr2","101181927","101182105","KN294416v1","645591","645790","56","100536336"
"chr2","101182352","101182497","KN296119v1","5311381","5311527","32","95870971"
"chr2","101184916","101185048","KN295705v1","382490","382621","19","100802426"
"chr2","101204436","101204736","KN294210v1","473112","473404","70","100731324"
"chr2","101390790","101391081","KN297462v1","564741","565026","76","100826049"
"chr2","101417194","101417500","KN296322v1","1648835","1649139","60","99768359"
"chr2","101537200","101537490","KN296682v1","2637733","2638023","67","98899467"
"chr2","101626576","101626705","KN296311v1","4815038","4815168","23","96811538"
"chr2","101629095","101629392","KN296495v1","1076274","1076557","58","100552821"
"chr2","101668462","101668837","KN294407v1","766794","767133","120","100901668"
"chr2","101986880","101987189","KN295667v1","1567361","1567664","64","100419519"
"chr2","102194758","102194880","KN297133v1","268061","268193","32","101926697"
"chr2","102593131","102593261","KN297154v1","1282191","1282319","18","101310940"
"chr2","102627004","102627130","KN294172v1","3568097","3568221","25","99058907"
"chr2","102627166","102627339","KN295096v1","1069446","1069614","42","101557720"
"chr2","102751682","102751967","KN294264v1","432867","433151","67","102318815"
"chr2","102867341","102867481","KN297180v1","2065065","2065204","40","100802276"
"chr2","103014327","103014623","KN295352v1","729753","730045","71","102284574"
"chr2","103545073","103545377","KN295553v1","182905","183210","81","103362168"
"chr2","104002728","104002903","KN296864v1","3353170","3353334","46","100649558"
"chr2","104622982","104623266","KN295091v1","1150729","1151013","21","103472253"
"chr2","105355963","105356108","KN295605v1","687968","688102","32","104667995"
"chr2","105356395","105356598","KN296119v1","5280949","5281131","52","100075446"
"chr2","105459289","105459588","KN297026v1","800582","800867","87","104658707"
"chr2","105519798","105520054","KN295091v1","2022755","2023012","16","103497043"
"chr2","105603450","105603667","KN295091v1","2108506","2108711","27","103494944"
"chr2","106408667","106408984","KN294964v1","1274971","1275281","88","105133696"
"chr2","106453485","106453601","KN294456v1","1028969","1029075","34","105424516"
"chr2","107430112","107430195","KN294790v1","6724105","6724182","26","100706007"
"chr2","107543930","107544078","KN294346v1","260578","260726","50","107283352"
"chr2","107842334","107842450","KN294456v1","1028969","1029075","34","106813365"
"chr2","107886962","107887278","KN294452v1","1374937","1375240","86","106512025"
"chr2","108411542","108411831","KN295365v1","664954","665252","69","107746588"
"chr2","108503828","108504145","KN294634v1","387267","387565","87","108116561"
"chr2","108520240","108520561","KN294365v1","833524","833822","37","107686716"
"chr2","108569594","108569900","KN297242v1","1213658","1213969","73","107355936"
"chr2","108734857","108734973","KN294456v1","1028969","1029075","33","107705888"
"chr2","109056171","109056468","KN294365v1","1373398","1373684","49","107682773"
"chr2","109206527","109206813","KN295282v1","123186","123460","64","109083341"
"chr2","109391839","109392115","KN295984v1","2962847","2963132","67","106428992"
"chr2","109807499","109807615","KN294456v1","1028969","1029075","34","108778530"
"chr2","109852123","109852440","KN294634v1","387267","387565","86","109464856"
"chr2","109868462","109868783","KN294365v1","833524","833822","36","109034938"
"chr2","110502724","110503045","KN294365v1","833524","833822","36","109669200"
"chr2","110519067","110519384","KN294634v1","387267","387565","86","110131800"
"chr2","110563892","110564008","KN294456v1","1028969","1029075","34","109534923"
"chr2","110653723","110654008","KN295984v1","2962847","2963132","65","107690876"
"chr2","110675650","110675950","KN296507v1","738522","738814","62","109937128"
"chr2","110707367","110707583","KN297317v1","77457","77669","49","110629910"
"chr2","110936284","110936561","KN296948v1","762193","762479","60","110174091"
"chr2","111015925","111016235","KN296322v1","1648835","1649139","62","109367090"
"chr2","111058960","111059262","KN297180v1","314236","314539","74","110744724"
"chr2","111280660","111280790","KN294536v1","420664","420795","24","110859996"
"chr2","111551685","111552006","KN297219v1","1839754","1840062","79","109711931"
"chr2","111755137","111755435","KN295667v1","1108671","1108966","72","110646466"
"chr2","111836092","111836278","KN297184v1","81214","81385","59","111754878"
"chr2","111836375","111836674","KN297026v1","800582","800867","72","111035793"
"chr2","111844865","111845148","KN294499v1","1906911","1907192","59","109937954"
"chr2","111927469","111927670","KN294809v1","1290122","1290317","52","110637347"
"chr2","111956659","111956866","KN294416v1","447924","448132","60","111508735"
"chr2","112030817","112031110","KN295633v1","778185","778486","60","111252632"
"chr2","112115800","112115935","KN296096v1","743881","744017","25","111371919"
"chr2","112127042","112127163","KN297008v1","417014","417139","26","111710028"
"chr2","112127429","112127603","KN297113v1","252877","253050","40","111874552"
"chr2","112236765","112237080","KN297058v1","194613","194917","78","112042152"
"chr2","112357290","112357611","KN294365v1","833524","833822","37","111523766"
"chr2","112373647","112373964","KN294634v1","387267","387565","86","111986380"
"chr2","112409818","112409950","KN296682v1","4472363","4472501","52","107937455"
"chr2","112418473","112418589","KN294456v1","1028969","1029075","34","111389504"
"chr2","112462924","112463160","KN294879v1","1183051","1183277","65","111279873"
"chr2","112798752","112798901","KN296829v1","851332","851478","32","111947420"
"chr2","113362868","113363161","KN296002v1","35483","35776","14","113327385"
"chr2","113430437","113430718","KN294650v1","1824113","1824395","59","111606324"
"chr2","113639871","113640164","KN295607v1","3897278","3897563","77","109742593"
"chr2","113745480","113745702","KN297190v1","4535285","4535514","74","109210195"
"chr2","113749221","113749508","KN295744v1","408789","409077","67","113340432"
"chr2","113864927","113864978","KN296646v1","452882","452932","11","113412045"
"chr2","113907283","113907551","KN294185v1","284643","284929","76","113622640"
"chr2","113949572","113949861","KN296303v1","805215","805501","52","113144357"
"chr2","114038316","114038607","KN297442v1","2584808","2585101","62","111453508"
"chr2","114045908","114046058","KN294269v1","1347949","1348104","38","112697959"
"chr2","115056374","115056656","KN294235v1","447510","447794","76","114608864"
"chr2","115074015","115074297","KN296213v1","788407","788691","20","114285608"
"chr2","115305451","115305737","KN296213v1","550581","550878","38","114754870"
"chr2","115338452","115338624","KN295114v1","20274","20431","44","115318178"
"chr2","115401311","115401592","KN296213v1","469445","469726","20","114931866"
"chr2","116030264","116030573","KN296411v1","22425","22741","30","116007839"
"chr2","116169295","116169604","KN296244v1","296863","297159","76","115872432"
"chr2","116819912","116820086","KN294662v1","211735","211913","59","116608177"
"chr2","117047462","117047746","KN295576v1","164716","164996","73","116882746"
"chr2","117121244","117121537","KN295923v1","574170","574465","77","116547074"
"chr2","117383420","117383733","KN294335v1","184178","184485","34","117199242"
"chr2","118035568","118035870","KN295320v1","1549862","1550160","34","116485706"
"chr2","118316036","118316311","KN294287v1","464581","464863","70","117851455"
"chr2","118462819","118463004","KN294470v1","78054","78217","58","118384765"
"chr2","118516119","118516432","KN296836v1","993587","993901","78","117522532"
"chr2","118645721","118645889","KN295326v1","444837","444999","35","118200884"
"chr2","118645931","118646055","KN295236v1","4992571","4992693","29","113653360"
"chr2","118734867","118735187","KN295320v1","844151","844453","37","117890716"
"chr2","118924773","118925065","KN294199v1","1022551","1022840","59","117902222"
"chr2","119040729","119040873","KN295320v1","524696","524828","19","118516033"
"chr2","119040933","119041093","KN295320v1","524488","524648","9","118516445"
"chr2","119388271","119388402","KN295320v1","181472","181603","7","119206799"
"chr2","119416093","119416413","KN294421v1","9377","9683","85","119406716"
"chr2","119418707","119419012","KN297058v1","194613","194917","65","119224094"
"chr2","119457430","119457729","KN295320v1","100307","100603","22","119357123"
"chr2","119464470","119464746","KN294758v1","1780351","1780635","79","117684119"
"chr2","119826748","119827038","KN295293v1","13475","13775","27","119813273"
"chr2","119906204","119906301","KN295501v1","718333","718428","28","119187871"
"chr2","119907329","119907622","KN295633v1","1993894","1994175","68","117913435"
"chr2","119923098","119923385","KN295346v1","1646114","1646406","61","118276984"
"chr2","119994863","119995065","KN297442v1","2093457","2093650","56","117901406"
"chr2","119995099","119995253","KN295708v1","957826","957973","33","119037273"
"chr2","120035263","120035397","KN296538v1","514898","515032","23","119520365"
"chr2","120058199","120058475","KN295428v1","224334","224605","68","119833865"
"chr2","120087518","120087788","KN296311v1","2300216","2300485","69","117787302"
"chr2","120150315","120150641","KN295984v1","2871019","2871332","79","117279296"
"chr2","120502150","120502383","KN294879v1","1183051","1183277","64","119319099"
"chr2","120727183","120727470","KN294199v1","1022551","1022840","60","119704632"
"chr2","121012238","121012516","KN294987v1","459255","459513","72","120552983"
"chr2","121016615","121016904","KN294421v1","1610749","1611032","61","119405866"
"chr2","121084623","121084925","KN296365v1","219443","219738","78","120865180"
"chr2","121164823","121165133","KN296588v1","282556","282869","74","120882267"
"chr2","121269479","121269605","KN294239v1","1798427","1798556","28","119471052"
"chr2","121726357","121726518","KN294271v1","8882","9045","38","121717475"
"chr2","121726813","121726940","KN294705v1","1877279","1877404","26","119849534"
"chr2","121729570","121729732","KN294991v1","973655","973815","37","120755915"
"chr2","121764323","121764449","KN296322v1","997745","997870","24","120766578"
"chr2","121778009","121778046","KN296167v1","457135","457171","6","121320874"
"chr2","121778496","121778634","KN296167v1","457666","457805","11","121320830"
"chr2","121782972","121783102","KN296311v1","4657589","4657718","21","117125383"
"chr2","121822176","121822472","KN294235v1","47425","47725","70","121774751"
"chr2","121830053","121830363","KN297190v1","6401851","6402158","74","115428202"
"chr2","122311043","122311356","KN296991v1","841101","841373","94","121469942"
"chr2","122313989","122314302","KN295744v1","408789","409077","90","121905200"
"chr2","122426556","122426857","KN296495v1","1076274","1076557","72","121350282"
"chr2","123028565","123028841","KN294987v1","7169","7439","81","123021396"
"chr2","123150544","123150734","KN296505v1","176","370","48","123150368"
"chr2","123209775","123210064","KN296404v1","1387049","1387339","71","121822726"
"chr2","123461579","123461841","KN294761v1","2690310","2690569","20","120771269"
"chr2","123556149","123556459","KN294761v1","2592278","2592587","31","120963871"
"chr2","123929034","123929162","KN294172v1","740064","740194","31","123188970"
"chr2","124303751","124304043","KN295352v1","729753","730045","64","123573998"
"chr2","124344488","124344777","KN294761v1","1797267","1797542","33","122547221"
"chr2","124645299","124645579","KN296430v1","725785","726075","74","123919514"
"chr2","124971211","124971486","KN294207v1","634204","634468","70","124337007"
"chr2","125077152","125077451","KN294761v1","1060912","1061213","23","124016240"
"chr2","125434431","125434755","KN294452v1","1374937","1375240","83","124059494"
"chr2","126004638","126004943","KN297066v1","48943","49249","67","125955695"
"chr2","126091810","126092114","KN297180v1","314236","314539","71","125777574"
"chr2","126423423","126423704","KN295346v1","1646114","1646406","70","124777309"
"chr2","126842043","126842307","KN296153v1","1716581","1716838","76","125125462"
"chr2","126987622","126987745","KN295533v1","2843283","2843406","8","124144339"
"chr2","127240866","127241002","KN294613v1","370922","371052","27","126869944"
"chr2","127323403","127323700","KN295533v1","2477175","2477472","15","124846228"
"chr2","127363751","127363955","KN295533v1","2434686","2434882","17","124929065"
"chr2","127476634","127476897","KN294570v1","166260","166534","78","127310374"
"chr2","127516479","127516810","KN295533v1","2267137","2267478","40","125249342"
"chr2","127680307","127680462","KN297000v1","418665","418822","36","127261642"
"chr2","127688890","127689181","KN295533v1","2087320","2087615","39","125601570"
"chr2","127751448","127751567","KN295533v1","2025413","2025521","19","125726035"
"chr2","127771539","127771774","KN296637v1","653517","653752","60","127118022"
"chr2","127778013","127778147","KN296311v1","6471968","6472102","24","121306045"
"chr2","127914089","127914380","KN295090v1","2374852","2375141","55","125539237"
"chr2","127932147","127932312","KN295548v1","755573","755752","53","127176574"
"chr2","127957021","127957291","KN295685v1","1371231","1371500","71","126585790"
"chr2","127969813","127969947","KN296538v1","514898","515032","21","127454915"
"chr2","127970241","127970260","KN296495v1","369441","369458","10","127600800"
"chr2","127970567","127970722","KN296767v1","419381","419535","47","127551186"
"chr2","128008364","128008670","KN294444v1","233466","233771","78","127774898"
"chr2","128105818","128106104","KN295533v1","1706853","1707144","30","126398965"
"chr2","128146063","128146338","KN297105v1","1662905","1663162","63","126483158"
"chr2","128202543","128202676","KN295706v1","131306","131439","18","128071237"
"chr2","128214767","128214924","KN294548v1","490123","490280","38","127724644"
"chr2","128215746","128215873","KN296643v1","191078","191208","25","128024668"
"chr2","128215887","128215922","KN296646v1","838353","838388","15","127377534"
"chr2","128216498","128216621","KN295533v1","1586749","1586873","13","126629749"
"chr2","128460760","128460860","KN294172v1","4620468","4620564","23","123840292"
"chr2","129060479","129060738","KN295533v1","785162","785405","30","128275317"
"chr2","129853647","129853947","KN296528v1","1109404","1109696","65","128744243"
"chr2","130017985","130018290","KN294848v1","932997","933294","72","129084988"
"chr2","130165740","130165868","KN295236v1","3047477","3047602","32","127118263"
"chr2","130361995","130362269","KN296731v1","1403282","1403549","72","128958713"
"chr2","130387150","130387270","KN295039v1","432771","432893","30","129954379"
"chr2","130408682","130408989","KN295102v1","387826","388136","78","130020856"
"chr2","130525363","130525660","KN295449v1","1170610","1170916","64","129354753"
"chr2","130560111","130560404","KN295977v1","914937","915207","83","129645174"
"chr2","130595114","130595411","KN295449v1","1170610","1170916","65","129424504"
"chr2","130712488","130712795","KN295102v1","387826","388136","78","130324662"
"chr2","131063497","131063784","KN296495v1","1076274","1076557","72","129987223"
"chr2","131319046","131319372","KN295102v1","387826","388136","92","130931220"
"chr2","131366159","131366290","KN294713v1","397589","397725","26","130968570"
"chr2","132292031","132292295","KN295523v1","3469042","3469297","71","128822989"
"chr2","132702897","132703195","KN294470v1","849781","850077","64","131853116"
"chr2","132834198","132834333","KN295564v1","622863","622995","27","132211335"
"chr2","132834645","132834790","KN296495v1","1296063","1296199","32","131538582"
"chr2","133350130","133350429","KN294345v1","1713106","1713396","70","131637024"
"chr2","133822191","133822484","KN295294v1","1101026","1101317","71","132721165"
"chr2","133853593","133853855","KN294964v1","963699","963959","56","132889894"
"chr2","134128563","134128837","KN296766v1","110882","111153","67","134017681"
"chr2","134790984","134791123","KN296732v1","3311835","3311972","26","131479149"
"chr2","134917068","134917288","KN294874v1","262239","262480","78","134654829"
"chr2","135011697","135011846","KN295962v1","2106431","2106583","33","132905266"
"chr2","135018349","135018637","KN294325v1","988042","988334","24","134030307"
"chr2","135026984","135027268","KN294325v1","979659","979928","37","134047325"
"chr2","135083461","135083760","KN294325v1","908799","909093","29","134174662"
"chr2","135097217","135097520","KN295633v1","778185","778486","62","134319032"
"chr2","135157095","135157312","KN294325v1","838117","838334","12","134318978"
"chr2","135184544","135184839","KN295368v1","1939103","1939400","66","133245441"
"chr2","135240061","135240323","KN294325v1","756815","757073","22","134483246"
"chr2","135322434","135322726","KN294325v1","671765","672051","28","134650669"
"chr2","135363180","135363331","KN295005v1","263752","263899","31","135099428"
"chr2","135363830","135364060","KN295601v1","3201776","3202001","76","132162054"
"chr2","135372805","135373074","KN297189v1","235450","235714","69","135137355"
"chr2","135494954","135495257","KN294325v1","508074","508372","32","134986880"
"chr2","135601676","135601961","KN297227v1","1123419","1123703","71","134478257"
"chr2","135673165","135673259","KN295967v1","566167","566260","26","135106998"
"chr2","135686466","135686749","KN296515v1","108704","108986","76","135577762"
"chr2","135701103","135701405","KN295365v1","664954","665252","77","135036149"
"chr2","135757933","135758075","KN296783v1","551465","551610","28","135206468"
"chr2","135758374","135758501","KN294325v1","232760","232900","17","135525614"
"chr2","135858044","135858205","KN295114v1","20274","20431","39","135837770"
"chr2","135902260","135902459","KN294325v1","81495","81693","20","135820765"
"chr2","135912881","135913025","KN295034v1","243361","243503","22","135669520"
"chr2","135997090","135997261","KN296365v1","532697","532854","42","135464393"
"chr2","136963391","136963660","KN294552v1","1295874","1296134","73","135667517"
"chr2","136964304","136964445","KN295601v1","2833105","2833244","24","134131199"
"chr2","137302997","137303321","KN297058v1","194613","194917","84","137108384"
"chr2","137317649","137317926","KN295854v1","1175272","1175533","70","136142377"
"chr2","137698868","137698988","KN294787v1","247438","247555","30","137451430"
"chr2","138663795","138664100","KN296244v1","707246","707553","67","137956549"
"chr2","138702114","138702419","KN296649v1","474335","474640","66","138227779"
"chr2","138967195","138967352","KN294856v1","256027","256175","34","138711168"
"chr2","139682127","139682253","KN295441v1","789788","789916","21","138892339"
"chr2","140114521","140114814","KN294806v1","594997","595290","66","139519524"
"chr2","141127994","141128146","KN296637v1","337006","337162","42","140790988"
"chr2","141543579","141543770","KN296641v1","784877","785061","48","140758702"
"chr2","141576824","141576957","KN296311v1","6471968","6472102","23","135104856"
"chr2","141619966","141620238","KN296386v1","526297","526580","67","141093669"
"chr2","142289323","142289667","KN296986v1","61957","62284","88","142227366"
"chr2","142831186","142831450","KN297105v1","2959195","2959449","66","139871991"
"chr2","142881755","142882051","KN296484v1","1085847","1086142","82","141795908"
"chr2","143035590","143035767","KN294187v1","1042614","1042790","53","141992976"
"chr2","143036059","143036152","KN295996v1","492408","492498","22","142543651"
"chr2","143036740","143036784","KN296315v1","957611","957658","21","142079129"
"chr2","143168177","143168478","KN295984v1","150673","150962","76","143017504"
"chr2","143276652","143276819","KN297322v1","846386","846555","42","142430266"
"chr2","143752856","143753147","KN297028v1","97110","97396","60","143655746"
"chr2","144193539","144193825","KN294302v1","861450","861728","67","143332089"
"chr2","144214961","144215262","KN295384v1","67573","67866","71","144147388"
"chr2","144548625","144548775","KN294571v1","417305","417453","33","144131320"
"chr2","145053778","145053906","KN295441v1","789788","789916","28","144263990"
"chr2","145073436","145073742","KN294634v1","512780","513080","68","144560656"
"chr2","145250672","145250958","KN296520v1","1454899","1455203","75","143795773"
"chr2","145636357","145636521","KN294711v1","1194000","1194162","44","144442357"
"chr2","145659217","145659482","KN297046v1","2130311","2130564","70","143528906"
"chr2","145896132","145896405","KN296731v1","1403282","1403549","66","144492850"
"chr2","146143029","146143271","KN294747v1","1130292","1130545","63","145012737"
"chr2","146475367","146475664","KN296682v1","1941233","1941537","75","144534134"
"chr2","146696612","146696749","KN295803v1","255996","256129","34","146440616"
"chr2","147613405","147613678","KN295983v1","1223920","1224199","64","146389485"
"chr2","147711415","147711725","KN296322v1","1648835","1649139","64","146062580"
"chr2","147810778","147810930","KN294269v1","1347949","1348104","37","146462829"
"chr2","147886930","147887225","KN294548v1","1203959","1204261","60","146682971"
"chr2","148101197","148101476","KN295633v1","1501780","1502052","66","146599417"
"chr2","148131422","148131710","KN294260v1","1359230","1359515","60","146772192"
"chr2","148439738","148440037","KN295099v1","55159","55457","64","148384579"
"chr2","148497639","148497803","KN296864v1","3353170","3353334","31","145144469"
"chr2","148613520","148613824","KN295352v1","729753","730045","67","147883767"
"chr2","148635279","148635608","KN294239v1","243029","243336","79","148392250"
"chr2","148677394","148677583","KN295548v1","755573","755752","47","147921821"
"chr2","148678953","148679058","KN297163v1","685235","685337","30","147993718"
"chr2","148712608","148712899","KN294260v1","822843","823138","71","147889765"
"chr2","148838155","148838444","KN296515v1","108704","108986","70","148729451"
"chr2","149138543","149138849","KN294520v1","992368","992662","69","148146175"
"chr2","149305229","149305534","KN294911v1","891917","892211","68","148413312"
"chr2","149590223","149590495","KN297197v1","1048614","1048879","68","148541609"
"chr2","150951828","150952126","KN296836v1","941548","941848","71","150010280"
"chr2","151130416","151130700","KN295607v1","571124","571405","57","150559292"
"chr2","151142247","151142526","KN295983v1","1223920","1224199","63","149918327"
"chr2","151242550","151242785","KN294325v1","838117","838334","68","150404433"
"chr2","151268151","151268281","KN294536v1","348653","348787","21","150919498"
"chr2","151276073","151276357","KN295633v1","2306898","2307163","65","148969175"
"chr2","151438196","151438485","KN294326v1","21003","21301","75","151417193"
"chr2","151641321","151641630","KN297019v1","1239759","1240056","32","150401562"
"chr2","151750416","151750697","KN297019v1","1133696","1133977","19","150616720"
"chr2","152061026","152061321","KN295923v1","574170","574465","63","151486856"
"chr2","152145081","152145358","KN295349v1","6069","6347","64","152139012"
"chr2","152162290","152162557","KN297019v1","717404","717664","32","151444886"
"chr2","152181447","152181561","KN296885v1","2707478","2707589","28","149473969"
"chr2","152322830","152322988","KN296000v1","901795","901947","38","151421035"
"chr2","152435200","152435330","KN296643v1","191078","191208","24","152244122"
"chr2","152484359","152484527","KN297019v1","405621","405787","15","152078738"
"chr2","152484531","152484779","KN295294v1","2976195","2976447","62","149508336"
"chr2","152740675","152740729","KN297019v1","143155","143209","3","152597520"
"chr2","152856943","152857243","KN297019v1","46246","46539","31","152810697"
"chr2","152904690","152904993","KN294264v1","432867","433151","64","152471823"
"chr2","152933713","152933990","KN296948v1","762193","762479","70","152171520"
"chr2","153028409","153028698","KN295633v1","1993894","1994175","65","151034515"
"chr2","153030773","153031082","KN296027v1","125002","125334","44","152905771"
"chr2","153879400","153879672","KN296486v1","974046","974323","66","152905354"
"chr2","153882632","153882846","KN294939v1","273138","273347","17","153609494"
"chr2","154046027","154046315","KN296864v1","2452974","2453250","76","151593053"
"chr2","154216803","154217081","KN295394v1","1009371","1009662","83","153207432"
"chr2","154323149","154323302","KN294613v1","471626","471777","43","153851523"
"chr2","155300582","155300874","KN295891v1","67314","67605","20","155233268"
"chr2","156668050","156668340","KN297462v1","564741","565026","59","156103309"
"chr2","156823074","156823352","KN297008v1","6549351","6549627","65","150273723"
"chr2","156881409","156881566","KN296290v1","2081654","2081809","44","154799755"
"chr2","157420054","157420233","KN294303v1","359811","359988","48","157060243"
"chr2","157420530","157420677","KN296486v1","60099","60235","36","157360431"
"chr2","157625980","157626268","KN297165v1","2729254","2729527","57","154896726"
"chr2","157858785","157858914","KN294446v1","520797","520926","25","157337988"
"chr2","157923745","157923789","KN296311v1","4019321","4019367","13","153904424"
"chr2","157957173","157957458","KN296040v1","204272","204551","66","157752901"
"chr2","158300859","158301158","KN294548v1","871953","872254","61","157428906"
"chr2","158467568","158467871","KN297047v1","4547811","4548112","70","153919757"
"chr2","158623190","158623482","KN296948v1","762193","762479","61","157860997"
"chr2","158785611","158785729","KN294499v1","518311","518429","27","158267300"
"chr2","158785774","158785932","KN296040v1","871718","871873","41","157914056"
"chr2","158952444","158952568","KN295405v1","340111","340240","35","158612333"
"chr2","158954760","158955067","KN296588v1","2231711","2232014","64","156723049"
"chr2","159000001","159000071","KN295236v1","2370219","2370291","22","156629782"
"chr2","159021446","159021613","KN295828v1","950552","950701","48","158070894"
"chr2","159025928","159026232","KN294421v1","9377","9683","62","159016551"
"chr2","159028782","159029054","KN295576v1","164716","164996","68","158864066"
"chr2","159029577","159029857","KN295171v1","12625","12912","66","159016952"
"chr2","159066126","159066427","KN296311v1","7540450","7540745","61","151525676"
"chr2","159250982","159251292","KN296322v1","1648835","1649139","63","157602147"
"chr2","159274222","159274363","KN295744v1","212176","212317","26","159062046"
"chr2","159276739","159277015","KN297023v1","640512","640805","72","158636227"
"chr2","159408180","159408472","KN294207v1","595798","596096","74","158812382"
"chr2","159411023","159411305","KN295705v1","823070","823354","66","158587953"
"chr2","159523122","159523420","KN295346v1","1646114","1646406","67","157877008"
"chr2","159658344","159658506","KN296828v1","22083","22247","43","159636261"
"chr2","159658818","159658953","KN295605v1","687968","688102","25","158970850"
"chr2","159685980","159686252","KN296311v1","2300216","2300485","63","157385764"
"chr2","159692797","159693093","KN294199v1","1022551","1022840","87","158670246"
"chr2","159699261","159699554","KN296322v1","1648835","1649139","64","158050426"
"chr2","159846243","159846536","KN294446v1","591120","591416","69","159255123"
"chr2","159850637","159850736","KN297186v1","354003","354102","19","159496634"
"chr2","159870512","159870811","KN295744v1","408789","409077","64","159461723"
"chr2","159931248","159931492","KN296145v1","3732348","3732587","65","156198900"
"chr2","159981720","159981965","KN295523v1","3469042","3469297","78","156512678"
"chr2","160268765","160269052","KN295352v1","729753","730045","70","159539012"
"chr2","160518235","160518505","KN295983v1","1223920","1224199","66","159294315"
"chr2","160676077","160676366","KN294172v1","1404856","1405150","67","159271221"
"chr2","160784715","160785003","KN296278v1","748512","748801","19","160036203"
"chr2","160951607","160951924","KN296278v1","584020","584345","30","160367587"
"chr2","161592424","161592704","KN294478v1","74341","74629","28","161518083"
"chr2","161933402","161933694","KN296526v1","283231","283529","69","161650171"
"chr2","162468855","162469141","KN295267v1","660170","660452","28","161808685"
"chr2","163179122","163179296","KN297113v1","252877","253050","39","162926245"
"chr2","163179590","163179740","KN296311v1","2361921","2362066","31","160817669"
"chr2","163518185","163518444","KN295894v1","3335267","3335548","40","160182918"
"chr2","163584471","163584733","KN295894v1","3269522","3269792","30","160314949"
"chr2","164195435","164195725","KN295894v1","2624910","2625208","35","161570525"
"chr2","164652407","164652714","KN295894v1","2131941","2132242","28","162520466"
"chr2","164775021","164775168","KN295936v1","2275690","2275835","41","162499331"
"chr2","164796733","164796982","KN295894v1","1984544","1984792","17","162812189"
"chr2","164801019","164801157","KN295706v1","131306","131439","34","164669713"
"chr2","164801469","164801619","KN295962v1","2106431","2106583","37","162695038"
"chr2","164995592","164995888","KN294452v1","1374937","1375240","63","163620655"
"chr2","165102231","165102536","KN295894v1","1665473","1665783","25","163436758"
"chr2","165105719","165105878","KN295114v1","20274","20431","30","165085445"
"chr2","165160942","165161103","KN296732v1","3522095","3522260","43","161638847"
"chr2","165430634","165430899","KN294991v1","1341110","1341371","63","164089524"
"chr2","165566626","165566698","KN295894v1","1181010","1181083","12","164385616"
"chr2","165853263","165853421","KN296040v1","735347","735502","61","165117916"
"chr2","165963047","165963213","KN296275v1","443144","443303","46","165519903"
"chr2","166092533","166092663","KN295894v1","654693","654824","7","165437840"
"chr2","166195771","166196053","KN296495v1","1076274","1076557","58","165119497"
"chr2","166762831","166763121","KN296245v1","62781","63073","21","166700050"
"chr2","166764653","166764968","KN296245v1","64608","64895","44","166700045"
"chr2","166906674","166906917","KN296245v1","213818","214058","15","166692856"
"chr2","167141609","167141884","KN296245v1","438313","438589","18","166703296"
"chr2","168110223","168110537","KN296505v1","323963","324278","62","167786260"
"chr2","168195201","168195408","KN295610v1","375600","375802","46","167819601"
"chr2","168333301","168333585","KN296778v1","90079","90358","73","168243222"
"chr2","168487716","168488018","KN295984v1","2286186","2286477","72","166201530"
"chr2","168735925","168736084","KN294407v1","2862516","2862663","42","165873409"
"chr2","168801257","168801521","KN294570v1","166260","166534","73","168634997"
"chr2","168827594","168827854","KN295596v1","2434449","2434718","16","166393145"
"chr2","169042039","169042163","KN296322v1","997745","997870","25","168044294"
"chr2","169314119","169314437","KN296108v1","736647","736943","87","168577472"
"chr2","169375875","169376167","KN296507v1","738522","738814","70","168637353"
"chr2","169519652","169519893","KN294407v1","812570","812796","69","168707082"
"chr2","169550472","169550741","KN294987v1","187998","188261","61","169362474"
"chr2","169650817","169650947","KN295441v1","789788","789916","21","168861029"
"chr2","169651245","169651406","KN294991v1","973655","973815","35","168677590"
"chr2","169873391","169873714","KN296759v1","210528","210836","76","169662863"
"chr2","170054118","170054283","KN295701v1","661695","661868","49","169392423"
"chr2","170054582","170054636","KN296907v1","680629","680691","16","169373953"
"chr2","170307039","170307268","KN296991v1","1155715","1155935","55","169151324"
"chr2","170343158","170343443","KN295346v1","1542461","1542751","66","168800697"
"chr2","170445642","170445933","KN295352v1","729753","730045","65","169715889"
"chr2","170555590","170555876","KN295984v1","150673","150962","61","170404917"
"chr2","170588153","170588445","KN295633v1","9404","9689","70","170578749"
"chr2","170663046","170663188","KN295236v1","3405769","3405903","43","167257277"
"chr2","170738669","170739004","KN297398v1","103760","104057","95","170634909"
"chr2","170753326","170753482","KN296825v1","2294387","2294544","35","168458939"
"chr2","170773734","170774021","KN297462v1","564741","565026","60","170208993"
"chr2","170800236","170800553","KN294848v1","998602","998909","73","169801634"
"chr2","170825114","170825418","KN294634v1","387267","387565","66","170437847"
"chr2","170910602","170910917","KN294954v1","70243","70554","70","170840359"
"chr2","170945180","170945521","KN295667v1","1567361","1567664","110","169377819"
"chr2","171042245","171042545","KN296200v1","616834","617133","65","170425411"
"chr2","171051989","171052256","KN294741v1","1552497","1552765","68","169499492"
"chr2","171134729","171134899","KN295967v1","534752","534906","46","170599977"
"chr2","171282321","171282634","KN297046v1","3065440","3065749","65","168216881"
"chr2","171291009","171291308","KN296528v1","1109404","1109696","59","170181605"
"chr2","171304129","171304436","KN296507v1","738522","738814","62","170565607"
"chr2","171325197","171325488","KN296864v1","1873086","1873381","65","169452111"
"chr2","171331888","171332185","KN295346v1","1646114","1646406","67","169685774"
"chr2","171371713","171371819","KN295368v1","597302","597393","37","170774411"
"chr2","171371871","171371987","KN294416v1","1003998","1004111","28","170367873"
"chr2","171385131","171385350","KN295096v1","4238834","4239052","54","167146297"
"chr2","171438759","171439018","KN295531v1","58152","58425","77","171380607"
"chr2","171601439","171601568","KN297008v1","6776023","6776146","26","164825416"
"chr2","171625824","171626025","KN295157v1","102871","103055","58","171522953"
"chr2","171626247","171626270","KN296907v1","491287","491310","5","171134960"
"chr2","171627822","171628074","KN296991v1","841101","841373","71","170786721"
"chr2","171699654","171699908","KN297046v1","2072166","2072416","58","169627488"
"chr2","171731471","171731670","KN295533v1","2434686","2434882","43","169296785"
"chr2","171804630","171804892","KN296487v1","365611","365875","71","171439019"
"chr2","171861403","171861706","KN296322v1","1648835","1649139","65","170212568"
"chr2","171883847","171884179","KN295995v1","300405","300731","79","171583442"
"chr2","171888083","171888397","KN295406v1","486578","486886","68","171401505"
"chr2","171932591","171932879","KN295346v1","1646114","1646406","61","170286477"
"chr2","171938110","171938236","KN296322v1","997745","997870","23","170940365"
"chr2","172019071","172019274","KN295533v1","2434686","2434882","48","169584385"
"chr2","172068907","172069210","KN297046v1","3065440","3065749","68","169003467"
"chr2","172202754","172203052","KN294510v1","144833","145126","60","172057921"
"chr2","172223101","172223410","KN294169v1","205462","205769","61","172017639"
"chr2","172284794","172285044","KN295586v1","185554","185803","60","172099240"
"chr2","172410035","172410333","KN294825v1","328794","329097","68","172081241"
"chr2","172557855","172558129","KN296404v1","2095101","2095370","72","170462754"
"chr2","172571397","172571670","KN294911v1","4780948","4781223","66","167790449"
"chr2","172584984","172585298","KN296588v1","282556","282869","66","172302428"
"chr2","172809531","172809817","KN296649v1","28211","28505","74","172781320"
"chr2","172900254","172900538","KN296865v1","583441","583726","57","172316813"
"chr2","172927498","172927653","KN294279v1","1019768","1019921","32","171907730"
"chr2","172952071","172952182","KN296004v1","129400","129507","28","172822671"
"chr2","173061329","173061631","KN296759v1","210528","210836","63","172850801"
"chr2","173066378","173066670","KN296864v1","3138537","3138822","67","169927841"
"chr2","173301943","173302079","KN297023v1","686879","687015","23","172615064"
"chr2","173378430","173378685","KN295294v1","2976195","2976447","59","170402235"
"chr2","173801478","173801764","KN295667v1","935881","936160","57","172865597"
"chr2","173950397","173950683","KN297180v1","314236","314539","77","173636161"
"chr2","174004652","174004781","KN294193v1","128685","128814","26","173875967"
"chr2","174089063","174089212","KN294365v1","1405326","1405470","41","172683737"
"chr2","174367164","174367301","KN294790v1","3675263","3675407","36","170691901"
"chr2","174367577","174367765","KN296119v1","5280949","5281131","46","169086628"
"chr2","174400292","174400595","KN296430v1","725785","726075","83","173674507"
"chr2","174423778","174424089","KN296759v1","210528","210836","68","174213250"
"chr2","174454054","174454126","KN295236v1","1305949","1306032","29","173148105"
"chr2","174454437","174454627","KN294416v1","419638","419830","66","174034799"
"chr2","174463209","174463500","KN296322v1","1648835","1649139","62","172814374"
"chr2","174555348","174555642","KN294207v1","595798","596096","58","173959550"
"chr2","174587005","174587315","KN295633v1","909764","910066","66","173677241"
"chr2","174675346","174675653","KN294452v1","1024655","1024959","57","173650691"
"chr2","174900209","174900502","KN296303v1","805215","805501","80","174094994"
"chr2","175179490","175179804","KN294873v1","1327050","1327346","75","173852440"
"chr2","175446740","175447022","KN296322v1","1648835","1649139","64","173797905"
"chr2","175511064","175511374","KN294161v1","491457","491757","73","175019607"
"chr2","176795552","176795824","KN294539v1","835444","835727","35","175960108"
"chr2","176881029","176881331","KN294539v1","915392","915693","22","175965637"
"chr2","177060623","177060915","KN294539v1","1096217","1096495","25","175964406"
"chr2","177321215","177321346","KN295907v1","1755061","1755192","20","175566154"
"chr2","177347261","177347550","KN294539v1","1395829","1396088","45","175951432"
"chr2","177365810","177366107","KN294728v1","765090","765383","65","176600720"
"chr2","177385246","177385430","KN296528v1","1417954","1418126","53","175967292"
"chr2","177407793","177408080","KN294539v1","1444208","1444503","34","175963585"
"chr2","177450975","177451255","KN294539v1","1492202","1492470","33","175958773"
"chr2","177465024","177465292","KN294539v1","1506592","1506858","11","175958432"
"chr2","177647838","177648118","KN294539v1","1692531","1692809","12","175955307"
"chr2","177749194","177749365","KN296000v1","1039940","1040104","42","176709254"
"chr2","177871584","177871872","KN294539v1","1929601","1929889","16","175941983"
"chr2","178018602","178018847","KN296311v1","2581889","2582135","63","175436713"
"chr2","178169222","178169495","KN294372v1","2529148","2529407","74","175640074"
"chr2","178358951","178359199","KN295814v1","1556767","1557008","63","176802184"
"chr2","178380167","178380485","KN294954v1","70243","70554","75","178309924"
"chr2","178428521","178428834","KN294539v1","2498728","2499014","49","175929793"
"chr2","179117982","179118134","KN295977v1","425944","426098","35","178692038"
"chr2","179236207","179236502","KN296303v1","805215","805501","67","178430992"
"chr2","179296305","179296584","KN294539v1","3359067","3359368","42","175937238"
"chr2","179353451","179353746","KN294539v1","3409060","3409366","29","175944391"
"chr2","179491704","179491999","KN296244v1","327623","327911","66","179164081"
"chr2","179720783","179721068","KN294539v1","3766295","3766575","28","175954488"
"chr2","179851169","179851472","KN295633v1","778185","778486","71","179072984"
"chr2","180107432","180107509","KN295236v1","1305949","1306032","21","178801483"
"chr2","181016246","181016378","KN295294v1","3806061","3806194","21","177210185"
"chr2","181336372","181336506","KN296538v1","514898","515032","16","180821474"
"chr2","181624246","181624544","KN296157v1","982464","982769","73","180641782"
"chr2","182307677","182307869","KN295375v1","129529","129712","64","182178148"
"chr2","182975625","182975909","KN297047v1","3453782","3454066","68","179521843"
"chr2","183021322","183021627","KN295930v1","707632","707929","76","182313690"
"chr2","183027577","183027708","KN296732v1","3300396","3300533","23","179727181"
"chr2","183082904","183083119","KN295610v1","77007","77226","56","183005897"
"chr2","183084300","183084442","KN296187v1","1018477","1018630","29","182065823"
"chr2","183182539","183182840","KN296496v1","943728","944031","70","182238811"
"chr2","183753873","183754142","KN296508v1","1973232","1973505","62","181780641"
"chr2","183832616","183832918","KN296542v1","103665","103974","71","183728951"
"chr2","183951305","183951612","KN295633v1","778185","778486","65","183173120"
"chr2","184007130","184007431","KN294260v1","822843","823138","70","183184287"
"chr2","184201199","184201478","KN294207v1","634204","634468","68","183566995"
"chr2","184715392","184715700","KN296682v1","2490724","2491017","77","182224668"
"chr2","185126929","185127120","KN294287v1","645666","645855","50","184481263"
"chr2","185816556","185816674","KN297323v1","349913","350031","26","185466643"
"chr2","185816703","185816851","KN295828v1","950552","950701","37","184866151"
"chr2","186247201","186247334","KN296541v1","3670957","3671088","10","182576244"
"chr2","186263282","186263447","KN296541v1","3656698","3656863","17","182606584"
"chr2","186297693","186297827","KN295605v1","687968","688102","28","185609725"
"chr2","186526011","186526293","KN297320v1","22264","22555","70","186503747"
"chr2","186529214","186529309","KN296541v1","3400528","3400617","14","183128686"
"chr2","186584780","186584890","KN295871v1","930449","930551","27","185654331"
"chr2","186588554","186588841","KN296541v1","3340489","3340784","26","183248065"
"chr2","186601260","186601489","KN296541v1","3327754","3327989","31","183273506"
"chr2","186673973","186674275","KN296541v1","3255623","3255926","23","183418350"
"chr2","187098631","187098714","KN294685v1","1274627","1274713","21","185824004"
"chr2","187243236","187243488","KN296311v1","2581889","2582135","69","184661347"
"chr2","187846103","187846389","KN296371v1","158213","158508","69","187687890"
"chr2","188616814","188617117","KN296541v1","1288972","1289274","21","187327842"
"chr2","189419510","189419821","KN296542v1","103665","103974","74","189315845"
"chr2","189697109","189697340","KN296541v1","230693","230905","38","189466416"
"chr2","189748218","189748496","KN296991v1","837983","838230","85","188910235"
"chr2","189778938","189779193","KN295633v1","1501780","1502052","65","188277158"
"chr2","189931375","189931625","KN297452v1","257214","257456","62","189674161"
"chr2","189936843","189937161","KN295406v1","486578","486886","72","189450265"
"chr2","189968256","189968537","KN295667v1","935881","936160","62","189032375"
"chr2","190122811","190123101","KN297058v1","392670","392966","60","189730141"
"chr2","190152042","190152175","KN294711v1","709159","709287","27","189442883"
"chr2","190307396","190307684","KN296322v1","1648835","1649139","67","188658561"
"chr2","190415268","190415569","KN296036v1","1343901","1344205","62","189071367"
"chr2","190584591","190584891","KN297184v1","1114866","1115167","55","189469725"
"chr2","190633789","190634086","KN294806v1","594997","595290","62","190038792"
"chr2","191075838","191076149","KN295523v1","3691392","3691704","71","187384446"
"chr2","191125506","191125783","KN295428v1","224334","224605","54","190901172"
"chr2","191241476","191241760","KN296205v1","765577","765832","76","190475899"
"chr2","191524048","191524361","KN295708v1","2843729","2844020","71","188680319"
"chr2","191576410","191576549","KN294970v1","979993","980138","31","190596417"
"chr2","191825464","191825756","KN295346v1","1646114","1646406","59","190179350"
"chr2","192202059","192202311","KN295585v1","102609","102863","67","192099450"
"chr2","192424838","192425142","KN296322v1","426249","426560","70","191998589"
"chr2","192436795","192437096","KN294571v1","379120","379415","71","192057675"
"chr2","193151453","193151598","KN296907v1","491593","491734","37","192659860"
"chr2","193266838","193267052","KN295236v1","6028400","6028621","74","187238438"
"chr2","195638953","195639250","KN297467v1","320845","321144","19","195318108"
"chr2","196163757","196164038","KN297028v1","97110","97396","59","196066647"
"chr2","196181150","196181267","KN294199v1","969997","970115","21","195211153"
"chr2","196181300","196181466","KN295096v1","1069446","1069614","40","195111854"
"chr2","196234280","196234593","KN297046v1","1623175","1623470","71","194611105"
"chr2","196262058","196262315","KN297046v1","3526635","3526886","56","192735423"
"chr2","196359821","196360114","KN294325v1","988042","988334","60","195371779"
"chr2","196413072","196413353","KN295667v1","935881","936160","59","195477191"
"chr2","196540427","196540736","KN294486v1","867184","867500","71","195673243"
"chr2","196569056","196569340","KN296948v1","762193","762479","48","195806863"
"chr2","196574976","196575105","KN295114v1","135006","135138","30","196439970"
"chr2","196642735","196643043","KN297180v1","314236","314539","61","196328499"
"chr2","196854776","196855041","KN296608v1","381289","381528","77","196473487"
"chr2","196855347","196855409","KN295236v1","3830180","3830244","15","193025167"
"chr2","196902020","196902337","KN294207v1","595798","596096","73","196306222"
"chr2","196957472","196957731","KN296290v1","1215856","1216128","69","195741616"
"chr2","197051403","197051581","KN296701v1","462609","462775","41","196588794"
"chr2","197055897","197056144","KN295586v1","1706381","1706622","61","195349516"
"chr2","197074481","197074779","KN297186v1","1135904","1136199","58","195938577"
"chr2","197126837","197126998","KN297000v1","418665","418822","38","196708172"
"chr2","197140333","197140619","KN295705v1","2328610","2328895","59","194811723"
"chr2","197397169","197397292","KN296775v1","974808","974917","33","196422361"
"chr2","197431844","197432144","KN294439v1","130265","130569","64","197301579"
"chr2","197436345","197436632","KN296507v1","738522","738814","74","196697823"
"chr2","197459155","197459464","KN294539v1","3359067","3359368","72","194100088"
"chr2","197496762","197496924","KN295236v1","809760","809919","49","196687002"
"chr2","197555669","197555976","KN294172v1","1944132","1944423","79","195611537"
"chr2","197588388","197588515","KN294713v1","33096","33225","28","197555292"
"chr2","197616311","197616590","KN295171v1","12625","12912","64","197603686"
"chr2","197626284","197626562","KN296948v1","762193","762479","56","196864091"
"chr2","197626590","197626605","KN295722v1","2808176","2808190","4","194818414"
"chr2","197726334","197726639","KN296322v1","1648835","1649139","61","196077499"
"chr2","197739263","197739624","KN296145v1","1068634","1068970","106","196670629"
"chr2","198366264","198366562","KN296864v1","1939832","1940132","60","196426432"
"chr2","198493253","198493366","KN296730v1","144073","144180","25","198349180"
"chr2","198555640","198555761","KN294260v1","597511","597638","27","197958129"
"chr2","199086431","199086727","KN297026v1","800582","800867","74","198285849"
"chr2","199110998","199111296","KN294421v1","1994767","1995063","20","197116231"
"chr2","199489490","199489541","KN295366v1","149372","149424","15","199340118"
"chr2","199492415","199492680","KN294421v1","1627964","1628222","21","197864451"
"chr2","199548186","199548338","KN296829v1","851332","851478","29","198696854"
"chr2","199565691","199565838","KN294513v1","518116","518264","31","199047575"
"chr2","199823984","199824113","KN295352v1","18004","18135","19","199805980"
"chr2","199834898","199835193","KN294419v1","64733","65033","59","199770165"
"chr2","199964138","199964423","KN294421v1","1145254","1145557","39","198818884"
"chr2","200111773","200112074","KN295667v1","1567361","1567664","66","198544412"
"chr2","200227489","200227739","KN294650v1","596463","596718","60","199631026"
"chr2","200295375","200295629","KN294421v1","809992","810249","16","199485383"
"chr2","200358707","200359004","KN294421v1","747431","747743","36","199611276"
"chr2","200412544","200412622","KN296907v1","785980","786056","19","199626564"
"chr2","200480396","200480669","KN294199v1","1022551","1022840","65","199457845"
"chr2","200507838","200507973","KN296915v1","296877","297011","19","200210961"
"chr2","200909782","200910062","KN294421v1","46297","46577","12","200863485"
"chr2","200918881","200919128","KN295523v1","3469042","3469297","65","197449839"
"chr2","200933578","200933709","KN295352v1","18004","18135","27","200915574"
"chr2","200934311","200934627","KN296322v1","1648835","1649139","70","199285476"
"chr2","200947733","200947902","KN297113v1","252877","253050","29","200694856"
"chr2","200948213","200948348","KN296538v1","514898","515032","20","200433315"
"chr2","200984846","200985103","KN297404v1","36270","36508","29","200948576"
"chr2","201019808","201020113","KN297404v1","73164","73466","23","200946644"
"chr2","201025777","201025928","KN296732v1","3303486","3303632","30","197722291"
"chr2","201076243","201076460","KN296153v1","3265742","3265961","65","197810501"
"chr2","201100618","201100918","KN297046v1","1875391","1875685","64","199225227"
"chr2","201113886","201114013","KN295102v1","105981","106109","37","201007905"
"chr2","201114359","201114569","KN297322v1","633530","633714","71","200480829"
"chr2","201275742","201275874","KN297404v1","336060","336192","6","200939682"
"chr2","201503415","201503697","KN295984v1","150673","150962","63","201352742"
"chr2","201755105","201755266","KN296573v1","15418","15557","43","201739687"
"chr2","201791766","201792070","KN295667v1","1567361","1567664","60","200224405"
"chr2","201844672","201844807","KN295441v1","1418402","1418531","21","200426270"
"chr2","201988685","201988879","KN295893v1","81858","82067","48","201906827"
"chr2","202063623","202063762","KN294739v1","1041553","1041687","27","201022070"
"chr2","202129694","202129819","KN294291v1","669633","669764","23","201460061"
"chr2","202167547","202167856","KN297112v1","2231098","2231393","84","199936449"
"chr2","202181294","202181599","KN296864v1","1939832","1940132","58","200241462"
"chr2","202241232","202241364","KN296907v1","491593","491734","35","201749639"
"chr2","202241746","202241784","KN294302v1","676226","676263","13","201565520"
"chr2","202400158","202400444","KN296948v1","762193","762479","56","201637965"
"chr2","202426600","202426902","KN294991v1","1709174","1709474","66","200717426"
"chr2","202460818","202461143","KN294208v1","108879","109182","98","202351939"
"chr2","202482375","202482540","KN296864v1","3353170","3353334","30","199129205"
"chr2","202482838","202482974","KN296732v1","3303486","3303632","36","199179352"
"chr2","202541160","202541438","KN297190v1","2683777","2684071","68","199857383"
"chr2","202558037","202558186","KN296732v1","3303486","3303632","29","199254551"
"chr2","202674953","202675251","KN294271v1","681887","682185","63","201993066"
"chr2","202700686","202700998","KN295933v1","40027","40319","69","202660659"
"chr2","202822171","202822466","KN295356v1","578208","578494","70","202243963"
"chr2","202829459","202829604","KN294569v1","180105","180259","44","202649354"
"chr2","202832633","202832791","KN295114v1","20274","20431","36","202812359"
"chr2","202835551","202835849","KN296371v1","158213","158508","61","202677338"
"chr2","202860004","202860273","KN296767v1","573786","574062","70","202286218"
"chr2","202881499","202881716","KN295941v1","2267763","2267979","48","200613736"
"chr2","202894221","202894511","KN295925v1","99463","99748","67","202794758"
"chr2","202972940","202973060","KN295090v1","1036855","1036964","29","201936085"
"chr2","203027715","203027889","KN294199v1","600945","601110","49","202426770"
"chr2","203028182","203028316","KN294964v1","2000421","2000556","26","201027761"
"chr2","203069664","203069959","KN295883v1","861998","862283","66","202207666"
"chr2","203070360","203070526","KN296643v1","410184","410354","37","202660176"
"chr2","203070919","203071041","KN294728v1","1551878","1551999","32","201519041"
"chr2","203111058","203111317","KN295356v1","1460050","1460313","74","201651008"
"chr2","203171325","203171632","KN296588v1","282556","282869","69","202888769"
"chr2","203189378","203189686","KN294452v1","1024655","1024959","65","202164723"
"chr2","203225443","203225702","KN295523v1","3469042","3469297","60","199756401"
"chr2","203241659","203241839","KN296528v1","1417954","1418126","45","201823705"
"chr2","203242142","203242277","KN295102v1","105981","106109","29","203136161"
"chr2","203257034","203257128","KN294199v1","600558","600649","24","202656476"
"chr2","203260524","203260822","KN295433v1","523472","523773","72","202737052"
"chr2","203262229","203262357","KN295096v1","3635797","3635926","25","199626432"
"chr2","203350360","203350523","KN296668v1","3295","3454","42","203347065"
"chr2","203377037","203377320","KN294172v1","4574526","4574813","56","198802511"
"chr2","203445660","203445740","KN297046v1","3504949","3505040","28","199940711"
"chr2","203446756","203447051","KN294257v1","1368803","1369094","74","202077953"
"chr2","203518565","203518862","KN294419v1","64733","65033","67","203453832"
"chr2","203532201","203532259","KN294513v1","564705","564774","19","202967496"
"chr2","203679377","203679676","KN294199v1","1444916","1445226","65","202234461"
"chr2","203793260","203793379","KN295236v1","4992571","4992693","27","198800689"
"chr2","203793676","203793790","KN294526v1","564768","564889","38","203228908"
"chr2","203917560","203917839","KN294446v1","591120","591416","70","203326440"
"chr2","203954304","203954613","KN294452v1","1374937","1375240","66","202579367"
"chr2","204081365","204081481","KN295977v1","1181733","1181839","35","202899632"
"chr2","204160576","204160850","KN296921v1","2833134","2833394","68","201327442"
"chr2","204577582","204577867","KN296865v1","583441","583726","68","203994141"
"chr2","204708177","204708285","KN296730v1","144073","144180","23","204564104"
"chr2","205067167","205067463","KN295977v1","399743","400033","70","204667424"
"chr2","205232168","205232441","KN296404v1","2095101","2095370","74","203137067"
"chr2","205356351","205356526","KN297319v1","373164","373327","51","204983187"
"chr2","205489341","205489479","KN296573v1","15418","15557","35","205473923"
"chr2","205971152","205971430","KN294172v1","4574526","4574813","90","201396626"
"chr2","205974008","205974125","KN294741v1","1083617","1083736","24","204890391"
"chr2","205974158","205974311","KN294172v1","3568097","3568221","55","202406061"
"chr2","206059922","206060231","KN296096v1","1326102","1326406","74","204733820"
"chr2","206068091","206068399","KN295936v1","78605","78913","56","205989486"
"chr2","206104195","206104330","KN294978v1","3847610","3847736","24","202256585"
"chr2","206127560","206127647","KN296119v1","3502497","3502581","18","202625063"
"chr2","206208259","206208549","KN295744v1","408789","409077","69","205799470"
"chr2","206222753","206223041","KN295984v1","2962847","2963132","64","203259906"
"chr2","206249898","206250168","KN294387v1","1301474","1301745","71","204948424"
"chr2","206302035","206302309","KN297375v1","58397","58674","58","206243638"
"chr2","206342841","206342937","KN294257v1","1945549","1945639","28","204397292"
"chr2","206342963","206343068","KN295236v1","1282066","1282173","27","205060897"
"chr2","206655248","206655412","KN295774v1","149577","149746","34","206505671"
"chr2","206657115","206657442","KN296588v1","2231711","2232014","94","204425404"
"chr2","206666772","206666860","KN294239v1","1578795","1578887","29","205087977"
"chr2","206666898","206667052","KN295326v1","444837","444999","29","206222061"
"chr2","206798364","206798454","KN296849v1","453699","453797","28","206344665"
"chr2","206848727","206848860","KN296588v1","231105","231237","22","206617622"
"chr2","207297733","207298034","KN296682v1","1537188","1537494","83","205760545"
"chr2","207414377","207414664","KN294210v1","473112","473404","63","206941265"
"chr2","207573454","207573757","KN297180v1","314236","314539","62","207259218"
"chr2","207720394","207720710","KN295869v1","914203","914507","75","206806191"
"chr2","207876161","207876236","KN294208v1","486244","486319","20","207389917"
"chr2","207935973","207936271","KN294452v1","1374937","1375240","79","206561036"
"chr2","207954040","207954361","KN296303v1","805215","805501","88","207148825"
"chr2","208093939","208094084","KN296311v1","2870097","2870240","31","205223842"
"chr2","208094384","208094394","KN294172v1","6434946","6434956","6","201659438"
"chr2","208094730","208094868","KN295706v1","131306","131439","30","207963424"
"chr2","208247439","208247802","KN295666v1","611825","612162","119","207635614"
"chr2","208322105","208322398","KN295284v1","51299","51592","67","208270806"
"chr2","209434558","209434821","KN295091v1","2022755","2023012","80","207411803"
"chr2","209496800","209497080","KN297023v1","152219","152509","78","209344581"
"chr2","209512649","209512946","KN295294v1","1101026","1101317","74","208411623"
"chr2","209642161","209642446","KN294378v1","1232521","1232813","81","208409640"
"chr2","209803726","209804036","KN297066v1","48943","49249","69","209754783"
"chr2","209886296","209886433","KN296075v1","882350","882485","24","209003946"
"chr2","210147183","210147475","KN297219v1","1839754","1840062","71","208307429"
"chr2","210206156","210206460","KN296322v1","1648835","1649139","69","208557321"
"chr2","210744310","210744604","KN297019v1","717404","717664","89","210026906"
"chr2","211342064","211342377","KN296682v1","1537188","1537494","72","209804876"
"chr2","211897735","211898061","KN296290v1","2828979","2829278","87","209068756"
"chr2","211994153","211994431","KN295983v1","1223920","1224199","76","210770233"
"chr2","212540954","212541273","KN296986v1","61957","62284","33","212478997"
"chr2","212833979","212834218","KN297190v1","6608504","6608720","74","206225475"
"chr2","212991545","212991847","KN295991v1","384271","384582","26","212607274"
"chr2","213800373","213800590","KN296119v1","4835249","4835453","63","208965124"
"chr2","213842781","213843088","KN296913v1","188475","188782","22","213654306"
"chr2","214048959","214049157","KN296732v1","3363129","3363326","48","210685830"
"chr2","214131223","214131391","KN296000v1","898022","898186","38","213233201"
"chr2","214143876","214144151","KN294287v1","464581","464863","71","213679295"
"chr2","214405114","214405413","KN296306v1","2458139","2458449","74","211946975"
"chr2","214772013","214772248","KN296913v1","1151128","1151369","24","213620885"
"chr2","215244863","215244966","KN295705v1","1791772","1791867","28","213453091"
"chr2","215246297","215246477","KN297197v1","3678620","3678786","72","211567677"
"chr2","215284417","215284502","KN296913v1","1680399","1680484","6","213604018"
"chr2","215284604","215284777","KN295925v1","435140","435310","39","214849464"
"chr2","215308681","215308917","KN297180v1","531711","531948","61","214776970"
"chr2","215594362","215594644","KN295346v1","2234110","2234388","26","213360252"
"chr2","215676527","215676810","KN295346v1","2146668","2146952","13","213529859"
"chr2","215730092","215730342","KN295346v1","2087535","2087795","38","213642557"
"chr2","215744917","215745078","KN296528v1","1183043","1183202","35","214561874"
"chr2","215788292","215788584","KN294499v1","1906911","1907192","61","213881381"
"chr2","215827726","215828007","KN296948v1","762193","762479","66","215065533"
"chr2","215829629","215829795","KN295346v1","1991923","1992090","9","213837706"
"chr2","216075000","216075294","KN294169v1","205462","205769","80","215869538"
"chr2","216270082","216270375","KN295346v1","1542461","1542751","23","214727621"
"chr2","216334414","216334703","KN295346v1","1474921","1475216","39","214859493"
"chr2","216496866","216497114","KN294613v1","331392","331636","66","216165474"
"chr2","216523648","216523938","KN295352v1","729753","730045","60","215793895"
"chr2","216529605","216529897","KN294539v1","1347688","1347986","69","215181917"
"chr2","216567423","216567718","KN296357v1","234598","234892","60","216332825"
"chr2","216570359","216570650","KN294477v1","93216","93508","73","216477143"
"chr2","216625495","216625800","KN294578v1","530150","530461","68","216095345"
"chr2","216923424","216923554","KN296311v1","4657589","4657718","25","212265835"
"chr2","216964756","216965046","KN296495v1","1076274","1076557","56","215888482"
"chr2","217148362","217148480","KN295346v1","645070","645198","19","216503292"
"chr2","217332338","217332627","KN295753v1","26465","26763","66","217305873"
"chr2","217341808","217342123","KN297219v1","1839754","1840062","65","215502054"
"chr2","217447840","217448137","KN295346v1","339923","340246","52","217107917"
"chr2","218157761","218157956","KN297026v1","1683472","1683666","49","216474289"
"chr2","218492726","218493019","KN296294v1","205854","206141","66","218286872"
"chr2","218589635","218589827","KN296311v1","832870","833045","61","217756765"
"chr2","218619673","218619799","KN295236v1","4090165","4090277","33","214529508"
"chr2","218634958","218635280","KN294831v1","228505","228793","87","218406453"
"chr2","218678119","218678249","KN296877v1","62421","62554","24","218615698"
"chr2","218708292","218708348","KN295566v1","205010","205067","12","218503282"
"chr2","218713319","218713579","KN294964v1","963699","963959","16","217749620"
"chr2","218714776","218714903","KN294964v1","965459","965591","15","217749317"
"chr2","218741966","218742269","KN294964v1","993572","993872","16","217748394"
"chr2","218913600","218913903","KN295352v1","1382929","1383224","68","217530671"
"chr2","219020362","219020678","KN294964v1","1274971","1275281","21","217745391"
"chr2","219070131","219070182","KN297432v1","216200","216249","17","218853931"
"chr2","219070492","219070636","KN295102v1","72427","72567","30","218998065"
"chr2","219205879","219206059","KN294964v1","1458973","1459150","22","217746906"
"chr2","219319801","219320094","KN295117v1","112788","113084","60","219207013"
"chr2","219322010","219322298","KN297442v1","1825702","1825995","64","217496308"
"chr2","219337436","219337564","KN294987v1","646342","646477","37","218691094"
"chr2","219346333","219346648","KN295406v1","486578","486886","71","218859755"
"chr2","219352164","219352439","KN294964v1","1599130","1599403","21","217753034"
"chr2","219364572","219364707","KN296311v1","4657589","4657718","27","214706983"
"chr2","219607375","219607693","KN294964v1","1858374","1858688","30","217749001"
"chr2","219660350","219660419","KN295832v1","1133517","1133570","25","218526833"
"chr2","219835476","219835769","KN294964v1","2082241","2082554","38","217753235"
"chr2","219953557","219953853","KN294366v1","79623","79919","18","219873934"
"chr2","220175516","220175774","KN294366v1","303625","303876","28","219871891"
"chr2","220318334","220318450","KN294741v1","1083617","1083736","23","219234717"
"chr2","220318496","220318640","KN296934v1","609106","609251","40","219709390"
"chr2","220866211","220866344","KN296573v1","15418","15557","38","220850793"
"chr2","222129806","222129972","KN296133v1","84118","84288","59","222045688"
"chr2","222181053","222181313","KN297259v1","1032100","1032351","65","221148953"
"chr2","222427268","222427422","KN295936v1","2297006","2297160","40","220130262"
"chr2","222427455","222427576","KN296225v1","229061","229185","26","222198394"
"chr2","222614563","222614855","KN295432v1","49437","49735","69","222565126"
"chr2","222637715","222638003","KN295368v1","1939103","1939400","71","220698612"
"chr2","222728602","222728882","KN295962v1","211219","211498","66","222517383"
"chr2","222742900","222742981","KN295099v1","264928","265011","20","222477972"
"chr2","222743277","222743302","KN295352v1","224486","224501","12","222518791"
"chr2","222950532","222950837","KN296864v1","2779495","2779788","84","220171037"
"chr2","223320358","223320651","KN295171v1","12625","12912","52","223307733"
"chr2","223610621","223610923","KN297048v1","411506","411800","85","223199115"
"chr2","223636167","223636422","KN294170v1","127165","127415","62","223509002"
"chr2","223761726","223761862","KN296743v1","1734763","1734895","27","222026963"
"chr2","223902281","223902581","KN295432v1","49437","49735","56","223852844"
"chr2","223963162","223963461","KN294260v1","822843","823138","72","223140319"
"chr2","223973276","223973515","KN295236v1","6028400","6028621","67","217944876"
"chr2","224252110","224252418","KN296495v1","1722244","1722543","55","222529866"
"chr2","224341782","224342098","KN295406v1","486578","486886","69","223855204"
"chr2","224674470","224674605","KN295294v1","3806061","3806194","19","220868409"
"chr2","224739578","224739893","KN297180v1","110970","111263","79","224628608"
"chr2","224743265","224743550","KN294199v1","1022551","1022840","61","223720714"
"chr2","224860561","224860880","KN294899v1","1235205","1235505","76","223625356"
"chr2","225589388","225589516","KN295294v1","3806061","3806194","27","221783327"
"chr2","225589543","225589712","KN295977v1","1297190","1297356","42","224292353"
"chr2","226001476","226001691","KN297386v1","2476195","2476402","63","223525281"
"chr2","227371365","227371627","KN297444v1","509650","509927","39","226861715"
"chr2","227539494","227539768","KN294592v1","450560","450839","80","227088934"
"chr2","227674193","227674322","KN296311v1","4815038","4815168","18","222859155"
"chr2","227681764","227681979","KN296643v1","482284","482494","54","227199480"
"chr2","227710555","227710606","KN296138v1","489235","489293","13","227221320"
"chr2","227713123","227713423","KN294911v1","2345931","2346239","65","225367192"
"chr2","227910170","227910470","KN296948v1","762193","762479","71","227147977"
"chr2","228924678","228924918","KN296646v1","1495166","1495406","23","227429512"
"chr2","229618864","229619145","KN296646v1","774877","775160","28","228843987"
"chr2","229645033","229645289","KN294416v1","226118","226354","72","229418915"
"chr2","229746534","229746702","KN296646v1","637289","637457","5","229109245"
"chr2","229876668","229876995","KN297327v1","807993","808286","86","229068675"
"chr2","229898701","229898966","KN294226v1","675534","675784","73","229223167"
"chr2","229930015","229930066","KN296646v1","452882","452932","3","229477133"
"chr2","229998193","229998340","KN296646v1","379814","379959","10","229618379"
"chr2","229998643","229998800","KN296646v1","379360","379517","17","229619283"
"chr2","230016954","230017177","KN296743v1","1848381","1848599","55","228168573"
"chr2","230150216","230150518","KN296646v1","219873","220175","24","229930343"
"chr2","230176268","230176394","KN294470v1","1867443","1867566","29","228308825"
"chr2","230194319","230194450","KN296646v1","175829","175959","8","230018490"
"chr2","230492327","230492605","KN295984v1","150673","150962","60","230341654"
"chr2","230728621","230728912","KN294199v1","1022551","1022840","67","229706070"
"chr2","230731515","230731793","KN296303v1","805215","805501","62","229926300"
"chr2","231049908","231050028","KN296926v1","988728","988849","17","230061180"
"chr2","231160929","231161264","KN296306v1","2458139","2458449","89","228702790"
"chr2","231417258","231417435","KN294571v1","2119940","2120110","43","229297318"
"chr2","231420634","231420919","KN295302v1","381457","381740","17","231039177"
"chr2","231646679","231646803","KN296557v1","74888","75001","29","231571791"
"chr2","231856222","231856327","KN296079v1","397109","397211","23","231459113"
"chr2","231856329","231856593","KN297105v1","2959195","2959449","63","228897134"
"chr2","231966478","231966641","KN296759v1","225170","225326","39","231741308"
"chr2","231966676","231966789","KN297323v1","349913","350031","25","231616763"
"chr2","232019271","232019551","KN297225v1","914114","914389","62","231105157"
"chr2","232085796","232086096","KN295929v1","240001","240300","71","231845795"
"chr2","232347203","232347454","KN296948v1","999703","999965","73","231347500"
"chr2","232467519","232467781","KN294226v1","643186","643438","67","231824333"
"chr2","232602538","232602694","KN295326v1","444837","444999","44","232157701"
"chr2","232602994","232603143","KN295605v1","687968","688102","34","231915026"
"chr2","232717166","232717322","KN295114v1","20274","20431","36","232696892"
"chr2","232841960","232842135","KN296119v1","5505951","5506130","52","227336009"
"chr2","232842206","232842355","KN297327v1","920937","921085","33","231921269"
"chr2","233122521","233122831","KN296322v1","1648835","1649139","66","231473686"
"chr2","233752549","233752744","KN296767v1","53224","53425","64","233699325"
"chr2","234372623","234372782","KN295721v1","382777","382938","27","233989846"
"chr2","234541479","234541649","KN294703v1","325831","325997","32","234215648"
"chr2","234541961","234542071","KN295977v1","426136","426253","25","234115825"
"chr2","235472092","235472406","KN295717v1","1439404","1439718","15","234032688"
"chr2","235519082","235519372","KN295984v1","150673","150962","61","235368409"
"chr2","235760578","235760888","KN295667v1","1567361","1567664","73","234193217"
"chr2","236121962","236122250","KN296833v1","363360","363645","72","235758602"
"chr2","236146610","236146747","KN294218v1","2756614","2756751","27","233389996"
"chr2","236638242","236638520","KN295571v1","1033036","1033312","67","235605206"
"chr2","236993610","236993735","KN297259v1","1152314","1152442","23","235841296"
"chr2","237604144","237604424","KN297452v1","1744682","1744969","75","235859462"
"chr2","237635541","237635814","KN294420v1","263951","264214","72","237371590"
"chr2","237677510","237677644","KN295090v1","903125","903258","25","236774385"
"chr2","237791775","237791915","KN294739v1","903316","903465","40","236888459"
"chr2","237820766","237820986","KN294633v1","1654","1876","58","237819112"
"chr2","237836302","237836500","KN297038v1","275241","275429","54","237561061"
"chr2","237836799","237836930","KN295706v1","131306","131439","23","237705493"
"chr2","237947003","237947293","KN295346v1","1646114","1646406","84","236300889"
"chr2","238049015","238049151","KN296311v1","6471968","6472102","23","231577047"
"chr2","238049452","238049624","KN296825v1","529275","529444","36","237520177"
"chr2","238055891","238056024","KN296311v1","4657589","4657718","26","233398302"
"chr2","238095737","238095908","KN296157v1","1233173","1233343","36","236862564"
"chr2","238096208","238096349","KN296210v1","326465","326608","26","237769743"
"chr2","238175116","238175377","KN297048v1","134544","134818","74","238040572"
"chr2","238178188","238178475","KN295664v1","85905","86194","71","238092283"
"chr2","238221842","238222122","KN294399v1","171378","171682","73","238050464"
"chr2","238461916","238462225","KN297066v1","48943","49249","66","238412973"
"chr2","238471827","238472061","KN296311v1","2759477","2759737","63","235712350"
"chr2","238709724","238709885","KN295074v1","203567","203742","29","238506157"
"chr2","238719137","238719424","KN296244v1","327623","327911","65","238391514"
"chr2","238726404","238726712","KN297066v1","48943","49249","66","238677461"
"chr2","238869677","238869966","KN295074v1","352422","352716","28","238517255"
"chr2","239178277","239178545","KN295074v1","671311","671581","43","238506966"
"chr2","239465497","239465629","KN296025v1","179010","179141","29","239286487"
"chr2","240129176","240129465","KN295074v1","1590278","1590572","47","238538898"
"chr2","240378471","240378643","KN296247v1","751980","752150","42","239626491"
"chr2","240492019","240492291","KN296404v1","2095101","2095370","62","238396918"
"chr2","241333869","241334173","KN296948v1","762193","762479","70","240571676"
"chr3","148242318","148242512","KN294561v1","67777","67970","75","148174541"
"chr3","183631843","183632144","KN296036v1","1343901","1344205","12","182287942"
"chr3","409838","409963","KN294184v1","452880","453009","13","43042"
"chr3","994761","994996","KN296145v1","736954","737187","78","257807"
"chr3","1268835","1268984","KN296145v1","649092","649233","26","619743"
"chr3","2039342","2039633","KN294457v1","210304","210595","70","1829038"
"chr3","2167874","2168137","KN294539v1","1506592","1506858","81","661282"
"chr3","2211969","2212274","KN294452v1","1374937","1375240","64","837032"
"chr3","2591866","2592180","KN296588v1","282556","282869","71","2309310"
"chr3","2707642","2707797","KN294591v1","557328","557491","37","2150314"
"chr3","2714740","2714900","KN296000v1","901795","901947","36","1812945"
"chr3","3021799","3021942","KN294789v1","212730","212864","16","2809069"
"chr3","3022265","3022420","KN294789v1","212228","212387","12","2810037"
"chr3","3353570","3353874","KN295293v1","13475","13775","74","3340095"
"chr3","3367053","3367334","KN294469v1","12031","12308","73","3355022"
"chr3","4055471","4055768","KN294260v1","1734951","1735248","21","2320520"
"chr3","4056392","4056671","KN297046v1","1666770","1667044","72","2389622"
"chr3","4272792","4273064","KN294260v1","1513574","1513845","20","2759218"
"chr3","4312562","4312721","KN294260v1","1473102","1473263","15","2839460"
"chr3","4408547","4408677","KN294260v1","1382146","1382275","5","3026401"
"chr3","4428360","4428653","KN294260v1","1359230","1359515","32","3069130"
"chr3","4468680","4468975","KN296495v1","1076274","1076557","64","3392406"
"chr3","4676060","4676368","KN296322v1","1648835","1649139","67","3027225"
"chr3","4691877","4692162","KN294260v1","1091595","1091881","31","3600282"
"chr3","4961922","4962201","KN294260v1","822843","823138","38","4139079"
"chr3","4964694","4964827","KN294260v1","820678","820811","6","4144016"
"chr3","5038728","5039050","KN294260v1","756198","756518","22","4282530"
"chr3","5096963","5097247","KN295301v1","990148","990430","83","4106815"
"chr3","5261904","5262189","KN294260v1","531879","532165","21","4730025"
"chr3","5272869","5273186","KN294260v1","520878","521196","18","4751991"
"chr3","5354280","5354441","KN295328v1","65769","65929","36","5288511"
"chr3","5960201","5960443","KN294493v1","181888","182131","69","5778313"
"chr3","6199212","6199530","KN294499v1","847155","847467","83","5352057"
"chr3","6339073","6339295","KN295441v1","1488111","1488339","84","4850962"
"chr3","6783409","6783703","KN296244v1","438516","438787","101","6344893"
"chr3","7369059","7369297","KN294873v1","82870","83122","73","7286189"
"chr3","7473186","7473475","KN296948v1","762193","762479","59","6710993"
"chr3","7635680","7635974","KN295346v1","1646114","1646406","65","5989566"
"chr3","8252798","8253106","KN296505v1","1350625","1350920","29","6902173"
"chr3","8340926","8341142","KN296505v1","1257835","1258044","22","7083091"
"chr3","8543509","8543764","KN296505v1","1050287","1050537","24","7493222"
"chr3","8560118","8560252","KN295294v1","3806061","3806194","22","4754057"
"chr3","8849926","8850186","KN296311v1","2759477","2759737","57","6090449"
"chr3","8944393","8944526","KN296505v1","698783","698916","6","8245610"
"chr3","9312703","9313021","KN296505v1","323963","324278","24","8988740"
"chr3","9336241","9336513","KN296883v1","3290038","3290316","60","6046203"
"chr3","9380935","9381229","KN296505v1","263545","263841","24","9117390"
"chr3","9412421","9412710","KN296505v1","230491","230813","49","9181930"
"chr3","9514168","9514284","KN296926v1","988728","988849","30","8525440"
"chr3","9545767","9545928","KN296505v1","91563","91738","30","9454204"
"chr3","9609706","9610009","KN297058v1","392670","392966","66","9217036"
"chr3","9623415","9623691","KN294420v1","263951","264214","69","9359464"
"chr3","9723550","9723843","KN296322v1","1648835","1649139","69","8074715"
"chr3","9780857","9781141","KN295352v1","729753","730045","58","9051104"
"chr3","9880061","9880107","KN296485v1","455448","455491","4","9424613"
"chr3","9958330","9958615","KN294172v1","4574526","4574813","57","5383804"
"chr3","10077603","10077749","KN296485v1","233864","234011","7","9843739"
"chr3","10154758","10154899","KN296485v1","157888","158017","19","9996870"
"chr3","10230583","10230741","KN296485v1","84676","84828","18","10145907"
"chr3","10231055","10231110","KN295988v1","992862","992913","11","9238193"
"chr3","10242702","10242806","KN296732v1","3486949","3487060","28","6755753"
"chr3","10349171","10349484","KN294421v1","9377","9683","62","10339794"
"chr3","10623055","10623352","KN296507v1","738522","738814","68","9884533"
"chr3","10737536","10737836","KN296682v1","2637733","2638023","61","8099803"
"chr3","11042963","11043280","KN295893v1","5129577","5129894","75","5913386"
"chr3","11123110","11123395","KN294260v1","822843","823138","70","10300267"
"chr3","11198592","11198752","KN295717v1","1207752","1207915","32","9990840"
"chr3","11228238","11228388","KN294269v1","1347949","1348104","33","9880289"
"chr3","11257691","11257976","KN295205v1","712208","712479","90","10545483"
"chr3","11398582","11398840","KN295814v1","1550626","1550880","62","9847956"
"chr3","11786061","11786109","KN294911v1","2236777","2236825","10","9549284"
"chr3","12145256","12145539","KN295984v1","150673","150962","63","11994583"
"chr3","12275841","12276126","KN296907v1","1087372","1087677","68","11188469"
"chr3","12317969","12318236","KN295933v1","79820","80084","65","12238149"
"chr3","12457379","12457673","KN297023v1","640512","640805","56","11816867"
"chr3","12550517","12550576","KN297295v1","282383","282439","12","12268134"
"chr3","12602418","12602611","KN294207v1","140158","140336","53","12462260"
"chr3","12622882","12623008","KN296311v1","4815038","4815168","19","7807844"
"chr3","12669919","12670167","KN297019v1","717404","717664","67","11952515"
"chr3","12702636","12702803","KN297319v1","373164","373327","34","12329472"
"chr3","12736872","12737179","KN295319v1","29677","29981","26","12707195"
"chr3","12761968","12762270","KN295117v1","112788","113084","68","12649180"
"chr3","12790156","12790296","KN295319v1","94049","94195","16","12696107"
"chr3","12950526","12950646","KN295236v1","3047477","3047602","28","9903049"
"chr3","12950946","12951117","KN294705v1","965845","966004","43","11985101"
"chr3","12995897","12996167","KN295319v1","303201","303480","24","12692696"
"chr3","13271514","13271824","KN294207v1","595798","596096","64","12675716"
"chr3","14063377","14063668","KN296210v1","582760","583044","69","13480617"
"chr3","14087982","14088155","KN297274v1","1690638","1690818","42","12397344"
"chr3","14144419","14144599","KN294548v1","89402","89571","56","14055017"
"chr3","14213354","14213644","KN296153v1","1008915","1009196","61","13204439"
"chr3","14417057","14417180","KN296311v1","4657589","4657718","24","9759468"
"chr3","14659409","14659717","KN295430v1","2009073","2009373","86","12650336"
"chr3","14754710","14755024","KN296036v1","176816","177127","60","14577894"
"chr3","14980172","14980462","KN297320v1","22264","22555","70","14957908"
"chr3","15031397","15031640","KN295601v1","3201776","3202001","66","11829621"
"chr3","15104582","15104744","KN295708v1","957826","957973","40","14146756"
"chr3","15105045","15105145","KN295967v1","566167","566260","27","14538878"
"chr3","15105438","15105540","KN294633v1","177699","177794","28","14927739"
"chr3","15271098","15271376","KN294264v1","432867","433151","74","14838231"
"chr3","15337639","15337937","KN294592v1","450560","450839","74","14887079"
"chr3","15344597","15344861","KN295428v1","224334","224605","68","15120263"
"chr3","15389165","15389261","KN296883v1","1087896","1087998","25","14301269"
"chr3","15403115","15403275","KN294842v1","123455","123618","43","15279660"
"chr3","15423475","15423590","KN295405v1","40213","40332","23","15383262"
"chr3","15580126","15580399","KN295267v1","81052","81310","72","15499074"
"chr3","15617953","15618261","KN296290v1","2828979","2829278","72","12788974"
"chr3","15673926","15674204","KN294987v1","187998","188261","75","15485928"
"chr3","15719585","15719856","KN295576v1","164716","164996","64","15554869"
"chr3","15728307","15728586","KN294396v1","224755","225042","65","15503552"
"chr3","15737516","15737753","KN297112v1","4564144","4564382","65","11173372"
"chr3","15902280","15902436","KN294407v1","2863006","2863150","36","13039274"
"chr3","15934307","15934439","KN294536v1","348653","348787","25","15585654"
"chr3","16275288","16275595","KN296322v1","1648835","1649139","59","14626453"
"chr3","16551222","16551386","KN296096v1","680679","680846","32","15870543"
"chr3","17124168","17124442","KN295346v1","1646114","1646406","73","15478054"
"chr3","17294232","17294451","KN297095v1","2669325","2669548","53","14624907"
"chr3","17560338","17560629","KN297050v1","187200","187494","65","17373138"
"chr3","17758027","17758326","KN297058v1","392670","392966","63","17365357"
"chr3","17835186","17835485","KN294527v1","273035","273327","58","17562151"
"chr3","18175380","18175640","KN296964v1","917862","918143","84","17257518"
"chr3","18455579","18455670","KN295368v1","597302","597393","26","17858277"
"chr3","19139298","19139568","KN296871v1","10096","10361","71","19129202"
"chr3","19277281","19277561","KN294264v1","432867","433151","66","18844414"
"chr3","19930608","19930851","KN297046v1","2130311","2130564","62","17800297"
"chr3","20166724","20167016","KN295814v1","212884","213163","82","19953840"
"chr3","21542331","21542638","KN294452v1","1374937","1375240","81","20167394"
"chr3","21623371","21623686","KN294954v1","70243","70554","88","21553128"
"chr3","21849809","21850043","KN297190v1","5951555","5951790","57","15898254"
"chr3","21977537","21977864","KN295893v1","2526496","2526810","86","19451041"
"chr3","22094910","22095226","KN294747v1","1086035","1086320","88","21008875"
"chr3","22450592","22450893","KN294264v1","373025","373336","64","22077567"
"chr3","22971327","22971639","KN296322v1","1648835","1649139","75","21322492"
"chr3","23164262","23164531","KN296948v1","762193","762479","65","22402069"
"chr3","23246938","23247120","KN294269v1","1609579","1609744","60","21637359"
"chr3","23262294","23262577","KN294420v1","816046","816329","70","22446248"
"chr3","23384003","23384159","KN294457v1","1120402","1120563","41","22263601"
"chr3","23430517","23430820","KN295365v1","13346","13638","75","23417171"
"chr3","23520666","23520941","KN296883v1","3290038","3290316","65","20230628"
"chr3","23552208","23552363","KN297171v1","1235221","1235375","37","22316987"
"chr3","23554369","23554532","KN295405v1","40643","40808","35","23513726"
"chr3","23579411","23579721","KN294399v1","171378","171682","67","23408033"
"chr3","23694808","23695085","KN295983v1","1223920","1224199","57","22470888"
"chr3","23718887","23719189","KN294416v1","449308","449609","64","23269579"
"chr3","23725395","23725690","KN294523v1","15844","16136","70","23709551"
"chr3","23788463","23788614","KN294991v1","973655","973815","37","22814808"
"chr3","23800085","23800254","KN296311v1","2361464","2361632","37","21438621"
"chr3","23835188","23835488","KN297184v1","1114866","1115167","63","22720322"
"chr3","23856881","23857028","KN296187v1","1018477","1018630","40","22838404"
"chr3","23876774","23877033","KN294264v1","432867","433151","74","23443907"
"chr3","23985450","23985700","KN297180v1","531711","531948","61","23453739"
"chr3","24822042","24822331","KN297190v1","136929","137202","76","24685113"
"chr3","24930727","24931032","KN295073v1","1014806","1015109","76","23915921"
"chr3","25721104","25721346","KN294874v1","262239","262480","75","25458865"
"chr3","25765744","25766006","KN294571v1","2055636","2055896","68","23710108"
"chr3","25943491","25943794","KN294187v1","201748","202053","79","25741743"
"chr3","26144220","26144502","KN295592v1","2225796","2226085","59","23918424"
"chr3","26172991","26173151","KN296000v1","898022","898186","36","25274969"
"chr3","27390824","27391107","KN295705v1","823070","823354","70","26567754"
"chr3","27399431","27399723","KN297046v1","1875391","1875685","68","25524040"
"chr3","27530529","27530868","KN296322v1","426249","426560","97","27104280"
"chr3","27556606","27556910","KN297184v1","1114866","1115167","62","26441740"
"chr3","27740818","27741133","KN295432v1","49437","49735","83","27691381"
"chr3","27791358","27791625","KN295984v1","2645451","2645717","59","25145907"
"chr3","27806020","27806159","KN296108v1","909130","909244","47","26896890"
"chr3","27838006","27838292","KN296142v1","147124","147422","67","27690882"
"chr3","28211644","28211808","KN296000v1","901795","901947","37","27309849"
"chr3","28692670","28692827","KN294446v1","241596","241755","44","28451074"
"chr3","29337357","29337645","KN294273v1","88838","89126","12","29248519"
"chr3","29532518","29532734","KN297153v1","880769","880976","60","28651749"
"chr3","29548151","29548460","KN296322v1","1648835","1649139","78","27899316"
"chr3","29686402","29686697","KN297165v1","2693282","2693560","81","26993120"
"chr3","29878776","29879043","KN294339v1","9441","9711","68","29869335"
"chr3","29942237","29942552","KN295666v1","767425","767733","77","29174812"
"chr3","30580034","30580309","KN294493v1","1639497","1639778","68","28940537"
"chr3","31301817","31302125","KN296505v1","323963","324278","68","30977854"
"chr3","31310671","31310799","KN294980v1","858835","858967","26","30451836"
"chr3","31504749","31505050","KN295667v1","1567361","1567664","62","29937388"
"chr3","31597463","31597755","KN294578v1","639003","639297","65","30958460"
"chr3","31708098","31708237","KN294199v1","281436","281574","22","31426662"
"chr3","31822629","31822947","KN295102v1","38793","39103","74","31783836"
"chr3","31849756","31849883","KN295706v1","131306","131439","21","31718450"
"chr3","31850185","31850356","KN294588v1","39078","39248","38","31811107"
"chr3","31855045","31855317","KN294539v1","1506592","1506858","72","30348453"
"chr3","31899700","31899871","KN296311v1","2616458","2616622","45","29283242"
"chr3","31914951","31915072","KN294705v1","1831138","1831252","32","30083813"
"chr3","31923509","31923791","KN295257v1","300761","301044","55","31622748"
"chr3","32026147","32026430","KN294199v1","1022551","1022840","68","31003596"
"chr3","32103631","32103857","KN297245v1","2387953","2388175","51","29715678"
"chr3","32206114","32206440","KN297245v1","2422666","2422966","84","29783448"
"chr3","32213682","32213977","KN295480v1","1274084","1274387","65","30939598"
"chr3","32248671","32248946","KN295371v1","983394","983664","86","31265277"
"chr3","32269782","32270068","KN295117v1","112788","113084","54","32156994"
"chr3","32387813","32388110","KN296187v1","874304","874596","69","31513509"
"chr3","32562339","32562625","KN295936v1","2092514","2092791","78","30469825"
"chr3","32576901","32577056","KN295347v1","14270","14430","35","32562631"
"chr3","32604633","32604821","KN294346v1","500001","500188","46","32104632"
"chr3","32651498","32651584","KN296290v1","2081846","2081943","20","30569652"
"chr3","32651898","32651944","KN295893v1","883771","883820","12","31768127"
"chr3","32722536","32722696","KN295925v1","435140","435310","44","32287396"
"chr3","32864087","32864211","KN297028v1","3626","3741","19","32860461"
"chr3","32877432","32877657","KN296803v1","139111","139313","65","32738321"
"chr3","32912450","32912737","KN295744v1","408789","409077","64","32503661"
"chr3","32934639","32934928","KN297028v1","97110","97396","18","32837529"
"chr3","32951077","32951355","KN297028v1","105526","105779","46","32845551"
"chr3","33016364","33016650","KN297028v1","173094","173386","23","32843270"
"chr3","33032589","33032722","KN297453v1","84448","84582","19","32948141"
"chr3","33035150","33035441","KN296964v1","1814390","1814681","60","31220760"
"chr3","33180372","33180544","KN294705v1","965845","966004","37","32214527"
"chr3","33180850","33180983","KN295893v1","5725714","5725847","21","27455136"
"chr3","33247486","33247735","KN297028v1","425573","425814","21","32821913"
"chr3","33254014","33254232","KN296153v1","3265742","3265961","69","29988272"
"chr3","33294103","33294396","KN294210v1","473112","473404","59","32820991"
"chr3","33316893","33317197","KN296378v1","237774","238079","70","33079119"
"chr3","33346337","33346572","KN297028v1","509701","509944","22","32836636"
"chr3","33405544","33405768","KN297083v1","627588","627822","68","32777956"
"chr3","33442284","33442607","KN295449v1","1170610","1170916","83","32271674"
"chr3","33455693","33455959","KN296404v1","2095101","2095370","69","31360592"
"chr3","33492554","33492855","KN296948v1","762193","762479","81","32730361"
"chr3","33540233","33540529","KN296187v1","1076837","1077134","69","32463396"
"chr3","33557349","33557538","KN297028v1","702550","702748","19","32854799"
"chr3","33625669","33625794","KN294410v1","486228","486353","26","33139441"
"chr3","33695064","33695356","KN295633v1","909764","910066","73","32785300"
"chr3","33785055","33785362","KN297028v1","917007","917315","22","32868048"
"chr3","33810653","33810821","KN297028v1","943403","943553","30","32867250"
"chr3","33896922","33897201","KN296303v1","805215","805501","62","33091707"
"chr3","34159551","34159879","KN297165v1","2596688","2597002","83","31562863"
"chr3","34511493","34511783","KN294260v1","1359230","1359515","66","33152263"
"chr3","34739621","34739786","KN296864v1","3353170","3353334","40","31386451"
"chr3","34754520","34754834","KN294668v1","114347","114656","27","34640173"
"chr3","35245823","35246062","KN297404v1","36270","36508","65","35209553"
"chr3","36357887","36358174","KN295459v1","878673","878961","61","35479214"
"chr3","36965216","36965320","KN295967v1","317728","317828","26","36647488"
"chr3","36966050","36966117","KN294407v1","169358","169428","20","36796692"
"chr3","36999751","37000000","KN297046v1","2130311","2130564","68","34869440"
"chr3","37043547","37043829","KN295722v1","1151130","1151398","80","35892417"
"chr3","37081002","37081255","KN296266v1","99554","99788","75","36981448"
"chr3","37184494","37184661","KN294685v1","23168","23332","33","37161326"
"chr3","37185506","37185774","KN295596v1","2566260","2566526","67","34619246"
"chr3","37199681","37199815","KN294410v1","486228","486353","36","36713453"
"chr3","37199873","37199986","KN294210v1","694425","694529","22","36505448"
"chr3","37397804","37398107","KN295099v1","55159","55457","65","37342645"
"chr3","37606974","37607146","KN294591v1","557328","557491","43","37049646"
"chr3","37711468","37711703","KN297190v1","5951555","5951790","53","31759913"
"chr3","37785493","37785758","KN294539v1","1692531","1692809","70","36092962"
"chr3","38038428","38038555","KN295294v1","363845","363973","19","37674583"
"chr3","38089897","38090219","KN296505v1","323963","324278","85","37765934"
"chr3","38194268","38194564","KN296322v1","426249","426560","74","37768019"
"chr3","38332210","38332339","KN295601v1","2833105","2833244","31","35499105"
"chr3","38393149","38393445","KN296649v1","474335","474640","69","37918814"
"chr3","38502280","38502399","KN296809v1","61964","62083","10","38440316"
"chr3","38512806","38513100","KN296809v1","71427","71732","48","38441379"
"chr3","38530623","38530921","KN296809v1","89252","89548","26","38441371"
"chr3","38540043","38540324","KN297046v1","1666770","1667044","65","36873273"
"chr3","39006658","39006808","KN296000v1","901795","901947","37","38104863"
"chr3","39116876","39117006","KN295441v1","789788","789916","23","38327088"
"chr3","39161093","39161217","KN296809v1","750067","750191","9","38411026"
"chr3","39357833","39357963","KN296809v1","932551","932682","6","38425282"
"chr3","39426556","39426858","KN296809v1","999557","999860","22","38426999"
"chr3","39537071","39537353","KN296731v1","564284","564572","65","38972787"
"chr3","39594692","39594940","KN294917v1","1174572","1174822","14","38420120"
"chr3","39751509","39751562","KN294911v1","2236777","2236825","11","37514732"
"chr3","39776036","39776334","KN294991v1","1709174","1709474","68","38066862"
"chr3","40280998","40281314","KN296588v1","282556","282869","67","39998442"
"chr3","40296515","40296793","KN294917v1","507784","508062","19","39788731"
"chr3","40380875","40381179","KN297023v1","640512","640805","66","39740363"
"chr3","40438597","40438901","KN295984v1","2286186","2286477","70","38152411"
"chr3","41119263","41119551","KN297197v1","162801","163090","25","40956462"
"chr3","41170210","41170496","KN297197v1","214472","214758","26","40955738"
"chr3","41210797","41211092","KN296538v1","333498","333794","55","40877299"
"chr3","41221340","41221631","KN297197v1","264912","265199","23","40956428"
"chr3","41237277","41237472","KN297197v1","281123","281326","43","40956154"
"chr3","41256871","41257028","KN297197v1","300477","300647","20","40956394"
"chr3","41307546","41307830","KN295722v1","1369561","1369836","58","39937985"
"chr3","41353388","41353674","KN294396v1","224755","225042","66","41128633"
"chr3","41601912","41602204","KN295352v1","729753","730045","60","40872159"
"chr3","41697615","41697788","KN297197v1","731855","732028","12","40965760"
"chr3","41922203","41922449","KN296311v1","2581889","2582135","67","39340314"
"chr3","41999731","42000000","KN296311v1","2300216","2300485","67","39699515"
"chr3","42019290","42019567","KN297197v1","1035681","1035964","30","40983609"
"chr3","42031374","42031638","KN297197v1","1048614","1048879","15","40982760"
"chr3","42033393","42033589","KN295553v1","69273","69467","49","41964120"
"chr3","42036749","42036922","KN296247v1","751980","752150","32","41284769"
"chr3","42199451","42199750","KN296507v1","738522","738814","67","41460929"
"chr3","42335063","42335236","KN294662v1","211735","211913","51","42123328"
"chr3","42472187","42472462","KN296158v1","1685695","1685980","69","40786492"
"chr3","42633049","42633341","KN297197v1","1668046","1668353","33","40965003"
"chr3","43092290","43092596","KN295667v1","1567361","1567664","70","41524929"
"chr3","43336336","43336631","KN295117v1","112788","113084","61","43223548"
"chr3","43396655","43396830","KN296865v1","889302","889471","52","42507353"
"chr3","43493751","43494035","KN297197v1","2554894","2555174","30","40938857"
"chr3","43549109","43549440","KN297197v1","2606550","2606852","50","40942559"
"chr3","43581639","43581950","KN295406v1","486578","486886","64","43095061"
"chr3","44386256","44386329","KN297197v1","3445644","3445723","11","40940612"
"chr3","44387833","44387924","KN297197v1","3447282","3447374","9","40940551"
"chr3","44454726","44454866","KN297197v1","3515363","3515508","15","40939363"
"chr3","44515207","44515496","KN297023v1","640512","640805","65","43874695"
"chr3","44576966","44577267","KN297112v1","2231098","2231393","63","42345868"
"chr3","44598851","44599025","KN297197v1","3678620","3678786","24","40920231"
"chr3","44600948","44601077","KN294172v1","6039824","6039947","24","38561124"
"chr3","44611979","44612262","KN297197v1","3691720","3692013","37","40920259"
"chr3","44776991","44777286","KN295102v1","387826","388136","97","44389165"
"chr3","44850980","44851269","KN296036v1","1995992","1996275","69","42854988"
"chr3","45155379","45155526","KN297197v1","4243668","4243815","9","40911711"
"chr3","45353854","45354122","KN297197v1","4445961","4446231","29","40907893"
"chr3","45393685","45393850","KN295420v1","396854","397019","39","44996831"
"chr3","45414589","45414743","KN296528v1","1183043","1183202","40","44231546"
"chr3","45520906","45521022","KN296079v1","635275","635386","28","44885631"
"chr3","45521328","45521404","KN294208v1","486244","486319","21","45035084"
"chr3","45521826","45522121","KN296322v1","1648835","1649139","59","43872991"
"chr3","45728680","45728963","KN294260v1","1359230","1359515","61","44369450"
"chr3","45823001","45823156","KN296955v1","258039","258189","39","45564962"
"chr3","45827869","45828002","KN296096v1","3053461","3053592","20","42774408"
"chr3","46028580","46028891","KN296322v1","1648835","1649139","71","44379745"
"chr3","46525254","46525549","KN295077v1","740031","740327","62","45785223"
"chr3","46724965","46725277","KN297259v1","1603827","1604135","21","45121138"
"chr3","46759094","46759399","KN297259v1","1570980","1571280","31","45188114"
"chr3","46776170","46776335","KN294591v1","557328","557491","37","46218842"
"chr3","46839667","46839796","KN295596v1","3422193","3422324","25","43417474"
"chr3","46840092","46840286","KN297158v1","804748","804922","50","46035344"
"chr3","47015723","47015961","KN296991v1","837983","838230","67","46177740"
"chr3","47034491","47034676","KN297259v1","1304164","1304326","33","45730327"
"chr3","47072541","47072663","KN296926v1","455694","455813","27","46616847"
"chr3","47072977","47073165","KN296682v1","2867973","2868160","52","44205004"
"chr3","47153466","47153771","KN296864v1","1939832","1940132","63","45213634"
"chr3","47156865","47156985","KN297259v1","1176832","1176951","14","45980033"
"chr3","47157273","47157413","KN297452v1","2973117","2973259","39","44184156"
"chr3","47174207","47174373","KN295722v1","1546817","1546986","41","45627390"
"chr3","47198524","47198654","KN295441v1","1418402","1418531","42","45780122"
"chr3","47198948","47199111","KN294407v1","109423","109582","36","47089525"
"chr3","47216759","47216975","KN296505v1","1257835","1258044","56","45958924"
"chr3","47280426","47280706","KN297225v1","665237","665503","71","46615189"
"chr3","47304247","47304494","KN297259v1","1032100","1032351","18","46272147"
"chr3","47313212","47313519","KN295032v1","376797","377098","73","46936415"
"chr3","47314036","47314298","KN296311v1","2391994","2392268","75","44922042"
"chr3","47354687","47354851","KN297259v1","978533","978700","22","46376154"
"chr3","47450847","47451146","KN295923v1","712217","712514","69","46738630"
"chr3","47493660","47493895","KN296608v1","381289","381528","71","47112371"
"chr3","47530795","47530922","KN296138v1","11819","11953","32","47518976"
"chr3","47548559","47548750","KN297259v1","769731","769920","13","46778828"
"chr3","47551235","47551387","KN296247v1","959095","959240","35","46592140"
"chr3","47568736","47568866","KN297259v1","755295","755425","6","46813441"
"chr3","47592598","47592815","KN297317v1","77457","77669","51","47515141"
"chr3","47627734","47628021","KN297259v1","693788","694072","28","46933946"
"chr3","47643913","47644193","KN297259v1","676922","677201","34","46966991"
"chr3","47645439","47645560","KN297259v1","675246","675384","30","46970193"
"chr3","47682321","47682551","KN296913v1","1151128","1151369","77","46531193"
"chr3","47703256","47703355","KN297259v1","621520","621620","5","47081736"
"chr3","47735369","47735487","KN295637v1","455021","455137","27","47280348"
"chr3","47735771","47735893","KN296577v1","410154","410267","35","47325617"
"chr3","47808213","47808517","KN297259v1","507258","507559","22","47300955"
"chr3","47830468","47830599","KN297259v1","481781","481912","7","47348687"
"chr3","47880466","47880758","KN294326v1","411424","411715","82","47469042"
"chr3","47881678","47881900","KN297259v1","427903","428124","16","47453775"
"chr3","47984106","47984297","KN297259v1","330750","330949","24","47653356"
"chr3","47991389","47991665","KN295722v1","1369561","1369836","67","46621828"
"chr3","48002055","48002155","KN295802v1","222325","222434","36","47779730"
"chr3","48069982","48070328","KN296495v1","2039293","2039625","102","46030689"
"chr3","48285533","48285683","KN296759v1","225170","225326","36","48060363"
"chr3","48285714","48285832","KN294741v1","1083617","1083736","25","47202097"
"chr3","48291687","48291731","KN295893v1","883771","883820","9","47407916"
"chr3","48305377","48305661","KN296430v1","725785","726075","66","47579592"
"chr3","48374037","48374186","KN295102v1","72427","72567","31","48301610"
"chr3","48449531","48449647","KN294372v1","2531519","2531631","21","45918012"
"chr3","48451208","48451472","KN294372v1","2529148","2529407","17","45922060"
"chr3","48462046","48462265","KN297180v1","531711","531948","58","47930335"
"chr3","48515446","48515737","KN294372v1","2461089","2461376","19","46054357"
"chr3","48710105","48710409","KN295346v1","1646114","1646406","56","47063991"
"chr3","48793594","48793791","KN297026v1","1683472","1683666","48","47110122"
"chr3","48813133","48813413","KN294747v1","1086035","1086320","65","47727098"
"chr3","48873239","48873328","KN295705v1","1791772","1791867","24","47081467"
"chr3","48873636","48873697","KN296093v1","240580","240642","27","48633056"
"chr3","48873995","48874006","KN295459v1","830690","830700","6","48043305"
"chr3","48874317","48874477","KN294991v1","973655","973815","32","47900662"
"chr3","48882576","48882893","KN294372v1","2095258","2095545","45","46787318"
"chr3","48958092","48958339","KN296508v1","1843240","1843495","68","47114852"
"chr3","49041510","49041635","KN294499v1","518311","518429","33","48523199"
"chr3","49041938","49042070","KN295294v1","3806061","3806194","26","45235877"
"chr3","49059266","49059423","KN294705v1","1858573","1858733","42","47200693"
"chr3","49097021","49097307","KN294260v1","1091595","1091881","70","48005426"
"chr3","49291698","49291813","KN295983v1","2302379","2302496","25","46989319"
"chr3","49292107","49292306","KN296011v1","315060","315250","52","48977047"
"chr3","49320465","49320600","KN294372v1","1645608","1645740","17","47674857"
"chr3","49325357","49325442","KN294591v1","157234","157317","17","49168123"
"chr3","49334475","49334680","KN295907v1","534057","534274","58","48800418"
"chr3","49478547","49478667","KN294457v1","1164538","1164662","27","48314009"
"chr3","49497018","49497154","KN294372v1","1458099","1458235","10","48038919"
"chr3","49497465","49497632","KN294372v1","1457614","1457788","23","48039851"
"chr3","49509161","49509411","KN294372v1","1442175","1442418","33","48066986"
"chr3","49578983","49579288","KN294372v1","1364076","1364380","16","48214907"
"chr3","49596521","49596654","KN294470v1","2235421","2235555","19","47361100"
"chr3","49621716","49621854","KN297133v1","268061","268193","33","49353655"
"chr3","49711119","49711288","KN294416v1","419638","419830","66","49291481"
"chr3","49761672","49761945","KN295984v1","150673","150962","68","49610999"
"chr3","49770844","49771145","KN294372v1","1170320","1170637","41","48600524"
"chr3","49837882","49838167","KN294372v1","1097746","1098003","39","48740136"
"chr3","49846757","49846898","KN294372v1","1088122","1088262","8","48758635"
"chr3","49847234","49847411","KN294372v1","1087638","1087812","21","48759596"
"chr3","49943622","49943751","KN296138v1","11819","11953","23","49931803"
"chr3","49978006","49978288","KN294372v1","962653","962931","21","49015353"
"chr3","50007944","50008095","KN295828v1","950552","950701","27","49057392"
"chr3","50019919","50020224","KN296726v1","179469","179768","71","49840450"
"chr3","50098267","50098434","KN294571v1","2119940","2120110","37","47978327"
"chr3","50098742","50098870","KN294372v1","854085","854206","14","49244657"
"chr3","50586906","50586998","KN294372v1","358299","358394","11","50228607"
"chr3","50651839","50651958","KN294372v1","290537","290683","29","50361302"
"chr3","50680513","50680803","KN294372v1","260041","260331","31","50420472"
"chr3","50690128","50690433","KN294372v1","248410","248702","29","50441718"
"chr3","50729539","50729812","KN297095v1","3766127","3766406","69","46963412"
"chr3","50732426","50732710","KN296948v1","762193","762479","54","49970233"
"chr3","50889113","50889373","KN296306v1","1771005","1771285","74","49118108"
"chr3","50934546","50934721","KN294372v1","59449","59630","15","50875097"
"chr3","51001916","51002247","KN294372v1","1364076","1364380","92","49637840"
"chr3","51122203","51122473","KN294420v1","263951","264214","73","50858252"
"chr3","51154967","51155272","KN296378v1","480415","480726","70","50674552"
"chr3","51345328","51345649","KN294526v1","292497","292818","12","51052831"
"chr3","51450065","51450192","KN294583v1","189119","189254","32","51260946"
"chr3","51451109","51451300","KN295553v1","69273","69467","49","51381836"
"chr3","51497717","51497839","KN294526v1","564768","564889","45","50932949"
"chr3","51527017","51527044","KN294325v1","233624","233643","11","51293393"
"chr3","51527347","51527607","KN295658v1","264777","265041","80","51262570"
"chr3","51581920","51582207","KN297095v1","3766127","3766406","70","47815793"
"chr3","51602901","51603019","KN294526v1","564768","564889","8","51038133"
"chr3","51614159","51614464","KN294419v1","64733","65033","74","51549426"
"chr3","51731386","51731523","KN294526v1","685247","685384","9","51046139"
"chr3","51763595","51763854","KN294526v1","741416","741680","23","51022179"
"chr3","52018719","52018879","KN294407v1","109423","109582","35","51909296"
"chr3","52119394","52119695","KN295871v1","984256","984556","15","51135138"
"chr3","52177578","52177691","KN295871v1","930449","930551","16","51247129"
"chr3","52204097","52204399","KN294345v1","1713106","1713396","65","50490991"
"chr3","52500001","52500084","KN294591v1","157234","157317","21","52342767"
"chr3","52549322","52549450","KN295667v1","1056380","1056511","27","51492942"
"chr3","52579961","52580266","KN297112v1","4975307","4975614","72","47604654"
"chr3","52605102","52605346","KN297180v1","531711","531948","61","52073391"
"chr3","52632302","52632577","KN296528v1","1411593","1411869","74","51220709"
"chr3","52727951","52728083","KN295871v1","354300","354436","17","52373651"
"chr3","52738115","52738403","KN295871v1","334989","335263","55","52403126"
"chr3","53001229","53001442","KN296119v1","805789","806002","56","52195440"
"chr3","53037692","53037826","KN295977v1","128366","128496","26","52909326"
"chr3","53038115","53038203","KN294208v1","486244","486319","27","52551871"
"chr3","53113012","53113312","KN297184v1","1114866","1115167","55","51998146"
"chr3","53207033","53207340","KN297058v1","194613","194917","63","53012420"
"chr3","53297937","53298217","KN295983v1","1223920","1224199","58","52074017"
"chr3","53308290","53308579","KN296864v1","2279896","2280175","74","51028394"
"chr3","53330253","53330540","KN295346v1","2087535","2087795","95","51242718"
"chr3","53350285","53350313","KN297190v1","6428256","6428290","13","46922029"
"chr3","53421238","53421359","KN294485v1","27749","27875","25","53393489"
"chr3","53491446","53491603","KN294279v1","1019768","1019921","38","52471678"
"chr3","53521045","53521330","KN296502v1","1280490","1280768","74","52240555"
"chr3","53521846","53522126","KN295441v1","878321","878588","70","52643525"
"chr3","53695957","53696267","KN297112v1","4975307","4975614","67","48720650"
"chr3","53836944","53837211","KN295346v1","1243459","1243703","70","52593485"
"chr3","53840249","53840537","KN294260v1","1359230","1359515","68","52481019"
"chr3","54099506","54099670","KN296701v1","462609","462775","49","53636897"
"chr3","54544397","54544697","KN295484v1","127472","127784","66","54416925"
"chr3","55395313","55395619","KN294452v1","1374937","1375240","61","54020376"
"chr3","56248092","56248393","KN297212v1","263460","263771","31","55984632"
"chr3","56300968","56301105","KN294199v1","281436","281574","24","56019532"
"chr3","56398627","56398917","KN296864v1","1939832","1940132","72","54458795"
"chr3","56439164","56439464","KN295352v1","729753","730045","68","55709411"
"chr3","56494146","56494465","KN295667v1","1567361","1567664","69","54926785"
"chr3","56499065","56499267","KN296158v1","230905","231113","54","56268160"
"chr3","56555420","56555718","KN294991v1","53502","53789","39","56501918"
"chr3","56651413","56651711","KN297046v1","1623175","1623470","80","55028238"
"chr3","56703695","56703977","KN294991v1","193761","194053","26","56509934"
"chr3","56815932","56816232","KN294991v1","301469","301772","13","56514463"
"chr3","57015466","57015741","KN296864v1","2452974","2453250","61","54562492"
"chr3","57056688","57056760","KN294991v1","528318","528391","5","56528370"
"chr3","57067557","57067699","KN294558v1","284993","285139","30","56782564"
"chr3","57068018","57068099","KN294208v1","486244","486319","26","56581774"
"chr3","57081784","57082084","KN294421v1","9377","9683","63","57072407"
"chr3","57113553","57113842","KN294991v1","585147","585441","32","56528406"
"chr3","57166409","57166501","KN295430v1","995039","995130","24","56171370"
"chr3","57230773","57230870","KN294991v1","702888","702981","13","56527885"
"chr3","57301028","57301295","KN294991v1","775915","776180","19","56525113"
"chr3","57453531","57453585","KN294991v1","925025","925083","6","56528506"
"chr3","57453873","57454112","KN294991v1","925370","925604","14","56528503"
"chr3","57504420","57504577","KN294991v1","973655","973815","9","56530765"
"chr3","57550027","57550340","KN294199v1","1444916","1445226","75","56105111"
"chr3","57592925","57593228","KN294991v1","1061679","1061980","16","56531246"
"chr3","57604589","57604907","KN296306v1","2458139","2458449","79","55146450"
"chr3","57689781","57690063","KN296311v1","5278234","5278515","75","52411547"
"chr3","57796898","57797203","KN295205v1","1534387","1534688","60","56262511"
"chr3","57799924","57800050","KN294410v1","486228","486353","30","57313696"
"chr3","57836509","57836637","KN294991v1","1306131","1306259","9","56530378"
"chr3","57856064","57856239","KN294991v1","1326969","1327143","17","56529095"
"chr3","57859348","57859577","KN294991v1","1331915","1332136","16","56527433"
"chr3","57868449","57868726","KN294991v1","1341110","1341371","27","56527339"
"chr3","58028475","58028601","KN296311v1","4657589","4657718","17","53370886"
"chr3","58028916","58029091","KN295366v1","286401","286568","42","57742515"
"chr3","58240571","58240727","KN294991v1","973655","973815","31","57266916"
"chr3","58325836","58326033","KN296864v1","1063346","1063538","57","57262490"
"chr3","58326327","58326452","KN295362v1","1160773","1160900","25","57165554"
"chr3","58429331","58429439","KN295871v1","930449","930551","35","57498882"
"chr3","59091647","59091931","KN297386v1","254754","255042","26","58836893"
"chr3","59693757","59693917","KN297319v1","373164","373327","34","59320593"
"chr3","60118118","60118407","KN295294v1","1101026","1101317","68","59017092"
"chr3","60171712","60171940","KN297095v1","2669325","2669548","67","57502387"
"chr3","60312155","60312442","KN297386v1","1518927","1519195","39","58793228"
"chr3","60527983","60528267","KN297386v1","1729990","1730274","13","58797993"
"chr3","61418776","61418954","KN297113v1","252877","253050","36","61165899"
"chr3","61486034","61486353","KN294954v1","70243","70554","70","61415791"
"chr3","61535186","61535234","KN294911v1","2236777","2236825","13","59298409"
"chr3","61535530","61535687","KN296292v1","67877","68027","47","61467653"
"chr3","61655596","61655869","KN295090v1","357659","357923","70","61297937"
"chr3","61872227","61872293","KN295996v1","133273","133341","18","61738954"
"chr3","62152085","62152375","KN294207v1","141842","142144","80","62010243"
"chr3","62257673","62257972","KN297112v1","2231098","2231393","61","60026575"
"chr3","62275562","62275748","KN296119v1","4835249","4835453","59","57440313"
"chr3","62282252","62282528","KN294711v1","1313950","1314208","74","60968302"
"chr3","62348380","62348657","KN296435v1","2611722","2612009","68","59736658"
"chr3","62410820","62411130","KN297058v1","194613","194917","61","62216207"
"chr3","62597072","62597376","KN296982v1","449377","449668","84","62147695"
"chr3","62786384","62786644","KN294416v1","407008","407266","62","62379376"
"chr3","62792600","62792896","KN297058v1","392670","392966","60","62399930"
"chr3","63774486","63774722","KN297095v1","2669325","2669548","58","61105161"
"chr3","64365061","64365363","KN295079v1","254557","254859","18","64110504"
"chr3","64446369","64446666","KN295079v1","335589","335887","15","64110780"
"chr3","64511368","64511596","KN296964v1","1648914","1649139","55","62862454"
"chr3","64750129","64750263","KN295079v1","645944","646082","8","64104185"
"chr3","65109299","65109591","KN296864v1","1939832","1940132","55","63169467"
"chr3","65424875","65425090","KN295079v1","1322273","1322493","17","64102602"
"chr3","65528765","65529049","KN297390v1","84191","84473","69","65444574"
"chr3","65649110","65649381","KN294539v1","1096217","1096495","72","64552893"
"chr3","65738273","65738476","KN294207v1","955966","956168","14","64782307"
"chr3","65896513","65896694","KN294451v1","1507488","1507668","50","64389025"
"chr3","65905384","65905460","KN295894v1","1181010","1181083","20","64724374"
"chr3","65995844","65996019","KN295722v1","1546817","1546986","34","64449027"
"chr3","66058424","66058698","KN294207v1","634204","634468","24","65424220"
"chr3","66085345","66085507","KN295721v1","382777","382938","47","65702568"
"chr3","66096313","66096594","KN294207v1","595798","596096","38","65500515"
"chr3","66226474","66226760","KN295984v1","2962847","2963132","69","63263627"
"chr3","66371816","66372112","KN294451v1","1211603","1211891","67","65160213"
"chr3","66542338","66542642","KN294207v1","141842","142144","30","66400496"
"chr3","66545576","66545754","KN294207v1","140158","140336","20","66405418"
"chr3","66842158","66842285","KN297416v1","162444","162561","16","66679714"
"chr3","67028902","67029194","KN295441v1","925570","925862","66","66103332"
"chr3","67494353","67494657","KN295337v1","301921","302225","34","67192432"
"chr3","68176200","68176475","KN295983v1","1223920","1224199","63","66952280"
"chr3","68269172","68269480","KN296726v1","833912","834203","79","67435260"
"chr3","69250806","69250938","KN296311v1","4657589","4657718","19","64593217"
"chr3","69259828","69259959","KN294536v1","420664","420795","37","68839164"
"chr3","69279459","69279626","KN294470v1","78054","78217","32","69201405"
"chr3","69309124","69309430","KN296964v1","917862","918143","72","68391262"
"chr3","69403912","69404196","KN296303v1","805215","805501","63","68598697"
"chr3","69406729","69407042","KN294705v1","1991606","1991913","74","67415123"
"chr3","69505099","69505406","KN294235v1","47425","47725","69","69457674"
"chr3","69682512","69682646","KN295893v1","5531994","5532130","28","64150518"
"chr3","69805664","69805960","KN295352v1","729753","730045","61","69075911"
"chr3","69909006","69909037","KN296290v1","587719","587750","9","69321287"
"chr3","69911324","69911456","KN295803v1","255996","256129","30","69655328"
"chr3","70931636","70931883","KN295459v1","1516623","1516885","72","69415013"
"chr3","71072040","71072326","KN295090v1","2374852","2375141","67","68697188"
"chr3","71393862","71393994","KN294964v1","965459","965591","15","70428403"
"chr3","71509636","71509889","KN296557v1","788652","788900","63","70720984"
"chr3","71604804","71605105","KN296244v1","296863","297159","53","71307941"
"chr3","71609769","71609986","KN297046v1","3043509","3043712","64","68566260"
"chr3","71610284","71610365","KN295099v1","264928","265011","17","71345356"
"chr3","71798692","71798970","KN295576v1","164716","164996","70","71633976"
"chr3","71819979","71820134","KN296292v1","67877","68027","41","71752102"
"chr3","72201493","72201783","KN297023v1","640512","640805","72","71560981"
"chr3","72488763","72489048","KN296322v1","1648835","1649139","73","70839928"
"chr3","72502864","72503091","KN294713v1","801014","801236","74","71701850"
"chr3","72542539","72542819","KN294407v1","2416377","2416656","59","70126162"
"chr3","72803913","72804223","KN294705v1","1991606","1991913","67","70812307"
"chr3","72966459","72966618","KN294407v1","81677","81857","44","72884782"
"chr3","72966925","72967067","KN296142v1","213909","214054","26","72753016"
"chr3","73002266","73002539","KN294571v1","2055636","2055896","74","70946630"
"chr3","73014283","73014591","KN296200v1","616834","617133","69","72397449"
"chr3","73150148","73150311","KN295705v1","2338948","2339110","39","70811200"
"chr3","73642037","73642200","KN295294v1","144515","144695","58","73497522"
"chr3","73679368","73679682","KN295667v1","1567361","1567664","72","72112007"
"chr3","74086813","74086964","KN296225v1","462090","462236","33","73624723"
"chr3","74541952","74542210","KN296311v1","2581889","2582135","63","71960063"
"chr3","74641308","74641475","KN294346v1","260578","260726","43","74380730"
"chr3","74957292","74957543","KN297180v1","531711","531948","73","74425581"
"chr3","75167801","75168095","KN296550v1","110501","110774","80","75057300"
"chr3","75523889","75524183","KN295352v1","729753","730045","66","74794136"
"chr3","75740605","75740856","KN297046v1","2130311","2130564","64","73610294"
"chr3","76338408","76338679","KN295142v1","1060850","1061118","31","75277558"
"chr3","76486967","76487278","KN296505v1","323963","324278","71","76163004"
"chr3","76834194","76834373","KN295667v1","667475","667632","51","76166719"
"chr3","76834666","76834765","KN294630v1","376901","376997","31","76457765"
"chr3","77020924","77021227","KN295523v1","4207357","4207655","72","72813567"
"chr3","77374928","77375218","KN294728v1","765090","765383","63","76609838"
"chr3","78340347","78340648","KN296323v1","549669","549986","26","77790678"
"chr3","78710065","78710311","KN294493v1","181888","182131","81","78528177"
"chr3","78805963","78806273","KN296323v1","1000372","1000670","35","77805591"
"chr3","79549879","79550150","KN294443v1","1323408","1323672","64","78226471"
"chr3","79595606","79595852","KN296847v1","410946","411169","84","79184660"
"chr3","79693428","79693737","KN295099v1","55159","55457","79","79638269"
"chr3","79834860","79835018","KN295721v1","382777","382938","37","79452083"
"chr3","80089273","80089565","KN296157v1","1078910","1079211","65","79010363"
"chr3","80345158","80345463","KN297180v1","314236","314539","73","80030922"
"chr3","80976436","80976665","KN297259v1","427903","428124","55","80548533"
"chr3","81099532","81099829","KN295667v1","1567361","1567664","79","79532171"
"chr3","81151089","81151260","KN294493v1","1986813","1986979","41","79164276"
"chr3","81360503","81360769","KN294235v1","979340","979628","80","80381163"
"chr3","81467833","81468093","KN296964v1","1814390","1814681","70","79653443"
"chr3","81576964","81577233","KN294302v1","861450","861728","76","80715514"
"chr3","81627807","81627972","KN294536v1","420664","420795","52","81207143"
"chr3","81653182","81653514","KN297165v1","2596688","2597002","80","79056494"
"chr3","82752353","82752664","KN295406v1","486578","486886","66","82265775"
"chr3","82811007","82811303","KN296308v1","750453","750763","74","82060554"
"chr3","82842320","82842608","KN295090v1","2374852","2375141","82","80467468"
"chr3","83321480","83321742","KN294552v1","1295874","1296134","78","82025606"
"chr3","83539811","83540060","KN297165v1","963791","964034","68","82576020"
"chr3","83626309","83626611","KN296322v1","1648835","1649139","76","81977474"
"chr3","84063333","84063640","KN295304v1","187752","188056","70","83875581"
"chr3","84757970","84758113","KN295005v1","263752","263899","44","84494218"
"chr3","84921166","84921447","KN296682v1","3395587","3395869","71","81525579"
"chr3","85194928","85195007","KN295705v1","92388","92471","20","85102540"
"chr3","85554697","85555015","KN295633v1","909764","910066","96","84644933"
"chr3","85896009","85896302","KN296864v1","1939832","1940132","71","83956177"
"chr3","86232117","86232286","KN294443v1","437013","437176","47","85795104"
"chr3","86417772","86418065","KN295910v1","54930","55220","71","86362842"
"chr3","86449443","86449737","KN295984v1","150673","150962","73","86298770"
"chr3","87081339","87081642","KN295633v1","1633983","1634282","68","85447356"
"chr3","87483706","87483960","KN294552v1","1295874","1296134","71","86187832"
"chr3","87729108","87729431","KN295573v1","1390691","1391001","83","86338417"
"chr3","87761018","87761310","KN295099v1","55159","55457","82","87705859"
"chr3","88332396","88332696","KN297172v1","425019","425322","30","87907377"
"chr3","88387745","88387998","KN297046v1","2072166","2072416","64","86315579"
"chr3","89454710","89455002","KN294705v1","1127452","1127739","77","88327258"
"chr3","89500554","89500714","KN297319v1","373164","373327","36","89127390"
"chr3","90210096","90210394","KN297227v1","1123419","1123703","64","89086677"
"chr3","90237734","90238024","KN294520v1","992368","992662","88","89245366"
"chr3","90239772","90240081","KN295236v1","4448907","4449215","77","85790865"
"chr3","90258044","90258215","KN296934v1","868664","868830","45","89389380"
"chr3","91407021","91407285","KN294996v1","624568","624842","72","90782453"
"chr3","93999244","93999417","KN297282v1","57047","57215","40","93942197"
"chr3","94063620","94063884","KN295571v1","291739","292022","78","93771881"
"chr3","94153608","94153918","KN295480v1","1274084","1274387","64","92879524"
"chr3","94415693","94415971","KN295045v1","602412","602688","74","93813281"
"chr3","94923057","94923352","KN296507v1","738522","738814","73","94184535"
"chr3","95454197","95454431","KN295814v1","1510713","1510950","64","93943484"
"chr3","95962157","95962441","KN296515v1","108704","108986","79","95853453"
"chr3","96042286","96042591","KN294239v1","1686717","1687011","83","94355569"
"chr3","96122736","96123042","KN294419v1","64733","65033","78","96058003"
"chr3","96418026","96418308","KN296864v1","2279896","2280175","74","94138130"
"chr3","96503162","96503430","KN296119v1","4872321","4872585","74","91630841"
"chr3","96912588","96912891","KN295068v1","49131","49419","73","96863457"
"chr3","98371626","98371932","KN294634v1","387267","387565","78","97984359"
"chr3","98505156","98505423","KN294513v1","235461","235729","65","98269695"
"chr3","98722104","98722214","KN296004v1","129400","129507","40","98592704"
"chr3","99606349","99606495","KN297452v1","2973117","2973259","48","96633232"
"chr3","100132124","100132408","KN296386v1","526297","526580","15","99605827"
"chr3","100156136","100156290","KN295005v1","263752","263899","28","99892384"
"chr3","100156914","100157055","KN296138v1","11819","11953","33","100145095"
"chr3","100245657","100245922","KN296339v1","2039540","2039800","68","98206117"
"chr3","100713924","100714061","KN294536v1","420664","420795","32","100293260"
"chr3","100715727","100715870","KN295592v1","2253902","2254042","41","98461825"
"chr3","100753305","100753568","KN295721v1","169475","169726","73","100583830"
"chr3","100871855","100872143","KN297133v1","328287","328569","70","100543568"
"chr3","101062351","101062624","KN297048v1","134544","134818","22","100927807"
"chr3","101191828","101191937","KN297048v1","266742","266851","7","100925086"
"chr3","101206516","101206789","KN297048v1","280090","280378","36","100926426"
"chr3","101240108","101240418","KN296588v1","282556","282869","65","100957552"
"chr3","101246823","101247111","KN296001v1","79566","79857","68","101167257"
"chr3","101331199","101331485","KN297048v1","411506","411800","22","100919693"
"chr3","101382171","101382479","KN297048v1","463667","463967","24","100918504"
"chr3","101478237","101478533","KN295365v1","664954","665252","72","100813283"
"chr3","101616347","101616626","KN295667v1","1108671","1108966","71","100507676"
"chr3","101657703","101658006","KN297028v1","97110","97396","77","101560593"
"chr3","101704863","101705153","KN296864v1","1939832","1940132","68","99765031"
"chr3","101729585","101729766","KN296011v1","315060","315250","48","101414525"
"chr3","101730106","101730213","KN296036v1","739589","739697","24","100990517"
"chr3","101732843","101733140","KN294161v1","491457","491757","58","101241386"
"chr3","101743407","101743694","KN295984v1","150673","150962","70","101592734"
"chr3","101760554","101760829","KN295090v1","1701796","1702078","63","100058758"
"chr3","101789262","101789575","KN296825v1","1359724","1360035","63","100429538"
"chr3","101798380","101798494","KN296775v1","974808","974917","22","100823572"
"chr3","101798935","101799236","KN295432v1","49437","49735","65","101749498"
"chr3","101843153","101843454","KN294806v1","594997","595290","64","101248156"
"chr3","101887114","101887392","KN294469v1","12031","12308","62","101875083"
"chr3","102481774","102481910","KN295429v1","99760","99893","12","102382014"
"chr3","102632102","102632383","KN297028v1","97110","97396","70","102534992"
"chr3","102999115","102999405","KN295977v1","399743","400033","68","102599372"
"chr3","103444345","103444487","KN296109v1","701794","701929","47","102742551"
"chr3","103444518","103444633","KN294181v1","1238414","1238539","35","102206104"
"chr3","103668937","103669160","KN296847v1","410946","411169","78","103257991"
"chr3","104157808","104157994","KN297184v1","1787556","1787737","60","102370252"
"chr3","104353103","104353254","KN296738v1","200423","200579","33","104152680"
"chr3","104452163","104452389","KN295108v1","533812","534013","42","103918351"
"chr3","104743351","104743647","KN295108v1","245203","245498","22","104498148"
"chr3","104774593","104774895","KN297442v1","1676499","1676799","76","103098094"
"chr3","105054562","105054862","KN297058v1","392670","392966","70","104661892"
"chr3","105075486","105075743","KN297046v1","2130311","2130564","75","102945175"
"chr3","105125789","105126007","KN295075v1","642410","642626","65","104483379"
"chr3","105705854","105706165","KN296322v1","1648835","1649139","66","104057019"
"chr3","106238221","106238359","KN294419v1","211719","211856","32","106026502"
"chr3","106383661","106383937","KN294493v1","1639497","1639778","79","104744164"
"chr3","106497457","106497743","KN296308v1","509786","510061","62","105987671"
"chr3","107078381","107078676","KN295449v1","1170610","1170916","76","105907771"
"chr3","107331357","107331651","KN294571v1","2055636","2055896","70","105275721"
"chr3","107501883","107502168","KN297023v1","152219","152509","70","107349664"
"chr3","107638217","107638354","KN295294v1","3806061","3806194","25","103832156"
"chr3","107745457","107745753","KN296322v1","1648835","1649139","72","106096622"
"chr3","108831539","108831842","KN294452v1","1024655","1024959","64","107806884"
"chr3","109243708","109243841","KN294591v1","569932","570064","23","108673776"
"chr3","109258651","109258809","KN296643v1","410184","410354","37","108848467"
"chr3","109259119","109259267","KN296142v1","213909","214054","34","109045210"
"chr3","109289940","109290229","KN296303v1","805215","805501","67","108484725"
"chr3","109369864","109370157","KN296311v1","7540450","7540745","66","101829414"
"chr3","110702645","110702954","KN297058v1","194613","194917","74","110508032"
"chr3","110978379","110978684","KN295667v1","1567361","1567664","68","109411018"
"chr3","111230810","111231089","KN294294v1","145451","145740","77","111085359"
"chr3","111304083","111304381","KN295346v1","1646114","1646406","61","109657969"
"chr3","111746482","111746774","KN295096v1","2492006","2492281","33","109254476"
"chr3","111850532","111850786","KN295096v1","2395672","2395926","26","109454860"
"chr3","112343309","112343601","KN294578v1","639003","639297","72","111704306"
"chr3","112503774","112503866","KN296879v1","482169","482265","21","112021605"
"chr3","112906306","112906629","KN297070v1","431154","431439","64","112475152"
"chr3","113078435","113078596","KN297319v1","373164","373327","29","112705271"
"chr3","113084124","113084422","KN295096v1","1181241","1181532","23","111902883"
"chr3","113112820","113112936","KN297028v1","3626","3741","27","113109194"
"chr3","113197289","113197456","KN295096v1","1069446","1069614","17","112127843"
"chr3","113578569","113578865","KN295096v1","691516","691814","25","112887053"
"chr3","113637409","113637657","KN297019v1","717404","717664","63","112920005"
"chr3","113678738","113679009","KN294879v1","1183051","1183277","85","112495687"
"chr3","113679042","113679108","KN294499v1","1146390","1146454","20","112532652"
"chr3","113700080","113700383","KN295096v1","563899","564196","27","113136181"
"chr3","113701198","113701426","KN296404v1","2381217","2381439","77","111319981"
"chr3","113787932","113788212","KN295096v1","473883","474137","44","113314049"
"chr3","113841703","113841997","KN295096v1","421919","422214","19","113419784"
"chr3","113912462","113912751","KN294207v1","595798","596096","67","113316664"
"chr3","113931647","113931951","KN295096v1","336012","336312","21","113595635"
"chr3","113936705","113936865","KN294470v1","78054","78217","36","113858651"
"chr3","113989704","113990010","KN296268v1","911960","912261","58","113077744"
"chr3","114100339","114100642","KN295375v1","377349","377631","93","113722990"
"chr3","114185679","114185896","KN295096v1","77543","77764","20","114108136"
"chr3","114197102","114197420","KN295096v1","67157","67456","43","114129945"
"chr3","114844375","114844540","KN295722v1","1546817","1546986","32","113297558"
"chr3","114875952","114876137","KN296096v1","680679","680846","45","114195273"
"chr3","114876346","114876473","KN294410v1","486228","486353","34","114390118"
"chr3","115289620","115289892","KN296731v1","1403282","1403549","73","113886338"
"chr3","116087896","116088178","KN295480v1","1342408","1342684","73","114745488"
"chr3","116168932","116169203","KN295428v1","311441","311712","68","115857491"
"chr3","116235184","116235413","KN296292v1","252556","252774","60","115982628"
"chr3","116906264","116906571","KN294187v1","201748","202053","73","116704516"
"chr3","116969952","116970237","KN297370v1","895025","895325","33","116074927"
"chr3","117066174","117066465","KN297370v1","993219","993510","24","116072955"
"chr3","117511434","117511760","KN297112v1","1848867","1849178","75","115662567"
"chr3","117568523","117568820","KN297320v1","22264","22555","76","117546259"
"chr3","117837238","117837283","KN296315v1","957611","957658","16","116879627"
"chr3","118648468","118648727","KN294747v1","867897","868151","55","117780571"
"chr3","118911523","118911642","KN297416v1","162444","162561","25","118749079"
"chr3","119375845","119376014","KN295045v1","685836","686001","44","118690009"
"chr3","119481935","119482059","KN296138v1","11819","11953","20","119470116"
"chr3","119502556","119502857","KN294452v1","1374937","1375240","72","118127619"
"chr3","119536329","119536637","KN295667v1","1567361","1567664","66","117968968"
"chr3","119572588","119572888","KN297058v1","392670","392966","62","119179918"
"chr3","119721894","119722202","KN297058v1","194613","194917","66","119527281"
"chr3","119730955","119731248","KN296588v1","2231711","2232014","64","117499244"
"chr3","119842630","119842706","KN294470v1","371688","371770","20","119470942"
"chr3","119968162","119968291","KN295294v1","3806061","3806194","24","116162101"
"chr3","119998672","119998800","KN295705v1","382490","382621","30","119616182"
"chr3","120012682","120012987","KN295633v1","909764","910066","80","119102918"
"chr3","120135381","120135678","KN294260v1","822843","823138","63","119312538"
"chr3","120259492","120259588","KN294591v1","157234","157317","25","120102258"
"chr3","121017803","121018079","KN294741v1","582193","582466","73","120435610"
"chr3","121037239","121037512","KN296639v1","37858","38116","75","120999381"
"chr3","121583895","121584185","KN297112v1","2231098","2231393","67","119352797"
"chr3","121633530","121633834","KN295102v1","387826","388136","66","121245704"
"chr3","121638081","121638362","KN296594v1","298794","299076","31","121339287"
"chr3","121955388","121955663","KN296594v1","643999","644274","60","121311389"
"chr3","122235602","122235800","KN296767v1","53224","53425","55","122182378"
"chr3","122339571","122339822","KN296594v1","1024836","1025112","44","121314735"
"chr3","122342502","122342810","KN296096v1","1326102","1326406","62","121016400"
"chr3","122377567","122377843","KN296594v1","1062445","1062721","23","121315122"
"chr3","122389949","122390146","KN295610v1","77007","77226","59","122312942"
"chr3","122439190","122439489","KN296594v1","1119647","1119944","24","121319543"
"chr3","122466726","122467005","KN294199v1","1022551","1022840","61","121444175"
"chr3","122586241","122586509","KN296871v1","10096","10361","17","122576145"
"chr3","122594211","122594284","KN295601v1","2866056","2866125","17","119728155"
"chr3","122669232","122669426","KN296767v1","53224","53425","51","122616008"
"chr3","122686464","122686766","KN296649v1","28211","28505","33","122658253"
"chr3","122758634","122758913","KN296649v1","94330","94632","50","122664304"
"chr3","122772850","122773145","KN296649v1","110313","110614","27","122662537"
"chr3","122886771","122887070","KN296649v1","220350","220626","43","122666421"
"chr3","122914652","122914923","KN296404v1","2095101","2095370","65","120819551"
"chr3","122985211","122985525","KN295406v1","486578","486886","70","122498633"
"chr3","123016584","123016881","KN296649v1","351214","351523","24","122665370"
"chr3","123035481","123035797","KN296308v1","750453","750763","68","122285028"
"chr3","123137961","123138245","KN296649v1","474335","474640","33","122663626"
"chr3","123206111","123206365","KN296649v1","550310","550583","34","122655801"
"chr3","123224512","123224801","KN296964v1","1814390","1814681","58","121410122"
"chr3","123245413","123245663","KN297445v1","1222732","1222973","65","122022681"
"chr3","123393270","123393559","KN295962v1","211219","211498","67","123182051"
"chr3","123397354","123397638","KN295983v1","1223920","1224199","58","122173434"
"chr3","123454476","123454763","KN295480v1","2295514","2295785","72","121158962"
"chr3","123572226","123572525","KN294419v1","64733","65033","58","123507493"
"chr3","123575105","123575416","KN297066v1","48943","49249","70","123526162"
"chr3","123641457","123641560","KN294499v1","1744755","1744851","27","121896702"
"chr3","123641854","123642066","KN297317v1","77457","77669","55","123564397"
"chr3","124411434","124411743","KN297112v1","1848867","1849178","68","122562567"
"chr3","124564408","124564684","KN294407v1","1086188","1086466","66","123478220"
"chr3","124913795","124914087","KN294421v1","9377","9683","72","124904418"
"chr3","125046444","125046570","KN296311v1","4657589","4657718","22","120388855"
"chr3","125159958","125160241","KN295596v1","1789792","1790064","64","123370166"
"chr3","125196647","125196942","KN294650v1","24363","24655","60","125172284"
"chr3","125306618","125306883","KN294747v1","1130292","1130545","65","124176326"
"chr3","125330546","125330682","KN295090v1","610678","610810","22","124719868"
"chr3","125474315","125474615","KN295633v1","909764","910066","60","124564551"
"chr3","125624942","125625250","KN295459v1","878673","878961","71","124746269"
"chr3","125630944","125631073","KN294470v1","3035258","3035389","29","122595686"
"chr3","125631387","125631563","KN294416v1","934596","934758","40","124696791"
"chr3","125642119","125642419","KN297184v1","1114866","1115167","66","124527253"
"chr3","125794804","125794936","KN295526v1","475989","476122","21","125318815"
"chr3","126201691","126201886","KN296505v1","1257835","1258044","63","124943856"
"chr3","126512443","126512724","KN295984v1","150673","150962","57","126361770"
"chr3","126584256","126584548","KN295352v1","729753","730045","65","125854503"
"chr3","126695840","126695897","KN297095v1","3708734","3708794","10","122987106"
"chr3","126722159","126722451","KN296649v1","28211","28505","69","126693948"
"chr3","126731793","126732108","KN295102v1","38793","39103","64","126693000"
"chr3","126760832","126761129","KN294439v1","130265","130569","57","126630567"
"chr3","126763348","126763640","KN296948v1","762193","762479","74","126001155"
"chr3","127437150","127437284","KN295706v1","131306","131439","19","127305844"
"chr3","127447096","127447386","KN296244v1","327623","327911","66","127119473"
"chr3","127843607","127843879","KN294741v1","1552497","1552765","63","126291110"
"chr3","128230147","128230454","KN295099v1","55159","55457","65","128174988"
"chr3","128256776","128257044","KN294231v1","3355","3631","67","128253421"
"chr3","128364016","128364145","KN294713v1","33096","33225","5","128330920"
"chr3","128605406","128605690","KN294713v1","280214","280502","37","128325192"
"chr3","128697365","128697418","KN294713v1","372881","372933","6","128324484"
"chr3","128747023","128747299","KN294713v1","427132","427409","14","128319891"
"chr3","128757961","128758258","KN294713v1","436802","437102","24","128321159"
"chr3","128811130","128811275","KN296225v1","462090","462236","37","128349040"
"chr3","128889815","128890125","KN295480v1","1274084","1274387","67","127615731"
"chr3","128934831","128934894","KN296635v1","5251433","5251492","15","123683398"
"chr3","129029455","129029567","KN294561v1","66580","66689","29","128962875"
"chr3","129029864","129029892","KN296907v1","491287","491310","8","128538577"
"chr3","129051818","129051910","KN296738v1","61831","61924","21","128989987"
"chr3","129206437","129206602","KN294911v1","4985405","4985572","34","124221032"
"chr3","129236358","129236478","KN296096v1","3240902","3241016","23","125995456"
"chr3","129236784","129236794","KN294172v1","6434946","6434956","7","122801838"
"chr3","129350242","129350398","KN294856v1","256027","256175","36","129094215"
"chr3","129537466","129537753","KN296964v1","1814390","1814681","66","127723076"
"chr3","129540304","129540419","KN295977v1","426136","426253","13","129114168"
"chr3","129540524","129540706","KN294571v1","2119940","2120110","46","127420584"
"chr3","129620321","129620457","KN296820v1","874322","874456","24","128745999"
"chr3","129767375","129767587","KN294458v1","1818611","1818826","56","127948764"
"chr3","129802482","129802619","KN297180v1","2065065","2065204","29","127737417"
"chr3","129811276","129811567","KN295984v1","150673","150962","59","129660603"
"chr3","129833297","129833602","KN294407v1","1142063","1142375","80","128691234"
"chr3","129853116","129853206","KN296513v1","2370825","2370911","20","127482291"
"chr3","129896409","129896685","KN294539v1","1096217","1096495","60","128800192"
"chr3","129929308","129929511","KN295533v1","2434686","2434882","48","127494622"
"chr3","129958018","129958323","KN295406v1","486578","486886","59","129471440"
"chr3","130085260","130085536","KN297159v1","1425976","1426241","62","128659284"
"chr3","130701852","130702162","KN294705v1","1991606","1991913","72","128710246"
"chr3","131145001","131145304","KN295667v1","1567361","1567664","64","129577640"
"chr3","131446996","131447303","KN296864v1","1939832","1940132","55","129507164"
"chr3","131527385","131527526","KN294634v1","146466","146607","8","131380919"
"chr3","131569353","131569667","KN294493v1","1155099","1155425","64","130414254"
"chr3","131621247","131621545","KN297180v1","314236","314539","59","131307011"
"chr3","132321046","132321162","KN294493v1","412129","412246","9","131908917"
"chr3","132343852","132343998","KN295236v1","1251584","1251728","29","131092268"
"chr3","132344298","132344467","KN296311v1","2361464","2361632","30","129982834"
"chr3","132414172","132414457","KN295576v1","164716","164996","61","132249456"
"chr3","132423040","132423288","KN294493v1","317451","317692","28","132105589"
"chr3","132558499","132558738","KN294493v1","181888","182131","22","132376611"
"chr3","132812508","132812823","KN295102v1","38793","39103","74","132773715"
"chr3","132867808","132867941","KN295540v1","121411","121548","18","132746397"
"chr3","133209064","133209339","KN294728v1","765090","765383","72","132443974"
"chr3","133220283","133220440","KN294470v1","2691196","2691354","31","130529087"
"chr3","133286328","133286636","KN296378v1","480415","480726","64","132805913"
"chr3","133325573","133325669","KN294996v1","543397","543494","26","132782176"
"chr3","133621014","133621310","KN295352v1","729753","730045","57","132891261"
"chr3","133630302","133630586","KN296502v1","1280490","1280768","68","132349812"
"chr3","133633509","133633813","KN297184v1","1114866","1115167","74","132518643"
"chr3","133635096","133635249","KN296495v1","1795663","1795811","37","131839433"
"chr3","133635263","133635555","KN296964v1","1814390","1814681","62","131820873"
"chr3","133651938","133652150","KN296885v1","3156248","3156459","51","130495690"
"chr3","133667061","133667373","KN295633v1","1633983","1634282","71","132033078"
"chr3","133803661","133803857","KN294407v1","81677","81857","52","133721984"
"chr3","133804124","133804252","KN296101v1","38623","38748","22","133765501"
"chr3","133900609","133900862","KN295893v1","437901","438156","62","133462708"
"chr3","134225578","134225884","KN295825v1","3423403","3423680","47","130802175"
"chr3","135288888","135289217","KN296404v1","2925560","2925875","78","132363328"
"chr3","135639829","135640123","KN295825v1","2048395","2048674","36","133591434"
"chr3","135865785","135866081","KN296964v1","1500308","1500600","74","134365477"
"chr3","135920704","135920843","KN294336v1","54285","54417","22","135866419"
"chr3","136105346","136105668","KN295384v1","67573","67866","88","136037773"
"chr3","136124208","136124498","KN295825v1","1566146","1566439","24","134558062"
"chr3","136267187","136267484","KN294539v1","3409060","3409366","75","132858127"
"chr3","136280657","136280952","KN294452v1","1024655","1024959","80","135256002"
"chr3","136358585","136358873","KN295825v1","1331773","1332061","11","135026812"
"chr3","136493990","136494302","KN295449v1","1170610","1170916","77","135323380"
"chr3","136676451","136676728","KN294325v1","979659","979928","73","135696792"
"chr3","136711363","136711575","KN295610v1","375600","375802","52","136335763"
"chr3","136788649","136788780","KN295441v1","789788","789916","19","135998861"
"chr3","136803688","136803916","KN297159v1","373831","374038","73","136429857"
"chr3","136867271","136867545","KN295825v1","821816","822091","24","136045455"
"chr3","136880628","136880909","KN296528v1","1411593","1411869","82","135469035"
"chr3","136891887","136892186","KN296036v1","1343901","1344205","66","135547986"
"chr3","137053268","137053544","KN295825v1","631333","631608","12","136421935"
"chr3","137180509","137180642","KN295706v1","131306","131439","20","137049203"
"chr3","137239409","137239710","KN295825v1","448521","448800","43","136790888"
"chr3","138179447","138179771","KN295666v1","767425","767733","81","137412022"
"chr3","138223843","138223957","KN295977v1","426136","426253","27","137797707"
"chr3","138224257","138224454","KN294561v1","67777","67970","62","138156480"
"chr3","138268579","138268799","KN295497v1","593429","593654","24","137675150"
"chr3","138374882","138375186","KN295497v1","701190","701494","19","137673692"
"chr3","138401501","138401633","KN295497v1","728854","728986","5","137672647"
"chr3","138446610","138446744","KN295497v1","783488","783622","12","137663122"
"chr3","138705757","138706050","KN295346v1","1646114","1646406","68","137059643"
"chr3","138730641","138730962","KN294452v1","1374937","1375240","73","137355704"
"chr3","138792799","138792944","KN296829v1","851332","851478","35","137941467"
"chr3","138804042","138804159","KN294193v1","654985","655103","24","138149057"
"chr3","138827373","138827697","KN295073v1","1014806","1015109","83","137812567"
"chr3","138843528","138843659","KN296117v1","303718","303849","7","138539810"
"chr3","138859178","138859473","KN296507v1","738522","738814","71","138120656"
"chr3","138874744","138874949","KN295601v1","3201776","3202001","59","135672968"
"chr3","138904339","138904507","KN297319v1","373164","373327","41","138531175"
"chr3","138969263","138969542","KN294264v1","432867","433151","65","138536396"
"chr3","138972664","138972980","KN296117v1","433694","434012","20","138538970"
"chr3","139003561","139003851","KN297023v1","152219","152509","69","138851342"
"chr3","139375968","139376279","KN296117v1","831462","831769","22","138544506"
"chr3","139661387","139661685","KN297323v1","97375","97678","67","139564012"
"chr3","140325067","140325195","KN294294v1","171584","171711","21","140153483"
"chr3","140372809","140373071","KN295490v1","34980","35237","76","140337829"
"chr3","140635729","140635988","KN296290v1","1215856","1216128","82","139419873"
"chr3","140953675","140953986","KN297165v1","2596688","2597002","69","138356987"
"chr3","140955696","140955988","KN296002v1","35483","35776","67","140920213"
"chr3","140985551","140985776","KN296743v1","1848381","1848599","61","139137170"
"chr3","141070322","141070678","KN296505v1","323963","324278","99","140746359"
"chr3","141113814","141114103","KN297227v1","1123419","1123703","64","139990395"
"chr3","141351472","141351743","KN294419v1","8358","8615","76","141343114"
"chr3","141390873","141391190","KN297219v1","1839754","1840062","64","139551119"
"chr3","141610501","141610789","KN297452v1","1744682","1744969","63","139865819"
"chr3","141661667","141661717","KN295987v1","1877933","1877988","16","139783734"
"chr3","141726656","141726885","KN296637v1","653517","653752","64","141073139"
"chr3","141730886","141731186","KN296588v1","2231711","2232014","63","139499175"
"chr3","141871967","141872119","KN296538v1","79923","80070","40","141792044"
"chr3","141872420","141872599","KN296290v1","2993257","2993432","41","138879163"
"chr3","141909972","141910274","KN295406v1","486578","486886","69","141423394"
"chr3","142040316","142040429","KN296247v1","24105","24225","29","142016211"
"chr3","142040729","142040910","KN294540v1","770939","771118","49","141269790"
"chr3","142073106","142073287","KN294662v1","211735","211913","41","141861371"
"chr3","142127243","142127303","KN297432v1","216200","216249","23","141911043"
"chr3","142127636","142127743","KN294251v1","3824941","3825038","36","138302695"
"chr3","142127919","142128222","KN297171v1","1715719","1716017","82","140412200"
"chr3","142355645","142355916","KN297375v1","58397","58674","79","142297248"
"chr3","142380513","142380657","KN294848v1","1161040","1161175","43","141219473"
"chr3","142482550","142482854","KN295346v1","1646114","1646406","66","140836436"
"chr3","142490062","142490355","KN295346v1","1646114","1646406","63","140843948"
"chr3","142493586","142493885","KN297180v1","314236","314539","62","142179350"
"chr3","142601528","142601816","KN294453v1","24436","24724","77","142577092"
"chr3","142611340","142611621","KN295315v1","11474","11758","59","142599866"
"chr3","142680136","142680364","KN297259v1","427903","428124","52","142252233"
"chr3","142714563","142714679","KN295350v1","290367","290482","22","142424196"
"chr3","142714981","142715163","KN296247v1","751980","752150","44","141963001"
"chr3","142922796","142923075","KN297390v1","84191","84473","64","142838605"
"chr3","142951084","142951215","KN297023v1","686879","687015","20","142264205"
"chr3","143087738","143087880","KN295667v1","1121076","1121214","23","141966662"
"chr3","143816203","143816364","KN296864v1","3353170","3353334","35","140463033"
"chr3","144166183","144166450","KN296339v1","2039540","2039800","77","142126643"
"chr3","145121306","145121629","KN295995v1","300405","300731","88","144820901"
"chr3","145285728","145285894","KN294271v1","8882","9045","37","145276846"
"chr3","146277268","146277593","KN296000v1","951524","951844","77","145325744"
"chr3","147169542","147169843","KN295525v1","61444","61747","26","147108098"
"chr3","147221803","147222028","KN296743v1","1848381","1848599","68","145373422"
"chr3","147468133","147468424","KN297023v1","640512","640805","73","146827621"
"chr3","147508528","147508806","KN295352v1","245560","245828","67","147262968"
"chr3","147843049","147843325","KN296515v1","108704","108986","69","147734345"
"chr3","147861237","147861492","KN297310v1","95064","95326","73","147766173"
"chr3","147994008","147994289","KN296948v1","762193","762479","53","147231815"
"chr3","148109708","148109812","KN297452v1","78148","78242","22","148031560"
"chr3","148167640","148167933","KN296649v1","474335","474640","72","147693305"
"chr3","148428020","148428330","KN294452v1","1374937","1375240","72","147053083"
"chr3","148857711","148857908","KN297313v1","655847","656042","17","148201864"
"chr3","148941824","148942077","KN295962v1","634010","634277","72","148307814"
"chr3","148980455","148980750","KN296201v1","2461082","2461386","88","146519373"
"chr3","149071765","149072058","KN295984v1","150673","150962","58","148921092"
"chr3","149155780","149156033","KN296991v1","837983","838230","61","148317797"
"chr3","149159281","149159578","KN296371v1","158213","158508","61","149001068"
"chr3","149245141","149245305","KN296210v1","326889","327054","52","148918252"
"chr3","149260748","149261036","KN295744v1","408789","409077","68","148851959"
"chr3","149342499","149342726","KN296847v1","410946","411169","52","148931553"
"chr3","149549556","149549868","KN294421v1","9377","9683","61","149540179"
"chr3","149619350","149619640","KN296649v1","28211","28505","61","149591139"
"chr3","149633107","149633399","KN295633v1","778185","778486","59","148854922"
"chr3","149639224","149639496","KN294991v1","1341110","1341371","69","148298114"
"chr3","149727451","149727743","KN294806v1","594997","595290","60","149132454"
"chr3","149782558","149782838","KN295356v1","578208","578494","65","149204350"
"chr3","149856445","149856742","KN296508v1","258998","259298","69","149597447"
"chr3","150058849","150059149","KN296948v1","762193","762479","83","149296656"
"chr3","150415532","150415829","KN296620v1","1074813","1075111","34","149340719"
"chr3","150525679","150525938","KN294613v1","331392","331636","63","150194287"
"chr3","150559365","150559497","KN296146v1","16177","16309","25","150543188"
"chr3","150617324","150617518","KN297026v1","1683472","1683666","46","148933852"
"chr3","150661732","150661902","KN296620v1","826280","826449","9","149835452"
"chr3","150717219","150717511","KN294399v1","171378","171682","66","150545841"
"chr3","151027445","151027750","KN296864v1","1939832","1940132","61","149087613"
"chr3","151825098","151825413","KN296649v1","28211","28505","80","151796887"
"chr3","152140604","152140884","KN296884v1","1130875","1131150","29","151009729"
"chr3","152215215","152215527","KN294619v1","1593520","1593816","87","150621695"
"chr3","152238069","152238147","KN295236v1","1305949","1306032","19","150932120"
"chr3","152427397","152427552","KN296365v1","532697","532854","37","151894700"
"chr3","152682078","152682297","KN295596v1","3046296","3046522","60","149635782"
"chr3","152855367","152855489","KN294964v1","965459","965591","30","151889908"
"chr3","152975350","152975639","KN296884v1","250367","250660","23","152724983"
"chr3","153135301","153135579","KN295576v1","164716","164996","67","152970585"
"chr3","153204661","153204820","KN296263v1","536654","536807","34","152668007"
"chr3","153859860","153860152","KN294519v1","59309","59574","42","153800551"
"chr3","154874700","154874987","KN295294v1","3123609","3123890","65","151751091"
"chr3","154966224","154966350","KN296818v1","265288","265432","23","154700936"
"chr3","155204793","155204921","KN294705v1","1594003","1594134","24","153610790"
"chr3","155577060","155577266","KN296158v1","230905","231113","53","155346155"
"chr3","155776503","155776787","KN295987v1","158779","159052","28","155617724"
"chr3","155836615","155836890","KN297016v1","101503","101788","74","155735112"
"chr3","155838338","155838398","KN295987v1","238836","238899","8","155599502"
"chr3","155838701","155838864","KN295987v1","239198","239337","34","155599503"
"chr3","155896588","155896720","KN296004v1","350579","350712","25","155546009"
"chr3","155926021","155926311","KN297227v1","1049335","1049619","60","154876686"
"chr3","156669454","156669636","KN295294v1","144515","144695","57","156524939"
"chr3","156669933","156670053","KN294172v1","6039824","6039947","25","150630109"
"chr3","156695203","156695523","KN294964v1","1274971","1275281","70","155420232"
"chr3","156700090","156700401","KN295987v1","1142083","1142355","48","155558007"
"chr3","156957793","156957910","KN295987v1","1409300","1409399","24","155548493"
"chr3","157204067","157204249","KN294703v1","325831","325997","56","156878236"
"chr3","157274512","157274799","KN295987v1","1740033","1740319","22","155534479"
"chr3","157737098","157737406","KN294239v1","243029","243336","70","157494069"
"chr3","157944032","157944364","KN296935v1","367102","367444","29","157576930"
"chr3","158080561","158080876","KN294964v1","2082241","2082554","73","155998320"
"chr3","158412675","158412803","KN294457v1","130203","130331","29","158282472"
"chr3","158696196","158696462","KN294234v1","2134335","2134588","73","156561861"
"chr3","158825170","158825432","KN296242v1","748222","748483","21","158076948"
"chr3","159399695","159399957","KN294571v1","2055636","2055896","60","157344059"
"chr3","159962160","159962454","KN296864v1","2279896","2280175","76","157682264"
"chr3","159963344","159963486","KN296980v1","588776","588919","25","159374568"
"chr3","160037174","160037329","KN296108v1","328577","328715","24","159708597"
"chr3","160167090","160167250","KN294991v1","973655","973815","37","159193435"
"chr3","160201180","160201468","KN296108v1","543721","544013","15","159657459"
"chr3","160307163","160307447","KN296108v1","662332","662610","24","159644831"
"chr3","160356516","160356819","KN297046v1","1875391","1875685","68","158481125"
"chr3","160392789","160393078","KN296108v1","736647","736943","19","159656142"
"chr3","160415090","160415362","KN296108v1","765175","765448","25","159649915"
"chr3","160556938","160557052","KN296108v1","909130","909244","6","159647808"
"chr3","160605458","160605718","KN296108v1","954277","954539","49","159651181"
"chr3","160621047","160621342","KN296108v1","969299","969625","48","159651748"
"chr3","160625618","160625903","KN294570v1","166260","166534","74","160459358"
"chr3","160643632","160643894","KN296108v1","992045","992327","35","159651587"
"chr3","161157981","161158104","KN296108v1","1526231","1526354","7","159631750"
"chr3","161162391","161162697","KN296108v1","1530313","1530615","24","159632078"
"chr3","161174775","161175073","KN294172v1","1944132","1944423","70","159230643"
"chr3","161197782","161198044","KN296108v1","1558704","1558968","30","159639078"
"chr3","161218025","161218331","KN295573v1","1390691","1391001","82","159827334"
"chr3","161354351","161354645","KN296948v1","762193","762479","66","160592158"
"chr3","161546718","161547010","KN296108v1","1951707","1951972","45","159595011"
"chr3","162746963","162747257","KN295388v1","107341","107650","36","162639622"
"chr3","163489781","163489947","KN297278v1","348999","349150","32","163140782"
"chr3","163502342","163502542","KN297190v1","98686","98881","54","163403656"
"chr3","163933435","163933612","KN296926v1","317317","317500","44","163616118"
"chr3","164574032","164574150","KN294410v1","486228","486353","27","164087804"
"chr3","165293528","165293725","KN296732v1","3363129","3363326","67","161930399"
"chr3","165378381","165378688","KN295346v1","1646114","1646406","82","163732267"
"chr3","165514749","165515044","KN295633v1","778185","778486","73","164736564"
"chr3","165561032","165561332","KN295910v1","54930","55220","77","165506102"
"chr3","165943151","165943442","KN295957v1","118147","118470","48","165825004"
"chr3","167324146","167324420","KN294540v1","274141","274402","79","167050005"
"chr3","167704231","167704527","KN295352v1","729753","730045","62","166974478"
"chr3","167740015","167740325","KN296096v1","1326102","1326406","67","166413913"
"chr3","167824762","167825073","KN297180v1","314236","314539","75","167510526"
"chr3","167935339","167935623","KN295667v1","231256","231541","79","167704083"
"chr3","168160961","168161198","KN295257v1","563893","564140","64","167597068"
"chr3","169283221","169283371","KN295236v1","1052651","1052796","28","168230570"
"chr3","169374751","169375058","KN296322v1","1648835","1649139","80","167725916"
"chr3","169490898","169491156","KN295984v1","1341099","1341346","76","168149799"
"chr3","169543293","169543573","KN294147v1","2133356","2133601","45","167409937"
"chr3","170011956","170012236","KN294147v1","1647529","1647814","21","168364427"
"chr3","170060486","170060802","KN295102v1","387826","388136","74","169672660"
"chr3","170062990","170063054","KN297274v1","91364","91430","21","169971626"
"chr3","170072902","170073206","KN294147v1","1590568","1590837","51","168482334"
"chr3","170405100","170405404","KN294147v1","1262145","1262452","29","169142955"
"chr3","170411265","170411529","KN296311v1","5278234","5278515","77","165133031"
"chr3","170413751","170414021","KN294373v1","903956","904224","77","169509795"
"chr3","170838199","170838492","KN294147v1","845655","845948","28","169992544"
"chr3","171406427","171406728","KN294147v1","277793","278097","30","171128634"
"chr3","171434440","171434759","KN296528v1","821177","821492","61","170613263"
"chr3","171484613","171484918","KN294147v1","202043","202345","21","171282570"
"chr3","171612887","171613186","KN296322v1","1648835","1649139","64","169964052"
"chr3","171735129","171735433","KN297108v1","85656","85949","74","171649473"
"chr3","171839375","171839658","KN296495v1","1076274","1076557","68","170763101"
"chr3","172046328","172046623","KN297058v1","194613","194917","80","171851715"
"chr3","172080267","172080577","KN294439v1","130265","130569","61","171950002"
"chr3","172323239","172323518","KN296992v1","139571","139845","75","172183668"
"chr3","172646071","172646360","KN295708v1","2790498","2790788","66","169855573"
"chr3","172743576","172743711","KN295114v1","20274","20431","43","172723302"
"chr3","172931229","172931547","KN296096v1","1242634","1242933","72","171688595"
"chr3","173211994","173212178","KN295361v1","882059","882232","54","172329935"
"chr3","173233573","173233876","KN295633v1","909764","910066","72","172323809"
"chr3","173556533","173556817","KN295346v1","1646114","1646406","70","171910419"
"chr3","173618191","173618485","KN296507v1","738522","738814","68","172879669"
"chr3","173995672","173995985","KN297046v1","3065440","3065749","74","170930232"
"chr3","174153711","174153869","KN296315v1","917369","917527","37","173236342"
"chr3","174246438","174246709","KN294187v1","1887786","1888062","64","172358652"
"chr3","174298479","174298785","KN296726v1","179469","179768","78","174119010"
"chr3","174817320","174817612","KN295667v1","2331552","2331850","73","172485768"
"chr3","174961150","174961277","KN294711v1","709159","709287","26","174251991"
"chr3","174987627","174987794","KN294991v1","973655","973815","36","174013972"
"chr3","174987829","174987967","KN295236v1","677208","677340","39","174310621"
"chr3","175475730","175476022","KN295165v1","113597","113889","19","175362133"
"chr3","175497084","175497239","KN294346v1","260578","260726","33","175236506"
"chr3","175511960","175512266","KN294446v1","591120","591416","80","174920840"
"chr3","175718698","175718801","KN295667v1","2094667","2094776","27","173624031"
"chr3","175748823","175749100","KN295825v1","631333","631608","72","175117490"
"chr3","176340414","176340708","KN296495v1","1076274","1076557","72","175264140"
"chr3","176343985","176344275","KN294457v1","210304","210595","72","176133681"
"chr3","176586102","176586389","KN295923v1","1008322","1008617","65","175577780"
"chr3","176974603","176974916","KN295406v1","486578","486886","68","176488025"
"chr3","177113549","177113684","KN296538v1","514898","515032","26","176598651"
"chr3","177185728","177186043","KN295995v1","1613251","1613567","74","175572477"
"chr3","177202784","177202845","KN296311v1","4209313","4209363","25","172993471"
"chr3","177204463","177204595","KN296079v1","747199","747316","46","176457264"
"chr3","177230203","177230440","KN295814v1","1556767","1557008","61","175673436"
"chr3","177249551","177249833","KN296508v1","1973232","1973505","68","175276319"
"chr3","177249864","177249882","KN296569v1","4665","4683","4","177245199"
"chr3","177256680","177256801","KN294806v1","523544","523670","30","176733136"
"chr3","177266864","177267027","KN296661v1","423518","423684","33","176843346"
"chr3","177286367","177286663","KN296322v1","1648835","1649139","64","175637532"
"chr3","177373231","177373362","KN296138v1","11819","11953","20","177361412"
"chr3","178104361","178104591","KN297293v1","389052","389282","65","177715309"
"chr3","178589469","178589708","KN297015v1","27449","27685","60","178562020"
"chr3","178766191","178766493","KN294452v1","1374937","1375240","69","177391254"
"chr3","179103418","179103725","KN295753v1","26465","26763","76","179076953"
"chr3","179110109","179110418","KN294433v1","559386","559661","53","178550723"
"chr3","179312643","179312967","KN294433v1","340609","340916","44","178972034"
"chr3","179314106","179314386","KN294433v1","339066","339347","31","178975040"
"chr3","179335104","179335390","KN296883v1","2609802","2610089","68","176725302"
"chr3","179502827","179503125","KN294433v1","139236","139530","23","179363591"
"chr3","179714643","179714735","KN297046v1","1396963","1397060","21","178317680"
"chr3","179907312","179907608","KN296507v1","738522","738814","56","179168790"
"chr3","180890595","180890728","KN296311v1","4815038","4815168","27","176075557"
"chr3","180891311","180891537","KN294458v1","1818611","1818826","53","179072700"
"chr3","180910986","180911030","KN296424v1","39717","39759","9","180871269"
"chr3","181606939","181607210","KN295571v1","291739","292022","23","181315200"
"chr3","181769599","181769928","KN294470v1","3158192","3158503","80","178611407"
"chr3","181795101","181795408","KN295110v1","82228","82539","63","181712873"
"chr3","181823094","181823386","KN295571v1","511290","511581","30","181311804"
"chr3","181823411","181823590","KN295722v1","1530489","1530661","44","180292922"
"chr3","181914533","181914689","KN294831v1","330977","331143","44","181583556"
"chr3","182353044","182353330","KN295571v1","1033036","1033312","19","181320008"
"chr3","182684326","182684584","KN296036v1","2336843","2337101","16","180347483"
"chr3","182783251","182783384","KN296643v1","191078","191208","22","182592173"
"chr3","182800230","182800525","KN296036v1","2226548","2226840","24","180573682"
"chr3","182871020","182871313","KN294260v1","822843","823138","58","182048177"
"chr3","182946835","182947125","KN296036v1","2072069","2072345","29","180874766"
"chr3","183012007","183012313","KN294264v1","373025","373336","70","182638982"
"chr3","183021236","183021514","KN296036v1","1995992","1996275","12","181025244"
"chr3","183050071","183050202","KN295236v1","2369540","2369674","22","180680531"
"chr3","183058333","183058639","KN296538v1","333498","333794","68","182724835"
"chr3","183084640","183084912","KN294569v1","652042","652317","69","182432598"
"chr3","183231457","183231758","KN296883v1","2609802","2610089","68","180621655"
"chr3","183467681","183467971","KN296001v1","79566","79857","71","183388115"
"chr3","183649636","183649906","KN297197v1","1048614","1048879","64","182601022"
"chr3","183675652","183675782","KN296311v1","4657589","4657718","23","179018063"
"chr3","183685584","183685880","KN294378v1","178962","179259","65","183506622"
"chr3","183796949","183796986","KN296646v1","838353","838388","11","182958596"
"chr3","183797289","183797541","KN296467v1","110003","110248","62","183687286"
"chr3","183837830","183837972","KN296036v1","1134902","1135044","13","182702928"
"chr3","183874791","183875073","KN297390v1","84191","84473","62","183790600"
"chr3","183911931","183912093","KN296036v1","1063728","1063901","22","182848203"
"chr3","183999498","183999764","KN296731v1","1403282","1403549","65","182596216"
"chr3","184000980","184001270","KN296507v1","738522","738814","72","183262458"
"chr3","184061372","184061674","KN296322v1","1648835","1649139","84","182412537"
"chr3","184126933","184127241","KN295667v1","1567361","1567664","64","182559572"
"chr3","184310301","184310597","KN296036v1","654600","654911","30","183655701"
"chr3","184454159","184454444","KN297452v1","1744682","1744969","63","182709477"
"chr3","184609151","184609365","KN296508v1","1675720","1675934","49","182933431"
"chr3","184804591","184804887","KN296036v1","176816","177127","33","184627775"
"chr3","184929193","184929489","KN296371v1","158213","158508","60","184770980"
"chr3","184948297","184948535","KN295933v1","676121","676354","59","184272176"
"chr3","185314641","185314940","KN295983v1","1223920","1224199","78","184090721"
"chr3","185333611","185333746","KN296311v1","4657589","4657718","21","180676022"
"chr3","185450486","185450786","KN295755v1","65062","65377","79","185385424"
"chr3","185495444","185495741","KN297398v1","103760","104057","55","185391684"
"chr3","185529610","185529879","KN296508v1","1973232","1973505","58","183556378"
"chr3","185554899","185555195","KN296538v1","103185","103491","69","185451714"
"chr3","185701097","185701229","KN296430v1","537283","537418","23","185163814"
"chr3","185722038","185722233","KN294205v1","957443","957638","55","184764595"
"chr3","185785543","185785806","KN296508v1","1973232","1973505","76","183812311"
"chr3","185831473","185831760","KN297146v1","529862","530151","62","185301611"
"chr3","185906820","185907107","KN296430v1","725785","726075","66","185181035"
"chr3","186163024","186163303","KN296649v1","220350","220626","61","185942674"
"chr3","186899611","186899915","KN294668v1","2117146","2117456","36","184782465"
"chr3","187115777","187115913","KN294668v1","2329789","2329926","9","184785988"
"chr3","187554377","187554509","KN296643v1","191078","191208","17","187363299"
"chr3","188316318","188316458","KN294668v1","3524212","3524354","7","184792106"
"chr3","188463204","188463471","KN294668v1","3665996","3666228","46","184797208"
"chr3","189054555","189054793","KN295933v1","676121","676354","63","188378434"
"chr3","190018426","190018723","KN294210v1","473112","473404","58","189545314"
"chr3","190184822","190185019","KN296577v1","938048","938235","48","189246774"
"chr3","190185308","190185359","KN295893v1","883771","883820","13","189301537"
"chr3","190531105","190531278","KN295722v1","1530489","1530661","47","189000616"
"chr3","190690985","190691288","KN295102v1","38793","39103","64","190652192"
"chr3","190817939","190818213","KN295433v1","425544","425817","88","190392395"
"chr3","190867527","190867815","KN295984v1","150673","150962","52","190716854"
"chr3","190927081","190927301","KN294239v1","1582385","1582603","64","189344696"
"chr3","190981612","190981901","KN295352v1","729753","730045","71","190251859"
"chr3","191340839","191341092","KN294650v1","596463","596718","62","190744376"
"chr3","191504373","191504550","KN297190v1","149405","149577","56","191354968"
"chr3","191524291","191524475","KN294269v1","1609579","1609744","51","189914712"
"chr3","191596786","191597057","KN295480v1","1342408","1342684","77","190254378"
"chr3","191676235","191676512","KN296145v1","2771580","2771860","68","188904655"
"chr3","191773783","191774105","KN295633v1","909764","910066","82","190864019"
"chr3","192020878","192021030","KN294346v1","260578","260726","34","191760300"
"chr3","192098866","192099155","KN297038v1","2793093","2793393","38","189305773"
"chr3","192099644","192099930","KN297038v1","2792317","2792604","21","189307327"
"chr3","192119830","192120114","KN297038v1","2772172","2772456","23","189347658"
"chr3","192587534","192587819","KN295907v1","1678208","1678490","68","190909326"
"chr3","192703839","192703992","KN297038v1","2178892","2179045","8","190524947"
"chr3","192913542","192913849","KN295814v1","1099950","1100250","67","191813592"
"chr3","193075592","193075750","KN296864v1","3353170","3353334","38","189722422"
"chr3","193410431","193410742","KN296079v1","2189647","2189953","74","191220784"
"chr3","193712897","193713204","KN297038v1","1161612","1161928","36","192551285"
"chr3","193783840","193783959","KN297038v1","1091986","1092105","16","192691854"
"chr3","193931280","193931412","KN297038v1","940555","940687","6","192990725"
"chr3","194206869","194207151","KN295594v1","198806","199091","71","194008063"
"chr3","194540254","194540373","KN297038v1","317140","317257","4","194223114"
"chr3","194576564","194576698","KN297038v1","275715","275848","9","194300849"
"chr3","194576988","194577171","KN297038v1","275241","275429","18","194301747"
"chr3","194715801","194715930","KN294172v1","6272486","6272617","23","188443315"
"chr3","194739776","194740080","KN297038v1","119662","119970","24","194620114"
"chr3","195264784","195265087","KN295667v1","1567361","1567664","82","193697423"
"chr3","195287434","195287603","KN297184v1","81214","81385","50","195206220"
"chr3","195343946","195344252","KN297245v1","2237012","2237311","79","193106934"
"chr3","195347726","195348045","KN296542v1","103665","103974","73","195244061"
"chr3","195394675","195394917","KN294239v1","1582385","1582603","81","193812290"
"chr3","195437055","195437341","KN295117v1","112788","113084","61","195324267"
"chr3","195477293","195477421","KN295449v1","587976","588098","24","194889317"
"chr3","195568342","195568646","KN295757v1","30134","30432","60","195538208"
"chr3","195657481","195657620","KN296802v1","158572","158710","20","195498909"
"chr3","195664554","195664833","KN295984v1","2286186","2286477","66","193378368"
"chr3","195675884","195676011","KN296802v1","177374","177511","22","195498510"
"chr3","195793961","195794091","KN296643v1","191078","191208","18","195602883"
"chr3","195843410","195843520","KN294456v1","1019215","1019322","26","194824195"
"chr3","195973164","195973291","KN296802v1","177374","177511","22","195795790"
"chr3","195983543","195983808","KN296180v1","1653282","1653543","71","194330261"
"chr3","195990735","195990875","KN296802v1","158572","158710","21","195832163"
"chr3","196033525","196033834","KN294954v1","70243","70554","67","195963282"
"chr3","196101057","196101176","KN297038v1","317140","317257","28","195783917"
"chr3","196101498","196101638","KN295523v1","4072248","4072409","47","192029250"
"chr3","196263209","196263516","KN295929v1","240001","240300","74","196023208"
"chr3","196323106","196323401","KN296682v1","2256354","2256645","60","194066752"
"chr3","196360768","196360980","KN295601v1","3201776","3202001","73","193158992"
"chr3","196451744","196452008","KN294991v1","1341110","1341371","66","195110634"
"chr3","196464650","196464961","KN295753v1","26465","26763","70","196438185"
"chr3","196465276","196465415","KN294964v1","965459","965591","27","195499817"
"chr3","196484657","196484955","KN296528v1","1109404","1109696","66","195375253"
"chr3","196486355","196486629","KN296495v1","1076274","1076557","64","195410081"
"chr3","196819857","196819997","KN295706v1","131306","131439","29","196688551"
"chr3","196839262","196839562","KN295633v1","909764","910066","67","195929498"
"chr3","196854518","196854698","KN296661v1","423518","423684","46","196431000"
"chr3","196854994","196855141","KN294848v1","656940","657076","34","196198054"
"chr3","196954929","196955225","KN296538v1","333498","333794","57","196621431"
"chr3","197112584","197112894","KN294452v1","1374937","1375240","72","195737647"
"chr3","197123974","197124241","KN294235v1","979340","979628","80","196144634"
"chr3","197277853","197278002","KN294210v1","836667","836810","40","196441186"
"chr3","197278312","197278507","KN296109v1","564239","564419","52","196714073"
"chr3","197621121","197621400","KN295984v1","2286186","2286477","67","195334935"
"chr3","197628326","197628464","KN296802v1","158572","158710","22","197469754"
"chr3","197806855","197807058","KN294372v1","2271473","2271671","57","195535382"
"chr3","197846413","197846549","KN294790v1","3690102","3690234","26","194156311"
"chr3","197915992","197916271","KN296404v1","2095101","2095370","61","195820891"
"chr3","197935502","197935774","KN296948v1","762193","762479","58","197173309"
"chr3","198023202","198023488","KN296303v1","805215","805501","55","197217987"
"chr3","198042250","198042400","KN294856v1","256027","256175","39","197786223"
"chr3","198197015","198197134","KN295441v1","789788","789916","28","197407227"
"chr3","198207238","198207297","KN296316v1","254338","254391","9","197952900"
"chr3","198207612","198207711","KN296316v1","253938","254035","6","197953674"
"chr4","174063467","174063658","KN297026v1","1683472","1683666","41","172379995"
"chr4","25296748","25297060","KN296759v1","210528","210836","72","25086220"
"chr4","57016267","57016531","KN295523v1","3469042","3469297","65","53547225"
"chr4","76808147","76808457","KN295102v1","38793","39103","73","76769354"
"chr4","586437","586760","KN297327v1","236069","236376","71","350368"
"chr4","1128960","1129255","KN295117v1","112788","113084","57","1016172"
"chr4","1158897","1159182","KN297327v1","807993","808286","23","350904"
"chr4","1266049","1266334","KN297180v1","110970","111263","55","1155079"
"chr4","1389205","1389362","KN297327v1","1056034","1056190","6","333171"
"chr4","1389679","1389824","KN297327v1","1056507","1056652","14","333172"
"chr4","1697858","1698079","KN294569v1","167642","167877","60","1530216"
"chr4","1698341","1698420","KN294501v1","2520808","2520892","26","822467"
"chr4","1698794","1699078","KN296371v1","158213","158508","59","1540581"
"chr4","1714122","1714253","KN295077v1","389803","389932","30","1324319"
"chr4","1874970","1875258","KN295171v1","12625","12912","66","1862345"
"chr4","1893952","1894254","KN294187v1","1887786","1888062","87","6166"
"chr4","1996970","1997131","KN295045v1","685836","686001","42","1311134"
"chr4","2014329","2014462","KN294372v1","1354040","1354163","29","660289"
"chr4","2160416","2160707","KN294457v1","210304","210595","60","1950112"
"chr4","2187830","2188115","KN296732v1","3759509","3759790","57","1571679"
"chr4","2237174","2237462","KN295820v1","884516","884794","74","1352658"
"chr4","2318763","2318928","KN294842v1","123455","123618","45","2195308"
"chr4","2355590","2355877","KN295075v1","476875","477161","58","1878715"
"chr4","2415335","2415451","KN294741v1","1083617","1083736","23","1331718"
"chr4","2415480","2415494","KN295722v1","2808176","2808190","2","392696"
"chr4","2521847","2521917","KN294535v1","80806","80875","18","2441041"
"chr4","2539423","2539706","KN297452v1","1187475","1187762","72","1351948"
"chr4","2544283","2544420","KN295605v1","687968","688102","33","1856315"
"chr4","2544720","2544886","KN296311v1","2361464","2361632","42","183256"
"chr4","2665495","2665826","KN294634v1","387267","387565","88","2278228"
"chr4","2705932","2706232","KN296507v1","738522","738814","71","1967410"
"chr4","2752768","2753100","KN296390v1","259931","260235","88","2492837"
"chr4","2851064","2851220","KN295293v1","32626","32785","41","2818438"
"chr4","2951692","2951825","KN294711v1","709159","709287","33","2242533"
"chr4","3108765","3109067","KN297398v1","103760","104057","70","3005005"
"chr4","3192075","3192377","KN295294v1","1101026","1101317","73","2091049"
"chr4","3202730","3203023","KN295633v1","778185","778486","71","2424545"
"chr4","3326254","3326540","KN296964v1","1814390","1814681","63","1511864"
"chr4","4059972","4060268","KN294161v1","491457","491757","67","3568515"
"chr4","4326781","4326916","KN295706v1","131306","131439","21","4195475"
"chr4","4328616","4328887","KN297390v1","84191","84473","68","4244425"
"chr4","4375552","4375881","KN296907v1","1087372","1087677","87","3288180"
"chr4","4559310","4559446","KN294987v1","646342","646477","30","3912968"
"chr4","4561570","4561884","KN297066v1","48943","49249","69","4512627"
"chr4","4679023","4679293","KN295983v1","1223920","1224199","57","3455103"
"chr4","4790060","4790187","KN297023v1","686879","687015","20","4103181"
"chr4","5601994","5602321","KN296513v1","2638593","2638902","45","2963401"
"chr4","5830947","5831246","KN294873v1","1303218","1303511","71","4527729"
"chr4","6220682","6220970","KN296513v1","2011249","2011526","39","4209433"
"chr4","6589798","6590087","KN295753v1","26465","26763","66","6563333"
"chr4","6686509","6686632","KN296402v1","596172","596293","20","6090337"
"chr4","6712545","6712843","KN294439v1","130265","130569","64","6582280"
"chr4","6737284","6737402","KN294457v1","1164538","1164662","25","5572746"
"chr4","6885647","6885914","KN296513v1","1353262","1353530","16","5532385"
"chr4","6965566","6965811","KN296513v1","1275786","1276072","60","5689780"
"chr4","6979345","6979633","KN296513v1","1263369","1263649","24","5715976"
"chr4","7830597","7830892","KN297026v1","800582","800867","61","7030015"
"chr4","7922702","7923019","KN296513v1","318377","318665","40","7604325"
"chr4","7954449","7954761","KN295480v1","1274084","1274387","69","6680365"
"chr4","8500001","8500208","KN297197v1","281123","281326","59","8218878"
"chr4","9029984","9030116","KN295706v1","131306","131439","22","8898678"
"chr4","9863152","9863411","KN294552v1","1295874","1296134","51","8567278"
"chr4","10566702","10566836","KN296311v1","6471968","6472102","22","4094734"
"chr4","10844866","10845147","KN295708v1","735658","735943","63","10109208"
"chr4","10859147","10859429","KN294571v1","2055636","2055896","72","8803511"
"chr4","11243182","11243442","KN295267v1","81052","81310","65","11162130"
"chr4","11247385","11247681","KN296849v1","957882","958183","66","10289503"
"chr4","11269486","11269764","KN296847v1","2123793","2124076","61","9145693"
"chr4","11289495","11289752","KN296731v1","1403282","1403549","60","9886213"
"chr4","11678050","11678182","KN294964v1","1607117","1607249","21","10070933"
"chr4","12142372","12142647","KN295122v1","132335","132620","28","12010037"
"chr4","12810917","12811163","KN294873v1","82870","83122","60","12728047"
"chr4","13169126","13169416","KN294199v1","1022551","1022840","69","12146575"
"chr4","13504126","13504344","KN294372v1","2435922","2436135","54","11068204"
"chr4","13511063","13511350","KN294345v1","1713106","1713396","66","11797957"
"chr4","14641971","14642128","KN295142v1","1634911","1635072","47","13007060"
"chr4","15304385","15304646","KN294571v1","2055636","2055896","68","13248749"
"chr4","15964510","15964790","KN297189v1","235450","235714","74","15729060"
"chr4","16243640","16243829","KN294372v1","2271473","2271671","49","13972167"
"chr4","16603865","16604152","KN296337v1","769045","769332","19","15834820"
"chr4","17048587","17048880","KN296337v1","320053","320347","22","16728534"
"chr4","17249035","17249351","KN294161v1","491457","491757","71","16757578"
"chr4","17533671","17533968","KN295929v1","240001","240300","74","17293670"
"chr4","17537362","17537474","KN296153v1","1944022","1944129","20","15593340"
"chr4","17696544","17696816","KN294741v1","582193","582466","66","17114351"
"chr4","17805680","17805965","KN295667v1","935881","936160","59","16869799"
"chr4","17835214","17835491","KN294210v1","473112","473404","65","17362102"
"chr4","18437313","18437588","KN296731v1","1028220","1028490","63","17409093"
"chr4","18893812","18894121","KN296078v1","592394","592711","28","18301418"
"chr4","19552718","19553014","KN295346v1","1542461","1542751","71","18010257"
"chr4","19558992","19559291","KN296078v1","1273538","1273831","23","18285454"
"chr4","20233555","20233847","KN296202v1","201399","201689","34","20032156"
"chr4","20310893","20311188","KN296202v1","278185","278478","20","20032708"
"chr4","20338807","20339116","KN295102v1","38793","39103","73","20300014"
"chr4","21023622","21023903","KN296982v1","449377","449668","67","20574245"
"chr4","21373126","21373328","KN295994v1","491289","491494","56","20881837"
"chr4","21541632","21541942","KN294452v1","1024655","1024959","66","20516977"
"chr4","21883160","21883448","KN294207v1","141842","142144","78","21741318"
"chr4","22331876","22332168","KN295744v1","408789","409077","65","21923087"
"chr4","22480914","22481052","KN294987v1","646342","646477","29","21834572"
"chr4","22913659","22913891","KN297095v1","2669325","2669548","60","20244334"
"chr4","23777898","23778192","KN295433v1","2018712","2019016","28","21759186"
"chr4","24221637","24221787","KN296225v1","462090","462236","35","23759547"
"chr4","24464993","24465161","KN296096v1","680679","680846","48","23784314"
"chr4","25199437","25199564","KN296225v1","229061","229185","21","24970376"
"chr4","25227295","25227595","KN295433v1","523472","523773","21","24703823"
"chr4","25237743","25237904","KN295433v1","513011","513183","20","24724732"
"chr4","25321252","25321370","KN295433v1","439296","439412","7","24881956"
"chr4","25321672","25321814","KN295433v1","438862","439004","9","24882810"
"chr4","25322161","25322249","KN296513v1","2370825","2370911","18","22951336"
"chr4","25334839","25335110","KN295433v1","425544","425817","19","24909295"
"chr4","25460598","25460933","KN296119v1","1431837","1432146","97","24028761"
"chr4","25482837","25482920","KN295236v1","2370219","2370291","28","23112618"
"chr4","25483225","25483460","KN297015v1","27449","27685","59","25455776"
"chr4","25555501","25555789","KN295433v1","200742","201021","30","25354759"
"chr4","25572512","25572623","KN297259v1","621520","621620","34","24950992"
"chr4","25573535","25573569","KN296290v1","587719","587750","7","24985816"
"chr4","25599606","25599907","KN296883v1","2609802","2610089","67","22989804"
"chr4","25600737","25600869","KN295433v1","157749","157881","7","25442988"
"chr4","25693217","25693265","KN297094v1","101787","101835","9","25591430"
"chr4","25853095","25853260","KN295705v1","2338948","2339110","38","23514147"
"chr4","25980483","25980753","KN296495v1","1076274","1076557","72","24904209"
"chr4","26046812","26047070","KN296270v1","506695","506963","36","25540117"
"chr4","26157149","26157466","KN296270v1","393341","393657","22","25763808"
"chr4","26195090","26195313","KN296062v1","2277688","2277919","56","23917402"
"chr4","26290048","26290346","KN294581v1","108430","108726","81","26181618"
"chr4","26336408","26336484","KN296869v1","356593","356675","24","25979815"
"chr4","26336512","26336671","KN294739v1","903316","903465","37","25433196"
"chr4","26348694","26349006","KN294421v1","9377","9683","68","26339317"
"chr4","26474142","26474415","KN296270v1","82151","82427","20","26391991"
"chr4","26498074","26498362","KN296270v1","58872","59155","35","26439202"
"chr4","26535336","26535472","KN296270v1","18425","18558","18","26516911"
"chr4","26639045","26639359","KN295633v1","778185","778486","68","25860860"
"chr4","26682943","26683048","KN296403v1","131451","131560","10","26551492"
"chr4","27481176","27481480","KN297058v1","392670","392966","70","27088506"
"chr4","27737635","27737930","KN296864v1","1939832","1940132","64","25797803"
"chr4","28203780","28203802","KN294199v1","348628","348645","11","27855152"
"chr4","28206104","28206358","KN295092v1","980286","980537","71","27225818"
"chr4","28475156","28475418","KN295195v1","164063","164337","29","28311093"
"chr4","28663471","28663620","KN297327v1","920937","921085","40","27742534"
"chr4","29946948","29947243","KN295607v1","571124","571405","78","29375824"
"chr4","30519201","30519508","KN296649v1","474335","474640","76","30044866"
"chr4","30544149","30544415","KN295685v1","1371231","1371500","19","29172918"
"chr4","31028401","31028672","KN295633v1","1501780","1502052","87","29526621"
"chr4","31053465","31053583","KN297038v1","317140","317257","23","30736325"
"chr4","31078296","31078618","KN294271v1","1074955","1075251","105","30003341"
"chr4","31148234","31148523","KN295068v1","49131","49419","78","31099103"
"chr4","31381987","31382263","KN295967v1","1520844","1521111","73","29861143"
"chr4","31390539","31390691","KN296738v1","200423","200579","35","31190116"
"chr4","31493155","31493444","KN295346v1","1646114","1646406","63","29847041"
"chr4","31844241","31844514","KN296948v1","762193","762479","67","31082048"
"chr4","31958631","31958821","KN294372v1","59449","59630","60","31899182"
"chr4","32064957","32065088","KN296311v1","4657589","4657718","25","27407368"
"chr4","32205979","32206268","KN296495v1","1076274","1076557","66","31129705"
"chr4","32735883","32736160","KN294987v1","187998","188261","84","32547885"
"chr4","32917275","32917573","KN294218v1","2398047","2398340","71","30519228"
"chr4","33301452","33301558","KN294456v1","1019215","1019322","31","32282237"
"chr4","35012139","35012373","KN294446v1","801059","801280","70","34211080"
"chr4","35133690","35133977","KN295117v1","112788","113084","80","35020902"
"chr4","35270018","35270305","KN296948v1","762193","762479","69","34507825"
"chr4","35435871","35436175","KN294848v1","1246098","1246379","84","34189773"
"chr4","36170307","36170440","KN295983v1","3161094","3161227","5","33009213"
"chr4","36686243","36686537","KN295257v1","1053950","1054233","81","35632293"
"chr4","36997266","36997568","KN296849v1","694658","694962","77","36302608"
"chr4","37834053","37834352","KN295983v1","1440757","1441062","28","36393296"
"chr4","37921773","37922036","KN296311v1","2581889","2582135","80","35339884"
"chr4","38056527","38056807","KN295983v1","1223920","1224199","17","36832607"
"chr4","38184999","38185310","KN294239v1","243029","243336","75","37941970"
"chr4","38256040","38256164","KN295983v1","1014873","1014997","10","37241167"
"chr4","38307241","38307498","KN295267v1","81052","81310","67","38226189"
"chr4","38558810","38559111","KN296515v1","108704","108986","78","38450106"
"chr4","38731973","38732239","KN295531v1","58152","58425","63","38673821"
"chr4","38732282","38732300","KN296569v1","4665","4683","3","38727617"
"chr4","38788727","38789030","KN295983v1","481615","481941","38","38307112"
"chr4","38864730","38865028","KN295099v1","55159","55457","67","38809571"
"chr4","38885303","38885567","KN297046v1","3526635","3526886","63","35358668"
"chr4","39106768","39107031","KN295983v1","165908","166176","37","38940860"
"chr4","39188435","39188638","KN295967v1","534752","534906","68","38653683"
"chr4","39220330","39220487","KN296701v1","462609","462775","35","38757721"
"chr4","39242968","39243012","KN295854v1","1484570","1484606","16","37758398"
"chr4","39246224","39246357","KN295983v1","35013","35146","11","39211211"
"chr4","39453186","39453454","KN294571v1","170629","170908","37","39282557"
"chr4","39455445","39455549","KN295236v1","809349","809443","28","38646096"
"chr4","39466439","39466728","KN294571v1","184233","184523","19","39282206"
"chr4","39557312","39557384","KN295198v1","687444","687511","24","38869868"
"chr4","39587635","39587769","KN294457v1","1164538","1164662","41","38423097"
"chr4","39610494","39610712","KN295610v1","77007","77226","48","39533487"
"chr4","39648348","39648646","KN294571v1","379120","379415","16","39269228"
"chr4","39652517","39652842","KN297184v1","1114866","1115167","81","38537651"
"chr4","39691531","39691813","KN296865v1","1172192","1172469","63","38519339"
"chr4","39710287","39710568","KN294571v1","441271","441558","26","39269016"
"chr4","39720749","39721044","KN294571v1","449658","449947","19","39271091"
"chr4","39738486","39738644","KN294571v1","466150","466306","9","39272336"
"chr4","39795246","39795275","KN295402v1","706103","706129","10","39089143"
"chr4","39795308","39795594","KN294499v1","1906911","1907192","67","37888397"
"chr4","39832628","39832864","KN294571v1","557849","558097","19","39274779"
"chr4","39896027","39896333","KN295368v1","1939103","1939400","75","37956924"
"chr4","39897350","39897397","KN296926v1","173815","173857","18","39723535"
"chr4","39897699","39897881","KN297158v1","804748","804922","51","39092951"
"chr4","39947970","39948229","KN295090v1","1710726","1710982","83","38237244"
"chr4","40105549","40105850","KN296322v1","1648835","1649139","59","38456714"
"chr4","40359719","40359840","KN294571v1","1124149","1124276","15","39235570"
"chr4","40366851","40367122","KN294571v1","1132204","1132487","27","39234647"
"chr4","40385258","40385434","KN297113v1","252877","253050","39","40132381"
"chr4","40590248","40590411","KN294571v1","1356097","1356254","22","39234151"
"chr4","40779046","40779321","KN294571v1","1551599","1551840","44","39227447"
"chr4","40782586","40782882","KN296864v1","1939832","1940132","57","38842754"
"chr4","40803872","40803967","KN295099v1","121818","121917","32","40682054"
"chr4","40867983","40868155","KN294571v1","1642206","1642380","13","39225777"
"chr4","41039576","41039851","KN296551v1","153489","153750","71","40886087"
"chr4","41236128","41236434","KN295936v1","78605","78913","70","41157523"
"chr4","41266632","41266902","KN295171v1","12625","12912","71","41254007"
"chr4","41279976","41280119","KN294419v1","211719","211856","40","41068257"
"chr4","41311734","41311983","KN295893v1","5531546","5531784","60","35780188"
"chr4","41331838","41332120","KN294571v1","2107948","2108223","20","39223890"
"chr4","41343464","41343772","KN296378v1","480415","480726","61","40863049"
"chr4","41475976","41476135","KN296528v1","1183043","1183202","32","40292933"
"chr4","41578743","41579001","KN294571v1","2363835","2364096","30","39214908"
"chr4","41849088","41849267","KN294571v1","2648381","2648572","25","39200707"
"chr4","42033358","42033492","KN294571v1","2837755","2837891","11","39195603"
"chr4","42200462","42200742","KN294245v1","70608","70890","19","42129854"
"chr4","42475171","42475365","KN294245v1","378185","378379","10","42096986"
"chr4","42541022","42541135","KN296885v1","2707478","2707589","27","39833544"
"chr4","42715088","42715098","KN294526v1","385203","385213","3","42329885"
"chr4","42715125","42715215","KN294387v1","2019460","2019545","22","40695665"
"chr4","42885374","42885678","KN294239v1","243029","243336","65","42642345"
"chr4","42987302","42987555","KN294245v1","937799","938043","24","42049503"
"chr4","43414693","43414985","KN296481v1","445362","445643","77","42969331"
"chr4","43679193","43679475","KN295149v1","76881","77160","27","43602312"
"chr4","44120386","44120617","KN296303v1","798953","799193","57","43321433"
"chr4","44967471","44967764","KN296955v1","136917","137220","62","44830554"
"chr4","45341924","45342230","KN295923v1","574170","574465","79","44767754"
"chr4","46879113","46879259","KN296486v1","60099","60235","40","46819014"
"chr4","47280639","47280952","KN295523v1","3691392","3691704","68","43589247"
"chr4","48072936","48073224","KN294279v1","171583","171867","56","47901353"
"chr4","48213796","48213967","KN296916v1","405971","406138","56","47807825"
"chr4","48382967","48383189","KN294278v1","69930","70143","26","48313037"
"chr4","48433675","48433817","KN295005v1","263752","263899","41","48169923"
"chr4","48521996","48522295","KN295346v1","1646114","1646406","64","46875882"
"chr4","48563435","48563721","KN296507v1","738522","738814","71","47824913"
"chr4","48617348","48617550","KN296548v1","82794","82989","51","48534554"
"chr4","48662158","48662421","KN297165v1","2693282","2693560","74","45968876"
"chr4","48749851","48750163","KN295406v1","486578","486886","71","48263273"
"chr4","48785277","48785580","KN297058v1","392670","392966","66","48392607"
"chr4","48786656","48786783","KN295474v1","847167","847293","31","47939489"
"chr4","48807236","48807337","KN296079v1","397109","397211","23","48410127"
"chr4","49245870","49246020","KN295236v1","1052651","1052796","41","48193219"
"chr4","49549436","49549589","KN294558v1","284993","285139","42","49264443"
"chr4","51900452","51900671","KN296847v1","410946","411169","63","51489506"
"chr4","51975737","51975883","KN294899v1","1194408","1194556","36","50781329"
"chr4","52007183","52007485","KN296528v1","1109404","1109696","64","50897779"
"chr4","52194708","52195005","KN296538v1","333498","333794","71","51861210"
"chr4","52200310","52200533","KN297047v1","3756205","3756418","57","48444105"
"chr4","52233211","52233417","KN295533v1","2434686","2434882","52","49798525"
"chr4","52305370","52305504","KN294536v1","420664","420795","31","51884706"
"chr4","52703816","52704089","KN296426v1","129623","129895","13","52574193"
"chr4","52733723","52733855","KN296426v1","159446","159578","12","52574277"
"chr4","52785995","52786134","KN294536v1","420664","420795","37","52365331"
"chr4","52795167","52795446","KN297375v1","58397","58674","63","52736770"
"chr4","53006999","53007275","KN294302v1","861450","861728","56","52145549"
"chr4","53324136","53324440","KN295607v1","3877142","3877440","55","49446994"
"chr4","53389537","53389668","KN295706v1","131306","131439","23","53258231"
"chr4","53453689","53453814","KN296426v1","870075","870198","9","52583614"
"chr4","53949812","53950027","KN296991v1","923506","923716","55","53026306"
"chr4","54059246","54059579","KN295080v1","116795","117109","96","53942451"
"chr4","54329437","54329740","KN297153v1","798177","798480","63","53531260"
"chr4","54423996","54424238","KN294458v1","21581","21829","57","54402415"
"chr4","54472338","54472444","KN295450v1","177872","177982","25","54294466"
"chr4","54525042","54525168","KN294446v1","520797","520926","21","54004245"
"chr4","54636277","54636583","KN294991v1","1709174","1709474","69","52927103"
"chr4","55062671","55062956","KN294325v1","671765","672051","53","54390906"
"chr4","55254766","55255040","KN294233v1","419853","420147","41","54834913"
"chr4","55328290","55328496","KN295533v1","2434686","2434882","56","52893604"
"chr4","55331652","55331948","KN294172v1","1404856","1405150","70","53926796"
"chr4","55468125","55468257","KN294233v1","633773","633909","23","54834352"
"chr4","55525191","55525496","KN294233v1","692987","693269","43","54832204"
"chr4","55529161","55529455","KN297023v1","640512","640805","63","54888649"
"chr4","55532595","55532857","KN294233v1","699658","699929","30","54832937"
"chr4","55639685","55639962","KN296948v1","762193","762479","60","54877492"
"chr4","55806104","55806404","KN296542v1","103665","103974","28","55702439"
"chr4","55905154","55905440","KN296495v1","1878500","1878789","79","54026654"
"chr4","55978555","55978849","KN295352v1","729753","730045","57","55248802"
"chr4","56022814","56022950","KN296538v1","514898","515032","19","55507916"
"chr4","56157206","56157317","KN295236v1","1140799","1140905","19","55016407"
"chr4","56162203","56162505","KN295984v1","150673","150962","64","56011530"
"chr4","56165867","56166154","KN297190v1","2683777","2684071","73","53482090"
"chr4","56215028","56215319","KN295722v1","2755835","2756123","67","53459193"
"chr4","56218610","56218771","KN295721v1","382777","382938","7","55835833"
"chr4","56293948","56294239","KN294578v1","639003","639297","67","55654945"
"chr4","56523106","56523412","KN297112v1","4975307","4975614","67","51547799"
"chr4","56550153","56550286","KN296093v1","103205","103337","26","56446948"
"chr4","56791898","56791982","KN295633v1","2100867","2100948","19","54691031"
"chr4","56815822","56816116","KN295346v1","1646114","1646406","61","55169708"
"chr4","56838208","56838465","KN294630v1","249844","250117","76","56588364"
"chr4","56839881","56840141","KN295236v1","1129905","1130153","73","55709976"
"chr4","56923270","56923427","KN294407v1","109423","109582","47","56813847"
"chr4","56970317","56970461","KN294899v1","1194408","1194556","39","55775909"
"chr4","56998504","56998656","KN294991v1","1461914","1462059","29","55536590"
"chr4","57129576","57129844","KN296145v1","6386","6651","68","57123190"
"chr4","57148562","57148858","KN294210v1","473112","473404","68","56675450"
"chr4","57528392","57528690","KN297023v1","640512","640805","69","56887880"
"chr4","58932833","58933121","KN297095v1","3766127","3766406","88","55166706"
"chr4","58995655","58995956","KN295633v1","909764","910066","72","58085891"
"chr4","59006637","59006925","KN294210v1","473112","473404","65","58533525"
"chr4","60623121","60623416","KN295352v1","729753","730045","65","59893368"
"chr4","60666234","60666543","KN295708v1","2790498","2790788","74","57875736"
"chr4","60722852","60723154","KN296306v1","2458139","2458449","72","58264713"
"chr4","61072739","61072909","KN296754v1","59195","59361","42","61013544"
"chr4","61072953","61073069","KN294199v1","969997","970115","32","60102956"
"chr4","61101065","61101273","KN297159v1","117175","117389","68","60983890"
"chr4","61504004","61504294","KN296303v1","805215","805501","58","60698789"
"chr4","61611641","61611923","KN295962v1","1544167","1544458","67","60067474"
"chr4","61984426","61984583","KN296528v1","1183043","1183202","45","60801383"
"chr4","62048562","62048852","KN297327v1","807993","808286","66","61240569"
"chr4","62132260","62132470","KN295533v1","2434686","2434882","53","59697574"
"chr4","62329465","62329721","KN295585v1","102609","102863","60","62226856"
"chr4","62498695","62498999","KN297180v1","314236","314539","78","62184459"
"chr4","64980484","64980650","KN295241v1","97934","98104","42","64882550"
"chr4","65446976","65447158","KN297256v1","164993","165173","36","65281983"
"chr4","65675927","65676192","KN295405v1","1801915","1802176","72","63874012"
"chr4","66031770","66032047","KN295159v1","1450071","1450358","25","64581699"
"chr4","66341590","66341889","KN295159v1","1121018","1121319","38","65220572"
"chr4","66675568","66675866","KN296864v1","1939832","1940132","73","64735736"
"chr4","66932998","66933257","KN294416v1","407008","407266","62","66525990"
"chr4","67456437","67456690","KN295933v1","22121","22373","28","67434316"
"chr4","67473551","67473844","KN295933v1","40027","40319","15","67433524"
"chr4","67508266","67508536","KN295933v1","79820","80084","19","67428446"
"chr4","67533756","67534042","KN295352v1","729753","730045","62","66804003"
"chr4","67640474","67640612","KN294964v1","2000421","2000556","30","65640053"
"chr4","67686674","67686981","KN297452v1","846228","846535","63","66840446"
"chr4","68136592","68136822","KN295933v1","676121","676354","32","67460471"
"chr4","68849706","68849894","KN296548v1","82794","82989","35","68766912"
"chr4","68853557","68853820","KN294987v1","459255","459513","73","68394302"
"chr4","68934593","68934873","KN296983v1","94222","94492","94","68840371"
"chr4","69453638","69453824","KN296548v1","82794","82989","32","69370844"
"chr4","69457474","69457787","KN297066v1","48943","49249","76","69408531"
"chr4","69787234","69787525","KN297078v1","256739","257018","80","69530495"
"chr4","69892100","69892276","KN296732v1","3522095","3522260","48","66370005"
"chr4","70365238","70365376","KN294218v1","2756614","2756751","24","67608624"
"chr4","70750001","70750175","KN294911v1","4985405","4985572","48","65764596"
"chr4","70848226","70848537","KN296322v1","1648835","1649139","67","69199391"
"chr4","70909362","70909526","KN297319v1","373164","373327","34","70536198"
"chr4","70934948","70935132","KN294703v1","325831","325997","66","70609117"
"chr4","71494307","71494609","KN294561v1","1391096","1391405","21","70103211"
"chr4","72604840","72605083","KN296879v1","875266","875519","76","71729574"
"chr4","73048769","73049008","KN294613v1","331392","331636","63","72717377"
"chr4","73143746","73144039","KN295346v1","1646114","1646406","64","71497632"
"chr4","73151025","73151175","KN295294v1","2315840","2315974","39","70835185"
"chr4","73236170","73236448","KN294279v1","171583","171867","69","73064587"
"chr4","73508568","73508887","KN294526v1","292497","292818","81","73216071"
"chr4","75230419","75230572","KN296825v1","2294387","2294544","34","72936032"
"chr4","75595193","75595514","KN295406v1","486578","486886","77","75108615"
"chr4","75650706","75650851","KN294346v1","260578","260726","31","75390128"
"chr4","75713501","75713812","KN296849v1","694658","694962","74","75018843"
"chr4","75720855","75721081","KN294325v1","838117","838334","53","74882738"
"chr4","75740295","75740586","KN294210v1","473112","473404","64","75267183"
"chr4","75747291","75747574","KN294513v1","235461","235729","76","75511830"
"chr4","75749395","75749635","KN295814v1","1556767","1557008","54","74192628"
"chr4","75844607","75844840","KN296119v1","3757972","3758200","71","72086635"
"chr4","75868726","75869029","KN297058v1","392670","392966","69","75476056"
"chr4","75882538","75882792","KN295294v1","1162044","1162295","73","74720494"
"chr4","75995604","75995921","KN295633v1","778185","778486","74","75217419"
"chr4","76020115","76020397","KN297310v1","95064","95326","70","75925051"
"chr4","76071908","76072189","KN297190v1","4113908","4114190","68","71958000"
"chr4","76173316","76173637","KN296505v1","323963","324278","71","75849353"
"chr4","76262763","76263066","KN294161v1","70789","71092","25","76191974"
"chr4","76342077","76342338","KN294161v1","150331","150586","21","76191746"
"chr4","76473326","76473627","KN297323v1","97375","97678","58","76375951"
"chr4","76500813","76501117","KN294561v1","883202","883510","69","75617611"
"chr4","76514834","76514935","KN296498v1","296517","296622","25","76218317"
"chr4","76515237","76515412","KN296643v1","410184","410354","41","76105053"
"chr4","76609287","76609570","KN294161v1","426437","426733","29","76182850"
"chr4","76673871","76674173","KN294161v1","491457","491757","18","76182414"
"chr4","76793412","76793607","KN294217v1","1837374","1837571","50","74956038"
"chr4","76875989","76876142","KN297171v1","1235221","1235375","33","75640768"
"chr4","76929702","76930005","KN297327v1","807993","808286","76","76121709"
"chr4","76939520","76939610","KN294161v1","775838","775928","1","76163682"
"chr4","77144695","77144978","KN294264v1","432867","433151","70","76711828"
"chr4","77187924","77188237","KN295667v1","1567361","1567664","72","75620563"
"chr4","77800220","77800536","KN295984v1","2871019","2871332","80","74929201"
"chr4","77846072","77846223","KN296229v1","450694","450838","50","77395378"
"chr4","77846831","77846961","KN295112v1","531236","531368","25","77315595"
"chr4","77871111","77871236","KN294410v1","486228","486353","28","77384883"
"chr4","77932963","77933243","KN296495v1","1076274","1076557","65","76856689"
"chr4","78453518","78453806","KN297112v1","2231098","2231393","68","76222420"
"chr4","78594852","78595142","KN296180v1","2417217","2417498","70","76177635"
"chr4","78667514","78667656","KN294372v1","1088122","1088262","29","77579392"
"chr4","78679644","78679962","KN296864v1","1873086","1873381","85","76806558"
"chr4","78708880","78709194","KN297184v1","1114866","1115167","65","77594014"
"chr4","78745193","78745502","KN297028v1","173094","173386","66","78572099"
"chr4","78806199","78806477","KN294827v1","308694","308985","32","78497505"
"chr4","78885858","78886157","KN295533v1","1718270","1718538","113","77167588"
"chr4","79032634","79032907","KN294827v1","74375","74619","44","78958259"
"chr4","79393743","79394029","KN294420v1","631308","631597","65","78762435"
"chr4","79542166","79542470","KN294161v1","491457","491757","60","79050709"
"chr4","79569341","79569621","KN296322v1","1818952","1819227","75","77750389"
"chr4","79679590","79679882","KN294279v1","171583","171867","77","79508007"
"chr4","80112308","80112579","KN297190v1","136929","137202","73","79975379"
"chr4","80970031","80970207","KN295923v1","1333350","1333524","36","79636681"
"chr4","81208427","81208688","KN294552v1","1295874","1296134","73","79912553"
"chr4","81493697","81493898","KN294208v1","73414","73627","55","81420283"
"chr4","81533425","81533599","KN296119v1","5280949","5281131","43","76252476"
"chr4","81533631","81533734","KN295705v1","1791772","1791867","27","79741859"
"chr4","81905486","81905780","KN295910v1","54930","55220","26","81850556"
"chr4","82039615","82039911","KN296145v1","2771580","2771860","75","79268035"
"chr4","82435403","82435456","KN295893v1","883771","883820","10","81551632"
"chr4","82505212","82505346","KN295906v1","88165","88296","20","82417047"
"chr4","82520612","82520893","KN294260v1","1091595","1091881","82","81429017"
"chr4","82787747","82788034","KN295315v1","11474","11758","66","82776273"
"chr4","82843130","82843437","KN296322v1","1648835","1649139","64","81194295"
"chr4","82889330","82889576","KN294613v1","331392","331636","67","82557938"
"chr4","82959224","82959524","KN297190v1","4113908","4114190","77","78845316"
"chr4","82960171","82960427","KN295906v1","883641","883911","80","82076530"
"chr4","82992396","82992596","KN295548v1","755573","755752","56","82236823"
"chr4","83017592","83017803","KN295666v1","1250969","1251185","57","81766623"
"chr4","83018158","83018451","KN294372v1","962653","962931","64","82055505"
"chr4","83043235","83043546","KN295601v1","852180","852488","55","82191055"
"chr4","83071426","83071717","KN296244v1","327623","327911","70","82743803"
"chr4","83115842","83116132","KN294571v1","2055636","2055896","86","81060206"
"chr4","83130721","83131018","KN295984v1","150673","150962","60","82980048"
"chr4","83240931","83240944","KN294526v1","385203","385213","3","82855728"
"chr4","83240971","83241258","KN294210v1","473112","473404","63","82767859"
"chr4","83311522","83311803","KN296322v1","1648835","1649139","72","81662687"
"chr4","83351013","83351182","KN296877v1","151376","151537","40","83199637"
"chr4","83351459","83351606","KN295034v1","243361","243503","24","83108098"
"chr4","83416291","83416513","KN294874v1","119164","119388","56","83297127"
"chr4","83498166","83498335","KN294169v1","148709","148875","47","83349457"
"chr4","83499724","83499908","KN296588v1","899416","899601","48","82600308"
"chr4","83609939","83610230","KN295205v1","1534387","1534688","68","82075552"
"chr4","84112764","84113053","KN296538v1","333498","333794","59","83779266"
"chr4","84576048","84576315","KN294987v1","459255","459513","60","84116793"
"chr4","84748887","84749189","KN297046v1","1875391","1875685","79","82873496"
"chr4","84758271","84758546","KN296883v1","3290038","3290316","62","81468233"
"chr4","84793181","84793298","KN296062v1","1206761","1206876","33","83586420"
"chr4","84822421","84822742","KN295294v1","3535802","3536094","83","81286619"
"chr4","84827835","84828072","KN294536v1","1638405","1638659","83","83189430"
"chr4","84899753","84900075","KN297242v1","1213658","1213969","81","83686095"
"chr4","84911253","84911501","KN297046v1","2130311","2130564","58","82780942"
"chr4","84936239","84936532","KN295346v1","1646114","1646406","60","83290125"
"chr4","85012671","85012989","KN295523v1","3691392","3691704","76","81321279"
"chr4","85201116","85201406","KN294420v1","816046","816329","80","84385070"
"chr4","85706920","85707216","KN294207v1","595798","596096","74","85111122"
"chr4","85821388","85821684","KN294199v1","1022551","1022840","76","84798837"
"chr4","86022529","86022808","KN296622v1","165713","166010","40","85856816"
"chr4","86632812","86633105","KN295352v1","1382929","1383224","62","85249883"
"chr4","86685327","86685630","KN294260v1","822843","823138","72","85862484"
"chr4","86763626","86763840","KN295923v1","1986700","1986911","46","84776926"
"chr4","86796353","86796625","KN296508v1","1973232","1973505","64","84823121"
"chr4","86830114","86830402","KN295742v1","1046","1335","61","86829068"
"chr4","86859918","86860014","KN297163v1","685235","685337","27","86174683"
"chr4","87002090","87002395","KN295480v1","1402909","1403227","71","85599181"
"chr4","87003256","87003553","KN296187v1","874304","874596","68","86128952"
"chr4","87118526","87118761","KN294747v1","867897","868151","72","86250629"
"chr4","87156266","87156534","KN295585v1","102609","102863","78","87053657"
"chr4","87280011","87280186","KN295241v1","97934","98104","42","87182077"
"chr4","87354831","87355121","KN295074v1","1590278","1590572","83","85764553"
"chr4","87447753","87448051","KN295205v1","1462650","1462956","64","85985103"
"chr4","87469948","87470261","KN294470v1","208888","209202","72","87261060"
"chr4","87721470","87721752","KN295977v1","399743","400033","65","87321727"
"chr4","88070651","88070934","KN296948v1","762193","762479","63","87308458"
"chr4","88079043","88079325","KN296311v1","5278234","5278515","73","82800809"
"chr4","88100148","88100219","KN297105v1","2900123","2900180","21","85200025"
"chr4","88100523","88100672","KN294193v1","877240","877391","45","87223283"
"chr4","88137873","88138164","KN296025v1","243224","243517","25","87894649"
"chr4","88160894","88161156","KN296153v1","1716581","1716838","71","86444313"
"chr4","88180454","88180761","KN296025v1","199371","199698","45","87981083"
"chr4","88202723","88202887","KN296025v1","179010","179141","39","88023713"
"chr4","88395692","88395823","KN296311v1","4657589","4657718","20","83738103"
"chr4","88476344","88476404","KN295987v1","1877933","1877988","11","86598411"
"chr4","88478104","88478200","KN296738v1","61831","61924","27","88416273"
"chr4","88529194","88529471","KN294294v1","145451","145740","67","88383743"
"chr4","88775426","88775717","KN295099v1","55159","55457","64","88720267"
"chr4","88797274","88797564","KN296244v1","327623","327911","72","88469651"
"chr4","88814865","88815141","KN295883v1","861998","862283","63","87952867"
"chr4","88891896","88892174","KN294302v1","861450","861728","58","88030446"
"chr4","89138690","89138974","KN294634v1","387267","387565","70","88751423"
"chr4","89691400","89691492","KN295236v1","1305949","1306032","28","88385451"
"chr4","90112869","90113153","KN295984v1","150673","150962","65","89962196"
"chr4","90179387","90179674","KN294911v1","891917","892211","72","89287470"
"chr4","90383729","90384060","KN297242v1","1213658","1213969","94","89170071"
"chr4","90809732","90809899","KN296495v1","2297861","2298026","39","88511871"
"chr4","91134159","91134449","KN297046v1","2130311","2130564","79","89003848"
"chr4","91413161","91413473","KN295352v1","729753","730045","73","90683408"
"chr4","91720644","91720937","KN297245v1","2237012","2237311","84","89483632"
"chr4","92508956","92509098","KN294372v1","290537","290683","32","92218419"
"chr4","92718485","92718783","KN296907v1","1087372","1087677","71","91631113"
"chr4","92738644","92738954","KN296096v1","1326102","1326406","86","91412542"
"chr4","92783602","92783900","KN294520v1","992368","992662","70","91791234"
"chr4","92869916","92870218","KN295633v1","909764","910066","70","91960152"
"chr4","93127716","93128057","KN296117v1","433694","434012","84","92694022"
"chr4","93149641","93149935","KN295346v1","1646114","1646406","64","91503527"
"chr4","93178414","93178687","KN295428v1","224334","224605","57","92954080"
"chr4","93737444","93737575","KN295523v1","2963662","2963794","27","90773782"
"chr4","93963476","93963680","KN295994v1","491289","491494","42","93472187"
"chr4","93972904","93973165","KN297310v1","95064","95326","60","93877840"
"chr4","94000002","94000275","KN296948v1","762193","762479","63","93237809"
"chr4","94022939","94023232","KN296964v1","1814390","1814681","66","92208549"
"chr4","94215337","94215625","KN295983v1","1223920","1224199","60","92991417"
"chr4","94363712","94363873","KN295114v1","20274","20431","40","94343438"
"chr4","94389940","94390232","KN297190v1","2683777","2684071","65","91706163"
"chr4","94474673","94474950","KN296290v1","1215856","1216128","71","93258817"
"chr4","94489644","94489775","KN295706v1","131306","131439","20","94358338"
"chr4","94751710","94751948","KN297046v1","2072166","2072416","60","92679544"
"chr4","94897936","94898241","KN294634v1","387267","387565","68","94510669"
"chr4","94910626","94910910","KN295576v1","164716","164996","57","94745910"
"chr4","94928148","94928316","KN296000v1","1039940","1040104","44","93888208"
"chr4","94938804","94939039","KN294790v1","1805364","1805592","56","93133440"
"chr4","94956231","94956333","KN295301v1","1589895","1589989","23","93366336"
"chr4","95015422","95015687","KN297189v1","235450","235714","63","94779972"
"chr4","95278463","95278777","KN294710v1","107390","107697","65","95171073"
"chr4","95311767","95312070","KN295449v1","1170610","1170916","69","94141157"
"chr4","95662653","95662968","KN294456v1","104569","104867","79","95558084"
"chr4","95706108","95706362","KN294705v1","1107549","1107807","61","94598559"
"chr4","96497586","96497914","KN295384v1","67573","67866","99","96430013"
"chr4","96652264","96652415","KN294569v1","180105","180259","40","96472159"
"chr4","96709523","96709840","KN296322v1","1648835","1649139","74","95060688"
"chr4","96841230","96841458","KN297259v1","427903","428124","64","96413327"
"chr4","96892668","96892828","KN295005v1","263752","263899","46","96628916"
"chr4","96892863","96892983","KN297323v1","349913","350031","29","96542950"
"chr4","97298009","97298315","KN296322v1","1648835","1649139","72","95649174"
"chr4","98145573","98145821","KN297180v1","531711","531948","71","97613862"
"chr4","98146709","98146793","KN296311v1","3055394","3055483","23","95091315"
"chr4","98189407","98189576","KN296732v1","3522095","3522260","45","94667312"
"chr4","98189602","98189722","KN294199v1","969997","970115","30","97219605"
"chr4","98215534","98215675","KN294825v1","485286","485426","8","97730248"
"chr4","98372700","98372989","KN294825v1","328794","329097","30","98043906"
"chr4","98415929","98416080","KN294269v1","1347949","1348104","30","97067980"
"chr4","98468157","98468427","KN296948v1","762193","762479","79","97705964"
"chr4","98492927","98493216","KN296550v1","110501","110774","71","98382426"
"chr4","98542434","98542741","KN294825v1","156055","156355","33","98386379"
"chr4","98543896","98544179","KN297390v1","84191","84473","52","98459705"
"chr4","98599139","98599304","KN294911v1","4985405","4985572","35","93613734"
"chr4","98681819","98682112","KN294825v1","21411","21700","23","98660408"
"chr4","98720251","98720559","KN294991v1","1709174","1709474","68","97011077"
"chr4","98729708","98730000","KN295576v1","164716","164996","72","98564992"
"chr4","98800195","98800469","KN295929v1","406328","406615","30","98393867"
"chr4","98866538","98866668","KN297274v1","1873451","1873578","27","96993087"
"chr4","98876954","98877086","KN295929v1","326989","327121","9","98549965"
"chr4","98965196","98965490","KN295929v1","240001","240300","22","98725195"
"chr4","98974457","98974601","KN296247v1","959095","959240","40","98015362"
"chr4","98988957","98989238","KN296311v1","5278234","5278515","74","93710723"
"chr4","99063302","99063463","KN296864v1","3353170","3353334","38","95710132"
"chr4","100053972","100054123","KN296759v1","225170","225326","40","99828802"
"chr4","100076347","100076638","KN296829v1","801368","801657","12","99274979"
"chr4","100121264","100121412","KN296829v1","851332","851478","14","99269932"
"chr4","100158586","100158856","KN296829v1","887562","887839","32","99271024"
"chr4","100772123","100772426","KN294419v1","64733","65033","70","100707390"
"chr4","101008686","101008971","KN295984v1","2962847","2963132","72","98045839"
"chr4","101464170","101464476","KN295841v1","375366","375667","28","101088804"
"chr4","102559660","102559969","KN297046v1","3065440","3065749","70","99494220"
"chr4","102861938","102862037","KN294451v1","1151824","1151923","30","101710114"
"chr4","103082548","103082687","KN296486v1","60099","60235","31","103022449"
"chr4","103102962","103103204","KN297133v1","467484","467706","71","102635478"
"chr4","103741093","103741432","KN295079v1","373372","373674","102","103367721"
"chr4","103806380","103806677","KN296086v1","312664","312972","42","103493716"
"chr4","104597909","104598106","KN294207v1","140158","140336","55","104457751"
"chr4","104635212","104635503","KN296495v1","1076274","1076557","74","103558938"
"chr4","105151042","105151323","KN296153v1","1008915","1009196","67","104142127"
"chr4","105532277","105532411","KN296820v1","874322","874456","8","104657955"
"chr4","105781245","105781555","KN295633v1","778185","778486","75","105003060"
"chr4","106810531","106810846","KN295523v1","3691392","3691704","69","103119139"
"chr4","106899299","106899598","KN296966v1","530151","530451","31","106369148"
"chr4","107764962","107765256","KN297070v1","431154","431439","23","107333808"
"chr4","107877018","107877293","KN297159v1","1843590","1843857","74","106033428"
"chr4","108011884","108012195","KN294439v1","130265","130569","69","107881619"
"chr4","108345271","108345572","KN297150v1","178618","178915","25","108166653"
"chr4","108542953","108543259","KN294578v1","639003","639297","69","107903950"
"chr4","108633324","108633648","KN294539v1","3359067","3359368","88","105274257"
"chr4","108749716","108750012","KN294199v1","1022551","1022840","59","107727165"
"chr4","109104103","109104398","KN297319v1","809994","810286","68","108294109"
"chr4","109161004","109161123","KN296926v1","988728","988849","28","108172276"
"chr4","109392853","109392935","KN294535v1","80806","80875","26","109312047"
"chr4","109403572","109403840","KN297386v1","1518927","1519195","65","107884645"
"chr4","109409750","109410034","KN296948v1","762193","762479","60","108647557"
"chr4","109623851","109624152","KN297398v1","103760","104057","28","109520091"
"chr4","109772582","109772883","KN295346v1","1646114","1646406","69","108126468"
"chr4","109908158","109908457","KN294758v1","3078424","3078721","68","106829734"
"chr4","110006059","110006348","KN295394v1","896534","896828","68","109109525"
"chr4","110180855","110181150","KN294520v1","992368","992662","65","109188487"
"chr4","110189001","110189283","KN296682v1","3395587","3395869","68","106793414"
"chr4","110258213","110258512","KN294486v1","867184","867500","68","109391029"
"chr4","110364343","110364477","KN294407v1","3228566","3228701","35","107135777"
"chr4","110521170","110521406","KN294879v1","1183051","1183277","64","109338119"
"chr4","110576199","110576500","KN297112v1","2231098","2231393","67","108345101"
"chr4","110969182","110969474","KN295205v1","656212","656501","84","110312970"
"chr4","110997727","110997988","KN296528v1","1411593","1411869","74","109586134"
"chr4","111890278","111890563","KN296306v1","1771005","1771285","70","110119273"
"chr4","112327428","112327744","KN297058v1","392670","392966","75","111934758"
"chr4","112398289","112398585","KN294261v1","349079","349368","70","112049210"
"chr4","112597245","112597523","KN297008v1","6549351","6549627","60","106047894"
"chr4","112740230","112740422","KN296528v1","1417954","1418126","46","111322276"
"chr4","112740722","112740732","KN294526v1","385203","385213","5","112355519"
"chr4","112740996","112741128","KN294172v1","740064","740194","25","112000932"
"chr4","112785670","112785826","KN295967v1","534752","534906","37","112250918"
"chr4","112820740","112820903","KN295096v1","1069446","1069614","38","111751294"
"chr4","112821215","112821343","KN294583v1","189119","189254","31","112632096"
"chr4","113083186","113083473","KN295601v1","1689885","1690170","72","111393301"
"chr4","113167235","113167296","KN296635v1","5251433","5251492","18","107915802"
"chr4","113241352","113241635","KN297225v1","914114","914389","59","112327238"
"chr4","113362435","113362750","KN295102v1","387826","388136","69","112974609"
"chr4","113881493","113881700","KN297046v1","3611393","3611596","62","110270100"
"chr4","114236745","114237023","KN294552v1","1295874","1296134","62","112940871"
"chr4","114260555","114260831","KN294571v1","2055636","2055896","72","112204919"
"chr4","114575307","114575471","KN294446v1","241596","241755","46","114333711"
"chr4","115230620","115230927","KN296588v1","2231711","2232014","70","112998909"
"chr4","116330220","116330327","KN294410v1","238826","238934","33","116091394"
"chr4","116330641","116330790","KN295405v1","328891","329050","46","116001750"
"chr4","117462720","117463012","KN295708v1","2790498","2790788","75","114672222"
"chr4","117840410","117840706","KN295036v1","310502","310798","69","117529908"
"chr4","118343560","118343752","KN295828v1","908100","908291","13","117435460"
"chr4","118368359","118368675","KN297219v1","1839754","1840062","70","116528605"
"chr4","118382910","118383054","KN295708v1","713476","713615","29","117669434"
"chr4","118384250","118384562","KN296244v1","707246","707553","73","117677004"
"chr4","118385410","118385536","KN295828v1","950130","950251","15","117435280"
"chr4","118385833","118386008","KN297113v1","252877","253050","35","118132956"
"chr4","118394775","118394974","KN294172v1","6014062","6014229","68","112380713"
"chr4","118445310","118445575","KN294571v1","2055636","2055896","64","116389674"
"chr4","118464105","118464399","KN294806v1","594997","595290","61","117869108"
"chr4","118606719","118606838","KN295441v1","789788","789916","28","117816931"
"chr4","118616962","118617015","KN296316v1","254338","254391","2","118362624"
"chr4","118617344","118617431","KN296316v1","253938","254035","13","118363406"
"chr4","118627148","118627415","KN295267v1","81052","81310","66","118546096"
"chr4","118678022","118678337","KN297165v1","4167198","4167504","68","114510824"
"chr4","118829231","118829522","KN294457v1","210304","210595","59","118618927"
"chr4","119000054","119000110","KN296339v1","1737667","1737719","20","117262387"
"chr4","119318455","119318712","KN295828v1","1635308","1635575","31","117683147"
"chr4","119413166","119413433","KN295267v1","81052","81310","66","119332114"
"chr4","119423125","119423224","KN296316v1","253938","254035","6","119169187"
"chr4","119423554","119423607","KN296316v1","254338","254391","2","119169216"
"chr4","119433719","119433838","KN295441v1","789788","789916","27","118643931"
"chr4","119491986","119492144","KN294470v1","2691196","2691354","35","116800790"
"chr4","119607455","119607752","KN296435v1","2611722","2612009","68","116995733"
"chr4","119695252","119695481","KN295828v1","1869661","1869897","27","117825591"
"chr4","119705051","119705115","KN295996v1","133273","133341","16","119571778"
"chr4","120047514","120047649","KN294964v1","965459","965591","31","119082055"
"chr4","120274517","120274682","KN294991v1","973655","973815","30","119300862"
"chr4","120895685","120895879","KN296263v1","576075","576266","57","120319610"
"chr4","121168505","121168782","KN295251v1","272142","272415","35","120896363"
"chr4","121174244","121174438","KN297038v1","275241","275429","52","120899003"
"chr4","121804011","121804313","KN295365v1","664954","665252","27","121139057"
"chr4","122116583","122116747","KN297370v1","777012","777184","39","121339571"
"chr4","122130469","122130562","KN296079v1","635770","635870","28","121494699"
"chr4","122168945","122169233","KN295301v1","990148","990430","69","121178797"
"chr4","122178997","122179302","KN295365v1","291029","291345","27","121887968"
"chr4","122190104","122190396","KN295365v1","280034","280328","24","121910070"
"chr4","122213051","122213342","KN295365v1","243916","244224","47","121969135"
"chr4","122382461","122382718","KN295205v1","848688","848949","64","121533773"
"chr4","122429156","122429437","KN295365v1","13346","13638","36","122415810"
"chr4","122703396","122703562","KN294911v1","4985405","4985572","35","117717991"
"chr4","122799520","122799829","KN297180v1","314236","314539","62","122485284"
"chr4","123029638","123029929","KN295356v1","578208","578494","28","122451430"
"chr4","123047703","123047998","KN297184v1","1114866","1115167","69","121932837"
"chr4","123261785","123262075","KN295356v1","796954","797220","50","122464831"
"chr4","123315784","123316079","KN295352v1","729753","730045","60","122586031"
"chr4","123342446","123342751","KN294199v1","1022551","1022840","70","122319895"
"chr4","123487686","123487868","KN297320v1","32939","33116","40","123454747"
"chr4","123645316","123645511","KN296767v1","53224","53425","72","123592092"
"chr4","123663944","123664223","KN295984v1","150673","150962","57","123513271"
"chr4","124190690","124190980","KN297227v1","1123419","1123703","67","123067271"
"chr4","124197370","124197631","KN294302v1","861450","861728","70","123335920"
"chr4","125557567","125557852","KN295171v1","12625","12912","59","125544942"
"chr4","126011089","126011396","KN294634v1","387267","387565","74","125623822"
"chr4","126706450","126706768","KN296487v1","15614","15925","78","126690836"
"chr4","126991073","126991424","KN296505v1","323963","324278","93","126667110"
"chr4","126999742","127000000","KN297095v1","2475476","2475727","78","124524266"
"chr4","127013932","127014058","KN294536v1","420664","420795","44","126593268"
"chr4","127766485","127766762","KN297310v1","95064","95326","26","127671421"
"chr4","127922342","127922638","KN297046v1","1875391","1875685","57","126046951"
"chr4","127945919","127946226","KN294873v1","1303218","1303511","66","126642701"
"chr4","127992898","127993083","KN294647v1","152277","152483","36","127840621"
"chr4","128131503","128131724","KN297095v1","2669325","2669548","57","125462178"
"chr4","128136764","128136901","KN295236v1","677208","677340","24","127459556"
"chr4","128236149","128236277","KN295977v1","933214","933335","35","127302935"
"chr4","128621817","128622119","KN296322v1","1648835","1649139","68","126972982"
"chr4","128757174","128757322","KN295005v1","263752","263899","34","128493422"
"chr4","128774113","128774414","KN294239v1","243029","243336","74","128531084"
"chr4","128828807","128828944","KN295090v1","610678","610810","27","128218129"
"chr4","129057435","129057488","KN294526v1","385526","385578","12","128671909"
"chr4","129087498","129087783","KN296639v1","37858","38116","78","129049640"
"chr4","129196427","129196705","KN294264v1","432867","433151","80","128763560"
"chr4","129226406","129226694","KN296948v1","762193","762479","55","128464213"
"chr4","130353137","130353330","KN295548v1","755573","755752","51","129597564"
"chr4","130598138","130598433","KN296244v1","327623","327911","73","130270515"
"chr4","131051312","131051619","KN295633v1","909764","910066","80","130141548"
"chr4","131129495","131129772","KN296119v1","1984680","1984963","65","129144815"
"chr4","131481694","131481967","KN294199v1","1022551","1022840","70","130459143"
"chr4","131546960","131547242","KN295722v1","1369561","1369836","62","130177399"
"chr4","131671886","131672162","KN295205v1","848688","848949","73","130823198"
"chr4","131928690","131928990","KN296948v1","762193","762479","74","131166497"
"chr4","132004791","132005100","KN296649v1","474335","474640","89","131530456"
"chr4","132160505","132160739","KN297229v1","313721","313939","74","131846784"
"chr4","132589903","132590191","KN295236v1","5115212","5115495","78","127474691"
"chr4","133090569","133090856","KN295489v1","985553","985834","29","132105016"
"chr4","134084054","134084344","KN296357v1","234598","234892","66","133849456"
"chr4","134090486","134090779","KN295933v1","40027","40319","67","134050459"
"chr4","135152156","135152294","KN295940v1","307354","307490","33","134844802"
"chr4","135314645","135314952","KN297320v1","22264","22555","80","135292381"
"chr4","136118871","136119118","KN294987v1","7169","7439","91","136111702"
"chr4","136170011","136170255","KN295523v1","3469042","3469297","79","132700969"
"chr4","136243758","136244043","KN295171v1","12625","12912","73","136231133"
"chr4","136434297","136434432","KN294536v1","348653","348787","23","136085644"
"chr4","136872594","136872893","KN297058v1","392670","392966","73","136479924"
"chr4","136902766","136902899","KN296311v1","4657589","4657718","25","132245177"
"chr4","136967730","136967891","KN295721v1","382777","382938","37","136584953"
"chr4","137429367","137429654","KN295068v1","49131","49419","73","137380236"
"chr4","138898945","138899253","KN296526v1","283231","283529","62","138615714"
"chr4","138978611","138978760","KN295294v1","403385","403528","43","138575226"
"chr4","138979620","138979695","KN294407v1","169358","169428","29","138810262"
"chr4","139010577","139010861","KN296244v1","327623","327911","59","138682954"
"chr4","139059850","139060148","KN294470v1","1153982","1154281","69","137905868"
"chr4","139066326","139066461","KN295112v1","531236","531368","27","138535090"
"chr4","139085787","139085904","KN296959v1","1078224","1078342","39","138007563"
"chr4","139120445","139120717","KN296731v1","1090257","1090517","69","138030188"
"chr4","139162820","139163109","KN294419v1","64733","65033","68","139098087"
"chr4","139216791","139216936","KN296062v1","1704258","1704400","28","137512533"
"chr4","139288618","139288748","KN296004v1","350579","350712","25","138938039"
"chr4","139339215","139339504","KN294210v1","473112","473404","66","138866103"
"chr4","139425783","139426066","KN295907v1","941752","942037","62","138484031"
"chr4","139527273","139527587","KN297219v1","1839754","1840062","64","137687519"
"chr4","139549613","139549785","KN294540v1","770939","771118","41","138778674"
"chr4","139550043","139550175","KN295039v1","432771","432893","32","139117272"
"chr4","139579105","139579333","KN296701v1","344880","345098","60","139234225"
"chr4","139681910","139682211","KN294260v1","822843","823138","69","138859067"
"chr4","139733696","139733991","KN295090v1","2374852","2375141","60","137358844"
"chr4","139994384","139994663","KN294493v1","1639497","1639778","60","138354887"
"chr4","140087990","140088205","KN297112v1","3266632","3266872","72","136821358"
"chr4","140118563","140118690","KN295441v1","1418402","1418531","20","138700161"
"chr4","140173510","140173638","KN295706v1","131306","131439","27","140042204"
"chr4","140202846","140203119","KN297312v1","542917","543170","72","139659929"
"chr4","140269754","140270048","KN296864v1","1939832","1940132","57","138329922"
"chr4","140312439","140312728","KN296833v1","198739","199022","68","140113700"
"chr4","140540472","140540760","KN295586v1","650323","650611","55","139890149"
"chr4","140674692","140675008","KN297066v1","48943","49249","63","140625749"
"chr4","140713097","140713227","KN294978v1","3847610","3847736","24","136865487"
"chr4","140946478","140946804","KN294527v1","273035","273327","84","140673443"
"chr4","141048451","141048754","KN296649v1","474335","474640","66","140574116"
"chr4","141535686","141536009","KN297349v1","529996","530296","40","141005690"
"chr4","141637982","141638067","KN297349v1","428274","428357","7","141209708"
"chr4","142340395","142340712","KN295893v1","5183639","5183945","69","137156756"
"chr4","142643920","142644224","KN296849v1","694658","694962","69","141949262"
"chr4","142997995","142998310","KN296505v1","323963","324278","72","142674032"
"chr4","143021171","143021451","KN296577v1","367163","367438","74","142654008"
"chr4","143216479","143216746","KN295633v1","1501780","1502052","65","141714699"
"chr4","143257227","143257472","KN297445v1","1222732","1222973","60","142034495"
"chr4","143434355","143434655","KN294581v1","108430","108726","76","143325925"
"chr4","143569333","143569630","KN296311v1","7540450","7540745","74","136028883"
"chr4","143842073","143842350","KN297112v1","4496591","4496866","63","139345482"
"chr4","143963131","143963400","KN295096v1","2492006","2492281","64","141471125"
"chr4","144066337","144066614","KN297112v1","4496591","4496866","65","139569746"
"chr4","144296948","144297241","KN295352v1","729753","730045","77","143567195"
"chr4","144707781","144708042","KN295633v1","710070","710329","74","143997711"
"chr4","144822260","144822425","KN294842v1","652653","652804","56","144169607"
"chr4","145272016","145272303","KN294210v1","473112","473404","17","144798904"
"chr4","145334588","145334876","KN295117v1","112788","113084","69","145221800"
"chr4","145454794","145455067","KN294210v1","651127","651387","47","144803667"
"chr4","145495612","145495907","KN294758v1","3078424","3078721","76","142417188"
"chr4","145652868","145653172","KN294260v1","822843","823138","63","144830025"
"chr4","145776175","145776483","KN295633v1","909764","910066","64","144866411"
"chr4","145864282","145864614","KN295633v1","909764","910066","81","144954518"
"chr4","146011503","146011810","KN295573v1","1390691","1391001","76","144620812"
"chr4","146024981","146025286","KN294210v1","1206882","1207179","22","144818099"
"chr4","146447255","146447407","KN297320v1","677594","677746","23","145769661"
"chr4","146786831","146787050","KN295923v1","1986700","1986911","58","144800131"
"chr4","147420897","147421206","KN296487v1","15614","15925","77","147405283"
"chr4","147566492","147566767","KN294571v1","2055636","2055896","66","145510856"
"chr4","147627555","147627630","KN294992v1","46217","46292","6","147581338"
"chr4","147719022","147719123","KN296004v1","129400","129507","31","147589622"
"chr4","148016223","148016519","KN296864v1","1939832","1940132","71","146076391"
"chr4","148209279","148209597","KN296312v1","533632","533975","61","147675647"
"chr4","148709608","148709900","KN294451v1","1211603","1211891","81","147498005"
"chr4","148820463","148820777","KN294281v1","249289","249610","28","148571174"
"chr4","149123510","149123654","KN296210v1","326465","326608","35","148797045"
"chr4","149123954","149124120","KN294281v1","540672","540838","10","148583282"
"chr4","149455685","149456008","KN294281v1","888792","889113","33","148566893"
"chr4","149502945","149503231","KN294281v1","929444","929742","23","148573501"
"chr4","149950187","149950495","KN294452v1","1024655","1024959","75","148925532"
"chr4","150193752","150194022","KN296964v1","1875697","1875973","20","148318055"
"chr4","150254688","150254977","KN296964v1","1814390","1814681","20","148440298"
"chr4","150320525","150320822","KN294207v1","595798","596096","56","149724727"
"chr4","150393496","150393785","KN295984v1","150673","150962","55","150242823"
"chr4","150418004","150418264","KN296964v1","1648914","1649139","46","148769090"
"chr4","150445671","150445943","KN297197v1","1048614","1048879","69","149397057"
"chr4","150493822","150494103","KN296964v1","1569480","1569753","30","148924342"
"chr4","150565946","150566239","KN296964v1","1500308","1500600","24","149065638"
"chr4","150647347","150647691","KN295171v1","982139","982493","98","149665208"
"chr4","150662692","150662988","KN295294v1","1252231","1252546","76","149410461"
"chr4","150736933","150737221","KN296964v1","1311831","1312125","26","149425102"
"chr4","150792503","150792761","KN297046v1","2130311","2130564","62","148662192"
"chr4","150812925","150813188","KN296964v1","1234224","1234484","25","149578701"
"chr4","150832777","150833075","KN296303v1","805215","805501","70","150027562"
"chr4","150842293","150842456","KN296596v1","21794","21951","37","150820499"
"chr4","150861117","150861270","KN294513v1","518116","518264","35","150343001"
"chr4","150861311","150861425","KN294499v1","518311","518429","24","150343000"
"chr4","150903104","150903336","KN296847v1","410946","411169","57","150492158"
"chr4","151003574","151003813","KN296119v1","805789","806002","65","150197785"
"chr4","151009566","151009703","KN296109v1","701794","701929","35","150307772"
"chr4","151066367","151066564","KN295225v1","1530403","1530580","58","149535964"
"chr4","151138427","151138686","KN296964v1","917862","918143","34","150220565"
"chr4","151275539","151275820","KN294539v1","1692531","1692809","64","149583008"
"chr4","151289968","151290244","KN294848v1","1246098","1246379","78","150043870"
"chr4","151363407","151363619","KN296964v1","701591","701805","14","150661816"
"chr4","151364114","151364225","KN297319v1","725060","725147","39","150639054"
"chr4","151407021","151407283","KN296551v1","153489","153750","62","151253532"
"chr4","151518709","151518971","KN297095v1","2475476","2475727","92","149043233"
"chr4","151794933","151795223","KN296495v1","1076274","1076557","69","150718659"
"chr4","151922104","151922295","KN296964v1","138115","138287","30","151783989"
"chr4","152359319","152359607","KN294452v1","1374937","1375240","70","150984382"
"chr4","152507770","152508086","KN295038v1","1006983","1007289","73","151500787"
"chr4","152566317","152566432","KN296153v1","1944022","1944129","24","150622295"
"chr4","152722281","152722556","KN295267v1","81052","81310","67","152641229"
"chr4","152806828","152807067","KN296825v1","400881","401116","67","152405947"
"chr4","152812195","152812491","KN295346v1","1646114","1646406","74","151166081"
"chr4","152948892","152949089","KN295553v1","69273","69467","44","152879619"
"chr4","152949194","152949501","KN294991v1","1709174","1709474","62","151240020"
"chr4","153063235","153063537","KN294224v1","660643","660948","70","152402592"
"chr4","153164138","153164308","KN295721v1","382777","382938","41","152781361"
"chr4","153280385","153280678","KN296682v1","2637733","2638023","68","150642652"
"chr4","153292455","153292590","KN296820v1","874322","874456","17","152418133"
"chr4","153334561","153334728","KN295721v1","382777","382938","39","152951784"
"chr4","153384289","153384443","KN296229v1","450694","450838","38","152933595"
"chr4","153384473","153384592","KN294499v1","518311","518429","22","152866162"
"chr4","153386212","153386489","KN297320v1","22264","22555","61","153363948"
"chr4","153552549","153552855","KN294421v1","9377","9683","59","153543172"
"chr4","153736856","153737157","KN295667v1","1567361","1567664","54","152169495"
"chr4","153770083","153770268","KN295375v1","129529","129712","52","153640554"
"chr4","153811059","153811356","KN295319v1","303201","303480","63","153507858"
"chr4","154623242","154623432","KN294809v1","1290122","1290317","58","153333120"
"chr4","154753451","154753751","KN294452v1","1374937","1375240","65","153378514"
"chr4","155146502","155146646","KN294172v1","6437551","6437696","34","148708951"
"chr4","155401266","155401554","KN296754v1","62225","62512","75","155339041"
"chr4","155594488","155594777","KN295171v1","12625","12912","65","155581863"
"chr4","155720982","155721284","KN296322v1","1648835","1649139","63","154072147"
"chr4","156454384","156454671","KN296701v1","289795","290083","80","156164589"
"chr4","156465389","156465694","KN295573v1","1390691","1391001","67","155074698"
"chr4","156477163","156477349","KN294964v1","1050991","1051179","43","155426172"
"chr4","156573629","156573752","KN296885v1","2707478","2707589","30","153866151"
"chr4","157237290","157237579","KN296649v1","474335","474640","74","156762955"
"chr4","157248850","157249133","KN294396v1","224755","225042","63","157024095"
"chr4","157657211","157657502","KN296964v1","1814390","1814681","67","155842821"
"chr4","157743864","157744179","KN294591v1","199615","199912","80","157544249"
"chr4","158387048","158387335","KN294705v1","1127452","1127739","63","157259596"
"chr4","158629609","158629920","KN296484v1","414259","414576","75","158215350"
"chr4","158888908","158889204","KN295205v1","1534387","1534688","59","157354521"
"chr4","158909575","158909760","KN294540v1","770939","771118","22","158138636"
"chr4","158910059","158910180","KN296225v1","229061","229185","21","158680998"
"chr4","159080242","159080505","KN294991v1","1341110","1341371","75","157739132"
"chr4","159162104","159162410","KN295352v1","1382929","1383224","76","157779175"
"chr4","159321205","159321507","KN296507v1","738522","738814","65","158582683"
"chr4","159405923","159406184","KN294540v1","274141","274402","15","159131782"
"chr4","159472681","159472981","KN294161v1","491457","491757","72","158981224"
"chr4","159750581","159750865","KN294873v1","1303218","1303511","65","158447363"
"chr4","159960053","159960331","KN295708v1","2860090","2860376","75","157099963"
"chr4","160379810","160380018","KN294409v1","503891","504094","15","159875919"
"chr4","160721812","160721979","KN294540v1","520963","521134","45","160200849"
"chr4","161151445","161151707","KN296487v1","365611","365875","69","160785834"
"chr4","161652155","161652426","KN297028v1","97110","97396","66","161555045"
"chr4","161788618","161788924","KN294539v1","915392","915693","76","160873226"
"chr4","162112289","162112543","KN295205v1","848688","848949","82","161263601"
"chr4","162252915","162253077","KN296000v1","901795","901947","36","161351120"
"chr4","162473898","162474161","KN294677v1","45530","45799","61","162428368"
"chr4","162768901","162769022","KN295586v1","574112","574236","29","162194789"
"chr4","162769089","162769254","KN296000v1","898022","898186","40","161871067"
"chr4","163070080","163070349","KN296926v1","400603","400873","69","162669477"
"chr4","163131313","163131396","KN295099v1","264928","265011","19","162866385"
"chr4","163368166","163368370","KN296635v1","2061822","2062028","56","161306344"
"chr4","163676465","163676779","KN296487v1","15614","15925","72","163660851"
"chr4","163834881","163835179","KN294399v1","171378","171682","76","163663503"
"chr4","164711762","164711894","KN296311v1","4815038","4815168","22","159896724"
"chr4","164780806","164781108","KN295553v1","182905","183210","69","164597901"
"chr4","164826768","164827070","KN295664v1","85905","86194","76","164740863"
"chr4","164933859","164934032","KN295774v1","149577","149746","49","164784282"
"chr4","164953648","164953933","KN296809v1","89252","89548","79","164864396"
"chr4","165038407","165038659","KN295205v1","848688","848949","74","164189719"
"chr4","165128656","165128939","KN295722v1","1369561","1369836","65","163759095"
"chr4","165679655","165679954","KN295758v1","234374","234665","26","165445281"
"chr4","165700489","165700798","KN294271v1","1074955","1075251","90","164625534"
"chr4","165964641","165964938","KN294499v1","1906911","1907192","82","164057730"
"chr4","165964971","165964984","KN294526v1","385203","385213","4","165579768"
"chr4","165979629","165979789","KN296701v1","462609","462775","45","165517020"
"chr4","166452166","166452445","KN295267v1","81052","81310","78","166371114"
"chr4","166471704","166471990","KN295576v1","164716","164996","65","166306988"
"chr4","166651471","166651785","KN295480v1","1274084","1274387","75","165377387"
"chr4","166815510","166815800","KN294326v1","411424","411715","78","166404086"
"chr4","167383893","167384195","KN294864v1","293899","294184","80","167089994"
"chr4","167387118","167387252","KN295564v1","622863","622995","31","166764255"
"chr4","167774733","167775039","KN295984v1","3095501","3095797","84","164679232"
"chr4","167839268","167839409","KN297046v1","3130222","3130381","50","164709046"
"chr4","168176719","168177012","KN294825v1","156055","156355","67","168020664"
"chr4","168502627","168502907","KN295633v1","2306898","2307163","71","166195729"
"chr4","168561252","168561574","KN296311v1","5727274","5727577","83","162833978"
"chr4","168669284","168669629","KN295995v1","300405","300731","89","168368879"
"chr4","168944165","168944507","KN295607v1","4783152","4783462","54","164161013"
"chr4","169040869","169041162","KN295607v1","4681872","4682160","26","164358997"
"chr4","169176883","169177083","KN295607v1","4543712","4543903","22","164633171"
"chr4","169206401","169206528","KN295102v1","105981","106109","29","169100420"
"chr4","169206853","169206961","KN295607v1","4512853","4512967","14","164694000"
"chr4","169207231","169207433","KN294205v1","1582745","1582943","56","167624486"
"chr4","169226885","169227189","KN295667v1","1567361","1567664","66","167659524"
"chr4","169445143","169445433","KN294493v1","1639497","1639778","75","167805646"
"chr4","169581069","169581193","KN296934v1","676326","676460","29","168904743"
"chr4","169709855","169710034","KN295607v1","4021677","4021852","25","165688178"
"chr4","169753346","169753617","KN296290v1","1215856","1216128","74","168537490"
"chr4","169834372","169834658","KN294571v1","449658","449947","59","169384714"
"chr4","169855210","169855509","KN295607v1","3877142","3877440","22","165978068"
"chr4","169953587","169953876","KN295607v1","3777673","3777962","23","166175914"
"chr4","170013804","170013865","KN297274v1","91364","91430","19","169922440"
"chr4","170019267","170019542","KN296508v1","1973232","1973505","56","168046035"
"chr4","170075333","170075608","KN294856v1","80941","81212","81","169994392"
"chr4","170189532","170189828","KN296852v1","696285","696587","67","169493247"
"chr4","170286649","170286895","KN294458v1","21581","21829","58","170265068"
"chr4","171086987","171087309","KN296682v1","1941233","1941537","93","169145754"
"chr4","171124289","171124590","KN295607v1","2623963","2624298","52","168500326"
"chr4","171147708","171147992","KN295607v1","2599503","2599784","26","168548205"
"chr4","171393517","171393686","KN295607v1","2344416","2344585","16","169049101"
"chr4","171413573","171413756","KN296588v1","899416","899601","53","170514157"
"chr4","172176528","172176809","KN295607v1","1507439","1507729","36","170669089"
"chr4","172364138","172364445","KN295607v1","1317038","1317344","21","171047100"
"chr4","172480043","172480330","KN296743v1","1912471","1912755","84","170567572"
"chr4","172553775","172554044","KN296732v1","3790365","3790636","79","168763410"
"chr4","172621169","172621354","KN295667v1","2018457","2018624","49","170602712"
"chr4","172677641","172677774","KN295236v1","2369540","2369674","24","170308101"
"chr4","173089749","173090031","KN295607v1","571124","571405","16","172518625"
"chr4","173592631","173592918","KN295607v1","58401","58690","21","173534230"
"chr4","173675782","173676062","KN296833v1","363360","363645","67","173312422"
"chr4","173743241","173743396","KN296828v1","22083","22247","42","173721158"
"chr4","174267266","174267555","KN295055v1","40772","41083","41","174226494"
"chr4","174273019","174273297","KN295055v1","35015","35292","20","174238004"
"chr4","174669573","174669864","KN296244v1","296863","297159","71","174372710"
"chr4","174702574","174702819","KN295869v1","333345","333580","59","174369229"
"chr4","174785771","174786053","KN294539v1","1096217","1096495","71","173689554"
"chr4","175186665","175186953","KN297023v1","640512","640805","70","174546153"
"chr4","175235914","175235995","KN295205v1","192453","192523","21","175043461"
"chr4","175385932","175386218","KN297225v1","914114","914389","74","174471818"
"chr4","175416462","175416776","KN296311v1","5278234","5278515","70","170138228"
"chr4","176055450","176055731","KN294873v1","1700476","1700762","69","174354974"
"chr4","176106672","176106922","KN295092v1","980286","980537","64","175126386"
"chr4","176201572","176201878","KN294452v1","1374937","1375240","60","174826635"
"chr4","176728867","176729000","KN296643v1","531350","531484","27","176197517"
"chr4","176947233","176947537","KN295102v1","38793","39103","70","176908440"
"chr4","176966811","176967031","KN294209v1","14779","14997","59","176952032"
"chr4","177240490","177240714","KN295923v1","1986700","1986911","59","175253790"
"chr4","177281665","177281956","KN294540v1","274141","274402","87","177007524"
"chr4","177346210","177346463","KN297028v1","105526","105779","65","177240684"
"chr4","177450406","177450701","KN295977v1","399743","400033","78","177050663"
"chr4","177457702","177457986","KN297058v1","392670","392966","67","177065032"
"chr4","177480684","177480814","KN294790v1","3690102","3690234","27","173790582"
"chr4","177978576","177978705","KN296311v1","4815038","4815168","24","173163538"
"chr4","178181482","178181747","KN294571v1","2055636","2055896","61","176125846"
"chr4","178555337","178555632","KN294991v1","1709174","1709474","77","176846163"
"chr4","178559529","178559855","KN294954v1","70243","70554","88","178489286"
"chr4","178695699","178695781","KN296682v1","314021","314103","23","178381678"
"chr4","178872678","178872957","KN296233v1","1176200","1176478","15","177696478"
"chr4","179306155","179306443","KN294747v1","1086035","1086320","82","178220120"
"chr4","179400365","179400658","KN296964v1","917862","918143","75","178482503"
"chr4","179487730","179487975","KN295893v1","5531546","5531784","67","173956184"
"chr4","179908572","179908857","KN295940v1","244356","244643","70","179664216"
"chr4","180493959","180494229","KN295667v1","673092","673338","72","179820867"
"chr4","180536593","180536902","KN295102v1","38793","39103","71","180497800"
"chr4","180670775","180671067","KN294527v1","273035","273327","72","180397740"
"chr4","180824562","180824811","KN294987v1","459255","459513","61","180365307"
"chr4","180844147","180844424","KN294199v1","1022551","1022840","54","179821596"
"chr4","181070167","181070305","KN296829v1","851332","851478","34","180218835"
"chr4","181164995","181165253","KN296883v1","892428","892672","69","180272567"
"chr4","181503080","181503371","KN295171v1","12625","12912","61","181490455"
"chr4","181571349","181571637","KN295171v1","12625","12912","63","181558724"
"chr4","181788596","181788897","KN296726v1","392031","392328","73","181396565"
"chr4","181971574","181971869","KN297190v1","2683777","2684071","64","179287797"
"chr4","182171465","182171588","KN294410v1","486228","486353","25","181685237"
"chr4","182275655","182275939","KN296682v1","3395587","3395869","61","178880068"
"chr4","182306184","182306354","KN297319v1","373164","373327","41","181933020"
"chr4","182433839","182434129","KN294207v1","595798","596096","72","181838041"
"chr4","182462069","182462358","KN294747v1","917219","917517","69","181544850"
"chr4","182803943","182804034","KN296454v1","256011","256110","24","182547932"
"chr4","182836249","182836366","KN296682v1","4980731","4980854","24","177855518"
"chr4","182865619","182865765","KN296934v1","609106","609251","40","182256513"
"chr4","182866067","182866203","KN295605v1","687968","688102","28","182178099"
"chr4","183087937","183088243","KN295449v1","1170610","1170916","72","181917327"
"chr4","183170692","183170940","KN295315v1","637879","638117","73","182532813"
"chr4","183198400","183198484","KN297092v1","3480","3567","27","183194920"
"chr4","183480429","183480724","KN294493v1","1639497","1639778","68","181840932"
"chr4","183529101","183529395","KN294911v1","2216419","2216711","74","181312682"
"chr4","183544980","183545096","KN296635v1","5588705","5588826","25","177956275"
"chr4","183750868","183751141","KN295983v1","1223920","1224199","60","182526948"
"chr4","183998917","183999072","KN294548v1","490123","490280","43","183508794"
"chr4","184040642","184040740","KN296849v1","453699","453797","23","183586943"
"chr4","184475957","184475983","KN296907v1","491287","491310","3","183984670"
"chr4","184476288","184476418","KN295803v1","255996","256129","36","184220292"
"chr4","184555030","184555103","KN297295v1","282383","282439","24","184272647"
"chr4","184570508","184570632","KN294172v1","6039824","6039947","22","178530684"
"chr4","184636103","184636410","KN296322v1","1648835","1649139","58","182987268"
"chr4","184637372","184637555","KN297274v1","1690638","1690818","56","182946734"
"chr4","184981924","184982227","KN296322v1","1648835","1649139","70","183333089"
"chr4","185139249","185139479","KN294879v1","1183051","1183277","60","183956198"
"chr4","185226449","185226744","KN295667v1","1567361","1567664","60","183659088"
"chr4","185286125","185286410","KN296303v1","805215","805501","64","184480910"
"chr4","185304140","185304240","KN294633v1","177699","177794","21","185126441"
"chr4","185304246","185304363","KN295802v1","222325","222434","31","185081921"
"chr4","185304657","185304788","KN294218v1","2756614","2756751","27","182548043"
"chr4","185796072","185796206","KN296880v1","198524","198663","22","185597548"
"chr4","185987546","185987849","KN297242v1","1213658","1213969","71","184773888"
"chr4","186133667","186133955","KN294452v1","998051","998338","58","185135616"
"chr4","186179303","186179467","KN294269v1","1347949","1348104","35","184831354"
"chr4","186484506","186484782","KN295074v1","1590278","1590572","78","184894228"
"chr4","186569408","186569660","KN294325v1","756815","757073","69","185812593"
"chr4","186581325","186581459","KN294536v1","348653","348787","22","186232672"
"chr4","186813120","186813285","KN296000v1","898022","898186","42","185915098"
"chr4","186845992","186846290","KN295352v1","729753","730045","62","186116239"
"chr4","186986176","186986396","KN297259v1","427903","428124","60","186558273"
"chr4","187202485","187202769","KN295962v1","211219","211498","67","186991266"
"chr4","187619463","187619802","KN295983v1","481615","481941","99","187137848"
"chr4","187935851","187936136","KN295294v1","198862","199146","62","187736989"
"chr4","187938097","187938391","KN296964v1","917862","918143","68","187020235"
"chr4","188040493","188040620","KN294806v1","157000","157133","29","187883493"
"chr4","188040980","188041128","KN294513v1","518116","518264","37","187522864"
"chr4","188493922","188494228","KN296322v1","1648835","1649139","68","186845087"
"chr4","188535632","188535765","KN297411v1","8561","8695","24","188527071"
"chr4","188725087","188725385","KN295368v1","1939103","1939400","83","186785984"
"chr4","189578096","189578404","KN294806v1","594997","595290","70","188983099"
"chr4","189860052","189860184","KN294193v1","128685","128814","25","189731367"
"chr4","189951664","189951828","KN296864v1","3353170","3353334","35","186598494"
"chr4","189954589","189954885","KN294980v1","15695","15980","29","189938894"
"chr4","190030135","190030438","KN295923v1","744628","744928","74","189285507"
"chr5","69336852","69337115","KN295531v1","58152","58425","59","69278700"
"chr5","100007783","100008023","KN296783v1","1112763","1112997","64","98895020"
"chr5","134610884","134611163","KN294499v1","1110140","1110419","68","133500744"
"chr5","138280904","138281195","KN296964v1","1814390","1814681","62","136466514"
"chr5","385163","385473","KN296759v1","210528","210836","65","174635"
"chr5","805157","805439","KN295977v1","399743","400033","68","405414"
"chr5","1287219","1287509","KN296802v1","467376","467669","25","819843"
"chr5","1594932","1595071","KN296802v1","158572","158710","11","1436360"
"chr5","2121594","2121881","KN294591v1","535625","535912","68","1585969"
"chr5","2357046","2357181","KN294218v1","2756614","2756751","27","399568"
"chr5","2770628","2770717","KN295045v1","1118390","1118485","24","1652238"
"chr5","3436122","3436325","KN296635v1","2061822","2062028","54","1374300"
"chr5","3614432","3614712","KN296507v1","738522","738814","75","2875910"
"chr5","4935046","4935162","KN297416v1","162444","162561","28","4772602"
"chr5","5125302","5125601","KN296268v1","911960","912261","73","4213342"
"chr5","5277695","5277998","KN294452v1","1374937","1375240","68","3902758"
"chr5","5446025","5446295","KN295236v1","6123690","6123968","69","677665"
"chr5","6489154","6489448","KN296244v1","296863","297159","55","6192291"
"chr5","7102711","7102872","KN294911v1","4985405","4985572","45","2117306"
"chr5","8002373","8002680","KN296588v1","282556","282869","71","7719817"
"chr5","9195172","9195471","KN297227v1","1123419","1123703","68","8071753"
"chr5","9572996","9573294","KN294758v1","3078424","3078721","23","6494572"
"chr5","9631254","9631541","KN295090v1","2374852","2375141","69","7256402"
"chr5","10152075","10152249","KN297256v1","164993","165173","47","9987082"
"chr5","10152284","10152401","KN295977v1","426136","426253","22","9726148"
"chr5","10189284","10189545","KN294758v1","2460159","2460419","41","7729125"
"chr5","10210758","10210885","KN295362v1","1160773","1160900","25","9049985"
"chr5","10248561","10248693","KN294758v1","2391330","2391466","12","7857231"
"chr5","10322430","10322586","KN295705v1","1659307","1659450","42","8663123"
"chr5","10342080","10342366","KN295346v1","1646114","1646406","60","8695966"
"chr5","10372915","10373077","KN295721v1","382777","382938","29","9990138"
"chr5","10515218","10515339","KN295533v1","2843283","2843406","22","7671935"
"chr5","10834123","10834402","KN294758v1","1780351","1780635","24","9053772"
"chr5","11250520","11250816","KN294758v1","1361907","1362206","18","9888613"
"chr5","11323038","11323347","KN297219v1","1576359","1576655","85","9746679"
"chr5","11457125","11457330","KN294409v1","503891","504094","46","10953234"
"chr5","11477404","11477683","KN294987v1","187998","188261","71","11289406"
"chr5","12053852","12054143","KN296311v1","972093","972364","66","11081759"
"chr5","12233963","12234252","KN294452v1","998051","998338","70","11235912"
"chr5","12550323","12550482","KN295984v1","1259442","1259596","44","11290881"
"chr5","13536616","13536769","KN297171v1","1235221","1235375","5","12301395"
"chr5","13731852","13732138","KN297171v1","1427579","1427863","18","12304273"
"chr5","14074718","14075020","KN296431v1","32840","33135","75","14041878"
"chr5","14121330","14121484","KN297171v1","1813599","1813754","9","12307731"
"chr5","14121512","14121618","KN297171v1","1813781","1813896","23","12307731"
"chr5","14207150","14207262","KN294598v1","442990","443100","23","13764160"
"chr5","14207292","14207318","KN295368v1","1470938","1470967","11","12736354"
"chr5","14207432","14207463","KN296004v1","129338","129368","11","14078094"
"chr5","14207495","14207523","KN295368v1","1470938","1470967","11","12736557"
"chr5","14207558","14207712","KN294407v1","2863006","2863150","38","11344552"
"chr5","14288960","14289105","KN296210v1","326465","326608","29","13962495"
"chr5","14289406","14289542","KN295987v1","239198","239337","42","14050208"
"chr5","14383080","14383218","KN297171v1","2080235","2080373","5","12302845"
"chr5","14411610","14411908","KN297171v1","2107293","2107603","40","12304317"
"chr5","14604050","14604321","KN297171v1","2303653","2303921","27","12300397"
"chr5","14637187","14637319","KN297171v1","2336648","2336782","12","12300539"
"chr5","14660406","14660694","KN296263v1","767505","767771","83","13892901"
"chr5","14686305","14686514","KN295572v1","371863","372076","52","14314442"
"chr5","14738647","14738755","KN297171v1","2436215","2436323","6","12302432"
"chr5","14752026","14752315","KN297171v1","2449987","2450273","23","12302039"
"chr5","14812991","14813252","KN297171v1","2509172","2509427","36","12303819"
"chr5","14880053","14880218","KN295705v1","2338948","2339110","37","12541105"
"chr5","14955625","14955904","KN297171v1","2658908","2659192","32","12296717"
"chr5","16522723","16523025","KN297046v1","3065440","3065749","67","13457283"
"chr5","16649395","16649687","KN296311v1","5278234","5278515","63","11371161"
"chr5","16685218","16685507","KN294420v1","816046","816329","65","15869172"
"chr5","16770078","16770255","KN297282v1","57047","57215","45","16713031"
"chr5","16845384","16845661","KN296588v1","1946271","1946543","75","14899113"
"chr5","16868992","16869020","KN296646v1","838353","838388","12","16030639"
"chr5","16869340","16869574","KN294458v1","21581","21829","78","16847759"
"chr5","17072781","17072914","KN295526v1","145592","145725","20","16927189"
"chr5","17073599","17073729","KN296096v1","3053461","3053592","34","14020138"
"chr5","17185153","17185456","KN296542v1","103665","103974","73","17081488"
"chr5","17363544","17363839","KN296864v1","3138537","3138822","67","14225007"
"chr5","18304509","18304804","KN295576v1","164716","164996","70","18139793"
"chr5","18372913","18373215","KN296594v1","619931","620241","73","17752982"
"chr5","18739344","18739641","KN295977v1","399743","400033","56","18339601"
"chr5","20863905","20864199","KN295352v1","729753","730045","70","20134152"
"chr5","21073271","21073539","KN296948v1","762193","762479","73","20311078"
"chr5","21397153","21397292","KN294613v1","467519","467659","43","20929634"
"chr5","22021840","22022125","KN294260v1","1359230","1359515","72","20662610"
"chr5","22465375","22465665","KN294421v1","9377","9683","67","22455998"
"chr5","22616870","22617172","KN294210v1","473112","473404","75","22143758"
"chr5","22837140","22837434","KN295225v1","149352","149659","72","22687788"
"chr5","24149599","24149708","KN295802v1","222325","222434","8","23927274"
"chr5","24343508","24343730","KN295802v1","36553","36776","17","24306955"
"chr5","24419176","24419332","KN295294v1","3459484","3459635","41","20959692"
"chr5","24419650","24419789","KN294558v1","284993","285139","32","24134657"
"chr5","24545534","24545830","KN295079v1","373372","373674","85","24172162"
"chr5","24937398","24937699","KN294453v1","24436","24724","77","24912962"
"chr5","25239278","25239469","KN294711v1","1194000","1194162","67","24045278"
"chr5","25335661","25335820","KN296802v1","177374","177511","51","25158287"
"chr5","25335824","25335904","KN296682v1","314021","314103","22","25021803"
"chr5","25338569","25338721","KN297312v1","704627","704767","38","24633942"
"chr5","25593069","25593357","KN296964v1","917862","918143","74","24675207"
"chr5","25785873","25786036","KN295420v1","396854","397019","42","25389019"
"chr5","25878879","25879195","KN296520v1","1454899","1455203","80","24423980"
"chr5","26291527","26291824","KN296864v1","1447995","1448277","82","24843532"
"chr5","26544257","26544418","KN294346v1","260578","260726","40","26283679"
"chr5","26876407","26876701","KN296847v1","2123793","2124076","68","24752614"
"chr5","26967709","26968003","KN296495v1","1076274","1076557","70","25891435"
"chr5","27160779","27161067","KN296000v1","582186","582465","71","26578593"
"chr5","27280813","27281087","KN295633v1","1501780","1502052","76","25779033"
"chr5","27992889","27993141","KN297445v1","1222732","1222973","67","26770157"
"chr5","28235791","28236081","KN297259v1","1570980","1571280","71","26664811"
"chr5","30811812","30812133","KN294470v1","155415","155718","96","30656397"
"chr5","31102531","31102845","KN296907v1","1087372","1087677","74","30015159"
"chr5","31507033","31507178","KN294761v1","1021261","1021399","24","30485772"
"chr5","31507475","31507639","KN297113v1","252877","253050","42","31254598"
"chr5","31752070","31752266","KN297219v1","1836839","1837031","49","29915231"
"chr5","31752576","31752708","KN296682v1","3035948","3036075","33","28716628"
"chr5","31828491","31828799","KN295099v1","55159","55457","71","31773332"
"chr5","31920527","31920683","KN296498v1","176729","176872","47","31743798"
"chr5","31953533","31953660","KN296643v1","262990","263118","24","31690543"
"chr5","31953948","31954134","KN296732v1","3522095","3522260","50","28431853"
"chr5","32094628","32094893","KN295346v1","1243459","1243703","72","30851169"
"chr5","32118371","32118668","KN296588v1","2231711","2232014","59","29886660"
"chr5","32134089","32134212","KN296322v1","997745","997870","32","31136344"
"chr5","32134509","32134734","KN296852v1","169257","169462","69","31965252"
"chr5","32315580","32315863","KN296864v1","3138537","3138822","67","29177043"
"chr5","32513713","32514016","KN296864v1","1939832","1940132","68","30573881"
"chr5","32650498","32650801","KN297245v1","2237012","2237311","65","30413486"
"chr5","32879890","32880158","KN294548v1","1049130","1049411","72","31830760"
"chr5","33122212","33122368","KN294991v1","973655","973815","28","32148557"
"chr5","33500031","33500228","KN296682v1","2867973","2868160","61","30632058"
"chr5","33521231","33521396","KN296877v1","151376","151537","33","33369855"
"chr5","33521451","33521567","KN296682v1","4980731","4980854","27","28540720"
"chr5","33676485","33676678","KN296767v1","53224","53425","56","33623261"
"chr5","33987018","33987276","KN294650v1","596463","596718","72","33390555"
"chr5","34341491","34341785","KN295352v1","729753","730045","70","33611738"
"chr5","34593191","34593486","KN294260v1","1091595","1091881","72","33501596"
"chr5","34708871","34709151","KN294592v1","450560","450839","69","34258311"
"chr5","34872038","34872292","KN295894v1","1984544","1984792","73","32887494"
"chr5","35344759","35344923","KN296877v1","151376","151537","43","35193383"
"chr5","35585956","35586061","KN295871v1","930449","930551","24","34655507"
"chr5","36146391","36146676","KN295424v1","217973","218258","15","35928418"
"chr5","36485514","36485819","KN297398v1","103760","104057","62","36381754"
"chr5","36619359","36619623","KN294420v1","263951","264214","17","36355408"
"chr5","36764356","36764488","KN294420v1","409993","410121","9","36354363"
"chr5","36793481","36793773","KN294420v1","445901","446178","34","36347580"
"chr5","36795628","36795901","KN297227v1","1049335","1049619","69","35746293"
"chr5","36862883","36863176","KN297184v1","1114866","1115167","62","35748017"
"chr5","36970105","36970403","KN294420v1","631308","631597","28","36338797"
"chr5","37043114","37043247","KN294420v1","702665","702798","5","36340449"
"chr5","37043553","37043697","KN294420v1","703107","703267","28","36340446"
"chr5","37123555","37123825","KN296314v1","657620","657879","73","36465935"
"chr5","37156322","37156611","KN294420v1","816046","816329","25","36340276"
"chr5","37171806","37172101","KN297322v1","1560377","1560662","75","35611429"
"chr5","37297129","37297312","KN296201v1","2889299","2889484","13","34407830"
"chr5","37346085","37346293","KN296201v1","2838961","2839166","18","34507124"
"chr5","37401627","37401757","KN295236v1","677208","677340","29","36724419"
"chr5","37420432","37420681","KN296639v1","37858","38116","68","37382574"
"chr5","37592882","37593153","KN296481v1","445362","445643","65","37147520"
"chr5","37727570","37727875","KN296201v1","2461082","2461386","21","35266488"
"chr5","37750252","37750541","KN296201v1","2431911","2432214","31","35318341"
"chr5","38236808","38237092","KN294520v1","992368","992662","67","37244440"
"chr5","38968494","38968754","KN296201v1","1219226","1219493","20","37749268"
"chr5","39052092","39052364","KN296201v1","1142532","1142802","20","37909560"
"chr5","39748409","39748696","KN297452v1","1187475","1187762","69","38560934"
"chr5","40212644","40212944","KN295488v1","32379","32667","31","40180265"
"chr5","40427289","40427582","KN294199v1","1022551","1022840","64","39404738"
"chr5","40698046","40698282","KN294535v1","662351","662571","37","40035695"
"chr5","40802257","40802553","KN294535v1","556796","557108","37","40245461"
"chr5","40839672","40839901","KN296847v1","410946","411169","55","40428726"
"chr5","41269758","41269827","KN294535v1","80806","80875","3","41188952"
"chr5","41327810","41327969","KN296000v1","901795","901947","31","40426015"
"chr5","41588489","41588595","KN296454v1","256011","256110","14","41332478"
"chr5","41752483","41752774","KN295368v1","1939103","1939400","68","39813380"
"chr5","42957078","42957355","KN297200v1","235109","235385","19","42721969"
"chr5","42985067","42985329","KN297095v1","2475476","2475727","82","40509591"
"chr5","43047095","43047370","KN297200v1","310022","310266","49","42737073"
"chr5","43409038","43409145","KN295450v1","177872","177982","14","43231166"
"chr5","43409450","43409488","KN295450v1","178289","178327","1","43231161"
"chr5","43449988","43450291","KN295667v1","1567361","1567664","67","41882627"
"chr5","43481107","43481396","KN295450v1","245318","245602","21","43235789"
"chr5","43508812","43509118","KN295352v1","729753","730045","66","42779059"
"chr5","43731271","43731549","KN294231v1","3355","3631","52","43727916"
"chr5","44474857","44475109","KN297046v1","2266992","2267242","78","42207865"
"chr5","44661456","44661745","KN296948v1","762193","762479","68","43899263"
"chr5","45405423","45405706","KN294199v1","1022551","1022840","68","44382872"
"chr5","45558771","45558918","KN294470v1","385030","385177","43","45173741"
"chr5","45558944","45559060","KN297019v1","1003774","1003888","26","44555170"
"chr5","45780404","45780604","KN295633v1","552946","553113","62","45227458"
"chr5","45807265","45807564","KN294991v1","1709174","1709474","68","44098091"
"chr5","50312428","50312712","KN296938v1","298054","298338","75","50014374"
"chr5","50561737","50562046","KN296588v1","282556","282869","77","50279181"
"chr5","50591358","50591464","KN295301v1","1589895","1589989","27","49001463"
"chr5","50746770","50747036","KN295721v1","169475","169726","31","50577295"
"chr5","50802319","50802616","KN295721v1","226677","226952","38","50575642"
"chr5","50885521","50885807","KN296948v1","762193","762479","63","50123328"
"chr5","51036579","51036726","KN294987v1","646342","646477","37","50390237"
"chr5","51310921","51311225","KN295984v1","2645451","2645717","92","48665470"
"chr5","51753172","51753470","KN294834v1","209268","209577","33","51543904"
"chr5","51922568","51922863","KN296864v1","3096229","3096519","81","48826339"
"chr5","52450214","52450436","KN295666v1","152100","152313","57","52298114"
"chr5","52779991","52780300","KN294634v1","387267","387565","77","52392724"
"chr5","53121685","53121896","KN297317v1","77457","77669","51","53044228"
"chr5","53925521","53925837","KN296322v1","1648835","1649139","71","52276686"
"chr5","54034677","54034968","KN296948v1","762193","762479","62","53272484"
"chr5","54440402","54440559","KN296025v1","179010","179141","53","54261392"
"chr5","54611864","54612121","KN294613v1","331392","331636","60","54280472"
"chr5","54828939","54829230","KN297386v1","1518927","1519195","80","53310012"
"chr5","54895732","54895872","KN295601v1","2833105","2833244","30","52062627"
"chr5","54974970","54975255","KN294879v1","385981","386259","66","54588989"
"chr5","55200678","55201008","KN297046v1","484119","484442","87","54716559"
"chr5","55210454","55210712","KN295576v1","164716","164996","63","55045738"
"chr5","55239553","55239769","KN294879v1","1183051","1183277","48","54056502"
"chr5","55310792","55311081","KN296180v1","2417217","2417498","66","52893575"
"chr5","55493464","55493605","KN296311v1","2361921","2362066","30","53131543"
"chr5","55493898","55494058","KN294470v1","2691196","2691354","40","52802702"
"chr5","55556654","55556814","KN294569v1","180105","180259","32","55376549"
"chr5","55566242","55566512","KN296502v1","1280490","1280768","71","54285752"
"chr5","55585523","55585760","KN296404v1","2381217","2381439","51","53204306"
"chr5","55607468","55607607","KN297038v1","940555","940687","29","54666913"
"chr5","55607902","55608053","KN296502v1","1256295","1256453","39","54351607"
"chr5","55678646","55678959","KN294421v1","9377","9683","59","55669269"
"chr5","55682511","55682772","KN295708v1","2620763","2621040","77","53061748"
"chr5","55739908","55740025","KN295243v1","1041792","1041909","30","54698116"
"chr5","55746952","55747100","KN296743v1","2435177","2435300","47","53311775"
"chr5","55747398","55747563","KN294493v1","1986813","1986979","44","53760585"
"chr5","55749142","55749442","KN295633v1","1633983","1634282","75","54115159"
"chr5","55884450","55884710","KN295962v1","1201053","1201326","68","54683397"
"chr5","55906742","55906883","KN294410v1","486228","486353","30","55420514"
"chr5","55912813","55912973","KN296738v1","200423","200579","32","55712390"
"chr5","55930535","55930820","KN297227v1","1049335","1049619","70","54881200"
"chr5","55949195","55949494","KN296507v1","738522","738814","61","55210673"
"chr5","55974996","55975127","KN296025v1","179010","179141","29","55795986"
"chr5","55980874","55981029","KN296865v1","965713","965857","32","55015161"
"chr5","56044564","56044842","KN295984v1","150673","150962","63","55893891"
"chr5","56155673","56155865","KN296119v1","5280949","5281131","47","50874724"
"chr5","56158686","56158981","KN296244v1","296863","297159","69","55861823"
"chr5","56414847","56415060","KN296508v1","1675720","1675934","49","54739127"
"chr5","56643027","56643335","KN294439v1","130265","130569","67","56512762"
"chr5","56886770","56887062","KN295984v1","150673","150962","63","56736097"
"chr5","56936510","56936788","KN295633v1","1501780","1502052","66","55434730"
"chr5","56965780","56965946","KN294451v1","367926","368096","41","56597854"
"chr5","56985487","56985774","KN295984v1","2962847","2963132","66","54022640"
"chr5","57009807","57009858","KN295366v1","149372","149424","8","56860435"
"chr5","57010152","57010340","KN294739v1","985939","986117","45","56024213"
"chr5","57106442","57106737","KN296371v1","158213","158508","56","56948229"
"chr5","57112735","57112892","KN296453v1","1168589","1168749","38","55944146"
"chr5","57181052","57181339","KN296948v1","762193","762479","60","56418859"
"chr5","57196170","57196303","KN296311v1","4657589","4657718","26","52538581"
"chr5","57201381","57201447","KN296315v1","444949","445008","18","56756432"
"chr5","57279718","57279859","KN295706v1","131306","131439","23","57148412"
"chr5","57297354","57297485","KN296846v1","1092551","1092685","26","56204803"
"chr5","57359567","57359807","KN295459v1","1516623","1516885","81","55842944"
"chr5","57384625","57384906","KN296495v1","1076274","1076557","57","56308351"
"chr5","57430297","57430431","KN295706v1","131306","131439","30","57298991"
"chr5","58779396","58779687","KN294289v1","71250","71541","30","58708146"
"chr5","59030464","59030745","KN296315v1","1023330","1023621","61","58007134"
"chr5","59401163","59401425","KN294147v1","2133356","2133601","70","57267807"
"chr5","59551934","59552202","KN297189v1","235450","235714","68","59316484"
"chr5","59866504","59866668","KN294911v1","4985405","4985572","34","54881099"
"chr5","59873930","59874213","KN295096v1","691516","691814","77","59182414"
"chr5","60134215","60134530","KN294991v1","1709174","1709474","83","58425041"
"chr5","60591665","60591917","KN296311v1","2759477","2759737","75","57832188"
"chr5","60606492","60606781","KN294825v1","328794","329097","69","60277698"
"chr5","60608827","60609104","KN296306v1","1771005","1771285","62","58837822"
"chr5","60709927","60710206","KN296311v1","5278234","5278515","74","55431693"
"chr5","60747872","60748137","KN294747v1","867897","868151","73","59879975"
"chr5","60811936","60812233","KN294210v1","473112","473404","62","60338824"
"chr5","60849725","60849907","KN294711v1","1194000","1194162","52","59655725"
"chr5","60914513","60914809","KN296322v1","1648835","1649139","64","59265678"
"chr5","60931303","60931608","KN295099v1","55159","55457","62","60876144"
"chr5","60961840","60961987","KN295601v1","2833105","2833244","34","58128735"
"chr5","60977146","60977438","KN296528v1","1109404","1109696","68","59867742"
"chr5","61131191","61131425","KN296991v1","1155715","1155935","76","59975476"
"chr5","61169904","61170035","KN296311v1","4815038","4815168","18","56354866"
"chr5","61648607","61648914","KN294732v1","68295","68620","43","61580312"
"chr5","62243434","62243734","KN294581v1","108430","108726","18","62135004"
"chr5","62447112","62447405","KN294581v1","315061","315366","33","62132051"
"chr5","62536458","62536534","KN295731v1","61392","61465","24","62475066"
"chr5","62541932","62542009","KN295236v1","1305949","1306032","26","61235983"
"chr5","62556456","62556588","KN294536v1","348653","348787","28","62207803"
"chr5","62645362","62645509","KN296682v1","4472363","4472501","37","58172999"
"chr5","62645541","62645657","KN294499v1","518311","518429","27","62127230"
"chr5","62688404","62688715","KN297066v1","48943","49249","61","62639461"
"chr5","62811797","62812088","KN295099v1","55159","55457","71","62756638"
"chr5","62939750","62939872","KN296062v1","1206761","1206876","33","61732989"
"chr5","63867764","63868059","KN294345v1","554565","554800","90","63313199"
"chr5","63956753","63956932","KN294345v1","644545","644706","38","63312208"
"chr5","64515885","64516103","KN294345v1","1219271","1219535","59","63296614"
"chr5","64544393","64544694","KN296322v1","1648835","1649139","61","62895558"
"chr5","64651625","64651757","KN294345v1","1355501","1355635","8","63296124"
"chr5","64757128","64757395","KN294345v1","1464912","1465179","16","63292216"
"chr5","64774160","64774386","KN296303v1","798953","799193","64","63975207"
"chr5","64863504","64863788","KN294235v1","979340","979628","67","63884164"
"chr5","64942146","64942467","KN294407v1","1718897","1719202","77","63223249"
"chr5","64991443","64991735","KN294345v1","1713106","1713396","13","63278337"
"chr5","65491904","65492070","KN296000v1","898022","898186","35","64593882"
"chr5","65498672","65498933","KN296210v1","16491","16771","33","65482181"
"chr5","65506104","65506365","KN296210v1","23089","23360","32","65483015"
"chr5","65536333","65536632","KN296210v1","57523","57823","17","65478810"
"chr5","65556192","65556503","KN296210v1","83650","83960","18","65472542"
"chr5","65595134","65595275","KN296311v1","2361921","2362066","27","63233213"
"chr5","65595579","65595735","KN297452v1","2973117","2973259","42","62622462"
"chr5","65640925","65641233","KN295406v1","486578","486886","61","65154347"
"chr5","65641423","65641734","KN297180v1","314236","314539","71","65327187"
"chr5","65660336","65660444","KN295319v1","661942","662051","23","64998394"
"chr5","65750437","65750750","KN296210v1","288600","288909","28","65461837"
"chr5","65788554","65788689","KN296210v1","326465","326608","10","65462089"
"chr5","65788992","65789140","KN296210v1","326889","327054","18","65462103"
"chr5","65857707","65857998","KN296502v1","1280490","1280768","74","64577217"
"chr5","65872617","65872714","KN296210v1","424680","424784","12","65447937"
"chr5","65881297","65881423","KN295362v1","1160773","1160900","20","64720524"
"chr5","65891162","65891471","KN296210v1","443099","443408","22","65448063"
"chr5","66031550","66031831","KN296210v1","582760","583044","26","65448790"
"chr5","66199572","66199868","KN294856v1","126985","127282","75","66072587"
"chr5","66369515","66369646","KN296210v1","920300","920429","8","65449215"
"chr5","66533463","66533722","KN295352v1","1019178","1019436","60","65514285"
"chr5","66709326","66709606","KN294260v1","1359230","1359515","56","65350096"
"chr5","66911420","66911744","KN294790v1","3754436","3754749","91","63156984"
"chr5","67044516","67044800","KN296507v1","738522","738814","72","66305994"
"chr5","67368827","67369106","KN297227v1","1049335","1049619","68","66319492"
"chr5","67428620","67428898","KN297386v1","254754","255042","65","67173866"
"chr5","68025020","68025398","KN294407v1","766794","767133","128","67258226"
"chr5","68607114","68607397","KN296495v1","1076274","1076557","72","67530840"
"chr5","68609978","68610278","KN296538v1","333498","333794","61","68276480"
"chr5","68796948","68797232","KN296303v1","805215","805501","62","67991733"
"chr5","68819807","68820114","KN295406v1","486578","486886","69","68333229"
"chr5","68969775","68969957","KN297320v1","32939","33116","35","68936836"
"chr5","68984103","68984393","KN295346v1","1646114","1646406","68","67337989"
"chr5","69050164","69050445","KN296921v1","785494","785770","70","68264670"
"chr5","69098007","69098131","KN295236v1","677208","677340","32","68420799"
"chr5","69137275","69137575","KN296311v1","5353300","5353582","75","63783975"
"chr5","69164070","69164312","KN295933v1","676121","676354","63","68487949"
"chr5","69170663","69170917","KN294705v1","1107549","1107807","64","68063114"
"chr5","69316619","69316802","KN294205v1","957443","957638","50","68359176"
"chr5","69317896","69317973","KN295983v1","556778","556867","23","68761118"
"chr5","69318280","69318460","KN295371v1","124772","124949","44","69193508"
"chr5","69318784","69318805","KN296569v1","4665","4683","4","69314119"
"chr5","69395231","69395536","KN294452v1","1374937","1375240","70","68020294"
"chr5","69403009","69403138","KN295459v1","128391","128517","23","69274618"
"chr5","69431825","69432016","KN295074v1","203567","203742","52","69228258"
"chr5","69432311","69432437","KN294172v1","6272486","6272617","22","63159825"
"chr5","69438470","69438604","KN294630v1","647087","647221","35","68791383"
"chr5","69438917","69439092","KN297113v1","252877","253050","40","69186040"
"chr5","69474224","69474530","KN297066v1","48943","49249","62","69425281"
"chr5","69538844","69539116","KN295933v1","79820","80084","74","69459024"
"chr5","69542030","69542191","KN294407v1","109423","109582","32","69432607"
"chr5","69543030","69543111","KN294569v1","720179","720274","24","68822851"
"chr5","69626949","69627252","KN295294v1","1101026","1101317","58","68525923"
"chr5","69628816","69629107","KN296495v1","1076274","1076557","61","68552542"
"chr5","70117096","70117387","KN296495v1","1076274","1076557","61","69040822"
"chr5","70118953","70119256","KN295294v1","1101026","1101317","58","69017927"
"chr5","70482584","70482887","KN295294v1","1101026","1101317","58","69381558"
"chr5","70484455","70484746","KN296495v1","1076274","1076557","61","69408181"
"chr5","70884998","70885131","KN295706v1","131306","131439","24","70753692"
"chr5","70992569","70992860","KN296495v1","1076274","1076557","61","69916295"
"chr5","70994426","70994729","KN295294v1","1101026","1101317","58","69893400"
"chr5","71015095","71015345","KN295846v1","219637","219884","62","70795458"
"chr5","71085705","71085866","KN294407v1","109423","109582","32","70976282"
"chr5","71088780","71089052","KN295933v1","79820","80084","73","71008960"
"chr5","71117452","71117743","KN296495v1","1076274","1076557","61","70041178"
"chr5","71119310","71119613","KN295294v1","1101026","1101317","58","70018284"
"chr5","71465292","71465558","KN296290v1","1215856","1216128","70","70249436"
"chr5","71467710","71467841","KN294172v1","6272486","6272617","20","65195224"
"chr5","71529410","71529682","KN294677v1","45530","45799","72","71483880"
"chr5","71536558","71536837","KN296964v1","1814390","1814681","72","69722168"
"chr5","71669632","71669888","KN297105v1","2959195","2959449","72","68710437"
"chr5","71724810","71725064","KN295846v1","219637","219884","63","71505173"
"chr5","71750831","71751074","KN295586v1","185554","185803","73","71565277"
"chr5","71857032","71857293","KN295607v1","571124","571405","79","71285908"
"chr5","72229876","72230194","KN295406v1","486578","486886","67","71743298"
"chr5","72284131","72284445","KN297165v1","2596688","2597002","71","69687443"
"chr5","72285521","72285819","KN295708v1","735658","735943","82","71549863"
"chr5","72547654","72547855","KN295533v1","2434686","2434882","48","70112968"
"chr5","72764613","72764870","KN297180v1","531711","531948","70","72232902"
"chr5","72963551","72963850","KN294210v1","473112","473404","67","72490439"
"chr5","73000018","73000190","KN295405v1","328891","329050","48","72671127"
"chr5","73000790","73000907","KN296682v1","4980731","4980854","25","68020059"
"chr5","73001115","73001468","KN296145v1","1068634","1068970","97","71932481"
"chr5","73042928","73043231","KN294239v1","2252433","2252734","21","70790495"
"chr5","73095746","73096032","KN294239v1","2192932","2193219","12","70902814"
"chr5","73309156","73309447","KN294239v1","1975447","1975741","15","71333709"
"chr5","73311058","73311362","KN294239v1","1973556","1973871","27","71337502"
"chr5","73475747","73475875","KN294239v1","1798427","1798556","5","71677320"
"chr5","73536685","73536849","KN296308v1","592866","593027","40","72943819"
"chr5","73574046","73574331","KN294239v1","1686717","1687011","26","71887329"
"chr5","73678899","73679117","KN294239v1","1582385","1582603","10","72096514"
"chr5","73681840","73682084","KN294991v1","1341110","1341371","71","72340730"
"chr5","73754711","73755011","KN295828v1","1635308","1635575","96","72119403"
"chr5","73995910","73996043","KN296311v1","4657589","4657718","21","69338321"
"chr5","74299071","74299354","KN297023v1","152219","152509","68","74146852"
"chr5","74552617","74552931","KN294239v1","709841","710163","26","73842776"
"chr5","74663844","74663973","KN296643v1","191078","191208","22","74472766"
"chr5","74664270","74664453","KN294325v1","233169","233336","48","74431101"
"chr5","74842530","74842695","KN297319v1","373164","373327","39","74469366"
"chr5","74850907","74851087","KN297215v1","75576","75756","39","74775331"
"chr5","74924874","74925174","KN294758v1","3078424","3078721","72","71846450"
"chr5","74988939","74989242","KN294452v1","1374937","1375240","62","73614002"
"chr5","75060878","75061036","KN295114v1","20274","20431","29","75040604"
"chr5","75077109","75077370","KN295352v1","1019178","1019436","61","74057931"
"chr5","75199004","75199208","KN296767v1","53224","53425","52","75145780"
"chr5","75237961","75238259","KN295977v1","399743","400033","65","74838218"
"chr5","75310165","75310327","KN295705v1","2338948","2339110","31","72971217"
"chr5","75356695","75356891","KN297154v1","451582","451782","62","74905113"
"chr5","75390824","75390963","KN296573v1","15418","15557","32","75375406"
"chr5","75423458","75423708","KN296743v1","1044357","1044603","61","74379101"
"chr5","75473079","75473375","KN294419v1","64733","65033","63","75408346"
"chr5","75518863","75519125","KN295428v1","224334","224605","77","75294529"
"chr5","75528530","75528821","KN297105v1","1638289","1638581","66","73890241"
"chr5","75575191","75575478","KN295744v1","408789","409077","65","75166402"
"chr5","75612364","75612493","KN295803v1","255996","256129","48","75356368"
"chr5","75613845","75613970","KN295362v1","1160773","1160900","24","74453072"
"chr5","75654484","75654701","KN295610v1","375600","375802","52","75278884"
"chr5","75683723","75684003","KN295282v1","123186","123460","57","75560537"
"chr5","75944027","75944179","KN297171v1","1235221","1235375","30","74708806"
"chr5","76223199","76223427","KN295368v1","2443516","2443764","60","73779683"
"chr5","76352925","76353243","KN294410v1","294657","294975","71","76058268"
"chr5","76366371","76366536","KN297000v1","418665","418822","32","75947706"
"chr5","76418416","76418557","KN295102v1","72427","72567","27","76345989"
"chr5","76531278","76531491","KN297190v1","98686","98881","60","76432592"
"chr5","76663647","76663832","KN294571v1","1642206","1642380","45","75021441"
"chr5","76741904","76742145","KN296145v1","3732348","3732587","57","73009556"
"chr5","76826867","76827150","KN295984v1","2962847","2963132","69","73864020"
"chr5","76828478","76828792","KN296505v1","323963","324278","67","76504515"
"chr5","76962497","76962627","KN296311v1","4657589","4657718","21","72304908"
"chr5","77696638","77696924","KN294848v1","1246098","1246379","62","76450540"
"chr5","77965542","77965845","KN296322v1","1648835","1649139","51","76316707"
"chr5","78000003","78000242","KN295814v1","1510713","1510950","61","76489290"
"chr5","78350738","78351037","KN294806v1","594997","595290","61","77755741"
"chr5","78398356","78398528","KN294739v1","985939","986117","41","77412417"
"chr5","78403518","78403636","KN296682v1","4980731","4980854","34","73422787"
"chr5","78403662","78403684","KN294509v1","336150","336166","11","78067512"
"chr5","78403981","78404133","KN294346v1","260578","260726","36","78143403"
"chr5","78408594","78408899","KN295667v1","1567361","1567664","65","76841233"
"chr5","78669907","78670032","KN296682v1","4980731","4980854","31","73689176"
"chr5","78670329","78670506","KN296133v1","84118","84288","45","78586211"
"chr5","78719234","78719507","KN295637v1","799799","800078","30","77919435"
"chr5","78788584","78788931","KN294172v1","6472668","6472985","99","72315916"
"chr5","78913964","78914263","KN294991v1","1709174","1709474","62","77204790"
"chr5","79053147","79053465","KN295637v1","463261","463584","29","78589886"
"chr5","79061638","79061914","KN295586v1","701437","701726","66","78360201"
"chr5","79149307","79149502","KN295637v1","367092","367287","16","78782215"
"chr5","79163070","79163350","KN296311v1","6546105","6546379","69","72616965"
"chr5","79196199","79196328","KN295755v1","75966","76098","21","79120233"
"chr5","79296501","79296647","KN294513v1","518116","518264","41","78778385"
"chr5","79357034","79357350","KN297180v1","314236","314539","70","79042798"
"chr5","79387141","79387406","KN295596v1","2566260","2566526","70","76820881"
"chr5","79646770","79647068","KN294806v1","594997","595290","63","79051773"
"chr5","79702129","79702393","KN297197v1","1048614","1048879","79","78653515"
"chr5","79908764","79908793","KN295402v1","706103","706129","9","79202661"
"chr5","79909161","79909306","KN294599v1","310631","310786","43","79598530"
"chr5","79945219","79945357","KN294199v1","281436","281574","27","79663783"
"chr5","79945658","79945842","KN296311v1","832870","833045","45","79112788"
"chr5","79948321","79948459","KN295034v1","243361","243503","24","79704960"
"chr5","80123105","80123420","KN294728v1","765090","765383","77","79358015"
"chr5","80132615","80132764","KN296921v1","435698","435849","25","79696917"
"chr5","80162373","80162652","KN294325v1","979659","979928","69","79182714"
"chr5","80274928","80275045","KN295319v1","661942","662051","30","79612986"
"chr5","80291108","80291272","KN294991v1","973655","973815","35","79317453"
"chr5","80339412","80339525","KN295236v1","1140799","1140905","29","79198613"
"chr5","80339826","80339976","KN296108v1","1532605","1532722","49","78807221"
"chr5","80385180","80385334","KN295347v1","14270","14430","31","80370910"
"chr5","80418324","80418613","KN295984v1","150673","150962","60","80267651"
"chr5","80492671","80492972","KN296864v1","1939832","1940132","56","78552839"
"chr5","80511190","80511465","KN294569v1","652042","652317","70","79859148"
"chr5","80560383","80560669","KN295315v1","1023682","1023969","57","79536701"
"chr5","80592669","80592949","KN295984v1","150673","150962","77","80441996"
"chr5","80658597","80658895","KN294452v1","1374937","1375240","74","79283660"
"chr5","80862476","80862772","KN294172v1","1404856","1405150","60","79457620"
"chr5","80872526","80872828","KN294964v1","1274971","1275281","54","79597555"
"chr5","81093405","81093703","KN297026v1","800582","800867","71","80292823"
"chr5","81127250","81127544","KN296507v1","738522","738814","70","80388728"
"chr5","81154265","81154529","KN297165v1","2729254","2729527","66","78425011"
"chr5","81361219","81361500","KN296926v1","93854","94122","66","81267365"
"chr5","81403090","81403231","KN295294v1","3806061","3806194","28","77597029"
"chr5","81410534","81410850","KN297050v1","187200","187494","73","81223334"
"chr5","81452293","81452426","KN296311v1","6471968","6472102","26","74980325"
"chr5","81653987","81654264","KN295893v1","1879651","1879923","65","79774336"
"chr5","81844450","81844708","KN294539v1","1506592","1506858","73","80337858"
"chr5","82038867","82039145","KN296508v1","1973232","1973505","55","80065635"
"chr5","82063037","82063352","KN295236v1","4448907","4449215","74","77614130"
"chr5","82320355","82320659","KN295430v1","2009073","2009373","62","80311282"
"chr5","82344307","82344442","KN294536v1","348653","348787","21","81995654"
"chr5","82481891","82482192","KN296864v1","1939832","1940132","63","80542059"
"chr5","83043350","83043694","KN295995v1","300405","300731","95","82742945"
"chr5","83090057","83090175","KN296062v1","1206761","1206876","28","81883296"
"chr5","83118300","83118464","KN294279v1","1019768","1019921","45","82098532"
"chr5","83508843","83509061","KN294978v1","1071290","1071491","69","82437553"
"chr5","83842651","83842939","KN296948v1","762193","762479","65","83080458"
"chr5","84059120","84059407","KN295977v1","399743","400033","64","83659377"
"chr5","85027188","85027444","KN294539v1","1395829","1396088","77","83631359"
"chr5","85883576","85883774","KN297046v1","2262724","2262922","53","83620852"
"chr5","86356435","86356614","KN296508v1","1437177","1437349","46","84919258"
"chr5","86356649","86356759","KN296079v1","635275","635386","31","85721374"
"chr5","86431522","86431826","KN296569v1","4335","4625","41","86427187"
"chr5","87100687","87100840","KN296000v1","901795","901947","33","86198892"
"chr5","87136106","87136411","KN294539v1","1347688","1347986","72","85788418"
"chr5","87370472","87370667","KN297442v1","2093457","2093650","59","85277015"
"chr5","87382802","87383123","KN294407v1","1718897","1719202","80","85663905"
"chr5","87482188","87482454","KN295596v1","2566260","2566526","75","84915928"
"chr5","88215976","88216263","KN294378v1","1350669","1350966","72","86865307"
"chr5","88407451","88407733","KN294493v1","1639497","1639778","66","86767954"
"chr5","88446186","88446480","KN297180v1","110970","111263","59","88335216"
"chr5","88514659","88514988","KN295102v1","387826","388136","82","88126833"
"chr5","88632816","88633124","KN295633v1","909764","910066","70","87723052"
"chr5","88702873","88703012","KN296486v1","60099","60235","29","88642774"
"chr5","88713075","88713355","KN296192v1","79154","79436","61","88633921"
"chr5","89580249","89580535","KN297197v1","1048614","1048879","70","88531635"
"chr5","89797028","89797326","KN297050v1","187200","187494","68","89609828"
"chr5","90412697","90412952","KN296864v1","2452974","2453250","63","87959723"
"chr5","90416303","90416463","KN295117v1","174022","174167","46","90242281"
"chr5","90416778","90416971","KN295459v1","675303","675499","54","89741475"
"chr5","90465592","90465862","KN296157v1","1145342","1145607","70","89320250"
"chr5","90657130","90657472","KN297117v1","89402","89744","42","90567728"
"chr5","90675538","90675817","KN296244v1","296863","297159","75","90378675"
"chr5","91127263","91127558","KN296322v1","1648835","1649139","68","89478428"
"chr5","91174209","91174376","KN296661v1","423518","423684","35","90750691"
"chr5","91192392","91192694","KN295828v1","1635308","1635575","93","89557084"
"chr5","91289423","91289546","KN294172v1","6039824","6039947","26","85249599"
"chr5","91331823","91332144","KN296608v1","212269","212582","25","91119554"
"chr5","91366574","91366736","KN296608v1","245519","245675","13","91121055"
"chr5","91368372","91368579","KN296608v1","247296","247485","30","91121076"
"chr5","91423449","91423754","KN297066v1","48943","49249","70","91374506"
"chr5","91493887","91494172","KN296608v1","381289","381528","80","91112598"
"chr5","93066544","93066778","KN296783v1","1112763","1112997","16","91953781"
"chr5","93642196","93642374","KN296783v1","551465","551610","44","93090731"
"chr5","93642674","93642819","KN296783v1","551030","551174","6","93091644"
"chr5","93773778","93774075","KN294879v1","385981","386259","80","93387797"
"chr5","93793070","93793383","KN296783v1","392053","392363","29","93401017"
"chr5","94088399","94088703","KN296783v1","71514","71792","43","94016885"
"chr5","94152545","94152846","KN296783v1","17518","17804","27","94135027"
"chr5","94162308","94162592","KN296783v1","2599","2914","46","94159709"
"chr5","94427253","94427552","KN297184v1","1114866","1115167","60","93312387"
"chr5","94615826","94615905","KN294513v1","564705","564774","17","94051121"
"chr5","94645975","94646247","KN295722v1","1369561","1369836","67","93276414"
"chr5","94664313","94664510","KN296635v1","2061822","2062028","43","92602491"
"chr5","94890005","94890304","KN294539v1","1347688","1347986","82","93542317"
"chr5","94989102","94989225","KN296311v1","4815038","4815168","18","90174064"
"chr5","95013979","95014281","KN297242v1","1213658","1213969","70","93800321"
"chr5","95016184","95016313","KN295526v1","145592","145725","22","94870592"
"chr5","95484341","95484646","KN295102v1","38793","39103","62","95445548"
"chr5","95513206","95513492","KN296577v1","367163","367438","62","95146043"
"chr5","95651407","95651692","KN296303v1","805215","805501","65","94846192"
"chr5","95702594","95702904","KN297180v1","314236","314539","72","95388358"
"chr5","95985030","95985343","KN295667v1","1567361","1567664","59","94417669"
"chr5","96069502","96069655","KN294407v1","2863006","2863150","41","93206496"
"chr5","96069681","96069800","KN294199v1","969997","970115","23","95099684"
"chr5","96100943","96101206","KN296153v1","1008915","1009196","68","95092028"
"chr5","96212832","96213123","KN295586v1","701437","701726","63","95511395"
"chr5","96268299","96268624","KN296378v1","480415","480726","90","95787884"
"chr5","96922995","96923268","KN294499v1","1906911","1907192","84","95016084"
"chr5","97634531","97634820","KN294420v1","816046","816329","68","96818485"
"chr5","97656881","97657004","KN296153v1","3527722","3527839","31","94129159"
"chr5","97657054","97657220","KN296643v1","410184","410354","35","97246870"
"chr5","98042663","98042812","KN297327v1","920937","921085","31","97121726"
"chr5","98242724","98243009","KN296303v1","805215","805501","64","97437509"
"chr5","98366318","98366609","KN295486v1","602608","602918","43","97763710"
"chr5","98642297","98642454","KN295343v1","579461","579613","48","98062836"
"chr5","98642496","98642612","KN295607v1","4512853","4512967","30","94129643"
"chr5","98659823","98660118","KN295099v1","55159","55457","70","98604664"
"chr5","98766838","98767115","KN295428v1","311441","311712","21","98455397"
"chr5","98792452","98792792","KN296935v1","367102","367444","92","98425350"
"chr5","98805560","98805848","KN294569v1","652042","652317","70","98153518"
"chr5","98848003","98848287","KN295428v1","224334","224605","24","98623669"
"chr5","98970841","98971118","KN294705v1","1107549","1107807","66","97863292"
"chr5","98991112","98991409","KN296278v1","748512","748801","81","98242600"
"chr5","99295799","99296112","KN295406v1","486578","486886","77","98809221"
"chr5","99380218","99380506","KN295594v1","198806","199091","71","99181412"
"chr5","99458462","99458718","KN296290v1","1215856","1216128","79","98242606"
"chr5","100824779","100825075","KN296864v1","1939832","1940132","64","98884947"
"chr5","102014859","102015118","KN294372v1","2529148","2529407","71","99485711"
"chr5","102312522","102312678","KN295925v1","435140","435310","47","101877382"
"chr5","102376884","102377168","KN295171v1","12625","12912","62","102364259"
"chr5","102825657","102825865","KN296885v1","3156248","3156459","14","99669409"
"chr5","102836397","102836528","KN295706v1","131306","131439","20","102705091"
"chr5","102877748","102878045","KN296507v1","738522","738814","60","102139226"
"chr5","103135432","103135727","KN296885v1","2851397","2851675","32","100284035"
"chr5","103162351","103162662","KN296322v1","1648835","1649139","57","101513516"
"chr5","103285300","103285416","KN296885v1","2707478","2707589","11","100577822"
"chr5","103686803","103687094","KN294634v1","387267","387565","71","103299536"
"chr5","104620734","104620758","KN296569v1","4665","4683","6","104616069"
"chr5","104620799","104620943","KN295962v1","2106431","2106583","33","102514368"
"chr5","104843516","104843803","KN296885v1","1095114","1095389","27","103748402"
"chr5","105520348","105520660","KN295102v1","38793","39103","94","105481555"
"chr5","105662921","105663054","KN296885v1","295658","295787","13","105367263"
"chr5","105932841","105933139","KN296864v1","1939832","1940132","67","103993009"
"chr5","105969825","105970119","KN297341v1","277342","277644","36","105692483"
"chr5","106030885","106031019","KN296809v1","61964","62083","43","105968921"
"chr5","106049093","106049366","KN296311v1","2300216","2300485","70","103748877"
"chr5","106187960","106188179","KN297341v1","53270","53476","28","106134690"
"chr5","106341726","106341985","KN296339v1","2039540","2039800","73","104302186"
"chr5","106919627","106919916","KN296303v1","805215","805501","57","106114412"
"chr5","107171752","107171971","KN294325v1","70499","70728","81","107101253"
"chr5","107382383","107382669","KN294210v1","473112","473404","65","106909271"
"chr5","107411643","107411871","KN295633v1","550163","550378","70","106861480"
"chr5","107516008","107516174","KN295347v1","14270","14430","39","107501738"
"chr5","107516212","107516335","KN295257v1","797366","797491","27","106718846"
"chr5","107626265","107626578","KN294452v1","1374937","1375240","79","106251328"
"chr5","107634244","107634528","KN296515v1","108704","108986","64","107525540"
"chr5","107731403","107731680","KN296515v1","108704","108986","70","107622699"
"chr5","107855903","107856190","KN296528v1","1109404","1109696","73","106746499"
"chr5","108120549","108120775","KN296847v1","410946","411169","52","107709603"
"chr5","108162217","108162508","KN294996v1","624568","624842","30","107537649"
"chr5","108407546","108407817","KN295523v1","3469042","3469297","74","104938504"
"chr5","108827823","108828169","KN297165v1","2596688","2597002","93","106231135"
"chr5","108846289","108846443","KN295533v1","1801847","1802005","43","107044442"
"chr5","109183709","109183771","KN294513v1","564705","564774","18","108619004"
"chr5","109504712","109504985","KN297200v1","235109","235385","84","109269603"
"chr5","109530095","109530381","KN294199v1","1022551","1022840","65","108507544"
"chr5","109665423","109665720","KN294520v1","992368","992662","64","108673055"
"chr5","109745636","109745916","KN297008v1","6549351","6549627","64","103196285"
"chr5","110499297","110499555","KN295205v1","848688","848949","66","109650609"
"chr5","110663858","110664161","KN297180v1","314236","314539","76","110349622"
"chr5","110665774","110666088","KN294790v1","1862467","1862771","94","108803307"
"chr5","110908777","110908939","KN294407v1","109423","109582","38","110799354"
"chr5","111038436","111038732","KN297046v1","1953390","1953679","65","109085046"
"chr5","111062879","111063147","KN296948v1","762193","762479","70","110300686"
"chr5","111127055","111127191","KN295755v1","75966","76098","25","111051089"
"chr5","111550078","111550332","KN295092v1","980286","980537","18","110569792"
"chr5","111683588","111683811","KN295092v1","843497","843724","26","110840091"
"chr5","111899286","111899546","KN296879v1","875266","875519","72","111024020"
"chr5","111906936","111907069","KN295984v1","1221401","1221536","28","110685535"
"chr5","112217417","112217711","KN295092v1","288717","289011","28","111928700"
"chr5","112233828","112233992","KN296528v1","1183043","1183202","35","111050785"
"chr5","112325864","112326159","KN296119v1","1984680","1984963","68","110341184"
"chr5","112499105","112499417","KN295667v1","1567361","1567664","66","110931744"
"chr5","112557304","112557545","KN295667v1","673092","673338","61","111884212"
"chr5","112623660","112623970","KN295406v1","486578","486886","69","112137082"
"chr5","112734052","112734200","KN296915v1","198375","198534","22","112535677"
"chr5","112743927","112744137","KN294208v1","73414","73627","52","112670513"
"chr5","112821224","112821502","KN296306v1","1771005","1771285","68","111050219"
"chr5","112828472","112828748","KN296915v1","305238","305507","22","112523234"
"chr5","112973312","112973583","KN295977v1","914937","915207","68","112058375"
"chr5","112981030","112981308","KN296290v1","1215856","1216128","75","111765174"
"chr5","112984725","112984897","KN296496v1","472499","472677","48","112512226"
"chr5","113009916","113010034","KN294410v1","486228","486353","35","112523688"
"chr5","113010346","113010505","KN295034v1","243361","243503","51","112766985"
"chr5","113248113","113248255","KN294214v1","82066","82204","33","113166047"
"chr5","113356064","113356308","KN294419v1","8358","8615","73","113347706"
"chr5","113382271","113382553","KN297019v1","1239759","1240056","70","112142512"
"chr5","113401861","113402012","KN294346v1","260578","260726","33","113141283"
"chr5","113402312","113402453","KN296311v1","2361921","2362066","28","111040391"
"chr5","113589448","113589741","KN294416v1","605214","605509","69","112984234"
"chr5","113816580","113816739","KN295114v1","20274","20431","31","113796306"
"chr5","114046914","114047230","KN295941v1","1790543","1790862","78","112256371"
"chr5","114114240","114114524","KN296119v1","5896334","5896605","67","108217906"
"chr5","114297177","114297330","KN294739v1","903316","903465","36","113393861"
"chr5","115160556","115160856","KN297023v1","640512","640805","74","114520044"
"chr5","115224587","115224851","KN295205v1","848688","848949","67","114375899"
"chr5","115590066","115590321","KN295585v1","102609","102863","76","115487457"
"chr5","115789669","115789870","KN295994v1","491289","491494","50","115298380"
"chr5","115830546","115830816","KN295987v1","158779","159052","79","115671767"
"chr5","116017984","116018114","KN296538v1","514898","515032","16","115503086"
"chr5","116068388","116068690","KN297066v1","48943","49249","71","116019445"
"chr5","116119610","116119916","KN297112v1","2231098","2231393","72","113888512"
"chr5","116988910","116989196","KN295607v1","58401","58690","63","116930509"
"chr5","117257354","117257610","KN294571v1","2055636","2055896","58","115201718"
"chr5","117733848","117733997","KN294970v1","979993","980138","36","116753855"
"chr5","117975922","117976122","KN297046v1","2262724","2262922","52","115713198"
"chr5","118046687","118047000","KN294452v1","1024655","1024959","76","117022032"
"chr5","118431040","118431323","KN297046v1","1803110","1803388","74","116627930"
"chr5","118637294","118637467","KN297259v1","978533","978700","45","117658761"
"chr5","119022506","119022822","KN294244v1","44098","44406","32","118978408"
"chr5","119029197","119029460","KN294244v1","50908","51172","12","118978289"
"chr5","119048868","119049172","KN297058v1","392670","392966","66","118656198"
"chr5","119108081","119108213","KN294339v1","93661","93791","19","119014420"
"chr5","119254638","119254926","KN295708v1","2860090","2860376","64","116394548"
"chr5","119351048","119351326","KN295667v1","935881","936160","63","118415167"
"chr5","119378792","119379083","KN297112v1","2364143","2364436","67","117014649"
"chr5","119454308","119454556","KN295667v1","673092","673338","55","118781216"
"chr5","119625044","119625233","KN294287v1","645666","645855","45","118979378"
"chr5","120725374","120725662","KN296864v1","2452974","2453250","83","118272400"
"chr5","120829676","120829834","KN296732v1","3522095","3522260","42","117307581"
"chr5","121666457","121666712","KN296455v1","827434","827715","46","120839023"
"chr5","122191508","122191759","KN294747v1","867897","868151","67","121323611"
"chr5","122308578","122308751","KN294739v1","1010142","1010308","47","121298436"
"chr5","122345726","122345952","KN296783v1","1112763","1112997","60","121232963"
"chr5","122881972","122882244","KN295984v1","2962847","2963132","72","119919125"
"chr5","123070627","123070782","KN295708v1","957826","957973","37","122112801"
"chr5","123071102","123071262","KN294758v1","442372","442530","44","122628730"
"chr5","123397802","123398082","KN294452v1","998051","998338","61","122399751"
"chr5","123443477","123443792","KN296162v1","506554","506864","31","122936923"
"chr5","123548182","123548478","KN296507v1","738522","738814","60","122809660"
"chr5","123859331","123859605","KN294457v1","210304","210595","64","123649027"
"chr5","124144617","124144704","KN296702v1","205259","205336","11","123939358"
"chr5","124156073","124156318","KN296702v1","216674","216944","47","123939399"
"chr5","124183678","124183976","KN296322v1","1648835","1649139","77","122534843"
"chr5","124378277","124378548","KN296577v1","852929","853199","78","123525348"
"chr5","124518963","124519270","KN295480v1","1274084","1274387","63","123244879"
"chr5","124572516","124572799","KN296702v1","610511","610796","26","123962005"
"chr5","124758509","124758797","KN295368v1","1939103","1939400","68","122819406"
"chr5","124808259","124808539","KN296948v1","762193","762479","71","124046066"
"chr5","124855831","124856125","KN296702v1","898057","898354","25","123957774"
"chr5","124954085","124954212","KN297038v1","940555","940687","28","124013530"
"chr5","125105496","125105806","KN296702v1","1152046","1152352","32","123953450"
"chr5","125690248","125690533","KN295294v1","1101026","1101317","66","124589222"
"chr5","126235960","126236251","KN296926v1","93854","94122","91","126142106"
"chr5","126551035","126551213","KN295315v1","2666890","2667078","50","123884145"
"chr5","126604570","126604753","KN295352v1","256766","256946","51","126347804"
"chr5","126605049","126605156","KN294561v1","66580","66689","26","126538469"
"chr5","126621191","126621487","KN295352v1","729753","730045","64","125891438"
"chr5","127165961","127166230","KN294571v1","2055636","2055896","68","125110325"
"chr5","127178909","127179203","KN294345v1","1713106","1713396","69","125465803"
"chr5","127385823","127386137","KN295666v1","767425","767733","69","126618398"
"chr5","127408795","127409084","KN294954v1","70243","70554","35","127338552"
"chr5","127468900","127469199","KN294407v1","1718897","1719202","65","125750003"
"chr5","127574452","127574750","KN294954v1","234422","234713","27","127340030"
"chr5","127949958","127950277","KN294421v1","9377","9683","75","127940581"
"chr5","128154134","128154428","KN296484v1","4833","5123","82","128149301"
"chr5","128362463","128362764","KN294899v1","601188","601470","36","127761275"
"chr5","128724842","128725121","KN296865v1","1172192","1172469","69","127552650"
"chr5","128930954","128931102","KN294899v1","1194408","1194556","6","127736546"
"chr5","128936983","128937259","KN294634v1","387267","387565","82","128549716"
"chr5","128986029","128986331","KN294899v1","1235205","1235505","22","127750824"
"chr5","129568540","129568821","KN296311v1","6546105","6546379","62","123022435"
"chr5","130039232","130039521","KN295633v1","1501780","1502052","73","128537452"
"chr5","130682689","130682990","KN296322v1","1648835","1649139","66","129033854"
"chr5","131179457","131179653","KN297219v1","1836839","1837031","44","129342618"
"chr5","131179945","131180071","KN294964v1","965459","965591","22","130214486"
"chr5","131197542","131197844","KN296322v1","1648835","1649139","60","129548707"
"chr5","131227120","131227271","KN295260v1","2000333","2000484","38","129226787"
"chr5","131284499","131284772","KN295573v1","512154","512437","69","130772345"
"chr5","131314234","131314539","KN294539v1","1347688","1347986","67","129966546"
"chr5","131396254","131396365","KN296775v1","974808","974917","31","130421446"
"chr5","131540287","131540567","KN295356v1","578208","578494","70","130962079"
"chr5","131685116","131685240","KN294964v1","965459","965591","27","130719657"
"chr5","131685254","131685331","KN296828v1","138029","138111","25","131547225"
"chr5","131711494","131711795","KN294207v1","595798","596096","72","131115696"
"chr5","131766106","131766341","KN296921v1","2833134","2833394","70","128932972"
"chr5","131818421","131818574","KN296872v1","30663","30827","23","131787758"
"chr5","131824233","131824548","KN297180v1","729427","729735","71","131094806"
"chr5","131831268","131831553","KN294539v1","1506592","1506858","63","130324676"
"chr5","131862703","131862998","KN294806v1","594997","595290","66","131267706"
"chr5","131914238","131914402","KN294911v1","4985405","4985572","12","126928833"
"chr5","131967063","131967358","KN294911v1","4931711","4932000","24","127035352"
"chr5","132084116","132084406","KN295459v1","878673","878961","64","131205443"
"chr5","132114104","132114379","KN294911v1","4780948","4781223","20","127333156"
"chr5","132356719","132356850","KN297259v1","1152314","1152442","32","131204405"
"chr5","132649058","132649298","KN295846v1","219637","219884","65","132429421"
"chr5","132688395","132688689","KN297180v1","314236","314539","61","132374159"
"chr5","132797213","132797509","KN297180v1","314236","314539","71","132482977"
"chr5","132913454","132913735","KN294523v1","15844","16136","68","132897610"
"chr5","133008595","133008729","KN297274v1","1606553","1606683","33","131402042"
"chr5","133162095","133162241","KN296825v1","2294387","2294544","45","130867708"
"chr5","133162551","133162689","KN296495v1","1296063","1296199","19","131866488"
"chr5","133978164","133978425","KN294911v1","2901686","2901937","21","131076478"
"chr5","134201130","134201264","KN295090v1","610678","610810","22","133590452"
"chr5","134277691","134277986","KN295068v1","49131","49419","64","134228560"
"chr5","134290704","134290830","KN296311v1","4657589","4657718","22","129633115"
"chr5","134315336","134315633","KN294991v1","1709174","1709474","68","132606162"
"chr5","134381248","134381559","KN294911v1","2486508","2486822","21","131894740"
"chr5","134447485","134447776","KN294911v1","2419251","2419556","31","132028234"
"chr5","134516963","134517280","KN294911v1","2345931","2346239","26","132171032"
"chr5","134551543","134551677","KN294911v1","2310594","2310724","17","132240949"
"chr5","134640245","134640455","KN295610v1","375600","375802","54","134264645"
"chr5","134683503","134683729","KN294879v1","1183051","1183277","50","133500452"
"chr5","134780760","134781036","KN294984v1","94202","94491","75","134686558"
"chr5","134814964","134815185","KN295923v1","1986700","1986911","60","132828264"
"chr5","134822342","134822601","KN296825v1","1970931","1971180","71","132851411"
"chr5","134952516","134952823","KN294911v1","1904775","1905081","15","133047741"
"chr5","134979983","134980281","KN297180v1","314236","314539","60","134665747"
"chr5","135516192","135516449","KN297066v1","791250","791469","82","134724942"
"chr5","135521278","135521431","KN294279v1","1019768","1019921","37","134501510"
"chr5","135957084","135957382","KN294911v1","891917","892211","39","135065167"
"chr5","136727294","136727441","KN294899v1","1194408","1194556","33","135532886"
"chr5","136873246","136873313","KN295980v1","204532","204597","16","136668714"
"chr5","137136312","137136401","KN296738v1","61831","61924","27","137074481"
"chr5","137277023","137277303","KN295633v1","1993894","1994175","57","135283129"
"chr5","137401444","137401752","KN296495v1","1076274","1076557","77","136325170"
"chr5","137797714","137797925","KN295714v1","24603","24811","57","137773111"
"chr5","137814802","137815100","KN295034v1","290945","291245","58","137523857"
"chr5","137844295","137844611","KN295667v1","1567361","1567664","74","136276934"
"chr5","137909947","137910230","KN295984v1","150673","150962","61","137759274"
"chr5","137981302","137981456","KN295114v1","20274","20431","30","137961028"
"chr5","137989543","137989845","KN295633v1","778185","778486","61","137211358"
"chr5","138041913","138042056","KN296247v1","959095","959240","33","137082818"
"chr5","138091628","138091898","KN296376v1","121496","121731","92","137970132"
"chr5","138130137","138130398","KN295523v1","3469042","3469297","77","134661095"
"chr5","138290812","138290948","KN295375v1","1777845","1777986","34","136512967"
"chr5","138311313","138311588","KN295428v1","224334","224605","73","138086979"
"chr5","138317021","138317234","KN297197v1","281123","281326","64","138035898"
"chr5","138400472","138400751","KN296119v1","1984680","1984963","56","136415792"
"chr5","138497936","138498214","KN294279v1","171583","171867","61","138326353"
"chr5","138509480","138509613","KN294207v1","126950","127083","28","138382530"
"chr5","138509917","138510075","KN297319v1","373164","373327","37","138136753"
"chr5","138549376","138549674","KN296187v1","1706091","1706379","72","136843285"
"chr5","138608647","138608929","KN294420v1","263951","264214","86","138344696"
"chr5","138677428","138677642","KN295610v1","77007","77226","46","138600421"
"chr5","138697167","138697481","KN294578v1","639003","639297","69","138058164"
"chr5","138726571","138726859","KN296538v1","333498","333794","57","138393073"
"chr5","138879465","138879753","KN295257v1","1053950","1054233","67","137825515"
"chr5","138996942","138997227","KN294873v1","1303218","1303511","62","137693724"
"chr5","138999372","138999668","KN295077v1","740031","740327","88","138259341"
"chr5","139053999","139054131","KN294583v1","189119","189254","28","138864880"
"chr5","139259994","139260286","KN296948v1","762193","762479","62","138497801"
"chr5","139436078","139436387","KN296849v1","694658","694962","74","138741420"
"chr5","139548018","139548183","KN297319v1","373164","373327","31","139174854"
"chr5","139593627","139593915","KN296833v1","363360","363645","66","139230267"
"chr5","139732251","139732383","KN295706v1","131306","131439","23","139600945"
"chr5","139785808","139786100","KN295068v1","49131","49419","57","139736677"
"chr5","139995732","139996042","KN295633v1","909764","910066","65","139085968"
"chr5","140065134","140065472","KN296117v1","433694","434012","73","139631440"
"chr5","140099058","140099240","KN294540v1","770939","771118","45","139328119"
"chr5","140099543","140099667","KN294172v1","3568097","3568221","28","136531446"
"chr5","140221053","140221188","KN295601v1","2833105","2833244","26","137387948"
"chr5","140307190","140307478","KN296430v1","725785","726075","59","139581405"
"chr5","140309020","140309178","KN294911v1","4985405","4985572","39","135323615"
"chr5","140395291","140395421","KN296311v1","4815038","4815168","24","135580253"
"chr5","140407399","140407690","KN295433v1","425544","425817","77","139981855"
"chr5","140408693","140408896","KN297113v1","252877","253050","64","140155816"
"chr5","140416651","140416784","KN294536v1","348653","348787","19","140067998"
"chr5","140432713","140433002","KN296526v1","283231","283529","70","140149482"
"chr5","140474586","140474814","KN294235v1","570733","570958","59","139903853"
"chr5","140505968","140506225","KN294226v1","659652","659904","74","139846316"
"chr5","140552687","140552870","KN294303v1","359811","359988","46","140192876"
"chr5","140606161","140606366","KN295708v1","178130","178336","57","140428031"
"chr5","140613700","140613879","KN295114v1","20274","20431","56","140593426"
"chr5","140616274","140616572","KN297023v1","640512","640805","64","139975762"
"chr5","140694960","140695080","KN296322v1","997745","997870","26","139697215"
"chr5","140761329","140761538","KN296158v1","230905","231113","43","140530424"
"chr5","140761829","140761920","KN296290v1","2081846","2081943","26","138679983"
"chr5","140920990","140921157","KN295366v1","286401","286568","33","140634589"
"chr5","141005806","141005967","KN294407v1","109423","109582","37","140896383"
"chr5","141016553","141016720","KN297319v1","373164","373327","33","140643389"
"chr5","141256498","141256564","KN294613v1","681367","681441","21","140575131"
"chr5","141284254","141284400","KN295236v1","1251584","1251728","28","140032670"
"chr5","141284701","141284806","KN295501v1","718333","718428","30","140566368"
"chr5","141464742","141465033","KN294457v1","210304","210595","61","141254438"
"chr5","141547930","141548209","KN295705v1","823070","823354","72","140724860"
"chr5","141627117","141627377","KN294705v1","1107549","1107807","62","140519568"
"chr5","141828946","141828996","KN294848v1","35379","35428","12","141793567"
"chr5","142085708","142086023","KN294705v1","1991606","1991913","74","140094102"
"chr5","142091588","142091898","KN294161v1","491457","491757","86","141600131"
"chr5","142141849","142142150","KN294523v1","15844","16136","65","142126005"
"chr5","142234545","142234855","KN296322v1","426249","426560","67","141808296"
"chr5","142413632","142413934","KN295480v1","1274084","1274387","70","141139548"
"chr5","142422035","142422287","KN294873v1","82870","83122","70","142339165"
"chr5","142455412","142455586","KN296864v1","3353170","3353334","38","139102242"
"chr5","143029393","143029708","KN296096v1","1326102","1326406","67","141703291"
"chr5","143118489","143118767","KN294302v1","861450","861728","57","142257039"
"chr5","143123570","143123871","KN296864v1","1939832","1940132","60","141183738"
"chr5","143355361","143355501","KN294410v1","486228","486353","37","142869133"
"chr5","143535739","143536031","KN296187v1","874304","874596","76","142661435"
"chr5","143911955","143912236","KN297197v1","1048614","1048879","71","142863341"
"chr5","143930427","143930664","KN297190v1","5951555","5951790","63","137978872"
"chr5","144928371","144928665","KN295984v1","150673","150962","80","144777698"
"chr5","145600875","145601182","KN297180v1","314236","314539","79","145286639"
"chr5","145811313","145811573","KN297259v1","1032100","1032351","70","144779213"
"chr5","145849757","145849949","KN296767v1","53224","53425","46","145796533"
"chr5","145863663","145863786","KN295039v1","432771","432893","29","145430892"
"chr5","145870946","145871087","KN296625v1","261253","261395","8","145609693"
"chr5","146091541","146091814","KN296625v1","46441","46739","45","146045100"
"chr5","146160134","146160331","KN297184v1","1787556","1787737","50","144372578"
"chr5","146175871","146176171","KN297058v1","194613","194917","63","145981258"
"chr5","146487470","146487749","KN295923v1","1392828","1393125","72","145094642"
"chr5","146512223","146512515","KN294949v1","547798","548089","79","145964425"
"chr5","146905404","146905554","KN297453v1","84448","84582","35","146820956"
"chr5","147016087","147016345","KN294747v1","1130292","1130545","72","145885795"
"chr5","147584268","147584567","KN294260v1","822843","823138","83","146761425"
"chr5","148396650","148396905","KN295984v1","150673","150962","77","148245977"
"chr5","149068162","149068259","KN295406v1","576347","576444","20","148491815"
"chr5","149263564","149263877","KN296588v1","2231711","2232014","68","147031853"
"chr5","149356916","149357218","KN296505v1","323963","324278","72","149032953"
"chr5","149419265","149419605","KN297180v1","314236","314539","83","149105029"
"chr5","149615147","149615379","KN295869v1","333345","333580","68","149281802"
"chr5","149644994","149645015","KN296569v1","4665","4683","5","149640329"
"chr5","149645057","149645328","KN296119v1","1984680","1984963","74","147660377"
"chr5","149877298","149877433","KN295526v1","145592","145725","23","149731706"
"chr5","149957472","149957795","KN296322v1","1648835","1649139","69","148308637"
"chr5","150096981","150097271","KN294172v1","1944132","1944423","73","148152849"
"chr5","150358947","150359044","KN297153v1","394066","394162","4","149964881"
"chr5","150424881","150425191","KN297153v1","456493","456785","43","149968388"
"chr5","150697909","150698141","KN296315v1","602992","603236","75","150094917"
"chr5","150704348","150704636","KN297153v1","742847","743136","18","149961501"
"chr5","150850573","150850776","KN297153v1","880769","880976","12","149969804"
"chr5","150954154","150954459","KN294954v1","70243","70554","71","150883911"
"chr5","151002467","151002634","KN297319v1","373164","373327","39","150629303"
"chr5","151004048","151004176","KN294591v1","569932","570064","21","150434116"
"chr5","151074245","151074339","KN295501v1","718333","718428","29","150355912"
"chr5","151286306","151286591","KN296883v1","2609802","2610089","60","148676504"
"chr5","151369514","151369780","KN296731v1","1403282","1403549","60","149966232"
"chr5","151690930","151691063","KN294739v1","1041553","1041687","22","150649377"
"chr5","151719025","151719309","KN296649v1","28211","28505","64","151690814"
"chr5","151741753","151741841","KN297349v1","428274","428357","23","151313479"
"chr5","151768510","151768797","KN297095v1","3766127","3766406","64","148002383"
"chr5","152509809","152510036","KN295441v1","1488111","1488339","64","151021698"
"chr5","153621320","153621451","KN294711v1","709159","709287","26","152912161"
"chr5","154106500","154106805","KN296588v1","282556","282869","58","153823944"
"chr5","154138035","154138342","KN295022v1","263893","264191","32","153874142"
"chr5","154187606","154187926","KN296864v1","1939832","1940132","77","152247774"
"chr5","154581414","154581688","KN294218v1","2914344","2914602","78","151667070"
"chr5","154594091","154594298","KN296548v1","82794","82989","52","154511297"
"chr5","154594599","154594713","KN294416v1","1003998","1004111","22","153590601"
"chr5","154619636","154619939","KN297058v1","194613","194917","60","154425023"
"chr5","154684166","154684452","KN295667v1","225891","226183","73","154458275"
"chr5","154827850","154828148","KN297442v1","1676499","1676799","56","153151351"
"chr5","154973165","154973245","KN295236v1","1305949","1306032","20","153667216"
"chr5","155622191","155622485","KN294187v1","1013695","1013993","65","154608496"
"chr5","156127324","156127634","KN295573v1","1390691","1391001","82","154736633"
"chr5","156168387","156168548","KN294662v1","211735","211913","53","155956652"
"chr5","156289687","156289817","KN296311v1","4815038","4815168","31","151474649"
"chr5","156573682","156573988","KN295406v1","486578","486886","62","156087104"
"chr5","156910960","156911186","KN297245v1","2387953","2388175","51","154523007"
"chr5","156933231","156933384","KN296142v1","213909","214054","37","156719322"
"chr5","157025047","157025178","KN295294v1","3806061","3806194","20","153218986"
"chr5","157030385","157030657","KN294433v1","339066","339347","69","156691319"
"chr5","157068302","157068590","KN294837v1","360803","361092","62","156707499"
"chr5","157126278","157126403","KN296864v1","3266405","3266529","31","153859873"
"chr5","157135941","157136073","KN295090v1","903125","903258","22","156232816"
"chr5","157198756","157199056","KN294421v1","9377","9683","75","157189379"
"chr5","157401721","157402021","KN295526v1","747652","747946","28","156654069"
"chr5","157733506","157733630","KN295526v1","402684","402808","9","157330822"
"chr5","157932342","157932636","KN295526v1","208977","209276","25","157723365"
"chr5","158117080","158117380","KN295526v1","21197","21499","19","158095883"
"chr5","158711662","158711808","KN296980v1","588776","588919","11","158122886"
"chr5","158799148","158799431","KN294581v1","315061","315366","74","158484087"
"chr5","159339005","159339314","KN296594v1","619931","620241","61","158719074"
"chr5","159988696","159988904","KN295533v1","2434686","2434882","50","157554010"
"chr5","159993687","159993813","KN294848v1","656940","657076","27","159336747"
"chr5","160114167","160114248","KN295236v1","2370219","2370291","24","157743948"
"chr5","160114789","160114858","KN297008v1","2642712","2642772","17","157472077"
"chr5","160351911","160352202","KN296507v1","738522","738814","19","159613389"
"chr5","160430071","160430390","KN296507v1","816644","816940","50","159613427"
"chr5","160550091","160550212","KN294410v1","486228","486353","27","160063863"
"chr5","160960276","160960538","KN294644v1","446404","446666","12","160513872"
"chr5","161208433","161208620","KN294644v1","714294","714482","16","160494139"
"chr5","161361745","161361843","KN294644v1","859827","859924","7","160501918"
"chr5","161603689","161603964","KN294644v1","1106688","1106947","34","160497001"
"chr5","161617882","161617993","KN294561v1","66580","66689","26","161551302"
"chr5","161618052","161618241","KN296926v1","317317","317500","46","161300735"
"chr5","161693530","161693800","KN294644v1","1192753","1193039","43","160500777"
"chr5","161876944","161877244","KN294235v1","979340","979628","79","160897604"
"chr5","161937265","161937511","KN296467v1","110003","110248","61","161827262"
"chr5","162210592","162210894","KN296154v1","76811","77074","66","162133781"
"chr5","162210998","162211273","KN296154v1","77247","77542","44","162133751"
"chr5","162345520","162345694","KN296154v1","211743","211922","17","162133777"
"chr5","162479951","162480232","KN294172v1","1944132","1944423","67","160535819"
"chr5","163416830","163416979","KN296200v1","625211","625364","35","162791619"
"chr5","163417010","163417087","KN296959v1","1078708","1078792","27","162338302"
"chr5","163470712","163471015","KN296154v1","1282213","1282511","18","162188499"
"chr5","163512995","163513284","KN294485v1","37813","38096","75","163475182"
"chr5","164240378","164240654","KN297095v1","3766127","3766406","79","160474251"
"chr5","164704851","164704965","KN296577v1","78025","78134","36","164626826"
"chr5","164705013","164705149","KN294172v1","3568097","3568221","39","161136916"
"chr5","165326600","165326902","KN296154v1","3180968","3181285","39","162145632"
"chr5","165577775","165578070","KN297058v1","392670","392966","63","165185105"
"chr5","165703424","165703568","KN295708v1","2431812","2431953","35","163271612"
"chr5","166055490","166055650","KN296668v1","3295","3454","38","166052195"
"chr5","166322421","166322720","KN297190v1","2683777","2684071","62","163638644"
"chr5","166476478","166476615","KN296682v1","3822702","3822835","32","162653776"
"chr5","166543429","166543700","KN294540v1","274141","274402","83","166269288"
"chr5","167189569","167189732","KN294271v1","8882","9045","39","167180687"
"chr5","167930454","167930699","KN294235v1","570733","570958","68","167359721"
"chr5","167941564","167941860","KN295984v1","150673","150962","62","167790891"
"chr5","168160738","168161033","KN296948v1","762193","762479","56","167398545"
"chr5","168392419","168392705","KN296865v1","1172192","1172469","65","167220227"
"chr5","168440979","168441096","KN296577v1","410154","410267","29","168030825"
"chr5","168451423","168451739","KN295480v1","1274084","1274387","75","167177339"
"chr5","168491214","168491384","KN297319v1","373164","373327","46","168118050"
"chr5","168503789","168504081","KN294260v1","1091595","1091881","74","167412194"
"chr5","168509690","168509984","KN296371v1","158213","158508","62","168351477"
"chr5","168520938","168521013","KN294513v1","564705","564774","23","167956233"
"chr5","168521321","168521397","KN297197v1","3445644","3445723","23","165075677"
"chr5","168564441","168564731","KN297227v1","1049335","1049619","65","167515106"
"chr5","168621450","168621755","KN294161v1","491457","491757","60","168129993"
"chr5","168638434","168638732","KN296542v1","103665","103974","73","168534769"
"chr5","168640366","168640535","KN294911v1","4985405","4985572","40","163654961"
"chr5","168710482","168710614","KN295294v1","3806061","3806194","23","164904421"
"chr5","168899234","168899523","KN295352v1","729753","730045","63","168169481"
"chr5","169730891","169731167","KN295832v1","1088844","1089120","14","168642047"
"chr5","169770291","169770599","KN295832v1","1049476","1049782","18","168720815"
"chr5","169806248","169806428","KN295832v1","1012172","1012344","17","168794076"
"chr5","170890940","170891024","KN294790v1","6724105","6724182","35","164166835"
"chr5","171392279","171392499","KN295893v1","437901","438156","80","170954378"
"chr5","171399253","171399531","KN295633v1","778185","778486","75","170621068"
"chr5","171497256","171497525","KN294571v1","2055636","2055896","71","169441620"
"chr5","171844246","171844547","KN297095v1","1000130","1000433","19","170844116"
"chr5","171920443","171920753","KN295637v1","799799","800078","100","171120644"
"chr5","171921750","171922031","KN295708v1","2860090","2860376","66","169061660"
"chr5","171952982","171953295","KN297095v1","1107756","1108070","17","170845226"
"chr5","172041471","172041760","KN297095v1","1186134","1186416","22","170855337"
"chr5","172175030","172175246","KN295893v1","81858","82067","56","172093172"
"chr5","172266755","172267060","KN296507v1","738522","738814","76","171528233"
"chr5","172499770","172500000","KN294874v1","119164","119388","60","172380606"
"chr5","172936720","172937011","KN296495v1","1076274","1076557","61","171860446"
"chr5","172977731","172978006","KN297095v1","2152119","2152407","30","170825612"
"chr5","172986353","172986641","KN296594v1","237857","238127","76","172748496"
"chr5","172993573","172993875","KN297095v1","2166583","2166875","30","170826990"
"chr5","173026003","173026295","KN294421v1","1610749","1611032","64","171415254"
"chr5","173249565","173249711","KN296210v1","326465","326608","30","172923100"
"chr5","173277698","173277804","KN296948v1","1434964","1435067","37","171842734"
"chr5","173374663","173374956","KN294172v1","1404856","1405150","53","171969807"
"chr5","174037421","174037559","KN297095v1","3208094","3208232","6","170829327"
"chr5","174139416","174139688","KN295991v1","511715","511995","71","173627701"
"chr5","174584996","174585274","KN297095v1","3766127","3766406","17","170818869"
"chr5","174588812","174588953","KN296573v1","15418","15557","31","174573394"
"chr5","174711963","174712255","KN295753v1","26465","26763","66","174685498"
"chr5","174919612","174919883","KN296948v1","762193","762479","60","174157419"
"chr5","175064895","175065161","KN297304v1","102213","102483","18","174962682"
"chr5","175644482","175644791","KN294569v1","652042","652317","83","174992440"
"chr5","176164663","176164980","KN295449v1","1170610","1170916","80","174994053"
"chr5","176256757","176257056","KN295346v1","1646114","1646406","66","174610643"
"chr5","176417536","176417669","KN295236v1","3047477","3047602","26","173370059"
"chr5","176468652","176468957","KN295633v1","778185","778486","71","175690467"
"chr5","176483056","176483216","KN294685v1","23168","23332","38","176459888"
"chr5","176515385","176515579","KN296508v1","1675720","1675934","51","174839665"
"chr5","176567465","176567481","KN295236v1","2973161","2973176","6","173594304"
"chr5","176567793","176567928","KN294218v1","2756614","2756751","29","173811179"
"chr5","176605523","176605820","KN297112v1","5041075","5041357","90","171564448"
"chr5","176753680","176753951","KN295825v1","1331773","1332061","72","175421907"
"chr5","176758422","176758724","KN295294v1","1252231","1252546","77","175506191"
"chr5","176926366","176926639","KN295633v1","2306898","2307163","64","174619468"
"chr5","176954454","176954770","KN294604v1","27646","27963","80","176926808"
"chr5","176976017","176976335","KN294539v1","3359067","3359368","86","173616950"
"chr5","176990679","176990961","KN294457v1","210304","210595","70","176780375"
"chr5","177019355","177019644","KN295941v1","2563200","2563494","68","174456155"
"chr5","177032774","177032908","KN296846v1","1092551","1092685","28","175940223"
"chr5","177162965","177163042","KN295708v1","1062775","1062852","24","176100190"
"chr5","177182438","177182542","KN295533v1","2025413","2025521","33","175157025"
"chr5","177249198","177249371","KN294842v1","123455","123618","46","177125743"
"chr5","177279047","177279131","KN294451v1","1151445","1151526","26","176127602"
"chr5","177535922","177536212","KN294420v1","631308","631597","58","176904614"
"chr5","177558936","177559250","KN296322v1","1648835","1649139","75","175910101"
"chr5","178089871","178090162","KN295284v1","51299","51592","15","178038572"
"chr5","178137406","178137701","KN297236v1","52228","52520","72","178085178"
"chr5","178412992","178413197","KN294458v1","1818611","1818826","52","176594381"
"chr5","178498087","178498205","KN296864v1","3266405","3266529","27","175231682"
"chr5","178498259","178498273","KN295459v1","830690","830700","4","177667569"
"chr5","178845299","178845468","KN295441v1","724682","724832","61","178120617"
"chr5","178870825","178870954","KN295439v1","323518","323648","24","178547307"
"chr5","178893376","178893512","KN297028v1","332073","332207","23","178561303"
"chr5","178985764","178986061","KN296833v1","363360","363645","62","178622404"
"chr5","179497483","179497762","KN295633v1","1501780","1502052","69","177995703"
"chr5","179813541","179813768","KN295933v1","676121","676354","72","179137420"
"chr5","179934528","179934849","KN296836v1","993587","993901","80","178940941"
"chr5","179949268","179949474","KN295610v1","375600","375802","44","179573668"
"chr5","180087056","180087351","KN295352v1","1382929","1383224","66","178704127"
"chr5","180427580","180427844","KN294705v1","1107549","1107807","60","179320031"
"chr5","180864215","180864388","KN297293v1","82421","82594","18","180781794"
"chr5","180864684","180864824","KN297293v1","81984","82123","8","180782700"
"chr5","180877528","180877833","KN297293v1","67323","67629","19","180810205"
"chr5","181067354","181067661","KN295368v1","1939103","1939400","70","179128251"
"chr5","181150694","181150983","KN294421v1","1610749","1611032","73","179539945"
"chr5","181194260","181194390","KN294172v1","6272486","6272617","25","174921774"
"chr5","181302236","181302355","KN295441v1","789788","789916","28","180512448"
"chr5","181312800","181312853","KN296316v1","254338","254391","3","181058462"
"chr5","181313177","181313276","KN296316v1","253938","254035","6","181059239"
"chr5","181435904","181436169","KN294571v1","2055636","2055896","67","179380268"
"chr6","523689","523792","KN297186v1","354003","354102","8","169686"
"chr6","1302890","1303185","KN297186v1","1135904","1136199","14","166986"
"chr6","1507835","1508132","KN294539v1","1347688","1347986","63","160147"
"chr6","1552806","1553114","KN296322v1","1648835","1649139","72","96029"
"chr6","1812942","1813248","KN295666v1","767425","767733","77","1045517"
"chr6","1826785","1827072","KN295257v1","1997417","1997696","31","170632"
"chr6","2220898","2221204","KN295257v1","1601838","1602120","56","619060"
"chr6","2243844","2244169","KN295995v1","1613251","1613567","75","630593"
"chr6","2356915","2357042","KN295441v1","789788","789916","23","1567127"
"chr6","2759112","2759405","KN295257v1","1053950","1054233","26","1705162"
"chr6","3020975","3021257","KN295257v1","796704","796977","17","2224271"
"chr6","3259959","3260195","KN295257v1","563893","564140","23","2696066"
"chr6","3515540","3515819","KN295257v1","300761","301044","20","3214779"
"chr6","3550402","3550718","KN295045v1","602412","602688","92","2947990"
"chr6","3554701","3554811","KN296153v1","3603162","3603273","26","48461"
"chr6","3555111","3555145","KN296646v1","838353","838388","15","2716758"
"chr6","3709174","3709464","KN295257v1","99021","99319","25","3610153"
"chr6","3985311","3985435","KN294172v1","6039824","6039947","23","2054513"
"chr6","4000995","4001278","KN294499v1","1906911","1907192","68","2094084"
"chr6","4014361","4014537","KN296009v1","1256147","1256320","16","2758214"
"chr6","4053890","4054201","KN296009v1","1216794","1217107","42","2837096"
"chr6","4205336","4205599","KN296731v1","1403282","1403549","65","2802054"
"chr6","4477287","4477440","KN294558v1","284993","285139","36","4192294"
"chr6","4870072","4870218","KN294613v1","467519","467659","32","4402553"
"chr6","5096212","5096505","KN295099v1","55159","55457","58","5041053"
"chr6","5217082","5217171","KN295744v1","21999","22088","25","5195083"
"chr6","5217905","5218205","KN296761v1","26104","26401","40","5191801"
"chr6","5264805","5265098","KN296761v1","72911","73206","19","5191894"
"chr6","5429524","5429831","KN296507v1","738522","738814","71","4691002"
"chr6","5621116","5621390","KN295034v1","297340","297612","69","5323776"
"chr6","6640439","6640744","KN294842v1","647613","647907","72","5992826"
"chr6","7070225","7070522","KN296864v1","1939832","1940132","70","5130393"
"chr6","7096138","7096423","KN296244v1","327623","327911","57","6768515"
"chr6","7252146","7252419","KN297008v1","6549351","6549627","64","702795"
"chr6","7275450","7275566","KN296153v1","3603162","3603273","19","3672288"
"chr6","7307551","7307808","KN296157v1","1145342","1145607","70","6162209"
"chr6","7319418","7319710","KN294592v1","450560","450839","60","6868858"
"chr6","7375455","7375740","KN295893v1","1879651","1879923","78","5495804"
"chr6","7415168","7415426","KN294592v1","450560","450839","78","6964608"
"chr6","7469040","7469146","KN295802v1","222325","222434","27","7246715"
"chr6","7469452","7469590","KN296311v1","6471968","6472102","24","997484"
"chr6","7503677","7503943","KN295034v1","297340","297612","68","7206337"
"chr6","7508036","7508339","KN294452v1","1024655","1024959","65","6483381"
"chr6","7611320","7611471","KN297200v1","363267","363404","49","7248053"
"chr6","7766331","7766647","KN295294v1","1252231","1252546","64","6514100"
"chr6","7821404","7821521","KN294548v1","68268","68384","24","7753136"
"chr6","7825037","7825298","KN295585v1","102609","102863","69","7722428"
"chr6","7954875","7955040","KN296883v1","709793","709959","41","7245082"
"chr6","8072279","8072434","KN295114v1","20274","20431","30","8052005"
"chr6","8230824","8231121","KN295633v1","778185","778486","74","7452639"
"chr6","8244179","8244488","KN294421v1","9377","9683","69","8234802"
"chr6","8244498","8244794","KN294172v1","1404856","1405150","60","6839642"
"chr6","8316554","8316844","KN296303v1","805215","805501","60","7511339"
"chr6","9488137","9488205","KN296062v1","2050903","2050968","18","7437234"
"chr6","10233794","10234038","KN297445v1","1222732","1222973","11","9011062"
"chr6","10449196","10449479","KN297445v1","1445316","1445600","25","9003880"
"chr6","10481556","10481680","KN297154v1","1079155","1079280","42","9402401"
"chr6","10526835","10526959","KN296311v1","4815038","4815168","27","5711797"
"chr6","10828595","10828803","KN295610v1","375600","375802","54","10452995"
"chr6","10831471","10831759","KN296538v1","333498","333794","61","10497973"
"chr6","10928603","10928833","KN294569v1","167642","167877","65","10760961"
"chr6","10956826","10957128","KN294260v1","822843","823138","59","10133983"
"chr6","10957530","10957816","KN296948v1","762193","762479","58","10195337"
"chr6","11571176","11571330","KN296187v1","1018477","1018630","39","10552699"
"chr6","11654045","11654324","KN294264v1","432867","433151","68","11221178"
"chr6","12037698","12038014","KN296011v1","192550","192852","89","11845148"
"chr6","12375012","12375142","KN294172v1","4450120","4450251","24","7924892"
"chr6","12532739","12532952","KN297386v1","2476195","2476402","55","10056544"
"chr6","12607913","12608204","KN296294v1","468282","468580","76","12139631"
"chr6","12824997","12825113","KN296381v1","473793","473911","24","12351204"
"chr6","12825146","12825331","KN297038v1","275241","275429","46","12549905"
"chr6","12917471","12917750","KN296948v1","762193","762479","66","12155278"
"chr6","13277672","13277963","KN297227v1","1049335","1049619","63","12228337"
"chr6","13335792","13336063","KN295633v1","2306898","2307163","65","11028894"
"chr6","13352784","13353031","KN294458v1","21581","21829","62","13331203"
"chr6","13366174","13366345","KN296635v1","4102969","4103140","40","9263205"
"chr6","13366634","13366777","KN295828v1","950130","950251","49","12416504"
"chr6","13492451","13492647","KN295553v1","69273","69467","51","13423178"
"chr6","13685404","13685582","KN294443v1","437013","437176","50","13248391"
"chr6","13933252","13933540","KN297026v1","800582","800867","78","13132670"
"chr6","14056633","14056798","KN296701v1","462609","462775","44","13594024"
"chr6","14936220","14936491","KN294192v1","253871","254153","72","14682349"
"chr6","15006656","15006956","KN294728v1","765090","765383","63","14241566"
"chr6","15117497","15117637","KN297158v1","13205","13345","30","15104292"
"chr6","15117939","15118123","KN297038v1","275241","275429","42","14842698"
"chr6","15121603","15121742","KN295114v1","135006","135138","36","14986597"
"chr6","15163594","15163716","KN295236v1","4152720","4152846","27","11010874"
"chr6","15223708","15223844","KN297445v1","1333351","1333481","29","13890357"
"chr6","15236607","15236776","KN294548v1","490123","490280","42","14746484"
"chr6","15326245","15326490","KN297105v1","2959195","2959449","69","12367050"
"chr6","15360485","15360804","KN297219v1","1576359","1576655","81","13784126"
"chr6","15652637","15652922","KN296964v1","1814390","1814681","65","13838247"
"chr6","15748830","15749125","KN295432v1","49437","49735","66","15699393"
"chr6","16195335","16195459","KN295441v1","789788","789916","21","15405547"
"chr6","16240253","16240475","KN296062v1","2277688","2277919","56","13962565"
"chr6","16240476","16240629","KN295405v1","328891","329050","40","15911585"
"chr6","16324161","16324465","KN294520v1","1671112","1671413","72","14653049"
"chr6","16558156","16558318","KN295721v1","382777","382938","35","16175379"
"chr6","16566451","16566546","KN295967v1","566167","566260","25","16000284"
"chr6","16566890","16566982","KN294161v1","775838","775928","29","15791052"
"chr6","16571487","16571655","KN294991v1","973655","973815","37","15597832"
"chr6","16571679","16571962","KN295883v1","861998","862283","56","15709681"
"chr6","16721344","16721646","KN295923v1","2381125","2381431","63","14340219"
"chr6","16779893","16780054","KN294260v1","1473102","1473263","46","15306791"
"chr6","16780366","16780496","KN296907v1","705641","705775","25","16074725"
"chr6","16786279","16786590","KN296322v1","1648835","1649139","66","15137444"
"chr6","16897237","16897515","KN295814v1","212884","213163","73","16684353"
"chr6","17016798","17016981","KN295430v1","2495062","2495241","44","14521736"
"chr6","17038913","17039046","KN296311v1","4657589","4657718","21","12381324"
"chr6","17129360","17129562","KN296528v1","1417954","1418126","59","15711406"
"chr6","17129864","17129986","KN296225v1","229061","229185","26","16900803"
"chr6","17333989","17334285","KN296964v1","1814390","1814681","67","15519599"
"chr6","17384406","17384703","KN296588v1","282556","282869","64","17101850"
"chr6","17421896","17422046","KN295114v1","20274","20431","33","17401622"
"chr6","17588306","17588607","KN294452v1","1374937","1375240","60","16213369"
"chr6","17681925","17682122","KN297026v1","1683472","1683666","50","15998453"
"chr6","17692378","17692533","KN294548v1","490123","490280","37","17202255"
"chr6","17696061","17696138","KN296743v1","1044604","1044691","24","16651457"
"chr6","17771445","17771569","KN295983v1","1014873","1014997","25","16756572"
"chr6","17873593","17873891","KN297112v1","2231098","2231393","73","15642495"
"chr6","17880651","17880890","KN297404v1","36270","36508","80","17844381"
"chr6","17898833","17899126","KN294831v1","228505","228793","69","17670328"
"chr6","17952351","17952649","KN296964v1","1814390","1814681","68","16137961"
"chr6","17958865","17959107","KN297245v1","2387953","2388175","62","15570912"
"chr6","17963968","17964117","KN294172v1","6437551","6437696","34","11526417"
"chr6","18009769","18009864","KN296311v1","3306365","3306464","36","14703404"
"chr6","18013512","18013811","KN294452v1","1374937","1375240","64","16638575"
"chr6","18038359","18038650","KN294470v1","849781","850077","62","17188578"
"chr6","18050217","18050480","KN295571v1","1033036","1033312","73","17017181"
"chr6","18128953","18129087","KN295090v1","610678","610810","27","17518275"
"chr6","18151213","18151489","KN296244v1","438516","438787","61","17712697"
"chr6","18154570","18154794","KN294879v1","1183051","1183277","53","16971519"
"chr6","18334390","18334690","KN297066v1","48943","49249","64","18285447"
"chr6","18337304","18337506","KN295893v1","81858","82067","53","18255446"
"chr6","18498908","18499139","KN294407v1","812570","812796","53","17686338"
"chr6","18559634","18559933","KN297323v1","97375","97678","68","18462259"
"chr6","18684668","18684906","KN294873v1","82870","83122","68","18601798"
"chr6","19598206","19598284","KN295705v1","92388","92471","22","19505818"
"chr6","19600847","19601115","KN295633v1","2306898","2307163","55","17293949"
"chr6","19776467","19776593","KN295977v1","1181733","1181839","32","18594734"
"chr6","19927273","19927575","KN295368v1","1939103","1939400","70","17988170"
"chr6","20157001","20157286","KN296948v1","762193","762479","69","19394808"
"chr6","20175255","20175436","KN295326v1","444837","444999","52","19730418"
"chr6","20175772","20175903","KN297453v1","84448","84582","24","20091324"
"chr6","20176006","20176297","KN294578v1","639003","639297","68","19537003"
"chr6","20227446","20227758","KN296907v1","1087372","1087677","68","19140074"
"chr6","20287502","20287627","KN296322v1","997745","997870","19","19289757"
"chr6","20287932","20288115","KN296682v1","2867973","2868160","43","17419959"
"chr6","20508783","20509097","KN297219v1","1839754","1840062","66","18669029"
"chr6","20536709","20536823","KN294548v1","68268","68384","30","20468441"
"chr6","20563517","20563646","KN296643v1","191078","191208","27","20372439"
"chr6","20567728","20567880","KN295005v1","263752","263899","32","20303976"
"chr6","20568176","20568318","KN295102v1","72427","72567","27","20495749"
"chr6","20678901","20679214","KN297259v1","1570980","1571280","80","19107921"
"chr6","20685717","20685887","KN296311v1","1023510","1023673","40","19662207"
"chr6","20753998","20754282","KN296948v1","762193","762479","50","19991805"
"chr6","20913707","20914002","KN295352v1","729753","730045","72","20183954"
"chr6","20948011","20948317","KN296322v1","1648835","1649139","63","19299176"
"chr6","21110689","21110976","KN294539v1","1096217","1096495","67","20014472"
"chr6","21349806","21350113","KN296322v1","1648835","1649139","67","19700971"
"chr6","21376542","21376823","KN297184v1","1114866","1115167","60","20261676"
"chr6","21509517","21509816","KN296849v1","957882","958183","65","20551635"
"chr6","21713922","21714213","KN297066v1","48943","49249","79","21664979"
"chr6","21765902","21766110","KN295893v1","81858","82067","51","21684044"
"chr6","21792186","21792489","KN296311v1","5278234","5278515","67","16513952"
"chr6","21793659","21793981","KN295480v1","1274084","1274387","73","20519575"
"chr6","21957586","21957883","KN296682v1","1941233","1941537","74","20016353"
"chr6","22213763","22214069","KN295907v1","544095","544389","84","21669668"
"chr6","23386704","23387012","KN294954v1","70243","70554","75","23316461"
"chr6","23942922","23943123","KN294257v1","2785213","2785411","20","21157709"
"chr6","24029300","24029397","KN294257v1","1945549","1945639","33","22083751"
"chr6","24029874","24029986","KN294416v1","1003998","1004111","26","23025876"
"chr6","24304808","24304929","KN294410v1","486228","486353","29","23818580"
"chr6","24331300","24331438","KN295601v1","2833105","2833244","29","21498195"
"chr6","24366850","24367134","KN294257v1","2362235","2362523","18","22004615"
"chr6","24385502","24385800","KN294257v1","2340577","2340881","37","22044925"
"chr6","24692430","24692683","KN294571v1","2055636","2055896","61","22636794"
"chr6","24707363","24707646","KN297046v1","2239018","2239308","76","22468345"
"chr6","24769702","24769881","KN295744v1","541179","541352","44","24228523"
"chr6","24769908","24770026","KN296153v1","3527722","3527839","24","21242186"
"chr6","25036384","25036691","KN294257v1","1693918","1694233","24","23342466"
"chr6","25042826","25043112","KN296577v1","367163","367438","74","24675663"
"chr6","25156071","25156233","KN296000v1","898022","898186","42","24258049"
"chr6","25317563","25317864","KN294578v1","639003","639297","85","24678560"
"chr6","25366013","25366296","KN294257v1","1368803","1369094","28","23997210"
"chr6","25393596","25393876","KN295753v1","26465","26763","64","25367131"
"chr6","25742382","25742585","KN295962v1","1940591","1940792","66","23801791"
"chr6","25856231","25856537","KN294207v1","595798","596096","73","25260433"
"chr6","25876092","25876403","KN294257v1","847474","847785","20","25028618"
"chr6","26015458","26015725","KN295171v1","12625","12912","77","26002833"
"chr6","26032506","26032662","KN294991v1","973655","973815","41","25058851"
"chr6","26061020","26061145","KN296311v1","4657589","4657718","24","21403431"
"chr6","26106728","26106899","KN296538v1","1843564","1843714","55","24263164"
"chr6","26107250","26107326","KN296916v1","406169","406247","28","25701081"
"chr6","26462398","26462559","KN294407v1","109423","109582","40","26352975"
"chr6","26477232","26477347","KN294548v1","68268","68384","25","26408964"
"chr6","26503054","26503202","KN294279v1","1019768","1019921","39","25483286"
"chr6","27026189","27026460","KN294443v1","13285","13540","33","27012904"
"chr6","27117554","27117876","KN295987v1","206099","206403","80","26911455"
"chr6","27402601","27402888","KN294443v1","362867","363154","13","27039734"
"chr6","27476616","27476788","KN294443v1","437013","437176","15","27039603"
"chr6","27700228","27700535","KN294210v1","473112","473404","91","27227116"
"chr6","27739273","27739521","KN296795v1","423371","423640","83","27315902"
"chr6","27773567","27773752","KN296767v1","53224","53425","51","27720343"
"chr6","27891910","27892065","KN294443v1","875900","876069","27","27016010"
"chr6","27892351","27892485","KN294443v1","876364","876487","21","27015987"
"chr6","28116557","28116874","KN295633v1","909764","910066","79","27206793"
"chr6","28193143","28193438","KN295117v1","112788","113084","67","28080355"
"chr6","28370908","28371183","KN294260v1","1359230","1359515","61","27011678"
"chr6","28393495","28393754","KN294443v1","1323408","1323672","22","27070087"
"chr6","28418842","28419150","KN294443v1","1351018","1351334","26","27067824"
"chr6","28904931","28905208","KN294790v1","911102","911378","65","27993829"
"chr6","29482654","29482754","KN297163v1","685235","685337","27","28797419"
"chr6","29592344","29592601","KN296921v1","2833134","2833394","74","26759210"
"chr6","29682019","29682325","KN294539v1","3409060","3409366","68","26272959"
"chr6","29720858","29721167","KN295382v1","10622","10928","64","29710236"
"chr6","29825823","29826111","KN295382v1","10622","10928","70","29815201"
"chr6","29833974","29834133","KN296308v1","125376","125526","22","29708598"
"chr6","30004506","30004804","KN295382v1","10622","10928","76","29993884"
"chr6","30012481","30012638","KN296308v1","125376","125526","20","29887105"
"chr6","30246634","30246902","KN296011v1","67440","67709","68","30179194"
"chr6","30334737","30335022","KN296308v1","490715","491013","32","29844022"
"chr6","30356085","30356360","KN296308v1","509786","510061","20","29846299"
"chr6","30484144","30484265","KN295526v1","145592","145725","28","30338552"
"chr6","30567381","30567664","KN296926v1","93854","94122","73","30473527"
"chr6","30575788","30576094","KN296308v1","750453","750763","23","29825335"
"chr6","30714504","30714814","KN297159v1","1311633","1311940","67","29402871"
"chr6","30811644","30811920","KN296308v1","990797","991065","30","29820847"
"chr6","30878182","30878331","KN295601v1","2833105","2833244","42","28045077"
"chr6","30887767","30887897","KN295526v1","145592","145725","21","30742175"
"chr6","31075742","31075920","KN296153v1","1529421","1529604","42","29546321"
"chr6","31260734","31261028","KN295624v1","42148","42419","54","31218586"
"chr6","31346655","31346952","KN295624v1","42148","42419","48","31304507"
"chr6","31452411","31452574","KN294571v1","2119940","2120110","41","29332471"
"chr6","31461318","31461632","KN296982v1","276016","276324","79","31185302"
"chr6","31567310","31567576","KN295382v1","110348","110626","26","31456962"
"chr6","31579289","31579593","KN295382v1","122742","123041","29","31456547"
"chr6","31708356","31708485","KN295573v1","623556","623685","20","31084800"
"chr6","31801866","31801989","KN296926v1","988728","988849","20","30813138"
"chr6","32145619","32145749","KN295102v1","105981","106109","25","32039638"
"chr6","32226020","32226184","KN296000v1","901795","901947","37","31324225"
"chr6","32344877","32345154","KN294462v1","408640","408936","32","31936237"
"chr6","32818504","32818782","KN294462v1","16829","17108","25","32801675"
"chr6","32864477","32864696","KN296371v1","187238","187458","11","32677239"
"chr6","32869568","32869800","KN296371v1","180180","180422","25","32689388"
"chr6","32998411","32998695","KN295984v1","150673","150962","53","32847738"
"chr6","33159403","33159604","KN294372v1","2271473","2271671","50","30887930"
"chr6","33159902","33159927","KN295368v1","1470938","1470967","11","31688964"
"chr6","33260184","33260354","KN296864v1","3353170","3353334","36","29907014"
"chr6","33261027","33261129","KN295854v1","1672898","1672992","38","31588129"
"chr6","33324541","33324602","KN294302v1","676226","676263","28","32648315"
"chr6","33324913","33325084","KN296682v1","4472363","4472501","50","28852550"
"chr6","33325382","33325506","KN297023v1","20836","20962","30","33304546"
"chr6","33396247","33396328","KN295236v1","2370219","2370291","27","31026028"
"chr6","33535973","33536105","KN296311v1","4657589","4657718","25","28878384"
"chr6","33536152","33536442","KN294837v1","377636","377927","16","33158516"
"chr6","33554741","33555042","KN294837v1","360803","361092","37","33193938"
"chr6","33998661","33998792","KN297095v1","3988925","3989057","22","30009736"
"chr6","34004368","34004667","KN295984v1","150673","150962","71","33853695"
"chr6","34267205","34267365","KN295721v1","382777","382938","38","33884428"
"chr6","34271656","34271758","KN297165v1","801223","801333","31","33470433"
"chr6","34290238","34290521","KN294233v1","699658","699929","85","33590580"
"chr6","34324420","34324568","KN295005v1","263752","263899","37","34060668"
"chr6","34334659","34334934","KN294210v1","473112","473404","78","33861547"
"chr6","34351225","34351453","KN294747v1","867897","868151","71","33483328"
"chr6","34360941","34361228","KN296119v1","1984680","1984963","61","32376261"
"chr6","34626174","34626473","KN294260v1","822843","823138","66","33803331"
"chr6","34713324","34713535","KN296767v1","53224","53425","56","34660100"
"chr6","34714248","34714444","KN294964v1","1568714","1568904","54","33145534"
"chr6","34734610","34734912","KN296682v1","4635851","4636149","81","30098759"
"chr6","34743602","34743628","KN296079v1","635431","635453","13","34108171"
"chr6","34743945","34744102","KN295005v1","263752","263899","42","34480193"
"chr6","34811453","34811586","KN295605v1","687968","688102","38","34123485"
"chr6","34811880","34812040","KN294991v1","973655","973815","39","33838225"
"chr6","34837260","34837399","KN296210v1","326465","326608","22","34510795"
"chr6","34903348","34903491","KN296453v1","1168589","1168749","44","33734759"
"chr6","34903815","34903967","KN296187v1","1018477","1018630","38","33885338"
"chr6","34915439","34915629","KN296062v1","2603423","2603625","57","32312016"
"chr6","34942995","34943254","KN296508v1","1973232","1973505","69","32969763"
"chr6","34950096","34950194","KN294619v1","1400034","1400133","22","33550062"
"chr6","35207284","35207567","KN295705v1","823070","823354","64","34384214"
"chr6","35274564","35274731","KN295347v1","14270","14430","44","35260294"
"chr6","35280256","35280381","KN295171v1","1556218","1556343","25","33724038"
"chr6","35345281","35345554","KN297190v1","4113908","4114190","69","31231373"
"chr6","35351550","35351861","KN294470v1","1153982","1154281","69","34197568"
"chr6","35523439","35523563","KN296322v1","997745","997870","20","34525694"
"chr6","35543289","35543421","KN296311v1","4815038","4815168","20","30728251"
"chr6","35548173","35548358","KN296011v1","315060","315250","47","35233113"
"chr6","35548652","35548674","KN295405v1","1673920","1673943","9","33874732"
"chr6","35548966","35549099","KN296643v1","191078","191208","20","35357888"
"chr6","35711877","35712176","KN294261v1","349079","349368","69","35362798"
"chr6","35716094","35716382","KN294345v1","1713106","1713396","73","34002988"
"chr6","35852958","35853302","KN295102v1","38793","39103","93","35814165"
"chr6","35904857","35905172","KN295633v1","909764","910066","71","34995093"
"chr6","35946699","35946988","KN297180v1","110970","111263","64","35835729"
"chr6","35993004","35993305","KN294790v1","3754436","3754749","72","32238568"
"chr6","36072091","36072351","KN294987v1","187998","188261","68","35884093"
"chr6","36183716","36183980","KN294420v1","263951","264214","73","35919765"
"chr6","36186050","36186275","KN296847v1","410946","411169","61","35775104"
"chr6","36213416","36213718","KN296495v1","1722244","1722543","61","34491172"
"chr6","36251666","36251958","KN296649v1","28211","28505","58","36223455"
"chr6","36253487","36253778","KN296964v1","1814390","1814681","57","34439097"
"chr6","36280781","36281089","KN296244v1","707246","707553","66","35573535"
"chr6","36413715","36414025","KN295936v1","78605","78913","66","36335110"
"chr6","36435158","36435274","KN296577v1","77768","77873","30","36357390"
"chr6","36439890","36440113","KN294991v1","1331915","1332136","57","35107975"
"chr6","36500961","36501252","KN296964v1","1814390","1814681","63","34686571"
"chr6","36525872","36526130","KN294539v1","1506592","1506858","64","35019280"
"chr6","36570621","36570717","KN294451v1","1151445","1151526","35","35419176"
"chr6","36591854","36592079","KN294170v1","127165","127415","80","36464689"
"chr6","36705902","36706197","KN296495v1","1076274","1076557","67","35629628"
"chr6","36833941","36834278","KN295941v1","1790543","1790862","90","35043398"
"chr6","36857637","36857798","KN294470v1","78054","78217","38","36779583"
"chr6","36996429","36996698","KN294741v1","582193","582466","63","36414236"
"chr6","37029640","37029934","KN297184v1","1114866","1115167","61","35914774"
"chr6","37100138","37100195","KN297019v1","143155","143209","14","36956983"
"chr6","37176667","37176821","KN295205v1","552522","552687","49","36624145"
"chr6","37180588","37180887","KN296025v1","243224","243517","62","36937364"
"chr6","37188940","37189227","KN294279v1","506995","507287","64","36681945"
"chr6","37190377","37190686","KN296520v1","1454899","1455203","65","35735478"
"chr6","37266931","37267234","KN296759v1","210528","210836","64","37056403"
"chr6","37294227","37294475","KN296145v1","3732348","3732587","72","33561879"
"chr6","37295100","37295405","KN296849v1","957882","958183","60","36337218"
"chr6","37340179","37340405","KN294299v1","98143","98368","53","37242036"
"chr6","37396725","37396877","KN296732v1","3303486","3303632","34","34093239"
"chr6","37448937","37449244","KN297180v1","314236","314539","65","37134701"
"chr6","37640396","37640613","KN296153v1","3265742","3265961","60","34374654"
"chr6","37660023","37660315","KN295637v1","799799","800078","67","36860224"
"chr6","37767773","37767904","KN296430v1","537283","537418","20","37230490"
"chr6","37802692","37802968","KN294231v1","3355","3631","68","37799337"
"chr6","37832694","37832958","KN297046v1","2072166","2072416","66","35760528"
"chr6","37869514","37869811","KN294539v1","1347688","1347986","64","36521826"
"chr6","37882939","37883241","KN297184v1","1114866","1115167","67","36768073"
"chr6","37894402","37894670","KN294269v1","649633","649901","69","37244769"
"chr6","37974865","37974949","KN295236v1","1305949","1306032","24","36668916"
"chr6","38062848","38063064","KN295601v1","3201776","3202001","65","34861072"
"chr6","38098076","38098210","KN296025v1","179010","179141","34","37919066"
"chr6","38416925","38417239","KN294629v1","39362","39662","78","38377563"
"chr6","38538647","38538771","KN294536v1","420664","420795","29","38117983"
"chr6","38539084","38539231","KN296210v1","326465","326608","30","38212619"
"chr6","38643706","38643999","KN296883v1","3290038","3290316","76","35353668"
"chr6","38759022","38759342","KN295080v1","116795","117109","74","38642227"
"chr6","39648887","39649194","KN295929v1","240001","240300","83","39408886"
"chr6","40175023","40175332","KN295102v1","38793","39103","71","40136230"
"chr6","40263221","40263519","KN295984v1","2962847","2963132","83","37300374"
"chr6","41169924","41170225","KN297023v1","640512","640805","64","40529412"
"chr6","41752884","41753014","KN294378v1","1273477","1273608","25","40479407"
"chr6","41797869","41798167","KN296371v1","158213","158508","59","41639656"
"chr6","41840856","41841042","KN295236v1","4091253","4091442","58","37749603"
"chr6","41865643","41865907","KN294650v1","596463","596718","62","41269180"
"chr6","41957856","41957974","KN296495v1","463832","463952","10","41494024"
"chr6","41962475","41962756","KN296303v1","805215","805501","66","41157260"
"chr6","41992909","41993202","KN297323v1","97375","97678","73","41895534"
"chr6","42011141","42011423","KN297375v1","58397","58674","60","41952744"
"chr6","42229156","42229437","KN296495v1","756288","756599","47","41472868"
"chr6","42539536","42539813","KN296495v1","1071693","1071963","30","41467843"
"chr6","42544836","42545119","KN296495v1","1076274","1076557","14","41468562"
"chr6","42561976","42562269","KN296244v1","327623","327911","62","42234353"
"chr6","42567754","42568055","KN296495v1","1100876","1101163","30","41466878"
"chr6","42608336","42608657","KN296495v1","1144836","1145157","22","41463500"
"chr6","42816084","42816363","KN296339v1","2246495","2246747","82","40569589"
"chr6","43140606","43140768","KN296096v1","680679","680846","27","42459927"
"chr6","43146046","43146178","KN296311v1","4657589","4657718","14","38488457"
"chr6","43162586","43162883","KN296495v1","1722244","1722543","25","41440342"
"chr6","43235509","43235659","KN296495v1","1795663","1795811","16","41439846"
"chr6","43302873","43303018","KN295962v1","463054","463189","31","42839819"
"chr6","43316360","43316641","KN296495v1","1878500","1878789","33","41437860"
"chr6","43361284","43361571","KN296495v1","1924230","1924506","28","41437054"
"chr6","43533565","43533849","KN296495v1","2102720","2102993","38","41430845"
"chr6","43551521","43551829","KN296495v1","2120476","2120783","14","41431045"
"chr6","43551834","43551965","KN294705v1","1594003","1594134","22","41957831"
"chr6","43553032","43553329","KN296495v1","2121996","2122287","23","41431036"
"chr6","43634201","43634462","KN296495v1","2199075","2199323","52","41435126"
"chr6","43662794","43663096","KN296495v1","2225847","2226158","33","41436947"
"chr6","43692994","43693154","KN296495v1","2257584","2257744","11","41435410"
"chr6","43958724","43958910","KN296495v1","2528484","2528661","15","41430240"
"chr6","44371013","44371325","KN297180v1","314236","314539","68","44056777"
"chr6","44802137","44802445","KN297112v1","2231098","2231393","69","42571039"
"chr6","44920292","44920592","KN294848v1","932997","933294","69","43987295"
"chr6","45253510","45253805","KN296970v1","419107","419402","22","44834403"
"chr6","45384707","45385002","KN296970v1","541304","541582","38","44843403"
"chr6","45392223","45392527","KN296970v1","548840","549143","13","44843383"
"chr6","46616285","46616532","KN296577v1","852929","853199","76","45763356"
"chr6","46644388","46644539","KN296625v1","261253","261395","38","46383135"
"chr6","47056565","47056863","KN295667v1","1567361","1567664","61","45489204"
"chr6","47080647","47080946","KN297180v1","314236","314539","68","46766411"
"chr6","47424018","47424280","KN296119v1","4872321","4872585","58","42551697"
"chr6","47576087","47576228","KN296145v1","649092","649233","34","46926995"
"chr6","47655169","47655464","KN295352v1","729753","730045","67","46925416"
"chr6","47787622","47787904","KN296036v1","2226548","2226840","83","45561074"
"chr6","47909518","47909739","KN294407v1","169906","170136","60","47739612"
"chr6","48850803","48851097","KN294650v1","24363","24655","71","48826440"
"chr6","49520734","49521037","KN295037v1","971648","971949","76","48549086"
"chr6","49616203","49616371","KN294451v1","367926","368096","35","49248277"
"chr6","49745755","49746075","KN296528v1","821177","821492","87","48924578"
"chr6","49925899","49926183","KN297281v1","250684","250970","28","49675215"
"chr6","50280768","50281049","KN294251v1","4305502","4305793","40","45975266"
"chr6","50448299","50448569","KN294251v1","4137344","4137619","26","46310955"
"chr6","50476077","50476375","KN295352v1","729753","730045","73","49746324"
"chr6","50755705","50755801","KN294251v1","3824941","3825038","7","46930764"
"chr6","52222272","52222558","KN295633v1","1501780","1502052","74","50720492"
"chr6","52302350","52302663","KN294399v1","171378","171682","70","52130972"
"chr6","52374403","52374689","KN294592v1","450560","450839","76","51923843"
"chr6","52632404","52632558","KN295005v1","263752","263899","39","52368652"
"chr6","52632590","52632706","KN297323v1","349913","350031","26","52282677"
"chr6","52702302","52702593","KN294251v1","1870237","1870532","25","50832065"
"chr6","53226685","53226991","KN294251v1","1428860","1429166","29","51797825"
"chr6","53266691","53266900","KN294251v1","1385970","1386186","22","51880721"
"chr6","53285596","53285905","KN294251v1","1366870","1367179","22","51918726"
"chr6","53394419","53394715","KN294251v1","1260757","1261053","14","52133662"
"chr6","53667403","53667486","KN295983v1","556778","556867","23","53110625"
"chr6","53934342","53934570","KN297180v1","531711","531948","67","53402631"
"chr6","54594772","54595061","KN296495v1","1076274","1076557","58","53518498"
"chr6","54603613","54603760","KN294445v1","955168","955317","34","53648445"
"chr6","55233455","55233720","KN294410v1","125205","125456","73","55108250"
"chr6","55391480","55391756","KN294445v1","182567","182857","22","55208913"
"chr6","55832832","55833137","KN294399v1","171378","171682","59","55661454"
"chr6","55907906","55908217","KN294421v1","9377","9683","68","55898529"
"chr6","56229099","56229372","KN295091v1","2551226","2551488","75","53677873"
"chr6","56504726","56504997","KN297046v1","2072166","2072416","79","54432560"
"chr6","56789068","56789340","KN295977v1","399743","400033","77","56389325"
"chr6","56799219","56799354","KN295405v1","340111","340240","38","56459108"
"chr6","56993693","56993999","KN294260v1","822843","823138","61","56170850"
"chr6","57233670","57233962","KN295576v1","164716","164996","71","57068954"
"chr6","57267633","57267784","KN295705v1","1659307","1659450","30","55608326"
"chr6","57375794","57375922","KN294446v1","520797","520926","30","56854997"
"chr6","57408724","57408939","KN294209v1","14779","14997","57","57393945"
"chr6","57440278","57440392","KN294172v1","4793193","4793299","28","52647085"
"chr6","57572944","57573112","KN295977v1","1244806","1244955","49","56328138"
"chr6","57615614","57615889","KN294302v1","861450","861728","66","56754164"
"chr6","60277300","60277432","KN295907v1","1636086","1636221","28","58641214"
"chr6","60310232","60310447","KN294209v1","14779","14997","58","60295453"
"chr6","60333225","60333339","KN294172v1","4793193","4793299","30","55540032"
"chr6","60471513","60471711","KN297319v1","373164","373327","59","60098349"
"chr6","60514726","60515001","KN295315v1","11474","11758","65","60503252"
"chr6","60773462","60773764","KN296322v1","1648835","1649139","67","59124627"
"chr6","61765193","61765495","KN295205v1","656212","656501","85","61108981"
"chr6","61941985","61942260","KN297444v1","509650","509927","75","61432335"
"chr6","62303410","62303701","KN296373v1","839918","840216","37","61463492"
"chr6","63046796","63047109","KN294630v1","61228","61540","77","62985568"
"chr6","63061355","63061646","KN296373v1","139863","140142","36","62921492"
"chr6","63149047","63149338","KN296373v1","44543","44844","36","63104504"
"chr6","63180171","63180447","KN295967v1","1520844","1521111","67","61659327"
"chr6","63408916","63409211","KN294172v1","1944132","1944423","69","61464784"
"chr6","63466260","63466422","KN295701v1","661695","661868","18","62804565"
"chr6","63484000","63484169","KN294991v1","973655","973815","31","62510345"
"chr6","63497054","63497254","KN295701v1","628904","629117","29","62868150"
"chr6","63515011","63515166","KN294470v1","2691196","2691354","33","60823815"
"chr6","63757892","63758201","KN295343v1","518460","518764","66","63239432"
"chr6","64411561","64411805","KN297190v1","5951555","5951790","63","58460006"
"chr6","64475799","64476088","KN296495v1","1076274","1076557","67","63399525"
"chr6","64628411","64628579","KN297366v1","2182024","2182200","50","62446387"
"chr6","64907058","64907349","KN294831v1","228505","228793","70","64678553"
"chr6","65054980","65055282","KN294161v1","491457","491757","75","64563523"
"chr6","65334254","65334569","KN294452v1","1024655","1024959","71","64309599"
"chr6","65370243","65370537","KN296635v1","2491483","2491774","87","62878760"
"chr6","65465184","65465474","KN295304v1","503624","503911","88","64961560"
"chr6","65506461","65506771","KN295294v1","1252231","1252546","86","64254230"
"chr6","66323746","66324009","KN294457v1","210304","210595","80","66113442"
"chr6","67398203","67398384","KN294703v1","325831","325997","60","67072372"
"chr6","67430578","67430860","KN294493v1","1639497","1639778","76","65791081"
"chr6","67588176","67588408","KN295601v1","3201776","3202001","70","64386400"
"chr6","67694096","67694390","KN295368v1","1939103","1939400","68","65754993"
"chr6","68191056","68191342","KN296303v1","805215","805501","67","67385841"
"chr6","68498359","68498678","KN294387v1","4289485","4289802","17","64208874"
"chr6","68557533","68557823","KN294520v1","992368","992662","76","67565165"
"chr6","68928244","68928528","KN296311v1","6546105","6546379","67","62382139"
"chr6","69403954","69404093","KN296486v1","60099","60235","30","69343855"
"chr6","70480231","70480366","KN296702v1","821421","821571","45","69658810"
"chr6","70658467","70658757","KN295099v1","55159","55457","72","70603308"
"chr6","70730094","70730355","KN294387v1","2065177","2065438","23","68664917"
"chr6","70789776","70789860","KN294387v1","2019460","2019545","10","68770316"
"chr6","70810571","70810813","KN294387v1","1989282","1989515","23","68821289"
"chr6","70880510","70880654","KN295962v1","2106431","2106583","34","68774079"
"chr6","71057109","71057237","KN294536v1","420664","420795","31","70636445"
"chr6","71525617","71525893","KN294387v1","1301474","1301745","24","70224143"
"chr6","72104908","72105225","KN294175v1","174441","174747","90","71930467"
"chr6","72383492","72383766","KN295744v1","405367","405638","52","71978125"
"chr6","72479730","72479813","KN294387v1","367739","367829","10","72111991"
"chr6","72656958","72657259","KN295962v1","1736808","1737104","82","70920150"
"chr6","72698643","72698958","KN296157v1","1138570","1138881","75","71560073"
"chr6","72729879","72730200","KN294954v1","70243","70554","79","72659636"
"chr6","72807519","72807779","KN294458v1","21581","21829","68","72785938"
"chr6","72867656","72867926","KN297320v1","1159820","1160088","67","71707836"
"chr6","72984926","72985194","KN294677v1","45530","45799","71","72939396"
"chr6","73001872","73002157","KN295045v1","602412","602688","72","72399460"
"chr6","73249179","73249293","KN294410v1","486228","486353","31","72762951"
"chr6","73291493","73291624","KN296921v1","467859","467990","9","72823634"
"chr6","73351134","73351286","KN294407v1","109423","109582","39","73241711"
"chr6","73382678","73382819","KN294172v1","5400991","5401118","36","67981687"
"chr6","73433264","73433484","KN297317v1","77457","77669","66","73355807"
"chr6","73433786","73433900","KN294199v1","969997","970115","32","72463789"
"chr6","73436133","73436214","KN295236v1","1305949","1306032","27","72130184"
"chr6","73535122","73535256","KN296921v1","711515","711651","11","72823607"
"chr6","73536291","73536480","KN296921v1","712674","712855","19","72823617"
"chr6","73610963","73611254","KN296921v1","785494","785770","23","72825469"
"chr6","73631198","73631287","KN296513v1","2370825","2370911","21","71260373"
"chr6","73646664","73646974","KN296378v1","480415","480726","66","73166249"
"chr6","73684696","73684911","KN295637v1","454781","454974","63","73229915"
"chr6","73759326","73759473","KN294634v1","146466","146607","37","73612860"
"chr6","74212298","74212610","KN296921v1","1379776","1380080","35","72832522"
"chr6","74818719","74818985","KN296311v1","2300216","2300485","69","72518503"
"chr6","75277620","75277935","KN297058v1","194613","194917","74","75083007"
"chr6","75453529","75453802","KN296921v1","2556540","2556812","17","72896989"
"chr6","75567656","75567766","KN295090v1","1036855","1036964","35","74530801"
"chr6","75590488","75590805","KN296921v1","2696133","2696444","18","72894355"
"chr6","75627485","75627607","KN295036v1","281435","281566","31","75346050"
"chr6","75699902","75700210","KN297184v1","1114866","1115167","64","74585036"
"chr6","75708436","75708605","KN294991v1","973655","973815","43","74734781"
"chr6","75727278","75727535","KN296921v1","2833134","2833394","13","72894144"
"chr6","75746732","75747028","KN294548v1","1203959","1204261","63","74542773"
"chr6","75812004","75812293","KN296549v1","23938","24206","75","75788066"
"chr6","76005825","76006124","KN294421v1","9377","9683","75","75996448"
"chr6","76933367","76933624","KN294498v1","358191","358477","50","76575176"
"chr6","77296802","77297082","KN294210v1","473112","473404","72","76823690"
"chr6","77385566","77385860","KN296095v1","85970","86273","24","77299596"
"chr6","77582574","77582879","KN297442v1","1676499","1676799","67","75906075"
"chr6","78043624","78043934","KN294520v1","992368","992662","85","77051256"
"chr6","78426350","78426628","KN296948v1","762193","762479","62","77664157"
"chr6","78792638","78792785","KN296149v1","7172","7335","23","78785466"
"chr6","78882975","78883258","KN296515v1","82452","82715","47","78800523"
"chr6","78896983","78897278","KN294630v1","61228","61540","70","78835755"
"chr6","78908354","78908640","KN296515v1","108704","108986","30","78799650"
"chr6","79115653","79115730","KN295996v1","133273","133341","21","78982380"
"chr6","79228731","79228858","KN295533v1","2843283","2843406","21","76385448"
"chr6","79620929","79621062","KN294199v1","281436","281574","21","79339493"
"chr6","79760643","79760944","KN296884v1","1045097","1045394","59","78715546"
"chr6","79843651","79843874","KN295367v1","57712","57939","22","79785939"
"chr6","79846828","79847121","KN296948v1","762193","762479","67","79084635"
"chr6","79949807","79950067","KN296921v1","2833134","2833394","76","77116673"
"chr6","81768641","81768794","KN294991v1","973655","973815","34","80794986"
"chr6","81866983","81867285","KN296759v1","210528","210836","79","81656455"
"chr6","81877474","81877760","KN294210v1","473112","473404","68","81404362"
"chr6","82583026","82583330","KN297180v1","110970","111263","78","82472056"
"chr6","83026693","83026933","KN295441v1","1486178","1486397","66","81540515"
"chr6","83077387","83077688","KN295977v1","399743","400033","67","82677644"
"chr6","83143137","83143315","KN294372v1","59449","59630","49","83083688"
"chr6","83401181","83401338","KN295368v1","1470735","1470895","39","81930446"
"chr6","83434712","83435018","KN294210v1","473112","473404","65","82961600"
"chr6","83473428","83473599","KN294991v1","973655","973815","42","82499773"
"chr6","83476741","83476924","KN294172v1","6014062","6014229","64","77462679"
"chr6","83493039","83493312","KN296311v1","2391994","2392268","72","81101045"
"chr6","83566998","83567227","KN297190v1","5951555","5951790","69","77615443"
"chr6","83659418","83659727","KN296507v1","738522","738814","67","82920896"
"chr6","83675909","83676128","KN295441v1","1486178","1486397","65","82189731"
"chr6","83749472","83749755","KN294294v1","145451","145740","84","83604021"
"chr6","83805592","83805864","KN296036v1","2072069","2072345","80","81733523"
"chr6","83954714","83955043","KN295666v1","1429360","1429652","101","82525354"
"chr6","84533776","84534014","KN296404v1","2381217","2381439","68","82152559"
"chr6","84923719","84923929","KN295941v1","308967","309170","65","84614752"
"chr6","85180691","85180974","KN296508v1","1973232","1973505","66","83207459"
"chr6","85374622","85374927","KN295666v1","767425","767733","76","84607197"
"chr6","85519351","85519588","KN296311v1","2581889","2582135","66","82937462"
"chr6","85519900","85519957","KN296801v1","19076","19132","17","85500824"
"chr6","85521234","85521458","KN296991v1","1155715","1155935","54","84365519"
"chr6","85621336","85621635","KN296119v1","351634","351939","83","85269702"
"chr6","85632660","85632940","KN295586v1","701437","701726","64","84931223"
"chr6","85718690","85718943","KN296108v1","954277","954539","69","84764413"
"chr6","85736490","85736800","KN296502v1","1354687","1354995","68","84381803"
"chr6","85939132","85939430","KN295099v1","55159","55457","70","85883973"
"chr6","86035986","86036243","KN294873v1","82870","83122","76","85953116"
"chr6","86547692","86547926","KN294991v1","925370","925604","72","85622322"
"chr6","87050913","87051208","KN294172v1","1404856","1405150","59","85646057"
"chr6","87175348","87175638","KN295352v1","729753","730045","65","86445595"
"chr6","87338927","87339067","KN294499v1","1971701","1971834","42","85367226"
"chr6","87419829","87420097","KN294552v1","1295874","1296134","62","86123955"
"chr6","87435661","87435965","KN297180v1","314236","314539","61","87121425"
"chr6","87538615","87538749","KN296588v1","231105","231237","25","87307510"
"chr6","87541181","87541475","KN296108v1","736647","736943","67","86804534"
"chr6","87548934","87549072","KN297038v1","232896","233031","31","87316038"
"chr6","87549403","87549565","KN295633v1","552946","553113","42","86996457"
"chr6","87588366","87588673","KN297180v1","314236","314539","67","87274130"
"chr6","87605171","87605292","KN295586v1","644606","644724","25","86960565"
"chr6","87655195","87655353","KN295326v1","444837","444999","37","87210358"
"chr6","87655643","87655801","KN294991v1","1326516","1326671","42","86329127"
"chr6","87705957","87706248","KN294984v1","94202","94491","62","87611755"
"chr6","87721395","87721685","KN295068v1","49131","49419","69","87672264"
"chr6","87733092","87733417","KN297242v1","1213658","1213969","80","86519434"
"chr6","87802083","87802392","KN297112v1","1848867","1849178","72","85953216"
"chr6","87813239","87813300","KN294705v1","1655508","1655564","23","86157731"
"chr6","87944338","87944497","KN296000v1","901795","901947","35","87042543"
"chr6","88224915","88225029","KN294172v1","5235612","5235723","24","82989303"
"chr6","88285501","88285704","KN295962v1","1940591","1940792","46","86344910"
"chr6","88401982","88402141","KN295328v1","65769","65929","5","88336213"
"chr6","88413816","88413977","KN295077v1","278844","279006","40","88134972"
"chr6","88683738","88684042","KN296322v1","1648835","1649139","62","87034903"
"chr6","88933485","88933622","KN297180v1","2065065","2065204","35","86868420"
"chr6","88934025","88934335","KN296864v1","1939832","1940132","76","86994193"
"chr6","88990466","88990632","KN295705v1","2338948","2339110","35","86651518"
"chr6","89001186","89001454","KN295633v1","1501780","1502052","75","87499406"
"chr6","89049477","89049607","KN295441v1","789788","789916","25","88259689"
"chr6","89059249","89059399","KN296498v1","176729","176872","40","88882520"
"chr6","89097525","89097653","KN296093v1","103205","103337","23","88994320"
"chr6","89124212","89124299","KN296869v1","143289","143372","29","88980923"
"chr6","89139091","89139373","KN294235v1","447510","447794","78","88691581"
"chr6","89325773","89326052","KN295667v1","1108671","1108966","74","88217102"
"chr6","89339144","89339447","KN295814v1","1099950","1100250","68","88239194"
"chr6","89366246","89366544","KN297180v1","314236","314539","71","89052010"
"chr6","89382301","89382590","KN295073v1","1014806","1015109","80","88367495"
"chr6","89426817","89427092","KN296682v1","3030020","3030302","69","86396797"
"chr6","89462859","89463166","KN296701v1","487773","488077","76","88975086"
"chr6","89486638","89486756","KN296153v1","3603162","3603273","28","85883476"
"chr6","89527801","89528112","KN294809v1","517534","517844","69","89010267"
"chr6","89735371","89735537","KN294911v1","4985405","4985572","40","84749966"
"chr6","89763933","89764206","KN296594v1","1024836","1025112","63","88739097"
"chr6","89786311","89786620","KN296836v1","941548","941848","71","88844763"
"chr6","89795403","89795592","KN297190v1","98686","98881","55","89696717"
"chr6","89823413","89823550","KN296934v1","609106","609251","37","89214307"
"chr6","89823870","89824010","KN294470v1","2235421","2235555","29","87588449"
"chr6","89827315","89827460","KN294172v1","6437551","6437696","36","83389764"
"chr6","89841516","89841806","KN294571v1","2055636","2055896","75","87785880"
"chr6","89846674","89846975","KN296322v1","1648835","1649139","69","88197839"
"chr6","89855579","89855880","KN295586v1","5310987","5311300","66","84544592"
"chr6","89871455","89871587","KN296495v1","1296063","1296199","32","88575392"
"chr6","89914260","89914534","KN296210v1","854739","855029","83","89059521"
"chr6","90013836","90014083","KN295814v1","1510713","1510950","52","88503123"
"chr6","90014773","90015081","KN295936v1","78605","78913","68","89936168"
"chr6","90273079","90273365","KN296964v1","1814390","1814681","61","88458689"
"chr6","90415589","90415753","KN295701v1","661695","661868","36","89753894"
"chr6","90455505","90455807","KN296322v1","426249","426560","68","90029256"
"chr6","90525932","90526142","KN295907v1","534057","534274","50","89991875"
"chr6","90641263","90641505","KN297190v1","5951555","5951790","63","84689708"
"chr6","91451857","91452160","KN294294v1","145451","145740","76","91306406"
"chr6","92516605","92516860","KN294970v1","513843","514102","25","92002762"
"chr6","92712067","92712356","KN294326v1","411424","411715","81","92300643"
"chr6","92741458","92741544","KN295406v1","576347","576444","21","92165111"
"chr6","93002059","93002177","KN294970v1","979848","979962","16","92022211"
"chr6","93002203","93002361","KN294970v1","979993","980138","23","92022210"
"chr6","93226631","93226782","KN296142v1","213909","214054","30","93012722"
"chr6","93400531","93400832","KN296507v1","738522","738814","68","92662009"
"chr6","93491896","93492178","KN295893v1","1879651","1879923","78","91612245"
"chr6","93503118","93503428","KN294452v1","1374937","1375240","74","92128181"
"chr6","93515120","93515411","KN296495v1","1076274","1076557","64","92438846"
"chr6","94057883","94058164","KN295705v1","823070","823354","81","93234813"
"chr6","94189017","94189233","KN295601v1","226890","227110","67","93962127"
"chr6","94189272","94189360","KN294501v1","2520808","2520892","26","91668464"
"chr6","95790949","95791233","KN294693v1","1341996","1342279","70","94448953"
"chr6","95977380","95977635","KN294747v1","867897","868151","77","95109483"
"chr6","96092777","96093067","KN296609v1","2001084","2001364","70","94091693"
"chr6","96217657","96217803","KN296573v1","15418","15557","39","96202239"
"chr6","96253694","96253962","KN294260v1","1091595","1091881","75","95162099"
"chr6","96765798","96766106","KN295480v1","1274084","1274387","67","95491714"
"chr6","97138257","97138559","KN297184v1","1114866","1115167","69","96023391"
"chr6","97152835","97153141","KN294452v1","1374937","1375240","59","95777898"
"chr6","97239631","97239935","KN294650v1","1198350","1198641","80","96041281"
"chr6","97261813","97261912","KN297452v1","78148","78242","23","97183665"
"chr6","97290180","97290424","KN297197v1","2183815","2184043","70","95106365"
"chr6","97434288","97434573","KN296948v1","762193","762479","51","96672095"
"chr6","97623197","97623475","KN295984v1","150673","150962","69","97472524"
"chr6","97908675","97908955","KN295658v1","264777","265041","35","97643898"
"chr6","98294176","98294465","KN295506v1","118725","119024","35","98175451"
"chr6","98312152","98312450","KN295506v1","141052","141345","29","98171100"
"chr6","98739757","98740036","KN296508v1","1973232","1973505","71","96766525"
"chr6","99104804","99105014","KN296743v1","1848381","1848599","61","97256423"
"chr6","99289370","99289649","KN296205v1","517385","517664","14","98771985"
"chr6","99346980","99347112","KN296205v1","574450","574582","11","98772530"
"chr6","99363213","99363353","KN296311v1","2361921","2362066","35","97001292"
"chr6","99363949","99364095","KN296263v1","302894","303046","40","99061055"
"chr6","99373153","99373447","KN296205v1","601732","602028","20","98771421"
"chr6","99484162","99484481","KN296205v1","709921","710226","33","98774241"
"chr6","99539052","99539319","KN296205v1","765577","765832","28","98773475"
"chr6","99582509","99582668","KN294790v1","2275744","2275904","32","97306765"
"chr6","99989157","99989265","KN296885v1","2707478","2707589","28","97281679"
"chr6","100270768","100271076","KN294452v1","1374937","1375240","73","98895831"
"chr6","100604455","100604741","KN296588v1","2231711","2232014","82","98372744"
"chr6","100842689","100843006","KN295102v1","38793","39103","70","100803896"
"chr6","101310739","101311050","KN296322v1","1648835","1649139","66","99661904"
"chr6","101986858","101987179","KN294239v1","243029","243336","79","101743829"
"chr6","102213971","102214224","KN297028v1","425573","425814","81","101788398"
"chr6","102309637","102309863","KN294299v1","98143","98368","22","102211494"
"chr6","102556931","102557009","KN296323v1","1797560","1797634","22","100759371"
"chr6","102557061","102557161","KN296536v1","82119","82222","27","102474942"
"chr6","102565540","102565709","KN297319v1","373164","373327","42","102192376"
"chr6","102589163","102589314","KN297171v1","1235221","1235375","38","101353942"
"chr6","102802178","102802343","KN295215v1","279141","279307","11","102523037"
"chr6","103305069","103305394","KN294833v1","465915","466237","26","102839154"
"chr6","104479159","104479344","KN297259v1","978533","978700","47","103500626"
"chr6","104568934","104569215","KN295667v1","935881","936160","67","103633053"
"chr6","104578403","104578682","KN295962v1","1544167","1544458","62","103034236"
"chr6","104588125","104588378","KN297219v1","1689275","1689526","73","102898850"
"chr6","104649332","104649622","KN294199v1","1022551","1022840","59","103626781"
"chr6","104677250","104677543","KN296910v1","8201","8498","74","104669049"
"chr6","104812209","104812460","KN297046v1","2130311","2130564","70","102681898"
"chr6","104813208","104813363","KN297245v1","2459373","2459526","38","102353835"
"chr6","104821942","104822086","KN296153v1","2295134","2295268","39","102526808"
"chr6","104822404","104822571","KN296877v1","151376","151537","33","104671028"
"chr6","104833570","104833705","KN294506v1","236315","236445","31","104597255"
"chr6","104833995","104834160","KN296682v1","2840746","2840909","40","101993249"
"chr6","104876124","104876442","KN296505v1","323963","324278","76","104552161"
"chr6","104977031","104977157","KN297229v1","352299","352425","34","104624732"
"chr6","104982794","104983077","KN295571v1","291739","292022","73","104691055"
"chr6","105017991","105018306","KN297058v1","194613","194917","73","104823378"
"chr6","105084757","105084886","KN295573v1","159110","159244","29","104925647"
"chr6","105303169","105303351","KN294205v1","957443","957638","51","104345726"
"chr6","105315151","105315469","KN295936v1","78605","78913","80","105236546"
"chr6","105316960","105317256","KN294583v1","35294","35606","75","105281666"
"chr6","105535961","105536264","KN295633v1","778185","778486","63","104757776"
"chr6","105557423","105557713","KN295294v1","1101026","1101317","68","104456397"
"chr6","106030163","106030472","KN295667v1","1567361","1567664","73","104462802"
"chr6","106033150","106033451","KN296833v1","198739","199022","72","105834411"
"chr6","106277953","106278242","KN296430v1","725785","726075","64","105552168"
"chr6","106323290","106323538","KN295368v1","2443516","2443764","77","103879774"
"chr6","106334712","106335006","KN296507v1","738522","738814","65","105596190"
"chr6","106462872","106463165","KN294416v1","605214","605509","61","105857658"
"chr6","106585192","106585314","KN296322v1","997745","997870","21","105587447"
"chr6","106602633","106602702","KN296200v1","304987","305055","14","106297646"
"chr6","106723553","106723665","KN296225v1","229061","229185","31","106494492"
"chr6","106921152","106921282","KN297259v1","488356","488488","27","106432796"
"chr6","107006659","107006911","KN297197v1","1048614","1048879","69","105958045"
"chr6","107094676","107094818","KN294548v1","869656","869782","46","106225020"
"chr6","107095123","107095198","KN296263v1","302499","302571","29","106792624"
"chr6","107099873","107100168","KN295099v1","55159","55457","74","107044714"
"chr6","107147647","107147833","KN297274v1","1690638","1690818","44","105457009"
"chr6","107212724","107213004","KN295830v1","50630","50887","43","107162094"
"chr6","107240127","107240399","KN295830v1","82593","82836","49","107157534"
"chr6","107242555","107242826","KN295830v1","84668","84944","27","107157887"
"chr6","107257257","107257537","KN295315v1","11474","11758","61","107245783"
"chr6","107282399","107282583","KN295830v1","127693","127875","17","107154706"
"chr6","107282892","107283021","KN295830v1","128186","128313","8","107154706"
"chr6","107583530","107583746","KN296119v1","805789","806002","44","106777741"
"chr6","107614123","107614335","KN296847v1","410946","411169","49","107203177"
"chr6","107682117","107682355","KN296303v1","798953","799193","65","106883164"
"chr6","107844418","107844646","KN296292v1","252556","252774","57","107591862"
"chr6","107844780","107844903","KN294172v1","6039824","6039947","24","101804956"
"chr6","108135928","108136073","KN295441v1","789788","789916","39","107346140"
"chr6","108137679","108137844","KN295326v1","444837","444999","44","107692842"
"chr6","108138154","108138280","KN296311v1","4815038","4815168","26","103323116"
"chr6","108144167","108144322","KN296732v1","3303486","3303632","31","104840681"
"chr6","108219325","108219608","KN296508v1","1973232","1973505","61","106246093"
"chr6","108315581","108315734","KN295721v1","382777","382938","39","107932804"
"chr6","108326079","108326370","KN296303v1","805215","805501","67","107520864"
"chr6","108357094","108357380","KN295708v1","2860090","2860376","68","105497004"
"chr6","108371295","108371444","KN295936v1","2460176","2460325","31","105911119"
"chr6","108371767","108372057","KN296063v1","1266743","1267029","66","107105024"
"chr6","108510799","108511119","KN295406v1","486578","486886","75","108024221"
"chr6","108547951","108548081","KN296643v1","191078","191208","21","108356873"
"chr6","108791261","108791563","KN296852v1","696285","696587","75","108094976"
"chr6","108906476","108906784","KN296649v1","474335","474640","64","108432141"
"chr6","108962723","108963030","KN295893v1","7236264","7236572","65","101726459"
"chr6","108993942","108994170","KN294235v1","570733","570958","49","108423209"
"chr6","109069548","109069857","KN297259v1","1570980","1571280","72","107498568"
"chr6","109102203","109102358","KN297000v1","418665","418822","37","108683538"
"chr6","109153232","109153545","KN294964v1","1274971","1275281","73","107878261"
"chr6","109320365","109320667","KN294169v1","205462","205769","71","109114903"
"chr6","109327957","109328187","KN296828v1","160118","160328","36","109167839"
"chr6","109352632","109352729","KN296828v1","138029","138111","18","109214603"
"chr6","109416886","109417195","KN296828v1","67825","68122","32","109349061"
"chr6","109434275","109434406","KN295706v1","131306","131439","21","109302969"
"chr6","109504073","109504381","KN294214v1","205693","205998","69","109298380"
"chr6","109565197","109565485","KN296001v1","79566","79857","16","109485631"
"chr6","109914951","109915252","KN296000v1","64609","64910","28","109850342"
"chr6","110223083","110223319","KN294978v1","3775328","3775560","60","106447755"
"chr6","110226779","110227020","KN296608v1","381289","381528","64","109845490"
"chr6","110265826","110265839","KN296270v1","59476","59487","2","110206350"
"chr6","110265903","110266203","KN297112v1","2231098","2231393","66","108034805"
"chr6","110332626","110332923","KN294578v1","639003","639297","64","109693623"
"chr6","110436344","110436625","KN296000v1","582186","582465","19","109854158"
"chr6","110669499","110669654","KN296000v1","824699","824853","7","109844800"
"chr6","110713496","110713615","KN296000v1","870715","870835","8","109842781"
"chr6","110739637","110739796","KN296000v1","898022","898186","10","109841615"
"chr6","110739823","110739934","KN296000v1","898215","898327","7","109841608"
"chr6","110744390","110744554","KN296000v1","901795","901947","19","109842595"
"chr6","110788149","110788457","KN296000v1","951524","951844","34","109836625"
"chr6","110938114","110938420","KN295667v1","1567361","1567664","74","109370753"
"chr6","110994303","110994622","KN296000v1","1172500","1172787","49","109821803"
"chr6","111034665","111034937","KN294571v1","2055636","2055896","70","108979029"
"chr6","111076308","111076582","KN295531v1","58152","58425","21","111018156"
"chr6","111096802","111097121","KN295102v1","38793","39103","77","111058009"
"chr6","111208920","111209209","KN296865v1","583441","583726","74","110625479"
"chr6","111249190","111249324","KN294583v1","189119","189254","25","111060071"
"chr6","111274020","111274140","KN294978v1","3847610","3847736","21","107426410"
"chr6","111314850","111315137","KN296507v1","738522","738814","66","110576328"
"chr6","111391792","111392001","KN297317v1","77457","77669","55","111314335"
"chr6","111407009","111407122","KN297313v1","656045","656156","25","110750964"
"chr6","111508420","111508740","KN297452v1","409666","409984","76","111098754"
"chr6","111648837","111648917","KN296831v1","369261","369345","6","111279576"
"chr6","111648959","111649120","KN296831v1","369057","369223","20","111279902"
"chr6","111853633","111853871","KN295346v1","1243459","1243703","66","110610174"
"chr6","112900340","112900620","KN294900v1","487611","487885","29","112412729"
"chr6","113386835","113387105","KN294900v1","20114","20393","27","113366721"
"chr6","113623728","113624010","KN294325v1","979659","979928","81","112644069"
"chr6","113739326","113739621","KN295117v1","112788","113084","58","113626538"
"chr6","113744038","113744167","KN295171v1","521788","521918","36","113222250"
"chr6","113759928","113760232","KN295474v1","842239","842543","83","112917689"
"chr6","113770624","113770907","KN294453v1","24436","24724","71","113746188"
"chr6","113826784","113827081","KN294634v1","387267","387565","65","113439517"
"chr6","113890243","113890539","KN296496v1","1004163","1004455","68","112886080"
"chr6","113909803","113910091","KN294372v1","962653","962931","70","112947150"
"chr6","113944528","113944793","KN297375v1","58397","58674","67","113886131"
"chr6","113945062","113945198","KN294235v1","972159","972293","27","112972903"
"chr6","114103232","114103348","KN294410v1","486228","486353","31","113617004"
"chr6","114257723","114258057","KN297066v1","48943","49249","81","114208780"
"chr6","114345671","114345967","KN295607v1","58401","58690","69","114287270"
"chr6","114976943","114977071","KN295526v1","145592","145725","26","114831351"
"chr6","115303222","115303387","KN294711v1","1194000","1194162","42","114109222"
"chr6","115303693","115303818","KN296635v1","1913447","1913566","26","113390246"
"chr6","115333909","115334218","KN296322v1","1648835","1649139","72","113685074"
"chr6","116198448","116198732","KN294800v1","153328","153613","16","116045120"
"chr6","116766148","116766439","KN296557v1","1088889","1089182","72","115677259"
"chr6","116934266","116934395","KN296538v1","514898","515032","27","116419368"
"chr6","117406004","117406144","KN296145v1","649092","649233","33","116756912"
"chr6","117539484","117539768","KN295267v1","660170","660452","64","116879314"
"chr6","117543397","117543655","KN294539v1","1506592","1506858","73","116036805"
"chr6","117885903","117886213","KN295406v1","486578","486886","64","117399325"
"chr6","117969486","117969726","KN295267v1","81052","81310","67","117888434"
"chr6","118006335","118006651","KN297028v1","917007","917315","71","117089328"
"chr6","118038637","118038899","KN296467v1","110003","110248","70","117928634"
"chr6","118269780","118270034","KN296991v1","837983","838230","56","117431797"
"chr6","118365864","118366168","KN294452v1","1374937","1375240","69","116990927"
"chr6","118684300","118684535","KN295350v1","333402","333635","72","118350898"
"chr6","118787345","118787634","KN297390v1","84191","84473","61","118703154"
"chr6","118802176","118802441","KN297442v1","1543742","1544012","70","117258434"
"chr6","118813897","118814058","KN294407v1","109423","109582","35","118704474"
"chr6","118832069","118832362","KN295984v1","150673","150962","61","118681396"
"chr6","118877881","118878188","KN296588v1","282556","282869","63","118595325"
"chr6","119044347","119044604","KN297046v1","2130311","2130564","71","116914036"
"chr6","119089052","119089159","KN294172v1","5569913","5570012","35","113519139"
"chr6","119089464","119089602","KN294420v1","702665","702798","27","118386799"
"chr6","119120852","119121109","KN296750v1","483092","483341","72","118637760"
"chr6","119184889","119185186","KN297121v1","13510","13818","36","119171379"
"chr6","119194352","119194623","KN297121v1","28304","28576","15","119166048"
"chr6","119357896","119358169","KN297121v1","187034","187317","26","119170862"
"chr6","121003671","121003964","KN294396v1","224755","225042","60","120778916"
"chr6","121458167","121458310","KN294346v1","260578","260726","45","121197589"
"chr6","121458343","121458459","KN294499v1","518311","518429","28","120940032"
"chr6","121584251","121584555","KN294452v1","1374937","1375240","64","120209314"
"chr6","121601985","121602113","KN294193v1","128685","128814","27","121473300"
"chr6","121665898","121666031","KN296138v1","11819","11953","21","121654079"
"chr6","121667720","121667849","KN297366v1","2861571","2861699","7","118806149"
"chr6","121850522","121850831","KN296322v1","1648835","1649139","65","120201687"
"chr6","121889908","121890228","KN294207v1","141842","142144","88","121748066"
"chr6","122269188","122269460","KN297366v1","2190575","2190840","22","120078613"
"chr6","122278163","122278476","KN297180v1","314236","314539","80","121963927"
"chr6","122356313","122356594","KN296948v1","762193","762479","59","121594120"
"chr6","122704802","122705064","KN295260v1","797630","797901","85","121907172"
"chr6","123893213","123893506","KN297366v1","575921","576211","26","123317292"
"chr6","125132142","125132373","KN297245v1","2387953","2388175","57","122744189"
"chr6","125311544","125311672","KN294239v1","1798427","1798556","22","123513117"
"chr6","125324424","125324708","KN294873v1","1303218","1303511","65","124021206"
"chr6","125825057","125825335","KN296783v1","71514","71792","75","125753543"
"chr6","126024402","126024528","KN294192v1","278807","278924","17","125745595"
"chr6","126050429","126050711","KN294192v1","253871","254153","21","125796558"
"chr6","127276037","127276142","KN295090v1","1300933","1301036","29","125975104"
"chr6","127491670","127491902","KN294879v1","1183051","1183277","59","126308619"
"chr6","127760510","127760804","KN294809v1","367064","367370","36","127393446"
"chr6","128062683","128062977","KN295037v1","971648","971949","83","127091035"
"chr6","128109924","128110223","KN294809v1","729994","730320","52","127379930"
"chr6","128506470","128506682","KN295666v1","152100","152313","55","128354370"
"chr6","128656728","128656802","KN296864v1","203949","204018","18","128452779"
"chr6","129024795","129024970","KN296738v1","200423","200579","49","128824372"
"chr6","129041721","129042015","KN294809v1","1657963","1658263","41","127383758"
"chr6","129428148","129428450","KN296495v1","1722244","1722543","71","127705904"
"chr6","129499722","129500000","KN295346v1","1243459","1243703","94","128256263"
"chr6","129593180","129593474","KN297386v1","254754","255042","64","129338426"
"chr6","129642296","129642593","KN294873v1","359478","359763","77","129282818"
"chr6","129753016","129753351","KN295573v1","1390691","1391001","90","128362325"
"chr6","129835116","129835419","KN295352v1","729753","730045","69","129105363"
"chr6","130010479","130010726","KN294613v1","331392","331636","55","129679087"
"chr6","130116495","130116764","KN296732v1","1586626","1586892","70","128529869"
"chr6","130384349","130384611","KN296036v1","2336843","2337101","68","128047506"
"chr6","130837205","130837493","KN294726v1","206754","207043","80","130630451"
"chr6","130845382","130845680","KN295099v1","55159","55457","59","130790223"
"chr6","131155020","131155313","KN294429v1","91075","91362","68","131063945"
"chr6","131247623","131247929","KN294199v1","1022551","1022840","65","130225072"
"chr6","131356569","131356858","KN295171v1","12625","12912","62","131343944"
"chr6","131452354","131452659","KN295352v1","729753","730045","68","130722601"
"chr6","131599744","131599907","KN294407v1","109423","109582","40","131490321"
"chr6","131847560","131847718","KN295705v1","2338948","2339110","34","129508612"
"chr6","131850576","131850825","KN297215v1","607492","607739","59","131243084"
"chr6","131884489","131884795","KN296322v1","1648835","1649139","70","130235654"
"chr6","131929127","131929258","KN294172v1","6272486","6272617","23","125656641"
"chr6","132196487","132196613","KN294172v1","6272486","6272617","27","125924001"
"chr6","132233316","132233554","KN296187v1","1626292","1626532","79","130607024"
"chr6","132754892","132755183","KN296538v1","333498","333794","62","132421394"
"chr6","133534352","133534506","KN295114v1","20274","20431","31","133514078"
"chr6","133543928","133544197","KN295531v1","58152","58425","62","133485776"
"chr6","133598047","133598337","KN294210v1","473112","473404","67","133124935"
"chr6","133696895","133697000","KN294499v1","1744755","1744851","37","131952140"
"chr6","133719229","133719520","KN294539v1","1347688","1347986","78","132371541"
"chr6","133744589","133744871","KN297046v1","1666770","1667044","82","132077819"
"chr6","134012687","134012974","KN296180v1","2417217","2417498","67","131595470"
"chr6","134132470","134132583","KN296577v1","78025","78134","31","134054445"
"chr6","134260072","134260349","KN296577v1","852929","853199","74","133407143"
"chr6","134279022","134279148","KN294548v1","869656","869782","45","133409366"
"chr6","134280445","134280577","KN296138v1","11819","11953","22","134268626"
"chr6","134304609","134304731","KN295967v1","1215770","1215883","35","133088839"
"chr6","134335250","134335381","KN294287v1","316895","317030","24","134018355"
"chr6","134343475","134343603","KN295236v1","3047477","3047602","22","131295998"
"chr6","134425274","134425589","KN297159v1","1311633","1311940","73","133113641"
"chr6","134456893","134456927","KN297190v1","6428256","6428290","13","128028637"
"chr6","134456958","134457074","KN294499v1","518311","518429","25","133938647"
"chr6","134520163","134520472","KN294991v1","1709174","1709474","72","132810989"
"chr6","134636877","134637137","KN294571v1","2055636","2055896","73","132581241"
"chr6","135052315","135052608","KN294375v1","580207","580524","52","134472108"
"chr6","135076153","135076284","KN294588v1","379826","379951","35","134696327"
"chr6","135205789","135205923","KN294407v1","3228566","3228701","26","131977223"
"chr6","135206228","135206407","KN296210v1","326889","327054","40","134879339"
"chr6","136177186","136177316","KN295526v1","145592","145725","24","136031594"
"chr6","136197385","136197680","KN295236v1","3439491","3439763","90","132757894"
"chr6","136308491","136308762","KN295722v1","1369561","1369836","50","134938930"
"chr6","136386824","136387108","KN294848v1","1246098","1246379","63","135140726"
"chr6","136509419","136509550","KN295526v1","145592","145725","23","136363827"
"chr6","136735548","136735848","KN294452v1","1374937","1375240","61","135360611"
"chr6","136869243","136869516","KN294592v1","450560","450839","75","136418683"
"chr6","136938839","136939149","KN296322v1","1648835","1649139","65","135290004"
"chr6","137097988","137098276","KN295352v1","729753","730045","60","136368235"
"chr6","137228602","137228871","KN295195v1","164063","164337","63","137064539"
"chr6","137383169","137383463","KN295090v1","2374852","2375141","64","135008317"
"chr6","137966153","137966448","KN297245v1","2237012","2237311","69","135729141"
"chr6","138179798","138180102","KN295893v1","5129577","5129894","68","133050221"
"chr6","138503949","138504260","KN295633v1","909764","910066","63","137594185"
"chr6","138542753","138543063","KN297046v1","3065440","3065749","72","135477313"
"chr6","138565643","138565762","KN296040v1","871904","872026","24","137693739"
"chr6","138565792","138565969","KN296732v1","3070322","3070492","39","135495470"
"chr6","138733321","138733599","KN297197v1","1048614","1048879","60","137684707"
"chr6","139075022","139075212","KN295774v1","149577","149746","61","138925445"
"chr6","139075504","139075586","KN294279v1","599560","599652","35","138475944"
"chr6","139171626","139171836","KN294964v1","1568714","1568904","69","137602912"
"chr6","139172131","139172263","KN294172v1","3568097","3568221","23","135604034"
"chr6","139317840","139317923","KN297092v1","3480","3567","21","139314360"
"chr6","139419814","139420096","KN295576v1","164716","164996","72","139255098"
"chr6","139639042","139639321","KN296508v1","1973232","1973505","66","137665810"
"chr6","139810581","139810865","KN296557v1","687262","687533","72","139123319"
"chr6","140437093","140437365","KN295576v1","164716","164996","62","140272377"
"chr6","140454530","140454843","KN296864v1","1939832","1940132","94","138514698"
"chr6","140722036","140722310","KN297046v1","1666770","1667044","67","139055266"
"chr6","140939510","140939801","KN295256v1","76372","76644","41","140863138"
"chr6","141161310","141161587","KN295256v1","300948","301236","31","140860362"
"chr6","141560094","141560208","KN295977v1","66091","66210","27","141494003"
"chr6","141560239","141560390","KN294513v1","518116","518264","32","141042123"
"chr6","141565946","141566103","KN294407v1","109423","109582","28","141456523"
"chr6","142373535","142373842","KN296864v1","1939832","1940132","68","140433703"
"chr6","142429773","142430080","KN295406v1","486578","486886","73","141943195"
"chr6","142433775","142434067","KN294260v1","822843","823138","68","141610932"
"chr6","142709826","142709962","KN294964v1","2000421","2000556","23","140709405"
"chr6","142882329","142882626","KN297398v1","103760","104057","62","142778569"
"chr6","142889191","142889485","KN295894v1","2131941","2132242","68","140757250"
"chr6","143071804","143072090","KN296948v1","762193","762479","61","142309611"
"chr6","143104630","143104922","KN294235v1","47425","47725","68","143057205"
"chr6","143182014","143182333","KN294226v1","962853","963163","31","142219161"
"chr6","143473881","143474137","KN294226v1","675534","675784","27","142798347"
"chr6","143481737","143481988","KN294226v1","659652","659904","18","142822085"
"chr6","143497007","143497259","KN294226v1","643186","643438","15","142853821"
"chr6","143534369","143534657","KN294226v1","606030","606332","30","142928339"
"chr6","143631177","143631493","KN297219v1","1839754","1840062","63","141791423"
"chr6","143732880","143733196","KN294452v1","1024655","1024959","77","142708225"
"chr6","143736041","143736149","KN294456v1","1019215","1019322","26","142716826"
"chr6","143780330","143780462","KN294226v1","359251","359383","5","143421079"
"chr6","144004185","144004334","KN295977v1","1244806","1244955","39","142759379"
"chr6","144126609","144126929","KN297190v1","6401851","6402158","77","137724758"
"chr6","144163291","144163429","KN297154v1","582564","582702","25","143580727"
"chr6","144228707","144228836","KN294485v1","27749","27875","14","144200958"
"chr6","144239127","144239416","KN294485v1","37813","38096","32","144201314"
"chr6","144483443","144483746","KN294485v1","290805","291107","25","144192638"
"chr6","144753333","144753639","KN297307v1","271720","272025","30","144481613"
"chr6","144856558","144856863","KN295346v1","1646114","1646406","67","143210444"
"chr6","145845642","145845879","KN296507v1","415379","415594","61","145430263"
"chr6","145934057","145934189","KN294911v1","2310594","2310724","28","143623463"
"chr6","145934512","145934692","KN296109v1","564239","564419","41","145370273"
"chr6","146159811","146159944","KN294372v1","290537","290683","37","145869274"
"chr6","146555087","146555253","KN295114v1","20274","20431","37","146534813"
"chr6","146729439","146729742","KN297112v1","2231098","2231393","72","144498341"
"chr6","147021781","147022027","KN294599v1","878610","878871","28","146143171"
"chr6","147105742","147105878","KN296096v1","3053461","3053592","26","144052281"
"chr6","147321349","147321596","KN294987v1","459255","459513","73","146862094"
"chr6","147872122","147872398","KN295428v1","224334","224605","62","147647788"
"chr6","147877948","147878076","KN294536v1","420664","420795","34","147457284"
"chr6","148157980","148158144","KN297319v1","373164","373327","34","147784816"
"chr6","148254341","148254513","KN296145v1","2931176","2931334","55","145323165"
"chr6","148269289","148269550","KN296714v1","153257","153526","85","148116032"
"chr6","148466579","148466801","KN297431v1","641366","641589","21","147825213"
"chr6","148893874","148894029","KN294569v1","180105","180259","31","148713769"
"chr6","148897485","148897789","KN297058v1","194613","194917","57","148702872"
"chr6","148902542","148902675","KN294630v1","647087","647221","29","148255455"
"chr6","149289247","149289406","KN296000v1","901795","901947","31","148387452"
"chr6","149299732","149300013","KN296495v1","1076274","1076557","75","148223458"
"chr6","149379958","149380239","KN295983v1","1223920","1224199","63","148156038"
"chr6","149491050","149491245","KN297195v1","144850","145034","46","149346200"
"chr6","149528948","149529255","KN296507v1","738522","738814","70","148790426"
"chr6","149600221","149600349","KN296096v1","3053461","3053592","28","146546760"
"chr6","149657504","149657796","KN295099v1","55159","55457","66","149602345"
"chr6","149662681","149662993","KN294239v1","243029","243336","65","149419652"
"chr6","149736985","149737008","KN295352v1","586918","586936","6","149150067"
"chr6","149737302","149737563","KN295722v1","1369561","1369836","77","148367741"
"chr6","149764467","149764755","KN296864v1","1939832","1940132","72","147824635"
"chr6","149769614","149769770","KN294899v1","1194408","1194556","36","148575206"
"chr6","149769797","149769896","KN295705v1","1791772","1791867","29","147978025"
"chr6","149783695","149783994","KN295346v1","1646114","1646406","80","148137581"
"chr6","149804960","149805239","KN295319v1","303201","303480","65","149501759"
"chr6","149854122","149854406","KN295548v1","624737","625039","72","149229385"
"chr6","149985944","149986036","KN295430v1","995039","995130","25","148990905"
"chr6","150122755","150123042","KN295984v1","150673","150962","70","149972082"
"chr6","150199589","150199883","KN295346v1","1646114","1646406","60","148553475"
"chr6","150235084","150235388","KN294991v1","1709174","1709474","64","148525910"
"chr6","150340234","150340508","KN296145v1","3732348","3732587","87","146607886"
"chr6","150340574","150340854","KN295302v1","381457","381740","70","149959117"
"chr6","150376624","150376915","KN296507v1","738522","738814","57","149638102"
"chr6","150432289","150432596","KN294172v1","1404856","1405150","66","149027433"
"chr6","150568591","150568889","KN295352v1","1382929","1383224","69","149185662"
"chr6","150797395","150797535","KN296573v1","15418","15557","29","150781977"
"chr6","150886151","150886463","KN296322v1","1648835","1649139","64","149237316"
"chr6","150947450","150947595","KN296311v1","2361921","2362066","24","148585529"
"chr6","151122520","151122807","KN295480v1","1342408","1342684","68","149780112"
"chr6","151195223","151195440","KN295572v1","371863","372076","54","150823360"
"chr6","151199582","151199873","KN296883v1","2609802","2610089","61","148589780"
"chr6","151280644","151280804","KN296754v1","59195","59361","40","151221449"
"chr6","151281690","151281987","KN296322v1","1648835","1649139","83","149632855"
"chr6","151310977","151311268","KN294728v1","765090","765383","75","150545887"
"chr6","151354677","151354980","KN294207v1","595798","596096","76","150758879"
"chr6","151388544","151388666","KN296322v1","997745","997870","25","150390799"
"chr6","151535740","151536059","KN296101v1","27902","28215","79","151507838"
"chr6","152200411","152200693","KN295586v1","4835747","4836042","65","147364664"
"chr6","152237307","152237614","KN297442v1","1676499","1676799","59","150560808"
"chr6","152249985","152250265","KN296594v1","1062445","1062721","71","151187540"
"chr6","152284463","152284610","KN294991v1","973655","973815","38","151310808"
"chr6","152284638","152284737","KN295983v1","556778","556867","28","151727860"
"chr6","152422498","152422804","KN294452v1","1374937","1375240","70","151047561"
"chr6","152589927","152590099","KN296311v1","2361464","2361632","38","150228463"
"chr6","152590127","152590228","KN295705v1","1791772","1791867","27","150798355"
"chr6","153025032","153025324","KN296864v1","1939832","1940132","63","151085200"
"chr6","154271082","154271370","KN295573v1","1390691","1391001","76","152880391"
"chr6","154280918","154281057","KN294520v1","108989","109124","28","154171929"
"chr6","154281367","154281532","KN295352v1","256766","256946","47","154024601"
"chr6","154300333","154300630","KN297058v1","392670","392966","68","153907663"
"chr6","154322235","154322369","KN296311v1","4657589","4657718","21","149664646"
"chr6","154428535","154428820","KN297028v1","97110","97396","60","154331425"
"chr6","154503346","154503654","KN294410v1","221173","221470","79","154282173"
"chr6","154574343","154574473","KN294172v1","6272486","6272617","25","148301857"
"chr6","154631295","154631605","KN294954v1","70243","70554","67","154561052"
"chr6","154739005","154739291","KN295576v1","164716","164996","70","154574289"
"chr6","155421574","155421794","KN296225v1","209480","209693","60","155212094"
"chr6","156139191","156139255","KN294741v1","76368","76419","25","156062823"
"chr6","156483857","156483985","KN296311v1","4657589","4657718","25","151826268"
"chr6","156484276","156484428","KN294711v1","1194000","1194162","45","155290276"
"chr6","156625436","156625587","KN295936v1","2297006","2297160","39","154328430"
"chr6","156742168","156742312","KN295605v1","687968","688102","33","156054200"
"chr6","156742614","156742732","KN296809v1","61964","62083","33","156680650"
"chr6","156748997","156749305","KN294239v1","243029","243336","73","156505968"
"chr6","156852166","156852475","KN295099v1","55159","55457","76","156797007"
"chr6","156931547","156931680","KN296809v1","750067","750191","36","156181480"
"chr6","156931986","156932145","KN294613v1","471626","471777","46","156460360"
"chr6","157003685","157003857","KN294685v1","23168","23332","44","156980517"
"chr6","157194830","157195036","KN296528v1","1417954","1418126","69","155776876"
"chr6","157757955","157758199","KN295814v1","1556767","1557008","63","156201188"
"chr6","157970382","157970680","KN295430v1","2009073","2009373","53","155961309"
"chr6","157976041","157976340","KN296964v1","1814390","1814681","60","156161651"
"chr6","158092360","158092493","KN296311v1","4815038","4815168","23","153277322"
"chr6","158110112","158110409","KN296176v1","575892","576195","79","157534220"
"chr6","158222950","158223239","KN295294v1","1101026","1101317","68","157121924"
"chr6","158231046","158231238","KN294964v1","1050991","1051179","48","157180055"
"chr6","158354611","158354903","KN295205v1","1462650","1462956","66","156891961"
"chr6","158473839","158474120","KN294407v1","2416377","2416656","45","156057462"
"chr6","158873320","158873637","KN297452v1","409666","409984","70","158463654"
"chr6","159432560","159432688","KN295294v1","363845","363973","20","159068715"
"chr6","159522448","159522582","KN294536v1","348653","348787","24","159173795"
"chr6","159554336","159554626","KN294210v1","473112","473404","57","159081224"
"chr6","159723771","159724048","KN296319v1","779352","779644","27","158944419"
"chr6","159764458","159764657","KN294703v1","325831","325997","56","159438627"
"chr6","160051676","160051965","KN295352v1","729753","730045","74","159321923"
"chr6","160263701","160263831","KN294187v1","133756","133890","25","160129945"
"chr6","160354589","160354794","KN296759v1","46176","46365","76","160308413"
"chr6","160934758","160935068","KN297047v1","4547811","4548112","26","156386947"
"chr6","161143081","161143384","KN296864v1","1939832","1940132","66","159203249"
"chr6","161703071","161703327","KN297047v1","3775414","3775650","31","157927657"
"chr6","161719715","161719931","KN297047v1","3756205","3756418","21","157963510"
"chr6","161892152","161892418","KN295633v1","866010","866281","80","161026142"
"chr6","162029854","162030139","KN297047v1","3453782","3454066","25","158576072"
"chr6","162528685","162528797","KN297047v1","2937148","2937264","11","159591537"
"chr6","164125989","164126181","KN296767v1","53224","53425","58","164072765"
"chr6","164471144","164471429","KN295633v1","1993894","1994175","79","162477250"
"chr6","164985614","164985909","KN297047v1","481705","482002","28","164503909"
"chr6","165438675","165438974","KN294991v1","1709174","1709474","65","163729501"
"chr6","165923913","165924022","KN296836v1","476233","476342","5","165447680"
"chr6","165957198","165957500","KN296836v1","513938","514241","21","165443260"
"chr6","166379212","166379505","KN296836v1","941548","941848","21","165437664"
"chr6","166433764","166434058","KN296836v1","993587","993901","44","165440177"
"chr6","166841000","166841279","KN295984v1","1363908","1364207","74","165477092"
"chr6","167160664","167160821","KN295343v1","579461","579613","35","166581203"
"chr6","167545683","167545849","KN296732v1","3522095","3522260","60","164023588"
"chr6","167676670","167676961","KN296502v1","1280490","1280768","66","166396180"
"chr6","167682626","167682776","KN296187v1","1018477","1018630","39","166664149"
"chr6","167773516","167773803","KN297058v1","194613","194917","64","167578903"
"chr6","167926441","167926703","KN296731v1","1090257","1090517","67","166836184"
"chr6","169594895","169595175","KN295319v1","303201","303480","74","169291694"
"chr6","170515979","170516313","KN295523v1","1292612","1292918","98","169223367"
"chr6","170711499","170711764","KN294571v1","2055636","2055896","68","168655863"
"chr7","32112454","32112759","KN296759v1","210528","210836","76","31901926"
"chr7","54656833","54657113","KN296948v1","762193","762479","61","53894640"
"chr7","267752","267912","KN296096v1","315724","315887","14","47972"
"chr7","363418","363547","KN296096v1","413553","413682","19","50135"
"chr7","473867","474167","KN296096v1","522640","522935","45","48773"
"chr7","545934","546222","KN295068v1","49131","49419","55","496803"
"chr7","633482","633647","KN296096v1","680679","680846","13","47197"
"chr7","698123","698260","KN296096v1","743881","744017","16","45758"
"chr7","846593","846716","KN294172v1","3568097","3568221","20","2721504"
"chr7","930396","930541","KN294172v1","6435271","6435419","28","5504875"
"chr7","930828","931008","KN294571v1","2119940","2120110","41","1189112"
"chr7","1029426","1029563","KN295605v1","687968","688102","31","341458"
"chr7","1132266","1132390","KN296322v1","997745","997870","21","134521"
"chr7","1143699","1143995","KN296883v1","2609802","2610089","62","1466103"
"chr7","1337879","1338181","KN295352v1","729753","730045","73","608126"
"chr7","1497932","1498067","KN296538v1","514898","515032","21","983034"
"chr7","1524835","1525092","KN295171v1","473979","474239","68","1050856"
"chr7","1617466","1617778","KN294421v1","9377","9683","60","1608089"
"chr7","2234522","2234654","KN296096v1","2278771","2278896","19","44249"
"chr7","2310343","2310485","KN296210v1","326465","326608","24","1983878"
"chr7","2333868","2333994","KN294978v1","3847610","3847736","26","1513742"
"chr7","2410367","2410524","KN296365v1","532697","532854","37","1877670"
"chr7","2571023","2571318","KN296322v1","1648835","1649139","56","922188"
"chr7","2625881","2626014","KN296096v1","2653456","2653594","14","27575"
"chr7","2799298","2799577","KN295708v1","735658","735943","57","2063640"
"chr7","2828354","2828517","KN295114v1","20274","20431","34","2808080"
"chr7","2936226","2936351","KN295441v1","789788","789916","23","2146438"
"chr7","3000001","3000176","KN294964v1","1050991","1051179","48","1949010"
"chr7","3156968","3157102","KN294739v1","1041553","1041687","21","2115415"
"chr7","3161657","3161770","KN296096v1","3240902","3241016","8","79245"
"chr7","3214384","3214679","KN297190v1","136929","137202","87","3077455"
"chr7","3276108","3276240","KN295405v1","302250","302381","16","2973858"
"chr7","3477502","3477813","KN296825v1","1359724","1360035","71","2117778"
"chr7","3571297","3571603","KN295406v1","486578","486886","67","3084719"
"chr7","3905633","3905923","KN296096v1","3989183","3989479","37","83550"
"chr7","4044442","4044744","KN295352v1","1382929","1383224","66","2661513"
"chr7","4165795","4166080","KN296833v1","198739","199022","60","3967056"
"chr7","4238419","4238558","KN294848v1","1161040","1161175","38","3077379"
"chr7","4238848","4238875","KN296907v1","491287","491310","7","3747561"
"chr7","4348763","4349045","KN296938v1","298054","298338","77","4050709"
"chr7","4456991","4457228","KN296643v1","482284","482494","44","3974707"
"chr7","4457528","4457622","KN296513v1","2370825","2370911","29","2086703"
"chr7","4527269","4527398","KN294410v1","486228","486353","29","4041041"
"chr7","4527403","4527514","KN296643v1","410977","411096","21","4116426"
"chr7","4527802","4527978","KN296643v1","410184","410354","15","4117618"
"chr7","4568842","4568997","KN295005v1","263752","263899","34","4305090"
"chr7","4569306","4569437","KN294193v1","128685","128814","26","4440621"
"chr7","4687901","4688030","KN296643v1","262990","263118","8","4424911"
"chr7","4730889","4731015","KN294172v1","6272486","6272617","20","1541597"
"chr7","4931599","4931864","KN294420v1","263951","264214","57","4667648"
"chr7","4937809","4937948","KN295755v1","69578","69715","7","4868231"
"chr7","4951617","4951898","KN296495v1","1076274","1076557","59","3875343"
"chr7","4961925","4962209","KN296507v1","738522","738814","67","4223403"
"chr7","4986745","4987034","KN296864v1","1939832","1940132","74","3046913"
"chr7","4992746","4993017","KN295282v1","123186","123460","66","4869560"
"chr7","5104867","5105164","KN296303v1","805215","805501","75","4299652"
"chr7","5173725","5173803","KN296828v1","138029","138111","17","5035696"
"chr7","5239474","5239619","KN296210v1","326465","326608","23","4913009"
"chr7","5239929","5240059","KN296643v1","191078","191208","36","5048851"
"chr7","5268011","5268283","KN296122v1","101078","101339","37","5166933"
"chr7","5403515","5403807","KN296507v1","738522","738814","62","4664993"
"chr7","5444107","5444242","KN296122v1","289224","289359","5","5154883"
"chr7","5450060","5450167","KN296153v1","3603162","3603273","19","1846898"
"chr7","5450472","5450507","KN296646v1","838353","838388","14","4612119"
"chr7","5521713","5521849","KN294506v1","236315","236445","32","5285398"
"chr7","5543535","5543815","KN294570v1","166260","166534","69","5377275"
"chr7","5552020","5552116","KN296122v1","400464","400560","11","5151556"
"chr7","5558406","5558704","KN294747v1","917219","917517","64","4641187"
"chr7","5673680","5673726","KN295893v1","883771","883820","10","4789909"
"chr7","5709746","5710047","KN296507v1","738522","738814","69","4971224"
"chr7","5727456","5727738","KN297112v1","2231098","2231393","73","3496358"
"chr7","5765996","5766319","KN295523v1","3691392","3691704","77","2074604"
"chr7","5852868","5852924","KN294630v1","762574","762630","7","5090294"
"chr7","5866040","5866316","KN296508v1","1973232","1973505","70","3892808"
"chr7","5873405","5873493","KN294208v1","486244","486319","28","5387161"
"chr7","5975537","5975836","KN297046v1","1875391","1875685","57","4100146"
"chr7","6061634","6061761","KN296311v1","4657589","4657718","20","1404045"
"chr7","6088018","6088232","KN296225v1","209480","209693","15","5878538"
"chr7","6123243","6123381","KN294470v1","2235421","2235555","24","3887822"
"chr7","6123689","6123851","KN295667v1","667475","667632","41","5456214"
"chr7","6211506","6211586","KN296225v1","333535","333600","21","5877971"
"chr7","6328875","6328885","KN294526v1","385203","385213","0","5943672"
"chr7","6329194","6329354","KN296225v1","462090","462236","27","5867104"
"chr7","6405629","6405921","KN294257v1","2362235","2362523","72","4043394"
"chr7","6418232","6418408","KN295420v1","396854","397019","35","6021378"
"chr7","6446567","6446726","KN294172v1","6272486","6272617","46","174081"
"chr7","6447028","6447138","KN296495v1","2297715","2297827","23","4149313"
"chr7","6499739","6500000","KN296731v1","1090257","1090517","59","5409482"
"chr7","6512811","6512954","KN296225v1","655185","655331","22","5857626"
"chr7","6527576","6527760","KN296225v1","671903","672082","35","5855673"
"chr7","6528055","6528196","KN296225v1","672383","672521","10","5855672"
"chr7","6535588","6535715","KN295605v1","687968","688102","30","5847620"
"chr7","6624583","6624747","KN296538v1","344550","344703","40","6280033"
"chr7","6625053","6625112","KN295996v1","196646","196704","15","6428407"
"chr7","6678347","6678481","KN296538v1","514898","515032","22","6163449"
"chr7","6748955","6749253","KN297046v1","1875391","1875685","56","4873564"
"chr7","7052358","7052666","KN296812v1","514768","515073","20","6537590"
"chr7","7112134","7112270","KN295706v1","131306","131439","23","6980828"
"chr7","7504216","7504529","KN294169v1","205462","205769","75","7298754"
"chr7","7964615","7964749","KN295708v1","2703330","2703459","32","5261285"
"chr7","7976631","7976936","KN295352v1","729753","730045","72","7246878"
"chr7","7987608","7987878","KN296948v1","762193","762479","78","7225415"
"chr7","8093802","8093938","KN295893v1","5725714","5725847","40","2368088"
"chr7","8227606","8227885","KN295034v1","297340","297612","76","7930266"
"chr7","8272749","8273055","KN296505v1","323963","324278","57","7948786"
"chr7","8412815","8413135","KN294279v1","735882","736184","82","7676933"
"chr7","8518511","8518781","KN295963v1","150706","150975","27","8367805"
"chr7","8558965","8559253","KN297096v1","6447","6739","68","8552518"
"chr7","8926883","8927077","KN294205v1","1582745","1582943","53","7344138"
"chr7","9293395","9293537","KN296000v1","870715","870835","45","8422680"
"chr7","9421821","9421981","KN295984v1","1259442","1259596","40","8162379"
"chr7","9993024","9993227","KN297197v1","281123","281326","76","9711901"
"chr7","10048373","10048669","KN294452v1","1374937","1375240","79","8673436"
"chr7","10761052","10761354","KN296833v1","198739","199022","73","10562313"
"chr7","11031975","11032199","KN297274v1","155280","155497","61","10876695"
"chr7","12542473","12542564","KN296588v1","2196132","2196224","20","10346341"
"chr7","12577569","12577882","KN297219v1","1839754","1840062","69","10737815"
"chr7","12717451","12717621","KN295328v1","65769","65929","43","12651682"
"chr7","13267399","13267652","KN297028v1","105526","105779","77","13161873"
"chr7","15538252","15538530","KN294377v1","709258","709536","27","14828994"
"chr7","15880397","15880538","KN295936v1","2275690","2275835","38","13604707"
"chr7","16074930","16075200","KN294377v1","173102","173379","36","15901828"
"chr7","16359133","16359283","KN294991v1","973655","973815","33","15385478"
"chr7","16687436","16687744","KN297219v1","1839754","1840062","73","14847682"
"chr7","16722432","16722740","KN295666v1","767425","767733","56","15955007"
"chr7","17082733","17082970","KN295320v1","393096","393331","72","16689637"
"chr7","17092420","17092703","KN297219v1","1621419","1621693","82","15471001"
"chr7","17491606","17491737","KN296311v1","4815038","4815168","17","12676568"
"chr7","17549032","17549252","KN295923v1","1986700","1986911","55","15562332"
"chr7","17594621","17594901","KN296398v1","253691","253978","74","17340930"
"chr7","17746538","17746826","KN296303v1","805215","805501","53","16941323"
"chr7","17815303","17815597","KN296484v1","4833","5123","61","17810470"
"chr7","17943122","17943253","KN296520v1","371876","372009","25","17571246"
"chr7","17980063","17980369","KN295667v1","1567361","1567664","65","16412702"
"chr7","18041771","18041899","KN296138v1","11819","11953","23","18029952"
"chr7","18094440","18094755","KN294520v1","614876","615200","89","17479564"
"chr7","18280170","18280308","KN295907v1","2294354","2294490","25","15985816"
"chr7","18280616","18280789","KN294571v1","2119940","2120110","38","16160676"
"chr7","18640116","18640377","KN297180v1","531711","531948","71","18108405"
"chr7","18673136","18673286","KN294346v1","260578","260726","41","18412558"
"chr7","19498922","19499194","KN294733v1","321894","322176","72","19177028"
"chr7","19812587","19812787","KN296508v1","1675720","1675934","58","18136867"
"chr7","20103421","20103702","KN294845v1","10863","11135","69","20092558"
"chr7","20819919","20820154","KN296303v1","798953","799193","71","20020966"
"chr7","20820462","20820524","KN294499v1","1146390","1146454","26","19674072"
"chr7","20850461","20850741","KN294539v1","1096217","1096495","55","19754244"
"chr7","21074467","21074648","KN296109v1","564239","564419","18","20510228"
"chr7","21368764","21368891","KN295243v1","1041792","1041909","31","20326972"
"chr7","21369192","21369358","KN294991v1","973655","973815","47","20395537"
"chr7","21378970","21379283","KN296109v1","869504","869826","28","20509466"
"chr7","21394944","21395256","KN296864v1","1939832","1940132","72","19455112"
"chr7","21465676","21465874","KN296109v1","954717","954902","29","20510959"
"chr7","21471553","21471846","KN294210v1","473112","473404","63","20998441"
"chr7","21636453","21636747","KN296109v1","1132718","1133008","21","20503735"
"chr7","21669194","21669470","KN296303v1","805215","805501","70","20863979"
"chr7","21775335","21775627","KN296109v1","1289441","1289727","26","20485894"
"chr7","21812393","21812667","KN294475v1","910360","910631","20","20902033"
"chr7","21834573","21834868","KN295480v1","2295514","2295785","84","19539059"
"chr7","21883758","21884056","KN294475v1","828365","828659","21","21055393"
"chr7","22037091","22037259","KN297319v1","373164","373327","42","21663927"
"chr7","22351160","22351209","KN294848v1","35379","35428","13","22315781"
"chr7","22475388","22475620","KN294475v1","222076","222313","15","22253312"
"chr7","22594642","22594825","KN294662v1","211735","211913","57","22382907"
"chr7","22595178","22595212","KN296290v1","587719","587750","6","22007459"
"chr7","22644466","22644783","KN294475v1","99614","99931","15","22544852"
"chr7","22702109","22702245","KN295706v1","131306","131439","22","22570803"
"chr7","22832143","22832425","KN297375v1","58397","58674","63","22773746"
"chr7","22846724","22847019","KN294294v1","145451","145740","19","22701273"
"chr7","23086801","23087033","KN296608v1","381289","381528","64","22705512"
"chr7","23144816","23145117","KN294260v1","822843","823138","68","22321973"
"chr7","23189333","23189623","KN296864v1","1939832","1940132","65","21249501"
"chr7","23294626","23294898","KN294325v1","979659","979928","57","22314967"
"chr7","23422402","23422555","KN294899v1","1194408","1194556","39","22227994"
"chr7","23427464","23427578","KN294193v1","654985","655103","26","22772479"
"chr7","23447691","23448004","KN295667v1","1567361","1567664","76","21880330"
"chr7","23550563","23550648","KN297369v1","125667","125753","21","23424896"
"chr7","23550968","23551101","KN294326v1","522412","522546","26","23028556"
"chr7","23571669","23571852","KN296767v1","53224","53425","45","23518445"
"chr7","23612514","23612692","KN297113v1","252877","253050","45","23359637"
"chr7","23627235","23627586","KN295633v1","909764","910066","104","22717471"
"chr7","23673691","23673992","KN295742v1","1046","1335","32","23672645"
"chr7","23682089","23682364","KN297028v1","97110","97396","59","23584979"
"chr7","23699116","23699420","KN294439v1","130265","130569","65","23568851"
"chr7","23770623","23770818","KN296158v1","230905","231113","53","23539718"
"chr7","23792740","23793027","KN294210v1","473112","473404","71","23319628"
"chr7","23835344","23835492","KN297180v1","2065065","2065204","36","21770279"
"chr7","23970298","23970606","KN297058v1","194613","194917","66","23775685"
"chr7","24454471","24454761","KN295346v1","1646114","1646406","67","22808357"
"chr7","24561989","24562293","KN295406v1","486578","486886","74","24075411"
"chr7","24608617","24608912","KN296495v1","1076274","1076557","78","23532343"
"chr7","25113990","25114278","KN295825v1","1331773","1332061","65","23782217"
"chr7","25207832","25208099","KN295428v1","224334","224605","72","24983498"
"chr7","25529301","25529401","KN295459v1","675800","675895","18","24853501"
"chr7","25695380","25695677","KN295036v1","310502","310798","22","25384878"
"chr7","26009671","26009805","KN296311v1","6471968","6472102","22","19537703"
"chr7","26073820","26074119","KN297159v1","1311633","1311940","74","24762187"
"chr7","26213879","26214149","KN297165v1","2729254","2729527","74","23484625"
"chr7","26299780","26299919","KN294407v1","3228566","3228701","21","23071214"
"chr7","26476667","26476982","KN296864v1","1939832","1940132","73","24536835"
"chr7","26696805","26696930","KN294410v1","486228","486353","31","26210577"
"chr7","26867239","26867554","KN295573v1","1390691","1391001","70","25476548"
"chr7","26905546","26905854","KN295633v1","909764","910066","67","25995782"
"chr7","26961794","26962073","KN295667v1","1567361","1567664","68","25394433"
"chr7","26980720","26981026","KN297141v1","17086","17384","70","26963634"
"chr7","26991621","26991886","KN294147v1","1590568","1590837","61","25401053"
"chr7","26993715","26994022","KN294758v1","3078424","3078721","66","23915291"
"chr7","27230378","27230589","KN295533v1","2434686","2434882","54","24795692"
"chr7","27270367","27270659","KN297219v1","1839754","1840062","77","25430613"
"chr7","27318189","27318494","KN295352v1","729753","730045","68","26588436"
"chr7","27461559","27461681","KN295243v1","1041792","1041909","27","26419767"
"chr7","27588319","27588630","KN294991v1","1709174","1709474","58","25879145"
"chr7","27612653","27612948","KN295294v1","1101026","1101317","72","26511627"
"chr7","27659776","27660059","KN294420v1","816046","816329","77","26843730"
"chr7","27692316","27692631","KN294806v1","594997","595290","81","27097319"
"chr7","27702308","27702425","KN295692v1","1233209","1233331","29","26469099"
"chr7","28045577","28045873","KN295814v1","1099950","1100250","61","26945627"
"chr7","28186173","28186460","KN296864v1","1939832","1940132","63","26246341"
"chr7","28213168","28213455","KN294199v1","1022551","1022840","63","27190617"
"chr7","28244956","28245109","KN294470v1","2691196","2691354","31","25553760"
"chr7","28527536","28527824","KN295294v1","1101026","1101317","63","27426510"
"chr7","28681388","28681527","KN294970v1","979993","980138","33","27701395"
"chr7","28704481","28704756","KN294345v1","1713106","1713396","67","26991375"
"chr7","28978257","28978489","KN294879v1","1183051","1183277","42","27795206"
"chr7","29166028","29166325","KN294161v1","491457","491757","64","28674571"
"chr7","29336465","29336789","KN294668v1","114347","114656","85","29222118"
"chr7","29491429","29491705","KN296767v1","573786","574062","11","28917643"
"chr7","29784232","29784367","KN294831v1","409914","410047","27","29374318"
"chr7","29784662","29784828","KN296000v1","898022","898186","37","28886640"
"chr7","30003226","30003478","KN296926v1","93854","94122","76","29909372"
"chr7","30041420","30041694","KN295294v1","24128","24400","70","30017292"
"chr7","30052360","30052660","KN295667v1","1567361","1567664","68","28484999"
"chr7","30141521","30141822","KN295406v1","486578","486886","71","29654943"
"chr7","30466514","30466688","KN296739v1","288710","288884","8","30177804"
"chr7","30490585","30490878","KN294452v1","1374937","1375240","68","29115648"
"chr7","30735110","30735383","KN294493v1","181888","182131","76","30553222"
"chr7","30768469","30768775","KN295878v1","52199","52504","37","30716270"
"chr7","31363950","31364257","KN295667v1","1567361","1567664","68","29796589"
"chr7","32280742","32281011","KN294552v1","1295874","1296134","66","30984868"
"chr7","32367682","32367959","KN295480v1","2295514","2295785","69","30072168"
"chr7","32484626","32484920","KN294693v1","1341996","1342279","24","31142630"
"chr7","32912672","32912831","KN295114v1","20274","20431","32","32892398"
"chr7","32949159","32949437","KN296528v1","1109404","1109696","64","31839755"
"chr7","32951215","32951362","KN294210v1","836667","836810","32","32114548"
"chr7","32978381","32978656","KN296303v1","805215","805501","66","32173166"
"chr7","32997374","32997516","KN294536v1","348653","348787","26","32648721"
"chr7","33027061","33027368","KN295667v1","1567361","1567664","73","31459700"
"chr7","33080696","33080866","KN295925v1","435140","435310","42","32645556"
"chr7","33104686","33104880","KN297026v1","1683472","1683666","41","31421214"
"chr7","33135921","33136102","KN294325v1","233169","233336","43","32902752"
"chr7","33327418","33327718","KN296849v1","694658","694962","68","32632760"
"chr7","34008832","34009121","KN294591v1","199615","199912","72","33809217"
"chr7","34037058","34037220","KN295721v1","382777","382938","41","33654281"
"chr7","34238987","34239114","KN294627v1","78838","78968","15","34160149"
"chr7","34545366","34545695","KN294964v1","2082241","2082554","85","32463125"
"chr7","35190004","35190290","KN295984v1","2286186","2286477","62","32903818"
"chr7","35480334","35480646","KN296542v1","103665","103974","67","35376669"
"chr7","35497847","35498147","KN297171v1","1715719","1716017","63","33782128"
"chr7","35502877","35503194","KN294739v1","526187","526480","78","34976690"
"chr7","35922283","35922411","KN294199v1","86678","86798","35","35835605"
"chr7","35922701","35922733","KN297190v1","6428256","6428290","13","29494445"
"chr7","36684634","36684936","KN294569v1","652042","652317","82","36032592"
"chr7","36849026","36849225","KN294407v1","81677","81857","60","36767349"
"chr7","37073599","37073883","KN294527v1","273035","273327","85","36800564"
"chr7","37593609","37593762","KN296145v1","649092","649233","35","36944517"
"chr7","37594181","37594298","KN296732v1","3486949","3487060","33","34107232"
"chr7","37718255","37718526","KN296964v1","1875697","1875973","73","35842558"
"chr7","37981320","37981615","KN296864v1","1939832","1940132","62","36041488"
"chr7","38197249","38197502","KN294539v1","1506592","1506858","71","36690657"
"chr7","38206773","38206986","KN295613v1","219525","219742","34","37987248"
"chr7","38450890","38451192","KN296322v1","1648835","1649139","61","36802055"
"chr7","38578495","38578796","KN296825v1","1872470","1872764","75","36706025"
"chr7","38749852","38750166","KN295692v1","326732","327037","28","38423120"
"chr7","39371915","39372220","KN296649v1","474335","474640","66","38897580"
"chr7","39614656","39614830","KN294443v1","437013","437176","49","39177643"
"chr7","39615129","39615234","KN294506v1","7028","7136","27","39608101"
"chr7","39638130","39638251","KN295692v1","1233209","1233331","4","38404921"
"chr7","39688162","39688409","KN295692v1","1283805","1284037","31","38404357"
"chr7","39778246","39778309","KN294175v1","206644","206698","13","39571602"
"chr7","39778601","39778700","KN296316v1","253938","254035","6","39524663"
"chr7","39920968","39921117","KN294345v1","644545","644706","48","39276423"
"chr7","39932176","39932467","KN294873v1","1303218","1303511","70","38628958"
"chr7","40042785","40043077","KN294172v1","1944132","1944423","73","38098653"
"chr7","40173950","40174020","KN294513v1","564705","564774","13","39609245"
"chr7","40174323","40174421","KN295810v1","455081","455179","31","39719242"
"chr7","40278828","40279136","KN295633v1","778185","778486","77","39500643"
"chr7","40282622","40282869","KN294458v1","21581","21829","69","40261041"
"chr7","40426807","40427097","KN295692v1","1905312","1905592","31","38521495"
"chr7","40465892","40466205","KN295692v1","1944117","1944423","28","38521775"
"chr7","40486711","40486953","KN295350v1","333402","333635","74","40153309"
"chr7","41030967","41031177","KN297317v1","77457","77669","53","40953510"
"chr7","42509194","42509499","KN297442v1","1676499","1676799","76","40832695"
"chr7","43297790","43298094","KN296322v1","1648835","1649139","70","41648955"
"chr7","43380059","43380363","KN294260v1","822843","823138","67","42557216"
"chr7","43487676","43487961","KN297023v1","640512","640805","61","42847164"
"chr7","43826065","43826285","KN297227v1","7441","7661","8","43818624"
"chr7","43949379","43949526","KN297227v1","136919","137065","8","43812460"
"chr7","43956607","43956732","KN295441v1","789788","789916","23","43166819"
"chr7","44352649","44352951","KN297066v1","48943","49249","66","44303706"
"chr7","44432010","44432291","KN294172v1","1404856","1405150","65","43027154"
"chr7","44549743","44549875","KN297279v1","1209908","1210040","20","43339835"
"chr7","44602776","44603026","KN294539v1","1506592","1506858","69","43096184"
"chr7","44625824","44625977","KN296145v1","649092","649233","34","43976732"
"chr7","44760722","44760866","KN294470v1","385030","385177","39","44375692"
"chr7","44860689","44860980","KN295091v1","3019459","3019753","78","41841230"
"chr7","44910367","44910449","KN294848v1","1002927","1003014","24","43907440"
"chr7","44911171","44911337","KN295633v1","552946","553113","34","44358225"
"chr7","44939902","44940192","KN297227v1","1040573","1040862","18","43899329"
"chr7","44950125","44950408","KN297227v1","1049335","1049619","17","43900790"
"chr7","45011035","45011199","KN297227v1","1115243","1115417","17","43895792"
"chr7","45011496","45011547","KN297227v1","1115731","1115777","11","43895765"
"chr7","45011854","45011990","KN297227v1","1116079","1116215","6","43895775"
"chr7","45019060","45019365","KN294294v1","145451","145740","73","44873609"
"chr7","45019593","45019874","KN297227v1","1123419","1123703","21","43896174"
"chr7","45139599","45139811","KN295174v1","293288","293512","64","44846311"
"chr7","45297358","45297648","KN297227v1","1400146","1400453","34","43897212"
"chr7","45404892","45405032","KN294419v1","211719","211856","37","45193173"
"chr7","45753875","45754018","KN297227v1","1448203","1448349","43","44305672"
"chr7","45754311","45754440","KN296580v1","375183","375306","31","45379128"
"chr7","45789855","45789974","KN295441v1","789788","789916","30","45000067"
"chr7","45794036","45794095","KN296316v1","254338","254391","8","45539698"
"chr7","45794423","45794522","KN296316v1","253938","254035","8","45540485"
"chr7","46520817","46521114","KN294260v1","822843","823138","66","45697974"
"chr7","47595454","47595689","KN295320v1","393096","393331","66","47202358"
"chr7","47604513","47604812","KN297390v1","84191","84473","77","47520322"
"chr7","48616739","48617024","KN297203v1","2262491","2262810","54","46354248"
"chr7","48784649","48784879","KN295666v1","1250969","1251185","62","47533680"
"chr7","48984489","48984754","KN294677v1","45530","45799","69","48938959"
"chr7","51716975","51717277","KN295079v1","373372","373674","65","51343603"
"chr7","51878137","51878442","KN296322v1","426249","426560","70","51451888"
"chr7","51922135","51922431","KN295282v1","123186","123460","76","51798949"
"chr7","52854068","52854370","KN296371v1","158213","158508","65","52695855"
"chr7","53264959","53265120","KN295709v1","114340","114517","33","53150619"
"chr7","53406819","53407117","KN296315v1","1023330","1023621","77","52383489"
"chr7","54494351","54494576","KN296180v1","122438","122659","65","54371913"
"chr7","54695181","54695316","KN294218v1","2756614","2756751","22","51938567"
"chr7","54807651","54807744","KN295722v1","2644458","2644543","28","52163193"
"chr7","54835739","54836034","KN295346v1","1646114","1646406","63","53189625"
"chr7","54884417","54884678","KN296871v1","10096","10361","65","54874321"
"chr7","55690525","55690664","KN294536v1","348653","348787","22","55341872"
"chr7","55709047","55709322","KN296303v1","805215","805501","61","54903832"
"chr7","55761602","55761696","KN294570v1","273775","273869","1","55487827"
"chr7","55763048","55763085","KN295236v1","4089870","4089911","15","51673178"
"chr7","55763691","55763806","KN297259v1","2511433","2511542","28","53252258"
"chr7","55770162","55770467","KN295667v1","1567361","1567664","60","54202801"
"chr7","55984306","55984424","KN297038v1","317140","317257","20","55667166"
"chr7","56002203","56002502","KN295923v1","574170","574465","69","55428033"
"chr7","56024464","56024771","KN294570v1","166260","166534","64","55858204"
"chr7","56134347","56134635","KN295294v1","1101026","1101317","80","55033321"
"chr7","56165243","56165529","KN294199v1","1022551","1022840","68","55142692"
"chr7","56332406","56332534","KN294199v1","86678","86798","37","56245728"
"chr7","56332824","56332856","KN297190v1","6428256","6428290","13","49904568"
"chr7","56391828","56391927","KN296316v1","253938","254035","7","56137890"
"chr7","56392215","56392278","KN294175v1","206644","206698","13","56185571"
"chr7","56524499","56524697","KN296847v1","410946","411169","63","56113553"
"chr7","56845329","56845457","KN297215v1","722339","722465","32","56122990"
"chr7","56852011","56852094","KN294570v1","273775","273869","15","56578236"
"chr7","56886187","56886428","KN295352v1","1019178","1019436","73","55867009"
"chr7","63381481","63381751","KN296682v1","3106534","3106821","77","60274947"
"chr7","63731533","63731661","KN297215v1","722339","722465","32","63009194"
"chr7","63742529","63742640","KN295601v1","2823696","2823818","36","60918833"
"chr7","64117453","64117739","KN294326v1","411424","411715","70","63706029"
"chr7","64309822","64310087","KN294552v1","1295874","1296134","75","63013948"
"chr7","65019719","65020015","KN295984v1","150673","150962","66","64869046"
"chr7","65172406","65172620","KN297317v1","77457","77669","47","65094949"
"chr7","65288692","65288973","KN297452v1","2055186","2055461","82","63233506"
"chr7","65523370","65523583","KN296635v1","2061822","2062028","48","63461548"
"chr7","65604671","65604880","KN295923v1","1986700","1986911","52","63617971"
"chr7","65679029","65679242","KN296635v1","2061822","2062028","48","63617207"
"chr7","65734955","65735115","KN295294v1","2768559","2768717","38","62966396"
"chr7","65856132","65856427","KN295984v1","150673","150962","69","65705459"
"chr7","65869641","65869954","KN296505v1","323963","324278","60","65545678"
"chr7","65914109","65914401","KN294569v1","652042","652317","71","65262067"
"chr7","65971324","65971446","KN295458v1","34771","34886","29","65936553"
"chr7","65998214","65998351","KN295605v1","687968","688102","14","65310246"
"chr7","66030193","66030468","KN296290v1","1215856","1216128","76","64814337"
"chr7","66192863","66193163","KN296322v1","1648835","1649139","64","64544028"
"chr7","66197698","66197757","KN294506v1","84591","84650","3","66113107"
"chr7","66355566","66355617","KN295366v1","149372","149424","16","66206194"
"chr7","66355926","66356054","KN295352v1","224304","224419","43","66131622"
"chr7","66383343","66383637","KN297026v1","800582","800867","76","65582761"
"chr7","66445765","66445901","KN294506v1","384096","384232","14","66061669"
"chr7","66526776","66527080","KN296322v1","1648835","1649139","62","64877941"
"chr7","66620763","66621064","KN297180v1","110970","111263","65","66509793"
"chr7","66668101","66668396","KN297058v1","392670","392966","62","66275431"
"chr7","66685373","66685497","KN296322v1","997745","997870","18","65687628"
"chr7","66861276","66861499","KN294874v1","119164","119388","52","66742112"
"chr7","66898097","66898151","KN294175v1","206644","206698","1","66691453"
"chr7","66898453","66898541","KN294175v1","207000","207090","6","66691453"
"chr7","67010304","67010477","KN295667v1","667475","667632","43","66342829"
"chr7","67010775","67010865","KN294199v1","600558","600649","27","66410217"
"chr7","67072799","67072934","KN295077v1","850159","850295","37","66222640"
"chr7","67072965","67073078","KN294506v1","7028","7136","23","67065937"
"chr7","67165958","67166271","KN297066v1","48943","49249","72","67117015"
"chr7","67261362","67261663","KN297180v1","314236","314539","55","66947126"
"chr7","67339431","67339594","KN294991v1","973655","973815","36","66365776"
"chr7","67401812","67402111","KN294457v1","967354","967656","74","66434458"
"chr7","67473170","67473394","KN295962v1","2355592","2355784","41","65117578"
"chr7","67641347","67641605","KN297159v1","1425976","1426241","70","66215371"
"chr7","67677967","67678254","KN294499v1","1906911","1907192","68","65771056"
"chr7","67775832","67776076","KN294711v1","1313950","1314208","74","66461882"
"chr7","67829110","67829241","KN296538v1","514898","515032","23","67314212"
"chr7","67833331","67833469","KN296311v1","6471968","6472102","20","61361363"
"chr7","67873470","67873548","KN295962v1","1942835","1942924","17","65930635"
"chr7","67893626","67893903","KN295523v1","3469042","3469297","69","64424584"
"chr7","68066946","68067259","KN296322v1","1648835","1649139","73","66418111"
"chr7","68247744","68248025","KN295962v1","1544167","1544458","31","66703577"
"chr7","68325744","68325954","KN296119v1","805789","806002","53","67519955"
"chr7","68468350","68468677","KN295962v1","1313768","1314095","49","67154582"
"chr7","68571766","68572067","KN295962v1","1201053","1201326","55","67370713"
"chr7","68642079","68642209","KN295962v1","1126030","1126160","8","67516049"
"chr7","68686637","68686922","KN296303v1","805215","805501","63","67881422"
"chr7","68695999","68696135","KN295962v1","1071134","1071270","7","67624865"
"chr7","68768958","68769238","KN296864v1","1447995","1448277","57","67320963"
"chr7","68823481","68823615","KN295962v1","935730","935861","9","67887751"
"chr7","68925967","68926262","KN295883v1","861998","862283","70","68063969"
"chr7","69040077","69040259","KN295962v1","713243","713425","16","68326834"
"chr7","69078474","69078558","KN294501v1","2520808","2520892","20","66557666"
"chr7","69078587","69078871","KN295854v1","1175272","1175533","88","67903315"
"chr7","69214596","69214888","KN296109v1","1132718","1133008","76","68081878"
"chr7","69236165","69236454","KN294399v1","171378","171682","62","69064787"
"chr7","69294146","69294448","KN295667v1","1567361","1567664","71","67726785"
"chr7","69328125","69328417","KN297245v1","2237012","2237311","81","67091113"
"chr7","69446214","69446376","KN296315v1","917369","917527","34","68528845"
"chr7","69446719","69446924","KN294451v1","1507488","1507668","62","67939231"
"chr7","69459681","69459982","KN297184v1","1114866","1115167","66","68344815"
"chr7","69462180","69462312","KN295962v1","272109","272241","11","69190071"
"chr7","69504387","69504700","KN295962v1","231120","231434","24","69273267"
"chr7","69523694","69523972","KN295962v1","211219","211498","17","69312475"
"chr7","69536481","69536758","KN295257v1","796704","796977","64","68739777"
"chr7","69750532","69750683","KN294443v1","437013","437176","52","69313519"
"chr7","69888029","69888159","KN295573v1","623556","623685","18","69264473"
"chr7","69994086","69994222","KN294536v1","420664","420795","28","69573422"
"chr7","70022860","70023144","KN296244v1","327623","327911","63","69695237"
"chr7","70084866","70085140","KN295633v1","1501780","1502052","70","68583086"
"chr7","70131170","70131400","KN297190v1","5951555","5951790","54","64179615"
"chr7","70235141","70235437","KN297112v1","2231098","2231393","70","68004043"
"chr7","70507259","70507385","KN297215v1","722339","722465","28","69784920"
"chr7","70549546","70549699","KN296000v1","901795","901947","37","69647751"
"chr7","70664789","70665092","KN295936v1","78605","78913","64","70586184"
"chr7","70717037","70717344","KN295346v1","1646114","1646406","78","69070923"
"chr7","70808102","70808388","KN294591v1","535625","535912","74","70272477"
"chr7","70865906","70866042","KN294789v1","212730","212864","28","70653176"
"chr7","70873142","70873272","KN294419v1","211719","211856","33","70661423"
"chr7","70976139","70976267","KN295586v1","5575079","5575199","27","65401060"
"chr7","70992274","70992553","KN295984v1","2962847","2963132","72","68029427"
"chr7","71094062","71094394","KN295633v1","778185","778486","90","70315877"
"chr7","71283037","71283329","KN295073v1","1014806","1015109","77","70268231"
"chr7","71429532","71429717","KN294451v1","1507488","1507668","43","69922044"
"chr7","71430006","71430146","KN296311v1","2361921","2362066","28","69068085"
"chr7","71513911","71514199","KN294396v1","224755","225042","62","71289156"
"chr7","71620396","71620491","KN295708v1","438075","438171","17","71182321"
"chr7","71655093","71655277","KN296528v1","1417954","1418126","46","70237139"
"chr7","71664328","71664629","KN294452v1","1024655","1024959","60","70639673"
"chr7","71718822","71718932","KN296503v1","535366","535479","30","71183456"
"chr7","71719236","71719400","KN296153v1","548460","548628","66","71170776"
"chr7","71726424","71726696","KN294539v1","1506592","1506858","64","70219832"
"chr7","71812749","71812907","KN294346v1","260578","260726","38","71552171"
"chr7","71850931","71851208","KN296948v1","762193","762479","68","71088738"
"chr7","72037015","72037137","KN296108v1","1532605","1532722","32","70504410"
"chr7","72038374","72038510","KN296980v1","588776","588919","32","71449598"
"chr7","72039064","72039099","KN296646v1","838353","838388","12","71200711"
"chr7","72056929","72057246","KN297190v1","4616696","4617006","82","67440233"
"chr7","72083395","72083614","KN294399v1","298313","298529","14","71785082"
"chr7","72087882","72088173","KN294399v1","292980","293293","41","71794902"
"chr7","72164675","72164994","KN294399v1","225871","226189","25","71938804"
"chr7","72199424","72199575","KN294399v1","191274","191424","12","72008150"
"chr7","72219223","72219526","KN294399v1","171378","171682","18","72047845"
"chr7","72247709","72248022","KN294421v1","9377","9683","65","72238332"
"chr7","72263385","72263715","KN296502v1","1354687","1354995","86","70908698"
"chr7","72341978","72342276","KN294399v1","47015","47310","32","72294963"
"chr7","72449924","72450223","KN297323v1","97375","97678","66","72352549"
"chr7","72477721","72477819","KN297092v1","3480","3567","24","72474241"
"chr7","72491289","72491583","KN296371v1","158213","158508","62","72333076"
"chr7","72539845","72539960","KN296322v1","997745","997870","26","71542100"
"chr7","72553237","72553544","KN297180v1","314236","314539","56","72239001"
"chr7","72646048","72646361","KN297066v1","48943","49249","69","72597105"
"chr7","72687774","72687987","KN295601v1","1689627","1689831","54","70998147"
"chr7","72738800","72739072","KN297019v1","717404","717664","79","72021396"
"chr7","72982492","72982623","KN296643v1","191078","191208","20","72791414"
"chr7","73165576","73165710","KN297023v1","686879","687015","23","72478697"
"chr7","73234208","73234347","KN294199v1","281436","281574","27","72952772"
"chr7","73402891","73403021","KN296588v1","231105","231237","22","73171786"
"chr7","73458749","73458910","KN294446v1","241596","241755","50","73217153"
"chr7","73485339","73485642","KN295633v1","909764","910066","70","72575575"
"chr7","73489533","73489804","KN295910v1","54930","55220","83","73434603"
"chr7","73617563","73617858","KN296864v1","1939832","1940132","54","71677731"
"chr7","73624775","73624914","KN297215v1","862160","862298","25","72762615"
"chr7","73645030","73645327","KN296526v1","283231","283529","63","73361799"
"chr7","73824537","73824838","KN297112v1","2231098","2231393","61","71593439"
"chr7","73853309","73853498","KN294571v1","1642206","1642380","50","72211103"
"chr7","73855068","73855184","KN294199v1","969997","970115","25","72885071"
"chr7","73855240","73855384","KN295433v1","438862","439004","40","73416378"
"chr7","73937791","73937993","KN296767v1","53224","53425","53","73884567"
"chr7","74017699","74017829","KN295573v1","623556","623685","25","73394143"
"chr7","74078407","74078603","KN297026v1","1683472","1683666","43","72394935"
"chr7","74247963","74248094","KN297259v1","488356","488488","22","73759607"
"chr7","74248233","74248416","KN295533v1","2434686","2434882","58","71813547"
"chr7","74422922","74423053","KN295320v1","181472","181603","27","74241450"
"chr7","74522418","74522549","KN296311v1","4815038","4815168","19","69707380"
"chr7","74524443","74524583","KN295605v1","687968","688102","25","73836475"
"chr7","74524893","74525055","KN296000v1","898022","898186","34","73626871"
"chr7","74550628","74550758","KN294175v1","165620","165752","14","74385008"
"chr7","74563606","74563907","KN296244v1","327623","327911","59","74235983"
"chr7","74565688","74565997","KN297452v1","1744682","1744969","72","72821006"
"chr7","74577849","74578103","KN297095v1","2475476","2475727","59","72102373"
"chr7","74637628","74637750","KN296153v1","3527722","3527839","26","71109906"
"chr7","74726573","74726828","KN296731v1","1028220","1028490","64","73698353"
"chr7","74787579","74787717","KN294199v1","281436","281574","28","74506143"
"chr7","74864574","74864839","KN294420v1","263951","264214","69","74600623"
"chr7","74975275","74975409","KN297023v1","686879","687015","23","74288396"
"chr7","75079278","75079543","KN294420v1","263951","264214","69","74815327"
"chr7","75158237","75158376","KN294199v1","281436","281574","27","74876801"
"chr7","75226972","75227106","KN297023v1","686879","687015","23","74540093"
"chr7","75382476","75382607","KN296643v1","191078","191208","20","75191398"
"chr7","75453149","75453281","KN294172v1","4450120","4450251","21","71003029"
"chr7","75554794","75554923","KN295596v1","2102045","2102171","31","73452749"
"chr7","75555186","75555196","KN294634v1","146917","146929","5","75408269"
"chr7","75592985","75593268","KN296244v1","327623","327911","54","75265362"
"chr7","75664992","75665291","KN294452v1","1374937","1375240","79","74290055"
"chr7","75675710","75675901","KN296187v1","238628","238811","55","75437082"
"chr7","75881051","75881186","KN294470v1","3035258","3035389","30","72845793"
"chr7","75902476","75902607","KN296311v1","4815038","4815168","24","71087438"
"chr7","75908645","75908763","KN296062v1","573295","573398","28","75335350"
"chr7","75913159","75913283","KN295102v1","105981","106109","22","75807178"
"chr7","75930830","75931122","KN294747v1","917219","917517","59","75013611"
"chr7","76077931","76078203","KN296550v1","110501","110774","75","75967430"
"chr7","76124373","76124501","KN294506v1","384096","384232","20","75740277"
"chr7","76200503","76200633","KN297274v1","359113","359242","23","75841390"
"chr7","76304459","76304748","KN294210v1","473112","473404","59","75831347"
"chr7","76425683","76425813","KN296682v1","4980731","4980854","21","71444952"
"chr7","76487044","76487333","KN296982v1","449377","449668","62","76037667"
"chr7","76508296","76508422","KN296643v1","191078","191208","22","76317218"
"chr7","76508724","76508751","KN295533v1","1802305","1802332","8","74706419"
"chr7","76509048","76509176","KN294561v1","781964","782088","27","75727084"
"chr7","76637754","76637886","KN294172v1","4450120","4450251","20","72187634"
"chr7","76985146","76985435","KN296982v1","449377","449668","62","76535769"
"chr7","77081980","77082239","KN294552v1","1295874","1296134","67","75786106"
"chr7","77204838","77205046","KN294208v1","73414","73627","44","77131424"
"chr7","77225265","77225570","KN297023v1","640512","640805","63","76584753"
"chr7","77470484","77470629","KN297023v1","686879","687015","29","76783605"
"chr7","77471420","77471588","KN296495v1","2297861","2298026","41","75173559"
"chr7","77552128","77552277","KN296145v1","649092","649233","30","76903036"
"chr7","77553946","77554263","KN295936v1","78605","78913","70","77475341"
"chr7","77558742","77559033","KN294452v1","1374937","1375240","74","76183805"
"chr7","77580183","77580326","KN295962v1","2106431","2106583","41","75473752"
"chr7","77601203","77601501","KN294728v1","765090","765383","76","76836113"
"chr7","77703800","77703948","KN294873v1","1261221","1261370","35","76442579"
"chr7","77711326","77711642","KN294439v1","130265","130569","78","77581061"
"chr7","77786728","77786977","KN294410v1","125205","125456","64","77661523"
"chr7","77802548","77802830","KN294790v1","483712","483988","78","77318836"
"chr7","77820343","77820673","KN297165v1","2596688","2597002","86","75223655"
"chr7","77833480","77833833","KN296495v1","2039293","2039625","103","75794187"
"chr7","77969730","77969987","KN297028v1","105526","105779","59","77864204"
"chr7","78000319","78000610","KN294728v1","765090","765383","61","77235229"
"chr7","78336441","78336751","KN296096v1","1326102","1326406","65","77010339"
"chr7","78565182","78565488","KN294421v1","9377","9683","71","78555805"
"chr7","79135655","79135938","KN294167v1","576935","577211","68","78558720"
"chr7","79170138","79170475","KN295405v1","315125","315439","84","78855013"
"chr7","79228063","79228370","KN296588v1","282556","282869","69","78945507"
"chr7","79696655","79696943","KN294210v1","473112","473404","69","79223543"
"chr7","79730960","79731222","KN295074v1","671311","671581","72","79059649"
"chr7","80156435","80156732","KN296495v1","1076274","1076557","72","79080161"
"chr7","80325038","80325161","KN295458v1","34771","34886","29","80290267"
"chr7","80325466","80325591","KN294787v1","247438","247555","40","80078028"
"chr7","80355325","80355552","KN295596v1","3046296","3046522","63","77309029"
"chr7","80846362","80846630","KN296339v1","2039540","2039800","63","78806822"
"chr7","80867268","80867400","KN294911v1","2310594","2310724","24","78556674"
"chr7","82173762","82174068","KN296538v1","103185","103491","64","82070577"
"chr7","82322333","82322639","KN297165v1","2596688","2597002","81","79725645"
"chr7","82427907","82428064","KN296178v1","767185","767341","34","81660722"
"chr7","82484367","82484657","KN297046v1","1688621","1688908","80","80795746"
"chr7","82732422","82732633","KN294668v1","3665996","3666228","72","79066426"
"chr7","82867120","82867278","KN294571v1","417305","417453","38","82449815"
"chr7","83214456","83214710","KN296365v1","101745","101991","65","83112711"
"chr7","83542061","83542343","KN296731v1","1403282","1403549","82","82138779"
"chr7","83700436","83700731","KN295352v1","729753","730045","66","82970683"
"chr7","84619566","84619757","KN297215v1","75576","75756","48","84543990"
"chr7","85372410","85372589","KN296682v1","2867973","2868160","49","82504437"
"chr7","85377749","85378068","KN296322v1","1648835","1649139","73","83728914"
"chr7","86118256","86118545","KN296502v1","1280490","1280768","76","84837766"
"chr7","86123682","86123967","KN294147v1","845655","845948","79","85278027"
"chr7","86157563","86157838","KN297148v1","819718","819993","23","85337845"
"chr7","86500941","86501241","KN296634v1","52600","52911","28","86448341"
"chr7","86906747","86906881","KN296634v1","484975","485112","9","86421772"
"chr7","87123812","87124026","KN294446v1","801059","801280","71","86322753"
"chr7","87441572","87441898","KN296322v1","1648835","1649139","82","85792737"
"chr7","87526399","87526527","KN296634v1","1110176","1110304","5","86416223"
"chr7","87534633","87534940","KN296634v1","1118323","1118621","25","86416310"
"chr7","87551015","87551316","KN296634v1","1135353","1135658","33","86415662"
"chr7","87562818","87562971","KN296634v1","1146916","1147078","22","86415902"
"chr7","87614129","87614423","KN296634v1","1208865","1209159","21","86405264"
"chr7","87642922","87643206","KN296634v1","1236222","1236510","23","86406700"
"chr7","87689995","87690127","KN296634v1","1285668","1285796","16","86404327"
"chr7","87788141","87788321","KN296634v1","1369247","1369427","5","86418894"
"chr7","87864961","87865144","KN294848v1","169333","169513","50","87695628"
"chr7","87968393","87968739","KN294224v1","570859","571184","100","87397534"
"chr7","88095939","88096221","KN296634v1","1686427","1686686","51","86409512"
"chr7","88262677","88262974","KN296011v1","192550","192852","70","88070127"
"chr7","88658824","88659125","KN294378v1","1350669","1350966","79","87308155"
"chr7","88661350","88661666","KN297154v1","2066797","2067102","81","86594553"
"chr7","90115331","90115615","KN295984v1","2286186","2286477","59","87829145"
"chr7","90196568","90196868","KN296864v1","1939832","1940132","66","88256736"
"chr7","90219739","90220026","KN294199v1","1022551","1022840","63","89197188"
"chr7","90259132","90259425","KN297390v1","652113","652409","65","89607019"
"chr7","90373850","90374137","KN297058v1","392670","392966","61","89981180"
"chr7","90376948","90377253","KN295480v1","1274084","1274387","69","89102864"
"chr7","90389800","90390091","KN296864v1","1939832","1940132","72","88449968"
"chr7","90494600","90494739","KN294842v1","1240164","1240299","27","89254436"
"chr7","90685488","90685649","KN294470v1","2691196","2691354","36","87994292"
"chr7","90685676","90685733","KN294705v1","1347840","1347902","21","89337836"
"chr7","90778931","90778972","KN296934v1","958340","958382","13","89820591"
"chr7","90779276","90779513","KN296637v1","653517","653752","70","90125759"
"chr7","90890091","90890374","KN295576v1","164716","164996","66","90725375"
"chr7","90936797","90937090","KN297156v1","141389","141676","66","90795408"
"chr7","91123912","91124187","KN294569v1","652042","652317","67","90471870"
"chr7","91399874","91400144","KN296864v1","2279896","2280175","69","89119978"
"chr7","91672773","91673052","KN296303v1","805215","805501","61","90867558"
"chr7","91922269","91922405","KN296210v1","326465","326608","30","91595804"
"chr7","92218072","92218382","KN296849v1","587508","587797","88","91630564"
"chr7","92264979","92265270","KN296795v1","1627125","1627421","77","90637854"
"chr7","92296226","92296488","KN294662v1","10980","11248","18","92285246"
"chr7","92319672","92319933","KN296948v1","762193","762479","73","91557479"
"chr7","92347457","92347610","KN296247v1","959095","959240","33","91388362"
"chr7","92350576","92350884","KN296096v1","1326102","1326406","71","91024474"
"chr7","92501130","92501312","KN294662v1","211735","211913","28","92289395"
"chr7","92573164","92573454","KN294399v1","171378","171682","68","92401786"
"chr7","92573876","92574010","KN294662v1","297841","297963","16","92276035"
"chr7","92580079","92580394","KN295205v1","1077585","1077883","81","91502494"
"chr7","92584078","92584214","KN296108v1","1532605","1532722","43","91051473"
"chr7","92667197","92667492","KN296964v1","1814390","1814681","77","90852807"
"chr7","92729741","92730043","KN294662v1","460711","460994","34","92269030"
"chr7","92788836","92789143","KN294662v1","533103","533368","53","92255733"
"chr7","93117294","93117578","KN296948v1","762193","762479","73","92355101"
"chr7","95015778","95016076","KN295633v1","778185","778486","69","94237593"
"chr7","95109559","95109866","KN294407v1","1142063","1142375","79","93967496"
"chr7","95195769","95196059","KN294578v1","639003","639297","64","94556766"
"chr7","95200262","95200579","KN296308v1","750453","750763","72","94449809"
"chr7","95228957","95229121","KN294569v1","180105","180259","47","95048852"
"chr7","95430183","95430309","KN296322v1","997745","997870","29","94432438"
"chr7","95430599","95430786","KN295744v1","211692","211871","47","95218907"
"chr7","95463037","95463332","KN295284v1","51299","51592","63","95411738"
"chr7","95517167","95517331","KN294407v1","109423","109582","32","95407744"
"chr7","95541918","95542094","KN297113v1","252877","253050","39","95289041"
"chr7","95764441","95764688","KN296311v1","2581889","2582135","60","93182552"
"chr7","95850948","95851234","KN297023v1","640512","640805","69","95210436"
"chr7","96345122","96345426","KN294419v1","64733","65033","75","96280389"
"chr7","96468637","96468927","KN296495v1","1076274","1076557","69","95392363"
"chr7","96944716","96944984","KN295490v1","404113","404381","17","96540603"
"chr7","97296041","97296299","KN295490v1","34980","35237","15","97261061"
"chr7","97457448","97457577","KN296812v1","136568","136697","4","97320880"
"chr7","97673714","97673873","KN294991v1","973655","973815","34","96700059"
"chr7","97743771","97744067","KN295356v1","578208","578494","72","97165563"
"chr7","97887976","97888273","KN294161v1","491457","491757","69","97396519"
"chr7","97899290","97899422","KN297279v1","1209908","1210040","23","96689382"
"chr7","97997158","97997246","KN296356v1","709320","709410","26","97287838"
"chr7","98004109","98004372","KN297046v1","3526635","3526886","67","94477474"
"chr7","98016599","98016655","KN294630v1","762574","762630","5","97254025"
"chr7","98047982","98048117","KN294630v1","724752","724887","8","97323230"
"chr7","98068417","98068506","KN295983v1","556778","556867","22","97511639"
"chr7","98112883","98113073","KN294443v1","437013","437176","67","97675870"
"chr7","98113447","98113560","KN295708v1","2743593","2743707","23","95369854"
"chr7","98124370","98124504","KN294630v1","647087","647221","10","97477283"
"chr7","98278101","98278409","KN297180v1","314236","314539","75","97963865"
"chr7","98288743","98288887","KN294630v1","474612","474767","27","97814131"
"chr7","98376222","98376528","KN296371v1","158213","158508","67","98218009"
"chr7","98380079","98380288","KN294372v1","2435922","2436135","52","95944157"
"chr7","98380639","98380734","KN296290v1","2081846","2081943","25","96298793"
"chr7","98420390","98420524","KN294630v1","339920","340054","8","98080470"
"chr7","98436331","98436469","KN294218v1","2756614","2756751","16","95679717"
"chr7","98501722","98501943","KN296312v1","182363","182572","57","98319359"
"chr7","98543419","98543721","KN294172v1","1944132","1944423","64","96599287"
"chr7","98561962","98562261","KN297180v1","314236","314539","64","98247726"
"chr7","98603785","98604083","KN296371v1","158213","158508","66","98445572"
"chr7","98624260","98624388","KN294630v1","123088","123218","9","98501172"
"chr7","98682779","98683090","KN294630v1","61228","61540","22","98621551"
"chr7","98722393","98722529","KN294630v1","20990","21123","13","98701403"
"chr7","98842578","98842840","KN296153v1","1716581","1716838","61","97125997"
"chr7","99037769","99037893","KN295441v1","789788","789916","23","98247981"
"chr7","99074748","99074883","KN294713v1","397589","397725","26","98677159"
"chr7","99127410","99127541","KN294207v1","126950","127083","21","99000460"
"chr7","99163385","99163686","KN294758v1","3078424","3078721","56","96084961"
"chr7","99172433","99172589","KN297245v1","2459373","2459526","39","96713060"
"chr7","99275294","99275419","KN296365v1","597866","598002","33","98677428"
"chr7","99308810","99308958","KN296732v1","3303486","3303632","26","96005324"
"chr7","99357358","99357628","KN297159v1","1843590","1843857","74","97513768"
"chr7","99371787","99371923","KN294848v1","656940","657076","24","98714847"
"chr7","99377014","99377295","KN294260v1","1091595","1091881","67","98285419"
"chr7","99382490","99382773","KN294861v1","165966","166239","70","99216524"
"chr7","99436861","99437165","KN295352v1","729753","730045","72","98707108"
"chr7","99539821","99540122","KN297180v1","314236","314539","67","99225585"
"chr7","99818725","99819034","KN297066v1","48943","49249","69","99769782"
"chr7","100003330","100003628","KN296322v1","1648835","1649139","63","98354495"
"chr7","100096373","100096489","KN294526v1","564768","564889","34","99531605"
"chr7","100096794","100096820","KN296865v1","889780","889813","13","99207014"
"chr7","100097126","100097218","KN296119v1","2873068","2873147","31","97224058"
"chr7","100151691","100152002","KN296322v1","1648835","1649139","75","98502856"
"chr7","100614491","100614761","KN296153v1","1716581","1716838","77","98897910"
"chr7","100628399","100628701","KN294260v1","822843","823138","70","99805556"
"chr7","100672662","100672833","KN296040v1","735347","735502","50","99937315"
"chr7","100712310","100712459","KN296187v1","1018477","1018630","31","99693833"
"chr7","100729590","100729842","KN295523v1","3469042","3469297","75","97260548"
"chr7","100736035","100736159","KN296864v1","3266405","3266529","19","97469630"
"chr7","100761223","100761358","KN294172v1","6718327","6718460","29","94042896"
"chr7","100777756","100777871","KN294650v1","82689","82804","22","100695067"
"chr7","100780808","100780943","KN295706v1","131306","131439","24","100649502"
"chr7","100855164","100855421","KN294964v1","963699","963959","55","99891465"
"chr7","100930482","100930620","KN294207v1","126950","127083","27","100803532"
"chr7","101049851","101050148","KN297058v1","194613","194917","68","100855238"
"chr7","101057599","101057905","KN294634v1","387267","387565","66","100670332"
"chr7","101254866","101254914","KN295366v1","149372","149424","11","101105494"
"chr7","101316964","101317151","KN295326v1","444837","444999","57","100872127"
"chr7","101317434","101317567","KN295236v1","1698335","1698473","29","99619099"
"chr7","101377174","101377306","KN294536v1","348653","348787","24","101028521"
"chr7","101418457","101418736","KN296550v1","110501","110774","60","101307956"
"chr7","101437876","101438012","KN296122v1","289224","289359","19","101148652"
"chr7","101577476","101577747","KN295633v1","1501780","1502052","71","100075696"
"chr7","101695115","101695420","KN297141v1","17086","17384","65","101678029"
"chr7","101730966","101731272","KN294758v1","3078424","3078721","65","98652542"
"chr7","101745889","101746187","KN294421v1","9377","9683","71","101736512"
"chr7","101771131","101771251","KN294458v1","812215","812336","25","100958916"
"chr7","101791026","101791160","KN295526v1","145592","145725","25","101645434"
"chr7","101851819","101852129","KN295102v1","387826","388136","61","101463993"
"chr7","102016543","102016621","KN294539v1","2023522","2023599","24","99993021"
"chr7","102078079","102078375","KN295037v1","49162","49463","62","102028917"
"chr7","102114598","102114911","KN294964v1","1274971","1275281","69","100839627"
"chr7","102119715","102119845","KN296138v1","11819","11953","21","102107896"
"chr7","102214242","102214453","KN295923v1","1986700","1986911","47","100227542"
"chr7","102228462","102228512","KN296484v1","840284","840335","10","101388178"
"chr7","102432226","102432366","KN294583v1","189119","189254","26","102243107"
"chr7","102435279","102435392","KN297038v1","317140","317257","25","102118139"
"chr7","102524821","102524951","KN295706v1","131306","131439","25","102393515"
"chr7","102623911","102624041","KN295706v1","131306","131439","25","102492605"
"chr7","102735078","102735188","KN295967v1","317728","317828","30","102417350"
"chr7","102789124","102789383","KN295294v1","3442647","3442882","69","99346477"
"chr7","102881980","102882279","KN295480v1","1274084","1274387","66","101607896"
"chr7","103037528","103037814","KN295356v1","578208","578494","63","102459320"
"chr7","103060066","103060354","KN295633v1","778185","778486","67","102281881"
"chr7","103083338","103083630","KN294279v1","506995","507287","61","102576343"
"chr7","103282648","103282932","KN295984v1","2286186","2286477","60","100996462"
"chr7","103494395","103494665","KN296829v1","887562","887839","66","102606833"
"chr7","103698520","103698813","KN295767v1","123721","124011","36","103574799"
"chr7","103994581","103994869","KN294199v1","1022551","1022840","45","102972030"
"chr7","104054499","104054789","KN294499v1","302959","303249","23","103751540"
"chr7","104295279","104295577","KN295725v1","293304","293604","67","104001975"
"chr7","104418300","104418545","KN295346v1","1243459","1243703","56","103174841"
"chr7","104677095","104677394","KN295480v1","1274084","1274387","72","103403011"
"chr7","104873389","104873648","KN294499v1","1103559","1103814","30","103769830"
"chr7","104879453","104879717","KN294499v1","1110140","1110419","26","103769313"
"chr7","104955092","104955228","KN296573v1","15418","15557","35","104939674"
"chr7","105001788","105002075","KN294499v1","1238894","1239174","26","103762894"
"chr7","105032492","105032799","KN295294v1","1252231","1252546","68","103780261"
"chr7","105034236","105034531","KN294499v1","1271742","1272029","20","103762494"
"chr7","105057439","105057751","KN297180v1","314236","314539","76","104743203"
"chr7","105060429","105060735","KN296864v1","1939832","1940132","74","103120597"
"chr7","105098235","105098406","KN295633v1","552946","553113","40","104545289"
"chr7","105098704","105098725","KN294536v1","456759","456780","8","104641945"
"chr7","105207140","105207300","KN297171v1","1235221","1235375","31","103971919"
"chr7","105256368","105256657","KN296883v1","2609802","2610089","63","102646566"
"chr7","105320850","105321132","KN296948v1","762193","762479","66","104558657"
"chr7","105375400","105375525","KN296322v1","997745","997870","24","104377655"
"chr7","105378961","105379157","KN297046v1","2262724","2262922","51","103116237"
"chr7","105393783","105393948","KN295114v1","20274","20431","47","105373509"
"chr7","105428770","105429076","KN295346v1","1646114","1646406","68","103782656"
"chr7","105477823","105478108","KN294499v1","1735366","1735651","26","103742457"
"chr7","105486393","105486489","KN294499v1","1744755","1744851","7","103741638"
"chr7","105529693","105529986","KN296322v1","1648835","1649139","64","103880858"
"chr7","105590772","105591081","KN294439v1","130265","130569","65","105460507"
"chr7","105619538","105619856","KN295893v1","5129577","5129894","69","100489961"
"chr7","105646030","105646296","KN294499v1","1906911","1907192","30","103739119"
"chr7","106681405","106681579","KN294548v1","490123","490280","46","106191282"
"chr7","106747192","106747283","KN295236v1","1305949","1306032","29","105441243"
"chr7","106747684","106747769","KN297276v1","364613","364682","27","106383071"
"chr7","107002458","107002732","KN294987v1","459255","459513","72","106543203"
"chr7","107357650","107357966","KN296759v1","6357","6660","79","107351293"
"chr7","107487368","107487499","KN294790v1","3690102","3690234","21","103797266"
"chr7","107496928","107497230","KN294172v1","1404856","1405150","68","106092072"
"chr7","107540301","107540618","KN295523v1","3691392","3691704","79","103848909"
"chr7","107594189","107594480","KN295346v1","1646114","1646406","64","105948075"
"chr7","107611285","107611436","KN297320v1","677594","677746","26","106933691"
"chr7","107671163","107671460","KN294452v1","1374937","1375240","65","106296226"
"chr7","107754843","107755137","KN296864v1","1939832","1940132","67","105815011"
"chr7","107775443","107775732","KN296538v1","333498","333794","69","107441945"
"chr7","107778708","107779001","KN297141v1","17086","17384","59","107761622"
"chr7","107805871","107806044","KN294416v1","934596","934758","36","106871275"
"chr7","107806326","107806467","KN294235v1","972159","972293","29","106834167"
"chr7","107885958","107886080","KN296682v1","4980731","4980854","21","102905227"
"chr7","108064894","108065215","KN294452v1","1374937","1375240","73","106689957"
"chr7","108068521","108068669","KN294346v1","260578","260726","31","107807943"
"chr7","108353339","108353620","KN295893v1","1879651","1879923","66","106473688"
"chr7","108589100","108589406","KN294161v1","491457","491757","86","108097643"
"chr7","108811861","108812175","KN296594v1","619931","620241","71","108191930"
"chr7","108871874","108872193","KN294439v1","130265","130569","85","108741609"
"chr7","108955244","108955560","KN295073v1","1193749","1194036","46","107761495"
"chr7","109130315","109130619","KN295073v1","1014806","1015109","22","108115509"
"chr7","109245428","109245713","KN294199v1","1022551","1022840","58","108222877"
"chr7","109612310","109612623","KN296096v1","1326102","1326406","87","108286208"
"chr7","109750478","109750757","KN295073v1","376322","376599","21","109374156"
"chr7","110130019","110130319","KN295633v1","909764","910066","73","109220255"
"chr7","110608543","110608844","KN294399v1","171378","171682","65","110437165"
"chr7","110732789","110733080","KN295430v1","2009073","2009373","72","108723716"
"chr7","111086145","111086460","KN296795v1","1627125","1627421","87","109459020"
"chr7","111141792","111141998","KN294208v1","73414","73627","48","111068378"
"chr7","111259353","111259642","KN295742v1","1046","1335","69","111258307"
"chr7","111464204","111464482","KN295967v1","1520844","1521111","76","109943360"
"chr7","111506005","111506126","KN296096v1","3240902","3241016","33","108265103"
"chr7","111751758","111751978","KN295803v1","1216071","1216287","64","110535687"
"chr7","111772192","111772340","KN296296v1","446565","446696","47","111325627"
"chr7","112164001","112164285","KN296864v1","1939832","1940132","66","110224169"
"chr7","112409002","112409322","KN297066v1","48943","49249","65","112360059"
"chr7","112675935","112676293","KN294407v1","766794","767133","103","111909141"
"chr7","112847856","112848161","KN294790v1","1862467","1862771","73","110985389"
"chr7","112946326","112946627","KN297230v1","965330","965613","42","111980996"
"chr7","113369198","113369508","KN297230v1","573584","573878","50","112795614"
"chr7","113585227","113585525","KN297230v1","374346","374645","13","113210881"
"chr7","113818542","113818774","KN297230v1","148710","148946","36","113669832"
"chr7","113962199","113962499","KN295371v1","357921","358217","71","113604278"
"chr7","114094662","114094875","KN297317v1","77457","77669","53","114017205"
"chr7","114123080","114123383","KN295225v1","149352","149659","29","113973728"
"chr7","114463040","114463192","KN297171v1","1235221","1235375","29","113227819"
"chr7","114521350","114521553","KN295225v1","535738","535948","19","113985612"
"chr7","114667142","114667444","KN295225v1","688763","689066","19","113978379"
"chr7","114889247","114889534","KN295814v1","212884","213163","86","114676363"
"chr7","114919280","114919540","KN297046v1","2130311","2130564","62","112788969"
"chr7","114982420","114982716","KN294235v1","47425","47725","69","114934995"
"chr7","115478888","115479042","KN295225v1","1530403","1530580","36","113948485"
"chr7","115512343","115512649","KN296153v1","687110","687394","76","114825233"
"chr7","115831739","115832030","KN295225v1","1901994","1902262","54","113929745"
"chr7","116816547","116816835","KN294199v1","1022551","1022840","63","115793996"
"chr7","116837230","116837422","KN295983v1","2302545","2302723","61","114534685"
"chr7","116852806","116853077","KN296825v1","2323044","2323333","70","114529762"
"chr7","116854079","116854369","KN295257v1","300761","301044","70","116553318"
"chr7","116925139","116925427","KN295346v1","1646114","1646406","63","115279025"
"chr7","116989579","116989848","KN295490v1","34980","35237","59","116954599"
"chr7","117105318","117105580","KN295352v1","1019178","1019436","64","116086140"
"chr7","117171947","117172244","KN295871v1","984256","984556","71","116187691"
"chr7","117197054","117197313","KN294539v1","1506592","1506858","79","115690462"
"chr7","117250240","117250501","KN295596v1","2566260","2566526","70","114683980"
"chr7","117367882","117368226","KN294269v1","1089159","1089501","90","116278723"
"chr7","117443345","117443502","KN294569v1","180105","180259","33","117263240"
"chr7","117447506","117447675","KN297319v1","373164","373327","45","117074342"
"chr7","117545824","117545984","KN294271v1","8882","9045","31","117536942"
"chr7","117546292","117546434","KN296210v1","326465","326608","27","117219827"
"chr7","117585628","117585943","KN294257v1","1693918","1694233","77","115891710"
"chr7","118749115","118749409","KN296495v1","1076274","1076557","81","117672841"
"chr7","118988528","118988804","KN297197v1","2554894","2555174","64","116433634"
"chr7","120484284","120484454","KN294964v1","1458973","1459150","48","119025311"
"chr7","121136757","121136922","KN296000v1","898022","898186","40","120238735"
"chr7","121137191","121137472","KN296864v1","403702","403982","70","120733489"
"chr7","121360551","121360858","KN295667v1","1567361","1567664","61","119793190"
"chr7","121393176","121393436","KN294571v1","2363835","2364096","74","119029341"
"chr7","121408006","121408324","KN294421v1","9377","9683","70","121398629"
"chr7","121428862","121429138","KN294207v1","634204","634468","66","120794658"
"chr7","121607939","121608200","KN294539v1","1506592","1506858","63","120101347"
"chr7","121841784","121842081","KN296948v1","762193","762479","76","121079591"
"chr7","122046152","122046434","KN295406v1","486578","486886","74","121559574"
"chr7","122158699","122158993","KN295368v1","1939103","1939400","69","120219596"
"chr7","122504570","122504863","KN296803v1","296116","296408","35","122208454"
"chr7","122790115","122790424","KN296322v1","1648835","1649139","67","121141280"
"chr7","122810686","122810893","KN295533v1","2434686","2434882","44","120376000"
"chr7","123670753","123671064","KN296268v1","911960","912261","43","122758793"
"chr7","123776418","123776717","KN294172v1","1404856","1405150","75","122371562"
"chr7","123977386","123977672","KN297242v1","1350450","1350740","65","122626936"
"chr7","124028393","124028683","KN294728v1","765090","765383","70","123263303"
"chr7","124077235","124077507","KN295930v1","508859","509136","77","123568376"
"chr7","124491784","124492074","KN294728v1","765090","765383","70","123726694"
"chr7","124803571","124803872","KN294581v1","315061","315366","87","124488510"
"chr7","124920811","124921116","KN296322v1","1648835","1649139","68","123271976"
"chr7","125321398","125321543","KN294346v1","260578","260726","44","125060820"
"chr7","125361734","125362022","KN294210v1","473112","473404","61","124888622"
"chr7","125370645","125370906","KN296019v1","58567","58820","76","125312078"
"chr7","125488512","125488797","KN297046v1","1666770","1667044","68","123821742"
"chr7","125915742","125915835","KN295810v1","455081","455179","8","125460661"
"chr7","126530806","126531031","KN294458v1","1818611","1818826","54","124712195"
"chr7","126620025","126620296","KN296495v1","1076274","1076557","72","125543751"
"chr7","126781709","126782013","KN296345v1","135270","135575","68","126646439"
"chr7","126917065","126917274","KN295923v1","1986700","1986911","49","124930365"
"chr7","126927148","126927436","KN294493v1","1639497","1639778","69","125287651"
"chr7","127115835","127116123","KN294747v1","917219","917517","67","126198616"
"chr7","127141978","127142276","KN294452v1","1374937","1375240","70","125767041"
"chr7","127198670","127198837","KN296877v1","151376","151537","38","127047294"
"chr7","127199140","127199251","KN296926v1","455694","455813","32","126743446"
"chr7","127224785","127224914","KN294172v1","6272486","6272617","24","120952299"
"chr7","127291125","127291401","KN297462v1","564741","565026","65","126726384"
"chr7","127405534","127405822","KN296948v1","762193","762479","63","126643341"
"chr7","127479798","127480033","KN296625v1","638837","639065","61","126840961"
"chr7","127511968","127512295","KN295430v1","2009073","2009373","94","125502895"
"chr7","127532421","127532665","KN294569v1","167642","167877","58","127364779"
"chr7","127670682","127670811","KN296820v1","874322","874456","26","126796360"
"chr7","127871849","127872140","KN295090v1","2374852","2375141","63","125496997"
"chr7","127881804","127881928","KN295692v1","1233209","1233331","32","126648595"
"chr7","128175367","128175664","KN295346v1","1646114","1646406","63","126529253"
"chr7","128179149","128179454","KN295633v1","778185","778486","73","127400964"
"chr7","128276344","128276651","KN296244v1","296863","297159","64","127979481"
"chr7","128313434","128313624","KN294446v1","801059","801280","64","127512375"
"chr7","128314333","128314367","KN296503v1","535002","535030","11","127779331"
"chr7","128341889","128342184","KN295933v1","40027","40319","67","128301862"
"chr7","128378338","128378628","KN296315v1","1023330","1023621","66","127355008"
"chr7","128398146","128398265","KN294410v1","486228","486353","33","127911918"
"chr7","128452584","128452708","KN294172v1","3568097","3568221","21","124884487"
"chr7","128503434","128503598","KN296864v1","3353170","3353334","40","125150264"
"chr7","128523103","128523382","KN297274v1","1285745","1286019","76","127237358"
"chr7","128575364","128575630","KN297442v1","1543742","1544012","71","127031622"
"chr7","128627437","128627556","KN295441v1","789788","789916","28","127837649"
"chr7","128637742","128637799","KN296316v1","254338","254391","6","128383404"
"chr7","128638115","128638214","KN296316v1","253938","254035","6","128384177"
"chr7","128647897","128648164","KN295267v1","81052","81310","67","128566845"
"chr7","128676891","128677062","KN294187v1","1190498","1190657","41","127486393"
"chr7","128703509","128703799","KN295929v1","240001","240300","67","128463508"
"chr7","128820592","128820725","KN294410v1","486228","486353","30","128334364"
"chr7","128861666","128861823","KN294172v1","3210200","3210360","38","125651466"
"chr7","128926929","128927234","KN295523v1","3691392","3691704","81","125235537"
"chr7","128985314","128985616","KN294452v1","1374937","1375240","61","127610377"
"chr7","128994958","128995086","KN294978v1","3847610","3847736","25","125147348"
"chr7","129008237","129008368","KN297445v1","1333351","1333481","20","127674886"
"chr7","129015553","129015842","KN295601v1","1689885","1690170","61","127325668"
"chr7","129022103","129022347","KN297445v1","1222732","1222973","61","127799371"
"chr7","129041084","129041377","KN295352v1","729753","730045","66","128311331"
"chr7","129250024","129250292","KN295893v1","1879651","1879923","79","127370373"
"chr7","129338167","129338454","KN294264v1","432867","433151","67","128905300"
"chr7","129361639","129361839","KN296635v1","2061822","2062028","55","127299817"
"chr7","129383157","129383459","KN295586v1","5310987","5311300","67","124072170"
"chr7","129443026","129443346","KN295294v1","1252231","1252546","69","128190795"
"chr7","129450677","129450747","KN295996v1","133273","133341","13","129317404"
"chr7","129570932","129571061","KN296311v1","4815038","4815168","22","124755894"
"chr7","129616301","129616606","KN295586v1","4835747","4836042","80","124780554"
"chr7","129815654","129815843","KN294831v1","330977","331143","51","129484677"
"chr7","129820567","129820671","KN296775v1","974808","974917","27","128845759"
"chr7","129903481","129903612","KN295441v1","789788","789916","21","129113693"
"chr7","129905812","129905977","KN297171v1","1235221","1235375","44","128670591"
"chr7","129911636","129911942","KN294161v1","491457","491757","58","129420179"
"chr7","129948531","129948666","KN294172v1","6272486","6272617","25","123676045"
"chr7","130034161","130034203","KN294302v1","676226","676263","11","129357935"
"chr7","130034513","130034789","KN296306v1","1771005","1771285","75","128263508"
"chr7","130062647","130062868","KN294879v1","1183051","1183277","48","128879596"
"chr7","130079970","130080241","KN297112v1","4879822","4880096","63","125200148"
"chr7","130304031","130304165","KN297453v1","84448","84582","20","130219583"
"chr7","130503527","130503843","KN295667v1","1567361","1567664","81","128936166"
"chr7","130628763","130629029","KN297165v1","2057218","2057488","65","128571545"
"chr7","130937894","130938187","KN294790v1","4710268","4710552","62","126227626"
"chr7","130947298","130947437","KN295701v1","629392","629529","42","130317906"
"chr7","131022363","131022562","KN294372v1","2271473","2271671","51","128750890"
"chr7","131022853","131022998","KN296311v1","2361921","2362066","26","128660932"
"chr7","131081461","131081594","KN294378v1","1273477","1273608","20","129807984"
"chr7","131128630","131128894","KN296682v1","477761","478029","72","130650869"
"chr7","131199275","131199487","KN294172v1","787198","787430","69","130412077"
"chr7","131206574","131206851","KN294325v1","671765","672051","63","130534809"
"chr7","131224124","131224263","KN297038v1","232896","233031","32","130991228"
"chr7","131224574","131224731","KN295633v1","759755","759918","48","130464819"
"chr7","131281681","131281965","KN295667v1","1567361","1567664","69","129714320"
"chr7","131289345","131289476","KN295236v1","2369540","2369674","16","128919805"
"chr7","131354946","131355079","KN295706v1","131306","131439","23","131223640"
"chr7","131392908","131393104","KN296119v1","805789","806002","65","130587119"
"chr7","131393645","131393923","KN295428v1","224334","224605","61","131169311"
"chr7","131404328","131404582","KN294571v1","2055636","2055896","82","129348692"
"chr7","131482603","131482663","KN294175v1","206644","206698","18","131275959"
"chr7","131508433","131508556","KN295667v1","482551","482676","25","131025882"
"chr7","131585177","131585308","KN295090v1","610678","610810","22","130974499"
"chr7","131646324","131646645","KN294172v1","6472668","6472985","79","125173656"
"chr7","131724374","131724516","KN294346v1","260578","260726","13","131463796"
"chr7","131724644","131724886","KN295586v1","185554","185803","65","131539090"
"chr7","131750799","131751093","KN295320v1","844151","844453","70","130906648"
"chr7","131773019","131773249","KN296625v1","638837","639065","47","131134182"
"chr7","132111659","132111972","KN296252v1","147832","148144","39","131963827"
"chr7","132283893","132284178","KN294396v1","224755","225042","69","132059138"
"chr7","132703629","132703763","KN296404v1","1017857","1017993","23","131685772"
"chr7","132714585","132714907","KN297023v1","640512","640805","82","132074073"
"chr7","133403648","133403860","KN295923v1","1986700","1986911","46","131416948"
"chr7","133496140","133496466","KN296322v1","1648835","1649139","80","131847305"
"chr7","133621994","133622274","KN295282v1","123186","123460","65","133498808"
"chr7","133751864","133751982","KN294499v1","518311","518429","24","133233553"
"chr7","133752015","133752179","KN296754v1","59195","59361","35","133692820"
"chr7","133849145","133849439","KN295099v1","55159","55457","70","133793986"
"chr7","134796570","134796884","KN297058v1","194613","194917","62","134601957"
"chr7","135155547","135155855","KN294848v1","1246098","1246379","84","133909449"
"chr7","135349785","135349882","KN294294v1","174673","174776","26","135175112"
"chr7","135588906","135589185","KN297233v1","1149627","1149897","38","134439279"
"chr7","135630642","135630925","KN297008v1","6549351","6549627","66","129081291"
"chr7","135633608","135633742","KN296643v1","531350","531484","21","135102258"
"chr7","135698933","135699239","KN295633v1","1633983","1634282","78","134064950"
"chr7","135749728","135750028","KN296322v1","1648835","1649139","65","134100893"
"chr7","135851152","135851379","KN297233v1","885829","886037","36","134965323"
"chr7","135859553","135859685","KN296311v1","6471968","6472102","19","129387585"
"chr7","136000001","136000112","KN295525v1","497","600","32","135999504"
"chr7","136518472","136518742","KN296011v1","67440","67709","58","136451032"
"chr7","136671308","136671592","KN294499v1","1906911","1907192","73","134764397"
"chr7","137132399","137132547","KN297327v1","920937","921085","34","136211462"
"chr7","138005592","138005849","KN295352v1","1019178","1019436","59","136986414"
"chr7","138027647","138027812","KN296311v1","2616458","2616622","33","135411189"
"chr7","138044072","138044234","KN294991v1","973655","973815","29","137070417"
"chr7","138059482","138059763","KN296847v1","1835998","1836290","74","136223484"
"chr7","138082361","138082688","KN296322v1","1648835","1649139","82","136433526"
"chr7","138094546","138094818","KN296921v1","785494","785770","60","137309052"
"chr7","138115163","138115456","KN294569v1","652042","652317","72","137463121"
"chr7","138139994","138140172","KN296701v1","462609","462775","58","137677385"
"chr7","138140454","138140597","KN295667v1","1635663","1635807","34","136504791"
"chr7","138156080","138156225","KN296880v1","198524","198663","27","137957556"
"chr7","138231456","138231599","KN296485v1","233864","234011","33","137997592"
"chr7","138231902","138232078","KN295923v1","1333350","1333524","36","136898552"
"chr7","138306667","138306812","KN296732v1","3303486","3303632","26","135003181"
"chr7","138307111","138307276","KN294991v1","973655","973815","36","137333456"
"chr7","138383914","138384204","KN295984v1","150673","150962","60","138233241"
"chr7","138391540","138391843","KN296290v1","76119","76420","65","138315421"
"chr7","138624694","138625000","KN294911v1","2345931","2346239","74","136278763"
"chr7","138626297","138626403","KN294210v1","694425","694529","27","137931872"
"chr7","138626683","138626864","KN295352v1","256766","256946","40","138369917"
"chr7","138640930","138641204","KN295257v1","300761","301044","68","138340169"
"chr7","138693225","138693435","KN296192v1","228160","228362","61","138465065"
"chr7","138735869","138735925","KN296879v1","999794","999852","17","137736075"
"chr7","138862213","138862533","KN294954v1","70243","70554","76","138791970"
"chr7","138910878","138911037","KN296732v1","3522095","3522260","32","135388783"
"chr7","139056165","139056330","KN296701v1","462609","462775","41","138593556"
"chr7","139103050","139103400","KN296311v1","2626262","2626603","108","136476788"
"chr7","139179098","139179258","KN294558v1","284993","285139","40","138894105"
"chr7","139184627","139184772","KN297158v1","13205","13345","27","139171422"
"chr7","139185070","139185210","KN294987v1","646342","646477","40","138538728"
"chr7","139186146","139186448","KN294758v1","3078424","3078721","61","136107722"
"chr7","139249692","139250000","KN297190v1","4616696","4617006","71","134632996"
"chr7","139275684","139275927","KN295893v1","5531546","5531784","60","133744138"
"chr7","139372658","139372791","KN297453v1","84448","84582","19","139288210"
"chr7","139385341","139385619","KN296948v1","762193","762479","69","138623148"
"chr7","139684435","139684729","KN295384v1","67573","67866","66","139616862"
"chr7","139696291","139696609","KN295667v1","1567361","1567664","77","138128930"
"chr7","139861253","139861554","KN296948v1","762193","762479","67","139099060"
"chr7","140099194","140099494","KN295099v1","55159","55457","59","140044035"
"chr7","140339035","140339101","KN296864v1","203949","204018","14","140135086"
"chr7","140383323","140383490","KN295722v1","1546817","1546986","41","138836506"
"chr7","140389856","140390112","KN295267v1","81052","81310","63","140308804"
"chr7","140686583","140686744","KN296915v1","198375","198534","36","140488208"
"chr7","140769738","140769872","KN294879v1","331383","331517","11","140438355"
"chr7","140822845","140823123","KN294879v1","385981","386259","11","140436864"
"chr7","140839193","140839319","KN294879v1","400817","400946","11","140438376"
"chr7","140884489","140884748","KN294879v1","448126","448395","23","140436363"
"chr7","140951270","140951580","KN294879v1","514770","515095","29","140436500"
"chr7","140959865","140959995","KN295803v1","255996","256129","32","140703869"
"chr7","140970536","140970667","KN295032v1","22170","22300","32","140948366"
"chr7","140970670","140970977","KN294991v1","1709174","1709474","83","139261496"
"chr7","141694270","141694545","KN296649v1","28211","28505","68","141666059"
"chr7","143173588","143173677","KN294996v1","543397","543494","28","142630191"
"chr7","143249930","143250164","KN297046v1","2130311","2130564","65","141119619"
"chr7","143594366","143594645","KN295893v1","1879651","1879923","73","141714715"
"chr7","143867190","143867469","KN295893v1","1879651","1879923","73","141987539"
"chr7","144236335","144236654","KN295368v1","1328354","1328678","74","142907981"
"chr7","144314315","144314634","KN295368v1","1328354","1328678","73","142985961"
"chr7","144508075","144508327","KN296594v1","237857","238127","77","144270218"
"chr7","144577957","144578251","KN295099v1","55159","55457","65","144522798"
"chr7","144597003","144597122","KN294499v1","518311","518429","25","144078692"
"chr7","144597166","144597264","KN295501v1","718333","718428","32","143878833"
"chr7","144694383","144694695","KN295102v1","38793","39103","76","144655590"
"chr7","144727945","144728244","KN295117v1","112788","113084","78","144615157"
"chr7","144773433","144773709","KN294571v1","2055636","2055896","64","142717797"
"chr7","144831703","144831869","KN297319v1","373164","373327","36","144458539"
"chr7","145186430","145186700","KN297190v1","136929","137202","74","145049501"
"chr7","145604902","145605215","KN297039v1","1439340","1439648","28","144165562"
"chr7","146877220","146877503","KN297133v1","328287","328569","64","146548933"
"chr7","147003742","147004032","KN297039v1","3139","3429","36","147000603"
"chr7","147038020","147038166","KN296145v1","649092","649233","32","146388928"
"chr7","147467750","147468017","KN295722v1","1797254","1797516","61","145670496"
"chr7","147468018","147468297","KN297026v1","800582","800867","73","146667436"
"chr7","147972934","147973181","KN294613v1","331392","331636","65","147641542"
"chr7","148081978","148082109","KN295236v1","3047477","3047602","25","145034501"
"chr7","148112455","148112689","KN297165v1","596939","597176","68","147515516"
"chr7","148580209","148580349","KN297274v1","1606553","1606683","30","146973656"
"chr7","148657670","148657968","KN295077v1","740031","740327","70","147917639"
"chr7","148766122","148766412","KN296460v1","825006","825313","30","147941116"
"chr7","148886953","148887238","KN296460v1","708279","708556","41","148178674"
"chr7","149151593","149151693","KN296460v1","433511","433606","23","148718082"
"chr7","149379094","149379368","KN296883v1","3290038","3290316","58","146089056"
"chr7","149429072","149429384","KN296460v1","153298","153609","8","149275774"
"chr7","149479920","149480032","KN296460v1","102843","102954","3","149377077"
"chr7","149552119","149552349","KN295596v1","3046296","3046522","62","146505823"
"chr7","149559595","149559902","KN296505v1","323963","324278","81","149235632"
"chr7","149754478","149754791","KN297242v1","1213658","1213969","63","148540820"
"chr7","149852387","149852665","KN295633v1","2306898","2307163","52","147545489"
"chr7","150192290","150192601","KN296322v1","1648835","1649139","70","148543455"
"chr7","150356277","150356582","KN294848v1","932997","933294","90","149423280"
"chr7","150418816","150419083","KN296157v1","1145342","1145607","74","149273474"
"chr7","150464400","150464707","KN296322v1","1648835","1649139","68","148815565"
"chr7","151005783","151006029","KN296557v1","788652","788900","73","150217131"
"chr7","151025200","151025330","KN296311v1","4657589","4657718","23","146367611"
"chr7","151073009","151073248","KN296311v1","2581889","2582135","62","148491120"
"chr7","151094685","151094813","KN296643v1","191078","191208","22","150903607"
"chr7","151230030","151230154","KN295533v1","2843283","2843406","25","148386747"
"chr7","151292828","151293101","KN294420v1","816046","816329","67","150476782"
"chr7","151352451","151352741","KN297046v1","1623175","1623470","64","149729276"
"chr7","151382980","151383189","KN295666v1","152100","152313","60","151230880"
"chr7","151383493","151383616","KN296322v1","997745","997870","15","150385748"
"chr7","151487029","151487300","KN296864v1","1447995","1448277","66","150039034"
"chr7","151534203","151534491","KN296062v1","1688226","1688516","78","149845977"
"chr7","151536074","151536250","KN296926v1","1156893","1157056","47","150379181"
"chr7","151563594","151563796","KN296635v1","2061822","2062028","59","149501772"
"chr7","151713572","151713875","KN296836v1","993587","993901","68","150719985"
"chr7","151730385","151730521","KN296880v1","198524","198663","23","151531861"
"chr7","151996458","151996758","KN294210v1","473112","473404","72","151523346"
"chr7","151997921","151998206","KN296948v1","762193","762479","57","151235728"
"chr7","152345139","152345457","KN297200v1","235109","235385","100","152110030"
"chr7","152481729","152481865","KN295526v1","145592","145725","29","152336137"
"chr7","152679940","152680030","KN296513v1","2370825","2370911","26","150309115"
"chr7","152717044","152717182","KN295236v1","3047477","3047602","44","149669567"
"chr7","152887087","152887365","KN296404v1","2095101","2095370","74","150791986"
"chr7","152973128","152973279","KN297180v1","2065065","2065204","43","150908063"
"chr7","152973305","152973425","KN297323v1","349913","350031","22","152623392"
"chr7","153024683","153024953","KN296404v1","2095101","2095370","67","150929582"
"chr7","153371002","153371303","KN295352v1","729753","730045","65","152641249"
"chr7","153774683","153774995","KN296322v1","1648835","1649139","72","152125848"
"chr7","153896523","153896812","KN294991v1","59955","60244","70","153836568"
"chr7","153898173","153898459","KN296495v1","1076274","1076557","57","152821899"
"chr7","155028174","155028453","KN296306v1","1771005","1771285","15","153257169"
"chr7","155393972","155394258","KN294199v1","1022551","1022840","69","154371421"
"chr7","155530297","155530621","KN296306v1","2267835","2268149","31","153262462"
"chr7","155641460","155641780","KN296306v1","2372981","2373277","41","153268479"
"chr7","156695031","156695321","KN296306v1","3470412","3470702","13","153224619"
"chr7","156770632","156770936","KN296864v1","1939832","1940132","65","154830800"
"chr7","156888636","156888770","KN295605v1","687968","688102","22","156200668"
"chr7","156995585","156995860","KN296306v1","3759093","3759375","38","153236492"
"chr7","157164153","157164453","KN295480v1","1274084","1274387","70","155890069"
"chr7","157233293","157233579","KN294294v1","145451","145740","72","157087842"
"chr7","157321735","157321870","KN297343v1","1944803","1944943","11","155376932"
"chr7","157353091","157353227","KN297343v1","1914592","1914726","22","155438499"
"chr7","157359376","157359505","KN297343v1","1907940","1908079","20","155451436"
"chr7","158605625","158605944","KN296036v1","176816","177127","28","158428809"
"chr7","158642256","158642554","KN297023v1","152219","152509","78","158490037"
"chr7","159162793","159163085","KN295099v1","55159","55457","66","159107634"
"chr8","81657651","81657917","KN297197v1","1048614","1048879","78","80609037"
"chr8","86507500","86507638","KN296210v1","326465","326608","25","86181035"
"chr8","96456","96721","KN294571v1","2055636","2055896","67","1959180"
"chr8","261382","261689","KN294234v1","2766447","2766749","29","2505065"
"chr8","621933","622246","KN294234v1","2446839","2447143","27","1824906"
"chr8","698626","698776","KN294269v1","1347949","1348104","37","649323"
"chr8","1644953","1645078","KN296108v1","1532605","1532722","40","112348"
"chr8","1787024","1787322","KN294234v1","1382137","1382445","38","404887"
"chr8","2349450","2349749","KN294234v1","814985","815285","38","1534465"
"chr8","2577939","2578078","KN296365v1","597866","598002","29","1980073"
"chr8","3610258","3610524","KN294861v1","165966","166239","86","3444292"
"chr8","3756799","3757097","KN294207v1","595798","596096","73","3161001"
"chr8","4339743","4340018","KN297263v1","1450533","1450845","66","2889210"
"chr8","5695536","5695816","KN295967v1","390588","390866","79","5304948"
"chr8","7172630","7172924","KN295633v1","909764","910066","75","6262866"
"chr8","8513035","8513306","KN296311v1","6546105","6546379","68","1966930"
"chr8","8644636","8644926","KN297230v1","965330","965613","76","7679306"
"chr8","8680956","8681260","KN297184v1","1114866","1115167","58","7566090"
"chr8","8705324","8705621","KN296119v1","4141131","4141431","69","4564193"
"chr8","9272752","9273030","KN295708v1","735658","735943","66","8537094"
"chr8","9595831","9596112","KN296864v1","3138537","3138822","67","6457294"
"chr8","9712193","9712489","KN295117v1","112788","113084","62","9599405"
"chr8","9822865","9823065","KN296296v1","251172","251369","50","9571693"
"chr8","9861275","9861565","KN297023v1","640512","640805","57","9220763"
"chr8","10753411","10753705","KN296495v1","1076274","1076557","66","9677137"
"chr8","11222026","11222270","KN297095v1","2669325","2669548","63","8552701"
"chr8","11670812","11671103","KN295814v1","1099950","1100250","51","10570862"
"chr8","11711496","11711772","KN295893v1","1879651","1879923","54","9831845"
"chr8","11807154","11807462","KN294421v1","1610749","1611032","91","10196405"
"chr8","11832273","11832576","KN294421v1","9377","9683","66","11822896"
"chr8","12571300","12571432","KN294470v1","3133941","3134076","22","9437359"
"chr8","12610354","12610649","KN294161v1","491457","491757","68","12118897"
"chr8","12805837","12805988","KN297245v1","2021145","2021297","31","10784692"
"chr8","12806284","12806432","KN296732v1","3303486","3303632","37","9502798"
"chr8","12884075","12884371","KN297180v1","314236","314539","67","12569839"
"chr8","13034161","13034439","KN295722v1","1369561","1369836","54","11664600"
"chr8","13088081","13088383","KN295352v1","729753","730045","62","12358328"
"chr8","13098613","13098914","KN294260v1","822843","823138","67","12275770"
"chr8","13112712","13112846","KN296732v1","3311835","3311972","22","9800877"
"chr8","13194726","13195026","KN295667v1","1567361","1567664","63","11627365"
"chr8","13199172","13199479","KN294954v1","70243","70554","73","13128929"
"chr8","13257226","13257458","KN296825v1","400881","401116","58","12856345"
"chr8","13269452","13269723","KN295933v1","40027","40319","80","13229425"
"chr8","13271674","13271972","KN295406v1","486578","486886","73","12785096"
"chr8","13289216","13289353","KN295367v1","54394","54545","42","13234822"
"chr8","13289415","13289628","KN297386v1","2476195","2476402","49","10813220"
"chr8","13318032","13318333","KN296311v1","5278234","5278515","67","8039798"
"chr8","13468421","13468673","KN295352v1","1019178","1019436","76","12449243"
"chr8","13585282","13585415","KN297095v1","2433552","2433678","23","11151730"
"chr8","14037820","14037968","KN297074v1","45325","45453","26","13992495"
"chr8","14387065","14387346","KN294861v1","165966","166239","74","14221099"
"chr8","14475834","14476087","KN295265v1","241000","241228","72","14234834"
"chr8","15119811","15120140","KN294399v1","171378","171682","96","14948433"
"chr8","15418724","15419027","KN296322v1","1648835","1649139","59","13769889"
"chr8","15509924","15510136","KN296153v1","3265742","3265961","62","12244182"
"chr8","15538862","15539147","KN296303v1","805215","805501","62","14733647"
"chr8","15615914","15616053","KN296426v1","870075","870198","47","14745839"
"chr8","15698838","15699148","KN296588v1","2231711","2232014","73","13467127"
"chr8","15719927","15720132","KN296508v1","1675720","1675934","57","14044207"
"chr8","15962760","15963042","KN297200v1","235109","235385","73","15727651"
"chr8","15975189","15975486","KN296829v1","887562","887839","74","15087627"
"chr8","16054283","16054542","KN294443v1","1323408","1323672","68","14730875"
"chr8","16119716","16120015","KN294790v1","1862467","1862771","70","14257249"
"chr8","16129464","16129739","KN297112v1","4879822","4880096","69","11249642"
"chr8","16334488","16334780","KN296108v1","543721","544013","69","15790767"
"chr8","16399205","16399510","KN297159v1","1311633","1311940","71","15087572"
"chr8","16688919","16689051","KN296025v1","179010","179141","32","16509909"
"chr8","16835799","16835888","KN296513v1","2370825","2370911","18","14464974"
"chr8","16929331","16929672","KN295893v1","5129577","5129894","88","11799754"
"chr8","16930810","16930929","KN294410v1","486228","486353","32","16444582"
"chr8","17018179","17018293","KN296079v1","397109","397211","27","16621070"
"chr8","17111331","17111492","KN297215v1","75576","75756","26","17035755"
"chr8","17241080","17241367","KN297452v1","257214","257456","93","16983866"
"chr8","17587534","17587645","KN294187v1","143442","143547","27","17444092"
"chr8","17588395","17588672","KN296948v1","762193","762479","59","16826202"
"chr8","17619970","17620253","KN297215v1","607492","607739","47","17012478"
"chr8","17767415","17767718","KN294452v1","1374937","1375240","65","16392478"
"chr8","17825852","17826158","KN295722v1","2755835","2756123","76","15070017"
"chr8","18304575","18304683","KN297313v1","656045","656156","28","17648530"
"chr8","18319094","18319241","KN294346v1","260578","260726","47","18058516"
"chr8","18461030","18461310","KN295933v1","79820","80084","74","18381210"
"chr8","18674725","18675032","KN295548v1","1297706","1298004","46","17377019"
"chr8","18698098","18698418","KN295548v1","1273350","1273671","23","17424748"
"chr8","19210106","19210224","KN296643v1","262990","263118","32","18947116"
"chr8","19210233","19210536","KN294452v1","1374937","1375240","69","17835296"
"chr8","19213347","19213526","KN295548v1","755573","755752","18","18457774"
"chr8","19331918","19332046","KN295667v1","2094667","2094776","35","17237251"
"chr8","19340594","19340897","KN295548v1","624737","625039","19","18715857"
"chr8","19367794","19367927","KN295036v1","281435","281566","23","19086359"
"chr8","19524012","19524293","KN296883v1","2609802","2610089","62","16914210"
"chr8","19706713","19706921","KN295923v1","1986700","1986911","47","17720013"
"chr8","19770970","19771199","KN295548v1","181003","181229","27","19589967"
"chr8","19778949","19779255","KN295548v1","172889","173196","28","19606060"
"chr8","19806701","19806989","KN294345v1","1713106","1713396","70","18093595"
"chr8","19890896","19890971","KN295894v1","1181010","1181083","24","18709886"
"chr8","19923469","19923763","KN297184v1","1114866","1115167","69","18808603"
"chr8","20005976","20006269","KN295480v1","1274084","1274387","76","18731892"
"chr8","20132804","20132943","KN295601v1","2833105","2833244","32","17299699"
"chr8","20229317","20229621","KN297058v1","194613","194917","66","20034704"
"chr8","20369849","20370157","KN295406v1","486578","486886","68","19883271"
"chr8","20406438","20406742","KN296306v1","2458139","2458449","65","17948299"
"chr8","20410547","20410870","KN295633v1","909764","910066","79","19500783"
"chr8","20544739","20545028","KN296948v1","762193","762479","57","19782546"
"chr8","21203778","21204028","KN295907v1","534057","534274","54","20669721"
"chr8","21213945","21214243","KN295907v1","544095","544389","34","20669850"
"chr8","21603419","21603703","KN295907v1","941752","942037","16","20661667"
"chr8","21875385","21875674","KN295319v1","303201","303480","60","21572184"
"chr8","22020169","22020464","KN295907v1","1364225","1364535","38","20655944"
"chr8","22079491","22079629","KN297158v1","13205","13345","33","22066286"
"chr8","22173172","22173314","KN294558v1","284993","285139","38","21888179"
"chr8","22266245","22266515","KN295907v1","1617722","1618005","39","20648523"
"chr8","22276647","22276916","KN295480v1","2295514","2295785","70","19981133"
"chr8","22277538","22277663","KN295907v1","1636086","1636221","19","20641452"
"chr8","22290440","22290751","KN294399v1","171378","171682","77","22119062"
"chr8","22312638","22312940","KN295907v1","1678564","1678867","19","20634074"
"chr8","22407702","22408006","KN296322v1","1648835","1649139","64","20758867"
"chr8","22418533","22418827","KN295907v1","1788559","1788836","36","20629974"
"chr8","22483850","22484145","KN295907v1","1853253","1853540","28","20630597"
"chr8","22501729","22502040","KN295907v1","1873092","1873417","36","20628637"
"chr8","22504307","22504597","KN294172v1","1404856","1405150","66","21099451"
"chr8","22507978","22508260","KN295907v1","1879965","1880242","29","20628013"
"chr8","22518068","22518294","KN296062v1","1532820","1533033","56","20985248"
"chr8","22524868","22525173","KN294239v1","243029","243336","63","22281839"
"chr8","23466457","23466615","KN294599v1","310631","310786","41","23155826"
"chr8","23747318","23747406","KN297046v1","3043110","3043197","27","20704208"
"chr8","23776114","23776291","KN296096v1","680679","680846","47","23095435"
"chr8","24626347","24626645","KN297390v1","652113","652409","67","23974234"
"chr8","24705485","24705791","KN295666v1","767425","767733","66","23938060"
"chr8","24946072","24946264","KN295725v1","1216179","1216363","47","23729893"
"chr8","24977969","24978077","KN296406v1","260023","260137","22","24717946"
"chr8","25035118","25035283","KN296263v1","536654","536807","45","24498464"
"chr8","25223163","25223305","KN296880v1","198524","198663","26","25024639"
"chr8","25248989","25249300","KN297153v1","798177","798480","70","24450812"
"chr8","25309184","25309482","KN294452v1","1024655","1024959","66","24284529"
"chr8","25382007","25382276","KN297310v1","95064","95326","65","25286943"
"chr8","25386301","25386621","KN296649v1","474335","474640","78","24911966"
"chr8","25393945","25394239","KN294260v1","822843","823138","65","24571102"
"chr8","25519459","25519748","KN294416v1","605214","605509","61","24914245"
"chr8","25568287","25568577","KN294199v1","1022551","1022840","58","24545736"
"chr8","26082410","26082532","KN295526v1","145592","145725","21","25936818"
"chr8","26248121","26248413","KN295767v1","123721","124011","75","26124400"
"chr8","26283542","26283680","KN296538v1","514898","515032","22","25768644"
"chr8","26454306","26454438","KN295706v1","131306","131439","22","26323000"
"chr8","26463223","26463515","KN295907v1","1853253","1853540","68","24609970"
"chr8","26523657","26523824","KN296365v1","532697","532854","33","25990960"
"chr8","26542427","26542725","KN294210v1","473112","473404","74","26069315"
"chr8","26958164","26958438","KN295633v1","1501780","1502052","70","25456384"
"chr8","27075908","27076199","KN295667v1","1108671","1108966","70","25967237"
"chr8","27485257","27485479","KN296292v1","252556","252774","56","27232701"
"chr8","27659700","27659877","KN294739v1","985939","986117","34","26673761"
"chr8","27696009","27696309","KN294421v1","9377","9683","63","27686632"
"chr8","28053177","28053497","KN296682v1","5252094","5252413","38","22801083"
"chr8","28082623","28082913","KN297047v1","3453782","3454066","63","24628841"
"chr8","28219772","28220061","KN296883v1","3290038","3290316","72","24929734"
"chr8","28265606","28265812","KN294879v1","1183051","1183277","60","27082555"
"chr8","28310528","28310651","KN296682v1","4980731","4980854","7","23329797"
"chr8","28437591","28437900","KN294848v1","932997","933294","68","27504594"
"chr8","28507900","28508194","KN295977v1","399743","400033","65","28108157"
"chr8","28523435","28523722","KN294407v1","1086188","1086466","76","27437247"
"chr8","28532437","28532712","KN295267v1","660170","660452","75","27872267"
"chr8","28566991","28567154","KN296682v1","4721621","4721755","32","23845370"
"chr8","28567444","28567559","KN296682v1","4721196","4721309","8","23846248"
"chr8","28685489","28685624","KN296682v1","4601944","4602079","6","24083545"
"chr8","28733418","28733682","KN296682v1","4553062","4553340","31","24180356"
"chr8","28790416","28790627","KN295923v1","1986700","1986911","48","26803716"
"chr8","28810468","28810606","KN296682v1","4472363","4472501","6","24338105"
"chr8","28926556","28926844","KN296682v1","4357669","4357958","23","24568887"
"chr8","29020895","29021179","KN296682v1","4249449","4249762","47","24771446"
"chr8","29222401","29222502","KN296403v1","131451","131560","27","29090950"
"chr8","29233707","29233853","KN296247v1","959095","959240","32","28274612"
"chr8","29624998","29625199","KN295610v1","375600","375802","54","29249398"
"chr8","29648375","29648687","KN296682v1","3613184","3613491","29","26035191"
"chr8","29851497","29851622","KN294728v1","1551878","1551999","32","28299619"
"chr8","29867948","29868229","KN296682v1","3395587","3395869","24","26472361"
"chr8","29984836","29985144","KN295667v1","1567361","1567664","65","28417475"
"chr8","30060393","30060538","KN294848v1","656940","657076","27","29403453"
"chr8","30189323","30189453","KN294964v1","965459","965591","23","29223864"
"chr8","30207559","30207825","KN294552v1","1295874","1296134","60","28911685"
"chr8","30220020","30220328","KN296682v1","3030020","3030302","50","27190000"
"chr8","30373240","30373534","KN297023v1","640512","640805","66","29732728"
"chr8","30375966","30376236","KN296682v1","2869862","2870124","34","27506104"
"chr8","30377247","30377430","KN296682v1","2867973","2868160","18","27509274"
"chr8","30377757","30377869","KN294210v1","694425","694529","26","29683332"
"chr8","30404441","30404613","KN296682v1","2840746","2840909","20","27563695"
"chr8","30404910","30405047","KN296682v1","2840272","2840419","20","27564638"
"chr8","30605670","30605960","KN296682v1","2637733","2638023","17","27967937"
"chr8","30654421","30654704","KN296948v1","762193","762479","55","29892228"
"chr8","30684758","30684928","KN296682v1","2542349","2542532","27","28142409"
"chr8","30685260","30685390","KN296682v1","2541935","2542065","7","28143325"
"chr8","30690196","30690459","KN296528v1","172612","172881","69","30517584"
"chr8","30707398","30707669","KN297197v1","1048614","1048879","72","29658784"
"chr8","30722444","30722754","KN296682v1","2499170","2499493","32","28223274"
"chr8","30734336","30734635","KN296682v1","2490724","2491017","24","28243612"
"chr8","30762062","30762372","KN294419v1","64733","65033","80","30697329"
"chr8","30785300","30785581","KN294207v1","634204","634468","72","30151096"
"chr8","30883975","30884114","KN296000v1","870715","870835","48","30013260"
"chr8","30891252","30891339","KN297146v1","178455","178535","29","30712797"
"chr8","30897668","30897962","KN296682v1","2314996","2315295","17","28582672"
"chr8","30908227","30908353","KN296101v1","38623","38748","27","30869604"
"chr8","30955529","30955819","KN296682v1","2256354","2256645","16","28699175"
"chr8","30969492","30969777","KN296803v1","296116","296408","71","30673376"
"chr8","31063716","31064021","KN296322v1","1648835","1649139","63","29414881"
"chr8","31128971","31129280","KN296435v1","2611722","2612009","76","28517249"
"chr8","31215103","31215281","KN296732v1","3070322","3070492","41","28144781"
"chr8","31215579","31215722","KN294172v1","6272486","6272617","32","24943093"
"chr8","31264557","31264720","KN297319v1","373164","373327","31","30891393"
"chr8","31266419","31266721","KN296682v1","1941233","1941537","19","29325186"
"chr8","31421736","31422051","KN296682v1","1756983","1757299","21","29664753"
"chr8","31471356","31471607","KN296682v1","1708582","1708834","18","29762774"
"chr8","31589636","31589905","KN296682v1","1600152","1600427","15","29989484"
"chr8","31654667","31654962","KN296682v1","1537188","1537494","34","30117479"
"chr8","32337023","32337306","KN294407v1","2416377","2416656","59","29920646"
"chr8","32473673","32473984","KN296322v1","1648835","1649139","73","30824838"
"chr8","32505973","32506272","KN296682v1","686776","687062","34","31819197"
"chr8","32508132","32508202","KN296806v1","115616","115695","21","32392516"
"chr8","32714983","32715250","KN296682v1","477761","478029","17","32237222"
"chr8","32870808","32870917","KN294187v1","143442","143547","25","32727366"
"chr8","32954295","32954434","KN296573v1","15418","15557","26","32938877"
"chr8","33380853","33381138","KN297390v1","84191","84473","60","33296662"
"chr8","33425056","33425356","KN294421v1","9377","9683","71","33415679"
"chr8","33553329","33553575","KN296916v1","382917","383151","26","33170412"
"chr8","33578222","33578483","KN294873v1","82870","83122","72","33495352"
"chr8","33584857","33585205","KN297113v1","326823","327136","111","33258034"
"chr8","33630274","33630573","KN294991v1","1709174","1709474","69","31921100"
"chr8","33713000","33713303","KN296916v1","538562","538864","23","33174438"
"chr8","33787966","33788277","KN296378v1","480415","480726","65","33307551"
"chr8","33903443","33903630","KN294879v1","753499","753676","42","33149944"
"chr8","33903936","33904071","KN294172v1","6718327","6718460","31","27185609"
"chr8","33949496","33949576","KN294208v1","486244","486319","21","33463252"
"chr8","34064522","34064798","KN297008v1","6549351","6549627","56","27515171"
"chr8","34288138","34288421","KN294527v1","273035","273327","72","34015103"
"chr8","34654482","34654684","KN297190v1","98686","98881","63","34555796"
"chr8","35033624","35033850","KN295102v1","186093","186313","58","34847531"
"chr8","35207228","35207512","KN295983v1","1223920","1224199","66","33983308"
"chr8","35244729","35245020","KN295708v1","2860090","2860376","68","32384639"
"chr8","35512241","35512464","KN294373v1","1663102","1663332","24","33849139"
"chr8","35583070","35583356","KN296991v1","841101","841373","57","34741969"
"chr8","35593472","35593787","KN295666v1","1032980","1033292","84","34560492"
"chr8","35633470","35633739","KN294147v1","1590568","1590837","61","34042902"
"chr8","35638513","35638811","KN294373v1","1542903","1543217","37","34095610"
"chr8","35657489","35657780","KN295352v1","729753","730045","70","34927736"
"chr8","35801788","35802096","KN296864v1","1939832","1940132","62","33861956"
"chr8","35891931","35892223","KN294373v1","1272766","1273035","44","34619165"
"chr8","36036893","36037193","KN294373v1","1129200","1129492","36","34907693"
"chr8","36178440","36178733","KN296495v1","1076274","1076557","62","35102166"
"chr8","36238330","36238463","KN296101v1","38623","38748","48","36199707"
"chr8","36270957","36271225","KN294373v1","903956","904224","15","35367001"
"chr8","36405638","36405782","KN296573v1","15418","15557","34","36390220"
"chr8","36559960","36560234","KN294373v1","634635","634916","18","35925325"
"chr8","36695604","36695870","KN294373v1","481675","481954","34","36213929"
"chr8","36881235","36881524","KN294569v1","652042","652317","70","36229193"
"chr8","37189614","37189914","KN294634v1","387267","387565","62","36802347"
"chr8","37513323","37513499","KN296596v1","21794","21951","47","37491529"
"chr8","37523693","37523961","KN294187v1","1887786","1888062","63","35635907"
"chr8","37789592","37789894","KN296371v1","158213","158508","64","37631379"
"chr8","37810535","37810798","KN297028v1","105526","105779","61","37705009"
"chr8","37827852","37828162","KN295984v1","2871019","2871332","65","34956833"
"chr8","37936174","37936460","KN296192v1","79154","79436","77","37857020"
"chr8","37943514","37943626","KN295586v1","442465","442585","24","37501049"
"chr8","37968182","37968309","KN295375v1","13871","13988","35","37954311"
"chr8","37975433","37975726","KN295984v1","150673","150962","59","37824760"
"chr8","38039891","38040181","KN295586v1","701437","701726","72","37338454"
"chr8","38041709","38042012","KN294991v1","1709174","1709474","60","36332535"
"chr8","38045742","38045905","KN294271v1","8882","9045","38","38036860"
"chr8","38046203","38046276","KN297008v1","2642712","2642772","23","35403491"
"chr8","38166120","38166403","KN294260v1","822843","823138","64","37343277"
"chr8","38201311","38201602","KN297095v1","3766127","3766406","73","34435184"
"chr8","38205052","38205202","KN294899v1","1194408","1194556","36","37010644"
"chr8","38205232","38205352","KN294499v1","518311","518429","29","37686921"
"chr8","38219710","38219915","KN295666v1","152100","152313","52","38067610"
"chr8","38228671","38228777","KN295406v1","576347","576444","25","37652324"
"chr8","38373728","38373821","KN294848v1","1002927","1003014","27","37370801"
"chr8","38374128","38374300","KN296620v1","826280","826449","40","37547848"
"chr8","38452357","38452662","KN297184v1","1114866","1115167","71","37337491"
"chr8","38496109","38496400","KN296726v1","392031","392328","65","38104078"
"chr8","38718972","38719079","KN296153v1","1944022","1944129","24","36774950"
"chr8","38804609","38804864","KN294599v1","878610","878871","64","37925999"
"chr8","38821940","38822266","KN295923v1","2381125","2381431","76","36440815"
"chr8","38859318","38859672","KN297279v1","407963","408305","114","38451355"
"chr8","38872741","38872872","KN295706v1","131306","131439","21","38741435"
"chr8","38872901","38873206","KN295667v1","1567361","1567664","64","37305540"
"chr8","38881926","38882073","KN297154v1","4234","4378","39","38877692"
"chr8","38905175","38905470","KN294806v1","594997","595290","59","38310178"
"chr8","38972177","38972484","KN295406v1","486578","486886","68","38485599"
"chr8","39000462","39000766","KN294210v1","473112","473404","63","38527350"
"chr8","39017658","39017890","KN295941v1","2267763","2267979","63","36749895"
"chr8","39070558","39070775","KN297317v1","77457","77669","44","38993101"
"chr8","39784397","39784593","KN297190v1","98686","98881","49","39685711"
"chr8","39937522","39937806","KN295705v1","823070","823354","64","39114452"
"chr8","40219135","40219263","KN296200v1","299464","299591","23","39919671"
"chr8","40314913","40315096","KN297256v1","164993","165173","53","40149920"
"chr8","40315401","40315545","KN296498v1","176729","176872","27","40138672"
"chr8","40582239","40582499","KN295195v1","164063","164337","83","40418176"
"chr8","40754730","40755029","KN297171v1","1715719","1716017","87","39039011"
"chr8","40825977","40826106","KN296311v1","4657589","4657718","22","36168388"
"chr8","40881095","40881413","KN296907v1","1087372","1087677","71","39793723"
"chr8","41209113","41209411","KN295037v1","49162","49463","69","41159951"
"chr8","41331593","41331790","KN296011v1","315060","315250","51","41016533"
"chr8","41386356","41386670","KN295633v1","909764","910066","72","40476592"
"chr8","41446578","41446816","KN297015v1","27449","27685","58","41419129"
"chr8","41556263","41556514","KN294536v1","1638405","1638659","70","39917858"
"chr8","41664200","41664512","KN296096v1","1326102","1326406","75","40338098"
"chr8","41785076","41785364","KN294396v1","224755","225042","20","41560321"
"chr8","41889008","41889137","KN294396v1","327796","327925","8","41561212"
"chr8","42076998","42077306","KN296698v1","195949","196255","32","41881049"
"chr8","42102388","42102687","KN294470v1","1153982","1154281","56","40948406"
"chr8","42121296","42121568","KN297197v1","1048614","1048879","68","41072682"
"chr8","42203683","42203968","KN296698v1","68668","68955","19","42135015"
"chr8","42252534","42252666","KN296698v1","14086","14218","6","42238448"
"chr8","42350873","42351163","KN296515v1","108704","108986","68","42242169"
"chr8","42733049","42733323","KN294569v1","652042","652317","67","42081007"
"chr8","42922260","42922575","KN294399v1","171378","171682","77","42750882"
"chr8","43035506","43035665","KN295936v1","2297006","2297160","36","40738500"
"chr8","43152455","43152745","KN296714v1","235347","235636","21","42917108"
"chr8","43235993","43236119","KN296682v1","4980731","4980854","35","38255262"
"chr8","43236688","43236861","KN294711v1","1194000","1194162","46","42042688"
"chr8","43357321","43357594","KN296011v1","67440","67709","74","43289881"
"chr8","46555514","46555793","KN296469v1","40210","40485","20","46515304"
"chr8","46736480","46736759","KN296469v1","40210","40485","21","46696270"
"chr8","47409747","47410044","KN296142v1","147124","147422","23","47262623"
"chr8","47434962","47435313","KN296588v1","282556","282869","97","47152406"
"chr8","47642633","47642910","KN295744v1","408789","409077","70","47233844"
"chr8","47667316","47667530","KN294217v1","1837374","1837571","63","45829942"
"chr8","47937834","47938098","KN296311v1","2300216","2300485","69","45637618"
"chr8","47984043","47984188","KN296573v1","15418","15557","40","47968625"
"chr8","47984494","47984541","KN294911v1","2236777","2236825","12","45747717"
"chr8","48020634","48020901","KN296588v1","1946271","1946543","74","46074363"
"chr8","48065642","48065842","KN297259v1","330750","330949","48","47734892"
"chr8","48185569","48185904","KN295205v1","1077585","1077883","93","47107984"
"chr8","49359482","49359596","KN296153v1","1944022","1944129","27","47415460"
"chr8","49762960","49763120","KN294911v1","4985405","4985572","36","44777555"
"chr8","49861450","49861736","KN294477v1","93216","93508","29","49768234"
"chr8","49957767","49957901","KN294470v1","1867443","1867566","39","48090324"
"chr8","50247538","50247823","KN296864v1","2452974","2453250","69","47794564"
"chr8","50272743","50273029","KN294261v1","349079","349368","63","49923664"
"chr8","50428040","50428337","KN296322v1","1648835","1649139","70","48779205"
"chr8","50653163","50653435","KN294172v1","4574526","4574813","85","46078637"
"chr8","51344126","51344378","KN295586v1","185554","185803","78","51158572"
"chr8","51879901","51880218","KN296453v1","1332212","1332535","31","50547689"
"chr8","51910225","51910514","KN296883v1","2609802","2610089","57","49300423"
"chr8","52419942","52420243","KN294271v1","681887","682185","60","51738055"
"chr8","52553089","52553357","KN295596v1","2566260","2566526","58","49986829"
"chr8","52686269","52686570","KN297058v1","194613","194917","60","52491656"
"chr8","52705703","52705850","KN297180v1","2065065","2065204","35","50640638"
"chr8","52753062","52753338","KN296453v1","453930","454207","8","52299132"
"chr8","52901791","52902087","KN297058v1","392670","392966","67","52509121"
"chr8","53001311","53001626","KN294848v1","998602","998909","79","52002709"
"chr8","53705113","53705425","KN296306v1","2458139","2458449","67","51246974"
"chr8","53764816","53765111","KN294493v1","1639497","1639778","67","52125319"
"chr8","53817257","53817390","KN295706v1","131306","131439","18","53685951"
"chr8","53820464","53820696","KN295092v1","843497","843724","57","52976967"
"chr8","53862540","53862814","KN296649v1","550310","550583","68","53312230"
"chr8","53890644","53890848","KN296062v1","1532820","1533033","62","52357824"
"chr8","53914015","53914310","KN296635v1","2938371","2938668","71","50975644"
"chr8","53922667","53922960","KN295984v1","2286186","2286477","61","51636481"
"chr8","54012740","54012975","KN294235v1","570733","570958","71","53442007"
"chr8","54067215","54067344","KN294964v1","965459","965591","25","53101756"
"chr8","54317224","54317362","KN296643v1","191078","191208","29","54126146"
"chr8","54325374","54325629","KN294226v1","659652","659904","71","53665722"
"chr8","54366821","54367127","KN297058v1","194613","194917","66","54172208"
"chr8","54502309","54502591","KN295722v1","2755835","2756123","61","51746474"
"chr8","54647692","54647854","KN296926v1","1156893","1157056","38","53490799"
"chr8","54947689","54947960","KN295576v1","164716","164996","74","54782973"
"chr8","55315532","55315671","KN297180v1","2065065","2065204","30","53250467"
"chr8","55392509","55392805","KN294294v1","145451","145740","64","55247058"
"chr8","55429428","55429763","KN294486v1","867184","867500","83","54562244"
"chr8","55473935","55474209","KN296864v1","2452974","2453250","68","53020961"
"chr8","55548619","55548817","KN296430v1","781320","781508","53","54767299"
"chr8","55683459","55683746","KN296311v1","5353300","5353582","82","50330159"
"chr8","55742545","55742703","KN297171v1","1235221","1235375","33","54507324"
"chr8","55790501","55790818","KN295362v1","1355947","1356262","27","54434554"
"chr8","55894846","55895117","KN297159v1","1425976","1426241","60","54468870"
"chr8","56004778","56005083","KN295667v1","1567361","1567664","57","54437417"
"chr8","56131453","56131592","KN295706v1","131306","131439","29","56000147"
"chr8","56131852","56132018","KN295241v1","97934","98104","32","56033918"
"chr8","56422641","56422918","KN297008v1","6549351","6549627","60","49873290"
"chr8","56942182","56942491","KN295362v1","201826","202148","28","56740356"
"chr8","57626189","57626491","KN295984v1","150673","150962","70","57475516"
"chr8","57971437","57971714","KN296245v1","438313","438589","71","57533124"
"chr8","57972346","57972637","KN294662v1","460711","460994","81","57511635"
"chr8","58075965","58076259","KN295117v1","112788","113084","74","57963177"
"chr8","58366116","58366426","KN294452v1","1374937","1375240","64","56991179"
"chr8","58381141","58381270","KN295441v1","789788","789916","28","57591353"
"chr8","58655400","58655515","KN295375v1","13871","13988","27","58641529"
"chr8","59191830","59192123","KN296825v1","3076951","3077250","65","56114879"
"chr8","59312992","59313212","KN296225v1","209480","209693","54","59103512"
"chr8","59454096","59454265","KN296096v1","680679","680846","44","58773417"
"chr8","59943547","59943695","KN296145v1","649092","649233","35","59294455"
"chr8","59979118","59979316","KN294205v1","1582745","1582943","52","58396373"
"chr8","60357372","60357643","KN294978v1","931603","931872","25","59425769"
"chr8","60394868","60395139","KN296290v1","1215856","1216128","58","59179012"
"chr8","60471875","60472151","KN295984v1","2962847","2963132","71","57509028"
"chr8","60484658","60485003","KN294809v1","729994","730320","95","59754664"
"chr8","60487999","60488191","KN294978v1","1071290","1071491","23","59416709"
"chr8","60551697","60551852","KN295405v1","40643","40808","39","60511054"
"chr8","60581937","60582235","KN295294v1","3123609","3123890","70","57458328"
"chr8","60659497","60659797","KN295984v1","2286186","2286477","58","58373311"
"chr8","60665401","60665692","KN294978v1","1261592","1261880","26","59403809"
"chr8","61561645","61561953","KN294634v1","387267","387565","80","61174378"
"chr8","61733077","61733241","KN296872v1","30663","30827","49","61702414"
"chr8","62357143","62357431","KN295936v1","2092514","2092791","81","60264629"
"chr8","62839572","62839912","KN296865v1","1674236","1674534","93","61165336"
"chr8","63128348","63128542","KN297215v1","75576","75756","52","63052772"
"chr8","63173237","63173474","KN294978v1","3775328","3775560","18","59397909"
"chr8","63248744","63248873","KN294978v1","3847610","3847736","14","59401134"
"chr8","64849478","64849773","KN297452v1","1744682","1744969","63","63104796"
"chr8","64892367","64892632","KN296732v1","1586626","1586892","73","63305741"
"chr8","64904651","64904871","KN295610v1","77007","77226","55","64827644"
"chr8","65178181","65178391","KN295828v1","908100","908291","57","64270081"
"chr8","65527869","65528104","KN296825v1","400881","401116","38","65126988"
"chr8","65574861","65575136","KN296864v1","3138537","3138822","72","62436324"
"chr8","65611464","65611589","KN296825v1","485411","485525","24","65126053"
"chr8","65654573","65654876","KN296825v1","527234","527540","19","65127339"
"chr8","65656330","65656500","KN296825v1","529275","529444","13","65127055"
"chr8","65656800","65656942","KN296825v1","529744","529889","22","65127056"
"chr8","65680182","65680464","KN295428v1","224334","224605","71","65455848"
"chr8","65703135","65703361","KN296825v1","576375","576604","8","65126760"
"chr8","65898892","65899061","KN294571v1","2119940","2120110","38","63778952"
"chr8","65899087","65899208","KN294741v1","1083617","1083736","28","64815470"
"chr8","66001128","66001431","KN295406v1","486578","486886","68","65514550"
"chr8","66014312","66014588","KN296825v1","895696","895974","21","65118616"
"chr8","66167754","66168049","KN297184v1","1114866","1115167","64","65052888"
"chr8","66299007","66299297","KN296825v1","1180002","1180323","47","65119005"
"chr8","66449837","66450000","KN296825v1","1336825","1336989","9","65113012"
"chr8","66473128","66473437","KN296825v1","1359724","1360035","22","65113404"
"chr8","66616404","66616558","KN295005v1","263752","263899","32","66352652"
"chr8","66675192","66675492","KN296119v1","3501143","3501439","75","63174049"
"chr8","66718973","66719089","KN296062v1","1206761","1206876","27","65512212"
"chr8","66724105","66724279","KN296825v1","1625417","1625591","11","65098688"
"chr8","66761107","66761276","KN294911v1","4985405","4985572","35","61775702"
"chr8","66783890","66784198","KN296508v1","1241600","1241908","67","65542290"
"chr8","66811034","66811317","KN295984v1","150673","150962","68","66660361"
"chr8","66880248","66880406","KN295114v1","20274","20431","37","66859974"
"chr8","66982773","66983058","KN296825v1","1872470","1872764","29","65110303"
"chr8","67020804","67020965","KN294470v1","2691196","2691354","40","64329608"
"chr8","67070490","67070648","KN294991v1","973655","973815","44","66096835"
"chr8","67077145","67077316","KN295721v1","382777","382938","43","66694368"
"chr8","67122923","67123194","KN296921v1","785494","785770","65","66337429"
"chr8","67302793","67303117","KN296825v1","2190462","2190777","33","65112331"
"chr8","67322416","67322720","KN294161v1","491457","491757","75","66830959"
"chr8","67409453","67409744","KN294420v1","816046","816329","67","66593407"
"chr8","67430857","67431143","KN294634v1","387267","387565","67","67043590"
"chr8","67439013","67439303","KN296825v1","2323044","2323333","19","65115969"
"chr8","67632191","67632471","KN296205v1","517385","517664","61","67114806"
"chr8","67683843","67684001","KN294711v1","1194000","1194162","39","66489843"
"chr8","67684032","67684187","KN295708v1","957826","957973","36","66726206"
"chr8","67725533","67725842","KN294728v1","765090","765383","85","66960443"
"chr8","67781244","67781529","KN296825v1","2669054","2669333","26","65112190"
"chr8","67888935","67889205","KN295705v1","823070","823354","72","67065865"
"chr8","68177276","68177564","KN296825v1","3076951","3077250","33","65100325"
"chr8","68373914","68374214","KN294161v1","491457","491757","68","67882457"
"chr8","68441495","68441662","KN296864v1","3353170","3353334","43","65088325"
"chr8","68608887","68609194","KN295633v1","909764","910066","68","67699123"
"chr8","69286477","69286752","KN297312v1","34475","34746","23","69252002"
"chr8","69850470","69850756","KN295294v1","1101026","1101317","57","68749444"
"chr8","69950245","69950397","KN296000v1","898022","898186","39","69052223"
"chr8","69970642","69970795","KN297312v1","704627","704767","24","69266015"
"chr8","69971096","69971226","KN295596v1","2102045","2102171","41","67869051"
"chr8","70131138","70131232","KN294569v1","720179","720274","9","69410959"
"chr8","70133102","70133195","KN295967v1","566167","566260","29","69566935"
"chr8","70145622","70145929","KN295984v1","2286186","2286477","77","67859436"
"chr8","70328955","70329131","KN296247v1","751980","752150","42","69576975"
"chr8","70329411","70329541","KN296119v1","5696520","5696644","29","64632891"
"chr8","70341108","70341425","KN294235v1","322190","322500","85","70018918"
"chr8","70505710","70505871","KN296538v1","1843564","1843714","48","68662146"
"chr8","70518034","70518312","KN294569v1","335029","335307","10","70183005"
"chr8","70518904","70519207","KN294569v1","334138","334429","28","70184766"
"chr8","70587935","70588226","KN295984v1","150673","150962","59","70437262"
"chr8","70588304","70588613","KN294710v1","107390","107697","64","70480914"
"chr8","70621897","70622204","KN294569v1","229865","230170","55","70392032"
"chr8","70671055","70671205","KN294569v1","182033","182183","6","70489022"
"chr8","70674024","70674178","KN294569v1","180105","180259","7","70493919"
"chr8","70687434","70687669","KN294569v1","167642","167877","13","70519792"
"chr8","70928057","70928334","KN295984v1","150673","150962","67","70777384"
"chr8","71072890","71073079","KN296201v1","2889299","2889484","53","68183591"
"chr8","71277116","71277451","KN295983v1","481615","481941","80","70795501"
"chr8","71390269","71390526","KN294552v1","1295874","1296134","59","70094395"
"chr8","71640349","71640598","KN294747v1","867897","868151","76","70772452"
"chr8","71726023","71726306","KN296847v1","2123793","2124076","70","69602230"
"chr8","71983104","71983273","KN294911v1","4985405","4985572","39","66997699"
"chr8","72338605","72338707","KN296454v1","256011","256110","24","72082594"
"chr8","72582626","72582918","KN295708v1","2860090","2860376","63","69722536"
"chr8","72995337","72995469","KN295564v1","622863","622995","2","72372474"
"chr8","73015420","73015552","KN294172v1","6272486","6272617","22","66742934"
"chr8","73016438","73016699","KN295633v1","1501780","1502052","66","71514658"
"chr8","73250813","73251098","KN295564v1","358410","358720","46","72892403"
"chr8","73289492","73289632","KN295110v1","19431","19565","37","73270061"
"chr8","73347379","73347688","KN295564v1","255159","255458","36","73092220"
"chr8","73712673","73712952","KN295893v1","1879651","1879923","70","71833022"
"chr8","73843353","73843653","KN295996v1","250358","250657","32","73592995"
"chr8","73860853","73861140","KN295996v1","263481","263767","9","73597372"
"chr8","73898405","73898696","KN295996v1","300807","301100","31","73597598"
"chr8","73919216","73919420","KN295533v1","2434686","2434882","42","71484530"
"chr8","73958093","73958256","KN296643v1","410184","410354","34","73547909"
"chr8","73996162","73996302","KN295667v1","1635663","1635807","29","72360499"
"chr8","74013588","74013639","KN295893v1","883771","883820","8","73129817"
"chr8","74044185","74044484","KN295996v1","452195","452493","28","73591990"
"chr8","74075276","74075569","KN297327v1","807993","808286","60","73267283"
"chr8","74081558","74081648","KN295996v1","492408","492498","7","73589150"
"chr8","74531795","74532084","KN295996v1","933975","934259","14","73597820"
"chr8","74659447","74659730","KN294451v1","1211603","1211891","76","73447844"
"chr8","75026124","75026342","KN294614v1","373712","373931","9","74652412"
"chr8","75065082","75065361","KN295576v1","164716","164996","69","74900366"
"chr8","75190091","75190350","KN294513v1","235461","235729","83","74954630"
"chr8","75215440","75215724","KN296948v1","762193","762479","72","74453247"
"chr8","75288313","75288574","KN294614v1","631686","631972","41","74656627"
"chr8","75841385","75841683","KN294614v1","1219398","1219686","42","74621987"
"chr8","76919648","76919948","KN295205v1","1534387","1534688","70","75385261"
"chr8","76930250","76930550","KN295832v1","1203931","1204234","80","75726319"
"chr8","76964836","76965045","KN296505v1","1257835","1258044","57","75707001"
"chr8","77187539","77187735","KN294662v1","211735","211913","55","76975804"
"chr8","77632149","77632436","KN294279v1","171583","171867","77","77460566"
"chr8","78237539","78237824","KN295576v1","164716","164996","78","78072823"
"chr8","78300984","78301107","KN294964v1","965459","965591","34","77335525"
"chr8","78424352","78424645","KN296495v1","1878500","1878789","74","76545852"
"chr8","78533575","78533879","KN294733v1","111805","112094","91","78421770"
"chr8","78888198","78888463","KN296915v1","305238","305507","73","78582960"
"chr8","79362937","79363223","KN297256v1","142581","142867","13","79220356"
"chr8","79392801","79393117","KN297171v1","1715719","1716017","81","77677082"
"chr8","79511341","79511492","KN296263v1","536654","536807","40","78974687"
"chr8","79669260","79669397","KN295605v1","687968","688102","25","78981292"
"chr8","79748332","79748463","KN295294v1","3806061","3806194","21","75942271"
"chr8","79770584","79770852","KN295346v1","1646114","1646406","74","78124470"
"chr8","79778026","79778300","KN295236v1","3511059","3511338","68","76266967"
"chr8","79809616","79809820","KN295553v1","69273","69467","58","79740343"
"chr8","79856293","79856583","KN294984v1","94202","94491","65","79762091"
"chr8","79860058","79860373","KN295406v1","486578","486886","76","79373480"
"chr8","79919364","79919625","KN295282v1","123186","123460","73","79796178"
"chr8","79936065","79936358","KN297458v1","104221","104520","65","79831844"
"chr8","80062681","80062992","KN295814v1","1187820","1188119","72","78874861"
"chr8","80125191","80125436","KN295633v1","550163","550378","79","79575028"
"chr8","80162782","80162944","KN294407v1","109423","109582","35","80053359"
"chr8","80184614","80184892","KN294407v1","1086188","1086466","67","79098426"
"chr8","80200579","80200870","KN294873v1","1303218","1303511","63","78897361"
"chr8","80215147","80215284","KN295090v1","610678","610810","21","79604469"
"chr8","80229256","80229395","KN297019v1","690996","691133","25","79538260"
"chr8","80333560","80333703","KN296225v1","462090","462236","33","79871470"
"chr8","80470554","80470855","KN296244v1","327623","327911","67","80142931"
"chr8","80608292","80608588","KN296244v1","296863","297159","73","80311429"
"chr8","81408858","81409051","KN294205v1","957443","957638","47","80451415"
"chr8","81425700","81425852","KN295114v1","20274","20431","35","81405426"
"chr8","81647693","81647843","KN296635v1","3551150","3551305","40","78096543"
"chr8","81650471","81650751","KN297133v1","328287","328569","66","81322184"
"chr8","82544615","82544760","KN296145v1","649092","649233","35","81895523"
"chr8","83499477","83499752","KN295667v1","935881","936160","69","82563596"
"chr8","83518296","83518573","KN295346v1","1646114","1646406","79","81872182"
"chr8","83541570","83541868","KN295744v1","408789","409077","83","83132781"
"chr8","83976751","83977040","KN295708v1","2790498","2790788","77","81186253"
"chr8","84032970","84033139","KN294911v1","4985405","4985572","47","79047565"
"chr8","84135414","84135715","KN294260v1","822843","823138","73","83312571"
"chr8","84201557","84201865","KN296505v1","323963","324278","72","83877594"
"chr8","84232978","84233262","KN294477v1","93216","93508","79","84139762"
"chr8","84553156","84553456","KN296316v1","312736","313048","50","84240420"
"chr8","84773937","84774217","KN297028v1","97110","97396","58","84676827"
"chr8","84868217","84868491","KN294231v1","3355","3631","73","84864862"
"chr8","85983261","85983572","KN297361v1","227420","227733","37","85755841"
"chr8","86106890","86107044","KN296000v1","901795","901947","30","85205095"
"chr8","86146415","86146710","KN297184v1","1114866","1115167","67","85031549"
"chr8","86374714","86374995","KN296865v1","1172192","1172469","79","85202522"
"chr8","86396900","86397027","KN297008v1","6776023","6776146","25","79620877"
"chr8","86401279","86401565","KN297184v1","1656993","1657277","66","84744286"
"chr8","86405531","86405821","KN296649v1","28211","28505","70","86377320"
"chr8","86733886","86734157","KN294539v1","1506592","1506858","67","85227294"
"chr8","86872968","86873076","KN295987v1","1409300","1409399","31","85463668"
"chr8","87962031","87962303","KN296290v1","1215856","1216128","74","86746175"
"chr8","88264211","88264499","KN294420v1","816046","816329","77","87448165"
"chr8","88635220","88635451","KN295441v1","1488111","1488339","68","87147109"
"chr8","89019309","89019607","KN296096v1","1326102","1326406","75","87693207"
"chr8","89507476","89507771","KN294457v1","210304","210595","64","89297172"
"chr8","89580199","89580496","KN297023v1","152219","152509","80","89427980"
"chr8","89840494","89840784","KN297028v1","97110","97396","64","89743384"
"chr8","89879190","89879481","KN294569v1","652042","652317","66","89227148"
"chr8","90187012","90187297","KN295302v1","381457","381740","70","89805555"
"chr8","90702327","90702463","KN294848v1","1161040","1161175","36","89541287"
"chr8","90813540","90813791","KN297452v1","257214","257456","51","90556326"
"chr8","90973486","90973782","KN297398v1","103760","104057","58","90869726"
"chr8","91013538","91013834","KN295346v1","1646114","1646406","64","89367424"
"chr8","91332546","91332823","KN295713v1","284446","284727","29","91048100"
"chr8","91980671","91980960","KN296833v1","198739","199022","68","91781932"
"chr8","92042316","92042617","KN294207v1","595798","596096","75","91446518"
"chr8","92055451","92055605","KN294407v1","109423","109582","36","91946028"
"chr8","92112436","92112663","KN296507v1","415379","415594","56","91697057"
"chr8","92252273","92252399","KN296200v1","299464","299591","22","91952809"
"chr8","93035183","93035442","KN295091v1","2022755","2023012","66","91012428"
"chr8","93591857","93592155","KN296244v1","327623","327911","64","93264234"
"chr8","93623520","93623695","KN295774v1","149577","149746","39","93473943"
"chr8","93736926","93737222","KN294172v1","4574526","4574813","74","89162400"
"chr8","93758692","93758898","KN295533v1","2434686","2434882","38","91324006"
"chr8","93814460","93814786","KN295633v1","778185","778486","75","93036275"
"chr8","93893744","93893807","KN294705v1","1347840","1347902","17","92545904"
"chr8","93997083","93997304","KN296508v1","1675720","1675934","47","92321363"
"chr8","94000764","94001021","KN295074v1","671311","671581","71","93329453"
"chr8","94337162","94337470","KN294421v1","9377","9683","78","94327785"
"chr8","94532684","94532988","KN294452v1","1024655","1024959","76","93508029"
"chr8","94541129","94541395","KN297197v1","1048614","1048879","67","93492515"
"chr8","94544991","94545162","KN294172v1","6014062","6014229","48","88530929"
"chr8","94547778","94548040","KN294571v1","2055636","2055896","74","92492142"
"chr8","94569258","94569440","KN295744v1","211692","211871","43","94357566"
"chr8","94569475","94569591","KN295637v1","455021","455137","23","94114454"
"chr8","94598113","94598271","KN294991v1","973655","973815","36","93624458"
"chr8","94598297","94598524","KN297180v1","531711","531948","53","94066586"
"chr8","94762619","94762769","KN295236v1","1052651","1052796","31","93709968"
"chr8","94994561","94994871","KN295039v1","351730","352000","56","94642831"
"chr8","95030247","95030533","KN296948v1","762193","762479","56","94268054"
"chr8","95094740","95095053","KN295039v1","238675","238985","25","94856065"
"chr8","95233529","95233811","KN295039v1","101761","102032","31","95131768"
"chr8","95622773","95623027","KN295846v1","219637","219884","66","95403136"
"chr8","96209888","96210175","KN296864v1","1873086","1873381","76","94336802"
"chr8","96331770","96332047","KN294569v1","652042","652317","66","95679728"
"chr8","96489052","96489188","KN296573v1","15418","15557","30","96473634"
"chr8","96534440","96534735","KN294399v1","171378","171682","65","96363062"
"chr8","97085108","97085403","KN297171v1","1715719","1716017","59","95369389"
"chr8","97240432","97240709","KN294260v1","1091595","1091881","70","96148837"
"chr8","97517856","97518020","KN297319v1","373164","373327","34","97144692"
"chr8","97608615","97608912","KN296507v1","738522","738814","55","96870093"
"chr8","97707750","97707835","KN294208v1","486244","486319","22","97221506"
"chr8","97756876","97756993","KN296885v1","2707478","2707589","29","95049398"
"chr8","97766605","97766894","KN296538v1","333498","333794","61","97433107"
"chr8","97931700","97931988","KN296865v1","1172192","1172469","58","96759508"
"chr8","98038008","98038296","KN294728v1","765090","765383","63","97272918"
"chr8","98053165","98053451","KN296588v1","2231711","2232014","76","95821454"
"chr8","98092041","98092164","KN296435v1","403416","403537","32","97688625"
"chr8","98092461","98092604","KN296311v1","2361921","2362066","28","95730540"
"chr8","98201370","98201600","KN294235v1","570733","570958","60","97630637"
"chr8","98331336","98331637","KN294210v1","473112","473404","63","97858224"
"chr8","98549763","98550019","KN294747v1","1130292","1130545","71","97419471"
"chr8","98672299","98672393","KN295202v1","1411243","1411336","26","97261056"
"chr8","98746756","98747061","KN294419v1","64733","65033","64","98682023"
"chr8","98798734","98798814","KN295633v1","2100867","2100948","20","96697867"
"chr8","98801891","98802195","KN297180v1","314236","314539","66","98487655"
"chr8","98843955","98844159","KN296158v1","230905","231113","62","98613050"
"chr8","98976054","98976349","KN296864v1","1939832","1940132","60","97036222"
"chr8","98996300","98996593","KN295099v1","55159","55457","62","98941141"
"chr8","99005428","99005597","KN294325v1","233169","233336","42","98772259"
"chr8","99113095","99113399","KN296322v1","1648835","1649139","75","97464260"
"chr8","99314556","99314749","KN296505v1","176","370","52","99314380"
"chr8","99566906","99567058","KN295114v1","20274","20431","39","99546632"
"chr8","99788075","99788403","KN295755v1","65062","65377","89","99723013"
"chr8","99804710","99805003","KN295257v1","300761","301044","66","99503949"
"chr8","99931559","99931823","KN297259v1","1032100","1032351","67","98899459"
"chr8","99953374","99953683","KN295480v1","1274084","1274387","64","98679290"
"chr8","99957104","99957403","KN296303v1","805215","805501","60","99151889"
"chr8","99990160","99990266","KN297416v1","162444","162561","31","99827716"
"chr8","99998664","99998791","KN295564v1","622863","622995","31","99375801"
"chr8","100016979","100017281","KN294569v1","652042","652317","88","99364937"
"chr8","100071916","100072100","KN297184v1","81214","81385","19","99990702"
"chr8","100384027","100384343","KN295406v1","486578","486886","69","99897449"
"chr8","100713490","100713780","KN297184v1","746954","747243","41","99966536"
"chr8","100757342","100757633","KN294199v1","1022551","1022840","57","99734791"
"chr8","100778578","100778895","KN297184v1","816641","816964","32","99961937"
"chr8","100884970","100885293","KN295974v1","1415452","1415775","88","99469518"
"chr8","101009119","101009269","KN297184v1","1050151","1050304","19","99958968"
"chr8","101033457","101033712","KN294650v1","596463","596718","76","100436994"
"chr8","101042891","101043062","KN294421v1","1567367","1567552","49","99475524"
"chr8","101043363","101043376","KN294526v1","385203","385213","5","100658160"
"chr8","101074264","101074565","KN297184v1","1114866","1115167","19","99959398"
"chr8","101307594","101307666","KN297184v1","1341471","1341542","10","99966123"
"chr8","101359727","101359857","KN297184v1","1392447","1392577","12","99967280"
"chr8","101621615","101621895","KN297184v1","1656993","1657277","25","99964622"
"chr8","101757911","101758079","KN297184v1","1787556","1787737","24","99970355"
"chr8","101784523","101784808","KN294520v1","992368","992662","65","100792155"
"chr8","101874545","101874826","KN297190v1","2683777","2684071","59","99190768"
"chr8","101888436","101888716","KN296180v1","2417217","2417498","68","99471219"
"chr8","102222081","102222374","KN294452v1","1374937","1375240","63","100847144"
"chr8","102233821","102234054","KN297095v1","2669325","2669548","58","99564496"
"chr8","102280724","102281038","KN296322v1","1648835","1649139","68","100631889"
"chr8","102357343","102357578","KN295572v1","371863","372076","69","101985480"
"chr8","102371920","102372052","KN294536v1","420664","420795","28","101951256"
"chr8","102418358","102418579","KN297095v1","2669325","2669548","61","99749033"
"chr8","102418880","102418915","KN296290v1","587719","587750","7","101831161"
"chr8","102472499","102472805","KN297190v1","6401851","6402158","74","96070648"
"chr8","102490979","102491275","KN294739v1","526187","526480","69","101964792"
"chr8","102510900","102511016","KN295350v1","290367","290482","25","102220533"
"chr8","102511311","102511487","KN295142v1","1634911","1635072","49","100876400"
"chr8","102532571","102532826","KN297197v1","1048614","1048879","60","101483957"
"chr8","102650866","102650991","KN295236v1","677208","677340","31","101973658"
"chr8","102741543","102741702","KN296738v1","200423","200579","31","102541120"
"chr8","102753546","102753801","KN297105v1","2959195","2959449","68","99794351"
"chr8","102833622","102833908","KN295074v1","671311","671581","79","102162311"
"chr8","102987406","102987702","KN296948v1","762193","762479","63","102225213"
"chr8","103084450","103084721","KN296145v1","6386","6651","77","103078064"
"chr8","103093350","103093664","KN294539v1","3359067","3359368","66","99734283"
"chr8","103261940","103262238","KN295607v1","4681872","4682160","56","98580068"
"chr8","103405655","103405968","KN295667v1","1567361","1567664","62","101838294"
"chr8","103433675","103433775","KN295308v1","2064887","2064983","25","101368788"
"chr8","103489768","103490061","KN294987v1","187998","188261","75","103301770"
"chr8","103569602","103569931","KN295633v1","909764","910066","84","102659838"
"chr8","103804805","103805092","KN295910v1","54930","55220","66","103749875"
"chr8","103814594","103814852","KN294711v1","1313950","1314208","22","102500644"
"chr8","103912837","103912960","KN294711v1","1194491","1194614","7","102718346"
"chr8","103913278","103913433","KN294711v1","1194000","1194162","14","102719278"
"chr8","104129103","104129393","KN294457v1","210304","210595","70","103918799"
"chr8","104146083","104146403","KN294711v1","956007","956309","54","103190076"
"chr8","104318066","104318275","KN296803v1","139111","139313","49","104178955"
"chr8","104391776","104391904","KN294711v1","709159","709287","3","103682617"
"chr8","104615756","104616051","KN294711v1","487140","487434","16","104128616"
"chr8","105141457","105141761","KN296431v1","32840","33135","31","105108617"
"chr8","105153707","105153993","KN296431v1","45099","45420","56","105108608"
"chr8","105432818","105433104","KN294210v1","473112","473404","67","104959706"
"chr8","105901525","105901701","KN296096v1","680679","680846","50","105220846"
"chr8","105903942","105904105","KN296453v1","1168589","1168749","47","104735353"
"chr8","105951042","105951320","KN296833v1","198739","199022","65","105752303"
"chr8","106377189","106377485","KN297112v1","2231098","2231393","75","104146091"
"chr8","107177780","107178080","KN296661v1","1757757","1758038","47","105420023"
"chr8","107306764","107306896","KN296661v1","1624297","1624428","15","105682467"
"chr8","107342855","107343135","KN296661v1","1588460","1588754","41","105754395"
"chr8","107388216","107388418","KN295553v1","69273","69467","54","107318943"
"chr8","108032621","108032812","KN295236v1","2844524","2844715","46","105188097"
"chr8","108033079","108033200","KN294741v1","1083617","1083736","28","106949462"
"chr8","108095753","108095870","KN296661v1","861753","861870","9","107234000"
"chr8","108095899","108096011","KN294172v1","6434558","6434660","34","101661341"
"chr8","108233559","108233866","KN294407v1","1718897","1719202","63","106514662"
"chr8","108387482","108387615","KN296311v1","4657589","4657718","20","103729893"
"chr8","108466443","108466753","KN296836v1","993587","993901","65","107472856"
"chr8","108515181","108515351","KN296661v1","423518","423684","13","108091663"
"chr8","109260192","109260499","KN297066v1","48943","49249","81","109211249"
"chr8","109504824","109504889","KN295205v1","192453","192523","13","109312371"
"chr8","110542018","110542268","KN296308v1","990797","991065","75","109551221"
"chr8","111508563","111508846","KN296948v1","762193","762479","65","110746370"
"chr8","112285708","112286010","KN295368v1","1939103","1939400","75","110346605"
"chr8","112752944","112753097","KN295005v1","263752","263899","36","112489192"
"chr8","113052493","113052780","KN295171v1","12625","12912","80","113039868"
"chr8","113767545","113767840","KN297112v1","2231098","2231393","73","111536447"
"chr8","114207113","114207239","KN296731v1","1584821","1584953","37","112622292"
"chr8","114345282","114345401","KN295459v1","830730","830850","28","113514552"
"chr8","114345704","114345884","KN296528v1","1417954","1418126","54","112927750"
"chr8","114403180","114403399","KN296743v1","1848381","1848599","61","112554799"
"chr8","114520992","114521263","KN297159v1","1843590","1843857","77","112677402"
"chr8","114765272","114765558","KN296948v1","762193","762479","63","114003079"
"chr8","114825868","114826141","KN297190v1","136929","137202","75","114688939"
"chr8","114835438","114835725","KN295825v1","1331773","1332061","65","113503665"
"chr8","115150155","115150437","KN295667v1","231256","231541","63","114918899"
"chr8","115363995","115364157","KN297319v1","373164","373327","39","114990831"
"chr8","116503120","116503417","KN294419v1","64733","65033","75","116438387"
"chr8","116582214","116582485","KN294570v1","166260","166534","71","116415954"
"chr8","116595191","116595481","KN296495v1","2121996","2122287","74","114473195"
"chr8","116776659","116776959","KN295984v1","2286186","2286477","69","114490473"
"chr8","116788219","116788496","KN295637v1","799799","800078","61","115988420"
"chr8","116826857","116827168","KN295984v1","2286186","2286477","69","114540671"
"chr8","117364589","117364887","KN295352v1","729753","730045","63","116634836"
"chr8","117509657","117509879","KN296847v1","410946","411169","59","117098711"
"chr8","117661935","117662217","KN295315v1","11474","11758","64","117650461"
"chr8","117687719","117687876","KN294569v1","180105","180259","37","117507614"
"chr8","118417079","118417381","KN295102v1","387826","388136","75","118029253"
"chr8","118804593","118804856","KN297048v1","134544","134818","77","118670049"
"chr8","119241258","119241444","KN296634v1","1233861","1234038","53","118007397"
"chr8","119900381","119900686","KN295406v1","486578","486886","66","119413803"
"chr8","119932001","119932279","KN296948v1","762193","762479","62","119169808"
"chr8","119999478","119999631","KN294378v1","973956","974106","27","119025522"
"chr8","120001988","120002120","KN296658v1","37913","38045","10","119964075"
"chr8","120071209","120071458","KN294520v1","38058","38336","53","120033151"
"chr8","120704169","120704481","KN297190v1","6401851","6402158","70","114302318"
"chr8","120978926","120979220","KN294520v1","992368","992662","12","119986558"
"chr8","120994729","120994991","KN294372v1","2529148","2529407","69","118465581"
"chr8","121235815","121236083","KN296825v1","2669054","2669333","66","118566761"
"chr8","121552922","121553235","KN296505v1","323963","324278","68","121228959"
"chr8","121653262","121653349","KN294520v1","1666488","1666565","13","119986774"
"chr8","122203218","122203381","KN296263v1","536654","536807","48","121666564"
"chr8","122418327","122418559","KN295601v1","226890","227110","27","122191437"
"chr8","122701577","122701867","KN297165v1","2693282","2693560","72","120008295"
"chr8","123032853","123033162","KN295601v1","852180","852488","23","122180673"
"chr8","123321651","123321923","KN295601v1","1146854","1147143","28","122174797"
"chr8","123627127","123627249","KN295601v1","1454761","1454883","10","122172366"
"chr8","123722023","123722314","KN296864v1","3138537","3138822","60","120583486"
"chr8","123857233","123857518","KN295601v1","1689885","1690170","19","122167348"
"chr8","124108603","124108904","KN294452v1","1024655","1024959","69","123083948"
"chr8","124428939","124429116","KN295667v1","2018457","2018624","57","122410482"
"chr8","124499014","124499066","KN296367v1","700794","700834","19","123798220"
"chr8","124560493","124560680","KN295205v1","567790","567983","46","123992703"
"chr8","124933861","124933970","KN297163v1","685235","685337","26","124248626"
"chr8","124964391","124964521","KN295601v1","2833105","2833244","16","122131286"
"chr8","124984646","124984759","KN297313v1","656045","656156","25","124328601"
"chr8","125019303","125019591","KN297219v1","1839754","1840062","78","123179549"
"chr8","125064191","125064516","KN295601v1","2942814","2943113","45","122121377"
"chr8","125113214","125113500","KN297046v1","1875391","1875685","69","123237823"
"chr8","125132119","125132385","KN296731v1","1028220","1028490","69","124103899"
"chr8","125297571","125297843","KN295664v1","85905","86194","69","125211666"
"chr8","125322119","125322345","KN295601v1","3201776","3202001","19","122120343"
"chr8","125527280","125527418","KN294848v1","656940","657076","20","124870340"
"chr8","125560801","125561098","KN295633v1","625547","625830","70","124935254"
"chr8","125666332","125666421","KN294451v1","1151445","1151526","34","124514887"
"chr8","125666476","125666598","KN296926v1","1067515","1067635","27","124598961"
"chr8","125719266","125719418","KN294279v1","1019768","1019921","24","124699498"
"chr8","125967353","125967634","KN295962v1","211219","211498","59","125756134"
"chr8","126600010","126600151","KN294218v1","2756614","2756751","23","123843396"
"chr8","126630264","126630395","KN295441v1","789788","789916","28","125840476"
"chr8","126779932","126780090","KN297327v1","920937","921085","35","125858995"
"chr8","126910973","126911098","KN295441v1","789788","789916","24","126121185"
"chr8","126930887","126931009","KN296577v1","830316","830439","36","126100571"
"chr8","127296687","127296960","KN294741v1","582193","582466","62","126714494"
"chr8","127705596","127705702","KN294294v1","174673","174776","29","127530923"
"chr8","127831213","127831303","KN295236v1","809349","809443","22","127021864"
"chr8","127972917","127973194","KN295708v1","2860090","2860376","71","125112827"
"chr8","127978800","127978893","KN296738v1","61831","61924","26","127916969"
"chr8","128225844","128226128","KN296495v1","1076274","1076557","69","127149570"
"chr8","128360046","128360350","KN297066v1","48943","49249","71","128311103"
"chr8","128592747","128593010","KN295791v1","200436","200716","36","128392311"
"chr8","129008405","129008666","KN296119v1","4417986","4418235","70","124590419"
"chr8","129145067","129145364","KN296495v1","1076274","1076557","72","128068793"
"chr8","129802561","129802859","KN296907v1","383470","383767","26","129419091"
"chr8","130062811","130062978","KN296701v1","462609","462775","37","129600202"
"chr8","130092344","130092612","KN296871v1","10096","10361","58","130082248"
"chr8","130294982","130295290","KN297242v1","2049340","2049645","65","128245642"
"chr8","130375414","130375565","KN294569v1","180105","180259","37","130195309"
"chr8","130684743","130684864","KN297416v1","162444","162561","24","130522299"
"chr8","130928128","130928372","KN297190v1","5951555","5951790","62","124976573"
"chr8","131170057","131170362","KN296322v1","1648835","1649139","70","129521222"
"chr8","131389826","131389944","KN295586v1","442465","442585","34","130947361"
"chr8","131659308","131659470","KN295045v1","685836","686001","39","130973472"
"chr8","131909269","131909556","KN294520v1","992368","992662","61","130916901"
"chr8","133253704","133253996","KN295068v1","49131","49419","60","133204573"
"chr8","133644252","133644544","KN294207v1","595798","596096","86","133048454"
"chr8","133839672","133839905","KN296507v1","415379","415594","60","133424293"
"chr8","134322391","134322685","KN296948v1","762193","762479","65","133560198"
"chr8","134337561","134337726","KN297319v1","373164","373327","29","133964397"
"chr8","134413833","134413991","KN296802v1","177374","177511","56","134236459"
"chr8","134430286","134430576","KN296964v1","1814390","1814681","64","132615896"
"chr8","134446442","134446587","KN296247v1","959095","959240","30","133487347"
"chr8","134516553","134516876","KN295667v1","1567361","1567664","98","132949192"
"chr8","134753092","134753219","KN296253v1","597047","597176","32","134156045"
"chr8","134982307","134982617","KN294451v1","1149434","1149741","75","133832873"
"chr8","135762520","135762836","KN295736v1","3332310","3332608","44","132430210"
"chr8","137583311","137583450","KN297180v1","2065065","2065204","34","135518246"
"chr8","138779766","138780060","KN295736v1","351986","352279","36","138427780"
"chr8","140019856","140020018","KN295185v1","57072","57236","50","139962784"
"chr8","140020377","140020636","KN294552v1","1295874","1296134","70","138724503"
"chr8","140415687","140415960","KN296948v1","762193","762479","62","139653494"
"chr8","140643071","140643179","KN294210v1","694425","694529","31","139948646"
"chr8","140643476","140643505","KN296907v1","491287","491310","12","140152189"
"chr8","140643798","140643964","KN294571v1","2119940","2120110","40","138523858"
"chr8","140662016","140662324","KN296322v1","1648835","1649139","63","139013181"
"chr8","140663683","140663953","KN297046v1","1666770","1667044","67","138996913"
"chr8","140871521","140871882","KN296495v1","2039293","2039625","122","138832228"
"chr8","140901577","140901650","KN295980v1","204532","204597","23","140697045"
"chr8","140911951","140912275","KN297058v1","194613","194917","70","140717338"
"chr8","140935974","140936172","KN295610v1","77007","77226","58","140858967"
"chr8","140945303","140945613","KN294452v1","1374937","1375240","68","139570366"
"chr8","141277918","141278080","KN297327v1","1056034","1056190","39","140221884"
"chr8","141321330","141321464","KN295294v1","3806061","3806194","23","137515269"
"chr8","141456884","141457190","KN296322v1","1648835","1649139","57","139808049"
"chr8","141990151","141990426","KN296991v1","841101","841373","64","141149050"
"chr8","142420885","142421188","KN294199v1","1022551","1022840","70","141398334"
"chr8","142485416","142485549","KN294978v1","3847610","3847736","29","138637806"
"chr8","142715095","142715353","KN297046v1","2597747","2598020","66","140117348"
"chr8","143456605","143456896","KN295205v1","656212","656501","69","142800393"
"chr8","143560043","143560173","KN295906v1","88165","88296","24","143471878"
"chr8","143655318","143655605","KN294172v1","4574526","4574813","65","139080792"
"chr8","143670681","143670825","KN294147v1","1648476","1648613","37","142022205"
"chr8","143673029","143673244","KN296062v1","2277688","2277919","58","141395341"
"chr8","143750554","143750837","KN297112v1","2364143","2364436","70","141386411"
"chr8","144540156","144540381","KN297323v1","518400","518641","37","144021756"
"chr8","144550318","144550442","KN296311v1","4815038","4815168","18","139735280"
"chr8","144836066","144836342","KN297323v1","219636","219905","29","144616430"
"chr8","144968072","144968383","KN297323v1","97375","97678","29","144870697"
"chr8","144974267","144974422","KN297171v1","1235221","1235375","39","143739046"
"chr8","144999175","144999424","KN296294v1","942304","942564","68","144056871"
"chr8","145042019","145042175","KN294634v1","146466","146607","47","144895553"
"chr9","19267539","19267838","KN296495v1","1722244","1722543","69","17545295"
"chr9","186124","186405","KN294650v1","1824113","1824395","62","1637989"
"chr9","216248","216555","KN294634v1","387267","387565","73","171019"
"chr9","343218","343498","KN295722v1","2032123","2032412","43","1688905"
"chr9","471622","471840","KN295722v1","1902466","1902688","17","1430844"
"chr9","568519","568781","KN295722v1","1797254","1797516","12","1228735"
"chr9","699782","699989","KN295994v1","491289","491494","46","208493"
"chr9","817150","817436","KN294539v1","1692531","1692809","67","875381"
"chr9","823080","823238","KN295722v1","1546817","1546986","17","723737"
"chr9","839312","839449","KN295722v1","1530968","1531101","14","691656"
"chr9","839746","839910","KN295722v1","1530489","1530661","14","690743"
"chr9","930216","930416","KN295352v1","256766","256946","63","673450"
"chr9","930708","930839","KN294848v1","656940","657076","27","273768"
"chr9","997887","998142","KN295722v1","1369561","1369836","35","371674"
"chr9","1121302","1121583","KN295722v1","1247080","1247361","18","125778"
"chr9","1204894","1205198","KN295667v1","1567361","1567664","60","362467"
"chr9","2027161","2027477","KN295102v1","38793","39103","71","1988368"
"chr9","2204199","2204500","KN296244v1","296863","297159","62","1907336"
"chr9","2565145","2565437","KN295352v1","1382929","1383224","61","1182216"
"chr9","2730252","2730448","KN295893v1","81858","82067","54","2648394"
"chr9","2738145","2738447","KN294634v1","387267","387565","26","2350878"
"chr9","2783318","2783595","KN294634v1","440472","440767","55","2342846"
"chr9","2855640","2855931","KN297171v1","2449987","2450273","64","405653"
"chr9","2859095","2859394","KN294634v1","512780","513080","24","2346315"
"chr9","3178567","3178853","KN294650v1","1824113","1824395","18","1354454"
"chr9","3196631","3196918","KN294650v1","1804583","1804877","28","1392048"
"chr9","3207640","3207931","KN294650v1","1791686","1791980","29","1415954"
"chr9","3546776","3546897","KN294650v1","1442919","1443028","18","2103857"
"chr9","3730249","3730539","KN294650v1","1198350","1198641","21","2531899"
"chr9","3891432","3891719","KN296649v1","28211","28505","70","3863221"
"chr9","4019721","4020050","KN294650v1","895791","896115","28","3123930"
"chr9","4319535","4319789","KN294650v1","596463","596718","13","3723072"
"chr9","4445345","4445662","KN296101v1","27902","28215","64","4417443"
"chr9","4486725","4486996","KN297386v1","1518927","1519195","62","2967798"
"chr9","4568439","4568712","KN297046v1","3021389","3021663","63","1547050"
"chr9","4710641","4710926","KN294161v1","491457","491757","70","4219184"
"chr9","4716649","4716947","KN294439v1","130265","130569","70","4586384"
"chr9","4812428","4812540","KN294650v1","82689","82804","12","4729739"
"chr9","4822538","4822833","KN296496v1","943728","944031","64","3878810"
"chr9","4857932","4858172","KN294650v1","38350","38590","14","4819582"
"chr9","4863310","4863456","KN295114v1","20274","20431","36","4843036"
"chr9","4871606","4871900","KN294650v1","24363","24655","15","4847243"
"chr9","4933821","4934122","KN294439v1","130265","130569","67","4803556"
"chr9","4960528","4960844","KN295102v1","38793","39103","67","4921735"
"chr9","5047673","5047900","KN296643v1","482284","482494","59","4565389"
"chr9","5552961","5553128","KN294856v1","256027","256175","36","5296934"
"chr9","5620085","5620376","KN295352v1","1395278","1395557","64","4224807"
"chr9","5624129","5624422","KN295883v1","403214","403504","32","5220915"
"chr9","5667043","5667331","KN295883v1","449583","449874","27","5217460"
"chr9","5818068","5818173","KN295883v1","610510","610616","8","5207558"
"chr9","5860613","5860842","KN297165v1","963791","964034","80","4896822"
"chr9","5902453","5902805","KN295883v1","696043","696379","34","5206410"
"chr9","5924289","5924498","KN296859v1","1208651","1208859","52","4715638"
"chr9","6050309","6050594","KN295883v1","861998","862283","20","5188311"
"chr9","6054232","6054345","KN296153v1","3603162","3603273","26","2451070"
"chr9","6091325","6091506","KN294571v1","2119940","2120110","46","3971385"
"chr9","6176004","6176303","KN297180v1","314236","314539","62","5861768"
"chr9","6228576","6228860","KN294235v1","447510","447794","63","5781066"
"chr9","6235042","6235343","KN296864v1","1939832","1940132","66","4295210"
"chr9","6350467","6350571","KN294506v1","7028","7136","21","6343439"
"chr9","6350829","6351011","KN295352v1","256766","256946","50","6094063"
"chr9","6484062","6484355","KN296635v1","2491483","2491774","77","3992579"
"chr9","6595682","6595828","KN296829v1","851332","851478","44","5744350"
"chr9","6615311","6615598","KN296783v1","17518","17804","78","6597793"
"chr9","6906546","6906740","KN297026v1","1683472","1683666","44","5223074"
"chr9","6942881","6943172","KN295459v1","878673","878961","77","6064208"
"chr9","7012071","7012341","KN295933v1","79820","80084","77","6932251"
"chr9","7069419","7069539","KN296557v1","74888","75001","28","6994531"
"chr9","7138533","7138838","KN294452v1","1374937","1375240","61","5763596"
"chr9","7240094","7240394","KN295099v1","55159","55457","63","7184935"
"chr9","7957607","7957903","KN294790v1","483712","483988","80","7473895"
"chr9","8385244","8385530","KN294185v1","703344","703630","16","7681900"
"chr9","8418997","8419255","KN294613v1","331392","331636","68","8087605"
"chr9","8622857","8623165","KN296864v1","1939832","1940132","82","6683025"
"chr9","8802770","8803049","KN294185v1","284643","284929","31","8518127"
"chr9","8983525","8983810","KN294185v1","101617","101905","30","8881908"
"chr9","10270874","10271123","KN296036v1","2336843","2337101","69","7934031"
"chr9","10551052","10551363","KN296505v1","323963","324278","77","10227089"
"chr9","11085382","11085598","KN296508v1","1675720","1675934","49","9409662"
"chr9","11815842","11816089","KN294226v1","675534","675784","89","11140308"
"chr9","12247807","12248106","KN296322v1","1648835","1649139","66","10598972"
"chr9","12772854","12773084","KN294879v1","1183051","1183277","62","11589803"
"chr9","12788844","12789060","KN297095v1","2669325","2669548","69","10119519"
"chr9","12858877","12859185","KN295480v1","1274084","1274387","74","11584793"
"chr9","12874888","12874965","KN295586v1","2493607","2493679","20","10381281"
"chr9","13007653","13007976","KN296505v1","323963","324278","79","12683690"
"chr9","13074490","13074785","KN294470v1","772710","772997","69","12301780"
"chr9","13735954","13736115","KN294991v1","973655","973815","36","12762299"
"chr9","13736401","13736546","KN296311v1","2361921","2362066","29","11374480"
"chr9","13831172","13831463","KN295987v1","1740033","1740319","65","12091139"
"chr9","14034240","14034571","KN295825v1","885594","885915","83","13148646"
"chr9","14247921","14248187","KN296639v1","37858","38116","54","14210063"
"chr9","14407687","14407981","KN294657v1","646286","646581","18","13761401"
"chr9","14724285","14724564","KN294657v1","338714","338992","19","14385571"
"chr9","14852411","14852706","KN294657v1","205520","205814","32","14646891"
"chr9","14897591","14897893","KN294210v1","473112","473404","64","14424479"
"chr9","15125570","15125703","KN296292v1","262786","262918","9","14862784"
"chr9","15319622","15319790","KN294588v1","39078","39248","35","15280544"
"chr9","15320094","15320235","KN294378v1","643788","643925","31","14676306"
"chr9","15324935","15325076","KN296292v1","68328","68473","19","15256607"
"chr9","15325376","15325538","KN296292v1","67877","68027","21","15257499"
"chr9","15400101","15400372","KN296577v1","852929","853199","66","14547172"
"chr9","15567661","15567951","KN295352v1","729753","730045","49","14837908"
"chr9","15677928","15678210","KN296948v1","762193","762479","56","14915735"
"chr9","15679552","15679839","KN296244v1","327623","327911","69","15351929"
"chr9","15742802","15743078","KN294420v1","263951","264214","76","15478851"
"chr9","16116611","16116910","KN295753v1","26465","26763","69","16090146"
"chr9","16185711","16186003","KN297023v1","152219","152509","68","16033492"
"chr9","16502092","16502362","KN296515v1","108704","108986","72","16393388"
"chr9","16508822","16509125","KN295633v1","778185","778486","71","15730637"
"chr9","16690216","16690459","KN294571v1","1551599","1551840","79","15138617"
"chr9","16892627","16892785","KN295708v1","2199659","2199817","33","14692968"
"chr9","16892813","16892941","KN294879v1","753968","754085","33","16138845"
"chr9","16929929","16930059","KN296643v1","310149","310281","23","16619780"
"chr9","17038546","17038863","KN294604v1","27646","27963","63","17010900"
"chr9","17088408","17088567","KN294446v1","241596","241755","39","16846812"
"chr9","17090114","17090396","KN295090v1","2374852","2375141","64","14715262"
"chr9","17100541","17100829","KN294260v1","1091595","1091881","61","16008946"
"chr9","17366130","17366443","KN295573v1","1390691","1391001","77","15975439"
"chr9","17433627","17433880","KN295585v1","102609","102863","16","17331018"
"chr9","17668653","17668957","KN294452v1","1024655","1024959","66","16643998"
"chr9","17841534","17841836","KN295967v1","1904010","1904311","15","15937524"
"chr9","17868033","17868343","KN296864v1","1939832","1940132","75","15928201"
"chr9","18063048","18063342","KN297375v1","58397","58674","81","18004651"
"chr9","18228441","18228708","KN295967v1","1520844","1521111","15","16707597"
"chr9","18335332","18335391","KN295596v1","1272023","1272083","14","17063309"
"chr9","18339624","18339739","KN294193v1","654985","655103","28","17684639"
"chr9","18546323","18546421","KN297159v1","1208501","1208598","23","17337822"
"chr9","19061554","19061850","KN296001v1","79566","79857","68","18981988"
"chr9","19198570","19198761","KN295967v1","555742","555932","17","18642828"
"chr9","19207611","19207735","KN295022v1","817917","818040","28","18389694"
"chr9","19247401","19247693","KN295352v1","729753","730045","64","18517648"
"chr9","19368869","19369147","KN295967v1","390588","390866","18","18978281"
"chr9","19627542","19627833","KN294420v1","816046","816329","71","18811496"
"chr9","19736557","19736859","KN297442v1","2584808","2585101","66","17151749"
"chr9","19756908","19757073","KN296754v1","59195","59361","40","19697713"
"chr9","20266797","20267072","KN296314v1","251668","251946","36","20015129"
"chr9","20389493","20389820","KN296378v1","237774","238079","84","20151719"
"chr9","20404514","20404805","KN296303v1","805215","805501","65","19599299"
"chr9","20429084","20429375","KN295090v1","2374852","2375141","58","18054232"
"chr9","20438422","20438584","KN295326v1","444837","444999","38","19993585"
"chr9","20438615","20438718","KN296322v1","2683415","2683511","23","17755200"
"chr9","20476057","20476154","KN296314v1","464911","464993","21","20011146"
"chr9","20544807","20545123","KN296322v1","1648835","1649139","78","18895972"
"chr9","20546306","20546562","KN296311v1","2759477","2759737","69","17786829"
"chr9","20550750","20551063","KN296378v1","480415","480726","62","20070335"
"chr9","20638407","20638707","KN296864v1","1873086","1873381","70","18765321"
"chr9","20663104","20663362","KN296314v1","657620","657879","22","20005484"
"chr9","20702124","20702394","KN295967v1","1520844","1521111","52","19181280"
"chr9","20735514","20735823","KN295936v1","78605","78913","73","20656909"
"chr9","20957076","20957357","KN294279v1","171583","171867","78","20785493"
"chr9","21831338","21831626","KN297227v1","1123419","1123703","68","20707919"
"chr9","22014159","22014464","KN294207v1","595798","596096","68","21418361"
"chr9","23505964","23506064","KN295368v1","597302","597393","31","22908662"
"chr9","23806355","23806603","KN296311v1","2581889","2582135","62","21224466"
"chr9","23855897","23856052","KN295114v1","20274","20431","40","23835623"
"chr9","24915805","24916062","KN297105v1","2959195","2959449","73","21956610"
"chr9","25622576","25622849","KN295983v1","1223920","1224199","63","24398656"
"chr9","26765809","26766084","KN295055v1","35015","35292","66","26730794"
"chr9","26881135","26881273","KN294536v1","348653","348787","29","26532482"
"chr9","26953680","26953809","KN296643v1","191078","191208","23","26762602"
"chr9","27012233","27012517","KN296303v1","805215","805501","70","26207018"
"chr9","27018967","27019256","KN296157v1","1138570","1138881","68","25880397"
"chr9","27030278","27030407","KN296731v1","1584821","1584953","34","25445457"
"chr9","27039196","27039330","KN295706v1","131306","131439","23","26907890"
"chr9","27058091","27058388","KN296726v1","392031","392328","64","26666060"
"chr9","27099374","27099657","KN296538v1","333498","333794","67","26765876"
"chr9","27416534","27416834","KN296731v1","564284","564572","74","26852250"
"chr9","27479810","27480075","KN295933v1","79820","80084","60","27399990"
"chr9","27555559","27555857","KN296507v1","738522","738814","65","26817037"
"chr9","27571461","27571741","KN295346v1","1646114","1646406","61","25925347"
"chr9","28070705","28071014","KN294421v1","9377","9683","72","28061328"
"chr9","28293094","28293397","KN295907v1","544095","544389","64","27748999"
"chr9","28960236","28960522","KN296865v1","1172192","1172469","85","27788044"
"chr9","29434601","29434876","KN297070v1","431154","431439","69","29003447"
"chr9","29708450","29708687","KN297404v1","36270","36508","65","29672180"
"chr9","29756116","29756428","KN296322v1","1648835","1649139","78","28107281"
"chr9","29769040","29769307","KN294396v1","224755","225042","76","29544285"
"chr9","30382449","30382714","KN295394v1","911032","911310","72","29471417"
"chr9","30810807","30811098","KN296315v1","1023330","1023621","63","29787477"
"chr9","30914816","30915042","KN294235v1","570733","570958","58","30344083"
"chr9","31284087","31284244","KN295984v1","1259442","1259596","39","30024645"
"chr9","31445006","31445306","KN297180v1","314236","314539","73","31130770"
"chr9","31706672","31706951","KN294279v1","171583","171867","74","31535089"
"chr9","32124902","32125018","KN295449v1","587976","588098","29","31536926"
"chr9","32367226","32367511","KN297046v1","3625951","3626247","68","28741275"
"chr9","32842857","32843129","KN297105v1","1662905","1663162","75","31179952"
"chr9","32850316","32850463","KN296210v1","326465","326608","26","32523851"
"chr9","32952933","32953253","KN295274v1","6781","7097","17","32946152"
"chr9","33034925","33035025","KN295205v1","1234306","1234404","32","31800619"
"chr9","33060016","33060317","KN294539v1","1347688","1347986","85","31712328"
"chr9","33171554","33171853","KN296507v1","738522","738814","67","32433032"
"chr9","33175030","33175338","KN296322v1","1648835","1649139","62","31526195"
"chr9","33213494","33213775","KN296430v1","725785","726075","63","32487709"
"chr9","33334173","33334481","KN294452v1","1024655","1024959","67","32309518"
"chr9","33357525","33357844","KN296505v1","323963","324278","71","33033562"
"chr9","33520623","33520903","KN294462v1","16829","17108","77","33503794"
"chr9","33542371","33542673","KN296865v1","1674236","1674534","78","31868135"
"chr9","33892979","33893070","KN295430v1","995039","995130","24","32897940"
"chr9","33894150","33894278","KN296311v1","4815038","4815168","21","29079112"
"chr9","33900738","33900866","KN295706v1","131306","131439","19","33769432"
"chr9","33913283","33913561","KN296883v1","2609802","2610089","63","31303481"
"chr9","33973925","33974205","KN296311v1","5278234","5278515","72","28695691"
"chr9","33978964","33979249","KN296502v1","1280490","1280768","71","32698474"
"chr9","34068789","34068829","KN294470v1","3033953","3033992","8","31034836"
"chr9","34192606","34192738","KN295755v1","75966","76098","24","34116640"
"chr9","34226161","34226223","KN295725v1","1085871","1085933","17","33140290"
"chr9","34226537","34226665","KN294526v1","564768","564889","40","33661769"
"chr9","34305595","34305905","KN294239v1","243029","243336","67","34062566"
"chr9","34308798","34309112","KN296588v1","282556","282869","59","34026242"
"chr9","34333345","34333672","KN296484v1","918187","918501","84","33415158"
"chr9","34414950","34415169","KN295666v1","1250969","1251185","54","33163981"
"chr9","34539664","34539796","KN295294v1","3806061","3806194","18","30733603"
"chr9","34627361","34627509","KN296311v1","2361921","2362066","30","32265440"
"chr9","34706845","34707002","KN295721v1","382777","382938","37","34324068"
"chr9","34755650","34755811","KN296000v1","898022","898186","36","33857628"
"chr9","35059858","35060158","KN297058v1","194613","194917","64","34865245"
"chr9","35119020","35119197","KN294416v1","934596","934758","48","34184424"
"chr9","35119519","35119649","KN296404v1","1017857","1017993","24","34101662"
"chr9","35335695","35336002","KN294578v1","639003","639297","73","34696692"
"chr9","35528106","35528398","KN296538v1","333498","333794","61","35194608"
"chr9","35528804","35528938","KN295706v1","131306","131439","26","35397498"
"chr9","35551778","35552070","KN294199v1","1022551","1022840","52","34529227"
"chr9","35881019","35881301","KN297028v1","97110","97396","65","35783909"
"chr9","36027966","36028130","KN296864v1","3353170","3353334","45","32674796"
"chr9","36028221","36028235","KN295722v1","2808176","2808190","7","33220045"
"chr9","36028266","36028382","KN294199v1","348945","349057","29","35679321"
"chr9","36084774","36085061","KN296303v1","805215","805501","58","35279559"
"chr9","36230467","36230645","KN294416v1","934596","934758","44","35295871"
"chr9","36231182","36231460","KN296508v1","259529","259806","15","35971653"
"chr9","36254245","36254539","KN296430v1","725785","726075","61","35528460"
"chr9","36335578","36335799","KN296508v1","358799","359013","16","35976779"
"chr9","36392455","36392768","KN296508v1","415478","415788","26","35976977"
"chr9","36449188","36449430","KN295368v1","2443516","2443764","61","34005672"
"chr9","36471765","36471888","KN297279v1","1209908","1210040","26","35261857"
"chr9","36527302","36527441","KN296643v1","191078","191208","26","36336224"
"chr9","36569996","36570170","KN296508v1","602220","602385","21","35967776"
"chr9","36581251","36581332","KN294705v1","1655508","1655564","34","34925743"
"chr9","36640434","36640737","KN296864v1","1939832","1940132","70","34700602"
"chr9","36931993","36932277","KN295633v1","625547","625830","62","36306446"
"chr9","36943905","36944195","KN295352v1","729753","730045","59","36214152"
"chr9","37068809","37069109","KN296508v1","1103257","1103556","17","35965552"
"chr9","37078179","37078342","KN296508v1","1112184","1112355","21","35965995"
"chr9","37103742","37104037","KN296508v1","1139081","1139369","18","35964661"
"chr9","37117964","37118102","KN295077v1","850159","850295","38","36267805"
"chr9","37202503","37202781","KN296508v1","1241600","1241908","40","35960903"
"chr9","37401539","37401820","KN294831v1","637287","637573","67","36764252"
"chr9","37419330","37419615","KN296508v1","1455154","1455455","43","35964176"
"chr9","37499147","37499421","KN294470v1","772710","772997","64","36726437"
"chr9","37547677","37547963","KN296495v1","1076274","1076557","53","36471403"
"chr9","37577027","37577206","KN295722v1","1546817","1546986","45","36030210"
"chr9","37627460","37627687","KN296508v1","1675720","1675934","23","35951740"
"chr9","37798386","37798649","KN296508v1","1843240","1843495","26","35955146"
"chr9","37808837","37809108","KN296508v1","1853429","1853706","24","35955408"
"chr9","37811049","37811339","KN296508v1","1855630","1855941","45","35955419"
"chr9","37852316","37852597","KN294733v1","325780","326060","55","37526536"
"chr9","37855728","37855867","KN296508v1","1899441","1899574","16","35956287"
"chr9","37895208","37895497","KN295352v1","729753","730045","69","37165455"
"chr9","37932638","37932913","KN296508v1","1971553","1971828","15","35961085"
"chr9","37934322","37934593","KN296508v1","1973232","1973505","25","35961090"
"chr9","37962504","37962812","KN294399v1","171378","171682","67","37791126"
"chr9","38112991","38113292","KN297184v1","1114866","1115167","56","36998125"
"chr9","38120597","38120918","KN294458v1","1460252","1460580","80","36660345"
"chr9","38419896","38420157","KN294552v1","1295874","1296134","53","37124022"
"chr9","38421013","38421305","KN294452v1","1024655","1024959","67","37396358"
"chr9","38450108","38450266","KN296732v1","3303486","3303632","37","35146622"
"chr9","38508168","38508462","KN297023v1","152219","152509","68","38355949"
"chr9","38601710","38602008","KN294421v1","9377","9683","78","38592333"
"chr9","39106292","39106548","KN294552v1","1295874","1296134","62","37810418"
"chr9","39405613","39405892","KN296991v1","841101","841373","69","38564512"
"chr9","40058674","40058971","KN296948v1","762193","762479","75","39296481"
"chr9","40072124","40072386","KN294325v1","979659","979928","75","39092465"
"chr9","40623435","40623538","KN297153v1","394066","394162","29","40229369"
"chr9","40623850","40623880","KN296367v1","700794","700834","15","39923056"
"chr9","41008385","41008549","KN296864v1","3353170","3353334","33","37655215"
"chr9","41011176","41011465","KN294980v1","15695","15980","25","40995481"
"chr9","41037165","41037463","KN295722v1","2352178","2352476","50","38684987"
"chr9","41196408","41196689","KN294650v1","1824113","1824395","59","39372295"
"chr9","41283846","41284149","KN297219v1","1839754","1840062","72","39444092"
"chr9","41393102","41393366","KN294325v1","979659","979928","75","40413443"
"chr9","41406168","41406465","KN296948v1","762193","762479","74","40643975"
"chr9","42233644","42233958","KN295977v1","1431019","1431329","82","40802625"
"chr9","43253816","43253941","KN294705v1","1831138","1831252","30","41422678"
"chr9","43254249","43254275","KN296495v1","369441","369458","12","42884808"
"chr9","60964417","60964696","KN296991v1","841101","841373","70","60123316"
"chr9","62848207","62848511","KN297219v1","1839754","1840062","74","61008453"
"chr9","63016259","63016289","KN296367v1","700794","700834","15","62315465"
"chr9","63016612","63016715","KN297153v1","394066","394162","29","62622546"
"chr9","63422659","63422762","KN297153v1","394066","394162","29","63028593"
"chr9","63423076","63423102","KN296495v1","369441","369458","12","63053635"
"chr9","63655331","63655628","KN296948v1","762193","762479","75","62893138"
"chr9","63668127","63668386","KN294269v1","894444","894699","77","62773683"
"chr9","63771548","63771852","KN297219v1","1839754","1840062","72","61931794"
"chr9","63840357","63840650","KN294980v1","15695","15980","30","63824662"
"chr9","63843278","63843441","KN296864v1","3353170","3353334","36","60490108"
"chr9","64746646","64746749","KN297153v1","394066","394162","29","64352580"
"chr9","64747061","64747088","KN296495v1","369441","369458","12","64377620"
"chr9","65232141","65232244","KN297153v1","394066","394162","29","64838075"
"chr9","65232549","65232575","KN296495v1","369441","369458","12","64863108"
"chr9","65668549","65668830","KN294650v1","1824113","1824395","59","63844436"
"chr9","65789388","65789418","KN296367v1","700794","700834","15","65088594"
"chr9","65789738","65789841","KN297153v1","394066","394162","29","65395672"
"chr9","66304261","66304525","KN294325v1","979659","979928","75","65324602"
"chr9","66317672","66317969","KN296948v1","762193","762479","75","65555479"
"chr9","66942188","66942500","KN295977v1","1431019","1431329","80","65511169"
"chr9","67491904","67492028","KN296682v1","4980731","4980854","21","62511173"
"chr9","68234606","68234887","KN294650v1","1824113","1824395","59","66410493"
"chr9","68394622","68394920","KN295722v1","2352178","2352476","53","66042444"
"chr9","68528229","68528536","KN295430v1","3086896","3087203","21","65441333"
"chr9","68857584","68857839","KN296036v1","2336843","2337101","65","66520741"
"chr9","69094800","69094984","KN295430v1","2495062","2495241","15","66599738"
"chr9","69095297","69095416","KN295430v1","2494644","2494765","11","66600653"
"chr9","69200396","69200683","KN294260v1","1359230","1359515","68","67841166"
"chr9","69314799","69315035","KN296371v1","180180","180422","81","69134619"
"chr9","69592323","69592618","KN295430v1","2025007","2025305","36","67567316"
"chr9","69596006","69596285","KN295430v1","2021310","2021589","23","67574696"
"chr9","69610036","69610337","KN295430v1","2009073","2009373","20","67600963"
"chr9","69701559","69701855","KN294453v1","316902","317180","72","69384657"
"chr9","69830653","69830957","KN296244v1","327623","327911","76","69503030"
"chr9","69947879","69948198","KN296322v1","1648835","1649139","72","68299044"
"chr9","70124698","70125010","KN295430v1","1482679","1482992","22","68642019"
"chr9","70396507","70396637","KN295430v1","1220026","1220156","14","69176481"
"chr9","70437387","70437552","KN296926v1","1156893","1157056","34","69280494"
"chr9","70705285","70705589","KN295430v1","901968","902248","42","69803317"
"chr9","70723278","70723582","KN295430v1","901968","902248","42","69821310"
"chr9","70986078","70986367","KN295742v1","1046","1335","73","70985032"
"chr9","71502961","71503077","KN295430v1","98822","98932","15","71404139"
"chr9","71668967","71669234","KN297046v1","1666770","1667044","63","70002197"
"chr9","71755229","71755346","KN296577v1","937639","937757","30","70817590"
"chr9","71755382","71755563","KN294991v1","973655","973815","48","70781727"
"chr9","71776918","71777174","KN295352v1","245560","245828","67","71531358"
"chr9","71906528","71906777","KN297190v1","5951555","5951790","57","65954973"
"chr9","72601225","72601361","KN296322v1","2564470","2564606","26","70036755"
"chr9","72601688","72601836","KN295828v1","950552","950701","46","71651136"
"chr9","73409493","73409654","KN297319v1","373164","373327","36","73036329"
"chr9","73868077","73868380","KN294539v1","3359067","3359368","68","70509010"
"chr9","74382311","74382603","KN294210v1","473112","473404","70","73909199"
"chr9","74767690","74767931","KN296145v1","3732348","3732587","59","71035342"
"chr9","74871720","74871854","KN297219v1","1836415","1836540","37","73035305"
"chr9","74872152","74872285","KN294591v1","569932","570064","27","74302220"
"chr9","74878838","74878999","KN297000v1","418665","418822","46","74460173"
"chr9","74915982","74916119","KN297023v1","686879","687015","24","74229103"
"chr9","74927194","74927328","KN294536v1","348653","348787","31","74578541"
"chr9","74928754","74929038","KN297227v1","1049335","1049619","63","73879419"
"chr9","74967842","74968111","KN296157v1","1145342","1145607","68","73822500"
"chr9","74983095","74983266","KN294911v1","4985405","4985572","30","69997690"
"chr9","75011388","75011666","KN295722v1","1369561","1369836","73","73641827"
"chr9","75036431","75036700","KN294842v1","1817337","1817591","78","73219094"
"chr9","75103019","75103310","KN294407v1","715854","716149","81","74387165"
"chr9","75104263","75104563","KN294421v1","9377","9683","69","75094886"
"chr9","75673395","75673698","KN296649v1","474335","474640","63","75199060"
"chr9","75757416","75757565","KN294346v1","260578","260726","35","75496838"
"chr9","75843794","75843946","KN295705v1","2338948","2339110","41","73504846"
"chr9","75988581","75988715","KN294326v1","522412","522546","23","75466169"
"chr9","76023384","76023676","KN296495v1","1076274","1076557","66","74947110"
"chr9","76061985","76062259","KN294571v1","2055636","2055896","68","74006349"
"chr9","76396308","76396440","KN295294v1","3806061","3806194","23","72590247"
"chr9","76449046","76449322","KN294172v1","188703","188957","77","76260343"
"chr9","76483842","76483979","KN297259v1","590991","591115","36","75892851"
"chr9","76539610","76539909","KN295117v1","112788","113084","65","76426822"
"chr9","76632568","76632847","KN295987v1","1142083","1142355","72","75490485"
"chr9","76865212","76865340","KN296643v1","191078","191208","22","76674134"
"chr9","76937660","76937959","KN297180v1","314236","314539","65","76623424"
"chr9","76938167","76938472","KN296308v1","750453","750763","70","76187714"
"chr9","76976473","76976599","KN294172v1","5400991","5401118","29","71575482"
"chr9","77213498","77213799","KN295099v1","55159","55457","54","77158339"
"chr9","77282651","77282974","KN294758v1","1361907","1362206","89","75920744"
"chr9","77389309","77389603","KN296910v1","8201","8498","31","77381108"
"chr9","77452851","77453166","KN295633v1","778185","778486","71","76674666"
"chr9","77818718","77819029","KN296322v1","1648835","1649139","60","76169883"
"chr9","78225574","78225877","KN295894v1","2131941","2132242","64","76093633"
"chr9","78313628","78313946","KN297153v1","1198933","1199245","73","77114695"
"chr9","78331608","78331899","KN295586v1","4835747","4836042","57","73495861"
"chr9","78601260","78601556","KN295725v1","920235","920528","41","77681025"
"chr9","78922754","78923039","KN296495v1","1076274","1076557","65","77846480"
"chr9","79060931","79061213","KN296682v1","3395587","3395869","59","75665344"
"chr9","79122269","79122574","KN296665v1","224506","224804","81","78897763"
"chr9","79210379","79210672","KN295725v1","293304","293604","21","78917075"
"chr9","79363350","79363608","KN295725v1","130922","131190","24","79232428"
"chr9","79794636","79794755","KN297163v1","287904","288020","13","79506732"
"chr9","79794821","79794985","KN297163v1","288141","288298","14","79506680"
"chr9","79907949","79908246","KN294739v1","526187","526480","65","79381762"
"chr9","80058144","80058435","KN297163v1","556998","557289","20","79501146"
"chr9","80176532","80176710","KN294739v1","985939","986117","43","79190593"
"chr9","80176993","80177110","KN297163v1","685235","685337","19","79491758"
"chr9","80449188","80449480","KN294520v1","992368","992662","70","79456820"
"chr9","80774233","80774513","KN294470v1","1079259","1079534","71","79694974"
"chr9","80877015","80877314","KN297163v1","1357683","1357982","21","79519332"
"chr9","80962114","80962404","KN297163v1","1447204","1447495","17","79514910"
"chr9","81407594","81407864","KN296991v1","841101","841373","71","80566493"
"chr9","81486560","81486806","KN295714v1","24603","24811","72","81461957"
"chr9","81608311","81608526","KN295610v1","375600","375802","45","81232711"
"chr9","81627937","81628066","KN295706v1","131306","131439","22","81496631"
"chr9","81666842","81667112","KN297121v1","28304","28576","80","81638538"
"chr9","81678207","81678501","KN296205v1","601732","602028","78","81076475"
"chr9","81715750","81715879","KN295441v1","789788","789916","25","80925962"
"chr9","81775928","81776070","KN294172v1","6039824","6039947","38","75736104"
"chr9","81786774","81787106","KN294578v1","639003","639297","96","81147771"
"chr9","82047355","82047651","KN294207v1","595798","596096","71","81451557"
"chr9","82067925","82068215","KN295573v1","512154","512437","64","81555771"
"chr9","82094729","82095021","KN295984v1","2962847","2963132","67","79131882"
"chr9","82204081","82204190","KN295319v1","661942","662051","23","81542139"
"chr9","82642170","82642492","KN294954v1","70243","70554","77","82571927"
"chr9","82691638","82691938","KN295633v1","1633983","1634282","70","81057655"
"chr9","82843656","82843955","KN296484v1","493828","494131","72","82349828"
"chr9","83185362","83185460","KN295236v1","1140799","1140905","23","82044563"
"chr9","83615711","83616016","KN294452v1","1024655","1024959","65","82591056"
"chr9","83802564","83802848","KN297026v1","800582","800867","69","83001982"
"chr9","83870922","83871220","KN295586v1","4835747","4836042","65","79035175"
"chr9","83918071","83918313","KN295610v1","77007","77226","69","83841064"
"chr9","83929264","83929442","KN296496v1","472499","472677","35","83456765"
"chr9","83929742","83929875","KN295706v1","131306","131439","21","83798436"
"chr9","83931586","83931879","KN294172v1","1944132","1944423","66","81987454"
"chr9","83937085","83937368","KN295090v1","102719","102992","72","83834366"
"chr9","84254267","84254564","KN297442v1","1676499","1676799","64","82577768"
"chr9","84388273","84388572","KN295352v1","729753","730045","61","83658520"
"chr9","84469357","84469629","KN295171v1","12625","12912","68","84456732"
"chr9","84516447","84516769","KN296682v1","1537188","1537494","77","82979259"
"chr9","84870369","84870638","KN297105v1","2959195","2959449","71","81911174"
"chr9","85058542","85058834","KN295315v1","11474","11758","67","85047068"
"chr9","85086614","85086898","KN294539v1","1096217","1096495","59","83990397"
"chr9","85301210","85301481","KN296290v1","1215856","1216128","69","84085354"
"chr9","85499472","85499757","KN296244v1","327623","327911","69","85171849"
"chr9","85752725","85753021","KN296430v1","725785","726075","63","85026940"
"chr9","85924341","85924651","KN297058v1","194613","194917","70","85729728"
"chr9","85928049","85928133","KN297190v1","3796976","3797057","18","82131073"
"chr9","85954083","85954382","KN296538v1","333498","333794","67","85620585"
"chr9","85984046","85984327","KN296306v1","1771005","1771285","61","84213041"
"chr9","86071112","86071361","KN294458v1","21581","21829","14","86049531"
"chr9","86500183","86500477","KN294458v1","420782","421097","37","86079401"
"chr9","86554200","86554496","KN294458v1","475463","475726","52","86078737"
"chr9","86904538","86904661","KN294458v1","812215","812336","14","86092323"
"chr9","87345276","87345580","KN294458v1","1254883","1255178","38","86090393"
"chr9","87399131","87399430","KN296852v1","696285","696587","67","86702846"
"chr9","87408722","87408837","KN294458v1","1323574","1323684","15","86085148"
"chr9","87441310","87441468","KN295995v1","1528928","1529072","38","85912382"
"chr9","87441885","87441999","KN295586v1","5575079","5575199","41","81866806"
"chr9","87552600","87552898","KN294458v1","1460252","1460580","45","86092348"
"chr9","87590589","87590884","KN295667v1","1567361","1567664","64","86023228"
"chr9","87896621","87896826","KN295533v1","2434686","2434882","46","85461935"
"chr9","87986787","87987006","KN294458v1","1818611","1818826","15","86168176"
"chr9","88293000","88293109","KN295090v1","1260590","1260700","26","87032410"
"chr9","88312820","88313093","KN294385v1","307137","307411","26","88005683"
"chr9","88347779","88347949","KN295405v1","328891","329050","55","88018888"
"chr9","88348250","88348340","KN296498v1","296517","296622","32","88051733"
"chr9","88360581","88360711","KN295526v1","145592","145725","24","88214989"
"chr9","88395613","88395738","KN296153v1","3326164","3326290","30","85069449"
"chr9","88484367","88484623","KN294385v1","465528","465785","39","88018839"
"chr9","88806175","88806309","KN296643v1","191078","191208","23","88615097"
"chr9","88863267","88863573","KN294911v1","2419251","2419556","69","86444016"
"chr9","89157625","89157923","KN297245v1","2096713","2097002","70","87060912"
"chr9","89375877","89376112","KN294385v1","1395113","1395351","23","87980764"
"chr9","89565631","89565949","KN297219v1","1839754","1840062","76","87725877"
"chr9","90179237","90179369","KN296096v1","3053461","3053592","21","87125776"
"chr9","90621971","90622262","KN295117v1","112788","113084","59","90509183"
"chr9","91276921","91277132","KN295701v1","628904","629117","60","90648017"
"chr9","91308211","91308374","KN297144v1","296194","296357","9","91012017"
"chr9","91324232","91324535","KN297144v1","312967","313305","55","91011265"
"chr9","91389455","91389743","KN294396v1","224755","225042","79","91164700"
"chr9","91430661","91430919","KN295596v1","2566260","2566526","54","88864401"
"chr9","91863171","91863309","KN297144v1","864243","864381","10","90998928"
"chr9","91938476","91938633","KN297171v1","1235221","1235375","34","90703255"
"chr9","92127456","92127756","KN294520v1","992368","992662","81","91135088"
"chr9","92194613","92194929","KN297320v1","22264","22555","41","92172349"
"chr9","92201916","92202210","KN294520v1","992368","992662","78","91209548"
"chr9","92224556","92224856","KN295936v1","78605","78913","67","92145951"
"chr9","92308106","92308380","KN297320v1","116201","116496","41","92191905"
"chr9","92343665","92343986","KN297320v1","153277","153594","29","92190388"
"chr9","92368760","92369057","KN297058v1","392670","392966","72","91976090"
"chr9","92412096","92412386","KN297320v1","219219","219530","43","92192877"
"chr9","92525030","92525342","KN296322v1","1648835","1649139","54","90876195"
"chr9","92596127","92596347","KN297320v1","396185","396385","36","92199942"
"chr9","92678229","92678522","KN297320v1","483449","483749","31","92194780"
"chr9","92910810","92911100","KN294806v1","160884","161165","74","92749926"
"chr9","92936368","92936674","KN296187v1","874304","874596","77","92062064"
"chr9","92990167","92990313","KN297320v1","677594","677746","18","92312573"
"chr9","93254682","93254814","KN296311v1","6471968","6472102","21","86782714"
"chr9","93367657","93367804","KN297320v1","1041273","1041412","18","92326384"
"chr9","93405152","93405282","KN296311v1","4815038","4815168","17","88590114"
"chr9","93486015","93486272","KN297320v1","1159820","1160088","25","92326195"
"chr9","94121145","94121454","KN295523v1","3691392","3691704","72","90429753"
"chr9","94360984","94361251","KN295983v1","1223920","1224199","59","93137064"
"chr9","94379387","94379689","KN297320v1","2027548","2027856","18","92351839"
"chr9","94385883","94385986","KN296486v1","1209077","1209185","24","93176806"
"chr9","94410096","94410402","KN294578v1","639003","639297","72","93771093"
"chr9","94419119","94419289","KN296247v1","751980","752150","40","93667139"
"chr9","94419605","94419739","KN297133v1","662609","662744","28","93756996"
"chr9","94688216","94688512","KN295633v1","778185","778486","65","93910031"
"chr9","94737112","94737409","KN296879v1","304207","304465","61","94432905"
"chr9","94799273","94799572","KN296948v1","762193","762479","69","94037080"
"chr9","94892709","94892990","KN296726v1","290991","291261","80","94601718"
"chr9","95011529","95011831","KN297066v1","48943","49249","66","94962586"
"chr9","95016621","95016900","KN295352v1","729753","730045","67","94286868"
"chr9","95136509","95136770","KN296879v1","720298","720559","24","94416211"
"chr9","95295543","95295787","KN296879v1","875266","875519","28","94420277"
"chr9","95378724","95379009","KN296879v1","960938","961233","31","94417786"
"chr9","95467924","95468066","KN296879v1","1044681","1044840","20","94423243"
"chr9","95468357","95468489","KN296879v1","1045124","1045272","23","94423233"
"chr9","95482791","95483119","KN295361v1","17772","18072","98","95465019"
"chr9","95798963","95799246","KN296879v1","1388106","1388406","34","94410857"
"chr9","96415828","96416062","KN296406v1","530559","530801","74","95885269"
"chr9","96434087","96434369","KN295923v1","1008322","1008617","67","95425765"
"chr9","96493554","96493833","KN296435v1","2611722","2612009","57","93881832"
"chr9","96547481","96547752","KN295428v1","224334","224605","71","96323147"
"chr9","96724453","96724738","KN295352v1","1395278","1395557","77","95329175"
"chr9","96968360","96968494","KN297133v1","662609","662744","30","96305751"
"chr9","96968811","96968981","KN296247v1","751980","752150","40","96216831"
"chr9","96977711","96978019","KN294578v1","639003","639297","74","96338708"
"chr9","97002134","97002237","KN296486v1","1209077","1209185","26","95793057"
"chr9","97008503","97008812","KN297320v1","2027548","2027856","17","94980955"
"chr9","97186026","97186320","KN295667v1","1108671","1108966","75","96077355"
"chr9","97227066","97227349","KN294980v1","696116","696390","79","96530950"
"chr9","97305053","97305347","KN296538v1","333498","333794","56","96971555"
"chr9","97655213","97655378","KN294911v1","4985405","4985572","36","92669808"
"chr9","97750526","97750831","KN295352v1","729753","730045","73","97020773"
"chr9","98029350","98029667","KN294452v1","1024655","1024959","67","97004695"
"chr9","98136855","98136986","KN296311v1","4815038","4815168","19","93321817"
"chr9","98140440","98140743","KN295871v1","984256","984556","68","97156184"
"chr9","98153407","98153639","KN295610v1","77007","77226","67","98076400"
"chr9","98159059","98159347","KN294588v1","535062","535349","66","97623997"
"chr9","98178022","98178326","KN295205v1","656212","656501","66","97521810"
"chr9","98218015","98218151","KN296244v1","253466","253602","24","97964549"
"chr9","98275800","98275924","KN296847v1","317896","318020","21","97957904"
"chr9","98278175","98278453","KN297390v1","84191","84473","65","98193984"
"chr9","98281541","98281849","KN294964v1","1274971","1275281","69","97006570"
"chr9","98298621","98298756","KN296404v1","1017857","1017993","23","97280764"
"chr9","98561600","98561904","KN297180v1","314236","314539","62","98247364"
"chr9","98613171","98613460","KN295705v1","823070","823354","68","97790101"
"chr9","98651453","98651731","KN294499v1","1906911","1907192","63","96744542"
"chr9","98685684","98685988","KN296096v1","1326102","1326406","69","97359582"
"chr9","98751800","98752091","KN294879v1","385981","386259","71","98365819"
"chr9","98806837","98807126","KN297442v1","1543742","1544012","79","97263095"
"chr9","98951561","98951856","KN296964v1","1224019","1224305","65","97727542"
"chr9","98981812","98982100","KN296303v1","805215","805501","56","98176597"
"chr9","99081432","99081722","KN297320v1","22264","22555","67","99059168"
"chr9","99281540","99281840","KN294434v1","432870","433172","68","98848670"
"chr9","99615518","99615714","KN294978v1","1071290","1071491","55","98544228"
"chr9","99793142","99793316","KN296702v1","821421","821571","56","98971721"
"chr9","99793679","99793712","KN296646v1","838353","838388","15","98955326"
"chr9","99918148","99918435","KN297180v1","171323","171610","13","99746825"
"chr9","100059404","100059715","KN297190v1","6401851","6402158","70","93657553"
"chr9","100062792","100063093","KN297180v1","314236","314539","13","99748556"
"chr9","100079661","100079957","KN297180v1","336477","336755","57","99743184"
"chr9","100280806","100281043","KN297180v1","531711","531948","9","99749095"
"chr9","100330834","100330974","KN297180v1","583171","583310","9","99747663"
"chr9","100331288","100331454","KN297180v1","583618","583794","16","99747670"
"chr9","100466577","100466891","KN297180v1","729427","729735","27","99737150"
"chr9","100470452","100470739","KN296964v1","917862","918143","72","99552590"
"chr9","100885086","100885158","KN294513v1","564705","564774","19","100320381"
"chr9","100889676","100889981","KN297180v1","1140560","1140864","18","99749116"
"chr9","101170654","101170959","KN297180v1","1431363","1431654","25","99739291"
"chr9","101323214","101323489","KN295984v1","2962847","2963132","66","98360367"
"chr9","101541068","101541365","KN297180v1","1826645","1826940","21","99714423"
"chr9","101766555","101766691","KN297180v1","2065065","2065204","13","99701490"
"chr9","103501260","103501558","KN296507v1","738522","738814","69","102762738"
"chr9","103769967","103770114","KN297327v1","920937","921085","36","102849030"
"chr9","104738595","104738870","KN295576v1","164716","164996","70","104573879"
"chr9","104755649","104755932","KN294260v1","1359230","1359515","65","103396419"
"chr9","105409403","105409669","KN294372v1","2529148","2529407","65","102880255"
"chr9","105501429","105501733","KN294444v1","233466","233771","63","105267963"
"chr9","105573339","105573640","KN294470v1","849781","850077","70","104723558"
"chr9","105582198","105582495","KN294578v1","639003","639297","64","104943195"
"chr9","105585156","105585436","KN296864v1","3096229","3096519","69","102488927"
"chr9","105643284","105643592","KN296849v1","694658","694962","67","104948626"
"chr9","105701933","105702064","KN294964v1","965459","965591","14","104736474"
"chr9","105887995","105888159","KN297319v1","373164","373327","28","105514831"
"chr9","105983636","105983911","KN296502v1","1280490","1280768","64","104703146"
"chr9","107116041","107116278","KN294451v1","1065286","1065519","67","106050755"
"chr9","107165376","107165495","KN296316v1","253938","254035","39","106911438"
"chr9","107274365","107274674","KN297184v1","1114866","1115167","64","106159499"
"chr9","107301538","107301840","KN296322v1","1648835","1649139","64","105652703"
"chr9","107396878","107397175","KN296964v1","917862","918143","67","106479016"
"chr9","107464946","107465078","KN295526v1","475989","476122","26","106988957"
"chr9","107479959","107480000","KN294444v1","115776","115820","12","107364183"
"chr9","107503998","107504287","KN296877v1","82929","83215","10","107421069"
"chr9","107506303","107506598","KN296877v1","85378","85680","20","107420925"
"chr9","107553528","107553795","KN296508v1","1973232","1973505","63","105580296"
"chr9","107573539","107573698","KN296877v1","151376","151537","13","107422163"
"chr9","107573994","107574136","KN296783v1","551030","551174","29","107022964"
"chr9","107586293","107586564","KN296877v1","163385","163648","28","107422908"
"chr9","107702630","107702939","KN296877v1","287002","287310","18","107415628"
"chr9","107854537","107854660","KN295236v1","3047477","3047602","23","104807060"
"chr9","108846405","108846699","KN297180v1","110970","111263","63","108735435"
"chr9","108925700","108925849","KN295936v1","2460176","2460325","14","106465524"
"chr9","109035781","109035960","KN295717v1","1207752","1207915","55","107828029"
"chr9","109049813","109050092","KN295936v1","2331319","2331586","29","106718494"
"chr9","109058450","109058598","KN294571v1","417305","417453","34","108641145"
"chr9","109085117","109085271","KN295936v1","2297006","2297160","13","106788111"
"chr9","109106097","109106241","KN295936v1","2275690","2275835","12","106830407"
"chr9","109283805","109284103","KN296101v1","27902","28215","73","109255903"
"chr9","109284417","109284706","KN295936v1","2092514","2092791","29","107191903"
"chr9","109324539","109324672","KN295936v1","2052289","2052416","15","107272250"
"chr9","109459555","109459713","KN294856v1","256027","256175","30","109203528"
"chr9","109544208","109544559","KN295936v1","1828425","1828786","36","107715783"
"chr9","110066419","110066714","KN294457v1","210304","210595","60","109856115"
"chr9","110134005","110134291","KN295936v1","1222789","1223083","27","108911216"
"chr9","110221638","110221937","KN295384v1","67573","67866","79","110154065"
"chr9","111054818","111055118","KN295936v1","220018","220314","33","110834800"
"chr9","111092493","111092658","KN295096v1","1069446","1069614","42","110023047"
"chr9","111104140","111104365","KN294879v1","1183051","1183277","54","109921089"
"chr9","111141177","111141457","KN295352v1","729753","730045","57","110411424"
"chr9","111190880","111191173","KN295936v1","78605","78913","30","111112275"
"chr9","111287597","111287902","KN297236v1","52228","52520","29","111235369"
"chr9","111343830","111344046","KN297095v1","2669325","2669548","60","108674505"
"chr9","111488716","111488845","KN297233v1","1094769","1094895","22","110393947"
"chr9","111622542","111622679","KN295241v1","392893","393024","25","111229649"
"chr9","111853851","111854157","KN294452v1","1024655","1024959","66","110829196"
"chr9","111890765","111890897","KN296004v1","350579","350712","25","111540186"
"chr9","111969397","111969532","KN297259v1","755295","755425","27","111214102"
"chr9","112038580","112038781","KN294662v1","211735","211913","55","111826845"
"chr9","112088825","112089136","KN296588v1","282556","282869","67","111806269"
"chr9","112136221","112136533","KN296528v1","821177","821492","69","111315044"
"chr9","112150938","112151250","KN294848v1","53442","53740","73","112097496"
"chr9","112164437","112164565","KN294419v1","229269","229397","13","111935168"
"chr9","112231622","112231931","KN297190v1","6401851","6402158","73","105829771"
"chr9","112256533","112256821","KN294419v1","134493","134784","30","112122040"
"chr9","112313210","112313372","KN294991v1","973655","973815","38","111339555"
"chr9","112345179","112345370","KN294739v1","985939","986117","46","111359240"
"chr9","112377114","112377366","KN294419v1","8358","8615","15","112368756"
"chr9","112391206","112391469","KN295854v1","1175272","1175533","77","111215934"
"chr9","112409557","112409867","KN295352v1","729753","730045","80","111679804"
"chr9","112507340","112507653","KN296588v1","108337","108633","42","112399003"
"chr9","112521228","112521513","KN297375v1","58397","58674","60","112462831"
"chr9","112560186","112560489","KN296588v1","160011","160312","32","112400175"
"chr9","112598789","112599066","KN296588v1","197968","198245","22","112400821"
"chr9","112688538","112688873","KN296588v1","282556","282869","42","112405982"
"chr9","112763179","112763360","KN296701v1","462609","462775","56","112300570"
"chr9","112763389","112763521","KN296643v1","191078","191208","25","112572311"
"chr9","112764390","112764553","KN296701v1","462609","462775","47","112301781"
"chr9","113121070","113121358","KN294713v1","280214","280502","67","112840856"
"chr9","113138360","113138525","KN296000v1","898022","898186","34","112240338"
"chr9","113170122","113170426","KN297180v1","314236","314539","60","112855886"
"chr9","113176747","113176912","KN294569v1","180105","180259","37","112996642"
"chr9","113213429","113213595","KN297319v1","373164","373327","38","112840265"
"chr9","113271857","113272083","KN294571v1","1551599","1551840","72","111720258"
"chr9","113372297","113372557","KN295933v1","79820","80084","67","113292477"
"chr9","113420112","113420359","KN296119v1","2752065","2752306","60","110668047"
"chr9","113453844","113454112","KN295205v1","848688","848949","70","112605156"
"chr9","113549899","113550007","KN296062v1","1206761","1206876","30","112343138"
"chr9","113666177","113666299","KN296261v1","606818","606944","28","113059359"
"chr9","113684765","113685033","KN294613v1","331392","331636","75","113353373"
"chr9","113804019","113804337","KN295406v1","486578","486886","61","113317441"
"chr9","113848215","113848377","KN296588v1","1398863","1399034","21","112449352"
"chr9","114073494","114073798","KN296322v1","1648835","1649139","61","112424659"
"chr9","114228815","114229118","KN296322v1","1648835","1649139","57","112579980"
"chr9","114384860","114385151","KN296588v1","1946271","1946543","40","112438589"
"chr9","114485725","114486034","KN297159v1","1712744","1713036","80","112772981"
"chr9","114527816","114527968","KN296142v1","213909","214054","31","114313907"
"chr9","114528267","114528447","KN297113v1","252877","253050","46","114275390"
"chr9","114593493","114593768","KN296938v1","298054","298338","63","114295439"
"chr9","114632988","114633162","KN294571v1","2119940","2120110","37","112513048"
"chr9","114633460","114633600","KN296588v1","2196671","2196815","9","112436789"
"chr9","114645971","114646109","KN295294v1","3806061","3806194","25","110839910"
"chr9","114650819","114651111","KN297180v1","314236","314539","62","114336583"
"chr9","114668841","114669140","KN296588v1","2231711","2232014","22","112437130"
"chr9","114762692","114763014","KN294539v1","1347688","1347986","107","113415004"
"chr9","114938161","114938348","KN295725v1","1216179","1216363","46","113721982"
"chr9","114977675","114977963","KN294693v1","1341996","1342279","68","113635679"
"chr9","116803307","116803481","KN296864v1","3353170","3353334","40","113450137"
"chr9","116803824","116803965","KN294172v1","6435271","6435419","34","110368553"
"chr9","116869826","116870149","KN297442v1","1676499","1676799","85","115193327"
"chr9","116995839","116996188","KN296315v1","343705","344067","99","116652134"
"chr9","117774228","117774497","KN295090v1","357659","357923","72","117416569"
"chr9","118303484","118303772","KN294199v1","1022551","1022840","66","117280933"
"chr9","118555076","118555204","KN294705v1","1877279","1877404","34","116677797"
"chr9","118555494","118555695","KN297038v1","275241","275429","53","118280253"
"chr9","119295202","119295309","KN295248v1","716766","716873","5","118578436"
"chr9","119359207","119359496","KN295248v1","782397","782692","30","118576810"
"chr9","119714994","119715291","KN297058v1","392670","392966","63","119322324"
"chr9","120009335","120009623","KN295352v1","1382929","1383224","61","118626406"
"chr9","120674558","120674869","KN296880v1","129629","129930","30","120544929"
"chr9","120742114","120742254","KN296880v1","198524","198663","6","120543590"
"chr9","120773909","120774054","KN294372v1","1088122","1088262","24","119685787"
"chr9","120774363","120774510","KN294513v1","518116","518264","36","120256247"
"chr9","121006562","121006697","KN295526v1","145592","145725","25","120860970"
"chr9","121309689","121309977","KN295236v1","5115212","5115495","76","116194477"
"chr9","121643886","121644186","KN295352v1","729753","730045","62","120914133"
"chr9","121661701","121662000","KN294758v1","3078424","3078721","72","118583277"
"chr9","121873383","121873401","KN296569v1","4665","4683","0","121868718"
"chr9","121873671","121873831","KN295005v1","263752","263899","42","121609919"
"chr9","121874157","121874298","KN296311v1","2361921","2362066","37","119512236"
"chr9","122171947","122172260","KN296119v1","351634","351939","76","121820313"
"chr9","122189317","122189603","KN295984v1","150673","150962","68","122038644"
"chr9","122242664","122242825","KN294991v1","973655","973815","34","121269009"
"chr9","122243128","122243271","KN294634v1","146466","146607","25","122096662"
"chr9","122250938","122251192","KN294187v1","1887786","1888062","71","120363152"
"chr9","122284800","122285088","KN297256v1","142581","142867","77","122142219"
"chr9","122651809","122652062","KN297046v1","2072166","2072416","72","120579643"
"chr9","122676581","122676871","KN296303v1","805215","805501","53","121871366"
"chr9","122727269","122727364","KN297163v1","685235","685337","22","122042034"
"chr9","122944230","122944495","KN297171v1","2509172","2509427","67","120435058"
"chr9","123095420","123095722","KN296726v1","392031","392328","67","122703389"
"chr9","123177285","123177594","KN294239v1","243029","243336","74","122934256"
"chr9","123179971","123180248","KN296311v1","6546105","6546379","60","116633866"
"chr9","123249396","123249650","KN294458v1","21581","21829","63","123227815"
"chr9","123785072","123785380","KN296507v1","738522","738814","79","123046550"
"chr9","124148448","124148753","KN295984v1","417992","418288","25","123730456"
"chr9","124374555","124374849","KN296187v1","1076837","1077134","80","123297718"
"chr9","124605316","124605531","KN295984v1","891743","891958","17","123713573"
"chr9","124637963","124638278","KN295984v1","928074","928363","38","123709889"
"chr9","124640410","124640685","KN295984v1","930523","930784","54","123709887"
"chr9","124643180","124643318","KN295706v1","131306","131439","26","124511874"
"chr9","124643617","124643775","KN296538v1","344550","344703","43","124299067"
"chr9","124646925","124647216","KN295984v1","937641","937926","31","123709284"
"chr9","124688040","124688346","KN295984v1","980030","980331","24","123708010"
"chr9","124785835","124786140","KN295984v1","1080209","1080517","16","123705626"
"chr9","124915577","124915697","KN295984v1","1214118","1214238","8","123701459"
"chr9","124936455","124936750","KN295984v1","1235687","1236004","48","123700768"
"chr9","124955325","124955433","KN295667v1","2094667","2094776","33","122860658"
"chr9","124960235","124960390","KN295984v1","1259442","1259596","18","123700793"
"chr9","124982878","124983178","KN297046v1","1875391","1875685","75","123107487"
"chr9","125000368","125000617","KN295205v1","848688","848949","59","124151680"
"chr9","125068220","125068522","KN295984v1","1363908","1364207","33","123704312"
"chr9","125183977","125184106","KN296311v1","4657589","4657718","31","120526388"
"chr9","125184398","125184586","KN296926v1","317317","317500","49","124867081"
"chr9","125247955","125248041","KN296913v1","1680399","1680484","24","123567556"
"chr9","125304052","125304360","KN294421v1","9377","9683","66","125294675"
"chr9","125383302","125383437","KN294446v1","514059","514194","23","124869243"
"chr9","125383586","125383896","KN297219v1","1839754","1840062","70","123543832"
"chr9","125478342","125478629","KN295257v1","300761","301044","59","125177581"
"chr9","125518411","125518681","KN296502v1","1280490","1280768","77","124237921"
"chr9","125617182","125617469","KN294345v1","1713106","1713396","78","123904076"
"chr9","125687494","125687783","KN296948v1","762193","762479","65","124925301"
"chr9","125742245","125742534","KN297141v1","17086","17384","68","125725159"
"chr9","125838056","125838348","KN296311v1","7540450","7540745","79","118297606"
"chr9","125872550","125872776","KN296119v1","805789","806002","49","125066761"
"chr9","125937660","125937959","KN295984v1","2286186","2286477","23","123651474"
"chr9","126092993","126093294","KN296322v1","1648835","1649139","69","124444158"
"chr9","126190530","126190817","KN295984v1","2540003","2540290","19","123650527"
"chr9","126322276","126322566","KN295352v1","729753","730045","66","125592523"
"chr9","126512137","126512450","KN295984v1","2871019","2871332","33","123641118"
"chr9","126589812","126590105","KN295984v1","2286186","2286477","62","124303626"
"chr9","126602488","126602769","KN295984v1","2962847","2963132","14","123639641"
"chr9","126703385","126703649","KN295984v1","3065137","3065401","25","123638248"
"chr9","126715193","126715478","KN295984v1","3076844","3077149","39","123638349"
"chr9","126735335","126735630","KN295984v1","3095501","3095797","30","123639834"
"chr9","126973086","126973374","KN295984v1","3340315","3340607","27","123632771"
"chr9","126984094","126984401","KN296322v1","1648835","1649139","71","125335259"
"chr9","127227637","127227936","KN295352v1","729753","730045","63","126497884"
"chr9","127236491","127236717","KN296244v1","1076135","1076360","10","126160356"
"chr9","127446349","127446605","KN295428v1","224334","224605","78","127222015"
"chr9","127585608","127585915","KN296244v1","707246","707553","18","126878362"
"chr9","127848289","127848583","KN296244v1","438516","438787","54","127409773"
"chr9","127958387","127958694","KN296244v1","327623","327911","31","127630764"
"chr9","127988212","127988516","KN296244v1","296863","297159","33","127691349"
"chr9","128018288","128018433","KN296573v1","15418","15557","29","128002870"
"chr9","128027527","128027664","KN296244v1","253466","253602","13","127774061"
"chr9","128086157","128086328","KN295241v1","97934","98104","38","127988223"
"chr9","128086633","128086775","KN296210v1","326465","326608","27","127760168"
"chr9","128229123","128229386","KN295244v1","895398","895675","72","127333725"
"chr9","128324532","128324765","KN294713v1","801014","801236","50","127523518"
"chr9","128377247","128377390","KN294558v1","284993","285139","29","128092254"
"chr9","128377663","128377884","KN295303v1","99961","100138","62","128277702"
"chr9","128477267","128477553","KN295910v1","54930","55220","67","128422337"
"chr9","128509684","128509966","KN296303v1","805215","805501","62","127704469"
"chr9","128816813","128817099","KN295090v1","357659","357923","42","128459154"
"chr9","128900747","128900892","KN295090v1","430840","430984","17","128469907"
"chr9","128901471","128901595","KN295090v1","431576","431699","12","128469895"
"chr9","129116833","129116966","KN296634v1","1110176","1110304","23","128006657"
"chr9","129374577","129374899","KN295090v1","930115","930401","53","128444462"
"chr9","129452429","129452554","KN296682v1","4980731","4980854","17","124471698"
"chr9","129473007","129473116","KN295090v1","1036855","1036964","2","128436152"
"chr9","129538511","129538633","KN295605v1","389455","389575","24","129149056"
"chr9","129538940","129539129","KN297293v1","82421","82594","55","129456519"
"chr9","129687129","129687239","KN295090v1","1260590","1260700","10","128426539"
"chr9","129939919","129940222","KN294172v1","1404856","1405150","69","128535063"
"chr9","130114399","130114681","KN295090v1","1701796","1702078","15","128412603"
"chr9","130176198","130176495","KN295090v1","1762129","1762437","21","128414069"
"chr9","130251948","130252245","KN297398v1","103760","104057","62","130148188"
"chr9","130468735","130468792","KN297105v1","2900123","2900180","8","127568612"
"chr9","130592535","130592819","KN296550v1","110501","110774","70","130482034"
"chr9","130717422","130717563","KN295236v1","1698335","1698473","25","129019087"
"chr9","130770225","130770512","KN295090v1","2374852","2375141","15","128395373"
"chr9","131074982","131075285","KN294210v1","473112","473404","63","130601870"
"chr9","131192668","131192968","KN295102v1","387826","388136","64","130804842"
"chr9","131305268","131305553","KN296948v1","762193","762479","66","130543075"
"chr9","131351365","131351489","KN294193v1","654985","655103","33","130696380"
"chr9","131364686","131364836","KN297312v1","704627","704767","37","130660059"
"chr9","131365175","131365259","KN294613v1","471805","471893","34","130893370"
"chr9","131441411","131441541","KN296731v1","1740873","1741004","26","129700538"
"chr9","131459585","131459612","KN297008v1","6795447","6795471","7","124664138"
"chr9","131539603","131539914","KN296520v1","1454899","1455203","64","130084704"
"chr9","131562431","131562713","KN296948v1","762193","762479","65","130800238"
"chr9","131711053","131711345","KN297008v1","6549351","6549627","41","125161702"
"chr9","131753222","131753527","KN296948v1","762193","762479","77","130991029"
"chr9","131861765","131861905","KN294419v1","211719","211856","34","131650046"
"chr9","131986358","131986480","KN296682v1","4980731","4980854","22","127005627"
"chr9","132272173","132272448","KN297008v1","5968037","5968317","25","126304136"
"chr9","132346670","132346970","KN295352v1","729753","730045","70","131616917"
"chr9","132612922","132613182","KN296314v1","657620","657879","69","131955302"
"chr9","134198243","134198558","KN295984v1","2871019","2871332","65","131327224"
"chr9","134246592","134246727","KN296495v1","1296063","1296199","25","132950529"
"chr9","136119977","136120100","KN294711v1","709159","709287","28","135410818"
"chr9","136166489","136166783","KN297180v1","314236","314539","66","135852253"
"chr9","136711330","136711594","KN294713v1","567395","567659","70","136143935"
"chr9","137062313","137062416","KN297171v1","2436215","2436323","28","134626098"
"chr9","137490094","137490394","KN294172v1","1404856","1405150","62","136085238"
"chr9","137727141","137727281","KN296495v1","1296063","1296199","23","136431078"
"chr9","137794366","137794679","KN295480v1","1274084","1274387","70","136520282"
"chr9","137929657","137929952","KN295346v1","1646114","1646406","70","136283543"
"chr9","137965399","137965567","KN295667v1","2018457","2018624","36","135946942"
"chr9","138002427","138002723","KN297008v1","213128","213408","36","137789299"
"chr9","138003184","138003439","KN295294v1","3442647","3442882","75","134560537"
"chr9","138041759","138042069","KN295037v1","971648","971949","78","137070111"
"chr9","138259864","138259983","KN295441v1","789788","789916","28","137470076"
"chr9","138269944","138270003","KN296316v1","254338","254391","9","138015606"
"chr9","138270318","138270417","KN296316v1","253938","254035","6","138016380"
"chrX","54001636","54001924","KN296430v1","725785","726075","65","53275851"
"chrX","71434087","71434241","KN295637v1","215598","215736","39","71218489"
"chrX","107609893","107610159","KN296588v1","1946271","1946543","74","105663622"
"chrX","409628","409749","KN296311v1","4657589","4657718","23","4247961"
"chrX","1614309","1614415","KN295735v1","1107143","1107236","20","507166"
"chrX","2397279","2397433","KN296732v1","2938146","2938298","38","540867"
"chrX","2499488","2499758","KN296225v1","398050","398328","69","2101438"
"chrX","2567386","2567462","KN294539v1","2023522","2023599","18","543864"
"chrX","2567473","2567764","KN295735v1","1823774","1824056","42","743699"
"chrX","2656038","2656174","KN294172v1","6272486","6272617","23","3616448"
"chrX","2731936","2732001","KN294921v1","207860","207929","28","2524076"
"chrX","2789864","2790180","KN296864v1","1939832","1940132","89","850032"
"chrX","2823662","2823802","KN295294v1","3806061","3806194","24","982399"
"chrX","2956767","2956940","KN296732v1","3522095","3522260","52","565328"
"chrX","2957233","2957350","KN294705v1","1877279","1877404","26","1079954"
"chrX","3009102","3009194","KN295236v1","809349","809443","22","2199753"
"chrX","3009481","3009665","KN296496v1","472499","472677","40","2536982"
"chrX","3211934","3212073","KN297180v1","2065065","2065204","29","1146869"
"chrX","3212483","3212643","KN297245v1","2459373","2459526","43","753110"
"chrX","3267178","3267521","KN296145v1","3402004","3402321","94","134826"
"chrX","3596779","3596901","KN296426v1","870075","870198","32","2726704"
"chrX","4170725","4170994","KN296508v1","1973232","1973505","59","2197493"
"chrX","4654155","4654441","KN296311v1","5353300","5353582","69","699145"
"chrX","5168198","5168472","KN295967v1","1520844","1521111","69","3647354"
"chrX","5706112","5706396","KN295633v1","244067","244346","65","5462045"
"chrX","5983658","5983955","KN296948v1","762193","762479","79","5221465"
"chrX","6055213","6055476","KN296864v1","2452974","2453250","78","3602239"
"chrX","6108980","6109287","KN294399v1","171378","171682","67","5937602"
"chrX","6454662","6454970","KN296643v1","555392","555692","81","5899270"
"chrX","6716640","6716932","KN296495v1","1076274","1076557","65","5640366"
"chrX","6716933","6717068","KN296538v1","514898","515032","23","6202035"
"chrX","6878370","6878657","KN294210v1","473112","473404","66","6405258"
"chrX","6917088","6917386","KN296649v1","474335","474640","61","6442753"
"chrX","6931343","6931474","KN295090v1","903125","903258","23","6028218"
"chrX","6947511","6947775","KN295576v1","164716","164996","67","6782795"
"chrX","7121904","7122207","KN295294v1","1101026","1101317","72","6020878"
"chrX","7203803","7204083","KN295722v1","1369561","1369836","58","5834242"
"chrX","7205637","7205913","KN295294v1","2973027","2973290","84","4232610"
"chrX","7599438","7599732","KN296883v1","2609802","2610089","64","4989636"
"chrX","7636708","7636980","KN294552v1","1295874","1296134","67","6340834"
"chrX","7687016","7687160","KN297215v1","862160","862298","28","6824856"
"chrX","7892985","7893284","KN294592v1","450560","450839","89","7442425"
"chrX","8575822","8576139","KN297028v1","917007","917315","70","7658815"
"chrX","8593688","8593956","KN297016v1","101503","101788","64","8492185"
"chrX","8597694","8597968","KN294244v1","50908","51172","64","8546786"
"chrX","8866072","8866223","KN294269v1","1347949","1348104","42","7518123"
"chrX","8942550","8942776","KN296145v1","3732348","3732587","55","5210202"
"chrX","9232313","9232628","KN296306v1","2458139","2458449","76","6774174"
"chrX","9247490","9247739","KN294493v1","181888","182131","63","9065602"
"chrX","9294746","9294879","KN295605v1","687968","688102","22","8606778"
"chrX","9361995","9362318","KN296502v1","1354687","1354995","88","8007308"
"chrX","9364910","9365219","KN296101v1","27902","28215","24","9337008"
"chrX","9424967","9425116","KN296210v1","326465","326608","30","9098502"
"chrX","9497685","9497733","KN294416v1","420133","420175","17","9077552"
"chrX","9752075","9752366","KN294499v1","1906911","1907192","67","7845164"
"chrX","9800643","9800911","KN294873v1","82870","83122","77","9717773"
"chrX","9861176","9861468","KN294199v1","1022551","1022840","70","8838625"
"chrX","9910847","9910983","KN294218v1","2756614","2756751","20","7154233"
"chrX","10511391","10511688","KN294520v1","992368","992662","67","9519023"
"chrX","11467158","11467387","KN294407v1","812570","812796","57","10654588"
"chrX","11501174","11501404","KN297190v1","5951555","5951790","62","5549619"
"chrX","11649983","11650294","KN296306v1","2458139","2458449","67","9191844"
"chrX","11843567","11843851","KN294260v1","822843","823138","74","11020724"
"chrX","12242737","12243038","KN294873v1","1303218","1303511","67","10939519"
"chrX","12523874","12524176","KN296507v1","738522","738814","54","11785352"
"chrX","12637388","12637692","KN295753v1","26465","26763","28","12610923"
"chrX","12736819","12736946","KN296311v1","4815038","4815168","20","7921781"
"chrX","12831589","12831747","KN295362v1","840048","840212","34","11991541"
"chrX","13832985","13833085","KN294172v1","6434558","6434660","29","7398427"
"chrX","13892794","13893038","KN294493v1","317451","317692","77","13575343"
"chrX","13998239","13998269","KN296503v1","535002","535030","4","13463237"
"chrX","13998642","13998752","KN294561v1","66580","66689","25","13932062"
"chrX","14575492","14575758","KN297403v1","261750","262020","20","14313742"
"chrX","14633214","14633499","KN295356v1","578208","578494","59","14055006"
"chrX","14653844","14654149","KN297403v1","175995","176294","25","14477849"
"chrX","15428675","15428807","KN296004v1","350579","350712","10","15078096"
"chrX","15505914","15506198","KN294569v1","652042","652317","72","14853872"
"chrX","16394496","16394643","KN294856v1","256027","256175","35","16138469"
"chrX","16744552","16744685","KN295605v1","687968","688102","27","16056584"
"chrX","16746981","16747238","KN297028v1","105526","105779","79","16641455"
"chrX","16862554","16862682","KN294850v1","22304","22436","23","16840250"
"chrX","16928843","16929147","KN296481v1","424695","425006","32","16504148"
"chrX","16950768","16951059","KN296481v1","445362","445643","22","16505406"
"chrX","18021345","18021428","KN295236v1","1305949","1306032","23","16715396"
"chrX","18332693","18332956","KN294705v1","1107549","1107807","65","17225144"
"chrX","18509871","18510004","KN294407v1","3228566","3228701","18","15281305"
"chrX","18942563","18942865","KN295594v1","198806","199091","36","18743757"
"chrX","18968111","18968243","KN296311v1","4657589","4657718","15","14310522"
"chrX","19206872","19207165","KN296864v1","1873086","1873381","61","17333786"
"chrX","19390582","19390833","KN294234v1","2134335","2134588","74","17256247"
"chrX","19556672","19556966","KN297327v1","807993","808286","72","18748679"
"chrX","19576466","19576725","KN297046v1","3526635","3526886","61","16049831"
"chrX","19803243","19803509","KN294420v1","263951","264214","69","19539292"
"chrX","19866422","19866722","KN296119v1","351634","351939","65","19514788"
"chrX","19963732","19964049","KN295406v1","486578","486886","68","19477154"
"chrX","19975644","19975787","KN294172v1","3246195","3246333","31","16729449"
"chrX","19985296","19985614","KN296505v1","323963","324278","64","19661333"
"chrX","20005526","20005813","KN296948v1","762193","762479","54","19243333"
"chrX","20009716","20010007","KN295601v1","1689885","1690170","67","18319831"
"chrX","20088291","20088468","KN294325v1","233169","233336","42","19855122"
"chrX","20088506","20088624","KN294741v1","1083617","1083736","22","19004889"
"chrX","20096146","20096457","KN297400v1","111757","112063","69","19984389"
"chrX","20164387","20164684","KN296507v1","738522","738814","49","19425865"
"chrX","20201163","20201437","KN297112v1","4879822","4880096","59","15321341"
"chrX","20233457","20233787","KN297242v1","1213658","1213969","76","19019799"
"chrX","20250196","20250471","KN296119v1","5896334","5896605","60","14353862"
"chrX","20323610","20323914","KN294264v1","373025","373336","71","19950585"
"chrX","20423712","20423918","KN294205v1","1582745","1582943","47","18840967"
"chrX","20661260","20661350","KN297092v1","3480","3567","21","20657780"
"chrX","21361537","21361852","KN297323v1","97375","97678","64","21264162"
"chrX","21508044","21508342","KN296526v1","283231","283529","12","21224813"
"chrX","21832613","21832912","KN295596v1","514310","514606","74","21318303"
"chrX","21841137","21841431","KN296495v1","1076274","1076557","58","20764863"
"chrX","22450170","22450440","KN297058v1","392670","392966","69","22057500"
"chrX","23125595","23125767","KN295633v1","552946","553113","41","22572649"
"chrX","23126092","23126224","KN295893v1","2369160","2369293","29","20756932"
"chrX","23207523","23207823","KN295633v1","9404","9689","61","23198119"
"chrX","23347724","23348021","KN297219v1","1576359","1576655","61","21771365"
"chrX","23406703","23406997","KN297105v1","1638289","1638581","71","21768414"
"chrX","23417471","23417772","KN297290v1","49486","49790","22","23367985"
"chrX","23599833","23600139","KN294439v1","130265","130569","20","23469568"
"chrX","23678653","23678956","KN297184v1","1114866","1115167","66","22563787"
"chrX","23707015","23707326","KN296879v1","835560","835862","75","22871455"
"chrX","23777737","23778028","KN296495v1","1076274","1076557","64","22701463"
"chrX","23789002","23789322","KN294954v1","70243","70554","71","23718759"
"chrX","23801205","23801511","KN295102v1","38793","39103","65","23762412"
"chrX","23820019","23820301","KN296435v1","2611722","2612009","62","21208297"
"chrX","23858819","23859105","KN297390v1","84191","84473","56","23774628"
"chrX","23896666","23896939","KN295825v1","631333","631608","63","23265333"
"chrX","24090450","24090746","KN295744v1","408789","409077","63","23681661"
"chrX","24163678","24163822","KN296365v1","597866","598002","29","23565812"
"chrX","24174704","24175000","KN294848v1","998602","998909","77","23176102"
"chrX","24303113","24303281","KN295925v1","435140","435310","36","23867973"
"chrX","24571644","24571953","KN296833v1","198739","199022","85","24372905"
"chrX","24669764","24670048","KN296244v1","327623","327911","59","24342141"
"chrX","24956008","24956300","KN295428v1","224334","224605","77","24731674"
"chrX","25110274","25110581","KN295633v1","778185","778486","66","24332089"
"chrX","25816147","25816362","KN296505v1","1257835","1258044","56","24558312"
"chrX","25958688","25958767","KN296682v1","314021","314103","16","25644667"
"chrX","26496847","26496943","KN295523v1","2425436","2425526","27","24071411"
"chrX","26509906","26510056","KN294269v1","1347949","1348104","37","25161957"
"chrX","26664392","26664693","KN297180v1","314236","314539","63","26350156"
"chrX","27067724","27067998","KN295282v1","123186","123460","17","26944538"
"chrX","27095016","27095296","KN296847v1","2123793","2124076","66","24971223"
"chrX","27105825","27106111","KN295282v1","87028","87314","15","27018797"
"chrX","27140265","27140589","KN294199v1","1444916","1445226","76","25695349"
"chrX","27145702","27145985","KN294199v1","1022551","1022840","71","26123151"
"chrX","27489889","27490130","KN295586v1","185554","185803","55","27304335"
"chrX","27687572","27687834","KN294264v1","432867","433151","70","27254705"
"chrX","27699747","27700046","KN296948v1","762193","762479","74","26937554"
"chrX","27800300","27800530","KN294949v1","1658929","1659156","57","26141371"
"chrX","28121557","28121850","KN296754v1","62225","62512","67","28059332"
"chrX","29751650","29751950","KN296864v1","1939832","1940132","66","27811818"
"chrX","29839614","29839954","KN294187v1","201748","202053","90","29637866"
"chrX","29925529","29925835","KN296475v1","141149","141461","22","29784380"
"chrX","30421336","30421650","KN295284v1","51299","51592","80","30370037"
"chrX","30676093","30676151","KN294506v1","84591","84650","15","30591502"
"chrX","30736763","30736941","KN296825v1","1336825","1336989","40","29399938"
"chrX","30765512","30765764","KN295294v1","2973027","2973290","78","27792485"
"chrX","31157800","31158104","KN294389v1","28183","28488","54","31129617"
"chrX","31947147","31947423","KN294845v1","10863","11135","16","31936284"
"chrX","32900349","32900644","KN295744v1","408789","409077","71","32491560"
"chrX","32934283","32934479","KN295544v1","57887","58089","62","32876396"
"chrX","33025564","33025858","KN294493v1","1639497","1639778","69","31386067"
"chrX","33897445","33897716","KN296871v1","10096","10361","63","33887349"
"chrX","34380170","34380406","KN296991v1","1155715","1155935","62","33224455"
"chrX","34607505","34607787","KN296606v1","108609","108901","28","34498896"
"chrX","36303176","36303484","KN294169v1","205462","205769","65","36097714"
"chrX","37095680","37095852","KN296682v1","2840746","2840909","20","34254934"
"chrX","37096149","37096286","KN296682v1","2840272","2840419","20","34255877"
"chrX","37657361","37657639","KN295346v1","1243459","1243703","74","36413902"
"chrX","37669197","37669338","KN296738v1","39598","39734","45","37629599"
"chrX","37829299","37829598","KN294446v1","591120","591416","60","37238179"
"chrX","38077887","38078041","KN296528v1","1183043","1183202","33","36894844"
"chrX","38241897","38242027","KN294172v1","6272486","6272617","20","31969411"
"chrX","38344932","38345165","KN297375v1","356678","356907","10","37988254"
"chrX","38648474","38648751","KN297375v1","58397","58674","16","38590077"
"chrX","39847070","39847336","KN295459v1","308904","309183","32","39538166"
"chrX","39999489","39999782","KN295346v1","1646114","1646406","60","38353375"
"chrX","40045148","40045313","KN296495v1","2297861","2298026","35","37747287"
"chrX","40045620","40045669","KN295988v1","992862","992913","10","39052758"
"chrX","40196461","40196753","KN295459v1","659720","660036","43","39536741"
"chrX","40198509","40198672","KN296864v1","3353170","3353334","39","36845339"
"chrX","40212352","40212533","KN295459v1","675303","675499","25","39537049"
"chrX","40212831","40212924","KN295459v1","675800","675895","4","39537031"
"chrX","40354723","40354855","KN295441v1","789788","789916","22","39564935"
"chrX","40403643","40403833","KN296926v1","506799","506991","39","39896844"
"chrX","40419987","40420283","KN295459v1","878673","878961","27","39541314"
"chrX","40441406","40441571","KN297319v1","373164","373327","31","40068242"
"chrX","40590053","40590355","KN295459v1","1075302","1075607","17","39514751"
"chrX","40603742","40603918","KN296247v1","751980","752150","40","39851762"
"chrX","40662224","40662521","KN295459v1","1154583","1154880","14","39507641"
"chrX","40906792","40907088","KN295459v1","1404264","1404559","24","39502528"
"chrX","40938971","40939293","KN296682v1","5252094","5252413","79","35686877"
"chrX","40948950","40949241","KN295459v1","1448286","1448605","45","39500664"
"chrX","41008069","41008183","KN297416v1","162444","162561","26","40845625"
"chrX","41181269","41181435","KN295459v1","1698823","1698996","16","39482446"
"chrX","41181749","41181858","KN294399v1","255156","255267","34","40926593"
"chrX","41193682","41193832","KN296145v1","649092","649233","39","40544590"
"chrX","41210976","41211290","KN296406v1","4191","4502","27","41206785"
"chrX","41370211","41370510","KN294578v1","639003","639297","63","40731208"
"chrX","41478183","41478290","KN296406v1","260023","260137","11","41218160"
"chrX","41563079","41563380","KN294452v1","1024655","1024959","68","40538424"
"chrX","41757556","41757798","KN296406v1","530559","530801","16","41226997"
"chrX","41792290","41792588","KN296322v1","1648835","1649139","59","40143455"
"chrX","41939146","41939290","KN296573v1","15418","15557","41","41923728"
"chrX","42998882","42999179","KN294260v1","822843","823138","61","42176039"
"chrX","43010531","43010594","KN297105v1","2900123","2900180","14","40110408"
"chrX","43010625","43010792","KN296926v1","1156893","1157056","39","41853732"
"chrX","43295637","43295775","KN297023v1","686879","687015","28","42608758"
"chrX","43296498","43296611","KN294372v1","2271988","2272078","45","41024510"
"chrX","43580768","43580847","KN296806v1","115616","115695","5","43465152"
"chrX","43695449","43695757","KN296877v1","287002","287310","58","43408447"
"chrX","43698995","43699128","KN294964v1","965459","965591","24","42733536"
"chrX","43983735","43983978","KN295368v1","2443516","2443764","56","41540219"
"chrX","44185543","44185829","KN296244v1","327623","327911","57","43857920"
"chrX","44186838","44187132","KN295346v1","1646114","1646406","70","42540724"
"chrX","44359368","44359671","KN295117v1","112788","113084","29","44246580"
"chrX","44408216","44408518","KN294634v1","387267","387565","70","44020949"
"chrX","44420779","44421075","KN295117v1","177037","177340","25","44243742"
"chrX","44499044","44499362","KN294410v1","294657","294975","66","44204387"
"chrX","44517482","44517716","KN296119v1","1861431","1861647","73","42656051"
"chrX","44534214","44534337","KN294193v1","654985","655103","22","43879229"
"chrX","44615839","44615965","KN296311v1","4657589","4657718","22","39958250"
"chrX","44616258","44616447","KN296119v1","5696026","5696207","52","38920232"
"chrX","44624926","44625218","KN297050v1","187200","187494","22","44437726"
"chrX","44681332","44681455","KN297050v1","128023","128146","3","44553309"
"chrX","44897574","44897871","KN295294v1","1101026","1101317","73","43796548"
"chrX","45084619","45084883","KN295319v1","765091","765341","71","44319528"
"chrX","45138563","45138852","KN296244v1","296863","297159","80","44841700"
"chrX","45181885","45182089","KN297317v1","77457","77669","44","45104428"
"chrX","45255048","45255346","KN295753v1","26465","26763","68","45228583"
"chrX","45667723","45668016","KN296306v1","2458139","2458449","67","43209584"
"chrX","45809494","45809799","KN296810v1","66060","66381","35","45743434"
"chrX","45844338","45844592","KN296810v1","30250","30508","17","45814088"
"chrX","45886387","45886700","KN294954v1","70243","70554","61","45816144"
"chrX","46095097","46095308","KN297317v1","77457","77669","15","46017640"
"chrX","46211304","46211459","KN295205v1","552522","552687","39","45658782"
"chrX","46331305","46331440","KN296495v1","1296063","1296199","24","45035242"
"chrX","46493587","46493721","KN296122v1","289224","289359","25","46204363"
"chrX","46515614","46515906","KN297180v1","314236","314539","61","46201378"
"chrX","46653113","46653416","KN296322v1","1648835","1649139","61","45004278"
"chrX","46705465","46705598","KN296138v1","11819","11953","18","46693646"
"chrX","46731310","46731636","KN295609v1","390275","390597","78","46341035"
"chrX","46745568","46745859","KN296507v1","738522","738814","64","46007046"
"chrX","46762244","46762538","KN297276v1","320150","320443","61","46442094"
"chrX","46870113","46870408","KN295352v1","1382929","1383224","60","45487184"
"chrX","46888627","46888928","KN294260v1","822843","823138","57","46065784"
"chrX","46898641","46898902","KN295368v1","2443516","2443764","69","44455125"
"chrX","46926258","46926545","KN295984v1","150673","150962","56","46775585"
"chrX","46928573","46928761","KN294571v1","2119940","2120110","44","44808633"
"chrX","46928792","46928911","KN297323v1","349913","350031","22","46578879"
"chrX","46968421","46968583","KN294470v1","2691196","2691354","36","44277225"
"chrX","47013018","47013313","KN296371v1","158213","158508","60","46854805"
"chrX","47024202","47024498","KN295171v1","12625","12912","67","47011577"
"chrX","47041977","47042205","KN294235v1","570733","570958","59","46471244"
"chrX","47067114","47067249","KN295605v1","687968","688102","16","46379146"
"chrX","47348873","47348899","KN296569v1","4665","4683","8","47344208"
"chrX","47348927","47349211","KN294279v1","171583","171867","61","47177344"
"chrX","47532655","47532706","KN296484v1","840284","840335","12","46692371"
"chrX","47533052","47533066","KN295236v1","2973161","2973176","6","44559891"
"chrX","47677424","47677715","KN295984v1","150673","150962","67","47526751"
"chrX","47853543","47853848","KN297184v1","1114866","1115167","61","46738677"
"chrX","47881769","47882047","KN295633v1","1670554","1670834","72","46211215"
"chrX","47937975","47938255","KN294199v1","1022551","1022840","63","46915424"
"chrX","48074142","48074286","KN294513v1","518116","518264","31","47556026"
"chrX","48074593","48074694","KN295301v1","1589895","1589989","23","46484698"
"chrX","48098495","48098624","KN296311v1","4815038","4815168","21","43283457"
"chrX","48107022","48107163","KN294964v1","965459","965591","33","47141563"
"chrX","48279856","48279982","KN294172v1","740064","740194","42","47539792"
"chrX","48280010","48280114","KN295983v1","556778","556867","34","47723232"
"chrX","48536091","48536352","KN294552v1","1295874","1296134","52","47240217"
"chrX","48661774","48662048","KN295571v1","1033036","1033312","64","47628738"
"chrX","48810068","48810375","KN295102v1","38793","39103","23","48771275"
"chrX","49007873","49007925","KN295366v1","149372","149424","1","48858501"
"chrX","49058660","49058822","KN295366v1","197744","197893","24","48860916"
"chrX","49160148","49160318","KN295366v1","286401","286568","31","48873747"
"chrX","49160416","49160713","KN295366v1","286658","286961","27","48873758"
"chrX","49238595","49238866","KN295366v1","365000","365271","15","48873595"
"chrX","49639349","49639456","KN296403v1","131451","131560","24","49507898"
"chrX","49984599","49984915","KN297171v1","1715719","1716017","78","48268880"
"chrX","50342706","50343006","KN295432v1","49437","49735","15","50293269"
"chrX","50356855","50356988","KN295432v1","32424","32557","6","50324431"
"chrX","50431039","50431319","KN295352v1","729753","730045","68","49701286"
"chrX","50642448","50642763","KN295633v1","778185","778486","66","49864263"
"chrX","51549455","51549680","KN295596v1","3046296","3046522","54","48503159"
"chrX","51801655","51801944","KN296311v1","5278234","5278515","61","46523421"
"chrX","52455863","52456140","KN295171v1","12625","12912","72","52443238"
"chrX","52565269","52565543","KN295075v1","246491","246766","74","52318778"
"chrX","52804330","52804615","KN295171v1","12625","12912","69","52791705"
"chrX","53028531","53028802","KN294571v1","2055636","2055896","58","50972895"
"chrX","53108708","53108977","KN295480v1","2295514","2295785","59","50813194"
"chrX","53139537","53139843","KN296864v1","1939832","1940132","62","51199705"
"chrX","53305219","53305510","KN295744v1","408789","409077","15","52896430"
"chrX","53308816","53309123","KN295633v1","909764","910066","67","52399052"
"chrX","53316553","53316846","KN294172v1","6436427","6436710","102","46880126"
"chrX","53335136","53335448","KN296505v1","323963","324278","71","53011173"
"chrX","53416947","53417085","KN295744v1","293049","293182","15","53123898"
"chrX","53482485","53482596","KN296885v1","2707478","2707589","28","50775007"
"chrX","53493633","53493774","KN295744v1","212176","212317","7","53281457"
"chrX","53494083","53494296","KN295744v1","211692","211871","44","53282391"
"chrX","53635333","53635617","KN295722v1","1369561","1369836","68","52265772"
"chrX","53690117","53690210","KN295744v1","21999","22088","5","53668118"
"chrX","53767438","53767751","KN295667v1","1567361","1567664","68","52200077"
"chrX","53976522","53976670","KN295705v1","1659307","1659450","46","52317215"
"chrX","54018261","54018454","KN296767v1","53224","53425","46","53965037"
"chrX","54171122","54171419","KN296864v1","1939832","1940132","72","52231290"
"chrX","54210339","54210637","KN295923v1","574170","574465","58","53636169"
"chrX","54222270","54222581","KN296308v1","750453","750763","73","53471817"
"chrX","54245205","54245491","KN296917v1","28605","28885","17","54216600"
"chrX","54261128","54261280","KN294456v1","1539243","1539388","42","52721885"
"chrX","54328388","54328618","KN296266v1","99554","99788","12","54228834"
"chrX","54537027","54537322","KN294710v1","107390","107697","36","54429637"
"chrX","56216371","56216513","KN296934v1","609106","609251","41","55607265"
"chrX","56216558","56216675","KN295637v1","455021","455137","27","55761537"
"chrX","63859830","63860112","KN296063v1","1266743","1267029","64","62593087"
"chrX","64027961","64028165","KN294416v1","645591","645790","60","63382370"
"chrX","64069423","64069667","KN295321v1","13187","13451","64","64056236"
"chrX","64289442","64289661","KN296507v1","415379","415594","46","63874063"
"chrX","64324083","64324390","KN295480v1","1274084","1274387","73","63049999"
"chrX","64426025","64426319","KN294873v1","1303218","1303511","67","63122807"
"chrX","64551014","64551317","KN294634v1","387267","387565","79","64163747"
"chrX","65269495","65269795","KN296322v1","1648835","1649139","63","63620660"
"chrX","65494259","65494451","KN295553v1","69273","69467","40","65424986"
"chrX","65684746","65685028","KN295667v1","232340","232614","65","65452406"
"chrX","65718554","65718846","KN295933v1","40027","40319","68","65678527"
"chrX","65721801","65722109","KN296322v1","1648835","1649139","56","64072966"
"chrX","65905217","65905524","KN296542v1","103665","103974","67","65801552"
"chrX","65959736","65960016","KN295633v1","1993894","1994175","60","63965842"
"chrX","66670708","66671010","KN296290v1","76119","76420","70","66594589"
"chrX","68302638","68302950","KN295898v1","693508","693821","68","67609130"
"chrX","68429442","68429742","KN297190v1","6401851","6402158","65","62027591"
"chrX","68444694","68444985","KN297236v1","52228","52520","56","68392466"
"chrX","68449960","68450092","KN297274v1","1606553","1606683","28","66843407"
"chrX","68467988","68468298","KN295474v1","842239","842543","85","67625749"
"chrX","68618357","68618645","KN297327v1","807993","808286","77","67810364"
"chrX","68628101","68628400","KN296322v1","1648835","1649139","78","66979266"
"chrX","68692636","68692797","KN294207v1","140158","140336","53","68552478"
"chrX","68760463","68760774","KN295666v1","1032980","1033292","73","67727483"
"chrX","68803312","68803613","KN296322v1","1648835","1649139","63","67154477"
"chrX","68861733","68861865","KN296101v1","38623","38748","27","68823110"
"chrX","68924782","68925095","KN296117v1","433694","434012","63","68491088"
"chrX","69040799","69040963","KN297319v1","373164","373327","35","68667635"
"chrX","69111834","69112126","KN295244v1","895398","895675","36","68216436"
"chrX","69315879","69316097","KN295941v1","2267763","2267979","53","67048116"
"chrX","69595100","69595388","KN295244v1","405485","405782","19","69189615"
"chrX","69730026","69730158","KN295102v1","105981","106109","23","69624045"
"chrX","69822001","69822308","KN295244v1","176243","176550","19","69645758"
"chrX","70050855","70051020","KN295925v1","435140","435310","31","69615715"
"chrX","70142537","70142824","KN295068v1","49131","49419","58","70093406"
"chrX","70170943","70171043","KN296454v1","256011","256110","25","69914932"
"chrX","70183749","70184057","KN294444v1","233466","233771","71","69950283"
"chrX","70413659","70413782","KN295441v1","789788","789916","20","69623871"
"chrX","70466902","70467217","KN294452v1","1024655","1024959","63","69442247"
"chrX","70607307","70607591","KN296270v1","15541","15825","81","70591766"
"chrX","70690423","70690709","KN295664v1","85905","86194","73","70604518"
"chrX","70722287","70722575","KN297016v1","101503","101788","15","70620784"
"chrX","70880414","70880582","KN294911v1","4985405","4985572","39","65895009"
"chrX","71027443","71027599","KN295114v1","20274","20431","33","71007169"
"chrX","71058401","71058534","KN296877v1","62421","62554","17","70995980"
"chrX","71292805","71292963","KN296828v1","22083","22247","41","71270722"
"chrX","71328038","71328246","KN296743v1","1848381","1848599","54","69479657"
"chrX","71473390","71473714","KN296864v1","1939832","1940132","95","69533558"
"chrX","71890254","71890357","KN295802v1","222325","222434","25","71667929"
"chrX","71895459","71895599","KN296486v1","60099","60235","31","71835360"
"chrX","71967997","71968299","KN296507v1","738522","738814","60","71229475"
"chrX","71970778","71971040","KN295294v1","2976195","2976447","64","68994583"
"chrX","72048843","72048940","KN294279v1","599560","599652","27","71449283"
"chrX","72192582","72192897","KN297066v1","48943","49249","66","72143639"
"chrX","72231933","72232097","KN297319v1","373164","373327","38","71858769"
"chrX","72236173","72236297","KN294172v1","3568097","3568221","22","68668076"
"chrX","72236594","72236638","KN297190v1","6428256","6428290","18","65808338"
"chrX","72245164","72245469","KN297276v1","247166","247471","22","71997998"
"chrX","72318135","72318427","KN297276v1","320150","320443","16","71997985"
"chrX","72336584","72336713","KN297276v1","339735","339866","14","71996849"
"chrX","72361404","72361473","KN297276v1","364613","364682","3","71996791"
"chrX","72385182","72385486","KN297180v1","314236","314539","62","72070946"
"chrX","72505536","72505793","KN295480v1","1342408","1342684","71","71163128"
"chrX","72532474","72532599","KN294410v1","486228","486353","29","72046246"
"chrX","72548674","72548884","KN295708v1","178130","178336","54","72370544"
"chrX","73519817","73520103","KN296036v1","1995992","1996275","67","71523825"
"chrX","73730680","73730807","KN295439v1","323518","323648","10","73407162"
"chrX","73732085","73732360","KN295428v1","224334","224605","60","73507751"
"chrX","73798584","73798867","KN294539v1","1096217","1096495","70","72702367"
"chrX","73856534","73856829","KN295439v1","184271","184566","13","73672263"
"chrX","74009128","74009387","KN295439v1","20718","20978","29","73988410"
"chrX","74058923","74059220","KN296649v1","28211","28505","67","74030712"
"chrX","74248065","74248380","KN297058v1","194613","194917","102","74053452"
"chrX","74366127","74366397","KN294339v1","9441","9711","11","74356686"
"chrX","74447391","74447696","KN296864v1","1939832","1940132","58","72507559"
"chrX","74675067","74675353","KN296072v1","223075","223369","65","74451992"
"chrX","74709580","74709662","KN295633v1","2100867","2100948","11","72608713"
"chrX","75275723","75276011","KN294396v1","224755","225042","59","75050968"
"chrX","75297977","75298291","KN296210v1","443099","443408","69","74854878"
"chrX","75306900","75307188","KN295346v1","1646114","1646406","61","73660786"
"chrX","75357137","75357440","KN294207v1","141842","142144","81","75215295"
"chrX","77400459","77400615","KN296596v1","21794","21951","31","77378665"
"chrX","77443529","77443850","KN296096v1","1326102","1326406","70","76117427"
"chrX","77524745","77525021","KN294325v1","979659","979928","66","76545086"
"chrX","77562547","77562835","KN294984v1","94202","94491","18","77468345"
"chrX","77601193","77601495","KN295633v1","909764","910066","71","76691429"
"chrX","77641921","77642213","KN296495v1","1076274","1076557","66","76565647"
"chrX","77645140","77645437","KN295667v1","1567361","1567664","73","76077779"
"chrX","77669697","77669996","KN295667v1","1567361","1567664","66","76102336"
"chrX","77680417","77680545","KN295036v1","281435","281566","23","77398982"
"chrX","77744034","77744317","KN296508v1","1973232","1973505","52","75770802"
"chrX","77821466","77821613","KN295205v1","824407","824553","26","76997059"
"chrX","77830053","77830331","KN294260v1","1359230","1359515","62","76470823"
"chrX","77854509","77854777","KN295236v1","3439491","3439763","70","74415018"
"chrX","77921957","77922094","KN297154v1","582564","582702","24","77339393"
"chrX","77944453","77944700","KN296608v1","381289","381528","77","77563164"
"chrX","78009677","78009907","KN296959v1","1145683","1145916","65","76863994"
"chrX","78053066","78053337","KN296639v1","37858","38116","69","78015208"
"chrX","78071577","78071828","KN296731v1","1028220","1028490","73","77043357"
"chrX","78095091","78095420","KN295449v1","1170610","1170916","81","76924481"
"chrX","79742401","79742645","KN295601v1","3201776","3202001","68","76540625"
"chrX","80287147","80287405","KN297165v1","963791","964034","61","79323356"
"chrX","80418159","80418421","KN296557v1","788652","788900","70","79629507"
"chrX","80818536","80818698","KN295114v1","20274","20431","31","80798262"
"chrX","80819485","80819762","KN294218v1","2914344","2914602","85","77905141"
"chrX","80820076","80820092","KN294509v1","336150","336166","5","80483926"
"chrX","83107420","83107538","KN296682v1","4980731","4980854","23","78126689"
"chrX","83107579","83107730","KN297171v1","1235221","1235375","36","81872358"
"chrX","83109790","83109916","KN296311v1","4657589","4657718","24","78452201"
"chrX","83274221","83274504","KN295352v1","729753","730045","59","82544468"
"chrX","83631986","83632040","KN296596v1","21694","21754","19","83610292"
"chrX","83632075","83632245","KN297320v1","32939","33116","44","83599136"
"chrX","83981015","83981189","KN294739v1","985939","986117","53","82995076"
"chrX","84173661","84173824","KN295721v1","382777","382938","40","83790884"
"chrX","84327818","84328117","KN295368v1","1395133","1395437","72","82932685"
"chrX","84478613","84478866","KN294869v1","133067","133350","48","84345546"
"chrX","84533553","84533690","KN296573v1","15418","15557","33","84518135"
"chrX","85668860","85669006","KN295667v1","1580723","1580869","35","84088137"
"chrX","85669351","85669491","KN296573v1","15418","15557","38","85653933"
"chrX","85735968","85736276","KN296311v1","5278234","5278515","80","80457734"
"chrX","85746411","85746689","KN295983v1","1223920","1224199","67","84522491"
"chrX","85831604","85831894","KN294199v1","1022551","1022840","59","84809053"
"chrX","85844863","85845040","KN296588v1","899416","899601","43","84945447"
"chrX","85845092","85845103","KN294634v1","146917","146929","5","85698175"
"chrX","86025407","86025736","KN294349v1","222495","222821","36","85802912"
"chrX","86441903","86442167","KN296879v1","304207","304465","74","86137696"
"chrX","86506387","86506692","KN296322v1","1648835","1649139","62","84857552"
"chrX","86529046","86529344","KN295430v1","2009073","2009373","67","84519973"
"chrX","86595122","86595411","KN294260v1","1091595","1091881","76","85503527"
"chrX","86853877","86854159","KN295356v1","578208","578494","62","86275669"
"chrX","87449518","87449805","KN294420v1","816046","816329","74","86633472"
"chrX","87699060","87699344","KN296515v1","108704","108986","64","87590356"
"chrX","89003455","89003761","KN297211v1","168943","169253","22","88834512"
"chrX","89354696","89354994","KN296244v1","296863","297159","74","89057833"
"chrX","89503053","89503366","KN295667v1","1567361","1567664","79","87935692"
"chrX","89516814","89517101","KN295722v1","2755835","2756123","68","86760979"
"chrX","89708422","89708711","KN294451v1","1225241","1225529","78","88483181"
"chrX","89957739","89958029","KN294452v1","998051","998338","65","88959688"
"chrX","90056962","90057268","KN294728v1","765090","765383","76","89291872"
"chrX","90236054","90236256","KN295102v1","186093","186313","71","90049961"
"chrX","91656452","91656678","KN297180v1","531711","531948","66","91124741"
"chrX","92170611","92170767","KN295936v1","2297006","2297160","38","89873605"
"chrX","92418597","92418759","KN294416v1","934596","934758","39","91484001"
"chrX","92434543","92434674","KN296541v1","3670957","3671088","36","88763586"
"chrX","92881002","92881315","KN297026v1","800582","800867","85","92080420"
"chrX","93221247","93221560","KN295375v1","138569","138867","90","93082678"
"chrX","93347663","93347947","KN295708v1","2790498","2790788","72","90557165"
"chrX","93466886","93467189","KN294520v1","992368","992662","81","92474518"
"chrX","93828999","93829299","KN296938v1","928271","928577","73","92900728"
"chrX","93832267","93832567","KN297184v1","1114866","1115167","76","92717401"
"chrX","94034076","94034182","KN296486v1","1209077","1209185","25","92824999"
"chrX","94083463","94083715","KN295490v1","34980","35237","75","94048483"
"chrX","94363916","94364143","KN296743v1","1848381","1848599","59","92515535"
"chrX","94829510","94829699","KN296577v1","938048","938235","55","93891462"
"chrX","94829727","94829843","KN294199v1","969997","970115","34","93859730"
"chrX","95004525","95004812","KN295294v1","1101026","1101317","66","93903499"
"chrX","95289928","95290214","KN294451v1","1225241","1225529","64","94064687"
"chrX","95680780","95681085","KN296588v1","2231711","2232014","80","93449069"
"chrX","95723220","95723477","KN297219v1","1689275","1689526","76","94033945"
"chrX","95794644","95794791","KN295205v1","824407","824553","38","94970237"
"chrX","95898743","95898835","KN296682v1","314021","314103","19","95584722"
"chrX","95992674","95992988","KN296398v1","253691","253978","90","95738983"
"chrX","96466774","96467067","KN295352v1","729753","730045","56","95737021"
"chrX","96636849","96637149","KN294421v1","9377","9683","58","96627472"
"chrX","97144068","97144346","KN296311v1","2391994","2392268","75","94752074"
"chrX","97353833","97354114","KN297390v1","84191","84473","58","97269642"
"chrX","97603276","97603558","KN294292v1","173900","174201","46","97429376"
"chrX","97707049","97707349","KN294292v1","277070","277377","21","97429979"
"chrX","99262573","99262794","KN294447v1","107673","107898","22","99154900"
"chrX","99710690","99710998","KN297190v1","6401851","6402158","63","93308839"
"chrX","100089615","100089900","KN295068v1","49131","49419","60","100040484"
"chrX","100413798","100414102","KN295432v1","49437","49735","73","100364361"
"chrX","101049212","101049512","KN295936v1","78605","78913","65","100970607"
"chrX","101136913","101137212","KN294806v1","594997","595290","54","100541916"
"chrX","101162238","101162474","KN295814v1","1556767","1557008","58","99605471"
"chrX","101482389","101482699","KN294758v1","3078424","3078721","81","98403965"
"chrX","101511640","101511748","KN294456v1","1019215","1019322","34","100492425"
"chrX","101731907","101732208","KN294452v1","1374937","1375240","63","100356970"
"chrX","101852688","101852904","KN296404v1","2381217","2381439","53","99471471"
"chrX","101987084","101987350","KN294571v1","2055636","2055896","65","99931448"
"chrX","102250943","102251263","KN297064v1","119449","119740","43","102131494"
"chrX","102435847","102436167","KN297064v1","119449","119740","43","102316398"
"chrX","102728215","102728351","KN294326v1","522412","522546","24","102205803"
"chrX","103071958","103072253","KN296244v1","327623","327911","62","102744335"
"chrX","103302792","103303062","KN295428v1","224334","224605","68","103078458"
"chrX","103596200","103596501","KN294510v1","144833","145126","21","103451367"
"chrX","103701812","103702118","KN295102v1","387826","388136","59","103313986"
"chrX","104126372","104126668","KN295346v1","1646114","1646406","61","102480258"
"chrX","104172974","104173194","KN294146v1","52999","53219","20","104119975"
"chrX","104228546","104228731","KN296011v1","315060","315250","52","103913486"
"chrX","104238417","104238706","KN296964v1","1814390","1814681","77","102424027"
"chrX","104247051","104247169","KN294741v1","1083617","1083736","25","103163434"
"chrX","104247202","104247247","KN296464v1","165174","165217","12","104082028"
"chrX","104373896","104374206","KN296322v1","1648835","1649139","83","102725061"
"chrX","104422690","104422852","KN294817v1","18221","18380","19","104404469"
"chrX","104438745","104439009","KN294817v1","34478","34742","13","104404267"
"chrX","104483640","104483733","KN294633v1","177699","177794","21","104305941"
"chrX","104484110","104484297","KN296296v1","251172","251369","59","104232938"
"chrX","104505430","104505721","KN294210v1","473112","473404","73","104032318"
"chrX","104511404","104511681","KN295832v1","1088844","1089120","67","103422560"
"chrX","105019997","105020284","KN296701v1","289795","290083","86","104730202"
"chrX","105053849","105054025","KN297320v1","32939","33116","37","105020910"
"chrX","105764561","105764830","KN294385v1","307137","307411","66","105457424"
"chrX","105944187","105944391","KN296290v1","2820170","2820377","52","103124017"
"chrX","106009340","106009646","KN294389v1","28183","28488","20","105981157"
"chrX","106416686","106416823","KN295906v1","88165","88296","25","106328521"
"chrX","106984887","106985024","KN294407v1","3228566","3228701","28","103756321"
"chrX","107045676","107045797","KN297227v1","630249","630370","23","106415427"
"chrX","107095731","107096034","KN294452v1","1374937","1375240","59","105720794"
"chrX","107262529","107262836","KN295543v1","158324","158641","31","107104205"
"chrX","107908596","107908875","KN295936v1","2092514","2092791","70","105816082"
"chrX","108086939","108087226","KN296883v1","2609802","2610089","53","105477137"
"chrX","108128124","108128364","KN297180v1","531711","531948","61","107596413"
"chrX","109761784","109762005","KN295572v1","371863","372076","64","109389921"
"chrX","109962558","109962801","KN294469v1","22180","22417","27","109940378"
"chrX","109972098","109972372","KN294469v1","12031","12308","14","109960067"
"chrX","110024273","110024573","KN294629v1","39362","39662","23","109984911"
"chrX","110123831","110124111","KN297225v1","914114","914389","71","109209717"
"chrX","110355187","110355403","KN295893v1","81858","82067","58","110273329"
"chrX","110534597","110534826","KN295923v1","1986700","1986911","57","108547897"
"chrX","110693343","110693647","KN297058v1","194613","194917","72","110498730"
"chrX","112727024","112727168","KN294540v1","1022251","1022386","37","111704773"
"chrX","112727481","112727626","KN294407v1","2863006","2863150","32","109864475"
"chrX","113128444","113128539","KN295708v1","438075","438171","18","112690369"
"chrX","113203680","113203965","KN296306v1","1771005","1771285","61","111432675"
"chrX","113352177","113352473","KN295346v1","1646114","1646406","59","111706063"
"chrX","113817086","113817362","KN297197v1","1048614","1048879","75","112768472"
"chrX","113901203","113901501","KN294806v1","594997","595290","58","113306206"
"chrX","113937184","113937301","KN295977v1","1181733","1181839","26","112755451"
"chrX","114068005","114068297","KN295923v1","712217","712514","69","113355788"
"chrX","114116555","114116865","KN296588v1","282556","282869","70","113833999"
"chrX","114375154","114375296","KN294382v1","7760","7913","21","114367394"
"chrX","114641115","114641190","KN294613v1","681367","681441","21","113959748"
"chrX","114708518","114708797","KN296011v1","67440","67709","69","114641078"
"chrX","114781205","114781489","KN296921v1","785494","785770","72","113995711"
"chrX","114850505","114850685","KN296508v1","1437177","1437349","48","113413328"
"chrX","114957618","114957895","KN296311v1","6546105","6546379","68","108411513"
"chrX","115147793","115148082","KN295394v1","911032","911310","80","114236761"
"chrX","115255299","115255619","KN294809v1","517534","517844","78","114737765"
"chrX","115274499","115274647","KN294558v1","284993","285139","35","114989506"
"chrX","115375256","115375561","KN296507v1","738522","738814","68","114636734"
"chrX","115461453","115461723","KN294741v1","582193","582466","75","114879260"
"chrX","115547396","115547663","KN295967v1","1520844","1521111","59","114026552"
"chrX","115580901","115581035","KN294964v1","965459","965591","20","114615442"
"chrX","115633475","115633792","KN295666v1","767425","767733","63","114866050"
"chrX","116154136","116154267","KN295706v1","131306","131439","22","116022830"
"chrX","117688509","117688810","KN295360v1","64807","65096","34","117623702"
"chrX","118084049","118084327","KN294539v1","1096217","1096495","77","116987832"
"chrX","118124068","118124157","KN295735v1","1823325","1823412","25","116300743"
"chrX","118124471","118124527","KN297420v1","5622","5674","21","118118849"
"chrX","118139382","118139499","KN297038v1","317140","317257","20","117822242"
"chrX","118139770","118139921","KN295077v1","850159","850295","48","117289611"
"chrX","118149272","118149437","KN294279v1","1019768","1019921","37","117129504"
"chrX","118354134","118354434","KN295930v1","875027","875335","36","117479107"
"chrX","118357602","118357884","KN295930v1","871622","871906","18","117485980"
"chrX","118381875","118382168","KN294806v1","594997","595290","72","117786878"
"chrX","118422112","118422400","KN294499v1","1906911","1907192","53","116515201"
"chrX","118427130","118427270","KN296573v1","15418","15557","38","118411712"
"chrX","118446890","118447172","KN296948v1","762193","762479","72","117684697"
"chrX","118447604","118447872","KN295930v1","782828","783099","24","117664776"
"chrX","118469454","118469677","KN295941v1","2267763","2267979","58","116201691"
"chrX","118517108","118517411","KN295930v1","707632","707929","38","117809476"
"chrX","118707358","118707498","KN294218v1","2756614","2756751","21","115950744"
"chrX","118736595","118736923","KN296378v1","237774","238079","82","118498821"
"chrX","119059367","119059657","KN295384v1","67573","67866","59","118991794"
"chrX","119132641","119132935","KN295930v1","73223","73514","18","119059418"
"chrX","119286725","119287025","KN294842v1","647613","647907","72","118639112"
"chrX","119392754","119393069","KN295406v1","486578","486886","61","118906176"
"chrX","119542792","119543161","KN294561v1","1391096","1391405","119","118151696"
"chrX","119543493","119543780","KN295384v1","67573","67866","56","119475920"
"chrX","119748612","119748674","KN294444v1","5135","5190","9","119743477"
"chrX","119868334","119868673","KN294187v1","1669665","1669964","107","118198669"
"chrX","119954478","119954644","KN295925v1","435140","435310","41","119519338"
"chrX","119960345","119960481","KN295294v1","3806061","3806194","29","116154284"
"chrX","119980051","119980216","KN294470v1","78054","78217","35","119901997"
"chrX","119980248","119980370","KN295977v1","66091","66210","27","119914157"
"chrX","120001342","120001433","KN294591v1","157234","157317","30","119844108"
"chrX","120009244","120009378","KN295441v1","1418402","1418531","23","118590842"
"chrX","120014043","120014308","KN294444v1","237624","237880","64","119776419"
"chrX","120021205","120021365","KN295828v1","950552","950701","43","119070653"
"chrX","120109552","120109884","KN295983v1","481615","481941","77","119627937"
"chrX","120226483","120226767","KN296948v1","762193","762479","61","119464290"
"chrX","120292012","120292140","KN294169v1","104751","104880","7","120187261"
"chrX","120331459","120331765","KN296938v1","928271","928577","75","119403188"
"chrX","120393070","120393232","KN297319v1","373164","373327","37","120019906"
"chrX","120397094","120397400","KN294169v1","205462","205769","20","120191632"
"chrX","120499150","120499414","KN294570v1","166260","166534","63","120332890"
"chrX","120514960","120515246","KN294452v1","1374937","1375240","75","119140023"
"chrX","120535054","120535218","KN297319v1","373164","373327","32","120161890"
"chrX","120547548","120547641","KN296290v1","2081846","2081943","28","118465702"
"chrX","120548085","120548284","KN294458v1","1818611","1818826","52","118729474"
"chrX","120607945","120608075","KN295586v1","5575079","5575199","28","115032866"
"chrX","120681794","120682085","KN296290v1","76119","76420","68","120605675"
"chrX","120694100","120694386","KN295984v1","150673","150962","54","120543427"
"chrX","120718789","120718962","KN294407v1","109423","109582","46","120609366"
"chrX","122681547","122681742","KN296530v1","10398","10593","15","122671149"
"chrX","123062145","123062424","KN295961v1","5772","6031","38","123056373"
"chrX","123158368","123158522","KN297320v1","677594","677746","39","122480774"
"chrX","123496167","123496465","KN296187v1","874304","874596","80","122621863"
"chrX","123719656","123719946","KN295814v1","1187820","1188119","75","122531836"
"chrX","123720165","123720472","KN294260v1","822843","823138","64","122897322"
"chrX","123876018","123876110","KN297452v1","78148","78242","23","123797870"
"chrX","123876429","123876736","KN296096v1","1326102","1326406","74","122550327"
"chrX","123936946","123937164","KN297229v1","313721","313939","64","123623225"
"chrX","123956153","123956283","KN296004v1","350579","350712","24","123605574"
"chrX","124131861","124132142","KN297197v1","4445961","4446231","75","119685900"
"chrX","124148066","124148232","KN294662v1","211735","211913","53","123936331"
"chrX","124148724","124148779","KN294470v1","3033953","3033992","21","121114771"
"chrX","124618799","124619106","KN297184v1","1114866","1115167","61","123503933"
"chrX","124916311","124916592","KN295294v1","3123609","3123890","71","121792702"
"chrX","126975763","126976054","KN296772v1","140381","140673","30","126835382"
"chrX","127747835","127748021","KN294540v1","770939","771118","52","126976896"
"chrX","129127382","129127676","KN294199v1","1022551","1022840","58","128104831"
"chrX","129495380","129495678","KN297008v1","6549351","6549627","76","122946029"
"chrX","129664313","129664575","KN297259v1","1032100","1032351","68","128632213"
"chrX","129694451","129694614","KN295236v1","809760","809919","45","128884691"
"chrX","129694904","129695030","KN296643v1","191078","191208","23","129503826"
"chrX","129772437","129772734","KN296649v1","28211","28505","61","129744226"
"chrX","129894699","129895009","KN296322v1","1648835","1649139","63","128245864"
"chrX","129993404","129993702","KN294260v1","822843","823138","60","129170561"
"chrX","130108235","130108335","KN296079v1","397109","397211","25","129711126"
"chrX","130468961","130469262","KN297184v1","1114866","1115167","62","129354095"
"chrX","130891491","130891612","KN296406v1","260023","260137","27","130631468"
"chrX","131135271","131135544","KN295667v1","935881","936160","68","130199390"
"chrX","131448523","131448734","KN296732v1","3363129","3363326","59","128085394"
"chrX","131537086","131537397","KN295633v1","778185","778486","66","130758901"
"chrX","131586298","131586512","KN296508v1","1675720","1675934","48","129910578"
"chrX","131751959","131752086","KN295441v1","789788","789916","25","130962171"
"chrX","132082962","132083255","KN297400v1","195092","195386","26","131887870"
"chrX","132096436","132096736","KN294257v1","2362235","2362523","85","129734201"
"chrX","132208679","132208966","KN296948v1","762193","762479","60","131446486"
"chrX","132254269","132254579","KN294439v1","130265","130569","66","132124004"
"chrX","132401347","132401625","KN295633v1","1501780","1502052","74","130899567"
"chrX","132681503","132681639","KN294536v1","348653","348787","19","132332850"
"chrX","133022372","133022483","KN296503v1","535366","535479","28","132487006"
"chrX","133022515","133022669","KN295326v1","444837","444999","31","132577678"
"chrX","133142731","133143043","KN295102v1","38793","39103","68","133103938"
"chrX","133175537","133175659","KN297074v1","45325","45453","28","133130212"
"chrX","133183351","133183583","KN296145v1","3732348","3732587","51","129451003"
"chrX","133357398","133357675","KN295352v1","729753","730045","77","132627645"
"chrX","133388879","133388930","KN295717v1","8217","8252","17","133380662"
"chrX","133494823","133495059","KN294443v1","13285","13540","71","133481538"
"chrX","134182480","134182737","KN297259v1","1032100","1032351","53","133150380"
"chrX","134349303","134349419","KN295637v1","455021","455137","24","133894282"
"chrX","134349457","134349640","KN294879v1","753499","753676","46","133595958"
"chrX","134360909","134361040","KN294172v1","6272486","6272617","25","128088423"
"chrX","134361327","134361352","KN297190v1","6428256","6428290","12","127933071"
"chrX","134419899","134420032","KN294548v1","111894","112027","27","134308005"
"chrX","134453228","134453515","KN296833v1","363360","363645","15","134089868"
"chrX","134583260","134583388","KN296833v1","230594","230724","15","134352666"
"chrX","134615989","134616272","KN296833v1","198739","199022","17","134417250"
"chrX","134813665","134813725","KN297019v1","143155","143209","17","134670510"
"chrX","134835649","134835820","KN296864v1","3353170","3353334","34","131482479"
"chrX","134836138","134836272","KN295835v1","21890","22022","13","134814248"
"chrX","135071653","135071819","KN297319v1","373164","373327","29","134698489"
"chrX","135632686","135632778","KN297046v1","1396963","1397060","23","134235723"
"chrX","135975827","135976001","KN296934v1","868664","868830","35","135107163"
"chrX","135980558","135980856","KN297023v1","640512","640805","59","135340046"
"chrX","136036518","136036731","KN296508v1","1675720","1675934","50","134360798"
"chrX","136059503","136059636","KN296138v1","80969","81101","25","135978534"
"chrX","136283367","136283668","KN294991v1","1709174","1709474","59","134574193"
"chrX","136336967","136337268","KN297023v1","640512","640805","70","135696455"
"chrX","136813172","136813479","KN295315v1","1427809","1428112","80","135385363"
"chrX","137016653","137016951","KN297058v1","392670","392966","58","136623983"
"chrX","137230511","137230718","KN295923v1","1986700","1986911","51","135243811"
"chrX","137293090","137293259","KN295774v1","149577","149746","11","137143513"
"chrX","137782871","137783166","KN296836v1","941548","941848","68","136841323"
"chrX","139169479","139169622","KN297327v1","920937","921085","40","138248542"
"chrX","139316501","139316810","KN296322v1","1648835","1649139","68","137667666"
"chrX","139833422","139833704","KN297200v1","235109","235385","72","139598313"
"chrX","140133139","140133442","KN296322v1","1648835","1649139","59","138484304"
"chrX","140248102","140248413","KN294452v1","1024655","1024959","68","139223447"
"chrX","140330561","140330712","KN297000v1","418665","418822","35","139911896"
"chrX","140365866","140366054","KN297402v1","53510","53698","8","140312356"
"chrX","140471559","140471694","KN297402v1","161014","161151","11","140310545"
"chrX","140620393","140620608","KN295610v1","77007","77226","49","140543386"
"chrX","143685011","143685202","KN297026v1","1683472","1683666","48","142001539"
"chrX","144121675","144121831","KN294269v1","1347949","1348104","30","142773726"
"chrX","144184969","144185283","KN295480v1","1274084","1274387","78","142910885"
"chrX","145064365","145064633","KN295967v1","1520844","1521111","72","143543521"
"chrX","146116121","146116290","KN295205v1","552522","552687","62","145563599"
"chrX","146479109","146479410","KN294452v1","1374937","1375240","68","145104172"
"chrX","147178999","147179113","KN294399v1","255156","255267","27","146923843"
"chrX","148038504","148038740","KN296314v1","657620","657879","72","147380884"
"chrX","148608528","148608734","KN297190v1","98686","98881","67","148509842"
"chrX","149530136","149530336","KN294739v1","985939","986117","59","148544197"
"chrX","149668439","149668759","KN296322v1","1648835","1649139","72","148019604"
"chrX","149734512","149734832","KN296322v1","1648835","1649139","72","148085677"
"chrX","150108061","150108346","KN294264v1","373025","373336","45","149735036"
"chrX","150173716","150174006","KN294264v1","432867","433151","18","149740849"
"chrX","150668405","150668734","KN295633v1","778185","778486","85","149890220"
"chrX","150747167","150747469","KN295706v1","297246","297543","37","150449921"
"chrX","150835380","150835548","KN295706v1","206916","207091","14","150628464"
"chrX","150849270","150849402","KN296682v1","3822702","3822835","18","147026568"
"chrX","150865216","150865455","KN297190v1","5951555","5951790","58","144913661"
"chrX","150908929","150909093","KN294372v1","2365173","2365337","44","148543756"
"chrX","150909501","150909617","KN294787v1","247438","247555","31","150662063"
"chrX","150918133","150918432","KN297066v1","48943","49249","62","150869190"
"chrX","150965983","150966115","KN295706v1","74839","74971","8","150891144"
"chrX","151291450","151291621","KN296496v1","472499","472677","49","150818951"
"chrX","151291928","151292049","KN295977v1","66091","66210","20","151225837"
"chrX","151499170","151499467","KN295352v1","1382929","1383224","71","150116241"
"chrX","151581309","151581589","KN295257v1","300761","301044","63","151280548"
"chrX","151845255","151845521","KN297031v1","16365","16631","15","151828890"
"chrX","152360793","152361120","KN296489v1","41893","42214","25","152318900"
"chrX","152962278","152962384","KN294399v1","255156","255267","34","152707122"
"chrX","153022615","153022823","KN295533v1","2434686","2434882","52","150587929"
"chrX","153759322","153759479","KN294790v1","2275744","2275904","33","151483578"
"chrX","153853184","153853334","KN296000v1","901795","901947","34","152951389"
"chrX","153860229","153860450","KN295923v1","1986700","1986911","54","151873529"
"chrX","154071034","154071348","KN294964v1","1274971","1275281","68","152796063"
"chrX","154118274","154118564","KN295642v1","4396","4678","27","154113878"
"chrX","154572378","154572497","KN296926v1","988728","988849","26","153583650"
"chrX","154631933","154632052","KN296926v1","988728","988849","26","153643205"
"chrX","155963312","155963461","KN295005v1","263752","263899","39","155699560"
"chrX","155992301","155992600","KN294539v1","3409060","3409366","78","152583241"
"chrY","24903520","24903703","KN297008v1","416538","416725","56","24486982"
"chrY","409628","409749","KN296311v1","4657589","4657718","23","4247961"
"chrY","1614309","1614415","KN295735v1","1107143","1107236","20","507166"
"chrY","2397279","2397433","KN296732v1","2938146","2938298","38","540867"
"chrY","2499488","2499758","KN296225v1","398050","398328","69","2101438"
"chrY","2567386","2567462","KN294539v1","2023522","2023599","18","543864"
"chrY","2567473","2567764","KN295735v1","1823774","1824056","42","743699"
"chrY","2656038","2656174","KN294172v1","6272486","6272617","23","3616448"
"chrY","2731936","2732001","KN294921v1","207860","207929","28","2524076"
"chrY","2934178","2934319","KN296322v1","2683570","2683717","55","250608"
"chrY","2950007","2950050","KN296464v1","165174","165217","0","2784833"
"chrY","2985849","2986131","KN296464v1","129027","129309","19","2856822"
"chrY","3158933","3159246","KN295667v1","1567361","1567664","79","1591572"
"chrY","3172698","3172984","KN295722v1","2755835","2756123","70","416863"
"chrY","3369512","3369799","KN296528v1","1354428","1354703","79","2015084"
"chrY","3615262","3615550","KN294452v1","998051","998338","67","2617211"
"chrY","3805371","3805575","KN295102v1","186093","186313","71","3619278"
"chrY","4896032","4896258","KN297180v1","531711","531948","68","4364321"
"chrY","5395752","5395939","KN297158v1","804748","804922","46","4591004"
"chrY","5396253","5396399","KN295667v1","1635663","1635807","40","3760590"
"chrY","5531753","5531914","KN294416v1","934596","934758","40","4597157"
"chrY","5547677","5547808","KN296541v1","3670957","3671088","36","1876720"
"chrY","5997993","5998306","KN297026v1","800582","800867","86","5197411"
"chrY","6690499","6690797","KN296244v1","296863","297159","75","6393636"
"chrY","6706274","6706572","KN296244v1","296863","297159","74","6409411"
"chrY","6805343","6805465","KN296926v1","988728","988849","28","5816615"
"chrY","6886392","6886691","KN296322v1","426249","426560","86","6460143"
"chrY","7234313","7234461","KN296210v1","326465","326608","35","6907848"
"chrY","7289374","7289665","KN296119v1","3569488","3569779","78","3719886"
"chrY","7746846","7747146","KN294199v1","1022551","1022840","77","6724295"
"chrY","8114719","8114854","KN297440v1","321132","321276","40","7793587"
"chrY","8362057","8362332","KN297462v1","564741","565026","31","7797316"
"chrY","8935637","8935816","KN297106v1","1119645","1119807","55","7815992"
"chrY","9193816","9193884","KN295601v1","2866056","2866125","22","6327760"
"chrY","9812066","9812150","KN295633v1","2100867","2100948","23","7711199"
"chrY","10867730","10867781","KN296588v1","2142663","2142705","19","8725067"
"chrY","11148980","11149139","KN296879v1","14898","15063","23","11134082"
"chrY","11433750","11433913","KN294842v1","123455","123618","9","11310295"
"chrY","11455346","11455448","KN294262v1","2988763","2988859","31","8466583"
"chrY","11455755","11455781","KN296495v1","369441","369458","12","11086314"
"chrY","11776368","11776664","KN296108v1","543721","544013","70","11232647"
"chrY","12119022","12119181","KN297245v1","2459373","2459526","39","9659649"
"chrY","12119591","12119730","KN294987v1","646342","646477","30","11473249"
"chrY","12419554","12419859","KN295667v1","1567361","1567664","62","10852193"
"chrY","12425950","12426090","KN295294v1","3806061","3806194","23","8619889"
"chrY","12688764","12689030","KN294571v1","2055636","2055896","71","10633128"
"chrY","13373507","13373637","KN295667v1","2094667","2094776","46","11278840"
"chrY","13385456","13385705","KN296852v1","2592292","2592553","83","10793164"
"chrY","13862350","13862618","KN297197v1","1048614","1048879","71","12813736"
"chrY","13882136","13882446","KN295666v1","767425","767733","71","13114711"
"chrY","14250408","14250690","KN297462v1","564741","565026","75","13685667"
"chrY","14369534","14369839","KN294777v1","718074","718375","76","13651460"
"chrY","14452526","14452730","KN296767v1","53224","53425","59","14399302"
"chrY","14678862","14678990","KN294457v1","130203","130331","29","14548659"
"chrY","14679309","14679465","KN294346v1","260578","260726","50","14418731"
"chrY","14755549","14755872","KN295633v1","778185","778486","80","13977364"
"chrY","14897650","14897922","KN297112v1","5041075","5041357","86","9856575"
"chrY","15208565","15208853","KN294539v1","1692531","1692809","67","13516034"
"chrY","15484394","15484640","KN295375v1","132965","133198","86","15351429"
"chrY","16186032","16186314","KN297008v1","6549351","6549627","79","9636681"
"chrY","16289606","16289816","KN294287v1","645666","645855","60","15643940"
"chrY","16399029","16399345","KN295102v1","38793","39103","82","16360236"
"chrY","16861050","16861230","KN294269v1","1609579","1609744","54","15251471"
"chrY","16882414","16882685","KN296508v1","1973232","1973505","72","14909182"
"chrY","17054113","17054307","KN295326v1","444837","444999","54","16609276"
"chrY","17361013","17361152","KN296167v1","457666","457805","38","16903347"
"chrY","17572290","17572489","KN294540v1","770939","771118","67","16801351"
"chrY","17911912","17912085","KN296435v1","2805735","2805903","60","15106177"
"chrY","17912121","17912244","KN295320v1","382736","382859","36","17529385"
"chrY","17993739","17993862","KN295320v1","382736","382859","36","17611003"
"chrY","17993922","17994095","KN296435v1","2805735","2805903","60","15188187"
"chrY","18333522","18333712","KN296732v1","3522095","3522260","60","14811427"
"chrY","18874033","18874324","KN297023v1","640512","640805","74","18233521"
"chrY","19015326","19015617","KN295368v1","1939103","1939400","75","17076223"
"chrY","19022823","19023106","KN294187v1","1887786","1888062","76","17135037"
"chrY","19030648","19030925","KN294199v1","1022551","1022840","85","18008097"
"chrY","19201249","19201446","KN295533v1","2434686","2434882","62","16766563"
"chrY","19223661","19223838","KN296040v1","735347","735502","68","18488314"
"chrY","20728902","20729185","KN296853v1","175837","176109","42","20553065"
"chrY","20751167","20751464","KN296370v1","5102","5399","31","20746065"
"chrY","21276879","21276982","KN296454v1","256011","256110","25","21020868"
"chrY","21423394","21423560","KN297106v1","1119645","1119807","55","20303749"
"chrY","21561993","21562241","KN295525v1","474807","475036","67","21087186"
"chrY","21669924","21669992","KN295921v1","21320","21382","21","21648604"
"chrY","21674321","21674457","KN294668v1","2329789","2329926","41","19344532"
"chrY","21867173","21867421","KN295525v1","474807","475036","67","21392366"
"chrY","22292310","22292511","KN297026v1","1683472","1683666","68","20608838"
"chrY","22334384","22334665","KN294571v1","1132204","1132487","89","21202180"
"chrY","23094499","23094652","KN294558v1","284993","285139","35","22809506"
"chrY","23287835","23288018","KN297008v1","416538","416725","56","22871297"
"chrY","23288318","23288448","KN294470v1","2235421","2235555","26","21052897"
"chrY","23326041","23326204","KN296096v1","680679","680846","40","22645362"
"chrY","23444311","23444600","KN294578v1","639003","639297","65","22805308"
"chrY","24139789","24139939","KN296503v1","6435","6568","33","24133354"
"chrY","24139993","24140106","KN295708v1","2743593","2743707","24","21396400"
"chrY","24270063","24270157","KN294471v1","360662","360756","23","23909401"
"chrY","24275306","24275327","KN294325v1","233624","233643","6","24041682"
"chrY","24275377","24275655","KN296991v1","1205800","1206079","21","23069577"
"chrY","24347127","24347396","KN296732v1","1586626","1586892","68","22760501"
"chrY","24366205","24366501","KN294806v1","594997","595290","66","23771208"
"chrY","24728244","24728407","KN296096v1","680679","680846","40","24047565"
"chrY","24904002","24904132","KN294470v1","2235421","2235555","26","22668581"
"chrY","24941701","24941864","KN296096v1","680679","680846","40","24261022"
"chrY","25303637","25303933","KN294806v1","594997","595290","66","24708640"
"chrY","25322754","25323067","KN295962v1","1736808","1737104","90","23585946"
"chrY","25394492","25394770","KN296991v1","1205800","1206079","21","24188692"
"chrY","25394820","25394841","KN294325v1","233624","233643","6","25161196"
"chrY","25400022","25400083","KN294493v1","709019","709080","17","24691003"
"chrY","25530038","25530151","KN295708v1","2743593","2743707","24","22786445"
"chrY","25530200","25530350","KN296503v1","6435","6568","33","25523765"
"chrY","26226016","26226305","KN294578v1","639003","639297","65","25587013"
"chrY","26380405","26380690","KN296864v1","1939832","1940132","67","24440573"
"chrY","26394938","26395208","KN294861v1","165966","166239","77","26228972"
"chrY","26401739","26402009","KN294848v1","1246098","1246379","68","25155641"
"chrY","26451532","26451659","KN294416v1","591986","592114","7","25859546"
"chrY","26465544","26465844","KN296495v1","1722244","1722543","70","24743300"
"chrY","57149829","57149981","KN295005v1","263752","263899","36","56886077"
"chrY","57178821","57179120","KN294539v1","3409060","3409366","78","53769761"
"chr10","18612138","18612428","KN295610v1","592544","592831","29","18019594"
"chr10","68943736","68943874","KN295405v1","59313","59447","10","68884423"
"chr10","89712","89881","KN296701v1","462609","462775","55","372897"
"chr10","173478","173729","KN294218v1","2914344","2914602","22","2740866"
"chr10","305653","305933","KN296502v1","1280490","1280768","71","974837"
"chr10","330523","330805","KN294218v1","2761997","2762276","25","2431474"
"chr10","781596","781746","KN294346v1","260578","260726","35","521018"
"chr10","782116","782256","KN294558v1","284993","285139","32","497123"
"chr10","824211","824494","KN296948v1","762193","762479","62","62018"
"chr10","1196772","1196900","KN296643v1","191078","191208","21","1005694"
"chr10","2321077","2321371","KN296538v1","333498","333794","70","1987579"
"chr10","2743672","2743791","KN296964v1","1498395","1498511","30","1245277"
"chr10","2743824","2743843","KN295722v1","2808176","2808190","5","64352"
"chr10","2892113","2892384","KN296294v1","942304","942564","69","1949809"
"chr10","2977249","2977547","KN297058v1","392670","392966","63","2584579"
"chr10","3059529","3059828","KN294899v1","1235205","1235505","61","1824324"
"chr10","3208184","3208481","KN294378v1","178962","179259","63","3029222"
"chr10","4156040","4156171","KN296019v1","235214","235337","27","3920826"
"chr10","4156482","4156670","KN294214v1","296841","297020","67","3859641"
"chr10","4259090","4259412","KN297023v1","152219","152509","93","4106871"
"chr10","5767319","5767585","KN295459v1","1516623","1516885","65","4250696"
"chr10","5790874","5791007","KN294630v1","724752","724887","27","5066122"
"chr10","5806293","5806410","KN294548v1","68268","68384","29","5738025"
"chr10","5815336","5815498","KN295433v1","242929","243071","51","5572407"
"chr10","5816102","5816252","KN295326v1","444837","444999","38","5371265"
"chr10","5928146","5928439","KN295368v1","1939103","1939400","57","3989043"
"chr10","5987179","5987454","KN296731v1","1028220","1028490","59","4958959"
"chr10","6170436","6170557","KN297023v1","686879","687015","32","5483557"
"chr10","6181007","6181317","KN296864v1","1939832","1940132","78","4241175"
"chr10","6186666","6186797","KN296311v1","4815038","4815168","15","1371628"
"chr10","6438598","6438897","KN296371v1","158213","158508","64","6280385"
"chr10","6503791","6504076","KN296063v1","1266743","1267029","20","5237048"
"chr10","6556161","6556455","KN294592v1","450560","450839","68","6105601"
"chr10","6850488","6850740","KN295320v1","393096","393331","75","6457392"
"chr10","7274709","7274869","KN294407v1","109423","109582","37","7165286"
"chr10","7499100","7499394","KN295346v1","1646114","1646406","61","5852986"
"chr10","7529946","7530239","KN297390v1","84191","84473","60","7445755"
"chr10","8151118","8151248","KN297453v1","84448","84582","26","8066670"
"chr10","8190616","8190719","KN296885v1","2707478","2707589","26","5483138"
"chr10","8191896","8192211","KN297112v1","4975307","4975614","70","3216589"
"chr10","8225955","8226268","KN294421v1","9377","9683","68","8216578"
"chr10","8408508","8408805","KN296732v1","1954191","1954492","66","6454317"
"chr10","8486815","8487115","KN295315v1","11474","11758","76","8475341"
"chr10","8512743","8513035","KN295352v1","729753","730045","64","7782990"
"chr10","8981163","8981319","KN295441v1","724682","724832","51","8256481"
"chr10","9193256","9193534","KN297028v1","97110","97396","78","9096146"
"chr10","9835250","9835550","KN294452v1","1374937","1375240","70","8460313"
"chr10","10052123","10052429","KN296907v1","1087372","1087677","55","8964751"
"chr10","10126952","10127238","KN294172v1","1944132","1944423","65","8182820"
"chr10","10762760","10762891","KN294172v1","6272486","6272617","20","4490274"
"chr10","10874029","10874337","KN296079v1","2233248","2233516","58","8640781"
"chr10","11210998","11211290","KN296079v1","1894119","1894408","26","9316879"
"chr10","11738543","11738833","KN296495v1","1076274","1076557","61","10662269"
"chr10","11748470","11748530","KN296119v1","1861863","1861907","20","9886607"
"chr10","11844007","11844290","KN295576v1","164716","164996","60","11679291"
"chr10","12010990","12011289","KN297023v1","640512","640805","70","11370478"
"chr10","12159407","12159694","KN295984v1","150673","150962","62","12008734"
"chr10","12254552","12254772","KN294416v1","645591","645790","71","11608961"
"chr10","12327947","12328229","KN296948v1","762193","762479","57","11565754"
"chr10","12343124","12343242","KN296079v1","747199","747316","6","11595925"
"chr10","12466036","12466165","KN296311v1","4657589","4657718","28","7808447"
"chr10","12466426","12466584","KN294513v1","518116","518264","38","11948310"
"chr10","12539922","12540228","KN294790v1","3754436","3754749","72","8785486"
"chr10","12625373","12625630","KN296079v1","452831","453094","23","12172542"
"chr10","12680796","12680901","KN296079v1","397109","397211","18","12283687"
"chr10","12921736","12922029","KN295607v1","3877142","3877440","67","9044594"
"chr10","12936649","12936945","KN296982v1","449377","449668","85","12487272"
"chr10","13350462","13350768","KN295995v1","264187","264490","25","13086275"
"chr10","13374076","13374397","KN294954v1","70243","70554","80","13303833"
"chr10","13387345","13387667","KN295995v1","300405","300731","28","13086940"
"chr10","13612656","13612790","KN296682v1","4472363","4472501","41","9140293"
"chr10","13618346","13618645","KN295995v1","525210","525501","39","13093136"
"chr10","13760326","13760550","KN295666v1","152100","152313","52","13608226"
"chr10","13902011","13902310","KN297046v1","2239018","2239308","65","11662993"
"chr10","14043832","14044128","KN295995v1","957823","958101","42","13086009"
"chr10","14130272","14130550","KN295923v1","574170","574465","68","13556102"
"chr10","14155017","14155302","KN295294v1","1101026","1101317","69","13053991"
"chr10","14685138","14685451","KN295995v1","1613251","1613567","30","13071887"
"chr10","14750676","14750824","KN295962v1","2192148","2192289","39","12558528"
"chr10","14799442","14799752","KN296847v1","1835998","1836290","75","12963444"
"chr10","14941283","14941586","KN294161v1","491457","491757","74","14449826"
"chr10","15049152","15049427","KN296938v1","121406","121679","69","14927746"
"chr10","15177749","15178040","KN297227v1","1123419","1123703","61","14054330"
"chr10","15240763","15241026","KN297375v1","58397","58674","71","15182366"
"chr10","15261836","15262110","KN295940v1","139592","139871","32","15122244"
"chr10","15438687","15438823","KN295940v1","307354","307490","11","15131333"
"chr10","15529081","15529195","KN296577v1","410154","410267","33","15118927"
"chr10","15720541","15720804","KN294987v1","459255","459513","67","15261286"
"chr10","15870538","15870582","KN295666v1","642449","642493","19","15228089"
"chr10","16224901","16225201","KN296864v1","1939832","1940132","68","14285069"
"chr10","16314998","16315297","KN295984v1","150673","150962","65","16164325"
"chr10","16332731","16332984","KN294458v1","21581","21829","68","16311150"
"chr10","16372477","16372742","KN297189v1","235450","235714","70","16137027"
"chr10","16493432","16493568","KN294172v1","6272486","6272617","30","10220946"
"chr10","16753776","16754004","KN297095v1","2669325","2669548","59","14084451"
"chr10","16774818","16775062","KN296404v1","2381217","2381439","73","14393601"
"chr10","16858310","16858621","KN296322v1","426249","426560","67","16432061"
"chr10","17280306","17280437","KN295433v1","157749","157881","22","17122557"
"chr10","17536859","17537130","KN296404v1","2095101","2095370","71","15441758"
"chr10","17962874","17963192","KN294954v1","70243","70554","68","17892631"
"chr10","18013386","18013670","KN296948v1","762193","762479","64","17251193"
"chr10","18039446","18039739","KN296883v1","2609802","2610089","67","15429644"
"chr10","18086499","18086718","KN295610v1","77007","77226","18","18009492"
"chr10","18325194","18325493","KN295610v1","322039","322341","26","18003155"
"chr10","18389143","18389438","KN296538v1","333498","333794","56","18055645"
"chr10","18426558","18426689","KN295706v1","131306","131439","24","18295252"
"chr10","18430982","18431280","KN294619v1","1593520","1593816","71","16837462"
"chr10","18452557","18452708","KN297327v1","920937","921085","35","17531620"
"chr10","18544628","18544932","KN296836v1","941548","941848","68","17603080"
"chr10","18599043","18599389","KN297242v1","1347482","1347793","96","17251561"
"chr10","18609027","18609314","KN295610v1","589454","589739","17","18019573"
"chr10","18703910","18704055","KN297180v1","2065065","2065204","42","16638845"
"chr10","18704083","18704198","KN297028v1","612387","612499","24","18091696"
"chr10","18716471","18716751","KN294210v1","473112","473404","60","18243359"
"chr10","18863285","18863548","KN294552v1","1295874","1296134","58","17567411"
"chr10","18925844","18925997","KN295294v1","403385","403528","56","18522459"
"chr10","19024989","19025285","KN294260v1","822843","823138","65","18202146"
"chr10","19453547","19453594","KN294911v1","2236777","2236825","14","17216770"
"chr10","19453890","19454069","KN296701v1","462609","462775","45","18991281"
"chr10","19718885","19719153","KN294539v1","1506592","1506858","83","18212293"
"chr10","19764901","19765189","KN295433v1","425544","425817","82","19339357"
"chr10","19791894","19792072","KN295352v1","256766","256946","46","19535128"
"chr10","19792119","19792239","KN296486v1","1704858","1704975","32","18087261"
"chr10","19864026","19864303","KN296783v1","71514","71792","72","19792512"
"chr10","20175406","20175550","KN297154v1","4234","4378","31","20171172"
"chr10","20233244","20233399","KN294558v1","284993","285139","33","19948251"
"chr10","20456661","20456824","KN295405v1","328891","329050","48","20127770"
"chr10","20456885","20456981","KN295257v1","265131","265227","23","20191754"
"chr10","20489699","20489972","KN295967v1","1520844","1521111","56","18968855"
"chr10","20630191","20630490","KN295667v1","1567361","1567664","65","19062830"
"chr10","20979725","20979990","KN296296v1","172178","172432","73","20807547"
"chr10","21120090","21120390","KN294210v1","1206882","1207179","67","19913208"
"chr10","21152467","21152595","KN294410v1","486228","486353","29","20666239"
"chr10","21272314","21272586","KN295967v1","1520844","1521111","63","19751470"
"chr10","21302493","21302781","KN295984v1","150673","150962","67","21151820"
"chr10","21324097","21324224","KN295102v1","72427","72567","36","21251670"
"chr10","21324288","21324363","KN294513v1","564705","564774","15","20759583"
"chr10","21443117","21443411","KN295814v1","1099950","1100250","66","20343167"
"chr10","21467675","21467968","KN294831v1","228505","228793","64","21239170"
"chr10","21488204","21488531","KN296187v1","2240412","2240741","24","19247792"
"chr10","21542595","21542895","KN294457v1","210304","210595","81","21332291"
"chr10","21545683","21545966","KN294378v1","789747","790035","67","20755936"
"chr10","21569745","21569897","KN297171v1","1235221","1235375","53","20334524"
"chr10","21570254","21570372","KN294499v1","518311","518429","23","21051943"
"chr10","22014583","22014878","KN296187v1","1706091","1706379","25","20308492"
"chr10","22050777","22051079","KN296187v1","1669067","1669354","33","20381710"
"chr10","22234072","22234378","KN296187v1","1497817","1498116","26","20736255"
"chr10","22394723","22395009","KN296303v1","805215","805501","59","21589508"
"chr10","22465962","22466267","KN297190v1","6401851","6402158","67","16064111"
"chr10","22531385","22531585","KN295236v1","4091253","4091442","46","18440132"
"chr10","22718866","22719027","KN296187v1","1018477","1018630","15","21700389"
"chr10","22755099","22755376","KN294325v1","979659","979928","70","21775440"
"chr10","22800890","22801033","KN294863v1","649607","649748","39","22151283"
"chr10","22866534","22866823","KN296187v1","874304","874596","25","21992230"
"chr10","22917536","22917833","KN294848v1","932997","933294","73","21984539"
"chr10","23003880","23004124","KN294705v1","1107549","1107807","65","21896331"
"chr10","23232879","23233172","KN294523v1","15844","16136","59","23217035"
"chr10","23268007","23268305","KN296431v1","32840","33135","58","23235167"
"chr10","23315821","23315977","KN294457v1","1120402","1120563","36","22195419"
"chr10","23329604","23329826","KN297245v1","2387953","2388175","51","20941651"
"chr10","23351666","23351973","KN296225v1","398050","398328","94","22953616"
"chr10","23422284","23422447","KN294991v1","973655","973815","34","22448629"
"chr10","23422749","23422809","KN296879v1","999794","999852","13","22422955"
"chr10","23463617","23463921","KN295099v1","55159","55457","72","23408458"
"chr10","23488998","23489111","KN296187v1","239164","239282","8","23249834"
"chr10","23489464","23489656","KN296187v1","238628","238811","18","23250836"
"chr10","23522594","23522881","KN295294v1","1101026","1101317","64","22421568"
"chr10","23817808","23817962","KN294207v1","588013","588165","34","23229795"
"chr10","23959249","23959525","KN296495v1","1076274","1076557","64","22882975"
"chr10","24000004","24000070","KN297276v1","364613","364682","17","23635391"
"chr10","24060513","24060836","KN294548v1","871953","872254","91","23188560"
"chr10","24069826","24070100","KN296639v1","37858","38116","65","24031968"
"chr10","24247291","24247429","KN295099v1","148176","148300","22","24099115"
"chr10","24274298","24274398","KN295099v1","121818","121917","12","24152480"
"chr10","24276457","24276608","KN295005v1","263752","263899","34","24012705"
"chr10","24276908","24277058","KN297165v1","2667658","2667810","38","21609250"
"chr10","24304377","24304633","KN296486v1","974046","974323","73","23330331"
"chr10","24528310","24528617","KN295474v1","842239","842543","74","23686071"
"chr10","24653636","24653715","KN297319v1","725060","725147","27","23928576"
"chr10","24674113","24674252","KN295102v1","72427","72567","26","24601686"
"chr10","24674537","24674691","KN295962v1","2106431","2106583","29","22568106"
"chr10","24732425","24732570","KN295236v1","1052651","1052796","31","23679774"
"chr10","24807407","24807718","KN296864v1","1939832","1940132","72","22867575"
"chr10","24811427","24811561","KN294199v1","281436","281574","27","24529991"
"chr10","24813371","24813536","KN296311v1","1023510","1023673","38","23789861"
"chr10","24896796","24896928","KN296495v1","1296063","1296199","23","23600733"
"chr10","24929929","24930057","KN297023v1","329933","330059","32","24599996"
"chr10","25033139","25033428","KN295102v1","387826","388136","72","24645313"
"chr10","25339009","25339285","KN294569v1","652042","652317","67","24686967"
"chr10","25413041","25413343","KN295365v1","664954","665252","74","24748087"
"chr10","25706604","25706944","KN295586v1","4182094","4182433","93","21524510"
"chr10","25791551","25791838","KN296864v1","1939832","1940132","60","23851719"
"chr10","25874042","25874329","KN297180v1","314236","314539","82","25559806"
"chr10","25877859","25878014","KN296528v1","1183043","1183202","38","24694816"
"chr10","25920204","25920297","KN294592v1","343638","343727","24","25576566"
"chr10","26160406","26160674","KN294987v1","459255","459513","57","25701151"
"chr10","26275880","26276189","KN294583v1","35294","35606","38","26240586"
"chr10","26368438","26368638","KN294583v1","114705","114896","20","26253733"
"chr10","26392768","26393045","KN297274v1","1285745","1286019","74","25107023"
"chr10","26433950","26434251","KN297066v1","48943","49249","67","26385007"
"chr10","26466519","26466654","KN295706v1","131306","131439","23","26335213"
"chr10","26601202","26601487","KN296948v1","762193","762479","60","25839009"
"chr10","26679786","26680102","KN295449v1","1170610","1170916","62","25509176"
"chr10","26698842","26699152","KN295667v1","1108671","1108966","70","25590171"
"chr10","26733694","26733979","KN295171v1","12625","12912","58","26721069"
"chr10","26809300","26809584","KN294477v1","93216","93508","74","26716084"
"chr10","26865455","26865580","KN297133v1","268061","268193","38","26597394"
"chr10","26876461","26876584","KN296096v1","3053461","3053592","32","23823000"
"chr10","27139210","27139467","KN297046v1","3232951","3233226","77","23906259"
"chr10","27146495","27146729","KN295586v1","185554","185803","71","26960941"
"chr10","27210410","27210478","KN296315v1","444949","445008","17","26765461"
"chr10","27367517","27367787","KN296864v1","2279896","2280175","80","25087621"
"chr10","27369693","27369986","KN295346v1","1646114","1646406","69","25723579"
"chr10","27436001","27436275","KN295294v1","2976195","2976447","86","24459806"
"chr10","27455675","27455953","KN294420v1","816046","816329","71","26639629"
"chr10","27632034","27632359","KN297242v1","1213658","1213969","82","26418376"
"chr10","27649792","27650085","KN295984v1","2962847","2963132","72","24686945"
"chr10","27764629","27764920","KN296244v1","707246","707553","73","27057383"
"chr10","27860170","27860466","KN294527v1","273035","273327","57","27587135"
"chr10","27893868","27894151","KN294210v1","473112","473404","69","27420756"
"chr10","27930262","27930526","KN294233v1","699658","699929","75","27230604"
"chr10","28006032","28006262","KN295667v1","673092","673338","65","27332940"
"chr10","28017010","28017309","KN294210v1","473112","473404","70","27543898"
"chr10","28132440","28132595","KN296738v1","200423","200579","36","27932017"
"chr10","28264015","28264290","KN294451v1","1225241","1225529","60","27038774"
"chr10","28288244","28288540","KN296964v1","1814390","1814681","56","26473854"
"chr10","28372489","28372791","KN295099v1","55159","55457","81","28317330"
"chr10","28477284","28477503","KN295610v1","77007","77226","56","28400277"
"chr10","28538609","28538887","KN296187v1","874304","874596","87","27664305"
"chr10","28591579","28591860","KN295894v1","2131941","2132242","76","26459638"
"chr10","28613001","28613125","KN296580v1","375183","375306","28","28237818"
"chr10","28613362","28613517","KN294991v1","973655","973815","47","27639707"
"chr10","28711855","28712107","KN297180v1","531711","531948","69","28180144"
"chr10","28725450","28725748","KN297184v1","1114866","1115167","71","27610584"
"chr10","28770119","28770410","KN295346v1","1646114","1646406","61","27124005"
"chr10","28840333","28840612","KN295936v1","2092514","2092791","74","26747819"
"chr10","28928406","28928675","KN296484v1","4833","5123","72","28923573"
"chr10","29052456","29052585","KN296311v1","4815038","4815168","22","24237418"
"chr10","29066367","29066676","KN295633v1","778185","778486","64","28288182"
"chr10","29129129","29129411","KN297245v1","2237012","2237311","74","26892117"
"chr10","29138803","29139130","KN294251v1","1366870","1367179","72","27771933"
"chr10","29161472","29161753","KN294420v1","816046","816329","65","28345426"
"chr10","29252368","29252649","KN295282v1","123186","123460","65","29129182"
"chr10","29260871","29261093","KN297095v1","2669325","2669548","48","26591546"
"chr10","29359353","29359513","KN295368v1","1470735","1470895","40","27888618"
"chr10","29359801","29359945","KN295708v1","957826","957973","31","28401975"
"chr10","29538879","29539164","KN295983v1","1223920","1224199","60","28314959"
"chr10","29576578","29576844","KN294961v1","13893","14150","64","29562685"
"chr10","29660037","29660329","KN296311v1","5278234","5278515","69","24381803"
"chr10","29667570","29667870","KN294520v1","992368","992662","70","28675202"
"chr10","29675219","29675474","KN296731v1","998171","998423","63","28677048"
"chr10","29756815","29757077","KN297141v1","295139","295387","71","29461676"
"chr10","29868103","29868232","KN294536v1","348653","348787","24","29519450"
"chr10","30023930","30024184","KN295267v1","81052","81310","56","29942878"
"chr10","30069316","30069592","KN294862v1","116430","116695","77","29952886"
"chr10","30432542","30432843","KN296096v1","1326102","1326406","69","29106440"
"chr10","30624660","30624784","KN295667v1","2094667","2094776","46","28529993"
"chr10","30745985","30746093","KN296955v1","342499","342601","29","30403486"
"chr10","30749183","30749460","KN296959v1","626169","626452","60","30123014"
"chr10","30776703","30777024","KN296877v1","287002","287310","77","30489701"
"chr10","30790570","30790876","KN294848v1","932997","933294","66","29857573"
"chr10","30805388","30805687","KN297112v1","2231098","2231393","60","28574290"
"chr10","31080655","31080951","KN297023v1","152219","152509","67","30928436"
"chr10","31104709","31105008","KN296864v1","1873086","1873381","70","29231623"
"chr10","31192841","31193134","KN296964v1","1814390","1814681","64","29378451"
"chr10","31206555","31206854","KN295099v1","55159","55457","64","31151396"
"chr10","31465633","31465837","KN296767v1","53224","53425","60","31412409"
"chr10","31595069","31595337","KN297008v1","6549351","6549627","77","25045718"
"chr10","31726123","31726395","KN295523v1","3469042","3469297","71","28257081"
"chr10","31902394","31902685","KN295346v1","1646114","1646406","70","30256280"
"chr10","31965269","31965560","KN296303v1","805215","805501","65","31160054"
"chr10","31985050","31985159","KN296153v1","1944022","1944129","24","30041028"
"chr10","31990791","31991094","KN295607v1","58401","58690","72","31932390"
"chr10","32058001","32058307","KN295666v1","767425","767733","69","31290576"
"chr10","32120465","32120601","KN296538v1","514898","515032","24","31605567"
"chr10","32156364","32156663","KN296244v1","296863","297159","67","31859501"
"chr10","32161254","32161541","KN294199v1","1022551","1022840","57","31138703"
"chr10","32223569","32223866","KN295352v1","729753","730045","70","31493816"
"chr10","32462147","32462422","KN294539v1","1692531","1692809","62","30769616"
"chr10","32514824","32515124","KN295294v1","1101026","1101317","65","31413798"
"chr10","32619679","32619898","KN294208v1","73414","73627","52","32546265"
"chr10","32863358","32863579","KN297095v1","2669325","2669548","60","30194033"
"chr10","33054950","33055235","KN295722v1","2755835","2756123","14","30299115"
"chr10","33165510","33165595","KN295722v1","2644458","2644543","4","30521052"
"chr10","33186892","33187172","KN296201v1","1142532","1142802","64","32044360"
"chr10","33259853","33260163","KN295984v1","2286186","2286477","70","30973667"
"chr10","33322362","33322681","KN295449v1","1170610","1170916","80","32151752"
"chr10","33482114","33482419","KN295406v1","486578","486886","64","32995536"
"chr10","33653902","33654200","KN296864v1","1939832","1940132","69","31714070"
"chr10","33765296","33765605","KN295243v1","426590","426911","28","33338706"
"chr10","33814924","33815210","KN295068v1","49131","49419","69","33765793"
"chr10","33976062","33976234","KN295326v1","444837","444999","49","33531225"
"chr10","33976269","33976389","KN296682v1","4980731","4980854","20","28995538"
"chr10","34232701","34233001","KN295243v1","903568","903865","33","33329133"
"chr10","34260139","34260274","KN295243v1","931671","931806","5","33328468"
"chr10","34294922","34295054","KN295243v1","966985","967114","13","33327937"
"chr10","34304215","34304343","KN294458v1","1538383","1538511","24","32765832"
"chr10","34370446","34370566","KN295243v1","1041792","1041909","10","33328654"
"chr10","34411973","34412261","KN295090v1","2374852","2375141","64","32037121"
"chr10","34657126","34657241","KN296306v1","3680586","3680698","32","30976540"
"chr10","34706826","34706963","KN296138v1","299724","299858","22","34407102"
"chr10","34857323","34857572","KN296273v1","5879","6128","25","34851444"
"chr10","34932212","34932484","KN295967v1","1520844","1521111","65","33411368"
"chr10","34938371","34938672","KN297296v1","3355","3670","58","34935016"
"chr10","34961628","34961762","KN295294v1","3806061","3806194","23","31155567"
"chr10","34981907","34981980","KN295735v1","495614","495690","22","34486293"
"chr10","35043785","35044075","KN295893v1","1879651","1879923","75","33164134"
"chr10","35119561","35119875","KN294964v1","1274971","1275281","99","33844590"
"chr10","35156244","35156549","KN295480v1","1274084","1274387","64","33882160"
"chr10","35231883","35232023","KN296486v1","443912","444054","28","34787971"
"chr10","35232307","35232472","KN294991v1","973655","973815","31","34258652"
"chr10","35259286","35259488","KN296847v1","410946","411169","67","34848340"
"chr10","35261145","35261239","KN294630v1","376901","376997","19","34884244"
"chr10","35261538","35261712","KN296682v1","2542349","2542532","46","32719189"
"chr10","35335758","35335858","KN295202v1","1411243","1411336","45","33924515"
"chr10","35452984","35453229","KN296145v1","736954","737187","66","34716030"
"chr10","35845459","35845631","KN294421v1","1567367","1567552","40","34278092"
"chr10","35845931","35846078","KN296732v1","3303486","3303632","34","32542445"
"chr10","35868817","35869122","KN295980v1","876495","876775","64","34992322"
"chr10","36315006","36315253","KN295257v1","563893","564140","64","35751113"
"chr10","36375392","36375684","KN296495v1","1722244","1722543","63","34653148"
"chr10","36718494","36718764","KN296682v1","3395587","3395869","67","33322907"
"chr10","37120215","37120511","KN296495v1","1722244","1722543","68","35397971"
"chr10","37309380","37309558","KN296119v1","5280949","5281131","49","32028431"
"chr10","37554656","37554749","KN296588v1","2196132","2196224","21","35358524"
"chr10","37989823","37990097","KN294539v1","1506592","1506858","77","36483231"
"chr10","38296040","38296328","KN297016v1","101503","101788","63","38194537"
"chr10","38434095","38434148","KN296316v1","254338","254391","2","38179757"
"chr10","38434477","38434576","KN296316v1","253938","254035","6","38180539"
"chr10","38444519","38444786","KN295267v1","81052","81310","68","38363467"
"chr10","38446325","38446465","KN294303v1","244931","245062","44","38201394"
"chr10","38711357","38711670","KN297153v1","798177","798480","77","37913180"
"chr10","38734221","38734384","KN294842v1","123455","123618","14","38610766"
"chr10","38771389","38771494","KN294619v1","1400034","1400133","28","37371355"
"chr10","38771805","38771831","KN296495v1","369441","369458","12","38402364"
"chr10","42200647","42200677","KN296367v1","700794","700834","15","41499853"
"chr10","42200985","42201086","KN295605v1","83359","83454","29","42117626"
"chr10","42238398","42238561","KN294842v1","123455","123618","12","42114943"
"chr10","42662659","42662904","KN295092v1","980286","980537","69","41682373"
"chr10","42680672","42680945","KN295980v1","949122","949404","26","41731550"
"chr10","42715810","42716051","KN296404v1","2381217","2381439","71","40334593"
"chr10","42757079","42757212","KN294172v1","5292134","5292266","31","37464945"
"chr10","43326932","43327203","KN295267v1","81052","81310","76","43245880"
"chr10","43344560","43344853","KN294239v1","2230934","2231230","61","41113626"
"chr10","43365649","43365945","KN297026v1","800582","800867","69","42565067"
"chr10","43421818","43422115","KN294452v1","1374937","1375240","60","42046881"
"chr10","43441958","43442238","KN294187v1","1887786","1888062","83","41554172"
"chr10","43442271","43442290","KN296569v1","4665","4683","2","43437606"
"chr10","43462760","43462952","KN296577v1","938048","938235","47","42524712"
"chr10","43463246","43463256","KN294526v1","385203","385213","2","43078043"
"chr10","43463553","43463689","KN295573v1","623556","623685","31","42839997"
"chr10","43609672","43609985","KN294169v1","205462","205769","81","43404210"
"chr10","43611040","43611362","KN295523v1","1292612","1292918","82","42318428"
"chr10","43647062","43647373","KN294548v1","1203959","1204261","84","42443103"
"chr10","43662800","43662977","KN294571v1","2119940","2120110","46","41542860"
"chr10","44443304","44443369","KN295980v1","204532","204597","6","44238772"
"chr10","44719395","44719688","KN296864v1","1939832","1940132","65","42779563"
"chr10","45065694","45065996","KN295480v1","1274084","1274387","63","43791610"
"chr10","45088984","45089287","KN295980v1","876495","876775","45","44212489"
"chr10","45543939","45544084","KN294739v1","799032","799175","36","44744907"
"chr10","45577762","45578029","KN294207v1","634204","634468","65","44943558"
"chr10","45617354","45617591","KN297095v1","2475476","2475727","65","43141878"
"chr10","45782006","45782295","KN295744v1","408789","409077","64","45373217"
"chr10","45917906","45918059","KN295205v1","824407","824553","32","45093499"
"chr10","45959254","45959506","KN296551v1","153489","153750","19","45805765"
"chr10","45979299","45979606","KN296551v1","173530","173865","64","45805769"
"chr10","46031315","46031601","KN296119v1","351634","351939","79","45679681"
"chr10","46048624","46048936","KN294728v1","1309057","1309361","67","44739567"
"chr10","46073646","46074002","KN296495v1","2039293","2039625","98","44034353"
"chr10","46104047","46104322","KN296551v1","300590","300885","46","45803457"
"chr10","46187740","46188052","KN295923v1","574170","574465","81","45613570"
"chr10","46280492","46280683","KN296119v1","2931259","2931440","58","43349233"
"chr10","46280712","46280808","KN297408v1","30096","30198","30","46250616"
"chr10","46507336","46507610","KN294539v1","1506592","1506858","72","45000744"
"chr10","46762717","46763027","KN295633v1","778185","778486","66","45984532"
"chr10","46768488","46768757","KN295428v1","224334","224605","72","46544154"
"chr10","47577388","47577698","KN295633v1","778185","778486","67","46799203"
"chr10","47877017","47877291","KN294539v1","1506592","1506858","72","46370425"
"chr10","48870255","48870576","KN295112v1","401092","401404","89","48469163"
"chr10","49211200","49211426","KN295893v1","5531546","5531784","62","43679654"
"chr10","49887043","49887198","KN296187v1","1018477","1018630","34","48868566"
"chr10","49928548","49928800","KN296551v1","153489","153750","21","49775059"
"chr10","49948880","49949197","KN296551v1","173530","173865","57","49775350"
"chr10","50122646","50122935","KN295744v1","408789","409077","63","49713857"
"chr10","50281791","50281911","KN297229v1","352299","352425","35","49929492"
"chr10","50491066","50491373","KN295430v1","2009073","2009373","78","48481993"
"chr10","50537990","50538099","KN294787v1","247438","247555","30","50290552"
"chr10","50639443","50639739","KN297159v1","1308703","1308996","81","49330740"
"chr10","50642929","50643257","KN294239v1","243029","243336","78","50399900"
"chr10","51081770","51082059","KN295667v1","935881","936160","72","50145889"
"chr10","51396103","51396406","KN294548v1","1203959","1204261","83","50192144"
"chr10","51692619","51692763","KN296270v1","18425","18558","35","51674194"
"chr10","51718865","51719157","KN294705v1","1127452","1127739","69","50591413"
"chr10","51736606","51736935","KN297058v1","194613","194917","80","51541993"
"chr10","52290606","52290875","KN294873v1","82870","83122","73","52207736"
"chr10","52305374","52305696","KN296907v1","1087372","1087677","83","51218002"
"chr10","52456709","52456993","KN297008v1","6549351","6549627","65","45907358"
"chr10","52471257","52471563","KN294452v1","1374937","1375240","76","51096320"
"chr10","52647797","52648091","KN295984v1","150673","150962","55","52497124"
"chr10","53079063","53079356","KN294444v1","233466","233771","69","52845597"
"chr10","53121309","53121438","KN296311v1","4657589","4657718","28","48463720"
"chr10","53151597","53151680","KN294269v1","708058","708150","26","52443539"
"chr10","53240846","53241121","KN294873v1","1700476","1700762","75","51540370"
"chr10","53626684","53626996","KN295725v1","293304","293604","87","53333380"
"chr10","53798841","53799135","KN297026v1","800582","800867","80","52998259"
"chr10","54283852","54284134","KN296404v1","2095101","2095370","71","52188751"
"chr10","54582631","54582899","KN296311v1","5278234","5278515","77","49304397"
"chr10","54677100","54677392","KN296964v1","917862","918143","86","53759238"
"chr10","54818924","54819088","KN296637v1","337006","337162","43","54481918"
"chr10","55641430","55641736","KN296322v1","1648835","1649139","74","53992595"
"chr10","55781966","55782270","KN297112v1","2231098","2231393","76","53550868"
"chr10","55838516","55838595","KN296874v1","108275","108353","22","55730241"
"chr10","56344202","56344518","KN295102v1","387826","388136","85","55956376"
"chr10","57203196","57203396","KN296093v1","148355","148551","53","57054841"
"chr10","57754627","57754894","KN295570v1","240596","240859","21","57514031"
"chr10","57851976","57852264","KN294264v1","432867","433151","75","57419109"
"chr10","58116722","58116986","KN295092v1","980286","980537","71","57136436"
"chr10","58142432","58142567","KN296145v1","649092","649233","32","57493340"
"chr10","58178931","58179190","KN294758v1","2460159","2460419","66","55718772"
"chr10","58434395","58434538","KN296175v1","389212","389354","7","58045183"
"chr10","58434834","58434982","KN296175v1","389661","389808","14","58045173"
"chr10","58543522","58543808","KN296303v1","805215","805501","58","57738307"
"chr10","58589462","58589774","KN296877v1","287002","287310","70","58302460"
"chr10","58907299","58907640","KN294302v1","365938","366280","34","58541361"
"chr10","59211087","59211366","KN294302v1","675665","675940","30","58535422"
"chr10","59389139","59389416","KN294302v1","861450","861728","20","58527689"
"chr10","59677218","59677390","KN294372v1","2365173","2365337","46","57312045"
"chr10","59741686","59741921","KN295869v1","333345","333580","10","59408341"
"chr10","60306845","60307028","KN295869v1","911111","911296","18","59395734"
"chr10","60309916","60310219","KN295869v1","914203","914507","15","59395713"
"chr10","60410147","60410283","KN295869v1","1015956","1016090","6","59394191"
"chr10","60501767","60501985","KN295869v1","1114739","1114937","30","59387028"
"chr10","60772238","60772548","KN294161v1","491457","491757","69","60280781"
"chr10","61009077","61009237","KN297319v1","373164","373327","37","60635913"
"chr10","61043888","61044015","KN294172v1","6039824","6039947","23","55004064"
"chr10","61061439","61061721","KN296864v1","1447995","1448277","61","59613444"
"chr10","61303128","61303439","KN295666v1","767425","767733","70","60535703"
"chr10","61387797","61388080","KN296495v1","1076274","1076557","59","60311523"
"chr10","61389754","61390045","KN295883v1","403214","403504","87","60986540"
"chr10","61526909","61527139","KN297245v1","2387953","2388175","59","59138956"
"chr10","61799020","61799203","KN296759v1","97260","97448","46","61701760"
"chr10","61950389","61950720","KN294439v1","130265","130569","83","61820124"
"chr10","62136177","62136476","KN295871v1","984256","984556","70","61151921"
"chr10","62254658","62255000","KN296505v1","323963","324278","81","61930695"
"chr10","62313327","62313605","KN295893v1","1879651","1879923","78","60433676"
"chr10","62931533","62931628","KN296290v1","2081846","2081943","23","60849687"
"chr10","62931920","62932156","KN297190v1","4535285","4535514","54","58396635"
"chr10","62967262","62967585","KN294728v1","721338","721656","60","62245924"
"chr10","63011249","63011541","KN294728v1","765090","765383","21","62246159"
"chr10","63137066","63137274","KN295533v1","2434686","2434882","45","60702380"
"chr10","63173441","63173748","KN297058v1","194613","194917","62","62978828"
"chr10","63228356","63228549","KN294739v1","985939","986117","53","62242417"
"chr10","63360030","63360371","KN296865v1","1627674","1628000","109","61732356"
"chr10","63449834","63450141","KN295480v1","1274084","1274387","68","62175750"
"chr10","63478831","63478983","KN294728v1","1251099","1251251","7","62227732"
"chr10","63534244","63534547","KN294728v1","1309057","1309361","24","62225187"
"chr10","63598810","63599039","KN294713v1","801014","801236","61","62797796"
"chr10","63775260","63775504","KN294978v1","1071290","1071491","86","62703970"
"chr10","64100718","64101039","KN294728v1","1890164","1890489","26","62210554"
"chr10","64454465","64454758","KN294806v1","594997","595290","63","63859468"
"chr10","64488326","64488490","KN295852v1","340963","341150","33","64147363"
"chr10","64614915","64615187","KN295852v1","209119","209373","38","64405796"
"chr10","64637010","64637163","KN295852v1","187013","187155","13","64449997"
"chr10","64855682","64855956","KN296303v1","805215","805501","70","64050467"
"chr10","65040139","65040325","KN294167v1","348277","348450","47","64691862"
"chr10","65215527","65215645","KN296096v1","3010196","3010312","30","62205331"
"chr10","65215956","65216137","KN297133v1","1247297","1247470","47","63968659"
"chr10","65679506","65679670","KN297319v1","373164","373327","27","65306342"
"chr10","65734958","65735251","KN294863v1","593170","593465","47","65141788"
"chr10","66347329","66347623","KN294172v1","1944132","1944423","68","64403197"
"chr10","66533789","66533921","KN294847v1","197621","197753","11","66336168"
"chr10","67288840","67288974","KN295552v1","60416","60547","11","67228424"
"chr10","68011082","68011303","KN294446v1","801059","801280","7","67210023"
"chr10","68131547","68131673","KN294536v1","420664","420795","37","67710883"
"chr10","68224103","68224399","KN294446v1","591120","591416","14","67632983"
"chr10","68246026","68246311","KN295480v1","2295514","2295785","69","65950512"
"chr10","68286504","68286638","KN296643v1","531350","531484","20","67755154"
"chr10","68352128","68352260","KN294446v1","469984","470115","4","67882144"
"chr10","68370489","68370673","KN295701v1","363321","363509","51","68007168"
"chr10","68375113","68375239","KN294446v1","446429","446555","8","67928684"
"chr10","68410282","68410587","KN297159v1","1712744","1713036","76","66697538"
"chr10","68441056","68441361","KN294446v1","381643","381924","40","68059413"
"chr10","68517550","68517686","KN297259v1","755295","755425","25","67762255"
"chr10","68517986","68518135","KN294470v1","2691196","2691354","48","65826790"
"chr10","68558661","68558802","KN294346v1","260578","260726","37","68298083"
"chr10","68586021","68586177","KN294470v1","2691196","2691354","39","65894825"
"chr10","68586478","68586632","KN295708v1","957826","957973","39","67628652"
"chr10","68669069","68669233","KN294446v1","136104","136215","57","68532965"
"chr10","68752589","68752869","KN294446v1","53024","53304","15","68699565"
"chr10","68760172","68760317","KN295005v1","263752","263899","40","68496420"
"chr10","68848661","68848968","KN296649v1","474335","474640","67","68374326"
"chr10","68854876","68855124","KN297095v1","2669325","2669548","72","66185551"
"chr10","68912200","68912513","KN296938v1","928271","928577","66","67983929"
"chr10","68925609","68925731","KN295405v1","40213","40332","12","68885396"
"chr10","68926027","68926204","KN295405v1","40643","40808","28","68885384"
"chr10","68962396","68962623","KN295405v1","84611","84839","18","68877785"
"chr10","68974838","68974966","KN295706v1","131306","131439","18","68843532"
"chr10","68980725","68980972","KN295405v1","104803","105053","20","68875922"
"chr10","68986150","68986192","KN294444v1","115776","115820","13","68870374"
"chr10","68988155","68988372","KN295596v1","3046296","3046522","70","65941859"
"chr10","69009221","69009349","KN296732v1","3311835","3311972","27","65697386"
"chr10","69066620","69066786","KN294407v1","109423","109582","32","68957197"
"chr10","69070426","69070557","KN295405v1","196511","196632","18","68873915"
"chr10","69116437","69116790","KN296322v1","1648835","1649139","95","67467602"
"chr10","69173366","69173540","KN295405v1","306703","306887","23","68866663"
"chr10","69174269","69174353","KN295405v1","308024","308112","13","68866245"
"chr10","69181985","69182294","KN295405v1","315125","315439","25","68866860"
"chr10","69192709","69193012","KN294991v1","1709174","1709474","70","67483535"
"chr10","69194225","69194357","KN295405v1","328507","328638","11","68865718"
"chr10","69194612","69194769","KN295405v1","328891","329050","9","68865721"
"chr10","69201527","69201838","KN297219v1","1839754","1840062","72","67361773"
"chr10","69205386","69205527","KN295405v1","340111","340240","18","68865275"
"chr10","69217902","69218072","KN295326v1","444837","444999","51","68773065"
"chr10","69268162","69268476","KN296210v1","288600","288909","72","68979562"
"chr10","69380209","69380328","KN294193v1","654985","655103","29","68725224"
"chr10","69609889","69610029","KN294339v1","93661","93791","29","69516228"
"chr10","70129010","70129120","KN295405v1","1295926","1296036","5","68833084"
"chr10","70156389","70156688","KN295405v1","1323796","1324105","28","68832593"
"chr10","70175349","70175644","KN297023v1","640512","640805","71","69534837"
"chr10","70184900","70185056","KN294548v1","490123","490280","39","69694777"
"chr10","70185345","70185487","KN296311v1","2869685","2869833","33","67315660"
"chr10","70207385","70207664","KN295405v1","1365775","1366055","20","68841610"
"chr10","70817434","70817624","KN296496v1","472499","472677","54","70344935"
"chr10","70874300","70874442","KN295405v1","2027927","2028069","12","68846373"
"chr10","70874752","70874933","KN295405v1","2028363","2028537","15","68846389"
"chr10","71306718","71307016","KN294260v1","822843","823138","64","70483875"
"chr10","71343674","71343798","KN297046v1","466642","466766","10","70877032"
"chr10","71367941","71368255","KN296322v1","1648835","1649139","60","69719106"
"chr10","71495552","71495861","KN295666v1","1429360","1429652","87","70066192"
"chr10","71593840","71594113","KN297046v1","724975","725256","32","70868865"
"chr10","71768481","71768779","KN297046v1","902161","902449","33","70866320"
"chr10","71993675","71993817","KN296732v1","3303486","3303632","28","68690189"
"chr10","71994116","71994281","KN296877v1","151376","151537","32","71842740"
"chr10","72049207","72049518","KN297046v1","1187153","1187464","25","70862054"
"chr10","72056381","72056624","KN294539v1","1506592","1506858","57","70549789"
"chr10","72162474","72162623","KN295967v1","534752","534906","32","71627722"
"chr10","72240501","72240775","KN295352v1","1395278","1395557","67","70845223"
"chr10","72257887","72257983","KN297046v1","1396963","1397060","4","70860924"
"chr10","72261943","72262074","KN297046v1","1401426","1401558","8","70860517"
"chr10","72270311","72270437","KN297046v1","1410188","1410311","11","70860123"
"chr10","72372087","72372354","KN294961v1","13893","14150","68","72358194"
"chr10","72403382","72403508","KN295102v1","105981","106109","21","72297401"
"chr10","72524123","72524402","KN297046v1","1666770","1667044","18","70857353"
"chr10","72540393","72540695","KN297046v1","1688621","1688908","38","70851772"
"chr10","72558786","72559017","KN295368v1","2443516","2443764","70","70115270"
"chr10","72587211","72587485","KN294325v1","979659","979928","76","71607552"
"chr10","72609359","72609452","KN295708v1","1402575","1402665","25","71206784"
"chr10","72610059","72610284","KN294879v1","1183051","1183277","52","71427008"
"chr10","72612516","72612814","KN297058v1","392670","392966","65","72219846"
"chr10","72668361","72668643","KN296883v1","2609802","2610089","57","70058559"
"chr10","72689209","72689505","KN297023v1","640512","640805","66","72048697"
"chr10","72704557","72704704","KN296829v1","851332","851478","36","71853225"
"chr10","72705019","72705162","KN296210v1","326465","326608","26","72378554"
"chr10","72768856","72769145","KN297046v1","1953390","1953679","24","70815466"
"chr10","72796529","72796806","KN297046v1","1995522","1995796","13","70801007"
"chr10","72800841","72801105","KN295480v1","1342408","1342684","70","71458433"
"chr10","72931257","72931505","KN297046v1","2130311","2130564","20","70800946"
"chr10","73050399","73050419","KN297046v1","2262406","2262426","2","70787993"
"chr10","73050716","73050913","KN297046v1","2262724","2262922","5","70787992"
"chr10","73054944","73055197","KN297046v1","2266992","2267242","11","70787952"
"chr10","73085836","73086017","KN295347v1","14270","14430","52","73071566"
"chr10","73335859","73336160","KN294260v1","822843","823138","63","72513016"
"chr10","73368660","73368932","KN297046v1","2597747","2598020","13","70770913"
"chr10","73389630","73389907","KN297046v1","2618508","2618781","26","70771122"
"chr10","73618249","73618451","KN297046v1","2841986","2842164","31","70776263"
"chr10","73623096","73623404","KN295667v1","1108671","1108966","73","72514425"
"chr10","73742134","73742332","KN295923v1","1986700","1986911","75","71755434"
"chr10","73774398","73774698","KN296948v1","762193","762479","83","73012205"
"chr10","73917885","73918190","KN297046v1","3065440","3065749","18","70852445"
"chr10","73982141","73982300","KN297046v1","3130222","3130381","10","70851919"
"chr10","73987609","73987786","KN296926v1","317317","317500","41","73670292"
"chr10","74056951","74057243","KN294210v1","473112","473404","64","73583839"
"chr10","74084915","74085191","KN297046v1","3232951","3233226","10","70851964"
"chr10","74148554","74148852","KN297046v1","3296973","3297271","22","70851581"
"chr10","74203354","74203674","KN296322v1","1648835","1649139","74","72554519"
"chr10","74268042","74268326","KN294210v1","473112","473404","58","73794930"
"chr10","74286067","74286350","KN297046v1","3430869","3431153","20","70855198"
"chr10","74338961","74339259","KN297050v1","187200","187494","62","74151761"
"chr10","74355067","74355123","KN294991v1","925025","925083","21","73430042"
"chr10","74358944","74359059","KN297046v1","3504949","3505040","27","70853995"
"chr10","74359427","74359727","KN294419v1","64733","65033","70","74294694"
"chr10","74378156","74378273","KN294172v1","6039824","6039947","41","68338332"
"chr10","74379764","74380036","KN297046v1","3526635","3526886","33","70853129"
"chr10","74455232","74455427","KN297046v1","3611393","3611596","22","70843839"
"chr10","74469367","74469663","KN297046v1","3625951","3626247","18","70843416"
"chr10","74472059","74472211","KN297046v1","3629118","3629266","16","70842941"
"chr10","74531522","74531831","KN297112v1","4975307","4975614","66","69556215"
"chr10","74638380","74638657","KN295757v1","23682","23962","13","74614698"
"chr10","74642825","74643141","KN294239v1","243029","243336","65","74399796"
"chr10","74644527","74644829","KN295757v1","30134","30432","29","74614393"
"chr10","74665460","74665734","KN294407v1","2416377","2416656","63","72249083"
"chr10","74715637","74715892","KN297105v1","2959195","2959449","70","71756442"
"chr10","74732191","74732489","KN297408v1","45412","45730","40","74686779"
"chr10","74789127","74789202","KN294921v1","207860","207929","20","74581267"
"chr10","74871551","74871689","KN295102v1","72427","72567","26","74799124"
"chr10","74881670","74881955","KN294499v1","1906911","1907192","65","72974759"
"chr10","74911816","74912103","KN294569v1","652042","652317","71","74259774"
"chr10","74940581","74940744","KN296000v1","898022","898186","42","74042559"
"chr10","75128380","75128510","KN295294v1","3806061","3806194","24","71322319"
"chr10","75152571","75152864","KN297408v1","455755","456048","12","74696816"
"chr10","75154889","75155187","KN297408v1","458386","458680","32","74696503"
"chr10","75221640","75221773","KN295361v1","959088","959220","19","74262552"
"chr10","75320536","75320668","KN294536v1","348653","348787","18","74971883"
"chr10","75350550","75350853","KN294457v1","1007107","1007408","69","74343443"
"chr10","75536575","75536859","KN297408v1","850520","850797","24","74686055"
"chr10","76091698","76091976","KN295090v1","2374852","2375141","64","73716846"
"chr10","76216072","76216378","KN296520v1","1454899","1455203","65","74761173"
"chr10","76500001","76500173","KN295667v1","2018457","2018624","43","74481544"
"chr10","76659620","76659920","KN295480v1","138506","138814","33","76521114"
"chr10","77083552","77083846","KN296964v1","917862","918143","74","76165690"
"chr10","77241667","77241818","KN296825v1","2294387","2294544","35","74947280"
"chr10","77604423","77604684","KN295480v1","1089249","1089535","40","76515174"
"chr10","77786451","77786759","KN295480v1","1274084","1274387","25","76512367"
"chr10","77840096","77840402","KN295102v1","387826","388136","63","77452270"
"chr10","77852989","77853267","KN295480v1","1342408","1342684","25","76510581"
"chr10","77911917","77912225","KN295480v1","1402909","1403227","32","76509008"
"chr10","78002526","78002819","KN296119v1","351634","351939","72","77650892"
"chr10","78020215","78020503","KN295480v1","1515257","1515551","26","76504958"
"chr10","78085161","78085460","KN296528v1","1109404","1109696","66","76975757"
"chr10","78821804","78822078","KN295480v1","2295514","2295785","36","76526290"
"chr10","79334221","79334498","KN296201v1","1142532","1142802","72","78191689"
"chr10","79652999","79653311","KN295923v1","574170","574465","75","79078829"
"chr10","79738511","79738819","KN294207v1","595798","596096","75","79142713"
"chr10","79822270","79822572","KN297112v1","2231098","2231393","72","77591172"
"chr10","80804113","80804407","KN295449v1","1170610","1170916","80","79633503"
"chr10","80891649","80891717","KN297008v1","2642712","2642772","15","78248937"
"chr10","80907800","80907857","KN297008v1","2642712","2642772","14","78265088"
"chr10","80913442","80913737","KN294806v1","594997","595290","72","80318445"
"chr10","81817903","81817943","KN296367v1","700794","700834","1","81117109"
"chr10","81819208","81819512","KN296367v1","699227","699533","19","81119981"
"chr10","81914451","81914569","KN294741v1","1083617","1083736","22","80830834"
"chr10","81914597","81914787","KN295701v1","363321","363509","48","81551276"
"chr10","81993343","81993645","KN294991v1","1709174","1709474","65","80284169"
"chr10","82074580","82074836","KN297046v1","2072166","2072416","65","80002414"
"chr10","82214483","82214769","KN294879v1","385981","386259","61","81828502"
"chr10","82259646","82259952","KN296367v1","252357","252652","35","82007289"
"chr10","82694473","82694774","KN294991v1","1709174","1709474","67","80985299"
"chr10","83130641","83130747","KN296004v1","129400","129507","28","83001241"
"chr10","83408290","83408484","KN294416v1","419638","419830","59","82988652"
"chr10","83459966","83460105","KN296210v1","326465","326608","29","83133501"
"chr10","83460426","83460597","KN296119v1","5280949","5281131","43","78179477"
"chr10","83532597","83532876","KN295576v1","164716","164996","76","83367881"
"chr10","83905993","83906121","KN295814v1","1089849","1089977","35","82816144"
"chr10","84068136","84068261","KN294372v1","2602470","2602586","35","81465666"
"chr10","84085419","84085699","KN297452v1","1744682","1744969","64","82340737"
"chr10","84093628","84093771","KN296505v1","698783","698916","43","83394845"
"chr10","84307774","84307941","KN294416v1","934596","934758","32","83373178"
"chr10","84423867","84424166","KN295352v1","1382929","1383224","71","83040938"
"chr10","84743057","84743349","KN294949v1","547798","548089","78","84195259"
"chr10","84864222","84864376","KN297171v1","1235221","1235375","31","83629001"
"chr10","85069749","85069895","KN295893v1","954528","954662","53","84115221"
"chr10","86445528","86445808","KN294260v1","1359230","1359515","60","85086298"
"chr10","86474676","86474741","KN296726v1","192553","192622","19","86282123"
"chr10","86506493","86506798","KN297133v1","425281","425572","72","86081212"
"chr10","86531588","86531715","KN297453v1","84448","84582","22","86447140"
"chr10","86533725","86533856","KN297133v1","268061","268193","25","86265664"
"chr10","86678650","86678935","KN295830v1","84668","84944","69","86593982"
"chr10","86779604","86779901","KN294210v1","473112","473404","64","86306492"
"chr10","86783589","86783847","KN297046v1","2130311","2130564","69","84653278"
"chr10","86807392","86807682","KN295352v1","729753","730045","63","86077639"
"chr10","87045258","87045543","KN296926v1","93854","94122","78","86951404"
"chr10","87260719","87261025","KN295352v1","729753","730045","75","86530966"
"chr10","87476941","87477249","KN296322v1","1648835","1649139","75","85828106"
"chr10","87760152","87760183","KN295405v1","1673920","1673943","15","86086232"
"chr10","87760567","87760705","KN296435v1","403416","403537","48","87357151"
"chr10","87761762","87762043","KN296119v1","3185271","3185554","72","84576491"
"chr10","87836126","87836279","KN294739v1","903316","903465","38","86932810"
"chr10","87852580","87852745","KN294372v1","59449","59630","49","87793131"
"chr10","88286794","88287087","KN294452v1","1374937","1375240","65","86911857"
"chr10","88526481","88526779","KN296588v1","108337","108633","60","88418144"
"chr10","89157388","89157666","KN295428v1","224334","224605","62","88933054"
"chr10","89236992","89237292","KN295430v1","2009073","2009373","64","87227919"
"chr10","89517316","89517609","KN295633v1","778185","778486","68","88739131"
"chr10","90868233","90868511","KN296682v1","2490724","2491017","68","88377509"
"chr10","91235431","91235573","KN295962v1","2192148","2192289","35","89043283"
"chr10","91235942","91236108","KN296864v1","1181648","1181808","37","90054294"
"chr10","91920208","91920367","KN296926v1","1156893","1157056","38","90763315"
"chr10","91920670","91920808","KN294218v1","2756614","2756751","27","89164056"
"chr10","91941994","91942295","KN294210v1","473112","473404","68","91468882"
"chr10","92017504","92017810","KN295984v1","1080209","1080517","70","90937295"
"chr10","92073479","92073751","KN294987v1","7169","7439","75","92066310"
"chr10","92206435","92206592","KN295633v1","759755","759918","52","91446680"
"chr10","92224587","92224858","KN297197v1","1048614","1048879","63","91175973"
"chr10","92229034","92229333","KN296682v1","2637733","2638023","65","89591301"
"chr10","92298918","92299121","KN294287v1","645666","645855","59","91653252"
"chr10","92320072","92320356","KN296948v1","762193","762479","59","91557879"
"chr10","92436737","92436866","KN295090v1","903125","903258","22","91533612"
"chr10","92447361","92447657","KN294457v1","210304","210595","59","92237057"
"chr10","92521574","92521692","KN296101v1","38623","38748","26","92482951"
"chr10","92660608","92660739","KN295533v1","2843283","2843406","29","89817325"
"chr10","92661036","92661099","KN295996v1","133273","133341","19","92527763"
"chr10","92743412","92743658","KN294443v1","13285","13540","71","92730127"
"chr10","92766825","92767090","KN296970v1","541304","541582","70","92225521"
"chr10","92787108","92787241","KN296138v1","11819","11953","23","92775289"
"chr10","92803290","92803361","KN296486v1","1704452","1704529","26","91098838"
"chr10","92803660","92803786","KN295983v1","1667998","1668121","26","91135662"
"chr10","92869326","92869604","KN296108v1","992045","992327","64","91877281"
"chr10","92918413","92918723","KN297180v1","314236","314539","65","92604177"
"chr10","92925648","92925920","KN297046v1","2130311","2130564","73","90795337"
"chr10","92926552","92926832","KN296153v1","1008915","1009196","64","91917637"
"chr10","93363384","93363669","KN294479v1","170060","170337","28","93193324"
"chr10","93689078","93689258","KN296588v1","899416","899601","41","92789662"
"chr10","93924142","93924426","KN296303v1","855580","855883","41","93068562"
"chr10","93989689","93989930","KN296303v1","798953","799193","15","93190736"
"chr10","94087441","94087742","KN294207v1","595798","596096","69","93491643"
"chr10","94230621","94230909","KN297171v1","2449987","2450273","59","91780634"
"chr10","94258128","94258264","KN296303v1","511797","511932","12","93746331"
"chr10","94290013","94290314","KN295929v1","240001","240300","77","94050012"
"chr10","94411443","94411575","KN296303v1","367590","367721","10","94043853"
"chr10","94478000","94478274","KN296303v1","295769","296038","26","94182231"
"chr10","94501883","94502032","KN297327v1","920937","921085","32","93580946"
"chr10","94542227","94542531","KN295633v1","9404","9689","66","94532823"
"chr10","95248249","95248547","KN296040v1","204272","204551","40","95043977"
"chr10","95552936","95553230","KN294419v1","64733","65033","65","95488203"
"chr10","95566879","95567026","KN296040v1","528452","528594","18","95038427"
"chr10","95567325","95567495","KN296247v1","751980","752150","42","94815345"
"chr10","95599119","95599415","KN294539v1","1347688","1347986","69","94251431"
"chr10","95641536","95641651","KN296040v1","608419","608540","17","95033117"
"chr10","95663187","95663315","KN294457v1","130203","130331","23","95532984"
"chr10","95700402","95700722","KN296040v1","664450","664755","38","95035952"
"chr10","95766884","95767093","KN296743v1","1848381","1848599","40","93918503"
"chr10","95899547","95899846","KN295984v1","150673","150962","69","95748874"
"chr10","96067504","96067815","KN296825v1","1359724","1360035","72","94707780"
"chr10","96076180","96076466","KN294260v1","1091595","1091881","78","94984585"
"chr10","96175956","96176227","KN295352v1","729753","730045","73","95446203"
"chr10","96458813","96458947","KN295706v1","131306","131439","18","96327507"
"chr10","96552171","96552424","KN296731v1","1403282","1403549","60","95148889"
"chr10","96737947","96738208","KN295319v1","765091","765341","82","95972856"
"chr10","96792195","96792508","KN295352v1","1382929","1383224","78","95409266"
"chr10","96810859","96811143","KN294619v1","1593520","1593816","66","95217339"
"chr10","96843126","96843417","KN294539v1","1096217","1096495","71","95746909"
"chr10","96890103","96890385","KN296311v1","2391994","2392268","78","94498109"
"chr10","96895821","96896104","KN295205v1","656212","656501","59","96239609"
"chr10","97044121","97044428","KN295933v1","40027","40319","67","97004094"
"chr10","97070820","97071071","KN295441v1","1486178","1486397","66","95584642"
"chr10","97076986","97077279","KN294520v1","992368","992662","69","96084618"
"chr10","97238209","97238517","KN294873v1","1303218","1303511","76","95934991"
"chr10","97294434","97294596","KN296754v1","59195","59361","38","97235239"
"chr10","97375134","97375403","KN294345v1","1219271","1219535","78","96155863"
"chr10","97394409","97394689","KN296594v1","1062445","1062721","65","96331964"
"chr10","97404467","97404748","KN297028v1","97110","97396","60","97307357"
"chr10","97493016","97493310","KN296371v1","158213","158508","63","97334803"
"chr10","97535658","97535936","KN295302v1","381457","381740","70","97154201"
"chr10","97538210","97538350","KN294172v1","4450120","4450251","27","93088090"
"chr10","97625770","97626059","KN295744v1","408789","409077","65","97216981"
"chr10","97785378","97785674","KN296964v1","1814390","1814681","66","95970988"
"chr10","97809535","97809833","KN296303v1","805215","805501","76","97004320"
"chr10","98132345","98132633","KN296833v1","198739","199022","74","97933606"
"chr10","98187728","98188043","KN295984v1","2871019","2871332","71","95316709"
"chr10","98550290","98550472","KN297158v1","804748","804922","46","97745542"
"chr10","98550774","98550908","KN294172v1","6272486","6272617","20","92278288"
"chr10","98648498","98648749","KN296948v1","999703","999965","65","97648795"
"chr10","98679694","98679974","KN295594v1","198806","199091","72","98480888"
"chr10","98686408","98686684","KN295596v1","2566260","2566526","68","96120148"
"chr10","98838507","98838731","KN295907v1","534057","534274","56","98304450"
"chr10","98862769","98863063","KN296244v1","327623","327911","68","98535146"
"chr10","98891467","98891753","KN296948v1","762193","762479","67","98129274"
"chr10","99114970","99115155","KN296109v1","564239","564419","52","98550731"
"chr10","99115454","99115594","KN296210v1","326465","326608","30","98788989"
"chr10","99160934","99161233","KN296682v1","2637733","2638023","71","96523201"
"chr10","99382481","99382776","KN294210v1","473112","473404","54","98909369"
"chr10","99664267","99664424","KN295114v1","20274","20431","32","99643993"
"chr10","99703714","99704024","KN294439v1","130265","130569","66","99573449"
"chr10","99730779","99731072","KN295984v1","150673","150962","78","99580106"
"chr10","99786185","99786292","KN294548v1","68268","68384","35","99717917"
"chr10","100031370","100031501","KN295706v1","131306","131439","15","99900064"
"chr10","100068542","100068838","KN296955v1","407710","408015","76","99660832"
"chr10","100091930","100092062","KN294172v1","6272486","6272617","28","93819444"
"chr10","100107430","100107732","KN294548v1","1203959","1204261","64","98903471"
"chr10","100137032","100137319","KN295832v1","1088844","1089120","71","99048188"
"chr10","100216422","100216672","KN296311v1","2581889","2582135","67","97634533"
"chr10","100278824","100279122","KN297190v1","4113908","4114190","73","96164916"
"chr10","100343777","100343940","KN296701v1","462609","462775","28","99881168"
"chr10","100360448","100360552","KN296732v1","3486949","3487060","33","96873499"
"chr10","100380511","100380823","KN296849v1","694658","694962","67","99685853"
"chr10","100398465","100398596","KN296588v1","231105","231237","22","100167360"
"chr10","100402291","100402579","KN297227v1","1049335","1049619","60","99352956"
"chr10","100439336","100439469","KN295294v1","3806061","3806194","27","96633275"
"chr10","100446116","100446212","KN295301v1","1589895","1589989","20","98856221"
"chr10","100522226","100522511","KN296311v1","3820031","3820325","69","96702195"
"chr10","100537046","100537175","KN295441v1","789788","789916","22","99747258"
"chr10","100558320","100558443","KN294172v1","3568097","3568221","27","96990223"
"chr10","100692438","100692750","KN296322v1","1648835","1649139","74","99043603"
"chr10","100888264","100888565","KN296759v1","210528","210836","68","100677736"
"chr10","100955486","100955625","KN295441v1","1229847","1229983","35","99725639"
"chr10","100955924","100956076","KN294470v1","2691196","2691354","38","98264728"
"chr10","100956643","100956939","KN294207v1","595798","596096","53","100360845"
"chr10","101024242","101024531","KN296502v1","1280490","1280768","66","99743752"
"chr10","101046176","101046491","KN295406v1","486578","486886","71","100559598"
"chr10","101100868","101101136","KN297019v1","717404","717664","76","100383464"
"chr10","101214366","101214430","KN296864v1","203949","204018","24","101010417"
"chr10","101407077","101407366","KN295352v1","729753","730045","73","100677324"
"chr10","101454498","101454789","KN294451v1","1225241","1225529","58","100229257"
"chr10","101496411","101496556","KN296187v1","1018477","1018630","37","100477934"
"chr10","101549153","101549439","KN296078v1","1273538","1273831","65","100275615"
"chr10","101820409","101820469","KN295596v1","1272023","1272083","14","100548386"
"chr10","101820772","101820808","KN297019v1","1003712","1003746","9","100817060"
"chr10","101883133","101883433","KN295352v1","1382929","1383224","63","100500204"
"chr10","101900700","101900993","KN294281v1","929444","929742","63","100971256"
"chr10","101985432","101985723","KN296001v1","79566","79857","62","101905866"
"chr10","102021385","102021549","KN294991v1","973655","973815","26","101047730"
"chr10","102021846","102021989","KN295708v1","2431812","2431953","31","99590034"
"chr10","102064829","102064961","KN295315v1","1128345","1128477","18","100936484"
"chr10","102130772","102130910","KN295906v1","88165","88296","37","102042607"
"chr10","102131213","102131406","KN296620v1","826280","826449","56","101304933"
"chr10","102154851","102155022","KN297442v1","1889157","1889330","42","100265694"
"chr10","102222180","102222306","KN295294v1","3806061","3806194","18","98416119"
"chr10","102329827","102330157","KN297180v1","314236","314539","76","102015591"
"chr10","102576709","102577000","KN294294v1","145451","145740","65","102431258"
"chr10","102761861","102762152","KN295984v1","150673","150962","69","102611188"
"chr10","102784728","102784860","KN295526v1","145592","145725","19","102639136"
"chr10","102876259","102876576","KN294416v1","605214","605509","101","102271045"
"chr10","102904974","102905059","KN294591v1","157234","157317","16","102747740"
"chr10","102932216","102932348","KN295090v1","610678","610810","25","102321538"
"chr10","103057186","103057480","KN296964v1","1814390","1814681","73","101242796"
"chr10","103117364","103117666","KN294207v1","595798","596096","72","102521566"
"chr10","103159443","103159679","KN296507v1","415379","415594","64","102744064"
"chr10","103166643","103166952","KN294964v1","1274971","1275281","70","101891672"
"chr10","103169699","103169844","KN297154v1","582564","582702","31","102587135"
"chr10","103170135","103170309","KN294711v1","1194000","1194162","43","101976135"
"chr10","103177535","103177742","KN296743v1","1848381","1848599","52","101329154"
"chr10","103222233","103222282","KN297195v1","491600","491645","10","102730633"
"chr10","103230842","103231129","KN296119v1","3976064","3976350","75","99254778"
"chr10","103237283","103237572","KN295205v1","1077585","1077883","72","102159698"
"chr10","103439055","103439347","KN297227v1","1049335","1049619","65","102389720"
"chr10","103465726","103466038","KN295633v1","778185","778486","66","102687541"
"chr10","103546009","103546166","KN295114v1","20274","20431","34","103525735"
"chr10","103710793","103711055","KN295090v1","357659","357923","62","103353134"
"chr10","103930928","103931235","KN296322v1","1648835","1649139","68","102282093"
"chr10","104019270","104019571","KN295667v1","1567361","1567664","67","102451909"
"chr10","104087993","104088203","KN297095v1","2669325","2669548","56","101418668"
"chr10","104346348","104346567","KN296743v1","1848381","1848599","43","102497967"
"chr10","104595466","104595757","KN296495v1","1076274","1076557","56","103519192"
"chr10","104623783","104624086","KN297058v1","194613","194917","69","104429170"
"chr10","104691735","104691952","KN295572v1","371863","372076","52","104319872"
"chr10","105273722","105274038","KN294251v1","1366870","1367179","65","103906852"
"chr10","105531205","105531483","KN296119v1","1984680","1984963","70","103546525"
"chr10","105623334","105623603","KN297046v1","3526635","3526886","63","102096699"
"chr10","105703214","105703483","KN295803v1","193723","193991","15","105509491"
"chr10","105753650","105753809","KN294548v1","490123","490280","38","105263527"
"chr10","107218902","107219200","KN295117v1","112788","113084","64","107106114"
"chr10","108129412","108129745","KN294949v1","1551468","1551789","93","106577944"
"chr10","108190399","108190706","KN297320v1","2027548","2027856","77","106162851"
"chr10","108610449","108610613","KN295005v1","263752","263899","52","108346697"
"chr10","109748197","109748392","KN297026v1","1683472","1683666","40","108064725"
"chr10","110237791","110237941","KN295005v1","263752","263899","34","109974039"
"chr10","110282847","110282976","KN296547v1","457528","457658","10","109825319"
"chr10","110332982","110333281","KN295430v1","2009073","2009373","66","108323909"
"chr10","110387498","110387662","KN294991v1","973655","973815","37","109413843"
"chr10","110457353","110457432","KN294407v1","169358","169428","19","110287995"
"chr10","110595956","110596242","KN297180v1","314236","314539","70","110281720"
"chr10","110769725","110770019","KN295352v1","729753","730045","59","110039972"
"chr10","110884826","110885095","KN294269v1","649633","649901","63","110235193"
"chr10","111473189","111473506","KN296322v1","1648835","1649139","72","109824354"
"chr10","112080884","112081139","KN296528v1","1233161","1233398","86","110847723"
"chr10","112454352","112454617","KN294650v1","596463","596718","66","111857889"
"chr10","112599580","112599878","KN295988v1","612950","613223","45","111986630"
"chr10","112612405","112612723","KN295988v1","625047","625368","27","111987358"
"chr10","112624815","112625112","KN295352v1","729753","730045","57","111895062"
"chr10","112889235","112889518","KN295988v1","904402","904685","26","111984833"
"chr10","112924781","112925086","KN294470v1","1153982","1154281","67","111770799"
"chr10","112973890","112973940","KN295988v1","992862","992913","4","111981028"
"chr10","113008932","113009151","KN296507v1","415379","415594","61","112593553"
"chr10","113352917","113353192","KN295832v1","1088844","1089120","72","112264073"
"chr10","113544495","113544794","KN295988v1","1587199","1587494","17","111957296"
"chr10","113556433","113556747","KN295294v1","1252231","1252546","76","112304202"
"chr10","113777844","113778005","KN294407v1","109423","109582","35","113668421"
"chr10","113915621","113915929","KN296119v1","351634","351939","69","113563987"
"chr10","114140901","114141192","KN294235v1","447510","447794","63","113693391"
"chr10","114152070","114152352","KN296507v1","738522","738814","69","113413548"
"chr10","114171264","114171566","KN294520v1","992368","992662","77","113178896"
"chr10","114580222","114580512","KN295984v1","150673","150962","64","114429549"
"chr10","114659230","114659523","KN295474v1","842239","842543","46","113816991"
"chr10","114693637","114693962","KN297452v1","409666","409984","73","114283971"
"chr10","114850424","114850715","KN296964v1","1814390","1814681","68","113036034"
"chr10","115376287","115376482","KN296119v1","5280949","5281131","50","110095338"
"chr10","115376486","115376648","KN294842v1","652653","652804","41","114723833"
"chr10","115675101","115675389","KN297046v1","1666770","1667044","79","114008331"
"chr10","116448565","116448690","KN296682v1","4980731","4980854","22","111467834"
"chr10","116449037","116449223","KN297320v1","32939","33116","49","116416098"
"chr10","116780983","116781312","KN295984v1","2286186","2286477","93","114494797"
"chr10","116988538","116988839","KN295633v1","778185","778486","75","116210353"
"chr10","117059929","117060245","KN294389v1","28183","28488","70","117031746"
"chr10","117087844","117088015","KN297046v1","3130222","3130381","49","113957622"
"chr10","117913911","117914081","KN294457v1","946089","946274","55","116967822"
"chr10","118528193","118528484","KN295820v1","861822","862098","87","117666371"
"chr10","118679054","118679203","KN296247v1","959095","959240","40","117719959"
"chr10","118679819","118679940","KN294199v1","86678","86798","28","118593141"
"chr10","119072090","119072202","KN297143v1","117310","117417","25","118954780"
"chr10","119092898","119093060","KN295967v1","534752","534906","32","118558146"
"chr10","119095388","119095556","KN296864v1","3353170","3353334","42","115742218"
"chr10","119098695","119098980","KN294396v1","224755","225042","70","118873940"
"chr10","119113171","119113496","KN295405v1","315125","315439","75","118798046"
"chr10","119158701","119158995","KN295352v1","729753","730045","65","118428948"
"chr10","119284340","119284436","KN295205v1","1220279","1220379","32","118064061"
"chr10","119530408","119530542","KN296242v1","811382","811518","21","118719026"
"chr10","119633552","119633861","KN296322v1","1648835","1649139","67","117984717"
"chr10","119734506","119734628","KN294457v1","1164538","1164662","25","118569968"
"chr10","119777052","119777194","KN296244v1","253466","253602","32","119523586"
"chr10","119909615","119909900","KN295352v1","729753","730045","63","119179862"
"chr10","119926880","119927197","KN296322v1","1648835","1649139","82","118278045"
"chr10","119929817","119929948","KN294583v1","189119","189254","25","119740698"
"chr10","119953866","119954138","KN296508v1","1971553","1971828","68","117982313"
"chr10","120213297","120213557","KN295205v1","848688","848949","47","119364609"
"chr10","121588642","121588936","KN294434v1","662361","662634","91","120926281"
"chr10","121739128","121739368","KN296365v1","101745","101991","60","121637383"
"chr10","121887428","121887734","KN296378v1","480415","480726","72","121407013"
"chr10","121909766","121910058","KN294207v1","595798","596096","62","121313968"
"chr10","121923189","121923453","KN294536v1","1638405","1638659","68","120284784"
"chr10","121993039","121993162","KN296322v1","997745","997870","25","120995294"
"chr10","122094278","122094581","KN294790v1","39256","39560","27","122055022"
"chr10","122186346","122186492","KN296829v1","851332","851478","34","121335014"
"chr10","122204554","122204841","KN294790v1","149446","149755","43","122055108"
"chr10","122545391","122545656","KN294790v1","483712","483988","36","122061679"
"chr10","122978751","122978896","KN295936v1","2297006","2297160","39","120681745"
"chr10","123011857","123012149","KN294790v1","911102","911378","34","122100755"
"chr10","123028383","123028688","KN297066v1","48943","49249","65","122979440"
"chr10","123213977","123214215","KN294991v1","925370","925604","56","122288607"
"chr10","123898308","123898654","KN297046v1","484119","484442","102","123414189"
"chr10","123956546","123956841","KN294790v1","1862467","1862771","21","122094079"
"chr10","124366373","124366390","KN296569v1","4665","4683","4","124361708"
"chr10","124366419","124366561","KN294790v1","2275744","2275904","21","122090675"
"chr10","124436642","124436726","KN297092v1","3480","3567","25","124433162"
"chr10","124462313","124462602","KN296964v1","1814390","1814681","60","122647923"
"chr10","124582096","124582383","KN297028v1","97110","97396","62","124484986"
"chr10","124662538","124662821","KN296948v1","762193","762479","63","123900345"
"chr10","124810246","124810536","KN297112v1","2231098","2231393","63","122579148"
"chr10","124823936","124824201","KN295722v1","1369561","1369836","60","123454375"
"chr10","124845626","124845758","KN294964v1","965459","965591","20","123880167"
"chr10","124972777","124972998","KN295803v1","1216071","1216287","54","123756706"
"chr10","125240845","125241159","KN295032v1","376797","377098","61","124864048"
"chr10","125653713","125653991","KN296926v1","1001410","1001687","74","124652303"
"chr10","125776845","125776988","KN294790v1","3675263","3675407","11","122101582"
"chr10","125818201","125818491","KN294790v1","3717537","3717850","47","122100664"
"chr10","125827705","125827992","KN294592v1","450560","450839","73","125377145"
"chr10","125849970","125850277","KN294790v1","3747740","3748048","35","122102230"
"chr10","125856664","125856954","KN294790v1","3754436","3754749","40","122102228"
"chr10","126809701","126809993","KN294790v1","4710268","4710552","26","122099433"
"chr10","126821719","126821820","KN294790v1","4722040","4722139","10","122099679"
"chr10","127287207","127287488","KN295077v1","346527","346802","62","126940680"
"chr10","127295544","127295699","KN294739v1","903316","903465","44","126392228"
"chr10","128015262","128015370","KN294499v1","518311","518429","28","127496951"
"chr10","128015661","128015828","KN294713v1","833964","834126","55","127181697"
"chr10","128782541","128782618","KN294790v1","6724105","6724182","6","122058436"
"chr10","129496857","129496992","KN294964v1","965459","965591","22","128531398"
"chr10","130048710","130049003","KN295930v1","707632","707929","67","129341078"
"chr10","130097271","130097402","KN295112v1","531236","531368","23","129566035"
"chr10","131059076","131059378","KN296864v1","1939832","1940132","75","129119244"
"chr10","131225950","131226239","KN295171v1","12625","12912","62","131213325"
"chr10","131393771","131393910","KN295601v1","2833105","2833244","32","128560666"
"chr10","131923756","131923989","KN294897v1","547503","547739","18","131376253"
"chr10","132003094","132003332","KN294747v1","867897","868151","72","131135197"
"chr10","132584729","132584979","KN295267v1","81052","81310","76","132503677"
"chr10","133629678","133629981","KN295923v1","744628","744928","73","132885050"
"chr11","101056358","101056660","KN297184v1","1114866","1115167","78","99941492"
"chr11","142128","142222","KN294570v1","273775","273869","5","131647"
"chr11","152714","152833","KN295441v1","789788","789916","28","637074"
"chr11","221140","221410","KN296731v1","1028220","1028490","61","807080"
"chr11","231157","231440","KN296303v1","805215","805501","59","574058"
"chr11","465193","465470","KN295099v1","55159","55457","62","410034"
"chr11","813100","813373","KN294493v1","1639497","1639778","73","826397"
"chr11","965842","966144","KN296315v1","1023330","1023621","75","57488"
"chr11","1038180","1038313","KN296643v1","191078","191208","23","847102"
"chr11","1061273","1061426","KN296921v1","435698","435849","30","625575"
"chr11","2608475","2608788","KN296176v1","500815","501093","93","2107660"
"chr11","2975172","2975326","KN294470v1","78054","78217","37","2897118"
"chr11","2987315","2987446","KN294172v1","787807","787929","28","2199508"
"chr11","3033947","3034081","KN296138v1","299724","299858","24","2734223"
"chr11","3533510","3533806","KN295548v1","771319","771627","66","2762191"
"chr11","3550686","3550818","KN295526v1","475989","476122","22","3074697"
"chr11","3697130","3697260","KN296311v1","6471968","6472102","22","2774838"
"chr11","3704725","3705020","KN294520v1","992368","992662","73","2712357"
"chr11","3715591","3715902","KN296577v1","367163","367438","97","3348428"
"chr11","3872952","3873133","KN296119v1","5696026","5696207","11","1823074"
"chr11","3873445","3873566","KN296119v1","5696520","5696644","12","1823075"
"chr11","3911418","3911677","KN296588v1","1946271","1946543","71","1965147"
"chr11","3950627","3950927","KN295406v1","486578","486886","61","3464049"
"chr11","3979464","3979734","KN295428v1","224334","224605","62","3755130"
"chr11","4019392","4019643","KN294842v1","868249","868492","67","3151143"
"chr11","4096041","4096308","KN296119v1","5896334","5896605","17","1800293"
"chr11","4106317","4106455","KN296119v1","5907011","5907149","7","1800694"
"chr11","4236299","4236487","KN296322v1","2692448","2692636","43","1543851"
"chr11","4281718","4281906","KN296322v1","2692448","2692636","42","1589270"
"chr11","4336046","4336234","KN296322v1","2692448","2692636","42","1643598"
"chr11","4726725","4727042","KN296119v1","6442692","6443009","18","1715967"
"chr11","5384142","5384327","KN297190v1","6253297","6253465","61","869155"
"chr11","6133978","6134251","KN296871v1","10096","10361","66","6123882"
"chr11","6315116","6315417","KN295984v1","2286186","2286477","61","4028930"
"chr11","6551958","6552096","KN296588v1","2140161","2140293","30","4411797"
"chr11","6555999","6556274","KN294493v1","1639497","1639778","75","4916502"
"chr11","6636207","6636509","KN296322v1","1648835","1649139","64","4987372"
"chr11","6939954","6940248","KN295368v1","1939103","1939400","72","5000851"
"chr11","7068666","7068951","KN294172v1","1404856","1405150","76","5663810"
"chr11","7134071","7134353","KN296948v1","762193","762479","50","6371878"
"chr11","7372322","7372529","KN296508v1","1675720","1675934","59","5696602"
"chr11","7469469","7469785","KN295753v1","26465","26763","88","7443004"
"chr11","7992296","7992593","KN294984v1","94202","94491","67","7898094"
"chr11","8164495","8164807","KN296306v1","2458139","2458449","65","5706356"
"chr11","8227838","8227968","KN296311v1","4657589","4657718","23","3570249"
"chr11","8536797","8536972","KN294711v1","1194000","1194162","44","7342797"
"chr11","8537279","8537389","KN296495v1","2297715","2297827","26","6239564"
"chr11","8880609","8880719","KN295977v1","1181733","1181839","38","7698876"
"chr11","8897782","8898061","KN295257v1","1053950","1054233","82","7843832"
"chr11","8928563","8928800","KN294874v1","119164","119388","59","8809399"
"chr11","8939966","8940262","KN296502v1","1354687","1354995","78","7585279"
"chr11","8956714","8957019","KN297180v1","314236","314539","65","8642478"
"chr11","9098098","9098241","KN295708v1","2431812","2431953","27","6666286"
"chr11","9098547","9098711","KN296453v1","1168589","1168749","36","7929958"
"chr11","9102246","9102537","KN294457v1","210304","210595","60","8891942"
"chr11","9171583","9171876","KN295923v1","1392828","1393125","73","7778755"
"chr11","9174538","9174722","KN296119v1","5280949","5281131","54","3893589"
"chr11","9375389","9375689","KN294207v1","595798","596096","68","8779591"
"chr11","9383355","9383399","KN295717v1","8217","8252","17","9375138"
"chr11","9434520","9434814","KN296538v1","333498","333794","88","9101022"
"chr11","9475273","9475580","KN295394v1","896534","896828","84","8578739"
"chr11","9489899","9490205","KN295667v1","1567361","1567664","66","7922538"
"chr11","9514027","9514187","KN294842v1","123455","123618","43","9390572"
"chr11","9547776","9548065","KN295984v1","150673","150962","59","9397103"
"chr11","9599563","9599848","KN295735v1","662767","663052","52","8936796"
"chr11","9612045","9612339","KN294260v1","822843","823138","73","8789202"
"chr11","9647139","9647431","KN297180v1","314236","314539","66","9332903"
"chr11","9658411","9658699","KN294420v1","816046","816329","61","8842365"
"chr11","9674419","9674680","KN295523v1","3469042","3469297","63","6205377"
"chr11","9697785","9698085","KN297112v1","2231098","2231393","72","7466687"
"chr11","9699573","9699823","KN296635v1","3472909","3473149","55","6226664"
"chr11","9721458","9721766","KN296825v1","1359724","1360035","69","8361734"
"chr11","9854586","9854891","KN295430v1","2009073","2009373","75","7845513"
"chr11","9916586","9916883","KN295548v1","624737","625039","71","9291849"
"chr11","10186256","10186557","KN296864v1","1939832","1940132","68","8246424"
"chr11","10246793","10247087","KN295667v1","2331552","2331850","76","7915241"
"chr11","10260303","10260434","KN294420v1","702665","702798","21","9557638"
"chr11","10260721","10260895","KN296247v1","751980","752150","43","9508741"
"chr11","10312901","10313169","KN296508v1","1973232","1973505","54","8339669"
"chr11","10360615","10360757","KN296495v1","1296063","1296199","29","9064552"
"chr11","10568020","10568148","KN294457v1","130203","130331","25","10437817"
"chr11","10636225","10636476","KN297095v1","2475476","2475727","64","8160749"
"chr11","10780304","10780579","KN297008v1","6549351","6549627","59","4230953"
"chr11","10820698","10821001","KN295929v1","240001","240300","73","10580697"
"chr11","10825558","10825729","KN295722v1","1530489","1530661","45","9295069"
"chr11","10848627","10848903","KN294260v1","1359230","1359515","68","9489397"
"chr11","10869596","10869861","KN294592v1","450560","450839","78","10419036"
"chr11","10935567","10935852","KN294539v1","1692531","1692809","68","9243036"
"chr11","10955439","10955590","KN295326v1","444837","444999","35","10510602"
"chr11","11077213","11077506","KN294848v1","932997","933294","71","10144216"
"chr11","12565447","12565736","KN295368v1","1939103","1939400","69","10626344"
"chr11","12661764","12662053","KN295068v1","49131","49419","16","12612633"
"chr11","12709513","12709828","KN296849v1","694658","694962","82","12014855"
"chr11","12834679","12834894","KN297154v1","451582","451782","65","12383097"
"chr11","13502394","13502460","KN295205v1","192453","192523","23","13309941"
"chr11","13650357","13650641","KN296921v1","785494","785770","71","12864863"
"chr11","13663304","13663474","KN295977v1","1297190","1297356","36","12366114"
"chr11","13683546","13683678","KN296311v1","4657589","4657718","22","9025957"
"chr11","13744264","13744552","KN294264v1","432867","433151","72","13311397"
"chr11","13806689","13806989","KN294984v1","94202","94491","83","13712487"
"chr11","14028201","14028504","KN296157v1","1138570","1138881","71","12889631"
"chr11","14297494","14297772","KN297197v1","1048614","1048879","69","13248880"
"chr11","14346873","14347170","KN294728v1","765090","765383","67","13581783"
"chr11","14393181","14393302","KN294199v1","969997","970115","26","13423184"
"chr11","14393349","14393508","KN295633v1","552946","553113","47","13840403"
"chr11","14403409","14403713","KN295923v1","1392828","1393125","63","13010581"
"chr11","14405954","14406229","KN296883v1","3290038","3290316","58","11115916"
"chr11","14428176","14428246","KN296225v1","333535","333600","22","14094641"
"chr11","14447712","14448021","KN294416v1","449308","449609","67","13998404"
"chr11","14516227","14516484","KN294539v1","1506592","1506858","69","13009635"
"chr11","14523279","14523570","KN294806v1","594997","595290","53","13928282"
"chr11","14712076","14712380","KN294410v1","221173","221470","64","14490903"
"chr11","14723474","14723778","KN297023v1","640512","640805","67","14082962"
"chr11","15109999","15110314","KN296371v1","158213","158508","81","14951786"
"chr11","15793708","15794013","KN297180v1","314236","314539","66","15479472"
"chr11","16105387","16105566","KN295405v1","328891","329050","54","15776496"
"chr11","16222265","16222513","KN295846v1","219637","219884","12","16002628"
"chr11","16561757","16562026","KN294849v1","140613","140890","28","16421144"
"chr11","16675220","16675450","KN297259v1","427903","428124","61","16247317"
"chr11","16694247","16694545","KN297058v1","194613","194917","66","16499634"
"chr11","16705343","16705641","KN294167v1","130805","131106","33","16574538"
"chr11","16796654","16796967","KN295573v1","1390691","1391001","66","15405963"
"chr11","16930303","16930465","KN294167v1","348277","348450","21","16582026"
"chr11","16954234","16954553","KN295633v1","909764","910066","72","16044470"
"chr11","17009626","17009927","KN294167v1","427334","427608","39","16582292"
"chr11","17179167","17179461","KN297236v1","52228","52520","63","17126939"
"chr11","17179634","17179907","KN294167v1","576935","577211","18","16602699"
"chr11","17183817","17184134","KN294167v1","580995","581308","25","16602822"
"chr11","17184653","17184943","KN295984v1","150673","150962","71","17033980"
"chr11","17249674","17249966","KN294513v1","372597","372888","69","16877077"
"chr11","17267333","17267701","KN296743v1","1658892","1659232","113","15608441"
"chr11","17336943","17337239","KN294172v1","1404856","1405150","60","15932087"
"chr11","17357726","17358002","KN296528v1","172612","172881","22","17185114"
"chr11","17885328","17885614","KN296528v1","699413","699703","17","17185915"
"chr11","17910267","17910553","KN296528v1","730356","730652","34","17179911"
"chr11","17968432","17968730","KN294571v1","2055636","2055896","86","15912796"
"chr11","18000166","18000482","KN296528v1","821177","821492","15","17178989"
"chr11","18260845","18261140","KN296528v1","1109404","1109696","19","17151441"
"chr11","18315976","18316322","KN296528v1","1175914","1176252","43","17140062"
"chr11","18384893","18385023","KN296528v1","1252022","1252159","20","17132871"
"chr11","18402310","18402597","KN296528v1","1269160","1269445","19","17133150"
"chr11","18417907","18418029","KN295671v1","287812","287940","38","18130095"
"chr11","18473420","18473698","KN296528v1","1354428","1354703","19","17118992"
"chr11","18520228","18520505","KN294539v1","1096217","1096495","63","17424011"
"chr11","18523856","18524091","KN296528v1","1411593","1411869","57","17112263"
"chr11","18555667","18555961","KN294806v1","594997","595290","66","17960670"
"chr11","18571723","18571952","KN296528v1","1463043","1463267","17","17108680"
"chr11","18651725","18652019","KN296528v1","1558099","1558391","15","17093626"
"chr11","18736156","18736286","KN296528v1","1637902","1638033","9","17098254"
"chr11","19964493","19964800","KN294619v1","928744","929049","22","19035749"
"chr11","20270220","20270521","KN294619v1","1241457","1241751","34","19028763"
"chr11","20423779","20423902","KN294619v1","1400034","1400133","32","19023745"
"chr11","20612523","20612819","KN294619v1","1593520","1593816","14","19019003"
"chr11","20948057","20948352","KN296303v1","805215","805501","61","20142842"
"chr11","20997710","20997994","KN295302v1","381457","381740","72","20616253"
"chr11","21085354","21085653","KN295005v1","411098","411388","28","20674256"
"chr11","21127324","21127569","KN295814v1","1510713","1510950","76","19616611"
"chr11","21302774","21303054","KN295005v1","623333","623606","45","20679441"
"chr11","21591384","21591525","KN295601v1","2833105","2833244","38","18758279"
"chr11","21821098","21821395","KN295394v1","896534","896828","73","20924564"
"chr11","21962629","21962927","KN296482v1","555339","555640","25","21407290"
"chr11","22101749","22101899","KN294569v1","180105","180259","34","21921644"
"chr11","22920497","22920645","KN295601v1","2833105","2833244","36","20087392"
"chr11","22967889","22968149","KN297028v1","105526","105779","74","22862363"
"chr11","23327638","23327930","KN295356v1","578208","578494","76","22749430"
"chr11","23614350","23614676","KN296161v1","738051","738355","52","22876299"
"chr11","23763222","23763519","KN296161v1","521699","522006","57","23241523"
"chr11","24132608","24132775","KN296161v1","161294","161468","22","23971314"
"chr11","24590965","24591116","KN296000v1","901795","901947","40","23689170"
"chr11","24619048","24619328","KN296682v1","3395587","3395869","68","21223461"
"chr11","24641023","24641214","KN296588v1","899416","899601","46","23741607"
"chr11","25097778","25098075","KN297184v1","1114866","1115167","75","23982912"
"chr11","25100999","25101297","KN294827v1","308694","308985","87","24792305"
"chr11","25386821","25387102","KN294619v1","928744","929049","79","24458077"
"chr11","25469710","25470014","KN297165v1","1000226","1000524","80","24469484"
"chr11","25668770","25669023","KN296948v1","999703","999965","71","24669067"
"chr11","25827284","25827568","KN296948v1","762193","762479","69","25065091"
"chr11","26127803","26128120","KN294964v1","1274971","1275281","74","24852832"
"chr11","27042351","27042641","KN295633v1","778185","778486","74","26264166"
"chr11","27174810","27175105","KN297046v1","1875391","1875685","60","25299419"
"chr11","27507926","27508197","KN297225v1","665237","665503","15","26842689"
"chr11","27973177","27973468","KN297398v1","103760","104057","62","27869417"
"chr11","28456008","28456289","KN296308v1","509786","510061","72","27946222"
"chr11","28621040","28621343","KN294596v1","84339","84630","26","28536701"
"chr11","29106415","29106714","KN295667v1","1567361","1567664","60","27539054"
"chr11","29439910","29440193","KN296508v1","1973232","1973505","68","27466678"
"chr11","29864639","29864939","KN297224v1","18685","18983","23","29845954"
"chr11","30092959","30093228","KN297105v1","2959195","2959449","61","27133764"
"chr11","30374220","30374488","KN295633v1","2306898","2307163","63","28067322"
"chr11","30382407","30382567","KN294470v1","2691196","2691354","43","27691211"
"chr11","30382593","30382711","KN294199v1","969997","970115","20","29412596"
"chr11","30400085","30400374","KN297112v1","2231098","2231393","68","28168987"
"chr11","30518999","30519290","KN294452v1","1374937","1375240","73","29144062"
"chr11","30709343","30709606","KN295294v1","2976195","2976447","66","27733148"
"chr11","31157098","31157373","KN297159v1","1843590","1843857","67","29313508"
"chr11","31342985","31343195","KN295533v1","2434686","2434882","49","28908299"
"chr11","31375032","31375178","KN296175v1","389661","389808","31","30985371"
"chr11","31405485","31405756","KN297046v1","1666770","1667044","79","29738715"
"chr11","31705839","31706059","KN295666v1","152100","152313","56","31553739"
"chr11","31748722","31748854","KN294172v1","6272486","6272617","20","25476236"
"chr11","31831659","31831936","KN295984v1","150673","150962","64","31680986"
"chr11","32222419","32222696","KN294210v1","473112","473404","68","31749307"
"chr11","32486226","32486518","KN295171v1","12625","12912","61","32473601"
"chr11","32489537","32489723","KN296119v1","5280949","5281131","43","27208588"
"chr11","32489749","32489847","KN295205v1","1220279","1220379","27","31269470"
"chr11","32516554","32516834","KN295099v1","55159","55457","75","32461395"
"chr11","32536570","32536860","KN296001v1","79566","79857","66","32457004"
"chr11","32568442","32568735","KN294578v1","639003","639297","65","31929439"
"chr11","32573591","32573746","KN297165v1","2667658","2667810","33","29905933"
"chr11","32619389","32619669","KN296157v1","1746450","1746732","57","30872939"
"chr11","32752811","32753111","KN294210v1","473112","473404","67","32279699"
"chr11","32815333","32815499","KN297319v1","373164","373327","32","32442169"
"chr11","32906105","32906140","KN296290v1","587719","587750","10","32318386"
"chr11","32906423","32906712","KN295705v1","2328610","2328895","69","30577813"
"chr11","32963690","32963966","KN294407v1","2416377","2416656","64","30547313"
"chr11","33062872","33063162","KN295633v1","9404","9689","69","33053468"
"chr11","33095206","33095362","KN295343v1","579461","579613","42","32515745"
"chr11","33103834","33104125","KN294399v1","171378","171682","72","32932456"
"chr11","33106128","33106435","KN297066v1","48943","49249","58","33057185"
"chr11","33126178","33126461","KN294523v1","15844","16136","77","33110334"
"chr11","33147020","33147312","KN296505v1","323963","324278","72","32823057"
"chr11","33165915","33166190","KN297008v1","6549351","6549627","63","26616564"
"chr11","33223294","33223600","KN297184v1","1114866","1115167","76","32108428"
"chr11","33289165","33289455","KN295744v1","408789","409077","68","32880376"
"chr11","33472127","33472420","KN296864v1","2779495","2779788","70","30692632"
"chr11","33522630","33522913","KN296502v1","1280490","1280768","60","32242140"
"chr11","33799777","33800068","KN295633v1","751096","751380","68","33048681"
"chr11","33909694","33909945","KN295294v1","2976195","2976447","58","30933499"
"chr11","34067493","34067798","KN296322v1","1648835","1649139","78","32418658"
"chr11","34118740","34118907","KN297319v1","373164","373327","35","33745576"
"chr11","34144153","34144286","KN295706v1","131306","131439","19","34012847"
"chr11","34230886","34231009","KN296322v1","997745","997870","20","33233141"
"chr11","34290560","34290693","KN297279v1","1209908","1210040","19","33080652"
"chr11","34862199","34862364","KN296864v1","3353170","3353334","34","31509029"
"chr11","35295038","35295332","KN294235v1","47425","47725","72","35247613"
"chr11","35649537","35649854","KN295102v1","38793","39103","65","35610744"
"chr11","35667378","35667652","KN294571v1","2055636","2055896","66","33611742"
"chr11","35922231","35922532","KN297046v1","1875391","1875685","77","34046840"
"chr11","36202939","36203267","KN296528v1","1109404","1109696","82","35093535"
"chr11","36395728","36396029","KN297327v1","807993","808286","69","35587735"
"chr11","37236256","37236517","KN296311v1","2300216","2300485","71","34936040"
"chr11","37309613","37309652","KN294302v1","676226","676263","11","36633387"
"chr11","37309699","37309965","KN295352v1","1019178","1019436","73","36290521"
"chr11","37851354","37851666","KN296244v1","296863","297159","79","37554491"
"chr11","38089242","38089353","KN294570v1","273775","273869","42","37815467"
"chr11","38090413","38090526","KN295871v1","930449","930551","36","37159964"
"chr11","38473480","38473625","KN296528v1","85855","86005","35","38387625"
"chr11","38820934","38821090","KN297278v1","348999","349150","37","38471935"
"chr11","38922190","38922497","KN295406v1","486578","486886","75","38435612"
"chr11","39067248","39067401","KN294346v1","260578","260726","33","38806670"
"chr11","39315706","39316006","KN296649v1","474335","474640","69","38841371"
"chr11","40138164","40138385","KN296885v1","3156248","3156459","50","36981916"
"chr11","40178990","40179302","KN295102v1","38793","39103","83","40140197"
"chr11","40207337","40207615","KN296865v1","1172192","1172469","69","39035145"
"chr11","40260880","40261187","KN295099v1","55159","55457","71","40205721"
"chr11","41159003","41159318","KN295217v1","833756","834078","26","40325247"
"chr11","41961897","41962164","KN296766v1","110882","111153","63","41851015"
"chr11","42641379","42641665","KN296864v1","3138537","3138822","78","39502842"
"chr11","43005823","43006130","KN297066v1","48943","49249","77","42956880"
"chr11","43341877","43342148","KN295497v1","444872","445157","73","42897005"
"chr11","43383885","43384161","KN297200v1","235109","235385","62","43148776"
"chr11","43386780","43387078","KN294510v1","144833","145126","81","43241947"
"chr11","43390025","43390332","KN296682v1","2490724","2491017","72","40899301"
"chr11","43478628","43478928","KN295576v1","164716","164996","80","43313912"
"chr11","43500427","43500708","KN296682v1","3030020","3030302","73","40470407"
"chr11","43542033","43542344","KN296322v1","1648835","1649139","61","41893198"
"chr11","43647279","43647571","KN297058v1","392670","392966","62","43254609"
"chr11","43722445","43722564","KN297259v1","2511433","2511542","27","41211012"
"chr11","43773253","43773538","KN296964v1","1814390","1814681","61","41958863"
"chr11","43823276","43823568","KN295346v1","1646114","1646406","54","42177162"
"chr11","43863070","43863353","KN295315v1","11474","11758","57","43851596"
"chr11","43948469","43948762","KN295368v1","1939103","1939400","66","42009366"
"chr11","43979146","43979361","KN295459v1","675303","675499","58","43303843"
"chr11","44214752","44215060","KN296142v1","147124","147422","78","44067628"
"chr11","44650523","44650840","KN296505v1","323963","324278","61","44326560"
"chr11","44667744","44667905","KN296732v1","268290","268454","31","44399454"
"chr11","44999393","44999689","KN294513v1","372597","372888","66","44626796"
"chr11","45137469","45137760","KN296732v1","730766","731060","18","44406703"
"chr11","45193084","45193237","KN297171v1","1235221","1235375","37","43957863"
"chr11","45337318","45337506","KN297320v1","32939","33116","45","45304379"
"chr11","45337543","45337666","KN296960v1","1028693","1028813","26","44308850"
"chr11","45444207","45444514","KN296484v1","918187","918501","70","44526020"
"chr11","45777742","45778034","KN296732v1","1369356","1369648","20","44408386"
"chr11","45824734","45824996","KN297046v1","3526635","3526886","59","42298099"
"chr11","45844314","45844638","KN296322v1","1648835","1649139","71","44195479"
"chr11","45868339","45868618","KN297312v1","542917","543170","68","45325422"
"chr11","45995945","45996209","KN296732v1","1586626","1586892","20","44409319"
"chr11","46059422","46059721","KN294452v1","1374937","1375240","68","44684485"
"chr11","46354195","46354495","KN296732v1","1954191","1954492","10","44400004"
"chr11","46424566","46424841","KN296303v1","295769","296038","76","46128797"
"chr11","46439002","46439299","KN296732v1","2039532","2039807","40","44399470"
"chr11","46468421","46468483","KN297420v1","5622","5674","27","46462799"
"chr11","46632881","46633026","KN296682v1","2541935","2542065","36","44090946"
"chr11","46633321","46633333","KN294526v1","385203","385213","7","46248118"
"chr11","46633647","46633817","KN296732v1","3522095","3522260","43","43111552"
"chr11","46688487","46688774","KN296732v1","2296362","2296649","26","44392125"
"chr11","46690885","46691116","KN294978v1","3775328","3775560","61","42915557"
"chr11","46794556","46794861","KN296322v1","1648835","1649139","61","45145721"
"chr11","46816791","46816824","KN296290v1","587719","587750","5","46229072"
"chr11","46817128","46817277","KN295326v1","444837","444999","34","46372291"
"chr11","46838357","46838478","KN297050v1","128023","128146","24","46710334"
"chr11","46855356","46855669","KN296732v1","2463497","2463809","15","44391859"
"chr11","47054336","47054598","KN296732v1","2656295","2656545","27","44398041"
"chr11","47199785","47199926","KN294848v1","1161040","1161175","29","46038745"
"chr11","47200239","47200272","KN296290v1","587719","587750","6","46612520"
"chr11","47288147","47288296","KN294873v1","1261221","1261370","32","46026926"
"chr11","47320504","47320641","KN296538v1","514898","515032","19","46805606"
"chr11","47444256","47444538","KN296864v1","403702","403982","62","47040554"
"chr11","47537905","47538212","KN296732v1","3168651","3168956","37","44369254"
"chr11","47556590","47556880","KN295708v1","735658","735943","72","46820932"
"chr11","47619606","47619656","KN295038v1","905631","905683","11","46713975"
"chr11","47664250","47664414","KN296732v1","3299905","3300084","21","44364345"
"chr11","47664711","47664857","KN296732v1","3303486","3303632","8","44361225"
"chr11","47664877","47665048","KN294571v1","2119940","2120110","36","45544937"
"chr11","47665347","47665495","KN294172v1","6435271","6435419","25","41230076"
"chr11","47672113","47672247","KN296732v1","3311835","3311972","12","44360278"
"chr11","47675200","47675374","KN297320v1","32939","33116","41","47642261"
"chr11","47726259","47726469","KN296732v1","3363129","3363326","26","44363130"
"chr11","47798557","47798829","KN297016v1","101503","101788","68","47697054"
"chr11","47824642","47824843","KN294561v1","67777","67970","58","47756865"
"chr11","47825136","47825268","KN296682v1","3822702","3822835","29","44002434"
"chr11","47845701","47845850","KN296732v1","3486473","3486630","18","44359228"
"chr11","47846170","47846276","KN296732v1","3486949","3487060","8","44359221"
"chr11","47850263","47850461","KN296732v1","3491349","3491579","45","44358914"
"chr11","47874988","47875199","KN296732v1","3519845","3520056","20","44355143"
"chr11","47878553","47878725","KN296732v1","3522095","3522260","11","44356458"
"chr11","48118102","48118375","KN296732v1","3759509","3759790","30","44358593"
"chr11","48145861","48146136","KN296732v1","3790365","3790636","18","44355496"
"chr11","48213075","48213367","KN295302v1","381457","381740","65","47831618"
"chr11","48994948","48995216","KN297386v1","1518927","1519195","69","47476021"
"chr11","49028240","49028521","KN295034v1","297340","297612","85","48730900"
"chr11","49115075","49115369","KN294873v1","1303218","1303511","64","47811857"
"chr11","49202407","49202642","KN296266v1","99554","99788","78","49102853"
"chr11","49343898","49344162","KN297133v1","328287","328569","74","49015611"
"chr11","49551452","49551740","KN295090v1","2374852","2375141","67","47176600"
"chr11","50010869","50011147","KN296864v1","2452974","2453250","69","47557895"
"chr11","50062335","50062485","KN294685v1","1360051","1360203","38","48702284"
"chr11","50091548","50091647","KN296316v1","253938","254035","12","49837610"
"chr11","50091961","50092018","KN294175v1","206644","206698","9","49885317"
"chr11","50202681","50202916","KN294569v1","167642","167877","61","50035039"
"chr11","50239162","50239316","KN294410v1","238630","238791","38","50000532"
"chr11","50239928","50240070","KN296365v1","597866","598002","29","49642062"
"chr11","50289552","50289598","KN294526v1","385526","385578","15","49904026"
"chr11","50289891","50290019","KN296580v1","375183","375306","30","49914708"
"chr11","55261574","55261842","KN297386v1","1518927","1519195","67","53742647"
"chr11","55775567","55775665","KN297349v1","428274","428357","32","55347293"
"chr11","55950181","55950521","KN296294v1","86095","86414","110","55864086"
"chr11","57272140","57272341","KN294205v1","1582745","1582943","46","55689395"
"chr11","57382087","57382231","KN294758v1","2391330","2391466","33","54990757"
"chr11","57534392","57534693","KN297184v1","1114866","1115167","63","56419526"
"chr11","57555581","57555868","KN295352v1","729753","730045","68","56825828"
"chr11","57604732","57605014","KN295349v1","6069","6347","75","57598663"
"chr11","57710080","57710371","KN297190v1","2683777","2684071","61","55026303"
"chr11","57814033","57814187","KN297320v1","677594","677746","27","57136439"
"chr11","57830961","57831207","KN294207v1","634204","634468","65","57196757"
"chr11","58160478","58160688","KN294809v1","1290122","1290317","55","56870356"
"chr11","58492981","58493140","KN297319v1","373164","373327","33","58119817"
"chr11","58730681","58730782","KN294619v1","1400034","1400133","31","57330647"
"chr11","59164479","59164639","KN296643v1","410184","410354","35","58754295"
"chr11","59257187","59257469","KN297245v1","2237012","2237311","76","57020175"
"chr11","59580686","59580818","KN295294v1","3806061","3806194","16","55774625"
"chr11","59620652","59620943","KN296322v1","1648835","1649139","80","57971817"
"chr11","60146132","60146393","KN295352v1","1019178","1019436","70","59126954"
"chr11","60610733","60610856","KN297050v1","128023","128146","26","60482710"
"chr11","60610947","60611132","KN295352v1","256766","256946","51","60354181"
"chr11","60991668","60991847","KN296682v1","2867973","2868160","46","58123695"
"chr11","60992179","60992323","KN295708v1","957826","957973","28","60034353"
"chr11","61032863","61033162","KN297066v1","48943","49249","63","60983920"
"chr11","61140929","61141054","KN295236v1","3047477","3047602","28","58093452"
"chr11","61274784","61275069","KN297219v1","1576359","1576655","74","59698425"
"chr11","61325199","61325358","KN294346v1","260578","260726","29","61064621"
"chr11","61378178","61378310","KN294457v1","130203","130331","26","61247975"
"chr11","61408895","61409192","KN294569v1","652042","652317","91","60756853"
"chr11","61412964","61413219","KN296145v1","736954","737187","67","60676010"
"chr11","61470617","61470746","KN295459v1","128391","128517","22","61342226"
"chr11","61881030","61881160","KN296093v1","103205","103337","22","61777825"
"chr11","62061101","62061402","KN297058v1","194613","194917","55","61866488"
"chr11","62073598","62073861","KN295441v1","878321","878588","72","61195277"
"chr11","62081082","62081366","KN296682v1","2256354","2256645","58","59824728"
"chr11","62353344","62353642","KN296315v1","1023330","1023621","71","61330014"
"chr11","62484095","62484411","KN294439v1","130265","130569","68","62353830"
"chr11","62631780","62631916","KN296311v1","6471968","6472102","19","56159812"
"chr11","62661666","62661788","KN297274v1","1606553","1606683","30","61055113"
"chr11","62764513","62764821","KN294452v1","1374937","1375240","67","61389576"
"chr11","62802445","62802736","KN295090v1","2374852","2375141","58","60427593"
"chr11","62816278","62816555","KN295633v1","1501780","1502052","75","61314498"
"chr11","62847820","62848042","KN295923v1","1986700","1986911","54","60861120"
"chr11","62952289","62952584","KN294456v1","104569","104867","21","62847720"
"chr11","62955559","62955621","KN296801v1","19076","19132","21","62936483"
"chr11","62970720","62970812","KN294161v1","775838","775928","29","62194882"
"chr11","63055786","63056083","KN296507v1","738522","738814","65","62317264"
"chr11","63057116","63057421","KN295406v1","486578","486886","72","62570538"
"chr11","63659345","63659614","KN296883v1","3290038","3290316","64","60369307"
"chr11","63732159","63732463","KN296649v1","28211","28505","73","63703948"
"chr11","63774832","63775127","KN294806v1","594997","595290","66","63179835"
"chr11","63782868","63783164","KN294345v1","1713106","1713396","72","62069762"
"chr11","63964702","63964993","KN295984v1","150673","150962","50","63814029"
"chr11","64066341","64066662","KN294235v1","47425","47725","81","64018916"
"chr11","64190749","64190905","KN297046v1","3130222","3130381","53","61060527"
"chr11","64191206","64191322","KN294456v1","1019215","1019322","18","63171991"
"chr11","64200418","64200525","KN294456v1","1028969","1029075","9","63171449"
"chr11","64215566","64215832","KN294540v1","274141","274402","73","63941425"
"chr11","64384856","64384996","KN295205v1","824407","824553","28","63560449"
"chr11","64847699","64847833","KN295605v1","687968","688102","11","64159731"
"chr11","64949041","64949342","KN295605v1","585522","585823","23","64363519"
"chr11","65025130","65025267","KN295034v1","243361","243503","27","64781769"
"chr11","65154139","65154269","KN294591v1","569932","570064","23","64584207"
"chr11","65180094","65180394","KN294260v1","822843","823138","62","64357251"
"chr11","65282847","65283146","KN297058v1","392670","392966","63","64890177"
"chr11","65384708","65384984","KN295605v1","178741","179028","27","65205967"
"chr11","65473555","65473735","KN295605v1","86993","87177","21","65386562"
"chr11","65474036","65474097","KN295605v1","86636","86697","3","65387400"
"chr11","65476815","65476929","KN295605v1","83359","83454","21","65393456"
"chr11","65701726","65701927","KN296062v1","2603423","2603625","12","63098303"
"chr11","65746097","65746309","KN296119v1","805789","806002","48","64940308"
"chr11","65760855","65761152","KN296062v1","2545207","2545495","23","63215648"
"chr11","65768014","65768337","KN296062v1","2538817","2539127","37","63229197"
"chr11","65772766","65773041","KN294879v1","385981","386259","58","65386785"
"chr11","65807409","65807684","KN297390v1","84191","84473","65","65723218"
"chr11","65837365","65837536","KN296754v1","59195","59361","38","65778170"
"chr11","65929985","65930096","KN295236v1","1140799","1140905","30","64789186"
"chr11","65930398","65930557","KN295708v1","957826","957973","38","64972572"
"chr11","65972513","65972808","KN295974v1","4023968","4024234","92","61948545"
"chr11","66004648","66004760","KN296062v1","2306264","2306374","10","63698384"
"chr11","66031718","66031949","KN296062v1","2277688","2277919","12","63754030"
"chr11","66064692","66064832","KN296200v1","299464","299591","33","65765228"
"chr11","66138085","66138375","KN295294v1","3123609","3123890","86","63014476"
"chr11","66154157","66154451","KN295430v1","2009073","2009373","60","64145084"
"chr11","66256126","66256349","KN296062v1","2277688","2277919","72","63978438"
"chr11","66256596","66256679","KN296314v1","464911","464993","19","65791685"
"chr11","66273968","66274135","KN296883v1","709793","709959","41","65564175"
"chr11","66306813","66306949","KN296138v1","11819","11953","32","66294994"
"chr11","66391137","66391450","KN295480v1","1274084","1274387","66","65117053"
"chr11","66415841","66416112","KN296315v1","1023330","1023621","73","65392511"
"chr11","66613288","66613440","KN296062v1","1704727","1704881","11","64908561"
"chr11","66613470","66613514","KN297019v1","1003712","1003746","21","65609758"
"chr11","66613803","66613945","KN296062v1","1704258","1704400","25","64909545"
"chr11","66629794","66630099","KN296062v1","1688226","1688516","49","64941568"
"chr11","66681137","66681417","KN295664v1","85905","86194","86","66595232"
"chr11","66741831","66742118","KN294873v1","1303218","1303511","62","65438613"
"chr11","66772268","66772482","KN296062v1","1532820","1533033","10","65239448"
"chr11","66793826","66794141","KN297046v1","3065440","3065749","66","63728386"
"chr11","66966992","66967128","KN296062v1","1350822","1350957","7","65616170"
"chr11","66979879","66980054","KN294911v1","4985405","4985572","39","61994474"
"chr11","67086134","67086436","KN295923v1","1392828","1393125","73","65693306"
"chr11","67109083","67109229","KN296062v1","1212950","1213084","22","65896133"
"chr11","67187913","67188194","KN294862v1","116430","116695","79","67071483"
"chr11","67228738","67229021","KN296062v1","1084630","1084924","32","66144108"
"chr11","67237427","67237441","KN295722v1","2808176","2808190","2","64429251"
"chr11","67237475","67237596","KN294199v1","969997","970115","32","66267478"
"chr11","67400153","67400256","KN295871v1","930449","930551","31","66469704"
"chr11","67427703","67427859","KN296000v1","901795","901947","32","66525908"
"chr11","67465644","67465777","KN297023v1","686879","687015","22","66778765"
"chr11","68017763","68017860","KN296062v1","573295","573398","15","67444468"
"chr11","68193801","68193962","KN295721v1","382777","382938","33","67811024"
"chr11","68243873","68244013","KN297445v1","1333351","1333481","23","66910522"
"chr11","68288259","68288389","KN296577v1","596310","596433","36","67691949"
"chr11","68291957","68292240","KN294578v1","639003","639297","63","67652954"
"chr11","68514081","68514360","KN296062v1","63871","64149","27","68450210"
"chr11","68544096","68544232","KN295601v1","2833105","2833244","39","65710991"
"chr11","68699457","68699759","KN297141v1","17086","17384","65","68682371"
"chr11","68797389","68797695","KN294452v1","1374937","1375240","64","67422452"
"chr11","68836195","68836490","KN296852v1","696285","696587","73","68139910"
"chr11","68880151","68880306","KN294571v1","417305","417453","38","68462846"
"chr11","68920786","68921059","KN295582v1","905066","905322","77","68015720"
"chr11","68937955","68938103","KN295706v1","131306","131439","30","68806649"
"chr11","69276533","69276833","KN296528v1","1109404","1109696","76","68167129"
"chr11","69680515","69680769","KN295596v1","1789792","1790064","69","67890723"
"chr11","69857833","69857883","KN296646v1","452882","452932","10","69404951"
"chr11","70361922","70362059","KN296538v1","514898","515032","23","69847024"
"chr11","70442382","70442507","KN295708v1","2703330","2703459","26","67739052"
"chr11","70606273","70606528","KN296404v1","3349203","3349435","75","67257070"
"chr11","70665146","70665438","KN297096v1","6447","6739","64","70658699"
"chr11","71318309","71318589","KN294373v1","903956","904224","72","70414353"
"chr11","71579849","71580108","KN297019v1","717404","717664","82","70862445"
"chr11","72021605","72021913","KN294964v1","2082241","2082554","70","69939364"
"chr11","72031008","72031319","KN296117v1","831462","831769","80","71199546"
"chr11","72033901","72034135","KN296625v1","638837","639065","62","71395064"
"chr11","72047189","72047514","KN296117v1","433694","434012","70","71613495"
"chr11","72049676","72049839","KN294407v1","109423","109582","30","71940253"
"chr11","72261888","72262026","KN294583v1","189119","189254","22","72072769"
"chr11","72286227","72286391","KN294451v1","367926","368096","34","71918301"
"chr11","72437900","72438137","KN296825v1","576375","576604","81","71861525"
"chr11","72457722","72457926","KN296119v1","4835249","4835453","15","67622473"
"chr11","72658497","72658633","KN296119v1","4633342","4633477","12","68025155"
"chr11","72807869","72808024","KN297319v1","373164","373327","36","72434705"
"chr11","72846993","72847297","KN294911v1","2345931","2346239","63","70501062"
"chr11","72862934","72863226","KN296119v1","4430939","4431217","39","68431995"
"chr11","72874193","72874489","KN295346v1","1646114","1646406","61","71228079"
"chr11","72875383","72875636","KN296119v1","4417986","4418235","24","68457397"
"chr11","72961234","72961405","KN296311v1","832870","833045","44","72128364"
"chr11","72961435","72961555","KN294451v1","368152","368276","22","72593283"
"chr11","73005641","73005804","KN297319v1","373164","373327","35","72632477"
"chr11","73007339","73007627","KN294911v1","891917","892211","75","72115422"
"chr11","73087912","73088170","KN295984v1","3065137","3065401","69","70022775"
"chr11","73119469","73119746","KN296404v1","2095101","2095370","69","71024368"
"chr11","73130255","73130412","KN296502v1","1256295","1256453","52","71873960"
"chr11","73135893","73136192","KN296119v1","4141131","4141431","22","68994762"
"chr11","73248998","73249314","KN296649v1","383660","383971","67","72865338"
"chr11","73273827","73274076","KN296119v1","4000947","4001196","19","69272880"
"chr11","73298489","73298765","KN296119v1","3976064","3976350","30","69322425"
"chr11","73432911","73433076","KN295096v1","1069446","1069614","34","72363465"
"chr11","73433106","73433204","KN294239v1","1578795","1578887","24","71854311"
"chr11","73517102","73517330","KN296119v1","3757972","3758200","18","69759130"
"chr11","73556064","73556362","KN296119v1","3708662","3708938","49","69847402"
"chr11","73643439","73643597","KN295114v1","20274","20431","37","73623165"
"chr11","73710754","73710906","KN297319v1","373164","373327","43","73337590"
"chr11","73727146","73727445","KN294439v1","130265","130569","69","73596881"
"chr11","73738368","73738668","KN295633v1","778185","778486","77","72960183"
"chr11","73748434","73748522","KN296119v1","3502497","3502581","8","70245937"
"chr11","73749562","73749876","KN296119v1","3501143","3501439","31","70248419"
"chr11","73808946","73809160","KN296991v1","1155715","1155935","58","72653231"
"chr11","73894223","73894490","KN294571v1","728317","728585","53","73165906"
"chr11","73911276","73911482","KN295533v1","2434686","2434882","52","71476590"
"chr11","73992281","73992414","KN295548v1","117731","117861","27","73874550"
"chr11","74046347","74046628","KN296119v1","3185271","3185554","19","70861076"
"chr11","74079240","74079524","KN296119v1","3161465","3161773","40","70917775"
"chr11","74125183","74125451","KN296119v1","3111119","3111394","22","71014064"
"chr11","74130227","74130532","KN296119v1","3107397","3107714","32","71022830"
"chr11","74143367","74143684","KN297442v1","2584808","2585101","79","71558559"
"chr11","74152947","74153207","KN296119v1","3080682","3080967","49","71072265"
"chr11","74206581","74206866","KN294539v1","1692531","1692809","60","72514050"
"chr11","74231026","74231300","KN294613v1","331392","331636","79","73899634"
"chr11","74302940","74303252","KN297452v1","846228","846535","71","73456712"
"chr11","74308231","74308545","KN295725v1","293304","293604","77","74014927"
"chr11","74334908","74335067","KN295721v1","382777","382938","36","73952131"
"chr11","74374926","74375028","KN295802v1","222325","222434","23","74152601"
"chr11","74410189","74410507","KN297066v1","48943","49249","70","74361246"
"chr11","74575915","74576044","KN296119v1","2679118","2679255","15","71896797"
"chr11","74601510","74601791","KN295352v1","729753","730045","72","73871757"
"chr11","74771771","74771901","KN296138v1","11819","11953","24","74759952"
"chr11","75002058","75002289","KN296303v1","798953","799193","69","74203105"
"chr11","75128177","75128467","KN295930v1","508859","509136","71","74619318"
"chr11","75252996","75253298","KN294539v1","3359067","3359368","66","71893929"
"chr11","75274823","75275112","KN296119v1","1984680","1984963","20","73290143"
"chr11","75382778","75382938","KN296864v1","1181648","1181808","37","74201130"
"chr11","75383154","75383371","KN296119v1","1861431","1861647","15","73521723"
"chr11","75533016","75533313","KN295633v1","778185","778486","55","74754831"
"chr11","75723519","75723648","KN296000v1","870715","870835","37","74852804"
"chr11","75819977","75820277","KN296119v1","1431837","1432146","45","74388140"
"chr11","75942925","75943080","KN294346v1","260578","260726","33","75682347"
"chr11","76000323","76000642","KN294634v1","387267","387565","76","75613056"
"chr11","76095587","76095892","KN294452v1","1374937","1375240","64","74720650"
"chr11","76199204","76199486","KN296404v1","1387049","1387339","71","74812155"
"chr11","76372428","76372572","KN296119v1","868483","868621","14","75503945"
"chr11","76433096","76433254","KN296119v1","807085","807239","12","75626011"
"chr11","76434335","76434547","KN296119v1","805789","806002","18","75628546"
"chr11","76499837","76500000","KN294269v1","1609579","1609744","64","74890258"
"chr11","76587239","76587555","KN296119v1","646821","647132","25","75940418"
"chr11","76853312","76853621","KN295406v1","486578","486886","66","76366734"
"chr11","76855274","76855568","KN296119v1","369719","370020","25","76485555"
"chr11","76872900","76873205","KN296119v1","351634","351939","21","76521266"
"chr11","77010142","77010163","KN294199v1","348628","348645","8","76661514"
"chr11","77010199","77010348","KN294407v1","2863006","2863150","35","74147193"
"chr11","77224820","77225124","KN297046v1","1875391","1875685","75","75349429"
"chr11","77235674","77235987","KN295977v1","1431019","1431329","22","75804655"
"chr11","77246017","77246282","KN296731v1","1028220","1028490","66","76217797"
"chr11","77373255","77373582","KN296322v1","1648835","1649139","90","75724420"
"chr11","77425828","77425971","KN295977v1","1244806","1244955","21","76181022"
"chr11","77492542","77492653","KN295977v1","1181733","1181839","9","76310809"
"chr11","77493070","77493263","KN296505v1","176","370","42","77492894"
"chr11","77507525","77507824","KN297219v1","1576359","1576655","64","75931166"
"chr11","77596579","77596875","KN297184v1","1114866","1115167","65","76481713"
"chr11","77669846","77670134","KN295977v1","992584","992874","19","76677262"
"chr11","77709710","77709869","KN295977v1","1244806","1244955","36","76464904"
"chr11","77714855","77715132","KN295977v1","945000","945272","26","76769855"
"chr11","77718967","77719256","KN295977v1","940670","940973","44","76778297"
"chr11","77726321","77726443","KN295832v1","1013191","1013316","35","76713130"
"chr11","77744331","77744604","KN295977v1","914937","915207","20","76829394"
"chr11","77754330","77754467","KN296634v1","1339651","1339784","29","76414679"
"chr11","77754773","77754981","KN295352v1","256766","256946","65","77498007"
"chr11","77778570","77778692","KN296426v1","870075","870198","35","76908495"
"chr11","77806478","77806710","KN294790v1","1805364","1805592","63","76001114"
"chr11","77844354","77844661","KN296117v1","433694","434012","71","77410660"
"chr11","77885922","77886222","KN297058v1","194613","194917","72","77691309"
"chr11","77936383","77936597","KN297317v1","77457","77669","48","77858926"
"chr11","78135430","78135563","KN295294v1","3806061","3806194","26","74329369"
"chr11","78227519","78227806","KN295984v1","150673","150962","66","78076846"
"chr11","78253303","78253593","KN295977v1","399743","400033","22","77853560"
"chr11","78278912","78278950","KN295871v1","120431","120473","16","78158481"
"chr11","78333263","78333567","KN295667v1","1567361","1567664","63","76765902"
"chr11","78445668","78445966","KN294452v1","998051","998338","76","77447617"
"chr11","78527828","78527963","KN295977v1","128366","128496","15","78399462"
"chr11","78585394","78585703","KN294790v1","1862467","1862771","71","76722927"
"chr11","78677250","78677553","KN296310v1","1497982","1498284","17","77179268"
"chr11","78695067","78695262","KN295994v1","491289","491494","55","78203778"
"chr11","78722104","78722314","KN296310v1","1459156","1459371","17","77262948"
"chr11","79324221","79324523","KN294452v1","1024655","1024959","71","78299566"
"chr11","79358985","79359270","KN295068v1","49131","49419","62","79309854"
"chr11","79669729","79670034","KN295667v1","1567361","1567664","56","78102368"
"chr11","79828219","79828421","KN296635v1","2061822","2062028","60","77766397"
"chr11","80072854","80073021","KN296310v1","73864","74033","10","79998990"
"chr11","80073077","80073199","KN294741v1","1083617","1083736","28","78989460"
"chr11","80354519","80354832","KN296187v1","1497817","1498116","77","78856702"
"chr11","80806600","80806884","KN296210v1","443099","443408","82","80363501"
"chr11","80938269","80938499","KN295893v1","5531546","5531784","60","75406723"
"chr11","81475181","81475301","KN295459v1","402035","402159","43","81073146"
"chr11","81642530","81642841","KN297066v1","48943","49249","71","81593587"
"chr11","81944527","81944822","KN296407v1","148578","148865","38","81795949"
"chr11","82015854","82016160","KN296407v1","71390","71687","32","81944464"
"chr11","82869074","82869384","KN295406v1","486578","486886","19","82382496"
"chr11","82925316","82925617","KN295406v1","422798","423100","20","82502518"
"chr11","82938710","82938843","KN295441v1","789788","789916","26","82148922"
"chr11","82939205","82939543","KN295984v1","150673","150962","100","82788532"
"chr11","83002655","83002790","KN294486v1","1411905","1412035","41","81590750"
"chr11","83010169","83010467","KN295406v1","346913","347213","14","82663256"
"chr11","83079923","83080067","KN294613v1","471626","471777","39","82608297"
"chr11","83094445","83094672","KN295406v1","263460","263684","20","82830985"
"chr11","83094724","83094813","KN295735v1","1823325","1823412","18","81271399"
"chr11","83226671","83226799","KN296573v1","15418","15557","37","83211253"
"chr11","83371645","83371920","KN295319v1","303201","303480","72","83068444"
"chr11","83399659","83399928","KN294469v1","12031","12308","66","83387628"
"chr11","83817593","83817897","KN297323v1","97375","97678","74","83720218"
"chr11","83908741","83909031","KN295582v1","362090","362399","41","83546651"
"chr11","84441163","84441418","KN295582v1","905066","905322","25","83536097"
"chr11","84677603","84677893","KN297112v1","162517","162815","87","84515086"
"chr11","85375399","85375531","KN296311v1","4657589","4657718","23","80717810"
"chr11","85794179","85794478","KN295110v1","82228","82539","24","85711951"
"chr11","85834750","85835059","KN295110v1","36292","36601","25","85798458"
"chr11","85877188","85877475","KN294210v1","473112","473404","54","85404076"
"chr11","85881421","85881718","KN296508v1","258998","259298","60","85622423"
"chr11","85938399","85938621","KN297317v1","77457","77669","54","85860942"
"chr11","85959269","85959345","KN296874v1","108275","108353","20","85850994"
"chr11","85959657","85959880","KN297274v1","155280","155497","62","85804377"
"chr11","85968052","85968316","KN295637v1","799799","800078","65","85168253"
"chr11","86059519","86059760","KN295428v1","224334","224605","72","85835185"
"chr11","86075511","86075790","KN295984v1","150673","150962","63","85924838"
"chr11","86092205","86092495","KN297462v1","564741","565026","72","85527464"
"chr11","86096979","86097274","KN295346v1","1646114","1646406","64","84450865"
"chr11","86185748","86186038","KN297141v1","17086","17384","67","86168662"
"chr11","86199241","86199559","KN294239v1","243029","243336","66","85956212"
"chr11","86259344","86259605","KN295205v1","848688","848949","69","85410656"
"chr11","86263544","86263679","KN296538v1","514898","515032","26","85748646"
"chr11","86273028","86273310","KN297046v1","2618508","2618781","70","83654520"
"chr11","86293098","86293210","KN296577v1","78025","78134","31","86215073"
"chr11","86318915","86319211","KN296322v1","1648835","1649139","59","84670080"
"chr11","86897269","86897405","KN295708v1","713476","713615","23","86183793"
"chr11","87007720","87008057","KN295633v1","778185","778486","100","86229535"
"chr11","87110317","87110474","KN297322v1","846386","846555","39","86263931"
"chr11","87120103","87120398","KN295257v1","1053950","1054233","72","86066153"
"chr11","87157059","87157198","KN296738v1","39598","39734","40","87117461"
"chr11","87645111","87645287","KN296292v1","263348","263511","46","87381763"
"chr11","89072771","89073059","KN297227v1","1049335","1049619","68","88023436"
"chr11","89363982","89364246","KN297133v1","328287","328569","71","89035695"
"chr11","89642806","89643051","KN295077v1","214455","214699","83","89428351"
"chr11","89719510","89719803","KN294873v1","1303218","1303511","64","88416292"
"chr11","89807553","89807834","KN295034v1","297340","297612","85","89510213"
"chr11","89841443","89841711","KN297386v1","1518927","1519195","72","88322516"
"chr11","89920780","89921038","KN296311v1","2581889","2582135","69","87338891"
"chr11","89922999","89923117","KN295501v1","718333","718428","49","89204666"
"chr11","90002728","90002985","KN296825v1","400881","401116","89","89601847"
"chr11","90031847","90032128","KN295034v1","297340","297612","87","89734507"
"chr11","90107988","90108109","KN297416v1","162444","162561","24","89945544"
"chr11","90156619","90156803","KN294662v1","211735","211913","44","89944884"
"chr11","90185389","90185647","KN297386v1","1518927","1519195","62","88666462"
"chr11","91000002","91000152","KN296495v1","1795663","1795811","35","89204339"
"chr11","91204317","91204609","KN297159v1","1712744","1713036","69","89491573"
"chr11","92222234","92222532","KN296244v1","327623","327911","77","91894611"
"chr11","92559378","92559675","KN295406v1","486578","486886","66","92072800"
"chr11","92629412","92629710","KN294446v1","591120","591416","71","92038292"
"chr11","92782028","92782308","KN294387v1","1301474","1301745","83","91480554"
"chr11","92871028","92871166","KN297227v1","1448203","1448349","38","91422825"
"chr11","92917056","92917183","KN294193v1","654985","655103","38","92262071"
"chr11","92950687","92950923","KN294879v1","1183051","1183277","56","91767636"
"chr11","92954590","92954791","KN294978v1","1071290","1071491","59","91883300"
"chr11","93051789","93051918","KN296643v1","191078","191208","24","92860711"
"chr11","93051945","93052128","KN297293v1","82421","82594","44","92969524"
"chr11","93118630","93118923","KN296247v1","180574","180876","72","92938056"
"chr11","93433244","93433523","KN294207v1","634204","634468","75","92799040"
"chr11","93589047","93589346","KN295294v1","1101026","1101317","65","92488021"
"chr11","93719250","93719562","KN296759v1","210528","210836","73","93508722"
"chr11","93738711","93738866","KN295005v1","263752","263899","38","93474959"
"chr11","93776690","93776836","KN295034v1","243361","243503","32","93533329"
"chr11","93800649","93800925","KN295667v1","232340","232614","76","93568309"
"chr11","93808082","93808392","KN297154v1","2066797","2067102","77","91741285"
"chr11","93944056","93944342","KN296507v1","738522","738814","62","93205534"
"chr11","94117355","94117582","KN295236v1","6028400","6028621","64","88088955"
"chr11","94760821","94761073","KN297180v1","531711","531948","72","94229110"
"chr11","94885872","94886154","KN296244v1","327623","327911","69","94558249"
"chr11","95194856","95194929","KN295586v1","2493607","2493679","17","92701249"
"chr11","95683113","95683273","KN297000v1","418665","418822","34","95264448"
"chr11","95760489","95760720","KN296303v1","798953","799193","59","94961536"
"chr11","95841815","95842093","KN296948v1","762193","762479","71","95079622"
"chr11","96068896","96069227","KN297369v1","2166451","2166762","37","93902445"
"chr11","96115156","96115470","KN296119v1","351634","351939","77","95763522"
"chr11","96233399","96233708","KN296322v1","1648835","1649139","61","94584564"
"chr11","96268193","96268491","KN297141v1","17086","17384","68","96251107"
"chr11","96696090","96696376","KN297369v1","1514159","1514449","27","95181931"
"chr11","96836713","96836878","KN297369v1","1373901","1374064","13","95462812"
"chr11","98050627","98050878","KN295368v1","2443516","2443764","67","95607111"
"chr11","98187293","98187572","KN294920v1","32730","32994","44","98154563"
"chr11","98637264","98637556","KN297180v1","314236","314539","69","98323028"
"chr11","98755837","98756137","KN295841v1","375366","375667","50","98380471"
"chr11","99061709","99062004","KN296371v1","158213","158508","69","98903496"
"chr11","99390132","99390389","KN294711v1","1145049","1145313","76","98245083"
"chr11","100248265","100248572","KN296322v1","1648835","1649139","66","98599430"
"chr11","100467382","100467531","KN295034v1","243361","243503","29","100224021"
"chr11","100596937","100597208","KN295596v1","2566260","2566526","74","98030677"
"chr11","100614778","100615079","KN295294v1","1101026","1101317","67","99513752"
"chr11","100704682","100704947","KN297095v1","2475476","2475727","76","98229206"
"chr11","100704992","100705043","KN296934v1","958340","958382","19","99746652"
"chr11","100764014","100764323","KN294954v1","70243","70554","73","100693771"
"chr11","100777901","100778193","KN296495v1","1722244","1722543","78","99055657"
"chr11","100804002","100804289","KN295667v1","608355","608628","87","100195647"
"chr11","101147963","101148258","KN297320v1","22264","22555","77","101125699"
"chr11","101165174","101165478","KN294235v1","47425","47725","65","101117749"
"chr11","101622000","101622271","KN295553v1","27093","27361","27","101594907"
"chr11","101666712","101666916","KN295553v1","69273","69467","22","101597439"
"chr11","101728037","101728309","KN295294v1","3123609","3123890","62","98604428"
"chr11","101743041","101743329","KN294416v1","605214","605509","64","101137827"
"chr11","101951222","101951540","KN295553v1","334815","335115","29","101616407"
"chr11","102049869","102050139","KN297190v1","3826601","3826872","64","98223268"
"chr11","102395838","102396135","KN296303v1","805215","805501","63","101590623"
"chr11","102557154","102557461","KN296322v1","1648835","1649139","68","100908319"
"chr11","102801914","102802187","KN297048v1","134544","134818","67","102667370"
"chr11","102880433","102880504","KN296635v1","5251433","5251492","24","97629000"
"chr11","103005404","103005706","KN297171v1","1715719","1716017","74","101289685"
"chr11","103023370","103023648","KN297227v1","1049335","1049619","69","101974035"
"chr11","103114430","103114590","KN295441v1","724682","724832","50","102389748"
"chr11","103251911","103252234","KN295929v1","240001","240300","85","103011910"
"chr11","103985214","103985500","KN297095v1","2166583","2166875","62","101818631"
"chr11","103994882","103995180","KN296371v1","158213","158508","63","103836669"
"chr11","104075503","104075669","KN295366v1","286401","286568","43","103789102"
"chr11","104082625","104082905","KN294326v1","411424","411715","73","103671201"
"chr11","104353009","104353279","KN297386v1","1518927","1519195","67","102834082"
"chr11","104511910","104512194","KN294420v1","631308","631597","78","103880602"
"chr11","104599486","104599776","KN295368v1","1939103","1939400","79","102660383"
"chr11","104648839","104649143","KN296247v1","180574","180876","68","104468265"
"chr11","104734144","104734374","KN294879v1","1183051","1183277","54","103551093"
"chr11","104912208","104912401","KN297046v1","2262724","2262922","55","102649484"
"chr11","104957374","104957576","KN294205v1","1582745","1582943","55","103374629"
"chr11","105222846","105223000","KN297171v1","1235221","1235375","35","103987625"
"chr11","105932958","105933271","KN295394v1","1009371","1009662","44","104923587"
"chr11","106029969","106030247","KN295394v1","911032","911310","22","105118937"
"chr11","106044129","106044423","KN295394v1","896534","896828","18","105147595"
"chr11","106361410","106361530","KN296775v1","974808","974917","40","105386602"
"chr11","107571777","107571913","KN295077v1","850159","850295","14","106721618"
"chr11","107843574","107843868","KN294207v1","141842","142144","70","107701732"
"chr11","107937135","107937439","KN295079v1","373372","373674","66","107563763"
"chr11","107975796","107975880","KN296682v1","314021","314103","23","107661775"
"chr11","108010942","108010982","KN296205v1","601671","601706","13","107409271"
"chr11","108040198","108040329","KN295077v1","389803","389932","11","107650395"
"chr11","108040636","108040791","KN295077v1","389351","389507","14","107651285"
"chr11","108043085","108043373","KN295708v1","735658","735943","65","107307427"
"chr11","108068976","108069287","KN295117v1","112788","113084","77","107956188"
"chr11","108116343","108116563","KN295923v1","1986700","1986911","54","106129643"
"chr11","108123710","108123815","KN295077v1","303624","303729","8","107820086"
"chr11","108148868","108149034","KN295077v1","278844","279006","20","107870024"
"chr11","108150665","108150757","KN295077v1","276792","276877","31","107873873"
"chr11","108213892","108214194","KN294873v1","1303218","1303511","70","106910674"
"chr11","108290344","108290667","KN294634v1","387267","387565","73","107903077"
"chr11","108295334","108295636","KN294964v1","993572","993872","70","107301762"
"chr11","108436993","108437298","KN297190v1","136929","137202","89","108300064"
"chr11","108456500","108456804","KN296759v1","6357","6660","23","108450143"
"chr11","108471653","108471937","KN296883v1","2609802","2610089","64","105861851"
"chr11","108533801","108534091","KN296759v1","85117","85407","19","108448684"
"chr11","108545132","108545320","KN296759v1","97260","97448","15","108447872"
"chr11","108545622","108545912","KN294345v1","1713106","1713396","63","106832516"
"chr11","108573811","108573889","KN296859v1","1472329","1472410","24","107101482"
"chr11","108574209","108574393","KN295294v1","144515","144695","47","108429694"
"chr11","108608673","108608824","KN294365v1","1405326","1405470","43","107203347"
"chr11","108627213","108627506","KN296119v1","1984680","1984963","68","106642533"
"chr11","108636205","108636518","KN296322v1","1648835","1649139","73","106987370"
"chr11","108650249","108650548","KN296759v1","210528","210836","27","108439721"
"chr11","108659482","108659652","KN296759v1","225170","225326","28","108434312"
"chr11","108659957","108660085","KN296759v1","225610","225736","18","108434347"
"chr11","108715233","108715532","KN294499v1","302959","303249","75","108412274"
"chr11","108728505","108728817","KN295991v1","384271","384582","74","108344234"
"chr11","108862040","108862323","KN297028v1","97110","97396","64","108764930"
"chr11","108931075","108931144","KN296864v1","203949","204018","26","108727126"
"chr11","108952277","108952586","KN296864v1","1939832","1940132","64","107012445"
"chr11","110216686","110216811","KN296311v1","4815038","4815168","21","105401648"
"chr11","110616384","110616562","KN296732v1","3522095","3522260","48","107094289"
"chr11","110715895","110716154","KN296296v1","172178","172432","66","110543717"
"chr11","111583509","111583803","KN294520v1","992368","992662","57","110591141"
"chr11","111591095","111591258","KN294705v1","931738","931905","34","110659357"
"chr11","111702304","111702568","KN294987v1","762476","762744","70","110939828"
"chr11","111768681","111768828","KN296175v1","389661","389808","29","111379020"
"chr11","111768869","111768901","KN295368v1","1470938","1470967","7","110297931"
"chr11","111804446","111804606","KN295721v1","382777","382938","31","111421669"
"chr11","111812286","111812578","KN295346v1","1646114","1646406","63","110166172"
"chr11","111813320","111813548","KN295596v1","3046296","3046522","47","108767024"
"chr11","111815201","111815421","KN296119v1","805789","806002","46","111009412"
"chr11","111832764","111833056","KN296322v1","1648835","1649139","65","110183929"
"chr11","111947871","111948002","KN296311v1","4657589","4657718","21","107290282"
"chr11","112033707","112034023","KN294260v1","822843","823138","67","111210864"
"chr11","112097182","112097495","KN295633v1","909764","910066","72","111187418"
"chr11","112112231","112112512","KN297105v1","1634044","1634334","65","110478187"
"chr11","112113353","112113389","KN296205v1","601671","601706","8","111511682"
"chr11","112114154","112114351","KN294205v1","1582745","1582943","50","110531409"
"chr11","112169889","112170192","KN294161v1","491457","491757","79","111678432"
"chr11","112279592","112279754","KN294407v1","109423","109582","31","112170169"
"chr11","112279780","112279890","KN296036v1","739589","739697","25","111540191"
"chr11","112375807","112376022","KN294458v1","1818611","1818826","69","110557196"
"chr11","112419706","112419993","KN297058v1","392670","392966","70","112027036"
"chr11","113396343","113396639","KN296528v1","1109404","1109696","65","112286939"
"chr11","113620622","113620918","KN296142v1","147124","147422","65","113473498"
"chr11","113626117","113626388","KN295490v1","34980","35237","68","113591137"
"chr11","113805930","113806237","KN295079v1","373372","373674","64","113432558"
"chr11","113829550","113829846","KN296938v1","928271","928577","23","112901279"
"chr11","114010320","114010614","KN294210v1","473112","473404","61","113537208"
"chr11","114297482","114297786","KN296938v1","450930","451243","25","113846552"
"chr11","114319192","114319311","KN295102v1","105981","106109","25","114213211"
"chr11","114388588","114388880","KN295244v1","176243","176550","59","114212345"
"chr11","114443116","114443393","KN296938v1","298054","298338","33","114145062"
"chr11","114670413","114670716","KN296938v1","121406","121679","57","114549007"
"chr11","115000277","115000573","KN296847v1","2133670","2133973","31","112866607"
"chr11","115010191","115010485","KN296847v1","2123793","2124076","27","112886398"
"chr11","115407612","115407903","KN295929v1","240001","240300","85","115167611"
"chr11","115574603","115574734","KN294172v1","6718327","6718460","27","108856276"
"chr11","116239751","116240025","KN295090v1","2374852","2375141","70","113864899"
"chr11","116736409","116736626","KN296847v1","410946","411169","22","116325463"
"chr11","116824624","116824748","KN296847v1","317896","318020","14","116506728"
"chr11","116889294","116889580","KN294260v1","1359230","1359515","70","115530064"
"chr11","116917428","116917692","KN294147v1","1590568","1590837","65","115326860"
"chr11","116966180","116966421","KN294387v1","1989282","1989515","64","114976898"
"chr11","117049681","117049971","KN295346v1","1646114","1646406","76","115403567"
"chr11","117076874","117077174","KN294758v1","1361907","1362206","75","115714967"
"chr11","117085104","117085426","KN295667v1","1567361","1567664","82","115517743"
"chr11","117094336","117094631","KN297026v1","800582","800867","64","116293754"
"chr11","117129839","117130099","KN294987v1","459255","459513","77","116670584"
"chr11","117162143","117162437","KN296158v1","21779","22075","23","117140364"
"chr11","117272086","117272235","KN294873v1","1261221","1261370","35","116010865"
"chr11","117276328","117276619","KN296158v1","147997","148289","12","117128331"
"chr11","117360162","117360387","KN296158v1","230905","231113","24","117129257"
"chr11","117363760","117364064","KN296158v1","233961","234261","31","117129799"
"chr11","117578389","117578698","KN296665v1","224506","224804","68","117353883"
"chr11","117629725","117630015","KN295352v1","1395278","1395557","86","116234447"
"chr11","117890396","117890696","KN294954v1","70243","70554","82","117820153"
"chr11","118376768","118377064","KN294520v1","992368","992662","69","117384400"
"chr11","118394799","118394974","KN296732v1","3522095","3522260","48","114872704"
"chr11","118456218","118456337","KN295449v1","587976","588098","18","117868242"
"chr11","118466322","118466455","KN296158v1","1342404","1342547","28","117123918"
"chr11","118517560","118517850","KN296158v1","1396284","1396567","21","117121276"
"chr11","118552512","118552804","KN295346v1","1646114","1646406","56","116906398"
"chr11","118681887","118682201","KN296158v1","1576145","1576434","49","117105742"
"chr11","118809608","118809893","KN296158v1","1685695","1685980","15","117123913"
"chr11","118825306","118825436","KN295352v1","18004","18135","19","118807302"
"chr11","118859496","118859804","KN295923v1","2381125","2381431","60","116478371"
"chr11","118891163","118891288","KN296153v1","3603162","3603273","29","115288001"
"chr11","119127550","119127840","KN296303v1","805215","805501","73","118322335"
"chr11","119131072","119131388","KN295301v1","343655","343965","66","118787417"
"chr11","119164736","119164798","KN294172v1","5276682","5276746","24","113888054"
"chr11","119164829","119164984","KN297000v1","418665","418822","31","118746164"
"chr11","119167770","119167857","KN297092v1","3480","3567","20","119164290"
"chr11","119348878","119348985","KN294303v1","222129","222235","22","119126749"
"chr11","119593874","119593951","KN295725v1","1085871","1085933","29","118508003"
"chr11","119594259","119594458","KN296011v1","315060","315250","48","119279199"
"chr11","119696113","119696243","KN297227v1","630249","630370","28","119065864"
"chr11","120250990","120251272","KN296948v1","762193","762479","64","119488797"
"chr11","120399034","120399350","KN297219v1","1839754","1840062","60","118559280"
"chr11","120438881","120439151","KN294513v1","235461","235729","69","120203420"
"chr11","120724145","120724312","KN296864v1","3353170","3353334","36","117370975"
"chr11","121000734","121000907","KN295241v1","97934","98104","35","120902800"
"chr11","121378540","121378672","KN296142v1","213909","214054","34","121164631"
"chr11","121384769","121384983","KN295601v1","1689627","1689831","58","119695142"
"chr11","121422875","121423172","KN296649v1","474335","474640","67","120948540"
"chr11","121432552","121432845","KN294210v1","473112","473404","60","120959440"
"chr11","121483112","121483239","KN296145v1","649092","649233","39","120834020"
"chr11","121723848","121724004","KN296538v1","1843564","1843714","49","119880284"
"chr11","122437719","122438022","KN296322v1","1648835","1649139","64","120788884"
"chr11","122497625","122497724","KN294239v1","1578795","1578887","26","120918830"
"chr11","122497753","122497926","KN295633v1","552946","553113","37","121944807"
"chr11","122866608","122866909","KN297398v1","103760","104057","58","122762848"
"chr11","122928172","122928321","KN296528v1","1183043","1183202","41","121745129"
"chr11","123238049","123238179","KN295090v1","610678","610810","23","122627371"
"chr11","123254340","123254631","KN297058v1","392670","392966","65","122861670"
"chr11","123347274","123347415","KN294372v1","290537","290683","37","123056737"
"chr11","123441356","123441499","KN294218v1","2756614","2756751","25","120684742"
"chr11","123539078","123539241","KN294470v1","78054","78217","39","123461024"
"chr11","123809786","123810033","KN295894v1","1984544","1984792","62","121825242"
"chr11","123933545","123933849","KN294452v1","1374937","1375240","69","122558608"
"chr11","124092754","124092858","KN296079v1","397109","397211","25","123695645"
"chr11","124140728","124140886","KN295633v1","242438","242589","43","123898290"
"chr11","124433105","124433236","KN295405v1","302250","302381","24","124130855"
"chr11","124502435","124502733","KN294634v1","387267","387565","68","124115168"
"chr11","124566923","124567234","KN294260v1","822843","823138","74","123744080"
"chr11","124798121","124798387","KN296750v1","483092","483341","87","124315029"
"chr11","124814602","124814881","KN296311v1","6546105","6546379","62","118268497"
"chr11","124854512","124854795","KN294199v1","1022551","1022840","61","123831961"
"chr11","124881592","124881708","KN294705v1","965142","965253","23","123916450"
"chr11","124881758","124881965","KN297008v1","2592243","2592438","51","122289515"
"chr11","125259861","125260177","KN295633v1","778185","778486","68","124481676"
"chr11","125574973","125575229","KN296991v1","837983","838230","65","124736990"
"chr11","125624728","125624987","KN294147v1","2133356","2133601","66","123491372"
"chr11","125628640","125628789","KN294269v1","1347949","1348104","37","124280691"
"chr11","125670947","125671191","KN295236v1","1129905","1130153","74","124541042"
"chr11","126073543","126073840","KN296507v1","738522","738814","59","125335021"
"chr11","126169933","126170234","KN295406v1","486578","486886","71","125683355"
"chr11","126247012","126247305","KN295036v1","310502","310798","72","125936510"
"chr11","126409905","126410206","KN296244v1","327623","327911","58","126082282"
"chr11","126532974","126533105","KN296146v1","16177","16309","21","126516797"
"chr11","126556359","126556650","KN294416v1","605214","605509","74","125951145"
"chr11","126706930","126707235","KN296244v1","296863","297159","85","126410067"
"chr11","127168676","127168828","KN294991v1","973655","973815","41","126195021"
"chr11","127350989","127351225","KN294407v1","169906","170136","66","127181083"
"chr11","127605271","127605561","KN297023v1","640512","640805","57","126964759"
"chr11","127880238","127880497","KN295352v1","1019178","1019436","72","126861060"
"chr11","128513771","128513894","KN296322v1","997745","997870","21","127516026"
"chr11","128977678","128977851","KN296247v1","751980","752150","39","128225698"
"chr11","128977896","128978016","KN297323v1","349913","350031","22","128627983"
"chr11","129037215","129037522","KN296322v1","1648835","1649139","72","127388380"
"chr11","129206229","129206512","KN295883v1","861998","862283","70","128344231"
"chr11","129276294","129276605","KN294161v1","491457","491757","72","128784837"
"chr11","129422293","129422598","KN294747v1","287713","288016","25","129134580"
"chr11","129429250","129429537","KN295075v1","224590","224878","58","129204660"
"chr11","129791948","129792246","KN296643v1","555392","555692","78","129236556"
"chr11","130047143","130047423","KN294747v1","867897","868151","40","129179246"
"chr11","130096436","130096734","KN294747v1","917219","917517","17","129179217"
"chr11","130185405","130185670","KN294552v1","1295874","1296134","61","128889531"
"chr11","130193104","130193356","KN294325v1","979659","979928","71","129213445"
"chr11","130267413","130267697","KN294747v1","1086035","1086320","26","129181378"
"chr11","130281964","130282056","KN294387v1","2019460","2019545","22","128262504"
"chr11","130346805","130346963","KN294548v1","490123","490280","34","129856682"
"chr11","130366535","130366796","KN295428v1","224334","224605","69","130142201"
"chr11","130545126","130545422","KN296109v1","1132718","1133008","73","129412408"
"chr11","130900112","130900306","KN296767v1","53224","53425","45","130846888"
"chr11","131606038","131606354","KN296681v1","438350","438671","41","131167688"
"chr11","131767276","131767399","KN296682v1","4980731","4980854","24","126786545"
"chr11","134019172","134019379","KN296775v1","1050578","1050764","62","132968594"
"chr11","134107667","134107886","KN295610v1","375600","375802","54","133732067"
"chr11","134291693","134292006","KN294169v1","205462","205769","69","134086231"
"chr11","134830656","134830952","KN294260v1","1359230","1359515","68","133471426"
"chr11","135052712","135052909","KN294978v1","1071290","1071491","52","133981422"
"chr12","393106","393402","KN294453v1","24436","24724","28","368670"
"chr12","1703807","1704008","KN294208v1","73414","73627","54","1630393"
"chr12","112590826","112591115","KN294470v1","155415","155718","25","112435411"
"chr12","97536","97814","KN294453v1","316902","317180","19","219366"
"chr12","395071","395388","KN294453v1","22131","22441","37","372940"
"chr12","445574","445879","KN295573v1","27719","28024","20","417855"
"chr12","537281","537556","KN294987v1","858029","858282","64","320748"
"chr12","577722","577856","KN295573v1","159110","159244","9","418612"
"chr12","578359","578617","KN294964v1","963699","963959","66","385340"
"chr12","727596","727707","KN295586v1","5575079","5575199","39","4847483"
"chr12","765649","765783","KN295573v1","340065","340199","10","425584"
"chr12","794772","795051","KN295573v1","370888","371178","36","423884"
"chr12","840121","840408","KN297245v1","2237012","2237311","60","1396891"
"chr12","936511","936733","KN295174v1","293288","293512","62","643223"
"chr12","951952","952262","KN295573v1","545116","545440","35","406836"
"chr12","986367","986659","KN296849v1","957882","958183","66","28485"
"chr12","1001191","1001357","KN296825v1","1336825","1336989","46","335634"
"chr12","1013758","1014018","KN296306v1","1771005","1771285","77","757247"
"chr12","1084673","1084981","KN295708v1","383153","383440","78","701520"
"chr12","1119977","1120292","KN296505v1","323963","324278","65","796014"
"chr12","1128401","1128533","KN295705v1","382490","382621","27","745911"
"chr12","1182661","1182945","KN296938v1","298054","298338","65","884607"
"chr12","1184742","1184924","KN295573v1","774397","774577","15","410345"
"chr12","1185209","1185332","KN295573v1","774862","774985","4","410347"
"chr12","1239110","1239355","KN294407v1","812570","812796","71","426540"
"chr12","1297946","1298110","KN296365v1","532697","532854","39","765249"
"chr12","1446878","1447042","KN294407v1","109423","109582","37","1337455"
"chr12","1475849","1475981","KN297279v1","1209908","1210040","23","265941"
"chr12","1476271","1476447","KN297113v1","252877","253050","34","1223394"
"chr12","1536567","1536775","KN295923v1","1986700","1986911","48","450133"
"chr12","1743396","1743685","KN295573v1","1381507","1381778","33","361889"
"chr12","1750277","1750585","KN295573v1","1390691","1391001","20","359586"
"chr12","1954861","1955150","KN296507v1","738522","738814","66","1216339"
"chr12","2008342","2008390","KN297094v1","101787","101835","9","1906555"
"chr12","2929055","2929080","KN296907v1","491287","491310","6","2437768"
"chr12","2929328","2929587","KN297219v1","1689275","1689526","75","1240053"
"chr12","2968642","2968955","KN295480v1","1274084","1274387","64","1694558"
"chr12","3030204","3030335","KN296538v1","514898","515032","24","2515306"
"chr12","3102119","3102412","KN297026v1","800582","800867","74","2301537"
"chr12","3122333","3122558","KN296119v1","4417986","4418235","76","1295653"
"chr12","3173499","3173792","KN296108v1","543721","544013","73","2629778"
"chr12","3212442","3212572","KN295706v1","131306","131439","22","3081136"
"chr12","3221666","3221941","KN295744v1","408789","409077","60","2812877"
"chr12","3293343","3293476","KN296311v1","4657589","4657718","19","1364246"
"chr12","3408229","3408532","KN297171v1","1715719","1716017","66","1692510"
"chr12","3448003","3448302","KN296883v1","2609802","2610089","60","838201"
"chr12","3457309","3457608","KN297184v1","1114866","1115167","59","2342443"
"chr12","3463607","3463757","KN295962v1","2106431","2106583","36","1357176"
"chr12","3612686","3612847","KN295326v1","444837","444999","33","3167849"
"chr12","3612900","3613005","KN295205v1","1220279","1220379","30","2392621"
"chr12","3860654","3860967","KN294984v1","94202","94491","88","3766452"
"chr12","3862147","3862461","KN294210v1","473112","473404","75","3389035"
"chr12","4014247","4014381","KN294218v1","2756614","2756751","23","1257633"
"chr12","4109513","4109653","KN294980v1","858835","858967","30","3250678"
"chr12","4688199","4688497","KN294407v1","1044299","1044599","69","3643900"
"chr12","5263651","5263915","KN296339v1","2039540","2039800","67","3224111"
"chr12","5358069","5358383","KN295633v1","778185","778486","72","4579884"
"chr12","5368270","5368560","KN297023v1","640512","640805","62","4727758"
"chr12","5411204","5411355","KN296829v1","851332","851478","40","4559872"
"chr12","5451674","5451991","KN295667v1","1567361","1567664","78","3884313"
"chr12","5902303","5902595","KN294728v1","765090","765383","64","5137213"
"chr12","6344178","6344330","KN296225v1","462090","462236","43","5882088"
"chr12","6431170","6431470","KN297058v1","194613","194917","65","6236557"
"chr12","6522095","6522233","KN295526v1","145592","145725","24","6376503"
"chr12","6569281","6569427","KN295548v1","117731","117861","38","6451550"
"chr12","6586443","6586694","KN295633v1","710070","710329","64","5876373"
"chr12","6588796","6588965","KN297113v1","252877","253050","37","6335919"
"chr12","6589183","6589195","KN294526v1","385203","385213","2","6203980"
"chr12","6599155","6599451","KN295940v1","244356","244643","74","6354799"
"chr12","6781948","6782134","KN294571v1","2119940","2120110","51","4662008"
"chr12","6811816","6812046","KN295933v1","676121","676354","56","6135695"
"chr12","6887400","6887574","KN297319v1","373164","373327","51","6514236"
"chr12","6912192","6912367","KN294662v1","211735","211913","53","6700457"
"chr12","7326205","7326509","KN296496v1","943728","944031","73","6382477"
"chr12","7436492","7436652","KN294842v1","123455","123618","44","7313037"
"chr12","7655711","7655986","KN297462v1","564741","565026","69","7090970"
"chr12","7782176","7782398","KN294325v1","70499","70728","63","7711677"
"chr12","7782475","7782718","KN294747v1","1130292","1130545","86","6652183"
"chr12","7783026","7783061","KN296290v1","587719","587750","7","7195307"
"chr12","7790749","7791034","KN294984v1","94202","94491","74","7696547"
"chr12","7809400","7809698","KN297112v1","2231098","2231393","85","5578302"
"chr12","7834251","7834349","KN294161v1","775838","775928","24","7058413"
"chr12","7945328","7945457","KN296093v1","103205","103337","27","7842123"
"chr12","8083730","8084041","KN294539v1","3359067","3359368","68","4724663"
"chr12","8308205","8308484","KN296731v1","1028220","1028490","79","7279985"
"chr12","8342296","8342589","KN295352v1","729753","730045","68","7612543"
"chr12","8568896","8569021","KN295706v1","131306","131439","22","8437590"
"chr12","8575967","8576278","KN294439v1","130265","130569","67","8445702"
"chr12","8642273","8642531","KN297105v1","2959195","2959449","69","5683078"
"chr12","8846422","8846568","KN296311v1","2361921","2362066","30","6484501"
"chr12","8846828","8846935","KN296004v1","129400","129507","32","8717428"
"chr12","8847236","8847264","KN296290v1","587719","587750","7","8259517"
"chr12","8919361","8919601","KN297095v1","2669325","2669548","59","6250036"
"chr12","8958065","8958197","KN294326v1","522412","522546","25","8435653"
"chr12","8961805","8962085","KN296192v1","79154","79436","62","8882651"
"chr12","8978352","8978475","KN294372v1","1354040","1354163","34","7624312"
"chr12","9023555","9023855","KN297180v1","314236","314539","70","8709319"
"chr12","9198071","9198354","KN296964v1","1814390","1814681","73","7383681"
"chr12","9351103","9351381","KN296948v1","762193","762479","55","8588910"
"chr12","9394797","9394999","KN297008v1","2592243","2592438","63","6802554"
"chr12","9578347","9578548","KN297008v1","2592243","2592438","60","6986104"
"chr12","9788237","9788513","KN294429v1","91075","91362","76","9697162"
"chr12","9829471","9829775","KN294399v1","171378","171682","70","9658093"
"chr12","9878032","9878128","KN297153v1","394066","394162","20","9483966"
"chr12","10023003","10023314","KN294207v1","595798","596096","69","9427205"
"chr12","10245819","10245988","KN296754v1","59195","59361","46","10186624"
"chr12","10315172","10315425","KN296770v1","171267","171516","46","10143905"
"chr12","10526198","10526481","KN296153v1","750830","751108","67","9775368"
"chr12","10763771","10764054","KN296883v1","2609802","2610089","62","8153969"
"chr12","10795801","10795871","KN295980v1","204532","204597","24","10591269"
"chr12","10890594","10890789","KN294205v1","957443","957638","54","9933151"
"chr12","11198752","11198899","KN295236v1","1052651","1052796","37","10146101"
"chr12","11331985","11332270","KN296948v1","762193","762479","82","10569792"
"chr12","11461920","11462140","KN295923v1","1986700","1986911","50","9475220"
"chr12","11482412","11482551","KN295708v1","493184","493318","27","10989228"
"chr12","11560872","11561182","KN295352v1","729753","730045","65","10831119"
"chr12","11620166","11620289","KN296322v1","997745","997870","21","10622421"
"chr12","11661013","11661292","KN297008v1","6549351","6549627","61","5111662"
"chr12","11930133","11930412","KN297197v1","1048614","1048879","71","10881519"
"chr12","11951919","11952204","KN296731v1","564284","564572","22","11387635"
"chr12","12068405","12068657","KN296731v1","673728","673965","30","11394677"
"chr12","12074804","12074937","KN296646v1","421791","421930","29","11653013"
"chr12","12084129","12084258","KN297215v1","722339","722465","24","11361790"
"chr12","12258123","12258397","KN295906v1","883641","883911","69","11374482"
"chr12","12386910","12387166","KN296731v1","998171","998423","15","11388739"
"chr12","12418413","12418687","KN296731v1","1028220","1028490","34","11390193"
"chr12","12445048","12445337","KN296495v1","1076274","1076557","66","11368774"
"chr12","12482722","12482986","KN296731v1","1090257","1090517","23","11392465"
"chr12","12489997","12490208","KN296505v1","1257835","1258044","49","11232162"
"chr12","12602749","12602986","KN296731v1","1218231","1218472","15","11384518"
"chr12","12710551","12710840","KN296731v1","1334848","1335136","17","11375703"
"chr12","12711674","12711727","KN297420v1","5622","5674","21","12706052"
"chr12","12729560","12729748","KN294207v1","140158","140336","79","12589402"
"chr12","12729877","12730026","KN294378v1","973956","974106","41","11755921"
"chr12","12730079","12730212","KN295096v1","3635797","3635926","31","9094282"
"chr12","12735645","12735775","KN295607v1","4512853","4512967","44","8222792"
"chr12","12735801","12735961","KN294407v1","109423","109582","37","12626378"
"chr12","12772937","12773095","KN294407v1","109423","109582","34","12663514"
"chr12","12773279","12773549","KN296731v1","1403282","1403549","13","11369997"
"chr12","12775722","12776026","KN294634v1","387267","387565","68","12388455"
"chr12","12783624","12783933","KN294954v1","70243","70554","65","12713381"
"chr12","12838173","12838456","KN296187v1","1706091","1706379","61","11132082"
"chr12","12944155","12944283","KN296731v1","1584821","1584953","10","11359334"
"chr12","13306122","13306428","KN294539v1","3359067","3359368","81","9947055"
"chr12","13351784","13351913","KN296311v1","4815038","4815168","17","8536746"
"chr12","13433082","13433257","KN296926v1","317317","317500","36","13115765"
"chr12","13457269","13457577","KN294486v1","867184","867500","59","12590085"
"chr12","13477159","13477286","KN295441v1","789788","789916","19","12687371"
"chr12","14251941","14252240","KN294260v1","822843","823138","64","13429098"
"chr12","14325704","14325997","KN296322v1","1648835","1649139","71","12676869"
"chr12","14383564","14383861","KN294728v1","765090","765383","72","13618474"
"chr12","14405404","14405716","KN295102v1","387826","388136","63","14017578"
"chr12","14479078","14479137","KN296315v1","444949","445008","6","14034129"
"chr12","14588436","14588557","KN295533v1","2843283","2843406","24","11745153"
"chr12","14618555","14618826","KN296315v1","602992","603236","39","14015563"
"chr12","14906431","14906598","KN296538v1","344550","344703","41","14561881"
"chr12","14920512","14920671","KN296315v1","917369","917527","10","14003143"
"chr12","15022277","15022560","KN296315v1","1023330","1023621","20","13998947"
"chr12","15668910","15669184","KN296315v1","1679500","1679783","32","13989410"
"chr12","15924146","15924400","KN296315v1","1947557","1947815","21","13976589"
"chr12","16051865","16052081","KN295714v1","24603","24811","23","16027262"
"chr12","16267734","16268034","KN295984v1","2871019","2871332","78","13396715"
"chr12","16374891","16375176","KN297462v1","564741","565026","23","15810150"
"chr12","16463189","16463348","KN294346v1","260578","260726","45","16202611"
"chr12","18988488","18988733","KN296266v1","99554","99788","74","18888934"
"chr12","19097742","19097904","KN296596v1","21794","21951","36","19075948"
"chr12","19098205","19098350","KN295667v1","1121076","1121214","34","17977129"
"chr12","19111499","19111639","KN295366v1","280075","280209","28","18831424"
"chr12","19412603","19412712","KN296730v1","144073","144180","9","19268530"
"chr12","19498871","19499034","KN296263v1","536654","536807","43","18962217"
"chr12","19789766","19790073","KN295202v1","249680","249985","11","19540086"
"chr12","20187167","20187478","KN295202v1","661818","662139","30","19525349"
"chr12","20462796","20463071","KN294429v1","91075","91362","67","20371721"
"chr12","20490831","20491085","KN296290v1","1215856","1216128","67","19274975"
"chr12","20541076","20541399","KN294954v1","70243","70554","76","20470833"
"chr12","20760742","20760891","KN294407v1","2863006","2863150","42","17897736"
"chr12","20930489","20930583","KN295202v1","1411243","1411336","3","19519246"
"chr12","21220370","21220490","KN295561v1","226650","226763","32","20993720"
"chr12","21600115","21600427","KN297190v1","6401851","6402158","77","15198264"
"chr12","21870255","21870549","KN294758v1","1361907","1362206","64","20508348"
"chr12","21985894","21986200","KN295152v1","406877","407165","41","21579017"
"chr12","22060361","22060678","KN294421v1","9377","9683","77","22050984"
"chr12","22586305","22586507","KN295994v1","491289","491494","45","22095016"
"chr12","22587773","22587954","KN294457v1","946089","946274","46","21641684"
"chr12","22838864","22838963","KN294471v1","360662","360756","25","22478202"
"chr12","23036475","23036697","KN295572v1","371863","372076","60","22664612"
"chr12","23300681","23300976","KN295205v1","1462650","1462956","67","21838031"
"chr12","23979699","23979876","KN297322v1","846386","846555","48","23133313"
"chr12","23979914","23979934","KN295967v1","566874","566886","11","23413040"
"chr12","23979997","23980098","KN294239v1","1578795","1578887","29","22401202"
"chr12","23995417","23995697","KN294287v1","464581","464863","63","23530836"
"chr12","24148568","24148918","KN296783v1","392053","392363","97","23756515"
"chr12","24428490","24428756","KN294569v1","652042","652317","61","23776448"
"chr12","24672724","24672986","KN297189v1","235450","235714","62","24437274"
"chr12","24877872","24878156","KN295722v1","1369561","1369836","65","23508311"
"chr12","24964350","24964474","KN294457v1","130203","130331","27","24834147"
"chr12","25057253","25057557","KN297390v1","84191","84473","37","24973062"
"chr12","25181113","25181418","KN297068v1","330133","330436","18","24850980"
"chr12","25551381","25551691","KN297180v1","314236","314539","62","25237145"
"chr12","25952759","25953032","KN295820v1","884516","884794","60","25068243"
"chr12","25966251","25966506","KN295585v1","102609","102863","69","25863642"
"chr12","26004882","26005004","KN297038v1","317140","317257","27","25687742"
"chr12","26024168","26024300","KN295705v1","382490","382621","21","25641678"
"chr12","26277137","26277450","KN295368v1","1939103","1939400","73","24338034"
"chr12","26348874","26348949","KN296153v1","38672","38740","19","26310202"
"chr12","26929440","26929704","KN294630v1","249844","250117","79","26679596"
"chr12","26958079","26958374","KN296864v1","1939832","1940132","60","25018247"
"chr12","27018522","27018639","KN296036v1","739589","739697","22","26278933"
"chr12","27018671","27018846","KN296290v1","2993257","2993432","43","24025414"
"chr12","27054916","27055218","KN295667v1","1567361","1567664","61","25487555"
"chr12","27208483","27208785","KN294279v1","171583","171867","77","27036900"
"chr12","27215131","27215412","KN295576v1","164716","164996","64","27050415"
"chr12","27234703","27234993","KN295171v1","12625","12912","62","27222078"
"chr12","27294711","27294998","KN296743v1","1912471","1912755","80","25382240"
"chr12","27362801","27363109","KN297190v1","2236378","2236664","70","25126423"
"chr12","27709335","27709456","KN295533v1","2843283","2843406","24","24866052"
"chr12","27724939","27725210","KN295352v1","957403","957690","76","26767536"
"chr12","27940364","27940649","KN294571v1","449658","449947","63","27490706"
"chr12","28145766","28145890","KN294705v1","1859033","1859148","39","26286733"
"chr12","28146251","28146301","KN296485v1","455448","455491","15","27690803"
"chr12","28166085","28166327","KN297452v1","257214","257456","57","27908871"
"chr12","29277924","29278228","KN294848v1","932997","933294","66","28344927"
"chr12","29716037","29716319","KN294677v1","45530","45799","74","29670507"
"chr12","29723440","29723707","KN296948v1","762193","762479","71","28961247"
"chr12","30137467","30137753","KN296883v1","2609802","2610089","68","27527665"
"chr12","30146867","30147023","KN297171v1","1235221","1235375","33","28911646"
"chr12","30300321","30300615","KN296515v1","108704","108986","76","30191617"
"chr12","30492702","30492970","KN296119v1","4872321","4872585","66","25620381"
"chr12","30644094","30644383","KN294210v1","473112","473404","74","30170982"
"chr12","30746251","30746401","KN295326v1","444837","444999","37","30301414"
"chr12","30838319","30838569","KN295243v1","334589","334841","64","30503730"
"chr12","31034989","31035292","KN296507v1","738522","738814","65","30296467"
"chr12","31109390","31109592","KN297008v1","2592243","2592438","62","28517147"
"chr12","31275689","31275905","KN294879v1","1183051","1183277","55","30092638"
"chr12","31509339","31509557","KN294229v1","196352","196583","27","31312987"
"chr12","31513839","31514139","KN294229v1","190448","190752","25","31323391"
"chr12","31744197","31744300","KN296072v1","165051","165155","32","31579146"
"chr12","31744775","31744858","KN295633v1","2100867","2100948","29","29643908"
"chr12","32041054","32041360","KN296322v1","1648835","1649139","62","30392219"
"chr12","32152246","32152524","KN296726v1","290991","291261","23","31861255"
"chr12","32256051","32256349","KN296726v1","392031","392328","19","31864020"
"chr12","32265427","32265749","KN294187v1","201748","202053","75","32063679"
"chr12","32325056","32325153","KN295368v1","597302","597393","27","31727754"
"chr12","32368769","32368913","KN296573v1","15418","15557","33","32353351"
"chr12","32465783","32466077","KN296495v1","1076274","1076557","62","31389509"
"chr12","32484910","32485142","KN296726v1","624464","624675","32","31860446"
"chr12","32571919","32572063","KN295962v1","2106431","2106583","37","30465488"
"chr12","32638082","32638251","KN297219v1","2703507","2703665","42","29934575"
"chr12","32712502","32712669","KN297319v1","373164","373327","28","32339338"
"chr12","32840298","32840598","KN296964v1","1814390","1814681","58","31025908"
"chr12","32871290","32871462","KN295633v1","552946","553113","40","32318344"
"chr12","32871764","32871854","KN295996v1","492408","492498","24","32379356"
"chr12","32920068","32920207","KN296732v1","3311835","3311972","24","29608233"
"chr12","32954422","32954746","KN296726v1","1118716","1119048","37","31835706"
"chr12","32955482","32955623","KN295077v1","850159","850295","40","32105323"
"chr12","32955909","32956048","KN295596v1","545689","545834","33","32410220"
"chr12","33440512","33440700","KN296926v1","506799","506991","60","32933713"
"chr12","39081259","39081544","KN297259v1","1570980","1571280","79","37510279"
"chr12","39494742","39494975","KN297259v1","427903","428124","48","39066839"
"chr12","39506941","39507238","KN294172v1","1404856","1405150","63","38102085"
"chr12","39961801","39961930","KN297229v1","352299","352425","29","39609502"
"chr12","40116452","40116590","KN296573v1","15418","15557","33","40101034"
"chr12","40116982","40117022","KN294302v1","676226","676263","12","39440756"
"chr12","40220752","40221058","KN294266v1","164249","164555","24","40056503"
"chr12","40235190","40235480","KN294396v1","224755","225042","58","40010435"
"chr12","40419349","40419621","KN296320v1","12423","12699","20","40406926"
"chr12","40755433","40755724","KN297398v1","103760","104057","80","40651673"
"chr12","40810746","40811025","KN295538v1","81590","81892","38","40729156"
"chr12","41553434","41553718","KN297197v1","1048614","1048879","82","40504820"
"chr12","42121350","42121628","KN296303v1","805215","805501","70","41316135"
"chr12","42134319","42134523","KN295610v1","375600","375802","49","41758719"
"chr12","42178907","42179072","KN296926v1","1156893","1157056","37","41022014"
"chr12","42187178","42187437","KN297259v1","1032100","1032351","58","41155078"
"chr12","42190062","42190374","KN296836v1","993587","993901","73","41196475"
"chr12","42221291","42221569","KN296435v1","2611722","2612009","58","39609569"
"chr12","42290909","42291196","KN295315v1","1023682","1023969","67","41267227"
"chr12","42308086","42308367","KN296311v1","5353300","5353582","65","36954786"
"chr12","42494891","42495091","KN294777v1","706958","707163","51","41787933"
"chr12","42495402","42495530","KN296062v1","2246018","2246144","38","40249384"
"chr12","42671050","42671238","KN295891v1","106842","106993","69","42564208"
"chr12","42671966","42672027","KN295236v1","6026943","6027005","20","36645023"
"chr12","42700629","42700843","KN296828v1","160118","160328","51","42540511"
"chr12","43543019","43543330","KN295633v1","778185","778486","79","42764834"
"chr12","43554757","43555029","KN295375v1","377349","377631","70","43177408"
"chr12","43947052","43947359","KN296322v1","1648835","1649139","60","42298217"
"chr12","44407379","44407668","KN295349v1","6069","6347","74","44401310"
"chr12","45197953","45198126","KN295045v1","1030165","1030337","51","44167788"
"chr12","45214787","45214927","KN295667v1","2094667","2094776","46","43120120"
"chr12","45266601","45266802","KN294205v1","1582745","1582943","46","43683856"
"chr12","45420339","45420605","KN294581v1","525490","525766","68","44894849"
"chr12","45712786","45713055","KN296119v1","5896334","5896605","76","39816452"
"chr12","45746101","45746409","KN296119v1","1431837","1432146","72","44314264"
"chr12","45752519","45752795","KN296577v1","367163","367438","67","45385356"
"chr12","45815681","45815960","KN296404v1","3867528","3867811","64","41948153"
"chr12","45826412","45826708","KN296244v1","296863","297159","78","45529549"
"chr12","45867261","45867460","KN297046v1","2262724","2262922","55","43604537"
"chr12","45867767","45867890","KN296682v1","4980731","4980854","23","40887036"
"chr12","45981622","45981793","KN294703v1","325831","325997","45","45655791"
"chr12","46233032","46233323","KN297016v1","101503","101788","61","46131529"
"chr12","46963586","46963887","KN295352v1","1382929","1383224","63","45580657"
"chr12","47157307","47157573","KN294571v1","2363835","2364096","78","44793472"
"chr12","47246801","47247026","KN296145v1","736954","737187","68","46509847"
"chr12","47288779","47289093","KN296096v1","1326102","1326406","74","45962677"
"chr12","47347487","47347587","KN295430v1","995039","995130","27","46352448"
"chr12","47527823","47528105","KN294187v1","1887786","1888062","76","45640037"
"chr12","47734030","47734296","KN296864v1","2279896","2280175","71","45454134"
"chr12","47848191","47848330","KN296864v1","1385026","1385166","24","46463165"
"chr12","48061409","48061707","KN297058v1","392670","392966","64","47668739"
"chr12","48098220","48098362","KN295326v1","47475","47619","32","48050745"
"chr12","48098661","48098840","KN295241v1","97934","98104","42","48000727"
"chr12","48220440","48220745","KN294911v1","891917","892211","69","47328523"
"chr12","48268461","48268761","KN295079v1","373372","373674","69","47895089"
"chr12","48298493","48298712","KN296404v1","2381217","2381439","54","45917276"
"chr12","48579983","48580268","KN295346v1","1646114","1646406","69","46933869"
"chr12","48617037","48617326","KN297462v1","564741","565026","67","48052296"
"chr12","48680359","48680491","KN297453v1","84448","84582","20","48595911"
"chr12","48801509","48801667","KN295236v1","3633881","3634012","49","45167628"
"chr12","48802631","48802772","KN296879v1","1045124","1045272","30","47757507"
"chr12","48838269","48838566","KN294410v1","221173","221470","66","48617096"
"chr12","48870134","48870269","KN295605v1","687968","688102","22","48182166"
"chr12","48895044","48895354","KN296308v1","750453","750763","82","48144591"
"chr12","48967624","48967750","KN295441v1","789788","789916","23","48177836"
"chr12","49074570","49074862","KN294378v1","1350669","1350966","71","47723901"
"chr12","49114324","49114558","KN297245v1","2387953","2388175","60","46726371"
"chr12","49165583","49165726","KN296000v1","870715","870835","53","48294868"
"chr12","49176088","49176400","KN296475v1","141149","141461","74","49034939"
"chr12","49181110","49181312","KN295994v1","491289","491494","48","48689821"
"chr12","49217396","49217650","KN294873v1","82870","83122","64","49134526"
"chr12","49300709","49300847","KN297023v1","686879","687015","29","48613830"
"chr12","49329544","49329680","KN296682v1","3822702","3822835","20","45506842"
"chr12","49364334","49364629","KN297219v1","1576359","1576655","59","47787975"
"chr12","49373538","49373645","KN296062v1","573295","573398","24","48800243"
"chr12","49373935","49374101","KN294172v1","3210200","3210360","38","46163735"
"chr12","49401175","49401309","KN296538v1","514898","515032","20","48886277"
"chr12","49477963","49478278","KN296306v1","2458139","2458449","61","47019824"
"chr12","49509985","49510277","KN294261v1","349079","349368","62","49160906"
"chr12","49659405","49659712","KN294452v1","1374937","1375240","57","48284468"
"chr12","49666548","49666817","KN297046v1","2130311","2130564","65","47536237"
"chr12","49785011","49785308","KN294260v1","822843","823138","59","48962168"
"chr12","49813832","49814108","KN297219v1","1621419","1621693","68","48192413"
"chr12","49854435","49854704","KN297225v1","665237","665503","63","49189198"
"chr12","49919257","49919398","KN296142v1","213909","214054","26","49705348"
"chr12","50015388","50015519","KN295706v1","131306","131439","26","49884082"
"chr12","50015837","50015869","KN295854v1","1484570","1484606","14","48531267"
"chr12","50122574","50122715","KN296247v1","959095","959240","32","49163479"
"chr12","50123016","50123049","KN296290v1","587719","587750","5","49535297"
"chr12","50127393","50127681","KN295090v1","2374852","2375141","56","47752541"
"chr12","50179791","50179905","KN295205v1","1234306","1234404","41","48945485"
"chr12","50180486","50180590","KN295236v1","1282066","1282173","26","48898420"
"chr12","50250321","50250588","KN295872v1","162737","163015","69","50087584"
"chr12","50288180","50288472","KN295090v1","2374852","2375141","67","47913328"
"chr12","50328241","50328389","KN295977v1","1244806","1244955","32","49083435"
"chr12","50384155","50384446","KN294266v1","164249","164555","73","50219906"
"chr12","50394733","50395027","KN294954v1","70243","70554","69","50324490"
"chr12","50424086","50424351","KN294987v1","7169","7439","66","50416917"
"chr12","50697534","50697829","KN295586v1","650323","650611","70","50047211"
"chr12","50844909","50845032","KN295236v1","3047477","3047602","24","47797432"
"chr12","50860620","50860909","KN294279v1","171583","171867","60","50689037"
"chr12","50889786","50890062","KN295257v1","796704","796977","75","50093082"
"chr12","51030180","51030288","KN294848v1","295585","295697","24","50734595"
"chr12","51040658","51040897","KN294208v1","73414","73627","75","50967244"
"chr12","51129867","51130149","KN294172v1","4574526","4574813","66","46555341"
"chr12","51140440","51140452","KN296270v1","59476","59487","1","51080964"
"chr12","51140587","51140773","KN296577v1","938048","938235","45","50202539"
"chr12","51153096","51153384","KN295352v1","729753","730045","57","50423343"
"chr12","51175824","51175983","KN294407v1","109423","109582","32","51066401"
"chr12","51259279","51259413","KN294964v1","965459","965591","23","50293820"
"chr12","51259707","51260001","KN294235v1","47425","47725","56","51212282"
"chr12","51449759","51450046","KN297184v1","1114866","1115167","70","50334893"
"chr12","51581596","51581860","KN297159v1","3240640","3240901","15","48340956"
"chr12","51867702","51867941","KN296404v1","3889374","3889596","65","47978328"
"chr12","51919405","51919692","KN297159v1","2919659","2919942","18","48999746"
"chr12","52011606","52011732","KN294410v1","486228","486353","27","51525378"
"chr12","52057989","52058123","KN296915v1","296877","297011","23","51761112"
"chr12","52218523","52218815","KN296938v1","298054","298338","75","51920469"
"chr12","52935646","52935806","KN295721v1","382777","382938","38","52552869"
"chr12","52989558","52989856","KN294260v1","822843","823138","55","52166715"
"chr12","53022891","53023136","KN297159v1","1843590","1843857","34","51179301"
"chr12","53083191","53083489","KN296538v1","333498","333794","68","52749693"
"chr12","53161679","53161975","KN297159v1","1712744","1713036","32","51448935"
"chr12","53330362","53330511","KN297159v1","1527017","1527149","26","51803345"
"chr12","53407165","53407281","KN296153v1","3603162","3603273","24","49804003"
"chr12","53542445","53542720","KN296306v1","1771005","1771285","61","51771440"
"chr12","53548170","53548301","KN295893v1","2369160","2369293","29","51179010"
"chr12","53548325","53548631","KN297159v1","1311633","1311940","25","52236692"
"chr12","53551161","53551458","KN297159v1","1308703","1308996","20","52242458"
"chr12","53616234","53616521","KN297159v1","1235995","1236289","22","52380239"
"chr12","53622897","53623029","KN297159v1","1228794","1228924","11","52394103"
"chr12","53630672","53631045","KN296620v1","438922","439294","122","53191750"
"chr12","53631834","53632135","KN296247v1","180574","180876","72","53451260"
"chr12","53643566","53643661","KN296738v1","61831","61924","18","53581735"
"chr12","53692243","53692497","KN296921v1","2833134","2833394","63","50859109"
"chr12","53841238","53841519","KN296306v1","1771005","1771285","60","52070233"
"chr12","54139445","54139586","KN297159v1","701325","701454","19","53438120"
"chr12","54139889","54140046","KN297159v1","700869","701022","11","53439020"
"chr12","54226037","54226209","KN297159v1","608218","608391","37","53617819"
"chr12","54269779","54269875","KN295077v1","303624","303729","33","53966155"
"chr12","54449653","54449857","KN297159v1","373831","374038","17","54075822"
"chr12","54469377","54469404","KN296907v1","491287","491310","5","53978090"
"chr12","54469709","54469852","KN296573v1","15418","15557","28","54454291"
"chr12","54511421","54511706","KN297133v1","328287","328569","64","54183134"
"chr12","54563876","54563974","KN296668v1","3145","3243","30","54560731"
"chr12","54564350","54564652","KN295667v1","1567361","1567664","70","52996989"
"chr12","54655673","54656013","KN297159v1","164388","164689","71","54491285"
"chr12","54674235","54674509","KN297159v1","146708","146968","26","54527527"
"chr12","54766050","54766351","KN297141v1","17086","17384","62","54748964"
"chr12","55361575","55361858","KN295586v1","1148537","1148805","66","54213038"
"chr12","55475172","55475502","KN296925v1","115493","115782","103","55359679"
"chr12","55597755","55598085","KN296865v1","1627674","1628000","97","53970081"
"chr12","55675960","55676248","KN297219v1","1576359","1576655","68","54099601"
"chr12","55765357","55765643","KN295984v1","150673","150962","61","55614684"
"chr12","55863277","55863581","KN294345v1","1713106","1713396","74","54150171"
"chr12","55885699","55886004","KN297180v1","314236","314539","62","55571463"
"chr12","55919925","55920228","KN295907v1","1678564","1678867","78","54241361"
"chr12","55920232","55920352","KN297038v1","317140","317257","25","55603092"
"chr12","55999156","55999394","KN295441v1","1486178","1486397","73","54512978"
"chr12","56043561","56043825","KN297197v1","1048614","1048879","74","54994947"
"chr12","56112127","56112253","KN297046v1","1059193","1059319","43","55052934"
"chr12","56146359","56146623","KN294421v1","809992","810249","82","55336367"
"chr12","56198148","56198234","KN295236v1","1305949","1306032","23","54892199"
"chr12","56411620","56411901","KN295637v1","799799","800078","73","55611821"
"chr12","56418567","56418865","KN297112v1","987517","987814","75","55431050"
"chr12","56435377","56435522","KN296573v1","15418","15557","27","56419959"
"chr12","56461453","56461750","KN294523v1","15844","16136","61","56445609"
"chr12","56503173","56503477","KN296948v1","762193","762479","70","55740980"
"chr12","56514634","56514848","KN295923v1","1986700","1986911","54","54527934"
"chr12","56533110","56533401","KN296303v1","805215","805501","55","55727895"
"chr12","56542883","56543172","KN294407v1","1718897","1719202","87","54823986"
"chr12","56550895","56551143","KN294879v1","1183051","1183277","64","55367844"
"chr12","56555473","56555594","KN294199v1","969997","970115","23","55585476"
"chr12","56555882","56556060","KN295352v1","256766","256946","34","56299116"
"chr12","56586559","56586657","KN296588v1","2196132","2196224","23","54390427"
"chr12","56618915","56619061","KN294407v1","2457734","2457877","35","54161181"
"chr12","56619359","56619536","KN296394v1","294180","294349","37","56325179"
"chr12","56621689","56621979","KN295099v1","55159","55457","55","56566530"
"chr12","56678835","56679122","KN294199v1","1022551","1022840","68","55656284"
"chr12","56779127","56779437","KN297219v1","1839754","1840062","72","54939373"
"chr12","56801980","56802112","KN295526v1","475989","476122","23","56325991"
"chr12","56855401","56855686","KN296108v1","662332","662610","65","56193069"
"chr12","56930950","56931268","KN294399v1","171378","171682","71","56759572"
"chr12","57079768","57079934","KN296643v1","410184","410354","40","56669584"
"chr12","57228417","57228703","KN294420v1","816046","816329","65","56412371"
"chr12","57311527","57311672","KN296311v1","2361921","2362066","25","54949606"
"chr12","57331599","57331644","KN294444v1","115776","115820","14","57215823"
"chr12","57331928","57332095","KN295758v1","1052642","1052813","48","56279286"
"chr12","57405021","57405247","KN296119v1","805789","806002","54","56599232"
"chr12","57410571","57410870","KN294539v1","3359067","3359368","63","54051504"
"chr12","57496505","57496792","KN295923v1","1392828","1393125","67","56103677"
"chr12","57505526","57505826","KN294210v1","473112","473404","62","57032414"
"chr12","57571094","57571183","KN294848v1","1002927","1003014","18","56568167"
"chr12","57669435","57669705","KN294552v1","1295874","1296134","65","56373561"
"chr12","57714602","57714886","KN296502v1","1280490","1280768","60","56434112"
"chr12","57899959","57900122","KN294685v1","1344495","1344649","47","56555464"
"chr12","57900427","57900559","KN294457v1","130203","130331","28","57770224"
"chr12","57977849","57978025","KN297113v1","252877","253050","40","57724972"
"chr12","58003657","58003938","KN294279v1","171583","171867","53","57832074"
"chr12","58355840","58356138","KN296322v1","1648835","1649139","76","56707005"
"chr12","58574672","58574952","KN296921v1","2833134","2833394","68","55741538"
"chr12","59000155","59000288","KN296426v1","870075","870198","45","58130080"
"chr12","59288549","59288774","KN296145v1","3732348","3732587","73","55556201"
"chr12","59436605","59436906","KN296244v1","296863","297159","89","59139742"
"chr12","59947216","59947509","KN294172v1","1944132","1944423","68","58003084"
"chr12","60309078","60309359","KN296495v1","1076274","1076557","70","59232804"
"chr12","60459598","60459762","KN297319v1","373164","373327","44","60086434"
"chr12","61046252","61046543","KN294520v1","992368","992662","66","60053884"
"chr12","61354586","61354879","KN294592v1","450560","450839","76","60904026"
"chr12","61367740","61368051","KN294399v1","171378","171682","64","61196362"
"chr12","61449550","61449682","KN294536v1","420664","420795","33","61028886"
"chr12","61513007","61513294","KN296322v1","1648835","1649139","74","59864172"
"chr12","62138137","62138300","KN294407v1","109423","109582","34","62028714"
"chr12","62153381","62153679","KN296495v1","1076274","1076557","65","61077107"
"chr12","62178023","62178319","KN297227v1","1049335","1049619","68","61128688"
"chr12","62265556","62265852","KN294210v1","473112","473404","64","61792444"
"chr12","62269424","62269720","KN297327v1","807993","808286","64","61461431"
"chr12","62274470","62274651","KN295294v1","144515","144695","48","62129955"
"chr12","62407734","62407863","KN294410v1","486228","486353","30","61921506"
"chr12","62581258","62581559","KN296767v1","573786","574062","84","62007472"
"chr12","62636718","62636891","KN296153v1","1529421","1529604","48","61107297"
"chr12","62637181","62637301","KN296926v1","988728","988849","19","61648453"
"chr12","62652231","62652379","KN294513v1","518116","518264","29","62134115"
"chr12","62814383","62814517","KN297023v1","686879","687015","17","62127504"
"chr12","63304508","63304796","KN294199v1","1022551","1022840","64","62281957"
"chr12","63672339","63672622","KN295984v1","2286186","2286477","63","61386153"
"chr12","63811635","63811889","KN295596v1","2296079","2296336","73","61515556"
"chr12","63842159","63842216","KN294991v1","925025","925083","15","62917134"
"chr12","63842526","63842601","KN294262v1","1834388","1834459","21","62008138"
"chr12","63861706","63861839","KN296093v1","103205","103337","25","63758501"
"chr12","64123217","64123358","KN294346v1","260578","260726","39","63862639"
"chr12","64229996","64230278","KN296495v1","1076274","1076557","63","63153722"
"chr12","64316402","64316552","KN294911v1","4203032","4203163","42","60113370"
"chr12","64441293","64441411","KN294787v1","247438","247555","35","64193855"
"chr12","64450154","64450444","KN295596v1","2229331","2229614","47","62220823"
"chr12","64648803","64649086","KN295205v1","656212","656501","66","63992591"
"chr12","64690489","64690783","KN295205v1","1077585","1077883","66","63612904"
"chr12","64807748","64808055","KN297327v1","807993","808286","70","63999755"
"chr12","64822186","64822480","KN294806v1","594997","595290","57","64227189"
"chr12","64843020","64843294","KN297197v1","1048614","1048879","66","63794406"
"chr12","64865575","64865785","KN295923v1","1986700","1986911","42","62878875"
"chr12","64888526","64888690","KN297319v1","373164","373327","33","64515362"
"chr12","65139988","65140272","KN295708v1","735658","735943","62","64404330"
"chr12","65223300","65223511","KN295666v1","152100","152313","43","65071200"
"chr12","65264333","65264618","KN294260v1","1091595","1091881","74","64172738"
"chr12","65375434","65375736","KN294452v1","1374937","1375240","67","64000497"
"chr12","66061078","66061343","KN294486v1","1422392","1422652","19","64638686"
"chr12","66073832","66073965","KN294486v1","1411905","1412035","11","64661927"
"chr12","66091923","66092167","KN294713v1","801014","801236","64","65290909"
"chr12","66298808","66298954","KN294856v1","256027","256175","46","66042781"
"chr12","66391574","66391866","KN295744v1","408789","409077","69","65982785"
"chr12","66635137","66635453","KN294486v1","867184","867500","22","65767953"
"chr12","66736174","66736346","KN295977v1","425944","426098","46","66310230"
"chr12","66736393","66736436","KN296356v1","709440","709478","16","66026953"
"chr12","67118918","67119109","KN294911v1","4985405","4985572","64","62133513"
"chr12","67123912","67124067","KN294685v1","23168","23332","39","67100744"
"chr12","67359842","67360135","KN294578v1","639003","639297","69","66720839"
"chr12","67432075","67432363","KN295705v1","823070","823354","68","66609005"
"chr12","67468027","67468159","KN295605v1","687968","688102","28","66780059"
"chr12","67503142","67503391","KN297197v1","2183815","2184043","61","65319327"
"chr12","67591892","67592189","KN296538v1","333498","333794","72","67258394"
"chr12","67644477","67644599","KN295090v1","903125","903258","26","66741352"
"chr12","67746999","67747325","KN296646v1","219873","220175","91","67527126"
"chr12","67764424","67764584","KN295925v1","435140","435310","30","67329284"
"chr12","67984657","67984816","KN295925v1","230134","230293","7","67754523"
"chr12","68115869","68116154","KN295925v1","99463","99748","21","68016406"
"chr12","68355781","68356093","KN295406v1","486578","486886","71","67869203"
"chr12","68537986","68538141","KN296738v1","200423","200579","35","68337563"
"chr12","68575842","68576136","KN297184v1","1114866","1115167","55","67460976"
"chr12","68606796","68607108","KN295099v1","55159","55457","64","68551637"
"chr12","68636425","68636714","KN294581v1","315061","315366","88","68321364"
"chr12","68718648","68718782","KN295112v1","531236","531368","18","68187412"
"chr12","68779657","68779978","KN294452v1","1374937","1375240","77","67404720"
"chr12","68812615","68812748","KN295405v1","302250","302381","28","68510365"
"chr12","68847883","68848142","KN296948v1","999703","999965","67","67848180"
"chr12","68864731","68865019","KN297016v1","101503","101788","61","68763228"
"chr12","68878906","68879199","KN297227v1","1123419","1123703","66","67755487"
"chr12","68889547","68889726","KN295361v1","882059","882232","39","68007488"
"chr12","68890127","68890241","KN297416v1","162444","162561","26","68727683"
"chr12","69029521","69029805","KN294420v1","263951","264214","74","68765570"
"chr12","69045788","69046069","KN295983v1","1223920","1224199","51","67821868"
"chr12","69137379","69137519","KN296145v1","649092","649233","38","68488287"
"chr12","69164450","69164720","KN295984v1","2962847","2963132","65","66201603"
"chr12","69222475","69222607","KN296311v1","6471968","6472102","22","62750507"
"chr12","69252107","69252357","KN297046v1","2072166","2072416","75","67179941"
"chr12","69333756","69333965","KN296507v1","415379","415594","62","68918377"
"chr12","69413132","69413373","KN297180v1","531711","531948","59","68881421"
"chr12","69491506","69491782","KN296502v1","1280490","1280768","82","68211016"
"chr12","69594575","69594863","KN295894v1","2131941","2132242","57","67462634"
"chr12","69681336","69681467","KN295405v1","302250","302381","21","69379086"
"chr12","69687351","69687680","KN297242v1","1347482","1347793","88","68339869"
"chr12","69751992","69752303","KN295406v1","486578","486886","70","69265414"
"chr12","69872342","69872506","KN294540v1","770939","771118","42","69101403"
"chr12","69872799","69872927","KN296643v1","191078","191208","27","69681721"
"chr12","70344447","70344732","KN295910v1","54930","55220","68","70289517"
"chr12","70349718","70350006","KN297133v1","328287","328569","66","70021431"
"chr12","70384609","70384903","KN295394v1","1009371","1009662","78","69375238"
"chr12","70391294","70391605","KN295406v1","486578","486886","62","69904716"
"chr12","70523164","70523369","KN296158v1","230905","231113","46","70292259"
"chr12","70530743","70530879","KN297023v1","686879","687015","25","69843864"
"chr12","70673942","70674234","KN297023v1","640512","640805","63","70033430"
"chr12","70730551","70730814","KN297112v1","4879822","4880096","69","65850729"
"chr12","70737536","70737812","KN294420v1","816046","816329","58","69921490"
"chr12","70760330","70760409","KN295236v1","1305949","1306032","23","69454381"
"chr12","70955577","70955953","KN294723v1","176879","177147","125","70778698"
"chr12","71010899","71011240","KN294251v1","1366870","1367179","89","69644029"
"chr12","71537210","71537503","KN296637v1","311987","312264","41","71225223"
"chr12","71562422","71562585","KN296637v1","337006","337162","19","71225416"
"chr12","71723541","71723849","KN297165v1","2596688","2597002","73","69126853"
"chr12","74097860","74098171","KN297159v1","1311633","1311940","77","72786227"
"chr12","75424464","75424712","KN295368v1","2443516","2443764","20","72980948"
"chr12","75911071","75911377","KN295368v1","1939103","1939400","28","73971968"
"chr12","76079244","76079472","KN295368v1","1769567","1769795","16","74309677"
"chr12","76114183","76114412","KN295368v1","1736252","1736479","17","74377931"
"chr12","76391554","76391769","KN296743v1","1848381","1848599","62","74543173"
"chr12","76458408","76458710","KN295368v1","1395133","1395437","17","75063275"
"chr12","76530052","76530357","KN295368v1","1328354","1328678","33","75201698"
"chr12","76550819","76551059","KN297197v1","1048614","1048879","87","75502205"
"chr12","76580181","76580461","KN294592v1","450560","450839","72","76129621"
"chr12","76603923","76604227","KN294373v1","634635","634916","92","75969288"
"chr12","76622887","76623200","KN294954v1","70243","70554","64","76552644"
"chr12","76671498","76671780","KN296948v1","762193","762479","66","75909305"
"chr12","77074255","77074533","KN295075v1","476875","477161","75","76597380"
"chr12","77407166","77407467","KN295607v1","4681872","4682160","73","72725294"
"chr12","77531753","77532029","KN295368v1","282957","283229","24","77248796"
"chr12","78140880","78141185","KN296322v1","1648835","1649139","67","76492045"
"chr12","78218664","78218820","KN294844v1","413055","413209","9","77805609"
"chr12","78381281","78381549","KN294844v1","584075","584344","24","77797206"
"chr12","78424460","78424740","KN294844v1","628531","628810","25","77795929"
"chr12","78502111","78502400","KN295984v1","2286186","2286477","73","76215925"
"chr12","78617390","78617666","KN297026v1","800582","800867","66","77816808"
"chr12","79369200","79369490","KN294452v1","1024655","1024959","70","78344545"
"chr12","79601208","79601504","KN295102v1","387826","388136","69","79213382"
"chr12","79610644","79610768","KN296019v1","235214","235337","25","79375430"
"chr12","79703088","79703375","KN296502v1","1280490","1280768","67","78422598"
"chr12","79789779","79790073","KN295664v1","85905","86194","76","79703874"
"chr12","79849822","79850111","KN297200v1","235109","235385","80","79614713"
"chr12","79907620","79907897","KN294677v1","45530","45799","23","79862090"
"chr12","79958741","79959050","KN294539v1","1347688","1347986","69","78611053"
"chr12","80094461","80094772","KN296322v1","1648835","1649139","72","78445626"
"chr12","80993841","80994141","KN295923v1","574170","574465","65","80419671"
"chr12","81321905","81322136","KN296145v1","3732348","3732587","63","77589557"
"chr12","81736749","81736964","KN295893v1","81858","82067","54","81654891"
"chr12","82702646","82702776","KN296588v1","2140161","2140293","25","80562485"
"chr12","82703042","82703217","KN294991v1","973655","973815","44","81729387"
"chr12","82820889","82821158","KN296383v1","116184","116488","45","82704705"
"chr12","82930920","82931208","KN296964v1","1814390","1814681","70","81116530"
"chr12","83728829","83728981","KN296225v1","462090","462236","46","83266739"
"chr12","84114528","84114833","KN294539v1","3409060","3409366","76","80705468"
"chr12","84621357","84621643","KN296948v1","762193","762479","64","83859164"
"chr12","84814671","84814830","KN296528v1","1417954","1418126","45","83396717"
"chr12","84862774","84863090","KN296844v1","589073","589386","72","84273701"
"chr12","84982287","84982576","KN294260v1","822843","823138","75","84159444"
"chr12","85128318","85128604","KN297023v1","640512","640805","57","84487806"
"chr12","85539957","85540073","KN295090v1","1260590","1260700","29","84279367"
"chr12","85693844","85694133","KN296315v1","1023330","1023621","66","84670514"
"chr12","85759203","85759503","KN296907v1","1087372","1087677","71","84671831"
"chr12","85903459","85903742","KN296187v1","874304","874596","87","85029155"
"chr12","86163208","86163489","KN294578v1","639003","639297","78","85524205"
"chr12","86404038","86404190","KN295347v1","14270","14430","32","86389768"
"chr12","86481784","86481909","KN294446v1","520797","520926","28","85960987"
"chr12","86608298","86608571","KN294407v1","2416377","2416656","70","84191921"
"chr12","86923340","86923649","KN296096v1","1242634","1242933","78","85680706"
"chr12","86934137","86934444","KN295099v1","55159","55457","70","86878978"
"chr12","87443540","87443859","KN296322v1","1648835","1649139","72","85794705"
"chr12","87635572","87635843","KN295596v1","2823312","2823595","70","84812260"
"chr12","88066297","88066601","KN296849v1","694658","694962","68","87371639"
"chr12","88066662","88066924","KN296804v1","316863","317118","24","87749799"
"chr12","88169659","88169965","KN296804v1","217189","217479","46","87952470"
"chr12","88193942","88194232","KN296538v1","333498","333794","64","87860444"
"chr12","88788016","88788298","KN295722v1","1369561","1369836","79","87418455"
"chr12","88890854","88890963","KN295471v1","521946","522058","11","88368908"
"chr12","89066069","89066336","KN295471v1","716665","716925","26","88349404"
"chr12","89102816","89103105","KN295471v1","752842","753130","23","88349974"
"chr12","89367093","89367371","KN295576v1","164716","164996","16","89202377"
"chr12","89399657","89399947","KN294420v1","816046","816329","62","88583611"
"chr12","89413199","89413496","KN295667v1","1567361","1567664","68","87845838"
"chr12","89582578","89582815","KN294874v1","119164","119388","59","89463414"
"chr12","89637417","89637697","KN296588v1","1946271","1946543","66","87691146"
"chr12","89780401","89780704","KN294548v1","1203959","1204261","70","88576442"
"chr12","89982344","89982647","KN294239v1","243029","243336","69","89739315"
"chr12","90528330","90528580","KN295893v1","5531546","5531784","68","84996784"
"chr12","91424543","91424828","KN294199v1","1022551","1022840","69","90401992"
"chr12","91707410","91707714","KN294634v1","387267","387565","68","91320143"
"chr12","91768784","91769073","KN294806v1","594997","595290","69","91173787"
"chr12","91830970","91831252","KN295257v1","1053950","1054233","73","90777020"
"chr12","92054599","92054891","KN295573v1","1381507","1381778","75","90673092"
"chr12","92087270","92087343","KN297349v1","428274","428357","21","91658996"
"chr12","92153548","92153872","KN296096v1","1326102","1326406","73","90827446"
"chr12","92197400","92197689","KN296871v1","10096","10361","81","92187304"
"chr12","92212359","92212652","KN294378v1","789747","790035","68","91422612"
"chr12","92347914","92348201","KN295705v1","248753","249031","61","92099161"
"chr12","92523835","92524154","KN294439v1","130265","130569","77","92393570"
"chr12","92667084","92667356","KN296921v1","785494","785770","61","91881590"
"chr12","92878119","92878250","KN296311v1","4815038","4815168","23","88063081"
"chr12","92887204","92887347","KN297038v1","275715","275848","30","92611489"
"chr12","92936910","92937118","KN295610v1","375600","375802","47","92561310"
"chr12","92992438","92992594","KN295744v1","541179","541352","42","92451259"
"chr12","92992893","92993082","KN295814v1","1200797","1200979","55","91792096"
"chr12","93083729","93084013","KN296964v1","1814390","1814681","64","91269339"
"chr12","93418158","93418389","KN294235v1","570733","570958","60","92847425"
"chr12","93599166","93599459","KN294264v1","432867","433151","71","93166299"
"chr12","93654641","93654790","KN294513v1","518116","518264","31","93136525"
"chr12","93655089","93655226","KN294980v1","858835","858967","25","92796254"
"chr12","93865420","93865700","KN294831v1","228505","228793","75","93636915"
"chr12","94166773","94167018","KN295294v1","2976195","2976447","60","91190578"
"chr12","94364501","94364648","KN297440v1","321132","321276","35","94043369"
"chr12","94399428","94399716","KN296849v1","587508","587797","84","93811920"
"chr12","94576488","94576777","KN296036v1","2226548","2226840","67","92349940"
"chr12","94725139","94725285","KN296573v1","15418","15557","33","94709721"
"chr12","94774575","94774875","KN294294v1","145451","145740","69","94629124"
"chr12","94784691","94785002","KN296322v1","1648835","1649139","73","93135856"
"chr12","94887878","94888134","KN295893v1","1879651","1879923","69","93008227"
"chr12","94893916","94894208","KN296244v1","327623","327911","64","94566293"
"chr12","94917864","94918183","KN294954v1","70243","70554","75","94847621"
"chr12","95049805","95050098","KN296864v1","3138537","3138822","62","91911268"
"chr12","95225850","95226119","KN297046v1","2130311","2130564","65","93095539"
"chr12","95279607","95279884","KN294407v1","1086188","1086466","68","94193419"
"chr12","95281292","95281482","KN294205v1","1582745","1582943","50","93698547"
"chr12","95404592","95404883","KN295744v1","408789","409077","65","94995803"
"chr12","95414964","95415274","KN294439v1","130265","130569","62","95284699"
"chr12","95422262","95422314","KN296484v1","840284","840335","6","94581978"
"chr12","95429985","95430165","KN296496v1","472499","472677","36","94957486"
"chr12","95492551","95492813","KN296639v1","37858","38116","68","95454693"
"chr12","95561953","95562266","KN294239v1","243029","243336","72","95318924"
"chr12","95562623","95562945","KN296507v1","738522","738814","80","94824101"
"chr12","95588697","95588960","KN297112v1","4879822","4880096","73","90708875"
"chr12","95656388","95656685","KN295171v1","12625","12912","81","95643763"
"chr12","95864625","95864924","KN297058v1","194613","194917","74","95670012"
"chr12","95892279","95892575","KN294452v1","1024655","1024959","62","94867624"
"chr12","95910580","95910898","KN294239v1","243029","243336","70","95667551"
"chr12","96089747","96090041","KN296649v1","28211","28505","78","96061536"
"chr12","96135487","96135788","KN295633v1","909764","910066","60","95225723"
"chr12","96137347","96137617","KN297225v1","914114","914389","69","95223233"
"chr12","96151342","96151640","KN295352v1","729753","730045","61","95421589"
"chr12","96175208","96175257","KN297094v1","101787","101835","8","96073421"
"chr12","96308109","96308419","KN297320v1","22264","22555","73","96285845"
"chr12","96350281","96350361","KN296513v1","2370825","2370911","18","93979456"
"chr12","96357180","96357473","KN297184v1","1114866","1115167","63","95242314"
"chr12","96429371","96429492","KN294705v1","1877279","1877404","22","94552092"
"chr12","96836831","96837116","KN296634v1","756251","756542","76","96080580"
"chr12","97198802","97199095","KN296036v1","2226548","2226840","64","94972254"
"chr12","97223412","97223536","KN296322v1","997745","997870","21","96225667"
"chr12","97934562","97934836","KN294848v1","1246098","1246379","58","96688464"
"chr12","98228041","98228341","KN295352v1","1382929","1383224","70","96845112"
"chr12","98427848","98428142","KN297219v1","1576359","1576655","60","96851489"
"chr12","98438484","98438790","KN295406v1","486578","486886","64","97951906"
"chr12","98482122","98482288","KN294416v1","934596","934758","41","97547526"
"chr12","98680550","98680714","KN296528v1","1183043","1183202","33","97497507"
"chr12","98776917","98777217","KN296507v1","738522","738814","64","98038395"
"chr12","98952864","98953024","KN295977v1","878804","878969","38","98074060"
"chr12","98953321","98953452","KN296122v1","289224","289359","22","98664097"
"chr12","99070685","99070964","KN295352v1","729753","730045","68","98340932"
"chr12","99998213","99998507","KN295576v1","164716","164996","78","99833497"
"chr12","100094112","100094406","KN294264v1","432867","433151","78","99661245"
"chr12","100123987","100124298","KN296036v1","2226548","2226840","77","97897439"
"chr12","100124321","100124463","KN295708v1","957826","957973","26","99166495"
"chr12","100124773","100124933","KN294991v1","973655","973815","34","99151118"
"chr12","100127731","100128012","KN296108v1","992045","992327","65","99135686"
"chr12","100214454","100214765","KN295607v1","4783152","4783462","82","95431302"
"chr12","100221649","100221814","KN297319v1","373164","373327","36","99848485"
"chr12","100222595","100222701","KN296004v1","129400","129507","25","100093195"
"chr12","100254722","100255005","KN296865v1","1172192","1172469","71","99082530"
"chr12","100362396","100362529","KN294848v1","656940","657076","26","99705456"
"chr12","100389643","100389804","KN295293v1","32626","32785","40","100357017"
"chr12","100390121","100390260","KN295893v1","2369160","2369293","28","98020961"
"chr12","100616421","100616748","KN294257v1","1693918","1694233","80","98922503"
"chr12","100780181","100780215","KN294470v1","3033953","3033992","12","97746228"
"chr12","100780739","100780843","KN294210v1","694425","694529","24","100086314"
"chr12","101014845","101015122","KN295090v1","2374852","2375141","66","98639993"
"chr12","101232926","101233081","KN294172v1","5400991","5401118","45","95831935"
"chr12","101397313","101397496","KN294569v1","182033","182183","79","101215280"
"chr12","101419355","101419635","KN294325v1","979659","979928","71","100439696"
"chr12","101709114","101709410","KN295667v1","1108671","1108966","67","100600443"
"chr12","101833737","101833857","KN295039v1","432771","432893","21","101400966"
"chr12","101840642","101840763","KN296926v1","988728","988849","24","100851914"
"chr12","101841064","101841231","KN294685v1","1344495","1344649","44","100496569"
"chr12","101904911","101905195","KN296948v1","762193","762479","76","101142718"
"chr12","102018472","102018768","KN296315v1","1023330","1023621","67","100995142"
"chr12","103441867","103442152","KN295601v1","1689885","1690170","61","101751982"
"chr12","103851771","103851986","KN294879v1","1183051","1183277","58","102668720"
"chr12","103896507","103896778","KN296682v1","3395587","3395869","61","100500920"
"chr12","103970196","103970490","KN295346v1","1646114","1646406","62","102324082"
"chr12","103974270","103974580","KN297259v1","1603827","1604135","72","102370443"
"chr12","104218955","104219210","KN294458v1","21581","21829","62","104197374"
"chr12","104241679","104241693","KN295722v1","2808176","2808190","2","101433503"
"chr12","104241721","104241834","KN297323v1","349913","350031","22","103891808"
"chr12","104254511","104254819","KN297058v1","392670","392966","71","103861841"
"chr12","104258654","104258941","KN297058v1","392670","392966","69","103865984"
"chr12","104491502","104491776","KN294987v1","7169","7439","68","104484333"
"chr12","104659684","104659991","KN296883v1","2609802","2610089","62","102049882"
"chr12","104685945","104686254","KN296322v1","1648835","1649139","74","103037110"
"chr12","104756566","104756845","KN296508v1","1973232","1973505","60","102783334"
"chr12","104820184","104820486","KN296322v1","1648835","1649139","64","103171349"
"chr12","104936965","104937111","KN295005v1","263752","263899","38","104673213"
"chr12","104969247","104969345","KN296454v1","256011","256110","25","104713236"
"chr12","105088461","105088569","KN296036v1","739589","739697","28","104348872"
"chr12","105088596","105088764","KN296000v1","898022","898186","31","104190574"
"chr12","105091084","105091385","KN296864v1","1939832","1940132","77","103151252"
"chr12","105216233","105216360","KN297332v1","100416","100543","3","105115817"
"chr12","105226889","105227144","KN294987v1","459255","459513","62","104767634"
"chr12","105513125","105513422","KN294475v1","828365","828659","27","104684760"
"chr12","105719654","105719947","KN295977v1","399743","400033","59","105319911"
"chr12","106003769","106004067","KN297050v1","187200","187494","70","105816569"
"chr12","106041583","106041885","KN295984v1","150673","150962","67","105890910"
"chr12","106250615","106250885","KN296176v1","500815","501093","24","105749800"
"chr12","106327172","106327478","KN296176v1","575892","576195","26","105751280"
"chr12","106377817","106378115","KN296176v1","633114","633400","35","105744703"
"chr12","106439093","106439389","KN296864v1","1939832","1940132","67","104499261"
"chr12","106629776","106629816","KN296119v1","1861863","1861907","12","104767913"
"chr12","106698281","106698497","KN296119v1","4835249","4835453","58","101863032"
"chr12","106701752","106702001","KN294513v1","154426","154674","24","106547326"
"chr12","106765849","106766130","KN294513v1","216403","216707","48","106549446"
"chr12","106784392","106784662","KN294513v1","235461","235729","17","106548931"
"chr12","106785866","106786132","KN294513v1","236900","237162","28","106548966"
"chr12","106802928","106803238","KN294513v1","253893","254202","31","106549035"
"chr12","106916206","106916497","KN294513v1","372597","372888","20","106543609"
"chr12","107099859","107099930","KN294513v1","564705","564774","6","106535154"
"chr12","107172816","107173112","KN295933v1","40027","40319","69","107132789"
"chr12","107206448","107206602","KN297171v1","1235221","1235375","29","105971227"
"chr12","107288381","107288681","KN294513v1","745732","746000","50","106542649"
"chr12","107290309","107290571","KN294513v1","747602","747860","20","106542707"
"chr12","107416657","107416932","KN296551v1","153489","153750","66","107263168"
"chr12","107449658","107449940","KN294806v1","594997","595290","68","106854661"
"chr12","107464307","107464610","KN295480v1","1274084","1274387","60","106190223"
"chr12","107647359","107647513","KN294269v1","1347949","1348104","33","106299410"
"chr12","107741428","107741717","KN294199v1","1587758","1588045","24","106153670"
"chr12","107818555","107818844","KN295933v1","40027","40319","74","107778528"
"chr12","108142814","108143113","KN294207v1","595798","596096","69","107547016"
"chr12","108174619","108174922","KN297112v1","2231098","2231393","66","105943521"
"chr12","108327196","108327493","KN294199v1","1022551","1022840","21","107304645"
"chr12","108378918","108379227","KN295633v1","778185","778486","79","107600733"
"chr12","108419589","108419866","KN295531v1","58152","58425","63","108361437"
"chr12","108575344","108575472","KN294199v1","776773","776900","9","107798571"
"chr12","108743483","108743782","KN297184v1","1114866","1115167","56","107628617"
"chr12","108744865","108745032","KN294199v1","600945","601110","14","108143920"
"chr12","108745329","108745424","KN294199v1","600558","600649","10","108144771"
"chr12","108777770","108778083","KN296836v1","993587","993901","69","107784183"
"chr12","108878396","108878645","KN294199v1","463870","464121","26","108414526"
"chr12","108932003","108932316","KN295667v1","1567361","1567664","69","107364642"
"chr12","108945390","108945686","KN295667v1","1567361","1567664","72","107378029"
"chr12","108979890","108980204","KN294452v1","1024655","1024959","64","107955235"
"chr12","109060946","109061084","KN294199v1","281436","281574","7","108779510"
"chr12","109141969","109142270","KN295633v1","909764","910066","59","108232205"
"chr12","109174578","109174880","KN296244v1","327623","327911","76","108846955"
"chr12","109240394","109240511","KN294199v1","86678","86798","9","109153716"
"chr12","109406657","109406737","KN294172v1","6462861","6462945","20","102943796"
"chr12","109564696","109564967","KN296339v1","2039540","2039800","67","107525156"
"chr12","109676187","109676495","KN294470v1","3158192","3158503","30","106517995"
"chr12","109701785","109701920","KN294470v1","3133941","3134076","17","106567844"
"chr12","109710178","109710479","KN295667v1","1567361","1567664","63","108142817"
"chr12","109801034","109801166","KN297453v1","84448","84582","24","109716586"
"chr12","109850678","109850812","KN294739v1","1041553","1041687","19","108809125"
"chr12","109876369","109876502","KN296200v1","299464","299591","44","109576905"
"chr12","109955714","109955926","KN294470v1","2882164","2882378","11","107073550"
"chr12","110139402","110139527","KN294470v1","2691628","2691754","12","107447774"
"chr12","110139908","110140075","KN294470v1","2691196","2691354","17","107448712"
"chr12","110288106","110288389","KN294470v1","2539693","2539969","27","107748413"
"chr12","110354427","110354712","KN294926v1","118588","118880","73","110235839"
"chr12","110356126","110356176","KN294470v1","2469353","2469399","6","107886773"
"chr12","110356494","110356670","KN294470v1","2468856","2469031","21","107887638"
"chr12","110486762","110487030","KN294470v1","2342904","2343174","24","108143858"
"chr12","110597416","110597715","KN294470v1","2224621","2224924","20","108372795"
"chr12","110623653","110623882","KN296145v1","3732348","3732587","56","106891305"
"chr12","110624228","110624509","KN295984v1","150673","150962","60","110473555"
"chr12","110653178","110653480","KN297058v1","194613","194917","55","110458565"
"chr12","110818383","110818669","KN297066v1","48943","49249","69","110769440"
"chr12","111073678","111073967","KN294199v1","1022551","1022840","66","110051127"
"chr12","111334791","111335103","KN297190v1","2683777","2684071","81","108651014"
"chr12","111475973","111476252","KN296682v1","3030020","3030302","60","108445953"
"chr12","111646979","111647278","KN294470v1","1153982","1154281","35","110492997"
"chr12","111694440","111694518","KN294513v1","564705","564774","25","111129735"
"chr12","111717571","111717849","KN294470v1","1079259","1079534","18","110638312"
"chr12","111911727","111911965","KN294571v1","1551599","1551840","70","110360128"
"chr12","111926639","111926953","KN294470v1","849781","850077","38","111076858"
"chr12","111971797","111972096","KN294470v1","804733","805047","29","111167064"
"chr12","112003993","112004279","KN294470v1","772710","772997","20","111231283"
"chr12","112018135","112018437","KN295352v1","1382929","1383224","76","110635206"
"chr12","112238475","112238717","KN295601v1","3201776","3202001","78","109036699"
"chr12","112365268","112365401","KN294470v1","385030","385177","25","111980238"
"chr12","112372105","112372261","KN296538v1","1843564","1843714","44","110528541"
"chr12","112372584","112372728","KN294634v1","146466","146607","25","112226118"
"chr12","112421478","112421614","KN294470v1","328065","328201","5","112093413"
"chr12","112529629","112529760","KN296311v1","4815038","4815168","22","107714591"
"chr12","112533830","112534001","KN296732v1","3070322","3070492","37","109463508"
"chr12","112534321","112534471","KN295708v1","2431812","2431953","34","110102509"
"chr12","112573065","112573208","KN294470v1","173752","173906","22","112399313"
"chr12","112673333","112673522","KN294470v1","78054","78217","34","112595279"
"chr12","112748343","112748634","KN294199v1","1022551","1022840","62","111725792"
"chr12","112799104","112799415","KN295667v1","1567361","1567664","65","111231743"
"chr12","112862051","112862187","KN296378v1","112481","112614","10","112749570"
"chr12","112992113","112992418","KN296378v1","237774","238079","25","112754339"
"chr12","112993599","112993876","KN294233v1","692987","693269","72","112300612"
"chr12","113170360","113170632","KN296378v1","418739","419013","22","112751621"
"chr12","113225051","113225358","KN296378v1","480415","480726","22","112744636"
"chr12","113335863","113335969","KN294630v1","376901","376997","27","112958962"
"chr12","113336526","113336561","KN296646v1","838353","838388","10","112498173"
"chr12","113378527","113378661","KN296378v1","631411","631539","16","112747116"
"chr12","113517901","113518192","KN294210v1","473112","473404","58","113044789"
"chr12","113568406","113568689","KN296311v1","5278234","5278515","62","108290172"
"chr12","113623169","113623453","KN296847v1","2123793","2124076","62","111499376"
"chr12","113644791","113644921","KN297008v1","6422180","6422313","22","107222611"
"chr12","113646644","113646912","KN294539v1","1096217","1096495","65","112550427"
"chr12","113723022","113723186","KN296378v1","979601","979765","13","112743421"
"chr12","113743687","113743984","KN295633v1","909764","910066","61","112833923"
"chr12","113770001","113770231","KN296637v1","653517","653752","51","113116484"
"chr12","114086312","114086593","KN294279v1","171583","171867","71","113914729"
"chr12","114348512","114348824","KN295633v1","778185","778486","62","113570327"
"chr12","114372305","114372595","KN294837v1","377636","377927","74","113994669"
"chr12","114513113","114513388","KN297028v1","97110","97396","60","114416003"
"chr12","114545849","114546132","KN296119v1","1984680","1984963","70","112561169"
"chr12","114710663","114710794","KN294172v1","6272486","6272617","20","108438177"
"chr12","114812038","114812212","KN296496v1","472499","472677","42","114339539"
"chr12","114915094","114915228","KN296311v1","6471968","6472102","27","108443126"
"chr12","114955446","114955574","KN296101v1","38623","38748","25","114916823"
"chr12","114958073","114958201","KN295294v1","3806061","3806194","19","111152012"
"chr12","115068289","115068596","KN294389v1","28183","28488","61","115040106"
"chr12","115522971","115523253","KN296948v1","762193","762479","52","114760778"
"chr12","115741673","115741952","KN294513v1","235461","235729","67","115506212"
"chr12","115776776","115777070","KN295352v1","729753","730045","65","115047023"
"chr12","115980348","115980623","KN294499v1","1906911","1907192","66","114073437"
"chr12","116119566","116119838","KN296879v1","875266","875519","84","115244300"
"chr12","116208684","116208988","KN297146v1","142839","143148","70","116065845"
"chr12","116483049","116483359","KN296484v1","4833","5123","67","116478216"
"chr12","116493176","116493305","KN294790v1","3690102","3690234","21","112803074"
"chr12","116582625","116582774","KN296879v1","1045124","1045272","34","115537501"
"chr12","116742669","116742804","KN294978v1","3847610","3847736","31","112895059"
"chr12","116766010","116766266","KN297046v1","2072166","2072416","62","114693844"
"chr12","116844961","116845259","KN294207v1","595798","596096","60","116249163"
"chr12","116905128","116905434","KN295708v1","2843729","2844020","77","114061399"
"chr12","117058589","117058762","KN294991v1","973655","973815","40","116084934"
"chr12","117072789","117073006","KN295994v1","491289","491494","54","116581500"
"chr12","117095596","117095916","KN295102v1","38793","39103","68","117056803"
"chr12","117182224","117182499","KN296515v1","108704","108986","60","117073520"
"chr12","117257081","117257382","KN294452v1","1374937","1375240","55","115882144"
"chr12","117340003","117340301","KN296507v1","738522","738814","68","116601481"
"chr12","117576505","117576802","KN297180v1","110970","111263","66","117465535"
"chr12","117741580","117741642","KN296311v1","451530","451588","5","117290050"
"chr12","117917259","117917541","KN294420v1","816046","816329","67","117101213"
"chr12","117969912","117970048","KN296311v1","680372","680510","11","117289540"
"chr12","118017676","118017831","KN295114v1","20274","20431","39","117997402"
"chr12","118113280","118113454","KN296311v1","832870","833045","7","117280410"
"chr12","118211614","118211779","KN296754v1","59195","59361","34","118152419"
"chr12","118219275","118219395","KN295832v1","1013191","1013316","29","117206084"
"chr12","118249580","118249855","KN296311v1","972093","972364","18","117277487"
"chr12","118297915","118298079","KN296311v1","1023510","1023673","10","117274405"
"chr12","118587550","118587834","KN297028v1","97110","97396","66","118490440"
"chr12","118627497","118627821","KN295633v1","778185","778486","83","117849312"
"chr12","118832701","118832907","KN297190v1","98686","98881","45","118734015"
"chr12","118850907","118851048","KN296311v1","1584222","1584357","14","117266685"
"chr12","118910070","118910350","KN297095v1","3766127","3766406","71","115143943"
"chr12","119185141","119185348","KN296852v1","169257","169462","52","119015884"
"chr12","119185632","119185773","KN295706v1","131306","131439","32","119054326"
"chr12","119396598","119396848","KN295846v1","219637","219884","61","119176961"
"chr12","119414537","119414847","KN296982v1","276016","276324","55","119138521"
"chr12","119507886","119508195","KN297180v1","314236","314539","60","119193650"
"chr12","119561437","119561739","KN297180v1","314236","314539","57","119247201"
"chr12","119564251","119564521","KN296311v1","2300216","2300485","23","117264035"
"chr12","119620876","119621044","KN296311v1","2361464","2361632","7","117259412"
"chr12","119621338","119621482","KN296311v1","2361921","2362066","6","117259417"
"chr12","119654642","119654922","KN296311v1","2391994","2392268","22","117262648"
"chr12","119764447","119764636","KN295459v1","675303","675499","44","119089144"
"chr12","119846622","119846912","KN296311v1","2581889","2582135","58","117264733"
"chr12","119866537","119866838","KN297180v1","314236","314539","67","119552301"
"chr12","119875462","119875626","KN296311v1","2616458","2616622","8","117259004"
"chr12","119885304","119885586","KN296157v1","1746450","1746732","60","118138854"
"chr12","119903394","119903534","KN295667v1","2094667","2094776","44","117808727"
"chr12","119982063","119982305","KN297133v1","467484","467706","78","119514579"
"chr12","120017494","120017746","KN296311v1","2759477","2759737","19","117258017"
"chr12","120109671","120109801","KN294457v1","130203","130331","21","119979468"
"chr12","120110291","120110553","KN296311v1","2857106","2857375","34","117253185"
"chr12","120152019","120152328","KN296311v1","2899768","2900062","31","117252251"
"chr12","120227168","120227219","KN296311v1","2972618","2972669","6","117254550"
"chr12","120227220","120227517","KN294539v1","1692531","1692809","64","118534689"
"chr12","120232022","120232317","KN296322v1","1648835","1649139","71","118583187"
"chr12","120256139","120256425","KN294634v1","387267","387565","76","119868872"
"chr12","120310022","120310112","KN296311v1","3055394","3055483","6","117254628"
"chr12","120448091","120448317","KN295601v1","3201776","3202001","68","117246315"
"chr12","120541733","120541836","KN296311v1","3306365","3306464","11","117235368"
"chr12","120626170","120626326","KN297000v1","418665","418822","34","120207505"
"chr12","120626636","120626759","KN296485v1","157888","158017","30","120468748"
"chr12","120646507","120646811","KN297180v1","314236","314539","58","120332271"
"chr12","120666053","120666221","KN294446v1","241596","241755","38","120424457"
"chr12","120669994","120670293","KN295984v1","2286186","2286477","60","118383808"
"chr12","120778998","120779107","KN296311v1","3555739","3555848","7","117223259"
"chr12","120863654","120863977","KN295974v1","1415452","1415775","102","119448202"
"chr12","120882749","120882891","KN296247v1","959095","959240","38","119923654"
"chr12","120930727","120930885","KN297000v1","418665","418822","31","120512062"
"chr12","120941083","120941229","KN296573v1","15418","15557","39","120925665"
"chr12","121045880","121045951","KN295893v1","7736942","7736997","25","113308938"
"chr12","121049846","121050155","KN296311v1","3820031","3820325","31","117229815"
"chr12","121168972","121169266","KN296948v1","762193","762479","59","120406779"
"chr12","121236413","121236549","KN294218v1","2756614","2756751","24","118479799"
"chr12","121272017","121272140","KN296322v1","997745","997870","21","120274272"
"chr12","121310279","121310579","KN294439v1","130265","130569","50","121180014"
"chr12","121349279","121349589","KN295346v1","1223758","1224062","68","120125521"
"chr12","121390530","121390859","KN296311v1","4178987","4179302","32","117211543"
"chr12","121421716","121421766","KN296311v1","4209313","4209363","1","117212403"
"chr12","121543397","121543544","KN297259v1","1176832","1176951","53","120366565"
"chr12","121544138","121544311","KN294911v1","4985405","4985572","50","116558733"
"chr12","121644112","121644283","KN294346v1","260578","260726","43","121383534"
"chr12","121644586","121644635","KN295893v1","883771","883820","14","120760815"
"chr12","121656336","121656496","KN296829v1","851332","851478","43","120805004"
"chr12","121852339","121852469","KN296311v1","4657589","4657718","3","117194750"
"chr12","121868875","121869071","KN296682v1","2867973","2868160","55","119000902"
"chr12","121869375","121869477","KN295090v1","1036855","1036964","32","120832520"
"chr12","121890965","121891318","KN296322v1","1648835","1649139","99","120242130"
"chr12","121901359","121901654","KN294187v1","1669665","1669964","68","120231694"
"chr12","121907758","121908048","KN297058v1","392670","392966","68","121515088"
"chr12","121959155","121959388","KN296145v1","3732348","3732587","66","118226807"
"chr12","122010969","122011099","KN296311v1","4815038","4815168","8","117195931"
"chr12","122123700","122123860","KN294739v1","903316","903465","37","121220384"
"chr12","122217522","122217820","KN295352v1","729753","730045","67","121487769"
"chr12","122417330","122417476","KN294346v1","260578","260726","36","122156752"
"chr12","122479912","122480111","KN297026v1","1683472","1683666","42","120796440"
"chr12","122484415","122484693","KN296311v1","5278234","5278515","18","117206181"
"chr12","122627375","122627658","KN296306v1","1771005","1771285","58","120856370"
"chr12","122793611","122793754","KN295667v1","1121076","1121214","27","121672535"
"chr12","122818026","122818170","KN296311v1","5627967","5628111","7","117190059"
"chr12","122818475","122818638","KN295708v1","2199659","2199817","38","120618816"
"chr12","122829277","122829440","KN294407v1","109423","109582","36","122719854"
"chr12","122908951","122909105","KN295090v1","610678","610810","42","122298273"
"chr12","123052386","123052643","KN297046v1","2130311","2130564","61","120922075"
"chr12","123158321","123158607","KN294451v1","1211603","1211891","69","121946718"
"chr12","123179147","123179293","KN296311v1","2361921","2362066","35","120817226"
"chr12","123179596","123179735","KN295893v1","5725714","5725847","36","117453882"
"chr12","123307644","123307786","KN295605v1","687968","688102","23","122619676"
"chr12","123452093","123452194","KN296079v1","397109","397211","28","123054984"
"chr12","123482434","123482573","KN294520v1","108989","109124","29","123373445"
"chr12","123544076","123544341","KN297095v1","2475476","2475727","72","121068600"
"chr12","123544897","123545031","KN296311v1","6471968","6472102","23","117072929"
"chr12","123589800","123589997","KN297313v1","655847","656042","52","122933953"
"chr12","123605015","123605322","KN296322v1","1648835","1649139","71","121956180"
"chr12","123661029","123661140","KN294199v1","86678","86798","23","123574351"
"chr12","123700731","123700973","KN294493v1","181888","182131","57","123518843"
"chr12","123708820","123708979","KN295343v1","579461","579613","41","123129359"
"chr12","123709012","123709129","KN294741v1","1083617","1083736","23","122625395"
"chr12","123720415","123720689","KN296311v1","6546105","6546379","12","117174310"
"chr12","123769760","123769966","KN294561v1","67777","67970","58","123701983"
"chr12","123770256","123770381","KN297274v1","1775361","1775482","32","121994895"
"chr12","123776339","123776444","KN295236v1","1140799","1140905","22","122635540"
"chr12","124614090","124614248","KN295405v1","328891","329050","42","124285199"
"chr12","124693631","124693912","KN296311v1","7540450","7540745","36","117153181"
"chr12","125011914","125012181","KN296119v1","1984680","1984963","61","123027234"
"chr12","125330740","125330943","KN296505v1","176","370","65","125330564"
"chr12","126149501","126149617","KN296577v1","410154","410267","36","125739347"
"chr12","128090777","128091038","KN295967v1","1520844","1521111","65","126569933"
"chr12","128516631","128516921","KN295171v1","12625","12912","60","128504006"
"chr12","128778905","128779213","KN296588v1","2231711","2232014","71","126547194"
"chr12","129883950","129884141","KN295553v1","69273","69467","49","129814677"
"chr12","131855195","131855327","KN295294v1","3806061","3806194","17","128049134"
"chr12","131974282","131974414","KN294193v1","128685","128814","20","131845597"
"chr12","132420762","132420805","KN296356v1","709440","709478","12","131711322"
"chr12","132654893","132655088","KN295371v1","124772","124949","54","132530121"
"chr12","132705103","132705230","KN295596v1","3422193","3422324","22","129282910"
"chr12","133081374","133081477","KN295977v1","1181733","1181839","31","131899641"
"chr12","133085735","133086017","KN294420v1","816046","816329","59","132269689"
"chr12","133090151","133090440","KN297112v1","2231098","2231393","68","130859053"
"chr12","133138376","133138484","KN294175v1","2570","2682","36","133135806"
"chr12","133139761","133139921","KN297154v1","582564","582702","41","132557197"
"chr12","133140232","133140398","KN296754v1","59195","59361","41","133081037"
"chr12","133159653","133159927","KN296303v1","805215","805501","66","132354438"
"chr12","133170108","133170373","KN296732v1","1586626","1586892","63","131583482"
"chr13","18888765","18888890","KN294526v1","564768","564889","40","18323997"
"chr13","18975538","18975760","KN296460v1","735383","735598","61","18240155"
"chr13","18976293","18976514","KN294879v1","1183051","1183277","52","17793242"
"chr13","19035428","19035566","KN296538v1","514898","515032","27","18520530"
"chr13","19131981","19132285","KN296864v1","1939832","1940132","52","17192149"
"chr13","19360332","19360557","KN297245v1","2387953","2388175","51","16972379"
"chr13","19545896","19546218","KN296495v1","1722244","1722543","78","17823652"
"chr13","19547177","19547318","KN295667v1","1121076","1121214","31","18426101"
"chr13","19722215","19722506","KN296948v1","762193","762479","68","18960022"
"chr13","19737803","19738089","KN297028v1","97110","97396","57","19640693"
"chr13","19832762","19833031","KN294685v1","782630","782898","19","19050132"
"chr13","19901821","19902076","KN296810v1","30250","30508","67","19871571"
"chr13","19991124","19991419","KN297050v1","187200","187494","61","19803924"
"chr13","20046267","20046565","KN294806v1","594997","595290","72","19451270"
"chr13","20154859","20155153","KN296495v1","1076274","1076557","64","19078585"
"chr13","20511082","20511389","KN296588v1","2231711","2232014","67","18279371"
"chr13","20694942","20695212","KN297375v1","58397","58674","61","20636545"
"chr13","20699017","20699181","KN294685v1","23168","23332","19","20675849"
"chr13","20835000","20835161","KN295967v1","534752","534906","39","20300248"
"chr13","20871320","20871505","KN295157v1","102871","103055","15","20768449"
"chr13","20926476","20926751","KN296588v1","1946271","1946543","71","18980205"
"chr13","20935543","20935814","KN295034v1","819251","819532","68","20116292"
"chr13","21017344","21017472","KN296311v1","6471968","6472102","23","14545376"
"chr13","21170935","21171211","KN296157v1","3194861","3195146","77","17976074"
"chr13","21467579","21467659","KN296513v1","2370825","2370911","17","19096754"
"chr13","21563814","21563972","KN294685v1","1344495","1344649","15","20219319"
"chr13","21577373","21577525","KN294685v1","1360051","1360203","7","20217322"
"chr13","21577829","21577981","KN296759v1","225170","225326","39","21352659"
"chr13","21867154","21867376","KN297095v1","2669325","2669548","49","19197829"
"chr13","21976953","21977226","KN296608v1","381289","381528","76","21595664"
"chr13","22052773","22053053","KN294199v1","1022551","1022840","57","21030222"
"chr13","22067343","22067547","KN296011v1","315060","315250","51","21752283"
"chr13","22284504","22284826","KN295205v1","1534387","1534688","93","20750117"
"chr13","22716055","22716224","KN295721v1","382777","382938","40","22333278"
"chr13","23435121","23435231","KN294199v1","969997","970115","24","22465124"
"chr13","23435530","23435741","KN295666v1","152100","152313","53","23283430"
"chr13","23535494","23535782","KN295099v1","55159","55457","67","23480335"
"chr13","23647413","23647690","KN294873v1","1072389","1072676","66","22575024"
"chr13","23764569","23764856","KN295346v1","1542461","1542751","67","22222108"
"chr13","23823548","23823827","KN294404v1","446289","446568","17","23377259"
"chr13","23857368","23857606","KN295497v1","593429","593654","64","23263939"
"chr13","24046288","24046504","KN294404v1","277902","278119","28","23768386"
"chr13","24460680","24460966","KN297023v1","152219","152509","79","24308461"
"chr13","24483009","24483204","KN295205v1","567790","567983","49","23915219"
"chr13","24483510","24483634","KN296864v1","3266405","3266529","31","21217105"
"chr13","24494199","24494492","KN294949v1","310994","311283","26","24183205"
"chr13","24516416","24516656","KN295319v1","765091","765341","80","23751325"
"chr13","24635046","24635166","KN294457v1","130203","130331","24","24504843"
"chr13","24781350","24781652","KN294949v1","136064","136363","29","24645286"
"chr13","25221066","25221360","KN294949v1","547798","548089","13","24673268"
"chr13","25421344","25421633","KN296303v1","805215","805501","60","24616129"
"chr13","25439629","25439920","KN294452v1","1374937","1375240","67","24064692"
"chr13","25539101","25539412","KN296508v1","258998","259298","66","25280103"
"chr13","25559842","25560127","KN294949v1","874826","875131","37","24685016"
"chr13","26065797","26066090","KN295077v1","740031","740327","64","25325766"
"chr13","26304628","26304967","KN294949v1","1551468","1551789","37","24753160"
"chr13","26403228","26403467","KN294949v1","1654876","1655112","23","24748352"
"chr13","26409249","26409540","KN294873v1","1700476","1700762","61","24708773"
"chr13","26545616","26545903","KN295356v1","578208","578494","67","25967408"
"chr13","26578989","26579252","KN297319v1","1051471","1051731","26","25527518"
"chr13","26751111","26751279","KN295667v1","2018457","2018624","47","24732654"
"chr13","26796613","26796929","KN294954v1","70243","70554","70","26726370"
"chr13","26845574","26845868","KN297319v1","809994","810286","15","26035580"
"chr13","27056595","27056903","KN296588v1","282556","282869","61","26774039"
"chr13","27094222","27094513","KN297319v1","564163","564455","21","26530059"
"chr13","27185095","27185294","KN295533v1","2434686","2434882","52","24750409"
"chr13","27196926","27197214","KN297319v1","465757","466041","45","26731169"
"chr13","27301268","27301450","KN294540v1","770939","771118","41","26530329"
"chr13","27301744","27301872","KN295523v1","2424939","2425067","23","24876805"
"chr13","27311727","27311886","KN296187v1","1018477","1018630","34","26293250"
"chr13","27334266","27334565","KN296495v1","1076274","1076557","66","26257992"
"chr13","27864050","27864372","KN294257v1","1693918","1694233","74","26170132"
"chr13","27870990","27871305","KN296460v1","825006","825313","78","27045984"
"chr13","28082170","28082462","KN297146v1","529862","530151","68","27552308"
"chr13","28131681","28131838","KN295721v1","429780","429935","39","27701901"
"chr13","28132135","28132270","KN294536v1","348653","348787","26","27783482"
"chr13","28135598","28135899","KN294224v1","1079462","1079770","26","27056136"
"chr13","28149610","28149921","KN294224v1","1066678","1066990","25","27082932"
"chr13","28187730","28187993","KN294325v1","756815","757073","67","27430915"
"chr13","28235740","28236030","KN294224v1","979874","980142","44","27255866"
"chr13","28518356","28518677","KN296294v1","86095","86414","76","28432261"
"chr13","28557496","28557794","KN294224v1","660643","660948","43","27896853"
"chr13","28565558","28565877","KN295936v1","78605","78913","75","28486953"
"chr13","28643888","28644171","KN296311v1","5278234","5278515","57","23365654"
"chr13","28645448","28645608","KN296311v1","2361464","2361632","33","26283984"
"chr13","28738695","28738827","KN296820v1","874322","874456","27","27864373"
"chr13","28743514","28743786","KN296948v1","762193","762479","53","27981321"
"chr13","28844963","28845248","KN294224v1","393693","393984","22","28451270"
"chr13","29020985","29021268","KN295090v1","2374852","2375141","62","26646133"
"chr13","29412607","29412852","KN296145v1","3732348","3732587","19","25680259"
"chr13","29596858","29597143","KN296145v1","3544958","3545257","27","26051900"
"chr13","30142142","30142443","KN294452v1","1374937","1375240","56","28767205"
"chr13","30280998","30281152","KN296538v1","344550","344703","38","29936448"
"chr13","30295482","30295614","KN295708v1","493184","493318","23","29802298"
"chr13","30397383","30397677","KN295708v1","2790498","2790788","70","27606885"
"chr13","30432213","30432522","KN296145v1","2771580","2771860","46","27660633"
"chr13","30474607","30474745","KN294848v1","1161040","1161175","51","29313567"
"chr13","30482780","30483092","KN296322v1","1648835","1649139","69","28833945"
"chr13","31065140","31065416","KN296145v1","2164749","2165028","26","28900391"
"chr13","31507278","31507579","KN296145v1","1739048","1739353","21","29768230"
"chr13","31905596","31905752","KN296864v1","3353170","3353334","36","28552426"
"chr13","31910792","31911076","KN296145v1","1341911","1342193","17","30568881"
"chr13","32183855","32184196","KN296145v1","1068634","1068970","34","31115221"
"chr13","32334405","32334698","KN296507v1","738522","738814","68","31595883"
"chr13","32503764","32504021","KN296145v1","736954","737187","39","31766810"
"chr13","32515168","32515443","KN296145v1","725834","726111","26","31789334"
"chr13","32598487","32598626","KN296145v1","649092","649233","12","31949395"
"chr13","32635002","32635170","KN296865v1","889302","889471","43","31745700"
"chr13","32635216","32635337","KN294499v1","518311","518429","24","32116905"
"chr13","32705692","32705964","KN297165v1","2729254","2729527","61","29976438"
"chr13","32788266","32788575","KN296322v1","1648835","1649139","69","31139431"
"chr13","32963032","32963194","KN294911v1","4985405","4985572","34","27977627"
"chr13","32992137","32992310","KN296145v1","243711","243874","31","32748426"
"chr13","32993595","32993898","KN296145v1","242115","242415","26","32751480"
"chr13","33219550","33219859","KN296145v1","6386","6651","63","33213164"
"chr13","33288272","33288574","KN296036v1","2226548","2226840","76","31061724"
"chr13","34690736","34691010","KN297165v1","2057218","2057488","67","32633518"
"chr13","34884640","34884931","KN295984v1","150673","150962","69","34733967"
"chr13","34977821","34978106","KN297227v1","1123419","1123703","68","33854402"
"chr13","35960486","35960756","KN295171v1","473979","474239","67","35486507"
"chr13","35989613","35989850","KN296847v1","410946","411169","70","35578667"
"chr13","36238949","36239269","KN296306v1","2458139","2458449","76","33780810"
"chr13","36596331","36596624","KN297112v1","2231098","2231393","63","34365233"
"chr13","36825893","36826166","KN295282v1","123186","123460","65","36702707"
"chr13","36868458","36868754","KN295667v1","1567361","1567664","63","35301097"
"chr13","36934935","36935079","KN296210v1","326465","326608","35","36608470"
"chr13","36949322","36949425","KN295871v1","930449","930551","30","36018873"
"chr13","36984101","36984383","KN295705v1","823070","823354","65","36161031"
"chr13","37581438","37581736","KN294416v1","605214","605509","67","36976224"
"chr13","38123595","38123884","KN294260v1","822843","823138","74","37300752"
"chr13","38373783","38373992","KN294205v1","1582745","1582943","27","36791038"
"chr13","38722028","38722359","KN294205v1","1221978","1222329","46","37500050"
"chr13","38796870","38797173","KN297154v1","2066797","2067102","70","36730073"
"chr13","38828427","38828714","KN294205v1","1114211","1114484","31","37714216"
"chr13","39030527","39030726","KN294205v1","957443","957638","20","38073084"
"chr13","39570133","39570442","KN294452v1","1024655","1024959","71","38545478"
"chr13","39923643","39923906","KN294205v1","71533","71796","16","39852110"
"chr13","40038861","40039019","KN297219v1","2703507","2703665","15","37335354"
"chr13","40347752","40347964","KN297233v1","885829","886037","49","39461923"
"chr13","40437435","40437728","KN297219v1","2305980","2306268","25","38131455"
"chr13","40536233","40536409","KN296732v1","3070322","3070492","39","37465911"
"chr13","40536470","40536573","KN297028v1","612387","612499","28","39924083"
"chr13","40537770","40537897","KN295294v1","363845","363973","26","40173925"
"chr13","40679018","40679155","KN295605v1","687968","688102","26","39991050"
"chr13","40688385","40688544","KN296528v1","1183043","1183202","36","39505342"
"chr13","40732452","40732757","KN296507v1","738522","738814","62","39993930"
"chr13","40949349","40949654","KN297219v1","1839754","1840062","16","39109595"
"chr13","40952356","40952692","KN295667v1","1567361","1567664","93","39384995"
"chr13","41032578","41032880","KN297058v1","194613","194917","69","40837965"
"chr13","41113020","41113317","KN297219v1","1700575","1700868","52","39412445"
"chr13","41125674","41125924","KN297219v1","1689275","1689526","16","39436399"
"chr13","41126596","41126625","KN297023v1","132110","132140","8","40994486"
"chr13","41174520","41174815","KN297180v1","314236","314539","63","40860284"
"chr13","41181042","41181325","KN297219v1","1621419","1621693","31","39559623"
"chr13","41196337","41196640","KN296907v1","1087372","1087677","77","40108965"
"chr13","41228285","41228597","KN296460v1","825006","825313","67","40403279"
"chr13","41234182","41234478","KN297219v1","1576359","1576655","12","39657823"
"chr13","41260243","41260372","KN296738v1","39598","39734","40","41220645"
"chr13","41295772","41295945","KN294260v1","1473102","1473263","47","39822670"
"chr13","41295946","41296239","KN297219v1","1514045","1514340","23","39781901"
"chr13","41296240","41296373","KN295735v1","193210","193340","27","41103030"
"chr13","41314710","41315009","KN294444v1","233466","233771","83","41081244"
"chr13","41367918","41368049","KN297219v1","1442433","1442564","6","39925485"
"chr13","41560959","41561108","KN296732v1","3303486","3303632","32","38257473"
"chr13","42148942","42149228","KN295936v1","78605","78913","71","42070337"
"chr13","42266117","42266387","KN296778v1","90079","90358","75","42176038"
"chr13","42856128","42856424","KN294949v1","310994","311283","64","42545134"
"chr13","42988851","42989032","KN294167v1","348277","348450","42","42640574"
"chr13","42989058","42989160","KN296536v1","82119","82222","30","42906939"
"chr13","43024782","43025076","KN296290v1","2828979","2829278","26","40195803"
"chr13","43033226","43033430","KN296290v1","2820170","2820377","12","40213056"
"chr13","43184307","43184466","KN294548v1","490123","490280","31","42694184"
"chr13","43768320","43768620","KN295984v1","150673","150962","72","43617647"
"chr13","43775148","43775441","KN294520v1","992368","992662","70","42782780"
"chr13","44650706","44650991","KN296290v1","1215856","1216128","26","43434850"
"chr13","44659360","44659672","KN294421v1","9377","9683","69","44649983"
"chr13","44937988","44938294","KN294345v1","1713106","1713396","67","43224882"
"chr13","45000137","45000416","KN296290v1","866170","866474","40","44133967"
"chr13","45022751","45023050","KN295984v1","150673","150962","66","44872078"
"chr13","45035883","45036016","KN295706v1","131306","131439","21","44904577"
"chr13","45128585","45128891","KN295667v1","1567361","1567664","65","43561224"
"chr13","45260738","45260914","KN296096v1","680679","680846","39","44580059"
"chr13","45272759","45272922","KN296290v1","587253","587423","20","44685506"
"chr13","45273226","45273375","KN296290v1","586806","586954","5","44686420"
"chr13","45595668","45595944","KN294569v1","652042","652317","65","44943626"
"chr13","45760400","45760729","KN296322v1","1648835","1649139","84","44111565"
"chr13","45780270","45780567","KN296290v1","76119","76420","17","45704151"
"chr13","45916557","45916802","KN296467v1","110003","110248","10","45806554"
"chr13","45922228","45922527","KN296467v1","104385","104665","58","45817843"
"chr13","45954185","45954312","KN296138v1","11819","11953","22","45942366"
"chr13","46244488","46244777","KN294848v1","1246098","1246379","69","44998390"
"chr13","46794334","46794527","KN296548v1","82794","82989","52","46711540"
"chr13","47396508","47396793","KN295162v1","207771","208056","22","47188737"
"chr13","47830742","47831030","KN297028v1","173094","173386","61","47657648"
"chr13","48114467","48114691","KN297095v1","2669325","2669548","62","45445142"
"chr13","48196633","48196939","KN297190v1","6401851","6402158","76","41794782"
"chr13","48279430","48279687","KN296921v1","785494","785770","70","47493936"
"chr13","48363269","48363582","KN296588v1","282556","282869","63","48080713"
"chr13","48409137","48409250","KN294187v1","143442","143547","23","48265695"
"chr13","48474907","48475170","KN295596v1","3046296","3046522","50","45428611"
"chr13","48502211","48502516","KN295596v1","3016798","3017106","34","45485413"
"chr13","48683940","48684207","KN295596v1","2823312","2823595","37","45860628"
"chr13","48751665","48751958","KN295596v1","2759158","2759450","22","45992507"
"chr13","48921289","48921577","KN295596v1","2566260","2566526","36","46355029"
"chr13","48943833","48944111","KN295987v1","1142083","1142355","71","47801750"
"chr13","49090720","49090996","KN294199v1","1022551","1022840","65","48068169"
"chr13","49202722","49202979","KN295596v1","2296079","2296336","19","46906643"
"chr13","49224503","49224801","KN296726v1","392031","392328","54","48832472"
"chr13","49225986","49226288","KN297442v1","1676499","1676799","62","47549487"
"chr13","49264440","49264735","KN295596v1","2229331","2229614","29","47035109"
"chr13","49466152","49466454","KN297190v1","2683777","2684071","73","46782375"
"chr13","49486039","49486319","KN295352v1","729753","730045","74","48756286"
"chr13","49487334","49487641","KN295633v1","909764","910066","67","48577570"
"chr13","49637846","49638013","KN297319v1","373164","373327","45","49264682"
"chr13","49655106","49655236","KN295596v1","1825861","1825991","6","47829245"
"chr13","49783971","49784226","KN295596v1","1698104","1698351","23","48085867"
"chr13","49860715","49860919","KN295533v1","2434686","2434882","45","47426029"
"chr13","49943917","49944213","KN295171v1","12625","12912","56","49931292"
"chr13","50250671","50250974","KN295596v1","1238238","1238509","53","49012433"
"chr13","50938930","50939072","KN295596v1","545689","545834","12","50393241"
"chr13","50939371","50939551","KN295596v1","545195","545376","23","50394176"
"chr13","50968135","50968422","KN295596v1","514310","514606","32","50453825"
"chr13","51164381","51164665","KN295171v1","12625","12912","58","51151756"
"chr13","51317698","51317989","KN296507v1","738522","738814","66","50579176"
"chr13","51399213","51399425","KN295994v1","491289","491494","55","50907924"
"chr13","51480885","51481190","KN296784v1","8837","9139","18","51472048"
"chr13","51573886","51574177","KN294326v1","411424","411715","75","51162462"
"chr13","51647473","51647787","KN296784v1","167284","167587","38","51480189"
"chr13","51709371","51709496","KN294172v1","6272486","6272617","34","45436885"
"chr13","51814463","51814543","KN296828v1","138029","138111","18","51676434"
"chr13","52124028","52124293","KN295480v1","1342408","1342684","67","50781620"
"chr13","52209253","52209395","KN295005v1","263752","263899","40","51945501"
"chr13","52601646","52601788","KN296573v1","15418","15557","33","52586228"
"chr13","52681591","52681850","KN295480v1","2295514","2295785","79","50386077"
"chr13","52682202","52682500","KN295352v1","729753","730045","66","51952449"
"chr13","52698449","52698734","KN297066v1","48943","49249","68","52649506"
"chr13","52744566","52744850","KN295667v1","608355","608628","73","52136211"
"chr13","52764760","52764935","KN294711v1","1194000","1194162","44","51570760"
"chr13","52765230","52765350","KN295586v1","574112","574236","28","52191118"
"chr13","53072828","53072957","KN294848v1","1161040","1161175","26","51911788"
"chr13","54202360","54202663","KN297458v1","104221","104520","71","54098139"
"chr13","54481001","54481146","KN294346v1","260578","260726","43","54220423"
"chr13","54910236","54910522","KN296852v1","696285","696587","80","54213951"
"chr13","55079824","55079987","KN294790v1","2275744","2275904","42","52804080"
"chr13","55129835","55130123","KN295346v1","1646114","1646406","68","53483721"
"chr13","55360331","55360638","KN294911v1","891917","892211","77","54468414"
"chr13","55522640","55522945","KN294444v1","233466","233771","73","55289174"
"chr13","55917691","55917992","KN295869v1","914203","914507","80","55003488"
"chr13","56039762","56039904","KN297327v1","920937","921085","40","55118825"
"chr13","56366546","56366679","KN295102v1","105981","106109","22","56260565"
"chr13","56948595","56948883","KN295096v1","1181241","1181532","75","55767354"
"chr13","57088337","57088634","KN297227v1","1123419","1123703","79","55964918"
"chr13","57343564","57343831","KN295428v1","224334","224605","74","57119230"
"chr13","57599398","57599689","KN294260v1","1091595","1091881","66","56507803"
"chr13","57685804","57686100","KN295346v1","1646114","1646406","64","56039690"
"chr13","58445141","58445468","KN296682v1","2499170","2499493","84","55945971"
"chr13","58641354","58641492","KN294513v1","518116","518264","36","58123238"
"chr13","58700841","58701110","KN295352v1","1019178","1019436","73","57681663"
"chr13","59414316","59414580","KN295983v1","1223920","1224199","60","58190396"
"chr13","59500457","59500662","KN295533v1","2434686","2434882","45","57065771"
"chr13","59645308","59645625","KN296339v1","1283099","1283411","26","58362209"
"chr13","59675061","59675367","KN296339v1","1311339","1311635","30","58363722"
"chr13","59708065","59708299","KN296303v1","798953","799193","58","58909112"
"chr13","59790955","59791269","KN296460v1","825006","825313","79","58965949"
"chr13","59846795","59847096","KN296339v1","1482324","1482625","30","58364471"
"chr13","59943930","59944224","KN296495v1","1076274","1076557","62","58867656"
"chr13","60049908","60050222","KN296339v1","1704312","1704626","20","58345596"
"chr13","60083727","60083896","KN294443v1","437013","437176","44","59646714"
"chr13","60215950","60216263","KN296303v1","805215","805501","86","59410735"
"chr13","60260042","60260260","KN295572v1","371863","372076","56","59888179"
"chr13","60390031","60390315","KN296339v1","2039540","2039800","38","58350491"
"chr13","60477234","60477513","KN296339v1","2132595","2132880","35","58344639"
"chr13","60534029","60534322","KN295984v1","150673","150962","58","60383356"
"chr13","60579530","60579664","KN294540v1","1022251","1022386","30","59557279"
"chr13","60579970","60580101","KN295744v1","293049","293182","38","60286921"
"chr13","60882960","60883202","KN296643v1","482284","482494","79","60400676"
"chr13","61106399","61106686","KN296865v1","583441","583726","78","60522958"
"chr13","61165031","61165189","KN295236v1","3633881","3634012","48","57531150"
"chr13","61165226","61165344","KN295005v1","263925","264043","22","60901301"
"chr13","61383202","61383359","KN295347v1","14270","14430","34","61368932"
"chr13","61684221","61684521","KN294470v1","1153982","1154281","67","60530239"
"chr13","62174598","62174723","KN294764v1","647790","647916","7","61526808"
"chr13","62276417","62276543","KN294764v1","530417","530530","19","61746000"
"chr13","62538927","62539161","KN296062v1","1532820","1533033","61","61006107"
"chr13","62899641","62899997","KN296027v1","125002","125334","97","62774639"
"chr13","63170177","63170471","KN296864v1","1873086","1873381","75","61297091"
"chr13","63643257","63643560","KN294873v1","1303218","1303511","70","62340039"
"chr13","64014024","64014312","KN295607v1","571124","571405","75","63442900"
"chr13","64781817","64781977","KN296877v1","151376","151537","43","64630441"
"chr13","64782024","64782146","KN296682v1","4980731","4980854","21","59801293"
"chr13","65179863","65180151","KN296392v1","455077","455352","31","64724786"
"chr13","65790750","65791040","KN295586v1","701437","701726","63","65089313"
"chr13","66456286","66456559","KN296834v1","36883","37182","52","66419403"
"chr13","66726979","66727266","KN296303v1","805215","805501","76","65921764"
"chr13","66970349","66970658","KN297242v1","1213658","1213969","83","65756691"
"chr13","67254765","67255072","KN296834v1","869843","870156","30","66384922"
"chr13","68086838","68086987","KN294558v1","284993","285139","38","67801845"
"chr13","68087281","68087420","KN294613v1","471626","471777","46","67615655"
"chr13","68160689","68160986","KN294520v1","992368","992662","66","67168321"
"chr13","68249661","68249788","KN296210v1","321160","321291","24","67928501"
"chr13","68632853","68633123","KN296495v1","1076274","1076557","68","67556579"
"chr13","69864938","69865236","KN294848v1","932997","933294","73","68931941"
"chr13","69921922","69922245","KN295995v1","300405","300731","84","69621517"
"chr13","69945392","69945473","KN296513v1","2370825","2370911","22","67574567"
"chr13","69964046","69964339","KN297180v1","314236","314539","74","69649810"
"chr13","70039057","70039383","KN294911v1","2419251","2419556","81","67619806"
"chr13","70088398","70088710","KN296322v1","1648835","1649139","74","68439563"
"chr13","70357262","70357559","KN294446v1","591120","591416","76","69766142"
"chr13","70390327","70390421","KN295987v1","1409300","1409399","11","68981027"
"chr13","70444103","70444407","KN294251v1","1366870","1367179","74","69077233"
"chr13","70741210","70741332","KN297154v1","1282191","1282319","25","69459019"
"chr13","70741361","70741498","KN297159v1","700869","701022","37","70040492"
"chr13","71232006","71232297","KN294420v1","816046","816329","72","70415960"
"chr13","71678651","71678958","KN297180v1","314236","314539","69","71364415"
"chr13","71775004","71775127","KN295523v1","4122428","4122554","28","67652576"
"chr13","71775159","71775309","KN295326v1","444837","444999","36","71330322"
"chr13","71948118","71948239","KN296577v1","410154","410267","30","71537964"
"chr13","72031036","72031331","KN295365v1","13346","13638","81","72017690"
"chr13","72376555","72376832","KN297259v1","676922","677201","76","71699633"
"chr13","72834344","72834656","KN294581v1","108430","108726","76","72725914"
"chr13","72922003","72922277","KN295576v1","164716","164996","69","72757287"
"chr13","72996507","72996780","KN296404v1","2095101","2095370","61","70901406"
"chr13","73041390","73041598","KN296635v1","2061822","2062028","49","70979568"
"chr13","73052220","73052507","KN294260v1","1359230","1359515","61","71692990"
"chr13","73054226","73054510","KN296303v1","805215","805501","51","72249011"
"chr13","73109346","73109659","KN295405v1","315125","315439","63","72794221"
"chr13","73128315","73128488","KN294571v1","2119940","2120110","37","71008375"
"chr13","73128799","73128923","KN294199v1","86678","86798","24","73042121"
"chr13","73193196","73193522","KN296157v1","379494","379807","73","72813702"
"chr13","73205578","73205708","KN294172v1","5400991","5401118","40","67804587"
"chr13","73271889","73272153","KN295319v1","765091","765341","72","72506798"
"chr13","73292839","73292999","KN294991v1","973655","973815","37","72319184"
"chr13","73293045","73293178","KN296146v1","16177","16309","35","73276868"
"chr13","73543387","73543667","KN295633v1","1501780","1502052","66","72041607"
"chr13","73797488","73797793","KN295480v1","1274084","1274387","60","72523404"
"chr13","74130393","74130660","KN295257v1","796704","796977","79","73333689"
"chr13","74260274","74260553","KN295428v1","224334","224605","60","74035940"
"chr13","74276268","74276377","KN295406v1","576347","576444","26","73699921"
"chr13","75424011","75424300","KN294991v1","53502","53789","79","75370509"
"chr13","75440573","75440871","KN296948v1","762193","762479","76","74678380"
"chr13","75497687","75497995","KN295406v1","486578","486886","64","75011109"
"chr13","75522995","75523130","KN294536v1","420664","420795","48","75102331"
"chr13","75554049","75554300","KN294613v1","331392","331636","64","75222657"
"chr13","75570625","75570911","KN295983v1","1223920","1224199","66","74346705"
"chr13","75634185","75634457","KN296426v1","129623","129895","68","75504562"
"chr13","76139646","76139846","KN296577v1","938048","938235","55","75201598"
"chr13","76140146","76140267","KN297323v1","349913","350031","25","75790233"
"chr13","76671209","76671500","KN294210v1","473112","473404","59","76198097"
"chr13","76840478","76840617","KN294172v1","6437551","6437696","38","70402927"
"chr13","76963277","76963423","KN296247v1","959095","959240","32","76004182"
"chr13","76964175","76964207","KN295402v1","706103","706129","9","76258072"
"chr13","76977931","76978226","KN295352v1","729753","730045","67","76248178"
"chr13","77016541","77016830","KN297229v1","432441","432732","21","76584100"
"chr13","77028165","77028467","KN297229v1","421042","421347","29","76607123"
"chr13","77032760","77032882","KN294457v1","1164538","1164662","32","75868222"
"chr13","77091726","77091847","KN297229v1","352299","352425","12","76739427"
"chr13","77158453","77158746","KN296538v1","333498","333794","59","76824955"
"chr13","77353789","77353866","KN295633v1","2100867","2100948","25","75252922"
"chr13","77463211","77463381","KN294199v1","348435","348600","37","77114776"
"chr13","77463408","77463432","KN294199v1","348628","348645","10","77114780"
"chr13","77762406","77762699","KN295006v1","417545","417841","26","77344861"
"chr13","78051235","78051519","KN296948v1","762193","762479","66","77289042"
"chr13","78450460","78450751","KN295260v1","297685","297986","32","78152775"
"chr13","78457785","78458077","KN294210v1","473112","473404","68","77984673"
"chr13","78555051","78555331","KN295034v1","819251","819532","72","77735800"
"chr13","78707173","78707477","KN296526v1","283231","283529","72","78423942"
"chr13","78943983","78944264","KN295260v1","797630","797901","43","78146353"
"chr13","79424519","79424829","KN294539v1","3359067","3359368","70","76065452"
"chr13","79627692","79627989","KN296864v1","1939832","1940132","67","77687860"
"chr13","79798163","79798450","KN295705v1","823070","823354","69","78975093"
"chr13","80085002","80085239","KN294475v1","222076","222313","70","79862926"
"chr13","80106020","80106162","KN295260v1","2000333","2000484","20","78105687"
"chr13","80327933","80327976","KN295450v1","178289","178327","11","80149644"
"chr13","80328285","80328418","KN297259v1","1176832","1176951","40","79151453"
"chr13","80456301","80456586","KN297047v1","3453782","3454066","67","77002519"
"chr13","80736003","80736236","KN294235v1","570733","570958","74","80165270"
"chr13","81002662","81002773","KN296503v1","535366","535479","31","80467296"
"chr13","81002819","81002998","KN297158v1","804748","804922","49","80198071"
"chr13","81117904","81118194","KN297016v1","101503","101788","68","81016401"
"chr13","81341476","81341834","KN296620v1","438922","439294","119","80902554"
"chr13","81348282","81348573","KN294523v1","15844","16136","64","81332438"
"chr13","81386345","81386593","KN297445v1","1222732","1222973","71","80163613"
"chr13","81608222","81608508","KN294396v1","224755","225042","67","81383467"
"chr13","82130187","82130320","KN294420v1","702665","702798","34","81427522"
"chr13","82245785","82245915","KN294172v1","6272486","6272617","25","75973299"
"chr13","82245951","82246111","KN297000v1","418665","418822","42","81827286"
"chr13","82893263","82893396","KN296145v1","649092","649233","31","82244171"
"chr13","83234805","83234950","KN294558v1","284993","285139","34","82949812"
"chr13","83330462","83330747","KN294235v1","447510","447794","82","82882952"
"chr13","83775533","83775680","KN296732v1","3522095","3522260","46","80253438"
"chr13","85152162","85152256","KN295501v1","718333","718428","32","84433829"
"chr13","85606622","85606895","KN297219v1","1621419","1621693","67","83985203"
"chr13","85711562","85711824","KN296864v1","2452974","2453250","71","83258588"
"chr13","86090558","86090690","KN295906v1","88165","88296","27","86002393"
"chr13","86463034","86463347","KN296322v1","1648835","1649139","71","84814199"
"chr13","86615463","86615767","KN296507v1","738522","738814","68","85876941"
"chr13","86876769","86877040","KN295967v1","1520844","1521111","71","85355925"
"chr13","87048328","87048507","KN295347v1","14270","14430","56","87034058"
"chr13","87664352","87664634","KN296290v1","1215856","1216128","75","86448496"
"chr13","87741749","87742028","KN294571v1","1132204","1132487","74","86609545"
"chr13","87902400","87902696","KN296541v1","3255623","3255926","71","84646777"
"chr13","88034800","88034891","KN296630v1","33021","33113","12","88001779"
"chr13","88191134","88191300","KN295294v1","403385","403528","53","87787749"
"chr13","88463134","88463438","KN295102v1","38793","39103","71","88424341"
"chr13","88737623","88737828","KN295533v1","2434686","2434882","52","86302937"
"chr13","89331255","89331419","KN297319v1","373164","373327","34","88958091"
"chr13","89453903","89454136","KN296371v1","187238","187458","60","89266665"
"chr13","89501207","89501349","KN296538v1","1843564","1843714","39","87657643"
"chr13","89501617","89501749","KN296430v1","195171","195301","28","89306446"
"chr13","89527117","89527460","KN296743v1","1658892","1659232","99","87868225"
"chr13","89536216","89536514","KN294439v1","130265","130569","82","89405951"
"chr13","89601241","89601456","KN296158v1","230905","231113","64","89370336"
"chr13","89630642","89630805","KN294470v1","78054","78217","35","89552588"
"chr13","89631124","89631254","KN296430v1","1046689","1046817","25","88584435"
"chr13","90556025","90556289","KN294539v1","1506592","1506858","60","89049433"
"chr13","91303468","91303749","KN294911v1","4780948","4781223","62","86522520"
"chr13","91663451","91663763","KN296505v1","323963","324278","69","91339488"
"chr13","92217912","92218205","KN296809v1","89252","89548","70","92128660"
"chr13","92483847","92484149","KN297236v1","52228","52520","74","92431619"
"chr13","93037662","93037959","KN295828v1","1635308","1635575","88","91402354"
"chr13","93115630","93115904","KN295592v1","2199765","2200037","73","90915865"
"chr13","93254047","93254344","KN296507v1","738522","738814","64","92515525"
"chr13","93619443","93619732","KN294991v1","53502","53789","68","93565941"
"chr13","93713519","93713593","KN296864v1","203949","204018","21","93509570"
"chr13","93990575","93990889","KN294809v1","517534","517844","72","93473041"
"chr13","94245278","94245594","KN294452v1","1374937","1375240","70","92870341"
"chr13","94460635","94460783","KN295601v1","2833105","2833244","29","91627530"
"chr13","94575286","94575587","KN295633v1","909764","910066","61","93665522"
"chr13","94745578","94745675","KN296926v1","151891","151976","29","94593687"
"chr13","94809009","94809097","KN294387v1","2019460","2019545","26","92789549"
"chr13","94908510","94908779","KN296290v1","1215856","1216128","69","93692654"
"chr13","95261817","95262058","KN294874v1","119164","119388","61","95142653"
"chr13","95303248","95303418","KN296040v1","735347","735502","58","94567901"
"chr13","95303716","95303737","KN295236v1","2973161","2973176","11","92330555"
"chr13","95349250","95349305","KN295893v1","883771","883820","11","94465479"
"chr13","95449557","95449739","KN296528v1","1417954","1418126","42","94031603"
"chr13","95450042","95450174","KN295706v1","131306","131439","21","95318736"
"chr13","95674358","95674656","KN295099v1","55159","55457","67","95619199"
"chr13","95699818","95700114","KN297028v1","69514","69807","77","95630304"
"chr13","95750964","95751234","KN296948v1","762193","762479","65","94988771"
"chr13","95759320","95759538","KN295893v1","81858","82067","56","95677462"
"chr13","95888818","95889069","KN295869v1","333345","333580","69","95555473"
"chr13","95984340","95984629","KN295068v1","49131","49419","67","95935209"
"chr13","96064298","96064571","KN295302v1","381457","381740","80","95682841"
"chr13","96430933","96431223","KN296315v1","1023330","1023621","74","95407603"
"chr13","97069767","97070066","KN294210v1","473112","473404","64","96596655"
"chr13","97443406","97443691","KN294693v1","1341996","1342279","68","96101410"
"chr13","97529433","97529595","KN294613v1","471626","471777","39","97057807"
"chr13","97865322","97865458","KN294420v1","702665","702798","21","97162657"
"chr13","97873269","97873568","KN296371v1","158213","158508","62","97715056"
"chr13","97951416","97951656","KN297180v1","531711","531948","69","97419705"
"chr13","97992431","97992578","KN297245v1","2021145","2021297","41","95971286"
"chr13","98020073","98020208","KN294827v1","217820","217957","23","97802253"
"chr13","98071815","98071902","KN296859v1","1472329","1472410","24","96599486"
"chr13","98181654","98181816","KN294599v1","310631","310786","43","97871023"
"chr13","98204679","98204956","KN294713v1","427132","427409","70","97777547"
"chr13","98394521","98394653","KN296322v1","2564470","2564606","19","95830051"
"chr13","98586012","98586159","KN296247v1","959095","959240","39","97626917"
"chr13","98625994","98626294","KN295244v1","176243","176550","73","98449751"
"chr13","98639062","98639349","KN296322v1","2312397","2312683","21","96326665"
"chr13","98647793","98647913","KN295572v1","285457","285578","29","98362336"
"chr13","98647949","98648098","KN296311v1","2721595","2721736","50","95926354"
"chr13","98969996","98970293","KN296864v1","1939832","1940132","67","97030164"
"chr13","99013107","99013416","KN294548v1","1203959","1204261","69","97809148"
"chr13","99110036","99110342","KN296322v1","1818952","1819227","45","97291084"
"chr13","99285387","99285691","KN296322v1","1648835","1649139","17","97636552"
"chr13","99517128","99517424","KN296322v1","1422030","1422326","27","98095098"
"chr13","99521698","99522003","KN295406v1","486578","486886","69","99035120"
"chr13","99612731","99613011","KN295571v1","1033036","1033312","68","98579695"
"chr13","99622863","99623004","KN295077v1","850159","850295","39","98772704"
"chr13","99649920","99649981","KN294506v1","84591","84650","14","99565329"
"chr13","99650273","99650431","KN297171v1","1235221","1235375","35","98415052"
"chr13","99819064","99819352","KN296435v1","2611722","2612009","64","97207342"
"chr13","99936510","99936639","KN296311v1","4657589","4657718","19","95278921"
"chr13","100029810","100030109","KN296864v1","1939832","1940132","62","98089978"
"chr13","100209958","100210277","KN296322v1","720135","720449","23","99489823"
"chr13","100352694","100353006","KN294169v1","205462","205769","87","100147232"
"chr13","100422139","100422437","KN297442v1","1676499","1676799","63","98745640"
"chr13","100497860","100498167","KN296322v1","426249","426560","18","100071611"
"chr13","100909441","100909758","KN296322v1","19020","19328","53","100890421"
"chr13","101060269","101060589","KN296000v1","951524","951844","78","100108745"
"chr13","101345519","101345660","KN294848v1","1161040","1161175","34","100184479"
"chr13","101853438","101853755","KN294452v1","1374937","1375240","74","100478501"
"chr13","102835099","102835229","KN295605v1","687968","688102","15","102147131"
"chr13","102957794","102958074","KN296948v1","762193","762479","58","102195601"
"chr13","105277271","105277561","KN295893v1","1879651","1879923","75","103397620"
"chr13","105718069","105718337","KN296507v1","738522","738814","78","104979547"
"chr13","106316781","106317001","KN296701v1","344880","345098","62","105971901"
"chr13","106813793","106813874","KN294613v1","694258","694320","29","106119535"
"chr13","107012542","107012673","KN295706v1","131306","131439","20","106881236"
"chr13","107087660","107087921","KN296528v1","1411593","1411869","69","105676067"
"chr13","108151492","108151636","KN296573v1","15418","15557","40","108136074"
"chr13","109094220","109094510","KN295352v1","729753","730045","63","108364467"
"chr13","109979165","109979262","KN296178v1","755643","755738","27","109223522"
"chr13","110543129","110543432","KN294421v1","9377","9683","66","110533752"
"chr13","110595925","110596205","KN296467v1","104385","104665","70","110491540"
"chr13","110599634","110599769","KN294410v1","486228","486353","32","110113406"
"chr13","110614803","110615006","KN294964v1","1050991","1051179","55","109563812"
"chr13","110901765","110902071","KN296306v1","2458139","2458449","65","108443626"
"chr13","111009103","111009399","KN295099v1","55159","55457","71","110953944"
"chr13","111074973","111075268","KN296303v1","805215","805501","68","110269758"
"chr13","111085389","111085694","KN295667v1","1567361","1567664","73","109518028"
"chr13","111140680","111140989","KN296643v1","555392","555692","82","110585288"
"chr13","113349043","113349164","KN295601v1","2823696","2823818","30","110525347"
"chr13","114154317","114154424","KN295967v1","317728","317828","36","113836589"
"chr13","114189861","114190151","KN294493v1","1639497","1639778","67","112550364"
"chr13","114237294","114237583","KN294991v1","1709174","1709474","67","112528120"
"chr13","114241769","114242069","KN294991v1","1709174","1709474","62","112532595"
"chr13","114247200","114247466","KN297320v1","22264","22555","68","114224936"
"chr14","55443438","55443728","KN297023v1","640512","640805","51","54802926"
"chr14","106561259","106561540","KN294383v1","82436","82719","40","106478823"
"chr14","18559145","18559302","KN296738v1","200423","200579","41","18358722"
"chr14","19095612","19095736","KN294172v1","6039824","6039947","31","13055788"
"chr14","20327000","20327092","KN297442v1","15487","15576","19","20311513"
"chr14","20362804","20362913","KN295883v1","610510","610616","21","19752294"
"chr14","20400313","20400433","KN297038v1","317140","317257","23","20083173"
"chr14","20463242","20463393","KN295701v1","629392","629529","41","19833850"
"chr14","20487911","20488242","KN296505v1","323963","324278","73","20163948"
"chr14","20534008","20534316","KN296864v1","1939832","1940132","67","18594176"
"chr14","20660670","20660963","KN295346v1","1646114","1646406","74","19014556"
"chr14","21086094","21086379","KN297028v1","97110","97396","61","20988984"
"chr14","21175501","21175636","KN295294v1","3806061","3806194","21","17369440"
"chr14","21257584","21257860","KN296315v1","1023330","1023621","78","20234254"
"chr14","21485940","21486184","KN297046v1","3526635","3526886","73","17959305"
"chr14","21509462","21509717","KN295758v1","594510","594762","74","20914952"
"chr14","21593517","21593815","KN297058v1","392670","392966","69","21200847"
"chr14","21659036","21659306","KN296865v1","1172192","1172469","62","20486844"
"chr14","21906991","21907269","KN296825v1","2323044","2323333","66","19583947"
"chr14","22319825","22319921","KN296276v1","103002","103085","17","22216823"
"chr14","22504702","22505005","KN296948v1","762193","762479","67","21742509"
"chr14","22662323","22662474","KN297320v1","677594","677746","29","21984729"
"chr14","22792283","22792564","KN296210v1","121418","121711","71","22670865"
"chr14","22859150","22859294","KN296732v1","3303486","3303632","28","19555664"
"chr14","22859595","22859760","KN294271v1","8882","9045","45","22850713"
"chr14","22965496","22965627","KN296580v1","375183","375306","32","22590313"
"chr14","22988803","22988943","KN294407v1","3228566","3228701","26","19760237"
"chr14","23098660","23098965","KN295352v1","729753","730045","82","22368907"
"chr14","23105246","23105367","KN296153v1","3527722","3527839","20","19577524"
"chr14","23188461","23188769","KN294539v1","3359067","3359368","68","19829394"
"chr14","23213992","23214110","KN295205v1","1234306","1234404","37","21979686"
"chr14","23215421","23215522","KN295308v1","2064887","2064983","26","21150534"
"chr14","23258904","23259211","KN295633v1","909764","910066","61","22349140"
"chr14","23296357","23296644","KN294991v1","1709174","1709474","60","21587183"
"chr14","23362726","23362881","KN296187v1","1018477","1018630","51","22344249"
"chr14","23610451","23610751","KN294172v1","1404856","1405150","65","22205595"
"chr14","23613310","23613607","KN296072v1","187671","187971","20","23425639"
"chr14","23642567","23642867","KN296072v1","223075","223369","25","23419492"
"chr14","23853701","23854001","KN297227v1","1049335","1049619","67","22804366"
"chr14","23876811","23877105","KN294507v1","85696","85989","14","23791115"
"chr14","23957553","23957850","KN295592v1","2169141","2169432","32","21788412"
"chr14","23992685","23992979","KN295592v1","2169141","2169432","29","21823544"
"chr14","24040356","24040632","KN295592v1","2199765","2200037","29","21840591"
"chr14","24246011","24246117","KN295236v1","3829766","3829860","34","20416245"
"chr14","24246420","24246587","KN294571v1","2119940","2120110","41","22126480"
"chr14","24276465","24276590","KN297050v1","128023","128146","21","24148442"
"chr14","24362704","24362964","KN295592v1","1834304","1834564","11","22528400"
"chr14","24476543","24476709","KN294705v1","931738","931905","36","23544805"
"chr14","25068936","25069192","KN295592v1","1126110","1126362","48","23942826"
"chr14","25346269","25346348","KN296916v1","406169","406247","22","24940100"
"chr14","25346549","25346729","KN296496v1","472499","472677","48","24874050"
"chr14","25707470","25707716","KN295592v1","463008","463249","18","25244462"
"chr14","26398759","26399024","KN297189v1","235450","235714","12","26163309"
"chr14","26574681","26574963","KN294758v1","1780351","1780635","75","24794330"
"chr14","26837524","26837617","KN297046v1","3504949","3505040","27","23332575"
"chr14","27272657","27272934","KN297008v1","6549351","6549627","68","20723306"
"chr14","27448647","27448938","KN294199v1","1022551","1022840","65","26426096"
"chr14","28259074","28259290","KN295601v1","3201776","3202001","66","25057298"
"chr14","28491260","28491477","KN295236v1","6028400","6028621","62","22462860"
"chr14","28543229","28543532","KN295667v1","1567361","1567664","71","26975868"
"chr14","28660394","28660675","KN294279v1","171583","171867","75","28488811"
"chr14","29745482","29745776","KN294848v1","1246098","1246379","57","28499384"
"chr14","29939385","29939706","KN297242v1","2598664","2598979","32","27340721"
"chr14","30492697","30493000","KN297242v1","2049340","2049645","23","28443357"
"chr14","30611647","30611911","KN296639v1","37858","38116","71","30573789"
"chr14","30677155","30677323","KN294571v1","2119940","2120110","40","28557215"
"chr14","30704183","30704337","KN297159v1","700869","701022","34","30003314"
"chr14","30848563","30848853","KN296732v1","1369356","1369648","75","29479207"
"chr14","30886740","30887021","KN297133v1","328287","328569","62","30558453"
"chr14","30903406","30903698","KN297242v1","1632347","1632635","23","29271059"
"chr14","30956373","30956556","KN297242v1","1579579","1579761","11","29376794"
"chr14","30961647","30961904","KN297242v1","1574176","1574433","12","29387471"
"chr14","31009833","31010136","KN295368v1","1939103","1939400","79","29070730"
"chr14","31150813","31151090","KN297242v1","1368004","1368281","27","29782809"
"chr14","31170132","31170441","KN297242v1","1347482","1347793","27","29822650"
"chr14","31213209","31213470","KN297242v1","1301019","1301282","20","29912190"
"chr14","31222959","31223116","KN294991v1","973655","973815","32","30249304"
"chr14","31266707","31266874","KN296000v1","898022","898186","36","30368685"
"chr14","31267168","31267317","KN296783v1","551030","551174","37","30716138"
"chr14","31303925","31304230","KN297242v1","1213658","1213969","24","30090267"
"chr14","31335974","31336200","KN294372v1","2435922","2436135","65","28900052"
"chr14","31336265","31336393","KN295441v1","789788","789916","22","30546477"
"chr14","31351257","31351521","KN297242v1","1171024","1171287","20","30180233"
"chr14","31385138","31385428","KN296303v1","805215","805501","59","30579923"
"chr14","31467854","31468107","KN295893v1","437901","438156","60","31029953"
"chr14","31509199","31509311","KN296079v1","397109","397211","25","31112090"
"chr14","31513419","31513570","KN297312v1","704627","704767","43","30808792"
"chr14","31522085","31522403","KN294421v1","9377","9683","70","31512708"
"chr14","32008340","32008669","KN294486v1","867184","867500","78","31141156"
"chr14","32032353","32032464","KN295236v1","4090165","4090277","27","27942188"
"chr14","32032774","32032926","KN294513v1","518116","518264","37","31514658"
"chr14","32489237","32489508","KN297112v1","4879822","4880096","60","27609415"
"chr14","32595512","32595678","KN294991v1","973655","973815","28","31621857"
"chr14","32870388","32870676","KN294509v1","1350928","1351223","23","31519460"
"chr14","32884344","32884485","KN294346v1","260578","260726","38","32623766"
"chr14","33144553","33144893","KN294949v1","1551468","1551789","94","31593085"
"chr14","33148697","33148995","KN294509v1","1065232","1065531","28","32083465"
"chr14","33447632","33447930","KN294509v1","750191","750493","27","32697441"
"chr14","33703206","33703493","KN296682v1","3395587","3395869","75","30307619"
"chr14","33864044","33864350","KN294509v1","336219","336519","26","33527825"
"chr14","34012149","34012464","KN294604v1","27646","27963","79","33984503"
"chr14","34307817","34308112","KN296925v1","115493","115782","27","34192324"
"chr14","34315840","34316114","KN296306v1","1771005","1771285","62","32544835"
"chr14","34488274","34488412","KN297274v1","1606553","1606683","28","32881721"
"chr14","34488754","34488920","KN294199v1","348435","348600","40","34140319"
"chr14","34579346","34579624","KN294984v1","94202","94491","74","34485144"
"chr14","34580298","34580596","KN297046v1","3065440","3065749","74","31514858"
"chr14","34615604","34615766","KN295967v1","534752","534906","41","34080852"
"chr14","34627025","34627164","KN294284v1","70113","70248","15","34556912"
"chr14","34627790","34627920","KN294284v1","69676","69806","12","34558114"
"chr14","34635624","34635769","KN294193v1","877240","877391","32","33758384"
"chr14","34642393","34642706","KN296864v1","1939832","1940132","78","32702561"
"chr14","34645828","34645962","KN294284v1","53072","53205","8","34592756"
"chr14","34672072","34672202","KN295449v1","587976","588098","20","34084096"
"chr14","34676427","34676656","KN294713v1","801014","801236","59","33875413"
"chr14","34747357","34747643","KN295744v1","408789","409077","63","34338568"
"chr14","34749550","34749715","KN295114v1","20274","20431","47","34729276"
"chr14","34907334","34907477","KN296145v1","649092","649233","36","34258242"
"chr14","35017840","35018117","KN294239v1","1686717","1687011","76","33331123"
"chr14","35037575","35037791","KN295923v1","1986700","1986911","51","33050875"
"chr14","35112270","35112402","KN294591v1","569932","570064","6","34542338"
"chr14","35124272","35124431","KN294591v1","557328","557491","16","34566944"
"chr14","35146812","35147112","KN294591v1","535625","535912","29","34611187"
"chr14","35263947","35264137","KN295941v1","308967","309170","58","34954980"
"chr14","35264422","35264557","KN297279v1","1209908","1210040","30","34054514"
"chr14","35462101","35462372","KN294911v1","4780948","4781223","75","30681153"
"chr14","35475581","35475874","KN294591v1","199615","199912","29","35275966"
"chr14","35508421","35508718","KN295346v1","1542461","1542751","59","33965960"
"chr14","35520872","35520963","KN294591v1","157234","157317","11","35363638"
"chr14","35745803","35746085","KN296404v1","2095101","2095370","72","33650702"
"chr14","35758832","35759106","KN295906v1","99775","100018","50","35659057"
"chr14","35780810","35780956","KN295906v1","124441","124587","14","35656369"
"chr14","35787626","35787879","KN297133v1","25031","25288","73","35762595"
"chr14","36537378","36537654","KN295906v1","883641","883911","24","35653737"
"chr14","36691607","36691701","KN295301v1","1589895","1589989","5","35101712"
"chr14","36693625","36693862","KN296507v1","415379","415594","61","36278246"
"chr14","37201825","37202126","KN295301v1","1048159","1048462","15","36153666"
"chr14","37237969","37238122","KN295301v1","1004370","1004527","13","36233599"
"chr14","37251054","37251367","KN295301v1","990148","990430","53","36260906"
"chr14","37341606","37341745","KN294964v1","965459","965591","30","36376147"
"chr14","37344749","37345032","KN295301v1","897999","898289","28","36446750"
"chr14","37377747","37377860","KN295977v1","1181733","1181839","26","36196014"
"chr14","37480857","37481163","KN295633v1","909764","910066","65","36571093"
"chr14","37637496","37637656","KN296263v1","536654","536807","41","37100842"
"chr14","37722433","37722639","KN295923v1","1986700","1986911","47","35735733"
"chr14","37875522","37875686","KN295301v1","357053","357217","13","37518469"
"chr14","37887125","37887434","KN295301v1","343655","343965","22","37543470"
"chr14","38064386","38064518","KN296643v1","191078","191208","28","37873308"
"chr14","38510938","38511224","KN294420v1","816046","816329","57","37694892"
"chr14","39048356","39048629","KN295090v1","102719","102992","76","38945637"
"chr14","39053850","39054000","KN296879v1","1045124","1045272","34","38008726"
"chr14","39057361","39057667","KN295068v1","49131","49419","76","39008230"
"chr14","39185007","39185283","KN296495v1","1076274","1076557","71","38108733"
"chr14","39239264","39239587","KN295894v1","2131941","2132242","76","37107323"
"chr14","39439273","39439550","KN295433v1","425544","425817","76","39013729"
"chr14","40239809","40239960","KN296275v1","443144","443303","20","39796665"
"chr14","40647750","40648058","KN294439v1","130265","130569","73","40517485"
"chr14","40735888","40736170","KN296864v1","3138537","3138822","75","37597351"
"chr14","42403077","42403321","KN295692v1","1283805","1284037","73","41119272"
"chr14","42864866","42865150","KN296306v1","1771005","1771285","74","41093861"
"chr14","43689955","43690279","KN296635v1","3158196","3158517","85","40531759"
"chr14","44200329","44200458","KN297023v1","329933","330059","27","43870396"
"chr14","44742154","44742345","KN295430v1","2495062","2495241","46","42247092"
"chr14","44742639","44742749","KN296296v1","266802","266913","27","44475837"
"chr14","44943718","44943993","KN295480v1","2295514","2295785","66","42648204"
"chr14","44956865","44957122","KN297046v1","2266992","2267242","65","42689873"
"chr14","44986292","44986596","KN294210v1","473112","473404","65","44513180"
"chr14","45337450","45337626","KN294407v1","81677","81857","60","45255773"
"chr14","45564723","45565040","KN296836v1","993587","993901","76","44571136"
"chr14","45961344","45961630","KN294539v1","1347688","1347986","77","44613656"
"chr14","47160423","47160672","KN297197v1","1048614","1048879","74","46111809"
"chr14","47279882","47279991","KN295871v1","930449","930551","33","46349433"
"chr14","47312556","47312829","KN296635v1","4119867","4120137","87","43192689"
"chr14","47496246","47496544","KN296528v1","1109404","1109696","68","46386842"
"chr14","47540583","47540864","KN294420v1","816046","816329","64","46724537"
"chr14","48113937","48114178","KN295368v1","2443516","2443764","71","45670421"
"chr14","48234705","48235005","KN297066v1","48943","49249","57","48185762"
"chr14","49299353","49299650","KN294848v1","1246098","1246379","71","48053255"
"chr14","49480002","49480298","KN294326v1","411424","411715","75","49068578"
"chr14","49537424","49537736","KN294421v1","9377","9683","68","49528047"
"chr14","49659135","49659379","KN295368v1","1769567","1769795","69","47889568"
"chr14","49777449","49777600","KN294407v1","109423","109582","37","49668026"
"chr14","49974610","49974713","KN295871v1","930449","930551","26","49044161"
"chr14","49975020","49975142","KN296485v1","157888","158017","30","49817132"
"chr14","50047774","50048083","KN296278v1","748512","748801","72","49299262"
"chr14","50114554","50114874","KN294181v1","1696156","1696463","83","48418398"
"chr14","50147232","50147535","KN296096v1","1326102","1326406","61","48821130"
"chr14","50180755","50180872","KN294705v1","1831138","1831252","27","48349617"
"chr14","50195480","50195708","KN295596v1","3046296","3046522","55","47149184"
"chr14","50202451","50202755","KN294452v1","1374937","1375240","64","48827514"
"chr14","50258526","50258813","KN295708v1","2860090","2860376","56","47398436"
"chr14","50261498","50261783","KN297390v1","84191","84473","61","50177307"
"chr14","50337329","50337653","KN295406v1","486578","486886","79","49850751"
"chr14","50346467","50346591","KN295586v1","5575079","5575199","31","44771388"
"chr14","50393497","50393646","KN294172v1","6437551","6437696","43","43955946"
"chr14","50394855","50394985","KN295983v1","1014873","1014997","23","49379982"
"chr14","50415671","50415958","KN296825v1","895696","895974","75","49519975"
"chr14","50423533","50423765","KN294458v1","21581","21829","60","50401952"
"chr14","50576589","50576876","KN297452v1","1744682","1744969","66","48831907"
"chr14","50615993","50616296","KN295099v1","55159","55457","62","50560834"
"chr14","50640274","50640419","KN294558v1","284993","285139","28","50355281"
"chr14","50709169","50709473","KN297023v1","152219","152509","74","50556950"
"chr14","50751566","50751826","KN296750v1","483092","483341","64","50268474"
"chr14","50992297","50992571","KN295983v1","1223920","1224199","56","49768377"
"chr14","51083259","51083541","KN294433v1","339066","339347","72","50744193"
"chr14","51108597","51108914","KN295548v1","624737","625039","68","50483860"
"chr14","51184357","51184627","KN297189v1","235450","235714","64","50948907"
"chr14","51262329","51262576","KN294458v1","21581","21829","53","51240748"
"chr14","51567343","51567635","KN295936v1","78605","78913","67","51488738"
"chr14","51637997","51638291","KN296435v1","2611722","2612009","69","49026275"
"chr14","51683268","51683587","KN294578v1","530150","530461","79","51153118"
"chr14","51810839","51811092","KN294747v1","867897","868151","80","50942942"
"chr14","51911546","51911844","KN296507v1","738522","738814","66","51173024"
"chr14","51913227","51913527","KN297327v1","807993","808286","70","51105234"
"chr14","52050620","52050835","KN297046v1","2262724","2262922","59","49787896"
"chr14","52054421","52054722","KN295352v1","729753","730045","65","51324668"
"chr14","52524497","52524793","KN295346v1","1646114","1646406","73","50878383"
"chr14","52584633","52584900","KN296495v1","1071693","1071963","70","51512940"
"chr14","52612565","52612865","KN296883v1","3433271","3433571","26","49179294"
"chr14","52643857","52644146","KN296883v1","3402872","3403157","24","49240985"
"chr14","52672489","52672804","KN296883v1","3371466","3371781","30","49301023"
"chr14","52674228","52674502","KN296883v1","3369775","3370049","28","49304453"
"chr14","52677583","52677890","KN294389v1","28183","28488","74","52649400"
"chr14","52721522","52721675","KN297319v1","373164","373327","41","52348358"
"chr14","52729354","52729443","KN296883v1","3315566","3315656","12","49413788"
"chr14","52748251","52748439","KN295828v1","908100","908291","52","51840151"
"chr14","52886350","52886495","KN296738v1","200423","200579","37","52685927"
"chr14","52903256","52903567","KN296883v1","3122337","3122639","26","49780919"
"chr14","53015000","53015136","KN296495v1","1296063","1296199","17","51718937"
"chr14","53092561","53092873","KN296322v1","1648835","1649139","74","51443726"
"chr14","53827137","53827397","KN296883v1","2173076","2173324","25","51654061"
"chr14","53883844","53884126","KN294451v1","274979","275268","70","53608865"
"chr14","53895294","53895570","KN296948v1","762193","762479","63","53133101"
"chr14","54164036","54164293","KN296883v1","1842774","1843060","46","52321262"
"chr14","54369371","54369530","KN296000v1","898022","898186","40","53471349"
"chr14","54381485","54381777","KN297227v1","1049335","1049619","68","53332150"
"chr14","54620761","54621064","KN296883v1","1375338","1375641","8","53245423"
"chr14","54829539","54829716","KN294269v1","1609579","1609744","44","53219960"
"chr14","54862027","54862330","KN296883v1","1136732","1137055","38","53725295"
"chr14","54913638","54913744","KN296883v1","1087896","1087998","8","53825742"
"chr14","54976233","54976496","KN296145v1","6386","6651","78","54969847"
"chr14","54992634","54992924","KN296001v1","79566","79857","57","54913068"
"chr14","55001263","55001562","KN295099v1","55159","55457","63","54946104"
"chr14","55101069","55101312","KN296883v1","892428","892672","16","54208641"
"chr14","55157769","55158061","KN296620v1","583373","583665","11","54574396"
"chr14","55188632","55188799","KN295701v1","661695","661868","42","54526937"
"chr14","55226261","55226313","KN297019v1","143155","143209","15","55083106"
"chr14","55232825","55233085","KN296311v1","2581889","2582135","66","52650936"
"chr14","55241357","55241667","KN297112v1","4975307","4975614","70","50266050"
"chr14","55269337","55269469","KN295523v1","2963662","2963794","20","52305675"
"chr14","55277317","55277492","KN295096v1","1069446","1069614","41","54207871"
"chr14","55281111","55281275","KN296883v1","709793","709959","10","54571318"
"chr14","55304514","55304797","KN296495v1","1076274","1076557","59","54228240"
"chr14","55648944","55649226","KN296883v1","342255","342540","25","55306689"
"chr14","56763990","56764278","KN296833v1","363360","363645","62","56400630"
"chr14","56779942","56780241","KN295633v1","778185","778486","60","56001757"
"chr14","56947328","56947597","KN294420v1","263951","264214","69","56683377"
"chr14","56968312","56968596","KN297452v1","1744682","1744969","64","55223630"
"chr14","56984246","56984539","KN294984v1","94202","94491","69","56890044"
"chr14","57052445","57052685","KN294513v1","235461","235729","86","56816984"
"chr14","57220556","57220816","KN295267v1","81052","81310","64","57139504"
"chr14","58142810","58142886","KN295705v1","92388","92471","20","58050422"
"chr14","58226012","58226265","KN294229v1","28464","28714","72","58197548"
"chr14","58410349","58410424","KN294513v1","564705","564774","17","57845644"
"chr14","58478007","58478207","KN296011v1","315060","315250","56","58162947"
"chr14","58478485","58478631","KN294634v1","146466","146607","32","58332019"
"chr14","58715993","58716255","KN294961v1","13893","14150","67","58702100"
"chr14","58933597","58933782","KN296109v1","954717","954902","54","57978880"
"chr14","59280300","59280446","KN296225v1","462090","462236","28","58818210"
"chr14","59373901","59374037","KN296001v1","10513","10644","26","59363388"
"chr14","59445072","59445224","KN297171v1","1235221","1235375","36","58209851"
"chr14","59478283","59478592","KN295449v1","84422","84722","38","59393861"
"chr14","59643127","59643313","KN296759v1","97260","97448","43","59545867"
"chr14","59979127","59979252","KN295449v1","587976","588098","8","59391151"
"chr14","60129271","60129559","KN295449v1","736501","736791","29","59392770"
"chr14","60199565","60199878","KN295449v1","801471","801784","15","59398094"
"chr14","60213640","60213948","KN295449v1","823144","823430","40","59390496"
"chr14","60314126","60314439","KN295633v1","778185","778486","64","59535941"
"chr14","60418332","60418612","KN294325v1","671765","672051","61","59746567"
"chr14","60462093","60462399","KN296435v1","2611722","2612009","84","57850371"
"chr14","60558944","60559183","KN295523v1","3469042","3469297","78","57089902"
"chr14","60566296","60566595","KN297320v1","22264","22555","69","60544032"
"chr14","60626724","60627009","KN295352v1","729753","730045","67","59896971"
"chr14","60672991","60673271","KN295356v1","578208","578494","61","60094783"
"chr14","60755005","60755179","KN296701v1","462609","462775","45","60292396"
"chr14","60755442","60755574","KN295032v1","22170","22300","27","60733272"
"chr14","60769661","60769964","KN294619v1","1593520","1593816","76","59176141"
"chr14","60793356","60793672","KN297066v1","48943","49249","67","60744413"
"chr14","60804519","60804785","KN294170v1","23855","24111","69","60780664"
"chr14","60821147","60821281","KN296880v1","198524","198663","18","60622623"
"chr14","60973520","60973667","KN295936v1","2275690","2275835","39","58697830"
"chr14","61307833","61308139","KN295406v1","422798","423100","68","60885035"
"chr14","61320046","61320211","KN296637v1","337006","337162","42","60983040"
"chr14","61337423","61337722","KN297058v1","392670","392966","71","60944753"
"chr14","61353649","61353959","KN295633v1","909764","910066","68","60443885"
"chr14","61469105","61469235","KN295906v1","88165","88296","21","61380940"
"chr14","61600508","61600798","KN297245v1","2237012","2237311","67","59363496"
"chr14","61983517","61983826","KN295984v1","1080209","1080517","70","60903308"
"chr14","62714001","62714266","KN297386v1","1518927","1519195","62","61195074"
"chr14","63211340","63211474","KN296809v1","932551","932682","33","62278789"
"chr14","63253278","63253530","KN296948v1","999703","999965","64","62253575"
"chr14","63500608","63500890","KN294443v1","1323408","1323672","78","62177200"
"chr14","63529055","63529258","KN295923v1","1986700","1986911","54","61542355"
"chr14","63554437","63554592","KN294407v1","109423","109582","34","63445014"
"chr14","63564595","63564701","KN294294v1","174673","174776","29","63389922"
"chr14","63584335","63584645","KN294419v1","64733","65033","73","63519602"
"chr14","63591459","63591593","KN294842v1","1240164","1240299","27","62351295"
"chr14","63600214","63600511","KN294419v1","64733","65033","69","63535481"
"chr14","63695630","63695936","KN295667v1","1567361","1567664","64","62128269"
"chr14","63716529","63716686","KN294711v1","1194000","1194162","45","62522529"
"chr14","63730137","63730288","KN296311v1","2361921","2362066","31","61368216"
"chr14","63730588","63730768","KN295923v1","1333350","1333524","40","62397238"
"chr14","63777682","63777967","KN296495v1","1076274","1076557","56","62701408"
"chr14","63807672","63807819","KN297000v1","418665","418822","37","63389007"
"chr14","63808088","63808227","KN294825v1","485286","485426","23","63322802"
"chr14","63809941","63810251","KN296322v1","1648835","1649139","67","62161106"
"chr14","63822822","63823127","KN297195v1","425146","425446","57","63397676"
"chr14","63901644","63901947","KN297190v1","6401851","6402158","68","57499793"
"chr14","63986098","63986383","KN296502v1","1280490","1280768","62","62705608"
"chr14","64049166","64049428","KN296864v1","2452974","2453250","62","61596192"
"chr14","64123892","64123923","KN296290v1","587719","587750","6","63536173"
"chr14","64124213","64124523","KN296948v1","762193","762479","88","63362020"
"chr14","64138241","64138532","KN297008v1","6549351","6549627","56","57588890"
"chr14","64148030","64148314","KN295962v1","211219","211498","57","63936811"
"chr14","64149026","64149327","KN295406v1","486578","486886","64","63662448"
"chr14","64173607","64173762","KN294470v1","385030","385177","41","63788577"
"chr14","64178789","64179090","KN296109v1","1132718","1133008","76","63046071"
"chr14","64248222","64248534","KN297219v1","1839754","1840062","70","62408468"
"chr14","64308782","64308941","KN295114v1","20274","20431","33","64288508"
"chr14","64369722","64370026","KN295293v1","13475","13775","63","64356247"
"chr14","64383584","64383858","KN297219v1","1621419","1621693","67","62762165"
"chr14","64462114","64462183","KN296907v1","680629","680691","19","63781485"
"chr14","64533918","64534183","KN296864v1","2452974","2453250","62","62080944"
"chr14","64624741","64625012","KN297386v1","1518927","1519195","52","63105814"
"chr14","64810834","64811122","KN295346v1","1646114","1646406","63","63164720"
"chr14","64981453","64981588","KN296311v1","6471968","6472102","25","58509485"
"chr14","65310167","65310437","KN295592v1","1834304","1834564","68","63475863"
"chr14","65326448","65326596","KN295803v1","255996","256129","36","65070452"
"chr14","65327456","65327757","KN296864v1","1939832","1940132","69","63387624"
"chr14","65352615","65352925","KN296435v1","1048519","1048795","103","64304096"
"chr14","65435923","65436145","KN295610v1","375600","375802","57","65060323"
"chr14","65469028","65469198","KN297113v1","252877","253050","38","65216151"
"chr14","65475476","65475687","KN294949v1","1658929","1659156","51","63816547"
"chr14","65487826","65488121","KN294439v1","130265","130569","61","65357561"
"chr14","66183364","66183533","KN294451v1","367926","368096","38","65815438"
"chr14","66194159","66194303","KN294339v1","93661","93791","32","66100498"
"chr14","66235700","66235829","KN294976v1","565394","565522","9","65670306"
"chr14","66723058","66723163","KN295977v1","1181733","1181839","28","65541325"
"chr14","66892141","66892428","KN295883v1","861998","862283","63","66030143"
"chr14","67231325","67231554","KN294287v1","747391","747677","70","66483934"
"chr14","67385311","67385463","KN294260v1","1473102","1473263","42","65912209"
"chr14","67425067","67425268","KN295459v1","675303","675499","46","66749764"
"chr14","67498980","67499299","KN294287v1","464581","464863","50","67034399"
"chr14","67500097","67500191","KN296588v1","2196132","2196224","23","65303965"
"chr14","67509725","67510041","KN295294v1","1252231","1252546","74","66257494"
"chr14","67603494","67603650","KN296000v1","901795","901947","36","66701699"
"chr14","67669271","67669566","KN294747v1","917219","917517","63","66752052"
"chr14","67701848","67702115","KN294287v1","255677","255943","16","67446171"
"chr14","67794663","67794960","KN294287v1","161091","161376","34","67633572"
"chr14","67838461","67838745","KN297028v1","97110","97396","49","67741351"
"chr14","67879442","67879605","KN296754v1","59195","59361","36","67820247"
"chr14","67935374","67935666","KN296682v1","3106534","3106821","71","64828840"
"chr14","68051599","68051849","KN294873v1","82870","83122","14","67968729"
"chr14","68067692","68067959","KN296550v1","110501","110774","61","67957191"
"chr14","68183666","68183811","KN295708v1","2431812","2431953","29","65751854"
"chr14","68184113","68184247","KN295802v1","222325","222434","50","67961788"
"chr14","68184540","68184631","KN296079v1","397109","397211","29","67787431"
"chr14","68328997","68329305","KN294873v1","359478","359763","36","67969519"
"chr14","68594464","68594713","KN296551v1","153489","153750","70","68440975"
"chr14","68728499","68728692","KN294873v1","761315","761535","36","67967184"
"chr14","68849039","68849338","KN294389v1","28183","28488","72","68820856"
"chr14","68974301","68974428","KN295236v1","4746128","4746259","27","64228173"
"chr14","69001290","69001387","KN296119v1","3679881","3679981","23","65321409"
"chr14","69069641","69069920","KN294420v1","263951","264214","73","68805690"
"chr14","69106362","69106671","KN295343v1","518460","518764","71","68587902"
"chr14","69212502","69212673","KN294873v1","1261221","1261370","33","67951281"
"chr14","69254207","69254500","KN294873v1","1303218","1303511","11","67950989"
"chr14","69278009","69278302","KN294873v1","1327050","1327346","23","67950959"
"chr14","69288882","69289177","KN295352v1","729753","730045","59","68559129"
"chr14","69291009","69291314","KN294421v1","9377","9683","64","69281632"
"chr14","69351627","69351877","KN294226v1","643186","643438","64","68708441"
"chr14","69375647","69375938","KN294873v1","1426410","1426702","17","67949237"
"chr14","69430619","69430919","KN294873v1","1480608","1480909","24","67950011"
"chr14","69466711","69467001","KN294260v1","1359230","1359515","78","68107481"
"chr14","69512782","69513076","KN294873v1","1569044","1569330","20","67943738"
"chr14","69533942","69534075","KN296573v1","15418","15557","37","69518524"
"chr14","69557767","69558056","KN294873v1","1615061","1615358","36","67942706"
"chr14","69599400","69599647","KN297445v1","1222732","1222973","57","68376668"
"chr14","69640348","69640634","KN294873v1","1700476","1700762","17","67939872"
"chr14","69895863","69896143","KN294873v1","1965256","1965545","25","67930607"
"chr14","69912247","69912552","KN297442v1","1676499","1676799","70","68235748"
"chr14","70233654","70233924","KN294873v1","2306748","2307015","30","67926906"
"chr14","70467182","70467454","KN294873v1","2306748","2307015","37","68160434"
"chr14","70679337","70679501","KN294711v1","1194000","1194162","43","69485337"
"chr14","70767708","70767964","KN295428v1","224334","224605","65","70543374"
"chr14","70820648","70820916","KN295038v1","1378479","1378742","19","69442169"
"chr14","70921378","70921496","KN296000v1","870715","870835","39","70050663"
"chr14","71036169","71036477","KN294407v1","1718897","1719202","77","69317272"
"chr14","71122685","71122822","KN295038v1","1066594","1066730","10","70056091"
"chr14","71144333","71144400","KN294697v1","83634","83696","29","71060699"
"chr14","71144678","71144859","KN294879v1","753499","753676","46","70391179"
"chr14","71146414","71146724","KN296507v1","738522","738814","69","70407892"
"chr14","71178852","71179015","KN294991v1","973655","973815","38","70205197"
"chr14","71179042","71179160","KN294199v1","969997","970115","22","70209045"
"chr14","71252934","71253129","KN297154v1","451582","451782","60","70801352"
"chr14","71281011","71281300","KN295038v1","906232","906533","48","70374779"
"chr14","71399418","71399708","KN295038v1","794141","794424","45","70605277"
"chr14","71513485","71513788","KN295038v1","682946","683248","17","70830539"
"chr14","71519544","71519838","KN295038v1","676708","676997","36","70842836"
"chr14","71527374","71527506","KN294964v1","965459","965591","21","70561915"
"chr14","71637454","71637738","KN295607v1","3897278","3897563","77","67740176"
"chr14","71690238","71690546","KN295038v1","506928","507225","46","71183310"
"chr14","71746133","71746313","KN295241v1","97934","98104","51","71648199"
"chr14","72712591","72712903","KN295548v1","624737","625039","72","72087854"
"chr14","72789969","72790248","KN295236v1","3439491","3439763","62","69350478"
"chr14","72818399","72818701","KN294581v1","315061","315366","75","72503338"
"chr14","72841801","72842106","KN297184v1","1114866","1115167","59","71726935"
"chr14","72945116","72945404","KN294739v1","526187","526480","24","72418929"
"chr14","73000320","73000630","KN296322v1","1648835","1649139","60","71351485"
"chr14","73036876","73037018","KN294739v1","632087","632227","10","72404789"
"chr14","73105127","73105267","KN294456v1","1539243","1539388","40","71565884"
"chr14","73108192","73108346","KN295077v1","278844","279006","43","72829348"
"chr14","73182242","73182517","KN296294v1","942304","942564","71","72239938"
"chr14","73195594","73195815","KN294229v1","196352","196583","65","72999242"
"chr14","73286027","73286190","KN295405v1","40643","40808","39","73245384"
"chr14","73286224","73286337","KN296495v1","2297715","2297827","29","70988509"
"chr14","73294212","73294361","KN294739v1","903316","903465","10","72390896"
"chr14","73322858","73322989","KN296311v1","4815038","4815168","21","68507820"
"chr14","73363669","73363962","KN296001v1","79566","79857","68","73284103"
"chr14","73373706","73373870","KN294739v1","985939","986117","23","72387767"
"chr14","73374170","73374320","KN294739v1","986421","986570","11","72387749"
"chr14","73396082","73396246","KN294739v1","1010142","1010308","11","72385940"
"chr14","73399613","73399759","KN296145v1","649092","649233","37","72750521"
"chr14","73516995","73517161","KN295667v1","2018457","2018624","38","71498538"
"chr14","73615770","73616004","KN295722v1","1902466","1902688","79","71713304"
"chr14","73616009","73616267","KN294705v1","1107549","1107807","66","72508460"
"chr14","73623406","73623692","KN294235v1","447510","447794","71","73175896"
"chr14","73640905","73641210","KN296852v1","696285","696587","70","72944620"
"chr14","73649978","73650288","KN294399v1","171378","171682","65","73478600"
"chr14","73653364","73653656","KN297452v1","1744682","1744969","60","71908682"
"chr14","73669141","73669287","KN295667v1","667475","667632","38","73001666"
"chr14","73669609","73669729","KN294499v1","518311","518429","27","73151298"
"chr14","73673616","73673911","KN297180v1","314236","314539","73","73359380"
"chr14","73684616","73684918","KN294439v1","130265","130569","68","73554351"
"chr14","73702848","73703112","KN297281v1","250684","250970","80","73452164"
"chr14","73709431","73709718","KN295894v1","2131941","2132242","70","71577490"
"chr14","73832288","73832565","KN294451v1","1225241","1225529","72","72607047"
"chr14","73841842","73842118","KN295576v1","164716","164996","66","73677126"
"chr14","73877876","73878160","KN296315v1","1023330","1023621","70","72854546"
"chr14","73883189","73883479","KN294592v1","450560","450839","90","73432629"
"chr14","73930624","73930900","KN296731v1","1028220","1028490","57","72902404"
"chr14","73932640","73932923","KN294396v1","224755","225042","61","73707885"
"chr14","73973515","73973655","KN296829v1","851332","851478","38","73122183"
"chr14","73990039","73990197","KN296877v1","151376","151537","31","73838663"
"chr14","74006584","74006879","KN296322v1","1648835","1649139","68","72357749"
"chr14","74080521","74080742","KN295923v1","1986700","1986911","52","72093821"
"chr14","74352550","74352711","KN296864v1","3353170","3353334","37","70999380"
"chr14","74441502","74441811","KN296864v1","1939832","1940132","68","72501670"
"chr14","74467136","74467266","KN295706v1","131306","131439","20","74335830"
"chr14","74554219","74554527","KN295406v1","486578","486886","58","74067641"
"chr14","74626067","74626309","KN295907v1","534057","534274","71","74092010"
"chr14","74718821","74718877","KN295366v1","149372","149424","13","74569449"
"chr14","74719153","74719324","KN296864v1","3353170","3353334","44","71365983"
"chr14","74862215","74862495","KN295984v1","150673","150962","60","74711542"
"chr14","74895475","74895604","KN296096v1","3053461","3053592","21","71842014"
"chr14","75094283","75094454","KN295347v1","14270","14430","46","75080013"
"chr14","75331071","75331372","KN295667v1","1567361","1567664","72","73763710"
"chr14","75342079","75342371","KN294539v1","1692531","1692809","67","73649548"
"chr14","75382603","75382752","KN297327v1","920937","921085","30","74461666"
"chr14","75511757","75512059","KN296964v1","1814390","1814681","68","73697367"
"chr14","75598020","75598143","KN294172v1","3568097","3568221","19","72029923"
"chr14","75607791","75608082","KN295883v1","861998","862283","64","74745793"
"chr14","75677627","75677929","KN295205v1","1077585","1077883","72","74600042"
"chr14","75695924","75696174","KN294221v1","320212","320466","74","75375712"
"chr14","75791907","75792072","KN296365v1","532697","532854","34","75259210"
"chr14","75810358","75810666","KN297180v1","110970","111263","71","75699388"
"chr14","76029828","76030179","KN296926v1","570864","571200","102","75458964"
"chr14","76036836","76037039","KN296635v1","2061822","2062028","51","73975014"
"chr14","76039131","76039459","KN297369v1","2166451","2166762","87","73872680"
"chr14","76204988","76205269","KN295034v1","819251","819532","62","75385737"
"chr14","76405722","76405936","KN296508v1","1675720","1675934","64","74730002"
"chr14","76470681","76470955","KN294552v1","1295874","1296134","62","75174807"
"chr14","76520728","76521032","KN295929v1","240001","240300","73","76280727"
"chr14","76693294","76693560","KN295352v1","729753","730045","81","75963541"
"chr14","76731912","76732203","KN294499v1","1123879","1124172","62","75608033"
"chr14","76798128","76798426","KN296528v1","1109404","1109696","59","75688724"
"chr14","76968114","76968407","KN296303v1","805215","805501","52","76162899"
"chr14","77504179","77504393","KN294470v1","2882164","2882378","49","74622015"
"chr14","77544032","77544286","KN295480v1","2295514","2295785","76","75248518"
"chr14","77593310","77593399","KN297092v1","3480","3567","21","77589830"
"chr14","77684641","77684847","KN295533v1","2434686","2434882","47","75249955"
"chr14","77692850","77692925","KN294790v1","6724105","6724182","27","70968745"
"chr14","77693225","77693346","KN296322v1","997745","997870","26","76695480"
"chr14","77717161","77717287","KN296311v1","4815038","4815168","25","72902123"
"chr14","77759694","77759974","KN297159v1","1425976","1426241","74","76333718"
"chr14","77877687","77877906","KN295907v1","534057","534274","51","77343630"
"chr14","77952807","77953095","KN295744v1","408789","409077","62","77544018"
"chr14","78076561","78076683","KN294239v1","1798427","1798556","21","76278134"
"chr14","78079927","78080088","KN294407v1","109423","109582","31","77970504"
"chr14","78794793","78794913","KN294501v1","2659852","2659970","24","76134941"
"chr14","78794941","78795107","KN296828v1","22083","22247","35","78772858"
"chr14","78963789","78964068","KN296588v1","1946271","1946543","65","77017518"
"chr14","79039677","79039993","KN295205v1","1302329","1302635","80","77737348"
"chr14","79219140","79219429","KN296948v1","762193","762479","58","78456947"
"chr14","80411983","80412277","KN294260v1","822843","823138","63","79589140"
"chr14","80417870","80418097","KN297095v1","2669325","2669548","50","77748545"
"chr14","80461659","80461839","KN296119v1","5280949","5281131","44","75180710"
"chr14","80462134","80462267","KN296311v1","4657589","4657718","38","75804545"
"chr14","80596528","80596842","KN295268v1","291971","292291","28","80304557"
"chr14","80681831","80682140","KN296682v1","1941233","1941537","76","78740598"
"chr14","82931781","82932051","KN296864v1","1447995","1448277","70","81483786"
"chr14","83448527","83448816","KN297028v1","69514","69807","77","83379013"
"chr14","84252290","84252562","KN297190v1","5323465","5323731","79","78928825"
"chr14","84486935","84487069","KN294470v1","2235421","2235555","22","82251514"
"chr14","84540103","84540313","KN294697v1","83411","83597","66","84456692"
"chr14","84607271","84607574","KN295075v1","175405","175699","76","84431866"
"chr14","84941978","84942327","KN294726v1","206754","207043","79","84735224"
"chr14","85327532","85327733","KN297442v1","2093457","2093650","57","83234075"
"chr14","85577588","85577874","KN297233v1","761235","761535","71","84816353"
"chr14","85628308","85628439","KN295432v1","32424","32557","23","85595884"
"chr14","85633518","85633814","KN294210v1","1206882","1207179","58","84426636"
"chr14","85758571","85758843","KN294513v1","235461","235729","63","85523110"
"chr14","86635668","86635814","KN296750v1","1431681","1431828","12","85203987"
"chr14","86636180","86636328","KN296750v1","1431171","1431319","13","85205009"
"chr14","86996429","86996572","KN294558v1","284993","285139","30","86711436"
"chr14","86996872","86997032","KN294613v1","471626","471777","38","86525246"
"chr14","87586770","87587002","KN296750v1","483092","483341","45","87103678"
"chr14","88269432","88269736","KN295586v1","5310987","5311300","67","82958445"
"chr14","88293680","88293978","KN297180v1","110970","111263","60","88182710"
"chr14","88401555","88401862","KN297112v1","1848867","1849178","66","86552688"
"chr14","88489379","88489672","KN296938v1","298054","298338","69","88191325"
"chr14","88520851","88521138","KN295633v1","1993894","1994175","71","86526957"
"chr14","88587674","88587947","KN294451v1","1211603","1211891","78","87376071"
"chr14","88686538","88686810","KN294224v1","1256644","1256915","68","87429894"
"chr14","88723132","88723263","KN294457v1","130203","130331","23","88592929"
"chr14","88726879","88727034","KN295977v1","425944","426098","38","88300935"
"chr14","88753854","88754155","KN296982v1","276016","276324","72","88477838"
"chr14","88793386","88793689","KN294873v1","1700476","1700762","77","87092910"
"chr14","88900396","88900696","KN295294v1","1101026","1101317","62","87799370"
"chr14","88936548","88936824","KN295722v1","1369561","1369836","70","87566987"
"chr14","89178310","89178449","KN294218v1","2756614","2756751","18","86421696"
"chr14","89257601","89257764","KN296000v1","898022","898186","35","88359579"
"chr14","89284181","89284309","KN294470v1","3035258","3035389","33","86248923"
"chr14","89297698","89298011","KN294439v1","130265","130569","65","89167433"
"chr14","89445799","89446111","KN297023v1","152219","152509","77","89293580"
"chr14","89544341","89544431","KN296311v1","3055394","3055483","26","86488947"
"chr14","89591648","89591915","KN297112v1","4879822","4880096","69","84711826"
"chr14","89647531","89647819","KN295984v1","150673","150962","54","89496858"
"chr14","89708092","89708374","KN297197v1","1048614","1048879","80","88659478"
"chr14","89817239","89817530","KN295907v1","941752","942037","67","88875487"
"chr14","90147247","90147419","KN297158v1","804748","804922","16","89342499"
"chr14","90327268","90327570","KN295936v1","78605","78913","67","90248663"
"chr14","90514595","90514897","KN296731v1","1334848","1335136","79","89179747"
"chr14","90564626","90564931","KN295667v1","1567361","1567664","68","88997265"
"chr14","90767073","90767232","KN296528v1","1183043","1183202","38","89584030"
"chr14","90769871","90770177","KN297158v1","181941","182243","31","90587930"
"chr14","90929869","90930171","KN294271v1","681887","682185","63","90247982"
"chr14","90944335","90944473","KN297158v1","13205","13345","9","90931130"
"chr14","90944770","90944904","KN297158v1","12759","12899","17","90932011"
"chr14","91212225","91212378","KN296311v1","2361921","2362066","33","88850304"
"chr14","91212555","91212720","KN297319v1","373164","373327","29","90839391"
"chr14","91213017","91213153","KN297133v1","268061","268193","31","90944956"
"chr14","91258818","91258959","KN295983v1","1014873","1014997","36","90243945"
"chr14","91282779","91282911","KN297274v1","359113","359242","21","90923666"
"chr14","91304309","91304588","KN296322v1","541858","542139","62","90762451"
"chr14","91340805","91341045","KN294235v1","570733","570958","62","90770072"
"chr14","91480764","91481047","KN294260v1","1359230","1359515","67","90121534"
"chr14","91495720","91495935","KN296119v1","805789","806002","47","90689931"
"chr14","91503294","91503504","KN296119v1","805789","806002","50","90697505"
"chr14","91503957","91504073","KN295039v1","432771","432893","34","91071186"
"chr14","91521746","91522011","KN295933v1","79820","80084","61","91441926"
"chr14","91523025","91523208","KN294451v1","1507488","1507668","37","90015537"
"chr14","91523507","91523644","KN295090v1","610678","610810","25","90912829"
"chr14","91537015","91537149","KN295294v1","3806061","3806194","17","87730954"
"chr14","91612319","91612450","KN295294v1","363845","363973","24","91248474"
"chr14","91766368","91766501","KN295526v1","145592","145725","27","91620776"
"chr14","91954282","91954575","KN295352v1","729753","730045","62","91224529"
"chr14","91958199","91958354","KN295114v1","20274","20431","39","91937925"
"chr14","92030969","92031137","KN295667v1","2018457","2018624","45","90012512"
"chr14","92031405","92031579","KN294571v1","400019","400199","47","91631386"
"chr14","92089948","92090081","KN295236v1","4152720","4152846","27","87937228"
"chr14","92129779","92130047","KN295962v1","211219","211498","68","91918560"
"chr14","92188880","92188982","KN296119v1","3679881","3679981","24","88508999"
"chr14","92263106","92263162","KN295366v1","149372","149424","10","92113734"
"chr14","92523911","92524219","KN297184v1","1114866","1115167","61","91409045"
"chr14","92683581","92683679","KN295406v1","576347","576444","26","92107234"
"chr14","92751604","92751893","KN295977v1","399743","400033","62","92351861"
"chr14","92848357","92848651","KN296864v1","1939832","1940132","58","90908525"
"chr14","92900910","92901215","KN296290v1","76119","76420","75","92824791"
"chr14","92956122","92956430","KN296649v1","474335","474640","68","92481787"
"chr14","93163962","93164122","KN297000v1","418665","418822","37","92745297"
"chr14","93164445","93164633","KN296682v1","2867973","2868160","46","90296472"
"chr14","93307161","93307453","KN294453v1","24436","24724","74","93282725"
"chr14","93322119","93322407","KN295705v1","823070","823354","72","92499049"
"chr14","93322832","93323136","KN297219v1","1576359","1576655","69","91746473"
"chr14","93324157","93324435","KN296948v1","999703","999965","65","92324454"
"chr14","93697628","93697831","KN294287v1","645666","645855","60","93051962"
"chr14","94184264","94184555","KN294419v1","64733","65033","64","94119531"
"chr14","94445577","94445876","KN296495v1","1076274","1076557","69","93369303"
"chr14","94811400","94811530","KN297023v1","686879","687015","23","94124521"
"chr14","94845624","94845890","KN295236v1","3439491","3439763","71","91406133"
"chr14","94955043","94955321","KN294790v1","4710268","4710552","79","90244775"
"chr14","95186568","95186849","KN297046v1","2618508","2618781","63","92568060"
"chr14","95450393","95450701","KN295432v1","49437","49735","57","95400956"
"chr14","95737042","95737173","KN296915v1","296877","297011","31","95440165"
"chr14","95737465","95737652","KN297113v1","252877","253050","45","95484588"
"chr14","95806432","95806639","KN295610v1","77007","77226","46","95729425"
"chr14","96383128","96383409","KN296864v1","1873086","1873381","81","94510042"
"chr14","96406689","96406970","KN295099v1","55159","55457","69","96351530"
"chr14","96464275","96464568","KN295365v1","13346","13638","77","96450929"
"chr14","96516421","96516637","KN295533v1","2434686","2434882","53","94081735"
"chr14","96521504","96521776","KN294493v1","1639497","1639778","73","94882007"
"chr14","96556972","96557042","KN295667v1","1211361","1211432","27","95345611"
"chr14","96632766","96632912","KN297046v1","1822642","1822774","36","94810124"
"chr14","96711149","96711469","KN296201v1","2461082","2461386","71","94250067"
"chr14","99300992","99301305","KN294421v1","9377","9683","57","99291615"
"chr14","99655340","99655642","KN296322v1","1648835","1649139","66","98006505"
"chr14","99814269","99814563","KN297066v1","48943","49249","79","99765326"
"chr14","99847350","99847563","KN294235v1","570733","570958","55","99276617"
"chr14","99918538","99918841","KN294539v1","3359067","3359368","74","96559471"
"chr14","99923819","99923953","KN295112v1","531236","531368","27","99392583"
"chr14","100062816","100063118","KN296507v1","738522","738814","62","99324294"
"chr14","100184640","100184681","KN297019v1","1003712","1003746","11","99180928"
"chr14","100184996","100185143","KN295667v1","1121076","1121214","30","99063920"
"chr14","100209253","100209543","KN296528v1","1109404","1109696","68","99099849"
"chr14","100337569","100337888","KN295601v1","852180","852488","78","99485389"
"chr14","100752575","100752624","KN295366v1","149372","149424","12","100603203"
"chr14","101649129","101649261","KN294790v1","3690102","3690234","21","97959027"
"chr14","101664235","101664546","KN295406v1","486578","486886","73","101177657"
"chr14","102112479","102112778","KN295432v1","49437","49735","59","102063042"
"chr14","102124535","102124702","KN294685v1","23168","23332","38","102101367"
"chr14","102167204","102167519","KN297066v1","48943","49249","72","102118261"
"chr14","102230035","102230340","KN296964v1","1814390","1814681","77","100415645"
"chr14","102413800","102414020","KN296158v1","230905","231113","53","102182895"
"chr14","102478052","102478348","KN296303v1","805215","805501","61","101672837"
"chr14","102480526","102480819","KN295294v1","1101026","1101317","68","101379500"
"chr14","102580764","102580873","KN295883v1","610510","610616","33","101970254"
"chr14","102581135","102581297","KN294407v1","2862516","2862663","46","99718619"
"chr14","102700533","102700655","KN296926v1","988728","988849","26","101711805"
"chr14","102718795","102719085","KN297462v1","564741","565026","64","102154054"
"chr14","102811774","102811913","KN294536v1","420664","420795","34","102391110"
"chr14","102811944","102812062","KN294501v1","2659852","2659970","23","100152092"
"chr14","102818988","102819068","KN294591v1","157234","157317","12","102661754"
"chr14","102835928","102836065","KN296145v1","649092","649233","38","102186836"
"chr14","102852706","102852887","KN295430v1","2495062","2495241","42","100357644"
"chr14","102853201","102853336","KN294470v1","3035258","3035389","27","99817943"
"chr14","102952066","102952336","KN294581v1","525490","525766","77","102426576"
"chr14","102956548","102956835","KN296964v1","1814390","1814681","54","101142158"
"chr14","103149966","103150276","KN295667v1","1567361","1567664","73","101582605"
"chr14","103371059","103371358","KN294728v1","765090","765383","59","102605969"
"chr14","103390712","103391010","KN294260v1","822843","823138","65","102567869"
"chr14","103473725","103473858","KN294446v1","520797","520926","34","102952928"
"chr14","103496752","103497073","KN296588v1","282556","282869","71","103214196"
"chr14","103586201","103586506","KN296322v1","1648835","1649139","59","101937366"
"chr14","103605970","103606020","KN295893v1","883771","883820","7","102722199"
"chr14","103623305","103623610","KN295633v1","909764","910066","68","102713541"
"chr14","103627427","103627712","KN296303v1","805215","805501","58","102822212"
"chr14","103634743","103634880","KN294520v1","108989","109124","24","103525754"
"chr14","103653134","103653309","KN296311v1","2361464","2361632","44","101291670"
"chr14","103979874","103980039","KN296864v1","3353170","3353334","30","100626704"
"chr14","104849044","104849198","KN295708v1","957826","957973","40","103891218"
"chr14","104850655","104850797","KN296732v1","3303486","3303632","25","101547169"
"chr14","104971414","104971543","KN295102v1","105981","106109","22","104865433"
"chr14","105080563","105080872","KN295102v1","38793","39103","70","105041770"
"chr14","105109855","105110163","KN296322v1","1648835","1649139","72","103461020"
"chr14","105128752","105128851","KN294172v1","6434558","6434660","31","98694194"
"chr14","105204194","105204325","KN294193v1","128685","128814","28","105075509"
"chr14","105320366","105320632","KN294287v1","866897","867163","64","104453469"
"chr14","105409768","105410068","KN297180v1","314236","314539","73","105095532"
"chr14","105785034","105785328","KN295352v1","729753","730045","63","105055281"
"chr14","106339886","106340192","KN294170v1","268317","268622","91","106071569"
"chr14","106352225","106352397","KN295708v1","2199659","2199817","57","104152566"
"chr14","106364599","106364905","KN294170v1","268317","268622","89","106096282"
"chr14","106596784","106597079","KN294383v1","82436","82719","88","106514348"
"chr14","106634639","106634738","KN297452v1","78148","78242","29","106556491"
"chr14","106647907","106648059","KN296263v1","536654","536807","51","106111253"
"chr14","106669130","106669388","KN296047v1","169159","169425","55","106499971"
"chr14","106859898","106860216","KN294239v1","243029","243336","102","106616869"
"chr15","20075481","20075593","KN296153v1","1944022","1944129","31","18131459"
"chr15","20214474","20214769","KN294581v1","108430","108726","15","20106044"
"chr15","20255343","20255496","KN296040v1","735347","735502","38","19519996"
"chr15","20298891","20299054","KN294842v1","123455","123618","9","20175436"
"chr15","20494944","20495251","KN295326v1","286117","286418","28","20208827"
"chr15","20506734","20507052","KN294548v1","1203959","1204261","80","19302775"
"chr15","21082594","21082706","KN296153v1","1944022","1944129","31","19138572"
"chr15","21285760","21286056","KN295352v1","729753","730045","61","20556007"
"chr15","22493996","22494317","KN294548v1","1203959","1204261","80","21290037"
"chr15","22505185","22505492","KN295326v1","286117","286418","27","22219068"
"chr15","23088014","23088315","KN297058v1","194613","194917","60","22893401"
"chr15","23302859","23303180","KN294548v1","1203959","1204261","80","22098900"
"chr15","23427359","23427479","KN295667v1","1056380","1056511","29","22370979"
"chr15","23922503","23922816","KN294741v1","2117431","2117750","33","21805072"
"chr15","24041862","24042144","KN295722v1","1369561","1369836","78","22672301"
"chr15","24247581","24247715","KN294172v1","4450120","4450251","30","19797461"
"chr15","24291355","24291670","KN297153v1","798177","798480","90","23493178"
"chr15","24789465","24789762","KN294741v1","1649589","1649888","23","23139876"
"chr15","24834533","24834715","KN294741v1","1616226","1616414","18","23218307"
"chr15","24868855","24869152","KN295984v1","150673","150962","58","24718182"
"chr15","24897305","24897581","KN294741v1","1552497","1552765","19","23344808"
"chr15","24958723","24959017","KN296108v1","736647","736943","68","24222076"
"chr15","25042772","25043071","KN294741v1","1407049","1407348","27","23635723"
"chr15","25349984","25350312","KN295075v1","175405","175699","98","25174579"
"chr15","25399563","25399876","KN294741v1","1034476","1034788","34","24365087"
"chr15","25422693","25422993","KN294809v1","1657963","1658263","79","23764730"
"chr15","25440063","25440193","KN296322v1","997745","997870","24","24442318"
"chr15","25753794","25754093","KN294741v1","703871","704166","32","25049923"
"chr15","25762584","25762866","KN294741v1","694962","695244","22","25067622"
"chr15","25853877","25853968","KN296588v1","2196132","2196224","25","23657745"
"chr15","25920256","25920547","KN294172v1","1944132","1944423","63","23976124"
"chr15","26058526","26058658","KN294741v1","389280","389411","8","25669246"
"chr15","26370997","26371299","KN294239v1","243029","243336","76","26127968"
"chr15","26607339","26607579","KN294747v1","1130292","1130545","64","25477047"
"chr15","26612837","26613128","KN294210v1","473112","473404","74","26139725"
"chr15","26660853","26661085","KN296312v1","182363","182572","65","26478490"
"chr15","26664054","26664259","KN295994v1","491289","491494","52","26172765"
"chr15","26804910","26805214","KN297046v1","3065440","3065749","75","23739470"
"chr15","26854902","26855197","KN294739v1","526187","526480","61","26328715"
"chr15","27163318","27163420","KN295099v1","121818","121917","28","27041500"
"chr15","27163546","27163641","KN297046v1","3504949","3505040","29","23658597"
"chr15","27173589","27173898","KN297066v1","48943","49249","84","27124646"
"chr15","27246970","27247239","KN297225v1","665237","665503","65","26581733"
"chr15","27560332","27560626","KN296187v1","874304","874596","70","26686028"
"chr15","27608010","27608189","KN294506v1","66333","66500","48","27541677"
"chr15","27995401","27995683","KN295319v1","303201","303480","62","27692200"
"chr15","28016499","28016774","KN296948v1","762193","762479","58","27254306"
"chr15","28151323","28151480","KN295326v1","444837","444999","13","27706486"
"chr15","28279526","28279615","KN295705v1","1791772","1791867","23","26487754"
"chr15","28279652","28279834","KN294199v1","600945","601110","41","27678707"
"chr15","28312352","28312655","KN295326v1","286117","286418","28","28026235"
"chr15","28322713","28323031","KN294548v1","1203959","1204261","81","27118754"
"chr15","28588592","28588910","KN294548v1","1203959","1204261","81","27384633"
"chr15","28600384","28600691","KN295326v1","286117","286418","27","28314267"
"chr15","29283347","29283512","KN296864v1","3353170","3353334","34","25930177"
"chr15","29351941","29352233","KN296849v1","957882","958183","61","28394059"
"chr15","29638595","29638740","KN294558v1","284993","285139","11","29353602"
"chr15","29738749","29739076","KN295474v1","842239","842543","87","28896510"
"chr15","29867626","29867773","KN295294v1","3806061","3806194","27","26061565"
"chr15","29868076","29868231","KN294991v1","973655","973815","41","28894421"
"chr15","30035284","30035477","KN294416v1","645591","645790","48","29389693"
"chr15","30101469","30101762","KN297458v1","653361","653653","45","29448108"
"chr15","30108442","30108512","KN297197v1","916749","916827","14","29191693"
"chr15","30152812","30153096","KN297458v1","653361","653653","55","29499451"
"chr15","30200406","30200690","KN295984v1","2286186","2286477","70","27914220"
"chr15","30388782","30388852","KN297197v1","916749","916827","14","29472033"
"chr15","30395484","30395777","KN297458v1","653361","653653","45","29742123"
"chr15","30570466","30570759","KN297458v1","653361","653653","45","29917105"
"chr15","30577418","30577489","KN297197v1","916749","916827","15","29660669"
"chr15","30760965","30761268","KN296844v1","315599","315894","31","30445366"
"chr15","30829069","30829222","KN295326v1","444837","444999","15","30384232"
"chr15","30907069","30907233","KN295420v1","396854","397019","10","30510215"
"chr15","30952366","30952657","KN295420v1","350019","350310","17","30602347"
"chr15","31059402","31059706","KN295633v1","778185","778486","61","30281217"
"chr15","31181379","31181634","KN295420v1","122995","123251","22","31058384"
"chr15","31186073","31186386","KN297180v1","314236","314539","61","30871837"
"chr15","31644475","31644778","KN296844v1","315599","315894","30","31328876"
"chr15","31919351","31919648","KN296844v1","589073","589386","35","31330278"
"chr15","32338002","32338286","KN295984v1","2286186","2286477","70","30051816"
"chr15","32385255","32385539","KN297458v1","653361","653653","55","31731894"
"chr15","32430113","32430182","KN297197v1","916749","916827","14","31513364"
"chr15","32436835","32437128","KN297458v1","653361","653653","45","31783474"
"chr15","32787573","32787858","KN296343v1","202602","202907","30","32584971"
"chr15","32927270","32927558","KN296343v1","342674","342971","34","32584596"
"chr15","33203251","33203535","KN295152v1","406877","407165","68","32796374"
"chr15","33238586","33238892","KN296507v1","738522","738814","69","32500064"
"chr15","33346862","33346973","KN295667v1","2094667","2094776","28","31252195"
"chr15","33378682","33378976","KN295352v1","729753","730045","62","32648929"
"chr15","33897597","33897897","KN295633v1","778185","778486","67","33119412"
"chr15","34009706","34009980","KN296948v1","999703","999965","68","33010003"
"chr15","34071984","34072276","KN294199v1","1022551","1022840","59","33049433"
"chr15","34100064","34100357","KN295117v1","112788","113084","68","33987276"
"chr15","34162603","34162913","KN297320v1","2027548","2027856","64","32135055"
"chr15","34212922","34213196","KN294443v1","1323408","1323672","70","32889514"
"chr15","34247709","34248004","KN294806v1","594997","595290","62","33652712"
"chr15","34270136","34270396","KN296750v1","483092","483341","67","33787044"
"chr15","34294564","34294854","KN297028v1","173094","173386","78","34121470"
"chr15","34640719","34640929","KN296180v1","122438","122659","21","34518281"
"chr15","34999781","35000000","KN294209v1","14779","14997","63","34985002"
"chr15","36148249","36148511","KN296180v1","1653282","1653543","19","34494967"
"chr15","36227556","36227781","KN296180v1","1726164","1726387","29","34501392"
"chr15","36473078","36473221","KN297023v1","686879","687015","32","35786199"
"chr15","36473507","36473705","KN294372v1","2271473","2271671","61","34202034"
"chr15","36700820","36701069","KN294571v1","2055636","2055896","66","34645184"
"chr15","36916450","36916732","KN296180v1","2417217","2417498","19","34499233"
"chr15","37059938","37060226","KN296180v1","2564814","2565086","35","34495124"
"chr15","38071740","38071899","KN296732v1","3303027","3303178","54","34768713"
"chr15","38134093","38134296","KN295708v1","178130","178336","59","37955963"
"chr15","38269251","38269546","KN294210v1","473112","473404","61","37796139"
"chr15","38647296","38647603","KN294874v1","2011336","2011655","26","36635960"
"chr15","39225909","39226130","KN296508v1","1675720","1675934","53","37550189"
"chr15","39471182","39471473","KN294874v1","1205383","1205675","16","38265799"
"chr15","39516268","39516425","KN297171v1","1235221","1235375","37","38281047"
"chr15","39766834","39767140","KN294634v1","387267","387565","60","39379567"
"chr15","39888274","39888592","KN294964v1","1274971","1275281","87","38613303"
"chr15","39962463","39962601","KN294874v1","693227","693364","14","39269236"
"chr15","40013167","40013294","KN294410v1","486228","486353","26","39526939"
"chr15","40114698","40115004","KN294874v1","538938","539247","28","39575760"
"chr15","40150880","40151189","KN296759v1","210528","210836","74","39940352"
"chr15","40175949","40176255","KN294207v1","595798","596096","68","39580151"
"chr15","40187007","40187130","KN297038v1","317140","317257","28","39869867"
"chr15","40187426","40187601","KN294540v1","770939","771118","38","39416487"
"chr15","40376193","40376337","KN296865v1","965713","965857","31","39410480"
"chr15","40376650","40376825","KN294470v1","78054","78217","45","40298596"
"chr15","40392408","40392628","KN296847v1","410946","411169","50","39981462"
"chr15","40397506","40397756","KN294874v1","262239","262480","27","40135267"
"chr15","40402323","40402634","KN294874v1","249692","250000","24","40152631"
"chr15","40449518","40449843","KN295666v1","767425","767733","60","39682093"
"chr15","40483281","40483353","KN296513v1","2370825","2370911","21","38112456"
"chr15","40483659","40483809","KN296311v1","2869685","2869833","31","37613974"
"chr15","40559108","40559386","KN294874v1","85093","85394","37","40474015"
"chr15","40574543","40574706","KN296528v1","1183043","1183202","39","39391500"
"chr15","40575823","40576033","KN295075v1","642410","642626","54","39933413"
"chr15","40591940","40592055","KN294874v1","49729","49865","23","40542211"
"chr15","40633542","40633837","KN296404v1","1182437","1182740","73","39451105"
"chr15","40639794","40640008","KN294633v1","1654","1876","20","40638140"
"chr15","40690517","40690711","KN295352v1","256766","256946","49","40433751"
"chr15","40691017","40691144","KN294172v1","3568097","3568221","31","37122920"
"chr15","40703903","40704068","KN296000v1","898022","898186","39","39805881"
"chr15","40704659","40704670","KN295236v1","2973161","2973176","5","37731498"
"chr15","40704968","40705109","KN295102v1","72427","72567","30","40632541"
"chr15","40759103","40759386","KN297327v1","807993","808286","62","39951110"
"chr15","40800480","40800585","KN294633v1","177699","177794","17","40622781"
"chr15","40820905","40821037","KN294470v1","3035258","3035389","30","37785647"
"chr15","40830058","40830158","KN294633v1","217570","217671","7","40612488"
"chr15","40830470","40830637","KN294633v1","217973","218142","10","40612497"
"chr15","40839964","40840089","KN296588v1","231105","231237","25","40608859"
"chr15","40874675","40874829","KN294856v1","256027","256175","43","40618648"
"chr15","41000001","41000103","KN294456v1","1019215","1019322","29","39980786"
"chr15","41033338","41033465","KN296486v1","60099","60235","30","40973239"
"chr15","41058384","41058510","KN296101v1","38623","38748","24","41019761"
"chr15","41066290","41066456","KN296430v1","193302","193468","14","40872988"
"chr15","41068140","41068270","KN296430v1","195171","195301","11","40872969"
"chr15","41117156","41117235","KN294513v1","564705","564774","29","40552451"
"chr15","41118548","41118680","KN296430v1","247189","247321","9","40871359"
"chr15","41317683","41317978","KN296430v1","439453","439747","19","40878230"
"chr15","41318728","41319002","KN296311v1","2300216","2300485","74","39018512"
"chr15","41453444","41453754","KN295984v1","1080209","1080517","69","40373235"
"chr15","41473578","41473762","KN296849v1","21892","22074","55","41451686"
"chr15","41474059","41474176","KN297323v1","349913","350031","21","41124146"
"chr15","41533491","41533551","KN297105v1","2900123","2900180","15","38633368"
"chr15","41599595","41599885","KN296430v1","725785","726075","15","40873810"
"chr15","41675363","41675675","KN296864v1","1939832","1940132","76","39735531"
"chr15","41725192","41725544","KN294205v1","1221978","1222329","118","40503214"
"chr15","41779513","41779644","KN296643v1","191078","191208","20","41588435"
"chr15","41953383","41953517","KN296430v1","1105706","1105836","15","40847677"
"chr15","42342302","42342615","KN296139v1","272715","273010","48","42069587"
"chr15","42362132","42362266","KN296138v1","11819","11953","20","42350313"
"chr15","42432161","42432454","KN296139v1","191068","191345","47","42241093"
"chr15","42433832","42434134","KN296139v1","189407","189722","36","42244425"
"chr15","42446299","42446517","KN296803v1","139111","139313","57","42307188"
"chr15","42474477","42474774","KN296139v1","146645","146948","26","42327832"
"chr15","42477484","42477604","KN296139v1","142561","142678","10","42334923"
"chr15","42517722","42518008","KN294279v1","171583","171867","60","42346139"
"chr15","42560621","42560887","KN296139v1","58362","58610","41","42502259"
"chr15","42639916","42640216","KN294239v1","243029","243336","66","42396887"
"chr15","42661446","42661756","KN294548v1","1203959","1204261","79","41457487"
"chr15","42773041","42773220","KN296086v1","390854","391024","48","42382187"
"chr15","42814297","42814582","KN294571v1","449658","449947","60","42364639"
"chr15","42824966","42825110","KN296247v1","959095","959240","35","41865871"
"chr15","42927769","42928048","KN295576v1","164716","164996","70","42763053"
"chr15","42930665","42930968","KN296649v1","28211","28505","67","42902454"
"chr15","42934311","42934551","KN294475v1","222076","222313","57","42712235"
"chr15","42991751","42992051","KN296187v1","1497817","1498116","67","41493934"
"chr15","43049961","43050212","KN294458v1","21581","21829","62","43028380"
"chr15","43053594","43053814","KN296701v1","344880","345098","50","42708714"
"chr15","43071988","43072151","KN296702v1","821421","821571","54","42250567"
"chr15","43078686","43078850","KN294571v1","1492692","1492855","38","41585994"
"chr15","43155259","43155525","KN297046v1","2130311","2130564","61","41024948"
"chr15","43160299","43160540","KN294698v1","46415","46664","70","43113884"
"chr15","43326454","43326716","KN294987v1","858029","858282","70","42468425"
"chr15","43340530","43340680","KN295114v1","20274","20431","37","43320256"
"chr15","43374327","43374623","KN295346v1","1646114","1646406","65","41728213"
"chr15","43391200","43391495","KN294345v1","1713106","1713396","69","41678094"
"chr15","43419369","43419536","KN295708v1","2199659","2199817","40","41219710"
"chr15","43419565","43419676","KN294416v1","1003998","1004111","24","42415567"
"chr15","43466571","43466870","KN297190v1","2683777","2684071","65","40782794"
"chr15","43508376","43508635","KN294571v1","1551599","1551840","67","41956777"
"chr15","43546292","43546580","KN296528v1","699413","699703","71","42846879"
"chr15","43609568","43609741","KN296698v1","14086","14218","51","43595482"
"chr15","43610049","43610212","KN295096v1","1069446","1069614","32","42540603"
"chr15","43709040","43709213","KN296698v1","14086","14218","51","43694954"
"chr15","43709521","43709684","KN295096v1","1069446","1069614","34","42640075"
"chr15","43767825","43767964","KN296311v1","6471968","6472102","25","37295857"
"chr15","43860911","43861198","KN296550v1","110501","110774","68","43750410"
"chr15","44072848","44073152","KN294439v1","130265","130569","73","43942583"
"chr15","44116249","44116419","KN294548v1","490123","490280","46","43626126"
"chr15","44134122","44134273","KN295586v1","2502627","2502787","40","41631495"
"chr15","44181621","44181920","KN296864v1","1939832","1940132","63","42241789"
"chr15","44187568","44187868","KN297323v1","97375","97678","64","44090193"
"chr15","44272743","44273038","KN296849v1","694658","694962","68","43578085"
"chr15","44281615","44281855","KN296225v1","209480","209693","59","44072135"
"chr15","44292526","44292650","KN294172v1","6272486","6272617","27","38020040"
"chr15","44303565","44303732","KN295405v1","40643","40808","38","44262922"
"chr15","44304030","44304173","KN296732v1","3303486","3303632","25","41000544"
"chr15","44386589","44386890","KN297180v1","314236","314539","58","44072353"
"chr15","44642579","44642891","KN297066v1","48943","49249","71","44593636"
"chr15","44910981","44911229","KN296145v1","3732348","3732587","64","41178633"
"chr15","44921039","44921342","KN295352v1","1382929","1383224","69","43538110"
"chr15","44968948","44969113","KN294705v1","965845","966004","48","44003103"
"chr15","44969408","44969481","KN296726v1","192553","192622","22","44776855"
"chr15","44969507","44969813","KN295352v1","1382929","1383224","71","43586578"
"chr15","45089424","45089663","KN296311v1","2759477","2759737","66","42329947"
"chr15","45164466","45164695","KN294991v1","1331915","1332136","66","43832551"
"chr15","45249595","45249885","KN294991v1","1709174","1709474","63","43540421"
"chr15","45260528","45260781","KN295667v1","673092","673338","54","44587436"
"chr15","45426141","45426303","KN295142v1","1634911","1635072","36","43791230"
"chr15","45426599","45426714","KN295977v1","426136","426253","28","45000463"
"chr15","45460439","45460715","KN295531v1","58152","58425","62","45402287"
"chr15","45523620","45523742","KN295977v1","1181733","1181839","31","44341887"
"chr15","45527019","45527256","KN297180v1","531711","531948","55","44995308"
"chr15","45597195","45597475","KN295983v1","1223920","1224199","64","44373275"
"chr15","46127192","46127481","KN296430v1","725785","726075","68","45401407"
"chr15","46932506","46932811","KN295869v1","914203","914507","77","46018303"
"chr15","47313559","47313863","KN296322v1","1648835","1649139","78","45664724"
"chr15","47693653","47693958","KN296371v1","158213","158508","66","47535440"
"chr15","47700282","47700535","KN295368v1","2443516","2443764","63","45256766"
"chr15","47704153","47704285","KN295294v1","3806061","3806194","21","43898092"
"chr15","47789047","47789178","KN296495v1","1296063","1296199","19","46492984"
"chr15","47789474","47789635","KN295405v1","328891","329050","46","47460583"
"chr15","47804233","47804537","KN295967v1","1904010","1904311","71","45900223"
"chr15","48305492","48305780","KN294848v1","1246098","1246379","66","47059394"
"chr15","48443787","48444053","KN294987v1","187998","188261","60","48255789"
"chr15","48692890","48693179","KN295346v1","1646114","1646406","72","47046776"
"chr15","49022135","49022279","KN294970v1","979993","980138","30","48042142"
"chr15","49033556","49033827","KN295576v1","164716","164996","79","48868840"
"chr15","49335847","49336106","KN296921v1","2833134","2833394","59","46502713"
"chr15","49613067","49613201","KN294964v1","2000421","2000556","24","47612646"
"chr15","50305971","50306268","KN295633v1","909764","910066","66","49396207"
"chr15","50421149","50421442","KN296495v1","1076274","1076557","61","49344875"
"chr15","50427860","50428025","KN295326v1","444837","444999","30","49983023"
"chr15","50535632","50535781","KN294991v1","1461914","1462059","25","49073718"
"chr15","50572025","50572313","KN295302v1","381457","381740","76","50190568"
"chr15","50671522","50671815","KN296594v1","1062445","1062721","70","49609077"
"chr15","50761023","50761255","KN297095v1","2669325","2669548","54","48091698"
"chr15","50861804","50861983","KN297320v1","32939","33116","33","50828865"
"chr15","50888245","50888553","KN295037v1","971648","971949","70","49916597"
"chr15","50891439","50891739","KN297180v1","314236","314539","59","50577203"
"chr15","51205939","51206065","KN295586v1","5575079","5575199","28","45630860"
"chr15","51455397","51455690","KN295205v1","1851425","1851711","28","49603972"
"chr15","51470145","51470430","KN295045v1","1095810","1096101","72","50374335"
"chr15","51519198","51519416","KN294208v1","73414","73627","54","51445784"
"chr15","51559433","51559743","KN294421v1","9377","9683","58","51550056"
"chr15","51565953","51566220","KN295205v1","1728306","1728567","28","49837647"
"chr15","51716944","51717087","KN296732v1","3303486","3303632","20","48413458"
"chr15","51717384","51717557","KN296732v1","3070322","3070492","37","48647062"
"chr15","51771528","51771690","KN294548v1","490123","490280","35","51281405"
"chr15","51831901","51832202","KN295205v1","1462650","1462956","23","50369251"
"chr15","51866173","51866488","KN296322v1","1648835","1649139","72","50217338"
"chr15","51989596","51989901","KN295205v1","1302329","1302635","26","50687267"
"chr15","52060113","52060243","KN296025v1","179010","179141","30","51881103"
"chr15","52216227","52216512","KN295205v1","1077585","1077883","34","51138642"
"chr15","52370831","52371136","KN295480v1","1274084","1274387","59","51096747"
"chr15","52399316","52399442","KN295205v1","882233","882380","26","51517083"
"chr15","52562455","52562599","KN295205v1","729478","729621","9","51832977"
"chr15","52576725","52576990","KN295205v1","712208","712479","25","51864517"
"chr15","52631809","52632026","KN295701v1","628904","629117","54","52002905"
"chr15","52684254","52684554","KN294161v1","491457","491757","68","52192797"
"chr15","52685717","52686021","KN295205v1","602881","603174","28","52082836"
"chr15","52720296","52720461","KN295205v1","567790","567983","33","52152506"
"chr15","52734998","52735167","KN295205v1","552522","552687","9","52182476"
"chr15","52887675","52887837","KN297319v1","373164","373327","29","52514511"
"chr15","52949381","52949687","KN296505v1","323963","324278","68","52625418"
"chr15","54297351","54297653","KN294806v1","594997","595290","76","53702354"
"chr15","54342368","54342577","KN295610v1","77007","77226","60","54265361"
"chr15","55125458","55125756","KN296982v1","657406","657686","44","54468052"
"chr15","55176059","55176174","KN295586v1","5575079","5575199","30","49600980"
"chr15","55241508","55241600","KN294239v1","1578795","1578887","27","53662713"
"chr15","55241640","55241815","KN295294v1","144515","144695","51","55097125"
"chr15","55313135","55313426","KN296982v1","468606","468909","38","54844529"
"chr15","55326907","55327120","KN295633v1","550163","550378","80","54776744"
"chr15","55336124","55336413","KN296982v1","449377","449668","8","54886747"
"chr15","55341080","55341361","KN296982v1","440641","440917","18","54900439"
"chr15","55379240","55379534","KN296948v1","762193","762479","64","54617047"
"chr15","55393156","55393446","KN296982v1","386861","387149","30","55006295"
"chr15","55476193","55476475","KN297046v1","2618508","2618781","75","52857685"
"chr15","55491857","55492150","KN297227v1","1049335","1049619","58","54442522"
"chr15","55517260","55517392","KN296982v1","287129","287264","11","55230131"
"chr15","55527554","55527862","KN296982v1","276016","276324","19","55251538"
"chr15","55607143","55607401","KN295294v1","3442647","3442882","57","52164496"
"chr15","55625451","55625626","KN295633v1","552946","553113","43","55072505"
"chr15","55625923","55626052","KN296982v1","182956","183102","26","55442967"
"chr15","55638997","55639233","KN294446v1","801059","801280","70","54837938"
"chr15","55706471","55706774","KN294825v1","328794","329097","83","55377677"
"chr15","55830699","55830943","KN294170v1","23855","24111","22","55806844"
"chr15","56001892","56002115","KN294175v1","223232","223464","59","55778660"
"chr15","56078655","56078958","KN294170v1","268317","268622","21","55810338"
"chr15","56189141","56189395","KN294170v1","379149","379399","20","55809992"
"chr15","56265150","56265467","KN295523v1","3691392","3691704","83","52573758"
"chr15","56583063","56583354","KN297190v1","6834662","6834953","18","49748401"
"chr15","56663758","56663915","KN296000v1","898022","898186","45","55765736"
"chr15","56766945","56767103","KN294325v1","483059","483215","32","56283886"
"chr15","56802673","56802947","KN296865v1","1172192","1172469","65","55630481"
"chr15","56875772","56876059","KN297442v1","1676499","1676799","73","55199273"
"chr15","57005564","57005869","KN297190v1","6401851","6402158","21","50603713"
"chr15","57008376","57008520","KN296453v1","1168589","1168749","39","55839787"
"chr15","57035272","57035567","KN297186v1","1135904","1136199","61","55899368"
"chr15","57038158","57038435","KN295744v1","408789","409077","70","56629369"
"chr15","57042433","57042713","KN295667v1","935881","936160","65","56106552"
"chr15","57061312","57061607","KN295576v1","164716","164996","71","56896596"
"chr15","57150981","57151280","KN297190v1","6256072","6256372","19","50894909"
"chr15","57155513","57155777","KN297190v1","6251304","6251567","12","50904209"
"chr15","57175107","57175370","KN297190v1","6230341","6230603","20","50944766"
"chr15","57176056","57176211","KN294991v1","973655","973815","33","56202401"
"chr15","57191182","57191489","KN297190v1","6214237","6214544","19","50976945"
"chr15","57195722","57196014","KN294439v1","130265","130569","63","57065457"
"chr15","57291356","57291514","KN295721v1","382777","382938","33","56908579"
"chr15","57313805","57314050","KN297190v1","6088887","6089132","24","51224918"
"chr15","57365777","57365911","KN294790v1","3690102","3690234","24","53675675"
"chr15","57407380","57407683","KN295068v1","49131","49419","76","57358249"
"chr15","57448025","57448264","KN297190v1","5951555","5951790","16","51496470"
"chr15","57902384","57902677","KN297190v1","5502292","5502585","26","52400092"
"chr15","58067008","58067167","KN294569v1","180105","180259","39","57886903"
"chr15","58069175","58069456","KN297190v1","5323465","5323731","35","52745710"
"chr15","58083674","58083964","KN297259v1","1570980","1571280","71","56512694"
"chr15","58469153","58469294","KN296573v1","15418","15557","31","58453735"
"chr15","58750683","58750775","KN294501v1","2520808","2520892","24","56229875"
"chr15","58765377","58765676","KN297190v1","4616696","4617006","39","54148681"
"chr15","58851423","58851658","KN297190v1","4535285","4535514","25","54316138"
"chr15","58959847","58960029","KN295601v1","1689627","1689831","64","57270220"
"chr15","59081970","59082025","KN297190v1","4287968","4288024","6","54794002"
"chr15","59176450","59176756","KN297190v1","4195756","4196068","24","54980694"
"chr15","59254221","59254467","KN297190v1","4113908","4114190","50","55140313"
"chr15","59528405","59528686","KN297190v1","3826601","3826872","18","55701804"
"chr15","59560693","59560778","KN297190v1","3796976","3797057","6","55763717"
"chr15","59680720","59680895","KN297190v1","3668256","3668430","20","56012464"
"chr15","59721083","59721385","KN296864v1","1939832","1940132","67","57781251"
"chr15","59809689","59809989","KN294389v1","28183","28488","70","59781506"
"chr15","60139255","60139555","KN297180v1","110970","111263","71","60028285"
"chr15","60190365","60190419","KN296646v1","452882","452932","14","59737483"
"chr15","60190557","60190716","KN294470v1","78054","78217","34","60112503"
"chr15","60262747","60263032","KN295708v1","2843729","2844020","78","57419018"
"chr15","60266996","60267266","KN296588v1","1946271","1946543","69","58320725"
"chr15","60317329","60317618","KN295586v1","4835747","4836042","60","55481582"
"chr15","60472962","60473243","KN294378v1","789747","790035","66","59683215"
"chr15","60499250","60499544","KN294279v1","506995","507287","60","59992255"
"chr15","60530292","60530457","KN294588v1","39078","39248","39","60491214"
"chr15","60642614","60642886","KN297190v1","2683777","2684071","40","57958837"
"chr15","60823199","60823346","KN296145v1","649092","649233","34","60174107"
"chr15","61086891","61087183","KN297190v1","2236378","2236664","22","58850513"
"chr15","61926117","61926414","KN297190v1","1380692","1380993","27","60545425"
"chr15","62805908","62806206","KN297398v1","103760","104057","65","62702148"
"chr15","62977462","62977746","KN297190v1","337869","338150","24","62639593"
"chr15","63037459","63037753","KN294264v1","432867","433151","67","62604592"
"chr15","63181405","63181581","KN297190v1","149405","149577","19","63032000"
"chr15","63192959","63193236","KN297190v1","136929","137202","23","63056030"
"chr15","63230709","63230922","KN297190v1","98686","98881","22","63132023"
"chr15","63292381","63292689","KN296322v1","1648835","1649139","62","61643546"
"chr15","63370180","63370471","KN295480v1","1274084","1274387","68","62096096"
"chr15","63494826","63495059","KN295375v1","132965","133198","72","63361861"
"chr15","63659254","63659552","KN295744v1","408789","409077","66","63250465"
"chr15","63663456","63663750","KN294984v1","94202","94491","64","63569254"
"chr15","63681220","63681491","KN296180v1","2417217","2417498","59","61264003"
"chr15","63733880","63734193","KN297058v1","194613","194917","67","63539267"
"chr15","63799855","63800158","KN297180v1","1431363","1431654","76","62368492"
"chr15","63910550","63910857","KN297242v1","2049340","2049645","73","61861210"
"chr15","64005747","64006054","KN296864v1","1939832","1940132","71","62065915"
"chr15","64007056","64007264","KN297026v1","1683472","1683666","59","62323584"
"chr15","64016512","64016778","KN296311v1","2300216","2300485","71","61716296"
"chr15","64059812","64059944","KN294911v1","2310594","2310724","22","61749218"
"chr15","64062123","64062362","KN297046v1","2130311","2130564","63","61931812"
"chr15","64073614","64073900","KN294396v1","224755","225042","74","63848859"
"chr15","64187123","64187182","KN297008v1","2642712","2642772","15","61544411"
"chr15","64212433","64212721","KN296435v1","2611722","2612009","71","61600711"
"chr15","64215949","64216247","KN294848v1","932997","933294","79","63282952"
"chr15","64265798","64266068","KN294513v1","235461","235729","81","64030337"
"chr15","64277183","64277462","KN295722v1","1369561","1369836","62","62907622"
"chr15","64322925","64323226","KN294210v1","473112","473404","73","63849813"
"chr15","64413200","64413476","KN297165v1","2421624","2421909","74","61991576"
"chr15","64483751","64483837","KN295236v1","1305949","1306032","23","63177802"
"chr15","64535078","64535336","KN295633v1","2306898","2307163","70","62228180"
"chr15","64556285","64556432","KN296732v1","3069879","3070022","28","61486406"
"chr15","64591052","64591147","KN295705v1","1791772","1791867","21","62799280"
"chr15","64591456","64591506","KN295893v1","883771","883820","13","63707685"
"chr15","64644216","64644518","KN295929v1","240001","240300","68","64404215"
"chr15","64677056","64677336","KN294552v1","1295874","1296134","70","63381182"
"chr15","64727984","64728137","KN297165v1","2667658","2667810","30","62060326"
"chr15","64877079","64877375","KN296864v1","1939832","1940132","64","62937247"
"chr15","64881306","64881473","KN296864v1","3353170","3353334","44","61528136"
"chr15","64934947","64935245","KN295633v1","909764","910066","70","64025183"
"chr15","64982445","64982568","KN296096v1","3240902","3241016","28","61741543"
"chr15","65066314","65066522","KN294991v1","1331915","1332136","59","63734399"
"chr15","65091182","65091277","KN295977v1","1181733","1181839","34","63909449"
"chr15","65119979","65120144","KN295045v1","685836","686001","37","64434143"
"chr15","65120452","65120486","KN295533v1","1802305","1802332","14","63318147"
"chr15","65120718","65120813","KN295585v1","126165","126261","22","64994553"
"chr15","65141372","65141555","KN296505v1","176","370","48","65141196"
"chr15","65320669","65320833","KN295721v1","382777","382938","33","64937892"
"chr15","65412018","65412215","KN295828v1","908100","908291","56","64503918"
"chr15","65515005","65515198","KN295708v1","178130","178336","58","65336875"
"chr15","65666633","65666798","KN295925v1","435140","435310","37","65231493"
"chr15","65672344","65672626","KN296731v1","1403282","1403549","80","64269062"
"chr15","65686723","65687002","KN294147v1","1590568","1590837","69","64096155"
"chr15","65727034","65727170","KN297023v1","686879","687015","33","65040155"
"chr15","65727477","65727641","KN295405v1","40643","40808","35","65686834"
"chr15","65748351","65748648","KN297026v1","800582","800867","69","64947769"
"chr15","65774869","65775003","KN294372v1","290537","290683","28","65484332"
"chr15","65852668","65852978","KN294747v1","287713","288016","63","65564955"
"chr15","65951766","65952010","KN295586v1","185554","185803","11","65766212"
"chr15","66008546","66008841","KN295923v1","1392828","1393125","64","64615718"
"chr15","66022543","66022865","KN295667v1","1567361","1567664","85","64455182"
"chr15","66102429","66102742","KN295586v1","353613","353956","45","65748816"
"chr15","66150751","66150823","KN295027v1","480585","480653","23","65670166"
"chr15","66205160","66205442","KN295586v1","457681","457950","28","65747479"
"chr15","66359925","66360067","KN295701v1","629392","629529","40","65730533"
"chr15","66375834","66376106","KN295586v1","633545","633813","25","65742289"
"chr15","66388552","66388670","KN295586v1","644606","644724","4","65743946"
"chr15","66394460","66394751","KN295586v1","650323","650611","23","65744137"
"chr15","66440982","66441263","KN295586v1","701437","701726","25","65739545"
"chr15","66732370","66732661","KN296948v1","762193","762479","64","65970177"
"chr15","66823226","66823552","KN295586v1","1107906","1108231","30","65715320"
"chr15","67006444","67006574","KN295586v1","1309680","1309812","10","65696764"
"chr15","67209666","67209964","KN296948v1","762193","762479","65","66447473"
"chr15","67375188","67375429","KN295586v1","1706381","1706622","14","65668807"
"chr15","67551348","67551632","KN297452v1","1744682","1744969","63","65806666"
"chr15","67708034","67708336","KN295923v1","574170","574465","67","67133864"
"chr15","68016788","68017097","KN295586v1","2368395","2368705","29","65648393"
"chr15","68018666","68018977","KN297171v1","1715719","1716017","71","66302947"
"chr15","68123040","68123351","KN295586v1","2481741","2482051","21","65641299"
"chr15","68129075","68129367","KN294693v1","1341996","1342279","64","66787079"
"chr15","68141060","68141217","KN295586v1","2502627","2502787","11","65638433"
"chr15","68721737","68722051","KN296505v1","323963","324278","74","68397774"
"chr15","69034741","69035065","KN295586v1","3432194","3432495","48","65602547"
"chr15","69420688","69420912","KN295586v1","3841626","3841853","30","65579062"
"chr15","69449593","69449809","KN296371v1","187238","187458","48","69262355"
"chr15","69529427","69529711","KN296964v1","1814390","1814681","67","67715037"
"chr15","69688812","69689084","KN295586v1","4106845","4107129","26","65581967"
"chr15","70118315","70118446","KN295573v1","623556","623685","17","69494759"
"chr15","70132571","70132861","KN295705v1","823070","823354","65","69309501"
"chr15","70860433","70860686","KN295586v1","5292029","5292252","43","65568404"
"chr15","70880942","70881248","KN295586v1","5310987","5311300","22","65569955"
"chr15","70980899","70980983","KN294208v1","486244","486319","27","70494655"
"chr15","71143725","71143834","KN295586v1","5575079","5575199","16","65568646"
"chr15","71475641","71475939","KN295820v1","110290","110598","36","71365351"
"chr15","71662967","71663274","KN296322v1","1648835","1649139","68","70014132"
"chr15","71721831","71721996","KN297319v1","373164","373327","30","71348667"
"chr15","71956022","71956331","KN295633v1","778185","778486","75","71177837"
"chr15","72017011","72017312","KN296538v1","103185","103491","75","71913826"
"chr15","72094504","72094813","KN294452v1","1374937","1375240","73","70719567"
"chr15","72105204","72105498","KN295820v1","749716","749992","34","71355488"
"chr15","72106196","72106527","KN295633v1","778185","778486","80","71328011"
"chr15","72238757","72239046","KN295820v1","884516","884794","30","71354241"
"chr15","72308939","72309210","KN294539v1","1506592","1506858","62","70802347"
"chr15","72595187","72595472","KN296303v1","805215","805501","69","71789972"
"chr15","72600385","72600670","KN296502v1","1280490","1280768","64","71319895"
"chr15","72652249","72652523","KN296948v1","762193","762479","61","71890056"
"chr15","72692630","72692896","KN296079v1","2233248","2233516","69","70459382"
"chr15","72719264","72719536","KN296322v1","1818952","1819227","65","70900312"
"chr15","72765980","72766271","KN294378v1","1232521","1232813","78","71533459"
"chr15","72842494","72842789","KN294539v1","1692531","1692809","57","71149963"
"chr15","72906440","72906732","KN297327v1","807993","808286","57","72098447"
"chr15","73013245","73013503","KN297312v1","542917","543170","63","72470328"
"chr15","73070977","73071238","KN296157v1","1145342","1145607","63","71925635"
"chr15","73140274","73140576","KN295633v1","778185","778486","61","72362089"
"chr15","73574437","73574712","KN296948v1","762193","762479","67","72812244"
"chr15","73610078","73610386","KN295406v1","486578","486886","66","73123500"
"chr15","73678969","73679133","KN294548v1","490123","490280","41","73188846"
"chr15","74004294","74004598","KN294452v1","1374937","1375240","60","72629357"
"chr15","74084724","74084998","KN296948v1","762193","762479","61","73322531"
"chr15","74253874","74254014","KN294536v1","348653","348787","23","73905221"
"chr15","74326055","74326337","KN295633v1","1993894","1994175","56","72332161"
"chr15","74509130","74509409","KN295984v1","2962847","2963132","64","71546283"
"chr15","74533334","74533496","KN295185v1","57072","57236","45","74476262"
"chr15","74534116","74534241","KN295983v1","1014873","1014997","24","73519243"
"chr15","74683904","74684053","KN296829v1","851332","851478","35","73832572"
"chr15","74856583","74856891","KN296306v1","2458139","2458449","67","72398444"
"chr15","75010541","75010792","KN295244v1","895398","895675","71","74115143"
"chr15","75100937","75101245","KN296495v1","1076274","1076557","78","74024663"
"chr15","75128512","75128825","KN294187v1","201748","202053","68","74926764"
"chr15","75242286","75242453","KN297256v1","164993","165173","49","75077293"
"chr15","75256110","75256384","KN296948v1","762193","762479","61","74493917"
"chr15","75280387","75280661","KN296948v1","762193","762479","61","74518194"
"chr15","75541108","75541382","KN294452v1","998051","998338","63","74543057"
"chr15","75545286","75545420","KN294172v1","4450120","4450251","24","71095166"
"chr15","75564078","75564249","KN294407v1","109423","109582","37","75454655"
"chr15","75591429","75591680","KN297445v1","1222732","1222973","60","74368697"
"chr15","75622091","75622225","KN296948v1","1283122","1283258","27","74338969"
"chr15","75773117","75773392","KN296948v1","762193","762479","59","75010924"
"chr15","75990672","75990975","KN295667v1","1567361","1567664","69","74423311"
"chr15","76288909","76289229","KN295666v1","767425","767733","77","75521484"
"chr15","76290934","76291202","KN297458v1","134270","134538","14","76156664"
"chr15","76319225","76319506","KN297458v1","104221","104520","38","76215004"
"chr15","76416921","76417084","KN296311v1","2361464","2361632","32","74055457"
"chr15","76452845","76453132","KN294345v1","1713106","1713396","75","74739739"
"chr15","76609205","76609481","KN294302v1","861450","861728","68","75747755"
"chr15","76637431","76637705","KN296864v1","1447995","1448277","72","75189436"
"chr15","76756295","76756587","KN296833v1","363360","363645","63","76392935"
"chr15","76766502","76766637","KN296311v1","6471968","6472102","25","70294534"
"chr15","77051568","77051857","KN296948v1","762193","762479","60","76289375"
"chr15","77230617","77230850","KN297083v1","627588","627822","12","76603029"
"chr15","77433087","77433361","KN297083v1","438530","438765","56","76994557"
"chr15","77848560","77848809","KN297083v1","21832","22074","21","77826728"
"chr15","77900797","77900855","KN295366v1","149372","149424","15","77751425"
"chr15","77929038","77929312","KN296948v1","762193","762479","60","77166845"
"chr15","78009265","78009554","KN295705v1","823070","823354","57","77186195"
"chr15","78114655","78114913","KN295346v1","2087535","2087795","75","76027120"
"chr15","78289133","78289436","KN294239v1","243029","243336","61","78046104"
"chr15","78436032","78436323","KN296495v1","1076274","1076557","64","77359758"
"chr15","78823193","78823483","KN295449v1","1170610","1170916","30","77652583"
"chr15","79522452","79522774","KN295244v1","176243","176550","77","79346209"
"chr15","79794731","79794894","KN294739v1","903316","903465","43","78891415"
"chr15","79841254","79841328","KN296864v1","203949","204018","17","79637305"
"chr15","79869443","79869732","KN296833v1","363360","363645","67","79506083"
"chr15","79882924","79883209","KN294396v1","224755","225042","55","79658169"
"chr15","79940986","79941261","KN296926v1","400603","400873","63","79540383"
"chr15","80052672","80052889","KN296507v1","415379","415594","57","79637293"
"chr15","80091648","80091939","KN296495v1","1076274","1076557","60","79015374"
"chr15","80135654","80135788","KN295706v1","131306","131439","23","80004348"
"chr15","81017252","81017565","KN295633v1","778185","778486","67","80239067"
"chr15","81032508","81032808","KN294407v1","1044299","1044599","66","79988209"
"chr15","81046640","81046955","KN297058v1","194613","194917","71","80852027"
"chr15","81106790","81107082","KN294452v1","1374937","1375240","64","79731853"
"chr15","81154954","81155218","KN296864v1","2279896","2280175","70","78875058"
"chr15","81163858","81163994","KN295893v1","954528","954662","37","80209330"
"chr15","81343508","81343712","KN295533v1","2434686","2434882","45","78908822"
"chr15","81779256","81779376","KN295533v1","2843283","2843406","27","78935973"
"chr15","82131298","82131471","KN295326v1","444837","444999","39","81686461"
"chr15","82142223","82142486","KN297159v1","2919659","2919942","71","79222564"
"chr15","82351617","82351771","KN296991v1","1294741","1294894","14","81056876"
"chr15","82402089","82402371","KN296404v1","2095101","2095370","63","80306988"
"chr15","82517258","82517412","KN296991v1","1294741","1294894","13","81222517"
"chr15","82602403","82602546","KN294536v1","420664","420795","39","82181739"
"chr15","82604072","82604191","KN295075v1","648990","649109","7","81955082"
"chr15","82684596","82684791","KN295601v1","1689627","1689831","63","80994969"
"chr15","82776003","82776290","KN295075v1","476875","477161","23","82299128"
"chr15","82991934","82992197","KN295075v1","246491","246766","43","82745443"
"chr15","83059589","83059890","KN295075v1","175405","175699","31","82884184"
"chr15","83410056","83410277","KN295596v1","3046296","3046522","57","80363760"
"chr15","83566493","83566759","KN296487v1","365611","365875","17","83200882"
"chr15","83624719","83624807","KN295854v1","1672898","1672992","20","81951821"
"chr15","83629540","83629842","KN296665v1","224506","224804","60","83405034"
"chr15","83883552","83883865","KN297049v1","77502","77805","42","83806050"
"chr15","84233441","84233595","KN296991v1","1294741","1294894","14","82938700"
"chr15","84348012","84348166","KN296991v1","1294741","1294894","14","83053271"
"chr15","84439985","84440139","KN296991v1","1294741","1294894","14","83145244"
"chr15","84544537","84544650","KN295708v1","2743593","2743707","24","81800944"
"chr15","84544699","84544847","KN296503v1","6435","6568","31","84538264"
"chr15","84609338","84609484","KN296573v1","15418","15557","38","84593920"
"chr15","84649779","84649903","KN294457v1","1164538","1164662","25","83485241"
"chr15","84823721","84824008","KN296261v1","5571","5867","67","84818150"
"chr15","84953457","84953747","KN294634v1","387267","387565","71","84566190"
"chr15","85238078","85238232","KN296991v1","1294741","1294894","14","83943337"
"chr15","85343932","85344015","KN296513v1","2370825","2370911","19","82973107"
"chr15","85349174","85349201","KN296569v1","4665","4683","9","85344509"
"chr15","85349241","85349519","KN296991v1","1205800","1206079","18","84143441"
"chr15","85400118","85400434","KN296955v1","407710","408015","74","84992408"
"chr15","85628916","85629181","KN297105v1","2959195","2959449","64","82669721"
"chr15","85685509","85685783","KN294539v1","1506592","1506858","87","84178917"
"chr15","85919381","85919507","KN294456v1","820930","821045","31","85098451"
"chr15","86001653","86001857","KN296119v1","805789","806002","61","85195864"
"chr15","86541384","86541617","KN294862v1","152801","153046","40","86388583"
"chr15","86569151","86569423","KN294862v1","131210","131483","18","86437941"
"chr15","86827939","86828242","KN297195v1","425146","425446","31","86402793"
"chr15","86945101","86945263","KN296883v1","709793","709959","37","86235308"
"chr15","87116893","87117084","KN297195v1","144850","145034","22","86972043"
"chr15","87161448","87161754","KN297195v1","94333","94646","36","87067115"
"chr15","87559589","87559800","KN295345v1","56296","56525","30","87503293"
"chr15","87690813","87691088","KN297452v1","1744682","1744969","68","85946131"
"chr15","88342214","88342470","KN295368v1","2443516","2443764","59","85898698"
"chr15","88517933","88518241","KN294161v1","491457","491757","59","88026476"
"chr15","88980587","88980857","KN294420v1","263951","264214","67","88716636"
"chr15","88985142","88985273","KN294848v1","656940","657076","24","88328202"
"chr15","89099316","89099637","KN296505v1","323963","324278","66","88775353"
"chr15","89121847","89122129","KN294302v1","861450","861728","57","88260397"
"chr15","89189203","89189515","KN294539v1","3359067","3359368","65","85830136"
"chr15","89254557","89254810","KN295368v1","2443516","2443764","62","86811041"
"chr15","89262898","89263033","KN297095v1","2013580","2013714","24","87249318"
"chr15","89340433","89340553","KN296847v1","317896","318020","23","89022537"
"chr15","89386336","89386661","KN295523v1","3691392","3691704","77","85694944"
"chr15","89425596","89425824","KN295601v1","226890","227110","62","89198706"
"chr15","89600768","89601071","KN296096v1","1326102","1326406","73","88274666"
"chr15","89711377","89711518","KN295294v1","3806061","3806194","29","85905316"
"chr15","89779252","89779384","KN296311v1","4657589","4657718","20","85121663"
"chr15","89818971","89819078","KN296153v1","3499078","3499186","24","86319893"
"chr15","89895735","89895854","KN296062v1","1206761","1206876","29","88688974"
"chr15","89927186","89927367","KN297282v1","57047","57215","47","89870139"
"chr15","89932635","89932720","KN294848v1","1002927","1003014","19","88929708"
"chr15","90010756","90010921","KN294271v1","8882","9045","51","90001874"
"chr15","90011230","90011408","KN295548v1","755573","755752","45","89255657"
"chr15","90071976","90072103","KN296311v1","4657589","4657718","21","85414387"
"chr15","90119214","90119495","KN294378v1","1031805","1032096","69","89087409"
"chr15","90289451","90289723","KN296948v1","762193","762479","63","89527258"
"chr15","90324817","90325110","KN295099v1","55159","55457","63","90269658"
"chr15","90437547","90437838","KN295977v1","399743","400033","71","90037804"
"chr15","90444290","90444583","KN295923v1","2381125","2381431","73","88063165"
"chr15","90589363","90589658","KN294539v1","1692531","1692809","67","88896832"
"chr15","90707305","90707594","KN294199v1","1022551","1022840","59","89684754"
"chr15","90844714","90844859","KN294991v1","973655","973815","39","89871059"
"chr15","90865166","90865284","KN294193v1","654985","655103","27","90210181"
"chr15","90937064","90937372","KN295102v1","38793","39103","64","90898271"
"chr15","91024463","91024585","KN295586v1","644606","644724","26","90379857"
"chr15","91080694","91080799","KN296153v1","3499078","3499186","35","87581616"
"chr15","91131527","91131655","KN294457v1","130203","130331","25","91001324"
"chr15","91212672","91212807","KN296138v1","11819","11953","17","91200853"
"chr15","91290766","91291019","KN294458v1","21581","21829","62","91269185"
"chr15","91888701","91888822","KN294172v1","3568097","3568221","20","88320604"
"chr15","91888854","91889039","KN296926v1","317317","317500","45","91571537"
"chr15","91902188","91902335","KN295601v1","2833105","2833244","28","89069083"
"chr15","92016340","92016452","KN296306v1","3680586","3680698","29","88335754"
"chr15","92483843","92484016","KN297113v1","252877","253050","4","92230966"
"chr15","92559509","92559818","KN297113v1","326823","327136","32","92232686"
"chr15","92702114","92702391","KN297200v1","235109","235385","64","92467005"
"chr15","92794945","92795176","KN296795v1","228177","228407","20","92566768"
"chr15","92874375","92874708","KN294705v1","1991606","1991913","103","90882769"
"chr15","92936868","92937162","KN296795v1","369801","370095","20","92567067"
"chr15","92986742","92987035","KN296795v1","423371","423640","32","92563371"
"chr15","93396216","93396520","KN296795v1","832396","832697","36","92563820"
"chr15","93841486","93841773","KN296795v1","1302216","1302504","32","92539270"
"chr15","93918211","93918496","KN296795v1","1381136","1381446","44","92537075"
"chr15","94158931","94159220","KN296795v1","1627125","1627421","25","92531806"
"chr15","94334531","94334847","KN296795v1","1797116","1797429","27","92537415"
"chr15","94378240","94378526","KN296795v1","1839730","1839981","61","92538510"
"chr15","94865939","94866244","KN296795v1","2342432","2342713","43","92523507"
"chr15","95069636","95069910","KN295633v1","2306898","2307163","63","92762738"
"chr15","95243952","95244240","KN296795v1","2761321","2761609","21","92482631"
"chr15","95691346","95691641","KN296507v1","738522","738814","67","94952824"
"chr15","95718880","95719199","KN296588v1","2231711","2232014","75","93487169"
"chr15","95755784","95756033","KN296577v1","301029","301301","81","95454755"
"chr15","95852668","95852950","KN294235v1","447510","447794","80","95405158"
"chr15","96197444","96197704","KN295174v1","293288","293512","50","95904156"
"chr15","96215619","96215750","KN296311v1","4657589","4657718","17","91558030"
"chr15","96373962","96374240","KN295967v1","1520844","1521111","69","94853118"
"chr15","96379351","96379505","KN294470v1","385030","385177","37","95994321"
"chr15","96381282","96381412","KN297411v1","8561","8695","25","96372721"
"chr15","97216889","97217047","KN294856v1","256027","256175","33","96960862"
"chr15","97426728","97426996","KN295633v1","1501780","1502052","85","95924948"
"chr15","97718487","97718752","KN295282v1","123186","123460","67","97595301"
"chr15","98038571","98038883","KN294399v1","171378","171682","66","97867193"
"chr15","98102225","98102480","KN294372v1","1097746","1098003","75","97004479"
"chr15","98367548","98367868","KN296322v1","426249","426560","83","97941299"
"chr15","98540179","98540401","KN296508v1","1675720","1675934","51","96864459"
"chr15","98808676","98808982","KN295633v1","909764","910066","63","97898912"
"chr15","98897563","98897746","KN297320v1","32939","33116","43","98864624"
"chr15","99006547","99006803","KN294372v1","1097746","1098003","81","97908801"
"chr15","99079733","99079984","KN297180v1","531711","531948","73","98548022"
"chr15","99214133","99214225","KN295430v1","995039","995130","21","98219094"
"chr15","99214527","99214728","KN294964v1","1050991","1051179","49","98163536"
"chr15","99281258","99281415","KN295962v1","2106431","2106583","40","97174827"
"chr15","99315805","99315916","KN294410v1","486228","486353","31","98829577"
"chr15","99530619","99530934","KN296907v1","1087372","1087677","77","98443247"
"chr15","99788632","99788907","KN296948v1","762193","762479","64","99026439"
"chr15","99802508","99802803","KN295352v1","729753","730045","56","99072755"
"chr15","99957241","99957364","KN294372v1","1354040","1354163","25","98603201"
"chr15","100315555","100315694","KN296864v1","1385026","1385166","30","98930529"
"chr15","100580078","100580208","KN296096v1","3053461","3053592","24","97526617"
"chr15","100776988","100777274","KN296119v1","1984680","1984963","73","98792308"
"chr15","100829068","100829369","KN296322v1","1648835","1649139","67","99180233"
"chr15","101070667","101070816","KN297180v1","2065065","2065204","40","99005602"
"chr15","101385024","101385317","KN295984v1","150673","150962","57","101234351"
"chr15","101412842","101412994","KN294269v1","1347949","1348104","31","100064893"
"chr15","101749928","101750234","KN296726v1","392031","392328","63","101357897"
"chr15","101856128","101856427","KN295352v1","729753","730045","76","101126375"
"chr15","101858705","101858970","KN294302v1","861450","861728","67","100997255"
"chr16","53084051","53084186","KN296192v1","209414","209540","16","52874637"
"chr16","108970","109266","KN294239v1","2192932","2193219","78","2083962"
"chr16","156029","156165","KN295706v1","131306","131439","24","24723"
"chr16","156464","156625","KN294991v1","1306131","1306259","58","1149667"
"chr16","195147","195453","KN296322v1","1648835","1649139","82","1453688"
"chr16","202047","202175","KN295294v1","363845","363973","22","161798"
"chr16","219432","219592","KN296864v1","3353170","3353334","40","3133738"
"chr16","327967","328109","KN296311v1","2361921","2362066","36","2033954"
"chr16","444566","444828","KN297159v1","1425976","1426241","66","981410"
"chr16","538947","539143","KN294207v1","140158","140336","72","398789"
"chr16","1267239","1267527","KN294235v1","447510","447794","60","819729"
"chr16","1391316","1391598","KN295406v1","356908","357192","77","1034408"
"chr16","1410949","1411074","KN296580v1","375183","375306","36","1035766"
"chr16","1411382","1411543","KN294991v1","973655","973815","38","437727"
"chr16","1630131","1630443","KN295368v1","1939103","1939400","74","308972"
"chr16","1755380","1755535","KN296225v1","462090","462236","34","1293290"
"chr16","1832505","1832655","KN296142v1","213909","214054","28","1618596"
"chr16","1939559","1939671","KN295090v1","1036855","1036964","27","902704"
"chr16","1939977","1939989","KN296200v1","625667","625680","5","1314310"
"chr16","1955856","1956106","KN296314v1","657620","657879","74","1298236"
"chr16","2216272","2216583","KN296948v1","762193","762479","83","1454079"
"chr16","2282101","2282398","KN296538v1","333498","333794","70","1948603"
"chr16","2305738","2305830","KN297092v1","3480","3567","23","2302258"
"chr16","2307947","2308078","KN296877v1","62421","62554","24","2245526"
"chr16","2315667","2315982","KN295573v1","1390691","1391001","74","924976"
"chr16","2417553","2417858","KN297259v1","1570980","1571280","73","846573"
"chr16","2552052","2552271","KN295601v1","226890","227110","54","2325162"
"chr16","2647923","2648143","KN295601v1","226890","227110","54","2421033"
"chr16","2758100","2758365","KN296731v1","1028220","1028490","72","1729880"
"chr16","2864472","2864776","KN294964v1","2082241","2082554","64","782231"
"chr16","3025247","3025352","KN297171v1","2436215","2436323","26","589032"
"chr16","3044267","3044398","KN294711v1","709159","709287","30","2335108"
"chr16","3103960","3104097","KN295294v1","2952017","2952148","31","151943"
"chr16","3111342","3111641","KN294452v1","1374937","1375240","60","1736405"
"chr16","3161727","3161933","KN295533v1","2434686","2434882","51","727041"
"chr16","3199362","3199519","KN295936v1","2460176","2460325","38","739186"
"chr16","3279419","3279635","KN294208v1","73414","73627","49","3206005"
"chr16","3307514","3307829","KN294911v1","2419251","2419556","70","888263"
"chr16","3330744","3330911","KN294271v1","8882","9045","37","3321862"
"chr16","3345860","3346133","KN295667v1","935881","936160","59","2409979"
"chr16","3427508","3427824","KN294604v1","27646","27963","70","3399862"
"chr16","3430788","3431042","KN295352v1","1019178","1019436","62","2411610"
"chr16","3437953","3438232","KN295984v1","2962847","2963132","64","475106"
"chr16","3591650","3591872","KN297159v1","117175","117389","58","3474475"
"chr16","3620365","3620453","KN294591v1","157234","157317","20","3463131"
"chr16","3621100","3621372","KN295244v1","895398","895675","76","2725702"
"chr16","3622953","3623101","KN296958v1","721938","722074","60","2901015"
"chr16","3653878","3654139","KN297319v1","1051471","1051731","65","2602407"
"chr16","3660356","3660477","KN294172v1","787807","787929","29","2872549"
"chr16","3750954","3751072","KN296096v1","3010196","3010312","26","740758"
"chr16","3764146","3764271","KN296322v1","997745","997870","21","2766401"
"chr16","3889806","3889938","KN294964v1","2000421","2000556","25","1889385"
"chr16","4287679","4287957","KN296311v1","5353300","5353582","64","1065621"
"chr16","4411137","4411408","KN294552v1","1295874","1296134","61","3115263"
"chr16","4517453","4517766","KN294486v1","867184","867500","77","3650269"
"chr16","4540746","4540905","KN296864v1","3353170","3353334","34","1187576"
"chr16","4675275","4675403","KN296138v1","11819","11953","26","4663456"
"chr16","4945401","4945703","KN294452v1","1374937","1375240","63","3570464"
"chr16","4993050","4993220","KN296732v1","3522095","3522260","41","1470955"
"chr16","5189649","5189804","KN296738v1","200423","200579","36","4989226"
"chr16","5190104","5190249","KN294634v1","146466","146607","28","5043638"
"chr16","5645673","5645837","KN295326v1","444837","444999","33","5200836"
"chr16","6431980","6432257","KN295667v1","232340","232614","79","6199640"
"chr16","6579753","6579885","KN295706v1","131306","131439","20","6448447"
"chr16","6608509","6608786","KN294493v1","1639497","1639778","73","4969012"
"chr16","7018837","7018969","KN295706v1","131306","131439","18","6887531"
"chr16","7123366","7123663","KN296849v1","957882","958183","70","6165484"
"chr16","7379852","7380154","KN295244v1","176243","176550","88","7203609"
"chr16","7723412","7723719","KN297026v1","800582","800867","81","6922830"
"chr16","7726255","7726537","KN296847v1","2123793","2124076","76","5602462"
"chr16","7936068","7936229","KN294470v1","2691196","2691354","37","5244872"
"chr16","8704850","8704982","KN295605v1","687968","688102","21","8016882"
"chr16","8819569","8819726","KN294372v1","290537","290683","34","8529032"
"chr16","8871882","8872009","KN297259v1","1152314","1152442","28","7719568"
"chr16","8945770","8945901","KN294790v1","3690102","3690234","25","5255668"
"chr16","9016334","9016497","KN297319v1","373164","373327","33","8643170"
"chr16","9159582","9159713","KN295112v1","531236","531368","12","8628346"
"chr16","9161886","9162181","KN295936v1","78605","78913","64","9083281"
"chr16","9207490","9207618","KN296200v1","299464","299591","24","8908026"
"chr16","9289330","9289643","KN295112v1","401092","401404","33","8888238"
"chr16","9639795","9640067","KN295814v1","212884","213163","77","9426911"
"chr16","9993268","9993582","KN296495v1","1722244","1722543","74","8271024"
"chr16","10184949","10185287","KN296538v1","1854564","1854870","59","8330385"
"chr16","10248392","10248520","KN296643v1","191078","191208","24","10057314"
"chr16","10275045","10275144","KN296178v1","755643","755738","25","9519402"
"chr16","10335122","10335259","KN295526v1","145592","145725","25","10189530"
"chr16","10390501","10390815","KN296538v1","1666171","1666469","33","8724330"
"chr16","10390885","10391171","KN296538v1","1665808","1666091","26","8725077"
"chr16","10397504","10397592","KN295091v1","3850977","3851062","23","6546527"
"chr16","10731017","10731307","KN295346v1","1243459","1243703","90","9487558"
"chr16","10815944","10816252","KN296538v1","1240749","1241043","42","9575195"
"chr16","10856998","10857282","KN294325v1","979659","979928","80","9877339"
"chr16","10861049","10861344","KN296528v1","1109404","1109696","69","9751645"
"chr16","10909723","10910032","KN294581v1","108430","108726","67","10801293"
"chr16","11368820","11368933","KN296093v1","240852","240965","27","11127968"
"chr16","11369231","11369253","KN295708v1","958258","958278","7","10410973"
"chr16","11370171","11370368","KN296538v1","689479","689688","28","10680692"
"chr16","11379970","11380115","KN296538v1","678759","678901","17","10701211"
"chr16","11456601","11456727","KN296261v1","606818","606944","25","10849783"
"chr16","11473874","11474156","KN296649v1","220350","220626","62","11253524"
"chr16","11511745","11511996","KN296538v1","547962","548218","46","10963783"
"chr16","11544414","11544548","KN296538v1","514898","515032","5","11029516"
"chr16","11666690","11666974","KN296538v1","392395","392691","41","11274295"
"chr16","11707800","11708108","KN296588v1","2231711","2232014","68","9476089"
"chr16","11715303","11715482","KN296538v1","344550","344703","55","11370753"
"chr16","11725881","11726177","KN296538v1","333498","333794","27","11392383"
"chr16","11793251","11793540","KN296495v1","1076274","1076557","60","10716977"
"chr16","11827766","11827821","KN295988v1","992862","992913","13","10834904"
"chr16","11892062","11892358","KN296244v1","327623","327911","64","11564439"
"chr16","11909952","11910116","KN296538v1","144006","144176","25","11765946"
"chr16","11924708","11924792","KN295236v1","1305949","1306032","19","10618759"
"chr16","11925096","11925241","KN296311v1","5627967","5628111","27","6297129"
"chr16","11954205","11954505","KN296538v1","103185","103491","33","11851020"
"chr16","11964716","11964863","KN296538v1","79923","80070","15","11884793"
"chr16","12056814","12057113","KN297112v1","3668329","3668632","69","8388485"
"chr16","12175733","12176035","KN295368v1","1939103","1939400","80","10236630"
"chr16","12251748","12252057","KN296502v1","1354687","1354995","73","10897061"
"chr16","12325745","12326027","KN294378v1","789747","790035","74","11535998"
"chr16","12363997","12364157","KN294470v1","78054","78217","30","12285943"
"chr16","12364218","12364340","KN296682v1","4980731","4980854","21","7383487"
"chr16","12588549","12588841","KN297023v1","640512","640805","72","11948037"
"chr16","12730167","12730296","KN295706v1","131306","131439","22","12598861"
"chr16","12817872","12818141","KN297197v1","1048614","1048879","72","11769258"
"chr16","12830927","12831218","KN294879v1","385981","386259","66","12444946"
"chr16","13097423","13097703","KN294758v1","1780351","1780635","72","11317072"
"chr16","13185191","13185501","KN294239v1","243029","243336","76","12942162"
"chr16","13748860","13749152","KN294207v1","595798","596096","67","13153062"
"chr16","13932634","13932762","KN294457v1","130203","130331","23","13802431"
"chr16","13933076","13933223","KN296538v1","678759","678901","47","13254317"
"chr16","13941937","13942068","KN296820v1","874322","874456","26","13067615"
"chr16","14053392","14053450","KN297105v1","2900123","2900180","15","11153269"
"chr16","14053748","14053893","KN294991v1","973655","973815","39","13080093"
"chr16","14226693","14227006","KN296322v1","1648835","1649139","66","12577858"
"chr16","14331539","14331662","KN294705v1","1877279","1877404","17","12454260"
"chr16","14365453","14365755","KN295933v1","40027","40319","72","14325426"
"chr16","14547425","14547718","KN295257v1","300761","301044","57","14246664"
"chr16","14689223","14689407","KN296096v1","680679","680846","51","14008544"
"chr16","14728340","14728524","KN296096v1","680679","680846","51","14047661"
"chr16","14898154","14898285","KN296643v1","191078","191208","19","14707076"
"chr16","14954068","14954202","KN296311v1","4815038","4815168","21","10139030"
"chr16","14992850","14993095","KN294987v1","187998","188261","68","14804852"
"chr16","15058799","15058932","KN296880v1","198524","198663","23","14860275"
"chr16","15251903","15252196","KN294210v1","473112","473404","54","14778791"
"chr16","15295784","15295918","KN294378v1","643788","643925","8","14651996"
"chr16","15424158","15424298","KN294419v1","211719","211856","34","15212439"
"chr16","15452004","15452303","KN294378v1","1598738","1599039","22","13853266"
"chr16","15561611","15561899","KN296303v1","805215","805501","66","14756396"
"chr16","15661940","15662238","KN295430v1","2009073","2009373","66","13652867"
"chr16","15666629","15666867","KN297095v1","2669325","2669548","68","12997304"
"chr16","15767945","15768076","KN294378v1","1273477","1273608","11","14494468"
"chr16","15779133","15779441","KN294378v1","1260674","1260978","31","14518459"
"chr16","15786990","15787125","KN294378v1","1253420","1253559","13","14533570"
"chr16","15808615","15808915","KN294378v1","1232521","1232813","25","14576094"
"chr16","15818875","15819157","KN294592v1","450560","450839","70","15368315"
"chr16","15825267","15825562","KN296948v1","762193","762479","60","15063074"
"chr16","15853156","15853451","KN294210v1","473112","473404","65","15380044"
"chr16","15872430","15872696","KN296011v1","67440","67709","79","15804990"
"chr16","15935917","15936189","KN297046v1","3430869","3431153","68","12505048"
"chr16","15944885","15945060","KN294711v1","1194000","1194162","48","14750885"
"chr16","15945363","15945490","KN296643v1","191078","191208","25","15754285"
"chr16","15956510","15956636","KN296311v1","4815038","4815168","23","11141472"
"chr16","15996290","15996423","KN294378v1","1043877","1044007","18","14952413"
"chr16","16008932","16009242","KN294378v1","1031805","1032096","31","14977127"
"chr16","16073481","16073774","KN296649v1","474335","474640","62","15599146"
"chr16","16296809","16296940","KN296643v1","191078","191208","19","16105731"
"chr16","16460148","16460282","KN294378v1","643788","643925","7","15816360"
"chr16","16504524","16504817","KN294210v1","473112","473404","54","16031412"
"chr16","16640262","16640415","KN294899v1","1194408","1194556","36","15445854"
"chr16","16665594","16665867","KN295983v1","1223920","1224199","63","15441674"
"chr16","16751969","16752257","KN296526v1","283231","283529","70","16468738"
"chr16","16964004","16964133","KN296580v1","471605","471729","12","16492399"
"chr16","17039026","17039340","KN294954v1","70243","70554","76","16968783"
"chr16","17141910","17142187","KN295936v1","2092514","2092791","74","15049396"
"chr16","17402730","17402955","KN294879v1","1183051","1183277","56","16219679"
"chr16","17444346","17444644","KN295352v1","1382929","1383224","71","16061417"
"chr16","17477953","17478251","KN296580v1","979316","979604","34","16498637"
"chr16","17504579","17504888","KN297046v1","3065440","3065749","68","14439139"
"chr16","17794291","17794596","KN294378v1","178962","179259","30","17615329"
"chr16","17875347","17875459","KN294378v1","255631","255742","15","17619716"
"chr16","18207373","18207666","KN294210v1","473112","473404","53","17734261"
"chr16","18251638","18251772","KN294378v1","643788","643925","7","17607850"
"chr16","18415196","18415327","KN296643v1","191078","191208","19","18224118"
"chr16","18606976","18607263","KN294520v1","992368","992662","69","17614608"
"chr16","18693320","18693593","KN295983v1","1223920","1224199","63","17469400"
"chr16","18718683","18718836","KN294899v1","1194408","1194556","36","17524275"
"chr16","18880984","18881157","KN297256v1","164993","165173","54","18715991"
"chr16","18980542","18980838","KN294264v1","373025","373336","68","18607517"
"chr16","18981733","18981910","KN294303v1","359811","359988","17","18621922"
"chr16","19024549","19024709","KN295343v1","579461","579613","45","18445088"
"chr16","19076441","19076575","KN295605v1","687968","688102","24","18388473"
"chr16","19123358","19123654","KN294452v1","1024655","1024959","68","18098703"
"chr16","19306145","19306444","KN296682v1","4635851","4636149","62","14670294"
"chr16","19335947","19336086","KN294848v1","1161040","1161175","35","18174907"
"chr16","19384175","19384462","KN296948v1","762193","762479","65","18621982"
"chr16","19392914","19393172","KN294372v1","2529148","2529407","63","16863766"
"chr16","19472394","19472560","KN295667v1","2018457","2018624","43","17453937"
"chr16","19501208","19501264","KN297095v1","3708734","3708794","10","15792474"
"chr16","19553761","19553925","KN296934v1","868664","868830","37","18685097"
"chr16","19651276","19651504","KN294407v1","812570","812796","48","18838706"
"chr16","19734094","19734205","KN294526v1","454699","454814","31","19279395"
"chr16","19735781","19736074","KN297112v1","2231098","2231393","56","17504683"
"chr16","19899695","19899989","KN295352v1","729753","730045","59","19169942"
"chr16","19963839","19964156","KN295406v1","486578","486886","69","19477261"
"chr16","19973953","19974257","KN296538v1","333498","333794","65","19640455"
"chr16","20019723","20020021","KN295352v1","729753","730045","67","19289970"
"chr16","20840686","20840821","KN294964v1","965459","965591","24","19875227"
"chr16","20877801","20878100","KN294378v1","1350669","1350966","72","19527132"
"chr16","20881208","20881414","KN297313v1","655847","656042","50","20225361"
"chr16","20890350","20890650","KN297171v1","1715719","1716017","70","19174631"
"chr16","20911766","20911897","KN296311v1","4657589","4657718","21","16254177"
"chr16","21110984","21111185","KN296538v1","689479","689688","54","20421505"
"chr16","21120106","21120389","KN295705v1","823070","823354","64","20297036"
"chr16","21169300","21169608","KN295667v1","1567361","1567664","66","19601939"
"chr16","21248323","21248417","KN294499v1","1744755","1744851","25","19503568"
"chr16","21389127","21389323","KN294205v1","957443","957638","51","20431684"
"chr16","21622142","21622433","KN295302v1","381457","381740","64","21240685"
"chr16","21683417","21683729","KN296783v1","392053","392363","68","21291364"
"chr16","21695118","21695386","KN296682v1","477761","478029","71","21217357"
"chr16","21715668","21715817","KN294558v1","284993","285139","27","21430675"
"chr16","21721607","21721895","KN294452v1","998051","998338","61","20723556"
"chr16","21877794","21877848","KN296119v1","1861863","1861907","19","20015931"
"chr16","22036431","22036735","KN296682v1","1941233","1941537","81","20095198"
"chr16","22049223","22049423","KN295828v1","908100","908291","57","21141123"
"chr16","22050608","22050904","KN294446v1","591120","591416","85","21459488"
"chr16","22114681","22114800","KN295459v1","830730","830850","24","21283951"
"chr16","22115107","22115296","KN295294v1","144515","144695","46","21970592"
"chr16","22157726","22158036","KN297180v1","314236","314539","63","21843490"
"chr16","22224366","22224666","KN297026v1","800582","800867","73","21423784"
"chr16","22242850","22243087","KN294419v1","8358","8615","75","22234492"
"chr16","22281980","22282215","KN297180v1","531711","531948","51","21750269"
"chr16","22287825","22287988","KN296877v1","151376","151537","36","22136449"
"chr16","22288291","22288441","KN296311v1","2361921","2362066","27","19926370"
"chr16","22399685","22399933","KN297165v1","963791","964034","63","21435894"
"chr16","22493317","22493371","KN296119v1","1861863","1861907","19","20631454"
"chr16","22538026","22538156","KN296311v1","4815038","4815168","27","17722988"
"chr16","22661379","22661672","KN295406v1","356908","357192","68","22304471"
"chr16","22683322","22683455","KN295667v1","2094667","2094776","42","20588655"
"chr16","22792627","22792804","KN296247v1","751980","752150","39","22040647"
"chr16","22949324","22949629","KN297180v1","314236","314539","62","22635088"
"chr16","22972678","22972987","KN296907v1","1087372","1087677","64","21885306"
"chr16","23308242","23308535","KN295352v1","729753","730045","64","22578489"
"chr16","23431861","23432169","KN297190v1","6401851","6402158","62","17030010"
"chr16","23497852","23497998","KN294210v1","836667","836810","32","22661185"
"chr16","23498294","23498444","KN294382v1","7760","7913","37","23490534"
"chr16","23532821","23533005","KN296496v1","472499","472677","45","23060322"
"chr16","23533289","23533441","KN296210v1","326465","326608","37","23206824"
"chr16","23655947","23656242","KN296495v1","1076274","1076557","53","22579673"
"chr16","23692730","23692962","KN297046v1","2130311","2130564","67","21562419"
"chr16","23739598","23739918","KN294421v1","9377","9683","74","23730221"
"chr16","23791227","23791450","KN296180v1","122438","122659","58","23668789"
"chr16","23845499","23845623","KN295236v1","3047477","3047602","24","20798022"
"chr16","23882391","23882535","KN296153v1","410844","410972","36","23471547"
"chr16","23902817","23903130","KN297320v1","22264","22555","80","23880553"
"chr16","24051594","24051817","KN294208v1","73414","73627","56","23978180"
"chr16","24281185","24281498","KN295074v1","352422","352716","72","23928763"
"chr16","24333639","24333851","KN296635v1","2061822","2062028","46","22271817"
"chr16","24472365","24472673","KN295586v1","5310987","5311300","76","19161378"
"chr16","24528181","24528381","KN296247v1","547683","547878","19","23980498"
"chr16","24532065","24532194","KN297440v1","321132","321276","40","24210933"
"chr16","24536641","24536926","KN296247v1","538693","538966","34","23997948"
"chr16","24615745","24616030","KN296247v1","460270","460554","19","24155475"
"chr16","24684524","24684820","KN295432v1","49437","49735","65","24635087"
"chr16","24849984","24850249","KN295846v1","219637","219884","80","24630347"
"chr16","24854974","24855128","KN294407v1","109423","109582","36","24745551"
"chr16","24883083","24883391","KN294251v1","1366870","1367179","69","23516213"
"chr16","24889209","24889505","KN296247v1","180574","180876","27","24708635"
"chr16","24896241","24896506","KN294552v1","1295874","1296134","68","23600367"
"chr16","24898215","24898509","KN295352v1","729753","730045","59","24168462"
"chr16","24964827","24964950","KN294561v1","781964","782088","23","24182863"
"chr16","24972383","24972485","KN295301v1","1589895","1589989","18","23382488"
"chr16","25052648","25052803","KN296247v1","24260","24419","13","25028388"
"chr16","25052852","25052974","KN296247v1","24105","24225","7","25028747"
"chr16","25056241","25056364","KN296247v1","20488","20617","18","25035753"
"chr16","25139699","25139831","KN295361v1","959088","959220","7","24180611"
"chr16","25184666","25184937","KN295361v1","913400","913671","19","24271266"
"chr16","25200067","25200346","KN294570v1","166260","166534","65","25033807"
"chr16","25217653","25217826","KN295361v1","882059","882232","7","24335594"
"chr16","25350152","25350282","KN296311v1","6471968","6472102","27","18878184"
"chr16","25430168","25430485","KN295523v1","3691392","3691704","68","21738776"
"chr16","25474946","25475221","KN295361v1","634057","634330","22","24840889"
"chr16","25519615","25519935","KN297023v1","640512","640805","88","24879103"
"chr16","25532852","25532984","KN297023v1","686879","687015","31","24845973"
"chr16","25546581","25546855","KN294987v1","187998","188261","63","25358583"
"chr16","25685391","25685674","KN297452v1","1744682","1744969","61","23940709"
"chr16","25746859","25747154","KN297028v1","97110","97396","71","25649749"
"chr16","25820384","25820562","KN294199v1","348435","348600","38","25471949"
"chr16","25820653","25820870","KN295075v1","642410","642626","51","25178243"
"chr16","25906913","25907222","KN295361v1","191094","191405","23","25715819"
"chr16","25919022","25919329","KN296588v1","2231711","2232014","69","23687311"
"chr16","25942608","25942921","KN294421v1","9377","9683","66","25933231"
"chr16","25970508","25970768","KN294987v1","459255","459513","73","25511253"
"chr16","25982548","25982849","KN294419v1","64733","65033","71","25917815"
"chr16","26151017","26151173","KN296877v1","151376","151537","37","25999641"
"chr16","26346870","26347137","KN296153v1","1716581","1716838","73","24630289"
"chr16","26368468","26368579","KN295099v1","121818","121917","33","26246650"
"chr16","26508123","26508413","KN297028v1","97110","97396","63","26411013"
"chr16","26516987","26517303","KN294452v1","1024655","1024959","76","25492332"
"chr16","26570686","26570839","KN296178v1","160267","160437","25","26410419"
"chr16","26623419","26623550","KN295567v1","246725","246842","36","26376694"
"chr16","26625532","26625723","KN296732v1","3363129","3363326","57","23262403"
"chr16","26990999","26991296","KN294831v1","228505","228793","52","26762494"
"chr16","27155305","27155402","KN296178v1","755643","755738","10","26399662"
"chr16","27166153","27166304","KN296178v1","767185","767341","20","26398968"
"chr16","27167773","27168115","KN296178v1","768812","769157","35","26398961"
"chr16","27252502","27252637","KN296178v1","863394","863530","8","26389108"
"chr16","27468337","27468612","KN294452v1","998051","998338","68","26470286"
"chr16","27613926","27614075","KN297171v1","1235221","1235375","30","26378705"
"chr16","27719682","27719968","KN295984v1","2962847","2963132","62","24756835"
"chr16","27808103","27808385","KN294199v1","1022551","1022840","65","26785552"
"chr16","27825390","27825524","KN294378v1","1273477","1273608","26","26551913"
"chr16","27849529","27849686","KN297227v1","1448203","1448349","41","26401326"
"chr16","27849717","27849825","KN296495v1","2297715","2297827","25","25552002"
"chr16","27897297","27897599","KN296588v1","282556","282869","67","27614741"
"chr16","27904103","27904369","KN296864v1","2452974","2453250","62","25451129"
"chr16","27933365","27933669","KN294848v1","998602","998909","64","26934763"
"chr16","27953083","27953388","KN296306v1","2458139","2458449","65","25494944"
"chr16","27998508","27998817","KN294421v1","9377","9683","72","27989131"
"chr16","28068283","28068440","KN296157v1","908663","908818","42","27159620"
"chr16","28142878","28143010","KN296643v1","191078","191208","23","27951800"
"chr16","28151747","28151882","KN294207v1","126950","127083","31","28024797"
"chr16","28188104","28188241","KN296138v1","11819","11953","26","28176285"
"chr16","28279981","28280098","KN295471v1","521946","522058","30","27758035"
"chr16","28329431","28329627","KN294205v1","957443","957638","51","27371988"
"chr16","28447751","28447951","KN296119v1","5280949","5281131","53","23166802"
"chr16","28508403","28508540","KN294199v1","281436","281574","28","28226967"
"chr16","28508853","28509015","KN296643v1","191078","191208","51","28317775"
"chr16","28535737","28535981","KN294571v1","2055636","2055896","61","26480101"
"chr16","28552753","28553008","KN296750v1","483092","483341","66","28069661"
"chr16","28556655","28556945","KN294457v1","210304","210595","66","28346351"
"chr16","28561110","28561247","KN294218v1","2756614","2756751","17","25804496"
"chr16","28586001","28586176","KN294842v1","123455","123618","52","28462546"
"chr16","28609484","28609776","KN295302v1","381457","381740","90","28228027"
"chr16","28667051","28667251","KN296119v1","5280949","5281131","53","23386102"
"chr16","28781228","28781428","KN296119v1","5280949","5281131","53","23500279"
"chr16","28884751","28884956","KN295666v1","1250969","1251185","60","27633782"
"chr16","28888405","28888703","KN295667v1","1567361","1567664","67","27321044"
"chr16","28897214","28897523","KN295977v1","1431019","1431329","79","27466195"
"chr16","28901077","28901350","KN295633v1","1501780","1502052","71","27399297"
"chr16","28930523","28930656","KN297259v1","755295","755425","26","28175228"
"chr16","29000129","29000260","KN296311v1","6471968","6472102","18","22528161"
"chr16","29027838","29028146","KN295449v1","1170610","1170916","64","27857228"
"chr16","29061073","29061260","KN296732v1","3522095","3522260","51","25538978"
"chr16","29072886","29073031","KN295667v1","1121076","1121214","30","27951810"
"chr16","29366296","29366550","KN295758v1","594510","594762","69","28771786"
"chr16","29368258","29368454","KN294205v1","957443","957638","51","28410815"
"chr16","29424268","29424322","KN296119v1","1861863","1861907","18","27562405"
"chr16","29526019","29526073","KN296119v1","1861863","1861907","19","27664156"
"chr16","29645004","29645120","KN295449v1","587976","588098","37","29057028"
"chr16","29753549","29753804","KN296426v1","129623","129895","72","29623926"
"chr16","29756735","29756876","KN294613v1","467519","467659","13","29289216"
"chr16","29758802","29759096","KN297112v1","2231098","2231393","63","27527704"
"chr16","29835984","29836289","KN295667v1","1567361","1567664","62","28268623"
"chr16","29889615","29889864","KN294613v1","331392","331636","20","29558223"
"chr16","30043220","30043516","KN294613v1","179227","179533","32","29863993"
"chr16","30129220","30129369","KN295117v1","174022","174167","38","29955198"
"chr16","30144003","30144297","KN294747v1","917219","917517","59","29226784"
"chr16","30161012","30161166","KN294613v1","59923","60071","27","30101089"
"chr16","30266003","30266057","KN296119v1","1861863","1861907","19","28404140"
"chr16","30433571","30433862","KN296398v1","253691","253978","71","30179880"
"chr16","30449207","30449278","KN294613v1","681367","681441","21","29767840"
"chr16","30556582","30556752","KN295343v1","23410","23576","16","30533172"
"chr16","30557316","30557487","KN295343v1","24182","24354","16","30533134"
"chr16","30578830","30579089","KN296508v1","259529","259806","70","30319301"
"chr16","30632005","30632167","KN295343v1","105433","105595","7","30526572"
"chr16","30690237","30690356","KN295005v1","263925","264043","26","30426312"
"chr16","30690668","30690871","KN297038v1","275241","275429","61","30415427"
"chr16","30718041","30718170","KN294193v1","128685","128814","25","30589356"
"chr16","30800813","30800902","KN297092v1","3480","3567","17","30797333"
"chr16","30807362","30807529","KN297319v1","373164","373327","36","30434198"
"chr16","30807829","30807881","KN294302v1","676226","676263","21","30131603"
"chr16","30808174","30808310","KN294536v1","348653","348787","24","30459521"
"chr16","30865398","30865610","KN294372v1","2271473","2271671","61","28593925"
"chr16","31023352","31023643","KN296507v1","738522","738814","72","30284830"
"chr16","31047196","31047367","KN297113v1","252877","253050","38","30794319"
"chr16","31047992","31048008","KN295205v1","603470","603480","6","30444522"
"chr16","31048039","31048162","KN297323v1","349913","350031","30","30698126"
"chr16","31051984","31052243","KN295352v1","1019178","1019436","66","30032806"
"chr16","31071467","31071753","KN296404v1","2095101","2095370","73","28976366"
"chr16","31091469","31091605","KN295343v1","578730","578866","12","30512739"
"chr16","31092205","31092346","KN295343v1","579461","579613","21","30512744"
"chr16","31268384","31268558","KN295725v1","1216179","1216363","42","30052205"
"chr16","31376339","31376648","KN296865v1","1340785","1341095","66","30035554"
"chr16","31604927","31605194","KN296148v1","69870","70115","48","31535057"
"chr16","31616443","31616698","KN295091v1","2022755","2023012","83","29593688"
"chr16","31621755","31622040","KN296148v1","52547","52852","43","31569208"
"chr16","31734236","31734551","KN296148v1","52547","52852","33","31681689"
"chr16","31740527","31740792","KN295091v1","2022755","2023012","82","29717772"
"chr16","31752611","31752856","KN296148v1","69870","70115","15","31682741"
"chr16","32306485","32306647","KN294842v1","123455","123618","17","32183030"
"chr16","32344850","32345013","KN294842v1","123455","123618","11","32221395"
"chr16","32844089","32844229","KN294964v1","2000421","2000556","31","30843668"
"chr16","33512749","33512911","KN294842v1","123455","123618","16","33389294"
"chr16","33550892","33551055","KN294842v1","123455","123618","10","33427437"
"chr16","33636479","33636780","KN294581v1","108430","108726","19","33528049"
"chr16","46543006","46543281","KN294452v1","998051","998338","63","45544955"
"chr16","46618645","46618805","KN297000v1","418665","418822","31","46199980"
"chr16","46677063","46677194","KN295706v1","131306","131439","24","46545757"
"chr16","46693520","46693806","KN295825v1","631333","631608","77","46062187"
"chr16","46765582","46765915","KN296836v1","993587","993901","80","45771995"
"chr16","46879962","46880253","KN294419v1","64733","65033","68","46815229"
"chr16","46889276","46889554","KN295607v1","571124","571405","59","46318152"
"chr16","46899036","46899294","KN295294v1","2976195","2976447","52","43922841"
"chr16","46909313","46909450","KN297259v1","755295","755425","22","46154018"
"chr16","46977901","46977960","KN296153v1","547788","547847","12","46430113"
"chr16","46977965","46978055","KN296536v1","82119","82222","30","46895846"
"chr16","46978357","46978547","KN296496v1","472499","472677","52","46505858"
"chr16","46988502","46988636","KN294536v1","420664","420795","35","46567838"
"chr16","47018996","47019130","KN295706v1","131306","131439","21","46887690"
"chr16","47034458","47034744","KN294592v1","450560","450839","73","46583898"
"chr16","47125703","47125853","KN295977v1","425944","426098","32","46699759"
"chr16","47692334","47692613","KN296306v1","1771005","1771285","54","45921329"
"chr16","47794140","47794444","KN294991v1","1709174","1709474","74","46084966"
"chr16","48231385","48231676","KN294873v1","1303218","1303511","69","46928167"
"chr16","48311625","48311928","KN295893v1","1879651","1879923","82","46431974"
"chr16","48406987","48407279","KN296964v1","1814390","1814681","60","46592597"
"chr16","48456222","48456541","KN296502v1","1354687","1354995","76","47101535"
"chr16","48616489","48616786","KN297046v1","1875391","1875685","66","46741098"
"chr16","49118688","49118971","KN295983v1","1223920","1224199","61","47894768"
"chr16","49363141","49363441","KN295433v1","523472","523773","77","48839669"
"chr16","49613411","49613718","KN294806v1","594997","595290","75","49018414"
"chr16","49683741","49683796","KN295566v1","205010","205067","11","49478731"
"chr16","49731531","49731821","KN296119v1","3976064","3976350","79","45755467"
"chr16","49898312","49898462","KN295005v1","263752","263899","36","49634560"
"chr16","49898551","49898846","KN294210v1","473112","473404","59","49425439"
"chr16","49964458","49964674","KN296180v1","122438","122659","57","49842020"
"chr16","49966115","49966245","KN296311v1","4815038","4815168","28","45151077"
"chr16","50000304","50000599","KN296864v1","1939832","1940132","62","48060472"
"chr16","50045909","50046223","KN296096v1","1326102","1326406","69","48719807"
"chr16","50056692","50056818","KN297050v1","128023","128146","27","49928669"
"chr16","50085763","50086032","KN294741v1","582193","582466","58","49503570"
"chr16","50124325","50124421","KN295967v1","566167","566260","20","49558158"
"chr16","50124718","50124864","KN296210v1","326465","326608","29","49798253"
"chr16","50186745","50187060","KN295755v1","65062","65377","101","50121683"
"chr16","50200085","50200391","KN296322v1","1648835","1649139","65","48551250"
"chr16","50282714","50282955","KN296303v1","798953","799193","72","49483761"
"chr16","50404109","50404359","KN294987v1","459255","459513","63","49944854"
"chr16","50521387","50521666","KN295294v1","3123609","3123890","74","47397778"
"chr16","50865367","50865678","KN297058v1","194613","194917","71","50670754"
"chr16","51100105","51100340","KN297095v1","2669325","2669548","56","48430780"
"chr16","51125390","51125684","KN296726v1","392031","392328","71","50733359"
"chr16","52642526","52642837","KN295202v1","249680","249985","77","52392846"
"chr16","52819258","52819388","KN295906v1","88165","88296","25","52731093"
"chr16","52845699","52845982","KN296290v1","1215856","1216128","74","51629843"
"chr16","52955015","52955297","KN295068v1","49131","49419","62","52905884"
"chr16","52966799","52967081","KN296192v1","79154","79436","19","52887645"
"chr16","52982757","52983058","KN294991v1","1709174","1709474","57","51273583"
"chr16","52986121","52986415","KN297112v1","2231098","2231393","68","50755023"
"chr16","53004843","53004922","KN296869v1","356593","356675","21","52648250"
"chr16","53004969","53005150","KN296528v1","1417954","1418126","48","51587015"
"chr16","53062460","53062713","KN295846v1","219637","219884","61","52842823"
"chr16","53102568","53102849","KN296948v1","762193","762479","50","52340375"
"chr16","53149591","53149862","KN296192v1","273857","274126","17","52875734"
"chr16","53187227","53187519","KN294399v1","171378","171682","60","53015849"
"chr16","53244849","53245184","KN294806v1","94877","95215","25","53149972"
"chr16","53246518","53246823","KN296200v1","616834","617133","73","52629684"
"chr16","53265118","53265449","KN295983v1","481615","481941","85","52783503"
"chr16","53309637","53309766","KN295294v1","3806061","3806194","23","49503576"
"chr16","53339280","53339442","KN297319v1","373164","373327","33","52966116"
"chr16","53630068","53630350","KN296306v1","1771005","1771285","67","51859063"
"chr16","53656178","53656304","KN294806v1","523544","523670","13","53132634"
"chr16","53727960","53728250","KN294806v1","594997","595290","20","53132963"
"chr16","53888487","53888619","KN294911v1","2310594","2310724","25","51577893"
"chr16","53902832","53903133","KN294806v1","772671","772975","19","53130161"
"chr16","53977861","53978079","KN296119v1","805789","806002","50","53172072"
"chr16","54087522","54087812","KN296964v1","1814390","1814681","60","52273132"
"chr16","54160372","54160667","KN296322v1","1648835","1649139","68","52511537"
"chr16","54255735","54255895","KN294279v1","1019768","1019921","34","53235967"
"chr16","54317837","54318119","KN296649v1","28211","28505","72","54289626"
"chr16","54324000","54324303","KN295430v1","2009073","2009373","70","52314927"
"chr16","54447137","54447289","KN295962v1","2106431","2106583","30","52340706"
"chr16","54487293","54487603","KN294439v1","130265","130569","75","54357028"
"chr16","54549409","54549688","KN295428v1","224334","224605","63","54325075"
"chr16","54607930","54608216","KN297279v1","1234793","1235069","27","53373137"
"chr16","54740211","54740442","KN294569v1","167642","167877","63","54572569"
"chr16","55112940","55113070","KN295706v1","131306","131439","22","54981634"
"chr16","55789127","55789259","KN294339v1","93661","93791","25","55695466"
"chr16","55807750","55807882","KN294339v1","93661","93791","25","55714089"
"chr16","56002504","56002807","KN294419v1","64733","65033","60","55937771"
"chr16","56061753","56062035","KN295923v1","192523","192802","18","55869230"
"chr16","56310030","56310337","KN295923v1","442611","442941","75","55867419"
"chr16","56420713","56420873","KN295923v1","550526","550668","34","55870187"
"chr16","56444011","56444292","KN295923v1","574170","574465","31","55869841"
"chr16","56521482","56521646","KN295925v1","435140","435310","27","56086342"
"chr16","56523701","56523863","KN295721v1","382777","382938","29","56140924"
"chr16","56600833","56601139","KN295923v1","744628","744928","29","55856205"
"chr16","56715591","56715862","KN295923v1","879939","880217","31","55835652"
"chr16","56838564","56838860","KN295923v1","1008322","1008617","36","55830242"
"chr16","56896463","56896745","KN295983v1","1223920","1224199","71","55672543"
"chr16","57155341","57155487","KN295923v1","1332901","1333044","15","55822440"
"chr16","57155823","57155999","KN295923v1","1333350","1333524","19","55822473"
"chr16","57216446","57216739","KN295923v1","1392828","1393125","21","55823618"
"chr16","57229320","57229644","KN296588v1","282556","282869","74","56946764"
"chr16","57325426","57325694","KN295923v1","1494028","1494298","16","55831398"
"chr16","57390225","57390522","KN295352v1","729753","730045","65","56660472"
"chr16","57612063","57612177","KN295090v1","1260590","1260700","27","56351473"
"chr16","57819188","57819399","KN295923v1","1986700","1986911","11","55832488"
"chr16","57864218","57864381","KN294711v1","1194000","1194162","37","56670218"
"chr16","57864670","57864805","KN295294v1","3806061","3806194","31","54058609"
"chr16","58140320","58140483","KN296883v1","709793","709959","36","57430527"
"chr16","58202584","58202885","KN295923v1","2381125","2381431","37","55821459"
"chr16","58252084","58252316","KN294451v1","1065286","1065519","65","57186798"
"chr16","58399032","58399312","KN294879v1","82415","82691","71","58316617"
"chr16","58422590","58422716","KN296322v1","997745","997870","22","57424845"
"chr16","58590620","58590786","KN297319v1","373164","373327","34","58217456"
"chr16","58615800","58616088","KN297190v1","3826601","3826872","77","54789199"
"chr16","58617729","58618024","KN294873v1","1303218","1303511","75","57314511"
"chr16","58662259","58662426","KN296732v1","3070322","3070492","35","55591937"
"chr16","58662718","58662839","KN295022v1","817917","818040","30","57844801"
"chr16","58886489","58886746","KN296339v1","2039540","2039800","77","56846949"
"chr16","58951427","58951737","KN295102v1","38793","39103","64","58912634"
"chr16","59262434","59262701","KN295424v1","217973","218258","70","59044461"
"chr16","59571932","59572220","KN295984v1","2286186","2286477","63","57285746"
"chr16","59658142","59658402","KN294539v1","1506592","1506858","63","58151550"
"chr16","59692576","59692861","KN295708v1","735658","735943","66","58956918"
"chr16","60215246","60215525","KN295983v1","1223920","1224199","65","58991326"
"chr16","60516827","60517127","KN296907v1","1087372","1087677","77","59429455"
"chr16","60713294","60713567","KN295825v1","1331773","1332061","69","59381521"
"chr16","61298768","61299051","KN294991v1","1709174","1709474","73","59589594"
"chr16","61387893","61388121","KN296180v1","122438","122659","64","61265455"
"chr16","61422088","61422225","KN294470v1","2235421","2235555","23","59186667"
"chr16","61582126","61582388","KN296311v1","2300216","2300485","75","59281910"
"chr16","61942216","61942527","KN294634v1","387267","387565","80","61554949"
"chr16","62079726","62079977","KN296508v1","1843240","1843495","77","60236486"
"chr16","62379426","62379701","KN294879v1","385981","386259","67","61993445"
"chr16","62388762","62389063","KN294452v1","1374937","1375240","76","61013825"
"chr16","62675306","62675598","KN296577v1","591346","591631","90","62083960"
"chr16","62800552","62800817","KN295814v1","1550626","1550880","72","61249926"
"chr16","63112244","63112549","KN295099v1","55159","55457","83","63057085"
"chr16","63213964","63214125","KN297190v1","149405","149577","48","63064559"
"chr16","63538802","63539089","KN294991v1","1103464","1103751","69","62435338"
"chr16","63585942","63586036","KN297153v1","394066","394162","21","63191876"
"chr16","63997791","63997928","KN294713v1","397589","397725","28","63600202"
"chr16","64005900","64006192","KN297046v1","2618508","2618781","76","61387392"
"chr16","64166508","64166785","KN297375v1","58397","58674","61","64108111"
"chr16","64313835","64314123","KN294210v1","473112","473404","68","63840723"
"chr16","64317430","64317699","KN294539v1","1506592","1506858","66","62810838"
"chr16","64373571","64373840","KN294519v1","59309","59574","80","64314262"
"chr16","64418341","64418624","KN294210v1","473112","473404","60","63945229"
"chr16","64719653","64719934","KN296731v1","1403282","1403549","75","63316371"
"chr16","65004086","65004366","KN296948v1","762193","762479","65","64241893"
"chr16","65191070","65191228","KN297000v1","418665","418822","31","64772405"
"chr16","65292749","65293055","KN297184v1","1114866","1115167","75","64177883"
"chr16","65568066","65568207","KN294470v1","3035258","3035389","26","62532808"
"chr16","65568509","65568668","KN294346v1","260578","260726","40","65307931"
"chr16","65831299","65831413","KN297416v1","162444","162561","28","65668855"
"chr16","66151969","66152243","KN296290v1","1215856","1216128","59","64936113"
"chr16","66220319","66220594","KN294570v1","166260","166534","53","66054059"
"chr16","66351946","66352226","KN296550v1","110501","110774","76","66241445"
"chr16","66533404","66533569","KN295705v1","2338948","2339110","31","64194456"
"chr16","66690825","66691127","KN297327v1","807993","808286","64","65882832"
"chr16","66698423","66698742","KN296000v1","951524","951844","67","65746899"
"chr16","66754214","66754495","KN296833v1","198739","199022","64","66555475"
"chr16","66766819","66766939","KN294739v1","1041553","1041687","27","65725266"
"chr16","66781054","66781356","KN295346v1","1646114","1646406","67","65134940"
"chr16","66834428","66834756","KN295294v1","1252231","1252546","65","65582197"
"chr16","66840915","66841048","KN294407v1","3228566","3228701","20","63612349"
"chr16","66898617","66898759","KN295803v1","255996","256129","30","66642621"
"chr16","66898787","66898807","KN295352v1","586918","586936","5","66311869"
"chr16","66957121","66957283","KN296661v1","423518","423684","45","66533603"
"chr16","66957592","66957717","KN296864v1","3266405","3266529","29","63691187"
"chr16","66978666","66978942","KN296495v1","1076274","1076557","65","65902392"
"chr16","66986595","66986804","KN296505v1","1257835","1258044","48","65728760"
"chr16","66997690","66997948","KN297008v1","6549351","6549627","71","60448339"
"chr16","67041771","67041897","KN296885v1","2707478","2707589","27","64334293"
"chr16","67042222","67042448","KN296803v1","139111","139313","71","66903111"
"chr16","67050513","67050820","KN294964v1","2082241","2082554","71","64968272"
"chr16","67075829","67075951","KN294372v1","1354040","1354163","35","65721789"
"chr16","67076245","67076408","KN294571v1","2119940","2120110","34","64956305"
"chr16","67083003","67083177","KN294703v1","325831","325997","48","66757172"
"chr16","67366139","67366316","KN297320v1","32939","33116","45","67333200"
"chr16","67379142","67379432","KN295633v1","778185","778486","68","66600957"
"chr16","67513883","67514050","KN294407v1","2862516","2862663","47","64651367"
"chr16","67514367","67514513","KN294613v1","471626","471777","38","67042741"
"chr16","67517054","67517348","KN296948v1","762193","762479","69","66754861"
"chr16","67551217","67551481","KN296594v1","237857","238127","72","67313360"
"chr16","67580224","67580503","KN295282v1","123186","123460","66","67457038"
"chr16","67603111","67603248","KN294396v1","327796","327925","39","67275315"
"chr16","67604159","67604310","KN296738v1","200423","200579","34","67403736"
"chr16","67707713","67707847","KN295110v1","19431","19565","27","67688282"
"chr16","67761975","67762282","KN296836v1","941548","941848","67","66820427"
"chr16","67789327","67789473","KN294407v1","2863006","2863150","39","64926321"
"chr16","67789769","67789804","KN296290v1","587719","587750","11","67202050"
"chr16","67793897","67794156","KN295490v1","34980","35237","66","67758917"
"chr16","67801681","67801805","KN295533v1","2843283","2843406","24","64958398"
"chr16","67818245","67818538","KN295705v1","823070","823354","66","66995175"
"chr16","67904642","67904757","KN294705v1","1859033","1859148","30","66045609"
"chr16","67920247","67920558","KN297180v1","314236","314539","75","67606011"
"chr16","67940717","67941018","KN297259v1","1570980","1571280","68","66369737"
"chr16","68018823","68018979","KN294856v1","256027","256175","37","67762796"
"chr16","68029879","68030045","KN295361v1","882059","882232","39","67147820"
"chr16","68035386","68035688","KN294407v1","1044299","1044599","76","66991087"
"chr16","68153924","68154219","KN294239v1","1975447","1975741","75","66178477"
"chr16","68174702","68174853","KN295005v1","263752","263899","35","67910950"
"chr16","68198627","68198767","KN296210v1","326465","326608","26","67872162"
"chr16","68199067","68199211","KN296175v1","389661","389808","39","67809406"
"chr16","68199524","68199553","KN296290v1","587719","587750","8","67611805"
"chr16","68206700","68206984","KN294539v1","1692531","1692809","68","66514169"
"chr16","68309094","68309361","KN296577v1","301029","301301","78","68008065"
"chr16","68489089","68489344","KN295352v1","1019178","1019436","54","67469911"
"chr16","68553612","68553923","KN297190v1","6401851","6402158","65","62151761"
"chr16","68608390","68608673","KN294260v1","822843","823138","69","67785547"
"chr16","68794533","68794685","KN295962v1","2106431","2106583","32","66688102"
"chr16","68794992","68795065","KN297105v1","2900123","2900180","21","65894869"
"chr16","68800058","68800194","KN296311v1","6471968","6472102","23","62328090"
"chr16","68880689","68880824","KN294964v1","965459","965591","22","67915230"
"chr16","68899604","68899898","KN294207v1","595798","596096","63","68303806"
"chr16","68915264","68915562","KN297190v1","2683777","2684071","63","66231487"
"chr16","68934042","68934344","KN295553v1","182905","183210","63","68751137"
"chr16","68958654","68958951","KN297112v1","2231098","2231393","66","66727556"
"chr16","68966619","68966770","KN295962v1","2106431","2106583","35","66860188"
"chr16","68967072","68967131","KN296879v1","999794","999852","14","67967278"
"chr16","68971278","68971574","KN296339v1","1482324","1482625","59","67488954"
"chr16","69203333","69203631","KN297403v1","175995","176294","71","69027338"
"chr16","69242146","69242432","KN295349v1","6069","6347","26","69236077"
"chr16","69261927","69262101","KN296096v1","680679","680846","40","68581248"
"chr16","69275073","69275361","KN297108v1","85656","85949","72","69189417"
"chr16","69374357","69374684","KN296926v1","570864","571200","87","68803493"
"chr16","69387528","69387825","KN296495v1","1076274","1076557","67","68311254"
"chr16","69392065","69392334","KN296303v1","805215","805501","62","68586850"
"chr16","69442535","69442820","KN296833v1","363360","363645","77","69079175"
"chr16","69544816","69545039","KN296767v1","53224","53425","63","69491592"
"chr16","69545250","69545383","KN294470v1","3133941","3134076","36","66411309"
"chr16","69583202","69583501","KN295923v1","712217","712514","84","68870985"
"chr16","69589876","69590195","KN295099v1","55159","55457","75","69534717"
"chr16","69878527","69878661","KN296588v1","231105","231237","26","69647422"
"chr16","69904373","69904670","KN294991v1","1709174","1709474","67","68195199"
"chr16","70047617","70047856","KN295441v1","1486178","1486397","65","68561439"
"chr16","70106981","70107137","KN296142v1","213909","214054","38","69893072"
"chr16","70218319","70218373","KN296119v1","1861863","1861907","18","68356456"
"chr16","70281245","70281383","KN294520v1","108989","109124","29","70172256"
"chr16","70281696","70281858","KN296495v1","2297861","2298026","39","67983835"
"chr16","70308681","70308811","KN296311v1","4657589","4657718","19","65651092"
"chr16","70337633","70337762","KN296311v1","4657589","4657718","28","65680044"
"chr16","70353920","70354073","KN294662v1","211735","211913","58","70142185"
"chr16","70354663","70355014","KN294407v1","766794","767133","103","69587869"
"chr16","70360292","70360495","KN295236v1","1281835","1282037","60","69078457"
"chr16","70360525","70360644","KN294741v1","1083617","1083736","22","69276908"
"chr16","70403400","70403535","KN296138v1","299724","299858","22","70103676"
"chr16","70403840","70404009","KN294271v1","8882","9045","37","70394958"
"chr16","70484619","70484936","KN297190v1","4195756","4196068","78","66288863"
"chr16","70520981","70521211","KN295533v1","2434686","2434882","80","68086295"
"chr16","70611507","70611640","KN294964v1","965459","965591","19","69646048"
"chr16","70695108","70695390","KN294172v1","528723","529004","69","70166385"
"chr16","71002264","71002567","KN294452v1","1374937","1375240","67","69627327"
"chr16","71506572","71506845","KN294420v1","816046","816329","71","70690526"
"chr16","71507879","71508179","KN296649v1","28211","28505","71","71479668"
"chr16","71779850","71779967","KN294848v1","295585","295697","27","71484265"
"chr16","71780723","71780812","KN295523v1","2425436","2425526","25","69355287"
"chr16","71802279","71802447","KN296495v1","2297861","2298026","41","69504418"
"chr16","71802740","71802861","KN296682v1","4980731","4980854","23","66822009"
"chr16","71806409","71806539","KN296001v1","10513","10644","27","71795896"
"chr16","71858299","71858453","KN295962v1","2106431","2106583","29","69751868"
"chr16","71909090","71909404","KN294421v1","9377","9683","76","71899713"
"chr16","71925676","71925945","KN295236v1","6123690","6123968","75","65801986"
"chr16","71982615","71982882","KN294991v1","1341110","1341371","64","70641505"
"chr16","72021685","72021816","KN296538v1","514898","515032","19","71506787"
"chr16","72265764","72265872","KN296775v1","974808","974917","27","71290956"
"chr16","72338724","72339009","KN295257v1","300761","301044","66","72037963"
"chr16","72363925","72364225","KN295099v1","55159","55457","60","72308766"
"chr16","72416421","72416610","KN294172v1","3210200","3210360","60","69206221"
"chr16","72563741","72563910","KN294591v1","557328","557491","55","72006413"
"chr16","72564208","72564370","KN295326v1","444837","444999","37","72119371"
"chr16","72594237","72594543","KN296649v1","474335","474640","66","72119902"
"chr16","72661446","72661674","KN295923v1","1986700","1986911","74","70674746"
"chr16","72837726","72837899","KN295361v1","882059","882232","43","71955667"
"chr16","72877948","72878208","KN294987v1","187998","188261","61","72689950"
"chr16","72920788","72921095","KN296322v1","1648835","1649139","67","71271953"
"chr16","73284841","73285066","KN294790v1","1805364","1805592","55","71479477"
"chr16","73297905","73298211","KN295633v1","778185","778486","69","72519720"
"chr16","73303034","73303315","KN294260v1","1359230","1359515","63","71943804"
"chr16","73343443","73343722","KN296948v1","762193","762479","67","72581250"
"chr16","73531807","73532113","KN295032v1","376797","377098","64","73155010"
"chr16","73833101","73833364","KN295596v1","2566260","2566526","71","71266841"
"chr16","74232129","74232444","KN294991v1","1709174","1709474","75","72522955"
"chr16","74272156","74272445","KN297023v1","152219","152509","66","74119937"
"chr16","74307657","74307945","KN295117v1","112788","113084","66","74194869"
"chr16","74481707","74481792","KN295430v1","995039","995130","29","73486668"
"chr16","74482086","74482291","KN295533v1","2434686","2434882","53","72047400"
"chr16","74484926","74485206","KN295068v1","49131","49419","71","74435795"
"chr16","74495990","74496272","KN294420v1","816046","816329","68","73679944"
"chr16","74496273","74496358","KN295983v1","556778","556867","22","73939495"
"chr16","74525439","74525595","KN296142v1","213909","214054","37","74311530"
"chr16","74637157","74637243","KN295099v1","264928","265011","26","74372229"
"chr16","74707105","74707336","KN297095v1","2669325","2669548","62","72037780"
"chr16","74742555","74742847","KN296495v1","1076274","1076557","57","73666281"
"chr16","74750749","74750761","KN294526v1","385203","385213","4","74365546"
"chr16","74750791","74751082","KN295708v1","735658","735943","65","74015133"
"chr16","74802410","74802713","KN297398v1","103760","104057","65","74698650"
"chr16","74860501","74860782","KN294260v1","1091595","1091881","62","73768906"
"chr16","74879904","74880040","KN295526v1","145592","145725","25","74734312"
"chr16","74901438","74901668","KN296119v1","805789","806002","59","74095649"
"chr16","74925867","74926017","KN296486v1","60099","60235","39","74865768"
"chr16","74971735","74972008","KN294513v1","235461","235729","66","74736274"
"chr16","75047173","75047456","KN296498v1","138909","139198","65","74908264"
"chr16","75359955","75360193","KN296743v1","1044357","1044603","62","74315598"
"chr16","75399701","75399819","KN294526v1","454699","454814","28","74945002"
"chr16","75400132","75400306","KN297113v1","252877","253050","40","75147255"
"chr16","75422741","75422866","KN294410v1","486228","486353","28","74936513"
"chr16","75467810","75467942","KN295090v1","610678","610810","19","74857132"
"chr16","75501386","75501679","KN296864v1","1939832","1940132","75","73561554"
"chr16","75510563","75510730","KN297440v1","321132","321276","46","75189431"
"chr16","75610830","75611123","KN295984v1","150673","150962","66","75460157"
"chr16","75702048","75702178","KN294964v1","965459","965591","26","74736589"
"chr16","75734527","75734803","KN294443v1","1323408","1323672","76","74411119"
"chr16","76406070","76406115","KN296464v1","165174","165217","12","76240896"
"chr16","76970110","76970252","KN296536v1","974335","974476","10","75995775"
"chr16","77081666","77081828","KN294269v1","1347949","1348104","41","75733717"
"chr16","77251028","77251323","KN296536v1","608435","608683","64","76642593"
"chr16","77329098","77329402","KN296536v1","532864","533174","34","76796234"
"chr16","77412497","77412522","KN296907v1","491287","491310","9","76921210"
"chr16","77584623","77584776","KN297319v1","373164","373327","43","77211459"
"chr16","77858722","77858853","KN294407v1","3228566","3228701","28","74630156"
"chr16","77859151","77859310","KN294991v1","973655","973815","30","76885496"
"chr16","78006872","78007175","KN294911v1","2419251","2419556","73","75587621"
"chr16","78012443","78012741","KN295294v1","1101026","1101317","86","76911417"
"chr16","78093280","78093435","KN294279v1","1019768","1019921","32","77073512"
"chr16","78148999","78149154","KN296528v1","1183043","1183202","37","76965956"
"chr16","78285152","78285457","KN296505v1","323963","324278","72","77961189"
"chr16","78498689","78498854","KN294279v1","1019768","1019921","40","77478921"
"chr16","78540711","78540957","KN297046v1","2072166","2072416","72","76468545"
"chr16","78615367","78615679","KN294539v1","3359067","3359368","84","75256300"
"chr16","78675693","78675826","KN295090v1","903125","903258","20","77772568"
"chr16","78682597","78682724","KN294193v1","128685","128814","30","78553912"
"chr16","78818449","78818706","KN294705v1","1107549","1107807","63","77710900"
"chr16","78821887","78822175","KN294325v1","988042","988334","64","77833845"
"chr16","78933911","78934053","KN294825v1","485286","485426","31","78448625"
"chr16","78934359","78934535","KN297113v1","252877","253050","35","78681482"
"chr16","79227919","79228205","KN294199v1","1022551","1022840","68","78205368"
"chr16","79277026","79277164","KN294372v1","290537","290683","30","78986489"
"chr16","79495180","79495470","KN297023v1","640512","640805","69","78854668"
"chr16","79965277","79965581","KN294407v1","1044299","1044599","69","78920978"
"chr16","80375291","80375424","KN296588v1","231105","231237","27","80144186"
"chr16","80845732","80845847","KN296635v1","1913447","1913566","24","78932285"
"chr16","80845877","80846050","KN295241v1","97934","98104","42","80747943"
"chr16","80880191","80880394","KN297322v1","1522179","1522373","20","79358012"
"chr16","80988276","80988358","KN297322v1","1414408","1414490","8","79573868"
"chr16","81145628","81145790","KN294739v1","903316","903465","47","80242312"
"chr16","81146074","81146220","KN295744v1","212176","212317","31","80933898"
"chr16","81178327","81178635","KN297058v1","194613","194917","67","80983714"
"chr16","81382981","81383093","KN294449v1","104465","104580","32","81278516"
"chr16","81406721","81406988","KN297159v1","3240640","3240901","60","78166081"
"chr16","81760784","81760903","KN297322v1","634008","634127","9","81126776"
"chr16","81761197","81761368","KN297322v1","633530","633714","22","81127667"
"chr16","82267976","82268275","KN297322v1","115076","115376","44","82152900"
"chr16","83833874","83834161","KN294523v1","15844","16136","69","83818030"
"chr16","84521728","84522031","KN295045v1","1095810","1096101","64","83425918"
"chr16","84530892","84531042","KN296877v1","62421","62554","34","84468471"
"chr16","84582302","84582443","KN295526v1","145592","145725","34","84436710"
"chr16","85050874","85051171","KN294848v1","932997","933294","68","84117877"
"chr16","85056703","85057004","KN296538v1","333498","333794","69","84723205"
"chr16","85122232","85122363","KN294339v1","93661","93791","24","85028571"
"chr16","85720486","85720791","KN294439v1","130265","130569","70","85590221"
"chr16","85954027","85954325","KN296322v1","1648835","1649139","49","84305192"
"chr16","86146801","86146956","KN296311v1","1685903","1686062","36","84460898"
"chr16","88528999","88529155","KN296315v1","917369","917527","41","87611630"
"chr16","88590120","88590243","KN296200v1","299464","299591","27","88290656"
"chr16","89028180","89028469","KN294210v1","473112","473404","55","88555068"
"chr16","89253808","89254081","KN294172v1","4574526","4574813","73","84679282"
"chr16","89411415","89411689","KN295294v1","3123609","3123890","71","86287806"
"chr16","89481286","89481566","KN295832v1","1088844","1089120","67","88392442"
"chr16","89496046","89496359","KN295667v1","1567361","1567664","73","87928685"
"chr16","89618237","89618517","KN297008v1","6549351","6549627","63","83068886"
"chr16","89648620","89648740","KN296200v1","299464","299591","24","89349156"
"chr16","89735590","89735712","KN296682v1","4980731","4980854","21","84754859"
"chr16","89736630","89736814","KN296577v1","938048","938235","45","88798582"
"chr16","89987869","89988156","KN294467v1","295248","295536","19","89692621"
"chr16","90144861","90144980","KN295441v1","789788","789916","28","89355073"
"chr16","90154939","90154998","KN296316v1","254338","254391","9","89900601"
"chr16","90155316","90155415","KN296316v1","253938","254035","6","89901378"
"chr17","90511","90630","KN295441v1","789788","789916","30","699277"
"chr17","155087","155289","KN294571v1","1820361","1820567","58","1665274"
"chr17","422828","423098","KN296948v1","999703","999965","72","576875"
"chr17","433824","434114","KN297028v1","97110","97396","56","336714"
"chr17","439704","439837","KN294536v1","348653","348787","21","91051"
"chr17","527629","527911","KN297133v1","328287","328569","27","199342"
"chr17","533250","533407","KN297133v1","334160","334317","16","199090"
"chr17","567671","567886","KN295174v1","293288","293512","60","274383"
"chr17","619244","619293","KN296315v1","957611","957658","11","338367"
"chr17","650213","650513","KN297133v1","425281","425572","27","224932"
"chr17","685721","686018","KN297133v1","458486","458790","30","227235"
"chr17","689309","689464","KN294991v1","973655","973815","45","284346"
"chr17","693451","693723","KN295967v1","1520844","1521111","69","827393"
"chr17","701742","702028","KN296538v1","333498","333794","61","368244"
"chr17","707567","707874","KN297046v1","3065440","3065749","70","2357873"
"chr17","764176","764319","KN296296v1","446565","446696","54","317611"
"chr17","883794","883936","KN295236v1","1698335","1698473","37","814541"
"chr17","884254","884431","KN294571v1","2119940","2120110","38","1235686"
"chr17","895926","896057","KN297133v1","662609","662744","9","233317"
"chr17","896357","896528","KN297133v1","663045","663209","30","233312"
"chr17","991632","991773","KN295962v1","463054","463189","26","528578"
"chr17","1161247","1161545","KN297133v1","933596","933891","47","227651"
"chr17","1482046","1482210","KN297133v1","1247297","1247470","23","234749"
"chr17","1585546","1585687","KN296643v1","191078","191208","28","1394468"
"chr17","1602174","1602306","KN294187v1","133756","133890","22","1468418"
"chr17","1690915","1691081","KN296926v1","1156893","1157056","41","534022"
"chr17","1802213","1802519","KN297133v1","1562622","1562925","32","239591"
"chr17","1964321","1964445","KN294199v1","86678","86798","26","1877643"
"chr17","2141448","2141742","KN297066v1","48943","49249","61","2092505"
"chr17","2280816","2281052","KN295596v1","1698104","1698351","79","582712"
"chr17","2353902","2354206","KN295480v1","1274084","1274387","64","1079818"
"chr17","2487722","2488004","KN296649v1","220350","220626","62","2267372"
"chr17","2494586","2494717","KN295601v1","2833105","2833244","31","338519"
"chr17","2501153","2501457","KN294407v1","715854","716149","84","1785299"
"chr17","2619788","2620048","KN295294v1","2976195","2976447","76","356407"
"chr17","2636732","2637024","KN297190v1","2683777","2684071","77","47045"
"chr17","2650103","2650230","KN296682v1","4721196","4721309","40","2071093"
"chr17","2650527","2650659","KN294410v1","486228","486353","45","2164299"
"chr17","3192510","3192645","KN295605v1","687968","688102","28","2504542"
"chr17","3202303","3202598","KN295356v1","578208","578494","67","2624095"
"chr17","3228128","3228412","KN296290v1","1215856","1216128","63","2012272"
"chr17","3396796","3397104","KN296759v1","210528","210836","60","3186268"
"chr17","3640621","3640924","KN294260v1","822843","823138","64","2817778"
"chr17","3646600","3646736","KN294470v1","3133941","3134076","28","512659"
"chr17","3794286","3794419","KN296538v1","514898","515032","19","3279388"
"chr17","4067826","4068100","KN296245v1","438313","438589","65","3629513"
"chr17","4111779","4112031","KN296991v1","837983","838230","65","3273796"
"chr17","4113692","4113994","KN295480v1","1274084","1274387","68","2839608"
"chr17","4127009","4127300","KN297227v1","1123419","1123703","69","3003590"
"chr17","4201026","4201332","KN296588v1","282556","282869","63","3918470"
"chr17","4245507","4245626","KN295586v1","442465","442585","34","3803042"
"chr17","4373988","4374220","KN294879v1","1183051","1183277","60","3190937"
"chr17","4528787","4528929","KN294346v1","260578","260726","37","4268209"
"chr17","4529234","4529379","KN294558v1","284993","285139","25","4244241"
"chr17","4678337","4678476","KN295671v1","287812","287940","15","4390525"
"chr17","4799231","4799402","KN297319v1","373164","373327","43","4426067"
"chr17","4799715","4799840","KN296311v1","4657589","4657718","26","142126"
"chr17","4825954","4826075","KN295671v1","135506","135628","3","4690448"
"chr17","4958612","4958744","KN294336v1","54285","54417","4","4904327"
"chr17","4963111","4963330","KN295923v1","1986700","1986911","58","2976411"
"chr17","4971359","4971644","KN295883v1","861998","862283","66","4109361"
"chr17","5064012","5064300","KN295637v1","799799","800078","63","4264213"
"chr17","5068493","5068626","KN296915v1","296877","297011","29","4771616"
"chr17","5330741","5331022","KN295576v1","164716","164996","64","5166025"
"chr17","5423230","5423540","KN296505v1","323963","324278","75","5099267"
"chr17","5478084","5478367","KN296948v1","762193","762479","67","4715891"
"chr17","5489878","5490077","KN295553v1","69273","69467","51","5420605"
"chr17","5518568","5518829","KN295236v1","3439491","3439763","76","2079077"
"chr17","5660788","5660914","KN295487v1","149210","149343","18","5511578"
"chr17","5796873","5797173","KN294421v1","9377","9683","70","5787496"
"chr17","5891595","5891715","KN295022v1","817917","818040","26","5073678"
"chr17","6708983","6709101","KN296406v1","260023","260137","27","6448960"
"chr17","6720394","6720510","KN296557v1","74888","75001","24","6645506"
"chr17","6990497","6990785","KN297452v1","1744682","1744969","72","5245815"
"chr17","7062125","7062342","KN294879v1","1183051","1183277","53","5879074"
"chr17","7084720","7084929","KN294208v1","73414","73627","50","7011306"
"chr17","7112957","7113133","KN294662v1","211735","211913","46","6901222"
"chr17","7136677","7136794","KN296426v1","870075","870198","32","6266602"
"chr17","7153365","7153491","KN295441v1","789788","789916","24","6363577"
"chr17","7490264","7490382","KN294470v1","1056764","1056890","23","6433500"
"chr17","7619945","7620104","KN295705v1","2338948","2339110","31","5280997"
"chr17","7672599","7672816","KN295350v1","333402","333635","35","7339197"
"chr17","7698450","7698595","KN295350v1","363013","363159","14","7335437"
"chr17","7698910","7699072","KN295350v1","363462","363624","10","7335448"
"chr17","7736053","7736172","KN295350v1","404400","404521","9","7331653"
"chr17","7864364","7864596","KN294147v1","2133356","2133601","67","5731008"
"chr17","7875325","7875627","KN294634v1","387267","387565","63","7488058"
"chr17","8009693","8009999","KN294873v1","1303218","1303511","69","6706475"
"chr17","8011541","8011838","KN295984v1","150673","150962","55","7860868"
"chr17","8028162","8028338","KN295350v1","705045","705215","28","7323117"
"chr17","8508167","8508402","KN296847v1","410946","411169","56","8097221"
"chr17","8624774","8624946","KN295667v1","2018457","2018624","45","6606317"
"chr17","8656956","8657251","KN297184v1","1114866","1115167","54","7542090"
"chr17","9000733","9000842","KN296495v1","2297715","2297827","27","6703018"
"chr17","9001159","9001418","KN294777v1","706958","707163","103","8294201"
"chr17","9349832","9350021","KN295832v1","1012172","1012344","57","8337660"
"chr17","9377301","9377624","KN294806v1","594997","595290","90","8782304"
"chr17","9377649","9377745","KN294570v1","273775","273869","25","9103874"
"chr17","9606103","9606383","KN294199v1","1022551","1022840","63","8583552"
"chr17","9632078","9632387","KN297154v1","1945256","1945557","82","7686822"
"chr17","10056095","10056213","KN295458v1","34771","34886","26","10021324"
"chr17","10153785","10154014","KN295907v1","534057","534274","55","9619728"
"chr17","10204365","10204644","KN296588v1","282556","282869","74","9921809"
"chr17","10213428","10213729","KN295430v1","2009073","2009373","69","8204355"
"chr17","10271740","10272025","KN294513v1","372597","372888","68","9899143"
"chr17","10358479","10358777","KN295633v1","778185","778486","70","9580294"
"chr17","10679799","10680079","KN296508v1","1973232","1973505","73","8706567"
"chr17","10769362","10769671","KN294326v1","411424","411715","74","10357938"
"chr17","11225295","11225588","KN297227v1","1049335","1049619","60","10175960"
"chr17","12321041","12321178","KN295803v1","255996","256129","38","12065045"
"chr17","12626278","12626561","KN295346v1","1646114","1646406","67","10980164"
"chr17","12729946","12730165","KN296701v1","344880","345098","45","12385066"
"chr17","13119844","13120151","KN294954v1","70243","70554","71","13049601"
"chr17","13279187","13279319","KN296609v1","993209","993341","10","12285978"
"chr17","13383771","13383849","KN296609v1","1095803","1095884","7","12287968"
"chr17","13898457","13898743","KN297227v1","1049335","1049619","62","12849122"
"chr17","13911545","13911668","KN295573v1","623556","623685","28","13287989"
"chr17","14170534","14170830","KN294831v1","228505","228793","64","13942029"
"chr17","14172771","14172982","KN296505v1","1257835","1258044","53","12914936"
"chr17","14311091","14311378","KN296609v1","2001084","2001364","24","12310007"
"chr17","14382701","14382994","KN295984v1","150673","150962","68","14232028"
"chr17","14848277","14848488","KN296508v1","1675720","1675934","57","13172557"
"chr17","14939096","14939389","KN296609v1","2667212","2667521","48","12271884"
"chr17","15234810","15235119","KN297184v1","1114866","1115167","68","14119944"
"chr17","15567585","15567707","KN295586v1","5575079","5575199","26","9992506"
"chr17","15569653","15569864","KN296505v1","1257835","1258044","52","14311818"
"chr17","15606068","15606224","KN294569v1","180105","180259","35","15425963"
"chr17","15924853","15925039","KN295923v1","1333350","1333524","42","14591503"
"chr17","15925336","15925448","KN296732v1","3486949","3487060","26","12438387"
"chr17","16175610","16175813","KN295923v1","1986700","1986911","51","14188910"
"chr17","16242044","16242348","KN296502v1","1354687","1354995","76","14887357"
"chr17","16291890","16291975","KN296859v1","1472329","1472410","21","14819561"
"chr17","16305784","16305947","KN297000v1","418665","418822","37","15887119"
"chr17","16333776","16333963","KN295553v1","69273","69467","51","16264503"
"chr17","16338534","16338750","KN297274v1","155280","155497","60","16183254"
"chr17","16367107","16367387","KN296948v1","762193","762479","61","15604914"
"chr17","16974401","16974435","KN296685v1","45275","45309","0","16929126"
"chr17","16974731","16974905","KN296685v1","45613","45790","13","16929118"
"chr17","16985909","16986216","KN297180v1","314236","314539","58","16671673"
"chr17","16992133","16992430","KN294366v1","79623","79919","73","16912510"
"chr17","17034214","17034518","KN294452v1","1374937","1375240","66","15659277"
"chr17","17257031","17257080","KN296685v1","333488","333537","3","16923543"
"chr17","17627314","17627497","KN296394v1","294180","294349","26","17333134"
"chr17","17627805","17627816","KN294172v1","6434946","6434956","4","11192859"
"chr17","17628112","17628259","KN296394v1","294646","294793","13","17333466"
"chr17","17649530","17649841","KN294326v1","21003","21301","34","17628527"
"chr17","17863564","17863846","KN296528v1","1411593","1411869","67","16451971"
"chr17","17957028","17957276","KN296157v1","3564377","3564629","52","14392651"
"chr17","18034965","18035254","KN294326v1","411424","411715","23","17623541"
"chr17","18092183","18092465","KN296311v1","2391994","2392268","75","15700189"
"chr17","18349445","18349731","KN294984v1","94202","94491","66","18255243"
"chr17","18757504","18757660","KN294569v1","180105","180259","33","18577399"
"chr17","18775750","18776034","KN294861v1","165966","166239","34","18609784"
"chr17","18877914","18878214","KN294239v1","243029","243336","69","18634885"
"chr17","19056398","19056514","KN296096v1","3010196","3010312","24","16046202"
"chr17","19448301","19448608","KN295114v1","166772","167079","78","19281529"
"chr17","19478482","19478614","KN295114v1","135006","135138","8","19343476"
"chr17","19480526","19480745","KN295114v1","132507","132721","19","19348019"
"chr17","19589539","19589698","KN295114v1","20274","20431","17","19569265"
"chr17","19699375","19699678","KN296244v1","438516","438787","80","19260859"
"chr17","19821756","19821984","KN295719v1","14805","15019","26","19806951"
"chr17","19927066","19927362","KN295074v1","352422","352716","76","19574644"
"chr17","20003976","20004271","KN295633v1","1633983","1634282","57","18369993"
"chr17","20015279","20015404","KN294485v1","27749","27875","39","19987530"
"chr17","20018397","20018553","KN295984v1","1259442","1259596","38","18758955"
"chr17","20059683","20059891","KN294777v1","706958","707163","53","19352725"
"chr17","20075522","20075665","KN294172v1","3210658","3210802","33","16864864"
"chr17","20075960","20076123","KN296210v1","326889","327054","42","19749071"
"chr17","20107831","20108015","KN294964v1","1568714","1568904","51","18539117"
"chr17","20109849","20110136","KN294453v1","316902","317180","74","19792947"
"chr17","20726967","20727167","KN294571v1","1820361","1820567","49","18906606"
"chr17","20811168","20811311","KN295633v1","431918","432061","7","20379250"
"chr17","20855926","20856232","KN296322v1","1648835","1649139","79","19207091"
"chr17","21535722","21535876","KN297320v1","677594","677746","32","20858128"
"chr17","21544624","21544676","KN296339v1","1737667","1737719","14","19806957"
"chr17","22199974","22200192","KN296643v1","482284","482494","60","21717690"
"chr17","22205644","22205730","KN296119v1","3502497","3502581","30","18703147"
"chr17","22436613","22436809","KN296187v1","238628","238811","59","22197985"
"chr17","22644045","22644346","KN295923v1","574170","574465","75","22069875"
"chr17","27025375","27025668","KN295239v1","10116","10396","43","27015259"
"chr17","27061925","27062085","KN294662v1","211735","211913","58","26850190"
"chr17","27298441","27298571","KN297023v1","686879","687015","26","26611562"
"chr17","27298878","27299041","KN295721v1","429780","429935","65","26869098"
"chr17","27344607","27344913","KN294239v1","2230934","2231230","77","25113673"
"chr17","27371595","27371734","KN295706v1","131306","131439","27","27240289"
"chr17","27401398","27401682","KN294378v1","789747","790035","73","26611651"
"chr17","27406409","27406691","KN296244v1","327623","327911","66","27078786"
"chr17","27823844","27824153","KN297171v1","2449987","2450273","80","25373857"
"chr17","27863651","27863963","KN296322v1","1648835","1649139","62","26214816"
"chr17","27945011","27945080","KN295893v1","7736942","7736997","24","20208069"
"chr17","27975742","27976052","KN296187v1","1497817","1498116","73","26477925"
"chr17","28026661","28026948","KN295576v1","164716","164996","59","27861945"
"chr17","28068682","28068977","KN296934v1","380814","381112","24","27687868"
"chr17","28190338","28190448","KN297171v1","2436215","2436323","29","25754123"
"chr17","28202129","28202375","KN297019v1","717404","717664","62","27484725"
"chr17","28259957","28260017","KN295832v1","1133517","1133570","18","27126440"
"chr17","28286012","28286284","KN295319v1","303201","303480","82","27982811"
"chr17","28286470","28286599","KN295441v1","1418402","1418531","26","26868068"
"chr17","28309797","28309949","KN296934v1","609106","609251","17","27700691"
"chr17","28310252","28310380","KN296934v1","609570","609704","15","27700682"
"chr17","28349426","28349637","KN296934v1","649619","649815","38","27699807"
"chr17","28428474","28428775","KN294210v1","473112","473404","62","27955362"
"chr17","28565608","28565747","KN295102v1","72427","72567","27","28493181"
"chr17","28566077","28566245","KN296934v1","868664","868830","18","27697413"
"chr17","28602263","28602506","KN296024v1","181246","181481","89","28421017"
"chr17","28650876","28651063","KN296934v1","958713","958949","59","27692163"
"chr17","28751113","28751238","KN297416v1","162444","162561","30","28588669"
"chr17","28826873","28827159","KN294325v1","979659","979928","79","27847214"
"chr17","28827160","28827384","KN296119v1","805789","806002","52","28021371"
"chr17","28846806","28846942","KN296538v1","514898","515032","25","28331908"
"chr17","28942275","28942533","KN295294v1","2976195","2976447","57","25966080"
"chr17","28946707","28946836","KN296643v1","262990","263118","23","28683717"
"chr17","29006840","29007143","KN296096v1","1326102","1326406","69","27680738"
"chr17","29147621","29147912","KN295346v1","1646114","1646406","71","27501507"
"chr17","29167430","29167714","KN296108v1","736647","736943","66","28430783"
"chr17","29432778","29433050","KN294861v1","165966","166239","74","29266812"
"chr17","29450074","29450386","KN296263v1","1179830","1180111","54","28270244"
"chr17","29450511","29450814","KN295722v1","2009049","2009356","66","27441462"
"chr17","29494256","29494462","KN296263v1","1127409","1127608","31","28366847"
"chr17","29528960","29529261","KN295561v1","265083","265376","70","29263877"
"chr17","29704422","29704731","KN296322v1","1648835","1649139","67","28055587"
"chr17","29756287","29756435","KN296263v1","866033","866195","29","28890254"
"chr17","29804668","29804993","KN296263v1","819711","820031","57","28984957"
"chr17","29858597","29858901","KN296263v1","767505","767771","57","29091092"
"chr17","30045720","30045838","KN294199v1","969997","970115","28","29075723"
"chr17","30045890","30046061","KN295096v1","1069446","1069614","33","28976444"
"chr17","30085996","30086148","KN296263v1","536654","536807","13","29549342"
"chr17","30102389","30102534","KN296573v1","15418","15557","24","30086971"
"chr17","30128928","30129056","KN295236v1","3047477","3047602","22","27081451"
"chr17","30282880","30283161","KN296263v1","332548","332825","27","29950332"
"chr17","30309997","30310150","KN296263v1","302894","303046","15","30007103"
"chr17","30310461","30310533","KN296263v1","302499","302571","2","30007962"
"chr17","30334535","30334787","KN297046v1","2130311","2130564","84","28204224"
"chr17","30358095","30358400","KN296263v1","254017","254321","18","30104078"
"chr17","30386040","30386328","KN296263v1","225865","226126","48","30160175"
"chr17","30513669","30513948","KN296528v1","1269160","1269445","74","29244509"
"chr17","30590170","30590383","KN296902v1","7273","7481","27","30582897"
"chr17","30636161","30636369","KN296902v1","7273","7481","14","30628888"
"chr17","30659834","30659947","KN296682v1","4721196","4721309","37","25938638"
"chr17","30718427","30718716","KN295744v1","408789","409077","60","30309638"
"chr17","30750980","30751155","KN297032v1","275078","275272","33","30475902"
"chr17","30751442","30751568","KN297032v1","275556","275685","15","30475886"
"chr17","30761034","30761309","KN297032v1","288416","288690","24","30472618"
"chr17","30871933","30872216","KN297023v1","640512","640805","77","30231421"
"chr17","30885168","30885337","KN295420v1","396854","397019","41","30488314"
"chr17","30911353","30911494","KN296926v1","1157348","1157489","14","29754005"
"chr17","30911803","30911876","KN296806v1","115616","115695","21","30796187"
"chr17","30912178","30912277","KN297452v1","78148","78242","22","30834030"
"chr17","30951502","30951635","KN296311v1","4815038","4815168","18","26136464"
"chr17","30994949","30995106","KN296926v1","1068223","1068372","17","29926726"
"chr17","30995404","30995530","KN296926v1","1067515","1067635","8","29927889"
"chr17","30998259","30998395","KN295526v1","145592","145725","27","30852667"
"chr17","31035959","31036167","KN296902v1","7273","7481","13","31028686"
"chr17","31102461","31102749","KN296526v1","283231","283529","65","30819230"
"chr17","31107404","31107564","KN296308v1","592866","593027","31","30514538"
"chr17","31278966","31279257","KN296306v1","3759093","3759375","69","27519873"
"chr17","31315979","31316179","KN297154v1","451582","451782","67","30864397"
"chr17","31372738","31373023","KN296964v1","1814390","1814681","56","29558348"
"chr17","31518210","31518377","KN297113v1","252877","253050","29","31265333"
"chr17","31547773","31548042","KN295722v1","1369561","1369836","68","30178212"
"chr17","31747035","31747354","KN297165v1","2596688","2597002","71","29150347"
"chr17","31809776","31809875","KN297154v1","527342","527439","22","31282434"
"chr17","31871466","31871611","KN297032v1","186683","186827","7","31684783"
"chr17","31944859","31945084","KN296507v1","415379","415594","63","31529480"
"chr17","31955291","31955470","KN297032v1","275078","275272","38","31680213"
"chr17","31955755","31955881","KN297032v1","275556","275685","15","31680199"
"chr17","31967600","31967872","KN297032v1","288416","288690","21","31679184"
"chr17","32052185","32052393","KN296902v1","7273","7481","15","32044912"
"chr17","32075858","32075971","KN296682v1","4721196","4721309","36","27354662"
"chr17","32144567","32144702","KN296311v1","4657589","4657718","25","27486978"
"chr17","32167776","32168052","KN296926v1","1012787","1013062","21","31154989"
"chr17","32168276","32168568","KN296119v1","1984680","1984963","65","30183596"
"chr17","32270928","32271050","KN294199v1","86678","86798","27","32184250"
"chr17","32278845","32279149","KN294439v1","130265","130569","66","32148580"
"chr17","32346414","32346551","KN296495v1","1296063","1296199","28","31050351"
"chr17","32412779","32412983","KN295572v1","371863","372076","52","32040916"
"chr17","32460065","32460358","KN296926v1","735352","735654","28","31724713"
"chr17","32538283","32538599","KN294439v1","130265","130569","71","32408018"
"chr17","32550714","32550983","KN296311v1","5278234","5278515","77","27272480"
"chr17","32612405","32612712","KN294954v1","70243","70554","64","32542162"
"chr17","32687142","32687195","KN294526v1","385526","385578","14","32301616"
"chr17","32687497","32687642","KN296538v1","79923","80070","25","32607574"
"chr17","32737644","32737766","KN296926v1","455694","455813","9","32281950"
"chr17","32792632","32792902","KN296926v1","400603","400873","13","32392029"
"chr17","32808129","32808385","KN294552v1","1295874","1296134","59","31512255"
"chr17","33055538","33055622","KN296926v1","151891","151976","5","32903647"
"chr17","33116855","33117153","KN294172v1","1404856","1405150","59","31711999"
"chr17","33628294","33628590","KN295346v1","1646114","1646406","63","31982180"
"chr17","33715015","33715301","KN297133v1","328287","328569","70","33386728"
"chr17","34162629","34162932","KN297184v1","1114866","1115167","70","33047763"
"chr17","34276325","34276615","KN294520v1","992368","992662","65","33283957"
"chr17","34388316","34388575","KN296991v1","837983","838230","66","33550333"
"chr17","34679004","34679138","KN296404v1","1017857","1017993","19","33661147"
"chr17","34790640","34790911","KN296308v1","990797","991065","72","33799843"
"chr17","35040845","35040865","KN296569v1","4665","4683","2","35036180"
"chr17","35040895","35041042","KN295962v1","2106431","2106583","41","32934464"
"chr17","35144201","35144519","KN296759v1","210528","210836","75","34933673"
"chr17","35167349","35167639","KN294235v1","47425","47725","74","35119924"
"chr17","35252152","35252445","KN294452v1","1374937","1375240","66","33877215"
"chr17","35267410","35267749","KN295995v1","300405","300731","77","34967005"
"chr17","35336428","35336674","KN295441v1","1486178","1486397","73","33850250"
"chr17","35461262","35461468","KN296062v1","1532820","1533033","62","33928442"
"chr17","35497447","35497533","KN294208v1","486244","486319","30","35011203"
"chr17","35541702","35541998","KN294578v1","639003","639297","73","34902699"
"chr17","35545503","35545803","KN295294v1","1101026","1101317","58","34444477"
"chr17","35572917","35573187","KN296157v1","1145342","1145607","60","34427575"
"chr17","35604918","35605204","KN294879v1","82415","82691","79","35522503"
"chr17","35609189","35609348","KN294991v1","973655","973815","32","34635534"
"chr17","35609647","35609740","KN295983v1","556778","556867","17","35052869"
"chr17","35620209","35620443","KN296145v1","736954","737187","74","34883255"
"chr17","35620533","35620827","KN295633v1","9404","9689","62","35611129"
"chr17","35639059","35639360","KN296864v1","1939832","1940132","67","33699227"
"chr17","35681392","35681702","KN296849v1","694658","694962","87","34986734"
"chr17","35701616","35701921","KN294199v1","1022551","1022840","80","34679065"
"chr17","35737173","35737305","KN294470v1","3035258","3035389","23","32701915"
"chr17","35754806","35755002","KN294416v1","645591","645790","68","35109215"
"chr17","35818527","35818828","KN296864v1","1939832","1940132","65","33878695"
"chr17","35841697","35841997","KN297195v1","425146","425446","72","35416551"
"chr17","35845273","35845552","KN296991v1","841101","841373","61","35004172"
"chr17","35884642","35884803","KN294271v1","8882","9045","44","35875760"
"chr17","35885099","35885243","KN294218v1","2756614","2756751","22","33128485"
"chr17","35923932","35924248","KN297066v1","48943","49249","64","35874989"
"chr17","36068871","36069153","KN297023v1","640512","640805","65","35428359"
"chr17","36273296","36273584","KN296528v1","1109404","1109696","74","35163892"
"chr17","36282953","36283244","KN296829v1","801368","801657","61","35481585"
"chr17","36311572","36311873","KN294806v1","594997","595290","67","35716575"
"chr17","36346198","36346341","KN295633v1","431918","432061","6","35914280"
"chr17","36409700","36409843","KN296750v1","1431681","1431828","34","34978019"
"chr17","36560123","36560257","KN295573v1","623556","623685","26","35936567"
"chr17","36770942","36771105","KN296000v1","901795","901947","36","35869147"
"chr17","36914278","36914394","KN294848v1","295585","295697","26","36618693"
"chr17","36927261","36927396","KN296732v1","3311835","3311972","23","33615426"
"chr17","36984649","36984902","KN294571v1","2055636","2055896","70","34929013"
"chr17","37093504","37093796","KN295356v1","578208","578494","57","36515296"
"chr17","37141409","37141557","KN295705v1","1659307","1659450","38","35482102"
"chr17","37238842","37239128","KN294235v1","979340","979628","58","36259502"
"chr17","37323315","37323605","KN295352v1","729753","730045","66","36593562"
"chr17","37422957","37423236","KN296303v1","805215","805501","55","36617742"
"chr17","37433376","37433669","KN296964v1","1814390","1814681","69","35618986"
"chr17","37439111","37439280","KN295294v1","2768559","2768717","45","34670552"
"chr17","37451031","37451310","KN296308v1","509786","510061","66","36941245"
"chr17","37619414","37619718","KN294452v1","998051","998338","78","36621363"
"chr17","37636975","37637131","KN295721v1","429780","429935","37","37207195"
"chr17","37637431","37637557","KN297154v1","1282191","1282319","24","36355240"
"chr17","37665405","37665521","KN294650v1","82689","82804","27","37582716"
"chr17","37856486","37856561","KN296955v1","735728","735803","17","37120758"
"chr17","37885639","37885773","KN295706v1","131306","131439","21","37754333"
"chr17","37903048","37903191","KN296750v1","1431681","1431828","34","36471367"
"chr17","38077359","38077647","KN295117v1","112788","113084","75","37964571"
"chr17","38087039","38087330","KN296829v1","801368","801657","61","37285671"
"chr17","38115675","38115976","KN294806v1","594997","595290","67","37520678"
"chr17","38150302","38150445","KN295633v1","431918","432061","6","37718384"
"chr17","38204545","38204846","KN294806v1","594997","595290","66","37609548"
"chr17","38233211","38233502","KN296829v1","801368","801657","61","37431843"
"chr17","38242900","38243186","KN295117v1","112788","113084","74","38130112"
"chr17","38389294","38389530","KN295601v1","3201776","3202001","65","35187518"
"chr17","38632945","38633068","KN296322v1","997745","997870","20","37635200"
"chr17","38788575","38788707","KN294964v1","2000421","2000556","20","36788154"
"chr17","38788961","38789139","KN295633v1","552946","553113","43","38236015"
"chr17","38847927","38848085","KN294856v1","256027","256175","49","38591900"
"chr17","38974107","38974227","KN295352v1","18004","18135","26","38956103"
"chr17","38974254","38974436","KN296754v1","59195","59361","39","38915059"
"chr17","38992834","38993095","KN297028v1","105526","105779","62","38887308"
"chr17","39178376","39178682","KN296322v1","1648835","1649139","71","37529541"
"chr17","39287398","39287703","KN297058v1","194613","194917","68","39092785"
"chr17","39315945","39316097","KN296000v1","901795","901947","39","38414150"
"chr17","39475211","39475479","KN294207v1","634204","634468","60","38841007"
"chr17","39497996","39498212","KN294879v1","1183051","1183277","60","38314945"
"chr17","39498541","39498815","KN294420v1","816046","816329","68","38682495"
"chr17","39638862","39639127","KN296921v1","2833134","2833394","72","36805728"
"chr17","39779923","39780259","KN294475v1","99614","99931","93","39680309"
"chr17","39838831","39839130","KN294439v1","130265","130569","60","39708566"
"chr17","39841763","39842059","KN296322v1","1648835","1649139","62","38192928"
"chr17","39859950","39860261","KN294570v1","166260","166534","95","39693690"
"chr17","39898999","39899180","KN296119v1","5280949","5281131","39","34618050"
"chr17","40001739","40001876","KN296322v1","2564470","2564606","27","37437269"
"chr17","40040920","40041045","KN297215v1","722339","722465","19","39318581"
"chr17","40059193","40059402","KN295962v1","1940591","1940792","61","38118602"
"chr17","40116665","40116984","KN294224v1","570859","571184","87","39545806"
"chr17","40117437","40117656","KN297274v1","155280","155497","46","39962157"
"chr17","40250783","40250904","KN294458v1","1323574","1323684","36","38927209"
"chr17","40352794","40352928","KN295441v1","1418402","1418531","22","38934392"
"chr17","40450524","40450810","KN294592v1","450560","450839","64","39999964"
"chr17","40451832","40452133","KN294239v1","243029","243336","54","40208803"
"chr17","40575558","40575857","KN294210v1","473112","473404","65","40102446"
"chr17","40611519","40611804","KN296948v1","762193","762479","60","39849326"
"chr17","40659499","40659723","KN295941v1","2267763","2267979","51","38391736"
"chr17","40678138","40678416","KN295825v1","821816","822091","74","39856322"
"chr17","40729673","40729857","KN294662v1","211735","211913","43","40517938"
"chr17","40862051","40862373","KN296117v1","433694","434012","76","40428357"
"chr17","40871129","40871446","KN295633v1","909764","910066","73","39961365"
"chr17","41348836","41348984","KN297180v1","2065065","2065204","32","39283771"
"chr17","41401779","41401955","KN296635v1","4102969","4103140","43","37298810"
"chr17","41838269","41838551","KN295633v1","1993894","1994175","68","39844375"
"chr17","41998905","41999039","KN296138v1","11819","11953","19","41987086"
"chr17","42107080","42107382","KN294439v1","130265","130569","64","41976815"
"chr17","42127828","42128107","KN294446v1","947774","948041","69","41180054"
"chr17","42183494","42183753","KN295294v1","2973027","2973290","74","39210467"
"chr17","42196512","42196825","KN294439v1","130265","130569","68","42066247"
"chr17","42247996","42248296","KN295667v1","1567361","1567664","68","40680635"
"chr17","42254121","42254348","KN296153v1","3265742","3265961","50","38988379"
"chr17","42351995","42352055","KN296138v1","489235","489293","17","41862760"
"chr17","42353583","42353873","KN295352v1","1382929","1383224","59","40970654"
"chr17","42369639","42369954","KN294407v1","715854","716149","79","41653785"
"chr17","42391635","42391939","KN296315v1","1023330","1023621","77","41368305"
"chr17","42634559","42634745","KN294592v1","437738","437904","32","42196821"
"chr17","42726403","42726493","KN294592v1","343638","343727","5","42382765"
"chr17","42817548","42817848","KN294592v1","250516","250815","30","42567032"
"chr17","42863127","42863259","KN296588v1","2140161","2140293","20","40722966"
"chr17","42932103","42932270","KN295925v1","435140","435310","41","42496963"
"chr17","42938195","42938477","KN294592v1","123915","124207","57","42814280"
"chr17","42988697","42988983","KN294592v1","73506","73792","24","42915191"
"chr17","42996822","42997150","KN294199v1","1444916","1445226","91","41551906"
"chr17","43062099","43062392","KN295294v1","437640","437937","67","42624459"
"chr17","43112439","43112626","KN295430v1","2495062","2495241","46","40617377"
"chr17","43118379","43118736","KN294407v1","766794","767133","105","42351585"
"chr17","43155169","43155528","KN294407v1","766794","767133","105","42388375"
"chr17","43223273","43223333","KN297019v1","143155","143209","12","43080118"
"chr17","43224864","43225031","KN294685v1","23168","23332","39","43201696"
"chr17","43309487","43309740","KN294848v1","151694","151950","76","43157793"
"chr17","43310054","43310251","KN295941v1","308967","309170","52","43001087"
"chr17","43310552","43310655","KN297028v1","612387","612499","26","42698165"
"chr17","43312732","43312937","KN297420v1","1707","1921","25","43311025"
"chr17","43316223","43316353","KN295171v1","1556218","1556343","40","41760005"
"chr17","43390865","43391000","KN296538v1","514898","515032","20","42875967"
"chr17","43446276","43446366","KN296322v1","2683415","2683511","23","40762861"
"chr17","43446429","43446598","KN294991v1","973655","973815","38","42472774"
"chr17","43495818","43496129","KN295995v1","1613251","1613567","66","41882567"
"chr17","43566076","43566354","KN295722v1","1369561","1369836","62","42196515"
"chr17","43685888","43686176","KN297227v1","1049335","1049619","62","42636553"
"chr17","43972540","43972707","KN296828v1","22083","22247","45","43950457"
"chr17","43973013","43973137","KN294172v1","3568097","3568221","21","40404916"
"chr17","44127044","44127202","KN296225v1","462090","462236","37","43664954"
"chr17","44392145","44392424","KN295984v1","150673","150962","59","44241472"
"chr17","44411822","44411937","KN296153v1","410844","410972","27","44000978"
"chr17","44412223","44412379","KN295405v1","328891","329050","44","44083332"
"chr17","44442796","44443100","KN296322v1","1648835","1649139","72","42793961"
"chr17","44445938","44446244","KN296507v1","738522","738814","70","43707416"
"chr17","44454147","44454413","KN297046v1","2618508","2618781","78","41835639"
"chr17","44454599","44454722","KN295441v1","1418402","1418531","27","43036197"
"chr17","44456124","44456415","KN297133v1","328287","328569","72","44127837"
"chr17","44458530","44458825","KN296495v1","1076274","1076557","62","43382256"
"chr17","44478750","44479010","KN296339v1","2039540","2039800","67","42439210"
"chr17","44535863","44536030","KN295294v1","403385","403528","53","44132478"
"chr17","44572615","44572750","KN296573v1","15418","15557","39","44557197"
"chr17","44572778","44572879","KN294410v1","238826","238934","29","44333952"
"chr17","44578980","44579214","KN295315v1","637879","638117","72","43941101"
"chr17","44603326","44603600","KN294570v1","166260","166534","76","44437066"
"chr17","44662648","44662958","KN296649v1","28211","28505","75","44634437"
"chr17","44668328","44668629","KN296588v1","282556","282869","71","44385772"
"chr17","44684793","44685085","KN294199v1","1022551","1022840","62","43662242"
"chr17","44694098","44694377","KN295346v1","1646114","1646406","64","43047984"
"chr17","44711303","44711495","KN296635v1","4102969","4103140","56","40608334"
"chr17","44729204","44729505","KN294207v1","141842","142144","73","44587362"
"chr17","44856557","44856778","KN295633v1","550163","550378","78","44306394"
"chr17","44858758","44858878","KN296101v1","38623","38748","26","44820135"
"chr17","44874036","44874344","KN294421v1","9377","9683","70","44864659"
"chr17","45005514","45005638","KN296885v1","2707478","2707589","32","42298036"
"chr17","45017044","45017343","KN294407v1","1718897","1719202","73","43298147"
"chr17","45048107","45048240","KN295706v1","131306","131439","19","44916801"
"chr17","45184167","45184298","KN294172v1","6272486","6272617","25","38911681"
"chr17","45193208","45193379","KN295633v1","552946","553113","36","44640262"
"chr17","45193676","45193810","KN294536v1","348653","348787","22","44845023"
"chr17","45282105","45282236","KN296311v1","4657589","4657718","21","40624516"
"chr17","45296243","45296538","KN295893v1","1879651","1879923","65","43416592"
"chr17","45331676","45331806","KN294172v1","4450120","4450251","20","40881556"
"chr17","45358975","45359271","KN294452v1","1374937","1375240","65","43984038"
"chr17","45376915","45377085","KN296732v1","3070322","3070492","33","42306593"
"chr17","45377375","45377516","KN295102v1","72427","72567","33","45304948"
"chr17","45401060","45401368","KN295406v1","486578","486886","68","44914482"
"chr17","45511198","45511411","KN296902v1","7273","7481","27","45503925"
"chr17","45604709","45604844","KN294199v1","281436","281574","30","45323273"
"chr17","45655552","45655850","KN296964v1","1814390","1814681","57","43841162"
"chr17","45696838","45697047","KN297313v1","655847","656042","49","45040991"
"chr17","45808667","45808861","KN296767v1","53224","53425","54","45755443"
"chr17","45904419","45904695","KN294199v1","1022551","1022840","63","44881868"
"chr17","45934080","45934359","KN296726v1","290991","291261","70","45643089"
"chr17","45937315","45937614","KN296507v1","738522","738814","59","45198793"
"chr17","45962644","45962952","KN296322v1","1648835","1649139","57","44313809"
"chr17","46052663","46052993","KN294458v1","1460252","1460580","79","44592411"
"chr17","46053991","46054136","KN294739v1","903316","903465","42","45150675"
"chr17","46088620","46088895","KN294571v1","2055636","2055896","71","44032984"
"chr17","46096137","46096302","KN296000v1","898022","898186","42","45198115"
"chr17","46096917","46097033","KN294172v1","683077","683185","41","45413840"
"chr17","46206445","46206569","KN297050v1","128023","128146","24","46078422"
"chr17","46281379","46281645","KN294433v1","147634","147875","87","46133745"
"chr17","46317184","46317328","KN294558v1","284993","285139","36","46032191"
"chr17","46334457","46334640","KN296902v1","7273","7481","42","46327184"
"chr17","46552310","46552493","KN296902v1","7273","7481","42","46545037"
"chr17","47074342","47074605","KN297046v1","2072166","2072416","65","45002176"
"chr17","47082703","47082873","KN296000v1","898022","898186","44","46184681"
"chr17","47083168","47083281","KN294172v1","683077","683185","41","46400091"
"chr17","47093506","47093629","KN297050v1","128023","128146","20","46965483"
"chr17","47094062","47094290","KN296801v1","18550","18775","21","47075512"
"chr17","47094598","47094657","KN296801v1","19076","19132","9","47075522"
"chr17","47096302","47096610","KN294991v1","1709174","1709474","66","45387128"
"chr17","47131668","47131970","KN295430v1","2009073","2009373","64","45122595"
"chr17","47161058","47161283","KN296865v1","2006387","2006622","84","45154671"
"chr17","47232523","47232783","KN294705v1","1107549","1107807","58","46124974"
"chr17","47242884","47243086","KN295533v1","2434686","2434882","44","44808198"
"chr17","47247777","47247943","KN297319v1","373164","373327","33","46874613"
"chr17","47249167","47249478","KN296322v1","1648835","1649139","65","45600332"
"chr17","47274814","47274943","KN295706v1","131306","131439","20","47143508"
"chr17","47289333","47289538","KN295572v1","371863","372076","22","46917470"
"chr17","47306273","47306576","KN297180v1","314236","314539","64","46992037"
"chr17","47338244","47338547","KN294421v1","9377","9683","66","47328867"
"chr17","47363076","47363366","KN295572v1","301978","302249","32","47061098"
"chr17","47375093","47375213","KN295572v1","285457","285578","5","47089636"
"chr17","47419306","47419581","KN294452v1","998051","998338","65","46421255"
"chr17","47467136","47467206","KN295236v1","2370219","2370291","21","45096917"
"chr17","47467494","47467564","KN296263v1","302499","302571","15","47164995"
"chr17","47545007","47545296","KN296864v1","1939832","1940132","73","45605175"
"chr17","47554370","47554659","KN295352v1","729753","730045","61","46824617"
"chr17","47583634","47583936","KN294806v1","594997","595290","67","46988637"
"chr17","47656289","47656536","KN294874v1","262239","262480","72","47394050"
"chr17","47894118","47894412","KN294187v1","114654","114941","22","47779464"
"chr17","47922525","47922616","KN294499v1","1744755","1744851","23","46177770"
"chr17","47980260","47980566","KN294187v1","201748","202053","26","47778512"
"chr17","48135480","48135770","KN296244v1","327623","327911","68","47807857"
"chr17","48277712","48277895","KN294187v1","513761","513943","11","47763951"
"chr17","48372652","48372948","KN297442v1","2584808","2585101","63","45787844"
"chr17","48431164","48431331","KN296528v1","1183043","1183202","37","47248121"
"chr17","48765130","48765428","KN294187v1","1013695","1013993","19","47751435"
"chr17","48771347","48771634","KN297390v1","84191","84473","59","48687156"
"chr17","49011578","49011701","KN294187v1","1271806","1271937","22","47739772"
"chr17","49199138","49199232","KN295810v1","455081","455179","30","48744057"
"chr17","49245225","49245381","KN294187v1","1514985","1515135","15","47730240"
"chr17","49337058","49337367","KN296063v1","551347","551649","73","48785711"
"chr17","49343774","49343916","KN296210v1","326465","326608","27","49017309"
"chr17","49344213","49344383","KN297113v1","252877","253050","30","49091336"
"chr17","49348211","49348479","KN294513v1","235461","235729","65","49112750"
"chr17","49398807","49398965","KN296759v1","225170","225326","36","49173637"
"chr17","49399267","49399425","KN294226v1","6877","7026","41","49392390"
"chr17","49614867","49615150","KN294187v1","1887786","1888062","19","47727081"
"chr17","49785233","49785538","KN295667v1","1567361","1567664","59","48217872"
"chr17","49919299","49919436","KN296404v1","1017857","1017993","29","48901442"
"chr17","50179109","50179370","KN296925v1","62162","62418","64","50116947"
"chr17","50258370","50258655","KN296435v1","2611722","2612009","66","47646648"
"chr17","50292245","50292471","KN294713v1","801014","801236","66","49491231"
"chr17","50302613","50302825","KN295610v1","375600","375802","49","49927013"
"chr17","50311906","50312206","KN294452v1","1374937","1375240","58","48936969"
"chr17","50342114","50342413","KN295667v1","1567361","1567664","60","48774753"
"chr17","50431552","50431790","KN295846v1","219637","219884","65","50211915"
"chr17","50453806","50453949","KN296200v1","625211","625364","40","49828595"
"chr17","50478263","50478339","KN296296v1","446996","447068","24","50031267"
"chr17","50497507","50497805","KN297184v1","1114866","1115167","61","49382641"
"chr17","50510229","50510399","KN295371v1","124772","124949","51","50385457"
"chr17","50525479","50525790","KN295633v1","909764","910066","78","49615715"
"chr17","50682924","50683220","KN297227v1","1049335","1049619","69","49633589"
"chr17","50736341","50736496","KN297369v1","1373901","1374064","55","49362440"
"chr17","50812314","50812509","KN296803v1","139111","139313","50","50673203"
"chr17","50814763","50814877","KN294172v1","3568097","3568221","28","47246666"
"chr17","50873090","50873222","KN295755v1","75966","76098","18","50797124"
"chr17","50881623","50881780","KN294407v1","109423","109582","32","50772200"
"chr17","50915840","50916083","KN294235v1","570733","570958","71","50345107"
"chr17","50945296","50945588","KN296322v1","1648835","1649139","59","49296461"
"chr17","50971045","50971309","KN294493v1","1639497","1639778","74","49331548"
"chr17","51159172","51159318","KN295667v1","1580723","1580869","23","49578449"
"chr17","51159622","51159705","KN295236v1","1305949","1306032","15","49853673"
"chr17","51162955","51163244","KN294260v1","822843","823138","62","50340112"
"chr17","51216919","51217052","KN295706v1","131306","131439","17","51085613"
"chr17","51495868","51496161","KN296244v1","296863","297159","69","51199005"
"chr17","51744461","51744634","KN295925v1","435140","435310","42","51309321"
"chr17","52284097","52284400","KN294571v1","184233","184523","81","52099864"
"chr17","53318237","53318377","KN295803v1","255996","256129","45","53062241"
"chr17","53939403","53939692","KN296311v1","2391994","2392268","84","51547409"
"chr17","53945777","53946057","KN297171v1","1715719","1716017","73","52230058"
"chr17","54402181","54402462","KN296948v1","762193","762479","66","53639988"
"chr17","54426908","54427211","KN297180v1","314236","314539","61","54112672"
"chr17","54878358","54878509","KN294346v1","260578","260726","31","54617780"
"chr17","55275853","55276119","KN294552v1","1295874","1296134","65","53979979"
"chr17","55352809","55353060","KN295667v1","673092","673338","77","54679717"
"chr17","55462330","55462631","KN296665v1","224506","224804","64","55237824"
"chr17","55738654","55738801","KN294407v1","109423","109582","37","55629231"
"chr17","55914888","55915051","KN297319v1","373164","373327","37","55541724"
"chr17","55924258","55924541","KN297112v1","2231098","2231393","71","53693160"
"chr17","56169281","56169568","KN295352v1","1382929","1383224","66","54786352"
"chr17","56196452","56196758","KN295633v1","909764","910066","70","55286688"
"chr17","56252493","56252694","KN297026v1","1683472","1683666","52","54569021"
"chr17","56419512","56419836","KN295038v1","1006983","1007289","92","55412529"
"chr17","56599404","56599702","KN296864v1","905127","905426","70","55694277"
"chr17","56860258","56860545","KN294207v1","595798","596096","70","56264460"
"chr17","56899798","56899931","KN295906v1","88165","88296","25","56811633"
"chr17","56900227","56900382","KN294387v1","3870063","3870220","44","53030164"
"chr17","56910984","56911287","KN295406v1","486578","486886","61","56424406"
"chr17","56911624","56911910","KN296783v1","17518","17804","67","56894106"
"chr17","56964331","56964342","KN294526v1","385203","385213","2","56579128"
"chr17","56964698","56964898","KN295803v1","1216071","1216287","70","55748627"
"chr17","57007414","57007681","KN295205v1","848688","848949","71","56158726"
"chr17","57079871","57080029","KN294991v1","973655","973815","33","56106216"
"chr17","57080332","57080480","KN296311v1","2361921","2362066","32","54718411"
"chr17","57216733","57217034","KN294239v1","243029","243336","51","56973704"
"chr17","57316323","57316625","KN296864v1","1939832","1940132","63","55376491"
"chr17","57617662","57617788","KN297023v1","130937","131061","12","57486725"
"chr17","57618421","57618539","KN297023v1","131692","131804","17","57486729"
"chr17","57618841","57618873","KN296290v1","587719","587750","7","57031122"
"chr17","57740817","57741099","KN295983v1","1223920","1224199","58","56516897"
"chr17","57804947","57805245","KN296649v1","28211","28505","72","57776736"
"chr17","57806862","57806989","KN297023v1","329933","330059","9","57476929"
"chr17","57832200","57832491","KN296948v1","762193","762479","58","57070007"
"chr17","57912835","57913045","KN294372v1","2271473","2271671","56","55641362"
"chr17","57913352","57913454","KN294561v1","66580","66689","28","57846772"
"chr17","57926509","57926645","KN296311v1","4815038","4815168","21","53111471"
"chr17","58109084","58109377","KN297023v1","640512","640805","24","57468572"
"chr17","58144415","58144724","KN297023v1","675447","675757","18","57468968"
"chr17","58154124","58154259","KN297023v1","686879","687015","11","57467245"
"chr17","58217527","58217835","KN297023v1","749143","749456","30","57468384"
"chr17","58451971","58452278","KN295893v1","5129577","5129894","68","53322394"
"chr17","58459206","58459365","KN296738v1","39598","39734","37","58419608"
"chr17","58459663","58459786","KN296643v1","191078","191208","28","58268585"
"chr17","58482022","58482131","KN295319v1","661942","662051","20","57820080"
"chr17","58501229","58501498","KN296738v1","81132","81398","52","58420097"
"chr17","58551535","58551835","KN294161v1","491457","491757","63","58060078"
"chr17","58612307","58612452","KN296311v1","2361921","2362066","27","56250386"
"chr17","58612759","58612911","KN296738v1","200423","200579","8","58412336"
"chr17","58686079","58686300","KN297445v1","1222732","1222973","70","57463347"
"chr17","58717125","58717435","KN295984v1","150673","150962","83","58566452"
"chr17","58796053","58796343","KN295346v1","1474921","1475216","80","57321132"
"chr17","58803921","58804227","KN294421v1","9377","9683","66","58794544"
"chr17","58809098","58809388","KN297112v1","2231098","2231393","61","56578000"
"chr17","58892293","58892597","KN297184v1","1114866","1115167","60","57777427"
"chr17","58909275","58909544","KN297105v1","2959195","2959449","65","55950080"
"chr17","58957871","58958133","KN295967v1","1520844","1521111","63","57437027"
"chr17","59036501","59036625","KN295671v1","287812","287940","31","58748689"
"chr17","59044887","59045043","KN297171v1","1235221","1235375","41","57809666"
"chr17","59088518","59088802","KN294407v1","1086188","1086466","67","58002330"
"chr17","59240473","59240770","KN297219v1","1839754","1840062","70","57400719"
"chr17","59261798","59261913","KN296153v1","3603162","3603273","27","55658636"
"chr17","59263168","59263306","KN294172v1","5400991","5401118","36","53862177"
"chr17","59286420","59286543","KN295459v1","128391","128517","26","59158029"
"chr17","59286850","59287028","KN296496v1","472499","472677","52","58814351"
"chr17","59386041","59386354","KN296322v1","1648835","1649139","73","57737206"
"chr17","59476965","59477091","KN295294v1","363845","363973","26","59113120"
"chr17","59510231","59510536","KN295667v1","1567361","1567664","67","57942870"
"chr17","59511511","59511669","KN295967v1","534752","534906","30","58976759"
"chr17","59521088","59521374","KN296948v1","762193","762479","62","58758895"
"chr17","59600566","59600853","KN295633v1","9404","9689","18","59591162"
"chr17","59638207","59638296","KN296682v1","314021","314103","18","59324186"
"chr17","59641855","59641987","KN295633v1","50508","50643","13","59591347"
"chr17","59653570","59653778","KN296119v1","4835249","4835453","59","54818321"
"chr17","59654073","59654162","KN296290v1","2081846","2081943","24","57572227"
"chr17","59673893","59674079","KN296577v1","938048","938235","42","58735845"
"chr17","59734450","59734767","KN295406v1","486578","486886","75","59247872"
"chr17","59742227","59742521","KN295633v1","154647","154947","22","59587580"
"chr17","59752989","59753286","KN294172v1","1404856","1405150","76","58348133"
"chr17","59831190","59831469","KN295633v1","244067","244346","10","59587123"
"chr17","59871796","59871960","KN295633v1","287502","287664","12","59584294"
"chr17","59872252","59872391","KN295633v1","287958","288102","21","59584294"
"chr17","59917441","59917736","KN295633v1","331745","332040","20","59585696"
"chr17","59936568","59936767","KN296505v1","176","370","51","59936392"
"chr17","60132007","60132114","KN295099v1","121818","121917","31","60010189"
"chr17","60221113","60221331","KN295941v1","2267763","2267979","59","57953350"
"chr17","60224504","60224782","KN295633v1","2485666","2485945","22","57738838"
"chr17","60229087","60229337","KN295633v1","2481142","2481356","48","57747945"
"chr17","60363009","60363172","KN294372v1","1088122","1088262","47","59274887"
"chr17","60363473","60363530","KN295596v1","1272023","1272083","19","59091450"
"chr17","60369752","60370038","KN295633v1","2335756","2336047","22","58033996"
"chr17","60397381","60397634","KN295633v1","2306898","2307163","30","58090483"
"chr17","60519325","60519683","KN296505v1","323963","324278","105","60195362"
"chr17","60520934","60521110","KN297229v1","800137","800308","56","59720797"
"chr17","60527874","60528088","KN296701v1","344880","345098","51","60182994"
"chr17","60575698","60575988","KN295346v1","1646114","1646406","55","58929584"
"chr17","60593630","60593715","KN295633v1","2100867","2100948","9","58492763"
"chr17","60619603","60619851","KN295667v1","673092","673338","66","59946511"
"chr17","60666292","60666558","KN294571v1","2055636","2055896","65","58610656"
"chr17","60695607","60695895","KN295633v1","1993894","1994175","27","58701713"
"chr17","60724840","60725112","KN294987v1","459255","459513","70","60265585"
"chr17","60734151","60734427","KN294677v1","45530","45799","68","60688621"
"chr17","60736038","60736202","KN295925v1","435140","435310","30","60300898"
"chr17","60968217","60968534","KN295633v1","1715416","1715675","80","59252801"
"chr17","61015285","61015568","KN295633v1","1670554","1670834","20","59344731"
"chr17","61045226","61045532","KN295633v1","1633983","1634282","29","59411243"
"chr17","61173626","61173891","KN295633v1","1501780","1502052","29","59671846"
"chr17","61276981","61277283","KN295633v1","1399643","1399944","18","59877338"
"chr17","61335610","61335733","KN296000v1","870961","871087","26","60464649"
"chr17","61448413","61448495","KN296806v1","115616","115695","21","61332797"
"chr17","61501212","61501497","KN294396v1","224755","225042","67","61276457"
"chr17","61725621","61725925","KN295633v1","940076","940380","26","60785545"
"chr17","61747745","61748037","KN295633v1","909764","910066","28","60837981"
"chr17","61758703","61759005","KN295633v1","897323","897632","22","60861380"
"chr17","61788674","61788811","KN294848v1","656940","657076","25","61131734"
"chr17","61789111","61789285","KN294991v1","973655","973815","42","60815456"
"chr17","61841724","61841980","KN296311v1","2581889","2582135","67","59259835"
"chr17","61844304","61844610","KN295304v1","187752","188056","67","61656552"
"chr17","61858898","61859074","KN296682v1","2867973","2868160","50","58990925"
"chr17","61892518","61892662","KN295633v1","760154","760302","24","61132364"
"chr17","61892977","61893124","KN296934v1","676326","676460","38","61216651"
"chr17","61902592","61902880","KN295633v1","751096","751380","26","61151496"
"chr17","61939226","61939483","KN295633v1","710070","710329","38","61229156"
"chr17","62022728","62023011","KN295633v1","625547","625830","11","61397181"
"chr17","62028876","62029150","KN294499v1","1906911","1907192","75","60121965"
"chr17","62094986","62095151","KN295633v1","552946","553113","15","61542040"
"chr17","62104131","62104277","KN295828v1","950552","950701","34","61153579"
"chr17","62220426","62220569","KN295633v1","431918","432061","6","61788508"
"chr17","62236573","62236773","KN294571v1","1820361","1820567","53","60416212"
"chr17","62329428","62329572","KN295605v1","687968","688102","33","61641460"
"chr17","62329868","62329983","KN294991v1","702888","702981","42","61626980"
"chr17","62355303","62355523","KN294874v1","119164","119388","51","62236139"
"chr17","62370806","62371114","KN294548v1","1203959","1204261","69","61166847"
"chr17","62396612","62396901","KN294260v1","1091595","1091881","75","61305017"
"chr17","62450280","62450442","KN294711v1","1194000","1194162","38","61256280"
"chr17","62470549","62470833","KN296528v1","1411593","1411869","70","61058956"
"chr17","62513319","62513622","KN296244v1","296863","297159","83","62216456"
"chr17","62521416","62521683","KN297245v1","2096713","2097002","69","60424703"
"chr17","62610864","62611145","KN295099v1","55159","55457","66","62555705"
"chr17","62623841","62624126","KN296948v1","762193","762479","66","61861648"
"chr17","62740647","62740927","KN295893v1","1879651","1879923","59","60860996"
"chr17","62997117","62997293","KN295420v1","396854","397019","46","62600263"
"chr17","63012645","63012954","KN296682v1","3613184","3613491","68","59399461"
"chr17","63017861","63018138","KN296926v1","93854","94122","68","62924007"
"chr17","63160258","63160391","KN294964v1","965459","965591","22","62194799"
"chr17","63277890","63278157","KN297390v1","84191","84473","65","63193699"
"chr17","63558544","63558638","KN296738v1","61831","61924","21","63496713"
"chr17","63586171","63586483","KN295633v1","778185","778486","66","62807986"
"chr17","63616738","63617016","KN294499v1","1906911","1907192","65","61709827"
"chr17","63776913","63777208","KN295352v1","729753","730045","59","63047160"
"chr17","63786413","63786612","KN296682v1","2867973","2868160","56","60918440"
"chr17","63795357","63795629","KN295301v1","870227","870516","78","62925130"
"chr17","63835129","63835358","KN297095v1","2669325","2669548","57","61165804"
"chr17","64197574","64197859","KN295722v1","1369561","1369836","66","62828013"
"chr17","64345015","64345128","KN296153v1","3603162","3603273","21","60741853"
"chr17","64372127","64372254","KN295983v1","1014873","1014997","19","63357254"
"chr17","64382548","64382665","KN294199v1","86678","86798","22","64295870"
"chr17","64456529","64456801","KN297008v1","6549351","6549627","57","57907178"
"chr17","64463666","64463817","KN295236v1","3633881","3634012","47","60829785"
"chr17","64464388","64464540","KN296311v1","2361921","2362066","35","62102467"
"chr17","64523632","64523919","KN295302v1","381457","381740","72","64142175"
"chr17","64561715","64561999","KN296948v1","762193","762479","46","63799522"
"chr17","64571415","64571709","KN295294v1","1101026","1101317","71","63470389"
"chr17","64647779","64648088","KN296119v1","5553757","5554066","75","59094022"
"chr17","64648502","64648780","KN294634v1","387267","387565","76","64261235"
"chr17","64683686","64683983","KN296315v1","1023330","1023621","68","63660356"
"chr17","64856794","64857007","KN296902v1","7273","7481","26","64849521"
"chr17","64874116","64874260","KN294558v1","284993","285139","34","64589123"
"chr17","64932938","64933204","KN297245v1","2387953","2388175","87","62544985"
"chr17","64973770","64973995","KN294874v1","119164","119388","62","64854606"
"chr17","65046289","65046536","KN295814v1","1556767","1557008","58","63489522"
"chr17","65047242","65047395","KN295114v1","20274","20431","31","65026968"
"chr17","65050448","65050755","KN294439v1","130265","130569","70","64920183"
"chr17","65059871","65060029","KN297171v1","1235221","1235375","36","63824650"
"chr17","65081222","65081527","KN295346v1","1646114","1646406","73","63435108"
"chr17","65112479","65112779","KN295068v1","49131","49419","67","65063348"
"chr17","65132706","65132964","KN295244v1","895398","895675","67","64237308"
"chr17","65143444","65143500","KN295366v1","149372","149424","16","64994072"
"chr17","65143814","65143936","KN295977v1","933214","933335","37","64210600"
"chr17","65162110","65162391","KN295090v1","2374852","2375141","59","62787258"
"chr17","65580723","65580902","KN294991v1","973655","973815","48","64607068"
"chr17","65581210","65581362","KN294172v1","3210658","3210802","33","62370552"
"chr17","65771733","65772032","KN296303v1","805215","805501","63","64966518"
"chr17","66008364","66008643","KN297462v1","564741","565026","70","65443623"
"chr17","66095792","66096086","KN294758v1","1780351","1780635","79","64315441"
"chr17","66222105","66222394","KN295117v1","112788","113084","68","66109317"
"chr17","66273622","66273925","KN295607v1","3877142","3877440","68","62396480"
"chr17","66520427","66520551","KN295102v1","105981","106109","22","66414446"
"chr17","66857058","66857345","KN294421v1","9377","9683","78","66847681"
"chr17","67130890","67131187","KN296864v1","1939832","1940132","67","65191058"
"chr17","67342658","67342956","KN295667v1","1567361","1567664","70","65775297"
"chr17","67363157","67363412","KN296731v1","1090257","1090517","63","66272900"
"chr17","67395164","67395448","KN295637v1","799799","800078","79","66595365"
"chr17","67417140","67417429","KN296495v1","1076274","1076557","55","66340866"
"chr17","67545030","67545316","KN294199v1","1022551","1022840","58","66522479"
"chr17","67577002","67577310","KN295933v1","40027","40319","72","67536975"
"chr17","67666171","67666295","KN296322v1","997745","997870","22","66668426"
"chr17","67708867","67709158","KN294260v1","1359230","1359515","69","66349637"
"chr17","67761429","67761553","KN295906v1","88165","88296","28","67673264"
"chr17","67762397","67762671","KN295428v1","224334","224605","69","67538063"
"chr17","67776857","67777166","KN295667v1","1567361","1567664","66","66209496"
"chr17","67872818","67873099","KN297046v1","1875391","1875685","75","65997427"
"chr17","67898476","67898609","KN294850v1","22304","22436","23","67876172"
"chr17","67919254","67919548","KN296495v1","1076274","1076557","74","66842980"
"chr17","67931323","67931473","KN296247v1","959095","959240","38","66972228"
"chr17","68113250","68113554","KN297066v1","48943","49249","72","68064307"
"chr17","68114024","68114310","KN297180v1","1431363","1431654","74","66682661"
"chr17","68123813","68124027","KN296902v1","7273","7481","27","68116540"
"chr17","68157686","68157983","KN295368v1","1939103","1939400","65","66218583"
"chr17","68249661","68249938","KN296864v1","3138537","3138822","64","65111124"
"chr17","68610175","68610469","KN295705v1","208961","209260","66","68401214"
"chr17","68680227","68680518","KN295814v1","1099950","1100250","71","67580277"
"chr17","68761504","68761675","KN294856v1","256027","256175","48","68505477"
"chr17","69154421","69154716","KN297184v1","1114866","1115167","63","68039555"
"chr17","69288587","69288712","KN297154v1","1282191","1282319","20","68006396"
"chr17","69648348","69648657","KN295406v1","486578","486886","61","69161770"
"chr17","69937262","69937490","KN294879v1","1183051","1183277","57","68754211"
"chr17","70249302","70249612","KN295633v1","909764","910066","70","69339538"
"chr17","70965190","70965475","KN296495v1","1076274","1076557","69","69888916"
"chr17","71145089","71145371","KN297462v1","564741","565026","66","70580348"
"chr17","71903452","71903708","KN296926v1","93854","94122","68","71809598"
"chr17","72236361","72236521","KN294172v1","6435271","6435419","41","65801090"
"chr17","72600445","72600777","KN294954v1","70243","70554","75","72530202"
"chr17","72687011","72687257","KN294879v1","1183051","1183277","69","71503960"
"chr17","72793589","72793729","KN294199v1","281436","281574","26","72512153"
"chr17","73304265","73304426","KN296187v1","1018477","1018630","39","72285788"
"chr17","73339526","73339845","KN294175v1","174441","174747","95","73165085"
"chr17","73362407","73362690","KN297184v1","1656993","1657277","65","71705414"
"chr17","73459704","73459827","KN295706v1","131306","131439","23","73328398"
"chr17","73476609","73476757","KN294193v1","877240","877391","13","72599369"
"chr17","74022250","74022566","KN295893v1","5129577","5129894","68","68892673"
"chr17","74206186","74206420","KN297105v1","2959195","2959449","72","71246991"
"chr17","74983708","74983859","KN295005v1","263752","263899","41","74719956"
"chr17","75069601","75069729","KN296311v1","4815038","4815168","19","70254563"
"chr17","75112568","75112820","KN294613v1","331392","331636","55","74781176"
"chr17","75294010","75294197","KN296178v1","160267","160437","61","75133743"
"chr17","75359235","75359507","KN295315v1","1882123","1882391","65","73477112"
"chr17","75462560","75462695","KN294790v1","3690102","3690234","17","71772458"
"chr17","75465908","75466103","KN294172v1","3939851","3940042","50","71526057"
"chr17","75470181","75470322","KN294964v1","965459","965591","30","74504722"
"chr17","75609208","75609469","KN296551v1","153489","153750","62","75455719"
"chr17","75698911","75699166","KN294536v1","1638405","1638659","62","74060506"
"chr17","75810574","75810668","KN296454v1","256011","256110","27","75554563"
"chr17","75811253","75811402","KN296732v1","3300396","3300533","37","72510857"
"chr17","75852137","75852274","KN295605v1","687968","688102","21","75164169"
"chr17","75916797","75916848","KN295832v1","1133517","1133570","22","74783280"
"chr17","75917146","75917262","KN296732v1","3486949","3487060","34","72430197"
"chr17","76057982","76058156","KN296495v1","2297861","2298026","43","73760121"
"chr17","76058421","76058548","KN296153v1","3326164","3326290","31","72732257"
"chr17","76110826","76111083","KN295573v1","1632319","1632571","84","74478507"
"chr17","76197383","76197514","KN294193v1","128685","128814","25","76068698"
"chr17","76215162","76215502","KN295974v1","1415452","1415775","91","74799710"
"chr17","76235727","76236018","KN296538v1","333498","333794","57","75902229"
"chr17","76237710","76237800","KN295406v1","576347","576444","20","75661363"
"chr17","76238104","76238127","KN295236v1","2973161","2973176","9","73264943"
"chr17","76245598","76245744","KN296732v1","3303486","3303632","25","72942112"
"chr17","76297733","76297870","KN296145v1","649092","649233","33","75648641"
"chr17","76298171","76298181","KN294172v1","6434946","6434956","4","69863225"
"chr17","76298479","76298617","KN294210v1","836667","836810","34","75461812"
"chr17","76322602","76322704","KN296955v1","342499","342601","23","75980103"
"chr17","76335705","76336012","KN295893v1","5129577","5129894","72","71206128"
"chr17","76369527","76369677","KN297327v1","920937","921085","38","75448590"
"chr17","76431661","76431783","KN294713v1","33096","33225","30","76398565"
"chr17","76647088","76647371","KN297327v1","807993","808286","71","75839095"
"chr17","76823193","76823411","KN295941v1","2267763","2267979","58","74555430"
"chr17","76984869","76985180","KN297058v1","194613","194917","59","76790256"
"chr17","77059862","77060150","KN296515v1","108704","108986","68","76951158"
"chr17","77106112","77106246","KN294470v1","2235421","2235555","25","74870691"
"chr17","77299423","77299578","KN294569v1","180105","180259","37","77119318"
"chr17","77970811","77971029","KN294235v1","570733","570958","55","77400078"
"chr17","78110165","78110229","KN295596v1","1272023","1272083","24","76838142"
"chr17","78110468","78110562","KN296290v1","2081846","2081943","30","76028622"
"chr17","78197842","78197984","KN296921v1","435698","435849","31","77762144"
"chr17","78221255","78221572","KN294539v1","1096217","1096495","92","77125038"
"chr17","78704515","78704819","KN296322v1","1648835","1649139","61","77055680"
"chr17","78816159","78816343","KN296119v1","5280949","5281131","41","73535210"
"chr17","78816651","78816776","KN295706v1","131306","131439","22","78685345"
"chr17","78828728","78828856","KN296200v1","299464","299591","26","78529264"
"chr17","79357973","79358244","KN295667v1","935881","936160","62","78422092"
"chr17","79766428","79766621","KN296394v1","294180","294349","53","79472248"
"chr17","79766920","79767006","KN294199v1","600558","600649","36","79166362"
"chr17","80018611","80018900","KN295294v1","1101026","1101317","62","78917585"
"chr17","80157029","80157327","KN297046v1","1875391","1875685","73","78281638"
"chr17","80233218","80233428","KN295714v1","24603","24811","58","80208615"
"chr17","80297812","80297963","KN294470v1","78054","78217","40","80219758"
"chr17","80327216","80327498","KN297023v1","152219","152509","64","80174997"
"chr17","80612157","80612421","KN295962v1","1201053","1201326","68","79411104"
"chr17","81293476","81293687","KN295572v1","371863","372076","44","80921613"
"chr17","81362846","81363008","KN294911v1","4985405","4985572","34","76377441"
"chr17","81563634","81563768","KN294741v1","800030","800163","28","80763604"
"chr17","81954593","81954916","KN297327v1","807993","808286","91","81146600"
"chr17","82129782","82129911","KN294410v1","486228","486353","28","81643554"
"chr17","82163894","82164059","KN297319v1","373164","373327","39","81790730"
"chr17","82185947","82186115","KN294372v1","59449","59630","53","82126498"
"chr17","82398699","82398871","KN297171v1","1235221","1235375","55","81163478"
"chr17","82487677","82487889","KN295533v1","2434686","2434882","71","80052991"
"chr17","82688170","82688304","KN296921v1","435698","435849","34","82252472"
"chr17","82856324","82856454","KN296643v1","191078","191208","26","82665246"
"chr17","82966077","82966353","KN295236v1","3439491","3439763","67","79526586"
"chr17","83117197","83117300","KN297143v1","117310","117417","12","82999887"
"chr18","69074679","69074970","KN297016v1","101503","101788","73","68973176"
"chr18","171959","172262","KN296322v1","1648835","1649139","58","1476876"
"chr18","179574","179900","KN296378v1","480415","480726","76","300841"
"chr18","302006","302139","KN297259v1","755295","755425","29","453289"
"chr18","413550","413674","KN295090v1","610678","610810","24","197128"
"chr18","478335","478644","KN296322v1","1648835","1649139","65","1170500"
"chr18","698923","699155","KN294705v1","1959840","1960043","72","1260917"
"chr18","710515","710670","KN296000v1","901795","901947","42","191280"
"chr18","792680","792817","KN295526v1","145592","145725","24","647088"
"chr18","934006","934166","KN295326v1","444837","444999","41","489169"
"chr18","934196","934314","KN294499v1","518311","518429","19","415885"
"chr18","1894529","1894661","KN297279v1","1209908","1210040","23","684621"
"chr18","1956566","1956734","KN297319v1","373164","373327","46","1583402"
"chr18","1985812","1985973","KN297245v1","2459373","2459526","41","473561"
"chr18","2146474","2146784","KN296588v1","282556","282869","68","1863918"
"chr18","2575484","2575642","KN296311v1","2361921","2362066","34","213563"
"chr18","2575932","2576109","KN296311v1","832870","833045","47","1743062"
"chr18","2668927","2669064","KN294526v1","564768","564889","50","2104159"
"chr18","2669372","2669478","KN295667v1","818216","818320","28","1851156"
"chr18","2742684","2742973","KN295984v1","150673","150962","65","2592011"
"chr18","2843977","2844218","KN297190v1","5951555","5951790","57","3107578"
"chr18","2900197","2900486","KN294207v1","595798","596096","64","2304399"
"chr18","2925724","2925981","KN295171v1","473979","474239","68","2451745"
"chr18","2949818","2950124","KN296759v1","210528","210836","61","2739290"
"chr18","3138999","3139145","KN296210v1","326465","326608","30","2812534"
"chr18","3264422","3264670","KN295814v1","1510713","1510950","70","1753709"
"chr18","3318691","3318992","KN295284v1","51299","51592","68","3267392"
"chr18","3357432","3357628","KN296759v1","97260","97448","52","3260172"
"chr18","3364834","3365123","KN295637v1","799799","800078","74","2565035"
"chr18","3409134","3409287","KN296263v1","536654","536807","48","2872480"
"chr18","3433678","3433759","KN294591v1","157234","157317","20","3276444"
"chr18","3638248","3638538","KN295705v1","823070","823354","63","2815178"
"chr18","3650384","3650466","KN296955v1","735728","735803","23","2914656"
"chr18","3666743","3667066","KN295666v1","767425","767733","86","2899318"
"chr18","3700911","3701179","KN297028v1","97110","97396","69","3603801"
"chr18","3716847","3716978","KN295706v1","131306","131439","19","3585541"
"chr18","3780812","3781127","KN294199v1","1022551","1022840","79","2758261"
"chr18","3891778","3892042","KN294231v1","3355","3631","73","3888423"
"chr18","3999807","4000000","KN294372v1","2271473","2271671","48","1728334"
"chr18","4045788","4045939","KN294790v1","2275744","2275904","44","1770044"
"chr18","4100017","4100070","KN295038v1","905631","905683","13","3194386"
"chr18","4165876","4166175","KN294444v1","233466","233771","67","3932410"
"chr18","4205491","4205656","KN295721v1","382777","382938","40","3822714"
"chr18","4258091","4258343","KN296770v1","171267","171516","72","4086824"
"chr18","4273477","4273730","KN296731v1","1403282","1403549","68","2870195"
"chr18","4439525","4439835","KN295375v1","86398","86715","73","4353127"
"chr18","4757275","4757565","KN297112v1","162517","162815","33","4594758"
"chr18","4855214","4855390","KN295925v1","435140","435310","43","4420074"
"chr18","5112451","5112756","KN296759v1","210528","210836","66","4901923"
"chr18","5377923","5378130","KN297112v1","741053","741264","25","4636870"
"chr18","5943104","5943235","KN294964v1","965459","965591","21","4977645"
"chr18","6287849","6288060","KN296508v1","1675720","1675934","52","4612129"
"chr18","6434147","6434398","KN296925v1","62162","62418","73","6371985"
"chr18","6516236","6516522","KN297112v1","1838795","1839084","17","4677441"
"chr18","6530580","6530884","KN297112v1","1848867","1849178","24","4681713"
"chr18","6538689","6538843","KN296738v1","200423","200579","33","6338266"
"chr18","6845084","6845359","KN297197v1","1048614","1048879","71","5796470"
"chr18","6891594","6891890","KN297112v1","2231098","2231393","17","4660496"
"chr18","7002874","7003172","KN296507v1","738522","738814","69","6264352"
"chr18","7035428","7035715","KN297112v1","2364143","2364436","24","4671285"
"chr18","7210687","7210784","KN295705v1","1791772","1791867","25","5418915"
"chr18","7211414","7211610","KN294777v1","706958","707163","50","6504456"
"chr18","7262363","7262675","KN297112v1","2575031","2575341","27","4687332"
"chr18","7354193","7354472","KN297112v1","2652965","2653268","47","4701228"
"chr18","7684154","7684340","KN295225v1","1530403","1530580","51","6153751"
"chr18","7795800","7796081","KN297112v1","3089931","3090248","53","4705869"
"chr18","7858275","7858571","KN297112v1","3159143","3159443","31","4699132"
"chr18","8298834","8299024","KN296505v1","176","370","42","8298658"
"chr18","8329807","8330102","KN297327v1","807993","808286","54","7521814"
"chr18","8369674","8369976","KN297112v1","3668329","3668632","30","4701345"
"chr18","8518244","8518404","KN295633v1","2073957","2074120","31","6444287"
"chr18","8518430","8518542","KN294499v1","518311","518429","22","8000119"
"chr18","8636982","8637294","KN297112v1","3914809","3915110","35","4722173"
"chr18","8681650","8681934","KN295352v1","1382929","1383224","69","7298721"
"chr18","8709182","8709488","KN297112v1","3978660","3978969","32","4730522"
"chr18","8729414","8729665","KN297112v1","3997049","3997334","51","4732365"
"chr18","8837814","8838071","KN297112v1","4116481","4116742","20","4721333"
"chr18","8890563","8890793","KN296376v1","121496","121731","57","8769067"
"chr18","8896935","8897238","KN296109v1","1132718","1133008","75","7764217"
"chr18","9002430","9002649","KN297386v1","2476195","2476402","64","6526235"
"chr18","9124187","9124422","KN297180v1","531711","531948","61","8592476"
"chr18","9187145","9187398","KN294257v1","429622","429893","71","8757523"
"chr18","9247210","9247486","KN297112v1","4496591","4496866","18","4750619"
"chr18","9274902","9275179","KN297112v1","4518812","4519088","20","4756090"
"chr18","9301592","9301884","KN295068v1","49131","49419","63","9252461"
"chr18","9343954","9344191","KN297112v1","4564144","4564382","22","4779810"
"chr18","9344758","9345058","KN295090v1","2374852","2375141","63","6969906"
"chr18","9346496","9346769","KN294199v1","1022551","1022840","78","8323945"
"chr18","9432104","9432414","KN296322v1","426249","426560","62","9005855"
"chr18","9437602","9437908","KN296588v1","282556","282869","61","9155046"
"chr18","9449706","9449833","KN297112v1","4670153","4670283","14","4779553"
"chr18","9463563","9463792","KN296847v1","410946","411169","56","9052617"
"chr18","9463796","9463898","KN295605v1","83359","83454","26","9380437"
"chr18","9467585","9467854","KN297112v1","4676990","4677260","13","4790595"
"chr18","9498525","9498649","KN295601v1","2497325","2497445","35","7001200"
"chr18","9523273","9523545","KN294806v1","160884","161165","70","9362389"
"chr18","9616253","9616573","KN297112v1","4822646","4822944","52","4793607"
"chr18","9669589","9669866","KN297112v1","4879822","4880096","18","4789767"
"chr18","9798608","9798807","KN295459v1","675303","675499","54","9123305"
"chr18","9799094","9799216","KN294499v1","518311","518429","24","9280783"
"chr18","9830027","9830310","KN297112v1","5041075","5041357","20","4788952"
"chr18","9894929","9895171","KN295586v1","5292029","5292252","73","4602900"
"chr18","10409351","10409488","KN297112v1","5609704","5609841","11","4799647"
"chr18","10749178","10749462","KN294996v1","624568","624842","75","10124610"
"chr18","10788576","10788884","KN296505v1","323963","324278","68","10464613"
"chr18","11681730","11682040","KN295346v1","1646114","1646406","73","10035616"
"chr18","11727950","11728213","KN294581v1","525490","525766","69","11202460"
"chr18","11895163","11895407","KN297112v1","5884809","5885054","13","6010354"
"chr18","11997887","11998163","KN297112v1","4879822","4880096","65","7118065"
"chr18","12021110","12021396","KN296883v1","2609802","2610089","60","9411308"
"chr18","12266013","12266253","KN294387v1","1989282","1989515","65","10276731"
"chr18","12297423","12297716","KN296964v1","1814390","1814681","62","10483033"
"chr18","12350665","12350960","KN295077v1","740031","740327","62","11610634"
"chr18","12381388","12381677","KN294210v1","473112","473404","61","11908276"
"chr18","12389027","12389160","KN294520v1","108989","109124","26","12280038"
"chr18","12392912","12393100","KN296732v1","3522095","3522260","51","8870817"
"chr18","12393398","12393529","KN294980v1","858835","858967","26","11534563"
"chr18","12524692","12524992","KN294264v1","432867","433151","72","12091825"
"chr18","12585965","12586253","KN294451v1","1225241","1225529","19","11360724"
"chr18","12599260","12599559","KN294451v1","1211603","1211891","27","11387657"
"chr18","12666035","12666340","KN294451v1","1149434","1149741","22","11516601"
"chr18","12693851","12694105","KN294451v1","1122631","1122882","20","11571220"
"chr18","12743667","12743898","KN294451v1","1065286","1065519","22","11678381"
"chr18","12753737","12753901","KN296934v1","868664","868830","36","11885073"
"chr18","13204777","13204976","KN294451v1","623818","624015","17","12580959"
"chr18","13459032","13459362","KN295974v1","1415452","1415775","77","12043580"
"chr18","13557013","13557317","KN294451v1","274979","275268","43","13282034"
"chr18","13582704","13583010","KN297112v1","4975307","4975614","68","8607397"
"chr18","13713755","13713871","KN297416v1","162444","162561","29","13551311"
"chr18","13742061","13742353","KN294831v1","228505","228793","59","13513556"
"chr18","13777018","13777317","KN294806v1","594997","595290","73","13182021"
"chr18","13878507","13878804","KN294234v1","2766447","2766749","70","11112060"
"chr18","14241392","14241685","KN297023v1","640512","640805","74","13600880"
"chr18","14669392","14669569","KN296646v1","637289","637457","43","14032103"
"chr18","14678856","14679016","KN294662v1","211735","211913","59","14467121"
"chr18","14697086","14697224","KN296538v1","514898","515032","26","14182188"
"chr18","14725050","14725189","KN296485v1","157888","158017","42","14567162"
"chr18","21032926","21033230","KN296119v1","4141131","4141431","70","16891795"
"chr18","21504253","21504552","KN297184v1","1114866","1115167","65","20389387"
"chr18","21511654","21511944","KN296883v1","2609802","2610089","57","18901852"
"chr18","21537280","21537562","KN295820v1","884516","884794","71","20652764"
"chr18","21555822","21555970","KN296528v1","1183043","1183202","36","20372779"
"chr18","21565656","21565960","KN297159v1","1311633","1311940","71","20254023"
"chr18","21576230","21576526","KN294452v1","1374937","1375240","78","20201293"
"chr18","21618142","21618302","KN294172v1","6435271","6435419","40","15182871"
"chr18","21727461","21727763","KN296484v1","1085847","1086142","78","20641614"
"chr18","21748731","21749040","KN294399v1","171378","171682","70","21577353"
"chr18","21815177","21815482","KN296964v1","1814390","1814681","80","20000787"
"chr18","21819035","21819338","KN294452v1","1374937","1375240","61","20444098"
"chr18","21839906","21840051","KN296573v1","15418","15557","29","21824488"
"chr18","21889772","21890062","KN294420v1","816046","816329","71","21073726"
"chr18","21894725","21895034","KN294239v1","243029","243336","76","21651696"
"chr18","21921251","21921560","KN297165v1","2596688","2597002","67","19324563"
"chr18","21964493","21964768","KN295490v1","404113","404381","66","21560380"
"chr18","22010269","22010442","KN295241v1","97934","98104","37","21912335"
"chr18","22010858","22010902","KN295854v1","1484570","1484606","22","20526288"
"chr18","22011199","22011318","KN295692v1","3837672","3837789","23","18173527"
"chr18","22013027","22013319","KN295068v1","49131","49419","69","21963896"
"chr18","22141938","22142102","KN294911v1","4985405","4985572","37","17156533"
"chr18","22225841","22225997","KN294911v1","4985405","4985572","32","17240436"
"chr18","22487561","22487895","KN294954v1","70243","70554","90","22417318"
"chr18","22746950","22747244","KN294345v1","1713106","1713396","70","21033844"
"chr18","22801658","22801950","KN294806v1","594997","595290","58","22206661"
"chr18","22881567","22881830","KN297046v1","2130311","2130564","60","20751256"
"chr18","22893280","22893563","KN294260v1","1091595","1091881","68","21801685"
"chr18","23022909","23023197","KN294257v1","429622","429893","75","22593287"
"chr18","23087789","23088076","KN294869v1","133067","133350","75","22954722"
"chr18","23367762","23367883","KN297074v1","45325","45453","30","23322437"
"chr18","23414833","23415119","KN294210v1","473112","473404","55","22941721"
"chr18","23478287","23478605","KN294378v1","1260674","1260978","76","22217613"
"chr18","23509381","23509536","KN294470v1","2691196","2691354","29","20818185"
"chr18","23509859","23509955","KN295722v1","2644458","2644543","26","20865401"
"chr18","23518208","23518513","KN297180v1","314236","314539","61","23203972"
"chr18","23523429","23523734","KN297242v1","2049340","2049645","76","21474089"
"chr18","23569336","23569607","KN295633v1","2306898","2307163","52","21262438"
"chr18","23606719","23606872","KN294407v1","109423","109582","35","23497296"
"chr18","23615032","23615305","KN297242v1","1632347","1632635","73","21982685"
"chr18","23616291","23616524","KN295894v1","1984544","1984792","66","21631747"
"chr18","23796708","23796838","KN295441v1","789788","789916","22","23006920"
"chr18","23817483","23817731","KN294873v1","82870","83122","54","23734613"
"chr18","23954121","23954423","KN295346v1","1646114","1646406","62","22308007"
"chr18","24003752","24004045","KN297046v1","1875391","1875685","70","22128361"
"chr18","24035030","24035337","KN295480v1","1274084","1274387","75","22760946"
"chr18","24039507","24039630","KN297038v1","483023","483145","23","23556484"
"chr18","24118655","24118952","KN297259v1","1570980","1571280","66","22547675"
"chr18","24147014","24147272","KN296577v1","458643","458904","68","23688371"
"chr18","24168114","24168227","KN297416v1","162444","162561","21","24005670"
"chr18","24282827","24282962","KN295294v1","3806061","3806194","24","20476766"
"chr18","24358739","24358934","KN296247v1","751980","752150","51","23606759"
"chr18","24359217","24359386","KN296825v1","1336825","1336989","58","23022392"
"chr18","24424980","24425190","KN296643v1","482284","482494","46","23942696"
"chr18","24478403","24478414","KN294526v1","385203","385213","2","24093200"
"chr18","24478680","24478890","KN295994v1","491289","491494","51","23987391"
"chr18","24567708","24567984","KN296864v1","2452974","2453250","67","22114734"
"chr18","24863222","24863518","KN294271v1","1074955","1075251","16","23788267"
"chr18","25245732","25246019","KN294271v1","681887","682185","32","24563845"
"chr18","25442355","25442692","KN294271v1","482422","482758","33","24959933"
"chr18","25687482","25687771","KN295075v1","476875","477161","67","25210607"
"chr18","25837690","25837978","KN294378v1","1350669","1350966","64","24487021"
"chr18","25881802","25882096","KN297180v1","314236","314539","67","25567566"
"chr18","25910707","25910867","KN294271v1","8882","9045","11","25901825"
"chr18","26001902","26002189","KN297023v1","640512","640805","69","25361390"
"chr18","26158827","26158977","KN295721v1","429780","429935","40","25729047"
"chr18","26302372","26302662","KN294260v1","1091595","1091881","74","25210777"
"chr18","26350391","26350703","KN295102v1","38793","39103","82","26311598"
"chr18","26525726","26525885","KN295721v1","382777","382938","36","26142949"
"chr18","26577544","26577861","KN295974v1","1415452","1415775","89","25162092"
"chr18","26588146","26588289","KN297279v1","1209908","1210040","45","25378238"
"chr18","26607029","26607328","KN294452v1","1374937","1375240","64","25232092"
"chr18","26610291","26610561","KN296864v1","2452974","2453250","59","24157317"
"chr18","26616538","26616817","KN294451v1","274979","275268","67","26341559"
"chr18","26843051","26843343","KN297386v1","254754","255042","69","26588297"
"chr18","27051135","27051437","KN294452v1","1374937","1375240","73","25676198"
"chr18","27066457","27066596","KN296588v1","231105","231237","30","26835352"
"chr18","27197159","27197426","KN294552v1","1295874","1296134","63","25901285"
"chr18","27467448","27467706","KN295933v1","79820","80084","73","27387628"
"chr18","27882527","27882810","KN294501v1","4268673","4268966","27","23613854"
"chr18","28064280","28064429","KN296596v1","21794","21951","37","28042486"
"chr18","28201812","28201942","KN294501v1","3946272","3946402","4","24255540"
"chr18","28248338","28248626","KN295983v1","1223920","1224199","66","27024418"
"chr18","29225425","29225653","KN296991v1","1155715","1155935","58","28069710"
"chr18","29427577","29427878","KN294501v1","2722347","2722639","26","26705230"
"chr18","29490392","29490698","KN296964v1","1814390","1814681","77","27676002"
"chr18","29594469","29594774","KN297184v1","1114866","1115167","80","28479603"
"chr18","29638361","29638443","KN294501v1","2520808","2520892","9","27117553"
"chr18","30115507","30115783","KN295450v1","245318","245602","79","29870189"
"chr18","30530100","30530391","KN295441v1","1152393","1152680","72","29377707"
"chr18","31125006","31125277","KN294501v1","1033240","1033520","21","30091766"
"chr18","31533187","31533451","KN294433v1","569978","570242","72","30963209"
"chr18","31928217","31928336","KN295708v1","2743593","2743707","26","29184624"
"chr18","31928368","31928552","KN294739v1","985939","986117","44","30942429"
"chr18","31935632","31935736","KN296036v1","739589","739697","30","31196043"
"chr18","31936036","31936129","KN294790v1","6724105","6724182","36","25211931"
"chr18","31950748","31950919","KN294501v1","196895","197065","14","31753853"
"chr18","31997244","31997490","KN297180v1","531711","531948","65","31465533"
"chr18","32050334","32050636","KN295394v1","896534","896828","74","31153800"
"chr18","32116543","32116884","KN294501v1","26938","27273","35","32089605"
"chr18","32303636","32303929","KN295346v1","1646114","1646406","65","30657522"
"chr18","32563350","32563637","KN295994v1","430221","430504","40","32133129"
"chr18","32614163","32614368","KN295994v1","491289","491494","10","32122874"
"chr18","33892149","33892471","KN294954v1","70243","70554","73","33821906"
"chr18","34113000","34113278","KN296948v1","762193","762479","77","33350807"
"chr18","34113364","34113650","KN294523v1","15844","16136","73","34097520"
"chr18","34115335","34115478","KN294741v1","1083451","1083583","48","33031884"
"chr18","34377650","34377953","KN297184v1","1114866","1115167","64","33262784"
"chr18","34487421","34487564","KN295375v1","1777845","1777986","20","32709576"
"chr18","34602601","34602729","KN296682v1","4721196","4721309","40","29881405"
"chr18","34603031","34603240","KN296852v1","169257","169462","71","34433774"
"chr18","34877960","34878264","KN294407v1","715854","716149","74","34162106"
"chr18","35162754","35162899","KN296247v1","959095","959240","30","34203659"
"chr18","35428179","35428463","KN297008v1","6549351","6549627","64","28878828"
"chr18","35460315","35460643","KN295933v1","40027","40319","99","35420288"
"chr18","35474406","35474698","KN296435v1","2611722","2612009","64","32862684"
"chr18","35485843","35486143","KN295375v1","783110","783404","20","34702733"
"chr18","35496556","35496812","KN295375v1","772392","772644","24","34724164"
"chr18","35511135","35511233","KN295585v1","126165","126261","21","35384970"
"chr18","35893735","35894013","KN295375v1","377349","377631","23","35516386"
"chr18","35945001","35945164","KN295967v1","534752","534906","45","35410249"
"chr18","36020634","36020828","KN295375v1","254607","254802","18","35766027"
"chr18","36022681","36022980","KN295375v1","252515","252798","33","35770166"
"chr18","36047020","36047207","KN295375v1","227706","227910","36","35819314"
"chr18","36072215","36072387","KN295375v1","204926","205097","20","35867289"
"chr18","36141693","36141985","KN295375v1","138569","138867","21","36003124"
"chr18","36143422","36143696","KN295667v1","1567361","1567664","74","34576061"
"chr18","36155567","36155749","KN295375v1","129529","129712","7","36026038"
"chr18","36197484","36197783","KN295375v1","86398","86715","34","36111086"
"chr18","36291981","36292093","KN295375v1","13871","13988","11","36278110"
"chr18","36345434","36345634","KN294588v1","39078","39248","42","36306356"
"chr18","36462612","36462910","KN296864v1","3096229","3096519","88","33366383"
"chr18","36826034","36826319","KN294588v1","535062","535349","20","36290972"
"chr18","36908345","36908639","KN294588v1","620804","621076","58","36287541"
"chr18","36985019","36985309","KN294588v1","700014","700302","31","36285005"
"chr18","37105221","37105521","KN294588v1","821869","822175","29","36283352"
"chr18","37158023","37158277","KN294493v1","181888","182131","63","36976135"
"chr18","37701552","37701707","KN294856v1","256027","256175","40","37445525"
"chr18","37740849","37741137","KN294588v1","1455871","1456162","23","36284978"
"chr18","38530299","38530585","KN294588v1","2264994","2265279","21","36265305"
"chr18","38757870","38758132","KN294588v1","2498533","2498800","37","36259337"
"chr18","38780950","38781049","KN294588v1","2522131","2522230","9","36258819"
"chr18","38817691","38817964","KN296921v1","785494","785770","65","38032197"
"chr18","39135605","39135685","KN294407v1","169358","169428","27","38966247"
"chr18","39136300","39136543","KN295893v1","5531546","5531784","73","33604754"
"chr18","39160429","39160582","KN296541v1","3670957","3671088","43","35489472"
"chr18","39461553","39461878","KN295601v1","852180","852488","88","38609373"
"chr18","40146659","40146940","KN296192v1","79154","79436","68","40067505"
"chr18","40235690","40235963","KN295256v1","76372","76644","79","40159318"
"chr18","40538117","40538382","KN294147v1","2133356","2133601","78","38404761"
"chr18","41040511","41040774","KN295585v1","102609","102863","71","40937902"
"chr18","41272597","41272909","KN294419v1","64733","65033","70","41207864"
"chr18","41286553","41286862","KN294630v1","61228","61540","77","41225325"
"chr18","41375486","41375741","KN294571v1","2055636","2055896","65","39319850"
"chr18","41436336","41436644","KN294604v1","27646","27963","75","41408690"
"chr18","41845720","41845855","KN296495v1","1296063","1296199","31","40549657"
"chr18","41879963","41880286","KN297398v1","103760","104057","86","41776203"
"chr18","41989086","41989362","KN297046v1","1803110","1803388","80","40185976"
"chr18","42321719","42322014","KN294161v1","491457","491757","75","41830262"
"chr18","42322018","42322175","KN296311v1","2361464","2361632","44","39960554"
"chr18","42907700","42907969","KN294677v1","45530","45799","63","42862170"
"chr18","43634061","43634333","KN295428v1","224334","224605","66","43409727"
"chr18","43867650","43867934","KN295586v1","185554","185803","80","43682096"
"chr18","44387912","44388040","KN296643v1","191078","191208","26","44196834"
"chr18","44777034","44777245","KN295923v1","1986700","1986911","48","42790334"
"chr18","45439002","45439288","KN295661v1","33689","33980","22","45405313"
"chr18","46070508","46070816","KN296322v1","1648835","1649139","64","44421673"
"chr18","46116731","46116982","KN296588v1","1946271","1946543","70","44170460"
"chr18","46194004","46194251","KN297310v1","95064","95326","71","46098940"
"chr18","46282695","46282783","KN297442v1","15487","15576","23","46267208"
"chr18","46290250","46290544","KN295814v1","1099950","1100250","70","45190300"
"chr18","46451513","46451821","KN295633v1","909764","910066","72","45541749"
"chr18","46466925","46467215","KN295923v1","712217","712514","67","45754708"
"chr18","46478679","46478996","KN295102v1","387826","388136","73","46090853"
"chr18","46913818","46913960","KN294863v1","649607","649748","43","46264211"
"chr18","47124883","47125186","KN294703v1","97628","97936","22","47027255"
"chr18","47328852","47329017","KN294703v1","325831","325997","9","47003021"
"chr18","48102282","48102586","KN296322v1","1648835","1649139","67","46453447"
"chr18","48537416","48537537","KN295667v1","2094667","2094776","39","46442749"
"chr18","48614891","48615194","KN294954v1","70243","70554","66","48544648"
"chr18","48912214","48912498","KN297190v1","4113908","4114190","78","44798306"
"chr18","49255274","49255393","KN296885v1","2707478","2707589","29","46547796"
"chr18","49257554","49257871","KN295352v1","1382929","1383224","82","47874625"
"chr18","49434684","49434836","KN294571v1","417305","417453","34","49017379"
"chr18","49439722","49440007","KN297197v1","2554894","2555174","70","46884828"
"chr18","49525176","49525378","KN296263v1","1127409","1127608","53","48397767"
"chr18","49545836","49546096","KN295205v1","848688","848949","77","48697148"
"chr18","49689001","49689268","KN295490v1","34980","35237","69","49654021"
"chr18","49750777","49751072","KN297112v1","2231098","2231393","61","47519679"
"chr18","50058185","50058481","KN296526v1","283231","283529","65","49774954"
"chr18","50103972","50104186","KN296508v1","358799","359013","55","49745173"
"chr18","50208170","50208469","KN296726v1","392031","392328","69","49816139"
"chr18","50252740","50253014","KN294421v1","46297","46577","76","50206443"
"chr18","50312156","50312459","KN297184v1","1114866","1115167","71","49197290"
"chr18","50362043","50362183","KN296732v1","3311835","3311972","23","47050208"
"chr18","50363236","50363564","KN295548v1","624737","625039","77","49738499"
"chr18","50619316","50619628","KN296505v1","323963","324278","62","50295353"
"chr18","50620623","50620753","KN296096v1","3053461","3053592","19","47567162"
"chr18","50689618","50689740","KN295586v1","644606","644724","26","50045012"
"chr18","50724019","50724343","KN296538v1","333498","333794","92","50390521"
"chr18","50824154","50824439","KN297008v1","6549351","6549627","55","44274803"
"chr18","50856803","50857091","KN294172v1","528723","529004","68","50328080"
"chr18","50936645","50936939","KN296495v1","1076274","1076557","69","49860371"
"chr18","50996527","50996682","KN296495v1","1795663","1795811","26","49200864"
"chr18","51035987","51036204","KN294458v1","1818611","1818826","65","49217376"
"chr18","51212054","51212197","KN294407v1","2863006","2863150","36","48349048"
"chr18","51240601","51240740","KN295540v1","121411","121548","46","51119190"
"chr18","51279377","51279663","KN296495v1","1076274","1076557","59","50203103"
"chr18","51301902","51302032","KN294926v1","3021","3152","10","51298881"
"chr18","51409539","51409834","KN294926v1","118588","118880","24","51290951"
"chr18","51892306","51892562","KN297165v1","963791","964034","55","50928515"
"chr18","52119453","52119757","KN295633v1","909764","910066","80","51209689"
"chr18","52485986","52486126","KN296167v1","457666","457805","42","52028320"
"chr18","52540154","52540435","KN295531v1","58152","58425","74","52482002"
"chr18","52798371","52798503","KN296588v1","231105","231237","24","52567266"
"chr18","53096188","53096363","KN297113v1","252877","253050","44","52843311"
"chr18","53929282","53929526","KN296061v1","34302","34557","39","53894980"
"chr18","54084917","54085222","KN297342v1","149048","149351","24","53935869"
"chr18","54177828","54178141","KN295667v1","1567361","1567664","71","52610467"
"chr18","54575605","54575742","KN296643v1","191078","191208","25","54384527"
"chr18","54733043","54733346","KN294452v1","1374937","1375240","12","53358106"
"chr18","54904978","54905272","KN294452v1","1208640","1208926","30","53696338"
"chr18","55076326","55076633","KN294452v1","1024655","1024959","27","54051671"
"chr18","55102613","55102900","KN294452v1","998051","998338","24","54104562"
"chr18","55466215","55466502","KN294452v1","625181","625469","23","54841034"
"chr18","55820326","55820625","KN295352v1","729753","730045","61","55090573"
"chr18","55995983","55996294","KN296520v1","1454899","1455203","71","54541084"
"chr18","56458362","56458663","KN295697v1","388256","388578","46","56070106"
"chr18","56525388","56525563","KN296496v1","472499","472677","48","56052889"
"chr18","57596923","57597128","KN297245v1","2689397","2689600","15","54907526"
"chr18","57686843","57687128","KN295907v1","544095","544389","74","57142748"
"chr18","57834339","57834565","KN294874v1","119164","119388","54","57715175"
"chr18","57900418","57900642","KN297245v1","2387953","2388175","17","55512465"
"chr18","57960609","57960918","KN294485v1","290805","291107","71","57669804"
"chr18","57985385","57985657","KN297320v1","1159820","1160088","68","56825565"
"chr18","58042012","58042291","KN297245v1","2237012","2237311","30","55805000"
"chr18","58176353","58176634","KN297245v1","2096713","2097002","20","56079640"
"chr18","58252721","58252872","KN297245v1","2021145","2021297","13","56231576"
"chr18","58260069","58260188","KN294410v1","486228","486353","37","57773841"
"chr18","58294686","58294786","KN295406v1","576347","576444","16","57718339"
"chr18","58428007","58428316","KN297245v1","1843307","1843618","17","56584700"
"chr18","58457715","58457886","KN297274v1","1690638","1690818","43","56767077"
"chr18","58746017","58746317","KN296864v1","1939832","1940132","73","56806185"
"chr18","58952397","58952697","KN296322v1","1648835","1649139","59","57303562"
"chr18","58995193","58995356","KN296000v1","901795","901947","36","58093398"
"chr18","59156050","59156186","KN294964v1","965459","965591","20","58190591"
"chr18","59169986","59170127","KN297180v1","2065065","2065204","26","57104921"
"chr18","59554007","59554276","KN295923v1","192523","192802","77","59361484"
"chr18","59808372","59808478","KN296153v1","3603162","3603273","28","56205210"
"chr18","59871069","59871293","KN297095v1","2669325","2669548","57","57201744"
"chr18","59880562","59880791","KN294879v1","1183051","1183277","50","58697511"
"chr18","59926182","59926496","KN294421v1","9377","9683","75","59916805"
"chr18","59935094","59935221","KN295459v1","128391","128517","23","59806703"
"chr18","59947851","59948031","KN295361v1","882059","882232","35","59065792"
"chr18","60095139","60095417","KN294873v1","1072389","1072676","70","59022750"
"chr18","60207070","60207383","KN294452v1","1024655","1024959","73","59182415"
"chr18","60338014","60338313","KN295346v1","1646114","1646406","59","58691900"
"chr18","60530662","60530965","KN295117v1","112788","113084","75","60417874"
"chr18","60653764","60654020","KN294599v1","878610","878871","70","59775154"
"chr18","60731734","60731925","KN296682v1","2867973","2868160","47","57863761"
"chr18","61419074","61419347","KN296119v1","5896334","5896605","64","55522740"
"chr18","61525820","61525964","KN297159v1","700869","701022","36","60824951"
"chr18","61525990","61526110","KN295977v1","426136","426253","26","61099854"
"chr18","61586452","61586586","KN295294v1","3806061","3806194","22","57780391"
"chr18","61698408","61698663","KN294552v1","1295874","1296134","63","60402534"
"chr18","61698672","61698834","KN295607v1","4409185","4409361","45","57289487"
"chr18","61935867","61936153","KN297028v1","97110","97396","65","61838757"
"chr18","62122998","62123260","KN294842v1","1817337","1817591","73","60305661"
"chr18","62203722","62203985","KN295490v1","34980","35237","57","62168742"
"chr18","62317622","62317935","KN296322v1","1648835","1649139","70","60668787"
"chr18","62387839","62388086","KN296743v1","1044357","1044603","66","61343482"
"chr18","62451897","62452216","KN296505v1","323963","324278","69","62127934"
"chr18","62487283","62487544","KN295523v1","3469042","3469297","65","59018241"
"chr18","62653955","62654273","KN296864v1","1939832","1940132","72","60714123"
"chr18","62680614","62680744","KN295294v1","3806061","3806194","26","58874553"
"chr18","62821921","62822092","KN294443v1","437013","437176","55","62384908"
"chr18","62886275","62886569","KN295257v1","1053950","1054233","72","61832325"
"chr18","63333084","63333375","KN295257v1","1053950","1054233","71","62279134"
"chr18","63464246","63464534","KN294260v1","822843","823138","65","62641403"
"chr18","63500027","63500109","KN295633v1","2100867","2100948","18","61399160"
"chr18","63500110","63500362","KN295352v1","1019178","1019436","52","62480932"
"chr18","63608962","63609114","KN295962v1","2106431","2106583","37","61502531"
"chr18","63839771","63839934","KN296864v1","3353170","3353334","39","60486601"
"chr18","64290901","64291075","KN295241v1","97934","98104","44","64192967"
"chr18","64363990","64364273","KN296036v1","1995992","1996275","65","62367998"
"chr18","65857211","65857317","KN294410v1","238826","238934","29","65618385"
"chr18","65857368","65857513","KN295326v1","444837","444999","41","65412531"
"chr18","65928631","65928939","KN296588v1","282556","282869","78","65646075"
"chr18","65957773","65958071","KN295480v1","1274084","1274387","70","64683689"
"chr18","66765960","66766231","KN295205v1","848688","848949","73","65917272"
"chr18","67233976","67234106","KN294583v1","189119","189254","22","67044857"
"chr18","67691439","67691515","KN294513v1","564705","564774","21","67126734"
"chr18","67691812","67692040","KN296847v1","410946","411169","70","67280866"
"chr18","67698227","67698515","KN294421v1","9377","9683","76","67688850"
"chr18","68120019","68120323","KN295667v1","1108671","1108966","72","67011348"
"chr18","68392812","68392975","KN297319v1","373164","373327","39","68019648"
"chr18","68428832","68428990","KN296637v1","337006","337162","34","68091826"
"chr18","68672099","68672330","KN296158v1","230905","231113","64","68441194"
"chr18","69050895","69051183","KN295171v1","12625","12912","68","69038270"
"chr18","69301206","69301492","KN294873v1","1303218","1303511","70","67997988"
"chr18","69313314","69313612","KN295633v1","909764","910066","70","68403550"
"chr18","69418468","69418771","KN297327v1","807993","808286","68","68610475"
"chr18","69882765","69882966","KN297026v1","1683472","1683666","51","68199293"
"chr18","69986406","69986692","KN297046v1","1875391","1875685","70","68111015"
"chr18","70082697","70082991","KN294210v1","473112","473404","57","69609585"
"chr18","70109937","70110253","KN296453v1","1332212","1332535","85","68777725"
"chr18","70167865","70168090","KN295923v1","1986700","1986911","54","68181165"
"chr18","70427437","70427606","KN297319v1","373164","373327","34","70054273"
"chr18","70602445","70602735","KN296635v1","2491483","2491774","66","68110962"
"chr18","71344726","71345026","KN297322v1","1560377","1560662","87","69784349"
"chr18","71881314","71881600","KN296210v1","121418","121711","73","71759896"
"chr18","72641855","72642060","KN296312v1","182363","182572","54","72459492"
"chr18","72712939","72713220","KN297180v1","110970","111263","69","72601969"
"chr18","73034425","73034688","KN296469v1","40210","40485","81","72994215"
"chr18","73064119","73064416","KN295352v1","957403","957690","75","72106716"
"chr18","73140812","73140865","KN297094v1","101787","101835","10","73039025"
"chr18","74532238","74532340","KN294303v1","222129","222235","23","74310109"
"chr18","74687071","74687364","KN297058v1","392670","392966","71","74294401"
"chr18","74814137","74814424","KN294991v1","301469","301772","77","74512668"
"chr18","75096084","75096406","KN296294v1","86095","86414","75","75009989"
"chr18","76607812","76607984","KN294210v1","836667","836810","53","75771145"
"chr18","76608290","76608458","KN295708v1","2199659","2199817","38","74408631"
"chr18","76883428","76883727","KN294578v1","639003","639297","61","76244425"
"chr18","76918719","76918849","KN297023v1","686879","687015","27","76231840"
"chr18","77029473","77029611","KN295893v1","2369160","2369293","30","74660313"
"chr18","77838225","77838441","KN296828v1","160118","160328","66","77678107"
"chr18","78906928","78907234","KN294261v1","349079","349368","71","78557849"
"chr18","79150708","79150929","KN297112v1","741053","741264","69","78409655"
"chr18","79158292","79158592","KN296948v1","762193","762479","69","78396099"
"chr18","79514165","79514293","KN295032v1","22170","22300","26","79491995"
"chr18","79746635","79746924","KN295304v1","503624","503911","23","79243011"
"chr18","79948354","79948640","KN296528v1","1411593","1411869","73","78536761"
"chr18","80056627","80056835","KN296011v1","315060","315250","62","79741567"
"chr18","80057190","80057291","KN296290v1","2081846","2081943","25","77975344"
"chr18","80069592","80069714","KN297259v1","931717","931839","23","79137875"
"chr18","80089483","80089787","KN295304v1","187752","188056","16","79901731"
"chr19","47316898","47317221","KN295995v1","300405","300731","72","47016493"
"chr19","212438","212537","KN296316v1","253938","254035","6","41500"
"chr19","212856","212915","KN296316v1","254338","254391","9","41482"
"chr19","222873","222992","KN295441v1","789788","789916","28","566915"
"chr19","609484","609619","KN296096v1","743881","744017","21","134397"
"chr19","858661","858792","KN296311v1","4657589","4657718","29","3798928"
"chr19","865721","865857","KN295034v1","243361","243503","34","622360"
"chr19","894338","894466","KN297274v1","1873451","1873578","11","979113"
"chr19","968788","968953","KN295362v1","840048","840212","44","128740"
"chr19","987427","987547","KN297274v1","1775361","1775482","5","787934"
"chr19","1076848","1077027","KN297274v1","1690638","1690818","15","613790"
"chr19","1476641","1476915","KN297274v1","1285745","1286019","28","190896"
"chr19","1532264","1532474","KN296643v1","482284","482494","57","1049980"
"chr19","1583576","1583711","KN294172v1","6272486","6272617","25","4688910"
"chr19","1587405","1587708","KN296322v1","1648835","1649139","69","61430"
"chr19","1778721","1778814","KN294161v1","775838","775928","14","1002883"
"chr19","1891711","1891856","KN294558v1","284993","285139","28","1606718"
"chr19","1992407","1992539","KN295706v1","131306","131439","20","1861101"
"chr19","2083939","2084070","KN296643v1","191078","191208","18","1892861"
"chr19","2142320","2142448","KN295605v1","687968","688102","18","1454352"
"chr19","2279222","2279373","KN295102v1","72427","72567","32","2206795"
"chr19","2383503","2383627","KN296101v1","38623","38748","27","2344880"
"chr19","2540139","2540450","KN294407v1","1142063","1142375","71","1398076"
"chr19","2576835","2576983","KN295102v1","72427","72567","26","2504408"
"chr19","2617709","2618003","KN297026v1","800582","800867","59","1817127"
"chr19","2625074","2625371","KN295633v1","1633983","1634282","71","991091"
"chr19","2632706","2632799","KN296588v1","2196132","2196224","26","436574"
"chr19","2672322","2672439","KN296000v1","870961","871087","25","1801361"
"chr19","2857908","2858196","KN295984v1","2962847","2963132","71","104939"
"chr19","2873680","2873973","KN297046v1","1875391","1875685","60","998289"
"chr19","2898245","2898402","KN296308v1","592866","593027","55","2305379"
"chr19","2898715","2898793","KN296513v1","2370825","2370911","25","527890"
"chr19","2907730","2908003","KN294420v1","816046","816329","72","2091684"
"chr19","2911068","2911248","KN294214v1","296841","297020","46","2614227"
"chr19","2911563","2911685","KN295236v1","4992571","4992693","24","2081008"
"chr19","2994139","2994194","KN295566v1","205010","205067","12","2789129"
"chr19","3347484","3347595","KN296153v1","3603162","3603273","5","255678"
"chr19","3388541","3388833","KN295984v1","150673","150962","56","3237868"
"chr19","3563482","3563615","KN296153v1","3383598","3383729","10","179884"
"chr19","3693789","3693923","KN296153v1","3253267","3253391","20","440522"
"chr19","3805655","3805796","KN296153v1","3125882","3126025","12","679773"
"chr19","3855063","3855195","KN296153v1","3078397","3078529","14","776666"
"chr19","3869657","3869805","KN294571v1","417305","417453","31","3452352"
"chr19","3896016","3896151","KN294218v1","2756614","2756751","25","1139402"
"chr19","3935051","3935181","KN295526v1","145592","145725","23","3789459"
"chr19","4100525","4100671","KN294964v1","965459","965591","34","3135066"
"chr19","4114013","4114165","KN294558v1","284993","285139","41","3829020"
"chr19","4161281","4161412","KN294172v1","6272486","6272617","26","2111205"
"chr19","4290174","4290299","KN295102v1","105981","106109","32","4184193"
"chr19","4292047","4292179","KN295526v1","145592","145725","26","4146455"
"chr19","4628808","4628944","KN296153v1","339154","339289","21","4289654"
"chr19","4685941","4686036","KN296153v1","2215015","2215111","4","2470926"
"chr19","4742025","4742188","KN296000v1","901795","901947","33","3840230"
"chr19","4743613","4743747","KN295907v1","2294354","2294490","27","2449259"
"chr19","5181621","5181675","KN296577v1","218400","218452","12","4963221"
"chr19","5181680","5181890","KN296643v1","482284","482494","50","4699396"
"chr19","5361407","5361589","KN296153v1","1529421","1529604","15","3831986"
"chr19","5375281","5375606","KN296153v1","1515359","1515682","33","3859922"
"chr19","5706140","5706326","KN295157v1","102871","103055","45","5603269"
"chr19","5887210","5887488","KN296153v1","1008915","1009196","25","4878295"
"chr19","6070703","6071016","KN297112v1","2231098","2231393","75","3839605"
"chr19","6080046","6080202","KN294346v1","260578","260726","40","5819468"
"chr19","6080245","6080387","KN294850v1","22304","22436","40","6057941"
"chr19","6117363","6117658","KN296964v1","1814390","1814681","65","4302973"
"chr19","6156787","6156951","KN296508v1","602220","602385","34","5554567"
"chr19","6157248","6157273","KN295533v1","1802305","1802332","6","4354943"
"chr19","6157585","6157716","KN296643v1","191078","191208","20","5966507"
"chr19","6183809","6184094","KN296153v1","687110","687394","19","5496699"
"chr19","6194496","6194667","KN295405v1","40643","40808","44","6153853"
"chr19","6195760","6195898","KN296915v1","296877","297011","22","5898883"
"chr19","6237820","6238123","KN296864v1","1939832","1940132","76","4297988"
"chr19","6281486","6281770","KN294845v1","10863","11135","74","6270623"
"chr19","6329711","6329860","KN296153v1","548460","548628","35","5781251"
"chr19","6330469","6330610","KN295034v1","243361","243503","28","6087108"
"chr19","6341328","6341553","KN294235v1","570733","570958","63","5770595"
"chr19","6354638","6354773","KN296698v1","14086","14218","21","6340552"
"chr19","6391440","6391752","KN294954v1","70243","70554","68","6321197"
"chr19","6561082","6561233","KN297165v1","2667658","2667810","32","3893424"
"chr19","6683813","6684119","KN297180v1","314236","314539","63","6369577"
"chr19","6716087","6716216","KN296153v1","157069","157195","14","6559018"
"chr19","6749110","6749244","KN296153v1","123040","123178","13","6626070"
"chr19","6752184","6752307","KN296153v1","119285","119411","5","6632899"
"chr19","6813772","6814069","KN296153v1","61256","61578","53","6752516"
"chr19","6834827","6835061","KN295236v1","3848950","3849176","72","2985877"
"chr19","7065308","7065594","KN295090v1","2374852","2375141","67","4690456"
"chr19","7138372","7138671","KN297184v1","1114866","1115167","67","6023506"
"chr19","7151795","7152090","KN294747v1","1086035","1086320","81","6065760"
"chr19","7161902","7162044","KN295907v1","2294354","2294490","27","4867548"
"chr19","7162350","7162526","KN294470v1","78054","78217","43","7084296"
"chr19","7270470","7270768","KN295984v1","150673","150962","66","7119797"
"chr19","7297449","7297730","KN295637v1","799799","800078","69","6497650"
"chr19","7388259","7388393","KN294172v1","6272486","6272617","26","1115773"
"chr19","7389920","7390214","KN296864v1","1939832","1940132","74","5450088"
"chr19","7432880","7433180","KN297180v1","314236","314539","72","7118644"
"chr19","7523855","7524146","KN294287v1","771063","771319","91","6752792"
"chr19","7547647","7547811","KN294416v1","934596","934758","39","6613051"
"chr19","7547844","7547962","KN294741v1","1083617","1083736","23","6464227"
"chr19","7589003","7589290","KN295257v1","300761","301044","55","7288242"
"chr19","7683947","7684083","KN294147v1","1648476","1648613","28","6035471"
"chr19","7719234","7719556","KN295667v1","1567361","1567664","75","6151873"
"chr19","7755774","7756038","KN295586v1","185554","185803","72","7570220"
"chr19","7806604","7806713","KN294456v1","1028969","1029075","30","6777635"
"chr19","7897485","7897666","KN295721v1","382777","382938","58","7514708"
"chr19","8037719","8037853","KN295605v1","687968","688102","18","7349751"
"chr19","8038363","8038653","KN296795v1","1627125","1627421","62","6411238"
"chr19","8094967","8095241","KN296732v1","1586626","1586892","61","6508341"
"chr19","8132354","8132461","KN296486v1","778704","778816","26","7353650"
"chr19","8162596","8162726","KN294172v1","6718327","6718460","26","1444269"
"chr19","8565809","8566110","KN297242v1","1347482","1347793","64","7218327"
"chr19","8692242","8692549","KN296322v1","1648835","1649139","67","7043407"
"chr19","9180226","9180411","KN296308v1","592866","593027","53","8587360"
"chr19","9209432","9209568","KN295708v1","713476","713615","27","8495956"
"chr19","9263973","9264128","KN295962v1","2106431","2106583","34","7157542"
"chr19","9331246","9331383","KN296580v1","375183","375306","40","8956063"
"chr19","9388661","9388974","KN295667v1","1108671","1108966","75","8279990"
"chr19","9396014","9396138","KN296311v1","4815038","4815168","25","4580976"
"chr19","9558806","9559090","KN296495v1","1076274","1076557","63","8482532"
"chr19","9564204","9564410","KN294978v1","1071290","1071491","63","8492914"
"chr19","9601466","9601671","KN296508v1","358799","359013","55","9242667"
"chr19","9611753","9611921","KN297154v1","1793720","1793868","36","7818033"
"chr19","9612518","9612639","KN297154v1","1793011","1793126","19","7819507"
"chr19","9654293","9654460","KN297154v1","1793720","1793868","47","7860573"
"chr19","9654747","9654861","KN297154v1","1793011","1793126","7","7861736"
"chr19","9669546","9669734","KN294251v1","2324608","2324790","65","7344938"
"chr19","9670089","9670254","KN294271v1","8882","9045","37","9661207"
"chr19","9869922","9870228","KN297154v1","1607433","1607725","35","8262489"
"chr19","9927916","9928245","KN297442v1","589788","590100","78","9338128"
"chr19","9964220","9964309","KN294387v1","2019460","2019545","22","7944760"
"chr19","10054149","10054287","KN294536v1","348653","348787","19","9705496"
"chr19","10098026","10098182","KN297154v1","1379456","1379594","24","8718570"
"chr19","10266487","10266607","KN294172v1","6039824","6039947","22","4226663"
"chr19","10273077","10273210","KN296311v1","4657589","4657718","22","5615488"
"chr19","10273506","10273674","KN294199v1","600945","601110","35","9672561"
"chr19","10279229","10279261","KN295352v1","224486","224501","17","10054743"
"chr19","10279784","10279881","KN294499v1","1744755","1744851","20","8535029"
"chr19","10327079","10327167","KN297154v1","1137961","1138049","6","9189118"
"chr19","10381822","10381958","KN297154v1","1079155","1079280","20","9302667"
"chr19","10497612","10497900","KN296702v1","610511","610796","72","9887101"
"chr19","10584974","10585242","KN297046v1","2130311","2130564","68","8454663"
"chr19","10694613","10694775","KN297154v1","759596","759762","26","9935017"
"chr19","10770961","10771091","KN297154v1","681440","681570","5","10089521"
"chr19","10876187","10876325","KN297154v1","582564","582702","4","10293623"
"chr19","10903738","10903990","KN295523v1","3469042","3469297","62","7434696"
"chr19","10930604","10930701","KN297154v1","527342","527439","4","10403262"
"chr19","10947292","10947423","KN297154v1","512422","512553","3","10434870"
"chr19","11011589","11011707","KN294199v1","86678","86798","28","10924911"
"chr19","11091393","11091521","KN297154v1","371481","371609","5","10719912"
"chr19","11145872","11146053","KN297154v1","318797","318975","16","10827075"
"chr19","11149468","11149592","KN296643v1","191078","191208","19","10958390"
"chr19","11182273","11182555","KN294443v1","1323408","1323672","72","9858865"
"chr19","11185274","11185480","KN294208v1","73414","73627","46","11111860"
"chr19","11274699","11274778","KN294613v1","694258","694320","29","10580441"
"chr19","11334512","11334639","KN296200v1","299464","299591","24","11035048"
"chr19","11432246","11432545","KN296247v1","180574","180876","60","11251672"
"chr19","11455587","11455731","KN297154v1","4234","4378","9","11451353"
"chr19","11470846","11471030","KN296247v1","751980","752150","42","10718866"
"chr19","11471321","11471333","KN294526v1","385203","385213","2","11086118"
"chr19","11471625","11471753","KN296643v1","191078","191208","21","11280547"
"chr19","11525227","11525541","KN294421v1","9377","9683","74","11515850"
"chr19","11548258","11548553","KN295236v1","6123690","6123968","31","5424568"
"chr19","11601328","11601630","KN295091v1","3019459","3019753","74","8581869"
"chr19","11649701","11649985","KN296119v1","1984680","1984963","65","9665021"
"chr19","11683578","11683728","KN295236v1","5996517","5996669","12","5687061"
"chr19","11778453","11778757","KN294260v1","822843","823138","76","10955610"
"chr19","12261363","12261660","KN296322v1","1648835","1649139","76","10612528"
"chr19","12308816","12308984","KN295405v1","40643","40808","37","12268173"
"chr19","12407884","12408159","KN296864v1","3096229","3096519","64","9311655"
"chr19","12481720","12481924","KN295236v1","5296523","5296713","33","7185197"
"chr19","12597802","12597921","KN295236v1","5192427","5192553","12","7405375"
"chr19","12607060","12607186","KN296484v1","556891","557018","22","12050169"
"chr19","12609407","12609617","KN297095v1","2669325","2669548","57","9940082"
"chr19","12622502","12622613","KN296079v1","635275","635386","28","11987227"
"chr19","12622924","12623093","KN294271v1","8882","9045","46","12614042"
"chr19","12635030","12635178","KN294739v1","903316","903465","37","11731714"
"chr19","12686533","12686829","KN295236v1","5115212","5115495","19","7571321"
"chr19","12735171","12735305","KN295236v1","3047477","3047602","24","9687694"
"chr19","12763859","12763987","KN294457v1","130203","130331","25","12633656"
"chr19","12808807","12808929","KN295236v1","4992571","4992693","9","7816236"
"chr19","12816466","12816658","KN297442v1","2093457","2093650","58","10723009"
"chr19","12849249","12849382","KN294548v1","111894","112027","31","12737355"
"chr19","12849693","12849762","KN295996v1","133273","133341","18","12716420"
"chr19","12898640","12898794","KN296000v1","901795","901947","33","11996845"
"chr19","12977321","12977478","KN295236v1","4814950","4815092","25","8162371"
"chr19","13003939","13004069","KN295294v1","3806061","3806194","24","9197878"
"chr19","13043843","13043974","KN295236v1","4746128","4746259","7","8297715"
"chr19","13048578","13048790","KN295962v1","1940591","1940792","64","11107987"
"chr19","13049101","13049276","KN295241v1","97934","98104","39","12951167"
"chr19","13111076","13111329","KN296871v1","10096","10361","66","13100980"
"chr19","13113913","13114041","KN295236v1","4677231","4677361","5","8436682"
"chr19","13295480","13295791","KN297154v1","2066797","2067102","64","11228683"
"chr19","13334753","13335059","KN295236v1","4448907","4449215","15","8885846"
"chr19","13362024","13362195","KN294271v1","8882","9045","38","13353142"
"chr19","13362503","13362642","KN296311v1","4815038","4815168","24","8547465"
"chr19","13365671","13365969","KN297227v1","1049335","1049619","62","12316336"
"chr19","13424461","13424762","KN297066v1","48943","49249","61","13375518"
"chr19","13464125","13464412","KN294571v1","2055636","2055896","72","11408489"
"chr19","13547007","13547258","KN294493v1","1639497","1639778","73","11907510"
"chr19","13552392","13552677","KN296948v1","762193","762479","60","12790199"
"chr19","13628381","13628442","KN296311v1","4209313","4209363","17","9419068"
"chr19","13668376","13668544","KN296495v1","2297861","2298026","34","11370515"
"chr19","13668859","13668991","KN294741v1","800030","800163","25","12868829"
"chr19","13679757","13680046","KN294210v1","473112","473404","67","13206645"
"chr19","13684494","13684643","KN295236v1","4091708","4091845","20","9592786"
"chr19","13684941","13685098","KN295236v1","4091253","4091442","36","9593688"
"chr19","13686065","13686191","KN295236v1","4090165","4090277","22","9595900"
"chr19","13686451","13686488","KN296167v1","457135","457171","7","13229316"
"chr19","13769977","13770099","KN295236v1","3047477","3047602","21","10722500"
"chr19","13770945","13771076","KN296311v1","4815038","4815168","25","8955907"
"chr19","13771383","13771559","KN296643v1","410184","410354","45","13361199"
"chr19","13939145","13939204","KN295236v1","3830180","3830244","8","10108965"
"chr19","13939511","13939604","KN295236v1","3829766","3829860","8","10109745"
"chr19","13939892","13940060","KN295236v1","3829296","3829464","14","10110596"
"chr19","13949305","13949609","KN295236v1","3818362","3818666","31","10130943"
"chr19","13990399","13990535","KN295706v1","131306","131439","16","13859093"
"chr19","13990834","13991008","KN296643v1","410184","410354","34","13580650"
"chr19","14001292","14001599","KN296836v1","993587","993901","64","13007705"
"chr19","14038356","14038596","KN294493v1","181888","182131","61","13856468"
"chr19","14040405","14040531","KN296311v1","4657589","4657718","26","9382816"
"chr19","14077105","14077251","KN295005v1","263752","263899","26","13813353"
"chr19","14123679","14123786","KN297163v1","685235","685337","30","13438444"
"chr19","14124092","14124162","KN295996v1","133273","133341","18","13990819"
"chr19","14138920","14139070","KN294991v1","973655","973815","40","13165265"
"chr19","14139382","14139496","KN295236v1","3633458","3633572","8","10505924"
"chr19","14185286","14185587","KN297058v1","194613","194917","67","13990673"
"chr19","14226211","14226505","KN295666v1","1429360","1429652","70","12796851"
"chr19","14299931","14300046","KN294456v1","1028969","1029075","38","13270962"
"chr19","14308480","14308772","KN295735v1","662767","663052","65","13645713"
"chr19","14549482","14549626","KN295034v1","243361","243503","23","14306121"
"chr19","14701229","14701454","KN294470v1","2882164","2882378","58","11819065"
"chr19","14906819","14907116","KN297184v1","1114866","1115167","76","13791953"
"chr19","15016925","15017218","KN296948v1","762193","762479","73","14254732"
"chr19","15067262","15067396","KN296643v1","191078","191208","23","14876184"
"chr19","15101924","15102219","KN297442v1","1825702","1825995","59","13276222"
"chr19","15525780","15525880","KN295301v1","1589895","1589989","17","13935885"
"chr19","15806426","15806706","KN296108v1","992045","992327","71","14814381"
"chr19","15983762","15984073","KN296849v1","694658","694962","76","15289104"
"chr19","16150713","16150872","KN294407v1","109423","109582","34","16041290"
"chr19","16360486","16360760","KN294571v1","2055636","2055896","68","14304850"
"chr19","16395591","16395661","KN295236v1","1582339","1582409","3","14813252"
"chr19","16395962","16396117","KN295236v1","1581889","1582044","10","14814073"
"chr19","16408940","16409262","KN294439v1","130265","130569","76","16278675"
"chr19","16511342","16511487","KN296138v1","11819","11953","25","16499523"
"chr19","16654543","16654680","KN294199v1","281436","281574","29","16373107"
"chr19","16681142","16681307","KN294911v1","4985405","4985572","30","11695737"
"chr19","16684767","16685086","KN296244v1","296863","297159","79","16387904"
"chr19","16804299","16804590","KN296948v1","762193","762479","64","16042106"
"chr19","16826947","16827053","KN295236v1","1140799","1140905","9","15686148"
"chr19","17120374","17120664","KN294848v1","932997","933294","68","16187377"
"chr19","17156439","17156709","KN295236v1","820968","821253","31","16335471"
"chr19","17165428","17165793","KN296138v1","229201","229554","118","16936227"
"chr19","17174997","17175296","KN295236v1","801076","801336","53","16373921"
"chr19","17207351","17207476","KN295236v1","768161","768289","7","16439190"
"chr19","17221503","17221675","KN297322v1","846386","846555","37","16375117"
"chr19","17296216","17296353","KN295236v1","677208","677340","11","16619008"
"chr19","17299129","17299279","KN296311v1","6471968","6472102","39","10827161"
"chr19","17299584","17299722","KN295526v1","145592","145725","31","17153992"
"chr19","17345625","17345928","KN295667v1","1567361","1567664","59","15778264"
"chr19","17345946","17346225","KN295236v1","627239","627515","17","16718707"
"chr19","17432986","17433198","KN295294v1","3442647","3442882","62","13990339"
"chr19","17451421","17451553","KN296311v1","6471968","6472102","29","10979453"
"chr19","17464525","17464801","KN294539v1","1096217","1096495","71","16368308"
"chr19","17822513","17822672","KN294613v1","471626","471777","44","17350887"
"chr19","17822982","17823111","KN294193v1","128685","128814","30","17694297"
"chr19","17963726","17963944","KN296119v1","805789","806002","43","17157937"
"chr19","17991033","17991167","KN294536v1","348653","348787","25","17642380"
"chr19","18050381","18050479","KN294172v1","5569913","5570012","21","12480468"
"chr19","18107131","18107262","KN295706v1","131306","131439","26","17975825"
"chr19","18188038","18188172","KN294964v1","965459","965591","21","17222579"
"chr19","18408812","18409113","KN297184v1","1114866","1115167","62","17293946"
"chr19","18447786","18448084","KN297442v1","1676499","1676799","57","16771287"
"chr19","18494121","18494245","KN294410v1","486228","486353","24","18007893"
"chr19","18570199","18570498","KN297171v1","1715719","1716017","76","16854480"
"chr19","18576177","18576325","KN295523v1","4072248","4072409","55","14503929"
"chr19","18691056","18691211","KN297319v1","373164","373327","40","18317892"
"chr19","18873415","18873555","KN295236v1","1698335","1698473","23","17175080"
"chr19","18963721","18964020","KN295907v1","941752","942037","66","18021969"
"chr19","19080501","19080637","KN295605v1","687968","688102","18","18392533"
"chr19","19080944","19081140","KN295430v1","1780623","1780800","60","17300321"
"chr19","19156895","19157103","KN294949v1","1658929","1659156","67","17497966"
"chr19","19201240","19201375","KN295526v1","475989","476122","26","18725251"
"chr19","19236730","19236901","KN295722v1","1546817","1546986","41","17689913"
"chr19","19329693","19329950","KN296406v1","530559","530801","68","18799134"
"chr19","19382295","19382466","KN296750v1","1431681","1431828","56","17950614"
"chr19","19382776","19382949","KN294172v1","6014062","6014229","49","13368714"
"chr19","19423921","19424215","KN294523v1","15844","16136","67","19408077"
"chr19","19424539","19424672","KN296643v1","191078","191208","16","19233461"
"chr19","19484144","19484195","KN295893v1","883771","883820","12","18600373"
"chr19","19537737","19537864","KN296311v1","4815038","4815168","21","14722699"
"chr19","19576618","19576913","KN297227v1","1049335","1049619","66","18527283"
"chr19","19676015","19676211","KN296011v1","315060","315250","51","19360955"
"chr19","19689553","19689606","KN295832v1","1133517","1133570","17","18556036"
"chr19","19928531","19928809","KN294407v1","1086188","1086466","82","18842343"
"chr19","20036685","20036991","KN295725v1","293304","293604","73","19743381"
"chr19","20300502","20300594","KN296021v1","78833","78940","35","20221669"
"chr19","20300738","20300921","KN297046v1","3130222","3130381","66","17170516"
"chr19","20404535","20404828","KN294429v1","91075","91362","76","20313460"
"chr19","20526809","20527104","KN294429v1","91075","91362","75","20435734"
"chr19","20546618","20546881","KN294571v1","2055636","2055896","78","18490982"
"chr19","20639460","20639747","KN297462v1","564741","565026","85","20074719"
"chr19","20800033","20800300","KN297390v1","84191","84473","78","20715842"
"chr19","20832356","20832644","KN297462v1","564741","565026","82","20267615"
"chr19","22507820","22508091","KN295667v1","608355","608628","74","21899465"
"chr19","22543626","22543893","KN297046v1","1666770","1667044","71","20876856"
"chr19","28021697","28021721","KN296569v1","4665","4683","6","28017032"
"chr19","28021783","28022067","KN295984v1","150673","150962","68","27871110"
"chr19","28039598","28039730","KN295294v1","3806061","3806194","27","24233537"
"chr19","28508188","28508470","KN296094v1","149320","149595","34","28358868"
"chr19","28930131","28930443","KN295633v1","778185","778486","75","28151946"
"chr19","28949269","28949578","KN295480v1","1274084","1274387","76","27675185"
"chr19","29178016","29178284","KN294569v1","652042","652317","69","28525974"
"chr19","29246469","29246740","KN295586v1","650323","650611","74","28596146"
"chr19","29319005","29319153","KN296145v1","649092","649233","35","28669913"
"chr19","29392922","29393048","KN296864v1","3266405","3266529","23","26126517"
"chr19","29434875","29435169","KN294470v1","1153982","1154281","75","28280893"
"chr19","29522153","29522372","KN296643v1","482284","482494","49","29039869"
"chr19","29600021","29600326","KN296864v1","1939832","1940132","67","27660189"
"chr19","29783014","29783356","KN294949v1","1551468","1551789","105","28231546"
"chr19","29795110","29795231","KN295039v1","432771","432893","23","29362339"
"chr19","29823165","29823259","KN295406v1","576347","576444","19","29246818"
"chr19","29907236","29907552","KN294452v1","1374937","1375240","65","28532299"
"chr19","29912118","29912422","KN295667v1","1567361","1567664","69","28344757"
"chr19","29926301","29926581","KN295667v1","935881","936160","60","28990420"
"chr19","30052864","30052998","KN294218v1","2756614","2756751","25","27296250"
"chr19","30475324","30475455","KN294446v1","520797","520926","24","29954527"
"chr19","30633741","30633873","KN294193v1","128685","128814","21","30505056"
"chr19","30700410","30700676","KN295967v1","1520844","1521111","70","29179566"
"chr19","31638913","31639031","KN295977v1","426136","426253","24","31212777"
"chr19","31639088","31639249","KN294470v1","78054","78217","30","31561034"
"chr19","31786076","31786370","KN295346v1","1646114","1646406","68","30139962"
"chr19","31806532","31806822","KN294911v1","2345931","2346239","65","29460601"
"chr19","31821641","31821933","KN296606v1","108609","108901","68","31713032"
"chr19","32092440","32092698","KN297105v1","2959195","2959449","63","29133245"
"chr19","32127296","32127619","KN294399v1","171378","171682","78","31955918"
"chr19","32164104","32164244","KN297444v1","108890","109031","31","32055214"
"chr19","32164249","32164561","KN295406v1","486578","486886","58","31677671"
"chr19","32565832","32566118","KN297452v1","1744682","1744969","53","30821150"
"chr19","32573937","32574213","KN294234v1","2134335","2134588","83","30439602"
"chr19","32668749","32668859","KN296732v1","3486949","3487060","29","29181800"
"chr19","32775340","32775632","KN295607v1","571124","571405","66","32204216"
"chr19","32844159","32844292","KN296138v1","299724","299858","8","32544435"
"chr19","32916002","32916308","KN296096v1","1326102","1326406","70","31589900"
"chr19","32920038","32920376","KN296138v1","229201","229554","35","32690837"
"chr19","33000001","33000170","KN295667v1","2018457","2018624","33","30981544"
"chr19","33042650","33042798","KN296210v1","326465","326608","29","32716185"
"chr19","33043093","33043258","KN295633v1","2073957","2074120","39","30969136"
"chr19","33197347","33197643","KN294848v1","53442","53740","25","33143905"
"chr19","33297029","33297311","KN297046v1","1666770","1667044","78","31630259"
"chr19","33311781","33311911","KN294848v1","168864","169003","14","33142917"
"chr19","33312205","33312371","KN294848v1","169333","169513","26","33142872"
"chr19","33348446","33348626","KN297190v1","98686","98881","58","33249760"
"chr19","33362413","33362559","KN295705v1","1659307","1659450","32","31703106"
"chr19","33475859","33476155","KN294452v1","1374937","1375240","70","32100922"
"chr19","33602200","33602497","KN295352v1","729753","730045","57","32872447"
"chr19","33827328","33827490","KN294416v1","934596","934758","38","32892732"
"chr19","33827836","33827968","KN294536v1","348653","348787","25","33479183"
"chr19","34094542","34094673","KN296311v1","4815038","4815168","25","29279504"
"chr19","34121583","34121669","KN294848v1","1002927","1003014","11","33118656"
"chr19","34153471","34153622","KN296732v1","2938146","2938298","24","31215325"
"chr19","34212997","34213174","KN294848v1","1101310","1101490","23","33111687"
"chr19","34269565","34269725","KN294848v1","1161040","1161175","33","33108525"
"chr19","34290493","34290787","KN294452v1","1374937","1375240","76","32915556"
"chr19","34351819","34352100","KN294848v1","1246098","1246379","24","33105721"
"chr19","34414816","34415097","KN294848v1","1317648","1317919","31","33097168"
"chr19","34478980","34479135","KN294856v1","256027","256175","38","34222953"
"chr19","34539570","34539861","KN296484v1","1119387","1119674","52","33420183"
"chr19","34744379","34744672","KN296484v1","1119387","1119674","26","33624992"
"chr19","34779101","34779243","KN294470v1","2691196","2691354","45","32087905"
"chr19","34779272","34779400","KN294172v1","6039824","6039947","29","28739448"
"chr19","34840211","34840495","KN295236v1","3511059","3511338","61","31329152"
"chr19","34937449","34937748","KN297058v1","194613","194917","71","34742836"
"chr19","35050905","35051104","KN297008v1","2592243","2592438","51","32458662"
"chr19","35051409","35051538","KN294457v1","1164538","1164662","26","33886871"
"chr19","35191233","35191458","KN296225v1","209480","209693","53","34981753"
"chr19","35198427","35198738","KN295991v1","384271","384582","67","34814156"
"chr19","35238428","35238753","KN294239v1","243029","243336","72","34995399"
"chr19","35263658","35263795","KN296484v1","556891","557018","14","34706767"
"chr19","35404714","35405018","KN297259v1","1570980","1571280","78","33833734"
"chr19","35407041","35407356","KN296484v1","414259","414576","22","34992782"
"chr19","35473432","35473561","KN296484v1","347315","347438","15","35126117"
"chr19","35809176","35809312","KN295540v1","121411","121548","43","35687765"
"chr19","35854158","35854291","KN294326v1","522412","522546","20","35331746"
"chr19","35968495","35968789","KN295352v1","729753","730045","62","35238742"
"chr19","36094753","36095046","KN295352v1","729753","730045","65","35365000"
"chr19","36139242","36139372","KN295096v1","3635797","3635926","31","32503445"
"chr19","36149226","36149365","KN294199v1","281436","281574","25","35867790"
"chr19","36209981","36210116","KN296381v1","395883","396018","13","35814098"
"chr19","36351588","36351868","KN295744v1","408789","409077","66","35942799"
"chr19","36421116","36421293","KN294848v1","169333","169513","43","36251783"
"chr19","36517124","36517407","KN295633v1","1993894","1994175","65","34523230"
"chr19","36588943","36589196","KN297046v1","2130311","2130564","59","34458632"
"chr19","36661011","36661292","KN295117v1","112788","113084","68","36548223"
"chr19","36681996","36682302","KN295667v1","1567361","1567664","74","35114635"
"chr19","36709547","36709763","KN295941v1","2267763","2267979","69","34441784"
"chr19","36713027","36713172","KN294218v1","2756614","2756751","30","33956413"
"chr19","36713464","36713621","KN297171v1","1235221","1235375","35","35478243"
"chr19","36745713","36745865","KN296311v1","4815038","4815168","44","31930675"
"chr19","37087003","37087290","KN295984v1","150673","150962","62","36936330"
"chr19","37177747","37178050","KN295633v1","909764","910066","61","36267983"
"chr19","37204582","37204744","KN294470v1","2691196","2691354","36","34513386"
"chr19","37205048","37205200","KN296210v1","326465","326608","40","36878583"
"chr19","37429911","37430211","KN295667v1","1567361","1567664","60","35862550"
"chr19","37510079","37510224","KN296538v1","79923","80070","33","37430156"
"chr19","37510535","37510694","KN294991v1","973655","973815","31","36536880"
"chr19","37648956","37649272","KN295667v1","169337","169642","67","37479619"
"chr19","37688908","37689206","KN297171v1","1715719","1716017","69","35973189"
"chr19","37733494","37733626","KN296205v1","574450","574582","19","37159044"
"chr19","37844195","37844488","KN296495v1","1076274","1076557","56","36767921"
"chr19","37912507","37912753","KN295586v1","185554","185803","52","37726953"
"chr19","37995921","37996227","KN297058v1","392670","392966","69","37603251"
"chr19","38077169","38077482","KN295667v1","1567361","1567664","58","36509808"
"chr19","38161766","38162032","KN296864v1","2452974","2453250","61","35708792"
"chr19","38216595","38216731","KN296311v1","4815038","4815168","26","33401557"
"chr19","38424433","38424723","KN294457v1","210304","210595","79","38214129"
"chr19","38586339","38586471","KN294172v1","740064","740194","25","37846275"
"chr19","38738863","38739168","KN296157v1","1078910","1079211","72","37659953"
"chr19","38757812","38758109","KN295984v1","150673","150962","62","38607139"
"chr19","38769177","38769310","KN294235v1","972159","972293","31","37797018"
"chr19","38814017","38814305","KN294279v1","171583","171867","56","38642434"
"chr19","38883981","38884114","KN296311v1","4657589","4657718","19","34226392"
"chr19","38895655","38895780","KN294470v1","1056764","1056890","20","37838891"
"chr19","38916963","38917258","KN294260v1","822843","823138","58","38094120"
"chr19","39047511","39047739","KN297274v1","155280","155497","64","38892231"
"chr19","39048153","39048291","KN294199v1","281436","281574","25","38766717"
"chr19","39119666","39119962","KN296322v1","1648835","1649139","62","37470831"
"chr19","39189463","39189671","KN297317v1","77457","77669","48","39112006"
"chr19","39238332","39238596","KN296731v1","1090257","1090517","55","38148075"
"chr19","39262222","39262577","KN294486v1","867184","867500","105","38395038"
"chr19","39392620","39392892","KN294987v1","459255","459513","68","38933365"
"chr19","39680417","39680692","KN294420v1","816046","816329","72","38864371"
"chr19","39861396","39861633","KN297095v1","2669325","2669548","52","37192071"
"chr19","39975282","39975404","KN295236v1","5192427","5192553","21","34782855"
"chr19","40096137","40096446","KN295352v1","729753","730045","77","39366384"
"chr19","40139079","40139358","KN296484v1","4833","5123","67","40134246"
"chr19","40148588","40148768","KN295832v1","1012172","1012344","60","39136416"
"chr19","40243607","40243739","KN294850v1","22304","22436","25","40221303"
"chr19","40245261","40245392","KN296481v1","436875","437007","30","39808386"
"chr19","40436181","40436449","KN295572v1","301978","302249","79","40134203"
"chr19","40460276","40460355","KN294520v1","1666488","1666565","17","38793788"
"chr19","40460651","40460691","KN296367v1","700794","700834","18","39759857"
"chr19","40461046","40461182","KN297095v1","2013580","2013714","29","38447466"
"chr19","40478340","40478540","KN296635v1","2061822","2062028","65","38416518"
"chr19","40511622","40511747","KN296682v1","4980731","4980854","24","35530891"
"chr19","40583027","40583159","KN296877v1","62421","62554","22","40520606"
"chr19","40644192","40644504","KN296303v1","855580","855883","71","39788612"
"chr19","40681985","40682067","KN294470v1","371688","371770","20","40310297"
"chr19","40793973","40794063","KN295236v1","2370219","2370291","31","38423754"
"chr19","40794375","40794531","KN294187v1","1042185","1042330","39","39752190"
"chr19","40817111","40817413","KN294806v1","594997","595290","71","40222114"
"chr19","40820035","40820329","KN296864v1","1939832","1940132","54","38880203"
"chr19","40856144","40856437","KN296036v1","1343901","1344205","80","39512243"
"chr19","40910737","40910886","KN294346v1","402058","402202","42","40508679"
"chr19","40930794","40931082","KN294523v1","15844","16136","56","40914950"
"chr19","41202509","41202818","KN297058v1","194613","194917","68","41007896"
"chr19","41215281","41215582","KN295099v1","55159","55457","71","41160122"
"chr19","41216457","41216746","KN296011v1","67440","67709","100","41149017"
"chr19","41251156","41251279","KN296322v1","997745","997870","22","40253411"
"chr19","41251579","41251743","KN296538v1","1843564","1843714","48","39408015"
"chr19","41255433","41255737","KN297180v1","314236","314539","62","40941197"
"chr19","41278617","41278748","KN294790v1","3690102","3690234","23","37588515"
"chr19","41291473","41291592","KN295854v1","1551692","1551814","25","39739781"
"chr19","41309553","41309854","KN297184v1","1114866","1115167","71","40194687"
"chr19","41314719","41314851","KN296643v1","191078","191208","18","41123641"
"chr19","41314855","41315019","KN297165v1","2667658","2667810","50","38647197"
"chr19","41315633","41315808","KN296508v1","1437177","1437349","42","39878456"
"chr19","41497659","41497976","KN297219v1","1576359","1576655","89","39921300"
"chr19","41831547","41831681","KN296311v1","6471968","6472102","25","35359579"
"chr19","41849802","41850093","KN295352v1","1382929","1383224","66","40466873"
"chr19","41874586","41874701","KN295090v1","1260590","1260700","24","40613996"
"chr19","41875007","41875163","KN294470v1","78054","78217","40","41796953"
"chr19","41960552","41960686","KN296138v1","11819","11953","28","41948733"
"chr19","42011692","42011976","KN294207v1","595798","596096","68","41415894"
"chr19","42025831","42025959","KN294831v1","614035","614165","12","41411796"
"chr19","42298650","42298817","KN294831v1","330977","331143","9","41967673"
"chr19","42308216","42308390","KN297113v1","252877","253050","42","42055339"
"chr19","42308698","42308848","KN296732v1","3303486","3303632","28","39005212"
"chr19","42400822","42401109","KN294831v1","228505","228793","15","42172317"
"chr19","42968970","42969138","KN294207v1","140158","140336","51","42828812"
"chr19","43124245","43124413","KN294269v1","1609579","1609744","49","41514666"
"chr19","43406011","43406146","KN295667v1","2094667","2094776","43","41311344"
"chr19","43452906","43453221","KN296955v1","136917","137220","33","43315989"
"chr19","43544810","43544947","KN297444v1","108890","109031","35","43435920"
"chr19","43618464","43618685","KN294949v1","1658929","1659156","69","41959535"
"chr19","43666075","43666226","KN295328v1","65769","65929","47","43600306"
"chr19","43686189","43686332","KN296955v1","376277","376418","14","43309912"
"chr19","43711929","43712224","KN296955v1","407710","408015","31","43304219"
"chr19","44310844","44311139","KN296955v1","1000239","1000534","17","43310605"
"chr19","44523555","44523705","KN295304v1","718096","718248","37","43805459"
"chr19","44595939","44596040","KN296079v1","635275","635386","33","43960664"
"chr19","44596316","44596494","KN296011v1","315060","315250","51","44281256"
"chr19","44822671","44822926","KN297159v1","1425976","1426241","60","43396695"
"chr19","44823717","44823961","KN297219v1","1689275","1689526","78","43134442"
"chr19","44842157","44842299","KN295605v1","687968","688102","27","44154189"
"chr19","44842591","44842752","KN294470v1","78054","78217","44","44764537"
"chr19","44881088","44881207","KN294193v1","654985","655103","26","44226103"
"chr19","44899156","44899322","KN296732v1","3522095","3522260","38","41377061"
"chr19","44899615","44899791","KN295814v1","1200797","1200979","53","43698818"
"chr19","44995501","44995680","KN296290v1","2993257","2993432","50","42002244"
"chr19","44995987","44996128","KN294218v1","2756614","2756751","29","42239373"
"chr19","45088648","45088730","KN294535v1","80806","80875","20","45007842"
"chr19","45132600","45132648","KN296484v1","840284","840335","11","44292316"
"chr19","45174541","45174836","KN297227v1","1049335","1049619","63","44125206"
"chr19","45401818","45401949","KN294470v1","2235421","2235555","25","43166397"
"chr19","45460337","45460466","KN296643v1","191078","191208","23","45269259"
"chr19","45462306","45462629","KN295102v1","387826","388136","73","45074480"
"chr19","45463842","45463983","KN295441v1","1229847","1229983","33","44233995"
"chr19","45464284","45464440","KN295962v1","2106431","2106583","33","43357853"
"chr19","45484092","45484403","KN296322v1","1648835","1649139","66","43835257"
"chr19","45525134","45525260","KN294172v1","3568097","3568221","27","41957037"
"chr19","45556353","45556657","KN295633v1","778185","778486","76","44778168"
"chr19","45736043","45736337","KN294520v1","992368","992662","81","44743675"
"chr19","45742304","45742494","KN295744v1","541179","541352","47","45201125"
"chr19","45760981","45761125","KN296109v1","701794","701929","52","45059187"
"chr19","45761452","45761569","KN294199v1","969997","970115","19","44791455"
"chr19","46116545","46116653","KN296153v1","3603162","3603273","28","42513383"
"chr19","46117252","46117384","KN296311v1","4657589","4657718","25","41459663"
"chr19","46168062","46168224","KN294964v1","1458973","1459150","47","44709089"
"chr19","46200538","46200820","KN295633v1","625547","625830","73","45574991"
"chr19","46257425","46257707","KN297023v1","640512","640805","70","45616913"
"chr19","46272130","46272278","KN295034v1","243361","243503","31","46028769"
"chr19","46334400","46334534","KN297023v1","686879","687015","23","45647521"
"chr19","46334538","46334847","KN295984v1","1080209","1080517","77","45254329"
"chr19","46418473","46418782","KN294421v1","9377","9683","66","46409096"
"chr19","46594070","46594369","KN296665v1","224506","224804","70","46369564"
"chr19","46694795","46694924","KN294218v1","2756614","2756751","23","43938181"
"chr19","46760463","46760660","KN297154v1","451582","451782","52","46308881"
"chr19","46793962","46794114","KN296743v1","1131978","1132124","38","45661984"
"chr19","46809519","46809587","KN294506v1","84591","84650","19","46724928"
"chr19","46851218","46851338","KN296096v1","3240902","3241016","37","43610316"
"chr19","46910129","46910279","KN295962v1","2106431","2106583","33","44803698"
"chr19","46910592","46910602","KN295459v1","830690","830700","4","46079902"
"chr19","46910891","46911004","KN294372v1","1354040","1354163","27","45556851"
"chr19","46959817","46960138","KN297452v1","409666","409984","76","46550151"
"chr19","47114079","47114159","KN294591v1","157234","157317","17","46956845"
"chr19","47149027","47149150","KN294172v1","6039824","6039947","25","41109203"
"chr19","47247148","47247368","KN295601v1","1689627","1689831","55","45557521"
"chr19","47293991","47294105","KN295967v1","1215770","1215883","26","46078221"
"chr19","47294731","47294933","KN294205v1","957443","957638","54","46337288"
"chr19","47339951","47340256","KN294169v1","205462","205769","76","47134489"
"chr19","47557558","47557768","KN297386v1","2476195","2476402","50","45081363"
"chr19","47586577","47586776","KN294457v1","946089","946274","48","46640488"
"chr19","47587097","47587139","KN296290v1","587719","587750","13","46999378"
"chr19","47631071","47631221","KN294991v1","973655","973815","39","46657416"
"chr19","47631528","47631664","KN294520v1","108989","109124","22","47522539"
"chr19","47775418","47775559","KN295034v1","243361","243503","30","47532057"
"chr19","47976189","47976426","KN294569v1","167642","167877","62","47808547"
"chr19","48028316","48028473","KN294991v1","973655","973815","36","47054661"
"chr19","48028519","48028601","KN296869v1","356593","356675","26","47671926"
"chr19","48030846","48030979","KN294790v1","3690102","3690234","20","44340744"
"chr19","48160727","48161036","KN295667v1","1567361","1567664","62","46593366"
"chr19","48179159","48179473","KN295633v1","778185","778486","68","47400974"
"chr19","48642944","48643117","KN296311v1","2616458","2616622","40","46026486"
"chr19","48643506","48643647","KN295601v1","2833105","2833244","30","45810401"
"chr19","48751531","48751669","KN296142v1","213909","214054","27","48537622"
"chr19","48751971","48752138","KN297256v1","164993","165173","49","48586978"
"chr19","48802915","48803214","KN296357v1","234598","234892","18","48568317"
"chr19","48839459","48839699","KN297159v1","2410056","2410314","77","46429403"
"chr19","48846484","48846783","KN297180v1","314236","314539","56","48532248"
"chr19","49089965","49090109","KN296926v1","1157348","1157489","32","47932617"
"chr19","49092753","49093079","KN297159v1","1425976","1426241","107","47666777"
"chr19","49110921","49111057","KN296486v1","60099","60235","24","49050822"
"chr19","49169635","49169857","KN295907v1","534057","534274","61","48635578"
"chr19","49469883","49470011","KN294705v1","1594003","1594134","25","47875880"
"chr19","49515581","49515726","KN296486v1","443912","444054","9","49071669"
"chr19","49562459","49562585","KN296486v1","492256","492383","7","49070203"
"chr19","49604221","49604343","KN294172v1","3568097","3568221","26","46036124"
"chr19","49744597","49744889","KN296486v1","666296","666588","19","49078301"
"chr19","49749644","49749909","KN296486v1","671648","671915","22","49077996"
"chr19","49774942","49775227","KN297008v1","6549351","6549627","68","43225591"
"chr19","49885535","49885695","KN294172v1","3246195","3246333","43","46639340"
"chr19","49936675","49936903","KN294407v1","812570","812796","63","49124105"
"chr19","50037541","50037810","KN296486v1","974046","974323","26","49063495"
"chr19","50209366","50209502","KN294172v1","6718327","6718460","27","43491039"
"chr19","50339408","50339691","KN295637v1","799799","800078","58","49539609"
"chr19","50342100","50342180","KN296955v1","735728","735803","19","49606372"
"chr19","50400523","50400698","KN296732v1","3070322","3070492","33","47330201"
"chr19","50473345","50473658","KN295375v1","86398","86715","69","50386947"
"chr19","50520655","50520789","KN296138v1","11819","11953","20","50508836"
"chr19","50784921","50785227","KN295406v1","486578","486886","63","50298343"
"chr19","50853481","50853669","KN295205v1","1220428","1220609","51","49633053"
"chr19","50853974","50854107","KN295893v1","5725714","5725847","27","45128260"
"chr19","51040504","51040669","KN294571v1","1492692","1492855","30","49547812"
"chr19","51077004","51077300","KN297046v1","1875391","1875685","74","49201613"
"chr19","51304765","51305039","KN296502v1","1280490","1280768","69","50024275"
"chr19","51652652","51652786","KN295605v1","687968","688102","31","50964684"
"chr19","51747857","51748183","KN296849v1","694658","694962","72","51053199"
"chr19","51950339","51950451","KN294787v1","247438","247555","34","51702901"
"chr19","52009473","52009751","KN295637v1","799799","800078","65","51209674"
"chr19","52177872","52178037","KN294571v1","2119940","2120110","35","50057932"
"chr19","52341632","52341796","KN295347v1","14270","14430","34","52327362"
"chr19","52342104","52342208","KN295459v1","675800","675895","30","51666304"
"chr19","52361922","52362141","KN295610v1","77007","77226","69","52284915"
"chr19","52362423","52362552","KN297154v1","1282191","1282319","32","51080232"
"chr19","52375095","52375172","KN294407v1","169358","169428","32","52205737"
"chr19","52375490","52375509","KN295195v1","164363","164379","9","52211127"
"chr19","52375755","52375938","KN295045v1","1030165","1030337","62","51345590"
"chr19","52400534","52400812","KN296833v1","198739","199022","80","52201795"
"chr19","53070773","53070915","KN297023v1","686879","687015","23","52383894"
"chr19","53071214","53071269","KN296365v1","1871071","1871126","17","51200143"
"chr19","53071560","53071677","KN296577v1","596310","596433","30","52475250"
"chr19","53234251","53234536","KN295352v1","729753","730045","68","52504498"
"chr19","53565362","53565499","KN294806v1","157000","157133","26","53408362"
"chr19","53605032","53605175","KN294548v1","1373473","1373629","32","52231559"
"chr19","53605378","53605628","KN295633v1","550163","550378","74","53055215"
"chr19","53625063","53625353","KN295984v1","2962847","2963132","69","50662216"
"chr19","53701384","53701484","KN296079v1","397109","397211","32","53304275"
"chr19","53761310","53761405","KN295735v1","1823325","1823412","33","51937985"
"chr19","53903597","53903762","KN296864v1","3353170","3353334","39","50550427"
"chr19","54079577","54079705","KN295893v1","2369160","2369293","23","51710417"
"chr19","54091517","54091651","KN297154v1","582564","582702","26","53508953"
"chr19","54091954","54092024","KN294592v1","431867","431922","30","53660087"
"chr19","54176771","54176906","KN296311v1","4815038","4815168","24","49361733"
"chr19","54214025","54214155","KN296138v1","11819","11953","25","54202206"
"chr19","55070243","55070534","KN297008v1","6549351","6549627","62","48520892"
"chr19","55162811","55162970","KN294991v1","973655","973815","32","54189156"
"chr19","55273793","55273928","KN294172v1","740064","740194","29","54533729"
"chr19","55427004","55427292","KN297227v1","1049335","1049619","63","54377669"
"chr19","55516657","55516756","KN294619v1","1400034","1400133","22","54116623"
"chr19","55531572","55531695","KN297038v1","317140","317257","29","55214432"
"chr19","55531988","55532005","KN295236v1","2973161","2973176","3","52558827"
"chr19","55566572","55566706","KN296025v1","179010","179141","26","55387562"
"chr19","55793039","55793179","KN296880v1","198524","198663","17","55594515"
"chr19","56200048","56200112","KN294499v1","1146390","1146454","21","55053658"
"chr19","56553227","56553540","KN295346v1","1646114","1646406","77","54907113"
"chr19","56557222","56557303","KN294501v1","2520808","2520892","19","54036414"
"chr19","56569659","56570000","KN297023v1","640512","640805","104","55929147"
"chr19","56987668","56987979","KN296306v1","2458139","2458449","58","54529529"
"chr19","57084633","57084921","KN296864v1","3138537","3138822","64","53946096"
"chr19","57120142","57120276","KN296926v1","988728","988849","29","56131414"
"chr19","57163297","57163437","KN296665v1","47040","47178","41","57116257"
"chr19","57242953","57243242","KN296502v1","1280490","1280768","72","55962463"
"chr19","57288213","57288494","KN295586v1","4835747","4836042","68","52452466"
"chr19","57319897","57320120","KN296180v1","122438","122659","66","57197459"
"chr19","57495169","57495297","KN295441v1","789788","789916","20","56705381"
"chr19","57545731","57546020","KN294396v1","224755","225042","65","57320976"
"chr19","57582639","57582945","KN294147v1","845655","845948","87","56736984"
"chr19","57921301","57921491","KN296109v1","954717","954902","57","56966584"
"chr19","57982641","57982946","KN295633v1","1633983","1634282","76","56348658"
"chr19","58111357","58111663","KN297320v1","22264","22555","71","58089093"
"chr19","58144694","58144841","KN296356v1","960105","960252","43","57184589"
"chr19","58145149","58145280","KN295102v1","105981","106109","28","58039168"
"chr19","58188243","58188338","KN295705v1","1791772","1791867","28","56396471"
"chr19","58188655","58188676","KN295236v1","2973161","2973176","11","55215494"
"chr19","58188725","58188903","KN296119v1","5280949","5281131","50","52907776"
"chr19","58198905","58199051","KN296315v1","917369","917527","42","57281536"
"chr19","58205331","58205628","KN296495v1","1722244","1722543","81","56483087"
"chr19","58290564","58290747","KN294457v1","946089","946274","44","57344475"
"chr19","58418620","58418909","KN297112v1","2231098","2231393","72","56187522"
"chr19","58494916","58495226","KN296836v1","941548","941848","70","57553368"
"chr19","58508612","58508760","KN296311v1","2361921","2362066","32","56146691"
"chr20","17694583","17694921","KN295988v1","1393664","1393994","80","16300919"
"chr20","37093360","37093639","KN295667v1","935881","936160","66","36157479"
"chr20","167601","167889","KN296244v1","327623","327911","77","160022"
"chr20","334718","334847","KN296322v1","997745","997870","22","663027"
"chr20","379014","379319","KN294161v1","491457","491757","69","112443"
"chr20","446717","446931","KN296847v1","410946","411169","52","35771"
"chr20","461381","461661","KN296948v1","762193","762479","67","300812"
"chr20","476901","477187","KN296303v1","805215","805501","54","328314"
"chr20","498338","498504","KN296000v1","898022","898186","33","399684"
"chr20","524862","525108","KN295171v1","558194","558446","20","33332"
"chr20","526192","526328","KN294536v1","348653","348787","28","177539"
"chr20","546507","546798","KN294571v1","2055636","2055896","74","1509129"
"chr20","644745","645044","KN295171v1","686945","687260","35","42200"
"chr20","832057","832320","KN296726v1","290991","291261","79","541066"
"chr20","1102968","1103245","KN296502v1","1280490","1280768","64","177522"
"chr20","1251487","1251560","KN295171v1","1288776","1288845","7","37289"
"chr20","2012305","2012593","KN296864v1","1939832","1940132","61","72473"
"chr20","2275557","2275838","KN296036v1","2226548","2226840","57","49009"
"chr20","2291952","2292076","KN294172v1","3568097","3568221","22","1276145"
"chr20","2333380","2333695","KN296322v1","1648835","1649139","76","684545"
"chr20","2334663","2334794","KN294705v1","1594003","1594134","19","740660"
"chr20","2362879","2363178","KN296743v1","1912471","1912755","66","450408"
"chr20","2369674","2369979","KN294848v1","998602","998909","67","1371072"
"chr20","2544778","2545052","KN294570v1","166260","166534","60","2378518"
"chr20","2549064","2549355","KN294446v1","591120","591416","76","1957944"
"chr20","2556489","2556754","KN296948v1","999703","999965","66","1556786"
"chr20","2667218","2667432","KN296508v1","1675720","1675934","53","991498"
"chr20","2726319","2726595","KN295480v1","2295514","2295785","69","430805"
"chr20","2770966","2771251","KN296665v1","224506","224804","76","2546460"
"chr20","2773933","2774231","KN296322v1","1648835","1649139","61","1125098"
"chr20","2935570","2935734","KN295995v1","519504","519671","57","2416066"
"chr20","2936034","2936158","KN296682v1","4980731","4980854","27","2044697"
"chr20","2949460","2949591","KN294326v1","522412","522546","22","2427048"
"chr20","2953905","2954077","KN296934v1","868664","868830","43","2085241"
"chr20","2954379","2954522","KN295034v1","243361","243503","22","2711018"
"chr20","2972242","2972490","KN297028v1","105526","105779","66","2866716"
"chr20","2980576","2980706","KN295032v1","22170","22300","33","2958406"
"chr20","2997849","2998196","KN294439v1","130265","130569","104","2867584"
"chr20","3006028","3006157","KN295755v1","75966","76098","24","2930062"
"chr20","3006193","3006470","KN296322v1","1818952","1819227","76","1187241"
"chr20","3062899","3063000","KN296454v1","256011","256110","22","2806888"
"chr20","3096703","3096845","KN295236v1","3633881","3634012","44","537178"
"chr20","3097749","3097832","KN295114v1","90269","90346","22","3007480"
"chr20","3129949","3130226","KN297165v1","2729254","2729527","65","400695"
"chr20","3179776","3180005","KN296180v1","122438","122659","62","3057338"
"chr20","3219327","3219460","KN294193v1","128685","128814","30","3090642"
"chr20","3269209","3269500","KN294539v1","1347688","1347986","76","1921521"
"chr20","3289302","3289462","KN296000v1","898022","898186","41","2391280"
"chr20","3311407","3311549","KN295744v1","212176","212317","30","3099231"
"chr20","3418292","3418596","KN295406v1","422798","423100","60","2995494"
"chr20","3421047","3421180","KN295706v1","131306","131439","22","3289741"
"chr20","3435563","3435705","KN294987v1","646342","646477","34","2789221"
"chr20","3438625","3438910","KN295722v1","1369561","1369836","57","2069064"
"chr20","3667988","3668272","KN297046v1","3625951","3626247","61","42037"
"chr20","3812479","3812603","KN296322v1","997745","997870","25","2814734"
"chr20","3814455","3814574","KN295236v1","3047477","3047602","21","766978"
"chr20","3814856","3815035","KN295352v1","256766","256946","43","3558090"
"chr20","3869007","3869168","KN294456v1","1539243","1539388","46","2329764"
"chr20","3869473","3869587","KN294193v1","654985","655103","33","3214488"
"chr20","3872158","3872441","KN295257v1","300761","301044","59","3571397"
"chr20","3904299","3904599","KN294964v1","1274971","1275281","74","2629328"
"chr20","3968327","3968626","KN295610v1","592544","592831","69","3375783"
"chr20","4073838","4074088","KN296467v1","110003","110248","49","3963835"
"chr20","4350811","4351061","KN296303v1","798953","799193","58","3551858"
"chr20","4534780","4535077","KN295708v1","2790498","2790788","59","1744282"
"chr20","4803472","4803776","KN296864v1","1939832","1940132","65","2863640"
"chr20","4811083","4811357","KN295708v1","1293413","1293681","74","3517670"
"chr20","4941242","4941394","KN294372v1","1088122","1088262","33","3853120"
"chr20","4957174","4957464","KN297112v1","2231098","2231393","74","2726076"
"chr20","5035319","5035610","KN295117v1","112788","113084","62","4922531"
"chr20","5094257","5094426","KN295830v1","127693","127875","44","4966564"
"chr20","5094729","5094835","KN295810v1","455081","455179","30","4639648"
"chr20","5107635","5107829","KN296011v1","315060","315250","47","4792575"
"chr20","5118301","5118545","KN295294v1","3442647","3442882","66","1675654"
"chr20","5125060","5125235","KN295361v1","882059","882232","41","4243001"
"chr20","5232785","5233039","KN295984v1","1341099","1341346","71","3891686"
"chr20","5252790","5253066","KN296766v1","110882","111153","72","5141908"
"chr20","5524159","5524431","KN294570v1","166260","166534","62","5357899"
"chr20","5565228","5565528","KN295592v1","2169141","2169432","73","3396087"
"chr20","5596127","5596410","KN296205v1","601732","602028","84","4994395"
"chr20","5661546","5661831","KN297028v1","97110","97396","51","5564436"
"chr20","5675718","5675985","KN294147v1","1590568","1590837","69","4085150"
"chr20","5692990","5693269","KN296502v1","1280490","1280768","70","4412500"
"chr20","5766781","5766904","KN295459v1","128391","128517","21","5638390"
"chr20","5851206","5851518","KN295667v1","1567361","1567664","66","4283845"
"chr20","5903253","5903543","KN296964v1","1814390","1814681","62","4088863"
"chr20","5976034","5976142","KN294294v1","174673","174776","29","5801361"
"chr20","5994620","5994927","KN295930v1","707632","707929","74","5286988"
"chr20","5995999","5996293","KN296322v1","1648835","1649139","65","4347164"
"chr20","6010801","6011038","KN296303v1","798953","799193","56","5211848"
"chr20","6046028","6046310","KN295984v1","150673","150962","60","5895355"
"chr20","6071895","6071962","KN295027v1","480585","480653","20","5591310"
"chr20","6073304","6073593","KN297180v1","314236","314539","60","5759068"
"chr20","6078492","6078759","KN295828v1","1635308","1635575","88","4443184"
"chr20","6339545","6339829","KN297023v1","640512","640805","55","5699033"
"chr20","6399567","6399858","KN294453v1","316902","317180","69","6082665"
"chr20","7961817","7962090","KN295267v1","81052","81310","67","7880765"
"chr20","8181693","8181985","KN295633v1","778185","778486","69","7403508"
"chr20","8209866","8210070","KN297095v1","2669325","2669548","62","5540541"
"chr20","8236252","8236536","KN296435v1","2611722","2612009","62","5624530"
"chr20","8430683","8430982","KN296244v1","296863","297159","67","8133820"
"chr20","8504873","8505164","KN294260v1","822843","823138","75","7682030"
"chr20","8844437","8844587","KN294569v1","180105","180259","39","8664332"
"chr20","8902725","8903031","KN296322v1","1648835","1649139","69","7253890"
"chr20","8990314","8990579","KN297197v1","1048614","1048879","83","7941700"
"chr20","8999000","8999275","KN294961v1","13893","14150","62","8985107"
"chr20","9073602","9073908","KN296322v1","1648835","1649139","71","7424767"
"chr20","9100383","9100465","KN295633v1","2100867","2100948","13","6999516"
"chr20","9496317","9496427","KN294456v1","1019215","1019322","28","8477102"
"chr20","9497161","9497448","KN295074v1","671311","671581","77","8825850"
"chr20","9575193","9575352","KN294506v1","66333","66500","41","9508860"
"chr20","9589994","9590269","KN297190v1","3826601","3826872","66","5763393"
"chr20","9778234","9778537","KN295352v1","729753","730045","74","9048481"
"chr20","10029053","10029179","KN296577v1","78025","78134","37","9951028"
"chr20","10331776","10332064","KN294260v1","1359230","1359515","59","8972546"
"chr20","10437124","10437288","KN297319v1","373164","373327","36","10063960"
"chr20","10512418","10512571","KN296495v1","2297861","2298026","43","8214557"
"chr20","10785369","10785669","KN297180v1","314236","314539","69","10471133"
"chr20","11084399","11084651","KN297259v1","1032100","1032351","63","10052299"
"chr20","11106943","11107200","KN294987v1","459255","459513","64","10647688"
"chr20","11171383","11171559","KN296643v1","410184","410354","44","10761199"
"chr20","11171585","11171622","KN295368v1","1470938","1470967","15","9700647"
"chr20","11392498","11392801","KN295371v1","798636","798933","74","10593862"
"chr20","12331956","12332091","KN297453v1","84448","84582","23","12247508"
"chr20","12400326","12400636","KN297442v1","2584808","2585101","78","9815518"
"chr20","12520231","12520385","KN294571v1","417305","417453","36","12102926"
"chr20","13020234","13020527","KN294199v1","1022551","1022840","79","11997683"
"chr20","13403688","13403901","KN294372v1","2435922","2436135","54","10967766"
"chr20","13404319","13404608","KN294693v1","1341996","1342279","63","12062323"
"chr20","13473791","13474097","KN295406v1","486578","486886","65","12987213"
"chr20","13523895","13524151","KN294571v1","2055636","2055896","63","11468259"
"chr20","13681966","13682240","KN295705v1","823070","823354","76","12858896"
"chr20","13713199","13713418","KN295441v1","1486178","1486397","66","12227021"
"chr20","13713705","13713817","KN296079v1","635275","635386","23","13078430"
"chr20","13750698","13750989","KN295667v1","1108671","1108966","75","12642027"
"chr20","13834301","13834571","KN295708v1","1293413","1293681","77","12540888"
"chr20","13907293","13907581","KN294260v1","1359230","1359515","62","12548063"
"chr20","14130922","14131145","KN295666v1","152100","152313","63","13978822"
"chr20","14358905","14359215","KN296588v1","282556","282869","63","14076349"
"chr20","14479895","14480171","KN297078v1","256739","257018","26","14223156"
"chr20","14577497","14577791","KN297096v1","6447","6739","61","14571050"
"chr20","14768492","14768618","KN295038v1","817733","817865","27","13950759"
"chr20","14890486","14890778","KN296495v1","2121996","2122287","78","12768490"
"chr20","15341775","15342062","KN297078v1","1126099","1126383","30","14215676"
"chr20","15966460","15966745","KN295984v1","150673","150962","70","15815787"
"chr20","16125917","16126180","KN296303v1","295769","296038","80","15830148"
"chr20","16198360","16198476","KN294848v1","295585","295697","21","15902775"
"chr20","16995347","16995627","KN296921v1","2556540","2556812","57","14438807"
"chr20","17581199","17581494","KN295984v1","150673","150962","62","17430526"
"chr20","17973366","17973653","KN294578v1","639003","639297","69","17334363"
"chr20","18404945","18405220","KN294385v1","307137","307411","59","18097808"
"chr20","18561467","18561762","KN296502v1","1280490","1280768","37","17280977"
"chr20","18684900","18685188","KN294581v1","315061","315366","86","18369839"
"chr20","18801253","18801552","KN294439v1","130265","130569","66","18670988"
"chr20","19203969","19204092","KN295441v1","789788","789916","22","18414181"
"chr20","19216410","19216638","KN297245v1","2387953","2388175","56","16828457"
"chr20","19736485","19736797","KN296502v1","129115","129420","26","19607370"
"chr20","20272997","20273180","KN296322v1","2692448","2692636","47","17580549"
"chr20","20545784","20546104","KN296435v1","3047226","3047546","20","17498558"
"chr20","20719604","20719870","KN295893v1","1879651","1879923","75","18839953"
"chr20","20794570","20794722","KN296528v1","1183043","1183202","36","19611527"
"chr20","20878541","20878827","KN295346v1","2146668","2146952","67","18731873"
"chr20","20958713","20959004","KN295368v1","1939103","1939400","75","19019610"
"chr20","20975127","20975435","KN295933v1","40027","40319","69","20935100"
"chr20","20988018","20988308","KN296435v1","2611722","2612009","17","18376296"
"chr20","21140699","21141016","KN297242v1","1347482","1347793","79","19793217"
"chr20","21184773","21185058","KN296515v1","108704","108986","66","21076069"
"chr20","21284349","21284484","KN296311v1","6471968","6472102","23","14812381"
"chr20","21407581","21407710","KN294470v1","1056764","1056890","21","20350817"
"chr20","21409140","21409442","KN296435v1","2188073","2188360","38","19221067"
"chr20","22624093","22624405","KN295102v1","38793","39103","68","22585300"
"chr20","22625527","22625811","KN295722v1","1369561","1369836","66","21255966"
"chr20","23154665","23154826","KN295721v1","382777","382938","42","22771888"
"chr20","23281055","23281359","KN294954v1","70243","70554","68","23210812"
"chr20","23292387","23292534","KN295744v1","212176","212317","45","23080211"
"chr20","23292831","23292987","KN294790v1","2275744","2275904","39","21017087"
"chr20","23609499","23609590","KN297092v1","3480","3567","8","23606019"
"chr20","23778529","23778815","KN297219v1","1576359","1576655","73","22202170"
"chr20","23860330","23860594","KN296865v1","1172192","1172469","72","22688138"
"chr20","24323350","24323610","KN294214v1","1408875","1409137","22","22914475"
"chr20","24460371","24460499","KN296311v1","4657589","4657718","24","19802782"
"chr20","24987121","24987428","KN295352v1","729753","730045","70","24257368"
"chr20","25435298","25435477","KN294214v1","296841","297020","8","25138457"
"chr20","25435789","25435810","KN295459v1","830690","830700","11","24605099"
"chr20","25436119","25436252","KN295706v1","131306","131439","24","25304813"
"chr20","25528026","25528334","KN294214v1","205693","205998","24","25322333"
"chr20","25649830","25649985","KN294214v1","82066","82204","24","25567764"
"chr20","25735917","25736196","KN295433v1","425544","425817","70","25310373"
"chr20","26090751","26090876","KN296200v1","299464","299591","26","25791287"
"chr20","28588909","28589203","KN294980v1","15695","15980","34","28573214"
"chr20","28591853","28591994","KN296980v1","588776","588919","30","28003077"
"chr20","29091100","29091264","KN296806v1","45135","45300","39","29045965"
"chr20","29093904","29094195","KN294980v1","15695","15980","35","29078209"
"chr20","29419848","29420149","KN295352v1","729753","730045","73","28690095"
"chr20","29488365","29488661","KN294980v1","15695","15980","39","29472670"
"chr20","29491303","29491468","KN296864v1","3353170","3353334","36","26138133"
"chr20","30344788","30344933","KN296311v1","2869685","2869833","32","27475103"
"chr20","30387961","30388125","KN296864v1","3353170","3353334","36","27034791"
"chr20","30390762","30391045","KN294980v1","15695","15980","28","30375067"
"chr20","30524905","30525169","KN295523v1","3469042","3469297","74","27055863"
"chr20","31356138","31356421","KN295171v1","37235","37519","17","31318903"
"chr20","31406795","31406963","KN295925v1","435140","435310","32","30971655"
"chr20","31408163","31408473","KN294604v1","27646","27963","76","31380517"
"chr20","31545483","31545617","KN296880v1","198524","198663","22","31346959"
"chr20","31574365","31574526","KN294991v1","973655","973815","36","30600710"
"chr20","31642740","31642881","KN296210v1","326465","326608","29","31316275"
"chr20","31689096","31689447","KN295755v1","65062","65377","115","31624034"
"chr20","31696630","31696773","KN296210v1","326465","326608","24","31370165"
"chr20","31697073","31697101","KN295405v1","1673998","1674031","13","30023075"
"chr20","31937126","31937260","KN295090v1","610678","610810","18","31326448"
"chr20","31941554","31941791","KN294879v1","1183051","1183277","58","30758503"
"chr20","31990163","31990179","KN295722v1","2808176","2808190","4","29181987"
"chr20","31990215","31990330","KN294741v1","1083617","1083736","22","30906598"
"chr20","32038589","32038902","KN295523v1","4207357","4207655","75","27831232"
"chr20","32123867","32124157","KN296205v1","601732","602028","70","31522135"
"chr20","32287318","32287615","KN294539v1","3359067","3359368","71","28928251"
"chr20","32292335","32292456","KN294571v1","1124149","1124276","31","31168186"
"chr20","32300122","32300285","KN294387v1","3870063","3870220","47","28430059"
"chr20","32300576","32300713","KN295706v1","131306","131439","23","32169270"
"chr20","32300907","32301077","KN294662v1","211735","211913","51","32089172"
"chr20","32320521","32320734","KN295610v1","77007","77226","56","32243514"
"chr20","32657067","32657206","KN295605v1","687968","688102","22","31969099"
"chr20","32672423","32672586","KN294991v1","973655","973815","26","31698768"
"chr20","32731052","32731346","KN294588v1","535062","535349","72","32195990"
"chr20","32738126","32738306","KN296119v1","5280949","5281131","42","27457177"
"chr20","32738596","32738719","KN296322v1","997745","997870","20","31740851"
"chr20","32788519","32788737","KN295941v1","2267763","2267979","53","30520756"
"chr20","32870498","32870801","KN294439v1","130265","130569","58","32740233"
"chr20","32902465","32902622","KN297245v1","2459373","2459526","33","30443092"
"chr20","32904011","32904292","KN295984v1","2962847","2963132","62","29941164"
"chr20","33228928","33229218","KN295034v1","819251","819532","29","32409677"
"chr20","33363624","33363927","KN295034v1","710544","710850","20","32653080"
"chr20","33375878","33376021","KN297327v1","920937","921085","43","32454941"
"chr20","33503692","33503819","KN295034v1","566947","567077","11","32936745"
"chr20","33612813","33613091","KN294758v1","1780351","1780635","76","31832462"
"chr20","33625666","33625820","KN295034v1","243361","243503","35","33382305"
"chr20","33626131","33626254","KN294410v1","486228","486353","41","33139903"
"chr20","33627557","33627655","KN296072v1","165051","165155","34","33462506"
"chr20","33635587","33635891","KN294279v1","506995","507287","81","33128592"
"chr20","33651912","33652046","KN294558v1","284993","285139","33","33366919"
"chr20","33750470","33750644","KN294199v1","600945","601110","40","33149525"
"chr20","33750941","33751073","KN295706v1","131306","131439","19","33619635"
"chr20","33760984","33761148","KN295420v1","396854","397019","41","33364130"
"chr20","33776763","33776959","KN294217v1","1837374","1837571","39","31939389"
"chr20","33780710","33781011","KN295034v1","290945","291245","25","33489765"
"chr20","33821642","33821780","KN295034v1","252527","252664","8","33569115"
"chr20","33831530","33831673","KN295034v1","243361","243503","8","33588169"
"chr20","33832776","33833088","KN297180v1","314236","314539","61","33518540"
"chr20","33974575","33974705","KN295034v1","99253","99383","14","33875322"
"chr20","34093896","34094177","KN294372v1","962653","962931","60","33131243"
"chr20","34119853","34120143","KN295923v1","712217","712514","45","33407636"
"chr20","34211023","34211362","KN296877v1","85378","85680","97","34125645"
"chr20","34401059","34401114","KN295566v1","205010","205067","14","34196049"
"chr20","34443703","34443979","KN296948v1","762193","762479","60","33681510"
"chr20","34655025","34655322","KN296261v1","5571","5867","55","34649454"
"chr20","34696718","34696854","KN297274v1","1606553","1606683","29","33090165"
"chr20","34701717","34701993","KN296783v1","71514","71792","64","34630203"
"chr20","34722437","34722703","KN296926v1","400603","400873","58","34321834"
"chr20","34793482","34793631","KN294346v1","260578","260726","34","34532904"
"chr20","34812734","34812868","KN296880v1","198524","198663","22","34614210"
"chr20","34849162","34849462","KN296783v1","17518","17804","81","34831644"
"chr20","34860664","34860902","KN294147v1","2133356","2133601","64","32727308"
"chr20","35245020","35245326","KN294452v1","1374937","1375240","62","33870083"
"chr20","35293580","35293677","KN294499v1","1744755","1744851","25","33548825"
"chr20","35352686","35352978","KN295814v1","1099950","1100250","68","34252736"
"chr20","35383594","35383863","KN294711v1","1145049","1145313","70","34238545"
"chr20","35430831","35431121","KN295825v1","821816","822091","79","34609015"
"chr20","35449708","35450018","KN297133v1","1562622","1562925","67","33887086"
"chr20","35539685","35539744","KN297274v1","91364","91430","18","35448321"
"chr20","35540214","35540334","KN295802v1","222325","222434","46","35317889"
"chr20","35540626","35540755","KN296365v1","597866","598002","24","34942760"
"chr20","35671401","35671574","KN294571v1","400019","400199","47","35271382"
"chr20","35723783","35724046","KN294571v1","2055636","2055896","72","33668147"
"chr20","35745087","35745250","KN296864v1","3353170","3353334","38","32391917"
"chr20","35845364","35845683","KN294825v1","156055","156355","85","35689309"
"chr20","35943372","35943514","KN294588v1","379826","379951","38","35563546"
"chr20","35970013","35970138","KN295294v1","363845","363973","26","35606168"
"chr20","35985294","35985465","KN296290v1","1572743","1572922","39","34412551"
"chr20","36161762","36162063","KN295352v1","1382929","1383224","66","34778833"
"chr20","36189915","36190207","KN295894v1","2131941","2132242","67","34057974"
"chr20","36317449","36317754","KN294207v1","141842","142144","78","36175607"
"chr20","36347627","36347815","KN295828v1","908100","908291","53","35439527"
"chr20","36380439","36380586","KN296829v1","851332","851478","28","35529107"
"chr20","36538737","36538797","KN294444v1","5135","5190","13","36533602"
"chr20","36552589","36552722","KN296153v1","512139","512272","28","36040450"
"chr20","36667958","36668259","KN294758v1","1361907","1362206","57","35306051"
"chr20","36685321","36685609","KN295171v1","12625","12912","13","36672696"
"chr20","36700764","36701069","KN295923v1","1392828","1393125","66","35307936"
"chr20","36729941","36729964","KN295352v1","586918","586936","8","36143023"
"chr20","36730263","36730467","KN295553v1","69273","69467","51","36660990"
"chr20","36818291","36818412","KN294561v1","781964","782088","23","36036327"
"chr20","36901454","36901750","KN294848v1","998602","998909","55","35902852"
"chr20","36923752","36923791","KN296247v1","752176","752210","11","36171576"
"chr20","37009826","37010054","KN297066v1","791250","791469","65","36218576"
"chr20","37074136","37074433","KN296507v1","738522","738814","64","36335614"
"chr20","37177115","37177288","KN295362v1","840048","840212","45","36337067"
"chr20","37209470","37209782","KN294452v1","1374937","1375240","78","35834533"
"chr20","37231448","37231732","KN294991v1","1709174","1709474","75","35522274"
"chr20","37255749","37256046","KN296495v1","1878500","1878789","64","35377249"
"chr20","37367643","37367934","KN296507v1","738522","738814","62","36629121"
"chr20","37695206","37695487","KN295923v1","1392828","1393125","68","36302378"
"chr20","37893471","37893738","KN296311v1","2300216","2300485","69","35593255"
"chr20","38002973","38003261","KN297023v1","640512","640805","62","37362461"
"chr20","38042153","38042357","KN296635v1","2061822","2062028","40","35980331"
"chr20","38111255","38111576","KN296322v1","1648835","1649139","68","36462420"
"chr20","38112130","38112208","KN296200v1","304987","305055","27","37807143"
"chr20","38331562","38331869","KN296322v1","1648835","1649139","65","36682727"
"chr20","38367910","38368049","KN294199v1","281436","281574","26","38086474"
"chr20","38403210","38403342","KN295605v1","687968","688102","24","37715242"
"chr20","38554797","38555097","KN294578v1","639003","639297","63","37915794"
"chr20","38632694","38632840","KN296732v1","3303486","3303632","23","35329208"
"chr20","38633137","38633276","KN296311v1","2870097","2870240","35","35763040"
"chr20","38696197","38696510","KN294452v1","1374937","1375240","70","37321260"
"chr20","38756931","38757225","KN296864v1","1939832","1940132","58","36817099"
"chr20","38803342","38803632","KN296311v1","2391994","2392268","64","36411348"
"chr20","38846721","38847033","KN294407v1","1142063","1142375","74","37704658"
"chr20","38884654","38884789","KN295361v1","959088","959220","37","37925566"
"chr20","38885066","38885214","KN296732v1","3311835","3311972","30","35573231"
"chr20","39032972","39033242","KN294741v1","582193","582466","66","38450779"
"chr20","39049626","39049759","KN294419v1","211719","211856","33","38837907"
"chr20","39098058","39098184","KN294588v1","379826","379951","30","38718232"
"chr20","39703410","39703532","KN294499v1","518311","518429","27","39185099"
"chr20","39703580","39703743","KN295326v1","444837","444999","35","39258743"
"chr20","39945543","39945856","KN295936v1","78605","78913","78","39866938"
"chr20","40399398","40399707","KN296244v1","296863","297159","77","40102535"
"chr20","40752663","40752983","KN295573v1","1390691","1391001","98","39361972"
"chr20","41018748","41019049","KN294539v1","1347688","1347986","70","39671060"
"chr20","41119334","41119466","KN295526v1","145592","145725","21","40973742"
"chr20","41392487","41392785","KN295352v1","1395278","1395557","77","39997209"
"chr20","41422367","41422615","KN297445v1","1222732","1222973","64","40199635"
"chr20","41535578","41535883","KN295352v1","729753","730045","59","40805825"
"chr20","41666026","41666333","KN296864v1","1939832","1940132","68","39726194"
"chr20","41751686","41751985","KN295205v1","1462650","1462956","62","40289036"
"chr20","41767666","41767708","KN295933v1","22998","23036","15","41744668"
"chr20","41767980","41768004","KN294509v1","336150","336166","12","41431830"
"chr20","42415196","42415362","KN296732v1","3522095","3522260","37","38893101"
"chr20","42415395","42415511","KN294970v1","979848","979962","31","41435547"
"chr20","42417749","42417959","KN295893v1","81858","82067","51","42335891"
"chr20","42460923","42461045","KN295828v1","950130","950251","32","41510793"
"chr20","42461355","42461549","KN295430v1","2495062","2495241","62","39966293"
"chr20","42756769","42757076","KN294452v1","1374937","1375240","73","41381832"
"chr20","42898227","42898487","KN294991v1","1341110","1341371","53","41557117"
"chr20","42930489","42930777","KN295825v1","1331773","1332061","56","41598716"
"chr20","42935179","42935439","KN297386v1","1518927","1519195","57","41416252"
"chr20","43036242","43036409","KN296322v1","2683570","2683717","55","40352672"
"chr20","43045442","43045760","KN294410v1","294657","294975","71","42750785"
"chr20","43073771","43074053","KN296948v1","762193","762479","58","42311578"
"chr20","43473437","43473592","KN294372v1","2365173","2365337","36","41108264"
"chr20","43499064","43499196","KN296926v1","1067515","1067635","39","42431549"
"chr20","43499521","43499656","KN294235v1","972159","972293","24","42527362"
"chr20","43523722","43523751","KN297008v1","6795447","6795471","9","36728275"
"chr20","43524015","43524091","KN296869v1","356593","356675","24","43167422"
"chr20","43618215","43618378","KN294571v1","2119940","2120110","36","41498275"
"chr20","43633882","43634179","KN295708v1","2860090","2860376","71","40773792"
"chr20","43684704","43684858","KN294470v1","385030","385177","40","43299674"
"chr20","43705598","43705672","KN294208v1","486244","486319","23","43219354"
"chr20","43705999","43706126","KN294193v1","128685","128814","27","43577314"
"chr20","43735333","43735581","KN294571v1","1551599","1551840","79","42183734"
"chr20","43750596","43750727","KN294850v1","22304","22436","19","43728292"
"chr20","43808792","43809072","KN297375v1","58397","58674","62","43750395"
"chr20","43862699","43862959","KN294677v1","45530","45799","64","43817169"
"chr20","43895729","43895762","KN296503v1","535002","535030","6","43360727"
"chr20","43896118","43896226","KN297019v1","1003774","1003888","24","42892344"
"chr20","44321104","44321269","KN296538v1","1843564","1843714","48","42477540"
"chr20","44321298","44321414","KN294199v1","969997","970115","25","43351301"
"chr20","44323074","44323167","KN294471v1","360662","360756","25","43962412"
"chr20","44456141","44456447","KN296732v1","2463497","2463809","67","41992644"
"chr20","44477959","44478118","KN295405v1","328891","329050","32","44149068"
"chr20","44481264","44481395","KN294741v1","800030","800163","20","43681234"
"chr20","44545551","44545823","KN294873v1","359478","359763","64","44186073"
"chr20","44569847","44570133","KN297390v1","84191","84473","63","44485656"
"chr20","44600564","44600696","KN295706v1","131306","131439","18","44469258"
"chr20","44668562","44668868","KN297171v1","1715719","1716017","62","42952843"
"chr20","44789561","44789862","KN294260v1","822843","823138","77","43966718"
"chr20","44992234","44992538","KN295705v1","2387051","2387373","89","42605183"
"chr20","44992539","44992674","KN295077v1","850159","850295","29","44142380"
"chr20","45003020","45003301","KN294210v1","473112","473404","69","44529908"
"chr20","45119827","45120122","KN296322v1","1648835","1649139","67","43470992"
"chr20","45268103","45268276","KN295722v1","1530489","1530661","39","43737614"
"chr20","45422447","45422722","KN296311v1","5278234","5278515","77","40144213"
"chr20","45451127","45451414","KN294199v1","1022551","1022840","57","44428576"
"chr20","45617577","45617787","KN295941v1","2267763","2267979","62","43349814"
"chr20","45848082","45848209","KN295236v1","4152720","4152846","24","41695362"
"chr20","45861574","45861876","KN295633v1","909764","910066","69","44951810"
"chr20","45931166","45931312","KN295114v1","20274","20431","37","45910892"
"chr20","45967065","45967237","KN294443v1","437013","437176","55","45530052"
"chr20","45991717","45992034","KN296484v1","414259","414576","78","45577458"
"chr20","45994880","45995043","KN294470v1","78054","78217","36","45916826"
"chr20","46007840","46007993","KN294269v1","1347949","1348104","35","44659891"
"chr20","46086004","46086177","KN294187v1","1190498","1190657","44","44895506"
"chr20","46111981","46112111","KN294172v1","6272486","6272617","27","39839495"
"chr20","46117007","46117316","KN295987v1","206099","206403","69","45910908"
"chr20","46180738","46180926","KN294964v1","1568714","1568904","48","44612024"
"chr20","46180966","46181075","KN297163v1","287904","288020","27","45893062"
"chr20","46389571","46389870","KN295933v1","40027","40319","65","46349544"
"chr20","46555757","46556050","KN294806v1","594997","595290","63","45960760"
"chr20","46579138","46579424","KN296864v1","1939832","1940132","66","44639306"
"chr20","46693692","46693991","KN295893v1","1879651","1879923","82","44814041"
"chr20","46704538","46704565","KN295405v1","1673920","1673943","15","45030618"
"chr20","46705119","46705284","KN296263v1","536654","536807","47","46168465"
"chr20","46715829","46716048","KN294879v1","1183051","1183277","47","45532778"
"chr20","46831015","46831285","KN296921v1","785494","785770","64","46045521"
"chr20","46841175","46841272","KN294243v1","88905","89001","20","46752270"
"chr20","47080886","47081057","KN294703v1","325831","325997","40","46755055"
"chr20","47101075","47101385","KN295667v1","1567361","1567664","57","45533714"
"chr20","47131969","47132243","KN294260v1","1091595","1091881","65","46040374"
"chr20","47261255","47261545","KN296538v1","333498","333794","64","46927757"
"chr20","47345071","47345148","KN296682v1","314021","314103","21","47031050"
"chr20","47386170","47386394","KN296643v1","482284","482494","59","46903886"
"chr20","47419556","47419781","KN295941v1","2267763","2267979","60","45151793"
"chr20","47431276","47431488","KN295666v1","1250969","1251185","58","46180307"
"chr20","47431798","47431894","KN296290v1","2081846","2081943","23","45349952"
"chr20","47443000","47443179","KN296732v1","3522095","3522260","58","43920905"
"chr20","47454709","47454990","KN297133v1","328287","328569","56","47126422"
"chr20","47480356","47480661","KN296322v1","1648835","1649139","69","45831521"
"chr20","47498126","47498174","KN296390v1","202088","202144","13","47296038"
"chr20","47620124","47620386","KN294571v1","2055636","2055896","77","45564488"
"chr20","47634915","47635227","KN294954v1","70243","70554","64","47564672"
"chr20","47692430","47692771","KN297242v1","1347482","1347793","106","46344948"
"chr20","48170190","48170501","KN295561v1","265083","265376","41","47905107"
"chr20","48623168","48623262","KN295287v1","25167","25255","34","48598001"
"chr20","48713523","48713769","KN294897v1","547503","547739","65","48166020"
"chr20","48840829","48840958","KN295564v1","622863","622995","28","48217966"
"chr20","48841017","48841221","KN294208v1","73414","73627","54","48767603"
"chr20","48858914","48859198","KN296948v1","762193","762479","59","48096721"
"chr20","48917851","48918065","KN296225v1","209480","209693","63","48708371"
"chr20","49044628","49044903","KN296201v1","1219226","1219493","63","47825402"
"chr20","49049274","49049480","KN295714v1","24603","24811","50","49024671"
"chr20","49379341","49379630","KN295102v1","387826","388136","67","48991515"
"chr20","49416212","49416329","KN295977v1","66091","66210","22","49350121"
"chr20","49416356","49416516","KN295347v1","14270","14430","30","49402086"
"chr20","49645947","49646142","KN294207v1","140158","140336","55","49505789"
"chr20","49665137","49665419","KN295984v1","150673","150962","66","49514464"
"chr20","49680966","49681239","KN294172v1","528723","529004","64","49152243"
"chr20","49745948","49746165","KN297095v1","2669325","2669548","63","47076623"
"chr20","49856841","49856968","KN295893v1","954528","954662","42","48902313"
"chr20","49879979","49880279","KN294848v1","998602","998909","60","48881377"
"chr20","49924655","49924961","KN295432v1","49437","49735","71","49875218"
"chr20","49991298","49991432","KN295526v1","475989","476122","32","49515309"
"chr20","49991745","49991767","KN294470v1","3034367","3034381","11","46957378"
"chr20","50046636","50046767","KN295441v1","1418402","1418531","21","48628234"
"chr20","50047919","50048048","KN295526v1","475989","476122","21","49571930"
"chr20","50119994","50120268","KN297227v1","1049335","1049619","57","49070659"
"chr20","50181932","50181998","KN295996v1","133273","133341","15","50048659"
"chr20","50182306","50182318","KN294526v1","385203","385213","5","49797103"
"chr20","50188104","50188240","KN295343v1","175201","175335","25","50012903"
"chr20","50350635","50350764","KN294501v1","3946272","3946402","24","46404363"
"chr20","50612812","50613113","KN294452v1","1374937","1375240","58","49237875"
"chr20","50643088","50643124","KN296646v1","838353","838388","14","49804735"
"chr20","50643437","50643543","KN295236v1","1140799","1140905","22","49502638"
"chr20","50658426","50658716","KN295523v1","4207357","4207655","31","46451069"
"chr20","50796831","50797137","KN297066v1","48943","49249","69","50747888"
"chr20","50826576","50826642","KN295523v1","4037028","4037090","9","46789548"
"chr20","50979845","50979971","KN295459v1","128391","128517","24","50851454"
"chr20","51024564","51024664","KN296079v1","397109","397211","26","50627455"
"chr20","51168767","51169085","KN295523v1","3691392","3691704","32","47477375"
"chr20","51197846","51198144","KN295523v1","3662229","3662531","27","47535617"
"chr20","51380020","51380168","KN294193v1","877240","877391","34","50502780"
"chr20","51589843","51590125","KN296964v1","917862","918143","63","50671981"
"chr20","51638585","51638775","KN297026v1","1683472","1683666","49","49955113"
"chr20","52030044","52030194","KN295005v1","263752","263899","31","51766292"
"chr20","52058944","52059236","KN297323v1","97375","97678","65","51961569"
"chr20","52059806","52060107","KN295236v1","4448907","4449215","65","47610899"
"chr20","52184629","52184927","KN295090v1","2374852","2375141","59","49809777"
"chr20","52312726","52313021","KN296507v1","738522","738814","64","51574204"
"chr20","52431223","52431313","KN295523v1","2425436","2425526","5","50005787"
"chr20","53207666","53207999","KN295974v1","1415452","1415775","88","51792214"
"chr20","53549178","53549477","KN296322v1","1648835","1649139","63","51900343"
"chr20","53558490","53558798","KN295523v1","1292612","1292918","17","52265878"
"chr20","53575201","53575482","KN296964v1","1814390","1814681","77","51760811"
"chr20","53795332","53795623","KN294873v1","1303218","1303511","71","52492114"
"chr20","53841429","53841728","KN295755v1","65062","65377","71","53776367"
"chr20","53868253","53868355","KN297319v1","725060","725147","35","53143193"
"chr20","54721183","54721268","KN294591v1","157234","157317","19","54563949"
"chr20","54789814","54789946","KN295294v1","3806061","3806194","21","50983753"
"chr20","55999335","55999651","KN295406v1","486578","486886","74","55512757"
"chr20","56046886","56047160","KN295854v1","1175272","1175533","73","54871614"
"chr20","56227824","56227953","KN296643v1","191078","191208","21","56036746"
"chr20","56505206","56505487","KN295962v1","211219","211498","55","56293987"
"chr20","56655207","56655493","KN297146v1","529862","530151","72","56125345"
"chr20","56677279","56677488","KN295893v1","81858","82067","14","56595421"
"chr20","56980322","56980456","KN296311v1","4815038","4815168","29","52165284"
"chr20","57336091","57336176","KN295893v1","760341","760425","5","56575750"
"chr20","57363524","57363683","KN294271v1","8882","9045","41","57354642"
"chr20","57493810","57493977","KN295441v1","724682","724832","54","56769128"
"chr20","57507929","57508216","KN296244v1","296863","297159","79","57211066"
"chr20","58120803","58121107","KN295893v1","1547585","1547885","21","56573218"
"chr20","58383411","58383611","KN295225v1","1530403","1530580","62","56853008"
"chr20","58393042","58393330","KN296306v1","1771005","1771285","58","56622037"
"chr20","58799735","58800009","KN295893v1","2242053","2242330","23","56557682"
"chr20","58979453","58979749","KN295893v1","2427815","2428106","27","56551638"
"chr20","59076513","59076830","KN295893v1","2526496","2526810","26","56550017"
"chr20","59114660","59114919","KN294569v1","652042","652317","69","58462618"
"chr20","59734267","59734519","KN294458v1","21581","21829","65","59712686"
"chr20","59860638","59860937","KN295893v1","3311452","3311708","57","56549186"
"chr20","60105987","60106277","KN296495v1","1076274","1076557","69","59029713"
"chr20","61087272","61087543","KN295996v1","263481","263767","81","60823791"
"chr20","61486609","61486903","KN297058v1","392670","392966","68","61093939"
"chr20","61671210","61671512","KN295893v1","5129577","5129894","30","56541633"
"chr20","61983374","61983678","KN294452v1","1374937","1375240","71","60608437"
"chr20","62002498","62002792","KN294470v1","849781","850077","74","61152717"
"chr20","62077849","62078085","KN295893v1","5531546","5531784","20","56546303"
"chr20","62268593","62268783","KN295893v1","5725241","5725431","13","56543352"
"chr20","62269073","62269201","KN295893v1","5725714","5725847","18","56543359"
"chr20","63629084","63629203","KN296486v1","323406","323530","31","63305678"
"chr20","63760826","63760971","KN294536v1","420664","420795","44","63340162"
"chr20","63762852","63763159","KN295893v1","7236264","7236572","27","56526588"
"chr20","63930179","63930340","KN295717v1","1207752","1207915","45","62722427"
"chr20","63973245","63973529","KN294199v1","1022551","1022840","59","62950694"
"chr20","63990474","63990636","KN294991v1","973655","973815","37","63016819"
"chr20","63990953","63991085","KN295459v1","830730","830850","32","63160223"
"chr20","64215584","64215894","KN295573v1","1390691","1391001","76","62824893"
"chr20","64260698","64260993","KN294407v1","1718897","1719202","77","62541801"
"chr21","5446983","5447279","KN296205v1","601732","602028","93","4845251"
"chr21","5524399","5524696","KN297023v1","640512","640805","86","4883887"
"chr21","5566627","5566902","KN297165v1","2729254","2729527","77","2837373"
"chr21","5570667","5570963","KN294634v1","387267","387565","100","5183400"
"chr21","5582443","5582584","KN297453v1","84448","84582","37","5497995"
"chr21","5582920","5583089","KN294470v1","2691196","2691354","44","2891724"
"chr21","5760276","5760525","KN294705v1","1107549","1107807","77","4652727"
"chr21","5880860","5881109","KN294705v1","1107549","1107807","77","4773311"
"chr21","6041481","6041618","KN294407v1","3228566","3228701","26","2812915"
"chr21","6041842","6041968","KN294410v1","486228","486353","30","5555614"
"chr21","6237893","6238050","KN294470v1","2691196","2691354","39","3546697"
"chr21","6238390","6238531","KN297453v1","84448","84582","37","6153942"
"chr21","6250011","6250307","KN294634v1","387267","387565","100","5862744"
"chr21","6254072","6254347","KN297165v1","2729254","2729527","77","3524818"
"chr21","6296277","6296574","KN297023v1","640512","640805","86","5655765"
"chr21","6330044","6330310","KN296864v1","2311825","2312107","78","4018219"
"chr21","6339205","6339501","KN296205v1","601732","602028","93","5737473"
"chr21","6351004","6351141","KN296538v1","514898","515032","34","5836106"
"chr21","6351459","6351614","KN295721v1","429780","429935","39","5921679"
"chr21","6637512","6637667","KN295721v1","429780","429935","39","6207732"
"chr21","6637985","6638122","KN296538v1","514898","515032","34","6123087"
"chr21","6649625","6649921","KN296205v1","601732","602028","93","6047893"
"chr21","6658816","6659082","KN296864v1","2311825","2312107","78","4346991"
"chr21","6692552","6692849","KN297023v1","640512","640805","86","6052040"
"chr21","6734780","6735055","KN297165v1","2729254","2729527","77","4005526"
"chr21","6738819","6739085","KN296921v1","785494","785770","90","5953325"
"chr21","6985886","6986152","KN296864v1","2311825","2312107","78","4674061"
"chr21","7019622","7019919","KN297023v1","640512","640805","86","6379110"
"chr21","7061849","7062124","KN297165v1","2729254","2729527","77","4332595"
"chr21","7065889","7066185","KN294634v1","387267","387565","100","6678622"
"chr21","7077665","7077806","KN297453v1","84448","84582","37","6993217"
"chr21","7078146","7078315","KN294470v1","2691196","2691354","44","4386950"
"chr21","7401400","7401697","KN297023v1","640512","640805","86","6760888"
"chr21","7443627","7443902","KN297165v1","2729254","2729527","77","4714373"
"chr21","7447667","7447963","KN294634v1","387267","387565","100","7060400"
"chr21","7459443","7459584","KN297453v1","84448","84582","37","7374995"
"chr21","7459924","7460093","KN294470v1","2691196","2691354","44","4768728"
"chr21","7563952","7564201","KN294705v1","1107549","1107807","77","6456403"
"chr21","7678324","7678481","KN294470v1","2691196","2691354","39","4987128"
"chr21","7678821","7678962","KN297453v1","84448","84582","37","7594373"
"chr21","7690442","7690738","KN294634v1","387267","387565","100","7303175"
"chr21","7768516","7768811","KN294207v1","595798","596096","61","7172718"
"chr21","8158346","8158595","KN294705v1","1107549","1107807","77","7050797"
"chr21","8341391","8341640","KN294705v1","1107549","1107807","77","7233842"
"chr21","8689807","8689908","KN295605v1","83359","83454","28","8606448"
"chr21","8690216","8690242","KN296495v1","369441","369458","12","8320775"
"chr21","9063526","9063685","KN296879v1","14898","15063","22","9048628"
"chr21","9780375","9780682","KN294806v1","594997","595290","68","9185378"
"chr21","9853431","9853708","KN295205v1","848688","848949","74","9004743"
"chr21","10072275","10072572","KN296948v1","762193","762479","73","9310082"
"chr21","13432683","13432822","KN296485v1","157888","158017","42","13274795"
"chr21","13452437","13452725","KN295239v1","10116","10396","30","13442321"
"chr21","13478667","13478827","KN294662v1","211735","211913","60","13266932"
"chr21","13488102","13488279","KN296646v1","637289","637457","43","12850813"
"chr21","14079769","14079957","KN295366v1","286401","286568","52","13793368"
"chr21","14532898","14533216","KN294452v1","1374937","1375240","73","13157961"
"chr21","14975473","14975644","KN294739v1","1010142","1010308","40","13965331"
"chr21","14999023","14999276","KN295633v1","710070","710329","71","14288953"
"chr21","15091906","15092199","KN295356v1","578208","578494","63","14513698"
"chr21","15117672","15117963","KN295257v1","300761","301044","68","14816911"
"chr21","15248370","15248634","KN295962v1","211219","211498","73","15037151"
"chr21","15492410","15492743","KN297442v1","589788","590100","85","14902622"
"chr21","15617328","15617631","KN296322v1","1648835","1649139","64","13968493"
"chr21","15664263","15664600","KN296551v1","173530","173865","93","15490733"
"chr21","15776643","15776851","KN296062v1","1532820","1533033","57","14243823"
"chr21","16240779","16240906","KN295352v1","18004","18135","28","16222775"
"chr21","17079998","17080164","KN295967v1","534752","534906","32","16545246"
"chr21","17138848","17139019","KN294416v1","482366","482538","40","16656482"
"chr21","17246841","17247151","KN294911v1","2419251","2419556","78","14827590"
"chr21","17586469","17586588","KN294711v1","709159","709287","26","16877310"
"chr21","17601378","17601542","KN296528v1","1183043","1183202","40","16418335"
"chr21","17608085","17608385","KN294728v1","765090","765383","72","16842995"
"chr21","17634740","17634920","KN296311v1","2361464","2361632","49","15273276"
"chr21","17887283","17887561","KN296495v1","1076274","1076557","69","16811009"
"chr21","17953320","17953491","KN296311v1","2361464","2361632","36","15591856"
"chr21","18069776","18069909","KN297453v1","84448","84582","20","17985328"
"chr21","18650411","18650576","KN296864v1","3353170","3353334","43","15297241"
"chr21","18859443","18859562","KN296079v1","543351","543465","26","18316092"
"chr21","18948481","18948697","KN296180v1","122438","122659","69","18826043"
"chr21","19136693","19136953","KN297180v1","531711","531948","73","18604982"
"chr21","19584245","19584535","KN295384v1","67573","67866","69","19516672"
"chr21","20002374","20002639","KN294987v1","459255","459513","75","19543119"
"chr21","20010779","20011066","KN294399v1","171378","171682","80","19839401"
"chr21","20042751","20042860","KN294172v1","5235612","5235723","28","14807139"
"chr21","20231237","20231472","KN296608v1","381289","381528","74","19849948"
"chr21","20797388","20797647","KN294571v1","2055636","2055896","62","18741752"
"chr21","20805998","20806087","KN294161v1","775838","775928","23","20030160"
"chr21","20893843","20894119","KN295315v1","11474","11758","73","20882369"
"chr21","20964690","20964815","KN296435v1","403416","403537","33","20561274"
"chr21","21871355","21871638","KN294199v1","1022551","1022840","57","20848804"
"chr21","21910288","21910326","KN295368v1","1470938","1470967","19","20439350"
"chr21","21911112","21911181","KN297105v1","2900123","2900180","28","19010989"
"chr21","22462720","22463005","KN295984v1","150673","150962","63","22312047"
"chr21","22653884","22654156","KN296865v1","583441","583726","75","22070443"
"chr21","23000775","23001080","KN297398v1","103760","104057","74","22897015"
"chr21","23237841","23238139","KN295651v1","513008","513309","26","22724833"
"chr21","23999758","24000000","KN294407v1","169906","170136","72","23829852"
"chr21","24219097","24219241","KN294970v1","979993","980138","37","23239104"
"chr21","24371189","24371483","KN296507v1","738522","738814","63","23632667"
"chr21","24433657","24433970","KN294172v1","3656261","3656556","83","20777396"
"chr21","24655285","24655586","KN296938v1","298054","298338","80","24357231"
"chr21","24762681","24762932","KN297190v1","5951555","5951790","62","18811126"
"chr21","25370771","25371063","KN296864v1","3138537","3138822","70","22232234"
"chr21","25552331","25552640","KN296864v1","1939832","1940132","71","23612499"
"chr21","25661173","25661486","KN296322v1","1648835","1649139","66","24012338"
"chr21","25691372","25691519","KN297038v1","232896","233031","42","25458476"
"chr21","25775319","25775633","KN295102v1","38793","39103","75","25736526"
"chr21","26013652","26013703","KN296311v1","4209313","4209363","13","21804339"
"chr21","26042620","26042926","KN297096v1","6447","6739","69","26036173"
"chr21","26192306","26192433","KN296153v1","2295134","2295268","34","23897172"
"chr21","26192736","26192750","KN294634v1","146917","146929","6","26045819"
"chr21","26193106","26193213","KN295205v1","1234306","1234404","39","24958800"
"chr21","26459472","26459768","KN296964v1","1500308","1500600","74","24959164"
"chr21","26769034","26769351","KN295034v1","290945","291245","77","26478089"
"chr21","27083042","27083162","KN294410v1","486228","486353","31","26596814"
"chr21","27510162","27510429","KN297189v1","235450","235714","69","27274712"
"chr21","28264997","28265251","KN295582v1","905066","905322","77","27359931"
"chr21","28774309","28774608","KN295667v1","1567361","1567664","63","27206948"
"chr21","28804453","28804586","KN294964v1","965459","965591","16","27838994"
"chr21","28858777","28858868","KN296311v1","3055394","3055483","23","25803383"
"chr21","28974775","28974872","KN295854v1","1672898","1672992","12","27301877"
"chr21","29022260","29022559","KN294161v1","491457","491757","79","28530803"
"chr21","29057503","29057612","KN294548v1","68268","68384","26","28989235"
"chr21","29400237","29400482","KN295294v1","2976195","2976447","68","26424042"
"chr21","29457805","29458072","KN295854v1","1175272","1175533","24","28282533"
"chr21","30305895","30306256","KN295102v1","38793","39103","106","30267102"
"chr21","30341737","30342029","KN295854v1","268769","269068","22","30072968"
"chr21","30377414","30377692","KN296119v1","4872321","4872585","76","25505093"
"chr21","30776799","30777053","KN294269v1","1426013","1426264","21","29350786"
"chr21","30843765","30843916","KN294269v1","1347949","1348104","15","29495816"
"chr21","30944895","30945105","KN295610v1","375600","375802","45","30569295"
"chr21","31100955","31101286","KN294269v1","1089159","1089501","36","30011796"
"chr21","31188569","31188873","KN295586v1","5310987","5311300","65","25877582"
"chr21","31214791","31214925","KN294269v1","963084","963218","15","30251707"
"chr21","31318858","31319030","KN294269v1","856259","856445","28","30462599"
"chr21","31362015","31362177","KN296365v1","532697","532854","40","30829318"
"chr21","31528234","31528502","KN294269v1","649633","649901","18","30878601"
"chr21","31772377","31772660","KN295984v1","150673","150962","68","31621704"
"chr21","31773721","31774057","KN296935v1","367102","367444","80","31406619"
"chr21","31797787","31798093","KN294848v1","932997","933294","82","30864790"
"chr21","31876814","31876947","KN297453v1","84448","84582","16","31792366"
"chr21","32191308","32191591","KN296495v1","1076274","1076557","63","31115034"
"chr21","32201539","32201845","KN296620v1","114307","114611","62","32087232"
"chr21","32269833","32270110","KN294842v1","1817337","1817591","84","30452496"
"chr21","32271616","32271742","KN295441v1","1418402","1418531","23","30853214"
"chr21","32276653","32276916","KN297189v1","235450","235714","61","32041203"
"chr21","32329015","32329276","KN294571v1","2055636","2055896","67","30273379"
"chr21","32375664","32375985","KN297180v1","314236","314539","70","32061428"
"chr21","32401508","32401683","KN296498v1","177186","177359","43","32224322"
"chr21","32462120","32462423","KN297026v1","800582","800867","77","31661538"
"chr21","32536591","32536902","KN295633v1","778185","778486","64","31758406"
"chr21","32671026","32671325","KN295261v1","628564","628857","72","32042462"
"chr21","32707277","32707633","KN294604v1","27646","27963","90","32679631"
"chr21","32783734","32784004","KN295830v1","84668","84944","79","32699066"
"chr21","32809396","32809662","KN294513v1","235461","235729","71","32573935"
"chr21","32920009","32920307","KN295294v1","1101026","1101317","64","31818983"
"chr21","32925874","32926162","KN295705v1","823070","823354","66","32102804"
"chr21","32956791","32957092","KN295099v1","55159","55457","64","32901632"
"chr21","33168656","33168792","KN296311v1","6471968","6472102","23","26696688"
"chr21","33364844","33365134","KN295984v1","150673","150962","61","33214171"
"chr21","33591770","33591985","KN296508v1","1675720","1675934","54","31916050"
"chr21","33599635","33599932","KN297046v1","1875391","1875685","69","31724244"
"chr21","33614204","33614513","KN297190v1","6401851","6402158","64","27212353"
"chr21","33657705","33657994","KN297023v1","640512","640805","62","33017193"
"chr21","33738802","33739093","KN294520v1","992368","992662","62","32746434"
"chr21","33748194","33748471","KN295820v1","884516","884794","74","32863678"
"chr21","33748982","33749288","KN294421v1","9377","9683","70","33739605"
"chr21","34176396","34176589","KN297026v1","1683472","1683666","45","32492924"
"chr21","34359405","34359727","KN295667v1","1567361","1567664","69","32792044"
"chr21","34399040","34399335","KN294207v1","595798","596096","61","33803242"
"chr21","35379520","35379827","KN295633v1","778185","778486","65","34601335"
"chr21","35419372","35419653","KN294677v1","45530","45799","64","35373842"
"chr21","35949363","35949657","KN297320v1","22264","22555","62","35927099"
"chr21","35949689","35949699","KN294526v1","385203","385213","2","35564486"
"chr21","36005990","36006298","KN294848v1","998602","998909","66","35007388"
"chr21","36120031","36120350","KN294949v1","1551468","1551789","75","34568563"
"chr21","36393255","36393306","KN294911v1","2236777","2236825","10","34156478"
"chr21","36602022","36602147","KN294181v1","1238414","1238539","8","35363608"
"chr21","36736915","36737228","KN296322v1","1648835","1649139","61","35088080"
"chr21","36755116","36755424","KN294181v1","1090988","1091310","37","35664128"
"chr21","36801799","36801932","KN294181v1","1038417","1038549","8","35763382"
"chr21","37129632","37129931","KN296502v1","1280490","1280768","76","35849142"
"chr21","37574093","37574225","KN296096v1","3053461","3053592","16","34520632"
"chr21","38116765","38116953","KN296588v1","899416","899601","49","37217349"
"chr21","38666556","38666685","KN297259v1","1176832","1176951","36","37489724"
"chr21","38666989","38667135","KN294407v1","2863006","2863150","37","35803983"
"chr21","38827771","38828060","KN296883v1","2609802","2610089","61","36217969"
"chr21","39001588","39001707","KN296365v1","1005014","1005155","27","37996574"
"chr21","39156336","39156514","KN296119v1","5280949","5281131","43","33875387"
"chr21","39203186","39203434","KN296365v1","808545","808811","44","38394641"
"chr21","39240340","39240509","KN295774v1","149577","149746","35","39090763"
"chr21","39290855","39291102","KN296365v1","715186","715432","22","38575669"
"chr21","39401211","39401347","KN296365v1","597866","598002","9","38803345"
"chr21","39460790","39460951","KN296365v1","532697","532854","15","38928093"
"chr21","39465042","39465197","KN296210v1","326465","326608","39","39138577"
"chr21","39549188","39549281","KN296365v1","449089","449188","14","39100099"
"chr21","39761665","39761966","KN297058v1","194613","194917","64","39567052"
"chr21","39797527","39797820","KN296365v1","219443","219738","22","39578084"
"chr21","39912710","39912971","KN296365v1","101745","101991","34","39810965"
"chr21","40278451","40278714","KN297165v1","2729254","2729527","83","37549197"
"chr21","40555626","40555928","KN295352v1","729753","730045","76","39825873"
"chr21","40752544","40752701","KN294856v1","256027","256175","45","40496517"
"chr21","41709856","41710084","KN295544v1","170469","170697","20","41539387"
"chr21","41941071","41941383","KN294452v1","1374937","1375240","74","40566134"
"chr21","42014941","42015078","KN296829v1","851332","851478","33","41163609"
"chr21","42899916","42900213","KN294172v1","1944132","1944423","65","40955784"
"chr21","42991206","42991335","KN296743v1","643308","643437","28","42347898"
"chr21","42995965","42996222","KN295722v1","41860","42121","68","42954105"
"chr21","42996713","42996866","KN296732v1","3303486","3303632","27","39693227"
"chr21","43496600","43496726","KN294410v1","486228","486353","30","43010372"
"chr21","43496950","43497087","KN294407v1","3228566","3228701","26","40268384"
"chr21","43585025","43585312","KN296261v1","5571","5867","29","43579454"
"chr21","43597519","43597816","KN294161v1","491457","491757","68","43106062"
"chr21","43614083","43614380","KN294207v1","595798","596096","60","43018285"
"chr21","43706807","43706938","KN295906v1","88165","88296","20","43618642"
"chr21","43843699","43843832","KN295294v1","3806061","3806194","23","40037638"
"chr21","44065864","44065989","KN296261v1","491237","491366","17","43574627"
"chr21","45215041","45215346","KN296520v1","1454899","1455203","16","43760142"
"chr21","45729829","45730027","KN296520v1","962122","962322","10","44767707"
"chr21","45732656","45732932","KN297200v1","235109","235385","66","45497547"
"chr21","45881546","45881592","KN297094v1","101787","101835","8","45779759"
"chr21","46282026","46282151","KN295032v1","22170","22300","28","46259856"
"chr21","46341532","46341666","KN296520v1","371876","372009","10","45969656"
"chr21","46373023","46373313","KN295117v1","112788","113084","66","46260235"
"chr21","46666697","46666824","KN296538v1","514898","515032","29","46151799"
"chr22","24117197","24117499","KN297190v1","6401851","6402158","58","17715346"
"chr22","30801692","30801975","KN296306v1","1771005","1771285","65","29030687"
"chr22","10947570","10947860","KN294980v1","15695","15980","28","10931875"
"chr22","10950506","10950671","KN296864v1","3353170","3353334","35","7597336"
"chr22","11475662","11475915","KN296879v1","875266","875519","69","10600396"
"chr22","12614915","12615079","KN296864v1","3353170","3353334","36","9261745"
"chr22","12617726","12618019","KN294980v1","15695","15980","40","12602031"
"chr22","15486207","15486364","KN295708v1","2199659","2199817","42","13286548"
"chr22","15818175","15818299","KN294172v1","6039824","6039947","31","9778351"
"chr22","16524489","16524652","KN294842v1","123455","123618","7","16401034"
"chr22","16842253","16842508","KN294416v1","622582","622830","24","16219671"
"chr22","16885800","16885901","KN295605v1","83359","83454","28","16802441"
"chr22","16886213","16886244","KN296367v1","700794","700834","15","16185419"
"chr22","17054678","17054948","KN295257v1","1053950","1054233","77","16000728"
"chr22","17123861","17123908","KN294848v1","35379","35428","13","17088482"
"chr22","17124202","17124390","KN294199v1","600945","601110","48","16523257"
"chr22","17234495","17234616","KN296402v1","596172","596293","5","16638323"
"chr22","17282576","17282635","KN295566v1","205010","205067","13","17077566"
"chr22","17428641","17428775","KN295526v1","145592","145725","23","17283049"
"chr22","17442282","17442538","KN295846v1","219637","219884","67","17222645"
"chr22","17479762","17480059","KN295406v1","486578","486886","63","16993184"
"chr22","17509416","17509622","KN294407v1","81677","81857","53","17427739"
"chr22","17540954","17541083","KN295352v1","18004","18135","21","17522950"
"chr22","17619609","17619734","KN296311v1","4815038","4815168","28","12804571"
"chr22","17648416","17648551","KN294536v1","348653","348787","22","17299763"
"chr22","17653496","17653798","KN295480v1","1274084","1274387","64","16379412"
"chr22","17717805","17718114","KN294421v1","9377","9683","70","17708428"
"chr22","17929094","17929403","KN296322v1","1648835","1649139","67","16280259"
"chr22","17947587","17947864","KN296921v1","785494","785770","70","17162093"
"chr22","17962850","17963051","KN294205v1","957443","957638","54","17005407"
"chr22","17967626","17967764","KN296880v1","198524","198663","20","17769102"
"chr22","18586853","18587135","KN296833v1","198739","199022","66","18388114"
"chr22","18596234","18596365","KN295102v1","105981","106109","28","18490253"
"chr22","18603953","18604092","KN294506v1","236315","236445","27","18367638"
"chr22","18933193","18933272","KN295996v1","133273","133341","26","18799920"
"chr22","18933576","18933713","KN295034v1","243361","243503","24","18690215"
"chr22","18981936","18982066","KN296200v1","299464","299591","17","18682472"
"chr22","19004248","19004387","KN296573v1","15418","15557","12","18988830"
"chr22","19004800","19004948","KN296210v1","326465","326608","31","18678335"
"chr22","19008170","19008265","KN297092v1","3480","3567","20","19004690"
"chr22","19103764","19104044","KN294978v1","931603","931872","78","18172161"
"chr22","19146590","19146894","KN297184v1","1114866","1115167","61","18031724"
"chr22","19243350","19243626","KN295171v1","12625","12912","66","19230725"
"chr22","19250328","19250508","KN294421v1","1567367","1567552","41","17682961"
"chr22","19264024","19264242","KN295596v1","3046296","3046522","61","16217728"
"chr22","19271835","19272127","KN294399v1","47015","47310","66","19224820"
"chr22","19294773","19295034","KN296308v1","509786","510061","70","18784987"
"chr22","19374286","19374453","KN295361v1","882059","882232","40","18492227"
"chr22","19401306","19401379","KN296859v1","1472329","1472410","25","17928977"
"chr22","19439555","19439852","KN295633v1","778185","778486","62","18661370"
"chr22","19532836","19532958","KN294172v1","6267293","6267414","22","13265543"
"chr22","19605284","19605467","KN295984v1","2369482","2369693","71","17235802"
"chr22","19635515","19635812","KN295346v1","1646114","1646406","53","17989401"
"chr22","19646175","19646462","KN297171v1","2449987","2450273","66","17196188"
"chr22","19682760","19683062","KN294271v1","681887","682185","69","19000873"
"chr22","19697989","19698294","KN296096v1","1326102","1326406","60","18371887"
"chr22","19952030","19952290","KN296921v1","785494","785770","63","19166536"
"chr22","19966461","19966726","KN295967v1","1520844","1521111","56","18445617"
"chr22","20385124","20385416","KN294260v1","822843","823138","69","19562281"
"chr22","20470368","20470655","KN295294v1","1101026","1101317","63","19369342"
"chr22","20494105","20494275","KN296424v1","418765","418954","28","20075340"
"chr22","20540412","20540580","KN296424v1","362797","362959","33","20177615"
"chr22","20599838","20600119","KN295099v1","55159","55457","69","20544679"
"chr22","20759044","20759343","KN296322v1","1648835","1649139","59","19110209"
"chr22","20847330","20847441","KN296153v1","1944022","1944129","24","18903308"
"chr22","20914959","20915092","KN295605v1","687968","688102","20","20226991"
"chr22","20949370","20949413","KN296424v1","39717","39759","5","20909653"
"chr22","21054044","21054254","KN294410v1","83961","84167","63","20970083"
"chr22","21076401","21076683","KN295236v1","3439491","3439763","74","17636910"
"chr22","21391202","21391341","KN294506v1","236315","236445","27","21154887"
"chr22","21398978","21399109","KN295102v1","105981","106109","28","21292997"
"chr22","21408203","21408486","KN296833v1","198739","199022","67","21209464"
"chr22","21452524","21452777","KN294705v1","1107549","1107807","71","20344975"
"chr22","21526401","21526684","KN296833v1","198739","199022","67","21327662"
"chr22","21535756","21535887","KN295102v1","105981","106109","28","21429775"
"chr22","21543493","21543632","KN294506v1","236315","236445","27","21307178"
"chr22","21580887","21581055","KN296738v1","200423","200579","38","21380464"
"chr22","21581350","21581483","KN296101v1","38623","38748","23","21542727"
"chr22","21645693","21645815","KN295405v1","40213","40332","29","21605480"
"chr22","21659692","21660001","KN296864v1","1939832","1940132","60","19719860"
"chr22","21874854","21875168","KN297046v1","3065440","3065749","69","18809414"
"chr22","21935589","21935715","KN295441v1","789788","789916","23","21145801"
"chr22","21936024","21936189","KN294991v1","973655","973815","41","20962369"
"chr22","22516072","22516264","KN294457v1","946089","946274","56","21569983"
"chr22","22517015","22517122","KN295308v1","2064887","2064983","28","20452128"
"chr22","22517125","22517257","KN296153v1","2092324","2092451","22","20424801"
"chr22","22527935","22528063","KN296643v1","191078","191208","23","22336857"
"chr22","22610049","22610298","KN296311v1","2581889","2582135","63","20028160"
"chr22","22839416","22839701","KN296948v1","762193","762479","76","22077223"
"chr22","23139780","23140068","KN295117v1","112788","113084","72","23026992"
"chr22","23147325","23147632","KN296322v1","1648835","1649139","63","21498490"
"chr22","23213541","23213859","KN296322v1","1648835","1649139","59","21564706"
"chr22","23503620","23503744","KN296682v1","4980731","4980854","22","18522889"
"chr22","23650935","23651233","KN296109v1","1132718","1133008","71","22518217"
"chr22","23785686","23785971","KN296498v1","406448","406759","40","23379238"
"chr22","23804200","23804364","KN297113v1","252877","253050","38","23551323"
"chr22","23885071","23885354","KN295722v1","1369561","1369836","62","22515510"
"chr22","23943815","23944132","KN296252v1","147832","148144","74","23795983"
"chr22","23997206","23997522","KN294954v1","70243","70554","75","23926963"
"chr22","24017902","24018150","KN294536v1","1638405","1638659","61","22379497"
"chr22","24037303","24037595","KN296498v1","138909","139198","17","23898394"
"chr22","24058030","24058316","KN295257v1","1053950","1054233","71","23004080"
"chr22","24074915","24075229","KN295294v1","1252231","1252546","80","22822684"
"chr22","24138314","24138434","KN295567v1","246725","246842","41","23891589"
"chr22","24382740","24382885","KN296573v1","15418","15557","12","24367322"
"chr22","24386315","24386419","KN296849v1","453699","453797","23","23932616"
"chr22","24456506","24456808","KN297165v1","2596688","2597002","59","21859818"
"chr22","24544730","24545052","KN295480v1","1274084","1274387","82","23270646"
"chr22","24590126","24590407","KN294634v1","387267","387565","73","24202859"
"chr22","24787141","24787440","KN297141v1","17086","17384","73","24770055"
"chr22","24854541","24854827","KN294984v1","94202","94491","63","24760339"
"chr22","24902392","24902712","KN297094v1","93400","93721","16","24808992"
"chr22","24902779","24903056","KN295930v1","508859","509136","65","24393920"
"chr22","24910372","24910650","KN295352v1","729753","730045","57","24180619"
"chr22","25255336","25255413","KN294613v1","681367","681441","22","24573969"
"chr22","25256237","25256528","KN297442v1","2755613","2755926","48","22500624"
"chr22","25256529","25256653","KN297442v1","2755478","2755612","18","22501051"
"chr22","25397964","25398109","KN294218v1","2756614","2756751","28","22641350"
"chr22","25504171","25504248","KN297349v1","428274","428357","20","25075897"
"chr22","25505069","25505369","KN297442v1","2755613","2755926","53","22749456"
"chr22","25656311","25656615","KN297442v1","2584808","2585101","40","23071503"
"chr22","25752496","25752686","KN294540v1","770939","771118","56","24981557"
"chr22","25753931","25754036","KN294561v1","66580","66689","35","25687351"
"chr22","26138287","26138575","KN296825v1","2323044","2323333","66","23815243"
"chr22","26338387","26338569","KN297442v1","1889157","1889330","24","24449230"
"chr22","26338854","26339001","KN297442v1","1888681","1888848","25","24450173"
"chr22","26399724","26400025","KN297442v1","1825702","1825995","30","24574022"
"chr22","26520619","26520691","KN297442v1","1704920","1704992","4","24815699"
"chr22","26685702","26686001","KN297442v1","1543742","1544012","42","25141960"
"chr22","27520150","27520281","KN295090v1","610678","610810","18","26909472"
"chr22","27578445","27578747","KN296507v1","738522","738814","53","26839923"
"chr22","27729781","27730067","KN297390v1","84191","84473","60","27645590"
"chr22","27838540","27838820","KN296948v1","762193","762479","63","27076347"
"chr22","27902717","27903010","KN294539v1","1096217","1096495","83","26806500"
"chr22","27932254","27932585","KN297442v1","283328","283661","32","27648926"
"chr22","27952079","27952363","KN294578v1","639003","639297","78","27313076"
"chr22","28199432","28199521","KN297442v1","15487","15576","2","28183945"
"chr22","28297199","28297485","KN295302v1","381457","381740","76","27915742"
"chr22","28318813","28319126","KN294564v1","200357","200654","42","28118456"
"chr22","28328150","28328450","KN294564v1","186725","187023","25","28141425"
"chr22","28512980","28513145","KN296864v1","3353170","3353334","41","25159810"
"chr22","28518334","28518607","KN296306v1","1771005","1771285","66","26747329"
"chr22","28675809","28675969","KN294842v1","123455","123618","8","28552354"
"chr22","28768330","28768622","KN295352v1","729753","730045","65","28038577"
"chr22","28771549","28771846","KN295633v1","909764","910066","76","27861785"
"chr22","28844960","28845243","KN297008v1","6549351","6549627","62","22295609"
"chr22","28850222","28850438","KN296119v1","805789","806002","40","28044433"
"chr22","28890751","28891046","KN294842v1","334500","334798","44","28556251"
"chr22","28991863","28992152","KN296948v1","762193","762479","64","28229670"
"chr22","29007361","29007639","KN296036v1","2226548","2226840","73","26780813"
"chr22","29165196","29165415","KN294978v1","3775328","3775560","62","25389868"
"chr22","29189222","29189526","KN297180v1","314236","314539","64","28874986"
"chr22","29193727","29194011","KN294842v1","647613","647907","35","28546114"
"chr22","29198150","29198304","KN294842v1","652653","652804","14","28545497"
"chr22","29219498","29219792","KN294210v1","473112","473404","57","28746386"
"chr22","29236112","29236396","KN294513v1","235461","235729","69","29000651"
"chr22","29251510","29251664","KN295962v1","2106431","2106583","34","27145079"
"chr22","29251969","29252107","KN294378v1","643788","643925","26","28608181"
"chr22","29389241","29389403","KN296000v1","898022","898186","32","28491219"
"chr22","29445249","29445563","KN295667v1","1567361","1567664","69","27877888"
"chr22","29484680","29484736","KN296365v1","1871071","1871126","17","27613609"
"chr22","29494218","29494501","KN294842v1","940370","940668","32","28553848"
"chr22","29502788","29503011","KN295610v1","77007","77226","52","29425781"
"chr22","29524991","29525301","KN295936v1","78605","78913","66","29446386"
"chr22","29583195","29583319","KN294456v1","1028969","1029075","43","28554226"
"chr22","29615292","29615576","KN296495v1","1076274","1076557","63","28539018"
"chr22","29759495","29759781","KN294842v1","1200722","1201015","30","28558773"
"chr22","29764812","29764934","KN295236v1","3047477","3047602","24","26717335"
"chr22","29771099","29771368","KN295987v1","1142083","1142355","60","28629016"
"chr22","29795227","29795361","KN294842v1","1240164","1240299","9","28555063"
"chr22","29802519","29802659","KN294842v1","1247859","1247999","10","28554660"
"chr22","29890840","29891040","KN295294v1","144515","144695","64","29746325"
"chr22","30082509","30082855","KN295294v1","1252231","1252546","122","28830278"
"chr22","30154786","30155104","KN294842v1","1604522","1604818","47","28550264"
"chr22","30281110","30281265","KN294513v1","518116","518264","36","29762994"
"chr22","30281889","30282043","KN295869v1","1015956","1016090","40","29265933"
"chr22","30316450","30316669","KN296508v1","358799","359013","53","29957651"
"chr22","30359873","30360168","KN294842v1","1817337","1817591","60","28542536"
"chr22","30496109","30496423","KN296759v1","210528","210836","74","30285581"
"chr22","30511673","30511919","KN294949v1","1658929","1659156","72","28852744"
"chr22","30558121","30558425","KN296665v1","42502","42809","7","30515619"
"chr22","30562059","30562321","KN295586v1","185554","185803","62","30376505"
"chr22","30562329","30562462","KN296665v1","47040","47178","10","30515289"
"chr22","30569806","30570109","KN296665v1","54883","55187","26","30514923"
"chr22","30629343","30629529","KN296153v1","1529421","1529604","44","29099922"
"chr22","31017277","31017405","KN295755v1","75966","76098","25","30941311"
"chr22","31067887","31068017","KN295294v1","3806061","3806194","22","27261826"
"chr22","31174380","31174667","KN296507v1","738522","738814","68","30435858"
"chr22","31181105","31181360","KN294552v1","1295874","1296134","59","29885231"
"chr22","31188545","31188823","KN294199v1","1022551","1022840","66","30165994"
"chr22","31323893","31324160","KN295045v1","602412","602688","28","30721481"
"chr22","31393610","31393869","KN297046v1","3526635","3526886","72","27866975"
"chr22","31396460","31396637","KN295045v1","685836","686001","22","30710624"
"chr22","31396638","31396993","KN296732v1","2463497","2463809","106","28933141"
"chr22","31396994","31397005","KN294526v1","385203","385213","2","31011791"
"chr22","31413089","31413393","KN295045v1","704090","704387","37","30708999"
"chr22","31418161","31418471","KN294451v1","1149434","1149741","71","30268727"
"chr22","31421138","31421421","KN295045v1","712300","712578","23","30708838"
"chr22","31458926","31459226","KN294452v1","1374937","1375240","57","30083989"
"chr22","31521030","31521125","KN294570v1","273775","273869","24","31247255"
"chr22","31582933","31583087","KN296263v1","302894","303046","37","31280039"
"chr22","31744037","31744133","KN296682v1","314021","314103","23","31430016"
"chr22","31744433","31744572","KN296311v1","4815038","4815168","28","26929395"
"chr22","31745942","31746195","KN294552v1","1295874","1296134","64","30450068"
"chr22","31761535","31761683","KN295936v1","2275690","2275835","38","29485845"
"chr22","31765190","31765290","KN296322v1","2683415","2683511","28","29081775"
"chr22","31765589","31765729","KN295090v1","431576","431699","55","31334013"
"chr22","31786612","31786771","KN295077v1","389351","389507","38","31397261"
"chr22","31787525","31787843","KN295110v1","82228","82539","84","31705297"
"chr22","31797929","31798221","KN295045v1","1081200","1081492","27","30716729"
"chr22","31811554","31811845","KN295045v1","1095810","1096101","21","30715744"
"chr22","31900796","31900960","KN294571v1","1492692","1492855","42","30408104"
"chr22","31901262","31901363","KN295967v1","566167","566260","31","31335095"
"chr22","31996180","31996390","KN295610v1","375600","375802","44","31620580"
"chr22","32004595","32004891","KN295045v1","1293233","1293530","18","30711362"
"chr22","32032981","32033276","KN295352v1","729753","730045","57","31303228"
"chr22","32051375","32051679","KN296759v1","210528","210836","63","31840847"
"chr22","32060579","32060864","KN297227v1","1049335","1049619","66","31011244"
"chr22","32244569","32244829","KN296775v1","1278894","1279188","51","30965675"
"chr22","32265119","32265399","KN296775v1","1257852","1258131","20","31007267"
"chr22","32317448","32317765","KN294172v1","2763436","2763754","34","29554012"
"chr22","32390857","32391091","KN294842v1","1817337","1817591","65","30573520"
"chr22","32392944","32393235","KN295352v1","729753","730045","61","31663191"
"chr22","32404448","32404670","KN295601v1","3201776","3202001","56","29202672"
"chr22","32430650","32430922","KN294372v1","962653","962931","64","31467997"
"chr22","32609477","32609791","KN295099v1","55159","55457","73","32554318"
"chr22","33029174","33029482","KN294161v1","491457","491757","62","32537717"
"chr22","33330341","33330516","KN295523v1","4072248","4072409","57","29258093"
"chr22","33375744","33375903","KN294739v1","903316","903465","36","32472428"
"chr22","33461197","33461314","KN296775v1","974808","974917","14","32486389"
"chr22","33509452","33509747","KN296864v1","1939832","1940132","61","31569620"
"chr22","33602586","33602811","KN297274v1","155280","155497","47","33447306"
"chr22","33952212","33952284","KN296557v1","576863","576932","16","33375349"
"chr22","33972268","33972576","KN296836v1","993587","993901","56","32978681"
"chr22","33979418","33979630","KN296775v1","452941","453159","12","33526477"
"chr22","34048524","34048656","KN296775v1","381674","381805","9","33666850"
"chr22","34142296","34142589","KN294831v1","228505","228793","70","33913791"
"chr22","35270984","35271246","KN294570v1","166260","166534","79","35104724"
"chr22","35374311","35374503","KN296201v1","2889299","2889484","47","32485012"
"chr22","35513313","35513451","KN297133v1","268061","268193","41","35245252"
"chr22","35712383","35712517","KN294396v1","327796","327925","21","35384587"
"chr22","35878422","35878741","KN296948v1","762193","762479","84","35116229"
"chr22","35999284","35999571","KN294539v1","1096217","1096495","76","34903067"
"chr22","36001479","36001774","KN297323v1","97375","97678","65","35904104"
"chr22","36120387","36120659","KN296883v1","3290038","3290316","58","32830349"
"chr22","36149897","36150111","KN296643v1","482284","482494","62","35667613"
"chr22","36302305","36302364","KN296138v1","489235","489293","14","35813070"
"chr22","36470656","36470786","KN295706v1","131306","131439","22","36339350"
"chr22","36600239","36600429","KN294697v1","83411","83597","40","36516828"
"chr22","36729744","36730005","KN295282v1","123186","123460","66","36606558"
"chr22","37575190","37575464","KN297242v1","1171024","1171287","68","36404166"
"chr22","37599584","37599803","KN295610v1","375600","375802","47","37223984"
"chr22","37670617","37670922","KN295633v1","778185","778486","81","36892432"
"chr22","37788656","37788832","KN294548v1","490123","490280","48","37298533"
"chr22","37792981","37793264","KN294991v1","1341110","1341371","70","36451871"
"chr22","37814665","37814773","KN295077v1","303624","303729","25","37511041"
"chr22","37856378","37856509","KN296738v1","199999","200129","35","37656379"
"chr22","37895617","37895758","KN296210v1","326465","326608","25","37569152"
"chr22","37896052","37896234","KN295430v1","2495062","2495241","47","35400990"
"chr22","37902826","37902858","KN297154v1","1926468","1926500","13","35976358"
"chr22","37920503","37920639","KN295441v1","1229847","1229983","30","36690656"
"chr22","37920939","37921100","KN294407v1","109423","109582","32","37811516"
"chr22","37949878","37950099","KN296225v1","209480","209693","73","37740398"
"chr22","38145033","38145328","KN295667v1","1567361","1567664","64","36577672"
"chr22","38547069","38547308","KN294420v1","263951","264214","71","38283118"
"chr22","38563574","38563702","KN296311v1","4815038","4815168","27","33748536"
"chr22","38564000","38564190","KN297219v1","1836839","1837031","41","36727161"
"chr22","38584483","38584774","KN295977v1","399743","400033","59","38184740"
"chr22","38626945","38627107","KN294613v1","471626","471777","43","38155319"
"chr22","38719317","38719607","KN295319v1","303201","303480","64","38416116"
"chr22","38744297","38744586","KN294172v1","4574526","4574813","52","34169771"
"chr22","38889612","38889694","KN296907v1","785980","786056","24","38103632"
"chr22","39122015","39122151","KN295036v1","281435","281566","24","38840580"
"chr22","39164779","39165001","KN296847v1","410946","411169","59","38753833"
"chr22","39187537","39187835","KN295941v1","395668","395964","73","38791869"
"chr22","39288326","39288461","KN297038v1","940555","940687","21","38347771"
"chr22","39510260","39510567","KN295667v1","1567361","1567664","69","37942899"
"chr22","39832036","39832331","KN294452v1","1374937","1375240","63","38457099"
"chr22","39891476","39891620","KN296096v1","3053461","3053592","42","36838015"
"chr22","39891920","39891982","KN297322v1","1229877","1229942","19","38662043"
"chr22","40065187","40065437","KN294172v1","6994704","6994952","24","33070483"
"chr22","40071862","40072135","KN294325v1","979659","979928","76","39092203"
"chr22","40078257","40078531","KN297227v1","1049335","1049619","60","39028922"
"chr22","40100391","40100685","KN297112v1","2231098","2231393","75","37869293"
"chr22","40159811","40160115","KN294172v1","6903617","6903908","32","33256194"
"chr22","40191574","40191764","KN295205v1","1220428","1220609","46","38971146"
"chr22","40192029","40192175","KN296311v1","4657589","4657718","40","35534440"
"chr22","40214550","40214853","KN294510v1","144833","145126","72","40069717"
"chr22","40338327","40338575","KN294172v1","6720766","6721018","11","33617561"
"chr22","40352672","40352798","KN297023v1","20836","20962","29","40331836"
"chr22","40358309","40358582","KN295967v1","1520844","1521111","61","38837465"
"chr22","40378148","40378425","KN294499v1","1906911","1907192","61","38471237"
"chr22","40413175","40413300","KN296311v1","4815038","4815168","25","35598137"
"chr22","40483077","40483353","KN294187v1","1887786","1888062","65","38595291"
"chr22","40544225","40544525","KN294172v1","6518511","6518814","22","34025714"
"chr22","40549063","40549206","KN295601v1","2833105","2833244","34","37715958"
"chr22","40558077","40558247","KN296864v1","3353170","3353334","31","37204907"
"chr22","40558275","40558406","KN294172v1","3568097","3568221","30","36990178"
"chr22","40592146","40592471","KN294172v1","6472668","6472985","37","34119478"
"chr22","40611241","40611544","KN297398v1","103760","104057","68","40507481"
"chr22","40627827","40627990","KN294790v1","2275744","2275904","45","38352083"
"chr22","40629008","40629161","KN294172v1","6435271","6435419","10","34193737"
"chr22","40629470","40629480","KN294172v1","6434946","6434956","0","34194524"
"chr22","40629801","40629910","KN294172v1","6434558","6434660","15","34195243"
"chr22","40711040","40711165","KN295586v1","574112","574236","21","40136928"
"chr22","40711464","40711683","KN295666v1","152100","152313","68","40559364"
"chr22","40776615","40776914","KN295667v1","1567361","1567664","69","39209254"
"chr22","40785754","40785934","KN294287v1","645666","645855","46","40140088"
"chr22","40800412","40800695","KN294172v1","6276584","6276844","38","34523828"
"chr22","40855175","40855452","KN294457v1","210304","210595","77","40644871"
"chr22","40860092","40860376","KN295977v1","399743","400033","70","40460349"
"chr22","40889010","40889323","KN295117v1","177037","177340","86","40711973"
"chr22","40889547","40889835","KN294396v1","224755","225042","66","40664792"
"chr22","41020047","41020169","KN294172v1","6039824","6039947","5","34980223"
"chr22","41099946","41100250","KN294172v1","5963206","5963512","32","35136740"
"chr22","41163766","41163922","KN294172v1","5892503","5892658","12","35271263"
"chr22","41191099","41191233","KN295294v1","3806061","3806194","23","37385038"
"chr22","41191545","41191743","KN295459v1","675303","675499","50","40516242"
"chr22","41304057","41304274","KN296743v1","1848381","1848599","66","39455676"
"chr22","41623120","41623376","KN294172v1","5426449","5426703","28","36196671"
"chr22","41640037","41640158","KN296021v1","78833","78940","43","41561204"
"chr22","41640449","41640530","KN294262v1","1834388","1834459","26","39806061"
"chr22","41640966","41641096","KN294848v1","1554728","1554857","27","40086238"
"chr22","41648973","41649113","KN294172v1","5400991","5401118","23","36247982"
"chr22","41683334","41683540","KN296803v1","139111","139313","49","41544223"
"chr22","41684730","41684869","KN294172v1","5359928","5360067","6","36324802"
"chr22","41706569","41706734","KN296883v1","709793","709959","32","40996776"
"chr22","41802434","41802532","KN296290v1","2081846","2081943","23","39720588"
"chr22","41803126","41803268","KN294172v1","5235612","5235723","39","36567514"
"chr22","41835156","41835305","KN297319v1","373164","373327","39","41461992"
"chr22","42044200","42044369","KN294172v1","4981134","4981302","12","37063066"
"chr22","42044821","42045130","KN294172v1","4980071","4980373","27","37064750"
"chr22","42095109","42095166","KN295725v1","1085871","1085933","18","41009238"
"chr22","42096252","42096410","KN294443v1","437013","437176","52","41659239"
"chr22","42231200","42231479","KN294167v1","427334","427608","61","41803866"
"chr22","42243213","42243321","KN294172v1","4793193","4793299","13","37450020"
"chr22","42465138","42465184","KN295832v1","1133517","1133570","16","41331621"
"chr22","42586118","42586271","KN296040v1","735347","735502","40","41850771"
"chr22","42596737","42596868","KN294172v1","4450120","4450251","7","38146617"
"chr22","43092931","43093120","KN294172v1","3939851","3940042","18","39153080"
"chr22","43374776","43375067","KN294172v1","3656261","3656556","21","39718515"
"chr22","43461082","43461205","KN294172v1","3568097","3568221","7","39892985"
"chr22","43770162","43770300","KN294172v1","3246195","3246333","8","40523967"
"chr22","43784731","43784903","KN296926v1","1156893","1157056","39","42627838"
"chr22","44254346","44254661","KN294172v1","2763436","2763754","37","41490910"
"chr22","44650437","44650586","KN296145v1","649092","649233","38","44001345"
"chr22","44910301","44910417","KN296079v1","635275","635386","32","44275026"
"chr22","44912703","44912731","KN295725v1","1086306","1086335","5","43826397"
"chr22","45305368","45305674","KN294452v1","1374937","1375240","65","43930431"
"chr22","45380636","45380956","KN296101v1","27902","28215","70","45352734"
"chr22","45397235","45397367","KN295294v1","3806061","3806194","19","41591174"
"chr22","45439453","45439583","KN296484v1","556891","557018","22","44882562"
"chr22","45619622","45619924","KN294172v1","1441270","1441568","25","44178352"
"chr22","45790840","45791126","KN294172v1","1264982","1265268","15","44525858"
"chr22","45909701","45909830","KN294172v1","1140894","1141023","5","44768807"
"chr22","46034390","46034466","KN295114v1","90269","90346","23","45944121"
"chr22","46034740","46034826","KN294257v1","1945549","1945639","28","44089191"
"chr22","46167761","46168042","KN295045v1","712300","712578","72","45455461"
"chr22","46207680","46207988","KN294207v1","595798","596096","73","45611882"
"chr22","46263985","46264211","KN294172v1","787198","787430","20","45476787"
"chr22","46292169","46292357","KN295925v1","435140","435310","47","45857029"
"chr22","46307830","46307962","KN294172v1","740064","740194","6","45567766"
"chr22","46503748","46504056","KN294172v1","528723","529004","44","45975025"
"chr22","46516503","46516639","KN294739v1","1041553","1041687","21","45474950"
"chr22","46729402","46729569","KN296643v1","410184","410354","39","46319218"
"chr22","46759377","46759683","KN297112v1","2231098","2231393","72","44528279"
"chr22","46836877","46837138","KN294172v1","188703","188957","32","46648174"
"chr22","49730073","49730368","KN295205v1","656212","656501","68","49073861"
"chr22","49987223","49987533","KN297141v1","17086","17384","29","49970137"
"chr22","50360351","50360663","KN294419v1","64733","65033","79","50295618"
"chr22","50426005","50426254","KN296311v1","2581889","2582135","58","47844116"
"chr22","50476707","50476837","KN294717v1","75902","76032","4","50400805"
"chr22","50770746","50771033","KN295607v1","3897278","3897563","76","46873468"
"chrUn_GL000195v1","51863","52018","KN294470v1","2691196","2691354","37","2639333"
"chrUn_GL000195v1","52353","52494","KN297453v1","84448","84582","37","32095"
"chrUn_GL000195v1","64281","64577","KN294634v1","387267","387565","100","322986"
"chrUn_GL000195v1","73402","73677","KN297165v1","2729254","2729527","77","2655852"
"chrUn_GL000195v1","115794","116091","KN297023v1","640512","640805","87","524718"
"chrUn_GL000195v1","149585","149847","KN296864v1","2311825","2312107","79","2162240"
"chrUn_GL000195v1","158771","159067","KN296205v1","601732","602028","93","442961"
"chrUn_GL000195v1","170612","170749","KN296538v1","514898","515032","34","344286"
"chrUn_GL000195v1","171067","171222","KN295721v1","429780","429935","39","258713"
"chrUn_GL000218v1","33996","34155","KN296879v1","14898","15063","23","19098"
"chrUn_GL000219v1","85823","86112","KN294980v1","15695","15980","26","70128"
"chrUn_GL000219v1","88752","88921","KN296864v1","3353170","3353334","35","3264418"
"chrUn_GL000220v1","57837","58086","KN294705v1","1107549","1107807","77","1049712"
"chrUn_GL000224v1","51907","52160","KN296879v1","875266","875519","67","823359"
"chrUn_GL000224v1","104306","104596","KN296948v1","762193","762479","65","657887"
"chrUn_KI270741v1","46179","46467","KN296948v1","762193","762479","65","716014"
"chrUn_KI270744v1","85351","85515","KN296879v1","14898","15063","17","70453"
"chrUn_KI270745v1","4718","4771","KN296316v1","254338","254391","3","249620"
"chrUn_KI270745v1","5095","5194","KN296316v1","253938","254035","6","248843"
"chrUn_KI270748v1","60711","60976","KN294571v1","2055636","2055896","67","1994925"
"chr1_GL383518v1_alt","20318","20612","KN295352v1","729753","730045","62","709435"
"chr1_GL383518v1_alt","143360","143663","KN295667v1","1567361","1567664","64","1424001"
"chr1_GL383518v1_alt","177032","177327","KN295814v1","1339437","1339738","20","1162405"
"chr1_GL383520v2_alt","93936","94021","KN295705v1","92388","92471","20","1548"
"chr1_KI270759v1_alt","124691","124983","KN296244v1","327623","327911","66","202932"
"chr1_KI270759v1_alt","156136","156458","KN296505v1","323963","324278","83","167827"
"chr1_KI270759v1_alt","226119","226419","KN294842v1","647613","647907","74","421494"
"chr1_KI270759v1_alt","280292","280462","KN296877v1","151376","151537","38","128916"
"chr1_KI270759v1_alt","280503","280619","KN295983v1","1014873","1014997","30","734370"
"chr1_KI270759v1_alt","294643","294870","KN295933v1","676121","676354","52","381478"
"chr1_KI270759v1_alt","303059","303358","KN294161v1","491457","491757","70","188398"
"chr1_KI270760v1_alt","1839","2165","KN297279v1","407963","408305","104","406124"
"chr1_KI270763v1_alt","1865","2131","KN294571v1","2055636","2055896","66","2053771"
"chr1_KI270763v1_alt","72404","72671","KN295267v1","81052","81310","67","8648"
"chr1_KI270763v1_alt","92979","93098","KN295441v1","789788","789916","28","696809"
"chr1_KI270763v1_alt","323742","323876","KN296538v1","514898","515032","16","191156"
"chr1_KI270763v1_alt","350047","350322","KN294199v1","1022551","1022840","67","672504"
"chr1_KI270763v1_alt","400687","400882","KN294217v1","1837374","1837571","37","1436687"
"chr1_KI270763v1_alt","401130","401290","KN294470v1","385030","385177","53","16100"
"chr1_KI270763v1_alt","441674","441803","KN295474v1","847167","847293","39","405493"
"chr1_KI270763v1_alt","442105","442242","KN294848v1","656940","657076","31","214835"
"chr1_KI270763v1_alt","617130","617435","KN294161v1","491457","491757","75","125673"
"chr1_KI270763v1_alt","814975","815249","KN296948v1","762193","762479","58","52782"
"chr1_KI270763v1_alt","845878","846020","KN294378v1","643788","643925","24","202090"
"chr1_KI270763v1_alt","905545","905688","KN294558v1","284993","285139","23","620552"
"chr1_KI270763v1_alt","905985","906124","KN294741v1","800030","800163","44","105955"
"chr1_KI270764v1_alt","12073","12226","KN294548v1","490123","490280","9","478050"
"chr2_KI270775v1_alt","127566","127875","KN296411v1","22425","22741","30","105141"
"chr3_KI270779v1_alt","27978","28117","KN296802v1","158572","158710","20","130594"
"chr3_KI270779v1_alt","35051","35330","KN295984v1","2286186","2286477","66","2251135"
"chr3_KI270779v1_alt","46381","46519","KN296802v1","177374","177511","11","130993"
"chr3_KI270779v1_alt","171785","171915","KN296643v1","191078","191208","18","19293"
"chr3_KI270780v1_alt","135110","135242","KN295526v1","475989","476122","21","340879"
"chr3_KI270781v1_alt","78891","79178","KN297452v1","1744682","1744969","62","1665791"
"chr3_KI270784v1_alt","38426","38545","KN295441v1","789788","789916","28","751362"
"chr3_KI270895v1_alt","645","775","KN296643v1","191078","191208","18","190433"
"chr3_KI270895v1_alt","116378","116516","KN296802v1","177374","177511","11","60996"
"chr3_KI270895v1_alt","127567","127846","KN295984v1","2286186","2286477","66","2158619"
"chr3_KI270895v1_alt","134780","134919","KN296802v1","158572","158710","20","23792"
"chr3_KI270924v1_alt","645","775","KN296643v1","191078","191208","18","190433"
"chr3_KI270924v1_alt","120022","120160","KN296802v1","177374","177511","11","57352"
"chr3_KI270924v1_alt","131211","131490","KN295984v1","2286186","2286477","66","2154975"
"chr3_KI270924v1_alt","138424","138563","KN296802v1","158572","158710","20","20148"
"chr3_KI270934v1_alt","645","775","KN296643v1","191078","191208","18","190433"
"chr3_KI270934v1_alt","116940","117078","KN296802v1","177374","177511","11","60434"
"chr3_KI270934v1_alt","128129","128408","KN295984v1","2286186","2286477","66","2158057"
"chr3_KI270934v1_alt","135342","135481","KN296802v1","158572","158710","20","23230"
"chr3_KI270935v1_alt","27978","28117","KN296802v1","158572","158710","20","130594"
"chr3_KI270935v1_alt","35051","35330","KN295984v1","2286186","2286477","66","2251135"
"chr3_KI270935v1_alt","46381","46519","KN296802v1","177374","177511","11","130993"
"chr3_KI270936v1_alt","645","775","KN296643v1","191078","191208","18","190433"
"chr3_KI270936v1_alt","117652","117790","KN296802v1","177374","177511","11","59722"
"chr3_KI270936v1_alt","128841","129120","KN295984v1","2286186","2286477","66","2157345"
"chr3_KI270936v1_alt","136054","136193","KN296802v1","158572","158710","20","22518"
"chr3_KI270937v1_alt","645","775","KN296643v1","191078","191208","18","190433"
"chr3_KI270937v1_alt","119089","119227","KN296802v1","177374","177511","11","58285"
"chr3_KI270937v1_alt","130278","130557","KN295984v1","2286186","2286477","66","2155908"
"chr3_KI270937v1_alt","137491","137630","KN296802v1","158572","158710","20","21081"
"chr4_GL000257v2_alt","425725","425913","KN296548v1","82794","82989","35","342931"
"chr4_GL000257v2_alt","429576","429839","KN294987v1","459255","459513","73","29679"
"chr4_GL000257v2_alt","510612","510892","KN296983v1","94222","94492","94","416390"
"chr4_KI270785v1_alt","58027","58247","KN297259v1","427903","428124","60","369876"
"chr4_KI270786v1_alt","197078","197210","KN294193v1","128685","128814","25","68393"
"chr4_KI270788v1_alt","116455","116620","KN294991v1","973655","973815","29","857200"
"chr4_KI270789v1_alt","152488","152791","KN296322v1","1648835","1649139","65","1496347"
"chr4_KI270789v1_alt","199217","199350","KN297411v1","8561","8695","24","190656"
"chr4_KI270790v1_alt","20266","20576","KN294452v1","1024655","1024959","66","1004389"
"chr4_KI270896v1_alt","197518","197650","KN294193v1","128685","128814","25","68833"
"chr4_KI270896v1_alt","289194","289358","KN296864v1","3353170","3353334","35","3063976"
"chr4_KI270896v1_alt","292120","292416","KN294980v1","15695","15980","29","276425"
"chr4_KI270896v1_alt","367666","367969","KN295923v1","744628","744928","74","376962"
"chr4_KI270925v1_alt","226024","226332","KN294806v1","594997","595290","70","368973"
"chr5_GL339449v2_alt","99738","99921","KN294205v1","957443","957638","50","857705"
"chr5_GL339449v2_alt","101015","101092","KN295983v1","556778","556867","23","455763"
"chr5_GL339449v2_alt","101400","101580","KN295371v1","124772","124949","44","23372"
"chr5_GL339449v2_alt","101904","101925","KN296569v1","4665","4683","4","97239"
"chr5_GL339449v2_alt","119965","120228","KN295531v1","58152","58425","59","61813"
"chr5_GL339449v2_alt","178627","178932","KN294452v1","1374937","1375240","70","1196310"
"chr5_GL339449v2_alt","186426","186555","KN295459v1","128391","128517","23","58035"
"chr5_GL339449v2_alt","214806","214997","KN295074v1","203567","203742","52","11239"
"chr5_GL339449v2_alt","215292","215418","KN294172v1","6272486","6272617","22","6057194"
"chr5_GL339449v2_alt","221440","221574","KN294630v1","647087","647221","36","425647"
"chr5_GL339449v2_alt","221887","222061","KN297113v1","252877","253050","38","30990"
"chr5_GL339449v2_alt","257110","257415","KN297066v1","48943","49249","62","208167"
"chr5_GL339449v2_alt","321788","322060","KN295933v1","79820","80084","73","241968"
"chr5_GL339449v2_alt","324974","325135","KN294407v1","109423","109582","32","215551"
"chr5_GL339449v2_alt","325974","326054","KN294569v1","720179","720274","24","394205"
"chr5_GL339449v2_alt","395500","395750","KN295846v1","219637","219884","62","175863"
"chr5_GL339449v2_alt","416101","416404","KN295294v1","1101026","1101317","58","684925"
"chr5_GL339449v2_alt","417970","418261","KN296495v1","1076274","1076557","61","658304"
"chr5_GL339449v2_alt","525682","525815","KN295706v1","131306","131439","24","394376"
"chr5_GL339449v2_alt","928527","928818","KN296495v1","1076274","1076557","61","147747"
"chr5_GL339449v2_alt","930382","930685","KN295294v1","1101026","1101317","58","170644"
"chr5_GL339449v2_alt","1015033","1015113","KN294569v1","720179","720274","24","294854"
"chr5_GL339449v2_alt","1015952","1016113","KN294407v1","109423","109582","32","906529"
"chr5_GL339449v2_alt","1019027","1019299","KN295933v1","79820","80084","73","939207"
"chr5_GL339449v2_alt","1047712","1048003","KN296495v1","1076274","1076557","61","28562"
"chr5_GL339449v2_alt","1049570","1049873","KN295294v1","1101026","1101317","58","51456"
"chr5_GL339449v2_alt","1463777","1464043","KN296290v1","1215856","1216128","70","247921"
"chr5_GL339449v2_alt","1466195","1466326","KN294172v1","6272486","6272617","20","4806291"
"chr5_GL339449v2_alt","1527895","1528167","KN294677v1","45530","45799","72","1482365"
"chr5_GL339449v2_alt","1535043","1535322","KN296964v1","1814390","1814681","72","279347"
"chr5_GL383531v1_alt","66894","67175","KN294172v1","1944132","1944423","67","1877238"
"chr5_GL383532v1_alt","77333","77640","KN294452v1","1024655","1024959","63","947322"
"chr5_KI270897v1_alt","342456","342747","KN296495v1","1076274","1076557","61","733818"
"chr5_KI270897v1_alt","344313","344617","KN295294v1","1101026","1101317","59","756713"
"chr5_KI270897v1_alt","500010","500152","KN296634v1","1339651","1339784","33","839641"
"chr5_KI270897v1_alt","540964","541255","KN296495v1","1076274","1076557","61","535310"
"chr5_KI270897v1_alt","542821","543124","KN295294v1","1101026","1101317","58","558205"
"chr5_KI270897v1_alt","563476","563726","KN295846v1","219637","219884","62","343839"
"chr5_KI270897v1_alt","643130","643421","KN296495v1","1076274","1076557","61","433144"
"chr5_KI270897v1_alt","644988","645291","KN295294v1","1101026","1101317","58","456038"
"chr5_KI270897v1_alt","995276","995542","KN296290v1","1215856","1216128","70","220580"
"chr5_KI270897v1_alt","997694","997825","KN294172v1","6272486","6272617","20","5274792"
"chr5_KI270897v1_alt","1059385","1059657","KN294677v1","45530","45799","72","1013855"
"chr5_KI270897v1_alt","1066533","1066812","KN296964v1","1814390","1814681","72","747857"
"chr5_KI270898v1_alt","84690","84823","KN294711v1","709159","709287","26","624469"
"chr6_GL000250v2_alt","170515","170792","KN294790v1","911102","911378","65","740587"
"chr6_GL000250v2_alt","748315","748415","KN297163v1","685235","685337","27","63080"
"chr6_GL000250v2_alt","858043","858300","KN296921v1","2833134","2833394","73","1975091"
"chr6_GL000250v2_alt","1091435","1091723","KN295382v1","10622","10928","71","1080813"
"chr6_GL000250v2_alt","1099615","1099774","KN296308v1","125376","125526","22","974239"
"chr6_GL000250v2_alt","1262219","1262535","KN294452v1","1024655","1024959","81","237564"
"chr6_GL000250v2_alt","1270190","1270347","KN296308v1","125376","125526","20","1144814"
"chr6_GL000250v2_alt","1664233","1664518","KN296308v1","490715","491013","32","1173518"
"chr6_GL000250v2_alt","1685582","1685857","KN296308v1","509786","510061","20","1175796"
"chr6_GL000250v2_alt","2044008","2044318","KN297159v1","1311633","1311940","67","732375"
"chr6_GL000250v2_alt","2217267","2217400","KN294536v1","348653","348787","21","1868614"
"chr6_GL000250v2_alt","2408313","2408491","KN296153v1","1529421","1529604","42","878892"
"chr6_GL000250v2_alt","2911868","2912172","KN295382v1","122742","123041","29","2789126"
"chr6_GL000250v2_alt","3134477","3134600","KN296926v1","988728","988849","20","2145749"
"chr6_GL000250v2_alt","3478217","3478347","KN295102v1","105981","106109","25","3372236"
"chr6_GL000250v2_alt","3677462","3677739","KN294462v1","408640","408936","34","3268822"
"chr6_GL000250v2_alt","4123528","4123806","KN294462v1","16829","17108","26","4106699"
"chr6_GL000250v2_alt","4169331","4169550","KN296371v1","187238","187458","12","3982093"
"chr6_GL000250v2_alt","4174424","4174656","KN296371v1","180180","180422","25","3994244"
"chr6_GL000251v2_alt","395626","395903","KN294790v1","911102","911378","65","515476"
"chr6_GL000251v2_alt","969106","969206","KN297163v1","685235","685337","27","283871"
"chr6_GL000251v2_alt","1078824","1079081","KN296921v1","2833134","2833394","74","1754310"
"chr6_GL000251v2_alt","1168528","1168834","KN294539v1","3409060","3409366","67","2240532"
"chr6_GL000251v2_alt","1204750","1205059","KN295382v1","10622","10928","62","1194128"
"chr6_GL000251v2_alt","1309385","1309673","KN295382v1","10622","10928","71","1298763"
"chr6_GL000251v2_alt","1317563","1317722","KN296308v1","125376","125526","22","1192187"
"chr6_GL000251v2_alt","1483895","1484193","KN295382v1","10622","10928","76","1473273"
"chr6_GL000251v2_alt","1491866","1492023","KN296308v1","125376","125526","20","1366490"
"chr6_GL000251v2_alt","1726401","1726669","KN296011v1","67440","67709","68","1658961"
"chr6_GL000251v2_alt","1814420","1814705","KN296308v1","490715","491013","32","1323705"
"chr6_GL000251v2_alt","1835765","1836041","KN296308v1","509786","510061","20","1325979"
"chr6_GL000251v2_alt","1963879","1964000","KN295526v1","145592","145725","28","1818287"
"chr6_GL000251v2_alt","2047103","2047386","KN296926v1","93854","94122","73","1953249"
"chr6_GL000251v2_alt","2055509","2055815","KN296308v1","750453","750763","23","1305056"
"chr6_GL000251v2_alt","2194244","2194554","KN297159v1","1311633","1311940","67","882611"
"chr6_GL000251v2_alt","2291370","2291646","KN296308v1","990797","991065","30","1300573"
"chr6_GL000251v2_alt","2357955","2358104","KN295601v1","2833105","2833244","41","475150"
"chr6_GL000251v2_alt","2367533","2367666","KN294536v1","348653","348787","21","2018880"
"chr6_GL000251v2_alt","2558123","2558283","KN294873v1","1261221","1261370","39","1296902"
"chr6_GL000251v2_alt","2741644","2741938","KN295624v1","42148","42419","57","2699496"
"chr6_GL000251v2_alt","2826998","2827295","KN295624v1","42148","42419","47","2784850"
"chr6_GL000251v2_alt","2932715","2932878","KN294571v1","2119940","2120110","42","812775"
"chr6_GL000251v2_alt","2938643","2938952","KN296907v1","1087372","1087677","78","1851271"
"chr6_GL000251v2_alt","3044617","3044883","KN295382v1","110348","110626","26","2934269"
"chr6_GL000251v2_alt","3056576","3056880","KN295382v1","122742","123041","29","2933834"
"chr6_GL000251v2_alt","3185646","3185775","KN295573v1","623556","623685","20","2562090"
"chr6_GL000251v2_alt","3279107","3279230","KN296926v1","988728","988849","20","2290379"
"chr6_GL000251v2_alt","3583956","3584086","KN295102v1","105981","106109","25","3477975"
"chr6_GL000251v2_alt","3664365","3664529","KN296000v1","901795","901947","37","2762570"
"chr6_GL000251v2_alt","3783343","3783620","KN294462v1","408640","408936","32","3374703"
"chr6_GL000251v2_alt","4230705","4230983","KN294462v1","16829","17108","25","4213876"
"chr6_GL000251v2_alt","4276682","4276895","KN296371v1","187238","187458","17","4089444"
"chr6_GL000251v2_alt","4281767","4281999","KN296371v1","180180","180422","25","4101587"
"chr6_GL000251v2_alt","4410607","4410891","KN295984v1","150673","150962","54","4259934"
"chr6_GL000251v2_alt","4570911","4571112","KN294372v1","2271473","2271671","49","2299438"
"chr6_GL000251v2_alt","4571410","4571435","KN295368v1","1470938","1470967","11","3100472"
"chr6_GL000251v2_alt","4671663","4671833","KN296864v1","3353170","3353334","36","1318493"
"chr6_GL000251v2_alt","4672506","4672608","KN295854v1","1672898","1672992","38","2999608"
"chr6_GL000251v2_alt","4736415","4736576","KN296682v1","4472363","4472501","48","264052"
"chr6_GL000251v2_alt","4736877","4737001","KN297023v1","20836","20962","30","4716041"
"chr6_GL000252v2_alt","748177","748277","KN297163v1","685235","685337","27","62942"
"chr6_GL000252v2_alt","857893","858150","KN296921v1","2833134","2833394","74","1975241"
"chr6_GL000252v2_alt","947571","947865","KN295923v1","1008322","1008617","67","60751"
"chr6_GL000252v2_alt","983923","984231","KN295382v1","10622","10928","60","973301"
"chr6_GL000252v2_alt","1088636","1088924","KN295382v1","10622","10928","70","1078014"
"chr6_GL000252v2_alt","1096816","1096975","KN296308v1","125376","125526","22","971440"
"chr6_GL000252v2_alt","1260045","1260343","KN295382v1","10622","10928","76","1249423"
"chr6_GL000252v2_alt","1268016","1268173","KN296308v1","125376","125526","20","1142640"
"chr6_GL000252v2_alt","1502502","1502770","KN296011v1","67440","67709","68","1435062"
"chr6_GL000252v2_alt","1590583","1590868","KN296308v1","490715","491013","32","1099868"
"chr6_GL000252v2_alt","1611932","1612207","KN296308v1","509786","510061","20","1102146"
"chr6_GL000252v2_alt","1739980","1740101","KN295526v1","145592","145725","28","1594388"
"chr6_GL000252v2_alt","1823208","1823491","KN296926v1","93854","94122","73","1729354"
"chr6_GL000252v2_alt","1831616","1831922","KN296308v1","750453","750763","23","1081163"
"chr6_GL000252v2_alt","1970355","1970665","KN297159v1","1311633","1311940","67","658722"
"chr6_GL000252v2_alt","2067933","2068209","KN296308v1","990797","991065","30","1077136"
"chr6_GL000252v2_alt","2134463","2134612","KN295601v1","2833105","2833244","42","698642"
"chr6_GL000252v2_alt","2144058","2144191","KN294536v1","348653","348787","21","1795405"
"chr6_GL000252v2_alt","2335120","2335280","KN294873v1","1261221","1261370","39","1073899"
"chr6_GL000252v2_alt","2518518","2518812","KN295624v1","42148","42419","57","2476370"
"chr6_GL000252v2_alt","2594164","2594461","KN295624v1","42148","42419","45","2552016"
"chr6_GL000252v2_alt","2815061","2815327","KN295382v1","110348","110626","26","2704713"
"chr6_GL000252v2_alt","2827022","2827326","KN295382v1","122742","123041","30","2704280"
"chr6_GL000252v2_alt","2956120","2956249","KN295573v1","623556","623685","20","2332564"
"chr6_GL000252v2_alt","3049641","3049764","KN296926v1","988728","988849","20","2060913"
"chr6_GL000252v2_alt","3386982","3387112","KN295102v1","105981","106109","25","3281001"
"chr6_GL000252v2_alt","3586335","3586612","KN294462v1","408640","408936","32","3177695"
"chr6_GL000252v2_alt","4062222","4062500","KN294462v1","16829","17108","25","4045393"
"chr6_GL000252v2_alt","4108053","4108266","KN296371v1","187238","187458","17","3920815"
"chr6_GL000252v2_alt","4113099","4113331","KN296371v1","180180","180422","25","3932919"
"chr6_GL000252v2_alt","4241949","4242233","KN295984v1","150673","150962","53","4091276"
"chr6_GL000252v2_alt","4402902","4403103","KN294372v1","2271473","2271671","50","2131429"
"chr6_GL000252v2_alt","4403401","4403426","KN295368v1","1470938","1470967","11","2932463"
"chr6_GL000252v2_alt","4503697","4503867","KN296864v1","3353170","3353334","36","1150527"
"chr6_GL000252v2_alt","4504540","4504642","KN295854v1","1672898","1672992","38","2831642"
"chr6_GL000252v2_alt","4568444","4568605","KN294443v1","437013","437176","48","4131431"
"chr6_GL000252v2_alt","4568906","4569030","KN297023v1","20836","20962","30","4548070"
"chr6_GL000253v2_alt","747779","747879","KN297163v1","685235","685337","27","62544"
"chr6_GL000253v2_alt","857528","857785","KN296921v1","2833134","2833394","74","1975606"
"chr6_GL000253v2_alt","947136","947430","KN295923v1","1008322","1008617","67","61186"
"chr6_GL000253v2_alt","983490","983798","KN295382v1","10622","10928","60","972868"
"chr6_GL000253v2_alt","1088310","1088598","KN295382v1","10622","10928","70","1077688"
"chr6_GL000253v2_alt","1096478","1096637","KN296308v1","125376","125526","22","971102"
"chr6_GL000253v2_alt","1265237","1265535","KN295382v1","10622","10928","76","1254615"
"chr6_GL000253v2_alt","1273212","1273369","KN296308v1","125376","125526","20","1147836"
"chr6_GL000253v2_alt","1556869","1557137","KN296011v1","67440","67709","68","1489429"
"chr6_GL000253v2_alt","1644968","1645253","KN296308v1","490715","491013","31","1154253"
"chr6_GL000253v2_alt","1666320","1666595","KN296308v1","509786","510061","20","1156534"
"chr6_GL000253v2_alt","1794379","1794500","KN295526v1","145592","145725","28","1648787"
"chr6_GL000253v2_alt","1877610","1877893","KN296926v1","93854","94122","73","1783756"
"chr6_GL000253v2_alt","1886017","1886323","KN296308v1","750453","750763","23","1135564"
"chr6_GL000253v2_alt","2024755","2025065","KN297159v1","1311633","1311940","67","713122"
"chr6_GL000253v2_alt","2121886","2122162","KN296308v1","990797","991065","30","1131089"
"chr6_GL000253v2_alt","2188424","2188573","KN295601v1","2833105","2833244","42","644681"
"chr6_GL000253v2_alt","2198006","2198139","KN294536v1","348653","348787","21","1849353"
"chr6_GL000253v2_alt","2386245","2386423","KN296153v1","1529421","1529604","42","856824"
"chr6_GL000253v2_alt","2507403","2507522","KN296025v1","179010","179141","33","2328393"
"chr6_GL000253v2_alt","2569771","2570065","KN295624v1","42148","42419","55","2527623"
"chr6_GL000253v2_alt","2655250","2655547","KN295624v1","42148","42419","45","2613102"
"chr6_GL000253v2_alt","2760446","2760609","KN294571v1","2119940","2120110","41","640506"
"chr6_GL000253v2_alt","2872357","2872623","KN295382v1","110348","110626","26","2762009"
"chr6_GL000253v2_alt","2884330","2884634","KN295382v1","122742","123041","29","2761588"
"chr6_GL000253v2_alt","3013405","3013534","KN295573v1","623556","623685","20","2389849"
"chr6_GL000253v2_alt","3450620","3450750","KN295102v1","105981","106109","25","3344639"
"chr6_GL000253v2_alt","3531023","3531187","KN296000v1","901795","901947","36","2629228"
"chr6_GL000253v2_alt","3649878","3650155","KN294462v1","408640","408936","32","3241238"
"chr6_GL000253v2_alt","4283834","4284047","KN296371v1","187238","187458","17","4096596"
"chr6_GL000253v2_alt","4288919","4289151","KN296371v1","180180","180422","25","4108739"
"chr6_GL000253v2_alt","4417755","4418050","KN295984v1","150673","150962","61","4267082"
"chr6_GL000253v2_alt","4578877","4579077","KN294372v1","2271473","2271671","49","2307404"
"chr6_GL000253v2_alt","4579375","4579400","KN295368v1","1470938","1470967","11","3108437"
"chr6_GL000254v2_alt","170686","170963","KN294790v1","911102","911378","64","740416"
"chr6_GL000254v2_alt","748028","748128","KN297163v1","685235","685337","27","62793"
"chr6_GL000254v2_alt","857739","857996","KN296921v1","2833134","2833394","74","1975395"
"chr6_GL000254v2_alt","947390","947696","KN294539v1","3409060","3409366","67","2461670"
"chr6_GL000254v2_alt","983582","983890","KN295382v1","10622","10928","60","972960"
"chr6_GL000254v2_alt","1088294","1088582","KN295382v1","10622","10928","70","1077672"
"chr6_GL000254v2_alt","1096472","1096631","KN296308v1","125376","125526","22","971096"
"chr6_GL000254v2_alt","1348562","1348860","KN295382v1","10622","10928","76","1337940"
"chr6_GL000254v2_alt","1356537","1356694","KN296308v1","125376","125526","20","1231161"
"chr6_GL000254v2_alt","1911427","1911710","KN296926v1","93854","94122","73","1817573"
"chr6_GL000254v2_alt","1919834","1920140","KN296308v1","750453","750763","23","1169381"
"chr6_GL000254v2_alt","2058579","2058889","KN297159v1","1311633","1311940","67","746946"
"chr6_GL000254v2_alt","2222334","2222483","KN295601v1","2833105","2833244","41","610771"
"chr6_GL000254v2_alt","2231916","2232046","KN295526v1","145592","145725","21","2086324"
"chr6_GL000254v2_alt","2419858","2420036","KN296153v1","1529421","1529604","42","890437"
"chr6_GL000254v2_alt","2450984","2451108","KN295236v1","3047477","3047602","20","596493"
"chr6_GL000254v2_alt","2541016","2541151","KN296109v1","701794","701929","37","1839222"
"chr6_GL000254v2_alt","2603452","2603746","KN295624v1","42148","42419","55","2561304"
"chr6_GL000254v2_alt","2688587","2688884","KN295624v1","42148","42419","46","2646439"
"chr6_GL000254v2_alt","2909231","2909497","KN295382v1","110348","110626","26","2798883"
"chr6_GL000254v2_alt","2921187","2921491","KN295382v1","122742","123041","29","2798445"
"chr6_GL000254v2_alt","3050229","3050358","KN295573v1","623556","623685","20","2426673"
"chr6_GL000254v2_alt","3143755","3143878","KN296926v1","988728","988849","20","2155027"
"chr6_GL000254v2_alt","3487634","3487764","KN295102v1","105981","106109","25","3381653"
"chr6_GL000254v2_alt","3568059","3568223","KN296000v1","901795","901947","37","2666264"
"chr6_GL000254v2_alt","3686978","3687255","KN294462v1","408640","408936","34","3278338"
"chr6_GL000254v2_alt","4117592","4117870","KN294462v1","16829","17108","25","4100763"
"chr6_GL000254v2_alt","4163541","4163754","KN296371v1","187238","187458","18","3976303"
"chr6_GL000254v2_alt","4168628","4168860","KN296371v1","180180","180422","25","3988448"
"chr6_GL000254v2_alt","4297474","4297758","KN295984v1","150673","150962","53","4146801"
"chr6_GL000254v2_alt","4595362","4595563","KN294372v1","2271473","2271671","49","2323889"
"chr6_GL000254v2_alt","4595861","4595886","KN295368v1","1470938","1470967","11","3124923"
"chr6_GL000254v2_alt","4696129","4696299","KN296864v1","3353170","3353334","36","1342959"
"chr6_GL000254v2_alt","4696972","4697074","KN295854v1","1672898","1672992","38","3024074"
"chr6_GL000254v2_alt","4760475","4760536","KN294302v1","676226","676263","28","4084249"
"chr6_GL000254v2_alt","4760846","4761017","KN296682v1","4472363","4472501","50","288483"
"chr6_GL000254v2_alt","4761315","4761439","KN297023v1","20836","20962","30","4740479"
"chr6_GL000255v2_alt","170513","170790","KN294790v1","911102","911378","65","740589"
"chr6_GL000255v2_alt","748120","748220","KN297163v1","685235","685337","27","62885"
"chr6_GL000255v2_alt","857856","858113","KN296921v1","2833134","2833394","74","1975278"
"chr6_GL000255v2_alt","947526","947820","KN295923v1","1008322","1008617","67","60796"
"chr6_GL000255v2_alt","983877","984185","KN295382v1","10622","10928","60","973255"
"chr6_GL000255v2_alt","1088589","1088877","KN295382v1","10622","10928","71","1077967"
"chr6_GL000255v2_alt","1096766","1096925","KN296308v1","125376","125526","22","971390"
"chr6_GL000255v2_alt","1259602","1259900","KN295382v1","10622","10928","74","1248980"
"chr6_GL000255v2_alt","1267569","1267726","KN296308v1","125376","125526","20","1142193"
"chr6_GL000255v2_alt","1501728","1501996","KN296011v1","67440","67709","68","1434288"
"chr6_GL000255v2_alt","1589819","1590104","KN296308v1","490715","491013","32","1099104"
"chr6_GL000255v2_alt","1611166","1611441","KN296308v1","509786","510061","19","1101380"
"chr6_GL000255v2_alt","1739242","1739363","KN295526v1","145592","145725","28","1593650"
"chr6_GL000255v2_alt","1822468","1822751","KN296926v1","93854","94122","73","1728614"
"chr6_GL000255v2_alt","1830874","1831180","KN296308v1","750453","750763","23","1080421"
"chr6_GL000255v2_alt","1969616","1969926","KN297159v1","1311633","1311940","67","657983"
"chr6_GL000255v2_alt","2066746","2067022","KN296308v1","990797","991065","30","1075949"
"chr6_GL000255v2_alt","2133353","2133502","KN295601v1","2833105","2833244","41","699752"
"chr6_GL000255v2_alt","2142932","2143065","KN294536v1","348653","348787","21","1794279"
"chr6_GL000255v2_alt","2333732","2333918","KN296153v1","1529421","1529604","47","804311"
"chr6_GL000255v2_alt","2516161","2516455","KN295624v1","42148","42419","56","2474013"
"chr6_GL000255v2_alt","2602314","2602611","KN295624v1","42148","42419","47","2560166"
"chr6_GL000255v2_alt","2823149","2823415","KN295382v1","110348","110626","26","2712801"
"chr6_GL000255v2_alt","2835110","2835414","KN295382v1","122742","123041","29","2712368"
"chr6_GL000255v2_alt","2964173","2964302","KN295573v1","623556","623685","20","2340617"
"chr6_GL000255v2_alt","3057692","3057815","KN296926v1","988728","988849","20","2068964"
"chr6_GL000255v2_alt","3368816","3368946","KN295102v1","105981","106109","25","3262835"
"chr6_GL000255v2_alt","3449225","3449389","KN296661v1","423518","423684","37","3025707"
"chr6_GL000255v2_alt","3568258","3568535","KN294462v1","408640","408936","32","3159618"
"chr6_GL000255v2_alt","4058769","4058982","KN296371v1","187238","187458","17","3871531"
"chr6_GL000255v2_alt","4063854","4064086","KN296371v1","180180","180422","25","3883674"
"chr6_GL000255v2_alt","4192721","4193005","KN295984v1","150673","150962","53","4042048"
"chr6_GL000255v2_alt","4353808","4354008","KN294372v1","2271473","2271671","49","2082335"
"chr6_GL000255v2_alt","4354306","4354331","KN295368v1","1470938","1470967","11","2883368"
"chr6_GL000255v2_alt","4454586","4454756","KN296864v1","3353170","3353334","36","1101416"
"chr6_GL000255v2_alt","4455429","4455531","KN295854v1","1672898","1672992","38","2782531"
"chr6_GL000255v2_alt","4519357","4519518","KN296682v1","4472363","4472501","49","46994"
"chr6_GL000255v2_alt","4519819","4519943","KN297023v1","20836","20962","30","4498983"
"chr6_GL000256v2_alt","214333","214610","KN294790v1","911102","911378","64","696769"
"chr6_GL000256v2_alt","791665","791765","KN297163v1","685235","685337","27","106430"
"chr6_GL000256v2_alt","991049","991355","KN294539v1","3409060","3409366","68","2418011"
"chr6_GL000256v2_alt","1027274","1027582","KN295382v1","10622","10928","60","1016652"
"chr6_GL000256v2_alt","1131854","1132142","KN295382v1","10622","10928","72","1121232"
"chr6_GL000256v2_alt","1140029","1140188","KN296308v1","125376","125526","22","1014653"
"chr6_GL000256v2_alt","1302313","1302611","KN295382v1","10622","10928","76","1291691"
"chr6_GL000256v2_alt","1310288","1310445","KN296308v1","125376","125526","20","1184912"
"chr6_GL000256v2_alt","1545114","1545382","KN296011v1","67440","67709","68","1477674"
"chr6_GL000256v2_alt","1633194","1633479","KN296308v1","490715","491013","32","1142479"
"chr6_GL000256v2_alt","1654542","1654817","KN296308v1","509786","510061","19","1144756"
"chr6_GL000256v2_alt","1868138","1868421","KN296926v1","93854","94122","73","1774284"
"chr6_GL000256v2_alt","1876544","1876850","KN296308v1","750453","750763","23","1126091"
"chr6_GL000256v2_alt","2015289","2015599","KN297159v1","1311633","1311940","67","703656"
"chr6_GL000256v2_alt","2379190","2379374","KN296153v1","1529421","1529604","45","849769"
"chr6_GL000256v2_alt","2562687","2562981","KN295624v1","42148","42419","56","2520539"
"chr6_GL000256v2_alt","2648855","2649152","KN295624v1","42148","42419","47","2606707"
"chr6_GL000256v2_alt","2754632","2754795","KN294571v1","2119940","2120110","42","634692"
"chr6_GL000256v2_alt","2760567","2760876","KN296907v1","1087372","1087677","78","1673195"
"chr6_GL000256v2_alt","2866591","2866857","KN295382v1","110348","110626","26","2756243"
"chr6_GL000256v2_alt","2878569","2878873","KN295382v1","122742","123041","29","2755827"
"chr6_GL000256v2_alt","3007648","3007777","KN295573v1","623556","623685","20","2384092"
"chr6_GL000256v2_alt","3461823","3461953","KN295102v1","105981","106109","25","3355842"
"chr6_GL000256v2_alt","3542228","3542392","KN296000v1","901795","901947","37","2640433"
"chr6_GL000256v2_alt","3661149","3661426","KN294462v1","408640","408936","34","3252509"
"chr6_GL000256v2_alt","4217916","4218194","KN294462v1","16829","17108","26","4201087"
"chr6_GL000256v2_alt","4263718","4263937","KN296371v1","187238","187458","12","4076480"
"chr6_GL000256v2_alt","4268811","4269043","KN296371v1","180180","180422","25","4088631"
"chr6_GL000256v2_alt","4447623","4447918","KN295984v1","150673","150962","61","4296950"
"chr6_GL000256v2_alt","4708851","4709021","KN296864v1","3353170","3353334","36","1355681"
"chr6_GL000256v2_alt","4709694","4709796","KN295854v1","1672898","1672992","38","3036796"
"chr6_GL383533v1_alt","87164","87473","KN296515v1","566082","566391","24","478918"
"chr6_KI270798v1_alt","252540","252874","KN295523v1","1292612","1292918","98","1040072"
"chr6_KI270801v1_alt","105708","106002","KN294809v1","367064","367370","36","261356"
"chr6_KI270801v1_alt","412017","412311","KN295037v1","971648","971949","83","559631"
"chr6_KI270801v1_alt","459258","459557","KN294809v1","729994","730320","52","270736"
"chr6_KI270801v1_alt","855804","856016","KN295666v1","152100","152313","55","703704"
"chr7_GL383534v2_alt","60864","61139","KN296649v1","28211","28505","68","32653"
"chr7_KI270809v1_alt","124589","124721","KN294172v1","4450120","4450251","20","4325531"
"chr8_KI270810v1_alt","38025","38288","KN295791v1","200436","200716","36","162411"
"chr8_KI270816v1_alt","130787","131074","KN294172v1","4574526","4574813","65","4443739"
"chr8_KI270816v1_alt","50083","50213","KN295906v1","88165","88296","24","38082"
"chr8_KI270816v1_alt","147728","147872","KN294147v1","1648476","1648613","37","1500748"
"chr8_KI270816v1_alt","150076","150291","KN296062v1","2277688","2277919","58","2127612"
"chr8_KI270816v1_alt","227601","227884","KN297112v1","2364143","2364436","70","2136542"
"chr8_KI270819v1_alt","129340","129646","KN296322v1","1648835","1649139","57","1519495"
"chr8_KI270821v1_alt","553146","553445","KN294234v1","814985","815285","39","261839"
"chr8_KI270821v1_alt","745599","745738","KN296365v1","597866","598002","29","147733"
"chr8_KI270822v1_alt","535032","535228","KN297190v1","98686","98881","49","436346"
"chr8_KI270900v1_alt","254352","254477","KN296108v1","1532605","1532722","40","1278253"
"chr8_KI270926v1_alt","57893","58018","KN296108v1","1532605","1532722","40","1474712"
"chr8_KI270926v1_alt","199682","199980","KN294234v1","1382137","1382445","38","1182455"
"chr9_GL383541v1_alt","100586","100898","KN295430v1","1482679","1482992","22","1382093"
"chr9_KI270823v1_alt","221857","222162","KN297180v1","1431363","1431654","25","1209506"
"chr9_KI270823v1_alt","374417","374692","KN295984v1","2962847","2963132","66","2588430"
"chrX_KI270880v1_alt","92981","93102","KN296311v1","4657589","4657718","23","4564608"
"chrX_KI270913v1_alt","82121","82242","KN296311v1","4657589","4657718","23","4575468"
"chr10_GL383545v1_alt","129163","129433","KN296864v1","2279896","2280175","80","2150733"
"chr10_GL383545v1_alt","131339","131632","KN295346v1","1646114","1646406","69","1514775"
"chr10_KI270824v1_alt","98446","98476","KN296367v1","700794","700834","15","602348"
"chr10_KI270824v1_alt","98783","98884","KN295605v1","83359","83454","29","15424"
"chr10_KI270824v1_alt","120955","121118","KN294842v1","123455","123618","12","2500"
"chr10_KI270825v1_alt","25143","25451","KN295480v1","1274084","1274387","25","1248941"
"chr10_KI270825v1_alt","78788","79094","KN295102v1","387826","388136","63","309038"
"chr10_KI270825v1_alt","91681","91959","KN295480v1","1342408","1342684","25","1250727"
"chr10_KI270825v1_alt","150609","150917","KN295480v1","1402909","1403227","32","1252300"
"chr11_KI270826v1_alt","57057","57353","KN294260v1","1359230","1359515","68","1302173"
"chr11_KI270831v1_alt","206241","206395","KN294470v1","78054","78217","36","128187"
"chr11_KI270831v1_alt","218386","218517","KN294172v1","787807","787929","28","569421"
"chr11_KI270831v1_alt","264974","265108","KN296138v1","299724","299858","24","34750"
"chr11_KI270902v1_alt","28585","28887","KN296315v1","1023330","1023621","75","994745"
"chr11_KI270927v1_alt","34017","34319","KN295117v1","112788","113084","75","78771"
"chr11_KI270927v1_alt","112573","112706","KN296643v1","191078","191208","23","78505"
"chr11_KI270927v1_alt","135666","135819","KN296921v1","435698","435849","30","300032"
"chr12_GL383549v1_alt","95291","95490","KN295610v1","375600","375802","53","280309"
"chr12_GL383550v2_alt","97977","98258","KN294279v1","171583","171867","53","73606"
"chr12_GL383550v2_alt","123890","124066","KN297113v1","252877","253050","40","128987"
"chr12_GL383552v1_alt","77940","78073","KN296426v1","870075","870198","45","792135"
"chr12_GL383553v2_alt","25215","25370","KN294172v1","5400991","5401118","45","5375776"
"chr12_GL877875v1_alt","91551","91829","KN294453v1","316902","317180","19","225351"
"chr12_GL877876v1_alt","89300","89495","KN294205v1","957443","957638","54","868143"
"chr12_KI270835v1_alt","166483","166699","KN294879v1","1183051","1183277","55","1016568"
"chr12_KI270904v1_alt","89300","89495","KN294205v1","957443","957638","54","868143"
"chr12_KI270904v1_alt","393715","393862","KN295236v1","1052651","1052796","37","658936"
"chr12_KI270904v1_alt","526948","527233","KN296948v1","762193","762479","82","235245"
"chr13_KI270841v1_alt","2278","2493","KN296158v1","230905","231113","64","228627"
"chr13_KI270841v1_alt","31679","31842","KN294470v1","78054","78217","35","46375"
"chr13_KI270841v1_alt","32161","32291","KN296430v1","1046689","1046817","25","1014528"
"chr13_KI270843v1_alt","15377","15674","KN294446v1","591120","591416","76","575743"
"chr13_KI270843v1_alt","51283","51377","KN295987v1","1409300","1409399","11","1358017"
"chr14_KI270844v1_alt","1151","1285","KN295294v1","3806061","3806194","17","3804910"
"chr14_KI270844v1_alt","76446","76577","KN295294v1","363845","363973","24","287399"
"chr14_KI270844v1_alt","234163","234296","KN295526v1","145592","145725","27","88571"
"chr14_KI270846v1_alt","252803","253097","KN295352v1","729753","730045","63","476950"
"chr14_KI270846v1_alt","807655","807961","KN294170v1","268317","268622","91","539338"
"chr14_KI270846v1_alt","819994","820166","KN295708v1","2199659","2199817","57","1379665"
"chr14_KI270846v1_alt","831588","831894","KN294170v1","268317","268622","91","563271"
"chr14_KI270846v1_alt","842349","842516","KN294790v1","2275744","2275904","50","1433395"
"chr14_KI270846v1_alt","843913","844089","KN296596v1","21794","21951","55","822119"
"chr14_KI270846v1_alt","856278","856584","KN294170v1","268317","268622","89","587961"
"chr14_KI270846v1_alt","1052938","1053219","KN294383v1","82436","82719","40","970502"
"chr14_KI270846v1_alt","1088463","1088758","KN294383v1","82436","82719","88","1006027"
"chr14_KI270846v1_alt","1126318","1126417","KN297452v1","78148","78242","29","1048170"
"chr14_KI270846v1_alt","1139586","1139738","KN296263v1","536654","536807","51","602932"
"chr14_KI270846v1_alt","1160809","1161067","KN296047v1","169159","169425","55","991650"
"chr14_KI270846v1_alt","1351072","1351390","KN294239v1","243029","243336","102","1108043"
"chr14_KI270847v1_alt","15472","15777","KN296290v1","76119","76420","75","60647"
"chr14_KI270847v1_alt","70684","70992","KN296649v1","474335","474640","68","403651"
"chr14_KI270847v1_alt","278524","278684","KN297000v1","418665","418822","37","140141"
"chr14_KI270847v1_alt","279007","279195","KN296682v1","2867973","2868160","46","2588966"
"chr14_KI270847v1_alt","421723","422015","KN294453v1","24436","24724","74","397287"
"chr14_KI270847v1_alt","436681","436969","KN295705v1","823070","823354","72","386389"
"chr14_KI270847v1_alt","437394","437698","KN297219v1","1576359","1576655","69","1138965"
"chr14_KI270847v1_alt","438719","438997","KN296948v1","999703","999965","65","560984"
"chr14_KI270847v1_alt","812190","812393","KN294287v1","645666","645855","60","166524"
"chr14_KI270847v1_alt","1298826","1299117","KN294419v1","64733","65033","64","1234093"
"chr15_GL383554v1_alt","312","615","KN295326v1","286117","286418","28","285805"
"chr15_GL383554v1_alt","10673","10994","KN294548v1","1203959","1204261","79","1193286"
"chr15_GL383554v1_alt","288169","288490","KN294548v1","1203959","1204261","79","915790"
"chr15_GL383555v2_alt","43584","43828","KN295586v1","185554","185803","11","141970"
"chr15_GL383555v2_alt","100364","100659","KN295923v1","1392828","1393125","64","1292464"
"chr15_GL383555v2_alt","114361","114683","KN295667v1","1567361","1567664","85","1453000"
"chr15_GL383555v2_alt","206382","206695","KN295586v1","353613","353956","45","147231"
"chr15_GL383555v2_alt","254706","254778","KN295027v1","480585","480653","23","225879"
"chr15_GL383555v2_alt","309115","309397","KN295586v1","457681","457950","28","148566"
"chr15_KI270848v1_alt","188174","188475","KN297058v1","194613","194917","60","6439"
"chr15_KI270849v1_alt","242845","243093","KN296145v1","3732348","3732587","64","3489503"
"chr15_KI270850v1_alt","61692","61846","KN296991v1","1294741","1294894","13","1233049"
"chr15_KI270850v1_alt","140693","140847","KN296991v1","1294741","1294894","13","1154048"
"chr15_KI270850v1_alt","191180","191462","KN296404v1","2095101","2095370","63","1903921"
"chr15_KI270850v1_alt","306599","306753","KN296991v1","1294741","1294894","15","988142"
"chr15_KI270850v1_alt","391507","391650","KN294536v1","420664","420795","39","29157"
"chr15_KI270851v1_alt","149397","149704","KN295326v1","286117","286418","27","136720"
"chr15_KI270852v1_alt","43653","43950","KN294452v1","1374937","1375240","61","1331284"
"chr15_KI270905v1_alt","129670","129955","KN295068v1","49131","49419","65","80539"
"chr15_KI270905v1_alt","150799","151074","KN296948v1","762193","762479","58","611394"
"chr15_KI270905v1_alt","284765","284922","KN295326v1","444837","444999","13","160072"
"chr15_KI270905v1_alt","526757","526846","KN295705v1","1791772","1791867","23","1265015"
"chr15_KI270905v1_alt","526883","527065","KN294199v1","600945","601110","41","74062"
"chr15_KI270905v1_alt","559576","559879","KN295326v1","286117","286418","28","273459"
"chr15_KI270905v1_alt","569937","570258","KN294548v1","1203959","1204261","79","634022"
"chr15_KI270905v1_alt","864383","864701","KN294548v1","1203959","1204261","81","339576"
"chr15_KI270905v1_alt","876175","876482","KN295326v1","286117","286418","26","590058"
"chr15_KI270905v1_alt","1558897","1559062","KN296864v1","3353170","3353334","34","1794273"
"chr15_KI270905v1_alt","1627425","1627717","KN296849v1","957882","958183","61","669543"
"chr15_KI270905v1_alt","1922716","1922861","KN294558v1","284993","285139","11","1637723"
"chr15_KI270905v1_alt","2022881","2023211","KN295941v1","1790543","1790862","89","232338"
"chr15_KI270905v1_alt","2151775","2151922","KN295294v1","3806061","3806194","27","1654286"
"chr15_KI270905v1_alt","2152225","2152380","KN294991v1","973655","973815","41","1178570"
"chr15_KI270905v1_alt","2320490","2320683","KN294416v1","645591","645790","48","1674899"
"chr15_KI270905v1_alt","2386677","2386970","KN297458v1","653361","653653","45","1733316"
"chr15_KI270905v1_alt","2393664","2393734","KN297197v1","916749","916827","14","1476915"
"chr15_KI270905v1_alt","2438041","2438325","KN297458v1","653361","653653","55","1784680"
"chr15_KI270905v1_alt","2485326","2485610","KN295984v1","2286186","2286477","70","199140"
"chr15_KI270905v1_alt","2673657","2673727","KN297197v1","916749","916827","14","1756908"
"chr15_KI270905v1_alt","2680362","2680655","KN297458v1","653361","653653","45","2027001"
"chr15_KI270905v1_alt","2855445","2855738","KN297458v1","653361","653653","45","2202084"
"chr15_KI270905v1_alt","2862366","2862436","KN297197v1","916749","916827","14","1945617"
"chr15_KI270905v1_alt","3046695","3046998","KN296844v1","315599","315894","31","2731096"
"chr15_KI270905v1_alt","3114798","3114951","KN295326v1","444837","444999","15","2669961"
"chr15_KI270905v1_alt","3192801","3192965","KN295420v1","396854","397019","10","2795947"
"chr15_KI270905v1_alt","3238097","3238388","KN295420v1","350019","350310","17","2888078"
"chr15_KI270905v1_alt","3345160","3345464","KN295633v1","778185","778486","61","2566975"
"chr15_KI270905v1_alt","3467188","3467443","KN295420v1","122995","123251","22","3344193"
"chr15_KI270905v1_alt","3471882","3472195","KN297180v1","314236","314539","61","3157646"
"chr15_KI270905v1_alt","3929627","3929930","KN296844v1","315599","315894","30","3614028"
"chr15_KI270905v1_alt","4204491","4204788","KN296844v1","589073","589386","36","3615418"
"chr15_KI270905v1_alt","5002083","5002368","KN296343v1","202602","202907","30","4799481"
"chr15_KI270905v1_alt","5141755","5142043","KN296343v1","342674","342971","34","4799081"
"chr15_KI270906v1_alt","57524","57825","KN297058v1","194613","194917","60","137089"
"chr16_GL383556v1_alt","13024","13156","KN294339v1","93661","93791","26","80637"
"chr16_GL383556v1_alt","31623","31755","KN294339v1","93661","93791","26","62038"
"chr16_GL383557v1_alt","21060","21358","KN297403v1","175995","176294","71","154935"
"chr16_KI270853v1_alt","262082","262266","KN296096v1","680679","680846","51","418597"
"chr16_KI270853v1_alt","120282","120575","KN295257v1","300761","301044","57","180479"
"chr16_KI270853v1_alt","366646","366780","KN294378v1","643788","643925","8","277142"
"chr16_KI270853v1_alt","410355","410648","KN294210v1","473112","473404","54","62757"
"chr16_KI270853v1_alt","610747","610880","KN296880v1","198524","198663","23","412223"
"chr16_KI270853v1_alt","676587","676831","KN294987v1","187998","188261","67","488589"
"chr16_KI270853v1_alt","715470","715604","KN296311v1","4815038","4815168","21","4099568"
"chr16_KI270853v1_alt","773307","773438","KN296643v1","191078","191208","19","582229"
"chr16_KI270853v1_alt","793402","793536","KN296311v1","4815038","4815168","21","4021636"
"chr16_KI270853v1_alt","832206","832450","KN294987v1","187998","188261","68","644208"
"chr16_KI270853v1_alt","1082143","1082283","KN294419v1","211719","211856","34","870424"
"chr16_KI270853v1_alt","1109989","1110288","KN294378v1","1598738","1599039","22","488749"
"chr16_KI270853v1_alt","1219603","1219891","KN296303v1","805215","805501","66","414388"
"chr16_KI270853v1_alt","1319951","1320249","KN295430v1","2009073","2009373","66","689122"
"chr16_KI270853v1_alt","1324640","1324878","KN297095v1","2669325","2669548","68","1344685"
"chr16_KI270853v1_alt","1425956","1426087","KN294378v1","1273477","1273608","11","152479"
"chr16_KI270853v1_alt","1437118","1437426","KN294378v1","1260674","1260978","31","176444"
"chr16_KI270853v1_alt","1444975","1445110","KN294378v1","1253420","1253559","13","191555"
"chr16_KI270853v1_alt","1466596","1466896","KN294378v1","1232521","1232813","25","234075"
"chr16_KI270853v1_alt","1476860","1477142","KN294592v1","450560","450839","70","1026300"
"chr16_KI270853v1_alt","1483252","1483547","KN296948v1","762193","762479","60","721059"
"chr16_KI270853v1_alt","1511150","1511445","KN294210v1","473112","473404","65","1038038"
"chr16_KI270853v1_alt","1530426","1530692","KN296011v1","67440","67709","79","1462986"
"chr16_KI270853v1_alt","1593879","1594151","KN297046v1","3430869","3431153","68","1836990"
"chr16_KI270853v1_alt","1602859","1603034","KN294711v1","1194000","1194162","48","408859"
"chr16_KI270853v1_alt","1603337","1603464","KN296643v1","191078","191208","25","1412259"
"chr16_KI270853v1_alt","1614488","1614614","KN296311v1","4815038","4815168","23","3200550"
"chr16_KI270853v1_alt","1654267","1654400","KN294378v1","1043877","1044007","18","610390"
"chr16_KI270853v1_alt","1666808","1667118","KN294378v1","1031805","1032096","31","635003"
"chr16_KI270853v1_alt","1731372","1731665","KN296649v1","474335","474640","62","1257037"
"chr16_KI270853v1_alt","1954814","1954945","KN296643v1","191078","191208","19","1763736"
"chr16_KI270853v1_alt","2121205","2121339","KN294378v1","643788","643925","7","1477417"
"chr16_KI270853v1_alt","2165584","2165877","KN294210v1","473112","473404","54","1692472"
"chr16_KI270853v1_alt","2301198","2301351","KN294899v1","1194408","1194556","36","1106790"
"chr16_KI270853v1_alt","2326534","2326807","KN295983v1","1223920","1224199","63","1102614"
"chr16_KI270853v1_alt","2412905","2413193","KN296526v1","283231","283529","69","2129674"
"chr16_KI270853v1_alt","2624965","2625094","KN296580v1","471605","471729","12","2153360"
"chr16_KI270854v1_alt","43712","43974","KN297159v1","1425976","1426241","66","1382264"
"chr16_KI270855v1_alt","113460","113731","KN294552v1","1295874","1296134","61","1182414"
"chr16_KI270855v1_alt","219776","220089","KN294486v1","867184","867500","77","647408"
"chr17_GL000258v2_alt","22179","22309","KN294172v1","4450120","4450251","20","4427941"
"chr17_GL000258v2_alt","49478","49774","KN294452v1","1374937","1375240","65","1325459"
"chr17_GL000258v2_alt","67420","67590","KN296732v1","3070322","3070492","33","3002902"
"chr17_GL000258v2_alt","67880","68021","KN295102v1","72427","72567","33","4547"
"chr17_GL000258v2_alt","91574","91882","KN295406v1","486578","486886","68","395004"
"chr17_GL000258v2_alt","198866","199079","KN296902v1","7273","7481","26","191593"
"chr17_GL000258v2_alt","216177","216309","KN294181v1","1038417","1038549","29","822240"
"chr17_GL000258v2_alt","416786","416999","KN296902v1","7273","7481","26","409513"
"chr17_GL000258v2_alt","434112","434244","KN294181v1","1038417","1038549","28","604305"
"chr17_GL000258v2_alt","504968","505234","KN294433v1","147634","147875","88","357334"
"chr17_GL000258v2_alt","580381","580505","KN297050v1","128023","128146","24","452358"
"chr17_GL000258v2_alt","689340","689456","KN294172v1","683077","683185","41","6263"
"chr17_GL000258v2_alt","690072","690259","KN297158v1","804748","804922","54","114676"
"chr17_GL000258v2_alt","697531","697807","KN294571v1","2055636","2055896","71","1358105"
"chr17_GL000258v2_alt","734498","734643","KN294739v1","903316","903465","41","168818"
"chr17_GL000258v2_alt","735628","735950","KN295974v1","1415452","1415775","77","679824"
"chr17_GL000258v2_alt","825388","825696","KN296322v1","1648835","1649139","57","823447"
"chr17_GL000258v2_alt","850714","851011","KN296507v1","738522","738814","57","112192"
"chr17_GL000258v2_alt","853967","854246","KN296726v1","290991","291261","71","562976"
"chr17_GL000258v2_alt","883685","883961","KN294199v1","1022551","1022840","64","138866"
"chr17_GL000258v2_alt","979303","979497","KN296767v1","53224","53425","54","926079"
"chr17_GL000258v2_alt","1090906","1091123","KN296508v1","1675720","1675934","48","584814"
"chr17_GL000258v2_alt","1107032","1107341","KN295102v1","38793","39103","74","1068239"
"chr17_GL000258v2_alt","1132108","1132406","KN296964v1","1814390","1814681","58","682282"
"chr17_GL000258v2_alt","1359381","1359505","KN297050v1","128023","128146","24","1231358"
"chr17_GL000258v2_alt","1362862","1362986","KN297050v1","128023","128146","24","1234839"
"chr17_GL000258v2_alt","1444283","1444550","KN294433v1","147634","147875","88","1296649"
"chr17_GL000258v2_alt","1538421","1538604","KN296902v1","7273","7481","42","1531148"
"chr17_GL383563v3_alt","30511","30630","KN295441v1","789788","789916","30","759277"
"chr17_GL383563v3_alt","95089","95291","KN294571v1","1820361","1820567","57","1725272"
"chr17_GL383564v2_alt","30981","31157","KN296635v1","4102969","4103140","43","4071988"
"chr17_GL383564v2_alt","91277","91425","KN297180v1","2065065","2065204","32","1973788"
"chr17_JH159146v1_alt","11319","11641","KN296117v1","433694","434012","76","422375"
"chr17_JH159146v1_alt","20397","20714","KN295633v1","909764","910066","73","889367"
"chr17_KI270857v1_alt","53059","53360","KN296864v1","1939832","1940132","65","1886773"
"chr17_KI270857v1_alt","76229","76529","KN297195v1","425146","425446","72","348917"
"chr17_KI270857v1_alt","79805","80084","KN296991v1","841101","841373","61","761296"
"chr17_KI270857v1_alt","119174","119335","KN294271v1","8882","9045","44","110292"
"chr17_KI270857v1_alt","119631","119775","KN294218v1","2756614","2756751","22","2636983"
"chr17_KI270857v1_alt","158464","158780","KN297066v1","48943","49249","64","109521"
"chr17_KI270857v1_alt","303759","304041","KN297023v1","640512","640805","65","336753"
"chr17_KI270857v1_alt","508200","508488","KN296528v1","1109404","1109696","74","601204"
"chr17_KI270857v1_alt","517857","518148","KN296829v1","801368","801657","61","283511"
"chr17_KI270857v1_alt","546476","546777","KN294806v1","594997","595290","67","48521"
"chr17_KI270857v1_alt","644604","644747","KN296750v1","1431681","1431828","34","787077"
"chr17_KI270857v1_alt","795027","795161","KN295573v1","623556","623685","26","171471"
"chr17_KI270857v1_alt","1007191","1007354","KN296000v1","901795","901947","36","105396"
"chr17_KI270857v1_alt","1150626","1150742","KN294848v1","295585","295697","26","855041"
"chr17_KI270857v1_alt","1163620","1163755","KN295706v1","131306","131439","23","1032314"
"chr17_KI270857v1_alt","1221013","1221265","KN295894v1","1984544","1984792","69","763531"
"chr17_KI270857v1_alt","1221566","1221606","KN295725v1","1086306","1086335","20","135260"
"chr17_KI270857v1_alt","1329504","1329796","KN295356v1","578208","578494","57","751296"
"chr17_KI270857v1_alt","1377399","1377536","KN296485v1","157888","158017","33","1219511"
"chr17_KI270857v1_alt","1474823","1475109","KN294235v1","979340","979628","58","495483"
"chr17_KI270857v1_alt","1559317","1559607","KN295352v1","729753","730045","66","829564"
"chr17_KI270857v1_alt","1662122","1662401","KN296303v1","805215","805501","55","856907"
"chr17_KI270857v1_alt","1672541","1672834","KN296964v1","1814390","1814681","69","141849"
"chr17_KI270857v1_alt","1678277","1678446","KN295294v1","2768559","2768717","45","1090282"
"chr17_KI270857v1_alt","1690198","1690477","KN296308v1","509786","510061","66","1180412"
"chr17_KI270857v1_alt","1858524","1858828","KN294452v1","998051","998338","78","860473"
"chr17_KI270857v1_alt","1876070","1876226","KN295721v1","429780","429935","38","1446290"
"chr17_KI270857v1_alt","1876526","1876652","KN297154v1","1282191","1282319","24","594335"
"chr17_KI270857v1_alt","1904500","1904616","KN294650v1","82689","82804","27","1821811"
"chr17_KI270857v1_alt","2141663","2141806","KN296750v1","1431681","1431828","34","709982"
"chr17_KI270857v1_alt","2185417","2185560","KN295633v1","431918","432061","6","1753499"
"chr17_KI270857v1_alt","2239671","2239972","KN294806v1","594997","595290","67","1644674"
"chr17_KI270857v1_alt","2268310","2268606","KN295294v1","1101026","1101317","64","1167284"
"chr17_KI270857v1_alt","2277982","2278270","KN296528v1","1109404","1109696","74","1168578"
"chr17_KI270857v1_alt","2405297","2405591","KN295352v1","729753","730045","67","1675544"
"chr17_KI270857v1_alt","2424527","2424763","KN295601v1","3201776","3202001","65","777249"
"chr17_KI270857v1_alt","2668264","2668387","KN296322v1","997745","997870","20","1670519"
"chr17_KI270857v1_alt","2823894","2824026","KN294964v1","2000421","2000556","20","823473"
"chr17_KI270857v1_alt","2824280","2824458","KN295633v1","552946","553113","43","2271334"
"chr17_KI270860v1_alt","135105","135325","KN295923v1","1986700","1986911","53","1851595"
"chr17_KI270861v1_alt","15574","15715","KN296643v1","191078","191208","28","175504"
"chr17_KI270861v1_alt","32202","32334","KN294187v1","133756","133890","22","101554"
"chr17_KI270861v1_alt","120943","121109","KN296926v1","1156893","1157056","41","1035950"
"chr17_KI270862v1_alt","30879","31020","KN295962v1","463054","463189","26","432175"
"chr17_KI270862v1_alt","205040","205337","KN297133v1","933596","933891","46","728556"
"chr17_KI270908v1_alt","22179","22309","KN294172v1","4450120","4450251","20","4427941"
"chr17_KI270908v1_alt","49478","49774","KN294452v1","1374937","1375240","65","1325459"
"chr17_KI270908v1_alt","67418","67588","KN296732v1","3070322","3070492","33","3002904"
"chr17_KI270908v1_alt","67878","68019","KN295102v1","72427","72567","33","4549"
"chr17_KI270908v1_alt","91563","91871","KN295406v1","486578","486886","68","395015"
"chr17_KI270908v1_alt","201353","201566","KN296902v1","7273","7481","27","194080"
"chr17_KI270908v1_alt","306850","306985","KN294199v1","281436","281574","30","25414"
"chr17_KI270908v1_alt","357673","357971","KN296964v1","1814390","1814681","58","1456717"
"chr17_KI270908v1_alt","398982","399191","KN297313v1","655847","656042","49","256865"
"chr17_KI270908v1_alt","510789","510983","KN296767v1","53224","53425","54","457565"
"chr17_KI270908v1_alt","606526","606802","KN294199v1","1022551","1022840","63","416025"
"chr17_KI270908v1_alt","636217","636496","KN296726v1","290991","291261","70","345226"
"chr17_KI270908v1_alt","639452","639751","KN296507v1","738522","738814","59","99070"
"chr17_KI270908v1_alt","664772","665080","KN296322v1","1648835","1649139","57","984063"
"chr17_KI270908v1_alt","754773","755103","KN294458v1","1460252","1460580","79","705479"
"chr17_KI270908v1_alt","756094","756239","KN294739v1","903316","903465","41","147222"
"chr17_KI270908v1_alt","790721","790996","KN294571v1","2055636","2055896","71","1264915"
"chr17_KI270908v1_alt","798243","798408","KN296000v1","898022","898186","42","99779"
"chr17_KI270908v1_alt","799023","799139","KN294172v1","683077","683185","41","115946"
"chr17_KI270908v1_alt","908547","908671","KN297050v1","128023","128146","24","780524"
"chr17_KI270908v1_alt","983771","984037","KN294433v1","147634","147875","87","836137"
"chr17_KI270908v1_alt","991897","992031","KN295706v1","131306","131439","22","860591"
"chr17_KI270908v1_alt","1072015","1072198","KN296902v1","7273","7481","42","1064742"
"chr17_KI270909v1_alt","22968","23250","KN297023v1","640512","640805","65","617544"
"chr17_KI270910v1_alt","30879","31020","KN295962v1","463054","463189","26","432175"
"chr18_GL383567v1_alt","19963","20266","KN297184v1","1114866","1115167","71","1094903"
"chr18_GL383567v1_alt","69850","69990","KN296732v1","3311835","3311972","23","3241985"
"chr18_GL383567v1_alt","71043","71371","KN295548v1","624737","625039","77","553694"
"chr19_GL383573v1_alt","136596","136863","KN297390v1","84191","84473","78","52405"
"chr19_GL383573v1_alt","175560","175848","KN297462v1","564741","565026","83","389181"
"chr19_GL383574v1_alt","1212","1363","KN296732v1","2938146","2938298","24","2936934"
"chr19_GL383574v1_alt","60738","60915","KN294848v1","1101310","1101490","23","1040572"
"chr19_GL383574v1_alt","93891","94131","KN296608v1","381289","381528","66","287398"
"chr19_GL383574v1_alt","124479","124639","KN294848v1","1161040","1161175","33","1036561"
"chr19_GL383574v1_alt","145407","145701","KN294452v1","1374937","1375240","76","1229530"
"chr19_GL949746v1_alt","53955","54083","KN295893v1","2369160","2369293","23","2315205"
"chr19_GL949746v1_alt","65903","66037","KN295906v1","88165","88296","27","22262"
"chr19_GL949746v1_alt","66338","66408","KN294592v1","431867","431922","30","365529"
"chr19_GL949746v1_alt","151544","151679","KN296311v1","4815038","4815168","24","4663494"
"chr19_GL949746v1_alt","188825","188954","KN296096v1","3053461","3053592","25","2864636"
"chr19_GL949746v1_alt","953392","953496","KN296153v1","1944022","1944129","24","990630"
"chr19_GL949746v1_alt","973641","973932","KN297008v1","6549351","6549627","62","5575710"
"chr19_GL949747v2_alt","53955","54083","KN295893v1","2369160","2369293","23","2315205"
"chr19_GL949747v2_alt","65903","66037","KN295906v1","88165","88296","27","22262"
"chr19_GL949747v2_alt","66338","66408","KN294592v1","431867","431922","30","365529"
"chr19_GL949747v2_alt","151579","151714","KN296311v1","4815038","4815168","24","4663459"
"chr19_GL949747v2_alt","189008","189137","KN296096v1","3053461","3053592","25","2864453"
"chr19_GL949747v2_alt","695196","695300","KN296153v1","1944022","1944129","24","1248826"
"chr19_GL949747v2_alt","715445","715736","KN297008v1","6549351","6549627","62","5833906"
"chr19_GL949748v2_alt","53955","54083","KN295893v1","2369160","2369293","23","2315205"
"chr19_GL949748v2_alt","65903","66037","KN295906v1","88165","88296","27","22262"
"chr19_GL949748v2_alt","66338","66408","KN294592v1","431867","431922","30","365529"
"chr19_GL949748v2_alt","151579","151714","KN296311v1","4815038","4815168","24","4663459"
"chr19_GL949748v2_alt","189008","189137","KN296096v1","3053461","3053592","25","2864453"
"chr19_GL949748v2_alt","1050229","1050520","KN297008v1","6549351","6549627","62","5499122"
"chr19_GL949749v2_alt","53955","54083","KN295893v1","2369160","2369293","23","2315205"
"chr19_GL949749v2_alt","65903","66037","KN295906v1","88165","88296","27","22262"
"chr19_GL949749v2_alt","66338","66408","KN294592v1","431867","431922","30","365529"
"chr19_GL949749v2_alt","151579","151714","KN296311v1","4815038","4815168","24","4663459"
"chr19_GL949749v2_alt","189008","189137","KN296096v1","3053461","3053592","25","2864453"
"chr19_GL949749v2_alt","1057517","1057621","KN296153v1","1944022","1944129","24","886505"
"chr19_GL949749v2_alt","1077766","1078057","KN297008v1","6549351","6549627","62","5471585"
"chr19_GL949750v2_alt","53955","54083","KN295893v1","2369160","2369293","23","2315205"
"chr19_GL949750v2_alt","65903","66037","KN295906v1","88165","88296","27","22262"
"chr19_GL949750v2_alt","66338","66408","KN294592v1","431867","431922","30","365529"
"chr19_GL949750v2_alt","151579","151714","KN296311v1","4815038","4815168","24","4663459"
"chr19_GL949750v2_alt","189008","189137","KN296096v1","3053461","3053592","25","2864453"
"chr19_GL949750v2_alt","1052315","1052606","KN297008v1","6549351","6549627","62","5497036"
"chr19_GL949751v2_alt","53955","54083","KN295893v1","2369160","2369293","23","2315205"
"chr19_GL949751v2_alt","65903","66037","KN295906v1","88165","88296","27","22262"
"chr19_GL949751v2_alt","66338","66408","KN294592v1","431867","431922","30","365529"
"chr19_GL949751v2_alt","151579","151714","KN296311v1","4815038","4815168","24","4663459"
"chr19_GL949751v2_alt","189008","189137","KN296096v1","3053461","3053592","25","2864453"
"chr19_GL949751v2_alt","988608","988899","KN297008v1","6549351","6549627","62","5560743"
"chr19_GL949752v1_alt","53955","54083","KN295893v1","2369160","2369293","23","2315205"
"chr19_GL949752v1_alt","65903","66037","KN295906v1","88165","88296","27","22262"
"chr19_GL949752v1_alt","66338","66408","KN294592v1","431867","431922","30","365529"
"chr19_GL949752v1_alt","151550","151685","KN296311v1","4815038","4815168","24","4663488"
"chr19_GL949752v1_alt","189010","189139","KN296096v1","3053461","3053592","25","2864451"
"chr19_GL949752v1_alt","952776","952880","KN296153v1","1944022","1944129","24","991246"
"chr19_GL949752v1_alt","973025","973316","KN297008v1","6549351","6549627","62","5576326"
"chr19_GL949753v2_alt","53955","54083","KN295893v1","2369160","2369293","23","2315205"
"chr19_GL949753v2_alt","65903","66037","KN295906v1","88165","88296","27","22262"
"chr19_GL949753v2_alt","66338","66408","KN294592v1","431867","431922","30","365529"
"chr19_GL949753v2_alt","151579","151714","KN296311v1","4815038","4815168","24","4663459"
"chr19_GL949753v2_alt","189008","189138","KN296138v1","11819","11953","25","177189"
"chr19_GL949753v2_alt","762155","762259","KN296153v1","1944022","1944129","24","1181867"
"chr19_GL949753v2_alt","782404","782695","KN297008v1","6549351","6549627","62","5766947"
"chr19_KI270866v1_alt","1013","1294","KN294848v1","1246098","1246379","24","1245085"
"chr19_KI270867v1_alt","192367","192684","KN297219v1","1576359","1576655","89","1383992"
"chr19_KI270868v1_alt","37541","37672","KN296311v1","4657589","4657718","30","4620048"
"chr19_KI270868v1_alt","44639","44775","KN295034v1","243361","243503","34","198722"
"chr19_KI270938v1_alt","53955","54083","KN295893v1","2369160","2369293","23","2315205"
"chr19_KI270938v1_alt","65903","66037","KN295906v1","88165","88296","27","22262"
"chr19_KI270938v1_alt","66338","66408","KN294592v1","431867","431922","30","365529"
"chr19_KI270938v1_alt","151579","151714","KN296311v1","4815038","4815168","24","4663459"
"chr19_KI270938v1_alt","189008","189137","KN296096v1","3053461","3053592","25","2864453"
"chr19_KI270938v1_alt","1052725","1053016","KN297008v1","6549351","6549627","62","5496626"
"chr20_KI270869v1_alt","93961","94265","KN294452v1","1374937","1375240","71","1280976"
"chr20_KI270869v1_alt","113085","113379","KN294470v1","849781","850077","74","736696"
"chr20_KI270870v1_alt","124175","124485","KN295573v1","1390691","1391001","76","1266516"
"chr20_KI270870v1_alt","169289","169584","KN294407v1","1718897","1719202","77","1549608"
"chr21_GL383580v2_alt","14656","14926","KN295830v1","84668","84944","79","70012"
"chr21_GL383580v2_alt","40304","40570","KN294513v1","235461","235729","71","195157"
"chr21_KI270873v1_alt","4391","4691","KN294728v1","765090","765383","72","760699"
"chr21_KI270873v1_alt","31046","31226","KN296311v1","2361464","2361632","49","2330418"
"chr21_KI270874v1_alt","103156","103466","KN294911v1","2419251","2419556","78","2316095"
"chr22_GL383582v2_alt","18598","18755","KN294443v1","437013","437176","51","418415"
"chr22_GL383582v2_alt","141444","141723","KN294167v1","427334","427608","61","285890"
"chr22_GL383582v2_alt","153455","153564","KN294172v1","4793193","4793299","13","4639738"
"chr22_GL383583v2_alt","5319","5401","KN296907v1","785980","786056","24","780661"
"chr22_KB663609v1_alt","17454","17511","KN295725v1","1085871","1085933","18","1068417"
"chr22_KB663609v1_alt","18597","18755","KN294443v1","437013","437176","52","418416"
"chr22_KI270875v1_alt","32868","33029","KN296877v1","151376","151537","42","118508"
"chr22_KI270875v1_alt","151729","151921","KN294457v1","946089","946274","56","794360"
"chr22_KI270875v1_alt","152672","152779","KN295308v1","2064887","2064983","28","1912215"
"chr22_KI270875v1_alt","152782","152914","KN296153v1","2092324","2092451","22","1939542"
"chr22_KI270875v1_alt","163592","163720","KN296643v1","191078","191208","23","27486"
"chr22_KI270875v1_alt","245706","245955","KN296311v1","2581889","2582135","63","2336183"
"chr22_KI270876v1_alt","27150","27284","KN294396v1","327796","327925","21","300646"
"chr22_KI270876v1_alt","199420","199739","KN296948v1","762193","762479","84","562773"
"chr22_KI270878v1_alt","149495","149619","KN296682v1","4980731","4980854","22","4831236"
"chr22_KI270879v1_alt","22048","22333","KN296498v1","406448","406759","40","384400"
"chr22_KI270879v1_alt","40562","40726","KN297113v1","252877","253050","38","212315"
"chr22_KI270879v1_alt","121433","121716","KN295722v1","1369561","1369836","62","1248128"
"chr22_KI270879v1_alt","180177","180494","KN296252v1","147832","148144","74","32345"
"chr22_KI270879v1_alt","233575","233891","KN294954v1","70243","70554","75","163332"
"chr22_KI270879v1_alt","246810","247011","KN296498v1","245663","245862","29","1147"
"chr22_KI270879v1_alt","247318","247434","KN296498v1","246159","246294","26","1159"
"chr22_KI270879v1_alt","286862","287036","KN296498v1","177186","177359","22","109676"
"chr22_KI270879v1_alt","287341","287489","KN296498v1","176729","176872","15","110612"
"chr22_KI270928v1_alt","17454","17511","KN295725v1","1085871","1085933","18","1068417"
"chr22_KI270928v1_alt","18597","18755","KN294443v1","437013","437176","52","418416"
"chr22_KI270928v1_alt","153545","153824","KN294167v1","427334","427608","61","273789"
"chr22_KI270928v1_alt","165558","165666","KN294172v1","4793193","4793299","13","4627635"
"chr1_KI270708v1_random","98779","99032","KN296879v1","875266","875519","69","776487"
"chr9_KI270718v1_random","7187","7468","KN294650v1","1824113","1824395","59","1816926"
"chr9_KI270719v1_random","42367","42664","KN296948v1","762193","762479","73","719826"
"chr9_KI270720v1_random","28751","29056","KN294980v1","15695","15980","51","13056"
"chr9_KI270720v1_random","31704","31868","KN296864v1","3353170","3353334","38","3321466"
"chr14_GL000194v1_random","48754","48918","KN296879v1","14898","15063","18","33856"
"chr14_KI270722v1_random","131985","132238","KN294613v1","331392","331636","69","199407"
"chr14_KI270724v1_random","39104","39407","KN294452v1","1374937","1375240","83","1335833"
"chr14_KI270725v1_random","67648","67749","KN295605v1","83359","83454","28","15711"
"chr14_KI270725v1_random","68051","68077","KN296495v1","369441","369458","12","301390"
"chr15_KI270727v1_random","12902","13199","KN294452v1","1374937","1375240","61","1362035"
"chr16_KI270728v1_random","172774","172937","KN294842v1","123455","123618","11","49319"
"chr16_KI270728v1_random","211146","211308","KN294842v1","123455","123618","17","87691"
"chr16_KI270728v1_random","1452150","1452356","KN294205v1","957443","957638","51","494707"
"chr16_KI270728v1_random","1484923","1485224","KN294581v1","108430","108726","19","1376493"
"chr16_KI270728v1_random","1709181","1709344","KN294842v1","123455","123618","11","1585726"
"chr16_KI270728v1_random","1813027","1813192","KN294842v1","123455","123618","20","1689572"
"chr16_KI270728v1_random","1851189","1851352","KN294842v1","123455","123618","10","1727734"
"chr17_GL000205v2_random","107507","107662","KN295721v1","429780","429935","39","322273"
"chr17_GL000205v2_random","107980","108117","KN296538v1","514898","515032","34","406918"
"chr17_GL000205v2_random","119656","119952","KN296205v1","601732","602028","92","482076"
"chr17_GL000205v2_random","128866","129133","KN296635v1","2522232","2522487","80","2393366"
"chr22_KI270733v1_random","74765","75014","KN294705v1","1107549","1107807","77","1032784"
"chr22_KI270734v1_random","158492","158571","KN295996v1","133273","133341","26","25219"
"chr22_KI270734v1_random","158875","159012","KN295034v1","243361","243503","24","84486"
"chr22_KI270734v1_random","163321","163418","KN296454v1","256011","256110","22","92690"
"chr22_KI270734v1_random","163850","163972","KN296426v1","870075","870198","29","706225"
