"chr1","1076379","1076676","chr19","48820002","48820297","34","47743623"
"chr1","1817182","1817464","chr3","133115223","133115500","58","131298041"
"chr1","2432053","2432338","chr5","47341643","47341929","45","44909590"
"chr1","2827898","2828185","chr9","6695881","6696174","50","3867983"
"chr1","3076340","3076634","chrX","34021299","34021588","51","30944959"
"chr1","3182491","3182674","chr7","42616317","42616505","35","39433826"
"chr1","3746239","3746451","chrX","39074294","39074507","49","35328055"
"chr1","3852494","3852783","chr12","104545125","104545418","71","100692631"
"chr1","5142570","5142755","chr7","42616317","42616505","45","37473747"
"chr1","5218638","5218938","chr10","38465004","38465298","58","33246366"
"chr1","5334992","5335288","chr3","126460235","126460535","46","121125243"
"chr1","7003020","7003308","chr7","5259751","5260042","49","1743269"
"chr1","7386374","7386674","chr11","44623850","44624147","46","37237476"
"chr1","8545651","8545955","chr7","91195898","91196205","53","82650247"
"chr1","8717084","8717377","chrX","156059528","156059816","41","147342444"
"chr1","9585973","9586262","chr19","49334612","49334911","42","39748639"
"chr1","9711485","9711797","chr1","210819403","210819695","59","201107918"
"chr1","10002235","10002517","chr2A","111127387","111127671","38","101125152"
"chr1","10229239","10229547","chrX","19412277","19412587","46","9183038"
"chr1","11282012","11282296","chr3","188474936","188475232","38","177192924"
"chr1","12456240","12456427","chr13","97564229","97564414","28","85107989"
"chr1","12575906","12576216","chr10","38465004","38465298","49","25889098"
"chr1","13109158","13109478","chr18","9093758","9094066","65","4015400"
"chr1","13572686","13572989","chr14","33932550","33932849","45","20359864"
"chr1","13639715","13640018","chr11","44623850","44624147","45","30984135"
"chr1","13752385","13752663","chr4","17361545","17361832","47","3609160"
"chr1","13792892","13793174","chr5","38415598","38415886","60","24622706"
"chr1","14004601","14004877","chr22","37981919","37982206","54","23977318"
"chr1","14297102","14297184","chr3","142392516","142392595","29","128095414"
"chr1","14389598","14389866","chr8","16374274","16374547","63","1984676"
"chr1","14487353","14487647","chr11","116333106","116333398","42","101845753"
"chr1","14806066","14806294","chr5","102439665","102439875","45","87633599"
"chr1","15230612","15230914","chr18","10169993","10170291","44","5060619"
"chr1","15281088","15281381","chr9","108027773","108028069","45","92746685"
"chr1","15602187","15602485","chr1","203555814","203556103","55","187953627"
"chr1","16735420","16735718","chr1","152743362","152743656","48","136007942"
"chr1","17552776","17553055","chr7","109300892","109301171","38","91748116"
"chr1","18124901","18125186","chr4","110414976","110415258","52","92290075"
"chr1","19395725","19396026","chr5","58986073","58986363","65","39590348"
"chr1","20199868","20200083","chr3","13640114","13640310","55","6559754"
"chr1","21949252","21949551","chr7","62105160","62105453","47","40155908"
"chr1","22940470","22940603","chr4","172793530","172793656","28","149853060"
"chr1","23036505","23036808","chr5","35255023","35255326","46","12218518"
"chr1","24050049","24050306","chr11","14011422","14011673","60","10038627"
"chr1","25369368","25369601","chr1","179087447","179087661","42","153718079"
"chr1","26712293","26712532","chr12","4424246","4424485","39","22288047"
"chr1","27232678","27232953","chr3","51637136","51637407","51","24404458"
"chr1","28241101","28241376","chr19","57951008","57951284","45","29709907"
"chr1","28491533","28491829","chr19","48820002","48820297","41","20328469"
"chr1","28562526","28562665","chr10","33259628","33259763","23","4697102"
"chr1","29146022","29146328","chr3","54381453","54381761","49","25235431"
"chr1","29440489","29440671","chr5","51215133","51215323","36","21774644"
"chr1","29441245","29441470","chr1","134040563","134040788","34","104599318"
"chr1","30059058","30059363","chr12","8100508","8100811","41","21958550"
"chr1","30107775","30108082","chr1","180340430","180340740","43","150232655"
"chr1","30526865","30527129","chr2A","3079827","3080079","63","27447038"
"chr1","30653373","30653674","chr1","150093146","150093446","45","119439773"
"chr1","30833790","30834073","chr2A","44952766","44953054","41","14118976"
"chr1","31292703","31292975","chr1","155121123","155121411","55","123828420"
"chr1","31901629","31901916","chr5","48159153","48159453","59","16257524"
"chr1","32095288","32095582","chr21","18562186","18562478","37","13533102"
"chr1","32217145","32217420","chr14","49667581","49667858","50","17450436"
"chr1","32488352","32488640","chr7","33163242","33163528","50","674890"
"chr1","34202536","34202797","chr3","33438392","33438651","53","764144"
"chr1","34229485","34229747","chr17","19869413","19869673","41","14360072"
"chr1","34959040","34959330","chr6","11275553","11275848","44","23683487"
"chr1","37170316","37170609","chr7","108722285","108722575","36","71551969"
"chr1","38054738","38055028","chr3","103771940","103772231","52","65717202"
"chr1","38104509","38104813","chr12","8100508","8100811","46","30004001"
"chr1","40188806","40189107","chr11","75081379","75081671","49","34892573"
"chr1","40235453","40235765","chr1","24753102","24753405","47","15482351"
"chr1","40543710","40543992","chr14","25995704","25995977","56","14548006"
"chr1","43442301","43442584","chr7","72155514","72155803","39","28713213"
"chr1","43543859","43544153","chr1","94943673","94943972","58","51399814"
"chr1","44940149","44940354","chr2A","38907988","38908200","44","6032161"
"chr1","45021654","45021827","chr5","90913999","90914167","36","45892345"
"chr1","45950263","45950423","chr2A","62467354","62467540","51","16517091"
"chr1","46192828","46193098","chr16","86352618","86352875","56","40159790"
"chr1","47172134","47172421","chr1","54063919","54064217","56","6891785"
"chr1","47221009","47221302","chr12","102118093","102118385","35","54897084"
"chr1","47985140","47985448","chr15","73075145","73075451","51","25090005"
"chr1","48693771","48693985","chr15","72086212","72086428","38","23392441"
"chr1","52027808","52028129","chrX","69928922","69929226","52","17901114"
"chr1","53446000","53446312","chr1","35788128","35788434","39","17657872"
"chr1","54188756","54189027","chr12","83909421","83909697","50","29720665"
"chr1","54557060","54557368","chrX","69928922","69929226","43","15371862"
"chr1","55828019","55828312","chr11","105381623","105381915","58","49553604"
"chr1","57331318","57331608","chrX","31351615","31351909","43","25979703"
"chr1","58173124","58173413","chr13","56552263","56552550","53","1620861"
"chr1","58697512","58697813","chrX","31462567","31462863","64","27234945"
"chr1","58729604","58729884","chr17","43703810","43704100","43","15025794"
"chr1","59149136","59149420","chr4","91952825","91953108","52","32803689"
"chr1","62480284","62480549","chr19","57951008","57951284","58","4529276"
"chr1","62633643","62633937","chr12","102118093","102118385","42","39484450"
"chr1","62639302","62639596","chr12","102118093","102118385","41","39478791"
"chr1","62752308","62752598","chr5","103449307","103449595","40","40696999"
"chr1","62935619","62935913","chr15","67071135","67071428","41","4135516"
"chr1","63354787","63355087","chr7","54603695","54603992","46","8751092"
"chr1","63537827","63538127","chrX","97649878","97650177","36","34112051"
"chr1","63994791","63994979","chrX","112820888","112821058","46","48826097"
"chr1","64669566","64669780","chr15","47351883","47352094","46","17317683"
"chr1","64988331","64988453","chr1","21966682","21966801","21","43021649"
"chr1","65090127","65090426","chr6","37521639","37521940","42","27568488"
"chr1","65220370","65220670","chrX","31351615","31351909","42","33868755"
"chr1","65231729","65232021","chr4","55876421","55876716","36","9355308"
"chr1","65599256","65599557","chr17","68893172","68893479","48","3293916"
"chr1","65741196","65741489","chr12","104695905","104696205","47","38954709"
"chr1","66763276","66763576","chr11","8921063","8921359","44","57842213"
"chr1","66780997","66781069","chr11","57318183","57318251","17","9462814"
"chr1","66922865","66923126","chr9","117650355","117650602","42","50727490"
"chr1","67936121","67936404","chr2A","44952766","44953054","37","22983355"
"chr1","68794435","68794674","chr12","112416355","112416598","33","43621920"
"chr1","69209166","69209464","chr5","115052536","115052829","52","45843370"
"chr1","69756963","69757265","chr6","32195163","32195460","45","37561800"
"chr1","70411597","70411896","chr6","32195163","32195460","43","38216434"
"chr1","70830321","70830593","chr7","155725579","155725837","60","84895258"
"chr1","70988814","70989111","chr12","68397759","68398055","63","2591055"
"chr1","71170081","71170379","chr4","90130522","90130826","43","18960441"
"chr1","71883195","71883485","chr21","18562186","18562478","39","53321009"
"chr1","71957967","71958278","chr3","29543518","29543825","55","42414449"
"chr1","72402828","72403095","chr19","4715075","4715340","43","67687753"
"chr1","72584399","72584523","chr1","21966682","21966801","24","50617717"
"chr1","72596564","72596865","chr5","82662627","82662930","39","10066063"
"chr1","73384948","73385287","chr2A","99564810","99565118","61","26179862"
"chr1","73951659","73951960","chr7","145470343","145470648","46","71518684"
"chr1","74559172","74559382","chr4","112217942","112218153","49","37658770"
"chr1","74690166","74690405","chrX","103498743","103498976","39","28808577"
"chr1","74690844","74690933","chr10","133033316","133033405","26","58342472"
"chr1","75241605","75241913","chr1","180340430","180340740","41","105098825"
"chr1","75292741","75293035","chr8","143690815","143691111","46","68398074"
"chr1","75304905","75305197","chr11","14325404","14325702","53","60979501"
"chr1","75384626","75384891","chr19","16328375","16328646","40","59056251"
"chr1","75527091","75527375","chr14","99226884","99227168","53","23699793"
"chr1","76900534","76900842","chr3","37984920","37985225","37","38915614"
"chr1","77276561","77276842","chr16","68651523","68651812","44","8625038"
"chr1","77326771","77326961","chr15","39249488","39249669","42","38077283"
"chr1","77551011","77551329","chr2A","9188358","9188667","50","68362653"
"chr1","77830773","77830944","chr5","178689368","178689532","32","100858595"
"chr1","78122773","78122929","chr1","6601296","6601459","38","71521477"
"chr1","78557017","78557296","chr1","12807216","12807493","49","65749801"
"chr1","79122664","79122952","chr7","72155514","72155803","37","6967150"
"chr1","79372287","79372595","chr7","3905434","3905741","44","75466853"
"chr1","81337555","81337607","chr1","18921645","18921690","12","62415910"
"chr1","81620889","81621118","chr17","38762043","38762276","46","42858846"
"chr1","82037007","82037292","chr17","57297957","57298242","51","24739050"
"chr1","82912389","82912664","chr2A","9980700","9980975","42","72931689"
"chr1","82959791","82960086","chr6","166962894","166963193","49","84003103"
"chr1","83491674","83491975","chr19","49334612","49334911","48","34157062"
"chr1","84198981","84199098","chr22","29798696","29798821","31","54400285"
"chr1","85288177","85288486","chr1","35788128","35788434","42","49500049"
"chr1","86645908","86646039","chr17","37000001","37000121","34","49645907"
"chr1","86775341","86775619","chr18","20916001","20916283","51","65859340"
"chr1","89723433","89723727","chr13","94826777","94827077","57","5103344"
"chr1","90091779","90092084","chr6","109401525","109401830","60","19309746"
"chr1","90761185","90761471","chr7","53135234","53135538","60","37625951"
"chr1","91041994","91042101","chr11","46266962","46267069","18","44775032"
"chr1","91060820","91061103","chr1","180728670","180728958","47","89667850"
"chr1","91072929","91073213","chr1","180728670","180728958","44","89655741"
"chr1","91161647","91161925","chr3","83942367","83942647","44","7219280"
"chr1","91256637","91256775","chr2A","75175041","75175184","26","16081596"
"chr1","91435440","91435729","chr1","90464356","90464648","39","971084"
"chr1","91503550","91503661","chr6","5192701","5192814","21","86310849"
"chr1","91710967","91711083","chr18","36103602","36103733","35","55607365"
"chr1","92133646","92133811","chr1","76560819","76560982","35","15572827"
"chr1","92387590","92387743","chr16","80432844","80433003","35","11954746"
"chr1","92418444","92418743","chr7","65838229","65838526","65","26580215"
"chr1","92432860","92433155","chr18","28065068","28065363","61","64367792"
"chr1","92550018","92550293","chr17","7018348","7018631","57","85531670"
"chr1","93050718","93051006","chr17","57297957","57298242","68","35752761"
"chr1","93527905","93528206","chr3","15802430","15802725","51","77725475"
"chr1","93796073","93796331","chrX","35492963","35493232","57","58303110"
"chr1","94042906","94043101","chr14","59100011","59100197","29","34942895"
"chr1","94133498","94133709","chr2B","122828211","122828427","50","28694713"
"chr1","94181361","94181457","chr12","121868831","121868918","23","27687470"
"chr1","94871467","94871669","chr6","43555259","43555444","51","51316208"
"chr1","96593465","96593761","chrX","31351615","31351909","33","65241850"
"chr1","96713111","96713402","chrX","47072474","47072765","38","49640637"
"chr1","96726743","96727031","chr6","34792993","34793284","46","61933750"
"chr1","96844604","96844805","chr5","102439665","102439875","38","5595061"
"chr1","97169417","97169697","chr17","7018348","7018631","54","90151069"
"chr1","97651816","97652110","chrX","47072474","47072765","48","50579342"
"chr1","98270802","98271082","chr17","38404702","38404990","43","59866100"
"chr1","99138499","99138679","chr7","42616317","42616505","42","56522182"
"chr1","99358527","99358762","chr19","50665319","50665553","46","48693208"
"chr1","99530347","99530632","chr3","48198112","48198402","38","51332235"
"chr1","99868592","99868879","chr11","116333106","116333398","56","16464514"
"chr1","99923037","99923346","chr3","143591242","143591550","49","43668205"
"chr1","100092626","100092920","chr7","44392726","44393021","41","55699900"
"chr1","101230112","101230336","chr17","19092566","19092778","46","82137546"
"chr1","101564990","101565102","chr6","5192701","5192814","19","96372289"
"chr1","102016003","102016295","chr2A","47454388","47454687","35","54561615"
"chr1","102356292","102356595","chr6","20985201","20985506","40","81371091"
"chr1","102441734","102442026","chr7","62105160","62105453","35","40336574"
"chr1","102474385","102474509","chr17","62787582","62787713","23","39686803"
"chr1","102583311","102583534","chr3","38683846","38684070","41","63899465"
"chr1","103852483","103852664","chr3","107782959","107783135","52","3930476"
"chr1","103852743","103852859","chr8","99736917","99737038","39","4115826"
"chr1","104504881","104505121","chr12","36160973","36161212","35","68343908"
"chr1","105460114","105460407","chrX","47072474","47072765","38","58387640"
"chr1","105712825","105713122","chr7","54603695","54603992","42","51109130"
"chr1","106391137","106391434","chr6","32195163","32195460","36","74195974"
"chr1","106406322","106406613","chr12","46808474","46808774","47","59597848"
"chr1","106763239","106763541","chr5","35255023","35255326","41","71508216"
"chr1","107578067","107578376","chr3","37984920","37985225","48","69593147"
"chr1","107756703","107757021","chr22","35173076","35173384","40","72583627"
"chr1","108226002","108226301","chr20","37855519","37855823","55","70370483"
"chr1","108229039","108229334","chr16","74289097","74289389","43","33939942"
"chr1","108277488","108277789","chr19","45845545","45845850","50","62431943"
"chr1","108285342","108285518","chr2B","175740422","175740600","31","67455080"
"chr1","108362356","108362500","chr4","25885422","25885555","27","82476934"
"chr1","108461387","108461667","chr5","38415598","38415886","43","70045789"
"chr1","108481280","108481402","chr3","32078370","32078494","25","76402910"
"chr1","109003960","109004262","chr4","90130522","90130826","49","18873438"
"chr1","109826717","109827018","chr14","49133691","49133995","40","60693026"
"chr1","110557569","110557878","chr7","65290500","65290808","44","45267069"
"chr1","110583358","110583643","chrX","47072474","47072765","34","63510884"
"chr1","112079181","112079406","chr15","61939803","61940033","36","50139378"
"chr1","112451510","112451782","chr2A","9980700","9980975","60","102470810"
"chr1","114734118","114734423","chr9","13151881","13152192","60","101582237"
"chr1","115072365","115072649","chr12","55246717","55247004","42","59825648"
"chr1","116519819","116520102","chr4","91046160","91046450","44","25473659"
"chr1","117446372","117446489","chr12","133977696","133977813","29","16531324"
"chr1","118497581","118497842","chr3","136125494","136125756","42","17627913"
"chr1","118639708","118639995","chr17","43703810","43704100","38","74935898"
"chr1","118702084","118702378","chr1","19903888","19904183","57","98798196"
"chr1","118780438","118780727","chrX","47072474","47072765","39","71707964"
"chr1","118875686","118875969","chr2A","26920840","26921128","45","91954846"
"chr1","119079694","119079821","chr2A","43830458","43830588","30","75249236"
"chr1","119125373","119125669","chr3","188474936","188475232","43","69349563"
"chr1","119345545","119345819","chr1","20996186","20996464","36","98349359"
"chr1","120874740","120875003","chr15","72105209","72105463","63","48769531"
"chr1","121316894","121316945","chr1","15807271","15807321","14","105509623"
"chr1","121366790","121367087","chr7","137054253","137054557","44","15687463"
"chr1","121377206","121377437","chr16","5741595","5741823","38","115635611"
"chr1","121383152","121383461","chr5","58340552","58340856","41","63042600"
"chr1","121610016","121610088","chr1","106968302","106968373","22","14641714"
"chr1","122041078","122041382","chr21","18562186","18562478","59","103478892"
"chr1","122291819","122291947","chr1","21966682","21966801","25","100325137"
"chr1","122342771","122343001","chr14","20500549","20500773","39","101842222"
"chr1","122415099","122415371","chr12","102118093","102118385","56","20297006"
"chr1","122738408","122738683","chr1","190028295","190028577","57","67289887"
"chr1","122859178","122859466","chr14","92206512","92206803","43","30652666"
"chr1","122921808","122922100","chr7","70250818","70251116","51","52670990"
"chr1","123222594","123222804","chr1","33119483","33119694","45","90103111"
"chr1","123725048","123725352","chr11","8921063","8921359","52","114803985"
"chr1","123849985","123850267","chr4","10482280","10482566","67","113367705"
"chr1","124270469","124270747","chr1","90464356","90464648","45","33806113"
"chr1","124605134","124605426","chr14","92206512","92206803","43","32398622"
"chr1","125658707","125658974","chr19","57951008","57951284","44","67707699"
"chr1","126199859","126200145","chr5","38415598","38415886","45","87784261"
"chr1","126603996","126604274","chr3","176444690","176444979","50","49840694"
"chr1","128690172","128690456","chr4","177924260","177924549","53","49234088"
"chr1","129277252","129277574","chrX","130679684","130680011","57","1402432"
"chr1","129456098","129456392","chr1","152743362","152743656","36","23287264"
"chr1","133026811","133027116","chr4","108877129","108877431","43","24149682"
"chr1","133534259","133534541","chr5","105387831","105388119","57","28146428"
"chr1","133754171","133754309","chr21","25360010","25360151","44","108394161"
"chr1","133774460","133774596","chr22","29798696","29798821","32","103975764"
"chr1","133779452","133779751","chr14","34149105","34149399","44","99630347"
"chr1","134526038","134526343","chr10","63461479","63461785","42","71064559"
"chr1","135427282","135427501","chr2A","38907988","38908200","42","96519294"
"chr1","135712225","135712511","chr1","155121123","155121411","42","19408898"
"chr1","135832043","135832321","chr7","109300892","109301171","46","26531151"
"chr1","135860700","135861004","chr18","22950641","22950940","49","112910059"
"chr1","135867172","135867422","chr14","99977312","99977569","63","35889860"
"chr1","136580862","136581168","chr1","180340430","180340740","29","43759568"
"chr1","136904552","136904859","chr2A","31107998","31108304","54","105796554"
"chr1","137291239","137291538","chr15","48939372","48939669","30","88351867"
"chr1","137350183","137350479","chr11","116333106","116333398","39","21017077"
"chr1","137458110","137458411","chr4","39839809","39840110","42","97618301"
"chr1","138084001","138084288","chr1","203555814","203556103","38","65471813"
"chr1","138260982","138261145","chr1","95957693","95957878","48","42303289"
"chr1","138414083","138414363","chr11","132051526","132051818","47","6362557"
"chr1","138426164","138426432","chr10","67957106","67957373","55","70469058"
"chr1","138434971","138435151","chr2B","175740422","175740600","30","37305451"
"chr1","138515833","138516129","chr14","34129106","34129400","31","104386727"
"chr1","138590438","138590741","chr1","35788128","35788434","45","102802310"
"chr1","138748278","138748547","chr1","191033220","191033497","45","52284942"
"chr1","139379057","139379363","chr4","2251486","2251791","38","137127571"
"chr1","139437801","139438058","chr15","72105209","72105463","37","67332592"
"chr1","139456245","139456526","chr19","57951008","57951284","58","81505237"
"chr1","139483690","139483922","chr15","61939803","61940033","39","77543887"
"chr1","139723719","139723999","chrX","119905374","119905665","42","19818345"
"chr1","139743451","139743738","chr1","219743012","219743302","51","79999561"
"chr1","140413735","140413871","chr6","10429234","10429373","20","129984501"
"chr1","140675470","140675760","chr16","74872733","74873030","40","65802737"
"chr1","140680406","140680637","chr3","53568365","53568594","34","87112041"
"chr1","140708083","140708214","chr3","153852730","153852858","28","13144647"
"chr1","140770833","140771124","chr14","34129106","34129400","40","106641727"
"chr1","141102051","141102358","chr16","74872733","74873030","38","66229318"
"chr1","141257595","141257901","chr6","22146834","22147136","41","119110761"
"chr1","141552727","141552996","chr7","50101774","50102040","52","91450953"
"chr1","141557850","141558140","chr14","92206512","92206803","41","49351338"
"chr1","143472621","143472913","chr15","73054135","73054430","54","70418486"
"chr1","144493256","144493567","chr3","107852972","107853280","46","36640284"
"chr1","144670692","144670878","chr7","42616317","42616505","37","102054375"
"chr1","146125596","146125721","chr3","187479703","187479826","23","41354107"
"chr1","147210970","147211252","chr14","34129106","34129400","37","113081864"
"chr1","147738166","147738444","chr8","93038777","93039045","45","54699389"
"chr1","147938903","147939006","chr2A","47581163","47581264","25","100357740"
"chr1","148370288","148370578","chrX","32490194","32490487","42","115880094"
"chr1","148588942","148589198","chr11","82076494","82076762","54","66512448"
"chr1","149291416","149291711","chr5","145121601","145121895","34","4169815"
"chr1","150729065","150729139","chr8","97716497","97716559","23","53012568"
"chr1","150775914","150776212","chr9","34767574","34767868","50","116008340"
"chr1","150907541","150907821","chr4","115414705","115414988","48","35492836"
"chr1","150933941","150934063","chr8","99736917","99737038","19","51197024"
"chr1","151005386","151005674","chr2A","44952766","44953054","42","106052620"
"chr1","151033649","151033946","chr12","102118093","102118385","45","48915556"
"chr1","151427297","151427592","chr6","32195163","32195460","37","119232134"
"chr1","152346301","152346496","chr9","5687726","5687929","34","146658575"
"chr1","154309485","154309796","chr4","39839809","39840110","45","114469676"
"chr1","155140587","155140890","chr1","51006283","51006582","41","104134304"
"chr1","155292643","155292937","chr1","132902983","132903277","43","22389660"
"chr1","155527571","155527869","chr19","45193562","45193857","43","110334009"
"chr1","155596527","155596692","chr5","178689368","178689532","29","23092841"
"chr1","155664083","155664377","chr5","141893487","141893783","45","13770596"
"chr1","156172363","156172664","chr5","160134434","160134737","50","3962071"
"chr1","156360891","156361163","chr6","83972309","83972590","49","72388582"
"chr1","156761562","156761755","chr7","54030537","54030725","33","102731025"
"chr1","156983161","156983451","chr8","106787932","106788226","55","50195229"
"chr1","157113323","157113385","chr20","25847964","25848025","9","131265359"
"chr1","157113534","157113767","chr15","61939803","61940033","40","95173731"
"chr1","157810236","157810511","chr16","70814677","70814964","56","86995559"
"chr1","157963021","157963296","chr17","43703810","43704100","59","114259211"
"chr1","158267878","158268163","chr9","85559729","85560017","46","72708149"
"chr1","158542316","158542601","chr5","42140806","42141096","43","116401510"
"chr1","158927905","158928069","chr2A","33653106","33653270","35","125274799"
"chr1","159569790","159570070","chr8","85938160","85938446","47","73631630"
"chr1","160476204","160476408","chr1","179540553","179540757","40","19064349"
"chr1","161601809","161602112","chr13","98588755","98589055","45","63013054"
"chr1","162223897","162224122","chr19","50665319","50665553","43","111558578"
"chr1","162976351","162976575","chr9","118404422","118404643","37","44571929"
"chr1","163854856","163855148","chr1","90464356","90464648","42","73390500"
"chr1","164235753","164236059","chrX","47629362","47629670","43","116606391"
"chr1","164521835","164522132","chr5","53773736","53774028","43","110748099"
"chr1","164533558","164533862","chr10","21030350","21030647","47","143503208"
"chr1","165291080","165291377","chr17","60679909","60680206","39","104611171"
"chr1","165328525","165328827","chr7","34973359","34973658","60","130355166"
"chr1","165582135","165582392","chr12","109987035","109987312","56","55595100"
"chr1","166001366","166001481","chr9","121285242","121285363","17","44716124"
"chr1","166368784","166369071","chr7","50101774","50102040","65","116267010"
"chr1","166408684","166408980","chr3","12261239","12261538","52","154147445"
"chr1","166505245","166505528","chr4","110414976","110415258","36","56090269"
"chr1","166985741","166986018","chr19","56253266","56253547","42","110732475"
"chr1","167147041","167147332","chr19","43532493","43532785","43","123614548"
"chr1","167399276","167399492","chr9","39425593","39425816","35","127973683"
"chr1","167407097","167407263","chr3","10317925","10318097","27","157089172"
"chr1","167781666","167781972","chr5","112942232","112942541","38","54839434"
"chr1","168251994","168252303","chr3","186974590","186974898","38","18722596"
"chr1","168530938","168531211","chr1","191033220","191033497","47","22502282"
"chr1","168606172","168606453","chr19","16328375","16328646","61","152277797"
"chr1","168728016","168728062","chr19","13166004","13166052","6","155562012"
"chr1","168764376","168764668","chr14","50036868","50037166","42","118727508"
"chr1","168853380","168853683","chr5","34901995","34902297","41","133951385"
"chr1","169016156","169016337","chr17","2550193","2550372","37","166465963"
"chr1","169070239","169070461","chr4","112217942","112218153","34","56852297"
"chr1","169390743","169391040","chr10","68350095","68350392","46","101040648"
"chr1","169740009","169740309","chr7","44392726","44393021","48","125347283"
"chr1","170199775","170200088","chr1","119451349","119451658","38","50748426"
"chr1","170406669","170406952","chr5","126218379","126218666","56","44188290"
"chr1","170934872","170935179","chr6","37521639","37521940","42","133413233"
"chr1","171147522","171147814","chr3","48713226","48713518","51","122434296"
"chr1","171213793","171214095","chr1","157163483","157163783","33","14050310"
"chr1","171384378","171384697","chr3","15802430","15802725","58","155581948"
"chr1","171396471","171396751","chr11","116333106","116333398","47","55063365"
"chr1","171424373","171424521","chr8","34615753","34615902","33","136808620"
"chr1","171493585","171493878","chr6","32195163","32195460","43","139298422"
"chr1","172243190","172243477","chr22","39790315","39790595","40","132452875"
"chr1","172416949","172417158","chr9","5687726","5687929","41","166729223"
"chr1","172435676","172435816","chr1","62239291","62239426","24","110196385"
"chr1","172462615","172462896","chr20","12161196","12161486","54","160301419"
"chr1","172642786","172643072","chr10","38465004","38465298","39","134177782"
"chr1","172716806","172717108","chr4","63005979","63006284","47","109710827"
"chr1","172906470","172906688","chr19","14190375","14190597","36","158716095"
"chr1","172917455","172917673","chr10","18970276","18970498","43","153947179"
"chr1","173494575","173494862","chr22","37981919","37982206","39","135512656"
"chr1","173734308","173734601","chr8","106787932","106788226","42","66946376"
"chr1","174228211","174228274","chr19","18567302","18567367","7","155660909"
"chr1","174321048","174321207","chr5","96191443","96191609","41","78129605"
"chr1","175163143","175163459","chr12","37357148","37357456","42","137805995"
"chr1","175269997","175270293","chr2A","38946614","38946914","53","136323383"
"chr1","175638187","175638289","chr5","140045442","140045560","30","35592745"
"chr1","175901654","175901970","chr1","35788128","35788434","48","140113526"
"chr1","176391576","176391856","chr5","138751488","138751761","58","37640088"
"chr1","176399917","176400215","chr8","97636197","97636506","49","78763720"
"chr1","176455927","176456221","chr16","58443725","58444020","51","118012202"
"chr1","176612278","176612437","chr2A","33653106","33653270","27","142959172"
"chr1","178189713","178190018","chr9","6628444","6628752","46","171561269"
"chr1","178604743","178604968","chr6","200289","200515","46","178404454"
"chr1","178656304","178656579","chr1","12807216","12807493","47","165849088"
"chr1","179021298","179021517","chrX","154914160","154914375","62","24107138"
"chr1","179425714","179426015","chrX","69928922","69929226","40","109496792"
"chr1","179592886","179593043","chr7","100782170","100782345","37","78810716"
"chr1","179636662","179636960","chr22","45031673","45031981","52","134604989"
"chr1","179704829","179704875","chr5","14809202","14809254","13","164895627"
"chr1","180536985","180537109","chr10","133034201","133034321","24","47502784"
"chr1","181760852","181761161","chr2B","234241009","234241312","43","52480157"
"chr1","181885128","181885341","chr19","10688476","10688689","49","171196652"
"chr1","182319395","182319684","chr1","207543345","207543637","61","25223950"
"chr1","182389363","182389486","chr3","32078370","32078494","22","150310993"
"chr1","182467942","182468104","chr5","37845976","37846146","45","144621966"
"chr1","182475945","182476104","chr1","168664471","168664615","36","13811474"
"chr1","182552768","182553017","chr2B","246857107","246857357","54","64304339"
"chr1","182794621","182794757","chr16","52886685","52886827","30","129907936"
"chr1","182885918","182886195","chr14","72181021","72181295","45","110704897"
"chr1","183158663","183158947","chr1","60603938","60604215","68","122554725"
"chr1","183330177","183330463","chr1","129660980","129661262","36","53669197"
"chr1","183334948","183335237","chr4","17361545","17361832","34","165973403"
"chr1","183677674","183677975","chr1","27194575","27194882","45","156483099"
"chr1","184338133","184338368","chr3","37712773","37713001","36","146625360"
"chr1","185188881","185189141","chr5","104243279","104243540","45","80945602"
"chr1","185191154","185191471","chr14","92206512","92206803","60","92984642"
"chr1","185231370","185231502","chr7","95505293","95505423","27","89726077"
"chr1","185232681","185232990","chr1","93384189","93384501","44","91848492"
"chr1","185592827","185593021","chr4","112217942","112218153","46","73374885"
"chr1","185709601","185709907","chr19","39539014","39539317","36","146170587"
"chr1","185806927","185807220","chrX","106485351","106485634","54","79321576"
"chr1","186058252","186058370","chrY","23799312","23799433","33","162258940"
"chr1","186488542","186488819","chr2A","80557982","80558253","37","105930560"
"chr1","186923610","186923883","chr19","43450422","43450673","63","143473188"
"chr1","186924106","186924166","chr6","163645349","163645410","8","23278757"
"chr1","186973131","186973399","chr16","83113783","83114061","51","103859348"
"chr1","188012031","188012329","chr14","34129106","34129400","34","153882925"
"chr1","188130511","188130819","chr3","29543518","29543825","36","158586993"
"chr1","188235008","188235146","chr2A","54662416","54662552","29","133572592"
"chr1","188276303","188276585","chr6","11275553","11275848","45","177000750"
"chr1","188618630","188618941","chr1","180340430","180340740","47","8278200"
"chr1","189638501","189638769","chr6","35889873","35890143","40","153748628"
"chr1","190111679","190111958","chr19","56253266","56253547","46","133858413"
"chr1","190525422","190525710","chr18","42044257","42044546","58","148481165"
"chr1","190862051","190862370","chr1","78253019","78253325","53","112609032"
"chr1","191554984","191555193","chr2B","206202971","206203181","33","14647987"
"chr1","191573292","191573601","chr1","180340430","180340740","50","11232862"
"chr1","192176068","192176358","chr6","45956109","45956396","51","146219959"
"chr1","192269244","192269517","chr1","190028295","190028577","59","2240949"
"chr1","192270967","192271085","chr13","113052924","113053040","25","79218043"
"chr1","192321501","192321632","chr17","62787582","62787713","27","129533919"
"chr1","192484610","192484783","chr16","69369705","69369876","38","123114905"
"chr1","192520978","192521265","chr9","127628342","127628641","47","64892636"
"chr1","192774653","192774953","chrX","143119361","143119658","35","49655292"
"chr1","193063668","193063824","chr1","1336766","1336929","33","191726902"
"chr1","193201957","193202251","chr21","30882859","30883151","43","162319098"
"chr1","193229209","193229509","chr3","132554032","132554328","41","60675177"
"chr1","193268106","193268408","chr6","20985201","20985506","27","172282905"
"chr1","193852228","193852506","chr6","10442370","10442650","47","183409858"
"chr1","194005746","194006040","chr10","98717143","98717438","38","95288603"
"chr1","194205033","194205250","chr1","39550289","39550515","47","154654744"
"chr1","194251609","194251900","chr19","43335176","43335468","58","150916433"
"chr1","194297915","194298212","chr2A","86650476","86650771","39","107647439"
"chr1","194358307","194358588","chr2A","96867370","96867647","52","97490937"
"chr1","194474318","194474623","chr17","7900747","7901040","43","186573571"
"chr1","194559169","194559454","chr5","42140806","42141096","52","152418363"
"chr1","194591010","194591321","chr22","38753145","38753459","51","155837865"
"chr1","194737099","194737289","chr6","43555259","43555444","36","151181840"
"chr1","195732658","195732940","chr4","110414976","110415258","42","85317682"
"chr1","195888849","195889119","chr4","140204117","140204389","46","55684732"
"chr1","195911259","195911559","chr3","136978017","136978317","46","58933242"
"chr1","196013382","196013657","chr4","191069928","191070205","43","4943454"
"chr1","196167168","196167479","chrX","47072474","47072765","57","149094694"
"chr1","196288298","196288589","chr21","18562186","18562478","33","177726112"
"chr1","196337144","196337435","chr11","109425033","109425333","47","86912111"
"chr1","197323375","197323651","chr15","28850041","28850326","39","168473334"
"chr1","197438396","197438643","chr6","149186284","149186539","53","48252112"
"chr1","197920424","197920718","chr19","48820002","48820297","41","149100422"
"chr1","198157071","198157270","chr1","179540553","179540757","39","18616518"
"chr1","198397470","198397762","chr1","152743362","152743656","44","45654108"
"chr1","198787146","198787321","chr3","10317925","10318097","35","188469221"
"chr1","199139499","199139780","chr13","98301398","98301679","70","100838101"
"chr1","199669769","199670001","chr12","4424246","4424485","34","195245523"
"chr1","199902507","199902807","chr20","50565763","50566058","50","149336744"
"chr1","200045617","200045894","chr2A","9980700","9980975","83","190064917"
"chr1","200068922","200069029","chr12","39211337","39211446","17","160857585"
"chr1","200169294","200169601","chr2A","38946614","38946914","43","161222680"
"chr1","200171514","200171799","chr11","43997737","43998027","39","156173777"
"chr1","200313938","200314083","chr9","82351303","82351443","36","117962635"
"chr1","200360151","200360428","chr2B","221123689","221123978","45","20763538"
"chr1","200414657","200414925","chr1","50927832","50928108","58","149486825"
"chr1","200792657","200792955","chr3","37984920","37985225","29","162807737"
"chr1","200838654","200838949","chr3","29543518","29543825","37","171295136"
"chr1","200982819","200983117","chr10","73249859","73250159","35","127732960"
"chr1","200983476","200983746","chr5","37625359","37625625","61","163358117"
"chr1","201016731","201016996","chr3","136125494","136125756","42","64891237"
"chr1","201028001","201028296","chr11","124326351","124326639","46","76701650"
"chr1","201422217","201422269","chr5","14809202","14809254","17","186613015"
"chr1","201431013","201431292","chr8","39208572","39208849","91","162222441"
"chr1","201716577","201716861","chr5","81803905","81804197","46","119912672"
"chr1","201734362","201734579","chr8","124345340","124345559","33","77389022"
"chr1","201825632","201825802","chr1","40538831","40539000","33","161286801"
"chr1","201989758","201989995","chr1","23379984","23380208","44","178609774"
"chr1","202084043","202084297","chr9","27888058","27888304","35","174195985"
"chr1","202214748","202215007","chr21","7408387","7408646","43","194806361"
"chr1","202510045","202510334","chr4","107944327","107944623","66","94565718"
"chr1","202794709","202795013","chr5","48159153","48159453","40","154635556"
"chr1","202916375","202916514","chr21","25360010","25360151","36","177556365"
"chr1","203045110","203045391","chr8","106787932","106788226","41","96257178"
"chr1","203354991","203355286","chr8","80153921","80154217","42","123201070"
"chr1","204403434","204403694","chr3","136125494","136125756","50","68277940"
"chr1","204456211","204456501","chr12","95365728","95366019","30","109090483"
"chr1","205208114","205208421","chr5","58340552","58340856","45","146867562"
"chr1","205360546","205360769","chr7","43141515","43141734","35","162219031"
"chr1","205372454","205372760","chr3","152512400","152512696","48","52860054"
"chr1","206026735","206027043","chr18","6793359","6793670","37","199233376"
"chr1","206590322","206590622","chr14","92206512","92206803","63","114383810"
"chr1","206619660","206619959","chr19","13313204","13313503","40","193306456"
"chr1","206743705","206743994","chr17","5318110","5318400","49","201425595"
"chr1","206901594","206901893","chr1","152743362","152743656","37","54158232"
"chr1","207146739","207147057","chr11","113090500","113090810","51","94056239"
"chr1","207521804","207522094","chr3","188091470","188091756","53","19430334"
"chr1","207860704","207861006","chr6","152295934","152296233","42","55564770"
"chr1","208759447","208759587","chr6","4839311","4839445","24","203920136"
"chr1","209368724","209369030","chr12","8100508","8100811","52","201268216"
"chr1","209526331","209526473","chr1","196864953","196865102","48","12661378"
"chr2","181272555","181272856","chr4","200507","200804","54","181072048"
"chr2","20415","20631","chr18","71176645","71176838","86","71156230"
"chr2","172107","172334","chr18","22463547","22463781","46","22291440"
"chr2","184635","184930","chr14","97975373","97975663","51","97790738"
"chr2","286929","287118","chr14","59100011","59100197","52","58813082"
"chr2","287377","287478","chr18","24237805","24237924","35","23950428"
"chr2","388147","388349","chr9","5687726","5687929","39","5299579"
"chr2","431612","431902","chrX","96380638","96380930","42","95949026"
"chr2","670397","670500","chr1","29235522","29235615","42","28565125"
"chr2","1080882","1081103","chr4","112217942","112218153","40","111137060"
"chr2","1240848","1240975","chr2A","43830458","43830588","23","42589610"
"chr2","1592115","1592318","chr9","86603404","86603609","29","85011289"
"chr2","1593554","1593856","chr13","51469938","51470241","34","49876384"
"chr2","1674166","1674395","chr15","37606062","37606285","43","35931896"
"chr2","1719344","1719636","chr1","90464356","90464648","36","88745012"
"chr2","1722159","1722457","chr3","49557109","49557402","55","47834950"
"chr2","1803195","1803474","chr13","30085104","30085382","48","28281909"
"chr2","2567498","2567778","chr7","141870320","141870598","46","139302822"
"chr2","2570229","2570510","chr7","141870320","141870598","46","139300091"
"chr2","2907982","2908257","chr16","57148744","57149007","46","54240762"
"chr2","2908553","2908691","chr3","185665868","185666001","32","182757315"
"chr2","3245667","3245952","chr16","70814677","70814964","39","67569010"
"chr2","3391892","3392093","chr14","69525822","69526030","42","66133930"
"chr2","3854201","3854493","chrX","154952421","154952713","40","151098220"
"chr2","5366331","5366629","chr7","119946085","119946382","40","114579754"
"chr2","5438118","5438415","chr10","71753759","71754037","51","66315641"
"chr2","5566988","5567295","chr19","49334612","49334911","41","43767624"
"chr2","5659690","5659820","chr9","71585376","71585513","30","65925686"
"chr2","5659968","5660159","chr2A","62467354","62467540","57","56807386"
"chr2","5815108","5815394","chr3","152512400","152512696","45","146697292"
"chr2","5950066","5950346","chrX","121120625","121120911","47","115170559"
"chr2","6349329","6349635","chr9","98066967","98067268","43","91717638"
"chr2","6547957","6548173","chr3","126776223","126776438","36","120228266"
"chr2","7018105","7018369","chr2A","80557982","80558253","42","73539877"
"chr2","7032403","7032640","chr2A","101418705","101418944","36","94386302"
"chr2","7277573","7277865","chrX","47072474","47072765","45","39794901"
"chr2","7421482","7421607","chr17","62787582","62787713","16","55366100"
"chr2","7453987","7454281","chr5","151359018","151359313","29","143905031"
"chr2","7547779","7547824","chr1","16486481","16486522","20","8938702"
"chr2","7548489","7548647","chr12","110511751","110511903","29","102963262"
"chr2","7555893","7556188","chr10","21030350","21030647","46","13474457"
"chr2","7730618","7730820","chr17","46448610","46448818","33","38717992"
"chr2","7999720","8000000","chr1","12807216","12807493","43","4807496"
"chr2","8565412","8565534","chr12","133977696","133977813","26","125412284"
"chr2","8774870","8775172","chr1","157163483","157163783","42","148388613"
"chr2","8805870","8806082","chr15","61939803","61940033","49","53133933"
"chr2","9318864","9319146","chr1","190028295","190028577","47","180709431"
"chr2","9639845","9640102","chr5","38415598","38415886","61","28775753"
"chr2","9957445","9957784","chr6","1772830","1773133","95","8184615"
"chr2","10251437","10251498","chrX","19342178","19342243","10","9090741"
"chr2","10463680","10463984","chr6","20985201","20985506","38","10521521"
"chr2","10580356","10580636","chr12","109987035","109987312","49","99406679"
"chr2","10671686","10671875","chr22","28784821","28785017","36","18113135"
"chr2","10714409","10714709","chr14","34149105","34149399","39","23434696"
"chr2","10748828","10748893","chr5","180810620","180810683","15","170061792"
"chr2","10807169","10807450","chr5","4199980","4200274","68","6607189"
"chr2","10844313","10844632","chr11","116464223","116464547","67","105619910"
"chr2","10930972","10931259","chrX","31351615","31351909","42","20420643"
"chr2","11147621","11147714","chr9","19425844","19425933","21","8278223"
"chr2","11239149","11239435","chr1","180728670","180728958","41","169489521"
"chr2","11358070","11358203","chr16","28455200","28455328","27","17097130"
"chr2","11399045","11399335","chr18","68646297","68646598","47","57247252"
"chr2","11414891","11415002","chr9","36567727","36567829","27","25152836"
"chr2","11510257","11510493","chr18","60538058","60538299","47","49027801"
"chr2","11587242","11587546","chr1","150093146","150093446","38","138505904"
"chr2","11648771","11649012","chr12","56719988","56720243","60","45071217"
"chr2","11649081","11649290","chr14","69525822","69526030","39","57876741"
"chr2","11651592","11651892","chr6","5198260","5198555","46","6453332"
"chr2","11837710","11837987","chr8","98185159","98185449","49","86347449"
"chr2","11837989","11838275","chr2B","236575919","236576197","53","224737930"
"chr2","12356183","12356469","chr5","38415598","38415886","39","26059415"
"chr2","12453217","12453304","chr1","62157268","62157376","36","49704051"
"chr2","12633173","12633454","chr1","190028295","190028577","54","177395122"
"chr2","12830228","12830514","chr7","98966552","98966846","54","86136324"
"chr2","12851018","12851277","chr1","156823272","156823543","48","143972254"
"chr2","12883490","12883788","chr7","44392726","44393021","43","31509236"
"chr2","13156571","13156620","chr16","62229481","62229535","15","49072910"
"chr2","14048345","14048450","chr6","118815427","118815541","19","104767082"
"chr2","14115979","14116278","chr17","38404702","38404990","48","24288723"
"chr2","14288248","14288439","chr11","129081819","129082020","39","114793571"
"chr2","14316702","14317008","chr4","74681715","74682017","47","60365013"
"chr2","14330716","14331015","chr3","187899059","187899363","50","173568343"
"chr2","14558305","14558574","chr4","188153712","188153988","52","173595407"
"chr2","14585931","14586159","chr15","61939803","61940033","32","47353872"
"chr2","14669090","14669379","chr19","48820002","48820297","50","34150912"
"chr2","14963819","14964116","chr3","15802430","15802725","53","838611"
"chr2","14995684","14995803","chr10","133034201","133034321","20","118038517"
"chr2","15344951","15345264","chr1","109014839","109015141","47","93669888"
"chr2","15385965","15386258","chr12","32917166","32917461","41","17531201"
"chr2","15449352","15449421","chr22","29958739","29958808","8","14509387"
"chr2","15476651","15476810","chr19","47927698","47927861","53","32451047"
"chr2","15614649","15614948","chr8","125371779","125372077","33","109757130"
"chr2","15644353","15644529","chr4","162522625","162522825","58","146878272"
"chr2","16041710","16042019","chr19","62863635","62863940","40","46821925"
"chr2","16101442","16101693","chr1","64059298","64059554","34","47957856"
"chr2","16191055","16191322","chr4","112038512","112038802","58","95847457"
"chr2","16222545","16222827","chr4","42227408","42227692","37","26004863"
"chr2","16582097","16582376","chr7","109219824","109220106","41","92637727"
"chr2","17704625","17704921","chr10","71706529","71706829","37","54001904"
"chr2","17885425","17885720","chr3","11418014","11418314","43","6467411"
"chr2","18020131","18020429","chr15","73075145","73075451","55","55055014"
"chr2","18231801","18232066","chr16","9051048","9051327","70","9180753"
"chr2","18719945","18720221","chr6","83972309","83972590","38","65252364"
"chr2","18728930","18729044","chr2B","190370073","190370189","21","171641143"
"chr2","18751301","18751591","chr12","102118093","102118385","36","83366792"
"chr2","18931670","18931956","chr2A","44952766","44953054","31","26021096"
"chr2","18977091","18977383","chr17","12356765","12357063","40","6620326"
"chr2","19319519","19319816","chr14","92206512","92206803","46","72886993"
"chr2","20211260","20211558","chr5","181712159","181712443","73","161500899"
"chr2","20284645","20284934","chr8","143690815","143691111","46","123406170"
"chr2","21218537","21218729","chr5","142194859","142195062","44","120976322"
"chr2","21391050","21391326","chr4","110414976","110415258","39","89023926"
"chr2","21623727","21624029","chr1","157163483","157163783","46","135539756"
"chr2","22181704","22181998","chr6","136089580","136089876","47","113907876"
"chr2","23547957","23548244","chr3","12555497","12555790","48","10992460"
"chr2","24345694","24346014","chr4","39266878","39267187","63","14921184"
"chr2","24678764","24679052","chr11","46089609","46089896","52","21410845"
"chr2","24706937","24707223","chr12","95365728","95366019","41","70658791"
"chr2","24743810","24744108","chrX","47072474","47072765","51","22328664"
"chr2","25211262","25211565","chr4","56900431","56900735","43","31689169"
"chr2","25681105","25681402","chr6","151307798","151308094","47","125626693"
"chr2","27066805","27067097","chr7","44392726","44393021","39","17325921"
"chr2","27105313","27105435","chr12","77148474","77148600","24","50043161"
"chr2","27287038","27287342","chr7","133275335","133275633","44","105988297"
"chr2","28213810","28214101","chr17","40777794","40778082","43","12563984"
"chr2","29150019","29150334","chr12","116759326","116759638","58","87609307"
"chr2","31231549","31231690","chr1","159005685","159005818","32","127774136"
"chr2","31290394","31290701","chr4","63005979","63006284","40","31715585"
"chr2","31374949","31375250","chr5","38415598","38415886","52","7040649"
"chr2","31396785","31397066","chr20","15542818","15543100","51","15853967"
"chr2","31462331","31462629","chr21","17322275","17322566","51","14140056"
"chr2","31505029","31505279","chrX","132750088","132750344","54","101245059"
"chr2","31543173","31543333","chr1","152742872","152743033","37","121199699"
"chr2","31595494","31595797","chr4","74681715","74682017","43","43086221"
"chr2","31627131","31627400","chr2B","224772880","224773153","46","193145749"
"chr2","31725756","31726033","chr1","12807216","12807493","45","18918540"
"chr2","32207597","32207875","chr22","16198473","16198754","39","16009124"
"chr2","32320432","32320560","chr22","29798696","29798821","16","2521736"
"chr2","33032781","33033090","chr22","35173076","35173384","40","2140295"
"chr2","33212509","33212634","chr3","187479703","187479826","26","154267194"
"chr2","33730735","33730970","chr12","36160973","36161212","43","2430238"
"chr2","33805331","33805626","chr8","80153921","80154217","43","46348590"
"chr2","34284106","34284338","chr3","173721809","173722041","45","139437703"
"chr2","34385955","34386274","chr12","56466235","56466531","69","22080280"
"chr2","34746021","34746306","chr5","138582117","138582401","41","103836096"
"chr2","34854626","34854931","chr12","46808474","46808774","41","11953848"
"chr2","34938146","34938379","chr12","4424246","4424485","60","30513900"
"chr2","35196741","35197057","chr9","116970361","116970660","51","81773620"
"chr2","35264542","35264849","chr1","119451349","119451658","44","84186807"
"chr2","35310400","35310563","chr1","54283718","54283883","22","18973318"
"chr2","35333871","35334182","chr6","37891072","37891383","43","2557201"
"chr2","35432858","35433150","chr15","90760659","90760944","40","55327801"
"chr2","35441709","35441997","chr7","73247894","73248185","49","37806185"
"chr2","35593939","35594206","chr2B","243186678","243186945","43","207592739"
"chr2","35598791","35598934","chr5","178273596","178273745","21","142674805"
"chr2","35667360","35667639","chr6","83972309","83972590","53","48304949"
"chr2","36238829","36239125","chr20","16235301","16235599","33","20003528"
"chr2","36239782","36240089","chr11","57481201","57481504","40","21241419"
"chr2","36344523","36344821","chr1","35788128","35788434","46","556395"
"chr2","36426676","36426836","chr1","22729074","22729240","44","13697602"
"chr2","37339685","37339978","chr7","62105160","62105453","37","24765475"
"chr2","37522411","37522595","chr4","158655729","158655906","28","121133318"
"chr2","37753360","37753562","chr15","49287901","49288105","50","11534541"
"chr2","38002479","38002765","chr17","43703810","43704100","39","5701331"
"chr2","38086154","38086412","chr7","155725579","155725837","49","117639425"
"chr2","38295580","38295867","chr9","91828316","91828607","35","53532736"
"chr2","38467283","38467571","chr19","56559327","56559621","35","18092044"
"chr2","39142923","39143057","chr1","214963704","214963838","25","175820781"
"chr2","39367208","39367431","chr3","37712773","37713001","46","1654435"
"chr2","39505268","39505562","chr3","188474936","188475232","37","148969668"
"chr2","40198321","40198573","chr8","143844286","143844547","44","103645965"
"chr2","40396213","40396457","chr9","133507268","133507508","59","93111055"
"chr2","40844414","40844719","chr18","58994235","58994539","40","18149821"
"chr2","41311532","41311828","chr15","92463143","92463440","37","51151611"
"chr2","42650595","42650819","chr2B","246549701","246549927","40","203899106"
"chr2","43254990","43255286","chr7","43250727","43251021","42","4263"
"chr2","43360574","43360727","chr1","40538831","40539000","38","2821743"
"chr2","43417003","43417309","chr12","112699825","112700125","49","69282822"
"chr2","43631097","43631406","chr21","30922441","30922743","46","12708656"
"chr2","43682009","43682313","chr8","97297883","97298191","43","53615874"
"chr2","44730267","44730559","chrX","31351615","31351909","42","13378652"
"chr2","45583149","45583301","chr6","109013841","109013997","31","63430692"
"chr2","46706355","46706671","chr1","80698454","80698756","74","33992099"
"chr2","46868267","46868547","chr11","117619503","117619787","37","70751236"
"chr2","46916435","46916676","chr12","33560154","33560407","64","13356281"
"chr2","46959328","46959614","chr19","41504865","41505155","42","5454463"
"chr2","47110331","47110546","chr4","112217942","112218153","30","65107611"
"chr2","47124768","47125065","chr1","23752202","23752502","36","23372566"
"chr2","47247197","47247509","chr10","131911447","131911753","43","84664250"
"chr2","47914806","47915097","chr14","92206512","92206803","45","44291706"
"chr2","47980701","47980987","chr15","28850041","28850326","38","19130660"
"chr2","48171718","48171988","chr19","46408668","46408942","54","1763050"
"chr2","48277494","48277762","chr1","12807216","12807493","54","35470278"
"chr2","48310091","48310389","chr5","139570031","139570333","54","91259940"
"chr2","48324706","48324995","chr9","91828316","91828607","50","43503610"
"chr2","49266657","49266951","chr10","68350095","68350392","38","19083438"
"chr2","49842806","49843107","chr3","50751572","50751872","43","908766"
"chr2","49872505","49872793","chr2B","247031781","247032063","48","197159276"
"chr2","51559137","51559427","chr14","34129106","34129400","42","17430031"
"chr2","52083454","52083593","chr4","57539094","57539234","30","5455640"
"chr2","52713726","52714014","chr19","48820002","48820297","40","3893724"
"chr2","52864277","52864471","chr4","24946761","24946953","27","27917516"
"chr2","53196348","53196617","chr18","12833752","12834026","40","40362596"
"chr2","54654521","54654811","chr7","33163242","33163528","51","21491279"
"chr2","55470749","55471038","chr10","32553319","32553609","39","22917430"
"chr2","55488962","55489258","chr9","73355524","73355812","45","17866562"
"chr2","55521319","55521570","chr15","96492323","96492572","46","40971004"
"chr2","55548079","55548352","chrX","33191481","33191752","42","22356598"
"chr2","56389362","56389677","chr6","55587523","55587822","68","801839"
"chr2","56518967","56519267","chr17","19680580","19680878","49","36838387"
"chr2","56659858","56660015","chr6","109013841","109013997","22","52353983"
"chr2","56876998","56877205","chr3","10317925","10318097","60","46559073"
"chr2","56942431","56942723","chr7","211873","212168","54","56730558"
"chr2","56983719","56983987","chr6","39398582","39398853","59","17585137"
"chr2","57223427","57223697","chr5","104243279","104243540","56","47019852"
"chr2","58952194","58952336","chr5","181729695","181729837","17","122777501"
"chr2","58963383","58963671","chr1","11725470","11725761","44","47237913"
"chr2","59260789","59261041","chr3","117172258","117172523","65","57911469"
"chr2","59269351","59269489","chr3","200554809","200554942","41","141285458"
"chr2","59269867","59270027","chr1","6601296","6601459","30","52668571"
"chr2","59270869","59270916","chr15","62934480","62934528","7","3663611"
"chr2","59398447","59398740","chr2B","195267294","195267585","37","135868847"
"chr2","59540729","59541023","chr1","40333138","40333434","39","19207591"
"chr2","59659978","59660124","chr10","113660038","113660184","26","54000060"
"chr2","59741647","59741926","chr6","45956109","45956396","49","13785538"
"chr2","60791895","60792179","chr7","68219695","68219980","41","7427800"
"chr2","61351183","61351354","chr3","10317925","10318097","30","51033258"
"chr2","61470531","61470657","chr3","32078370","32078494","23","29392161"
"chr2","61473140","61473437","chr6","136089580","136089876","48","74616440"
"chr2","61487716","61488024","chr1","14198341","14198644","54","47289375"
"chr2","61586990","61587275","chr7","81601481","81601765","51","20014491"
"chr2","61593662","61593753","chr3","142392516","142392595","30","80798854"
"chr2","61984920","61985135","chr5","102439665","102439875","36","40454745"
"chr2","62004058","62004368","chr5","141893487","141893783","65","79889429"
"chr2","62153052","62153325","chr5","47341643","47341929","46","14811409"
"chr2","62176536","62176830","chr16","28658986","28659278","39","33517550"
"chr2","62261662","62261938","chr6","83972309","83972590","52","21710647"
"chr2","62900701","62901003","chr8","52541202","52541509","43","10359499"
"chr2","63077684","63077953","chr4","160361532","160361799","36","97283848"
"chr2","63281149","63281434","chr8","143077886","143078172","45","79796737"
"chr2","63676103","63676401","chr6","32195163","32195460","40","31480940"
"chr2","63687062","63687370","chr19","9653822","9654127","46","54033240"
"chr2","64368628","64368856","chr15","72086212","72086428","56","7717584"
"chr2","65079756","65080006","chr2B","121578569","121578819","45","56498813"
"chr2","65895299","65895586","chrX","47072474","47072765","31","18822825"
"chr2","67148355","67148516","chr9","37106848","37107021","50","30041507"
"chr2","67284487","67284777","chr3","103771940","103772231","37","36487453"
"chr2","67489603","67489904","chr2B","172660532","172660841","43","105170929"
"chr2","67827242","67827536","chr9","103365958","103366246","59","35538716"
"chr2","68114598","68114906","chr6","37891072","37891383","41","30223526"
"chr2","68172085","68172357","chr2B","224772880","224773153","43","156600795"
"chr2","68699032","68699233","chr5","172636012","172636221","34","103936980"
"chr2","68966606","68966721","chr2B","155591327","155591444","24","86624721"
"chr2","68990156","68990323","chr19","47927698","47927861","24","21062458"
"chr2","68991262","68991550","chr17","43703810","43704100","31","25287452"
"chr2","69003752","69004039","chr1","152743362","152743656","41","83739610"
"chr2","69287774","69288059","chr6","34792993","34793284","45","34494781"
"chr2","70936211","70936399","chr2A","62467354","62467540","36","8468857"
"chr2","71049864","71050161","chr1","32227429","32227729","57","38822435"
"chr2","71148323","71148599","chr2A","44952766","44953054","45","26195557"
"chr2","72385522","72385802","chr7","66888551","66888816","55","5496971"
"chr2","72572088","72572390","chr10","98693694","98693994","47","26121606"
"chr2","72628769","72629040","chr5","47341643","47341929","54","25287126"
"chr2","73042415","73042720","chr5","112942232","112942541","62","39899817"
"chr2","73360132","73360431","chr6","20985201","20985506","42","52374931"
"chr2","75160886","75160993","chr5","131159086","131159192","26","55998200"
"chr2","76073458","76073752","chr7","44392726","44393021","33","31680732"
"chr2","78028081","78028367","chrX","51142524","51142811","42","26885557"
"chr2","78725186","78725466","chr7","81601481","81601765","42","2876295"
"chr2","78952629","78952865","chr7","130655713","130655947","59","51703084"
"chr2","79226535","79226836","chr1","150093146","150093446","35","70866611"
"chr2","79321558","79321787","chr15","61939803","61940033","39","17381755"
"chr2","81265801","81266089","chr10","73776410","73776699","50","7489391"
"chr2","81433244","81433529","chr13","98588755","98589055","49","17155511"
"chr2","82522397","82522621","chr19","10688476","10688689","32","71833921"
"chr2","82770400","82770593","chr7","112975685","112975878","36","30205285"
"chr2","83878269","83878525","chr16","17671947","17672206","45","66206322"
"chr2","85396994","85397276","chr10","12710005","12710293","53","72686989"
"chr2","85466784","85466974","chr22","28784821","28785017","37","56681963"
"chr2","87229501","87229694","chr7","54030537","54030725","41","33198964"
"chr2","87342386","87342691","chr3","52270391","52270690","53","35071995"
"chr2","87471542","87471837","chr12","32917166","32917461","35","54554376"
"chr2","87596063","87596376","chr1","180340430","180340740","46","92744367"
"chr2","87644901","87645218","chr15","26490736","26491028","75","61154165"
"chr2","88470946","88471236","chr3","103771940","103772231","42","15300994"
"chr2","90498095","90498385","chr5","116708395","116708681","57","26210300"
"chr2","90985265","90985536","chr5","116279672","116279932","40","25294407"
"chr2","91870711","91870873","chr3","10317925","10318097","30","81552786"
"chr2","94129724","94129997","chr3","83942367","83942647","70","10187357"
"chr2","94725639","94725913","chr7","141870320","141870598","58","47144681"
"chr2","94737068","94737342","chr11","71445190","71445448","75","23291878"
"chr2","95591442","95591752","chr3","39092763","39093071","33","56498679"
"chr2","96249166","96249411","chr11","14011422","14011673","43","82237744"
"chr2","97011216","97011343","chr3","194233462","194233583","20","97222246"
"chr2","97578653","97578942","chr3","176444690","176444979","42","78866037"
"chr2","97701073","97701356","chr3","189669014","189669297","54","91967941"
"chr2","98749552","98749842","chr15","67071135","67071428","46","31678417"
"chr2","99189637","99189932","chr3","15802430","15802725","36","83387207"
"chr2","99676501","99676798","chr2A","112159204","112159506","40","12482703"
"chr2","100815619","100815773","chrX","112820888","112821058","49","12005269"
"chr2","101155578","101155864","chr3","137175935","137176224","49","36020357"
"chr2","102827114","102827324","chr3","58937113","58937322","47","43890001"
"chr2","102887972","102888256","chr4","17361545","17361832","53","85526427"
"chr2","103611382","103611660","chr9","75957982","75958250","52","27653400"
"chr2","104191293","104191570","chr1","26522702","26522982","38","77668591"
"chr2","107832919","107833225","chr11","93453135","93453442","43","14379784"
"chr2","107908323","107908599","chr5","81803905","81804197","56","26104418"
"chr2","108174179","108174465","chr15","28850041","28850326","47","79324138"
"chr2","108778644","108778953","chr1","35393031","35393338","51","73385613"
"chr2","108919712","108919975","chr8","143844286","143844547","45","34924574"
"chr2","109250389","109250680","chr6","136089580","136089876","48","26839191"
"chr2","111117673","111117841","chr7","20139739","20139897","27","90977934"
"chr2","112142471","112142749","chr14","92206512","92206803","50","19935959"
"chr2","112656382","112656658","chr9","72253804","72254095","50","40402578"
"chr2","112922116","112922415","chr12","72343453","72343749","43","40578663"
"chr2","112969916","112970178","chr18","43307181","43307444","37","69662735"
"chr2","115085500","115085776","chr6","45956109","45956396","58","69129391"
"chr2","115650695","115650856","chr1","6601296","6601459","31","109049399"
"chr2","116645592","116645744","chr15","89441741","89441915","50","27203851"
"chr2","116674044","116674146","chr14","106105937","106106053","30","10568107"
"chr2","117907550","117907759","chr9","79860526","79860704","65","38047024"
"chr2","118490303","118490588","chr2A","74158428","74158704","44","44331875"
"chr2","120161652","120161963","chr1","180340430","180340740","43","60178778"
"chr2","120787959","120788235","chr2A","80557982","80558253","51","40229977"
"chr2","121156707","121156830","chr7","106449286","106449409","32","14707421"
"chr2","121931612","121931919","chr5","173838220","173838523","49","51906608"
"chr2","123643650","123643937","chr17","43703810","43704100","38","79939840"
"chr2","124321741","124322038","chr12","56466235","56466531","37","67855506"
"chr2","124808376","124808673","chr6","32195163","32195460","38","92613213"
"chr2","124917823","124918034","chr10","72148432","72148646","42","52769391"
"chr2","125852362","125852674","chr2A","101521444","101521751","44","24330918"
"chr2","126176288","126176575","chr2B","236575919","236576197","52","110399631"
"chr2","126995935","126996231","chr20","29063717","29064017","43","97932218"
"chr2","127291035","127291261","chr5","102439665","102439875","45","24851370"
"chr2","127665993","127666220","chr3","38683846","38684070","43","88982147"
"chr2","127791094","127791379","chr1","191033220","191033497","55","63242126"
"chr2","128060870","128061135","chr5","172333465","172333735","45","44272595"
"chr2","128353998","128354293","chr6","32195163","32195460","33","96158835"
"chr2","128420962","128421279","chr10","68350095","68350392","49","60070867"
"chr2","128612111","128612285","chr17","10417993","10418170","33","118194118"
"chr2","128612744","128612812","chr3","188499937","188500000","10","59887193"
"chr2","129023577","129023728","chr1","196864953","196865102","29","67841376"
"chr2","129125740","129126047","chr1","126594772","126595077","35","2530968"
"chr2","129242165","129242479","chr1","126594772","126595077","48","2647393"
"chr2","129985363","129985648","chrX","47072474","47072765","41","82912889"
"chr2","130160814","130161103","chr2A","110133217","110133512","49","20027597"
"chr2","130884358","130884657","chr12","8100508","8100811","40","122783850"
"chr2","130923340","130923621","chr6","83972309","83972590","52","46951031"
"chr2","131053839","131054128","chr9","91828316","91828607","36","39225523"
"chr2","131365948","131366247","chr10","131911447","131911753","30","545499"
"chr2","131403370","131403646","chr19","46408668","46408942","60","84994702"
"chr2","131498111","131498419","chrX","69928922","69929226","48","61569189"
"chr2","131702974","131703108","chr1","214963704","214963838","23","83260730"
"chr2","131927261","131927441","chr2B","156580222","156580400","28","24652961"
"chr2","133108206","133108499","chr4","17361545","17361832","44","115746661"
"chr2","133119919","133120212","chr5","58986073","58986363","52","74133846"
"chr2","133123263","133123560","chr19","14001764","14002062","35","119121499"
"chr2","133401870","133402159","chr1","223886121","223886412","46","90484251"
"chr2","134504545","134504827","chrX","143119361","143119658","43","8614816"
"chr2","134566136","134566420","chr16","69802389","69802675","34","64763747"
"chr2","134840408","134840523","chr13","92843855","92843981","33","41996553"
"chr2","134878708","134879010","chr12","32917166","32917461","45","101961542"
"chr2","135133585","135133886","chr4","131527412","131527709","40","3606173"
"chr2","135638782","135639066","chr10","121445116","121445403","53","14193666"
"chr2","136263522","136263831","chr6","22146834","22147136","47","114116688"
"chr2","137096137","137096405","chr11","75562870","75563146","48","61533267"
"chr2","137248486","137248597","chr14","106105937","106106053","37","31142549"
"chr2","137270513","137270803","chr4","55876421","55876716","48","81394092"
"chr2","137388682","137388836","chr16","80432844","80433003","42","56955838"
"chr2","137389390","137389522","chr3","200554809","200554942","25","63165419"
"chr2","137838794","137838980","chr17","2550193","2550372","37","135288601"
"chr2","137879996","137880045","chr5","14809202","14809254","11","123070794"
"chr2","137888182","137888330","chr22","20106335","20106490","35","117781847"
"chr2","137888961","137889078","chr3","200554809","200554942","34","62665848"
"chr2","138004847","138005124","chr21","17640357","17640647","45","120364490"
"chr2","138904360","138904643","chr17","593271","593554","40","138311089"
"chr2","139151908","139152213","chr13","106197392","106197701","37","32954516"
"chr2","140865438","140865741","chr6","20985201","20985506","39","119880237"
"chr2","141041721","141041883","chr10","98471974","98472148","42","42569747"
"chr2","141125185","141125477","chr3","188474936","188475232","42","47349751"
"chr2","141571779","141572090","chr6","39891973","39892275","61","101679806"
"chr2","141655871","141656164","chr1","210819403","210819695","39","69163532"
"chr2","142167404","142167712","chr17","61352347","61352656","32","80815057"
"chr2","142244487","142244784","chr8","106787932","106788226","41","35456555"
"chr2","142628465","142628517","chrX","124470804","124470850","9","18157661"
"chr2","142628518","142628742","chr1","23379984","23380208","30","119248534"
"chr2","144095235","144095348","chr12","39211337","39211446","21","104883898"
"chr2","144264178","144264479","chr4","53929597","53929900","42","90334581"
"chr2","144342564","144342856","chr3","58800175","58800465","56","85542389"
"chr2","144732333","144732598","chr4","160361532","160361799","43","15629199"
"chr2","144829439","144829741","chr12","105772456","105772763","51","39056983"
"chr2","144941384","144941495","chr5","52876694","52876807","16","92064690"
"chr2","145132125","145132421","chrX","40740697","40740999","44","104391428"
"chr2","145565785","145566060","chr3","200995203","200995486","39","55429418"
"chr2","146028674","146028949","chr16","80948676","80948959","52","65079998"
"chr2","146104767","146105060","chrX","104720149","104720442","36","41384618"
"chr2","146341271","146341545","chr19","16328375","16328646","55","130012896"
"chr2","146619376","146619596","chr14","20500549","20500773","40","126118827"
"chr2","146719959","146720250","chr1","132902983","132903277","45","13816976"
"chr2","147315629","147315920","chr19","56559327","56559621","34","90756302"
"chr2","148395446","148395678","chr1","212769688","212769915","53","64374242"
"chr2","148470351","148470533","chr5","56276304","56276484","27","92194047"
"chr2","148673877","148674156","chr17","43703810","43704100","45","104970067"
"chr2","149782551","149782849","chr19","49334612","49334911","39","100447939"
"chr2","149916588","149916873","chr5","49344938","49345225","49","100571650"
"chr2","150351349","150351646","chrX","31351615","31351909","42","118999734"
"chr2","150437148","150437420","chr5","172333465","172333735","40","21896317"
"chr2","151533652","151533949","chr19","48820002","48820297","39","102713650"
"chr2","151896620","151896912","chr2B","195267294","195267585","36","43370674"
"chr2","152394995","152395269","chr19","16328375","16328646","55","136066620"
"chr2","152517252","152517545","chr2B","131356959","131357255","40","21160293"
"chr2","152691655","152691945","chrX","96380638","96380930","48","56311017"
"chr2","152891296","152891516","chr4","112217942","112218153","40","40673354"
"chr2","153484394","153484652","chr2B","176135306","176135561","43","22650912"
"chr2","154977850","154978130","chr18","20916001","20916283","41","134061849"
"chr2","157169354","157169494","chr20","28695485","28695609","39","128473869"
"chr2","157178396","157178671","chr6","31460034","31460307","53","125718362"
"chr2","157405113","157405400","chr3","188474936","188475232","49","31069823"
"chr2","157426822","157427126","chr3","47289215","47289517","47","110137607"
"chr2","160310264","160310486","chr5","140994392","140994613","34","19315872"
"chr2","160346563","160346667","chr11","46266962","46267069","18","114079601"
"chr2","160424836","160425024","chrX","152273210","152273397","43","8151626"
"chr2","161259997","161260292","chr10","98717143","98717438","37","62542854"
"chr2","162181535","162181814","chr12","130277700","130277982","39","31903835"
"chr2","162232613","162232906","chr8","126312981","126313276","40","35919632"
"chr2","162264230","162264521","chrX","47072474","47072765","36","115191756"
"chr2","162403610","162403884","chr3","83942367","83942647","53","78461243"
"chr2","162616774","162617064","chr2A","44952766","44953054","44","117664008"
"chr2","162626672","162626935","chr16","57148744","57149007","55","105477928"
"chr2","162629119","162629327","chr3","38683846","38684070","55","123945273"
"chr2","163828915","163829215","chr9","97196371","97196671","46","66632544"
"chr2","165122434","165122729","chr1","157163483","157163783","41","7958951"
"chr2","165180805","165181116","chr7","52528047","52528356","47","112652758"
"chr2","165271570","165271864","chr5","134947530","134947828","51","30324040"
"chr2","166112865","166113145","chr4","160361532","160361799","50","5751333"
"chr2","166255909","166256132","chr1","25596125","25596349","34","140659784"
"chr2","166359098","166359223","chr3","32078370","32078494","20","134280728"
"chr2","166640626","166640914","chr6","22130684","22130979","38","144509942"
"chr2","166704459","166704727","chr1","76454840","76455110","56","90249619"
"chr2","166926339","166926606","chr1","40975532","40975800","54","125950807"
"chr2","167176298","167176583","chr12","71787117","71787412","48","95389181"
"chr2","167286377","167286661","chr20","51554153","51554444","36","115732224"
"chr2","167480148","167480275","chr19","52708052","52708172","26","114772096"
"chr2","167562013","167562306","chr8","34802155","34802448","33","132759858"
"chr2","167562505","167562795","chr14","92206512","92206803","51","75355993"
"chr2","168394254","168394553","chr13","47539182","47539484","28","120855072"
"chr2","169009561","169009866","chr1","32227429","32227729","38","136782132"
"chr2","170422322","170422601","chr19","57951008","57951284","49","112471314"
"chr2","170435186","170435302","chr3","114686926","114687041","21","55748260"
"chr2","170699887","170700125","chr7","139861235","139861476","40","30838652"
"chr2","170748709","170748979","chr4","191069928","191070205","49","20321219"
"chr2","170769690","170769822","chr2A","99808200","99808333","19","70961490"
"chr2","170874235","170874530","chr14","91973638","91973928","59","78900597"
"chr2","171073572","171073717","chr1","195079114","195079244","39","24005542"
"chr2","171130713","171130997","chr14","77929691","77929973","43","93201022"
"chr2","171213987","171214282","chr5","78767207","78767504","47","92446780"
"chr2","171241257","171241549","chr17","43703810","43704100","37","127537447"
"chr2","171288480","171288760","chrX","70624383","70624657","50","100664097"
"chr2","171424410","171424703","chr3","12555497","12555790","51","158868913"
"chr2","171633680","171633867","chr18","1515558","1515740","33","170118122"
"chr2","171656988","171657290","chr1","19287734","19288036","46","152369254"
"chr2","171815925","171816216","chr3","137175935","137176224","44","34639990"
"chr2","172254908","172255204","chr7","34973359","34973658","39","137281549"
"chr2","173847639","173847958","chr7","65290500","65290808","58","108557139"
"chr2","174869678","174869777","chr9","82982445","82982543","20","91887233"
"chr2","175425549","175425827","chr3","21824110","21824382","45","153601439"
"chr2","176259089","176259395","chr3","190566087","190566386","53","14306998"
"chr2","176354625","176354915","chr8","125371779","125372077","51","50982846"
"chr2","177453041","177453336","chr11","116937561","116937852","43","60515480"
"chr2","177473004","177473244","chr12","4424246","4424485","45","173048758"
"chr2","178831936","178832241","chr3","37984920","37985225","40","140847016"
"chr2","181643476","181643674","chr9","86603404","86603609","42","95040072"
"chr2","181965883","181966165","chr10","121445116","121445403","57","60520767"
"chr2","182223686","182223974","chr7","109300892","109301171","62","72922794"
"chr2","182559854","182560110","chr17","19869413","19869673","51","162690441"
"chr2","182626805","182626841","chr1","154693565","154693601","9","27933240"
"chr2","183283089","183283347","chr1","26522702","26522982","50","156760387"
"chr2","184311220","184311333","chr13","113052924","113053040","26","71258296"
"chr2","184597777","184598050","chr6","140365336","140365626","55","44232441"
"chr2","185131789","185132079","chr5","38415598","38415886","54","146716191"
"chr2","185934992","185935292","chr17","60001596","60001898","40","125933396"
"chr2","186296719","186296834","chr7","37192704","37192816","27","149104015"
"chr2","186369932","186370204","chr6","140238574","140238842","50","46131358"
"chr2","186493001","186493320","chr2B","242630921","242631213","54","56137920"
"chr2","186629896","186630187","chr7","72155514","72155803","47","114474382"
"chr2","186650482","186650624","chr1","62239291","62239426","22","124411191"
"chr2","186710034","186710238","chr19","52998146","52998345","45","133711888"
"chr2","187563617","187563823","chr2A","38907988","38908200","31","148655629"
"chr2","187646378","187646504","chr22","29798696","29798821","17","157847682"
"chr2","188270269","188270560","chr7","99033735","99034038","45","89236534"
"chr2","188566142","188566425","chr14","97975373","97975663","52","90590769"
"chr2","189026978","189027284","chr18","58994235","58994539","45","130032743"
"chr2","189168059","189168355","chr5","114066529","114066823","62","75101530"
"chr2","189360103","189360349","chr7","4279811","4280053","48","185080292"
"chr2","190615485","190615577","chr5","141237914","141238000","31","49377571"
"chr2","190615775","190615924","chr1","196864953","196865102","30","6249178"
"chr2","191611869","191612156","chrX","139629908","139630185","50","51981961"
"chr2","192113319","192113584","chr10","73535117","73535381","41","118578202"
"chr2","193414733","193415028","chr20","18239566","18239864","36","175175167"
"chr2","194224195","194224456","chr2A","25698755","25699013","34","168525440"
"chr2","195183250","195183554","chr22","35173076","35173384","40","160010174"
"chr2","195992702","195992946","chr9","127827285","127827529","52","68165417"
"chr2","197424192","197424490","chr3","188474936","188475232","49","8949256"
"chr2","197531415","197531724","chr15","88148565","88148869","46","109382850"
"chr2","197893566","197893856","chr6","73840398","73840681","44","124053168"
"chr2","198352641","198352944","chr3","122931877","122932178","50","75420764"
"chr2","198459587","198459876","chr12","95365728","95366019","44","103093859"
"chr2","198793093","198793387","chr4","177924260","177924549","50","20868833"
"chr2","200400057","200400326","chr3","148432007","148432285","63","51968050"
"chr2","202250914","202251106","chr14","59100011","59100197","37","143150903"
"chr2","203362233","203362412","chr19","57420069","57420241","38","145942164"
"chr2","203771273","203771526","chr10","117820146","117820395","95","85951127"
"chr2","203906145","203906221","chr15","62230457","62230524","26","141675688"
"chr3","1045378","1045507","chr8","129196825","129196958","26","128151447"
"chr3","2332323","2332601","chr7","68219695","68219980","52","65887372"
"chr3","2929875","2930095","chr9","39425593","39425816","40","36495718"
"chr3","3148295","3148403","chrX","82929329","82929442","20","79781034"
"chr3","3490409","3490714","chr12","8100508","8100811","33","4610099"
"chr3","3781686","3781990","chr4","43701220","43701525","37","39919534"
"chr3","4172736","4173045","chr5","58340552","58340856","43","54167816"
"chr3","4471636","4471925","chr19","43335176","43335468","40","38863540"
"chr3","5567949","5568037","chr12","132014477","132014556","37","126446528"
"chr3","5791749","5792017","chr10","17896586","17896849","46","12104837"
"chr3","5816510","5816807","chr4","108877129","108877431","33","103060619"
"chr3","5821489","5821786","chr16","74289097","74289389","35","68467608"
"chr3","5872625","5872922","chr8","106787932","106788226","39","100915307"
"chr3","6051210","6051514","chr3","116377462","116377763","47","110326252"
"chr3","6461813","6462095","chr3","48713226","48713518","44","42251413"
"chr3","6852016","6852307","chr1","152743362","152743656","40","145891346"
"chr3","8227000","8227284","chr1","191033220","191033497","59","182806220"
"chr3","9017025","9017158","chr9","71585376","71585513","19","62568351"
"chr3","9617148","9617438","chrX","47072474","47072765","39","37455326"
"chr3","9972790","9972904","chr17","37000001","37000121","15","27027211"
"chr3","10430026","10430299","chr2B","128663062","128663335","60","118233036"
"chr3","10592736","10592849","chr3","114686926","114687041","19","104094190"
"chr3","10869088","10869381","chr14","87719174","87719477","49","76850086"
"chr3","11744068","11744370","chr10","131911447","131911753","43","120167379"
"chr3","12092519","12092816","chr11","60860905","60861205","55","48768386"
"chr3","12913590","12913840","chr2B","207231085","207231337","51","194317495"
"chr3","13384601","13384770","chr5","90913999","90914167","35","77529398"
"chr3","13504606","13504917","chr1","134100974","134101278","55","120596368"
"chr3","13530760","13531062","chr7","44392726","44393021","50","30861966"
"chr3","13918176","13918426","chr9","117650355","117650602","51","103732179"
"chr3","14399184","14399469","chr2A","9980700","9980975","47","4418484"
"chr3","14520508","14520805","chr1","147546574","147546866","54","133026066"
"chr3","14865976","14866023","chr14","69780075","69780121","11","54914099"
"chr3","15994328","15994528","chr4","24946761","24946953","40","8952433"
"chr3","15995182","15995290","chr19","50278494","50278593","24","34283312"
"chr3","16113708","16114006","chr1","210819403","210819695","42","194705695"
"chr3","17117081","17117389","chr10","14276815","14277121","51","2840266"
"chr3","17501856","17501952","chr2A","47581163","47581264","26","30079307"
"chr3","17634585","17634868","chr1","227035851","227036134","36","209401266"
"chr3","18231788","18232075","chr5","103449307","103449595","46","85217519"
"chr3","19102246","19102409","chr13","92844161","92844327","30","73741915"
"chr3","19576952","19577265","chrX","97649878","97650177","56","78072926"
"chr3","19608810","19609108","chr16","2327719","2328013","44","17281091"
"chr3","19912929","19913025","chr1","181585054","181585148","29","161672125"
"chr3","20009127","20009305","chr2B","175740422","175740600","27","155731295"
"chr3","20152202","20152486","chr19","55067332","55067628","43","34915130"
"chr3","20215518","20215634","chr12","63571112","63571232","31","43355594"
"chr3","22257005","22257278","chr3","190952266","190952555","46","168695261"
"chr3","22273258","22273546","chr4","52254890","52255177","60","29981632"
"chr3","26052995","26053163","chr4","31998553","31998728","45","5945558"
"chr3","26796509","26796784","chr20","15542818","15543100","54","11253691"
"chr3","28428018","28428306","chr1","223886121","223886412","41","195458103"
"chr3","29484975","29485268","chr7","52710860","52711155","63","23225885"
"chr3","30784688","30784824","chr1","26508865","26509003","35","4275823"
"chr3","31315727","31315799","chr22","29958739","29958808","16","1356988"
"chr3","31316048","31316217","chr1","54283718","54283883","35","22967670"
"chr3","31987922","31988052","chr2A","109456513","109456658","36","77468591"
"chr3","32025985","32026272","chr7","81601481","81601765","54","49575496"
"chr3","32665671","32665952","chr4","177924260","177924549","41","145258589"
"chr3","33312398","33312686","chr2B","206972782","206973081","43","173660384"
"chr3","33430751","33431036","chr4","110414976","110415258","35","76984225"
"chr3","33455650","33455947","chr11","63384590","63384882","38","29928940"
"chr3","33497322","33497605","chr5","103449307","103449595","35","69951985"
"chr3","33540736","33541034","chr12","88340870","88341168","37","54800134"
"chr3","33821008","33821279","chrX","35492963","35493232","47","1671955"
"chr3","34980173","34980453","chr5","74280814","74281094","46","39300641"
"chr3","36415660","36415915","chr11","32950714","32950976","63","3464946"
"chr3","36928893","36929165","chr17","63008619","63008891","54","26079726"
"chr3","37153425","37153705","chr5","38415598","38415886","43","1262173"
"chr3","37333936","37334236","chr4","74681715","74682017","54","37347779"
"chr3","37506682","37506993","chr6","37891072","37891383","42","384390"
"chr3","37976125","37976401","chr4","107714319","107714602","49","69738194"
"chr3","39061938","39062201","chr3","136125494","136125756","43","97063556"
"chr3","39724991","39725278","chr7","72155514","72155803","35","32430523"
"chr3","39760201","39760486","chr5","103449307","103449595","35","63689106"
"chr3","39802987","39803177","chr21","3975361","3975559","48","35827626"
"chr3","39903469","39903746","chr6","31460034","31460307","70","8443435"
"chr3","39951280","39951578","chr1","32227429","32227729","50","7723851"
"chr3","40019533","40019817","chrX","106485351","106485634","42","66465818"
"chr3","40237023","40237312","chr3","137175935","137176224","41","96938912"
"chr3","40291014","40291315","chr19","48820002","48820297","39","8528988"
"chr3","40400345","40400654","chr4","74681715","74682017","49","34281370"
"chr3","41276184","41276479","chrX","47072474","47072765","36","5796290"
"chr3","41453698","41453914","chr5","102439665","102439875","37","60985967"
"chr3","41545185","41545290","chr3","113208918","113209021","16","71663733"
"chr3","41705122","41705417","chr14","34129106","34129400","40","7576016"
"chr3","41832957","41833096","chr2A","96789240","96789384","39","54956283"
"chr3","42249242","42249532","chr12","32917166","32917461","36","9332076"
"chr3","42498800","42499104","chr11","60860905","60861205","38","18362105"
"chr3","44650428","44650718","chr21","18562186","18562478","34","26088242"
"chr3","44855449","44855753","chr3","136478379","136478687","44","91622930"
"chr3","44992966","44993252","chr14","34129106","34129400","46","10863860"
"chr3","45048562","45048852","chr2A","96734733","96735024","45","51686171"
"chr3","45151410","45151533","chr2B","190370073","190370189","27","145218663"
"chr3","45270899","45271209","chr11","116542994","116543303","43","71272095"
"chr3","46544766","46545056","chrX","47072474","47072765","32","527708"
"chr3","47127346","47127661","chr15","73075145","73075451","45","25947799"
"chr3","47868236","47868543","chr9","17417473","17417781","43","30450763"
"chr3","49193163","49193470","chr14","53135468","53135774","46","3942305"
"chr3","49428645","49428936","chr6","73840398","73840681","50","24411753"
"chr3","51946350","51946635","chr3","189669014","189669297","38","137722664"
"chr3","52106356","52106641","chr12","32849926","32850216","48","19256430"
"chr3","52279672","52279968","chr5","95056250","95056538","50","42776578"
"chr3","52681380","52681677","chr6","28927547","28927843","39","23753833"
"chr3","52682286","52682414","chr17","5022591","5022719","20","47659695"
"chr3","52771674","52771914","chrX","48484182","48484449","66","4287492"
"chr3","53236061","53236332","chr6","35889873","35890143","41","17346188"
"chr3","53299984","53300273","chr5","115052536","115052829","46","61752552"
"chr3","53342620","53342911","chr20","25329106","25329397","40","28013514"
"chr3","53513979","53514274","chr7","72155514","72155803","41","18641535"
"chr3","53761162","53761445","chr1","217728736","217729024","43","163967574"
"chr3","53882492","53882758","chrX","36240476","36240740","46","17642016"
"chr3","54067712","54068013","chr14","63020846","63021136","48","8953134"
"chr3","54459067","54459391","chr7","156460933","156461261","54","102001866"
"chr3","54680760","54681050","chr19","49334612","49334911","42","5346148"
"chr3","55115805","55116071","chr5","104243279","104243540","59","49127474"
"chr3","55750019","55750325","chr2B","234241009","234241312","40","178490990"
"chr3","56546875","56547059","chr1","45071672","45071862","58","11475203"
"chr3","56624256","56624543","chr1","19903888","19904183","45","36720368"
"chr3","57065565","57065781","chr4","138841697","138841907","34","81776132"
"chr3","57839932","57840226","chr8","123163578","123163865","55","65323646"
"chr3","59100625","59100891","chr7","141870320","141870598","53","82769695"
"chr3","59171565","59171858","chr2B","195267294","195267585","40","136095729"
"chr3","60600862","60601156","chr7","54603695","54603992","38","5997167"
"chr3","61088236","61088535","chr21","17204458","17204766","53","43883778"
"chr3","62819977","62820255","chr3","188474936","188475232","56","125654959"
"chr3","62987326","62987580","chrX","36240476","36240740","39","26746850"
"chr3","64851325","64851441","chr8","99736917","99737038","26","34885592"
"chr3","65018935","65019157","chr5","102439665","102439875","40","37420730"
"chr3","65114768","65115065","chr3","28012487","28012776","60","37102281"
"chr3","65363365","65363669","chr9","6849414","6849717","39","58513951"
"chr3","65479660","65479965","chr4","39839809","39840110","44","25639851"
"chr3","65484670","65484769","chr22","21979643","21979735","23","43505027"
"chr3","67236216","67236498","chr9","75957982","75958250","52","8721766"
"chr3","68031440","68031692","chr6","143593593","143593862","70","75562153"
"chr3","68177450","68177738","chr2A","44952766","44953054","38","23224684"
"chr3","70449772","70450067","chr1","157163483","157163783","44","86713711"
"chr3","70541591","70541887","chr9","91828316","91828607","39","21286725"
"chr3","71076308","71076588","chr11","117619503","117619787","40","46543195"
"chr3","71159413","71159704","chr17","43703810","43704100","49","27455603"
"chr3","71204773","71205073","chr9","91828316","91828607","40","20623543"
"chr3","72187051","72187354","chrX","40740697","40740999","36","31446354"
"chr3","72848381","72848685","chrX","69928922","69929226","50","2919459"
"chr3","74706651","74706957","chr6","37891072","37891383","48","36815579"
"chr3","74921910","74922210","chr7","72155514","72155803","58","2766396"
"chr3","75386689","75386966","chr7","81601481","81601765","42","6214792"
"chr3","79561304","79561412","chr12","133977696","133977813","30","54416392"
"chr3","80068783","80069081","chr13","26703915","26704214","37","53364868"
"chr3","80899443","80899756","chr1","35788128","35788434","42","45111315"
"chr3","80958819","80959114","chr13","27603195","27603489","55","53355624"
"chr3","80961648","80961843","chr4","2913854","2914062","67","78047794"
"chr3","80962724","80962839","chrY","23799312","23799433","34","57163412"
"chr3","81002929","81003220","chr9","75989435","75989727","37","5013494"
"chr3","81042875","81043020","chr2A","54662416","54662552","32","26380459"
"chr3","81067257","81067547","chr5","105387831","105388119","42","24320574"
"chr3","81268332","81268626","chr14","92206512","92206803","43","10938180"
"chr3","82799180","82799305","chr19","10265822","10265947","22","72533358"
"chr3","83158539","83158797","chr6","143593593","143593862","43","60435054"
"chr3","83236964","83237278","chrX","34806679","34806988","41","48430285"
"chr3","84075979","84076117","chr9","71585376","71585513","27","12490603"
"chr3","84599501","84599780","chr9","75957982","75958250","49","8641519"
"chr3","84929461","84929538","chr17","26431953","26432018","26","58497508"
"chr3","84948874","84949053","chr1","95957693","95957878","40","11008819"
"chr3","85442388","85442667","chr18","20413953","20414230","54","65028435"
"chr3","86663665","86663804","chr1","62239291","62239426","24","24424374"
"chr3","86806238","86806401","chr4","149245171","149245334","35","62438933"
"chr3","87342750","87343049","chr3","37984920","37985225","38","49357830"
"chr3","87904124","87904334","chr14","69525822","69526030","38","18378302"
"chr3","88303205","88303506","chr7","44392726","44393021","36","43910479"
"chr3","88331060","88331374","chr1","89658217","89658526","50","1327157"
"chr3","88335165","88335469","chr12","129655382","129655691","42","41320217"
"chr3","88348450","88348732","chr7","73718106","73718390","46","14630344"
"chr3","88511888","88512201","chr13","71854940","71855239","51","16656948"
"chr3","90993767","90994044","chr1","152743362","152743656","66","61749595"
"chr3","91437493","91437766","chr9","109187710","109187974","43","17750217"
"chr3","91833830","91834082","chr13","67286728","67286983","48","24547102"
"chr3","92000916","92000992","chr1","54893947","54894016","26","37106969"
"chr3","92001289","92001514","chr15","61939803","61940033","45","30061486"
"chr3","93270368","93270457","chr1","40438526","40438624","27","52831842"
"chr3","93349531","93349801","chr14","64516117","64516391","51","28833414"
"chr3","93941001","93941295","chr11","116333106","116333398","50","22392105"
"chr3","94156958","94157243","chr19","52279957","52280249","46","41877001"
"chr3","94595349","94595582","chr6","31460034","31460307","70","63135315"
"chr3","94819865","94820145","chr7","4690843","4691129","38","90129022"
"chr3","96210494","96210788","chr2B","195904389","195904683","40","99693895"
"chr3","99259542","99259833","chr6","32195163","32195460","46","67064379"
"chr3","99512006","99512315","chr2A","99564810","99565118","52","52804"
"chr3","99675859","99676137","chr6","140238574","140238842","58","40562715"
"chr3","100084179","100084458","chr7","68219695","68219980","57","31864484"
"chr3","100546439","100546747","chr4","63005979","63006284","46","37540460"
"chr3","100623056","100623349","chr12","56466235","56466531","36","44156821"
"chr3","102826490","102826800","chr3","29543518","29543825","48","73282972"
"chr3","104690507","104690549","chr22","35851556","35851593","16","68838951"
"chr3","105459784","105460097","chr21","4330201","4330510","54","101129583"
"chr3","105683300","105683576","chr1","46142449","46142740","54","59540851"
"chr3","106674343","106674626","chr1","29080209","29080495","50","77594134"
"chr3","106691375","106691672","chr6","32195163","32195460","34","74496212"
"chr3","106862007","106862265","chr12","96451100","96451368","50","10410907"
"chr3","107151679","107151814","chr1","195079114","195079244","28","87927435"
"chr3","107715570","107715862","chr1","90464356","90464648","46","17251214"
"chr3","108723822","108724127","chr8","52541202","52541509","43","56182620"
"chr3","110705760","110705887","chr7","95505293","95505423","28","15200467"
"chr3","110719993","110720302","chr4","46568842","46569145","46","64151151"
"chr3","110843124","110843414","chr14","92206512","92206803","43","18636612"
"chr3","111029721","111029973","chr7","50101774","50102040","54","60927947"
"chr3","111125936","111126239","chr3","126460235","126460535","54","15334299"
"chr3","111219808","111220098","chr14","92206512","92206803","53","19013296"
"chr3","111269217","111269512","chr4","131527412","131527709","50","20258195"
"chr3","111413274","111413571","chr4","130744548","130744843","50","19331274"
"chr3","111544751","111544839","chr1","190335891","190335972","28","78791140"
"chr3","111545291","111545312","chr16","89665641","89665662","12","21879650"
"chr3","111545610","111545774","chr4","40728378","40728549","32","70817232"
"chr3","111692362","111692420","chr10","80046521","80046580","9","31645841"
"chr3","111879721","111879992","chr3","21824110","21824382","37","90055611"
"chr3","112078305","112078597","chr21","18562186","18562478","34","93516119"
"chr3","113838583","113838868","chr1","155121123","155121411","51","41282540"
"chr3","114207128","114207416","chrX","70267582","70267875","37","43939546"
"chr3","114377368","114377487","chr3","114686926","114687041","18","309558"
"chr3","115134658","115134788","chr3","200554809","200554942","28","85420151"
"chr3","115520846","115520948","chr19","50278494","50278593","29","65242352"
"chr3","117058396","117058679","chr9","106531870","106532148","42","10526526"
"chr3","117844702","117844984","chr1","129660980","129661262","36","11816278"
"chr3","118177221","118177515","chr9","108027773","108028069","35","10149448"
"chr3","118861860","118862160","chr2B","132755236","132755532","36","13893376"
"chr3","118902055","118902128","chr1","93715369","93715430","34","25186686"
"chr3","118902763","118902955","chr3","13640114","13640310","47","105262649"
"chr3","119061925","119062229","chr6","20985201","20985506","56","98076724"
"chr3","119175467","119175753","chr3","190952266","190952555","55","71776799"
"chr3","121523708","121524009","chr7","75724351","75724659","42","45799357"
"chr3","121639873","121640195","chrX","55013046","55013358","54","66626827"
"chr3","121687553","121687714","chr17","21311305","21311477","34","100376248"
"chr3","122186041","122186330","chr7","72155514","72155803","42","50030527"
"chr3","122430123","122430335","chr6","82925720","82925922","52","39504403"
"chr3","124168606","124168641","chr4","59613560","59613596","4","64555046"
"chr3","125010037","125010209","chr16","28709872","28710044","32","96300165"
"chr3","125829901","125830089","chr5","142194859","142195062","44","16364958"
"chr3","126052085","126052308","chr11","64963471","64963687","40","61088614"
"chr3","126270409","126270699","chr5","115052536","115052829","35","11217873"
"chr3","127100569","127100861","chr1","210819403","210819695","43","83718834"
"chr3","127960319","127960608","chr5","115052536","115052829","42","12907783"
"chr3","128047620","128047896","chr3","27992917","27993198","57","100054703"
"chr3","128622958","128623232","chr13","54811666","54811947","50","73811292"
"chr3","128862863","128863118","chr11","14011422","14011673","44","114851441"
"chr3","130526509","130526797","chr15","32292880","32293169","54","98233629"
"chr3","130531225","130531472","chrX","95725181","95725426","45","34806044"
"chr3","132247369","132247621","chr2A","9550804","9551059","83","122696565"
"chr3","133323248","133323539","chr11","49790772","49791064","60","83532476"
"chr3","134188113","134188416","chr10","68350095","68350392","45","65838018"
"chr3","134419115","134419402","chr7","72155514","72155803","55","62263601"
"chr3","136109093","136109395","chr6","20985201","20985506","35","115123892"
"chr3","136632925","136633227","chr16","75273793","75274099","48","61359132"
"chr3","136652283","136652569","chr5","95056250","95056538","42","41596033"
"chr3","136708772","136709061","chr17","5318110","5318400","39","131390662"
"chr3","136729016","136729318","chr7","34973359","34973658","37","101755657"
"chr3","137580028","137580295","chr17","29160600","29160862","60","108419428"
"chr3","139400563","139400854","chr8","57212221","57212508","55","82188342"
"chr3","139455430","139455725","chrX","144172330","144172625","42","4716900"
"chr3","139796955","139797222","chr3","173048493","173048764","52","33251538"
"chr3","139816168","139816448","chrX","47072474","47072765","74","92743694"
"chr3","140085438","140085752","chr6","20985201","20985506","44","119100237"
"chr3","140291875","140292075","chr14","69525822","69526030","40","70766053"
"chr3","141434661","141434945","chr2A","80557982","80558253","44","60876679"
"chr3","143102093","143102293","chr4","84370341","84370538","36","58731752"
"chr3","143738846","143739145","chr12","27439052","27439359","52","116299794"
"chr3","147420148","147420436","chr14","92206512","92206803","41","55213636"
"chr3","147625069","147625165","chr17","1270775","1270886","31","146354294"
"chr3","148537133","148537435","chr6","20985201","20985506","42","127551932"
"chr3","148692377","148692681","chr3","37984920","37985225","45","110707457"
"chr3","148711559","148711845","chr5","47341643","47341929","51","101369916"
"chr3","150045041","150045181","chr22","49302200","49302342","32","100742841"
"chr3","150226650","150226763","chrY","23799312","23799433","26","126427338"
"chr3","150293264","150293567","chr6","107764439","107764742","45","42528825"
"chr3","150325416","150325557","chr2B","235138233","235138371","41","84812817"
"chr3","150390201","150390263","chrX","19342178","19342243","15","131048023"
"chr3","150392380","150392685","chr14","77303853","77304153","49","73088527"
"chr3","150651437","150651705","chr7","72155514","72155803","50","78495923"
"chr3","150864719","150865017","chr6","149856953","149857254","43","1007766"
"chr3","150926651","150926942","chr19","48820002","48820297","38","102106649"
"chr3","150943102","150943400","chr14","34129106","34129400","40","116813996"
"chr3","151522707","151523006","chr12","56466235","56466531","44","95056472"
"chr3","151631143","151631284","chr6","109013841","109013997","42","42617302"
"chr3","151714105","151714405","chr19","48820002","48820297","39","102894103"
"chr3","152100505","152100772","chr7","106782196","106782471","63","45318309"
"chr3","152197437","152197684","chr7","36643254","36643505","47","115554183"
"chr3","152252099","152252391","chr11","33177876","33178165","46","119074223"
"chr3","152427419","152427734","chr5","5924056","5924359","52","146503363"
"chr3","152596559","152596861","chr11","44623850","44624147","37","107972709"
"chr3","152818460","152818756","chr10","126045059","126045350","37","26773401"
"chr3","152902715","152903000","chr7","4690843","4691129","45","148211872"
"chr3","152962187","152962486","chr2A","35390230","35390523","43","117571957"
"chr3","154182853","154183156","chr5","42140806","42141096","52","112042047"
"chr3","154704758","154705051","chr7","131099396","131099691","51","23605362"
"chr3","155387071","155387362","chr11","43997737","43998027","46","111389334"
"chr3","155749505","155749650","chr9","71585376","71585513","31","84164129"
"chr3","157414092","157414272","chr15","39249488","39249669","29","118164604"
"chr3","159213666","159213963","chr6","32195163","32195460","39","127018503"
"chr3","159324311","159324608","chr3","37984920","37985225","57","121339391"
"chr3","159618136","159618460","chr4","39266878","39267187","66","120351258"
"chr3","160822216","160822497","chr2B","243323248","243323527","41","82501032"
"chr3","161506487","161506735","chr13","20654532","20654795","67","140851955"
"chr3","161858175","161858294","chr13","113052924","113053040","24","48805251"
"chr3","162038298","162038571","chr6","33021256","33021519","59","129017042"
"chr3","162245693","162245993","chr3","39092763","39093071","54","123152930"
"chr3","163052134","163052325","chr3","129962063","129962267","48","33090071"
"chr3","163478355","163478476","chr17","37000001","37000121","19","126478354"
"chr3","163564503","163564678","chr2A","9880776","9880953","31","153683727"
"chr3","164137255","164137546","chr7","62105160","62105453","38","102032095"
"chr3","164695489","164695765","chr7","141870320","141870598","39","22825169"
"chr3","164838166","164838466","chr2B","207248028","207248334","54","42409862"
"chr3","165106968","165107096","chr19","10265822","10265947","25","154841146"
"chr3","165325884","165326116","chr17","8617880","8618121","63","156708004"
"chr3","165737874","165738155","chr6","29250739","29251008","70","136487135"
"chr3","166505632","166505797","chr1","32649535","32649701","32","133856097"
"chr3","166574251","166574382","chr17","80802464","80802592","26","85771787"
"chr3","166842665","166842959","chr22","40447353","40447646","45","126395312"
"chr3","167403044","167403331","chr14","91582134","91582419","54","75820910"
"chr3","168003851","168004003","chrX","41115877","41116035","29","126887974"
"chr3","168538416","168538717","chr15","88148565","88148869","40","80389851"
"chr3","168627292","168627585","chr17","60679909","60680206","41","107947383"
"chr3","168702924","168703063","chr6","10429234","10429373","30","158273690"
"chr3","168786410","168786698","chr14","102247758","102248052","37","66538652"
"chr3","169369240","169369536","chr2A","17950602","17950897","39","151418638"
"chr3","170324659","170324946","chr5","145121601","145121895","46","25203058"
"chr3","170391508","170391805","chr11","109425033","109425333","45","60966475"
"chr3","171078340","171078584","chr3","33438392","33438651","57","137639948"
"chr3","171696650","171696933","chr16","69802389","69802675","47","101894261"
"chr3","172165279","172165580","chr8","52541202","52541509","44","119624077"
"chr3","172407381","172407675","chr13","82012490","82012778","62","90394891"
"chr3","172610016","172610293","chr16","75388643","75388925","42","97221373"
"chr3","172618565","172618821","chr21","28931794","28932043","56","143686771"
"chr3","173012377","173012537","chr9","34117341","34117522","45","138895036"
"chr3","173025134","173025418","chr8","143077886","143078172","45","29947248"
"chr3","173601389","173601703","chr8","52541202","52541509","34","121060187"
"chr3","173648128","173648407","chr22","16198473","16198754","39","157449655"
"chr3","173648440","173648729","chr17","43703810","43704100","58","129944630"
"chr3","174364013","174364322","chr8","52117520","52117829","38","122246493"
"chr3","174845095","174845380","chr2A","9980700","9980975","55","164864395"
"chr3","175332381","175332687","chr2A","32495417","32495724","40","142836964"
"chr3","175429557","175429638","chr8","64902589","64902670","13","110526968"
"chr3","175638210","175638507","chr7","130705479","130705778","49","44932731"
"chr3","177058650","177058935","chr11","60860905","60861205","58","116197745"
"chr3","177889547","177889842","chr12","32917166","32917461","50","144972381"
"chr3","179014485","179014770","chr5","74280814","74281094","43","104733671"
"chr3","180947118","180947398","chr10","100993882","100994160","52","79953236"
"chr3","181010603","181010883","chr17","38404702","38404990","42","142605901"
"chr3","182003268","182003556","chr12","9151014","9151309","53","172852254"
"chr3","182147058","182147197","chr10","33259628","33259763","38","148887430"
"chr3","182147691","182147820","chr22","29798696","29798821","35","152348995"
"chr3","182403418","182403716","chr7","44392726","44393021","33","138010692"
"chr3","182732621","182732917","chr3","126460235","126460535","66","56272386"
"chr3","183398304","183398594","chr21","18562186","18562478","37","164836118"
"chr3","185814539","185814842","chr5","145121601","145121895","42","40692938"
"chr3","185901584","185901889","chr5","139570031","139570333","39","46331553"
"chr3","186012816","186013112","chr3","152512400","152512696","49","33500416"
"chr3","186546722","186546887","chr8","115089967","115090132","41","71456755"
"chr3","189211124","189211343","chr8","124345340","124345559","35","64865784"
"chr3","189220713","189220761","chr8","143685631","143685678","12","45535082"
"chr3","189914653","189914947","chr19","48820002","48820297","29","141094651"
"chr3","190702020","190702237","chr4","161502","161727","40","190540518"
"chr3","190767361","190767460","chr9","19425844","19425933","23","171341517"
"chr4","275287","275578","chr19","57223454","57223743","50","56948167"
"chr4","282692","282986","chr9","6695881","6696174","40","6413189"
"chr4","309503","309785","chr17","38404702","38404990","44","38095199"
"chr4","316155","316443","chr14","92206512","92206803","43","91890357"
"chr4","415773","415900","chr3","187479703","187479826","17","187063930"
"chr4","1004097","1004363","chrX","36240476","36240740","41","35236379"
"chr4","1172261","1172365","chr1","62157268","62157376","32","60985007"
"chr4","1226775","1227033","chr4","160361532","160361799","45","159134757"
"chr4","1801826","1802117","chr1","89653709","89654005","48","87851883"
"chr4","2028702","2028895","chr5","51215133","51215323","34","49186431"
"chr4","2253946","2254240","chr2B","131382205","131382501","80","129128259"
"chr4","2441115","2441150","chr22","35851556","35851593","13","33410441"
"chr4","2445353","2445631","chr8","85938160","85938446","42","83492807"
"chr4","3513663","3513953","chr6","25177117","25177413","40","21663454"
"chr4","3768601","3768899","chr12","106967736","106968034","38","103199135"
"chr4","4097225","4097520","chr10","97896849","97897151","41","93799624"
"chr4","4231785","4232064","chr6","140238574","140238842","52","136006789"
"chr4","6574177","6574471","chr4","130744548","130744843","39","124170371"
"chr4","6584167","6584375","chr4","112217942","112218153","41","105633775"
"chr4","6723454","6723744","chr6","161081975","161082262","45","154358521"
"chr4","6983406","6983689","chr3","15802430","15802725","40","8819024"
"chr4","6983699","6983922","chr7","132305153","132305378","33","125321454"
"chr4","7194196","7194501","chr6","20985201","20985506","47","13791005"
"chr4","7955649","7955933","chr10","93954958","93955253","57","85999309"
"chr4","7966002","7966299","chr3","50751572","50751872","42","42785570"
"chr4","8576651","8576937","chr3","137175935","137176224","55","128599284"
"chr4","8728083","8728386","chr14","63132858","63133159","48","54404775"
"chr4","8907411","8907696","chr1","20996186","20996464","46","12088775"
"chr4","8935604","8935816","chr1","33119483","33119694","48","24183879"
"chr4","10080687","10080955","chr7","50101774","50102040","46","40021087"
"chr4","10262169","10262490","chr1","112698708","112699024","52","102436539"
"chr4","10361680","10361991","chr18","19981710","19982013","50","9620030"
"chr4","10592108","10592310","chr4","134916971","134917184","51","124324863"
"chr4","10692139","10692437","chr10","68350095","68350392","57","57657956"
"chr4","10737515","10737808","chr10","18364607","18364898","52","7627092"
"chr4","10838145","10838450","chr19","9653822","9654127","45","1184323"
"chr4","10950799","10951075","chr19","57951008","57951284","39","47000209"
"chr4","11032754","11033047","chr17","19622889","19623167","64","8590135"
"chr4","11175832","11175992","chr6","140321017","140321182","22","129145185"
"chr4","11412425","11412724","chr4","131527412","131527709","37","120114987"
"chr4","11435448","11435740","chr12","102118093","102118385","45","90682645"
"chr4","12147044","12147275","chr7","40843322","40843559","40","28696278"
"chr4","12166823","12166949","chr19","10265822","10265947","17","1901001"
"chr4","13619146","13619340","chr4","24946761","24946953","38","11327615"
"chr4","13682165","13682461","chr7","96912045","96912338","37","83229880"
"chr4","13749104","13749394","chr12","6343560","6343852","35","7405544"
"chr4","13769373","13769493","chr8","99736917","99737038","35","85967544"
"chr4","14536014","14536313","chr20","18239566","18239864","32","3703552"
"chr4","14861788","14862019","chr1","25596125","25596349","47","10734337"
"chr4","14885046","14885206","chr1","6601296","6601459","35","8283750"
"chr4","15083259","15083550","chr14","92206512","92206803","38","77123253"
"chr4","15368615","15368917","chr1","40333138","40333434","49","24964523"
"chr4","15537552","15537696","chr22","49302200","49302342","23","33764648"
"chr4","15621750","15622014","chr12","56719988","56720243","41","41098238"
"chr4","15981078","15981386","chr4","53929597","53929900","44","37948519"
"chr4","16714942","16715244","chr6","140235280","140235586","49","123520338"
"chr4","17133765","17133897","chr6","168104202","168104337","20","150970437"
"chr4","17207794","17207906","chr17","61881689","61881818","30","44673895"
"chr4","17216546","17216841","chr20","16235301","16235599","37","981245"
"chr4","19004658","19004938","chr1","20996186","20996464","44","1991528"
"chr4","19841302","19841613","chr7","44392726","44393021","42","24551424"
"chr4","20417965","20418224","chr16","86352618","86352875","50","65934653"
"chr4","20717299","20717600","chr12","98835191","98835489","51","78117892"
"chr4","20766691","20766870","chr1","45071672","45071862","52","24304981"
"chr4","21077704","21077993","chr1","150093146","150093446","46","129015442"
"chr4","21151111","21151412","chr11","60860905","60861205","47","39709794"
"chr4","21309750","21309868","chr1","123885515","123885627","27","102575765"
"chr4","21501443","21501565","chr7","106449286","106449409","18","84947843"
"chr4","21651693","21652003","chr10","45785205","45785512","44","24133512"
"chr4","21770207","21770497","chr14","102247758","102248052","47","80477551"
"chr4","21797492","21797797","chr8","45632891","45633194","61","23835399"
"chr4","22475986","22476261","chrX","145002979","145003255","35","122526993"
"chr4","23030307","23030500","chr17","63262444","63262638","45","40232137"
"chr4","23215265","23215505","chr8","128002666","128002901","38","104787401"
"chr4","23491487","23491615","chr19","10265822","10265947","16","13225665"
"chr4","23734063","23734347","chr20","50565763","50566058","49","26831700"
"chr4","23788392","23788569","chr4","158655729","158655906","35","134867337"
"chr4","23968169","23968401","chr8","64858428","64858660","67","40890259"
"chr4","24249355","24249620","chr3","50403746","50404011","38","26154391"
"chr4","24565890","24566104","chr2A","38907988","38908200","36","14342098"
"chr4","24702285","24702569","chr13","98301398","98301679","54","73599113"
"chr4","24725389","24725622","chr13","20654532","20654795","61","4070857"
"chr4","24754393","24754665","chr4","173248710","173248991","60","148494317"
"chr4","24777375","24777679","chr12","59005241","59005544","43","34227866"
"chr4","24994891","24995190","chr19","49334612","49334911","31","24339721"
"chr4","26273689","26273823","chr3","187479703","187479826","24","161206014"
"chr4","27216868","27217160","chr19","48820002","48820297","37","21603134"
"chr4","28809151","28809425","chr10","9238090","9238361","46","19571061"
"chr4","28970519","28970826","chr1","146554507","146554813","39","117583988"
"chr4","29018089","29018314","chrX","138475111","138475338","35","109457022"
"chr4","30672821","30673032","chr4","31238060","31238274","73","565239"
"chr4","30673063","30673179","chr19","52708052","52708172","29","22034989"
"chr4","31324949","31325251","chr22","30375904","30376203","35","949045"
"chr4","31368634","31368755","chr19","51440948","51441068","38","20072314"
"chr4","31537649","31537812","chr8","115089967","115090132","26","83552318"
"chr4","31588615","31588899","chr14","102247758","102248052","43","70659143"
"chr4","32203283","32203542","chr15","96492323","96492572","63","64289040"
"chr4","32208955","32209256","chr7","153837086","153837398","48","121628131"
"chr4","32443935","32444095","chr1","76560819","76560982","30","44116884"
"chr4","32444513","32444802","chr1","50761467","50761753","45","18316954"
"chr4","32568842","32569117","chr1","222916309","222916594","56","190347467"
"chr4","32703163","32703422","chr6","116473887","116474143","45","83770724"
"chr4","32830171","32830481","chr3","190566087","190566386","44","157735916"
"chr4","33040858","33041053","chrX","24058638","24058836","33","8982220"
"chr4","33757107","33757401","chr9","85559729","85560017","51","51802622"
"chr4","34182819","34183109","chr6","33813159","33813431","61","369660"
"chr4","34192931","34193197","chr9","70629851","70630123","43","36436920"
"chr4","34415449","34415756","chr1","51006283","51006582","49","16590834"
"chr4","34577036","34577344","chr11","57481201","57481504","37","22904165"
"chr4","35052319","35052501","chr4","158655729","158655906","37","123603410"
"chr4","35269454","35269756","chr7","23941167","23941472","52","11328287"
"chr4","35293556","35293620","chrX","19342178","19342243","13","15951378"
"chr4","35321586","35321880","chr5","133406277","133406565","66","98084691"
"chr4","35384892","35385189","chr16","74872733","74873030","31","39487841"
"chr4","35565992","35566290","chr14","72944138","72944430","37","37378146"
"chr4","35579262","35579573","chr4","90130522","90130826","43","54551260"
"chr4","36178654","36178955","chr1","54063919","54064217","40","17885265"
"chr4","36441557","36441740","chr3","144995056","144995236","38","108553499"
"chr4","36446196","36446512","chr11","116542994","116543303","47","80096798"
"chr4","36574443","36574744","chr3","146089065","146089364","56","109514622"
"chr4","36683937","36684128","chr17","36828931","36829125","39","144994"
"chr4","36727212","36727488","chr6","83972309","83972590","51","47245097"
"chr4","36910094","36910272","chr6","43555259","43555444","41","6645165"
"chr4","37312945","37313236","chr11","105381623","105381915","36","68068678"
"chr4","37462545","37462831","chr3","48713226","48713518","57","11250681"
"chr4","37631192","37631433","chr12","112416355","112416598","37","74785163"
"chr4","37999905","38000000","chr20","53601191","53601272","35","15601286"
"chr4","38089157","38089438","chr15","32292880","32293169","60","5796277"
"chr4","38372959","38373082","chr1","9261593","9261716","23","29111366"
"chr4","38414078","38414360","chr7","72155514","72155803","42","33741436"
"chr4","38802649","38802963","chr14","33947591","33947889","74","4855058"
"chr4","39045381","39045669","chr1","91504109","91504402","49","52458728"
"chr4","39818326","39818617","chr11","119405525","119405828","59","79587199"
"chr4","40288493","40288792","chr6","152295934","152296233","41","112007441"
"chr4","42263429","42263735","chr3","126460235","126460535","67","84196806"
"chr4","42328808","42329098","chrX","106485351","106485634","38","64156543"
"chr4","42525318","42525613","chr12","71787117","71787412","41","29261799"
"chr4","42730775","42730983","chr9","5687726","5687929","45","37043049"
"chr4","42801094","42801394","chr20","37855519","37855823","35","4945575"
"chr4","43078800","43079105","chr5","35255023","35255326","47","7823777"
"chr4","43421807","43422012","chr2B","206202971","206203181","48","162781164"
"chr4","43442957","43443236","chr7","72950348","72950633","41","29507391"
"chr4","43712915","43713209","chr6","32195163","32195460","43","11517752"
"chr4","43944549","43944843","chrX","31351615","31351909","30","12592934"
"chr4","44089494","44089703","chr3","10317925","10318097","59","33771569"
"chr4","44158023","44158322","chr1","35788128","35788434","46","8369895"
"chr4","44169751","44169865","chr18","3000001","3000114","20","41169750"
"chr4","44726747","44727030","chr15","28850041","28850326","36","15876706"
"chr4","44729127","44729311","chr4","24946761","24946953","27","19782366"
"chr4","45049213","45049354","chr6","44338260","44338403","18","710953"
"chr4","45096730","45096913","chr8","116570707","116570883","36","71473977"
"chr4","45362024","45362325","chr14","95585900","95586204","46","50223876"
"chr4","45495798","45496097","chr10","68350095","68350392","34","22854297"
"chr4","45522055","45522364","chr7","36011059","36011367","45","9510996"
"chr4","45609995","45610295","chr8","97636197","97636506","44","52026202"
"chr4","47305673","47305951","chr5","47341643","47341929","40","35970"
"chr4","47689564","47689870","chr6","20985201","20985506","42","26704363"
"chr4","47919537","47919838","chr9","75989435","75989727","43","28069898"
"chr4","48266840","48267076","chr12","7976073","7976306","46","40290767"
"chr4","50151122","50151413","chr3","188474936","188475232","37","138323814"
"chr4","50950894","50951086","chr3","48879451","48879650","48","2071443"
"chr4","52402073","52402385","chr1","10690385","10690692","62","41711688"
"chr4","53724134","53724425","chrX","51142524","51142811","40","2581610"
"chr4","54271916","54272211","chr2A","35390230","35390523","45","18881686"
"chr4","54465590","54465794","chr2A","33942319","33942523","27","20523271"
"chr4","54602613","54602901","chrX","135605956","135606242","57","81003343"
"chr4","54874797","54875013","chr1","179087447","179087661","38","124212650"
"chr4","55044817","55045112","chr6","122453427","122453725","41","67408610"
"chr4","55067145","55067445","chr16","74185794","74186094","44","19118649"
"chr4","55416421","55416710","chr12","73543755","73544045","45","18127334"
"chr4","55989846","55990147","chr10","5772699","5772996","46","50217147"
"chr4","58343372","58343674","chr4","48184285","48184584","42","10159087"
"chr4","58447973","58448157","chrX","24058638","24058836","39","34389335"
"chr4","58765917","58766210","chr10","68350095","68350392","50","9584178"
"chr4","59317715","59318014","chr7","44392726","44393021","41","14924989"
"chr4","59341609","59341881","chr10","67957106","67957373","49","8615497"
"chr4","59706293","59706595","chr1","152743362","152743656","49","93037069"
"chr4","60620074","60620346","chr3","117056717","117056986","51","56436643"
"chr4","60976394","60976679","chr7","4690843","4691129","41","56285551"
"chr4","61677849","61678157","chr1","35788128","35788434","38","25889721"
"chr4","61707271","61707568","chr20","18239566","18239864","37","43467705"
"chr4","64435761","64435887","chr10","63825169","63825301","33","610592"
"chr4","64436007","64436173","chr19","47927698","47927861","32","16508309"
"chr4","66117307","66117499","chr22","28784821","28785017","37","37332486"
"chr4","66860924","66861115","chr15","49287901","49288105","54","17573023"
"chr4","67602580","67602869","chr5","47341643","47341929","36","20260937"
"chr4","68781410","68781708","chr18","73107429","73107730","39","4326019"
"chr4","68847944","68848074","chr20","31548650","31548783","21","37299294"
"chr4","68854999","68855154","chr19","9850564","9850708","44","59004435"
"chr4","69013331","69013546","chr7","102156550","102156766","36","33143219"
"chr4","69701763","69701920","chr5","178273596","178273745","28","108571833"
"chr4","70308778","70309056","chr12","55246717","55247004","58","15062061"
"chr4","71657943","71658238","chr11","105381623","105381915","40","33723680"
"chr4","71709860","71710147","chr16","70814677","70814964","54","895183"
"chr4","71831833","71832095","chr1","222916309","222916594","71","151084476"
"chr4","71860311","71860617","chr12","8100508","8100811","41","63759803"
"chr4","71868275","71868373","chr4","187916921","187917009","32","116048646"
"chr4","71926703","71927001","chrX","69928922","69929226","45","1997781"
"chr4","73706076","73706348","chr1","7915053","7915335","55","65791023"
"chr4","73736081","73736384","chr4","112038512","112038802","51","38302431"
"chr4","73915178","73915455","chr19","57951008","57951284","45","15964170"
"chr4","77324523","77324857","chr12","4262108","4262436","50","73062415"
"chr4","77378861","77379159","chr3","37984920","37985225","51","39393941"
"chr4","77999873","78000000","chr22","29798696","29798821","18","48201177"
"chr4","78000001","78000175","chr19","47927698","47927861","30","30072303"
"chr4","79311712","79312000","chr6","81257817","81258106","50","1946105"
"chr4","80232507","80232818","chr14","26668742","26669048","48","53563765"
"chr4","81019001","81019219","chr8","124345340","124345559","30","43326339"
"chr4","81434274","81434542","chr7","106782196","106782471","55","25347922"
"chr4","81825159","81825421","chr20","32244074","32244342","44","49581085"
"chr4","82119733","82119779","chr1","18921645","18921690","12","63198088"
"chr4","82212180","82212254","chr16","2602040","2602105","26","79610140"
"chr4","83182780","83183073","chr14","34129106","34129400","33","49053674"
"chr4","83511542","83511826","chrX","31351615","31351909","54","52159927"
"chr4","86477550","86477834","chr8","119331037","119331330","55","32853487"
"chr4","86553145","86553334","chr4","158655729","158655906","32","72102584"
"chr4","86706461","86706731","chr4","160361532","160361799","51","73655071"
"chr4","86850546","86850596","chr5","14809202","14809254","11","72041344"
"chr4","87091796","87092105","chr1","112698708","112699024","47","25606912"
"chr4","88044022","88044330","chr6","158476882","158477189","50","70432860"
"chr4","88116553","88116796","chr12","4424246","4424485","37","83692307"
"chr4","88209078","88209382","chr5","49828621","49828927","41","38380457"
"chr4","88286579","88286876","chrX","40740697","40740999","47","47545882"
"chr4","88932921","88933220","chr14","34129106","34129400","38","54803815"
"chr4","89150604","89150903","chr2A","38946614","38946914","42","50203990"
"chr4","89450195","89450501","chr1","36327041","36327337","52","53123154"
"chr4","89729458","89729743","chr2A","44952766","44953054","45","44776692"
"chr4","90191872","90192156","chr3","15802430","15802725","50","74389442"
"chr4","92235993","92236297","chr1","157163483","157163783","49","64927490"
"chr4","94370412","94370716","chr7","104335276","104335570","77","9964864"
"chr4","94497305","94497602","chr1","32227429","32227729","57","62269876"
"chr4","96452374","96452676","chr13","47539182","47539484","43","48913192"
"chr4","97236586","97236879","chr1","90464356","90464648","41","6772230"
"chr4","98522068","98522364","chrX","47072474","47072765","35","51449594"
"chr4","98619123","98619328","chr4","24946761","24946953","38","73672362"
"chr4","100337453","100337780","chr1","109406257","109406558","59","9068804"
"chr4","103372915","103373206","chr1","11725470","11725761","40","91647445"
"chr4","103466206","103466502","chrX","31351615","31351909","35","72114591"
"chr4","103492681","103492968","chr4","91952825","91953108","52","11539856"
"chr4","104696309","104696600","chr1","210819403","210819695","69","106123094"
"chr4","105021314","105021406","chr5","141237914","141238000","24","36216600"
"chr4","105669146","105669415","chr8","89857390","89857652","61","15811756"
"chr4","105751116","105751418","chr16","74872733","74873030","45","30878383"
"chr4","105826563","105826839","chr1","12807216","12807493","47","93019347"
"chr4","106311615","106311837","chr2B","206202971","206203181","46","99891356"
"chr4","106312295","106312391","chr19","23651606","23651702","20","82660689"
"chr4","106334143","106334453","chr10","131911447","131911753","41","25577304"
"chr4","106578506","106578679","chr4","158655729","158655906","36","52077223"
"chr4","106633287","106633593","chrX","97649878","97650177","45","8983409"
"chr4","107396489","107396665","chr9","37106848","37107021","26","70289641"
"chr4","107396930","107397229","chr3","188474936","188475232","40","81078006"
"chr4","107526701","107527007","chr18","9093758","9094066","50","98432943"
"chr4","107773205","107773263","chr8","97716497","97716559","12","10056708"
"chr4","108608588","108608802","chr5","102439665","102439875","28","6168923"
"chr4","108762474","108762761","chr9","6695881","6696174","40","102066593"
"chr4","108991064","108991315","chr10","26658224","26658474","47","82332840"
"chr4","110046821","110047122","chr5","45979461","45979763","52","64067360"
"chr4","110372925","110373214","chr14","92206512","92206803","34","18166413"
"chr4","110381013","110381314","chr4","39426110","39426414","43","70954903"
"chr4","110448267","110448546","chr2B","195267294","195267585","43","84819027"
"chr4","110878167","110878271","chr18","7435276","7435389","21","103442891"
"chr4","111391927","111392038","chr12","39211337","39211446","32","72180590"
"chr4","112662320","112662478","chr4","149245171","149245334","47","36582851"
"chr4","114343607","114343895","chr1","211126742","211127033","41","96783135"
"chr4","114566781","114567090","chr8","106787932","106788226","59","7778849"
"chr4","115463683","115463974","chr1","129660980","129661262","79","14197297"
"chr4","116525596","116525848","chr7","32960171","32960418","61","83565425"
"chr4","116532265","116532552","chr1","29001658","29001946","37","87530607"
"chr4","117301954","117302084","chr17","4428275","4428409","23","112873679"
"chr4","117610065","117610355","chr18","54664388","54664682","51","62945677"
"chr4","118434754","118435041","chr5","42140806","42141096","38","76293948"
"chr4","118611690","118611832","chr3","67010785","67010929","15","51600905"
"chr4","118860174","118860472","chr1","152743362","152743656","48","33883188"
"chr4","119130761","119131046","chr17","38404702","38404990","45","80726059"
"chr4","119401306","119401593","chrX","47072474","47072765","46","72328832"
"chr4","120310014","120310197","chr3","10317925","10318097","30","109992089"
"chr4","121317144","121317451","chr2B","157845262","157845565","37","36528118"
"chr4","121925093","121925382","chrX","31351615","31351909","46","90573478"
"chr4","122482142","122482437","chr14","34129106","34129400","36","88353036"
"chr4","123995034","123995316","chr7","109219824","109220106","66","14775210"
"chr4","124741862","124742154","chr1","210819403","210819695","55","86077541"
"chr4","124750361","124750616","chr9","70629851","70630123","61","54120510"
"chr4","124837593","124837873","chr16","69802389","69802675","49","55035204"
"chr4","126774860","126775161","chr19","43335176","43335468","54","83439684"
"chr4","130424610","130424875","chr10","67957106","67957373","52","62467504"
"chr4","131495271","131495624","chr1","25653805","25654126","66","105841466"
"chr4","131512698","131512990","chr6","132481255","132481554","47","968557"
"chr4","133143384","133143520","chr2B","235138233","235138371","26","101994849"
"chr4","133156020","133156303","chr7","109219824","109220106","41","23936196"
"chr4","134254291","134254432","chr12","106977879","106978018","32","27276412"
"chr4","134361003","134361306","chr12","78709850","78710146","41","55651153"
"chr4","134531439","134531715","chr12","83909421","83909697","42","50622018"
"chr4","134549344","134549528","chr18","1515558","1515740","45","133033786"
"chr4","134674142","134674433","chr11","32989284","32989573","44","101684858"
"chr4","135169392","135169689","chr2B","242630921","242631213","41","107461529"
"chr4","135365203","135365309","chrX","82929329","82929442","22","52435874"
"chr4","135571455","135571617","chr6","64696747","64696916","37","70874708"
"chr4","136931677","136932063","chr15","38545253","38545640","110","98386424"
"chr4","137090416","137090681","chr6","137854905","137855175","39","764489"
"chr4","137127159","137127440","chr8","16374274","16374547","54","120752885"
"chr4","137208029","137208322","chr5","82662627","82662930","41","54545402"
"chr4","137219014","137219304","chr3","49557109","49557402","36","87661905"
"chr4","137555109","137555426","chr1","10690385","10690692","56","126864724"
"chr4","137964099","137964383","chr1","210819403","210819695","40","72855304"
"chr4","138060702","138061014","chr7","57374095","57374403","44","80686607"
"chr4","138098040","138098341","chr1","149717322","149717618","43","11619282"
"chr4","138357503","138357795","chr2B","167404741","167405042","47","29047238"
"chr4","139013568","139013824","chr18","43307181","43307444","50","95706387"
"chr4","139353949","139354233","chr1","12807216","12807493","40","126546733"
"chr4","139447101","139447424","chr8","126312981","126313276","61","13134120"
"chr4","139600121","139600419","chr1","78253019","78253325","43","61347102"
"chr4","139630474","139630611","chr1","195079114","195079244","26","55448640"
"chr4","139663121","139663413","chr11","9225490","9225784","40","130437631"
"chr4","139804598","139804869","chrX","77635513","77635800","46","62169085"
"chr4","140355555","140355843","chr3","126460235","126460535","50","13895320"
"chr4","140603095","140603365","chr9","133223678","133223953","62","7379417"
"chr4","141715402","141715471","chr1","171031473","171031551","16","29316071"
"chr4","141853710","141854002","chr3","4867246","4867539","51","136986464"
"chr4","142848963","142849256","chr15","73054135","73054430","41","69794828"
"chr4","143322565","143322849","chr18","19458353","19458638","42","123864212"
"chr4","144397045","144397341","chrX","45140115","45140406","45","99256930"
"chr4","145229264","145229563","chr15","62216043","62216349","45","83013221"
"chr4","145926748","145926958","chr5","102439665","102439875","40","43487083"
"chr4","146418455","146418747","chr15","67071135","67071428","40","79347320"
"chr4","147809558","147809776","chr2B","206202971","206203181","30","58393413"
"chr4","148740747","148741020","chrX","18563406","18563694","50","130177341"
"chr4","149088950","149089256","chr16","28492413","28492722","39","120596537"
"chr4","149101242","149101505","chr5","104243279","104243540","53","44857963"
"chr4","149179243","149179535","chr12","102118093","102118385","36","47061150"
"chr4","149213464","149213753","chr2A","56621617","56621912","35","92591847"
"chr4","149700791","149700954","chr5","178689368","178689532","34","28988577"
"chr4","150272717","150273018","chr6","22146834","22147136","40","128125883"
"chr4","150306633","150306931","chrX","40740697","40740999","41","109565936"
"chr4","150583972","150584267","chrX","47072474","47072765","41","103511498"
"chr4","151373280","151373505","chr2A","63231131","63231358","37","88142149"
"chr4","151481155","151481455","chr17","60001596","60001898","37","91479559"
"chr4","151606067","151606289","chr5","102439665","102439875","39","49166402"
"chr4","151611986","151612244","chr4","160361532","160361799","54","8749546"
"chr4","151684503","151684782","chr11","34987367","34987645","42","116697136"
"chr4","151829924","151830218","chr6","32195163","32195460","37","119634761"
"chr4","151853760","151854061","chr8","25172770","25173072","40","126680990"
"chr4","152077839","152078128","chr17","5318110","5318400","36","146759729"
"chr4","152745565","152745863","chr10","81596523","81596821","40","71149042"
"chr4","153174823","153175104","chr12","124447868","124448161","65","28726955"
"chr4","153632982","153633253","chr19","57951008","57951284","45","95681974"
"chr4","153749887","153749926","chr16","84562407","84562442","9","69187480"
"chr4","154123283","154123556","chrX","117693375","117693658","53","36429908"
"chr4","154174062","154174350","chr3","137175935","137176224","46","16998127"
"chr4","154697001","154697091","chr20","7211344","7211453","38","147485657"
"chr4","154913272","154913562","chr1","46142449","46142740","48","108770823"
"chr4","155070524","155070810","chr18","64672682","64672971","36","90397842"
"chr4","155123798","155124042","chr10","27549363","27549614","47","127574435"
"chr4","155270880","155271171","chrX","96380638","96380930","46","58890242"
"chr4","155481711","155482007","chr4","131527412","131527709","35","23954299"
"chr4","155518267","155518558","chr4","177924260","177924549","32","22405993"
"chr4","155552843","155553107","chr1","218835355","218835611","50","63282512"
"chr4","155716248","155716542","chr13","25579601","25579892","63","130136647"
"chr4","155798557","155798807","chr9","27888058","27888304","50","127910499"
"chr4","155872133","155872360","chrX","81872977","81873194","52","73999156"
"chr4","155911616","155911903","chr4","177924260","177924549","52","22012644"
"chr4","155911917","155912220","chr3","74179038","74179340","46","81732879"
"chr4","156004972","156005240","chr1","12807216","12807493","50","143197756"
"chr4","156045615","156045908","chr14","34046303","34046596","33","121999312"
"chr4","156170205","156170509","chr4","43701220","43701525","44","112468985"
"chr4","156326841","156327122","chr1","7915053","7915335","58","148411788"
"chr4","157426443","157426737","chr16","80421143","80421441","36","77005300"
"chr4","157730861","157730973","chrX","137612523","137612630","18","20118338"
"chr4","157903332","157903634","chr1","19903888","19904183","43","137999444"
"chr4","158041043","158041336","chr19","48820002","48820297","33","109221041"
"chr4","158344129","158344408","chr10","32553319","32553609","46","125790810"
"chr4","158439181","158439430","chr6","35709416","35709659","41","122729765"
"chr4","158519061","158519284","chr1","39550289","39550515","48","118968772"
"chr4","158826687","158826987","chr5","82662627","82662930","40","76164060"
"chr4","159285503","159285808","chr3","126460235","126460535","51","32825268"
"chr4","159633283","159633574","chr19","43335176","43335468","50","116298107"
"chr4","159670535","159670668","chr10","33259628","33259763","36","126410907"
"chr4","159670723","159670807","chr8","129133947","129134035","28","30536776"
"chr4","159946183","159946362","chr15","39249488","39249669","43","120696695"
"chr4","160768566","160768865","chr7","89839505","89839807","38","70929061"
"chr4","160810372","160810641","chr2A","9980700","9980975","48","150829672"
"chr4","160840894","160841204","chr12","8100508","8100811","42","152740386"
"chr4","160886736","160887012","chr7","109219824","109220106","39","51666912"
"chr4","161242526","161242564","chr5","157905226","157905263","9","3337300"
"chr4","162140295","162140603","chr14","87719174","87719477","50","74421121"
"chr4","162566797","162567085","chr8","106787932","106788226","44","55778865"
"chr4","162797499","162797793","chr6","36405661","36405955","37","126391838"
"chr4","163421908","163422038","chr22","29798696","29798821","23","133623212"
"chr4","163915508","163915789","chr3","136125494","136125756","55","27790014"
"chr4","167177135","167177392","chr6","167961516","167961790","49","784381"
"chr4","167405301","167405590","chr1","28888015","28888307","38","138517286"
"chr4","167550891","167551182","chr2A","44952766","44953054","45","122598125"
"chr4","168163459","168163595","chr9","33020192","33020329","15","135143267"
"chr4","169065801","169066104","chr5","78767207","78767504","61","90298594"
"chr4","170045237","170045527","chr11","132051526","132051818","46","37993711"
"chr4","170116034","170116226","chr19","52998146","52998345","36","117117888"
"chr5","225652","225964","chr16","75273793","75274099","46","75048141"
"chr5","262827","263106","chr19","56253266","56253547","37","55990439"
"chr5","453998","454115","chr19","52708052","52708172","25","52254054"
"chr5","483863","484154","chr2B","174455799","174456092","41","173971936"
"chr5","503502","503759","chr15","82939161","82939407","52","82435659"
"chr5","636007","636301","chr1","90464356","90464648","34","89828349"
"chr5","741279","741418","chr19","7240925","7241049","33","6499646"
"chr5","805816","806113","chr14","68034868","68035165","47","67229052"
"chr5","1001735","1002029","chrX","96380638","96380930","35","95378903"
"chr5","1099953","1100232","chr18","19458353","19458638","38","18358400"
"chr5","1187471","1187763","chr15","32292880","32293169","53","31105409"
"chr5","1200557","1200828","chrX","51142524","51142811","45","49941967"
"chr5","1439076","1439316","chr12","4424246","4424485","37","2985170"
"chr5","1734938","1735238","chr1","32227429","32227729","46","30492491"
"chr5","1836021","1836319","chr1","150093146","150093446","41","148257125"
"chr5","1859347","1859660","chr3","49140391","49140703","59","47281044"
"chr5","1874064","1874364","chr6","152295934","152296233","38","150421870"
"chr5","2478699","2478866","chr1","40538831","40539000","49","38060132"
"chr5","2550937","2551081","chr9","71585376","71585513","31","69034439"
"chr5","2614349","2614624","chr15","28850041","28850326","39","26235692"
"chr5","2842283","2842527","chr7","36643254","36643505","57","33800971"
"chr5","2843582","2843888","chr4","108877129","108877431","62","106033547"
"chr5","3212085","3212355","chr6","143593593","143593862","44","140381508"
"chr5","3570509","3570804","chr12","101617199","101617491","34","98046690"
"chr5","3837410","3837702","chr1","203411896","203412189","42","199574486"
"chr5","3932677","3932978","chr4","110414976","110415258","54","106482299"
"chr5","3949044","3949117","chr22","29958739","29958808","9","26009695"
"chr5","4017467","4017751","chr7","72950348","72950633","44","68932881"
"chr5","4128937","4129212","chr2B","236575919","236576197","39","232446982"
"chr5","4400485","4400759","chr7","126597300","126597573","41","122196815"
"chr5","4508127","4508397","chr5","17215098","17215394","66","12706971"
"chr5","4806796","4806914","chr10","133034201","133034321","19","128227405"
"chr5","4947233","4947518","chr7","33163242","33163528","44","28216009"
"chr5","4965157","4965402","chr10","67957106","67957373","55","62991949"
"chr5","5046193","5046382","chr5","51215133","51215323","36","46168940"
"chr5","5254401","5254725","chr6","32195163","32195460","60","26940762"
"chr5","5519292","5519512","chr2A","109301963","109302186","36","103782671"
"chr5","5519552","5519619","chr6","163645349","163645410","31","158125797"
"chr5","5556182","5556489","chrX","69928922","69929226","45","64372740"
"chr5","5561610","5561906","chr12","88340870","88341168","36","82779260"
"chr5","5616777","5616967","chr2B","156580222","156580400","53","150963445"
"chr5","5820260","5820564","chr8","70177001","70177308","59","64356741"
"chr5","6258093","6258399","chr10","104243468","104243770","41","97985375"
"chr5","6371340","6371646","chr5","58346071","58346376","45","51974731"
"chr5","6604155","6604364","chr4","112217942","112218153","31","105613787"
"chr5","6826640","6826914","chr7","68219695","68219980","45","61393055"
"chr5","7684191","7684331","chr18","16993481","16993610","39","9309290"
"chr5","8018181","8018399","chr7","43141515","43141734","40","35123334"
"chr5","8530284","8530569","chr2B","206972782","206973081","62","198442498"
"chr5","8608549","8608837","chr17","43703810","43704100","34","35095261"
"chr5","8619345","8619644","chr10","13437446","13437754","54","4818101"
"chr5","8672662","8672966","chr7","72950348","72950633","62","64277686"
"chr5","8924281","8924565","chr1","90464356","90464648","54","81540075"
"chr5","9010936","9011247","chr15","73075145","73075451","41","64064209"
"chr5","9176605","9176875","chr7","150489553","150489819","42","141312948"
"chr5","9652525","9652820","chr1","90464356","90464648","44","80811831"
"chr5","9825954","9826243","chr19","6229542","6229841","46","3596412"
"chr5","9946110","9946401","chr18","14079288","14079581","35","4133178"
"chr5","9970044","9970332","chr4","141692681","141692985","47","131722637"
"chr5","10771925","10772185","chr12","96451100","96451368","44","85679175"
"chr5","10780707","10780925","chr8","124345340","124345559","39","113564633"
"chr5","11153003","11153274","chr9","70629851","70630123","40","59476848"
"chr5","11421185","11421344","chr22","20106335","20106490","28","8685150"
"chr5","13662894","13663188","chr6","136089580","136089876","38","122426686"
"chr5","13827448","13827724","chr14","92206512","92206803","52","78379064"
"chr5","15197289","15197573","chr21","17322275","17322566","38","2124986"
"chr5","15240729","15241017","chrX","47072474","47072765","41","31831745"
"chr5","15427987","15428266","chr19","57951008","57951284","35","42523021"
"chr5","16284215","16284428","chr3","38683846","38684070","54","22399631"
"chr5","16390251","16390528","chr4","95106512","95106787","49","78716261"
"chr5","17379866","17380182","chr2A","31107998","31108304","53","13728132"
"chr5","17638854","17639035","chr2B","180695555","180695727","31","163056701"
"chr5","18502070","18502308","chr12","4424246","4424485","43","14077824"
"chr5","19412217","19412511","chr5","15902349","15902638","55","3509868"
"chr5","19530818","19531103","chr19","56253266","56253547","38","36722448"
"chr5","21803037","21803291","chr2B","213111558","213111819","44","191308521"
"chr5","22357712","22358006","chrX","143119361","143119658","43","120761649"
"chr5","22530469","22530581","chr8","124979407","124979520","24","102448938"
"chr5","22648596","22648904","chr16","51372333","51372641","53","28723737"
"chr5","22674038","22674326","chr2B","221123689","221123978","43","198449651"
"chr5","23537278","23537548","chr14","72181021","72181295","49","48643743"
"chr5","23648292","23648514","chr3","126776223","126776438","39","103127931"
"chr5","23659513","23659743","chrX","136835969","136836195","33","113176456"
"chr5","23910404","23910703","chr9","106789715","106790012","35","82879311"
"chr5","24041111","24041221","chr17","1270775","1270886","21","22770336"
"chr5","24328719","24328966","chr7","4279811","4280053","62","20048908"
"chr5","24963678","24963962","chr6","70644212","70644492","43","45680534"
"chr5","25579656","25579884","chr4","112217942","112218153","42","86638286"
"chr5","26240365","26240480","chr2B","155591327","155591444","17","129350962"
"chr5","26991547","26991831","chr3","50081559","50081841","66","23090012"
"chr5","27193170","27193458","chr20","7162578","7162870","46","20030592"
"chr5","27869317","27869453","chr16","46166147","46166273","36","18296830"
"chr5","27916349","27916647","chrX","69928922","69929226","51","42012573"
"chr5","28658647","28658947","chr11","60860905","60861205","41","32202258"
"chr5","29525180","29525476","chr19","48820002","48820297","37","19294822"
"chr5","29574932","29575232","chr17","77195637","77195935","37","47620705"
"chr5","30610210","30610399","chr3","10317925","10318097","38","20292285"
"chr5","30653944","30654072","chr22","49302200","49302342","43","18648256"
"chr5","31027007","31027190","chr2B","223140701","223140890","37","192113694"
"chr5","31258563","31258842","chr8","115653070","115653349","40","84394507"
"chr5","32437650","32437850","chr9","86603404","86603609","44","54165754"
"chr5","32461973","32462260","chr9","36328472","36328763","49","3866499"
"chr5","32733350","32733540","chr17","75575520","75575705","25","42842170"
"chr5","32804344","32804636","chr11","105381623","105381915","34","72577279"
"chr5","33077982","33078236","chr7","82386513","82386769","38","49308531"
"chr5","34268436","34268683","chr17","42257996","42258240","48","7989560"
"chr5","34529093","34529290","chr20","37454438","37454638","45","2925345"
"chr5","34894649","34894907","chr1","64059298","64059554","48","29164649"
"chr5","35007239","35007514","chr9","109187710","109187974","51","74180471"
"chr5","35105169","35105430","chr2A","80557982","80558253","47","45452813"
"chr5","35211291","35211579","chr14","68034868","68035165","42","32823577"
"chr5","35653653","35653938","chr6","31460034","31460307","44","4193619"
"chr5","35933460","35933695","chrX","103498743","103498976","43","67565283"
"chr5","36567304","36567580","chr1","156823272","156823543","54","120255968"
"chr5","36624248","36624540","chr3","49557109","49557402","47","12932861"
"chr5","36864186","36864391","chr4","112217942","112218153","29","75353756"
"chr5","36901876","36902129","chr15","72105209","72105463","35","35203333"
"chr5","37065323","37065608","chr14","97975373","97975663","42","60910050"
"chr5","37469749","37470022","chr11","96494587","96494860","47","59024838"
"chr5","37524820","37525011","chrX","18588810","18588993","47","18936010"
"chr5","37537156","37537463","chr12","40846524","40846830","47","3309368"
"chr5","37666374","37666598","chr3","37712773","37713001","38","46399"
"chr5","38544471","38544784","chr4","43701220","43701525","46","5156749"
"chr5","38649436","38649662","chr2B","122828211","122828427","42","84178775"
"chr5","38672007","38672330","chr6","37891072","37891383","50","780935"
"chr5","38781136","38781408","chr5","104243279","104243540","50","65462143"
"chr5","38971525","38971657","chr1","195079114","195079244","18","156107589"
"chr5","39137573","39137884","chr20","41952713","41953031","52","2815140"
"chr5","39304937","39305238","chr6","129525583","129525882","43","90220646"
"chr5","39309771","39310062","chrX","47072474","47072765","36","7762703"
"chr5","39616061","39616347","chr10","35414058","35414354","54","4202003"
"chr5","40301021","40301303","chr4","52254890","52255177","49","11953869"
"chr5","40655243","40655532","chr1","50761467","50761753","37","10106224"
"chr5","41253213","41253501","chr3","186657317","186657605","48","145404104"
"chr5","41429465","41429750","chr7","44392726","44393021","47","2963261"
"chr5","41471229","41471353","chr17","37000001","37000121","16","4471228"
"chr5","41622557","41622867","chr7","52528047","52528356","44","10905490"
"chr5","41723017","41723325","chr6","20985201","20985506","39","20737816"
"chr5","42141983","42142288","chr7","4737779","4738079","45","37404204"
"chr5","43055026","43055320","chr8","143690815","143691111","36","100635789"
"chr5","43233208","43233506","chr10","98717143","98717438","42","55483935"
"chr5","43820230","43820443","chr4","112217942","112218153","34","68397712"
"chr5","44072706","44073004","chr1","155298328","155298626","35","111225622"
"chr5","44076712","44077000","chr19","43335176","43335468","40","741536"
"chr5","44128516","44128728","chr1","33119483","33119694","45","11009033"
"chr5","44635331","44635497","chr1","152742872","152743033","36","108107541"
"chr5","45101651","45101941","chr17","3619958","3620253","39","41481693"
"chr5","45283759","45283884","chr7","95505293","95505423","30","50221534"
"chr5","45398251","45398387","chr8","129196825","129196958","24","83798574"
"chr5","45615134","45615415","chr17","19680580","19680878","47","25934554"
"chr5","45713911","45714117","chr22","28784821","28785017","37","16929090"
"chr5","45736592","45736884","chrX","31351615","31351909","34","14384977"
"chr5","45804763","45805053","chr10","32553319","32553609","36","13251444"
"chr5","45905339","45905634","chr6","32195163","32195460","47","13710176"
"chr5","45910165","45910464","chr4","49033783","49034074","47","3123618"
"chr5","45958402","45958697","chr3","15802430","15802725","37","30155972"
"chr5","46122921","46123219","chr16","58443725","58444020","40","12320804"
"chr5","46829847","46830151","chr21","18562186","18562478","46","28267661"
"chr5","47059703","47059983","chr6","39398582","39398853","62","7661121"
"chr5","47366613","47366901","chr17","77357252","77357543","39","29990639"
"chr5","47466816","47467087","chr16","17671947","17672206","57","29794869"
"chr5","47736653","47736932","chr1","29080209","29080495","53","18656444"
"chr5","47737656","47737838","chr9","34117341","34117522","34","13620315"
"chr5","47864755","47865043","chrX","97649878","97650177","38","49785123"
"chr5","47993199","47993487","chr10","17639192","17639486","39","30354007"
"chr5","48348347","48348626","chr2B","224772880","224773153","65","176424533"
"chr5","48384114","48384374","chr6","140238574","140238842","48","91854460"
"chr5","48416327","48416662","chr6","37891072","37891383","58","10525255"
"chr5","48452382","48452702","chr22","31053743","31054028","144","17398639"
"chr5","50327719","50328010","chr8","126312981","126313276","45","75985262"
"chr5","50706653","50706722","chr5","180810620","180810683","14","130103967"
"chr5","50708858","50709103","chr1","179087447","179087661","67","128378589"
"chr5","51038659","51038760","chr5","158434216","158434310","30","107395557"
"chr5","51723511","51723796","chr11","32989284","32989573","36","18734227"
"chr5","52410016","52410310","chrX","47072474","47072765","43","5337542"
"chr5","52414806","52414950","chr20","35668739","35668881","26","16746067"
"chr5","52929359","52929655","chr1","160127642","160127934","49","107198283"
"chr5","52929656","52929825","chr1","43708561","43708726","26","9221095"
"chr5","53084742","53085021","chr17","27800099","27800376","37","25284643"
"chr5","56073401","56073667","chr12","56719988","56720243","59","646587"
"chr5","56304003","56304295","chr3","152512400","152512696","32","96208397"
"chr5","57039087","57039160","chr3","52845742","52845801","22","4193345"
"chr5","57632794","57633088","chr10","131911447","131911753","54","74278653"
"chr5","57773425","57773717","chr7","72155514","72155803","65","14382089"
"chr5","57937999","57938211","chr15","72086212","72086428","38","14148213"
"chr5","57938402","57938460","chr16","62229481","62229535","22","4291079"
"chr5","59379873","59380158","chr9","6539107","6539393","50","52840766"
"chr5","59456777","59456993","chr11","43971131","43971340","52","15485646"
"chr5","59514965","59515138","chrX","152273210","152273397","35","92758245"
"chr5","59721938","59722182","chr2A","63231131","63231358","45","3509193"
"chr5","59757114","59757416","chr12","38924680","38924977","41","20832434"
"chr5","60000011","60000251","chr5","77908248","77908490","46","17908237"
"chr5","60175335","60175631","chr3","122931877","122932178","38","62756542"
"chr5","60195309","60195604","chr12","102118093","102118385","37","41922784"
"chr5","60321421","60321697","chr5","59747387","59747664","35","574034"
"chr5","60600965","60601269","chr4","53929597","53929900","37","6671368"
"chr5","60671878","60672187","chr11","116542994","116543303","36","55871116"
"chr5","60858334","60858461","chr19","10265822","10265947","20","50592512"
"chr5","61058637","61058884","chr1","13994076","13994321","51","47064561"
"chr5","61159734","61160038","chr7","62105160","62105453","50","945426"
"chr5","61184521","61184643","chr1","21966682","21966801","22","39217839"
"chr5","61369120","61369410","chr15","32292880","32293169","57","29076240"
"chr5","61415828","61415870","chrX","124470804","124470850","8","63054976"
"chr5","62070381","62070669","chrX","119905374","119905665","39","57834993"
"chr5","62187954","62188133","chr14","20127722","20127887","47","42060232"
"chr5","62422842","62423140","chr3","37984920","37985225","39","24437922"
"chr5","62678562","62678747","chr18","4623600","4623776","48","58054962"
"chr5","62943649","62943937","chr7","5259751","5260042","29","57683898"
"chr5","63133530","63133832","chr2B","206972782","206973081","44","143839252"
"chr5","63224400","63224461","chr10","80046521","80046580","14","16822121"
"chr5","63235697","63235994","chr13","35232835","35233130","38","28002862"
"chr5","63506363","63506538","chr2B","180695555","180695727","35","117189192"
"chr5","63564028","63564324","chr10","5772699","5772996","63","57791329"
"chr5","63842311","63842615","chr6","32195163","32195460","37","31647148"
"chr5","63893947","63894223","chr17","27800099","27800376","41","36093848"
"chr5","63938525","63938803","chr12","104545125","104545418","52","40606600"
"chr5","63939639","63939838","chr6","135377511","135377716","44","71437872"
"chr5","64402579","64402886","chrX","51819749","51820054","42","12582830"
"chr5","64585065","64585304","chr2A","101418705","101418944","39","36833640"
"chr5","65335193","65335484","chr7","44392726","44393021","41","20942467"
"chr5","65959447","65959721","chr12","76403317","76403602","52","10443870"
"chr5","65962495","65962726","chr1","212769688","212769915","47","146807193"
"chr5","67209996","67210286","chr1","46142449","46142740","51","21067547"
"chr5","67583007","67583296","chr1","223886121","223886412","39","156303114"
"chr5","67993517","67993638","chr19","10265822","10265947","21","57727695"
"chr5","68176934","68177227","chr15","18705449","18705741","57","49471485"
"chr5","68504816","68505131","chr10","25613262","25613576","56","42891554"
"chr5","68696543","68696745","chr6","4970967","4971174","44","63725576"
"chr5","68795884","68796141","chr18","43307181","43307444","66","25488703"
"chr5","68796619","68796789","chr3","10317925","10318097","18","58478694"
"chr5","68840705","68841007","chr11","115217237","115217538","42","46376532"
"chr5","68992528","68992834","chr1","94943673","94943972","43","25951145"
"chr5","69172449","69172724","chr3","133115223","133115500","37","63942774"
"chr5","70541260","70541558","chr19","48820002","48820297","37","21721258"
"chr5","71155586","71155864","chr2A","80557982","80558253","50","9402396"
"chr5","71486367","71486662","chr13","47539182","47539484","36","23947185"
"chr5","72191256","72191428","chrX","77770215","77770386","30","5578959"
"chr5","72255407","72255631","chr8","128002666","128002901","34","55747259"
"chr5","72479563","72479844","chrX","135605956","135606242","46","63126393"
"chr5","72790611","72790850","chr12","4424246","4424485","36","68366365"
"chr5","72876521","72876723","chr6","82925720","82925922","37","10049199"
"chr5","73180574","73180746","chr1","43708561","43708726","32","29472013"
"chr5","73217022","73217315","chr10","93954958","93955253","39","20737936"
"chr5","73471183","73471297","chr9","75957861","75957979","23","2486678"
"chr5","73502623","73502931","chr3","29543518","29543825","39","43959105"
"chr5","73579737","73580043","chr14","34129106","34129400","42","39450631"
"chr5","73587726","73587986","chr16","17671947","17672206","42","55915779"
"chr5","74040220","74040518","chr1","152743362","152743656","43","78703142"
"chr5","74111552","74111853","chr5","149131863","149132168","42","75020311"
"chr5","74321878","74322176","chr2B","206972782","206973081","35","132650904"
"chr5","74438317","74438612","chr6","32195163","32195460","39","42243154"
"chr5","74756232","74756519","chr6","32195163","32195460","43","42561069"
"chr5","75004599","75004872","chr19","57951008","57951284","47","17053591"
"chr5","75162163","75162458","chr6","32195163","32195460","39","42967000"
"chr5","75190767","75190879","chr8","99736917","99737038","38","24546150"
"chr5","75332805","75333103","chr12","8100508","8100811","37","67232297"
"chr5","75435063","75435355","chr1","17385614","17385909","45","58049449"
"chr5","75507107","75507222","chr18","7435276","7435389","23","68071831"
"chr5","75603020","75603330","chr17","14260458","14260755","52","61342562"
"chr5","75846889","75846996","chr11","46266962","46267069","18","29579927"
"chr5","76011680","76011859","chr19","57290245","57290428","34","18721435"
"chr5","76644065","76644179","chr3","187479703","187479826","19","110835638"
"chr5","76714795","76714909","chr7","106449286","106449409","27","29734491"
"chr5","76880557","76880847","chrX","47072474","47072765","32","29808083"
"chr5","76908789","76909088","chr3","146089065","146089364","48","69180276"
"chr5","76983883","76984173","chr3","188474936","188475232","42","111491053"
"chr5","77006888","77007193","chr11","60860905","60861205","47","16145983"
"chr5","77270600","77270901","chr6","37891072","37891383","45","39379528"
"chr5","77449420","77449485","chr7","64981904","64981973","17","12467516"
"chr5","77449542","77449731","chr7","64982019","64982207","41","12467523"
"chr5","77564044","77564319","chr22","29820598","29820895","56","47743446"
"chr5","77671876","77672106","chr3","53568365","53568594","35","24103511"
"chr5","77870622","77870801","chr9","97722096","97722286","34","19851474"
"chr5","77950779","77951076","chrX","143119361","143119658","41","65168582"
"chr5","77966618","77966916","chr12","32917166","32917461","35","45049452"
"chr5","77990961","77991228","chr19","3891806","3892067","43","74099155"
"chr5","78192246","78192410","chr19","47927698","47927861","34","30264548"
"chr5","78488977","78489256","chr1","20996186","20996464","32","57492791"
"chr5","79904252","79904545","chr17","11610977","11611272","40","68293275"
"chr5","80541685","80541814","chr22","35535876","35536001","23","45005809"
"chr5","81056867","81057136","chr6","140238574","140238842","40","59181707"
"chr5","81168974","81169236","chr19","16328375","16328646","64","64840599"
"chr5","81169744","81170048","chr21","18562186","18562478","64","62607558"
"chr5","81175510","81175811","chr3","15802430","15802725","47","65373080"
"chr5","82053441","82053479","chr5","85424624","85424665","17","3371183"
"chr5","82469733","82470023","chr2A","44952766","44953054","50","37516967"
"chr5","82711620","82711748","chr3","32078370","32078494","23","50633250"
"chr5","82764370","82764618","chr1","154836282","154836528","49","72071912"
"chr5","83104739","83105010","chr4","191069928","191070205","39","107965189"
"chr5","83242529","83242709","chr1","40538831","40539000","39","42703698"
"chr5","83290066","83290348","chr5","81803905","81804197","54","1486161"
"chr5","83426303","83426618","chr2B","157845262","157845565","50","74418959"
"chr5","83467607","83467897","chr4","84099847","84100141","53","632240"
"chr5","83508713","83508989","chr4","160361532","160361799","55","76852819"
"chr5","83527446","83527741","chr11","132051526","132051818","41","48524080"
"chr5","83737328","83737625","chr12","8100508","8100811","41","75636820"
"chr5","84004350","84004485","chrX","138846609","138846742","23","54842259"
"chr5","84056651","84056942","chrX","47072474","47072765","31","36984177"
"chr5","84187245","84187556","chr5","76903012","76903318","51","7284233"
"chr5","84280247","84280529","chr7","81601481","81601765","32","2678766"
"chr5","84398337","84398585","chr13","67286728","67286983","69","17111609"
"chr5","84436386","84436679","chrX","47072474","47072765","31","37363912"
"chr5","84500001","84500152","chr7","140992772","140992939","43","56492771"
"chr5","84500701","84500993","chr9","91828316","91828607","40","7327615"
"chr5","84523116","84523399","chr12","55246717","55247004","36","29276399"
"chr5","84615758","84616051","chr3","175841669","175841962","34","91225911"
"chr5","84652365","84652674","chr2A","57410419","57410725","38","27241946"
"chr5","84669370","84669665","chr3","176379052","176379346","36","91709682"
"chr5","84748369","84748663","chr21","18562186","18562478","37","66186183"
"chr5","84814620","84814922","chr12","8100508","8100811","45","76714112"
"chr5","84819073","84819241","chr1","9621842","9622012","27","75197231"
"chr5","84921205","84921487","chr14","49667581","49667858","62","35253624"
"chr5","85040800","85041098","chr6","37521639","37521940","46","47519161"
"chr5","85197409","85197716","chr6","20984308","20984618","40","64213101"
"chr5","85539827","85540106","chr19","56253266","56253547","37","29286561"
"chr5","85708417","85708714","chr17","25938644","25938940","36","59769773"
"chr5","85743382","85743643","chrX","41513115","41513367","40","44230267"
"chr5","86034935","86035227","chr4","172092029","172092326","32","86057094"
"chr5","86254855","86255144","chr11","75562870","75563146","59","10691985"
"chr5","86470067","86470357","chr9","35072111","35072402","37","51397956"
"chr5","86563086","86563357","chr6","26397061","26397334","68","60166025"
"chr5","86717424","86717704","chr3","189669014","189669297","43","102951590"
"chr5","86770690","86770978","chr4","55876421","55876716","56","30894269"
"chr5","86803642","86803932","chr15","32292880","32293169","38","54510762"
"chr5","87224351","87224646","chr15","26490736","26491028","44","60733615"
"chr5","87271647","87271954","chr3","39092763","39093071","38","48178884"
"chr5","87716480","87716772","chr1","160561497","160561789","41","72845017"
"chr5","87744913","87745214","chr17","19892740","19893038","40","67852173"
"chr5","87951619","87951908","chr1","210819403","210819695","42","122867784"
"chr5","88015771","88016070","chr4","50877394","50877699","50","37138377"
"chr5","88115541","88115786","chr2B","184480006","184480239","43","96364465"
"chr5","88206800","88207097","chr11","66604083","66604375","58","21602717"
"chr5","88696404","88696680","chr10","100993882","100994160","33","12297478"
"chr5","89070832","89071118","chr15","32292880","32293169","37","56777952"
"chr5","89097852","89098062","chr4","112217942","112218153","30","23120090"
"chr5","89153916","89154078","chr12","110511751","110511903","39","21357835"
"chr5","89366535","89366817","chrX","104720149","104720442","42","15353614"
"chr5","90016716","90016973","chr15","72105209","72105463","38","17911507"
"chr5","90190717","90190833","chr12","39211337","39211446","27","50979380"
"chr5","90204646","90204921","chr12","56466235","56466531","49","33738411"
"chr5","91062904","91063195","chr7","44392726","44393021","35","46670178"
"chr5","91268344","91268633","chr1","19903888","19904183","41","71364456"
"chr5","91728177","91728467","chr1","90464356","90464648","43","1263821"
"chr5","92020802","92021016","chr4","112217942","112218153","37","20197140"
"chr5","92241996","92242287","chr1","152743362","152743656","41","60501366"
"chr5","92267307","92267473","chr3","142281791","142281954","36","50014484"
"chr5","92349543","92349827","chr16","9051048","9051327","52","83298495"
"chr5","92419490","92419773","chr5","105387831","105388119","38","12968341"
"chr5","92430508","92430799","chr20","51554153","51554444","42","40876355"
"chr5","92655344","92655642","chr12","71787117","71787412","45","20868227"
"chr5","92759487","92759690","chr9","97722096","97722286","49","4962609"
"chr5","92798086","92798238","chr13","92844161","92844327","32","46075"
"chr5","92932792","92933087","chr3","132554032","132554328","44","39621240"
"chr5","93347202","93347482","chr2A","74158428","74158704","55","19188774"
"chr5","93438046","93438229","chr15","89441741","89441915","26","3996305"
"chr5","93715324","93715612","chr14","64516117","64516391","55","29199207"
"chr5","93806431","93806733","chrX","69928922","69929226","37","23877509"
"chr5","93857650","93857877","chr18","66093556","66093779","36","27764094"
"chr5","93993339","93993645","chr3","192020905","192021211","46","98027566"
"chr5","94068682","94068828","chr22","49302200","49302342","23","44766482"
"chr5","94390500","94390768","chr10","67957106","67957373","47","26433394"
"chr5","94401187","94401453","chr19","57951008","57951284","39","36450179"
"chr5","94610648","94610844","chr3","194694782","194694986","43","100084134"
"chr5","94646556","94646857","chr5","76903012","76903318","55","17743544"
"chr5","94661608","94661870","chrX","36240476","36240740","39","58421132"
"chr5","94860448","94860661","chrX","154914160","154914375","76","60053712"
"chr5","94975551","94975784","chr15","37463285","37463506","48","57512266"
"chr5","95260868","95261124","chr6","116473887","116474143","41","21213019"
"chr5","95340709","95341014","chr15","72680597","72680906","46","22660112"
"chr5","95413533","95413838","chr6","20985201","20985506","46","74428332"
"chr5","95556427","95556732","chr3","141779005","141779314","45","46222578"
"chr5","95564109","95564411","chr15","37360319","37360627","41","58203790"
"chr5","95710722","95710865","chr1","52410086","52410238","30","43300636"
"chr5","95727344","95727641","chr14","34046303","34046596","51","61681041"
"chr5","96258864","96259147","chrX","31351615","31351909","45","64907249"
"chr5","96801026","96801367","chrX","40838193","40838512","71","55962833"
"chr5","96973962","96974175","chr5","102439665","102439875","34","5465703"
"chr5","97220074","97220364","chr1","181730175","181730463","40","84510101"
"chr5","97250342","97250635","chr3","66512898","66513190","46","30737444"
"chr5","97453341","97453625","chr1","190028295","190028577","50","92574954"
"chr5","97488526","97488698","chr3","182997930","182998092","56","85509404"
"chr5","98070483","98070689","chr15","63970877","63971084","53","34099606"
"chr5","99052749","99053049","chr8","106787932","106788226","36","7735183"
"chr5","99071132","99071427","chr6","32195163","32195460","41","66875969"
"chr5","99071889","99072010","chr3","187479703","187479826","30","88407814"
"chr5","99185168","99185474","chr5","35255023","35255326","38","63930145"
"chr5","99202727","99203018","chr17","43703810","43704100","36","55498917"
"chr5","99322696","99323000","chr17","43703810","43704100","42","55618886"
"chr5","99427640","99427921","chrX","47072474","47072765","48","52355166"
"chr5","99954097","99954384","chr9","6695881","6696174","41","93258216"
"chr5","100089315","100089599","chr5","19525550","19525839","39","80563765"
"chr5","100212911","100213189","chr17","55877160","55877429","63","44335751"
"chr5","100240250","100240540","chrX","31351615","31351909","42","68888635"
"chr5","100395383","100395678","chr3","190952266","190952555","43","90556883"
"chr5","100747598","100747878","chr2B","178200821","178201102","48","77453223"
"chr5","100995012","100995140","chr17","5022591","5022719","18","95972421"
"chr5","101970997","101971219","chr1","25596125","25596349","45","76374872"
"chr5","103684588","103684863","chr5","105387831","105388119","54","1703243"
"chr5","105455169","105455330","chr3","42563872","42564034","32","62891297"
"chr5","105613347","105613654","chr4","43701220","43701525","40","61912127"
"chr5","105687526","105687826","chr5","58340552","58340856","48","47346974"
"chr5","106432439","106432741","chr6","32195163","32195460","42","74237276"
"chr5","106490595","106490896","chr11","60860905","60861205","43","45629690"
"chr5","106710061","106710355","chr1","152743362","152743656","33","46033301"
"chr5","106876819","106877094","chr17","29411409","29411698","54","77465410"
"chr5","107052833","107053145","chr12","37357148","37357456","54","69695685"
"chr5","107053705","107053835","chr16","28455200","28455328","15","78598505"
"chr5","107323689","107323988","chr2B","211444475","211444780","45","104120786"
"chr5","108214865","108215160","chr14","92206512","92206803","38","16008353"
"chr5","108574508","108574803","chr15","57036562","57036849","36","51537946"
"chr5","108577173","108577321","chr2A","109456513","109456658","23","879340"
"chr5","108604686","108604999","chr1","180340430","180340740","50","71735744"
"chr5","108709106","108709403","chr19","49334612","49334911","37","59374494"
"chr5","108745203","108745405","chr9","86603404","86603609","34","22141799"
"chr5","109043541","109043881","chr3","112542076","112542406","74","3498535"
"chr5","109086913","109087213","chr1","54063919","54064217","39","55022994"
"chr5","109285173","109285471","chr6","32195163","32195460","39","77090010"
"chr5","109473146","109473437","chr3","48713226","48713518","44","60759920"
"chr5","109695428","109695705","chr14","34129106","34129400","55","75566322"
"chr5","109824156","109824424","chr12","109987035","109987312","50","162879"
"chr5","109851520","109851822","chr1","65751168","65751465","50","44100352"
"chr5","110108850","110109157","chr2A","44341824","44342127","45","65767026"
"chr5","110138245","110138417","chr20","9149833","9150014","32","100988412"
"chr5","110686704","110686773","chr6","35149965","35150033","20","75536739"
"chr5","110744650","110744745","chr5","141237914","141238000","28","30493264"
"chr5","110795824","110796097","chr11","64507974","64508250","46","46287850"
"chr5","111359778","111360077","chr9","35072111","35072402","54","76287667"
"chr5","111782982","111783092","chr18","7435276","7435389","17","104347706"
"chr5","111893990","111894190","chr7","42616317","42616505","33","69277673"
"chr5","111954355","111954651","chr13","30357423","30357720","39","81596932"
"chr5","112271037","112271274","chr8","128002666","128002901","51","15731629"
"chr5","112409251","112409517","chr4","130063803","130064062","46","17654552"
"chr5","112518194","112518464","chr4","191069928","191070205","53","78551734"
"chr5","112665173","112665395","chr15","37463285","37463506","58","75201888"
"chr5","113548789","113549097","chrX","69928922","69929226","51","43619867"
"chr5","113677970","113678258","chr2A","62467945","62468239","48","51210025"
"chr5","113835701","113835969","chr18","20916001","20916283","51","92919700"
"chr5","113999576","113999862","chr4","110414976","110415258","43","3584600"
"chr5","114067166","114067463","chr19","48820002","48820297","30","65247164"
"chr5","114366192","114366455","chr11","124326351","124326639","52","9960159"
"chr5","114438948","114439236","chr5","4199980","4200274","53","110238968"
"chr5","114508520","114508841","chr8","125680480","125680782","56","11171960"
"chr5","115770798","115771023","chrX","103498743","103498976","45","12272055"
"chr5","116324920","116325114","chr4","24946761","24946953","30","91378159"
"chr5","116602092","116602372","chr19","42311220","42311504","43","74290872"
"chr5","116694953","116695241","chr8","106787932","106788226","55","9907021"
"chr5","116810946","116811262","chr14","74283874","74284179","47","42527072"
"chr5","116934524","116934832","chr19","58080135","58080437","46","58854389"
"chr5","117396054","117396361","chr3","3779236","3779540","42","113616818"
"chr5","117996331","117996619","chr10","32553319","32553609","30","85443012"
"chr5","118292049","118292339","chr5","114066529","114066823","59","4225520"
"chr5","118905435","118905726","chr20","51554153","51554444","35","67351282"
"chr5","118948144","118948435","chr6","11275553","11275848","41","107672591"
"chr5","119266957","119267248","chr17","43703810","43704100","41","75563147"
"chr5","119402385","119402677","chr11","66604083","66604375","40","52798302"
"chr5","119445204","119445503","chr12","71787117","71787412","39","47658087"
"chr5","120750139","120750432","chr17","60001596","60001898","43","60748543"
"chr5","121105263","121105558","chr7","44392726","44393021","36","76712537"
"chr5","121145092","121145378","chrX","31462567","31462863","42","89682525"
"chr5","121163342","121163611","chr5","142858653","142858915","43","21695311"
"chr5","121232889","121233017","chr17","62787582","62787713","26","58445307"
"chr5","121337826","121337993","chr10","67999828","68000000","34","53337998"
"chr5","121885322","121885622","chr5","78767207","78767504","52","43118115"
"chr5","122226716","122227015","chr11","60860905","60861205","45","61365811"
"chr5","122250215","122250504","chr6","11275553","11275848","44","110974662"
"chr5","122304228","122304534","chr2B","167404741","167405042","41","45100513"
"chr5","122900374","122900681","chr12","8100508","8100811","46","114799866"
"chr5","123522539","123522695","chr2A","109456513","109456658","62","14066026"
"chr5","123566982","123567273","chr19","48820002","48820297","46","74746980"
"chr5","123943473","123943769","chr17","60679909","60680206","34","63263564"
"chr5","124299529","124299835","chr9","17417473","17417781","38","106882056"
"chr5","124354633","124354936","chr19","48820002","48820297","36","75534631"
"chr5","124369391","124369665","chr7","141870320","141870598","45","17500929"
"chr5","124374902","124375052","chr2B","167956030","167956181","27","43581128"
"chr5","124405597","124405916","chrX","151829360","151829672","54","27423763"
"chr5","124464221","124464512","chr10","38465004","38465298","43","85999217"
"chr5","124568317","124568608","chr4","160361532","160361799","76","35793215"
"chr5","124634891","124635054","chr17","63415844","63416009","29","61219047"
"chr5","124637682","124637989","chr1","35788128","35788434","40","88849554"
"chr5","124873849","124874165","chr19","47394824","47395133","47","77479025"
"chr5","124915254","124915559","chr10","45811121","45811427","50","79104133"
"chr5","124988431","124988620","chr12","61302450","61302658","63","63685981"
"chr5","125205912","125206208","chr20","18239566","18239864","42","106966346"
"chr5","125295589","125295714","chr3","32078370","32078494","29","93217219"
"chr5","125423509","125423775","chr3","83942367","83942647","60","41481142"
"chr5","125544155","125544468","chr6","37891072","37891383","31","87653083"
"chr5","125592104","125592404","chr10","118977909","118978205","43","6614195"
"chr5","125727053","125727326","chrX","47072474","47072765","52","78654579"
"chr5","125768294","125768587","chr5","115052536","115052829","36","10715758"
"chr5","125793446","125793688","chr3","53568365","53568594","36","72225081"
"chr5","125913005","125913309","chr2B","167404741","167405042","40","41491736"
"chr5","126044152","126044405","chr11","14011422","14011673","42","112032730"
"chr5","126081332","126081620","chr3","194063605","194063897","47","67982273"
"chr5","126197118","126197423","chr2A","38946614","38946914","45","87250504"
"chr5","126440640","126440956","chr6","20984308","20984618","56","105456332"
"chr5","127738703","127738772","chr6","35149965","35150033","14","92588738"
"chr5","127865423","127865723","chr8","125680480","125680782","37","2184943"
"chr5","127903410","127903692","chr2A","72189251","72189534","36","55714159"
"chr5","127924839","127925145","chr10","68862039","68862347","38","59062800"
"chr5","127973981","127974270","chr2A","44952766","44953054","36","83021215"
"chr5","128017783","128018079","chr14","103477728","103478023","35","24540055"
"chr5","128028696","128028972","chr7","72950348","72950633","48","55078348"
"chr5","128098886","128099122","chr18","25294696","25294919","46","102804190"
"chr5","128508902","128509071","chr12","510320","510483","64","127998582"
"chr5","128611484","128611591","chr11","46266962","46267069","23","82344522"
"chr5","129261578","129261681","chr18","3000001","3000114","31","126261577"
"chr5","129334860","129335167","chr10","131911447","131911753","46","2576587"
"chr5","129340625","129340845","chr14","40380095","40380306","46","88960530"
"chr5","129342102","129342384","chr12","6343560","6343852","44","122998542"
"chr5","129458121","129458415","chr17","79329740","79330048","52","50128381"
"chr5","129585016","129585301","chr5","145121601","145121895","42","15536585"
"chr5","129845191","129845334","chr1","196864953","196865102","33","67019762"
"chr5","129846573","129846857","chr3","200788158","200788457","43","70941585"
"chr5","129898011","129898303","chr20","18239566","18239864","34","111658445"
"chr5","130230905","130231087","chr4","158655729","158655906","35","28424824"
"chr5","130450159","130450452","chr1","90464356","90464648","30","39985803"
"chr5","130830160","130830430","chr1","222916309","222916594","53","92086149"
"chr5","131136119","131136226","chr11","46266962","46267069","22","84869157"
"chr5","131144613","131144766","chr6","140321017","140321182","35","9176404"
"chr5","131389712","131390018","chr17","19680580","19680878","46","111709132"
"chr5","131581202","131581409","chr1","214359118","214359342","56","82777916"
"chr5","131692893","131693192","chr7","65838229","65838526","42","65854664"
"chr5","131710788","131711072","chrX","77635513","77635800","41","54075275"
"chr5","131868011","131868304","chr1","223886121","223886412","58","92018110"
"chr5","132058362","132058671","chr3","141779005","141779314","38","9720643"
"chr5","132087899","132088073","chr4","125599210","125599393","38","6488689"
"chr5","132368236","132368362","chr13","113052924","113053040","26","19315312"
"chr5","132950450","132950604","chr22","49302200","49302342","34","83648250"
"chr5","133086664","133086860","chr2B","200383723","200383911","53","67297059"
"chr5","133137246","133137304","chr15","62230457","62230524","14","70906789"
"chr5","133190289","133190424","chr12","106977879","106978018","41","26212410"
"chr5","133315171","133315468","chr5","17215098","17215394","39","116100073"
"chr5","133366439","133366745","chr1","133957960","133958268","49","591521"
"chr5","133881299","133881605","chr10","131911447","131911753","45","1969852"
"chr5","133898026","133898317","chr5","53773736","53774028","36","80124290"
"chr5","133938826","133939047","chr4","112217942","112218153","39","21720884"
"chr5","134003683","134003978","chrX","47072474","47072765","45","86931209"
"chr5","134164062","134164369","chr5","139570031","139570333","40","5405969"
"chr5","134214779","134214914","chr9","71585376","71585513","24","62629403"
"chr5","134517754","134518031","chr9","85559729","85560017","44","48958025"
"chr5","134532025","134532318","chr8","34802155","34802448","43","99729870"
"chr5","134548575","134548632","chr1","15807271","15807321","16","118741304"
"chr5","134549722","134550004","chr15","90760659","90760944","39","43789063"
"chr5","134590925","134591160","chr7","139366862","139367096","50","4775937"
"chr5","135037655","135037941","chr10","98643440","98643729","34","36394215"
"chr5","135505405","135505693","chr5","81803905","81804197","72","53701500"
"chr5","136132020","136132267","chr6","139342192","139342442","50","3210172"
"chr5","136307929","136308237","chrX","69928922","69929226","46","66379007"
"chr5","136663594","136663722","chr8","129196825","129196958","25","7466769"
"chr5","136798063","136798372","chr4","55876421","55876716","52","80921642"
"chr5","136964225","136964490","chrX","48484182","48484449","37","88480043"
"chr5","137437821","137438066","chr21","7408387","7408646","53","130029434"
"chr5","137441716","137442023","chr22","35173076","35173384","44","102268640"
"chr5","137633823","137634111","chr12","102118093","102118385","36","35515730"
"chr5","137787991","137788294","chr4","141692681","141692985","35","3904690"
"chr5","137838839","137839133","chr17","34625916","34626214","34","103212923"
"chr5","138860217","138860528","chr1","25653805","25654126","62","113206412"
"chr5","139810235","139810383","chr1","196864953","196865102","43","57054718"
"chr5","139813631","139813786","chr1","152471207","152471358","42","12657576"
"chr5","140403159","140403269","chr3","113208918","113209021","30","27194241"
"chr5","140411130","140411442","chr1","182346802","182347108","55","41935672"
"chr5","141511693","141511961","chrX","48484182","48484449","37","93027511"
"chr5","141547967","141548092","chr6","144249718","144249836","23","2701751"
"chr5","142399180","142399451","chr10","9525213","9525492","46","132873967"
"chr5","142694720","142695021","chr6","37891072","37891383","49","104803648"
"chr5","143354978","143355157","chr19","57290245","57290428","32","86064733"
"chr5","143369829","143370123","chr4","115414705","115414988","46","27955124"
"chr5","143456687","143456972","chr5","49783511","49783799","40","93673176"
"chr5","143993440","143993624","chr4","24946761","24946953","30","119046679"
"chr5","144680372","144680569","chr5","51215133","51215323","36","93465239"
"chr5","145621319","145621605","chr11","124326351","124326639","60","21294968"
"chr5","146739056","146739364","chr12","8100508","8100811","47","138638548"
"chr5","148322223","148322518","chr1","203411896","203412189","44","55089673"
"chr5","148419937","148420099","chr1","62239291","62239426","45","86180646"
"chr5","148867647","148867896","chr1","157165222","157165466","45","8297575"
"chr5","149283393","149283508","chr12","39211337","39211446","20","110072056"
"chr5","151217357","151217602","chr10","117820146","117820395","59","33397211"
"chr5","152083330","152083623","chr19","61710839","61711123","54","90372491"
"chr5","153016301","153016587","chr10","92336421","92336711","56","60679880"
"chr5","153142243","153142547","chr12","8100508","8100811","46","145041735"
"chr5","153248783","153249091","chrX","40740697","40740999","38","112508086"
"chr5","153586655","153586942","chr4","42227408","42227692","57","111359247"
"chr5","153809384","153809677","chr17","5318110","5318400","30","148491274"
"chr5","153892012","153892291","chr2A","56117493","56117783","48","97774519"
"chr5","153938659","153938955","chr10","93954958","93955253","42","59983701"
"chr5","154008982","154009253","chr7","109300892","109301171","46","44708090"
"chr5","154021606","154021888","chr4","49033783","49034074","47","104987823"
"chr5","154090209","154090342","chr3","200554809","200554942","26","46464600"
"chr5","154212911","154213201","chr18","10169993","10170291","45","144042918"
"chr5","154246977","154247023","chrX","127164920","127164963","11","27082057"
"chr5","154315835","154316135","chr1","123848899","123849198","58","30466936"
"chr5","154505502","154505780","chr18","12833752","12834026","45","141671750"
"chr5","154742257","154742558","chr10","18523705","18524005","36","136218552"
"chr5","154820421","154820732","chr1","119451349","119451658","46","35369072"
"chr5","155184762","155185062","chr2B","195904389","195904683","42","40719627"
"chr5","156038576","156038844","chr3","117056717","117056986","61","38981859"
"chr5","156113925","156114200","chr22","26916448","26916739","61","129197477"
"chr5","157191371","157191669","chrX","96380638","96380930","52","60810733"
"chr5","157192127","157192433","chr6","128740598","128740894","54","28451529"
"chr5","157439743","157440029","chr14","72944138","72944430","41","84495605"
"chr5","157994068","157994355","chr4","107714319","107714602","48","50279749"
"chr5","158107401","158107534","chr17","62787582","62787713","22","95319819"
"chr5","158444006","158444260","chr18","43307181","43307444","78","115136825"
"chr5","158471326","158471557","chr3","37712773","37713001","40","120758553"
"chr5","158632061","158632367","chr6","20985201","20985506","55","137646860"
"chr5","158704512","158704821","chr7","34973359","34973658","38","123731153"
"chr5","158774350","158774656","chr1","51006283","51006582","41","107768067"
"chr5","158795012","158795262","chr9","114498377","114498623","56","44296635"
"chr6","92405659","92405949","chr6","161081975","161082262","50","68676316"
"chr6","123469753","123470050","chr15","67071135","67071428","37","56398618"
"chr6","318174","318467","chr1","90464356","90464648","33","90146182"
"chr6","2264284","2264564","chr14","34129106","34129400","45","31864822"
"chr6","3267181","3267413","chr8","92027354","92027601","66","88760173"
"chr6","3531842","3532130","chr5","78853860","78854164","67","75322018"
"chr6","3936430","3936711","chr5","142193615","142193900","48","138257185"
"chr6","3962382","3962675","chr9","120100932","120101231","47","116138550"
"chr6","5332373","5332499","chr22","35535876","35536001","14","30203503"
"chr6","5543909","5544187","chr5","59747387","59747664","54","54203478"
"chr6","5981042","5981337","chr14","34129106","34129400","46","28148064"
"chr6","6100781","6101078","chr17","67267299","67267597","29","61166518"
"chr6","6216982","6217278","chrX","31351615","31351909","44","25134633"
"chr6","6624671","6624965","chr12","4814048","4814342","33","1810623"
"chr6","7070775","7070942","chr4","149245171","149245334","34","142174396"
"chr6","8157492","8157739","chr15","72105209","72105463","45","63947717"
"chr6","8630314","8630609","chr12","71787117","71787412","37","63156803"
"chr6","8675771","8676024","chr1","157165222","157165466","43","148489451"
"chr6","9438411","9438667","chr2A","9550804","9551059","49","112393"
"chr6","10577712","10577918","chr3","129962063","129962267","48","119384351"
"chr6","10973337","10973639","chr4","90130522","90130826","42","79157185"
"chr6","11235902","11236187","chr2A","96867370","96867647","46","85631468"
"chr6","12108421","12108705","chr4","42227408","42227692","45","30118987"
"chr6","12571539","12571822","chr17","40777794","40778082","47","28206255"
"chr6","12691519","12691819","chr11","131162240","131162541","48","118470721"
"chr6","12865888","12866007","chr8","124979407","124979520","29","112113519"
"chr6","13374251","13374458","chr1","179540553","179540757","42","166166302"
"chr6","13380429","13380630","chr21","3975361","3975559","43","9405068"
"chr6","13649844","13650129","chr5","78767207","78767504","45","65117363"
"chr6","13881949","13882238","chr14","92206512","92206803","44","78324563"
"chr6","14158905","14159061","chr1","6601296","6601459","30","7557609"
"chr6","14219517","14219825","chr15","73075145","73075451","35","58855628"
"chr6","14356039","14356342","chr6","136089580","136089876","52","121733541"
"chr6","14401585","14401869","chr3","83942367","83942647","53","69540782"
"chr6","15442286","15442563","chr1","29001658","29001946","47","13559372"
"chr6","16137549","16137751","chr1","71094744","71094936","48","54957195"
"chr6","16513214","16513388","chr3","10317925","10318097","25","6195289"
"chr6","16542779","16543091","chr2A","109312847","109313158","41","92770068"
"chr6","16543779","16544005","chr9","39425593","39425816","46","22881814"
"chr6","16556398","16556664","chr7","50101774","50102040","35","33545376"
"chr6","16597790","16598064","chr3","83942367","83942647","46","67344577"
"chr6","16620969","16621266","chr1","157163483","157163783","45","140542514"
"chr6","16866141","16866372","chr12","121508043","121508296","68","104641902"
"chr6","16908732","16909038","chr12","8100508","8100811","40","8808224"
"chr6","16916981","16917275","chr18","28065068","28065363","52","11148087"
"chr6","16972769","16973078","chr10","131911447","131911753","38","114938678"
"chr6","17023419","17023625","chr3","194694782","194694986","38","177671363"
"chr6","17410611","17410882","chr16","25695374","25695646","42","8284763"
"chr6","18056975","18057217","chr7","158596053","158596294","38","140539078"
"chr6","18527177","18527481","chr9","108966644","108966951","55","90439467"
"chr6","18675348","18675646","chr8","45396283","45396591","48","26720935"
"chr6","20098309","20098489","chr12","61302450","61302658","67","41204141"
"chr6","20906379","20906684","chr12","8100508","8100811","52","12805871"
"chr6","21561712","21561998","chr8","143077886","143078172","35","121516174"
"chr6","21687322","21687622","chr15","73054135","73054430","44","51366813"
"chr6","21942057","21942311","chr11","14011422","14011673","47","7930635"
"chr6","22043482","22043571","chr10","133033316","133033405","28","110989834"
"chr6","22044658","22044940","chr3","189669014","189669297","46","167624356"
"chr6","22201577","22201884","chr7","34973359","34973658","44","12771782"
"chr6","22341454","22341745","chr14","34129106","34129400","41","11787652"
"chr6","22542819","22543121","chr20","29063717","29064017","40","6520898"
"chr6","22786941","22787220","chr6","161081975","161082262","44","138295034"
"chr6","22886409","22886676","chr8","143844286","143844547","46","120957877"
"chr6","23091334","23091620","chrX","70267582","70267875","37","47176248"
"chr6","23383144","23383351","chr4","62155542","62155758","48","38772398"
"chr6","23653682","23653985","chr3","152512400","152512696","46","128858718"
"chr6","23746115","23746412","chr7","43451098","43451395","35","19704983"
"chr6","24719731","24719932","chr17","48000037","48000235","35","23280306"
"chr6","24972925","24973211","chr21","23236462","23236747","48","1736463"
"chr6","25024331","25024627","chr11","8921063","8921359","46","16103268"
"chr6","27996744","27997040","chr12","102118093","102118385","52","74121349"
"chr6","28187295","28187582","chr6","83972309","83972590","58","55785014"
"chr6","28637280","28637569","chr11","116937561","116937852","35","88300281"
"chr6","28936328","28936601","chr19","57951008","57951284","34","29014680"
"chr6","29510067","29510381","chr1","25653805","25654126","70","3856262"
"chr6","31134281","31134401","chr8","99736917","99737038","22","68602636"
"chr6","31185080","31185282","chr1","32649535","32649701","57","1464455"
"chr6","31328260","31328576","chr12","116759326","116759638","70","85431066"
"chr6","31388803","31389095","chr9","103544693","103544986","37","72155890"
"chr6","32063144","32063295","chr10","91418918","91419069","31","59355774"
"chr6","33069396","33069511","chr3","187479703","187479826","29","154410307"
"chr6","33344717","33344879","chr7","20139739","20139897","33","13204978"
"chr6","34354417","34354642","chr4","97372571","97372797","40","63018154"
"chr6","34354834","34354909","chr1","54893947","54894016","19","20539113"
"chr6","35589040","35589313","chr12","46808474","46808774","67","11219434"
"chr6","37714441","37714646","chr15","82439694","82439905","38","44725253"
"chr6","38062891","38063165","chr2A","96867370","96867647","43","58804479"
"chr6","38817620","38817818","chr4","1950016","1950226","43","36867604"
"chr6","39097335","39097623","chr15","56088592","56088884","39","16991257"
"chr6","39264587","39264860","chr1","12807216","12807493","60","26457371"
"chr6","39543781","39544084","chr3","29543518","29543825","44","10000263"
"chr6","40030976","40031250","chr9","133223678","133223953","50","93192702"
"chr6","41074700","41074873","chr6","140321017","140321182","27","99246317"
"chr6","41440709","41440984","chr9","70629851","70630123","42","29189142"
"chr6","42026521","42026808","chr6","32195163","32195460","44","9831358"
"chr6","42349949","42350034","chr4","50878084","50878175","26","8528135"
"chr6","42515046","42515173","chr7","106449286","106449409","26","63934240"
"chr6","42918287","42918382","chr4","187916921","187917009","41","144998634"
"chr6","43686156","43686455","chr2A","47454388","47454687","37","3768232"
"chr6","43727583","43727870","chr2B","195267294","195267585","42","151539711"
"chr6","44448057","44448362","chr7","62105160","62105453","60","17657103"
"chr6","44696017","44696334","chr12","107396057","107396365","59","62700040"
"chr6","44728279","44728583","chr5","114066529","114066823","56","69338250"
"chr6","44948817","44949109","chr3","176379052","176379346","36","131430235"
"chr6","45114271","45114419","chr10","23005768","23005914","29","22108503"
"chr6","45477263","45477527","chr7","128867407","128867681","57","83390144"
"chr6","46718334","46718640","chr11","60860905","60861205","52","14142571"
"chr6","46948421","46948639","chr4","31238060","31238274","46","15710361"
"chr6","47030937","47031162","chr4","124856567","124856782","49","77825630"
"chr6","47251809","47251987","chr16","51799321","51799496","45","4547512"
"chr6","47854085","47854362","chr17","27800099","27800376","51","20053986"
"chr6","48747860","48748158","chr1","109406257","109406558","37","60658397"
"chr6","48954352","48954535","chr2B","200383723","200383911","49","151429371"
"chr6","50175107","50175409","chr22","30375904","30376203","41","19799203"
"chr6","50329584","50329858","chr1","156823272","156823543","65","106493688"
"chr6","50582468","50582671","chr17","48000037","48000235","43","2582431"
"chr6","50613288","50613477","chr9","97722096","97722286","32","47108808"
"chr6","52828891","52828993","chr11","46266962","46267069","17","6561929"
"chr6","53055482","53055810","chr8","45396283","45396591","91","7659199"
"chr6","53651506","53651809","chr1","109406257","109406558","35","55754751"
"chr6","53897405","53897695","chr17","14690546","14690837","46","39206859"
"chr6","54587134","54587311","chr10","98471974","98472148","42","43884840"
"chr6","54852847","54852934","chr8","64902589","64902670","20","10049742"
"chr6","55963345","55963615","chr17","72109718","72109981","63","16146373"
"chr6","57188418","57188671","chr6","140238574","140238842","57","83050156"
"chr6","58446240","58446543","chr12","8100508","8100811","36","50345732"
"chr6","58872564","58872793","chr16","3475744","3475972","32","55396820"
"chr6","58872871","58872917","chr10","93063371","93063418","12","34190500"
"chr6","59504585","59504820","chrX","103498743","103498976","48","43994158"
"chr6","59744645","59744929","chr12","95365728","95366019","47","35621083"
"chr6","59750858","59751162","chr14","68034868","68035165","52","8284010"
"chr6","59795395","59795549","chr22","20106335","20106490","26","39689060"
"chr6","60214278","60214550","chr5","104243279","104243540","48","44029001"
"chr6","61275306","61275612","chr6","20985201","20985506","44","40290105"
"chr6","61649232","61649541","chr6","20985201","20985506","35","40664031"
"chr6","61755379","61755684","chr12","16484879","16485188","48","45270500"
"chr6","62021060","62021357","chr1","132902983","132903277","35","70881923"
"chr6","62616001","62616290","chr3","152512400","152512696","45","89896399"
"chr6","62749163","62749426","chr4","42227408","42227692","55","20521755"
"chr6","63226405","63226709","chr4","63005979","63006284","63","220426"
"chr6","63553637","63553752","chr19","52708052","52708172","20","10845585"
"chr6","63592842","63593111","chr16","25695374","25695646","45","37897468"
"chr6","63613845","63614099","chr3","136125494","136125756","48","72511649"
"chr6","64019620","64019911","chr18","42044257","42044546","33","21975363"
"chr6","64221459","64221706","chr10","60513424","60513673","48","3708035"
"chr6","64576040","64576327","chr10","42513839","42514131","46","22062201"
"chr6","64755684","64755945","chr12","33560154","33560407","58","31195530"
"chr6","64932489","64932803","chr10","131911447","131911753","54","66978958"
"chr6","65120139","65120253","chr8","124979407","124979520","22","59859268"
"chr6","65277601","65277859","chr7","4279811","4280053","72","60997790"
"chr6","65405293","65405576","chr1","181730175","181730463","38","116324882"
"chr6","66569619","66569925","chr10","104243468","104243770","52","37673849"
"chr6","67269414","67269654","chr8","58127677","58127937","65","9141737"
"chr6","67298084","67298383","chr9","120100932","120101231","41","52802848"
"chr6","67324349","67324645","chr1","69001140","69001441","52","1676791"
"chr6","67407466","67407757","chrX","47072474","47072765","37","20334992"
"chr6","67903342","67903637","chr11","44623850","44624147","34","23279492"
"chr6","68145762","68145870","chr12","39211337","39211446","24","28934425"
"chr6","68899607","68899822","chr8","18532511","18532720","39","50367096"
"chr6","69738689","69738819","chr12","111034094","111034236","35","41295405"
"chr6","69892190","69892466","chr4","160361532","160361799","48","90469342"
"chr6","70056581","70056875","chrX","41305386","41305671","44","28751195"
"chr6","70927932","70928223","chr1","203411896","203412189","38","132483964"
"chr6","71500224","71500519","chr15","64185363","64185659","36","7314861"
"chr6","72799764","72800041","chr2B","236575919","236576197","50","163776155"
"chr6","74286007","74286322","chr1","216020352","216020662","49","141734345"
"chr6","74636234","74636526","chr1","152743362","152743656","41","78107128"
"chr6","75570504","75570580","chr8","111551358","111551444","22","35980854"
"chr6","75747700","75747999","chr19","49334612","49334911","34","26413088"
"chr6","78751357","78751642","chr10","11933372","11933663","45","66817985"
"chr6","82250855","82251060","chr4","112217942","112218153","38","29967087"
"chr6","82756144","82756457","chr8","106787932","106788226","64","24031788"
"chr6","82853969","82854274","chr4","63005979","63006284","61","19847990"
"chr6","84113766","84114041","chr2B","178200821","178201102","65","94087055"
"chr6","84298921","84299071","chr1","196864953","196865102","20","112566032"
"chr6","85593788","85594093","chr18","58994235","58994539","43","26599553"
"chr6","87248556","87248643","chr1","29235522","29235615","28","58013034"
"chr6","88145558","88145773","chr2A","38907988","38908200","38","49237570"
"chr6","88597908","88598220","chr12","8100508","8100811","43","80497400"
"chr6","89570010","89570308","chr7","136440260","136440557","72","46870250"
"chr6","89962376","89962537","chr2B","116476722","116476895","35","26514346"
"chr6","91443478","91443763","chr5","19525550","19525839","42","71917928"
"chr6","91939669","91939963","chr3","188474936","188475232","35","96535267"
"chr6","92578235","92578531","chr22","25256066","25256349","57","67322169"
"chr6","92579051","92579210","chr17","15421459","15421608","28","77157592"
"chr6","93137572","93137865","chr11","119471400","119471694","45","26333828"
"chr6","93404427","93404573","chr4","3137686","3137827","28","90266741"
"chr6","95301869","95302168","chr13","47539182","47539484","40","47762687"
"chr6","95513209","95513497","chr4","110414976","110415258","44","14901767"
"chr6","95801028","95801157","chr3","155342127","155342259","28","59541099"
"chr6","95836226","95836503","chr3","190952266","190952555","43","95116040"
"chr6","95923760","95924061","chr3","188474936","188475232","34","92551176"
"chr6","96017557","96017791","chr14","56825834","56826067","38","39191723"
"chr6","96113915","96114200","chrX","31351615","31351909","47","64762300"
"chr6","96149298","96149592","chr1","210819403","210819695","40","114670105"
"chr6","96412909","96413202","chr7","44392726","44393021","36","52020183"
"chr6","96479995","96480167","chr3","10317925","10318097","38","86162070"
"chr6","97358135","97358429","chr6","32195163","32195460","48","65162972"
"chr6","97714050","97714369","chr8","99281427","99281735","47","1567377"
"chr6","97727562","97727796","chrX","41513115","41513367","56","56214447"
"chr6","98391056","98391267","chr4","112217942","112218153","34","13826886"
"chr6","99115817","99116093","chr8","8945439","8945722","64","90170378"
"chr6","99126477","99126774","chr4","177924260","177924549","49","78797783"
"chr6","101457011","101457306","chr1","210819403","210819695","55","109362392"
"chr6","102040424","102040730","chr1","35788128","35788434","48","66252296"
"chr6","103088452","103088762","chr1","119451349","119451658","42","16362897"
"chr6","104675759","104676078","chr11","8921063","8921359","72","95754696"
"chr6","105612072","105612296","chr5","140994392","140994613","31","35382320"
"chr6","105827195","105827322","chr17","62787582","62787713","22","43039613"
"chr6","106534730","106535032","chr1","157163483","157163783","43","50628753"
"chr6","106634159","106634452","chr17","43946585","43946879","36","62687574"
"chr6","106812064","106812366","chr5","8540925","8541233","63","98271139"
"chr6","107607536","107607836","chr11","119471400","119471694","64","11863864"
"chr6","108616841","108617117","chr14","92206512","92206803","49","16410329"
"chr6","109142721","109143008","chr6","32195163","32195460","55","76947558"
"chr6","109437041","109437206","chr9","93671735","93671903","30","15765306"
"chr6","110403782","110404081","chr5","139570031","139570333","42","29166249"
"chr6","110716973","110717278","chr1","54063919","54064217","40","56653054"
"chr6","110947126","110947393","chr6","143593593","143593862","62","32646467"
"chr6","111522914","111523212","chr10","18523705","18524005","31","92999209"
"chr6","112125028","112125332","chr20","29063717","29064017","36","83061311"
"chr6","112132563","112132840","chrX","119905374","119905665","51","7772811"
"chr6","112269483","112269742","chr16","17671947","17672206","39","94597536"
"chr6","112310111","112310406","chr15","72683836","72684128","63","39626275"
"chr6","112316179","112316461","chr17","43703810","43704100","50","68612369"
"chr6","112528917","112529230","chr9","97196371","97196671","54","15332546"
"chr6","112786526","112786714","chr22","28784821","28785017","28","84001705"
"chr6","112812023","112812306","chr14","92206512","92206803","43","20605511"
"chr6","112824420","112824710","chr3","12555497","12555790","34","100268923"
"chr6","112964341","112964615","chr2A","80557982","80558253","39","32406359"
"chr6","113639789","113640002","chr15","47351883","47352094","56","66287906"
"chr6","114277883","114278003","chr17","37000001","37000121","29","77277882"
"chr6","114326568","114326834","chr12","96767780","96768061","54","17558788"
"chr6","114865700","114865990","chr5","115052536","115052829","39","186836"
"chr6","115175074","115175367","chr1","90464356","90464648","39","24710718"
"chr6","115270011","115270293","chr5","111534358","111534643","63","3735653"
"chr6","115272697","115272992","chr16","74872733","74873030","31","40399964"
"chr6","115696890","115697206","chr16","83113783","83114061","80","32583107"
"chr6","115845172","115845468","chr19","11312253","11312542","50","104532919"
"chr6","116439012","116439291","chr17","38404702","38404990","45","78034310"
"chr6","116740043","116740360","chr22","19503661","19503964","48","97236382"
"chr6","117366638","117366937","chr9","103365958","103366246","41","14000680"
"chr6","117578912","117579212","chr4","89238964","89239264","40","28339948"
"chr6","117687897","117688019","chr19","52708052","52708172","20","64979845"
"chr6","117810027","117810320","chr7","44392726","44393021","40","73417301"
"chr6","118024467","118024757","chr4","142430187","142430474","57","24405720"
"chr6","118077584","118077888","chr1","157163483","157163783","33","39085899"
"chr6","118088846","118089139","chr3","190952266","190952555","40","72863420"
"chr6","118129730","118130025","chr9","17417473","17417781","45","100712257"
"chr6","118177627","118177913","chr1","26522702","26522982","49","91654925"
"chr6","118210676","118210941","chr3","136125494","136125756","37","17914818"
"chr6","118269465","118269766","chr5","25102386","25102679","57","93167079"
"chr6","118599730","118600042","chr1","93384189","93384501","45","25215541"
"chr6","118895621","118895776","chr15","89441741","89441915","39","29453880"
"chr6","119020611","119020890","chr3","140404468","140404753","40","21383857"
"chr6","119402772","119402896","chr1","195079114","195079244","34","75676342"
"chr6","119403423","119403586","chr2A","109456513","109456658","34","9946910"
"chr6","120972750","120973034","chr6","73840398","73840681","56","47132352"
"chr6","122103438","122103737","chr3","15802430","15802725","40","106301008"
"chr6","123539620","123539817","chr6","82925720","82925922","47","40613900"
"chr6","123656322","123656545","chrX","104754933","104755157","35","18901389"
"chr6","123853670","123853972","chr15","21002694","21002998","33","102850976"
"chr6","124214536","124214779","chr15","61939803","61940033","51","62274733"
"chr6","124299364","124299648","chr2A","44952766","44953054","41","79346598"
"chr6","125428371","125428661","chr5","169333682","169333970","69","43905311"
"chr6","126174239","126174535","chr5","81803905","81804197","51","44370334"
"chr6","126229910","126230078","chr9","34117341","34117522","41","92112569"
"chr6","126695611","126695897","chr1","118944988","118945277","45","7750623"
"chr6","127411372","127411473","chr9","19425844","19425933","26","107985528"
"chr6","128617515","128617716","chr1","165599411","165599606","26","36981896"
"chr6","128848598","128848867","chr16","17671947","17672206","61","111176651"
"chr6","128848879","128849160","chr2A","56621617","56621912","51","72227262"
"chr6","129099967","129100091","chrX","24239420","24239540","26","104860547"
"chr6","129637401","129637596","chrX","24058638","24058836","33","105578763"
"chr6","130807027","130807291","chr8","86047820","86048083","48","44759207"
"chr6","131140026","131140162","chr1","152471207","152471358","32","21331181"
"chr6","131968991","131969287","chr20","51554153","51554444","41","80414838"
"chr6","132437197","132437461","chr6","140238574","140238842","58","7801377"
"chr6","132629715","132630006","chr3","52270391","52270690","40","80359324"
"chr6","132813257","132813396","chr12","106977879","106978018","24","25835378"
"chr6","132834335","132834640","chr1","15898335","15898636","46","116936000"
"chr6","132847797","132848101","chr17","58542079","58542384","36","74305718"
"chr6","133182710","133182909","chr19","10688476","10688689","43","122494234"
"chr6","133196468","133196769","chr1","146554507","146554813","47","13358039"
"chr6","134588335","134588643","chr4","40075364","40075672","46","94512971"
"chr6","134711351","134711646","chr7","76090784","76091078","45","58620567"
"chr6","134724217","134724437","chr3","37712773","37713001","41","97011444"
"chr6","134728664","134728956","chr14","34129106","34129400","37","100599558"
"chr6","134827323","134827643","chr4","39266878","39267187","73","95560445"
"chr6","135278446","135278741","chr3","152512400","152512696","40","17233954"
"chr6","135279420","135279539","chr20","28695485","28695609","29","106583935"
"chr6","135541968","135542264","chr1","54063919","54064217","36","81478049"
"chr6","135658278","135658551","chr15","72105209","72105463","60","63553069"
"chr6","135738122","135738419","chr7","74250202","74250498","56","61487920"
"chr6","135764982","135765277","chr18","13262637","13262932","40","122502345"
"chr6","136073575","136073837","chr13","20654532","20654795","54","115419043"
"chr6","137056427","137056719","chr21","18562186","18562478","42","118494241"
"chr6","137546786","137547097","chr3","29543518","29543825","55","108003268"
"chr6","137769432","137769708","chr19","57951008","57951284","42","79818424"
"chr6","138289614","138289763","chr10","58961860","58962004","39","79327754"
"chr6","139132813","139133112","chr7","44392726","44393021","44","94740087"
"chr6","139209480","139209778","chr17","67267299","67267597","39","71942181"
"chr6","139254298","139254604","chr6","20985201","20985506","63","118269097"
"chr6","139318360","139318656","chr2B","227901614","227901913","43","88583254"
"chr6","139981576","139981858","chr19","49399456","49399727","50","90582120"
"chr6","140406292","140406602","chr5","153488339","153488644","48","13082047"
"chr6","140439866","140440140","chr1","180728670","180728958","54","40288804"
"chr6","141206196","141206312","chr18","24237805","24237924","29","116968391"
"chr6","141248958","141249237","chr9","75957982","75958250","47","65290976"
"chr6","141265933","141266222","chr6","34792993","34793284","44","106472940"
"chr6","141380226","141380510","chr1","29080209","29080495","48","112300017"
"chr6","142148821","142149083","chr15","72105209","72105463","55","70043612"
"chr6","142853535","142853825","chr17","43703810","43704100","38","99149725"
"chr6","142872055","142872215","chrX","9352621","9352773","30","133519434"
"chr6","143013151","143013366","chr4","112217942","112218153","50","30795209"
"chr6","143226305","143226609","chr3","188474936","188475232","47","45248631"
"chr6","143539201","143539442","chr14","20500549","20500773","49","123038652"
"chr6","143867823","143867997","chr3","50806237","50806413","32","93061586"
"chr6","143905668","143905972","chr1","15664660","15664956","63","128241008"
"chr6","143922543","143922643","chr5","158434216","158434310","23","14511673"
"chr6","144332078","144332383","chr8","52541202","52541509","50","91790876"
"chr6","146443625","146443914","chr14","22374084","22374370","60","124069541"
"chr6","146707040","146707343","chr16","19363630","19363930","45","127343410"
"chr6","147599938","147600221","chr6","83972309","83972590","46","63627629"
"chr6","147666744","147667045","chr21","11683452","11683750","35","135983292"
"chr6","147772525","147772815","chr1","26729603","26729900","44","121042922"
"chr6","147816830","147816944","chr7","101671241","101671350","34","46145589"
"chr6","147817945","147818221","chr3","50081559","50081841","49","97736386"
"chr6","147862920","147863113","chr4","158655729","158655906","48","10792809"
"chr6","148113725","148114014","chr10","131911447","131911753","44","16202278"
"chr6","148166217","148166489","chr2B","224772880","224773153","43","76606663"
"chr6","148300759","148301020","chr10","67957106","67957373","51","80343653"
"chr6","148330459","148330742","chrX","51142524","51142811","50","97187935"
"chr6","148429903","148430084","chr9","37106848","37107021","34","111323055"
"chr6","148834788","148835083","chr14","92206512","92206803","65","56628276"
"chr6","149086510","149086811","chr11","60860905","60861205","40","88225605"
"chr6","149093452","149093755","chr1","150093146","150093446","48","999694"
"chr6","149112708","149113000","chr7","62105160","62105453","43","87007548"
"chr6","149179204","149179498","chr1","90464356","90464648","40","58714848"
"chr6","149363804","149364094","chr4","17361545","17361832","43","132002259"
"chr6","149367778","149368082","chr1","123848899","123849198","42","25518879"
"chr6","150232671","150232939","chr8","93038777","93039045","49","57193894"
"chr6","150533878","150534187","chr7","95512391","95512698","34","55021487"
"chr6","150740944","150741096","chr10","91418918","91419069","37","59322026"
"chr6","151687958","151688259","chr12","58819867","58820167","50","92868091"
"chr6","151783746","151784039","chrX","51819749","51820054","45","99963997"
"chr6","152114734","152115020","chr1","152743362","152743656","44","628628"
"chr6","152398118","152398381","chr4","160361532","160361799","44","7963414"
"chr6","152473265","152473441","chr17","10417993","10418170","38","142055272"
"chr6","155322907","155323215","chr12","8100508","8100811","36","147222399"
"chr6","155475270","155475398","chr22","35535876","35536001","27","119939394"
"chr6","157002595","157002799","chr11","64963471","64963687","33","92039124"
"chr6","157716660","157716945","chr1","147546574","147546866","58","10170086"
"chr6","157754929","157755206","chr2A","80557982","80558253","51","77196947"
"chr6","157779441","157779729","chrX","47072474","47072765","44","110706967"
"chr6","157823742","157824005","chr1","25596125","25596349","74","132227617"
"chr6","157863489","157863745","chr5","104243279","104243540","52","53620210"
"chr7","65273723","65274012","chr11","116333106","116333398","36","51059383"
"chr7","86769584","86769898","chr1","35720744","35721050","71","51048840"
"chr7","87555989","87556143","chr1","32649535","32649701","37","54906454"
"chr7","180009","180234","chr3","200381246","200381456","64","200201237"
"chr7","209945","210222","chr5","103449307","103449595","48","103239362"
"chr7","1132830","1133114","chr12","104545125","104545418","48","103412295"
"chr7","2539379","2539543","chr2A","62467354","62467540","40","59927975"
"chr7","2967329","2967602","chr14","92206512","92206803","45","89239183"
"chr7","3509449","3509747","chr2B","167404741","167405042","33","163895292"
"chr7","3954599","3954839","chr16","57148744","57149007","61","53194145"
"chr7","4192922","4193198","chr2B","178200821","178201102","47","174007899"
"chr7","4236069","4236360","chr3","190566087","190566386","48","186330018"
"chr7","4304874","4305167","chrX","31351615","31351909","46","27046741"
"chr7","4381520","4381821","chr12","102118093","102118385","47","97736573"
"chr7","4386506","4386788","chr15","32292880","32293169","52","27906374"
"chr7","4948138","4948416","chr19","61710839","61711123","70","56762701"
"chr7","5560435","5560646","chr3","129962063","129962267","32","124401628"
"chr7","5561333","5561421","chr8","129133947","129134035","32","123572614"
"chr7","5856088","5856375","chr17","7018348","7018631","61","1162260"
"chr7","6360745","6360866","chr3","194233462","194233583","21","187872717"
"chr7","6947599","6947890","chr9","6695881","6696174","30","251718"
"chr7","7511774","7512068","chrX","47072474","47072765","50","39560700"
"chr7","7696479","7696784","chr1","35788128","35788434","40","28091649"
"chr7","7867861","7868094","chr15","61939803","61940033","48","54071942"
"chr7","8269228","8269439","chr9","69425247","69425457","36","61156019"
"chr7","9133545","9133838","chr10","98717143","98717438","36","89583598"
"chr7","9592942","9593225","chr1","46126305","46126592","42","36533363"
"chr7","10345543","10345836","chr1","203411896","203412189","42","193066353"
"chr7","10543344","10543645","chr12","8100508","8100811","32","2442836"
"chr7","10666766","10667042","chr1","12807216","12807493","52","2140450"
"chr7","11753734","11754028","chrX","40740697","40740999","56","28986963"
"chr7","11986305","11986584","chr1","90464356","90464648","45","78478051"
"chr7","12399219","12399356","chr2A","99808200","99808333","27","87408981"
"chr7","12418777","12419039","chr7","155725579","155725837","53","143306802"
"chr7","12559855","12560008","chr12","55689521","55689673","26","43129666"
"chr7","12629358","12629654","chr18","16175515","16175810","35","3546157"
"chr7","13202735","13203029","chr6","156407209","156407501","51","143204474"
"chr7","13426632","13426877","chr13","20654532","20654795","54","7227900"
"chr7","13784273","13784388","chrY","23799312","23799433","25","10015039"
"chr7","13955361","13955536","chrX","112820888","112821058","57","98865527"
"chr7","14034990","14035093","chr21","18904416","18904514","36","4869426"
"chr7","14133777","14134051","chr6","21996640","21996924","47","7862863"
"chr7","14185754","14186017","chr12","56719988","56720243","55","42534234"
"chr7","14207050","14207307","chr4","17361545","17361832","56","3154495"
"chr7","14234791","14235090","chr14","68034868","68035165","41","53800077"
"chr7","14398598","14398866","chr16","83113783","83114061","49","68715185"
"chr7","14957534","14957852","chr3","29543518","29543825","49","14585984"
"chr7","15228272","15228416","chr1","9549685","9549816","29","5678587"
"chr7","16132949","16133244","chr16","74872733","74873030","37","58739784"
"chr7","16336918","16337123","chr1","33119483","33119694","45","16782565"
"chr7","16557572","16557887","chr10","19242174","19242471","52","2684602"
"chr7","16961496","16961789","chr3","188474936","188475232","35","171513440"
"chr7","17143220","17143503","chr7","68219695","68219980","55","51076475"
"chr7","18023412","18023715","chr9","125628880","125629188","51","107605468"
"chr7","18913848","18914081","chr12","7976073","7976306","49","10937775"
"chr7","19190365","19190669","chrX","31351615","31351909","42","12161250"
"chr7","19198665","19198945","chr16","9051048","9051327","49","10147617"
"chr7","19200280","19200553","chr1","156823272","156823543","58","137622992"
"chr7","19315497","19315741","chr2A","18068046","18068275","55","1247451"
"chr7","20581276","20581451","chr11","109554544","109554715","32","88973268"
"chr7","22297764","22298051","chr4","73223213","73223502","79","50925449"
"chr7","22417452","22417756","chr20","25329106","25329397","62","2911654"
"chr7","22698183","22698385","chr5","142194859","142195062","32","119496676"
"chr7","22699067","22699371","chr8","97297883","97298191","77","74598816"
"chr7","22735343","22735630","chrX","97649878","97650177","62","74914535"
"chr7","23517732","23517886","chr12","111159019","111159168","39","87641287"
"chr7","24176368","24176546","chr19","57290245","57290428","43","33113877"
"chr7","24201764","24202007","chr7","155725579","155725837","59","131523815"
"chr7","24231540","24231796","chr4","74837617","74837869","49","50606077"
"chr7","24394547","24394862","chr2A","109312847","109313158","50","84918300"
"chr7","24408561","24408862","chrX","97649878","97650177","39","73241317"
"chr7","24602999","24603223","chr3","200381246","200381456","67","175778247"
"chr7","24674990","24675284","chr11","116937561","116937852","61","92262571"
"chr7","25043042","25043333","chr2A","56621617","56621912","35","31578575"
"chr7","25583877","25584094","chr9","39425593","39425816","41","13841716"
"chr7","26048193","26048385","chr6","111509767","111509949","60","85461574"
"chr7","26763648","26763939","chr1","223886121","223886412","37","197122473"
"chr7","27428232","27428267","chr18","71055270","71055308","11","43627038"
"chr7","27521836","27522125","chr2B","195267294","195267585","37","167745458"
"chr7","27724274","27724583","chr21","17204458","17204766","46","10519816"
"chr7","27941885","27942156","chr9","70629851","70630123","41","42687966"
"chr7","28230807","28231114","chr4","63005979","63006284","43","34775172"
"chr7","28907382","28907601","chr19","11630445","11630668","38","17276937"
"chr7","29016660","29016948","chr14","92206512","92206803","38","63189852"
"chr7","29905740","29905952","chr5","36325003","36325219","39","6419263"
"chr7","30619316","30619569","chr2A","25698755","25699013","36","4920561"
"chr7","31177578","31177884","chr6","28927547","28927843","62","2250031"
"chr7","31648538","31648858","chr20","29063717","29064017","58","2584821"
"chr7","31921599","31921899","chr17","71895553","71895860","60","39973954"
"chr7","32922885","32923149","chr3","136125494","136125756","39","103202609"
"chr7","33216843","33216949","chr17","14037646","14037751","23","19179197"
"chr7","33564783","33565094","chr4","63005979","63006284","51","29441196"
"chr7","33579842","33580128","chr11","105381623","105381915","53","71801781"
"chr7","33955459","33955728","chr7","50101774","50102040","57","16146315"
"chr7","33965722","33965769","chr15","18502592","18502642","10","15463130"
"chr7","34098052","34098352","chr6","20985201","20985506","40","13112851"
"chr7","35382247","35382518","chr7","36643254","36643505","52","1261007"
"chr7","35655260","35655326","chr16","2602040","2602105","23","33053220"
"chr7","35763653","35763866","chr17","63262444","63262638","61","27498791"
"chr7","35774200","35774477","chr1","190028295","190028577","57","154254095"
"chr7","35775146","35775447","chr14","87719174","87719477","32","51944028"
"chr7","35829034","35829309","chr1","223886121","223886412","50","188057087"
"chr7","36159260","36159371","chr14","106105937","106106053","24","69946677"
"chr7","36761399","36761444","chr14","69780075","69780121","11","33018676"
"chr7","37886073","37886352","chr7","141870320","141870598","54","103984247"
"chr7","38075411","38075693","chrX","47072474","47072765","38","8997063"
"chr7","38965601","38965904","chr12","8100508","8100811","42","30865093"
"chr7","40270815","40271104","chr12","45584066","45584365","51","5313251"
"chr7","40772782","40773051","chr5","142193615","142193900","56","101420833"
"chr7","40871928","40872224","chr10","17639192","17639486","35","23232736"
"chr7","40910864","40911156","chr5","146327331","146327630","50","105416467"
"chr7","40955182","40955344","chr1","76560819","76560982","30","35605637"
"chr7","41164493","41164803","chr20","4482960","4483268","47","36681533"
"chr7","41413313","41413610","chr6","73840398","73840681","53","32427085"
"chr7","41579414","41579717","chr1","15349486","15349794","37","26229928"
"chr7","41796042","41796345","chr15","21002694","21002998","33","20793348"
"chr7","42413920","42414090","chr5","90913999","90914167","27","48500079"
"chr7","42476979","42477296","chr7","24736581","24736900","39","17740398"
"chr7","42992715","42992995","chr1","129985985","129986269","40","86993270"
"chr7","43450675","43450936","chr5","104243279","104243540","43","60792604"
"chr7","43668643","43668940","chr21","18562186","18562478","36","25106457"
"chr7","43811618","43811912","chr6","5198260","5198555","42","38613358"
"chr7","43821533","43821842","chr1","69001140","69001441","45","25179607"
"chr7","43901222","43901530","chr17","67267299","67267597","47","23366077"
"chr7","43907071","43907375","chr3","132105679","132105982","41","88198608"
"chr7","44022133","44022433","chr6","159996973","159997263","58","115974840"
"chr7","44055061","44055202","chr1","62239291","62239426","24","18184230"
"chr7","44295710","44295979","chr16","17671947","17672206","44","26623763"
"chr7","44485192","44485466","chr7","4690843","4691129","50","39794349"
"chr7","44593794","44594091","chr3","52270391","52270690","42","7676597"
"chr7","44735816","44735952","chr2A","54662416","54662552","33","9926600"
"chr7","44822148","44822402","chr7","50101774","50102040","58","5279626"
"chr7","44906254","44906543","chr1","19903888","19904183","50","25002366"
"chr7","44943002","44943272","chrX","139629908","139630185","52","94686906"
"chr7","45099111","45099409","chr13","51469938","51470241","38","6370827"
"chr7","45109851","45110156","chr4","43701220","43701525","50","1408631"
"chr7","45618770","45619058","chr19","61710839","61711123","46","16092069"
"chr7","45698180","45698475","chr5","103449307","103449595","48","57751127"
"chr7","45703845","45703967","chr3","32078370","32078494","30","13625475"
"chr7","45776536","45776829","chr2B","206972782","206973081","36","161196246"
"chr7","45948770","45948883","chr6","5192701","5192814","24","40756069"
"chr7","46138277","46138577","chr7","137054253","137054557","38","90915976"
"chr7","46184713","46184993","chr6","21996640","21996924","56","24188073"
"chr7","46248434","46248701","chr6","21996640","21996924","70","24251794"
"chr7","46348829","46349020","chr18","54939601","54939767","65","8590772"
"chr7","46355318","46355443","chr1","21966682","21966801","27","24388636"
"chr7","46653000","46653221","chr5","140994392","140994613","35","94341392"
"chr7","48298952","48299255","chr9","70132690","70132992","47","21833738"
"chr7","48399535","48399830","chr14","68034868","68035165","50","19635333"
"chr7","48434775","48435023","chr11","14011422","14011673","35","34423353"
"chr7","48905782","48905874","chr10","133033316","133033405","29","84127534"
"chr7","49265286","49265593","chr7","95512391","95512698","37","46247105"
"chr7","49319372","49319678","chr13","110232770","110233070","44","60913398"
"chr7","49939289","49939581","chr18","54664388","54664682","50","4725099"
"chr7","49978966","49979262","chr14","92206512","92206803","42","42227546"
"chr7","50075364","50075587","chrX","104754933","104755157","49","54679569"
"chr7","50080630","50080917","chr20","51554153","51554444","55","1473523"
"chr7","50189589","50189814","chr1","15982675","15982899","43","34206914"
"chr7","50227631","50227891","chr7","50101774","50102040","66","125857"
"chr7","50356693","50356962","chr16","25695374","25695646","61","24661319"
"chr7","50430962","50431256","chr4","188614758","188615053","36","138183796"
"chr7","50775792","50776084","chr7","76090784","76091078","37","25314992"
"chr7","50891684","50891955","chr15","72105209","72105463","59","21213525"
"chr7","51282468","51282772","chr10","68350095","68350392","55","17067627"
"chr7","51356375","51356593","chr16","5741595","5741823","40","45614780"
"chr7","51432748","51433058","chrX","69928922","69929226","45","18496174"
"chr7","51564973","51565251","chr1","60603938","60604215","50","9038965"
"chr7","51820376","51820561","chrX","112820888","112821058","47","61000512"
"chr7","51901333","51901622","chr7","72155514","72155803","35","20254181"
"chr7","52678817","52679111","chr7","62105160","62105453","33","9426343"
"chr7","52967054","52967340","chr10","121445116","121445403","38","68478062"
"chr7","53214438","53214635","chr5","142194859","142195062","43","88980421"
"chr7","53261621","53261912","chrX","42747347","42747643","42","10514274"
"chr7","53267347","53267403","chr1","162690674","162690731","10","109423327"
"chr7","53320531","53320830","chrX","144172330","144172625","42","90851799"
"chr7","53464830","53465065","chr12","33560154","33560407","77","19904676"
"chr7","53618406","53618527","chr10","133034201","133034321","17","79415795"
"chr7","53802888","53803006","chr9","121285242","121285363","18","67482354"
"chr7","53998137","53998392","chrX","154915255","154915512","41","100917118"
"chr7","54616692","54616824","chr8","99736917","99737038","47","45120225"
"chr7","54617802","54617993","chr22","28784821","28785017","32","25832981"
"chr7","54636302","54636596","chr20","50565763","50566058","35","4070539"
"chr7","55113327","55113584","chr3","148491912","148492192","63","93378585"
"chr7","55186677","55186961","chr16","69802389","69802675","46","14615712"
"chr7","55290856","55291153","chr1","19903888","19904183","41","35386968"
"chr7","55422291","55422607","chr1","35788128","35788434","49","19634163"
"chr7","55529921","55530204","chr8","82784381","82784673","47","27254460"
"chr7","55540210","55540486","chr12","83909421","83909697","42","28369211"
"chr7","55725254","55725546","chr22","15477241","15477541","49","40248013"
"chr7","55741629","55741742","chr16","28455200","28455328","38","27286429"
"chr7","55793402","55793561","chr1","196864953","196865102","27","141071551"
"chr7","55913487","55913772","chr9","103365958","103366246","48","47452471"
"chr7","55961935","55962158","chr17","14471281","14471512","49","41490654"
"chr7","56340977","56341244","chrX","48484182","48484449","47","7856795"
"chr7","56422887","56423138","chr1","157165222","157165466","39","100742335"
"chr7","56623640","56623750","chr3","159663151","159663265","16","103039511"
"chr7","56684350","56684699","chr1","25653805","25654126","86","31030545"
"chr7","56721116","56721282","chr1","22729074","22729240","17","33992042"
"chr7","56857250","56857484","chr17","14471281","14471512","41","42385969"
"chr7","57431783","57432060","chr1","32932683","32932967","54","24499100"
"chr7","57758851","57759149","chr12","102118093","102118385","43","44359242"
"chr7","57855231","57855530","chrX","40740697","40740999","41","17114534"
"chr7","57896661","57896907","chr1","212769688","212769915","55","154873027"
"chr7","57937259","57937561","chr9","97196371","97196671","42","39259112"
"chr7","58215139","58215459","chr11","113090500","113090810","47","54875361"
"chr7","58545757","58545891","chr16","28455200","28455328","23","30090557"
"chr7","58552875","58553183","chr1","51006283","51006582","42","7546592"
"chr7","58844046","58844338","chr18","28065068","28065363","40","30778978"
"chr7","59884533","59884817","chr7","72155514","72155803","37","12270981"
"chr7","60299372","60299470","chr1","40438526","40438624","27","19860846"
"chr7","60567274","60567507","chr10","71727584","71727815","43","11160310"
"chr7","60722656","60722882","chr15","61939803","61940033","40","1217147"
"chr7","60758940","60759252","chr6","32195163","32195460","52","28563777"
"chr7","60819489","60819672","chr3","10317925","10318097","43","50501564"
"chr7","60900878","60901187","chrX","106002760","106003067","43","45101882"
"chr7","61087118","61087415","chr14","34129106","34129400","32","26958012"
"chr7","61238656","61238958","chr16","74872733","74873030","40","13634077"
"chr7","61368444","61368732","chr1","46126305","46126592","29","15242139"
"chr7","61406466","61406751","chr4","107714319","107714602","49","46307853"
"chr7","61589085","61589376","chr5","145121601","145121895","40","83532516"
"chr7","61602584","61602815","chr3","53568365","53568594","45","8034219"
"chr7","61755025","61755305","chr1","19903888","19904183","49","41851137"
"chr7","62172577","62172872","chr1","90464356","90464648","42","28291779"
"chr7","62189341","62189632","chr3","188474936","188475232","41","126285595"
"chr7","62225098","62225386","chr6","136089580","136089876","40","73864482"
"chr7","62357764","62357886","chr17","60451172","60451292","16","1906592"
"chr7","62394907","62395199","chr6","151307798","151308094","36","88912891"
"chr7","62485640","62485946","chr3","152649885","152650191","51","90164245"
"chr7","62568025","62568145","chr15","57481759","57481881","32","5086266"
"chr7","62734110","62734269","chr1","9621842","9622012","40","53112268"
"chr7","62824098","62824320","chr12","12701243","12701469","60","50122855"
"chr7","62836795","62836976","chr7","72579677","72579859","38","9742882"
"chr7","62863347","62863635","chr5","78767207","78767504","47","15903860"
"chr7","62963439","62963670","chrX","136835969","136836195","38","73872530"
"chr7","62971821","62972117","chr6","5198260","5198555","50","57773561"
"chr7","63058327","63058610","chr10","4939914","4940204","50","58118413"
"chr7","63247955","63248239","chr16","83113783","83114061","53","19865828"
"chr7","63309269","63309562","chr14","92206512","92206803","36","28897243"
"chr7","63323216","63323499","chr7","72155514","72155803","42","8832298"
"chr7","63330778","63330998","chr1","203411682","203411893","41","140080904"
"chr7","64163113","64163374","chr8","16374274","16374547","50","47788839"
"chr7","64625833","64626003","chr1","40538831","40539000","34","24087002"
"chr7","64798913","64799211","chr21","4330201","4330510","52","60468712"
"chr7","65031779","65032003","chr1","25596125","25596349","33","39435654"
"chr7","65226178","65226487","chr1","54537654","54537949","50","10688524"
"chr7","65268685","65268982","chr9","91615510","91615809","38","26346825"
"chr7","65276827","65277128","chr6","20985201","20985506","44","44291626"
"chr7","65531612","65531772","chr3","33353665","33353826","24","32177947"
"chr7","65592627","65592805","chr5","90913999","90914167","44","25321372"
"chr7","65651770","65651885","chr6","5192701","5192814","22","60459069"
"chr7","66012225","66012286","chr6","163645349","163645410","7","97633124"
"chr7","66012795","66012945","chr12","111034094","111034236","33","45021299"
"chr7","66107224","66107532","chr5","35255023","35255326","38","30852201"
"chr7","66167008","66167308","chr1","160177527","160177827","35","94010519"
"chr7","66214994","66215283","chr12","102118093","102118385","35","35903099"
"chr7","66325229","66325511","chr7","81601481","81601765","42","15276252"
"chr7","66596477","66596663","chr13","50788582","50788745","44","15807895"
"chr7","66780902","66781212","chr1","54063919","54064217","55","12716983"
"chr7","66789340","66789644","chr7","95512391","95512698","37","28723051"
"chr7","66925060","66925314","chr4","160361532","160361799","59","93436472"
"chr7","66978982","66979270","chr17","43703810","43704100","41","23275172"
"chr7","67074973","67075276","chr12","365296","365594","41","66709677"
"chr7","67802009","67802306","chr7","44392726","44393021","45","23409283"
"chr7","68595638","68595945","chr1","152743362","152743656","48","84147724"
"chr7","68670073","68670266","chr16","10981799","10982009","68","57688274"
"chr7","69325298","69325593","chr1","152743362","152743656","45","83418064"
"chr7","69562143","69562291","chr9","71585376","71585513","27","2023233"
"chr7","69580828","69581130","chr1","54537654","54537949","48","15043174"
"chr7","69606647","69606838","chr17","66052925","66053119","32","3553722"
"chr7","69655083","69655388","chr19","6229542","6229841","53","63425541"
"chr7","69702033","69702332","chr1","90464356","90464648","50","20762323"
"chr7","69751248","69751534","chr17","57297957","57298242","41","12453291"
"chr7","69862336","69862639","chr11","122631326","122631633","43","52768990"
"chr7","69874502","69874781","chr2A","34496954","34497230","41","35377548"
"chr7","70105950","70106124","chrX","77770215","77770386","29","7664265"
"chr7","70249241","70249538","chr1","152743362","152743656","43","82494121"
"chr7","70270111","70270406","chr1","91504109","91504402","44","21233998"
"chr7","70312041","70312341","chr3","188474936","188475232","43","118162895"
"chr7","70374592","70374887","chrX","31351615","31351909","55","39022977"
"chr7","70562307","70562574","chr15","72105209","72105463","48","1542902"
"chr7","70615720","70615864","chr3","67010785","67010929","28","3604935"
"chr7","70628415","70628708","chr3","15802430","15802725","41","54825985"
"chr7","71690074","71690379","chr9","94998809","94999118","42","23308735"
"chr7","71877890","71878180","chrX","31351615","31351909","40","40526275"
"chr7","71929150","71929457","chr4","73013390","73013701","51","1084240"
"chr7","72257055","72257318","chr16","17671947","17672206","42","54585108"
"chr7","72391704","72391995","chr10","83642827","83643117","34","11251123"
"chr7","72474602","72474788","chr19","52459842","52460065","59","20014760"
"chr7","72861601","72861904","chr4","55876421","55876716","40","16985180"
"chr7","73288880","73289032","chr4","35564657","35564807","39","37724223"
"chr7","73452470","73452665","chrX","39074294","39074507","54","34378176"
"chr7","73696284","73696585","chr12","365296","365594","49","73330988"
"chr7","74099710","74100003","chr3","103771940","103772231","33","29672230"
"chr7","74355994","74356281","chr12","95365728","95366019","36","21009734"
"chr7","74500857","74501171","chr4","121107269","121107575","54","46606412"
"chr7","74569051","74569278","chr2A","61770756","61770982","33","12798295"
"chr7","74711643","74711892","chrX","40854765","40854989","53","33856878"
"chr7","74753670","74753924","chr1","157165222","157165466","46","82411552"
"chr7","74831821","74831959","chr1","9549685","9549816","46","65282136"
"chr7","75524478","75524784","chr3","17771555","17771852","52","57752923"
"chr7","75593230","75593526","chr19","49334612","49334911","32","26258618"
"chr7","76356286","76356425","chr1","42126393","42126530","20","34229893"
"chr7","76739362","76739654","chr16","2327719","2328013","31","74411643"
"chr7","76916674","76916732","chr1","106968302","106968373","23","30051628"
"chr7","76930667","76930958","chr7","44392726","44393021","44","32537941"
"chr7","77308412","77308699","chr1","12807216","12807493","39","64501196"
"chr7","77309999","77310291","chrX","47072474","47072765","37","30237525"
"chr7","77740017","77740312","chrX","31351615","31351909","39","46388402"
"chr7","78343150","78343380","chr15","61939803","61940033","38","16403347"
"chr7","78489624","78489909","chr8","143690815","143691111","38","65201191"
"chr7","78590419","78590710","chr16","2327719","2328013","40","76262700"
"chr7","78797295","78797582","chr8","29880352","29880641","39","48916943"
"chr7","78845055","78845343","chr5","38415598","38415886","32","40429457"
"chr7","78861065","78861373","chr10","131911447","131911753","52","53050382"
"chr7","79120686","79120976","chrX","70267582","70267875","44","8853104"
"chr7","79200422","79200716","chr1","19903888","19904183","34","59296534"
"chr7","79242770","79243060","chr12","32917166","32917461","46","46325604"
"chr7","79487005","79487270","chr8","86047820","86048083","36","6560815"
"chr7","79505659","79505792","chr1","9549685","9549816","26","69955974"
"chr7","79593010","79593046","chr6","43550744","43550784","8","36042266"
"chr7","79654715","79654869","chr6","140321017","140321182","32","60666302"
"chr7","79697051","79697206","chr6","109013841","109013997","34","29316790"
"chr7","79749723","79749994","chr6","140238574","140238842","57","60488851"
"chr7","80243569","80243864","chr1","46142449","46142740","44","34101120"
"chr7","80262242","80262483","chr9","27888058","27888304","47","52374184"
"chr7","80273148","80273430","chr7","81601481","81601765","42","1328333"
"chr7","80410669","80410964","chr7","65838229","65838526","36","14572440"
"chr7","80444331","80444522","chr1","45933936","45934126","23","34510395"
"chr7","80496466","80496702","chr12","56719988","56720243","58","23776478"
"chr7","80918221","80918432","chr19","10688476","10688689","38","70229745"
"chr7","81079166","81079315","chr8","22712501","22712650","39","58366665"
"chr7","81197527","81197810","chr10","5772699","5772996","48","75424828"
"chr7","81202924","81203207","chr5","156396677","156396962","41","75193753"
"chr7","81476554","81476851","chr17","67267299","67267597","42","14209255"
"chr7","82801376","82801642","chr16","86352618","86352875","47","3551242"
"chr7","83220750","83221044","chr9","103365958","103366246","32","20145208"
"chr7","84968570","84968861","chr10","83642827","83643117","36","1325743"
"chr7","85127661","85127963","chr7","2677175","2677482","40","82450486"
"chr7","85444792","85445082","chr2B","167404741","167405042","57","81959949"
"chr7","85657572","85657891","chr19","3545163","3545462","131","82112409"
"chr7","85696232","85696387","chr12","110511751","110511903","32","24815519"
"chr7","85811646","85811927","chr18","69617285","69617569","45","16194361"
"chr7","87154314","87154604","chr7","73718106","73718390","39","13436208"
"chr7","87281235","87281516","chr13","98301398","98301679","46","11020163"
"chr7","87444515","87444797","chr14","97975373","97975663","46","10530858"
"chr7","87479937","87480213","chr14","92206512","92206803","44","4726575"
"chr7","87527976","87528178","chr22","28784821","28785017","33","58743155"
"chr7","87759875","87760165","chr22","40447353","40447646","38","47312522"
"chr7","87914382","87914657","chr19","16328375","16328646","40","71586007"
"chr7","88851058","88851346","chr11","33177876","33178165","38","55673182"
"chr7","89033747","89034038","chr2B","242630921","242631213","32","153597174"
"chr7","89157254","89157370","chr19","10265822","10265947","23","78891432"
"chr7","89211322","89211594","chrX","47072474","47072765","58","42138848"
"chr7","89307731","89308009","chr16","69802389","69802675","43","19505342"
"chr7","90037967","90038182","chr2B","206202971","206203181","32","116165004"
"chr7","90524954","90525145","chr3","48879451","48879650","44","41645503"
"chr7","91757503","91757797","chr1","102063646","102063950","42","10306143"
"chr7","93990019","93990314","chr1","90464356","90464648","40","3525663"
"chr7","94337948","94338152","chr4","162522625","162522825","35","68184677"
"chr7","95064791","95064885","chr5","141237914","141238000","29","46173123"
"chr7","96396908","96397197","chr17","5318110","5318400","43","91078798"
"chr7","96514147","96514437","chr4","75910000","75910287","40","20604147"
"chr7","96981926","96982222","chr3","188474936","188475232","36","91493010"
"chr7","97201790","97202003","chr5","102439665","102439875","27","5237875"
"chr7","97510499","97510787","chr3","190952266","190952555","40","93441767"
"chr7","97624895","97625074","chr5","51215133","51215323","48","46409762"
"chr7","98791089","98791364","chr21","17322275","17322566","54","81468814"
"chr7","98827125","98827284","chr14","20127722","20127887","45","78699403"
"chr7","99070509","99070816","chr14","99861157","99861464","49","790648"
"chr7","100313575","100313871","chr11","110001014","110001304","46","9687439"
"chr7","100355284","100355563","chr7","141870320","141870598","45","41515036"
"chr7","100365156","100365433","chr1","90464356","90464648","40","9900800"
"chr7","100683723","100684025","chr6","37521639","37521940","37","63162084"
"chr7","101751400","101751676","chr4","17361545","17361832","51","84389855"
"chr7","102231026","102231320","chrX","47072474","47072765","41","55158552"
"chr7","102401203","102401490","chr4","75910000","75910287","43","26491203"
"chr7","102499422","102499717","chr10","38465004","38465298","34","64034418"
"chr7","102572271","102572513","chr16","52106454","52106689","39","50465817"
"chr7","102970427","102970737","chr15","21002694","21002998","46","81967733"
"chr7","103001849","103002103","chr9","10834363","10834619","50","92167486"
"chr7","103184270","103184558","chrX","47072474","47072765","30","56111796"
"chr7","103360401","103360483","chr8","111551358","111551444","32","8190957"
"chr7","103360637","103360841","chrX","24058638","24058836","35","79301999"
"chr7","103854066","103854323","chr15","72105209","72105463","43","31748857"
"chr7","103910352","103910646","chr16","2327719","2328013","39","101582633"
"chr7","104264100","104264226","chr15","89538358","89538482","29","14725742"
"chr7","104911130","104911283","chr17","15421459","15421608","36","89489671"
"chr7","104911971","104912108","chr3","32078370","32078494","29","72833601"
"chr7","106013078","106013349","chrX","48484182","48484449","37","57528896"
"chr7","106055866","106056162","chr13","98398645","98398941","44","7657221"
"chr7","106486126","106486410","chr19","57951008","57951284","42","48535118"
"chr7","107579622","107579817","chr3","32317287","32317480","70","75262335"
"chr7","108339809","108340107","chr7","54603695","54603992","46","53736114"
"chr7","108520248","108520556","chr8","52541202","52541509","48","55979046"
"chr7","108839537","108839663","chr4","42403441","42403565","27","66436096"
"chr7","110315461","110315668","chr4","112217942","112218153","52","1902481"
"chr7","110337636","110337924","chr19","57951008","57951284","64","52386628"
"chr7","111531637","111531933","chr6","5198260","5198555","42","106333377"
"chr7","112191788","112192084","chr1","35826940","35827233","43","76364848"
"chr7","112996348","112996646","chr3","12555497","12555790","45","100440851"
"chr7","113498057","113498351","chr7","44392726","44393021","49","69105331"
"chr7","113503109","113503400","chr3","128402386","128402679","39","14899277"
"chr7","113703219","113703464","chr1","157165222","157165466","47","43462003"
"chr7","113770073","113770348","chr1","129985985","129986269","46","16215912"
"chr7","114356249","114356365","chr8","39489245","39489357","18","74867004"
"chr7","114417523","114417764","chr7","50101774","50102040","60","64315749"
"chr7","115864481","115864671","chr7","42616317","42616505","33","73248164"
"chr7","117425969","117426272","chr14","90603404","90603704","36","26822565"
"chr7","117437249","117437529","chr16","75388643","75388925","53","42048606"
"chr7","117465632","117465939","chr15","21002694","21002998","42","96462938"
"chr7","117596022","117596162","chr3","32078370","32078494","35","85517652"
"chr7","118177965","118178256","chr1","210819403","210819695","45","92641438"
"chr7","118188246","118188527","chr10","130099990","130100267","39","11911744"
"chr7","118767111","118767430","chr12","112699825","112700125","57","6067286"
"chr7","120507526","120507808","chr6","136089580","136089876","48","15582054"
"chr7","121130498","121130803","chr4","39839809","39840110","33","81290689"
"chr7","122902030","122902326","chr12","71787117","71787412","48","51114913"
"chr7","122915977","122916261","chr3","137175935","137176224","45","14259958"
"chr7","123506184","123506532","chr17","56726755","56727096","85","66779429"
"chr7","123572094","123572254","chr8","95767122","95767292","33","27804972"
"chr7","124812709","124812864","chr22","20106335","20106490","23","104706374"
"chr7","126029423","126029664","chrX","95725181","95725426","40","30304242"
"chr7","126077613","126077905","chr5","115052536","115052829","45","11025077"
"chr7","126855798","126855966","chr5","25360106","25360270","29","101495692"
"chr7","127402446","127402704","chr1","160389910","160390153","58","32987464"
"chr7","127431745","127432042","chr12","32917166","32917461","59","94514579"
"chr7","127754131","127754252","chr7","106449286","106449409","15","21304845"
"chr7","128064862","128065169","chr6","20985201","20985506","47","107079661"
"chr7","128094036","128094311","chr7","5337636","5337918","51","122756400"
"chr7","128212756","128212829","chr1","93715369","93715430","31","34497387"
"chr7","128523010","128523154","chr2A","109456513","109456658","19","19066497"
"chr7","128523334","128523491","chr12","55689521","55689673","17","72833813"
"chr7","128668243","128668361","chr3","187479703","187479826","24","58811460"
"chr7","128697176","128697362","chr5","135508906","135509092","35","6811730"
"chr7","128780294","128780413","chr13","92843855","92843981","28","35936439"
"chr7","128931654","128931902","chr18","22463547","22463781","57","106468107"
"chr7","129563900","129564115","chr5","140994392","140994613","36","11430492"
"chr7","129771994","129772290","chr12","6343560","6343852","39","123428434"
"chr7","130154107","130154328","chr3","53568365","53568594","44","76585742"
"chr7","130912964","130913250","chr6","151307798","151308094","44","20394834"
"chr7","131226094","131226402","chr6","20984308","20984618","43","110241786"
"chr7","131264211","131264494","chr7","106782196","106782471","60","24482015"
"chr7","131448295","131448578","chr21","18562186","18562478","43","112886109"
"chr7","133340158","133340446","chr1","152743362","152743656","48","19403204"
"chr7","133652104","133652403","chr4","43701220","43701525","43","89950884"
"chr7","133697411","133697595","chr4","158655729","158655906","32","24958318"
"chr7","134965624","134965896","chr17","27800099","27800376","57","107165525"
"chr7","135889398","135889696","chr7","62105160","62105453","37","73784238"
"chr7","137267235","137267351","chr1","21966682","21966801","15","115300553"
"chr7","137276029","137276223","chr11","129081819","129082020","42","8194210"
"chr7","140333165","140333452","chr14","92206512","92206803","41","48126653"
"chr7","140436076","140436224","chr1","196864953","196865102","40","56428877"
"chr7","141622837","141623128","chr2A","9980700","9980975","55","131642137"
"chr7","142040370","142040652","chr7","128083425","128083707","42","13956945"
"chr7","142051006","142051283","chr16","17671947","17672206","64","124379059"
"chr7","142115741","142115859","chr3","187479703","187479826","42","45363962"
"chr7","142645945","142646234","chr7","72155514","72155803","37","70490431"
"chr7","143072323","143072545","chr16","73059972","73060198","34","70012351"
"chr7","143282910","143283205","chr7","150537160","150537455","31","7254250"
"chr7","143412364","143412460","chr22","21979643","21979735","26","121432721"
"chr7","143788186","143788344","chr6","109013841","109013997","34","34774345"
"chr7","144043282","144043454","chr19","8319791","8319966","32","135723491"
"chr7","144268296","144268586","chr3","188474936","188475232","50","44206640"
"chr7","144274333","144274504","chr5","178689368","178689532","30","34415035"
"chr7","144500825","144501119","chr6","35177113","35177410","36","109323712"
"chr7","144779036","144779250","chr5","140994392","140994613","37","3784644"
"chr7","144841668","144841916","chr5","100517499","100517726","54","44324169"
"chr7","144848241","144848422","chr9","34117341","34117522","41","110730900"
"chr7","144970419","144970702","chr2B","128624362","128624644","45","16346057"
"chr7","145190210","145190296","chr8","129133947","129134035","31","16056263"
"chr7","145191296","145191430","chr3","200554809","200554942","24","55363513"
"chr7","145299372","145299664","chr12","55246717","55247004","38","90052655"
"chr7","145348178","145348305","chr2A","43830458","43830588","23","101517720"
"chr7","145517293","145517528","chr18","22463547","22463781","33","123053746"
"chr7","146285472","146285762","chr22","29993631","29993926","55","116291841"
"chr7","147575687","147575988","chr19","49334612","49334911","38","98241075"
"chr7","148823334","148823623","chr10","98717143","98717438","37","50106191"
"chr7","148887890","148888164","chr14","72181021","72181295","46","76706869"
"chr7","148897506","148897783","chr2B","224772880","224773153","50","75875374"
"chr7","148983264","148983423","chr1","6601296","6601459","25","142381968"
"chr7","149061734","149062027","chr4","89238964","89239264","38","59822770"
"chr7","149875482","149875764","chr19","56253266","56253547","40","93622216"
"chr7","149993223","149993510","chr1","19903888","19904183","42","130089335"
"chr7","150587638","150587768","chr1","195079114","195079244","17","44491476"
"chr7","150711494","150711789","chr8","106787932","106788226","49","43923562"
"chr7","150976741","150976859","chr20","28695485","28695609","28","122281256"
"chr7","153142722","153142933","chr1","203411682","203411893","34","50268960"
"chr7","153187805","153188114","chr12","110791901","110792207","72","42395904"
"chr7","153282456","153282734","chr17","27800099","27800376","50","125482357"
"chr7","154526338","154526631","chr5","41132559","41132854","43","113393779"
"chr7","155277018","155277298","chr3","29568759","29569030","55","125708259"
"chr8","1147123","1147372","chr4","130063803","130064062","37","128916680"
"chr8","4131903","4132191","chr7","72155514","72155803","40","68023611"
"chr8","4133047","4133244","chr1","165599411","165599606","34","161466364"
"chr8","4666979","4667271","chr1","90464356","90464648","32","85797377"
"chr8","4737666","4737952","chr8","85938160","85938446","38","81200494"
"chr8","4956570","4956860","chr17","19680580","19680878","51","14724010"
"chr8","5363350","5363632","chr14","92206512","92206803","39","86843162"
"chr8","6269521","6269813","chr7","44392726","44393021","40","38123205"
"chr8","7407920","7408211","chr7","96912045","96912338","36","89504125"
"chr8","7439022","7439306","chrX","106485351","106485634","44","99046329"
"chr8","7552184","7552484","chr10","71706529","71706829","46","64154345"
"chr8","7562961","7563267","chr15","76458302","76458610","41","68895341"
"chr8","7594935","7595165","chr8","52904315","52904536","50","45309380"
"chr8","7750184","7750259","chr5","180810620","180810683","19","173060436"
"chr8","7891561","7891856","chrX","47072474","47072765","41","39180913"
"chr8","8920746","8920995","chr11","14011422","14011673","40","5090676"
"chr8","10074833","10075118","chr15","28850041","28850326","44","18775208"
"chr8","10309618","10309916","chr15","73054135","73054430","39","62744517"
"chr8","11349702","11349981","chr7","38464768","38465041","42","27115066"
"chr8","12266648","12266940","chr3","110164216","110164512","37","97897568"
"chr8","12328861","12328968","chr12","39211337","39211446","25","26882476"
"chr8","12329077","12329273","chr17","8308183","8308382","42","4020894"
"chr8","12340116","12340399","chr22","19159215","19159515","61","6819099"
"chr8","13274344","13274636","chr3","52270391","52270690","57","38996047"
"chr8","13412337","13412490","chr7","44725975","44726118","25","31313638"
"chr8","14163700","14163995","chr17","67267299","67267597","38","53103599"
"chr8","14375991","14376195","chr7","944398","944609","44","13431593"
"chr8","16795842","16796033","chr7","42616317","42616505","36","25820475"
"chr8","16894851","16895127","chr5","104243279","104243540","57","87348428"
"chr8","17261073","17261188","chr17","60451172","60451292","27","43190099"
"chr8","17547745","17548012","chr4","191069928","191070205","45","173522183"
"chr8","18717046","18717341","chr3","12555497","12555790","38","6161549"
"chr8","18937357","18937487","chr2A","43830458","43830588","24","24893101"
"chr8","19047603","19047873","chrX","35492963","35493232","59","16445360"
"chr8","19274137","19274434","chr3","152512400","152512696","39","133238263"
"chr8","19726514","19726729","chr2A","54821998","54822207","39","35095484"
"chr8","20634867","20635067","chr15","63970877","63971084","36","43336010"
"chr8","20953350","20953632","chrX","47072474","47072765","40","26119124"
"chr8","21576870","21577165","chr9","91828316","91828607","48","70251446"
"chr8","22177982","22178275","chr6","32195163","32195460","38","10017181"
"chr8","22797738","22798042","chrX","97649878","97650177","52","74852140"
"chr8","23859235","23859545","chr3","137175935","137176224","72","113316700"
"chr8","23944878","23945133","chr9","127655467","127655724","42","103710589"
"chr8","25505663","25505955","chr14","34129106","34129400","38","8623443"
"chr8","25629260","25629559","chr17","63386206","63386501","37","37756946"
"chr8","25691431","25691701","chr13","57833915","57834186","47","32142484"
"chr8","25786822","25786956","chr16","30083290","30083422","28","4296468"
"chr8","26603281","26603399","chr6","144249718","144249836","25","117646437"
"chr8","28008789","28008940","chr1","52410086","52410238","37","24401297"
"chr8","28244291","28244587","chr1","180340430","180340740","51","152096139"
"chr8","28463675","28463969","chr12","56466235","56466531","43","28002560"
"chr8","28832669","28832960","chrX","70267582","70267875","44","41434913"
"chr8","29057449","29057664","chr8","124345340","124345559","37","95287891"
"chr8","29394831","29395056","chr1","25596125","25596349","33","3798706"
"chr8","29469854","29470133","chr17","27800099","27800376","41","1669755"
"chr8","29481975","29482116","chr2A","75175041","75175184","20","45693066"
"chr8","29677159","29677468","chr10","45811121","45811427","63","16133962"
"chr8","29892904","29893205","chr4","53929597","53929900","50","24036693"
"chr8","30372695","30372981","chr3","190952266","190952555","49","160579571"
"chr8","30875696","30875965","chr8","143844286","143844547","56","112968590"
"chr8","31985706","31985881","chr1","45214102","45214277","54","13228396"
"chr8","32023600","32023925","chr2B","157845262","157845565","67","125821662"
"chr8","32146103","32146412","chr5","42969381","42969689","51","10823278"
"chr8","32271989","32272205","chr15","63970877","63971084","60","31698888"
"chr8","32533849","32534135","chr1","29080209","29080495","48","3453640"
"chr8","32667110","32667394","chr1","180728670","180728958","58","148061560"
"chr8","32875445","32875736","chr6","11275553","11275848","34","21599892"
"chr8","32883115","32883334","chr15","72086212","72086428","60","39203097"
"chr8","32893498","32893807","chr6","20984308","20984618","40","11909190"
"chr8","32962534","32962720","chr4","1950016","1950226","54","31012518"
"chr8","33073959","33074247","chrX","47072474","47072765","55","13998515"
"chr8","33081106","33081314","chr4","138841697","138841907","32","105760591"
"chr8","34667850","34668138","chr1","190028295","190028577","56","155360445"
"chr8","34747652","34747949","chr2A","46426419","46426720","40","11678767"
"chr8","35577773","35578076","chr2A","38946614","38946914","37","3368841"
"chr8","35843085","35843211","chr1","195079114","195079244","29","159236029"
"chr8","36309629","36309920","chr2A","56621617","56621912","51","20311988"
"chr8","37529224","37529460","chr3","35042491","35042727","52","2486733"
"chr8","37529461","37529601","chr2A","109456513","109456658","31","71927052"
"chr8","38182314","38182600","chr12","71787117","71787412","50","33604803"
"chr8","38328410","38328529","chr13","113052924","113053040","30","74724514"
"chr8","38618914","38619213","chr3","126460235","126460535","48","87841321"
"chr8","38680606","38680828","chr1","129771150","129771381","51","91090544"
"chr8","39367815","39368106","chr2A","44952766","44953054","35","5584951"
"chr8","40559508","40559804","chr12","365296","365594","47","40194212"
"chr8","40560366","40560653","chrX","51142524","51142811","44","10582158"
"chr8","41144256","41144544","chr15","67071135","67071428","43","25926879"
"chr8","42225581","42225842","chr4","160361532","160361799","55","118135951"
"chr8","42982042","42982173","chr7","95505293","95505423","26","52523251"
"chr8","43096712","43096995","chr19","41504865","41505155","48","1591847"
"chr8","43180103","43180391","chr5","38415598","38415886","51","4764505"
"chr8","43461395","43461689","chr1","203411896","203412189","46","159950501"
"chr8","43526273","43526571","chr3","15802430","15802725","44","27723843"
"chr8","43542321","43542613","chr14","34149105","34149399","51","9393216"
"chr8","43553451","43553738","chr8","29880352","29880641","43","13673099"
"chr8","43754943","43755253","chr4","74681715","74682017","57","30926772"
"chr8","43991601","43991913","chr6","20985201","20985506","64","23006400"
"chr8","44308004","44308306","chr2B","174455799","174456092","49","130147795"
"chr8","45444007","45444174","chr10","105707301","105707470","38","60263294"
"chr8","45466022","45466204","chr14","59100011","59100197","46","13633989"
"chr8","45466718","45466836","chr9","71585376","71585513","39","26118658"
"chr8","46068172","46068382","chr2A","4890610","4890830","43","41177562"
"chr8","46228071","46228237","chr16","15803699","15803871","48","30424372"
"chr8","46477137","46477441","chr8","70529667","70529975","51","24052530"
"chr8","46667740","46668033","chr1","17385614","17385909","59","29282126"
"chr8","47698405","47698691","chr1","129985985","129986269","46","82287580"
"chr8","50344549","50344672","chr3","32078370","32078494","26","18266179"
"chr8","51073097","51073384","chr12","96767780","96768061","41","45694683"
"chr8","51623759","51623918","chr6","109013841","109013997","32","57390082"
"chr8","51691536","51691834","chr5","81803905","81804197","66","30112369"
"chr8","52263943","52264167","chr1","25596125","25596349","38","26667818"
"chr8","52567530","52567659","chr2A","43830458","43830588","29","8737072"
"chr8","52869397","52869681","chr14","95732764","95733057","47","42863367"
"chr8","55331272","55331564","chr7","62105160","62105453","40","6773888"
"chr8","56551124","56551420","chr5","173099802","173100101","41","116548678"
"chr8","57058933","57059148","chr1","179087447","179087661","26","122028514"
"chr8","57453839","57453948","chrX","137612523","137612630","24","80158684"
"chr8","59412987","59413223","chr17","14471281","14471512","56","44941706"
"chr8","59427450","59427731","chr8","123163578","123163865","54","63736128"
"chr8","60068294","60068586","chr15","67071135","67071428","50","7002841"
"chr8","60311650","60311939","chr5","103449307","103449595","42","43137657"
"chr8","60965746","60966041","chr6","46575512","46575814","68","14390234"
"chr8","61133174","61133457","chr1","13994076","13994321","72","47139098"
"chr8","62969791","62970051","chr1","180728670","180728958","57","117758879"
"chr8","64722593","64722848","chr1","190028295","190028577","59","125305702"
"chr8","65408294","65408575","chr11","75562870","75563146","46","10154576"
"chr8","65531689","65531895","chr6","43555259","43555444","55","21976430"
"chr8","65532443","65532555","chrX","82929329","82929442","29","17396886"
"chr8","66201420","66201717","chr14","92206512","92206803","42","26005092"
"chr8","66531636","66531822","chr3","50806237","50806413","44","15725399"
"chr8","66854527","66854833","chr8","99281427","99281735","40","32426900"
"chr8","66975309","66975612","chr12","8100508","8100811","39","58874801"
"chr8","69063521","69063815","chr20","7162578","7162870","40","61900943"
"chr8","69426979","69427284","chr13","47539182","47539484","45","21887797"
"chr8","70342425","70342712","chrX","96380638","96380930","47","26038213"
"chr8","70436503","70436804","chr1","54063919","54064217","43","16372584"
"chr8","70563616","70563895","chr19","57951008","57951284","43","12612608"
"chr8","70656009","70656197","chr3","107782959","107783135","48","37126950"
"chr8","70708945","70709146","chr15","72086212","72086428","53","1377267"
"chr8","71538572","71538854","chr14","92206512","92206803","35","20667940"
"chr8","71561484","71561772","chr5","49783511","49783799","33","21777973"
"chr8","71697317","71697612","chr8","143690815","143691111","45","71993498"
"chr8","72201404","72201694","chr7","136440260","136440557","45","64238856"
"chr8","73640141","73640394","chr3","136125494","136125756","62","62485353"
"chr8","73656914","73657126","chr11","43971131","43971340","43","29685783"
"chr8","73820617","73820904","chr9","85559729","85560017","41","11739112"
"chr8","73883374","73883674","chr4","172223621","172223927","51","98340247"
"chr8","74152111","74152409","chr8","119331037","119331330","50","45178926"
"chr8","75528859","75529157","chr1","27194575","27194882","42","48334284"
"chr8","75692132","75692265","chr22","29798696","29798821","21","45893436"
"chr8","75803716","75804006","chr14","34129106","34129400","41","41674610"
"chr8","76016328","76016627","chr17","43703810","43704100","60","32312518"
"chr8","76343083","76343349","chr7","141870320","141870598","50","65527237"
"chr8","76533155","76533286","chr19","10265822","10265947","25","66267333"
"chr8","77651953","77652264","chr1","180340430","180340740","47","102688477"
"chr8","79831907","79832136","chr1","179087447","179087661","44","99255540"
"chr8","80252476","80252755","chr7","72155514","72155803","40","8096962"
"chr8","80254409","80254688","chr7","72155514","72155803","40","8098895"
"chr8","80926481","80926764","chr10","11933372","11933663","37","68993109"
"chr8","81292680","81292972","chr5","78853860","78854164","44","2438820"
"chr8","84454295","84454574","chr9","85559729","85560017","43","1105434"
"chr8","84520977","84521259","chr6","73840398","73840681","46","10680579"
"chr8","85763533","85763829","chr19","49334612","49334911","34","36428921"
"chr8","85781464","85781761","chr14","19382687","19382983","39","66398777"
"chr8","86713923","86714223","chr6","128740598","128740894","43","42026675"
"chr8","87979877","87980044","chr3","142281791","142281954","30","54301914"
"chr8","87980696","87980834","chr17","62787582","62787713","23","25193114"
"chr8","89230541","89230805","chr10","67957106","67957373","50","21273435"
"chr8","89301283","89301455","chr1","6601296","6601459","55","82699987"
"chr8","89301675","89301734","chr17","4390454","4390512","15","84911221"
"chr8","89855638","89855924","chr5","81803905","81804197","49","8051733"
"chr8","90783716","90784001","chr19","16328375","16328646","47","74455341"
"chr8","91037489","91037787","chr9","6695881","6696174","40","84341608"
"chr8","91075221","91075332","chr17","14037646","14037751","29","77037575"
"chr8","91239036","91239354","chr4","175755369","175755679","63","84516333"
"chr8","91734379","91734700","chr9","125628880","125629188","74","33894501"
"chr8","92018515","92018826","chr1","35788128","35788434","38","56230387"
"chr8","92399121","92399279","chr1","196864953","196865102","40","104465832"
"chr8","92614647","92614940","chr11","132051526","132051818","44","39436879"
"chr8","92769563","92769755","chr3","10317925","10318097","43","82451638"
"chr8","92799004","92799180","chr7","72579677","72579859","34","20219327"
"chr8","93093757","93094034","chr1","50761467","50761753","45","42332290"
"chr8","93147986","93148231","chr1","29091390","29091635","55","64056596"
"chr8","93986372","93986649","chr6","96267920","96268191","62","2281548"
"chr8","94210098","94210385","chr3","140404468","140404753","39","46194370"
"chr8","94391195","94391470","chr3","12555497","12555790","53","81835698"
"chr8","95514884","95515158","chr10","67957106","67957373","46","27557778"
"chr8","96008573","96008849","chr7","109219824","109220106","41","13211251"
"chr8","96255071","96255396","chr7","156460933","156461261","48","60205862"
"chr8","96754566","96754865","chr18","28065068","28065363","43","68689498"
"chr8","97133330","97133623","chr10","32553319","32553609","40","64580011"
"chr8","97253671","97253872","chr3","129962063","129962267","33","32708392"
"chr8","97302195","97302477","chr3","188474936","188475232","42","91172741"
"chr8","97329473","97329771","chr5","42140806","42141096","41","55188667"
"chr8","97337317","97337611","chr1","152743362","152743656","33","55406045"
"chr8","97352645","97352952","chr1","35788128","35788434","51","61564517"
"chr8","97388861","97389147","chr11","43997737","43998027","60","53391124"
"chr8","100185121","100185388","chr7","66888551","66888816","47","33296570"
"chr8","101355027","101355310","chr7","81601481","81601765","42","19753546"
"chr8","101607828","101608100","chr4","160361532","160361799","36","58753704"
"chr8","101924224","101924524","chr17","7900747","7901040","55","94023477"
"chr8","102035076","102035387","chr8","52541202","52541509","39","49493874"
"chr8","103534315","103534468","chr1","40538831","40539000","35","62995484"
"chr8","104103436","104103655","chr17","14471281","14471512","49","89632155"
"chr8","104359088","104359368","chr1","26460961","26461246","44","77898127"
"chr8","104729331","104729420","chr2A","47581163","47581264","28","57148168"
"chr8","105141696","105141873","chr11","109554544","109554715","66","4412848"
"chr8","105265187","105265349","chr7","64864786","64864950","29","40400401"
"chr8","105555846","105556094","chr17","60738631","60738887","75","44817215"
"chr8","105697582","105697852","chr10","67957106","67957373","49","37740476"
"chr8","106134563","106134848","chr12","63400576","63400859","42","42733987"
"chr8","106346532","106346715","chr7","141277077","141277255","19","34930545"
"chr8","106642432","106642734","chr6","32195163","32195460","38","74447269"
"chr8","106697421","106697678","chr6","35889873","35890143","76","70807548"
"chr8","106985416","106985525","chr8","72115445","72115555","19","34869971"
"chr8","107259141","107259299","chr12","110511751","110511903","32","3252610"
"chr8","107270001","107270374","chr8","22975001","22975312","110","84295000"
"chr8","107550268","107550540","chr10","67957106","67957373","41","39593162"
"chr8","107683097","107683379","chr16","69802389","69802675","52","37880708"
"chr8","107779781","107780093","chr9","73476039","73476358","60","34303742"
"chr8","108563491","108563764","chr7","126597300","126597573","38","18033809"
"chr8","108597718","108598022","chr19","49334612","49334911","46","59263106"
"chr8","108664846","108665133","chr3","128402386","128402679","34","19737540"
"chr8","110245843","110246105","chr17","19869413","19869673","46","90376430"
"chr8","110342107","110342416","chr3","122931877","122932178","40","12589770"
"chr8","111197105","111197398","chr1","94943673","94943972","41","16253432"
"chr8","111593692","111593831","chr22","49302200","49302342","23","62291492"
"chr8","112580252","112580516","chr17","46164210","46164479","43","66416042"
"chr8","113656368","113656656","chr1","45313646","45313939","68","68342722"
"chr8","114513256","114513455","chr2B","200383723","200383911","49","85870467"
"chr8","115099622","115099913","chr2B","195267294","195267585","25","80167672"
"chr8","115545280","115545571","chr12","6343560","6343852","40","109201720"
"chr8","115578376","115578674","chrX","31351615","31351909","43","84226761"
"chr8","115689386","115689540","chr7","132090961","132091107","24","16401575"
"chr8","116012723","116013004","chr12","83909421","83909697","48","32103302"
"chr8","116027708","116028006","chr7","131685944","131686245","46","15658236"
"chr8","116190221","116190512","chr17","77195637","77195935","44","38994584"
"chr8","116330548","116330835","chr12","76403317","76403602","43","39927231"
"chr8","116386010","116386304","chr3","29543518","29543825","47","86842492"
"chr8","116409506","116409621","chr10","74406326","74406442","18","42003180"
"chr8","116510894","116511043","chr20","4000002","4000152","25","112510892"
"chr8","116685032","116685238","chr3","200381246","200381456","55","83696214"
"chr8","116832884","116833084","chr2A","33942319","33942523","36","82890565"
"chr8","116934588","116934881","chrX","31351615","31351909","26","85582973"
"chr8","117196265","117196551","chr14","91582134","91582419","51","25614131"
"chr8","117239101","117239402","chr4","2251486","2251791","37","114987615"
"chr8","117294168","117294463","chr6","161081975","161082262","41","43787807"
"chr8","117413628","117413916","chr11","43997737","43998027","37","73415891"
"chr8","119120440","119120738","chrX","31351615","31351909","40","87768825"
"chr8","119402532","119402828","chr14","34129106","34129400","34","85273426"
"chr8","119456781","119457059","chr14","92206512","92206803","43","27250269"
"chr8","119668187","119668487","chr19","12682713","12683014","62","106985474"
"chr8","122369020","122369319","chr3","116377462","116377763","55","5991558"
"chr8","123904484","123904780","chrX","70267582","70267875","46","53636902"
"chr8","124448483","124448707","chr18","72506566","72506801","47","51941917"
"chr8","124448794","124448892","chr2A","47581163","47581264","23","76867631"
"chr8","124489824","124490116","chr3","15802430","15802725","36","108687394"
"chr8","125233745","125234021","chr2A","80557982","80558253","52","44675763"
"chr8","125307530","125307824","chr12","110831621","110831922","37","14475909"
"chr8","127740739","127740875","chr2A","43830458","43830588","20","83910281"
"chr9","1920382","1920671","chr2A","44749581","44749874","43","42829199"
"chr9","2051556","2051690","chr7","95505293","95505423","37","93453737"
"chr9","2168889","2169176","chr3","137175935","137176224","42","135007046"
"chr9","2193238","2193531","chr12","95365728","95366019","42","93172490"
"chr9","2207373","2207664","chr1","210819403","210819695","41","208612030"
"chr9","5390598","5390852","chr16","86352618","86352875","41","80962020"
"chr9","5668119","5668416","chr2B","223664533","223664829","44","217996414"
"chr9","7203669","7203961","chr12","6343560","6343852","50","860109"
"chr9","8634096","8634210","chr1","62157268","62157376","31","53523172"
"chr9","8634663","8634844","chr5","51215133","51215323","33","42580470"
"chr9","8790301","8790591","chr18","5794243","5794537","37","2996058"
"chr9","9128747","9128967","chr12","12701243","12701469","34","3572496"
"chr9","9278459","9278709","chrX","41513115","41513367","41","32234656"
"chr9","9307462","9307761","chr4","108877129","108877431","67","99569667"
"chr9","9307828","9308043","chr19","10688476","10688689","40","1380648"
"chr9","9321416","9321670","chr4","28105543","28105795","39","18784127"
"chr9","9416560","9416862","chr17","60001596","60001898","29","50585036"
"chr9","10384346","10384514","chr2A","50844816","50844990","47","40460470"
"chr9","10577096","10577394","chr12","124447868","124448161","46","113870772"
"chr9","10848344","10848646","chr15","32292880","32293169","60","21444536"
"chr9","10858136","10858420","chr8","8945439","8945722","50","1912697"
"chr9","11808054","11808225","chr4","31998553","31998728","54","20190499"
"chr9","11910960","11911211","chr18","60538058","60538299","57","48627098"
"chr9","12016000","12016303","chr9","129897810","129898105","45","117881810"
"chr9","12330047","12330210","chr12","55689521","55689673","32","43359474"
"chr9","13282421","13282585","chr5","96191443","96191609","34","82909022"
"chr9","13287201","13287309","chr18","3000001","3000114","12","10287200"
"chr9","13678416","13678709","chr7","44392726","44393021","41","30714310"
"chr9","13719831","13720097","chr19","57951008","57951284","50","44231177"
"chr9","13756015","13756311","chr22","40042550","40042859","49","26286535"
"chr9","14404758","14404867","chr14","106105937","106106053","20","91701179"
"chr9","14410570","14410847","chr6","83972309","83972590","62","69561739"
"chr9","14512515","14512820","chrX","45140115","45140406","48","30627600"
"chr9","14537933","14538201","chr12","96451100","96451368","42","81913167"
"chr9","14538788","14539055","chr16","83113783","83114061","55","68574995"
"chr9","14616954","14617250","chr3","188474936","188475232","46","173857982"
"chr9","14700968","14701191","chr1","179087447","179087661","53","164386479"
"chr9","15010054","15010341","chr19","43532493","43532785","40","28522439"
"chr9","15048096","15048403","chr22","43910994","43911297","34","28862898"
"chr9","16226704","16226996","chrX","47072474","47072765","32","30845770"
"chr9","16231994","16232287","chrX","47072474","47072765","32","30840480"
"chr9","17200109","17200344","chr12","36160973","36161212","42","18960864"
"chr9","18240838","18241111","chr2A","74158428","74158704","47","55917590"
"chr9","18365337","18365674","chr1","197548205","197548502","77","179182868"
"chr9","18397803","18398087","chr6","11275553","11275848","52","7122250"
"chr9","18427926","18428061","chr1","123883616","123883770","52","105455690"
"chr9","18629465","18629757","chr7","72155514","72155803","32","53526049"
"chr9","18719556","18719849","chr22","29993631","29993926","38","11274075"
"chr9","19557750","19557970","chrX","6982144","6982368","37","12575606"
"chr9","20195073","20195365","chrX","38243854","38244148","52","18048781"
"chr9","20331485","20331762","chr18","12833752","12834026","39","7497733"
"chr9","20403131","20403426","chr5","115052536","115052829","34","94649405"
"chr9","20529932","20530233","chr1","10484258","10484555","43","10045674"
"chr9","20877265","20877446","chrX","152273210","152273397","45","131395945"
"chr9","21100036","21100323","chr4","17361545","17361832","34","3738491"
"chr9","21147820","21148119","chr12","9151014","9151309","40","11996806"
"chr9","21983909","21984193","chr14","77929691","77929973","47","55945782"
"chr9","23311505","23311803","chr6","20985201","20985506","39","2326304"
"chr9","24572565","24572875","chr5","153488339","153488644","57","128915774"
"chr9","24936323","24936470","chr21","25360010","25360151","44","423687"
"chr9","25103732","25103972","chr16","14567788","14568048","75","10535944"
"chr9","25362459","25362742","chr3","137175935","137176224","43","111813476"
"chr9","25607943","25608249","chr8","20940698","20940999","46","4667245"
"chr9","26977424","26977585","chr1","76560819","76560982","28","49583395"
"chr9","27480212","27480446","chr12","4424246","4424485","36","23055966"
"chr9","27488235","27488540","chr18","9093758","9094066","45","18394477"
"chr9","29074529","29074813","chr9","91828316","91828607","45","62753787"
"chr9","30221699","30222000","chr10","131911447","131911753","55","101689748"
"chr9","32232655","32232955","chrX","31351615","31351909","41","881040"
"chr9","32646251","32646556","chr1","150093146","150093446","45","117446895"
"chr9","33699237","33699520","chr22","16198473","16198754","46","17500764"
"chr9","34428017","34428306","chr5","48159153","48159453","61","13731136"
"chr9","34445537","34445798","chr17","8645851","8646121","50","25799686"
"chr9","34817935","34818223","chr13","99426848","99427133","39","64608913"
"chr9","34935077","34935379","chr4","55876421","55876716","45","20941344"
"chr9","35014470","35014775","chr20","37855519","37855823","43","2841049"
"chr9","35064523","35064812","chr7","72950348","72950633","54","37885825"
"chr9","35069910","35070168","chr17","17193293","17193556","39","17876617"
"chr9","35316225","35316438","chr18","66093556","66093779","38","30777331"
"chr9","35641584","35641859","chr6","70644212","70644492","67","35002628"
"chr9","35771640","35771923","chr14","95732764","95733057","46","59961124"
"chr9","35884046","35884241","chr4","112217942","112218153","45","76333896"
"chr9","35940803","35941093","chr6","32195163","32195460","31","3745640"
"chr9","36237640","36237878","chr3","53568365","53568594","37","17330725"
"chr9","36335254","36335442","chr7","72579677","72579859","42","36244423"
"chr9","37450417","37450718","chr12","8100508","8100811","48","29349909"
"chr9","37676748","37677012","chr8","115653070","115653349","52","77976322"
"chr9","37759767","37760083","chr9","6628444","6628752","52","31131323"
"chr9","37886356","37886676","chr15","61152665","61152980","44","23266309"
"chr9","37901780","37902068","chr14","68034868","68035165","67","30133088"
"chr9","37907001","37907133","chr17","62787582","62787713","28","24880581"
"chr9","38058792","38059082","chr8","126312981","126313276","54","88254189"
"chr9","38146846","38147128","chr1","90464356","90464648","47","52317510"
"chr9","38156049","38156338","chr3","52270391","52270690","40","14114342"
"chr9","38396901","38397182","chr10","43324071","43324342","62","4927170"
"chr9","38401661","38401968","chr19","20998193","20998494","38","17403468"
"chr9","38521393","38521555","chr5","90913999","90914167","34","52392606"
"chr9","38593020","38593219","chr17","63262444","63262638","44","24669424"
"chr9","38617714","38618015","chr17","25938644","25938940","43","12679070"
"chr9","38873854","38874099","chr12","4424246","4424485","58","34449608"
"chr9","38921238","38921503","chr6","137854905","137855175","45","98933667"
"chr9","39000035","39000302","chr4","140204117","140204389","53","101204082"
"chr9","39083820","39084115","chr13","79601662","79601966","49","40517842"
"chr9","39153002","39153289","chrX","156059528","156059816","32","116906526"
"chr9","39207361","39207647","chr7","44392726","44393021","41","5185365"
"chr9","39259586","39259719","chr1","9549685","9549816","28","29709901"
"chr9","39286217","39286497","chrX","96380638","96380930","40","57094421"
"chr9","39315470","39315628","chr3","33353665","33353826","27","5961805"
"chr9","39664944","39665234","chr4","43701220","43701525","48","4036276"
"chr9","39733013","39733297","chr4","110414976","110415258","49","70681963"
"chr9","39766921","39767196","chr12","32917166","32917461","52","6849755"
"chr9","39824211","39824510","chr10","121411977","121412278","44","81587766"
"chr9","39842332","39842633","chr3","152512400","152512696","43","112670068"
"chr9","39844300","39844602","chr5","103415837","103416139","39","63571537"
"chr9","40055229","40055540","chr6","22146834","22147136","46","17908395"
"chr9","40128821","40129108","chr4","84099847","84100141","44","43971026"
"chr9","40141136","40141429","chr2A","26420405","26420693","56","13720731"
"chr9","40464468","40464717","chr7","155725579","155725837","51","115261111"
"chr9","40658559","40658827","chr2B","157038273","157038548","61","116379714"
"chr9","40696997","40697247","chr17","19869413","19869673","46","20827584"
"chr9","40822282","40822516","chr2B","184480006","184480239","32","143657724"
"chr9","40860227","40860492","chr3","50403746","50404011","45","9543519"
"chr9","40954953","40955188","chr3","37712773","37713001","35","3242180"
"chr9","41715202","41715500","chr7","158580684","158580979","52","116865482"
"chr9","41784198","41784510","chr12","88340870","88341168","49","46556672"
"chr9","41889536","41889818","chrX","45140115","45140406","42","3250579"
"chr9","41955748","41956031","chr4","110414976","110415258","40","68459228"
"chr9","42045727","42046011","chr4","154253457","154253738","61","112207730"
"chr9","42129100","42129370","chr17","27800099","27800376","53","14329001"
"chr9","42328213","42328503","chr17","38404702","38404990","36","3923511"
"chr9","42380194","42380291","chr17","14037646","14037751","22","28342548"
"chr9","43021247","43021507","chr3","136125494","136125756","33","93104247"
"chr9","43022229","43022526","chr10","68350095","68350392","37","25327866"
"chr9","43094309","43094607","chr4","27846988","27847285","37","15247321"
"chr9","43181191","43181469","chr15","67071135","67071428","49","23889944"
"chr9","43279435","43279726","chr7","62105160","62105453","43","18825725"
"chr9","44530037","44530267","chrX","138475111","138475338","38","93945074"
"chr9","44594396","44594705","chr6","20985201","20985506","43","23609195"
"chr9","44746930","44747074","chr1","152471207","152471358","29","107724277"
"chr9","44922880","44923005","chr2A","43830458","43830588","31","1092422"
"chr9","45061730","45062024","chr20","18493414","18493709","36","26568316"
"chr9","45085149","45085463","chr5","58340552","58340856","43","13255403"
"chr9","45188211","45188522","chr4","90130522","90130826","35","44942311"
"chr9","45271952","45272248","chrX","24031038","24031342","48","21240914"
"chr9","45280782","45281062","chr4","17361545","17361832","50","27919237"
"chr9","45308490","45308789","chr2A","56621617","56621912","45","11313127"
"chr9","45311167","45311460","chr2B","195904389","195904683","36","150593222"
"chr9","45350265","45350476","chr14","69525822","69526030","24","24175557"
"chr9","45350562","45350735","chr19","20495561","20495725","46","24855001"
"chr9","45390023","45390322","chr3","110164216","110164512","52","64774193"
"chr9","45406936","45407235","chr4","53929597","53929900","36","8522661"
"chr9","45505952","45506141","chr7","42616317","42616505","46","2889635"
"chr9","45538172","45538347","chr7","100782170","100782345","34","55243998"
"chr9","45856013","45856281","chrX","48484182","48484449","44","2628169"
"chr9","45869484","45869688","chr6","131563292","131563496","41","85693808"
"chr9","45870080","45870130","chr10","93063371","93063418","16","47193291"
"chr9","46166052","46166302","chr1","157165222","157165466","40","110999170"
"chr9","46544555","46544846","chr1","32932683","32932967","48","13611872"
"chr9","46761775","46761844","chr1","106968302","106968373","14","60206527"
"chr9","48005379","48005661","chr18","12833752","12834026","59","35171627"
"chr9","48700671","48700960","chr11","128171143","128171445","45","79470472"
"chr9","48760147","48760369","chr9","39425593","39425816","40","9334554"
"chr9","49137349","49137634","chr14","92206512","92206803","46","43069163"
"chr9","49160531","49160806","chr1","11725470","11725761","51","37435061"
"chr9","50750352","50750642","chrX","135605956","135606242","72","84855604"
"chr9","51473968","51474079","chr12","39211337","39211446","15","12262631"
"chr9","51808995","51809296","chr20","29063717","29064017","38","22745278"
"chr9","52246932","52247211","chr4","166406665","166406952","42","114159733"
"chr9","53182542","53182839","chr18","10169993","10170291","41","43012549"
"chr9","53506409","53506569","chr16","80432844","80433003","29","26926435"
"chr9","53643063","53643357","chr14","34129106","34129400","45","19513957"
"chr9","53694820","53695101","chr7","72155514","72155803","61","18460694"
"chr9","53833008","53833282","chr9","70629851","70630123","46","16796843"
"chr9","54639528","54639835","chr6","37891072","37891383","52","16748456"
"chr9","54894335","54894613","chr19","57289862","57290150","64","2395527"
"chr9","54897975","54898283","chrX","69928922","69929226","42","15030947"
"chr9","55288715","55288871","chr1","76560819","76560982","33","21272104"
"chr9","55402038","55402307","chr20","32244074","32244342","50","23157964"
"chr9","55800645","55800939","chr12","22625102","22625404","43","33175543"
"chr9","56508221","56508507","chr9","85559729","85560017","39","29051508"
"chr9","56768580","56768885","chr1","182346802","182347108","45","125578222"
"chr9","57077553","57077814","chr7","50101774","50102040","55","6975779"
"chr9","57621754","57621955","chr15","35703664","35703865","41","21918090"
"chr9","57638473","57638770","chr16","74872733","74873030","39","17234260"
"chr9","57918337","57918543","chr20","41301815","41302014","51","16616522"
"chr9","57934662","57934958","chr2A","38946614","38946914","51","18988048"
"chr9","58126244","58126521","chr1","26522702","26522982","45","31603542"
"chr9","58953350","58953644","chr5","53773736","53774028","40","5179614"
"chr9","59066196","59066466","chr3","156919046","156919337","66","97852850"
"chr9","59471280","59471408","chr17","62787582","62787713","20","3316302"
"chr9","59559847","59559967","chr19","10265822","10265947","21","49294025"
"chr9","59955313","59955606","chr4","172092029","172092326","56","112136716"
"chr9","60616096","60616393","chr1","80698454","80698756","43","20082358"
"chr9","61461397","61461661","chr1","191033220","191033497","57","129571823"
"chr9","62161755","62162044","chrX","47072474","47072765","42","15089281"
"chr9","62653519","62653825","chr3","190566087","190566386","50","127912568"
"chr9","63450534","63450646","chr20","28695485","28695609","29","34755049"
"chr9","63751372","63751689","chr12","110791901","110792207","64","47040529"
"chr9","64490378","64490626","chr1","52546224","52546467","54","11944154"
"chr9","64885755","64886076","chr20","37855519","37855823","63","27030236"
"chr9","65397030","65397324","chr7","44392726","44393021","53","21004304"
"chr9","65774100","65774390","chr7","72155514","72155803","41","6381414"
"chr9","65973792","65974052","chr19","56253266","56253547","56","9720526"
"chr9","66132371","66132661","chr1","219743012","219743302","40","153610641"
"chr9","66301498","66301776","chr6","31460034","31460307","54","34841464"
"chr9","66519958","66520230","chr6","143593593","143593862","50","77073635"
"chr9","66906266","66906559","chr3","49271798","49272103","46","17634468"
"chr9","66971590","66971695","chr3","113208918","113209021","21","46237328"
"chr9","67632031","67632327","chr1","24753102","24753405","41","42878929"
"chr9","67776596","67776846","chr1","157165222","157165466","37","89388626"
"chr9","67946513","67946822","chr5","153488339","153488644","51","85541826"
"chr9","68093317","68093595","chr12","38582130","38582418","44","29511187"
"chr9","68156551","68156856","chr6","20985201","20985506","41","47171350"
"chr9","68553944","68554184","chr16","55867878","55868124","57","12686066"
"chr9","68602424","68602603","chr7","42616317","42616505","42","25986107"
"chr9","69375373","69375641","chr9","109187710","109187974","48","39812337"
"chr9","69536559","69536874","chr9","94998809","94999118","45","25462250"
"chr9","70166016","70166196","chr20","9149833","9150014","28","61016183"
"chr9","70638102","70638379","chr1","12807216","12807493","39","57830886"
"chr9","71206731","71207016","chr12","102118093","102118385","45","30911362"
"chr9","71632631","71632931","chrX","47072474","47072765","39","24560157"
"chr9","71742183","71742518","chr3","112542076","112542406","97","40799893"
"chr9","72626809","72627086","chr4","188153712","188153988","53","115526903"
"chr9","72838774","72838951","chr9","37106848","37107021","44","35731926"
"chr9","75344297","75344579","chr12","93116441","93116735","52","17772144"
"chr9","77498036","77498282","chr1","157165222","157165466","39","79667186"
"chr9","78759266","78759555","chr12","4814048","4814342","49","73945218"
"chr9","78848300","78848602","chr6","35356697","35357001","36","43491603"
"chr9","82952941","82953054","chr13","113052924","113053040","26","30099983"
"chr9","83032632","83032940","chr14","74283874","74284179","42","8748758"
"chr9","83319686","83319988","chr6","23087532","23087836","39","60232154"
"chr9","83404236","83404512","chr10","130099990","130100267","55","46695754"
"chr9","83494864","83495154","chr1","190028295","190028577","51","106533431"
"chr9","83850121","83850417","chr19","48820002","48820297","39","35030119"
"chr9","85058120","85058444","chr1","155121123","155121411","62","70063003"
"chr9","85189911","85190198","chrX","135605956","135606242","62","50416045"
"chr9","85391262","85391553","chr6","34792993","34793284","39","50598269"
"chr9","85569785","85570065","chr4","107714319","107714602","47","22144534"
"chr9","86462290","86462511","chr10","18970276","18970498","40","67492014"
"chr9","86553678","86553987","chr1","174982199","174982503","62","88428521"
"chr9","86578015","86578291","chr15","57036562","57036849","48","29541453"
"chr9","86630728","86631037","chr15","73075145","73075451","29","13555583"
"chr9","88272513","88272636","chr3","32078370","32078494","23","56194143"
"chr9","88573386","88573672","chr1","157163483","157163783","48","68590097"
"chr9","88603562","88603774","chr14","69525822","69526030","42","19077740"
"chr9","88648794","88648952","chr16","80432844","80433003","23","8215950"
"chr9","88655689","88656003","chr1","134100974","134101278","54","45445285"
"chr9","88734946","88735255","chr1","35788128","35788434","41","52946818"
"chr9","88781788","88781946","chr10","91418918","91419069","25","2637130"
"chr9","89058978","89059274","chr20","31487061","31487362","48","57571917"
"chr9","90297796","90298083","chr6","140238574","140238842","51","49940778"
"chr9","90336970","90337269","chr7","136440260","136440557","42","46103290"
"chr9","90703755","90703863","chr12","124420169","124420296","30","33716414"
"chr9","91466266","91466554","chr5","105387831","105388119","41","13921565"
"chr9","91676306","91676467","chr1","152471207","152471358","42","60794901"
"chr9","92580698","92580803","chr1","29235522","29235615","28","63345176"
"chr9","93931122","93931331","chr12","104233114","104233320","36","10301992"
"chr9","93989115","93989411","chr1","129043707","129043992","57","35054592"
"chr9","94117055","94117357","chr1","32227429","32227729","49","61889626"
"chr9","94262837","94262997","chr22","20106335","20106490","26","74156502"
"chr9","94335603","94335894","chr15","67071135","67071428","36","27264468"
"chr9","94568788","94569076","chr19","39446655","39446944","48","55122133"
"chr9","95036492","95036784","chr14","92206512","92206803","36","2829980"
"chr9","95141696","95141991","chr3","110164216","110164512","44","15022520"
"chr9","97765646","97765917","chr3","18534509","18534780","44","79231137"
"chr9","97892143","97892421","chr5","74280814","74281094","48","23611329"
"chr9","98716624","98716913","chr1","29080209","29080495","47","69636415"
"chr9","98870950","98871260","chr20","29063717","29064017","53","69807233"
"chr9","99512517","99512816","chr6","32195163","32195460","37","67317354"
"chr9","99549873","99550138","chr10","67957106","67957373","49","31592767"
"chr9","99556220","99556508","chr15","32292880","32293169","43","67263340"
"chr9","99688876","99688998","chr22","29798696","29798821","19","69890180"
"chr9","99691069","99691341","chr7","50101774","50102040","53","49589295"
"chr9","100733000","100733130","chr17","62787582","62787713","30","37945418"
"chr9","100733402","100733558","chr1","196864953","196865102","29","96131551"
"chr9","100773884","100774025","chr12","111034094","111034236","24","10260210"
"chr9","100835119","100835320","chr4","105391526","105391723","49","4556407"
"chr9","101330127","101330234","chr12","111604008","111604128","22","10273881"
"chr9","101720461","101720747","chr4","112038512","112038802","47","10318051"
"chr9","101796905","101797076","chr3","144995056","144995236","52","43198151"
"chr9","101965074","101965368","chr3","12555497","12555790","44","89409577"
"chr9","101972158","101972273","chr17","1270775","1270886","33","100701383"
"chr9","102246605","102246898","chr17","38404702","38404990","42","63841903"
"chr9","102394412","102394592","chr5","51215133","51215323","31","51179279"
"chr9","102405993","102406270","chr19","12544456","12544733","43","89861537"
"chr9","102723861","102723901","chr19","40842646","40842685","8","61881215"
"chr9","102814279","102814568","chr1","215422149","215422451","40","112607870"
"chr9","102900209","102900393","chr1","59605704","59605912","44","43294505"
"chr9","103052052","103052173","chr3","187479703","187479826","16","84427651"
"chr9","103942461","103942655","chr1","165599411","165599606","41","61656950"
"chr9","103973749","103974052","chr1","15898335","15898636","40","88075414"
"chr9","104135155","104135449","chr6","136089580","136089876","49","31954425"
"chr9","104245568","104245876","chr3","190566087","190566386","38","86320519"
"chr9","104287526","104287834","chr12","116759326","116759638","49","12471800"
"chr9","104453358","104453648","chr1","181730175","181730463","39","77276817"
"chr9","104635767","104636059","chr5","145121601","145121895","48","40485834"
"chr9","105185910","105186195","chr4","91046160","91046450","59","14139750"
"chr9","106486078","106486237","chr2B","167956030","167956181","29","61469952"
"chr9","106486239","106486529","chr8","95233868","95234157","39","11252371"
"chr9","106589996","106590196","chrX","154914160","154914375","71","48324164"
"chr9","106748541","106748730","chr2A","62467354","62467540","37","44281187"
"chr9","107429778","107430053","chr3","133115223","133115500","40","25685445"
"chr9","108143321","108143607","chr9","6539107","6539393","40","101604214"
"chr9","108642352","108642483","chr18","36103602","36103733","23","72538750"
"chr9","108751974","108752134","chr2A","62112928","62113092","32","46639046"
"chr9","108960495","108960675","chr20","9149833","9150014","42","99810662"
"chr9","109629049","109629336","chr6","152412431","152412722","54","42783382"
"chr9","109966217","109966520","chr17","47192366","47192671","53","62773851"
"chr9","110338546","110338857","chrX","70267582","70267875","49","40070964"
"chr9","110502392","110502686","chr19","48820002","48820297","49","61682390"
"chr9","110715307","110715583","chr19","57951008","57951284","43","52764299"
"chr9","110762719","110762950","chr12","7976073","7976306","36","102786646"
"chr9","110802655","110802918","chr7","4279811","4280053","58","106522844"
"chr9","110958929","110959221","chr3","188474936","188475232","41","77516007"
"chr9","110959946","110960239","chr3","188474936","188475232","45","77514990"
"chr9","111076652","111076716","chr16","2602040","2602105","14","108474612"
"chr9","111134362","111134652","chr11","43997737","43998027","38","67136625"
"chr9","111138824","111139115","chr11","43997737","43998027","35","67141087"
"chr9","111183597","111183906","chr20","37855519","37855823","45","73328078"
"chr9","111245302","111245566","chr20","32244074","32244342","41","79001228"
"chr9","111257209","111257473","chr20","32244074","32244342","37","79013135"
"chr9","111262380","111262645","chr1","129985985","129986269","50","18723605"
"chr9","111542702","111543005","chr19","49334612","49334911","35","62208090"
"chr9","111578682","111578968","chrX","41305386","41305671","45","70273296"
"chr9","111684906","111685168","chr4","41070433","41070695","49","70614473"
"chr9","111836176","111836479","chr12","106967736","106968034","46","4868440"
"chr9","111973942","111974110","chr13","92844161","92844327","28","19129781"
"chr9","112119064","112119348","chr11","33177876","33178165","38","78941188"
"chr9","112233304","112233588","chr7","109300892","109301171","43","2932412"
"chr9","112407575","112407763","chr18","3423596","3423773","66","108983979"
"chr9","112533372","112533666","chr13","98398645","98398941","36","14134727"
"chr9","112857251","112857551","chr19","49334612","49334911","42","63522639"
"chr9","112983484","112983778","chr20","29063717","29064017","48","83919767"
"chr9","113127831","113128103","chr9","109187710","109187974","71","3940121"
"chr9","113468868","113469168","chr12","8100508","8100811","43","105368360"
"chr9","113534517","113534793","chr12","83909421","83909697","41","29625096"
"chr9","113574439","113574719","chr4","73223213","73223502","62","40351226"
"chr9","113716085","113716384","chr17","77195637","77195935","35","36520448"
"chr9","113935606","113935888","chr13","105297253","105297525","55","8638353"
"chr9","113975799","113975916","chr12","133977696","133977813","25","20001897"
"chr9","114255404","114255670","chr3","21824110","21824382","51","92431294"
"chr9","114583347","114583529","chr2B","175740422","175740600","28","61157075"
"chr9","114659250","114659537","chr11","116333106","116333398","47","1673856"
"chr9","114770329","114770622","chr2A","44952766","44953054","40","69817563"
"chr9","114950615","114950901","chr20","7162578","7162870","62","107788037"
"chr9","115953920","115954218","chr14","34129106","34129400","36","81824814"
"chr9","116069090","116069375","chr19","42311220","42311504","57","73757870"
"chr9","118511136","118511421","chr8","106787932","106788226","51","11723204"
"chr9","118689282","118689504","chr3","38683846","38684070","42","80005436"
"chr9","118689505","118689689","chr6","111509767","111509949","53","7179738"
"chr9","118689690","118689950","chr16","17671947","17672206","43","101017743"
"chr9","119007262","119007546","chr20","30877077","30877362","52","88130185"
"chr9","119508115","119508407","chr16","74289097","74289389","41","45219018"
"chr9","119586573","119586877","chr17","60679909","60680206","43","58906664"
"chr9","119723163","119723275","chr17","60451172","60451292","23","59271991"
"chr9","119729435","119729717","chr3","190952266","190952555","51","71222831"
"chr9","119874246","119874298","chr19","13166004","13166052","7","106708242"
"chr9","119976479","119976783","chr9","98066967","98067268","44","21909512"
"chr9","119980785","119981089","chr9","98066967","98067268","45","21913818"
"chr9","121714648","121714960","chr10","68862039","68862347","44","52852609"
"chr9","121719650","121719797","chr6","109013841","109013997","38","12705809"
"chr9","122132905","122133203","chr7","158580684","158580979","49","36447779"
"chr9","122987266","122987491","chr3","173721809","173722041","55","50734543"
"chr9","123111340","123111631","chr2B","195267294","195267585","32","72155954"
"chr9","123188733","123189030","chr12","50006156","50006458","40","73182577"
"chr9","123497312","123497595","chr4","17361545","17361832","46","106135767"
"chr9","123818397","123818653","chr7","50101774","50102040","47","73716623"
"chr9","124165451","124165733","chr7","5259751","5260042","41","118905700"
"chr9","124199221","124199528","chr3","126460235","126460535","58","2261014"
"chr9","124212202","124212429","chr1","212769688","212769915","56","88557486"
"chrX","14685","14751","chr22","29958739","29958808","13","29944054"
"chrX","287638","287913","chr8","16202355","16202642","61","15914717"
"chrX","418053","418334","chr5","42140806","42141096","55","41722753"
"chrX","604875","605182","chr3","49353733","49354042","35","48748858"
"chrX","631852","632160","chr1","35788128","35788434","48","35156276"
"chrX","718326","718416","chr9","19425844","19425933","25","18707518"
"chrX","725287","725377","chr9","19425844","19425933","26","18700557"
"chrX","823777","824041","chr14","64516117","64516391","51","63692340"
"chrX","910734","910780","chr7","100982395","100982434","13","100071661"
"chrX","1374253","1374550","chr1","35788128","35788434","62","34413875"
"chrX","1488389","1488588","chr7","42616317","42616505","34","41127928"
"chrX","1820759","1820968","chr4","112217942","112218153","36","110397183"
"chrX","1823028","1823256","chr15","61939803","61940033","49","60116775"
"chrX","1876313","1876621","chr18","9093758","9094066","40","7217445"
"chrX","2577226","2577453","chrX","40854765","40854989","37","38277539"
"chrX","2608415","2608689","chr7","50101774","50102040","54","47493359"
"chrX","3780522","3780589","chr5","180810620","180810683","15","177030098"
"chrX","3858634","3858730","chr3","114686926","114687041","33","110828292"
"chrX","4684484","4684781","chr2A","44952766","44953054","52","40268282"
"chrX","4950994","4951299","chr12","8100508","8100811","43","3149514"
"chrX","7609138","7609441","chr2A","31719515","31719817","37","24110377"
"chrX","9371701","9372011","chr3","49271798","49272103","41","39900097"
"chrX","10574710","10575011","chr19","39539014","39539317","32","28964304"
"chrX","10969350","10969642","chr3","110997514","110997808","38","100028164"
"chrX","11764966","11765274","chr1","210819403","210819695","58","199054437"
"chrX","12012721","12013013","chr9","35072111","35072402","45","23059390"
"chrX","13458790","13459088","chr1","51006283","51006582","32","37547493"
"chrX","13890883","13891170","chr17","43703810","43704100","35","29812927"
"chrX","14016137","14016401","chr16","75388643","75388925","62","61372506"
"chrX","14041151","14041377","chr3","38683846","38684070","34","24642695"
"chrX","14091701","14091917","chr12","8064730","8064917","88","6026971"
"chrX","14367073","14367296","chr8","62617224","62617437","40","48250151"
"chrX","14880945","14881243","chr6","32195163","32195460","33","17314218"
"chrX","16071851","16072137","chr2B","242630921","242631213","50","226559070"
"chrX","16391766","16392068","chr9","120100932","120101231","46","103709166"
"chrX","17070919","17071255","chr1","109406257","109406558","71","92335338"
"chrX","17095430","17095726","chr3","188474936","188475232","32","171379506"
"chrX","17540993","17541288","chr1","210819403","210819695","44","193278410"
"chrX","17581309","17581619","chr13","19747376","19747685","41","2166067"
"chrX","17755884","17756174","chr1","203411896","203412189","38","185656012"
"chrX","18747134","18747433","chr11","124326351","124326639","53","105579217"
"chrX","19543865","19544025","chr19","9850564","9850708","45","9693301"
"chrX","20521168","20521460","chr1","152743362","152743656","38","132222194"
"chrX","21742395","21742702","chr18","35960767","35961076","43","14218372"
"chrX","22240078","22240356","chr14","92206512","92206803","42","69966434"
"chrX","22420598","22420898","chr11","32989284","32989573","56","10568686"
"chrX","22428068","22428377","chr3","17771555","17771852","45","4656513"
"chrX","22718343","22718524","chr1","54283718","54283883","57","31565375"
"chrX","22768604","22768882","chr2B","236575919","236576197","48","213807315"
"chrX","23226292","23226617","chr16","73084120","73084440","52","49857828"
"chrX","23513228","23513378","chr13","61901298","61901443","39","38388070"
"chrX","23820940","23821242","chr3","188474936","188475232","43","164653996"
"chrX","25703289","25703553","chr17","29160600","29160862","45","3457311"
"chrX","27850993","27851188","chr5","51215133","51215323","43","23364140"
"chrX","29148219","29148510","chr11","61762858","61763147","51","32614639"
"chrX","29353803","29353890","chr5","158434216","158434310","24","129080413"
"chrX","29913846","29914145","chr3","186974590","186974898","59","157060744"
"chrX","29945225","29945487","chr1","156823272","156823543","52","126878047"
"chrX","30347406","30347553","chr1","168664471","168664615","46","138317065"
"chrX","30485492","30485799","chr6","10898194","10898502","45","19587298"
"chrX","30607479","30607748","chr14","64790004","64790280","58","34182525"
"chrX","31278824","31279096","chr14","64790004","64790280","40","33511180"
"chrX","31299731","31299939","chr1","59605704","59605912","38","28305973"
"chrX","31969687","31969980","chr9","6695881","6696174","42","25273806"
"chrX","32052379","32052546","chr3","10317925","10318097","37","21734454"
"chrX","33098638","33098946","chr4","40075364","40075672","39","6976726"
"chrX","33588722","33589024","chr8","52541202","52541509","51","18952480"
"chrX","33896821","33897116","chr19","49334612","49334911","39","15437791"
"chrX","34174496","34174777","chr1","37146816","37147110","43","2972320"
"chrX","35070201","35070365","chr11","109554544","109554715","37","74484343"
"chrX","35413689","35413796","chr11","46266962","46267069","18","10853273"
"chrX","35445399","35445682","chr12","35769769","35770060","47","324370"
"chrX","37142887","37143152","chr4","91952825","91953108","53","54809938"
"chrX","37490566","37490841","chr2A","96867370","96867647","40","59376804"
"chrX","37612700","37612954","chr13","67286728","67286983","58","29674028"
"chrX","38703937","38704231","chr8","106787932","106788226","47","68083995"
"chrX","38800541","38800674","chr6","10429234","10429373","26","28371307"
"chrX","39086267","39086563","chr10","98717143","98717438","32","59630876"
"chrX","39210381","39210680","chrX","97649878","97650177","36","58439497"
"chrX","39559204","39559378","chrX","41084108","41084292","29","1524904"
"chrX","39721705","39722002","chr16","74872733","74873030","46","35151028"
"chrX","39960642","39960932","chr5","81803905","81804197","43","41843263"
"chrX","39964557","39964813","chr9","23277005","23277263","54","16687552"
"chrX","40314760","40315054","chr8","103924168","103924468","41","63609408"
"chrX","40392033","40392172","chrX","41916064","41916207","19","1524031"
"chrX","40606807","40607107","chr1","32227429","32227729","33","8379378"
"chrX","40822924","40823207","chr20","50022337","50022632","51","9199413"
"chrX","42662258","42662548","chr1","90464356","90464648","43","47802098"
"chrX","43665818","43666122","chr10","25567966","25568269","34","18097852"
"chrX","43861420","43861715","chr10","125145630","125145930","41","81284210"
"chrX","43923756","43924027","chr17","58503188","58503451","53","14579432"
"chrX","45057397","45057668","chr8","93038777","93039045","36","47981380"
"chrX","45390486","45390782","chr14","34129106","34129400","32","11261380"
"chrX","45511550","45511816","chr3","136125494","136125756","43","90613944"
"chrX","45522311","45522604","chr2B","242630921","242631213","40","197108610"
"chrX","45757170","45757481","chr4","63005979","63006284","43","17248809"
"chrX","46098765","46098922","chr3","42563872","42564034","31","3534893"
"chrX","46119221","46119498","chr5","74280814","74281094","45","28161593"
"chrX","46541803","46542105","chr8","125680480","125680782","35","79138677"
"chrX","46550274","46550581","chr16","51372333","51372641","44","4822059"
"chrX","46677770","46678058","chr22","40447353","40447646","31","6230417"
"chrX","46935747","46935919","chr3","10317925","10318097","27","36617822"
"chrX","47007993","47008122","chr6","97937439","97937570","52","50929446"
"chrX","47221857","47222158","chrX","40740697","40740999","37","6481160"
"chrX","47225982","47226279","chr3","188474936","188475232","33","141248954"
"chrX","47240270","47240547","chr5","142193615","142193900","54","94953345"
"chrX","47300042","47300312","chrX","156059528","156059816","47","108759486"
"chrX","47768288","47768542","chr20","32244074","32244342","54","15524214"
"chrX","47974243","47974543","chr11","60860905","60861205","37","12886662"
"chrX","47989888","47990180","chr14","92206512","92206803","52","44216624"
"chrX","48014074","48014356","chr1","91504109","91504402","65","43490035"
"chrX","48040962","48041267","chr1","35616148","35616451","72","12424814"
"chrX","49268877","49269142","chr6","35794713","35794987","48","13474164"
"chrX","50011304","50011604","chr5","37296160","37296465","37","12715144"
"chrX","50093714","50093765","chr5","14809202","14809254","8","35284512"
"chrX","50536669","50536957","chr5","105387831","105388119","42","54851162"
"chrX","50815543","50815824","chr7","72950348","72950633","47","22134805"
"chrX","51234468","51234741","chr16","69802389","69802675","55","18567921"
"chrX","51295199","51295394","chr4","24946761","24946953","26","26348438"
"chrX","51751222","51751516","chr20","18239566","18239864","33","33511656"
"chrX","51837227","51837520","chr12","6343560","6343852","36","45493667"
"chrX","52051050","52051330","chr14","92206512","92206803","46","40155462"
"chrX","52120367","52120656","chr15","32292880","32293169","28","19827487"
"chrX","52433416","52433537","chr22","29798696","29798821","18","22634720"
"chrX","52532810","52533100","chr3","15802430","15802725","36","36730380"
"chrX","53103930","53104191","chr14","64790004","64790280","50","11686074"
"chrX","53756982","53757269","chr5","38415598","38415886","59","15341384"
"chrX","55808239","55808523","chr1","227035851","227036134","45","171227612"
"chrX","56074985","56075288","chr6","22146834","22147136","34","33928151"
"chrX","56990591","56990873","chr19","56253266","56253547","48","737325"
"chrX","59254700","59254806","chr19","10265822","10265947","28","48988878"
"chrX","59499859","59499996","chr12","106977879","106978018","28","47478020"
"chrX","59653212","59653342","chr22","29798696","29798821","23","29854516"
"chrX","59999784","60000000","chr8","124345340","124345559","35","64345556"
"chrX","60233255","60233525","chr13","57833915","57834186","49","2399340"
"chrX","60562662","60562946","chr5","156396677","156396962","44","95834015"
"chrX","62027431","62027671","chr1","179087222","179087443","73","117059791"
"chrX","62158521","62158818","chr3","152512400","152512696","43","90353879"
"chrX","62545795","62546098","chr8","49070283","49070583","40","13475512"
"chrX","62587472","62587630","chr6","140321017","140321182","27","77733545"
"chrX","62998832","62998876","chr19","40842646","40842685","11","22156186"
"chrX","63174873","63175099","chr10","71727584","71727815","41","8552711"
"chrX","63289639","63289942","chr19","39539014","39539317","35","23750625"
"chrX","63508978","63509266","chr9","70629851","70630123","55","7120873"
"chrX","63626910","63627221","chrX","69928922","69929226","38","6302012"
"chrX","63751220","63751512","chr2A","44952766","44953054","39","18798454"
"chrX","64168867","64169018","chr1","196864953","196865102","31","132696086"
"chrX","64362845","64362998","chr10","91418918","91419069","23","27056073"
"chrX","65371246","65371468","chr9","39425593","39425816","35","25945653"
"chrX","65428511","65428807","chr3","52270391","52270690","41","13158120"
"chrX","65554560","65554864","chr18","22950641","22950940","46","42603919"
"chrX","65588448","65588591","chr2A","109456513","109456658","20","43868065"
"chrX","65589164","65589241","chr5","87835047","87835108","26","22245883"
"chrX","65624092","65624389","chr9","91828316","91828607","44","26204224"
"chrX","66111514","66111795","chr7","109219824","109220106","42","43108310"
"chrX","66369919","66370218","chr4","63005979","63006284","49","3363940"
"chrX","67177076","67177391","chr3","54381453","54381761","58","12795623"
"chrX","67644302","67644580","chrX","47072474","47072765","45","20571828"
"chrX","67898430","67898740","chr9","94998809","94999118","58","27100379"
"chrX","68855394","68855558","chr1","6601296","6601459","40","62254098"
"chrX","69142855","69143138","chr5","142193615","142193900","42","73050760"
"chrX","71543403","71543668","chrX","36240476","36240740","41","35302927"
"chrX","71925866","71926141","chr1","28704398","28704684","64","43221468"
"chrX","74159190","74159475","chr1","26824127","26824412","42","47335063"
"chrX","75645859","75646140","chr8","98185159","98185449","43","22539300"
"chrX","77617380","77617449","chr15","89533240","89533294","22","11915860"
"chrX","78185762","78186044","chr5","4199980","4200274","57","73985782"
"chrX","80161606","80161900","chr7","99996259","99996559","32","19834653"
"chrX","82148030","82148338","chr2A","99781484","99781793","45","17633454"
"chrX","82189384","82189513","chr17","62787582","62787713","26","19401802"
"chrX","82247379","82247673","chr1","109406257","109406558","44","27158878"
"chrX","82293050","82293269","chr5","140994392","140994613","39","58701342"
"chrX","82524327","82524629","chr1","150093146","150093446","39","67568819"
"chrX","84442845","84442947","chr2B","246848368","246848463","47","162405523"
"chrX","84442981","84443108","chr7","48198138","48198263","38","36244843"
"chrX","84576994","84577219","chr18","66093556","66093779","46","18483438"
"chrX","84761585","84761872","chrX","51142524","51142811","51","33619061"
"chrX","84965318","84965609","chr7","109219824","109220106","42","24254506"
"chrX","85527482","85527603","chr3","187479703","187479826","22","101952221"
"chrX","85833391","85833702","chr7","24736581","24736900","47","61096810"
"chrX","88927855","88927982","chr22","29798696","29798821","24","59129159"
"chrX","89977000","89977293","chr1","32932683","32932967","51","57044317"
"chrX","90151089","90151268","chr15","39249488","39249669","29","50901601"
"chrX","90273668","90273956","chr5","156396677","156396962","48","66123009"
"chrX","90293655","90293919","chr3","173048493","173048764","49","82754838"
"chrX","90311198","90311504","chr4","74681715","74682017","43","15629483"
"chrX","90326922","90327177","chr2B","207231085","207231337","44","116904163"
"chrX","90357436","90357598","chr6","74245254","74245425","42","16112182"
"chrX","90458163","90458461","chr1","29080209","29080495","55","61377954"
"chrX","91952663","91952877","chr14","40380095","40380306","37","51572568"
"chrX","92934756","92935056","chr7","137054253","137054557","45","44119497"
"chrX","93654738","93655022","chr3","189669014","189669297","47","96014276"
"chrX","94267802","94268087","chr2B","139805769","139806054","36","45537967"
"chrX","94352361","94352671","chr1","157163483","157163783","49","62811122"
"chrX","95505522","95505801","chr2A","26420405","26420693","47","69085117"
"chrX","95720275","95720563","chr1","155121123","155121411","43","59400848"
"chrX","96273763","96274049","chr1","155121123","155121411","43","58847360"
"chrX","98572829","98573118","chr16","69802389","69802675","30","28770440"
"chrX","99512097","99512384","chr11","32989284","32989573","48","66522813"
"chrX","100117541","100117825","chr4","42227408","42227692","40","57890133"
"chrX","100463515","100463653","chr2A","75175041","75175184","29","25288474"
"chrX","100832372","100832663","chr1","210819403","210819695","47","109987031"
"chrX","101357814","101357983","chr13","92844161","92844327","30","8513653"
"chrX","101366843","101367103","chr5","104243279","104243540","45","2876436"
"chrX","101468619","101468839","chr8","124345340","124345559","35","22876721"
"chrX","101894489","101894771","chr2B","195267294","195267585","40","93372805"
"chrX","102306808","102307102","chr5","41132559","41132854","39","61174249"
"chrX","102526672","102526861","chr6","131563292","131563496","41","29036620"
"chrX","103200012","103200285","chr11","116937561","116937852","54","13737549"
"chrX","103212568","103212854","chr21","17640357","17640647","43","85572211"
"chrX","103466162","103466461","chr1","160882412","160882712","39","57416250"
"chrX","106142819","106143086","chr5","90226829","90227091","45","15915990"
"chrX","106439122","106439421","chr16","74872733","74873030","42","31566389"
"chrX","106564609","106564889","chr1","7915053","7915335","37","98649556"
"chrX","106715395","106715691","chr1","203411896","203412189","37","96696501"
"chrX","106751216","106751336","chr17","60451172","60451292","38","46300044"
"chrX","107210829","107211096","chr3","104182337","104182612","40","3028492"
"chrX","107369335","107369506","chr15","39249488","39249669","36","68119847"
"chrX","107468215","107468396","chr9","34117341","34117522","38","73350874"
"chrX","107498808","107499098","chr12","95365728","95366019","42","12133080"
"chrX","107593431","107593724","chrX","70267582","70267875","33","37325849"
"chrX","107814503","107814732","chr15","61939803","61940033","34","45874700"
"chrX","107829787","107830075","chr1","47634022","47634315","42","60195765"
"chrX","108000666","108000833","chr19","48409171","48409334","26","59591495"
"chrX","108051203","108051418","chr3","126776223","126776438","40","18725020"
"chrX","108424154","108424444","chr10","121445116","121445403","40","13020962"
"chrX","108499852","108500000","chr12","55689521","55689673","20","52810331"
"chrX","108690085","108690249","chr17","24565413","24565573","22","84124672"
"chrX","108966957","108967271","chr6","37891072","37891383","39","71075885"
"chrX","111657615","111657894","chr19","57951008","57951284","49","53706607"
"chrX","111674407","111674698","chr5","105387831","105388119","46","6286576"
"chrX","111732199","111732472","chr4","107714319","107714602","56","4017880"
"chrX","112007844","112008114","chr18","12833752","12834026","44","99174092"
"chrX","112810270","112810383","chr18","7435276","7435389","21","105374994"
"chrX","114188426","114188722","chr3","126460235","126460535","40","12271809"
"chrX","116202111","116202407","chr6","32195163","32195460","33","84006948"
"chrX","117423563","117423753","chr3","10317925","10318097","38","107105638"
"chrX","117559655","117559962","chr2A","9188358","9188667","35","108371297"
"chrX","117588303","117588608","chrX","69928922","69929226","35","47659381"
"chrX","117847356","117847492","chr2B","235138233","235138371","30","117290877"
"chrX","117996747","117997047","chr3","126460235","126460535","42","8463488"
"chrX","119629981","119630269","chrX","51142524","51142811","36","68487457"
"chrX","119643038","119643326","chrX","51142524","51142811","38","68500514"
"chrX","120099004","120099292","chrX","47072474","47072765","37","73026530"
"chrX","121602570","121602865","chr7","158580684","158580979","45","36978114"
"chrX","121717846","121718132","chr2B","247031781","247032063","36","125313935"
"chrX","122313802","122314093","chr1","152743362","152743656","36","30429560"
"chrX","122782985","122783282","chr3","126066661","126066956","43","3283676"
"chrX","122925106","122925364","chr7","66888551","66888816","39","56036555"
"chrX","123702731","123703033","chr3","188474936","188475232","57","64772205"
"chrX","123794449","123794723","chr1","129985985","129986269","42","6191536"
"chrX","123861231","123861520","chr12","6343560","6343852","36","117517671"
"chrX","124470822","124471054","chr21","26888527","26888757","47","97582295"
"chrX","124533966","124534233","chr10","73535117","73535381","42","50998849"
"chrX","124577183","124577477","chr11","44623850","44624147","38","79953333"
"chrX","124990379","124990668","chr1","203411896","203412189","40","78421517"
"chrX","126587212","126587490","chr17","46164210","46164479","47","80423002"
"chrX","127044660","127044969","chr5","14408087","14408392","52","112636573"
"chrX","128480393","128480639","chr4","130063803","130064062","47","1583410"
"chrX","129794492","129794647","chr14","70089677","70089814","53","59704815"
"chrX","130477255","130477476","chr1","33119483","33119694","39","97357772"
"chrX","131159000","131159299","chr9","71152838","71153136","42","60006162"
"chrX","132755304","132755428","chr14","18602034","18602136","54","114153270"
"chrX","133281061","133281358","chrX","144172330","144172625","43","10891269"
"chrX","133322253","133322565","chr14","74283874","74284179","52","59038379"
"chrX","134928108","134928318","chr16","10981799","10982009","47","123946309"
"chrX","135487116","135487420","chr6","10898194","10898502","42","124588922"
"chrX","136692109","136692399","chr10","109081346","109081640","50","27610763"
"chrX","137955329","137955476","chr10","91418918","91419069","25","46536411"
"chrX","138341775","138342088","chr17","60001596","60001898","49","78340179"
"chrX","139378382","139378673","chr14","92206512","92206803","39","47171870"
"chrX","139515085","139515387","chr11","131162240","131162541","43","8352845"
"chrX","139698853","139698969","chr22","29798696","29798821","36","109900157"
"chrX","139901628","139901743","chr12","39211337","39211446","18","100690291"
"chrX","140344603","140344781","chr9","37025544","37025715","34","103319059"
"chrX","140428666","140428974","chrX","55013046","55013358","49","85415620"
"chrX","140432073","140432349","chr1","191033220","191033497","38","50601147"
"chrX","141122011","141122179","chr2A","33653106","33653270","30","107468905"
"chrX","141169883","141170185","chr12","8100508","8100811","35","133069375"
"chrX","141213072","141213372","chr5","115052536","115052829","45","26160536"
"chrY","385436","385640","chr5","102439665","102439875","52","102054229"
"chrY","386258","386355","chr19","23651606","23651702","24","23265348"
"chrY","1508313","1508533","chr2A","38907988","38908200","54","37399675"
"chrY","1517658","1517819","chr2B","180695555","180695727","39","179177897"
"chrY","1651839","1652143","chr10","68350095","68350392","38","66698256"
"chrY","1757452","1757731","chr1","7915053","7915335","56","6157601"
"chrY","2200669","2200982","chr18","73747839","73748148","55","71547170"
"chr10","118357846","118358129","chr17","55840695","55840978","44","62517151"
"chr10","804426","804556","chr3","187479703","187479826","22","186675277"
"chr10","904408","904606","chr3","48879451","48879650","38","47975043"
"chr10","1164373","1164660","chr4","91234839","91235118","88","90070466"
"chr10","1168944","1169157","chr17","75312652","75312866","49","74143708"
"chr10","1195618","1195917","chr2B","126944725","126945029","53","125749107"
"chr10","1271225","1271515","chr1","210819403","210819695","38","209548178"
"chr10","1611785","1612076","chr14","92206512","92206803","43","90594727"
"chr10","1667965","1668260","chr19","44619604","44619903","38","42951639"
"chr10","1716838","1717053","chr12","93609381","93609601","45","91892543"
"chr10","2000169","2000459","chr1","222916309","222916594","54","220916140"
"chr10","3220219","3220501","chr1","152743362","152743656","33","149523143"
"chr10","3453154","3453462","chrX","69928922","69929226","34","66475768"
"chr10","4124387","4124684","chr16","2327719","2328013","43","1796668"
"chr10","4730079","4730368","chr1","129928847","129929132","60","125198768"
"chr10","4901377","4901665","chr16","69802389","69802675","42","64901012"
"chr10","5539097","5539360","chr16","57148744","57149007","56","51609647"
"chr10","6014931","6015230","chr19","49334612","49334911","42","43319681"
"chr10","6758574","6758849","chr6","47155332","47155614","47","40396758"
"chr10","7054607","7054910","chr4","14586201","14586501","43","7531594"
"chr10","7237028","7237323","chr18","16175515","16175810","38","8938487"
"chr10","7684379","7684672","chrX","132868454","132868755","49","125184075"
"chr10","7687627","7687718","chr10","70456925","70457027","28","62769298"
"chr10","7794557","7794831","chr1","12807216","12807493","56","5012659"
"chr10","7856091","7856316","chr19","16786236","16786463","36","8930145"
"chr10","7977185","7977488","chr6","20985201","20985506","45","13008016"
"chr10","8761174","8761459","chr8","39208572","39208849","58","30447398"
"chr10","8818164","8818335","chr2A","62823285","62823465","26","54005121"
"chr10","8824120","8824393","chr11","5599026","5599304","54","3225094"
"chr10","9581751","9582048","chr13","47539182","47539484","40","37957431"
"chr10","9679280","9679566","chrX","156059528","156059816","38","146380248"
"chr10","10479076","10479235","chr6","27371061","27371231","35","16891985"
"chr10","10594401","10594676","chr10","96140430","96140712","45","85546029"
"chr10","10634659","10634958","chr9","71152838","71153136","37","60518179"
"chr10","10963385","10963612","chr4","112217942","112218153","58","101254557"
"chr10","11018614","11018904","chr4","167966549","167966841","41","156947935"
"chr10","13323793","13324070","chr13","105297253","105297525","43","91973460"
"chr10","13417977","13418264","chr12","6343560","6343852","44","7074417"
"chr10","14200708","14201008","chr5","112942232","112942541","52","98741524"
"chr10","14521722","14521951","chr1","119367835","119368064","38","104846113"
"chr10","14529314","14529581","chr10","43324071","43324342","49","28794757"
"chr10","14757361","14757498","chr2A","56243478","56243615","20","41486117"
"chr10","15030642","15030904","chr11","63276768","63277040","51","48246126"
"chr10","15975024","15975312","chrUn_GL393524","105819","106112","37","15869205"
"chr10","16041818","16042118","chr2A","57410419","57410725","53","41368601"
"chr10","16236364","16236659","chr10","96140430","96140712","61","79904066"
"chr10","16249229","16249533","chr12","6343560","6343852","50","9905669"
"chr10","16755822","16756112","chr14","92206512","92206803","33","75450690"
"chr10","16811503","16811799","chr1","217728736","217729024","41","200917233"
"chr10","16854772","16855081","chr2A","39599702","39600007","41","22744930"
"chr10","16858934","16859216","chr10","33027225","33027512","48","16168291"
"chr10","17079454","17079737","chr1","10484258","10484555","63","6595196"
"chr10","17457336","17457644","chr6","129525583","129525882","38","112068247"
"chr10","17474554","17474847","chr17","75627463","75627768","65","58152909"
"chr10","17488993","17489285","chrX","45140115","45140406","42","27651122"
"chr10","17677997","17678294","chrX","143119361","143119658","39","125441364"
"chr10","17748527","17748585","chr1","162690674","162690731","13","144942147"
"chr10","17819169","17819454","chr7","81601481","81601765","33","63782312"
"chr10","17919323","17919619","chr5","105387831","105388119","42","87468508"
"chr10","18280557","18280851","chr11","119471400","119471694","36","101190843"
"chr10","19850675","19850977","chr16","70814677","70814964","56","50964002"
"chr10","20108407","20108680","chr15","39979053","39979338","47","19870646"
"chr10","20249519","20249751","chr8","64858428","64858660","61","44608909"
"chr10","20666812","20667106","chr7","44392726","44393021","44","23725914"
"chr10","20719741","20719929","chr4","24946761","24946953","32","4227020"
"chr10","20835493","20835794","chr9","98066967","98067268","32","77231474"
"chr10","21486649","21486928","chr16","74289097","74289389","41","52802448"
"chr10","21788616","21788919","chr3","15802430","15802725","52","5986186"
"chr10","21791218","21791397","chr19","57290245","57290428","41","35499027"
"chr10","21792268","21792369","chr2A","47581163","47581264","28","25788895"
"chr10","21795346","21795644","chrX","42045389","42045684","44","20250043"
"chr10","22178019","22178311","chr14","92206512","92206803","40","70028493"
"chr10","24442980","24443213","chr14","20500549","20500773","57","3942431"
"chr10","25398098","25398395","chr3","190952266","190952555","57","165554168"
"chr10","25787526","25787708","chr7","42616317","42616505","42","16828791"
"chr10","25872515","25872803","chr15","28850041","28850326","40","2977526"
"chr10","27541851","27542072","chrX","104754933","104755157","48","77213082"
"chr10","27698008","27698238","chr1","25596125","25596349","47","2101883"
"chr10","27713282","27713560","chr11","75562870","75563146","49","47849588"
"chr10","27834797","27835072","chr17","12368676","12368965","44","15466121"
"chr10","28018399","28018671","chr6","143593593","143593862","54","115575194"
"chr10","28083778","28084060","chr6","29250739","29251008","57","1166961"
"chr10","28533138","28533446","chrX","69928922","69929226","52","41395784"
"chr10","28898235","28898303","chr1","106968302","106968373","16","78070067"
"chr10","28936913","28937214","chr19","48820002","48820297","37","19883089"
"chr10","28988691","28988850","chr19","9850564","9850708","56","19138127"
"chr10","29048751","29049028","chr6","143593593","143593862","45","114544842"
"chr10","29107728","29108029","chr15","73075145","73075451","48","43967417"
"chr10","29142260","29142544","chr5","156396677","156396962","45","127254417"
"chr10","29225911","29226075","chr2B","180695555","180695727","42","151469644"
"chr10","29274907","29275165","chr7","106782196","106782471","60","77507289"
"chr10","29669329","29669619","chr3","137175935","137176224","35","107506606"
"chr10","31141573","31141859","chr12","6343560","6343852","45","24798013"
"chr10","32640882","32641154","chr9","103365958","103366246","53","70725076"
"chr10","33012976","33013277","chr3","133115223","133115500","69","100102247"
"chr10","33016768","33016962","chr7","42616317","42616505","34","9599549"
"chr10","33056154","33056372","chr4","31238060","31238274","50","1818094"
"chr10","33110783","33111058","chr16","9051048","9051327","44","24059735"
"chr10","33152304","33152599","chr10","83642827","83643117","40","50490523"
"chr10","33803946","33804214","chr10","73535117","73535381","47","39731171"
"chr10","34444160","34444452","chr1","219743012","219743302","42","185298852"
"chr10","34473473","34473818","chr20","32355273","32355600","84","2118200"
"chr10","34486994","34487282","chr16","74289097","74289389","42","39802103"
"chr10","34527127","34527367","chr5","77908248","77908490","39","43381121"
"chr10","34591777","34591973","chr2B","121672365","121672573","38","87080588"
"chr10","34660628","34660755","chr2A","99808200","99808333","24","65147572"
"chr10","34699301","34699592","chr12","6343560","6343852","31","28355741"
"chr10","34730908","34731213","chr2B","167404741","167405042","37","132673833"
"chr10","34742819","34743083","chr2A","97079461","97079722","60","62336642"
"chr10","34771649","34771936","chr6","86292035","86292329","51","51520386"
"chr10","34791012","34791318","chr2B","128753528","128753831","48","93962516"
"chr10","34998527","34998692","chr15","37790380","37790552","25","2791853"
"chr10","35143466","35143622","chr3","142281791","142281954","37","107138325"
"chr10","35462963","35463120","chr15","37383154","37383324","43","1920191"
"chr10","35469964","35470160","chr16","24612025","24612204","72","10857939"
"chr10","36746659","36746914","chr15","72105209","72105463","33","35358550"
"chr10","36962718","36962884","chr18","16993481","16993610","54","19969237"
"chr10","38387862","38388132","chr9","129280532","129280791","37","90892670"
"chr10","38724407","38724708","chr14","77303853","77304153","50","38579446"
"chr10","39384673","39384968","chr6","35177113","35177410","43","4207560"
"chr10","39719876","39720166","chr7","158580684","158580979","39","118860808"
"chr10","40860755","40861055","chr5","82662627","82662930","52","41801872"
"chr10","41327339","41327633","chrX","144172330","144172625","37","102844991"
"chr10","41501682","41501856","chr13","92844161","92844327","29","51342479"
"chr10","41557957","41558245","chr17","43703810","43704100","43","2145853"
"chr10","43132647","43132922","chr19","56253266","56253547","51","13120619"
"chr10","43336611","43336673","chr6","163645349","163645410","13","120308738"
"chr10","43337273","43337479","chr1","33119483","33119694","38","10217790"
"chr10","43382855","43383133","chr9","72795615","72795899","57","29412760"
"chr10","43979770","43980056","chrX","119905374","119905665","43","75925604"
"chr10","44630765","44630807","chr2A","68366472","68366510","15","23735707"
"chr10","44631610","44631750","chr6","29894367","29894502","31","14737243"
"chr10","45157431","45157716","chr1","19903888","19904183","53","25253543"
"chr10","45351798","45352016","chr2A","63231131","63231358","47","17879333"
"chr10","45400707","45401007","chr2B","172660532","172660841","42","127259825"
"chr10","45423364","45423608","chr3","137956330","137956572","38","92532966"
"chr10","45690645","45690838","chr5","51215133","51215323","36","5524488"
"chr10","46922319","46922610","chr12","95365728","95366019","33","48443409"
"chr10","46953425","46953589","chr15","90267996","90268159","31","43314571"
"chr10","46967684","46967992","chr1","10484258","10484555","50","36483426"
"chr10","47042882","47043003","chr3","187479703","187479826","24","140436821"
"chr10","47065422","47065661","chr18","60538058","60538299","57","13472636"
"chr10","47552137","47552241","chr7","101569384","101569487","21","54017247"
"chr10","49460540","49460722","chr4","31998553","31998728","41","17461987"
"chr10","49461194","49461298","chr3","113208918","113209021","23","63747724"
"chr10","50858096","50858366","chr7","50101774","50102040","48","756322"
"chr10","51203513","51203779","chr14","64516117","64516391","49","13312604"
"chr10","51240878","51241191","chr1","150093146","150093446","56","98852268"
"chr10","53249313","53249474","chr1","9621842","9622012","32","43627471"
"chr10","53368408","53368700","chr5","42140806","42141096","54","11227602"
"chr10","53543511","53543631","chr18","7435276","7435389","24","46108235"
"chr10","53543731","53543930","chrX","24058638","24058836","42","29485093"
"chr10","53762866","53763148","chr7","141870320","141870598","51","88107454"
"chr10","54056100","54056411","chr19","13872295","13872605","49","40183805"
"chr10","55178898","55179201","chr6","20985201","20985506","42","34193697"
"chr10","55419979","55420084","chr14","106105937","106106053","44","50685958"
"chr10","55578577","55578880","chr4","177924260","177924549","54","122345683"
"chr10","55774866","55775150","chr5","42140806","42141096","53","13634060"
"chr10","58263481","58263735","chr10","98643440","98643729","64","40379959"
"chr10","58597458","58597748","chr3","48713226","48713518","43","9884232"
"chr10","58833876","58833988","chr1","40438526","40438624","30","18395350"
"chr10","58834189","58834293","chrY","25616981","25617085","31","33217208"
"chr10","58900334","58900638","chr1","85673689","85673996","35","26773355"
"chr10","59184136","59184434","chr7","44392726","44393021","48","14791410"
"chr10","59399939","59400097","chr2A","96789240","96789384","28","37389301"
"chr10","59494660","59494931","chr3","133115223","133115500","39","73620563"
"chr10","59658864","59659156","chr14","92206512","92206803","29","32547648"
"chr10","59703355","59703653","chr10","38465004","38465298","49","21238351"
"chr10","60658373","60658545","chr4","31998553","31998728","23","28659820"
"chr10","64329328","64329536","chr5","142194859","142195062","40","77865531"
"chr10","65100088","65100381","chr14","92206512","92206803","37","27106424"
"chr10","65322500","65322803","chr5","17215098","17215394","42","48107402"
"chr10","65617513","65617792","chr7","109219824","109220106","50","43602311"
"chr10","65728701","65728990","chr17","43703810","43704100","42","22024891"
"chr10","65745533","65745834","chrX","47072474","47072765","72","18673059"
"chr10","65770239","65770515","chr13","98835290","98835572","52","33065051"
"chr10","67269626","67269903","chr19","57951008","57951284","53","9318618"
"chr10","67421206","67421500","chr7","72950348","72950633","55","5529142"
"chr10","68396377","68396683","chr8","52541202","52541509","58","15855175"
"chr10","68801633","68801944","chr9","17417473","17417781","61","51384160"
"chr10","69595932","69596134","chr5","86044615","86044825","44","16448683"
"chr10","69824188","69824441","chr18","43307181","43307444","57","26517007"
"chr10","69832724","69832910","chr7","42616317","42616505","30","27216407"
"chr10","70702384","70702515","chr1","9549685","9549816","24","61152699"
"chr10","72722862","72723156","chr1","217728736","217729024","46","145005874"
"chr10","73533274","73533568","chr20","29063717","29064017","59","44469557"
"chr10","74148307","74148494","chr7","76079073","76079278","66","1930766"
"chr10","74157560","74157869","chr7","95512391","95512698","41","21354831"
"chr10","74341008","74341288","chr5","103449307","103449595","43","29108299"
"chr10","74390621","74390923","chr2A","36694937","36695237","45","37695684"
"chr10","74427559","74427645","chr10","133033316","133033405","32","58605757"
"chr10","74428226","74428442","chr12","77120290","77120506","35","2692064"
"chr10","74444833","74444965","chr17","62787582","62787713","26","11657251"
"chr10","74519463","74519646","chr7","42616317","42616505","35","31903146"
"chr10","74658681","74658970","chr1","129985985","129986269","37","55327304"
"chr10","74732678","74732885","chr6","102281758","102281980","37","27549080"
"chr10","74765665","74765963","chrX","97649878","97650177","52","22884213"
"chr10","74866831","74867127","chr4","84216837","84217132","39","9350006"
"chr10","74997401","74997669","chr19","57951008","57951284","34","17046393"
"chr10","75089328","75089618","chr1","109406257","109406558","49","34316929"
"chr10","75437937","75438158","chr14","49726090","49726312","38","25711847"
"chr10","76230972","76231236","chr1","191033220","191033497","46","114802248"
"chr10","76393240","76393549","chr3","186974590","186974898","38","110581350"
"chr10","76799329","76799610","chr2A","26420405","26420693","53","50378924"
"chr10","77144061","77144350","chrX","47072474","47072765","53","30071587"
"chr10","77453758","77453969","chr15","72086212","72086428","72","5367546"
"chr10","77460235","77460532","chr6","45956109","45956396","62","31504126"
"chr10","78571856","78572156","chr5","78767207","78767504","50","195351"
"chr10","79696519","79696830","chr4","50877394","50877699","54","28819125"
"chr10","79781690","79781983","chr6","5198260","5198555","32","74583430"
"chr10","80082457","80082721","chr6","31460034","31460307","56","48622423"
"chr10","80476801","80477079","chr19","61710839","61711123","48","18765962"
"chr10","80494314","80494580","chr13","105297253","105297525","40","24802939"
"chr10","80576198","80576242","chr18","71055270","71055308","15","9520928"
"chr10","80830469","80830765","chr6","37891072","37891383","56","42939397"
"chr10","81461528","81461816","chr1","152743362","152743656","48","71281834"
"chr10","81469495","81469787","chr12","32917166","32917461","37","48552329"
"chr10","81926026","81926282","chr3","137956330","137956572","40","56030304"
"chr10","82045795","82046081","chr3","50819801","50820085","40","31225994"
"chr10","82668539","82668815","chr1","12807216","12807493","54","69861323"
"chr10","83006652","83006930","chr5","81803905","81804197","54","1202747"
"chr10","83022267","83022433","chr14","57175391","57175561","24","25846876"
"chr10","83213281","83213426","chrX","9352621","9352773","29","73860660"
"chr10","83477559","83477832","chrX","106485351","106485634","55","23007792"
"chr10","83875920","83876218","chr19","48820002","48820297","31","35055918"
"chr10","84251367","84251653","chr12","32917166","32917461","38","51334201"
"chr10","84294000","84294228","chr1","25596125","25596349","41","58697875"
"chr10","85707656","85707948","chr9","35072111","35072402","36","50635545"
"chr10","86755761","86756080","chrX","19412277","19412587","50","67343484"
"chr10","86780145","86780315","chr16","15803699","15803871","37","70976446"
"chr10","86818458","86818728","chr3","173048493","173048764","48","86230035"
"chr10","86836049","86836330","chr7","141870320","141870598","34","55034271"
"chr10","86875673","86875941","chr5","172333465","172333735","46","85457792"
"chr10","87056448","87056738","chr17","43703810","43704100","40","43352638"
"chr10","87086929","87087136","chr3","194694782","194694986","45","107607853"
"chr10","87866230","87866386","chr22","20106335","20106490","20","67759895"
"chr10","88298515","88298807","chr21","18562186","18562478","35","69736329"
"chr10","88520377","88520674","chr6","34792993","34793284","77","53727384"
"chr10","88538541","88538832","chr1","10484258","10484555","52","78054283"
"chr10","88554002","88554290","chrX","47072474","47072765","37","41481528"
"chr10","88567519","88567823","chr15","21002694","21002998","43","67564825"
"chr10","88571412","88571673","chr4","130063803","130064062","37","41492391"
"chr10","88799016","88799306","chr11","43997737","43998027","44","44801279"
"chr10","89076980","89077115","chr2A","43830458","43830588","24","45246522"
"chr10","89575370","89575667","chr2A","73398525","73398829","53","16176845"
"chr10","89612634","89612917","chr5","34792984","34793275","42","54819650"
"chr10","89778418","89778725","chr16","74872733","74873030","52","14905685"
"chr10","89980830","89981040","chr19","10688476","10688689","32","79292354"
"chr10","90313243","90313549","chr1","150093146","150093446","42","59779903"
"chr10","90341869","90342175","chr6","20985201","20985506","45","69356668"
"chr10","90443137","90443376","chr1","29091390","29091635","56","61351747"
"chr10","90749511","90749792","chr4","110414976","110415258","43","19665465"
"chr10","91389260","91389552","chr17","5318110","5318400","62","86071150"
"chr10","92163779","92164066","chr5","38415598","38415886","46","53748181"
"chr10","92322898","92323186","chr11","63384590","63384882","46","28938308"
"chr10","92329221","92329516","chr12","8100508","8100811","46","84228713"
"chr10","92761468","92761761","chr1","19903888","19904183","38","72857580"
"chr10","93202580","93202751","chr5","90913999","90914167","31","2288581"
"chr10","93934589","93934888","chr17","43703810","43704100","45","50230779"
"chr10","94906944","94907061","chr10","133034201","133034321","20","38127257"
"chr10","95989495","95989545","chr5","85424624","85424665","17","10564871"
"chr10","97108942","97109165","chr9","39425593","39425816","37","57683349"
"chr10","97645321","97645602","chr7","109219824","109220106","37","11574503"
"chr10","98072341","98072514","chr22","25773892","25774067","25","72298449"
"chr10","98313338","98313562","chr14","56825834","56826067","46","41487504"
"chr10","98324010","98324278","chr9","70629851","70630123","60","27694159"
"chr10","98342114","98342396","chr2B","242630921","242631213","38","144288807"
"chr10","98603894","98604136","chr11","14011422","14011673","54","84592472"
"chr10","98735079","98735367","chr9","91828316","91828607","39","6906763"
"chr10","98747134","98747429","chr4","39266878","39267187","64","59480256"
"chr10","98935127","98935442","chr11","116542994","116543303","39","17607867"
"chr10","99001492","99001792","chr20","29063717","29064017","37","69937775"
"chr10","99011715","99012012","chr8","143690815","143691111","39","44679100"
"chr10","99089888","99090178","chr2B","211444475","211444780","46","112354587"
"chr10","99362885","99363195","chr7","2677175","2677482","38","96685710"
"chr10","99581591","99581875","chrX","31351615","31351909","43","68229976"
"chr10","99633124","99633423","chr15","46422666","46422963","38","53210458"
"chr10","99648345","99648595","chr21","7408387","7408646","51","92239958"
"chr10","99988152","99988430","chr6","143593593","143593862","59","43605441"
"chr10","100453667","100453966","chrX","97649878","97650177","46","2803789"
"chr10","100499744","100500000","chr15","72105209","72105463","50","28394535"
"chr10","100526464","100526778","chr9","6539107","6539393","90","93987357"
"chr10","100802566","100802860","chrX","31351615","31351909","31","69450951"
"chr10","101400607","101400916","chr3","29543518","29543825","40","71857089"
"chr10","101786699","101786984","chr2A","26920840","26921128","37","74865859"
"chr10","101845808","101846110","chr15","88148565","88148869","38","13697243"
"chr10","101865706","101865988","chr2A","96867370","96867647","55","4998336"
"chr10","102083644","102083934","chr1","50152686","50152974","46","51930958"
"chr10","102347077","102347326","chr9","127655467","127655724","42","25308390"
"chr10","102398676","102398974","chr2A","38946614","38946914","34","63452062"
"chr10","102407726","102408006","chr18","12833752","12834026","49","89573974"
"chr10","102572521","102572811","chr7","140688978","140689271","33","38116457"
"chr10","102706238","102706525","chr1","152743362","152743656","36","50037124"
"chr10","102715400","102715699","chr12","46808474","46808774","51","55906926"
"chr10","102727000","102727283","chr22","16198473","16198754","40","86528527"
"chr10","103100906","103101080","chr15","39249488","39249669","35","63851418"
"chr10","103111142","103111208","chr19","18567302","18567367","14","84543840"
"chr10","103193065","103193361","chrX","42045389","42045684","45","61147676"
"chr10","103291874","103292169","chr7","62105160","62105453","40","41186714"
"chr10","103344134","103344429","chr10","68350095","68350392","29","34994039"
"chr10","103411879","103412154","chr19","57951008","57951284","45","45460871"
"chr10","103542976","103543197","chr16","10981799","10982009","60","92561177"
"chr10","103671807","103672105","chr3","188474936","188475232","45","84803129"
"chr10","104569885","104570195","chr1","54063919","54064217","59","50505966"
"chr10","104804573","104804865","chr12","11825730","11826024","40","92978843"
"chr10","104933998","104934297","chr4","89238964","89239264","34","15695034"
"chr10","108967594","108967875","chr1","24574003","24574295","55","84393591"
"chr10","109655126","109655414","chr5","105387831","105388119","44","4267295"
"chr10","110602263","110602546","chr22","39003016","39003299","41","71599247"
"chr10","110888774","110889069","chr14","92206512","92206803","49","18682262"
"chr10","111026578","111026855","chr2A","80557982","80558253","45","30468596"
"chr10","111338541","111338679","chr22","23625339","23625475","28","87713202"
"chr10","111628216","111628468","chr12","56719988","56720243","53","54908228"
"chr10","113174766","113175062","chrX","97649878","97650177","40","15524888"
"chr10","113178915","113179210","chr8","34802155","34802448","37","78376760"
"chr10","113665987","113666241","chr15","72105209","72105463","33","41560778"
"chr10","114118492","114118615","chr3","32078370","32078494","15","82040122"
"chr10","115027935","115028254","chr18","35960767","35961076","55","79067168"
"chr10","115363981","115364283","chr4","45287072","45287376","35","70076909"
"chr10","115632066","115632360","chr7","44392726","44393021","35","71239340"
"chr10","115975343","115975472","chr17","62787582","62787713","21","53187761"
"chr10","116009016","116009300","chr5","181712159","181712443","43","65703143"
"chr10","116082708","116083011","chr7","69088882","69089185","38","46993826"
"chr10","116241062","116241200","chr16","89665198","89665333","41","26575864"
"chr10","116538456","116538750","chrX","70267582","70267875","35","46270874"
"chr10","116733670","116733964","chr7","44392726","44393021","37","72340944"
"chr10","117691490","117691636","chr10","91418918","91419069","25","26272572"
"chr10","118402196","118402371","chrX","27044992","27045167","41","91357204"
"chr10","118742904","118743156","chr15","72105209","72105463","43","46637695"
"chr10","119601117","119601400","chr6","83972309","83972590","54","35628808"
"chr10","120245365","120245490","chr20","28695485","28695609","24","91549880"
"chr10","120424331","120424513","chr14","48546007","48546183","43","71878324"
"chr10","122130523","122130828","chr10","68350095","68350392","49","53780428"
"chr10","122166193","122166494","chr17","67267299","67267597","37","54898894"
"chr10","122172103","122172392","chr16","69802389","69802675","47","52369714"
"chr10","122377117","122377396","chr16","83113783","83114061","30","39263334"
"chr10","122934810","122935099","chr8","119331037","119331330","48","3603773"
"chr10","123198514","123198802","chr5","17235790","17236080","40","105962724"
"chr10","123460311","123460507","chr9","31630832","31631026","55","91829479"
"chr10","123777007","123777286","chr1","128553230","128553514","49","4776223"
"chr10","123895444","123895668","chr4","108243728","108243958","39","15651716"
"chr10","125045887","125046004","chrX","82929329","82929442","22","42116558"
"chr10","127093892","127094165","chr4","191069928","191070205","41","63976036"
"chr10","127115244","127115359","chr11","46266962","46267069","25","80848282"
"chr10","127289720","127290007","chr14","92206512","92206803","41","35083208"
"chr10","127751588","127751774","chr14","59100011","59100197","29","68651577"
"chr10","127819448","127819743","chr22","40447353","40447646","49","87372095"
"chr10","128043658","128043938","chr6","29250739","29251008","57","98792919"
"chr10","128851171","128851483","chr10","131911447","131911753","44","3060276"
"chr10","129227037","129227347","chr10","13437446","13437754","45","115789591"
"chr10","129290490","129290760","chr2B","224772880","224773153","42","95482390"
"chr10","129370645","129370959","chr6","20985201","20985506","57","108385444"
"chr10","129514171","129514331","chr5","90913999","90914167","36","38600172"
"chr10","129559941","129560239","chrX","70267582","70267875","43","59292359"
"chr10","129578782","129579086","chr16","28492413","28492722","44","101086369"
"chr10","129673948","129674235","chr1","180728670","180728958","44","51054722"
"chr10","129748760","129748985","chr7","43141515","43141734","44","86607245"
"chr10","129989086","129989261","chr4","31998553","31998728","46","97990533"
"chr10","129989312","129989420","chr7","101569384","101569487","34","28419928"
"chr10","130656412","130656673","chr10","67957106","67957373","57","62699306"
"chr10","131504985","131505113","chr2A","99555057","99555188","24","31949928"
"chr10","131580310","131580475","chrX","27044992","27045167","39","104535318"
"chr10","131725270","131725562","chr22","40447353","40447646","39","91277917"
"chr10","131798578","131798890","chrX","69928922","69929226","37","61869656"
"chr11","5504818","5505114","chr14","92206512","92206803","39","86701694"
"chr11","800502","800797","chr8","27069200","27069503","63","26268698"
"chr11","1184368","1184660","chr11","3056561","3056860","52","1872193"
"chr11","1538239","1538433","chr14","69525822","69526030","41","67987583"
"chr11","1673559","1673860","chr14","87719174","87719477","37","86045615"
"chr11","3350399","3350689","chr12","73543755","73544045","35","70193356"
"chr11","4797753","4798038","chr3","140404468","140404753","41","135606715"
"chr11","5070537","5070691","chr1","152471207","152471358","25","147400670"
"chr11","5153768","5154058","chrX","96380638","96380930","41","91226870"
"chr11","5444301","5444607","chr5","76903012","76903318","40","71458711"
"chr11","5457841","5458040","chr11","129081819","129082020","31","123623978"
"chr11","5549883","5550176","chr15","32292880","32293169","60","26742997"
"chr11","5728674","5728945","chr19","49399456","49399727","86","43670782"
"chr11","5921512","5921810","chr12","71787117","71787412","36","65865605"
"chr11","6081365","6081522","chr1","6601296","6601459","25","519931"
"chr11","6735538","6735822","chr21","18562186","18562478","52","11826648"
"chr11","7957245","7957521","chr15","28850041","28850326","55","20892796"
"chr11","8762773","8763082","chr1","102063646","102063950","42","93300873"
"chr11","8983199","8983497","chr19","49334612","49334911","34","40351413"
"chr11","9160970","9161258","chr13","25579601","25579892","40","16418631"
"chr11","9169881","9170114","chr1","212769688","212769915","43","203599807"
"chr11","9295034","9295324","chr12","32917166","32917461","36","23622132"
"chr11","9603364","9603663","chr3","12555497","12555790","42","2952133"
"chr11","9674191","9674500","chr1","27194575","27194882","31","17520384"
"chr11","10549325","10549540","chr4","112217942","112218153","45","101668617"
"chr11","10962106","10962212","chr17","14037646","14037751","24","3075540"
"chr11","11526839","11527115","chr13","105297253","105297525","53","93770414"
"chr11","11969091","11969362","chr14","72181021","72181295","47","60211930"
"chr11","12972568","12972858","chr11","46089609","46089896","50","33117041"
"chr11","13015319","13015618","chr5","141893487","141893783","66","128878168"
"chr11","13907650","13907791","chr2A","75175041","75175184","19","61267391"
"chr11","14495886","14496101","chr4","112217942","112218153","36","97722056"
"chr11","14674531","14674633","chr2A","47581163","47581264","22","32906632"
"chr11","14701740","14701968","chr5","123151632","123151864","36","108449892"
"chr11","14702022","14702103","chr1","190335891","190335972","22","175633869"
"chr11","14796725","14797034","chr9","34363349","34363655","44","19566624"
"chr11","14870239","14870503","chr17","72109718","72109981","51","57239479"
"chr11","14876431","14876718","chr14","95732764","95733057","40","80856333"
"chr11","14929354","14929583","chr19","50665319","50665553","38","35735965"
"chr11","14931294","14931589","chr11","115246518","115246818","55","100315224"
"chr11","15082248","15082544","chr1","157163483","157163783","31","142081235"
"chr11","15229935","15230102","chr6","27371061","27371231","26","12141126"
"chr11","16151088","16151277","chr14","59100011","59100197","30","42948923"
"chr11","16377640","16377939","chr15","92357254","92357551","50","75979614"
"chr11","16412083","16412368","chr20","7162578","7162870","44","9249505"
"chr11","16492630","16492797","chr2B","180695555","180695727","30","164202925"
"chr11","17078377","17078642","chr15","75721578","75721853","68","58643201"
"chr11","17180150","17180284","chr12","133977696","133977813","35","116797546"
"chr11","18016053","18016274","chr12","93609381","93609601","36","75593328"
"chr11","18307452","18307730","chr8","106469904","106470184","62","88162452"
"chr11","18590321","18590610","chr7","150319476","150319767","41","131729155"
"chr11","19295057","19295306","chr9","27888058","27888304","69","8593001"
"chr11","20796057","20796154","chr5","158434216","158434310","23","137638159"
"chr11","21079080","21079117","chr5","85424624","85424665","13","64345544"
"chr11","21373344","21373650","chr1","35788128","35788434","44","14414784"
"chr11","21414230","21414521","chrX","51142524","51142811","43","29728294"
"chr11","21483262","21483559","chr17","5318110","5318400","53","16165152"
"chr11","21561493","21561793","chr2A","57410419","57410725","35","35848926"
"chr11","21642061","21642367","chr3","193957981","193958281","42","172315920"
"chr11","21660050","21660257","chr2B","206202971","206203181","38","184542921"
"chr11","21686101","21686397","chr7","158580684","158580979","40","136894583"
"chr11","22227293","22227514","chr18","66093556","66093779","38","43866263"
"chr11","22245663","22245963","chr6","20985201","20985506","44","1260462"
"chr11","22564685","22564874","chr16","24612025","24612204","42","2047340"
"chr11","22619996","22620119","chr14","106341597","106341714","36","83721601"
"chr11","22659550","22659838","chr4","110414976","110415258","36","87755426"
"chr11","23250475","23250765","chr5","35255023","35255326","56","12004548"
"chr11","24279773","24279950","chr1","45214102","45214277","29","20934329"
"chr11","27305581","27305856","chr12","11825730","11826024","62","15479851"
"chr11","27916523","27916827","chr12","8100508","8100811","42","19816015"
"chr11","28265660","28265958","chr21","18562186","18562478","51","9703474"
"chr11","29643650","29643944","chr2A","110133217","110133512","47","80489567"
"chr11","31102028","31102343","chr1","22425238","22425552","51","8676790"
"chr11","32358203","32358321","chr3","114686926","114687041","22","82328723"
"chr11","32626475","32626765","chr2B","207328546","207328837","62","174702071"
"chr11","33142490","33142798","chr14","53135468","53135774","53","19992978"
"chr11","36610153","36610459","chr12","50906591","50906897","46","14296438"
"chr11","36617228","36617434","chr5","142194859","142195062","33","105577631"
"chr11","36628427","36628734","chr2A","33536931","33537237","44","3091496"
"chr11","36746120","36746424","chr9","4633128","4633421","51","32112992"
"chr11","37148175","37148364","chr22","28784821","28785017","42","8363354"
"chr11","38009361","38009489","chr7","106449286","106449409","19","68439925"
"chr11","38100877","38101164","chr15","32292880","32293169","38","5807997"
"chr11","38845176","38845482","chr5","134947530","134947828","53","96102354"
"chr11","39331432","39331725","chr2B","195267294","195267585","44","155935862"
"chr11","39655275","39655491","chr10","8191301","8191514","44","31463974"
"chr11","39785744","39786023","chr1","26460961","26461246","65","13324783"
"chr11","40708001","40708277","chr12","74257440","74257716","49","33549439"
"chr11","41239748","41240037","chr6","86292035","86292329","53","45052287"
"chr11","41522770","41523068","chr7","44392726","44393021","36","2869956"
"chr11","42128443","42128728","chr2A","96867370","96867647","49","54738927"
"chr11","42256687","42256952","chr7","66888551","66888816","39","24631864"
"chr11","42288081","42288215","chr12","14524573","14524711","33","27763508"
"chr11","42746577","42746878","chr4","141692681","141692985","40","98946104"
"chr11","42762355","42762428","chr3","188499937","188500000","16","145737582"
"chr11","44071766","44071877","chr22","29798696","29798821","28","14273070"
"chr11","44072517","44072820","chr5","37296160","37296465","40","6776357"
"chr11","44084054","44084353","chr2B","202114892","202115190","43","158030838"
"chr11","44217050","44217340","chr11","116937561","116937852","37","72720511"
"chr11","44619560","44619869","chr19","62863635","62863940","48","18244075"
"chr11","44651496","44651688","chrX","24058638","24058836","39","20592858"
"chr11","44666622","44666927","chr2B","121681148","121681441","60","77014526"
"chr11","45053973","45054167","chr16","10981799","10982009","54","34072174"
"chr11","45536252","45536457","chr9","86603404","86603609","30","41067152"
"chr11","45752289","45752571","chr4","110414976","110415258","46","64662687"
"chr11","46918085","46918388","chr12","121827950","121828251","55","74909865"
"chr11","47783656","47783934","chr1","59208285","59208572","65","11424629"
"chr11","48050619","48050882","chr9","129280532","129280791","38","81229913"
"chr11","48160188","48160460","chr8","93038777","93039045","36","44878589"
"chr11","50356698","50356986","chr20","25329106","25329397","56","25027592"
"chr11","50817880","50818174","chr16","2327719","2328013","43","48490161"
"chr11","50827477","50827785","chr19","39539014","39539317","48","11288463"
"chr11","51031429","51031726","chrX","51142524","51142811","55","111095"
"chr11","51490578","51490821","chr16","52106454","52106689","50","615876"
"chr11","51727880","51728180","chr3","187899059","187899363","39","136171179"
"chr11","53641910","53642206","chr6","45956109","45956396","62","7685801"
"chr11","53672005","53672317","chr2A","9188358","9188667","47","44483647"
"chr11","54102538","54102700","chr11","64626365","64626499","42","10523827"
"chr11","54180848","54181025","chr17","10417993","10418170","60","43762855"
"chr11","56319164","56319451","chr6","31460034","31460307","44","24859130"
"chr11","57166166","57166471","chr6","20985201","20985506","41","36180965"
"chr11","58203382","58203692","chr3","37984920","37985225","42","20218462"
"chr11","58486837","58486960","chr22","29798696","29798821","15","28688141"
"chr11","59623817","59624089","chr19","12544456","12544733","47","47079361"
"chr11","59647669","59647948","chr14","49667581","49667858","48","9980088"
"chr11","59749580","59749748","chr7","100782170","100782345","40","41032590"
"chr11","59767411","59767710","chr6","32195163","32195460","45","27572248"
"chr11","60099995","60100287","chr1","180728670","180728958","53","120628675"
"chr11","60157176","60157470","chr7","131685944","131686245","56","71528768"
"chr11","60485275","60485549","chr3","54143714","54143996","59","6341561"
"chr11","60693230","60693465","chr3","137956330","137956572","39","77263100"
"chr11","60697533","60697827","chr17","67267299","67267597","44","6569766"
"chr11","60765425","60765709","chr2A","44952766","44953054","43","15812659"
"chr11","61050248","61050543","chr8","22594332","22594625","44","38455916"
"chr11","61400709","61400850","chr4","3137686","3137827","25","58263023"
"chr11","61645495","61645779","chr4","107714319","107714602","47","46068824"
"chr11","61680901","61681200","chr1","90464356","90464648","40","28783455"
"chr11","63384207","63384407","chrX","24058638","24058836","27","39325569"
"chr11","63454227","63454516","chr6","156407209","156407501","41","92952982"
"chr11","64791968","64792171","chr9","14575342","14575543","40","50216626"
"chr11","64834276","64834562","chr1","190028295","190028577","49","125194019"
"chr11","64948404","64948682","chr19","56253266","56253547","51","8695138"
"chr11","64972511","64972824","chr12","46808474","46808774","43","18164037"
"chr11","65004811","65005104","chr15","28850041","28850326","47","36154770"
"chr11","65315738","65316030","chr15","67071135","67071428","35","1755397"
"chr11","66273977","66274227","chr7","50101774","50102040","70","16172203"
"chr11","66700484","66700769","chr16","70814677","70814964","39","4114193"
"chr11","66898888","66899160","chr1","227035851","227036134","44","160136963"
"chr11","66953496","66953785","chr1","19903888","19904183","41","47049608"
"chr11","67030537","67030822","chr7","72155514","72155803","46","5124977"
"chr11","67043759","67044025","chr5","104243279","104243540","51","37199520"
"chr11","67051922","67052226","chr1","24753102","24753405","46","42298820"
"chr11","67130697","67130844","chrX","9352621","9352773","28","57778076"
"chr11","67131817","67132087","chr1","191033220","191033497","45","123901403"
"chr11","67195153","67195455","chr2B","132755236","132755532","48","65560083"
"chr11","67449885","67449948","chrX","19342178","19342243","13","48107707"
"chr11","67515456","67515604","chrX","138846609","138846742","29","71331153"
"chr11","68705338","68705501","chr19","47927698","47927861","29","20777640"
"chr11","69789706","69789830","chr19","52708052","52708172","23","17081654"
"chr11","70700065","70700348","chr7","72155514","72155803","45","1455449"
"chr11","71002937","71003237","chr8","106787932","106788226","46","35784995"
"chr11","71526671","71526950","chr6","143593593","143593862","45","72066922"
"chr11","71544764","71545039","chr18","17827955","17828236","39","53716809"
"chr11","72375284","72375585","chr19","49334612","49334911","34","23040672"
"chr11","72611795","72612091","chr8","45396283","45396591","66","27215512"
"chr11","72634031","72634305","chr3","133115223","133115500","57","60481192"
"chr11","72658667","72658971","chr3","136478379","136478687","49","63819712"
"chr11","72711244","72711549","chr6","20985201","20985506","40","51726043"
"chr11","72741222","72741505","chr10","98643440","98643729","46","25902218"
"chr11","73115751","73116045","chr19","48820002","48820297","29","24295749"
"chr11","74309400","74309684","chr1","50761467","50761753","41","23547933"
"chr11","74632455","74632751","chr13","98398645","98398941","38","23766190"
"chr11","75196327","75196606","chr14","66534414","66534697","41","8661913"
"chr11","75668577","75668862","chr10","68350095","68350392","39","7318482"
"chr11","75712106","75712395","chrX","117138989","117139281","44","41426883"
"chr11","76726592","76726889","chr20","18239566","18239864","42","58487026"
"chr11","76853299","76853591","chr5","95056250","95056538","54","18202951"
"chr11","78050063","78050270","chr11","64963471","64963687","33","13086592"
"chr11","78081328","78081489","chr6","109013841","109013997","36","30932513"
"chr11","80158354","80158660","chr17","60001596","60001898","53","20156758"
"chr11","80663540","80663662","chr4","42403441","42403565","32","38260099"
"chr11","80810786","80811086","chr3","139924619","139924917","39","59113833"
"chr11","80834248","80834494","chr6","110254889","110255149","54","29420641"
"chr11","80915515","80915820","chrX","47072474","47072765","44","33843041"
"chr11","81374333","81374637","chr7","4737779","4738079","34","76636554"
"chr11","81805520","81805649","chr6","157763794","157763919","18","75958274"
"chr11","81858074","81858166","chr4","50878084","50878175","19","30979990"
"chr11","82035448","82035747","chr12","88340870","88341168","43","6305422"
"chr11","82149673","82149967","chr5","38415598","38415886","46","43734075"
"chr11","82260858","82261168","chr16","74872733","74873030","71","7388125"
"chr11","83520653","83520938","chr14","102247758","102248052","47","18727105"
"chr11","84005158","84005465","chr20","37855519","37855823","44","46149639"
"chr11","84600495","84600828","chr1","24753102","24753405","71","59847393"
"chr11","85265863","85266131","chr19","16328375","16328646","44","68937488"
"chr11","85271884","85272148","chr8","143844286","143844547","48","58572402"
"chr11","86070455","86070744","chr16","69802389","69802675","47","16268066"
"chr11","86408155","86408447","chr15","73054135","73054430","54","13354020"
"chr11","86672258","86672530","chr16","86352618","86352875","59","319640"
"chr11","89765500","89765751","chrX","48484182","48484449","45","41281318"
"chr11","90229334","90229631","chr3","12555497","12555790","45","77673837"
"chr11","90275941","90276210","chr3","148432007","148432285","47","58156066"
"chr11","90326417","90326710","chr10","98643440","98643729","65","8317023"
"chr11","90569138","90569248","chrX","137612523","137612630","21","47043385"
"chr11","90839277","90839543","chr16","57148744","57149007","45","33690533"
"chr11","91558929","91559224","chr2B","242630921","242631213","37","151071992"
"chr11","92144459","92144763","chr4","90130522","90130826","38","2013937"
"chr11","94229808","94230100","chr12","6343560","6343852","28","87886248"
"chr11","95442111","95442452","chr11","121418664","121418986","69","25976553"
"chr11","95508166","95508462","chrX","104720149","104720442","42","9211983"
"chr11","95618215","95618408","chr17","63262444","63262638","45","32355771"
"chr11","95673929","95674208","chr16","9051048","9051327","52","86622881"
"chr11","95736354","95736632","chr12","83909421","83909697","38","11826933"
"chr11","95748625","95748916","chr10","126045059","126045350","40","30296434"
"chr11","96063111","96063335","chr8","124345340","124345559","36","28282229"
"chr11","96135773","96136043","chr7","109300892","109301171","37","13165119"
"chr11","96301819","96302106","chr1","210819403","210819695","38","114517584"
"chr11","96398904","96399195","chr14","92206512","92206803","42","4192392"
"chr11","96430786","96431096","chr1","150093146","150093446","53","53662360"
"chr11","96538861","96539169","chr1","180340430","180340740","44","83801569"
"chr11","96706608","96706917","chr12","94740028","94740335","37","1966580"
"chr11","97271501","97271798","chr12","78709850","78710146","39","18561651"
"chr11","97327414","97327714","chr1","109406257","109406558","40","12078843"
"chr11","97627949","97628239","chr10","98717143","98717438","43","1089194"
"chr11","98185975","98186266","chr5","145121601","145121895","45","46935626"
"chr11","98449700","98449974","chr1","156823272","156823543","48","58373572"
"chr11","98880479","98880783","chr19","39539014","39539317","35","59341465"
"chr11","100832013","100832306","chr3","15802430","15802725","48","85029583"
"chr11","101107797","101108094","chr6","147161071","147161379","47","46053274"
"chr11","101237926","101238216","chr5","96872837","96873129","57","4365089"
"chr11","101455384","101455663","chr4","17361545","17361832","45","84093839"
"chr11","102226052","102226268","chr1","25596125","25596349","42","76629927"
"chr11","102849126","102849437","chr17","61352347","61352656","53","41496779"
"chr11","102881327","102881620","chrX","42045389","42045684","36","60835938"
"chr11","103123383","103123685","chrX","41809516","41809815","37","61313867"
"chr11","103287393","103287715","chrX","69928922","69929226","58","33358471"
"chr11","104164102","104164397","chr1","46142449","46142740","47","58021653"
"chr11","105111936","105112220","chr19","61710839","61711123","47","43401097"
"chr11","106529795","106530095","chr4","108877129","108877431","36","2347334"
"chr11","107046034","107046357","chr12","102118093","102118385","68","4927941"
"chr11","107224647","107224951","chr1","160177527","160177827","42","52952880"
"chr11","108767530","108767807","chr5","59877487","59877772","70","48890043"
"chr11","109044469","109044784","chr17","75627463","75627768","47","33417006"
"chr11","109186371","109186663","chr9","85559729","85560017","36","23626642"
"chr11","109368349","109368455","chr11","46266962","46267069","20","63101387"
"chr11","109369086","109369362","chr17","8645851","8646121","59","100723235"
"chr11","109644497","109644797","chr1","190343807","190344109","42","80699310"
"chr11","109758937","109759217","chr10","67957106","67957373","61","41801831"
"chr11","109967559","109967857","chr3","37984920","37985225","38","71982639"
"chr11","110086981","110087142","chr22","25773892","25774067","44","84313089"
"chr11","110280012","110280307","chr7","96912045","96912338","40","13367967"
"chr11","110298453","110298747","chr7","44392726","44393021","38","65905727"
"chr11","110368147","110368385","chr7","158596053","158596294","51","48227906"
"chr11","110837897","110838067","chr1","165599411","165599606","51","54761514"
"chr11","110911767","110912056","chr6","32195163","32195460","35","78716604"
"chr11","110954083","110954368","chrX","34021299","34021588","47","76932784"
"chr11","111157212","111157491","chr4","42227408","42227692","42","68929804"
"chr11","111255429","111255557","chr3","187479703","187479826","22","76224274"
"chr11","112283776","112283942","chr6","64696747","64696916","48","47587029"
"chr11","112356226","112356413","chr2A","33942319","33942523","49","78413907"
"chr11","113221198","113221491","chr1","37146816","37147110","44","76074382"
"chr11","113435029","113435278","chr1","90342660","90342902","49","23092369"
"chr11","113469218","113469508","chr3","48713226","48713518","36","64755992"
"chr11","113732091","113732352","chr7","106782196","106782471","64","6949895"
"chr11","114088007","114088208","chr9","86603404","86603609","32","27484603"
"chr11","114835714","114836007","chr1","90464356","90464648","52","24371358"
"chr11","115113096","115113394","chr18","16175515","16175810","50","98937581"
"chr11","115169147","115169273","chr19","10265822","10265947","13","104903325"
"chr11","115318467","115318737","chr1","50927832","50928108","54","64390635"
"chr11","116524974","116525269","chr16","80421143","80421441","44","36103831"
"chr11","116618325","116618607","chr4","160361532","160361799","59","43743207"
"chr11","117094378","117094529","chr7","105814448","105814618","45","11279930"
"chr11","117419433","117419760","chr1","25653805","25654126","73","91765628"
"chr11","117505248","117505536","chr1","28931643","28931937","49","88573605"
"chr11","117507607","117507893","chrX","31351615","31351909","56","86155992"
"chr11","117509118","117509414","chrX","31351615","31351909","41","86157503"
"chr11","117685346","117685634","chr4","177924260","177924549","38","60238914"
"chr11","118294107","118294409","chr2A","63298424","63298723","39","54995683"
"chr11","118383171","118383464","chr7","72950348","72950633","52","45432823"
"chr11","118559043","118559174","chr11","60791910","60792060","34","57767133"
"chr11","119121170","119121459","chr2B","182523474","182523766","52","63402304"
"chr11","119156295","119156581","chr1","46126305","46126592","38","73029990"
"chr11","119208512","119208640","chr11","61626265","61626393","20","57582247"
"chr11","119960540","119960666","chrX","24239420","24239540","35","95721120"
"chr11","120363064","120363294","chrX","154914160","154914375","54","34551096"
"chr11","120648363","120648659","chr2B","157845262","157845565","54","37196899"
"chr11","120674495","120674573","chr1","106968302","106968373","25","13706193"
"chr11","121004471","121004661","chr14","69779889","69780074","42","51224582"
"chr11","121139764","121140077","chr1","85673689","85673996","50","35466075"
"chr11","121142854","121143152","chr1","52798800","52799100","36","68344054"
"chr11","121173436","121173634","chr17","48000037","48000235","33","73173399"
"chr11","121220255","121220546","chr1","90464356","90464648","38","30755899"
"chr11","121613078","121613374","chr2B","200837853","200838138","58","79224775"
"chr11","121839502","121839776","chr11","66604083","66604375","50","55235419"
"chr11","121879714","121879844","chr1","195079114","195079244","15","73199400"
"chr11","121914220","121914491","chr4","160361532","160361799","46","38447312"
"chr11","122041878","122042023","chr1","9774532","9774702","46","112267346"
"chr11","122105283","122105493","chr4","112217942","112218153","27","9887341"
"chr11","122105756","122106032","chr5","103449307","103449595","43","18656449"
"chr11","122162848","122163044","chr9","97722096","97722286","29","24440752"
"chr11","122370634","122370919","chr3","110997514","110997808","51","11373120"
"chr11","122399893","122400196","chr7","99033735","99034038","47","23366158"
"chr11","122403447","122403661","chr1","179087222","179087443","57","56683775"
"chr11","122903902","122904209","chr3","29543518","29543825","42","93360384"
"chr11","122935596","122935871","chr7","4690843","4691129","49","118244753"
"chr11","123016732","123017020","chr1","36327041","36327337","50","86689691"
"chr11","123171237","123171538","chr1","219997735","219998042","45","96826498"
"chr11","123308963","123309239","chr4","191069928","191070205","47","67760965"
"chr11","123315229","123315350","chr9","75957861","75957979","29","47357368"
"chr11","123338135","123338433","chr19","48820002","48820297","37","74518133"
"chr11","123339027","123339170","chr7","112856370","112856515","23","10482657"
"chr11","123746479","123746742","chr19","16328375","16328646","37","107418104"
"chr11","123822941","123823234","chr4","172092029","172092326","36","48269088"
"chr11","124539390","124539582","chr7","54030537","54030725","30","70508853"
"chr11","124541670","124541890","chr4","112217942","112218153","34","12323728"
"chr11","124558808","124559114","chr1","157163483","157163783","47","32604675"
"chr11","124563319","124563613","chr4","110414976","110415258","54","14148343"
"chr11","125211925","125212230","chr1","150093146","150093446","37","24881221"
"chr11","125247615","125247750","chr16","46166147","46166273","33","79081468"
"chr11","125443947","125444084","chr3","200554809","200554942","28","75110862"
"chr11","125444471","125444572","chr12","39211337","39211446","17","86233134"
"chr11","125690651","125690951","chr3","166050398","166050694","39","40359747"
"chr11","125800343","125800457","chr6","118815427","118815541","22","6984916"
"chr11","125869508","125869644","chr7","48198138","48198263","28","77671370"
"chr11","126068911","126069036","chr2A","99808200","99808333","35","26260711"
"chr11","126796001","126796269","chr8","93038777","93039045","36","33757224"
"chr11","128372475","128372751","chr14","72181021","72181295","42","56191454"
"chr11","128668354","128668469","chr3","194233462","194233583","24","65565108"
"chr11","128891192","128891492","chr1","205255291","205255591","55","76364099"
"chr11","129290672","129290731","chr8","97716497","97716559","13","31574175"
"chr11","129360618","129360912","chr5","145121601","145121895","42","15760983"
"chr11","129599572","129599866","chr19","49334612","49334911","38","80264960"
"chr11","129938875","129938983","chr3","132720021","132720133","44","2781146"
"chr12","48234411","48234710","chr2B","131356959","131357255","45","83122548"
"chr12","92536708","92537005","chr6","102771054","102771351","42","10234346"
"chr12","101973764","101974057","chr6","32195163","32195460","36","69778601"
"chr12","108789706","108790019","chr16","74872733","74873030","47","33916973"
"chr12","215447","215603","chrX","41115877","41116035","28","40900430"
"chr12","403811","403919","chrY","25616981","25617085","33","25213170"
"chr12","404148","404318","chr14","59100011","59100197","49","58695863"
"chr12","629211","629499","chr1","223886121","223886412","39","223256910"
"chr12","1321595","1321900","chr2B","167404741","167405042","46","166083146"
"chr12","1670416","1670714","chr7","130705479","130705778","37","129035063"
"chr12","1818476","1818658","chr5","90913999","90914167","37","89095523"
"chr12","2080706","2081001","chr1","210819403","210819695","43","208738697"
"chr12","2337407","2337684","chr1","129660980","129661262","49","127323573"
"chr12","2710849","2711157","chr5","173099802","173100101","57","170388953"
"chr12","2926866","2927086","chr19","52459842","52460065","34","49532976"
"chr12","3285526","3285751","chr3","38683846","38684070","39","35398320"
"chr12","3435623","3435935","chr14","34129106","34129400","53","30693483"
"chr12","3469809","3470114","chr8","11757692","11758001","42","8287883"
"chr12","3475272","3475546","chr4","17361545","17361832","59","13886273"
"chr12","3688364","3688653","chr11","116333106","116333398","32","112644742"
"chr12","3777209","3777446","chr12","112416355","112416598","41","108639146"
"chr12","4214232","4214534","chr6","22146834","22147136","38","17932602"
"chr12","4647767","4648059","chr3","54221877","54222171","41","49574110"
"chr12","4658217","4658499","chrX","47072474","47072765","36","42414257"
"chr12","4925724","4926010","chr3","26104016","26104294","57","21178292"
"chr12","5038278","5038586","chr2A","109312847","109313158","48","104274569"
"chr12","5066316","5066608","chr12","8100508","8100811","47","3034192"
"chr12","5120526","5120843","chr11","60860905","60861205","46","55740379"
"chr12","5149786","5150065","chr18","12833752","12834026","38","7683966"
"chr12","5152224","5152503","chr18","12833752","12834026","40","7681528"
"chr12","5757541","5757726","chr2B","223140701","223140890","31","217383160"
"chr12","5845845","5845985","chr6","10429234","10429373","23","4583389"
"chr12","5847942","5848202","chr4","130063803","130064062","41","124215861"
"chr12","6591989","6592253","chr16","69802389","69802675","61","63210400"
"chr12","6667289","6667432","chr2A","99808200","99808333","34","93140911"
"chr12","6873031","6873244","chr4","154193952","154194161","37","147320921"
"chr12","7105169","7105439","chr5","142193615","142193900","58","135088446"
"chr12","7643408","7643713","chr4","108877129","108877431","57","101233721"
"chr12","7687262","7687558","chr11","72336656","72336952","50","64649394"
"chr12","7980784","7981077","chr2A","34496954","34497230","58","26516170"
"chr12","8231028","8231315","chr14","92206512","92206803","36","83975484"
"chr12","8465067","8465348","chr1","191033220","191033497","58","182568153"
"chr12","8476772","8477079","chr2B","126944725","126945029","68","118467953"
"chr12","8522625","8522933","chr16","8299449","8299756","64","223176"
"chr12","9418667","9418772","chr4","187916921","187917009","32","178498254"
"chr12","9419401","9419694","chr2A","112159204","112159506","47","102739803"
"chr12","9553709","9553886","chr3","50806237","50806413","42","41252528"
"chr12","9601807","9601998","chr16","9374896","9375083","39","226911"
"chr12","10234879","10235157","chr16","10033163","10033445","43","201716"
"chr12","10456081","10456376","chrX","75523481","75523777","44","65067400"
"chr12","10502183","10502402","chr5","140994392","140994613","50","130492209"
"chr12","10765961","10766091","chr10","122821404","122821536","24","112055443"
"chr12","10801660","10801936","chr3","133115223","133115500","43","122313563"
"chr12","11086421","11086683","chr19","61710839","61711123","65","50624418"
"chr12","11183314","11183391","chr5","87835047","87835108","30","76651733"
"chr12","11183394","11183450","chr16","62229481","62229535","10","51046087"
"chr12","11252418","11252715","chr1","51006283","51006582","57","39753865"
"chr12","11307986","11308272","chr4","91952825","91953108","70","80644839"
"chr12","11641921","11642045","chr16","30083290","30083422","25","18441369"
"chr12","11739722","11740024","chrX","40740697","40740999","42","29000975"
"chr12","11939526","11939802","chr2B","224772880","224773153","50","212833354"
"chr12","12109157","12109324","chr16","69369705","69369876","17","57260548"
"chr12","12114804","12114971","chr16","69369705","69369876","17","57254901"
"chr12","12226919","12227226","chr1","150093146","150093446","45","137866227"
"chr12","12244021","12244301","chr19","56253266","56253547","50","44009245"
"chr12","12265763","12265985","chr6","200289","200515","43","12065474"
"chr12","12324344","12324625","chr11","116333106","116333398","58","104008762"
"chr12","12457405","12457674","chr4","160361532","160361799","59","147904127"
"chr12","12964203","12964497","chr14","91973638","91973928","44","79009435"
"chr12","13240010","13240315","chr14","54187503","54187812","39","40947493"
"chr12","13309689","13309984","chr1","180728670","180728958","52","167418981"
"chr12","13357482","13357686","chr2A","54821998","54822207","40","41464516"
"chr12","13650539","13650826","chr12","63400576","63400859","43","49750037"
"chr12","13931006","13931287","chr1","90464356","90464648","41","76533350"
"chr12","14030904","14031177","chr13","98835290","98835572","57","84804386"
"chr12","14251685","14251966","chr14","92206512","92206803","41","77954827"
"chr12","14290186","14290475","chr3","12555497","12555790","45","1734689"
"chr12","14499773","14499944","chr4","40026272","40026440","34","25526499"
"chr12","14726427","14726739","chr7","65290500","65290808","38","50564073"
"chr12","15267926","15268235","chr2A","47454388","47454687","56","32186462"
"chr12","15310407","15310722","chr1","126594772","126595077","65","111284365"
"chr12","15337648","15337822","chr3","10317925","10318097","42","5019723"
"chr12","15551801","15551992","chr4","24946761","24946953","40","9394960"
"chr12","15552357","15552463","chr12","63571112","63571232","34","48018755"
"chr12","15562178","15562353","chr2B","175740422","175740600","27","160178244"
"chr12","15641328","15641587","chr6","21996640","21996924","65","6355312"
"chr12","15658167","15658476","chr1","150093146","150093446","44","134434979"
"chr12","15844541","15844849","chr19","49334612","49334911","48","33490071"
"chr12","16083154","16083332","chr19","20495561","20495725","52","4412407"
"chr12","16660430","16660710","chr6","143593593","143593862","61","126933163"
"chr12","17079852","17080141","chr3","152512400","152512696","48","135432548"
"chr12","17119273","17119574","chr9","97196371","97196671","36","80077098"
"chr12","17682973","17683104","chr2A","43830458","43830588","26","26147485"
"chr12","17796653","17796915","chr3","136125494","136125756","41","118328841"
"chr12","17861926","17862227","chr20","29063717","29064017","64","11201791"
"chr12","18265714","18266024","chr7","95512391","95512698","44","77246677"
"chr12","18415211","18415381","chr3","10317925","10318097","26","8097286"
"chr12","18529042","18529205","chr4","149245171","149245334","47","130716129"
"chr12","18562406","18562670","chr10","73535117","73535381","43","54972711"
"chr12","18583462","18583766","chr3","122931877","122932178","42","104348415"
"chr12","18617796","18617935","chr2A","99808200","99808333","22","81190404"
"chr12","18704225","18704513","chrX","119905374","119905665","35","101201149"
"chr12","19342980","19343133","chr1","196864953","196865102","32","177521973"
"chr12","19448112","19448229","chr17","37000001","37000121","29","17551889"
"chr12","19757293","19757583","chr11","105381623","105381915","41","85624330"
"chr12","19770837","19771121","chr19","48820002","48820297","53","29049165"
"chr12","19771639","19771935","chr19","48820002","48820297","50","29048363"
"chr12","19855206","19855445","chr12","4424246","4424485","39","15430960"
"chr12","20212354","20212646","chr2A","88313580","88313886","52","68101226"
"chr12","20255057","20255305","chr13","67286728","67286983","48","47031671"
"chr12","20405282","20405577","chr8","22594332","22594625","32","2189050"
"chr12","20686715","20686903","chr1","134128127","134128309","41","113441412"
"chr12","20718492","20718786","chr14","34129106","34129400","34","13410614"
"chr12","21052355","21052648","chr7","62105160","62105453","37","41052805"
"chr12","21059573","21059828","chr11","14011422","14011673","47","7048151"
"chr12","21127825","21127948","chr22","29798696","29798821","23","8670871"
"chr12","21220984","21221183","chr2B","200383723","200383911","40","179162739"
"chr12","21757411","21757706","chr1","40333138","40333434","36","18575727"
"chr12","21837020","21837280","chr1","157165222","157165466","69","135328202"
"chr12","22057769","22058040","chr11","63276768","63277040","48","41218999"
"chr12","22219138","22219243","chr11","46266962","46267069","17","24047824"
"chr12","22463590","22463862","chr1","12807216","12807493","53","9656374"
"chr12","22513294","22513432","chr5","178273596","178273745","33","155760302"
"chr12","23080763","23080935","chr13","92844161","92844327","47","69763398"
"chr12","23151649","23151873","chr16","24385752","24385980","24","1234103"
"chr12","23713956","23714236","chr3","133115223","133115500","32","109401267"
"chr12","24158015","24158332","chrX","70267582","70267875","63","46109567"
"chr12","24353149","24353432","chr16","25695374","25695646","48","1342225"
"chr12","25072302","25072524","chr12","4424246","4424485","50","20648056"
"chr12","25074155","25074377","chr12","4424246","4424485","51","20649909"
"chr12","25820024","25820322","chr15","26490736","26491028","40","670712"
"chr12","25903705","25904004","chr3","17771555","17771852","48","8132150"
"chr12","26018120","26018384","chr8","85938160","85938446","62","59920040"
"chr12","26163678","26163919","chr12","4424246","4424485","40","21739432"
"chr12","26164344","26164583","chr3","137956330","137956572","74","111791986"
"chr12","26434248","26434433","chr13","97564229","97564414","41","71129981"
"chr12","26445356","26445585","chr2B","184480006","184480239","53","158034650"
"chr12","26575895","26576201","chrX","40740697","40740999","59","14164802"
"chr12","26704288","26704574","chr12","102118093","102118385","47","75413805"
"chr12","26907739","26907864","chr10","33259628","33259763","30","6351889"
"chr12","27097686","27097928","chr1","157165222","157165466","50","130067536"
"chr12","27361681","27361981","chr17","67267299","67267597","42","39905618"
"chr12","27574077","27574361","chr1","203555814","203556103","50","175981737"
"chr12","27581898","27582116","chr9","39425593","39425816","36","11843695"
"chr12","27600887","27601185","chr17","68893172","68893479","48","41292285"
"chr12","27705038","27705229","chr5","51215133","51215323","34","23510095"
"chr12","27782260","27782544","chrX","143119361","143119658","50","115337101"
"chr12","27827490","27827753","chr20","32244074","32244342","46","4416584"
"chr12","27928051","27928353","chr17","67267299","67267597","42","39339248"
"chr12","27952066","27952360","chrX","45140115","45140406","42","17188049"
"chr12","28190535","28190690","chr2A","62339567","62339718","28","34149032"
"chr12","28229930","28230212","chr7","44392726","44393021","50","16162796"
"chr12","28316328","28316619","chr3","190952266","190952555","47","162635938"
"chr12","28318706","28318993","chr3","190952266","190952555","65","162633560"
"chr12","28436287","28436578","chr17","5318110","5318400","48","23118177"
"chr12","28468089","28468389","chrX","97649878","97650177","45","69181789"
"chr12","28491013","28491220","chr3","13640114","13640310","48","14850899"
"chr12","28533618","28533915","chr2A","44952766","44953054","51","16419148"
"chr12","28589012","28589313","chr4","20390510","20390809","39","8198502"
"chr12","28609010","28609321","chr4","90130522","90130826","48","61521512"
"chr12","28815860","28815994","chr8","99736917","99737038","44","70921057"
"chr12","29097736","29097842","chr3","113208918","113209021","23","84111182"
"chr12","30665312","30665620","chr3","37984920","37985225","46","7319608"
"chr12","31138854","31139134","chr10","33027225","33027512","53","1888371"
"chr12","31171872","31172103","chr4","74837617","74837869","64","43665745"
"chr12","31192031","31192292","chr8","143844286","143844547","44","112652255"
"chr12","32298477","32298610","chr17","4428275","4428409","25","27870202"
"chr12","32997380","32997561","chr4","158655729","158655906","33","125658349"
"chr12","33226052","33226331","chrX","41305386","41305671","50","8079334"
"chr12","33430193","33430492","chr6","5198260","5198555","45","28231933"
"chr12","33546562","33546865","chr14","68034868","68035165","57","34488306"
"chr12","33649065","33649274","chr1","33119483","33119694","45","529582"
"chr12","34306983","34307286","chr4","40075364","40075672","32","5768381"
"chr12","36759769","36759987","chr10","86599967","86600165","43","49840198"
"chr12","36807227","36807517","chr3","54221877","54222171","37","17414650"
"chr12","36817983","36818096","chr6","5192701","5192814","16","31625282"
"chr12","36839412","36839518","chr14","106105937","106106053","31","69266525"
"chr12","37139752","37140000","chr5","172333465","172333735","54","135193713"
"chr12","37211743","37212023","chr4","110414976","110415258","36","73203233"
"chr12","37396799","37397103","chr4","53623579","53623891","46","16226780"
"chr12","37414244","37414548","chr1","146554507","146554813","46","109140263"
"chr12","38028550","38028852","chr15","49196893","49197193","54","11168343"
"chr12","38524231","38524359","chr15","57481759","57481881","20","18957528"
"chr12","38964532","38964832","chr12","46808474","46808774","48","7843942"
"chr12","39123551","39123800","chr11","14011422","14011673","39","25112129"
"chr12","39665297","39665395","chrX","137612523","137612630","33","97947226"
"chr12","39858880","39859176","chr19","48820002","48820297","41","8961122"
"chr12","39913021","39913208","chr3","10317925","10318097","45","29595096"
"chr12","40110626","40110899","chr6","39398582","39398853","42","712044"
"chr12","40552973","40553258","chr16","69802389","69802675","48","29249416"
"chr12","41432664","41432959","chr16","74872733","74873030","37","33440069"
"chr12","42276216","42276513","chr2B","206972782","206973081","53","164696566"
"chr12","43073834","43074125","chr10","18318915","18319206","55","24754919"
"chr12","43210039","43210165","chr2A","96789240","96789384","42","53579201"
"chr12","43685142","43685226","chr16","57790777","57790874","29","14105635"
"chr12","44095619","44095925","chr16","74872733","74873030","49","30777114"
"chr12","45122604","45122914","chr20","46196061","46196369","43","1073457"
"chr12","46003481","46003775","chr1","23752202","23752502","54","22251279"
"chr12","48708211","48708491","chr12","102118093","102118385","43","53409882"
"chr12","49113714","49113970","chr16","57148744","57149007","44","8035030"
"chr12","49234358","49234655","chr3","128402386","128402679","35","79168028"
"chr12","49664238","49664504","chr10","30305491","30305756","54","19358747"
"chr12","49713474","49713753","chr11","44623850","44624147","49","5089624"
"chr12","49904709","49905018","chr4","108877129","108877431","43","58972420"
"chr12","49917693","49917952","chr2A","63231131","63231358","73","13313438"
"chr12","50202990","50203281","chr13","27603195","27603489","45","22599795"
"chr12","50466115","50466418","chr4","74681715","74682017","40","24215600"
"chr12","50491802","50492088","chrX","47072474","47072765","39","3419328"
"chr12","50735761","50736064","chr10","71929700","71929994","46","21193939"
"chr12","50736250","50736545","chr4","55876421","55876716","44","5140171"
"chr12","50764147","50764436","chr7","76090784","76091078","41","25326637"
"chr12","50867165","50867364","chr14","64405778","64405982","33","13538613"
"chr12","51003483","51003772","chr14","92206512","92206803","41","41203029"
"chr12","51101268","51101581","chr22","38753145","38753459","50","12348123"
"chr12","51229995","51230192","chr16","24612025","24612204","45","26617970"
"chr12","51230630","51230702","chr20","25847964","25848025","21","25382666"
"chr12","51250535","51250851","chr1","25653805","25654126","60","25596730"
"chr12","51491210","51491494","chr3","188474936","188475232","48","136983726"
"chr12","51495883","51496170","chr1","155121123","155121411","42","103625240"
"chr12","51759002","51759291","chr1","223886121","223886412","38","172127119"
"chr12","51771265","51771552","chr2A","44952766","44953054","30","6818499"
"chr12","52255605","52255892","chr15","80839801","80840091","45","28584196"
"chr12","52323299","52323578","chr1","191033220","191033497","45","138709921"
"chr12","53759218","53759538","chrX","70267582","70267875","64","16508364"
"chr12","54136123","54136448","chr15","71221638","71221948","77","17085515"
"chr12","54761993","54762294","chr12","32917166","32917461","37","21844827"
"chr12","54801953","54802244","chr3","110164216","110164512","39","55362263"
"chr12","55090264","55090573","chr12","98835191","98835489","45","43744927"
"chr12","55129930","55130204","chr1","191033220","191033497","54","135903290"
"chr12","55731157","55731288","chr3","114686926","114687041","28","58955769"
"chr12","55772350","55772616","chr1","26460961","26461246","77","29311389"
"chr12","55797890","55798046","chr2A","62112928","62113092","29","6315038"
"chr12","55823877","55823986","chr6","118815427","118815541","19","62991550"
"chr12","55864070","55864379","chr1","150093146","150093446","53","94229076"
"chr12","56038057","56038365","chr2B","167404741","167405042","41","111366684"
"chr12","56058431","56058563","chr22","29798696","29798821","24","26259735"
"chr12","56186364","56186619","chr1","64059298","64059554","37","7872934"
"chr12","56208301","56208453","chr1","40538831","40539000","42","15669470"
"chr12","56281684","56281917","chr3","53568365","53568594","42","2713319"
"chr12","56631071","56631115","chr1","18921645","18921690","6","37709426"
"chr12","56811736","56812021","chr18","64672682","64672971","43","7860946"
"chr12","56926850","56927158","chr1","180340430","180340740","45","123413580"
"chr12","56979343","56979644","chr1","35788128","35788434","41","21191215"
"chr12","58388923","58389131","chr3","50761570","50761774","46","7627353"
"chr12","58389602","58389703","chr12","132014477","132014556","42","73624875"
"chr12","58655469","58655600","chr10","63825169","63825301","32","5169700"
"chr12","58658749","58659021","chr10","67957106","67957373","52","9298357"
"chr12","59051405","59051721","chrX","55013046","55013358","41","4038359"
"chr12","61017232","61017532","chr14","34129106","34129400","42","26888126"
"chr12","64355788","64356097","chr9","94998809","94999118","39","30643021"
"chr12","65986004","65986290","chr10","83642827","83643117","59","17656823"
"chr12","67876586","67876774","chr1","165599411","165599606","53","97722825"
"chr12","68227783","68227990","chr8","49070830","49071041","37","19156953"
"chr12","68344899","68345187","chr1","40333138","40333434","51","28011761"
"chr12","69100120","69100359","chr12","112416355","112416598","41","43316235"
"chr12","69553848","69554150","chr3","190566087","190566386","44","121012239"
"chr12","70663314","70663623","chr9","94998809","94999118","43","24335495"
"chr12","73829668","73829952","chr4","44437800","44438084","46","29391868"
"chr12","73995754","73995997","chr10","17896586","17896849","66","56099168"
"chr12","74301827","74302111","chr4","110414976","110415258","41","36113149"
"chr12","74905551","74905874","chr1","25653805","25654126","70","49251746"
"chr12","75655096","75655322","chr5","102439665","102439875","50","26784569"
"chr12","75867322","75867578","chr6","5295226","5295493","48","70572096"
"chr12","78186292","78186559","chr1","212769688","212769915","85","134583396"
"chr12","79013917","79014184","chr2A","80557982","80558253","40","1544065"
"chr12","79175995","79176288","chr7","44392726","44393021","40","34783269"
"chr12","79399877","79400106","chr15","61939803","61940033","34","17460074"
"chr12","79436673","79436754","chr6","35149965","35150033","30","44286708"
"chr12","79736701","79736990","chr7","72155514","72155803","30","7581187"
"chr12","79746973","79747282","chr1","216020352","216020662","44","136273379"
"chr12","80038476","80038770","chr4","43701220","43701525","47","36337256"
"chr12","80926253","80926534","chr7","4690843","4691129","58","76235410"
"chr12","81481467","81481768","chr12","8100508","8100811","46","73380959"
"chr12","81598764","81599018","chr12","33560154","33560407","43","48038610"
"chr12","83164899","83165191","chr19","52848352","52848634","43","30316547"
"chr12","83236398","83236644","chr15","82939161","82939407","46","297237"
"chr12","83874920","83875213","chr11","32989284","32989573","38","50885636"
"chr12","83895922","83896227","chr3","49271798","49272103","41","34624124"
"chr12","84000870","84001169","chr12","88340870","88341168","41","4340000"
"chr12","84283950","84284201","chr2A","18068046","18068275","50","66215904"
"chr12","84369560","84369868","chr3","136478379","136478687","47","52108819"
"chr12","84676127","84676378","chr7","4279811","4280053","56","80396316"
"chr12","84692374","84692469","chr9","19425844","19425933","19","65266530"
"chr12","84709278","84709577","chr3","193542783","193543082","39","108833505"
"chr12","84768359","84768665","chrX","69928922","69929226","32","14839437"
"chr12","85629235","85629459","chr5","57257958","57258181","38","28371277"
"chr12","85668032","85668232","chrX","24058638","24058836","29","61609394"
"chr12","85815379","85815699","chr18","69970207","69970514","61","15845172"
"chr12","86872330","86872628","chr16","28492413","28492722","39","58379917"
"chr12","86983024","86983315","chr1","203411896","203412189","42","116428872"
"chr12","87179003","87179197","chr6","111509767","111509949","55","24330764"
"chr12","87268448","87268740","chr12","32917166","32917461","34","54351282"
"chr12","87489538","87489822","chr15","76188966","76189254","34","11300572"
"chr12","87540867","87541038","chr16","31554296","31554471","38","55986571"
"chr12","87822594","87822888","chrX","137433062","137433357","41","49610468"
"chr12","87991916","87992195","chr3","50819801","50820085","38","37172115"
"chr12","88131078","88131353","chr1","12807216","12807493","42","75323862"
"chr12","88244348","88244512","chr4","149245171","149245334","28","61000823"
"chr12","88342104","88342291","chr7","42616317","42616505","31","45725787"
"chr12","89300537","89300711","chr18","3423596","3423773","43","85876941"
"chr12","89304929","89305215","chr19","56253266","56253547","40","33051663"
"chr12","89338914","89339221","chr3","126460235","126460535","50","37121321"
"chr12","89346716","89346946","chr18","22463547","22463781","51","66883169"
"chr12","89421955","89422161","chr14","69525822","69526030","38","19896133"
"chr12","89497741","89498020","chr3","126460235","126460535","45","36962494"
"chr12","89832532","89832849","chr15","70859917","70860224","59","18972615"
"chr12","89911439","89911749","chr3","136478379","136478687","43","46566940"
"chr12","90095968","90096254","chr14","92206512","92206803","45","2110544"
"chr12","90152876","90153178","chr8","106787932","106788226","46","16635056"
"chr12","90444864","90445154","chr2B","195267294","195267585","38","104822430"
"chr12","90459315","90459618","chr3","128402386","128402679","47","37943071"
"chr12","90579077","90579188","chr10","70456925","70457027","38","20122152"
"chr12","90661564","90661852","chr2B","202114892","202115190","46","111453328"
"chr12","90799378","90799680","chr9","97196371","97196671","39","6396993"
"chr12","91547944","91548244","chr3","126460235","126460535","40","34912291"
"chr12","91886844","91887150","chr2B","139805769","139806054","65","47918925"
"chr12","92493529","92493790","chr6","39398582","39398853","50","53094947"
"chr12","93107750","93108024","chr6","33021256","33021519","49","60086494"
"chr12","94498508","94498797","chrX","119905374","119905665","42","25406866"
"chr12","97887877","97888141","chr8","143844286","143844547","52","45956409"
"chr12","97906238","97906542","chr15","49857300","49857604","54","48048938"
"chr12","98156287","98156375","chr4","10183210","10183295","26","87973077"
"chr12","98247535","98247828","chr3","128402386","128402679","43","30154851"
"chr12","98829671","98829907","chr12","4424246","4424485","38","94405425"
"chr12","99367369","99367677","chr10","111102657","111102955","50","11735288"
"chr12","100754744","100755037","chr1","160127642","160127934","35","59372898"
"chr12","101404237","101404533","chr21","17322275","17322566","40","84081962"
"chr12","101447314","101447596","chr1","156823272","156823543","51","55375958"
"chr12","101732544","101732642","chr9","19425844","19425933","19","82306700"
"chr12","101750269","101750538","chr9","75957982","75958250","42","25792287"
"chr12","101850998","101851300","chr7","62105160","62105453","35","39745838"
"chr12","101902405","101902563","chr1","54283718","54283883","34","47618687"
"chr12","101941531","101941819","chr12","6343560","6343852","37","95597971"
"chr12","102479542","102479830","chr14","92206512","92206803","43","10273030"
"chr12","102497342","102497646","chr10","114237350","114237653","35","11740008"
"chr12","103190956","103191236","chrX","96380638","96380930","50","6810318"
"chr12","103733983","103734235","chrX","36240476","36240740","58","67493507"
"chr12","104024922","104025206","chr3","137175935","137176224","55","33151013"
"chr12","104164834","104165036","chr17","74912946","74913134","39","29251888"
"chr12","104199781","104200041","chr16","17671947","17672206","42","86527834"
"chr12","104668788","104669032","chr3","137956330","137956572","38","33287542"
"chr12","104844155","104844448","chrX","47072474","47072765","41","57771681"
"chr12","105181593","105181893","chr19","48820002","48820297","47","56361591"
"chr12","106156838","106156947","chr9","82982445","82982543","29","23174393"
"chr12","106581861","106582112","chr10","91705984","91706243","53","14875877"
"chr12","106647962","106648243","chr4","186965755","186966044","55","80317793"
"chr12","106650071","106650362","chrX","31351615","31351909","29","75298456"
"chr12","106907168","106907334","chr13","92844161","92844327","33","14063007"
"chr12","107351769","107352073","chr5","83012586","83012889","52","24339183"
"chr12","107463842","107463991","chr1","196864953","196865102","24","89401111"
"chr12","107593510","107593797","chr5","38415598","38415886","37","69177912"
"chr12","107672715","107672934","chr7","944398","944609","64","106728317"
"chr12","107727392","107727459","chr6","34647611","34647678","13","73079781"
"chr12","108268978","108269273","chr17","24681918","24682214","42","83587060"
"chr12","108840586","108840889","chr19","49334612","49334911","36","59505974"
"chr12","109747213","109747502","chr11","116333106","116333398","49","6585893"
"chr12","109826477","109826726","chr16","57148744","57149007","61","52677733"
"chr12","110520299","110520591","chrX","47072474","47072765","39","63447825"
"chr12","112168949","112169256","chr9","6849414","6849717","45","105319535"
"chr12","112398012","112398118","chr21","18904416","18904514","24","93493596"
"chr12","112768672","112768945","chr2A","80557982","80558253","60","32210690"
"chr12","112889263","112889559","chr20","29063717","29064017","39","83825546"
"chr12","113134360","113134651","chr9","6695881","6696174","40","106438479"
"chr12","113150187","113150237","chr5","14809202","14809254","13","98340985"
"chr12","113452182","113452488","chr17","5318110","5318400","64","108134072"
"chr12","113480956","113481238","chr14","95732764","95733057","47","17748192"
"chr12","113523821","113524120","chr6","21672797","21673098","43","91851024"
"chr12","114155806","114156062","chr4","191069928","191070205","59","76914122"
"chr12","114157925","114158087","chrX","112820888","112821058","47","1337037"
"chr12","114946377","114946662","chr1","46126305","46126592","40","68820072"
"chr12","116092144","116092433","chr21","18562186","18562478","40","97529958"
"chr12","116720729","116720926","chr2B","200383723","200383911","45","83662994"
"chr12","117901294","117901434","chr4","35564657","35564807","37","82336637"
"chr12","117901972","117902117","chr9","33020192","33020329","33","84881780"
"chr12","118127350","118127641","chr10","68350095","68350392","44","49777255"
"chr12","118166696","118166870","chr3","10317925","10318097","27","107848771"
"chr12","118179446","118179731","chr12","96767780","96768061","44","21411666"
"chr12","118825778","118825897","chr4","175545569","175545689","22","56719791"
"chr12","121121803","121122075","chr7","50101774","50102040","44","71020029"
"chr12","121370052","121370136","chr1","171031473","171031551","28","49661421"
"chr12","121476577","121476710","chr9","82351303","82351443","46","39125274"
"chr12","121576160","121576437","chr3","50081559","50081841","56","71494601"
"chr13","88866711","88867031","chr9","73476039","73476358","75","15390672"
"chr13","1023258","1023567","chr14","87719174","87719477","47","86695916"
"chr13","1286843","1287010","chr4","35564657","35564807","45","34277814"
"chr13","1415754","1416036","chr3","50819801","50820085","40","49404047"
"chr13","1599734","1600009","chr6","143593593","143593862","60","141993859"
"chr13","2359853","2360141","chr17","43703810","43704100","39","41343957"
"chr13","2799806","2799841","chr4","59613560","59613596","9","56813754"
"chr13","3372904","3373200","chrX","31351615","31351909","53","27978711"
"chr13","3448974","3449265","chr5","141893487","141893783","64","138444513"
"chr13","3905121","3905405","chr8","8945439","8945722","45","5040318"
"chr13","4693775","4694070","chr4","142430187","142430474","58","137736412"
"chr13","5103544","5103837","chrX","31351615","31351909","36","26248071"
"chr13","5310524","5310751","chr8","5960296","5960526","31","649772"
"chr13","5663127","5663250","chr1","195079114","195079244","23","189415987"
"chr13","5965988","5966164","chr4","158655729","158655906","34","152689741"
"chr13","5967112","5967237","chr20","30187879","30188005","22","24220767"
"chr13","6649630","6649706","chr22","29958739","29958808","15","23309109"
"chr13","7527123","7527421","chr11","103685167","103685472","49","96158044"
"chr13","7858832","7859116","chr19","56253266","56253547","50","48394434"
"chr13","8138858","8138939","chr8","64902589","64902670","20","56763731"
"chr13","8953124","8953422","chr1","109406257","109406558","36","100453133"
"chr13","9271282","9271542","chr5","104243279","104243540","51","94971997"
"chr13","9454105","9454397","chrX","47072474","47072765","34","37618369"
"chr13","9643090","9643394","chr2A","36694937","36695237","41","27051847"
"chr13","9700963","9701253","chr15","57036562","57036849","51","47335599"
"chr13","9741603","9741897","chr13","47539182","47539484","43","37797579"
"chr13","9864907","9865212","chr5","48159153","48159453","43","38294246"
"chr13","9936032","9936310","chrX","47072474","47072765","40","37136442"
"chr13","9946289","9946401","chr12","39211337","39211446","19","29265048"
"chr13","9946395","9946495","chr3","113208918","113209021","22","103262523"
"chr13","9951006","9951226","chr1","23379984","23380208","42","13428978"
"chr13","10601093","10601387","chrX","154952421","154952713","43","144351328"
"chr13","10969224","10969411","chr10","92263284","92263470","44","81294060"
"chr13","11273755","11274027","chr20","32244074","32244342","48","20970319"
"chr13","11599134","11599354","chr8","124345340","124345559","36","112746206"
"chr13","11669651","11669893","chr13","67286728","67286983","57","55617077"
"chr13","11669939","11669979","chr10","93063371","93063418","11","81393432"
"chr13","11937279","11937562","chr7","81601481","81601765","42","69664202"
"chr13","11990792","11991012","chr14","89955339","89955578","57","77964547"
"chr13","12167544","12167826","chr18","19458353","19458638","54","7290809"
"chr13","13022228","13022523","chrX","97649878","97650177","44","84627650"
"chr13","13075306","13075600","chr8","21304396","21304703","49","8229090"
"chr13","13120570","13120874","chr3","136478379","136478687","40","123357809"
"chr13","13152243","13152529","chr10","32553319","32553609","40","19401076"
"chr13","13464892","13465177","chr7","107030749","107031041","42","93565857"
"chr13","13733960","13734237","chr3","4867246","4867539","63","8866714"
"chr13","14071755","14072046","chrX","47072474","47072765","35","33000719"
"chr13","15206973","15207270","chr18","28065068","28065363","42","12858095"
"chr13","15328935","15329209","chr1","7915053","7915335","52","7413882"
"chr13","16093699","16093991","chr12","365296","365594","63","15728403"
"chr13","17983153","17983444","chr2A","38946614","38946914","41","20963461"
"chr13","18128381","18128682","chr19","48820002","48820297","32","30691621"
"chr13","18500644","18500925","chr1","227035851","227036134","40","208535207"
"chr13","18739759","18740053","chr3","152512400","152512696","44","133772641"
"chr13","18861770","18861847","chr16","2602040","2602105","27","16259730"
"chr13","19286616","19286889","chr1","12807216","12807493","43","6479400"
"chr13","19664639","19664941","chr19","48820002","48820297","42","29155363"
"chr13","20542291","20542563","chr8","93038777","93039045","41","72496486"
"chr13","20617405","20617697","chr4","177924260","177924549","53","157306855"
"chr13","21128867","21129172","chr3","188474936","188475232","41","167346069"
"chr13","21221266","21221547","chr2A","44952766","44953054","51","23731500"
"chr13","21444329","21444619","chr9","73355524","73355812","44","51911195"
"chr13","21478645","21478863","chr18","66093556","66093779","36","44614911"
"chr13","22718425","22718731","chr5","156396677","156396962","61","133678252"
"chr13","23000989","23001268","chr3","133115223","133115500","36","110114234"
"chr13","23087821","23088091","chr6","33924308","33924577","57","10836487"
"chr13","23318207","23318453","chr9","27888058","27888304","45","4569851"
"chr13","24289819","24290038","chr14","20500549","20500773","43","3789270"
"chr13","25211022","25211319","chrX","96380638","96380930","43","71169616"
"chr13","25486244","25486518","chrX","47072474","47072765","58","21586230"
"chr13","25572425","25572674","chr11","14011422","14011673","39","11561003"
"chr13","25886821","25887119","chr19","49334612","49334911","35","23447791"
"chr13","25949026","25949331","chr22","35173076","35173384","55","9224050"
"chr13","25978039","25978338","chr2B","178381313","178381612","39","152403274"
"chr13","26166508","26166783","chr3","182405910","182406187","59","156239402"
"chr13","26169500","26169783","chr5","105387831","105388119","38","79218331"
"chr13","26448175","26448472","chr11","109425033","109425333","49","82976858"
"chr13","27499348","27499575","chr8","5960296","5960526","31","21539052"
"chr13","27741303","27741587","chrX","47072474","47072765","41","19331171"
"chr13","28330099","28330272","chr3","10317925","10318097","30","18012174"
"chr13","28446628","28446932","chr6","20985201","20985506","39","7461427"
"chr13","28626457","28626740","chr11","116937561","116937852","46","88311104"
"chr13","28642491","28642594","chr10","70456925","70457027","30","41814434"
"chr13","28655065","28655360","chr18","13262637","13262932","32","15392428"
"chr13","28658235","28658286","chr19","13166004","13166052","10","15492231"
"chr13","30153291","30153579","chr18","65552607","65552897","47","35399316"
"chr13","30238438","30238688","chr9","27888058","27888304","38","2350380"
"chr13","31676886","31677182","chr3","49557109","49557402","39","17880223"
"chr13","33530145","33530448","chr2A","78079495","78079805","52","44549350"
"chr13","33746502","33746808","chr17","77480478","77480779","52","43733976"
"chr13","34549651","34549706","chr5","14809202","14809254","20","19740449"
"chr13","34550646","34550902","chr7","4279811","4280053","62","30270835"
"chr13","34743532","34743819","chr15","28850041","28850326","43","5893491"
"chr13","34845519","34845580","chr6","163645349","163645410","10","128799830"
"chr13","34845650","34845888","chr3","35042491","35042727","40","196841"
"chr13","35265552","35265855","chr1","24753102","24753405","53","10512450"
"chr13","35388081","35388349","chr6","35889873","35890143","34","501792"
"chr13","35678713","35679023","chrX","69928922","69929226","40","34250209"
"chr13","35822841","35823065","chr16","10981799","10982009","48","24841042"
"chr13","35842388","35842491","chr19","50278494","50278593","27","14436106"
"chr13","35842782","35842813","chr14","85722533","85722572","14","49879751"
"chr13","35843336","35843514","chr10","67999828","68000000","42","32156492"
"chr13","35889444","35889739","chr10","13290124","13290420","34","22599320"
"chr13","36033528","36033815","chr8","16202355","16202642","40","19831173"
"chr13","36052121","36052411","chr3","188474936","188475232","37","152422815"
"chr13","36063591","36063856","chr6","29250739","29251008","46","6812852"
"chr13","36136392","36136682","chr7","72155514","72155803","36","36019122"
"chr13","36169981","36170280","chr12","8100508","8100811","44","28069473"
"chr13","36467926","36468192","chr2A","80557982","80558253","52","44090056"
"chr13","37329542","37329830","chr15","92463143","92463440","44","55133601"
"chr13","37569108","37569241","chr6","10429234","10429373","27","27139874"
"chr13","37651501","37651798","chr6","137646150","137646445","31","99994649"
"chr13","37675088","37675384","chr9","39141338","39141631","56","1466250"
"chr13","38087116","38087404","chr18","17827955","17828236","49","20259161"
"chr13","39165903","39166111","chr6","131563292","131563496","39","92397389"
"chr13","39323382","39323669","chr1","203555814","203556103","41","164232432"
"chr13","39792511","39792799","chr1","203411896","203412189","38","163619385"
"chr13","39943968","39944247","chr7","109300892","109301171","38","69356924"
"chr13","40084266","40084491","chr1","189291953","189292182","52","149207687"
"chr13","40212639","40212918","chr7","109300892","109301171","41","69088253"
"chr13","40479596","40479886","chr7","72155514","72155803","40","31675918"
"chr13","40631803","40631938","chr12","33067825","33067955","26","7563978"
"chr13","41103499","41103791","chr14","34149105","34149399","47","6954394"
"chr13","41315357","41315661","chr1","216020352","216020662","47","174704995"
"chr13","41317088","41317301","chr11","64963471","64963687","50","23646383"
"chr13","42603867","42604162","chr21","18562186","18562478","39","24041681"
"chr13","42914267","42914558","chr21","18562186","18562478","34","24352081"
"chr13","42945162","42945326","chr3","33353665","33353826","24","9591497"
"chr13","42950107","42950393","chr10","121445116","121445403","40","78495009"
"chr13","42975448","42975698","chr19","3891806","3892067","61","39083642"
"chr13","42994731","42995025","chr7","62105160","62105453","24","19110429"
"chr13","44883978","44884287","chr3","188474936","188475232","61","143590958"
"chr13","44885067","44885218","chr3","142281791","142281954","39","97396724"
"chr13","44969568","44969864","chr19","6659751","6660048","51","38309817"
"chr13","45002942","45003249","chr2A","57410419","57410725","39","12407477"
"chr13","45049367","45049533","chr4","31998553","31998728","29","13050814"
"chr13","45089335","45089631","chr11","116333106","116333398","47","71243771"
"chr13","46358043","46358236","chr5","51215133","51215323","41","4857090"
"chr13","47239543","47239805","chr4","191069928","191070205","52","143830385"
"chr13","47949769","47950059","chr5","38415598","38415886","54","9534171"
"chr13","48499621","48499743","chr4","175545569","175545689","19","127045948"
"chr13","49906240","49906527","chr13","29395034","29395323","54","20511206"
"chr13","50207210","50207499","chr18","64672682","64672971","42","14465472"
"chr13","50459426","50459589","chr6","64696747","64696916","29","14237321"
"chr13","50828740","50829053","chr14","54187503","54187812","49","3358763"
"chr13","52623356","52623647","chr3","190952266","190952555","45","138328910"
"chr13","54255335","54255475","chr20","53334246","53334385","20","921089"
"chr13","55345823","55346102","chr14","92206512","92206803","45","36860689"
"chr13","57411543","57411823","chr16","69802389","69802675","45","12390846"
"chr13","57444146","57444440","chr9","91884276","91884569","49","34440130"
"chr13","57691142","57691436","chr3","136978017","136978317","40","79286875"
"chr13","57697443","57697716","chr4","140204117","140204389","43","82506674"
"chr13","57928457","57928751","chr6","32195163","32195460","37","25733294"
"chr13","58018827","58019122","chr11","10574433","10574737","64","47444394"
"chr13","58065503","58065796","chr10","83642827","83643117","42","25577324"
"chr13","58322967","58323154","chr1","134128127","134128309","33","75805160"
"chr13","58437268","58437563","chr9","17417473","17417781","52","41019795"
"chr13","58500001","58500126","chr10","12689554","12689675","24","45810447"
"chr13","58840397","58840629","chr8","29464294","29464506","64","29376103"
"chr13","59094027","59094296","chr3","156919046","156919337","58","97825019"
"chr13","59130707","59131008","chr4","53929597","53929900","41","5201110"
"chr13","59168756","59169073","chr10","118944062","118944372","43","59775306"
"chr13","59364471","59364783","chr15","37360319","37360627","44","22004152"
"chr13","59548664","59548850","chr4","24946761","24946953","50","34601903"
"chr13","59917676","59917971","chr14","92206512","92206803","37","32288836"
"chr13","60311811","60312090","chr19","61710839","61711123","54","1399028"
"chr13","60445987","60446047","chr8","97716497","97716559","7","37270510"
"chr13","60667037","60667326","chr2B","206972782","206973081","49","146305745"
"chr13","60744805","60744988","chrX","112820888","112821058","49","52076083"
"chr13","60809534","60809781","chr11","71445190","71445448","60","10635656"
"chr13","61143962","61144262","chr7","5259751","5260042","42","55884211"
"chr13","61419945","61420241","chr8","82784381","82784673","46","21364436"
"chr13","61503774","61504065","chr17","43703810","43704100","40","17799964"
"chr13","61770381","61770652","chr1","156823272","156823543","47","95052891"
"chr13","61819676","61819961","chr8","143077886","143078172","37","81258210"
"chr13","62958924","62959234","chr7","91195898","91196205","48","28236974"
"chr13","63334842","63335152","chr1","24753102","24753405","43","38581740"
"chr13","63464226","63464511","chr22","24941301","24941596","37","38522925"
"chr13","63839994","63840190","chr11","43971131","43971340","54","19868863"
"chr13","64273294","64273589","chr21","18562186","18562478","37","45711108"
"chr13","65192631","65192939","chrX","31351615","31351909","40","33841016"
"chr13","65355077","65355372","chr18","23456259","23456549","49","41898818"
"chr13","66643370","66643647","chrX","96380638","96380930","46","29737268"
"chr13","69874576","69874870","chr17","19680580","19680878","38","50193996"
"chr13","70415127","70415294","chr6","64696747","64696916","37","5718380"
"chr13","70526214","70526408","chr1","44080482","44080677","39","26445732"
"chr13","72134516","72134714","chrX","24058638","24058836","46","48075878"
"chr13","72928352","72928560","chrX","40854765","40854989","44","32073587"
"chr13","73151263","73151563","chr4","39839809","39840110","33","33311454"
"chr13","73880705","73880905","chr18","32010046","32010256","39","41870659"
"chr13","76799667","76799945","chr6","143593593","143593862","58","66793926"
"chr13","76869717","76870009","chr1","203411896","203412189","39","126542179"
"chr13","76981663","76981946","chrX","47072474","47072765","51","29909189"
"chr13","78122184","78122483","chr3","110164216","110164512","47","32042032"
"chr13","78280601","78280890","chr8","143690815","143691111","49","65410214"
"chr13","78357075","78357374","chr14","72944138","72944430","49","5412937"
"chr13","80559038","80559327","chr5","38415598","38415886","51","42143440"
"chr13","80798715","80798958","chr7","139861235","139861476","48","59062520"
"chr13","82533855","82534126","chr14","99226884","99227168","52","16693029"
"chr13","83293885","83294174","chr5","96872837","96873129","46","13578952"
"chr13","83914847","83914955","chr12","39211337","39211446","19","44703510"
"chr13","84499657","84499945","chr17","2485398","2485684","47","82014259"
"chr13","84632871","84633097","chr8","64858428","64858660","57","19774443"
"chr13","84769995","84770095","chr19","50278494","50278593","19","34491501"
"chr13","85275997","85276292","chr18","16175515","16175810","33","69100482"
"chr13","85880847","85881116","chr6","35889873","35890143","44","49990974"
"chr13","86178306","86178465","chr19","47927698","47927861","35","38250608"
"chr13","86300465","86300736","chr6","83972309","83972590","49","2328156"
"chr13","86469026","86469313","chr5","58986073","58986363","41","27482953"
"chr13","87163937","87164228","chr14","92206512","92206803","37","5042575"
"chr13","87180417","87180723","chr1","134100974","134101278","57","46920557"
"chr13","87311909","87312098","chr7","54030537","54030725","31","33281372"
"chr13","88276491","88276791","chr1","155298328","155298626","45","67021837"
"chr13","89627307","89627603","chr19","48820002","48820297","38","40807305"
"chr13","89804433","89804732","chr6","22146834","22147136","38","67657599"
"chr13","90363269","90363549","chr3","126460235","126460535","65","36096966"
"chr13","91644567","91644778","chr2A","62467354","62467540","55","29177213"
"chr13","92073309","92073604","chr19","48820002","48820297","33","43253307"
"chr13","92655181","92655377","chr4","24946761","24946953","36","67708420"
"chr13","92948000","92948297","chr12","102118093","102118385","57","9170093"
"chr13","94538197","94538489","chr17","67267299","67267597","46","27270898"
"chr13","95441787","95441985","chr4","112217942","112218153","34","16776155"
"chr13","95993377","95993666","chrX","31351615","31351909","43","64641762"
"chr13","96375218","96375530","chrX","69928922","69929226","48","26446296"
"chr13","96559401","96559511","chr16","57790777","57790874","39","38768624"
"chr13","96625761","96626077","chr6","20985201","20985506","56","75640560"
"chr13","96667474","96667750","chr1","50152686","50152974","51","46514788"
"chr13","96744663","96744829","chr6","64696747","64696916","28","32047916"
"chr13","96955874","96956152","chr2A","9980700","9980975","46","86975174"
"chr13","97128124","97128382","chr5","104243279","104243540","49","7115155"
"chr13","97254825","97255095","chr5","90226829","90227091","45","7027996"
"chr13","98502404","98502721","chr4","175755369","175755679","71","77252965"
"chr13","100438699","100438975","chr2B","224772880","224773153","57","124334181"
"chr13","100562951","100563240","chr6","21996640","21996924","45","78566311"
"chr13","100678829","100679117","chr16","28658986","28659278","40","72019843"
"chr13","101195636","101195919","chr6","92870956","92871236","45","8324680"
"chr13","101408663","101408926","chr7","82386513","82386769","46","19022150"
"chr13","101476842","101477121","chr4","110414976","110415258","38","8938134"
"chr13","103250653","103250960","chr14","20435931","20436238","52","82814722"
"chr13","103383681","103383852","chr7","105814448","105814618","37","2430767"
"chr13","103629788","103630060","chr10","60601045","60601319","57","43028743"
"chr13","105378998","105379292","chr1","210819403","210819695","39","105440405"
"chr13","105742139","105742442","chr17","77480478","77480779","50","28261661"
"chr13","106147085","106147190","chr9","19425844","19425933","38","86721241"
"chr13","106503861","106504142","chr14","92206512","92206803","55","14297349"
"chr13","106990144","106990451","chr9","125918817","125919120","41","18928673"
"chr13","107332486","107332601","chr17","37000001","37000121","18","70332485"
"chr13","107520726","107520950","chr15","61939803","61940033","33","45580923"
"chr13","107939239","107939561","chr13","74908708","74909016","54","33030531"
"chr13","108423996","108424261","chr7","50101774","50102040","47","58322222"
"chr13","108897801","108898052","chr11","131903285","131903541","53","23005484"
"chr13","111573141","111573437","chr14","74283874","74284179","36","37289267"
"chr13","114122875","114123170","chr6","32195163","32195460","47","81927712"
"chr13","114293296","114293573","chr1","129660980","129661262","41","15367684"
"chr13","114296382","114296679","chr2B","206972782","206973081","36","92676400"
"chr13","114300105","114300319","chr15","63970877","63971084","32","50329228"
"chr13","114325656","114325966","chr19","13142108","13142414","39","101183548"
"chr13","114436474","114436774","chr12","365296","365594","34","114071178"
"chr13","115546957","115547213","chrX","36240476","36240740","53","79306481"
"chr13","115856644","115856896","chr1","212769688","212769915","59","96913044"
"chr13","116477186","116477460","chr1","191033220","191033497","58","74556034"
"chr13","117463254","117463371","chr3","114686926","114687041","30","2776328"
"chr13","117490606","117490897","chr11","33996594","33996888","49","83494012"
"chr13","117543528","117543835","chrX","34806679","34806988","41","82736849"
"chr13","117643187","117643477","chrX","96380638","96380930","47","21262549"
"chr14","290288","290388","chr9","82982445","82982543","27","82692157"
"chr14","536998","537311","chr17","68893172","68893479","59","68356174"
"chr14","722820","723127","chr16","74872733","74873030","48","74149913"
"chr14","1137759","1138049","chr10","83642827","83643117","37","82505068"
"chr14","1213770","1214058","chr10","98643440","98643729","47","97429670"
"chr14","2823536","2823825","chr9","35072111","35072402","34","32248575"
"chr14","2958525","2958809","chr2A","98978607","98978898","44","96020082"
"chr14","3513717","3514000","chr6","140238574","140238842","53","136724857"
"chr14","3564125","3564290","chr6","74245254","74245425","38","70681129"
"chr14","3649240","3649515","chr5","53773736","53774028","55","50124496"
"chr14","3706470","3706684","chr15","72086212","72086428","29","68379742"
"chr14","3856051","3856313","chr4","41070433","41070695","49","37214382"
"chr14","4021792","4022078","chrX","47072474","47072765","35","43050682"
"chr14","4367353","4367645","chr17","63386206","63386501","38","59018853"
"chr14","4860522","4860778","chr9","109187710","109187974","65","104327188"
"chr14","4885148","4885371","chr8","124345340","124345559","33","119460192"
"chr14","5609940","5610075","chr9","82351303","82351443","38","76741363"
"chr14","5610887","5611053","chr1","1336766","1336929","35","4274121"
"chr14","5690005","5690074","chr6","34647611","34647678","13","28957606"
"chr14","5715506","5715777","chr18","12833752","12834026","54","7118246"
"chr14","5998669","5998840","chr2A","101906232","101906410","29","95907563"
"chr14","5999789","6000000","chr2A","101906991","101907216","62","95907202"
"chr14","6435538","6435830","chr3","50751572","50751872","52","44316034"
"chr14","7046426","7046739","chrX","97649878","97650177","45","90603452"
"chr14","10143062","10143353","chrX","47072474","47072765","40","36929412"
"chr14","10146535","10146646","chr16","57790777","57790874","37","47644242"
"chr14","10202195","10202502","chr11","71311283","71311589","58","61109088"
"chr14","10925538","10925808","chr19","57951008","57951284","45","47025470"
"chr14","10959225","10959529","chrX","69928922","69929226","38","58969697"
"chr14","11054489","11054789","chr4","39839809","39840110","38","28785320"
"chr14","11088810","11089103","chr12","6343560","6343852","36","4745250"
"chr14","11141229","11141394","chr6","74245254","74245425","43","63104025"
"chr14","12063474","12063753","chr7","81601481","81601765","36","69538007"
"chr14","13132118","13132426","chr6","20985201","20985506","42","7853083"
"chr14","13323291","13323594","chr9","94998809","94999118","42","81675518"
"chr14","14329800","14330079","chrX","47072474","47072765","41","32742674"
"chr14","14403656","14403857","chr2B","206202971","206203181","44","191799315"
"chr14","14415220","14415500","chr2B","224772880","224773153","45","210357660"
"chr14","14504065","14504230","chr16","28709872","28710044","29","14205807"
"chr14","14513283","14513393","chr18","23885966","23886079","31","9372683"
"chr14","16025151","16025466","chr6","11275553","11275848","61","4749598"
"chr14","16433898","16434198","chr2A","111915024","111915332","40","95481126"
"chr14","16999381","16999683","chr20","30456447","30456750","46","13457066"
"chr14","17284911","17285031","chr13","113052924","113053040","25","95768013"
"chr14","19049114","19049249","chr10","33259628","33259763","36","14210514"
"chr14","19049307","19049380","chr5","87835047","87835108","21","68785740"
"chr14","19098353","19098532","chr4","158655729","158655906","35","139557376"
"chr14","19099234","19099405","chr1","9621842","9622012","24","9477392"
"chr14","19178451","19178614","chr13","92844161","92844327","29","73665710"
"chr14","19178956","19178997","chrX","22943835","22943879","12","3764879"
"chr14","19179788","19180056","chr2B","224772880","224773153","38","205593092"
"chr14","19201199","19201331","chr17","80802464","80802592","29","61601265"
"chr14","19203467","19203774","chr22","35173076","35173384","40","15969609"
"chr14","19544761","19545041","chr2A","26420405","26420693","46","6875644"
"chr14","19580817","19581098","chr12","63400576","63400859","47","43819759"
"chr14","20166327","20166554","chr1","212769688","212769915","31","192603361"
"chr14","20172461","20172750","chr19","48820002","48820297","38","28647541"
"chr14","20204574","20204848","chr2A","44952766","44953054","57","24748192"
"chr14","20306107","20306406","chr5","173099802","173100101","37","152793695"
"chr14","20372989","20373241","chr15","72105209","72105463","36","51732220"
"chr14","20387260","20387515","chr12","96451100","96451368","58","76063840"
"chr14","21058809","21059121","chr10","131911447","131911753","39","110852638"
"chr14","21203304","21203597","chr17","3619958","3620253","42","17583346"
"chr14","21717509","21717724","chr1","179087447","179087661","30","157369938"
"chr14","21771493","21771784","chr2B","169364084","169364376","34","147592591"
"chr14","22962390","22962671","chr7","109300892","109301171","42","86338502"
"chr14","23418297","23418592","chrX","31351615","31351909","41","7933318"
"chr14","24052002","24052264","chr3","136125494","136125756","36","112073492"
"chr14","24617649","24617912","chr19","57369113","57369375","49","32751464"
"chr14","26527022","26527309","chr9","6539107","6539393","31","19987915"
"chr14","28067962","28068248","chr4","42227408","42227692","51","14159446"
"chr14","28074656","28074840","chr4","158655729","158655906","34","130581073"
"chr14","30994361","30994656","chr5","115052536","115052829","37","84058175"
"chr14","31351034","31351327","chr1","152743362","152743656","32","121392328"
"chr14","32377150","32377289","chr1","62239291","62239426","18","29862141"
"chr14","32627705","32627986","chr10","9525213","9525492","48","23102492"
"chr14","32664803","32665104","chrX","97649878","97650177","42","64985075"
"chr14","32824076","32824245","chr9","37106848","37107021","31","4282772"
"chr14","33145116","33145410","chr1","93384189","93384501","45","60239073"
"chr14","33334067","33334332","chr11","124326351","124326639","60","90992284"
"chr14","33394973","33395078","chr5","140045442","140045560","43","106650469"
"chr14","33415285","33415584","chr19","49334612","49334911","36","15919327"
"chr14","33665165","33665441","chr7","109300892","109301171","38","75635727"
"chr14","35562208","35562357","chr6","10429234","10429373","37","25132974"
"chr14","35937508","35937814","chr1","25830449","25830754","48","10107059"
"chr14","36043383","36043506","chr22","29798696","29798821","17","6244687"
"chr14","36638133","36638235","chr14","106105937","106106053","32","69467804"
"chr14","36969456","36969720","chr3","136125494","136125756","44","99156038"
"chr14","37597396","37597704","chr1","35788128","35788434","51","1809268"
"chr14","38215635","38215927","chr14","91582134","91582419","45","53366499"
"chr14","38488228","38488525","chr19","48820002","48820297","44","10331774"
"chr14","39466326","39466626","chr19","48820002","48820297","41","9353676"
"chr14","39730912","39731200","chr8","106787932","106788226","56","67057020"
"chr14","41799965","41800095","chr17","37000001","37000121","26","4799964"
"chr14","41813651","41813874","chr2A","63231131","63231358","35","21417480"
"chr14","41839491","41839627","chr2B","235138233","235138371","28","193298742"
"chr14","42349010","42349300","chr12","55246717","55247004","35","12897707"
"chr14","42415109","42415394","chr9","4633128","4633421","48","37781981"
"chr14","42506931","42507134","chr3","11459785","11459996","42","31047146"
"chr14","43091064","43091364","chr19","48820002","48820297","37","5728938"
"chr14","43179996","43180281","chr18","20916001","20916283","53","22263995"
"chr14","43772142","43772451","chr2A","99564810","99565118","54","55792668"
"chr14","44142928","44143232","chr17","62897134","62897438","38","18754206"
"chr14","44307020","44307111","chr1","171031473","171031551","35","126724453"
"chr14","44384951","44385073","chr18","3000001","3000114","27","41384950"
"chr14","44787134","44787419","chr4","49033783","49034074","36","4246649"
"chr14","45033923","45034211","chr6","137734725","137735016","48","92700802"
"chr14","45172015","45172294","chr12","102118093","102118385","53","56946078"
"chr14","45242945","45243197","chr3","145926694","145926952","55","100683749"
"chr14","45573836","45574127","chr10","96140430","96140712","63","50566594"
"chr14","45621847","45622147","chr14","34129106","34129400","40","11492741"
"chr14","45696001","45696294","chr10","17639192","17639486","46","28056809"
"chr14","45725301","45725453","chr2A","62339567","62339718","18","16614266"
"chr14","45764912","45765025","chr11","46266962","46267069","21","502050"
"chr14","45780800","45780860","chr16","62229481","62229535","10","16448681"
"chr14","45920746","45921036","chr13","27603195","27603489","49","18317551"
"chr14","45922487","45922767","chr2B","224772880","224773153","77","178850393"
"chr14","46527621","46527922","chr13","47539182","47539484","34","1011561"
"chr14","46601715","46601995","chr6","83972309","83972590","42","37370594"
"chr14","46755269","46755482","chr15","72086212","72086428","35","25330943"
"chr14","47278742","47279022","chr2A","96867370","96867647","56","49588628"
"chr14","48621241","48621473","chr18","22463547","22463781","33","26157694"
"chr14","48915354","48915642","chr16","70814677","70814964","37","21899323"
"chr14","49145189","49145499","chr12","81292364","81292662","53","32147175"
"chr14","49677597","49677898","chr3","100346712","100347013","51","50669115"
"chr14","49819778","49820087","chr12","8100508","8100811","44","41719270"
"chr14","50230668","50230895","chr16","28971838","28972077","56","21258830"
"chr14","51606103","51606394","chr18","64672682","64672971","41","13066579"
"chr14","51701118","51701412","chr15","92463143","92463440","39","40762025"
"chr14","51717996","51718289","chr21","18562186","18562478","44","33155810"
"chr14","51725932","51726149","chr9","133507268","133507508","56","81781336"
"chr14","52424212","52424375","chr3","123092503","123092681","48","70668291"
"chr14","52517027","52517165","chr17","61881689","61881818","36","9364662"
"chr14","52791608","52791843","chr19","50665319","50665553","45","2126289"
"chr14","53339090","53339387","chr9","106789715","106790012","45","53450625"
"chr14","53741862","53741983","chr2A","54662416","54662552","28","920554"
"chr14","53748573","53748865","chr2A","28054821","28055127","51","25693752"
"chr14","54184239","54184542","chr11","71311283","71311589","47","17127044"
"chr14","54381570","54381863","chrX","96380638","96380930","45","41999068"
"chr14","54487418","54487690","chr1","12807216","12807493","48","41680202"
"chr14","55552917","55553202","chr15","67071135","67071428","57","11518218"
"chr14","57467201","57467492","chr22","31290306","31290597","43","26176895"
"chr14","57954739","57954873","chr1","9549685","9549816","25","48405054"
"chr14","57963854","57964151","chr12","8100508","8100811","51","49863346"
"chr14","59177301","59177394","chr1","40438526","40438624","17","18738775"
"chr14","59178216","59178492","chr4","44437800","44438084","45","14740416"
"chr14","59505939","59506228","chrX","96380638","96380930","35","36874699"
"chr14","59952894","59953192","chr10","131911447","131911753","50","71958553"
"chr14","60375643","60375935","chr5","145121601","145121895","41","84745958"
"chr14","60512189","60512470","chr1","222916309","222916594","47","162404120"
"chr14","60690510","60690761","chr9","10834363","10834619","38","49856147"
"chr14","60729078","60729387","chr15","61152665","61152980","38","423587"
"chr14","62021784","62021952","chr13","92844161","92844327","27","30822377"
"chr14","62063047","62063337","chrX","47072474","47072765","39","14990573"
"chr14","63711716","63712017","chr8","126312981","126313276","37","62601265"
"chr14","63833050","63833271","chr19","52459842","52460065","49","11373208"
"chr14","63834015","63834224","chr4","112217942","112218153","43","48383927"
"chr14","63990074","63990358","chr2B","139805769","139806054","38","75815695"
"chr14","64033071","64033365","chr9","106789715","106790012","43","42756644"
"chr14","64598764","64599096","chr7","107030749","107031041","106","42431985"
"chr14","64904144","64904409","chr17","19869413","19869673","32","45034731"
"chr14","65208869","65209067","chr9","86603404","86603609","44","21394535"
"chr14","65416584","65416861","chr10","67957106","67957373","54","2540522"
"chr14","65524135","65524439","chr8","106787932","106788226","51","41263797"
"chr14","65592728","65593001","chr19","57951008","57951284","44","7641720"
"chr14","65770543","65770707","chr1","76560819","76560982","33","10790276"
"chr14","65846238","65846546","chr4","90130522","90130826","36","24284284"
"chr14","65982979","65983270","chr7","72155514","72155803","39","6172535"
"chr14","66365303","66365578","chr17","46164210","46164479","45","20201093"
"chr14","66834710","66834848","chr1","214963704","214963838","19","148128994"
"chr14","66977817","66978022","chr8","18532511","18532720","37","48445306"
"chr14","67786702","67786822","chr3","194233462","194233583","20","126446760"
"chr14","68738913","68739194","chr3","83942367","83942647","48","15203454"
"chr14","69118124","69118429","chr1","89653709","89654005","45","20535585"
"chr14","70948439","70948735","chr1","219743012","219743302","43","148794573"
"chr14","71008936","71009210","chr2A","80557982","80558253","42","9549046"
"chr14","71069016","71069287","chr20","32244074","32244342","47","38824942"
"chr14","71078422","71078702","chr4","160361532","160361799","52","89283110"
"chr14","71124766","71125011","chr6","29250739","29251008","63","41874027"
"chr14","71212913","71213197","chr15","57036562","57036849","34","14176351"
"chr14","71224910","71225188","chr14","92206512","92206803","48","20981602"
"chr14","71333467","71333766","chr6","11275553","11275848","47","60057914"
"chr14","71583945","71584250","chr8","52541202","52541509","43","19042743"
"chr14","72108876","72109171","chrX","154952421","154952713","46","82843545"
"chr14","73574221","73574510","chr17","67267299","67267597","49","6306922"
"chr14","73986538","73986669","chr6","10429234","10429373","25","63557304"
"chr14","74671620","74671917","chr6","22146834","22147136","49","52524786"
"chr14","74870641","74870933","chr3","188474936","188475232","33","113604295"
"chr14","75159526","75159829","chr15","21002694","21002998","43","54156832"
"chr14","75191440","75191723","chr7","109219824","109220106","31","34028384"
"chr14","75497124","75497431","chr19","47394824","47395133","45","28102300"
"chr14","75757443","75757749","chr18","6793359","6793670","48","68964084"
"chr14","75981722","75982001","chr10","33027225","33027512","48","42954497"
"chr14","75987549","75987825","chr2B","236575919","236576197","50","160588370"
"chr14","75999751","76000000","chr2B","121578569","121578819","45","45578818"
"chr14","76288817","76289097","chr10","113896666","113896952","43","37607849"
"chr14","76302882","76303042","chr18","68402970","68403128","40","7899912"
"chr14","76756466","76756626","chr13","92844161","92844327","31","16087695"
"chr14","76970875","76971166","chr17","43703810","43704100","32","33267065"
"chr14","77086728","77087014","chr15","28850041","28850326","36","48236687"
"chr14","77705193","77705478","chr10","21030350","21030647","50","56674843"
"chr14","78538495","78538776","chr1","217728736","217729024","50","139190241"
"chr14","79344903","79345208","chr1","153642232","153642541","45","74297329"
"chr14","79539473","79539729","chr2B","176135306","176135561","44","96595833"
"chr14","80373739","80374029","chr2A","44952766","44953054","30","35420973"
"chr14","80396724","80397008","chrX","7935560","7935848","49","72461164"
"chr14","81083443","81083606","chr11","46878837","46878985","59","34204606"
"chr14","81103029","81103329","chr16","74872733","74873030","40","6230296"
"chr14","81155538","81155827","chr12","32917166","32917461","42","48238372"
"chr14","81403817","81404109","chrX","47072474","47072765","37","34331343"
"chr14","81607450","81607664","chr4","134916971","134917184","38","53309521"
"chr14","81725744","81726028","chr2B","200837853","200838138","45","119112109"
"chr14","82175550","82175853","chrX","40740697","40740999","57","41434853"
"chr14","82183797","82184099","chrX","40740697","40740999","55","41443100"
"chr14","82595661","82595918","chr3","136125494","136125756","46","53529833"
"chr14","83200324","83200646","chr1","25653805","25654126","59","57546519"
"chr14","83231834","83231943","chrX","82929329","82929442","30","302505"
"chr14","83232105","83232298","chr2A","62467354","62467540","32","20764751"
"chr14","83377624","83377788","chr5","25360106","25360270","36","58017518"
"chr14","83947640","83947933","chr1","28258767","28259063","36","55688873"
"chr14","84040406","84040702","chr3","186974590","186974898","45","102934184"
"chr14","84110844","84110964","chr2A","43830458","43830588","33","40280386"
"chr14","84111114","84111402","chr14","95732764","95733057","38","11621650"
"chr14","84228375","84228661","chr1","203555814","203556103","44","119327439"
"chr14","84348104","84348384","chr7","44392726","44393021","48","39955378"
"chr14","84950068","84950333","chr5","104243279","104243540","55","19293211"
"chr14","85243113","85243450","chr10","131911447","131911753","72","46668334"
"chr14","85407050","85407342","chr7","44392726","44393021","44","41014324"
"chr14","85613624","85613898","chr15","28850041","28850326","48","56763583"
"chr14","87572811","87573121","chr1","134100974","134101278","47","46528163"
"chr14","88138889","88138959","chr3","52845742","52845801","19","35293147"
"chr14","88318118","88318411","chr10","30242040","30242334","56","58076078"
"chr14","88394004","88394271","chr8","93038777","93039045","34","4644773"
"chr14","88494462","88494742","chr8","143077886","143078172","36","54583424"
"chr14","88497953","88498157","chr22","28784821","28785017","70","59713132"
"chr14","88642620","88642907","chr1","215765820","215766111","41","127123200"
"chr14","89491038","89491341","chr5","50356775","50357080","40","39134263"
"chr14","90054755","90055048","chr12","38924680","38924977","44","51130075"
"chr14","90805659","90805958","chr16","80421143","80421441","33","10384516"
"chr14","90856116","90856425","chr4","39839809","39840110","52","51016307"
"chr14","90997511","90997824","chr10","125145630","125145930","58","34148119"
"chr14","92442027","92442314","chr5","49783511","49783799","44","42658516"
"chr14","92637910","92638113","chr17","75392910","75393132","78","17245000"
"chr14","92829375","92829679","chr7","158580684","158580979","43","65751309"
"chr14","94476329","94476635","chr4","188614758","188615053","52","94138429"
"chr14","94652769","94653066","chr12","106967736","106968034","45","12314967"
"chr14","97054488","97054782","chr7","62105160","62105453","40","34949328"
"chr14","97284114","97284400","chr12","102118093","102118385","40","4833979"
"chr14","97744807","97745093","chr8","29880352","29880641","38","67864455"
"chr14","98192721","98193020","chr20","16235301","16235599","41","81957420"
"chr14","98290457","98290750","chr6","33340337","33340627","52","64950120"
"chr14","98498363","98498485","chr19","10265822","10265947","20","88232541"
"chr14","99476137","99476440","chr10","131911447","131911753","50","32435310"
"chr14","99491906","99492046","chr20","30187879","30188005","45","69304027"
"chr14","99845765","99846063","chr6","143956619","143956920","48","44110854"
"chr14","100095415","100095716","chr2A","38946614","38946914","32","61148801"
"chr14","100240651","100240922","chr6","31460034","31460307","53","68780617"
"chr14","101703607","101703908","chr6","23087532","23087836","39","78616075"
"chr14","101811384","101811695","chr19","40968758","40969064","41","60842626"
"chr14","102745181","102745481","chr16","74289097","74289389","42","28456084"
"chr14","103250932","103251038","chr3","113208918","113209021","22","9957986"
"chr14","104021482","104021763","chr9","133223678","133223953","43","29202196"
"chr14","104381732","104381994","chr10","71759412","71759684","68","32622320"
"chr15","25689915","25690205","chr10","5772699","5772996","52","19917216"
"chr15","917284","917499","chr1","179087447","179087661","32","178170163"
"chr15","941891","942093","chr4","112217942","112218153","30","111276051"
"chr15","1205013","1205239","chr9","39425593","39425816","37","38220580"
"chr15","2695831","2696112","chr7","62105160","62105453","44","59409329"
"chr15","3196279","3196416","chr10","33259628","33259763","32","30063349"
"chr15","3197206","3197498","chr3","190952266","190952555","29","187755060"
"chr15","3385067","3385190","chr8","124979407","124979520","23","121594340"
"chr15","3501244","3501302","chr5","87835047","87835108","18","84333803"
"chr15","3501843","3502031","chr2A","62467354","62467540","42","58965511"
"chr15","4295804","4296097","chrX","96380638","96380930","35","92084834"
"chr15","5019440","5019733","chr11","116333106","116333398","37","111313666"
"chr15","5237602","5237751","chr1","196864953","196865102","31","191627351"
"chr15","5382607","5382897","chr3","48713226","48713518","35","43330619"
"chr15","5635004","5635290","chr1","219743012","219743302","47","214108008"
"chr15","5952180","5952484","chr14","87719174","87719477","39","81766994"
"chr15","6084292","6084581","chr2A","44952766","44953054","36","38868474"
"chr15","6242225","6242336","chr3","32078370","32078494","30","25836145"
"chr15","6876588","6876865","chr4","191069928","191070205","42","184193340"
"chr15","7135716","7135969","chr2A","25698755","25699013","47","18563039"
"chr15","7184156","7184449","chr1","24753102","24753405","43","17568946"
"chr15","7189701","7189968","chr5","172333465","172333735","66","165143764"
"chr15","7206737","7207042","chr14","73016224","73016527","39","65809487"
"chr15","7413652","7413954","chr1","150093146","150093446","51","142679494"
"chr15","7454482","7454549","chr16","84562446","84562523","22","77107964"
"chr15","7499791","7500000","chr15","63970877","63971084","39","56471086"
"chr15","7702172","7702457","chr20","51554153","51554444","44","43851981"
"chr15","7996232","7996346","chr8","124979407","124979520","22","116983175"
"chr15","8352078","8352332","chr8","143844286","143844547","45","135492208"
"chr15","8878717","8879009","chr19","43335176","43335468","41","34456459"
"chr15","9706165","9706394","chr1","39550289","39550515","48","29844124"
"chr15","9750157","9750423","chr7","5337636","5337918","48","4412521"
"chr15","10014489","10014781","chr1","227035851","227036134","57","217021362"
"chr15","10101764","10102059","chr6","5198260","5198555","32","4903504"
"chr15","10346227","10346423","chr14","69525822","69526030","33","59179595"
"chr15","10392968","10393262","chr5","156035293","156035587","48","145642325"
"chr15","10575373","10575468","chr1","29235522","29235615","43","18660149"
"chr15","11126832","11127129","chr6","5198260","5198555","43","5928572"
"chr15","11503859","11504166","chr9","115450449","115450757","50","103946590"
"chr15","11804205","11804315","chr6","5192701","5192814","23","6611504"
"chr15","12145615","12145894","chr7","81601481","81601765","50","69455866"
"chr15","13120270","13120567","chr3","188474936","188475232","47","175354666"
"chr15","13733964","13734201","chr2B","194607092","194607325","56","180873128"
"chr15","13813483","13813785","chr3","15802430","15802725","40","1988947"
"chr15","14787268","14787567","chr5","173838220","173838523","42","159050952"
"chr15","14921112","14921410","chr10","21030350","21030647","47","6109238"
"chr15","14928662","14928924","chrX","48484182","48484449","45","33555520"
"chr15","15243644","15243930","chr8","69402987","69403272","45","54159343"
"chr15","15853314","15853624","chr12","46808474","46808774","45","30955160"
"chr15","15970464","15970761","chr17","77195637","77195935","39","61225173"
"chr15","16037442","16037730","chr5","96872837","96873129","35","80835395"
"chr15","16083335","16083637","chr3","187899059","187899363","36","171815724"
"chr15","16125590","16125894","chr3","126460235","126460535","40","110334645"
"chr15","16303361","16303521","chr3","42563872","42564034","34","26260511"
"chr15","16702237","16702538","chr9","97196371","97196671","38","80494134"
"chr15","17156724","17156921","chr3","48879451","48879650","36","31722727"
"chr15","17509224","17509517","chr1","35720744","35721050","43","18211520"
"chr15","18030203","18030490","chr3","48713226","48713518","37","30683023"
"chr15","18066717","18067010","chr2B","157845262","157845565","56","139778545"
"chr15","18142193","18142334","chr5","178273596","178273745","28","160131403"
"chr15","18151520","18151649","chr17","5022591","5022719","23","13128929"
"chr15","18323980","18324291","chr17","68893172","68893479","61","50569192"
"chr15","18399755","18400040","chr10","11933372","11933663","40","6466383"
"chr15","18789798","18790033","chr3","43777178","43777427","34","24987380"
"chr15","18930880","18931181","chr9","98066967","98067268","52","79136087"
"chr15","19303605","19303752","chr17","14840155","14840301","28","4463450"
"chr15","20134533","20134834","chr20","18239566","18239864","48","1894967"
"chr15","20572518","20572816","chr8","143690815","143691111","49","123118297"
"chr15","21060895","21061189","chr22","35173076","35173384","46","14112181"
"chr15","21364454","21364685","chrX","103498743","103498976","39","82134289"
"chr15","22029969","22030228","chrX","36240476","36240740","40","14210507"
"chr15","22405724","22405982","chr4","160361532","160361799","43","137955808"
"chr15","22968445","22968733","chr18","42044257","42044546","36","19075812"
"chr15","23166207","23166411","chr5","102439665","102439875","33","79273458"
"chr15","23204722","23205022","chr13","47539182","47539484","36","24334460"
"chr15","23417454","23417680","chr3","48430598","48430820","39","25013144"
"chr15","23471049","23471247","chr6","131563292","131563496","47","108092243"
"chr15","23538924","23539046","chr22","29798696","29798821","21","6259772"
"chr15","23787192","23787447","chr3","50403746","50404011","44","26616554"
"chr15","23837909","23838074","chr1","6601296","6601459","27","17236613"
"chr15","23838986","23839117","chr17","62787582","62787713","26","38948596"
"chr15","23857573","23857713","chr20","3999851","4000000","44","19857722"
"chr15","23950046","23950252","chr3","129962063","129962267","35","106012017"
"chr15","24027560","24027857","chr7","63375070","63375367","56","39347510"
"chr15","24053852","24054128","chr3","104182337","104182612","55","80128485"
"chr15","24182249","24182371","chr16","46166147","46166273","32","21983898"
"chr15","24422798","24423098","chr7","62105160","62105453","40","37682362"
"chr15","24434848","24434991","chr12","113567936","113568080","34","89133088"
"chr15","24443508","24443707","chr4","112217942","112218153","52","87774434"
"chr15","24531433","24531594","chr1","76560819","76560982","29","52029386"
"chr15","24545736","24545911","chr4","76934273","76934447","30","52388537"
"chr15","24628237","24628530","chr3","12555497","12555790","43","12072740"
"chr15","24654537","24654814","chr2A","9980700","9980975","46","14673837"
"chr15","24777342","24777615","chr19","57951008","57951284","49","33173666"
"chr15","24781685","24781958","chr19","57951008","57951284","49","33169323"
"chr15","24900784","24901064","chr4","91952825","91953108","34","67052041"
"chr15","24963885","24964149","chr18","43307181","43307444","59","18343296"
"chr15","24982603","24982900","chr1","46142449","46142740","49","21159846"
"chr15","25063998","25064276","chr16","80948676","80948959","53","55884678"
"chr15","25069835","25070140","chr12","46808474","46808774","48","21738639"
"chr15","25074173","25074464","chr11","124326351","124326639","54","99252178"
"chr15","25080845","25081054","chr4","27024501","27024716","48","1943656"
"chr15","25474920","25475058","chr9","75957861","75957979","52","50482941"
"chr15","25503987","25504275","chr1","90464356","90464648","47","64960369"
"chr15","25688280","25688488","chr3","50761570","50761774","31","25073290"
"chr15","26134793","26135057","chr4","74837617","74837869","73","48702824"
"chr15","26243937","26244198","chr17","19869413","19869673","45","6374524"
"chr15","26320448","26320745","chrX","119905374","119905665","47","93584926"
"chr15","27177476","27177765","chr11","33177876","33178165","36","6000400"
"chr15","27211901","27212168","chr10","73535117","73535381","46","46323216"
"chr15","27232247","27232484","chr3","50295897","50296158","74","23063650"
"chr15","27928777","27928876","chr2A","47581163","47581264","24","19652386"
"chr15","27995955","27996234","chr5","59747387","59747664","42","31751432"
"chr15","28256193","28256487","chrX","119905374","119905665","46","91649181"
"chr15","28396484","28396758","chr11","46089609","46089896","54","17693125"
"chr15","28397736","28398010","chr11","46089609","46089896","54","17691873"
"chr15","28508565","28508829","chr3","136125494","136125756","45","107616929"
"chr15","28529819","28530015","chr16","10981799","10982009","52","17548020"
"chr15","28542732","28543023","chr12","4814048","4814342","35","23728684"
"chr15","29115357","29115690","chrX","130679684","130680011","68","101564327"
"chr15","29314326","29314569","chrX","136835969","136836195","50","107521643"
"chr15","29467519","29467818","chr1","78253019","78253325","47","48785500"
"chr15","30281689","30281942","chr1","64059298","64059554","49","33777609"
"chr15","30807638","30807892","chr3","145926694","145926952","54","115119056"
"chr15","31442068","31442363","chr1","90464356","90464648","39","59022288"
"chr15","31559948","31560165","chr2A","54821998","54822207","43","23262050"
"chr15","31560477","31560573","chr2A","47581163","47581264","23","16020686"
"chr15","32045603","32045910","chr4","53929597","53929900","55","21883994"
"chr15","32141523","32141797","chr6","31460034","31460307","50","681489"
"chr15","33504859","33505157","chr11","63276768","63277040","61","29771909"
"chr15","33506524","33506778","chr1","64059298","64059554","75","30552774"
"chr15","33626609","33626888","chr1","132902983","132903277","42","99276374"
"chr15","33628218","33628324","chr12","133977696","133977813","30","100349478"
"chr15","33666775","33667031","chr4","28105543","28105795","45","5561232"
"chr15","34452250","34452549","chr3","17771555","17771852","49","16680695"
"chr15","34544180","34544471","chr19","48820002","48820297","38","14275822"
"chr15","35041915","35042013","chr5","158434216","158434310","21","123392301"
"chr15","35219337","35219613","chr4","191069928","191070205","38","155850591"
"chr15","36288554","36288824","chr13","30085104","30085382","52","6203450"
"chr15","37210709","37211000","chr15","32292880","32293169","38","4917829"
"chr15","37442365","37442485","chr17","60451172","60451292","20","23008807"
"chr15","37562113","37562272","chr17","5022591","5022719","39","32539522"
"chr15","38241139","38241433","chr6","37521639","37521940","48","719500"
"chr15","39294363","39294655","chrX","31351615","31351909","43","7942748"
"chr15","39994058","39994343","chr3","140404468","140404753","40","100410410"
"chr15","40696143","40696257","chr7","37192704","37192816","20","3503439"
"chr15","40769243","40769473","chrX","136835969","136836195","33","96066726"
"chr15","41353173","41353455","chr4","110414976","110415258","44","69061803"
"chr15","42042141","42042427","chr7","81601481","81601765","41","39559340"
"chr15","42275060","42275189","chr3","67010785","67010929","25","24735725"
"chr15","42310761","42311069","chr13","71547868","71548176","52","29237107"
"chr15","42346017","42346199","chr7","42616317","42616505","61","270300"
"chr15","42712010","42712303","chr17","14265536","14265824","36","28446474"
"chr15","42935991","42936132","chr3","67010785","67010929","35","24074794"
"chr15","45141546","45141846","chr3","152512400","152512696","41","107370854"
"chr15","45514377","45514682","chr2B","122194713","122195021","47","76680336"
"chr15","45595753","45596046","chr3","12555497","12555790","40","33040256"
"chr15","45705689","45705873","chr14","59100011","59100197","26","13394322"
"chr15","46390014","46390324","chr4","141692681","141692985","40","95302667"
"chr15","47660881","47661174","chr11","116333106","116333398","36","68672225"
"chr15","47967567","47967854","chr16","69802389","69802675","46","21834822"
"chr15","48852252","48852551","chr1","139335621","139335915","47","90483369"
"chr15","48852553","48852847","chr1","40333138","40333434","37","8519415"
"chr15","49046481","49046769","chr4","177924260","177924549","34","128877779"
"chr15","49101774","49102074","chr1","28258767","28259063","34","20843007"
"chr15","49260075","49260352","chr4","65833822","65834100","64","16573747"
"chr15","49922304","49922586","chr9","35072111","35072402","45","14850193"
"chr15","51613654","51613935","chr5","38415598","38415886","45","13198056"
"chr15","52857696","52857991","chr3","37984920","37985225","56","14872776"
"chr15","53105500","53105763","chr4","160361532","160361799","74","107256032"
"chr15","54215984","54216264","chr6","83972309","83972590","60","29756325"
"chr15","54719626","54719912","chr11","66604083","66604375","61","11884457"
"chr15","56657529","56657833","chr7","75724351","75724659","41","19066822"
"chr15","56782594","56782905","chr4","40075364","40075672","46","16707230"
"chr15","56953505","56953665","chr1","196864953","196865102","34","139911448"
"chr15","57204388","57204468","chr16","57790777","57790874","27","586389"
"chr15","57818276","57818514","chr15","72105209","72105463","48","14286933"
"chr15","58254006","58254312","chr1","128658788","128659086","58","70404782"
"chr15","60028762","60028844","chr8","129133947","129134035","24","69105185"
"chr15","60028942","60029160","chr21","15199813","15200031","47","44829129"
"chr15","60900220","60900520","chr2B","167404741","167405042","45","106504521"
"chr15","61486538","61486830","chr12","102118093","102118385","26","40631555"
"chr15","61688901","61689009","chr11","46266962","46267069","17","15421939"
"chr15","61774423","61774733","chrX","40740697","40740999","53","21033726"
"chr15","61918627","61918798","chr16","24612025","24612204","39","37306602"
"chr15","62037264","62037423","chr13","92844161","92844327","28","30806897"
"chr15","62046611","62046662","chr5","14809202","14809254","12","47237409"
"chr15","62047365","62047469","chr21","18904416","18904514","26","43142949"
"chr15","62206128","62206407","chr18","17827955","17828236","47","44378173"
"chr15","62623581","62623879","chr17","73879210","73879509","38","11255629"
"chr15","62841971","62842260","chr19","6659751","6660048","48","56182220"
"chr15","63203551","63203842","chr3","110997514","110997808","35","47793963"
"chr15","63348553","63348670","chr6","29146327","29146438","26","34202226"
"chr15","63440140","63440437","chr3","15802430","15802725","48","47637710"
"chr15","63603247","63603553","chr3","186974590","186974898","41","123371343"
"chr15","63632210","63632461","chr16","17671947","17672206","51","45960263"
"chr15","63707759","63708041","chr12","76403317","76403602","42","12695558"
"chr15","64153337","64153623","chr4","91046160","91046450","48","26892823"
"chr15","64160516","64160814","chr22","29820598","29820895","47","34339918"
"chr15","64620042","64620334","chr1","90464356","90464648","39","25844314"
"chr15","64644835","64645163","chrX","130679684","130680011","59","66034849"
"chr15","64728699","64728986","chrX","31351615","31351909","45","33377084"
"chr15","65310984","65311279","chr7","54603695","54603992","39","10707289"
"chr15","66256780","66256994","chr4","73020849","73021076","43","6764069"
"chr15","67298002","67298296","chr15","26490736","26491028","33","40807266"
"chr15","67703266","67703579","chr10","13437446","13437754","47","54265820"
"chr15","67865462","67865756","chr17","43703810","43704100","41","24161652"
"chr15","67943875","67944121","chr19","46408668","46408942","80","21535207"
"chr15","68257276","68257556","chr12","102118093","102118385","48","33860817"
"chr15","68359574","68359671","chr19","50278494","50278593","32","18081080"
"chr15","68386389","68386713","chr2A","88313580","88313886","79","19927191"
"chr15","68398999","68399288","chr7","62105160","62105453","38","6293839"
"chr15","69014622","69014927","chr10","131911447","131911753","35","62896825"
"chr15","69255434","69255550","chr17","1270775","1270886","27","67984659"
"chr15","69343604","69343899","chr7","62105160","62105453","41","7238444"
"chr15","69349474","69349594","chr3","194233462","194233583","23","124883988"
"chr15","69480824","69481098","chr3","27992917","27993198","72","41487907"
"chr15","69649818","69650142","chr7","136440260","136440557","60","66790442"
"chr15","70438780","70439076","chr3","15802430","15802725","44","54636350"
"chr15","71256287","71256578","chrX","154952421","154952713","51","83696134"
"chr15","71699874","71700157","chr1","20996678","20996962","56","50703196"
"chr15","72052443","72052722","chr7","141870320","141870598","44","69817877"
"chr15","73351840","73352131","chrX","47072474","47072765","35","26279366"
"chr15","74219823","74220127","chr3","188474936","188475232","38","114255113"
"chr15","74769096","74769394","chr14","34129106","34129400","39","40639990"
"chr15","75067245","75067540","chr2A","44749581","44749874","36","30317664"
"chr15","75169265","75169558","chr2B","195267294","195267585","41","120098029"
"chr15","75266662","75266942","chr12","134010316","134010598","48","58743654"
"chr15","75347179","75347475","chrX","70267582","70267875","44","5079597"
"chr15","75461994","75462283","chr11","32989284","32989573","47","42472710"
"chr15","75475076","75475370","chr19","48820002","48820297","57","26655074"
"chr15","75688046","75688090","chr5","85424624","85424665","16","9736578"
"chr15","76593331","76593570","chr9","27888058","27888304","72","48705273"
"chr15","77568841","77569100","chr16","57148744","57149007","56","20420097"
"chr15","77672966","77673265","chr4","130744548","130744843","48","53071582"
"chr15","78244424","78244723","chr7","70250818","70251116","45","7993606"
"chr15","79158075","79158384","chr6","37891072","37891383","45","41267003"
"chr15","81398480","81398597","chr13","113052924","113053040","27","31654444"
"chr15","82873043","82873291","chr10","26658224","26658474","35","56214819"
"chr15","82935451","82935757","chrX","40740697","40740999","44","42194754"
"chr15","82941232","82941502","chr19","57951008","57951284","39","24990224"
"chr15","83966285","83966581","chr6","32195163","32195460","41","51771122"
"chr15","84365818","84366096","chr6","83972309","83972590","51","393509"
"chr15","84497032","84497278","chr12","4424246","4424485","44","80072786"
"chr15","84546101","84546372","chr3","83942367","83942647","50","603734"
"chr15","84554481","84554775","chr5","37296160","37296465","43","47258321"
"chr15","84831866","84832165","chr4","130744548","130744843","36","45912682"
"chr15","85644053","85644358","chr3","54381453","54381761","42","31262600"
"chr15","87047296","87047421","chr13","113052924","113053040","30","26005628"
"chr15","87315294","87315590","chr14","34129106","34129400","42","53186188"
"chr15","87426455","87426587","chr17","62787582","62787713","19","24638873"
"chr15","87636247","87636545","chr12","8100508","8100811","34","79535739"
"chr15","88268878","88269157","chr3","111903600","111903894","42","23634722"
"chr15","88444591","88444872","chr7","141870320","141870598","58","53425729"
"chr15","89256787","89257071","chr6","76950288","76950580","48","12306499"
"chr15","89475488","89475773","chr1","210819403","210819695","44","121343915"
"chr15","89793638","89793955","chr6","37891072","37891383","52","51902566"
"chr15","89827082","89827365","chr4","91952825","91953108","50","2125743"
"chr15","90087752","90088041","chr4","112038512","112038802","40","21950760"
"chr15","90212789","90213088","chr22","30375904","30376203","40","59836885"
"chr15","91354139","91354319","chr11","109554544","109554715","60","18200405"
"chr15","92044700","92045006","chr2B","236914126","236914431","46","144869426"
"chr15","92428689","92428927","chr9","114498377","114498623","61","22069688"
"chr15","92648025","92648350","chr3","46982429","46982743","80","45665596"
"chr15","94248224","94248516","chr20","56157810","56158098","44","38090414"
"chr15","95173054","95173343","chr9","85559729","85560017","42","9613325"
"chr15","95283994","95284302","chr20","16246745","16247054","51","79037249"
"chr15","95414212","95414497","chr20","47152162","47152450","33","48262050"
"chr15","96506170","96506442","chr2A","80557982","80558253","36","15948188"
"chr15","96507360","96507435","chr1","171031473","171031551","24","74524113"
"chr15","97237026","97237182","chr10","91418918","91419069","27","5818108"
"chr15","97247172","97247478","chr2B","160262208","160262509","43","63015036"
"chr15","97745629","97745937","chr3","136478379","136478687","51","38732750"
"chr15","98290334","98290566","chr11","14011422","14011673","62","84278912"
"chr16","60817131","60817416","chr2A","44952766","44953054","40","15864365"
"chr16","49807319","49807452","chr12","33067825","33067955","25","16739494"
"chr16","169868","170154","chr15","67071135","67071428","42","66901267"
"chr16","336954","337113","chr1","76560819","76560982","25","76223865"
"chr16","531330","531614","chr6","159996973","159997263","33","159465643"
"chr16","780199","780506","chr4","74681715","74682017","49","73901516"
"chr16","905016","905242","chr19","13177214","13177435","44","12272198"
"chr16","906275","906567","chr2B","132755236","132755532","41","131848961"
"chr16","1285078","1285387","chr14","92206512","92206803","70","90921434"
"chr16","2591815","2592108","chr3","50081559","50081841","71","47489744"
"chr16","5169240","5169524","chr15","28850041","28850326","38","23680801"
"chr16","5716800","5717087","chr15","32292880","32293169","39","26576080"
"chr16","6496488","6496556","chr1","171031473","171031551","31","164534985"
"chr16","6839719","6839993","chr1","20996186","20996464","41","14156467"
"chr16","7019684","7019959","chr1","156823272","156823543","55","149803588"
"chr16","7117192","7117404","chr8","51901084","51901312","41","44783892"
"chr16","7280976","7281281","chr10","131911447","131911753","44","124630471"
"chr16","7435061","7435363","chrX","40740697","40740999","37","33305636"
"chr16","8448529","8448836","chr8","97297883","97298191","42","88849354"
"chr16","9012479","9012776","chr10","98717143","98717438","45","89704664"
"chr16","9293906","9294210","chr2B","192897483","192897792","42","183603577"
"chr16","10094780","10095079","chrX","144172330","144172625","39","134077550"
"chr16","10591201","10591300","chr14","106105937","106106053","31","95514736"
"chr16","10893760","10894062","chr1","15898335","15898636","40","5004575"
"chr16","11096990","11097291","chr2A","57410419","57410725","41","46313429"
"chr16","12686802","12687104","chr4","56900431","56900735","35","44213629"
"chr16","12880632","12880924","chr5","38415598","38415886","56","25534966"
"chr16","13022580","13022862","chr3","133115223","133115500","58","120092643"
"chr16","13046726","13047003","chr7","126597300","126597573","45","113550574"
"chr16","13918863","13919079","chr4","112217942","112218153","35","98299079"
"chr16","14077640","14077884","chrX","103498743","103498976","42","89421103"
"chr16","15528840","15529092","chr10","27549363","27549614","74","12020523"
"chr16","16810427","16810736","chr19","44372893","44373189","72","27562466"
"chr16","16989339","16989624","chr10","68350095","68350392","51","51360756"
"chr16","17969496","17969786","chr3","137175935","137176224","33","119206439"
"chr16","18248613","18248846","chr8","128002666","128002901","41","109754053"
"chr16","19028949","19029251","chr1","109406257","109406558","41","90377308"
"chr16","19129448","19129740","chr6","136089580","136089876","40","116960132"
"chr16","19182954","19183248","chr1","203555814","203556103","49","184372860"
"chr16","19191631","19191873","chr3","117172258","117172523","70","97980627"
"chr16","19222564","19222767","chr3","126776223","126776438","46","107553659"
"chr16","19330874","19331164","chr10","93954958","93955253","31","74624084"
"chr16","19381266","19381513","chr14","89955339","89955578","38","70574073"
"chr16","19559150","19559450","chr8","125371779","125372077","29","105812629"
"chr16","20185407","20185696","chrX","143119361","143119658","41","122933954"
"chr16","20459131","20459421","chr17","43703810","43704100","40","23244679"
"chr16","22270930","22271226","chr10","5772699","5772996","39","16498231"
"chr16","22280262","22280566","chr3","37984920","37985225","55","15704658"
"chr16","22314393","22314687","chr15","32292880","32293169","47","9978487"
"chr16","22356970","22357076","chr7","37192704","37192816","24","14835734"
"chr16","22526298","22526592","chr2B","195267294","195267585","62","172740996"
"chr16","22987525","22987814","chr7","44392726","44393021","44","21405201"
"chr16","23673545","23673835","chr1","152743362","152743656","39","129069817"
"chr16","25216797","25217089","chr14","34149105","34149399","41","8932308"
"chr16","25611684","25611854","chr13","92844161","92844327","27","67232477"
"chr16","25859464","25859731","chrX","48484182","48484449","50","22624718"
"chr16","26607904","26608021","chr8","72115445","72115555","16","45507541"
"chr16","28663447","28663737","chr2A","9980700","9980975","55","18682747"
"chr16","31647075","31647368","chr16","83751854","83752139","61","52104779"
"chr16","32165722","32165985","chr1","12807216","12807493","60","19358506"
"chr16","32369811","32370124","chr4","190341350","190341663","44","157971539"
"chr16","32465379","32465506","chr22","29798696","29798821","18","2666683"
"chr16","32549096","32549444","chr20","32355273","32355600","96","193823"
"chr16","33827877","33828224","chr1","171152639","171152974","62","137324762"
"chr16","34073407","34073674","chr7","155725579","155725837","51","121652172"
"chr16","35444917","35445039","chr12","124420169","124420296","22","88975252"
"chr16","35969810","35969956","chr4","25885422","25885555","46","10084388"
"chr16","36069998","36070292","chr1","26729603","26729900","64","9340395"
"chr16","37148497","37148792","chr16","58443725","58444020","56","21295228"
"chr16","37255844","37256158","chr1","138000255","138000558","49","100744411"
"chr16","37348389","37348693","chr15","73075145","73075451","36","35726756"
"chr16","37912102","37912440","chr7","52528047","52528356","73","14615945"
"chr16","38218918","38219210","chr3","48198112","48198402","39","9979194"
"chr16","38253612","38253866","chr11","71445190","71445448","49","33191578"
"chr16","39422696","39422995","chr3","29543518","29543825","44","9879178"
"chr16","39459581","39459882","chr16","80421143","80421441","49","40961562"
"chr16","40284563","40284842","chr3","37984920","37985225","65","2299643"
"chr16","42705753","42706045","chr13","19747376","19747685","50","22958377"
"chr16","42785488","42785800","chr1","180340430","180340740","43","137554942"
"chr16","43224366","43224513","chr1","195079114","195079244","30","151854748"
"chr16","43748543","43748848","chr10","93954958","93955253","59","50206415"
"chr16","45505008","45505285","chr6","83972309","83972590","38","38467301"
"chr16","45551146","45551445","chr2B","132755236","132755532","40","87204090"
"chr16","45562014","45562299","chr8","85938160","85938446","39","40376146"
"chr16","45665029","45665325","chr5","145121601","145121895","32","99456572"
"chr16","46342201","46342487","chr1","210819403","210819695","45","164477202"
"chr16","46400686","46400820","chr6","10429234","10429373","28","35971452"
"chr16","46483859","46484149","chr4","169232553","169232845","37","122748694"
"chr16","46521600","46521781","chr9","37106848","37107021","35","9414752"
"chr16","46567652","46567946","chr8","80153921","80154217","42","33586269"
"chr16","46653266","46653559","chrX","51142524","51142811","40","4489258"
"chr16","46685328","46685630","chr4","43701220","43701525","47","2984108"
"chr16","47671228","47671500","chr1","12807216","12807493","49","34864012"
"chr16","48154048","48154352","chr1","160882412","160882712","51","112728364"
"chr16","48727364","48727561","chr9","14575342","14575543","35","34152022"
"chr16","49379291","49379466","chr3","107782959","107783135","69","58403668"
"chr16","49854988","49855294","chr19","49334612","49334911","49","520376"
"chr16","49952435","49952499","chr20","25847964","25848025","15","24104471"
"chr16","49953291","49953543","chr2A","9550804","9551059","43","40402487"
"chr16","50061667","50061783","chr15","89538358","89538482","27","39476691"
"chr16","50154770","50155063","chr4","90130522","90130826","59","39975752"
"chr16","50161319","50161618","chr1","109406257","109406558","40","59244938"
"chr16","50471958","50472254","chr3","15802430","15802725","46","34669528"
"chr16","50514360","50514544","chr5","51215133","51215323","38","700773"
"chr16","50675116","50675270","chr13","92844161","92844327","34","42169045"
"chr16","50686930","50687149","chr8","64858428","64858660","67","14171498"
"chr16","50801095","50801376","chr1","12807216","12807493","41","37993879"
"chr16","51024483","51024768","chr1","36327041","36327337","48","14697442"
"chr16","52679175","52679482","chr19","39539014","39539317","47","13140161"
"chr16","52953731","52954025","chr1","118944988","118945277","53","65991257"
"chr16","53769286","53769583","chr3","188474936","188475232","38","134705650"
"chr16","53814870","53815158","chr2A","44952766","44953054","36","8862104"
"chr16","53989514","53989808","chr6","5198260","5198555","65","48791254"
"chr16","54128230","54128518","chr1","26518907","26519195","44","27609323"
"chr16","54204531","54204817","chr19","56559327","56559621","48","2354796"
"chr16","55311892","55312179","chr19","43335176","43335468","47","11976716"
"chr16","56177124","56177425","chr1","181730175","181730463","51","125553051"
"chr16","56206846","56207143","chr15","81943173","81943470","42","25736327"
"chr16","56318718","56319003","chr6","33340337","33340627","45","22978381"
"chr16","56870093","56870390","chr17","3619958","3620253","47","53250135"
"chr16","60054574","60054866","chr6","11275553","11275848","41","48779021"
"chr16","60228706","60228835","chr15","96562210","96562343","19","36333504"
"chr16","60718013","60718188","chr17","21311305","21311477","30","39406708"
"chr16","60771836","60772127","chr9","85559729","85560017","50","24787893"
"chr16","60774304","60774551","chr15","82939161","82939407","42","22164857"
"chr16","61025428","61025732","chr7","75724351","75724659","37","14698923"
"chr16","61111273","61111558","chr4","115414705","115414988","45","54303432"
"chr16","62070260","62070529","chr9","70629851","70630123","40","8559591"
"chr16","62187261","62187544","chr14","92206512","92206803","44","30019251"
"chr16","63093109","63093356","chr3","136125494","136125756","56","73032385"
"chr16","63258279","63258554","chr2A","34496954","34497230","52","28761325"
"chr16","64307582","64307840","chrX","48484182","48484449","42","15823400"
"chr16","64728175","64728348","chr1","9621842","9622012","35","55106333"
"chr16","65498229","65498526","chr1","17385614","17385909","52","48112615"
"chr16","65866129","65866272","chr22","49302200","49302342","16","16563929"
"chr16","66731917","66732072","chr17","15421459","15421608","31","51310458"
"chr16","66884481","66884740","chr5","104243279","104243540","43","37358798"
"chr16","66953520","66953636","chr8","99736917","99737038","40","32783397"
"chr16","67409567","67409878","chr15","57270014","57270323","44","10139553"
"chr16","68314928","68315209","chr6","31460034","31460307","83","36854894"
"chr16","68316450","68316739","chr4","52254890","52255177","53","16061560"
"chr16","68517687","68517965","chrX","31351615","31351909","51","37166072"
"chr16","69069070","69069247","chr4","158655729","158655906","30","89586659"
"chr16","69069990","69070167","chr4","158655729","158655906","30","89585739"
"chr16","69341342","69341655","chr10","42513839","42514131","67","26827503"
"chr16","69453602","69453885","chr19","14001764","14002062","53","55451838"
"chr16","69535285","69535580","chr1","54537654","54537949","51","14997631"
"chr16","69951754","69952056","chr21","18562186","18562478","49","51389568"
"chr16","70971027","70971137","chr3","113208918","113209021","22","42237891"
"chr16","71362818","71363115","chr19","3545163","3545462","45","67817655"
"chr16","71373735","71374045","chr6","20985201","20985506","42","50388534"
"chr16","71449840","71450148","chr11","121670563","121670872","44","50220723"
"chr16","71583197","71583444","chr1","157165222","157165466","31","85582025"
"chr16","72728157","72728454","chr4","56900431","56900735","50","15827726"
"chr16","73195696","73195956","chr16","17671947","17672206","60","55523749"
"chr16","73269331","73269626","chr3","188474936","188475232","41","115205605"
"chr16","73332814","73333053","chr12","33560154","33560407","57","39772660"
"chr16","74198013","74198299","chr14","92206512","92206803","39","18008499"
"chr16","74303093","74303363","chr11","63276768","63277040","44","11026325"
"chr16","74509756","74509997","chr17","10119467","10119702","31","64390289"
"chr16","74517588","74517869","chr5","89843603","89843887","56","15326015"
"chr16","75808875","75809090","chr1","179087447","179087661","33","103278572"
"chr16","76812329","76812516","chr4","24946761","24946953","40","51865568"
"chr16","76846843","76847131","chr5","38415598","38415886","53","38431245"
"chr16","76981260","76981551","chr1","90464356","90464648","32","13483096"
"chr16","78494631","78494847","chr1","212769688","212769915","48","134275057"
"chr16","79734725","79734970","chr6","35709416","35709659","59","44025309"
"chr16","80429653","80429788","chr21","15041934","15042071","27","65387719"
"chr16","80811741","80812035","chr9","6695881","6696174","39","74115860"
"chr16","82526970","82527163","chr3","48879451","48879650","44","33647519"
"chr16","82936544","82936757","chr2B","206202971","206203181","37","123266427"
"chr16","83200559","83200768","chr1","33119483","33119694","52","50081076"
"chr16","85558040","85558343","chr8","20940698","20940999","53","64617342"
"chr16","86067873","86068131","chr8","143844286","143844547","45","57776413"
"chr16","87772163","87772464","chr2B","167404741","167405042","40","79632578"
"chr16","87941144","87941430","chr20","51554153","51554444","42","36386991"
"chr16","87955798","87956000","chr2B","121672365","121672573","36","33716567"
"chr16","88073136","88073264","chr11","62316529","62316659","21","25756607"
"chr16","90155668","90155890","chr8","52904315","52904536","47","37251353"
"chr16","90186818","90187086","chr8","93038777","93039045","45","2851959"
"chr16","90188647","90188943","chr1","152743362","152743656","45","62554715"
"chr16","90554448","90554648","chr7","42616317","42616505","30","47938131"
"chr16","90895682","90895983","chrX","147434831","147435122","43","56539149"
"chr16","91513506","91513803","chr14","92206512","92206803","42","693006"
"chr16","91540004","91540279","chr7","40199044","40199323","49","51340960"
"chr16","91556011","91556320","chr13","19747376","19747685","54","71808635"
"chr16","91673764","91674048","chr2A","44952766","44953054","41","46720998"
"chr16","91809126","91809397","chr5","172333465","172333735","40","80524339"
"chr16","91896696","91896841","chrX","70927263","70927401","26","20969433"
"chr16","92051262","92051535","chr4","140204117","140204389","50","48152855"
"chr16","92110464","92110758","chr8","106787932","106788226","47","14677468"
"chr16","93218846","93218956","chr8","99736917","99737038","27","6518071"
"chr16","93255749","93256040","chr7","62105160","62105453","37","31150589"
"chr16","93567669","93567971","chrX","97649878","97650177","30","4082209"
"chr16","93583011","93583270","chr12","121508043","121508296","120","27925032"
"chr16","93589229","93589443","chr4","31238060","31238274","55","62351169"
"chr16","93673652","93673924","chr2B","224772880","224773153","49","131099228"
"chr16","93791080","93791395","chr9","6849414","6849717","43","86941666"
"chr16","93798816","93799124","chr5","82662627","82662930","43","11136189"
"chr16","94579747","94580053","chr9","94998809","94999118","59","419062"
"chr16","95067978","95068235","chr15","72105209","72105463","43","22962769"
"chr16","95215100","95215414","chr6","20985201","20985506","47","74229899"
"chr16","95724263","95724540","chr19","56253266","56253547","44","39470997"
"chr16","96068312","96068532","chr3","200381246","200381456","50","104312934"
"chr16","96572414","96572719","chr7","96912045","96912338","57","339631"
"chr17","197935","198228","chr19","43532493","43532785","41","43334558"
"chr17","1237817","1238126","chr5","97171120","97171426","38","95933303"
"chr17","1346924","1347216","chr20","51554153","51554444","37","50207229"
"chr17","1386288","1386589","chr3","190566087","190566386","33","189179799"
"chr17","2854110","2854394","chr4","200507","200804","59","2653603"
"chr17","3881681","3881970","chr8","22594332","22594625","44","18712651"
"chr17","4279067","4279220","chr1","1336766","1336929","36","2942301"
"chr17","4964139","4964384","chr16","55867878","55868124","60","50903739"
"chr17","5331932","5332232","chr1","15898335","15898636","44","10566403"
"chr17","5884752","5884893","chr5","181729695","181729837","30","175844943"
"chr17","6093110","6093397","chr1","180728670","180728958","43","174635560"
"chr17","6531876","6532170","chr18","13262637","13262932","52","6730761"
"chr17","6584416","6584696","chrX","156059528","156059816","44","149475112"
"chr17","6700548","6700847","chr22","43910994","43911297","40","37210446"
"chr17","6874531","6874636","chr17","1270775","1270886","41","5603756"
"chr17","7900855","7901149","chr9","85559729","85560017","43","77658874"
"chr17","8415593","8415873","chr4","65833822","65834100","50","57418229"
"chr17","8441047","8441331","chr3","50819801","50820085","41","42378754"
"chr17","8632182","8632468","chr12","102118093","102118385","36","93485911"
"chr17","8708693","8708992","chr7","44392726","44393021","38","35684033"
"chr17","8730217","8730487","chr7","109300892","109301171","50","100570675"
"chr17","9009501","9009793","chr19","48820002","48820297","39","39810501"
"chr17","9188067","9188301","chr9","114498377","114498623","63","105310310"
"chr17","10618567","10618845","chr6","70644212","70644492","38","60025645"
"chr17","10796451","10796745","chr12","6343560","6343852","35","4452891"
"chr17","10916457","10916753","chr19","48820002","48820297","40","37903545"
"chr17","11545393","11545703","chr17","58542079","58542384","57","46996686"
"chr17","12111741","12112042","chr1","15898335","15898636","67","3786594"
"chr17","13653605","13653899","chrX","143119361","143119658","49","129465756"
"chr17","17308862","17309154","chr15","21002694","21002998","44","3693832"
"chr17","17342303","17342592","chr6","44782290","44782580","52","27439987"
"chr17","17348996","17349285","chr15","32292880","32293169","33","14943884"
"chr17","18082902","18083157","chrX","36240476","36240740","48","18157574"
"chr17","18359119","18359419","chr17","19680580","19680878","49","1321461"
"chr17","18814020","18814243","chr16","3475744","3475972","40","15338276"
"chr17","20161814","20162000","chr9","34117341","34117522","42","13955527"
"chr17","20247878","20248173","chr4","95441191","95441490","42","75193313"
"chr17","20489073","20489382","chr1","40333138","40333434","49","19844065"
"chr17","20930247","20930454","chr3","11459785","11459996","33","9470462"
"chr17","21606050","21606114","chr8","97716497","97716559","16","76110447"
"chr17","21697890","21698122","chr16","98649","98867","51","21599241"
"chr17","21753407","21753536","chr4","178321669","178321799","22","156568262"
"chr17","22039640","22039926","chr2A","72189251","72189534","46","50149611"
"chr17","22113569","22113794","chr1","23379984","23380208","36","1266415"
"chr17","22708911","22709206","chr9","6695881","6696174","52","16013030"
"chr17","23168051","23168332","chr1","51030639","51030922","50","27862588"
"chr17","23198058","23198337","chr7","141870320","141870598","47","118672262"
"chr17","24045657","24045971","chr12","8100508","8100811","50","15945149"
"chr17","24091506","24091795","chrX","154952421","154952713","38","130860915"
"chr17","24201832","24202124","chr15","88148565","88148869","43","63946733"
"chr17","24331271","24331564","chr20","7162578","7162870","44","17168693"
"chr17","24495059","24495165","chr9","82982445","82982543","26","58487386"
"chr17","24815219","24815513","chr3","188474936","188475232","41","163659717"
"chr17","26540503","26540830","chr13","47539182","47539484","54","20998679"
"chr17","26546698","26546981","chr6","73840398","73840681","43","47293700"
"chr17","27402526","27402594","chr22","29958739","29958808","11","2556213"
"chr17","27582630","27582936","chr1","15349486","15349794","42","12233144"
"chr17","28612778","28612859","chr2A","47580990","47581058","27","18968212"
"chr17","29249429","29249720","chr6","32195163","32195460","48","2945734"
"chr17","29476301","29476593","chr3","128402386","128402679","43","98926085"
"chr17","29703901","29704207","chr10","131911447","131911753","42","102207546"
"chr17","29894754","29895022","chr10","67957106","67957373","43","38062352"
"chr17","31923500","31923810","chr11","116542994","116543303","44","84619494"
"chr17","32113104","32113140","chr16","84562407","84562442","7","52449303"
"chr17","33775104","33775410","chr14","54187503","54187812","41","20412399"
"chr17","34057510","34057694","chr3","146230580","146230763","26","112173070"
"chr17","34331313","34331609","chr9","103365958","103366246","48","69034645"
"chr17","34476055","34476341","chr14","99226884","99227168","54","64750829"
"chr17","34678789","34679078","chrX","119905374","119905665","50","85226585"
"chr17","34752034","34752320","chr14","91582134","91582419","50","56830100"
"chr17","34778911","34779201","chr16","58443725","58444020","34","23664814"
"chr17","35111717","35112029","chr7","137255235","137255543","42","102143518"
"chr17","35169736","35169898","chr6","109013841","109013997","27","73844105"
"chr17","36760674","36760950","chr1","44262707","44262988","43","7502033"
"chr17","37067474","37067777","chr3","29543518","29543825","48","7523956"
"chr17","37205221","37205453","chr1","25596125","25596349","45","11609096"
"chr17","37854738","37855046","chr3","132105679","132105982","50","94250941"
"chr17","37936933","37937218","chr5","49783511","49783799","52","11846578"
"chr17","37977190","37977448","chr5","104243279","104243540","65","66266089"
"chr17","38016200","38016511","chr17","75627463","75627768","52","37611263"
"chr17","38064706","38064980","chr1","190028295","190028577","46","151963589"
"chr17","38072362","38072662","chr3","29543518","29543825","48","8528844"
"chr17","38331856","38332153","chr1","109406257","109406558","40","71074401"
"chr17","39347608","39347906","chr1","150093146","150093446","46","110745538"
"chr17","39627768","39628054","chr15","32292880","32293169","38","7334888"
"chr17","39965693","39965980","chr1","206481169","206481456","42","166515476"
"chr17","40138547","40138755","chr2B","206202971","206203181","36","166064424"
"chr17","40181444","40181736","chrX","31351615","31351909","39","8829829"
"chr17","40419547","40419840","chr10","71706529","71706829","39","31286982"
"chr17","40560204","40560337","chr17","5022591","5022719","24","35537613"
"chr17","42030504","42030686","chrX","112820888","112821058","49","70790384"
"chr17","42224517","42224858","chr1","174982199","174982503","81","132757682"
"chr17","42262685","42262971","chr8","143077886","143078172","40","100815201"
"chr17","42874683","42874924","chr4","74837617","74837869","48","31962934"
"chr17","42908721","42909015","chr19","43532493","43532785","41","623772"
"chr17","42946500","42946787","chr16","58443725","58444020","41","15497225"
"chr17","44168378","44168665","chr6","34792993","34793284","40","9375385"
"chr17","44334414","44334625","chr4","112217942","112218153","33","67883528"
"chr17","45014332","45014459","chr9","121285242","121285363","32","76270910"
"chr17","45075288","45075585","chr3","12555497","12555790","50","32519791"
"chr17","46113442","46113768","chr9","73476039","73476358","62","27362597"
"chr17","46357937","46358224","chrX","119905374","119905665","35","73547437"
"chr17","46595646","46595806","chr1","6601296","6601459","34","39994350"
"chr17","46669566","46669835","chr7","4690843","4691129","57","41978723"
"chr17","46902821","46903105","chr22","37887345","37887629","38","9015476"
"chr17","47999021","47999318","chr9","103365958","103366246","44","55366937"
"chr17","49359384","49359583","chr5","142194859","142195062","80","92835475"
"chr17","50713579","50713864","chr5","38415598","38415886","53","12297981"
"chr17","50759350","50759650","chr15","21662224","21662531","39","29097126"
"chr17","50762708","50762995","chr3","48713226","48713518","46","2049482"
"chr17","50794763","50795016","chr2B","121578569","121578819","47","70783806"
"chr17","50844373","50844658","chr18","42044257","42044546","41","8800116"
"chr17","50846784","50847043","chr7","106782196","106782471","75","55935412"
"chr17","54511847","54512140","chr11","32989284","32989573","32","21522563"
"chr17","54516343","54516532","chr7","42616317","42616505","40","11900026"
"chr17","54955457","54955569","chr6","5192701","5192814","29","49762756"
"chr17","54961089","54961377","chr14","92206512","92206803","40","37245423"
"chr17","56169361","56169626","chr5","104243279","104243540","53","48073918"
"chr17","56489601","56489901","chr11","80896054","80896356","47","24406453"
"chr17","58011573","58011878","chr3","29543518","29543825","40","28468055"
"chr17","58078223","58078455","chr8","18532511","18532720","57","39545712"
"chr17","58093290","58093587","chr6","32195163","32195460","37","25898127"
"chr17","58511957","58512166","chr3","180375119","180375327","39","121863162"
"chr17","58720597","58720742","chr1","62239291","62239426","28","3518694"
"chr17","58774700","58775002","chr2B","183741337","183741633","43","124966637"
"chr17","58825591","58825710","chr16","28455200","28455328","25","30370391"
"chr17","59140054","59140325","chr6","29250739","29251008","55","29889315"
"chr17","59203545","59203837","chr14","95732764","95733057","41","36529219"
"chr17","59787719","59787996","chr1","12807216","12807493","40","46980503"
"chr17","59795960","59796245","chr3","50819801","50820085","45","8976159"
"chr17","62231067","62231193","chr7","48198138","48198263","19","14032929"
"chr17","62282478","62282604","chr22","29798696","29798821","16","32483782"
"chr17","62381748","62382053","chr5","48159153","48159453","41","14222595"
"chr17","62401397","62401685","chr2B","167404741","167405042","39","105003344"
"chr17","62541562","62541849","chr8","119331037","119331330","63","56789475"
"chr17","62727190","62727492","chr19","48820002","48820297","44","13907188"
"chr17","63215652","63215950","chr1","40333138","40333434","28","22882514"
"chr17","63365759","63366051","chr3","193957981","193958281","61","130592222"
"chr17","63470585","63470876","chr14","68034868","68035165","47","4564283"
"chr17","63476691","63476981","chr17","60679909","60680206","43","2796782"
"chr17","63480873","63481023","chr2A","62339567","62339718","42","1141306"
"chr17","63498943","63499231","chr15","32292880","32293169","53","31206063"
"chr17","63539148","63539368","chr16","98649","98867","53","63440499"
"chr17","63756141","63756338","chr9","86603404","86603609","29","22847263"
"chr17","63839132","63839437","chr12","8100508","8100811","43","55738624"
"chr17","65104434","65104728","chr10","35414058","35414354","34","29690376"
"chr17","65725610","65725905","chr12","102118093","102118385","40","36392483"
"chr17","67667074","67667332","chr4","28105543","28105795","47","39561531"
"chr17","67719763","67720050","chr14","92206512","92206803","41","24486749"
"chr17","67907889","67908169","chr21","18562186","18562478","47","49345703"
"chr17","68695836","68696054","chr4","134916971","134917184","46","66221135"
"chr17","69912370","69912667","chr3","126460235","126460535","35","56547865"
"chr17","69920916","69921110","chr5","51215133","51215323","33","18705783"
"chr17","71552862","71553145","chr3","41770883","41771173","41","29781979"
"chr17","72105732","72106019","chr16","2327719","2328013","56","69778013"
"chr17","72279524","72279828","chr17","68893172","68893479","42","3386352"
"chr17","72690621","72690920","chr14","50036868","50037166","61","22653753"
"chr17","73350826","73351076","chr10","92767195","92767434","47","19416369"
"chr17","73373952","73374241","chr1","180728670","180728958","48","107354718"
"chr17","73395678","73395844","chr6","109013841","109013997","38","35618163"
"chr17","73528417","73528714","chr7","158580684","158580979","35","85052267"
"chr17","73778912","73779077","chr4","40026272","40026440","33","33752640"
"chr17","73879849","73880147","chr3","82734688","82734986","43","8854839"
"chr17","74036325","74036481","chr1","152471207","152471358","32","78434882"
"chr17","74120396","74120646","chr9","27888058","27888304","44","46232338"
"chr17","74367163","74367453","chr6","5198260","5198555","50","69168903"
"chr17","74519259","74519468","chr4","112217942","112218153","31","37698683"
"chr17","74524337","74524555","chr1","23379984","23380208","43","51144353"
"chr17","74696688","74696802","chr18","7435276","7435389","22","67261412"
"chr18","23156","23321","chr6","74245254","74245425","39","74222098"
"chr18","957602","957906","chr5","97171120","97171426","57","96213518"
"chr18","1008464","1008625","chr6","109013841","109013997","33","108005377"
"chr18","1215690","1215953","chrX","156059528","156059816","56","154843838"
"chr18","1304932","1305123","chr5","51215133","51215323","30","49910201"
"chr18","1358306","1358446","chr2A","54662416","54662552","35","53304110"
"chr18","1359025","1359131","chr12","63571112","63571232","38","62212087"
"chr18","1844850","1845138","chr12","102118093","102118385","39","100273243"
"chr18","1936339","1936621","chr2B","178200821","178201102","62","176264482"
"chr18","2020168","2020428","chr2A","47202556","47202821","46","45182388"
"chr18","2784961","2785052","chr4","10183210","10183295","33","7398249"
"chr18","3042155","3042458","chrX","40740697","40740999","34","37698542"
"chr18","3087372","3087490","chr9","75957861","75957979","32","72870489"
"chr18","3678931","3679046","chr6","5192701","5192814","24","1513770"
"chr18","3692757","3692930","chr1","9621842","9622012","32","5929085"
"chr18","3789610","3789894","chr12","32917166","32917461","38","29127556"
"chr18","4175554","4175853","chr8","79332534","79332826","38","75156980"
"chr18","4322553","4322792","chr3","37712773","37713001","43","33390220"
"chr18","4563587","4563877","chr7","1314083","1314366","55","3249504"
"chr18","4663628","4663912","chr9","73355524","73355812","38","68691896"
"chr18","4865911","4866057","chr2A","109456513","109456658","29","104590602"
"chr18","4903152","4903273","chr17","62787582","62787713","24","57884430"
"chr18","4907300","4907587","chr6","161081975","161082262","44","156174675"
"chr18","4963252","4963445","chr22","28784821","28785017","41","23821569"
"chr18","4964353","4964461","chr19","50278494","50278593","22","45314141"
"chr18","4995496","4995728","chr5","74464297","74464540","54","69468801"
"chr18","5021117","5021410","chr5","177022683","177022984","64","172001566"
"chr18","5147150","5147453","chr17","75627463","75627768","59","70480313"
"chr18","5169283","5169357","chr17","76386390","76386457","19","71217107"
"chr18","5169858","5169941","chr22","29958739","29958808","18","24788881"
"chr18","5172537","5172713","chr4","40049615","40049796","42","34877078"
"chr18","5198805","5198964","chr6","109013841","109013997","24","103815036"
"chr18","5209162","5209441","chr3","50819801","50820085","44","45610639"
"chr18","5214812","5214989","chr3","123092503","123092681","32","117877691"
"chr18","5234029","5234323","chrX","45140115","45140406","46","39906086"
"chr18","5310820","5311047","chr8","124345340","124345559","41","119034520"
"chr18","7244346","7244564","chr4","112217942","112218153","31","104973596"
"chr18","7497041","7497287","chr2B","207231085","207231337","89","199734044"
"chr18","7664460","7664761","chr8","106787932","106788226","39","99123472"
"chr18","7763409","7763509","chr1","40438526","40438624","18","32675117"
"chr18","7812593","7812897","chrX","144172330","144172625","48","136359737"
"chr18","8024814","8024996","chr6","34647924","34648103","46","26623110"
"chr18","8025291","8025337","chr6","43550744","43550784","18","35525453"
"chr18","8026054","8026155","chr2A","47581163","47581264","18","39555109"
"chr18","8199330","8199610","chr19","57951008","57951284","41","49751678"
"chr18","8235557","8235668","chr3","114686926","114687041","22","106451369"
"chr18","8310140","8310416","chr11","105381623","105381915","46","97071483"
"chr18","8437704","8437999","chr1","203411896","203412189","43","194974192"
"chr18","8523492","8523736","chr3","137956330","137956572","62","129432838"
"chr18","8730986","8731282","chr8","52541202","52541509","45","43810216"
"chr18","9035702","9035826","chr8","99736917","99737038","43","90701215"
"chr18","9042965","9043143","chr1","133311010","133311204","33","124268045"
"chr18","9134296","9134527","chr3","37712773","37713001","38","28578477"
"chr18","9333675","9333970","chr4","90130522","90130826","35","80796847"
"chr18","9341847","9342132","chr8","71906532","71906814","42","62564685"
"chr18","9390911","9391208","chr11","14325404","14325702","38","4934493"
"chr18","9394642","9394911","chr9","70629851","70630123","41","61235209"
"chr18","9442529","9442701","chr4","158655729","158655906","34","149213200"
"chr18","9565967","9566268","chr12","110791901","110792207","61","101225934"
"chr18","9831886","9832183","chr4","39003146","39003452","50","29171260"
"chr18","9881234","9881482","chr12","33560154","33560407","39","23678920"
"chr18","10004470","10004764","chr7","72155514","72155803","41","62151044"
"chr18","10017356","10017587","chr1","157165222","157165466","46","147147866"
"chr18","10112091","10112391","chr3","49271798","49272103","44","39159707"
"chr18","10350499","10350780","chr1","11725470","11725761","43","1374971"
"chr18","10363170","10363435","chr17","57463346","57463608","46","47100176"
"chr18","10528020","10528239","chr3","53568365","53568594","36","43040345"
"chr18","10563458","10563766","chr9","94998809","94999118","35","84435351"
"chr18","10629856","10630163","chr3","31773015","31773324","40","21143159"
"chr18","11033195","11033496","chr5","114066529","114066823","43","103033334"
"chr18","11137417","11137652","chr1","119367835","119368064","36","108230418"
"chr18","11736117","11736402","chr14","64217492","64217779","43","52481375"
"chr18","12035663","12035968","chr7","44392726","44393021","61","32357063"
"chr18","12056542","12056832","chr19","55067332","55067628","52","43010790"
"chr18","13459836","13460101","chr9","70629851","70630123","45","57170015"
"chr18","13816399","13816690","chr5","115052536","115052829","37","101236137"
"chr18","14284117","14284224","chr22","33962164","33962274","23","19678047"
"chr18","14471179","14471474","chrX","96380638","96380930","37","81909459"
"chr18","14509847","14510143","chr14","34129106","34129400","26","19619259"
"chr18","14512592","14512856","chrX","41305386","41305671","60","26792794"
"chr18","14889631","14889911","chr5","59877487","59877772","45","44987856"
"chr18","16061942","16062254","chr3","54381453","54381761","57","38319511"
"chr18","16428501","16428579","chr1","106968302","106968373","21","90539801"
"chr18","16900241","16900554","chr8","113723527","113723835","47","96823286"
"chr18","17247532","17247800","chr9","70629851","70630123","60","53382319"
"chr18","18888211","18888432","chr9","39425593","39425816","43","20537382"
"chr18","19252771","19253053","chr15","28850041","28850326","38","9597270"
"chr18","19833898","19834038","chr2A","99808200","99808333","25","79974302"
"chr18","20904422","20904716","chr4","55876421","55876716","36","34971999"
"chr18","20958313","20958612","chr3","17771555","17771852","45","3186758"
"chr18","22286667","22286971","chr1","35788128","35788434","44","13501461"
"chr18","22631791","22632076","chr17","43703810","43704100","48","21072019"
"chr18","22654865","22655151","chr4","188614758","188615053","42","165959893"
"chr18","22767821","22768091","chr3","148432007","148432285","55","125664186"
"chr18","23093312","23093517","chr3","180375119","180375327","38","157281807"
"chr18","23539677","23539968","chr21","18562186","18562478","36","4977491"
"chr18","23619434","23619723","chr4","95106512","95106787","54","71487078"
"chr18","24933018","24933316","chrX","143119361","143119658","46","118186343"
"chr18","25004883","25005116","chr2A","63231131","63231358","35","38226248"
"chr18","25174378","25174667","chr3","66512898","66513190","47","41338520"
"chr18","25372100","25372248","chr2A","75175041","75175184","27","49802941"
"chr18","25408453","25408727","chr7","50101774","50102040","48","24693321"
"chr18","26187238","26187362","chr1","195079114","195079244","25","168891876"
"chr18","26317532","26317794","chr12","56719988","56720243","47","30402456"
"chr18","26616753","26617047","chr12","71787117","71787412","33","45170364"
"chr18","26758596","26758918","chr11","116464223","116464547","40","89705627"
"chr18","26767433","26767710","chr20","3696292","3696588","40","23071141"
"chr18","27007747","27007974","chr9","39425593","39425816","42","12417846"
"chr18","27263853","27264107","chr7","66888551","66888816","48","39624698"
"chr18","27373687","27373894","chr16","10981799","10982009","48","16391888"
"chr18","27491686","27491980","chr1","152743362","152743656","41","125251676"
"chr18","27679792","27680089","chr6","11275553","11275848","34","16404239"
"chr18","27708877","27709199","chr6","140365336","140365626","71","112656459"
"chr18","27793534","27793642","chr19","50278494","50278593","37","22484960"
"chr18","27825939","27826227","chr2B","234241009","234241312","66","206415070"
"chr18","28274848","28275124","chr1","129660980","129661262","41","101386132"
"chr18","28395474","28395516","chr1","16486481","16486522","19","11908993"
"chr18","28395518","28395740","chrX","6982144","6982368","53","21413374"
"chr18","28525575","28525773","chrX","24058638","24058836","29","4466937"
"chr18","28581514","28581801","chr10","9525213","9525492","41","19056301"
"chr18","28601475","28601779","chr6","20985201","20985506","45","7616274"
"chr18","28937831","28938105","chr1","12807216","12807493","47","16130615"
"chr18","30972884","30973181","chr22","40447353","40447646","52","9474469"
"chr18","30980234","30980567","chr9","73476039","73476358","57","42495805"
"chr18","32081208","32081423","chr1","179087447","179087661","43","147006239"
"chr18","32190335","32190563","chr18","22463547","22463781","35","9726788"
"chr18","32207772","32208065","chr5","83012586","83012889","46","50804814"
"chr18","32405133","32405390","chr4","130063803","130064062","47","97658670"
"chr18","32437544","32437844","chr6","32195163","32195460","41","242381"
"chr18","32507834","32508151","chr3","39092763","39093071","56","6584929"
"chr18","32995428","32995669","chr9","133507268","133507508","60","100511840"
"chr18","33055653","33055919","chr16","14567788","14568048","57","18487865"
"chr18","33139845","33140134","chrX","119905374","119905665","40","86765529"
"chr18","33403747","33403867","chr17","60451172","60451292","22","27047425"
"chr18","35023530","35023839","chr9","125628880","125629188","42","90605350"
"chr18","35305212","35305501","chr14","92206512","92206803","41","56901300"
"chr18","36773307","36773597","chr1","152743362","152743656","42","115970055"
"chr18","36906561","36906858","chr2B","132755236","132755532","38","95848675"
"chr18","37729256","37729553","chr14","34129106","34129400","39","3600150"
"chr18","37762450","37762766","chr2A","99564810","99565118","41","61802360"
"chr18","38126425","38126724","chr2A","68386065","68386355","43","30259640"
"chr18","38631361","38631670","chr8","97297883","97298191","37","58666522"
"chr18","38762299","38762593","chr1","50152686","50152974","42","11390387"
"chr18","40220029","40220320","chr6","151307798","151308094","37","111087769"
"chr18","40273692","40273975","chr14","92206512","92206803","39","51932820"
"chr18","41440226","41440517","chr3","48198112","48198402","35","6757886"
"chr18","41831381","41831512","chr13","113052924","113053040","28","71221543"
"chr18","42206919","42207200","chr19","56253266","56253547","36","14046347"
"chr18","43775531","43775835","chr4","2251486","2251791","48","41524045"
"chr18","45733559","45733835","chr2A","80557982","80558253","44","34824423"
"chr18","46014860","46014950","chr1","171031473","171031551","38","125016613"
"chr19","334450","334744","chr2B","242630921","242631213","35","242296471"
"chr19","498241","498533","chr19","45193562","45193857","42","44695321"
"chr19","578152","578453","chr1","149717322","149717618","46","149139170"
"chr19","778872","779182","chr11","113090500","113090810","68","112311628"
"chr19","798982","799295","chr11","33154686","33155002","75","32355704"
"chr19","935511","935639","chr17","62787582","62787713","26","61852071"
"chr19","988975","989270","chr3","188474936","188475232","42","187485961"
"chr19","1193720","1194027","chr19","16148710","16149016","40","14954990"
"chr19","2712020","2712091","chr6","34647611","34647678","20","31935591"
"chr19","3534231","3534531","chr5","146522220","146522525","62","142987989"
"chr19","4161210","4161516","chr13","47539182","47539484","39","43377972"
"chr19","6415778","6416058","chr5","105387831","105388119","35","98972053"
"chr19","6468764","6469068","chr5","47404745","47405047","49","40935981"
"chr19","7761917","7762209","chr5","145121601","145121895","40","137359684"
"chr19","7934257","7934550","chr2B","208355465","208355760","40","200421208"
"chr19","8058458","8058769","chr20","37855519","37855823","41","29797061"
"chr19","8908046","8908190","chr1","195079114","195079244","29","186171068"
"chr19","10308347","10308665","chr6","37891072","37891383","59","27582725"
"chr19","10346555","10346807","chr11","64214752","64215000","61","53868197"
"chr19","10514269","10514554","chr1","181730175","181730463","38","171215906"
"chr19","10698955","10699222","chr17","58503188","58503451","50","47804233"
"chr19","11401718","11402020","chrX","69928922","69929226","42","58527204"
"chr19","11880361","11880664","chr7","91195898","91196205","37","79315537"
"chr19","12500002","12500134","chr20","28695485","28695609","25","16195483"
"chr19","12570872","12571174","chrX","69928922","69929226","42","57358050"
"chr19","12881200","12881328","chr2B","153772570","153772696","18","140891370"
"chr19","13377163","13377375","chr11","43971131","43971340","33","30593968"
"chr19","13479092","13479397","chr3","12654074","12654377","41","825018"
"chr19","13482214","13482395","chr7","100782170","100782345","39","87299956"
"chr19","13607579","13607765","chrX","18588810","18588993","40","4981231"
"chr19","13629313","13629602","chr7","72155514","72155803","36","58526201"
"chr19","15150354","15150640","chr8","85938160","85938446","39","70787806"
"chr19","15288924","15289217","chr11","33177876","33178165","46","17888952"
"chr19","15425863","15426149","chrX","47072474","47072765","41","31646611"
"chr19","15796255","15796537","chr19","56253266","56253547","44","40457011"
"chr19","16324310","16324584","chr14","64790004","64790280","44","48465694"
"chr19","16540929","16541217","chr5","158858343","158858633","36","142317414"
"chr19","16647088","16647337","chr1","179414248","179414519","61","162767160"
"chr19","16807923","16808218","chr12","32917166","32917461","40","16109243"
"chr19","17032396","17032695","chr6","32195163","32195460","67","15162767"
"chr19","17396658","17396948","chr12","102118093","102118385","40","84721435"
"chr19","17559048","17559343","chr14","92206512","92206803","44","74647464"
"chr19","17832290","17832584","chr2B","207788966","207789262","45","189956676"
"chr19","17902741","17902803","chrX","19342178","19342243","13","1439437"
"chr19","19050234","19050495","chr2B","224772880","224773153","53","205722646"
"chr19","20374092","20374328","chr19","11731261","11731492","45","8642831"
"chr19","20759362","20759646","chr11","75562870","75563146","41","54803508"
"chr19","20941802","20941974","chr1","32649535","32649701","31","11707733"
"chr19","21585255","21585559","chr19","40968758","40969064","45","19383503"
"chr19","21693223","21693455","chr1","212769688","212769915","37","191076465"
"chr19","22096643","22096816","chr1","45214102","45214277","28","23117459"
"chr19","22110703","22111014","chrX","41305386","41305671","55","19194683"
"chr19","22416455","22416690","chr15","82939161","82939407","43","60522706"
"chr19","22424914","22425200","chr17","57297957","57298242","49","34873043"
"chr19","22446633","22446913","chr5","38415598","38415886","47","15968965"
"chr19","22479637","22479942","chr2A","63298424","63298723","51","40818787"
"chr19","23207648","23207947","chrX","144172330","144172625","47","120964682"
"chr19","23474749","23475058","chr8","97297883","97298191","40","73823134"
"chr19","23963385","23963565","chr5","24062492","24062680","37","99107"
"chr19","24063583","24063730","chr13","61901298","61901443","34","37837715"
"chr19","24415172","24415468","chr3","188474936","188475232","42","164059764"
"chr19","24480537","24480777","chr14","56825834","56826067","47","32345297"
"chr19","24592976","24593130","chr21","25360010","25360151","42","767034"
"chr19","24627893","24628196","chr6","10898194","10898502","36","13729699"
"chr19","24677518","24677810","chr1","90464356","90464648","49","65786838"
"chr19","25028564","25028863","chr11","124326351","124326639","45","99297787"
"chr19","25239878","25240181","chr4","53929597","53929900","46","28689719"
"chr19","25309606","25309893","chr12","56684025","56684320","38","31374419"
"chr19","25761366","25761605","chr12","4424246","4424485","60","21337120"
"chr19","25870960","25871313","chr8","126207448","126207760","79","100336488"
"chr19","26023573","26023870","chr11","60860905","60861205","41","34837332"
"chr19","26053695","26054003","chr10","58330589","58330897","42","32276894"
"chr19","26486439","26486731","chr10","68350095","68350392","31","41863656"
"chr19","26614587","26614856","chr1","183540912","183541186","38","156926325"
"chr19","26905158","26905451","chr1","54537654","54537949","31","27632496"
"chr19","27280177","27280474","chr7","96912045","96912338","56","69631868"
"chr19","27326613","27326780","chr1","1336766","1336929","29","25989847"
"chr19","27406765","27407070","chr1","109406257","109406558","41","81999492"
"chr19","27465393","27465685","chr7","62105160","62105453","38","34639767"
"chr19","27954955","27955259","chrX","97649878","97650177","50","69694923"
"chr19","28227468","28227773","chrX","40740697","40740999","50","12513229"
"chr19","28274398","28274681","chr4","17361545","17361832","42","10912853"
"chr19","29816529","29816822","chr14","34129106","34129400","39","4312577"
"chr19","29849297","29849600","chr2B","234241009","234241312","47","204391712"
"chr19","30865642","30865810","chr6","27371061","27371231","22","3494581"
"chr19","30885048","30885339","chr6","45956109","45956396","50","15071061"
"chr19","31042399","31042698","chr1","93865691","93865988","37","62823292"
"chr19","32707995","32708230","chrX","57654055","57654295","51","24946060"
"chr19","33812976","33813260","chr22","25256066","25256349","42","8556910"
"chr19","33903821","33903986","chr1","40492808","40492989","41","6588987"
"chr19","33928035","33928337","chr15","81943173","81943470","56","48015138"
"chr19","34068262","34068414","chr1","196864953","196865102","22","162796691"
"chr19","34069418","34069644","chr15","72086212","72086428","55","38016794"
"chr19","34088589","34088885","chr3","15802430","15802725","39","18286159"
"chr19","34682155","34682284","chr22","35535876","35536001","25","853721"
"chr19","35336109","35336416","chr6","11275553","11275848","46","24060556"
"chr19","35526252","35526415","chr1","40538831","40539000","50","5012579"
"chr19","35874352","35874562","chrX","104754933","104755157","50","68880581"
"chr19","35935402","35935685","chr15","32292880","32293169","31","3642522"
"chr19","36032175","36032338","chr3","142281791","142281954","32","106249616"
"chr19","36136060","36136331","chr10","30305491","30305756","62","5830569"
"chr19","36491164","36491430","chr9","75957982","75958250","43","39466818"
"chr19","36990498","36990796","chr5","35255023","35255326","42","1735475"
"chr19","37315661","37315827","chr18","3423596","3423773","46","33892065"
"chr19","37447946","37448239","chr12","102118093","102118385","44","64670147"
"chr19","37549453","37549727","chr11","63276768","63277040","45","25727315"
"chr19","38368601","38368873","chr13","57833915","57834186","42","19465314"
"chr19","38932943","38933121","chr17","10417993","10418170","31","28514950"
"chr19","38986057","38986367","chr2A","88313580","88313886","47","49327523"
"chr19","39965792","39966081","chr16","61128182","61128474","40","21162390"
"chr19","40149803","40150111","chr7","2677175","2677482","43","37472628"
"chr19","40207216","40207341","chr20","30187879","30188005","26","10019337"
"chr19","40311336","40311628","chr6","28005192","28005485","38","12306144"
"chr19","40924181","40924480","chr3","52301458","52301756","43","11377277"
"chr19","40925277","40925577","chr14","68034868","68035165","44","27109591"
"chr19","41155288","41155588","chr19","39539014","39539317","37","1616274"
"chr19","41925313","41925582","chr13","30085104","30085382","50","11840209"
"chr19","42236169","42236460","chr19","56559327","56559621","40","14323158"
"chr19","42358655","42358953","chr7","62105160","62105453","47","19746505"
"chr19","42473843","42474134","chr5","38415598","38415886","38","4058245"
"chr19","43307865","43307925","chr6","163645349","163645410","17","120337484"
"chr19","43308280","43308460","chr14","69779889","69780074","47","26471609"
"chr19","43555555","43555850","chr4","130744548","130744843","46","87188993"
"chr19","43802105","43802400","chr19","49334612","49334911","48","5532507"
"chr19","44296827","44297096","chr14","72181021","72181295","37","27884194"
"chr19","44312752","44313010","chr9","23277005","23277263","55","21035747"
"chr19","44473971","44474248","chr4","191069928","191070205","36","146595957"
"chr19","44727127","44727422","chr14","92206512","92206803","39","47479385"
"chr19","44891867","44892133","chr19","16328375","16328646","40","28563492"
"chr19","44900813","44900827","chr2A","68366433","68366445","7","23465620"
"chr19","44901121","44901225","chr10","70456925","70457027","41","25555804"
"chr19","44901686","44901776","chr1","181585054","181585148","32","136683368"
"chr19","44919522","44919801","chr3","50819801","50820085","41","5900279"
"chr19","44968810","44968944","chr16","30083290","30083422","32","14885520"
"chr19","45034906","45035202","chr4","130744548","130744843","49","85709642"
"chr19","45048896","45049133","chr14","55035712","55035944","52","9986816"
"chr19","45110006","45110306","chr2A","38946614","38946914","37","6163392"
"chr19","45291478","45291777","chr1","90464356","90464648","49","45172878"
"chr19","45309633","45309922","chr14","92206512","92206803","41","46896879"
"chr19","45359190","45359320","chr2A","43830458","43830588","16","1528732"
"chr19","45917132","45917410","chr1","206481169","206481456","49","160564037"
"chr19","46235896","46236196","chr12","46808474","46808774","44","572578"
"chr19","47304798","47305074","chr19","57951008","57951284","33","10646210"
"chr19","47373814","47374109","chr1","90464356","90464648","36","43090542"
"chr19","47775964","47776273","chr19","49334612","49334911","49","1558648"
"chr19","47998085","47998434","chr3","83170991","83171315","109","35172906"
"chr19","49262782","49262860","chr5","87835047","87835108","24","38572265"
"chr19","49263089","49263294","chr3","32317287","32317480","38","16945802"
"chr19","49564558","49564855","chr6","11275553","11275848","41","38289005"
"chr20","20447150","20447443","chrX","156059528","156059816","53","135612378"
"chr20","113932","114217","chr18","69617285","69617569","38","69503353"
"chr20","263021","263303","chr1","223886121","223886412","55","223623100"
"chr20","938661","938948","chr11","116333106","116333398","38","115394445"
"chr20","1067655","1067960","chr3","48713226","48713518","51","47645571"
"chr20","1744103","1744398","chrX","31351615","31351909","51","29607512"
"chr20","1812945","1813244","chr16","47263741","47264034","38","45450796"
"chr20","3100385","3100681","chr1","150093146","150093446","51","146992761"
"chr20","3621776","3621917","chr12","14524573","14524711","27","10902797"
"chr20","3631297","3631593","chr20","16235301","16235599","44","12604004"
"chr20","3757355","3757652","chr6","143956619","143956920","55","140199264"
"chr20","4368217","4368519","chr10","87216886","87217197","50","82848669"
"chr20","5221564","5221854","chr1","149717322","149717618","47","144495758"
"chr20","6133027","6133321","chr7","117135321","117135615","48","111002294"
"chr20","6221922","6222200","chr19","57951008","57951284","43","51729086"
"chr20","6498238","6498366","chr3","187479703","187479826","25","180981465"
"chr20","6816102","6816394","chr6","136089580","136089876","50","129273478"
"chr20","7648561","7648817","chr1","218835355","218835611","49","211186794"
"chr20","7869313","7869457","chr22","49302200","49302342","24","41432887"
"chr20","8135251","8135536","chr4","17361545","17361832","31","9226294"
"chr20","10488646","10488966","chr5","82662627","82662930","56","72173981"
"chr20","10525316","10525615","chr18","16175515","16175810","41","5650199"
"chr20","10772820","10773118","chr8","80153921","80154217","38","69381101"
"chr20","10791172","10791301","chr22","29798696","29798821","26","19007524"
"chr20","11018102","11018410","chr3","52270391","52270690","52","41252289"
"chr20","11279755","11280060","chr7","34973359","34973658","38","23693604"
"chr20","11298504","11298630","chr1","9261593","9261716","23","2036911"
"chr20","11298823","11299107","chr4","186965755","186966044","65","175666932"
"chr20","11819441","11819721","chr9","133223678","133223953","39","121404237"
"chr20","11832686","11832910","chr17","19092566","19092778","58","7259880"
"chr20","11887110","11887400","chr5","32092808","32093093","50","20205698"
"chr20","12107428","12107724","chr12","38924680","38924977","42","26817252"
"chr20","12173131","12173424","chr1","210819403","210819695","33","198646272"
"chr20","12650153","12650437","chrX","18563406","18563694","48","5913253"
"chr20","12678842","12679113","chr5","103804287","103804549","55","91125445"
"chr20","12781468","12781766","chr3","126460235","126460535","44","113678767"
"chr20","13112072","13112369","chr16","74872733","74873030","48","61760661"
"chr20","13467873","13468164","chr21","18562186","18562478","33","5094313"
"chr20","14165650","14165828","chr16","24612025","24612204","38","10446375"
"chr20","15958451","15958662","chr11","129081819","129082020","41","113123368"
"chr20","17096868","17097041","chr3","10317925","10318097","27","6778943"
"chr20","17285687","17285978","chr5","115052536","115052829","49","97766849"
"chr20","17579301","17579610","chr1","32227429","32227729","40","14648128"
"chr20","17752281","17752446","chr7","39514104","39514266","33","21761823"
"chr20","17830705","17830995","chr22","27505948","27506238","50","9675243"
"chr20","18171049","18171353","chr1","180340430","180340740","55","162169381"
"chr20","19366848","19367054","chr4","108243728","108243958","45","88876880"
"chr20","20702338","20702565","chr18","22463547","22463781","49","1761209"
"chr20","20865007","20865308","chr15","73054135","73054430","43","52189128"
"chr20","21236411","21236669","chrX","41513115","41513367","61","20276704"
"chr20","21612844","21613195","chr8","22975001","22975312","92","1362157"
"chr20","21655923","21656220","chr21","18562186","18562478","41","3093737"
"chr20","21824900","21825215","chr5","158858343","158858633","60","137033443"
"chr20","21834767","21835042","chr13","98301398","98301679","52","76466631"
"chr20","21836122","21836416","chr22","37981919","37982206","50","16145797"
"chr20","21951146","21951448","chr5","14408087","14408392","46","7543059"
"chr20","22023243","22023536","chr1","207543345","207543637","38","185520102"
"chr20","22086193","22086506","chr6","37891072","37891383","42","15804879"
"chr20","22189884","22190182","chr1","36327041","36327337","37","14137157"
"chr20","22661644","22661823","chr5","51215133","51215323","42","28553489"
"chr20","22871398","22871508","chr18","7435276","7435389","33","15436122"
"chr20","23100874","23101154","chr11","124326351","124326639","53","101225477"
"chr20","23363231","23363516","chr14","92206512","92206803","46","68843281"
"chr20","23743494","23743799","chr22","35173076","35173384","40","11429582"
"chr20","23834838","23835041","chrX","24058638","24058836","38","223800"
"chr20","24267431","24267716","chr16","70814677","70814964","58","46547246"
"chr20","24868017","24868296","chr1","191033220","191033497","47","166165203"
"chr20","25229259","25229557","chr10","68350095","68350392","45","43120836"
"chr20","26211032","26211294","chrX","24719705","24719975","54","1491327"
"chr20","26736787","26737085","chr19","48820002","48820297","46","22083215"
"chr20","27938987","27939277","chr11","116937561","116937852","36","88998574"
"chr20","27944604","27944792","chr14","59100011","59100197","36","31155407"
"chr20","28041019","28041319","chr16","80421143","80421441","36","52380124"
"chr20","28207795","28208087","chr17","43703810","43704100","39","15496015"
"chr20","28242966","28243181","chr1","212769688","212769915","51","184526722"
"chr20","28582879","28583165","chr1","90464356","90464648","37","61881477"
"chr20","28852364","28852433","chr6","34647611","34647678","11","5795247"
"chr20","29020540","29020832","chr5","105387831","105388119","40","76367291"
"chr20","29070651","29070987","chr4","43701220","43701525","99","14630569"
"chr20","29246652","29246922","chr10","67957106","67957373","45","38710454"
"chr20","29348004","29348299","chr1","90464356","90464648","46","61116352"
"chr20","29394137","29394389","chr10","26658224","26658474","58","2735913"
"chr20","29476347","29476628","chr2B","132755236","132755532","50","103278889"
"chr20","30315764","30316050","chrX","51142524","51142811","39","20826760"
"chr20","30386461","30386776","chr5","155708377","155708680","54","125321916"
"chr20","31183285","31183584","chr8","143690815","143691111","47","112507530"
"chr20","31595804","31596106","chr3","152512400","152512696","40","120916596"
"chr20","31732340","31732648","chr2A","31719515","31719817","45","12825"
"chr20","32171188","32171404","chr15","72086212","72086428","34","39915024"
"chr20","32564409","32564718","chr2A","55541556","55541863","51","22977147"
"chr20","32874212","32874496","chr4","91952825","91953108","39","59078613"
"chr20","33118789","33118994","chr11","129081819","129082020","34","95963030"
"chr20","33133206","33133497","chr1","129985985","129986269","47","96852779"
"chr20","35282163","35282418","chr3","136125494","136125756","47","100843331"
"chr20","35308890","35309021","chrX","138846609","138846742","38","103537719"
"chr20","35311431","35311745","chr15","76458302","76458610","40","41146871"
"chr20","36604263","36604570","chr6","20985201","20985506","48","15619062"
"chr20","37156588","37156855","chr14","64516117","64516391","47","27359529"
"chr20","39288181","39288414","chr21","3975361","3975559","63","35312820"
"chr20","39371900","39372126","chrX","40854765","40854989","33","1482865"
"chr20","40864322","40864615","chr10","17639192","17639486","34","23225130"
"chr20","41012740","41013032","chr15","67071135","67071428","36","26058395"
"chr20","41909493","41909665","chr17","2550193","2550372","27","39359300"
"chr20","41910636","41910770","chr18","36103602","36103733","17","5807034"
"chr20","42273975","42274264","chr11","33177876","33178165","42","9096099"
"chr20","42319583","42319871","chr5","38415598","38415886","41","3903985"
"chr20","43918432","43918742","chr1","90464356","90464648","66","46545924"
"chr20","44042535","44042661","chr9","93715360","93715484","37","49672825"
"chr20","44331476","44331691","chr2B","206202971","206203181","35","161871495"
"chr21","101192","101494","chr3","166050398","166050694","47","165949206"
"chr21","1657182","1657422","chr11","14011422","14011673","53","12354240"
"chr21","2263890","2264195","chr1","190343807","190344109","54","188079917"
"chr21","2928742","2928775","chr6","134130801","134130839","14","131202059"
"chr21","2928776","2928903","chr4","59622645","59622772","45","56693869"
"chr21","5157817","5158105","chrX","47072474","47072765","43","41914657"
"chr21","6388369","6388679","chr1","215944716","215945016","79","209556347"
"chr21","6972954","6973248","chr15","73151821","73152120","55","66178867"
"chr21","7399578","7399700","chr3","114686926","114687041","28","107287348"
"chr21","8304960","8305099","chr9","71585376","71585513","25","63280416"
"chr21","11316765","11317003","chr3","84035177","84035405","34","72718412"
"chr21","11773841","11774104","chr16","17671947","17672206","46","5898106"
"chr21","11951375","11951673","chr3","171746439","171746740","52","159795064"
"chr21","12145593","12145898","chrX","119005425","119005728","64","106859832"
"chr21","13117743","13118002","chr15","72105209","72105463","50","58987466"
"chr21","13672919","13673223","chr12","111816642","111816949","47","98143723"
"chr21","14233291","14233517","chr1","214359118","214359342","39","200125827"
"chr21","14460641","14460917","chr3","133115223","133115500","47","118654582"
"chr21","14902655","14902964","chr1","216020352","216020662","45","201117697"
"chr21","15712831","15713127","chrX","97649878","97650177","39","81937047"
"chr21","16548227","16548525","chr6","136089580","136089876","42","119541353"
"chr21","19809278","19809578","chr13","46644926","46645222","59","26835648"
"chr21","19932982","19933309","chr9","73476039","73476358","58","53543057"
"chr21","20511769","20512074","chr1","28888015","28888307","50","8376246"
"chr21","21963981","21964259","chr21","3731472","3731753","48","18232509"
"chr21","22112853","22112959","chr19","50278494","50278593","25","28165641"
"chr21","22152856","22153148","chr4","17361545","17361832","44","4791311"
"chr21","22520915","22521211","chr9","85559729","85560017","49","63038814"
"chr21","23028337","23028608","chr19","57951008","57951284","50","34922671"
"chr21","24151238","24151538","chr8","126312981","126313276","44","102161743"
"chr21","24803659","24803944","chr2B","139805769","139806054","51","115002110"
"chr21","25177763","25178064","chr2B","168132695","168132998","38","142954932"
"chr21","25600982","25601044","chr22","29958739","29958808","15","4357757"
"chr21","26427706","26427747","chrX","127164920","127164963","7","100737214"
"chr21","27588930","27589115","chr8","26529858","26530040","31","1059072"
"chr21","29552450","29552745","chr9","6637652","6637944","50","22914798"
"chr21","30053194","30053504","chr7","101420276","101420586","42","71367082"
"chr21","30196099","30196393","chr7","44392726","44393021","41","14196627"
"chr21","32277318","32277605","chr21","18562186","18562478","48","13715132"
"chr21","32615301","32615614","chr5","50356775","50357080","64","17741474"
"chr21","32950640","32950932","chr3","176379052","176379346","48","143428412"
"chr21","33011956","33012218","chr4","140204117","140204389","52","107192161"
"chr21","33435916","33436181","chr8","143388168","143388433","55","109952252"
"chr21","33473530","33473830","chr6","20985201","20985506","42","12488329"
"chr21","33934064","33934356","chr5","115052536","115052829","38","81118472"
"chr21","34083686","34083993","chr9","70132690","70132992","53","36049004"
"chr21","34797533","34797810","chr17","61518256","61518544","48","26720723"
"chr21","35376943","35377238","chr6","36405661","36405955","46","1028718"
"chr21","35424677","35424964","chr4","17361545","17361832","34","18063132"
"chr21","35494372","35494678","chr1","27194575","27194882","42","8299797"
"chr21","35498653","35498949","chr11","116542994","116543303","45","81044341"
"chr21","35533106","35533319","chr4","112217942","112218153","37","76684836"
"chr21","35771447","35771617","chr15","39249488","39249669","36","3478041"
"chr21","35854907","35855217","chr4","74681715","74682017","38","38826808"
"chr21","35955665","35955945","chr19","52848352","52848634","54","16892687"
"chr21","35985703","35985921","chr19","14190375","14190597","34","21795328"
"chr21","35986277","35986361","chr1","190335891","190335972","25","154349614"
"chr21","36252345","36252636","chrX","47072474","47072765","36","10820129"
"chr21","36493653","36493931","chr7","141870320","141870598","38","105376667"
"chr21","36503891","36504197","chr11","116542994","116543303","39","80039103"
"chr21","36676005","36676292","chr3","188474936","188475232","56","151798931"
"chr21","37011300","37011501","chr3","48879451","48879650","33","11868151"
"chr21","37458068","37458364","chr14","73016224","73016527","51","35558156"
"chr21","37627347","37627641","chr2B","206972782","206973081","36","169345435"
"chr21","37845129","37845398","chr20","32244074","32244342","43","5601055"
"chr21","37960599","37960892","chr10","121445116","121445403","51","83484517"
"chr21","37962364","37962657","chr10","121445116","121445403","48","83482752"
"chr21","40091214","40091416","chr17","48000037","48000235","36","7908823"
"chr21","40364793","40364988","chr3","32317287","32317480","35","8047506"
"chr21","40992915","40993216","chr8","22594332","22594625","38","18398583"
"chr21","41157571","41157878","chr1","35788128","35788434","44","5369443"
"chr21","41969823","41970099","chr4","91952825","91953108","39","49983002"
"chr21","42875630","42875926","chr14","34129106","34129400","35","8746524"
"chr21","43256439","43256614","chr2B","180695555","180695727","32","137439116"
"chr21","43429036","43429330","chr14","92206512","92206803","42","48777476"
"chr21","43568674","43568971","chr8","143690815","143691111","32","100122141"
"chr21","45417493","45417798","chr6","20985201","20985506","43","24432292"
"chr21","45567124","45567363","chrX","132750088","132750344","60","87182964"
"chr21","46780706","46781002","chr1","150093146","150093446","37","103312440"
"chr21","46950227","46950520","chr1","90464356","90464648","44","43514129"
"chr21","47473782","47474062","chr6","47155332","47155614","39","318450"
"chr21","47617153","47617436","chr13","26765678","26765966","44","20851475"
"chr21","47699522","47699758","chr2A","63231131","63231358","45","15531609"
"chr21","47986108","47986388","chr5","38415598","38415886","43","9570510"
"chr21","47995759","47996061","chr7","39877498","39877803","49","8118261"
"chr21","49109429","49109684","chr5","104243279","104243540","50","55133850"
"chr21","50056269","50056576","chr4","2251486","2251791","51","47804783"
"chr22","31194940","31195244","chr2A","8665170","8665474","45","22529770"
"chr22","506779","507071","chr6","159996973","159997263","37","159490194"
"chr22","587873","588155","chr4","186965755","186966044","85","186377882"
"chr22","833895","834038","chr2A","75175041","75175184","24","74341146"
"chr22","902630","902917","chr16","69802389","69802675","39","68899759"
"chr22","934198","934472","chr19","56253266","56253547","61","55319068"
"chr22","1162001","1162301","chr5","78767207","78767504","43","77605206"
"chr22","1277113","1277411","chr14","34129106","34129400","47","32851993"
"chr22","1396016","1396083","chr22","29958739","29958808","12","28562723"
"chr22","1906880","1907054","chr20","42305227","42305401","30","40398347"
"chr22","2434133","2434428","chr12","32917166","32917461","39","30483033"
"chr22","2446745","2446930","chr16","24612025","24612204","39","22165280"
"chr22","2675245","2675455","chr2B","206202971","206203181","32","203527726"
"chr22","3046938","3047079","chr1","62239291","62239426","20","59192353"
"chr22","3682277","3682572","chr2B","206972782","206973081","56","203290505"
"chr22","3756569","3756859","chr16","58443725","58444020","51","54687156"
"chr22","4057163","4057414","chr16","57148744","57149007","51","53091581"
"chr22","4152470","4152750","chr18","19458353","19458638","42","15305883"
"chr22","4349066","4349165","chr12","39211337","39211446","29","34862271"
"chr22","4390942","4391191","chr5","104243279","104243540","73","99852337"
"chr22","4396390","4396664","chr17","43703810","43704100","66","39307420"
"chr22","4421650","4421834","chr1","44080482","44080677","51","39658832"
"chr22","4498382","4498623","chr17","10119467","10119702","44","5621085"
"chr22","4498738","4498946","chr19","10688476","10688689","36","6189738"
"chr22","4511557","4511679","chr22","29798696","29798821","18","25287139"
"chr22","4519199","4519480","chr6","70644212","70644492","50","66125013"
"chr22","4625660","4625968","chr9","119900194","119900502","44","115274534"
"chr22","4626683","4626961","chr5","103449307","103449595","49","98822624"
"chr22","5045388","5045546","chr1","6601296","6601459","32","1555908"
"chr22","5236971","5237236","chr1","191834025","191834293","40","186597054"
"chr22","5387242","5387499","chr15","72105209","72105463","37","66717967"
"chr22","5399023","5399285","chr3","136125494","136125756","42","130726471"
"chr22","5418889","5419089","chr4","31238060","31238274","55","25819171"
"chr22","5486192","5486334","chr22","49302200","49302342","25","43816008"
"chr22","5755648","5755947","chr7","34973359","34973658","45","29217711"
"chr22","5863818","5864118","chr4","14586201","14586501","50","8722383"
"chr22","5868539","5868648","chr18","3000001","3000114","20","2868538"
"chr22","5887030","5887149","chr3","159663151","159663265","21","153776121"
"chr22","6121790","6122057","chr7","66888551","66888816","48","60766761"
"chr22","6166741","6166906","chr8","115089967","115090132","47","108923226"
"chr22","6408599","6408723","chr2A","43830458","43830588","22","37421859"
"chr22","6451914","6452223","chr12","94740028","94740335","33","88288114"
"chr22","6718052","6718306","chr15","72105209","72105463","36","65387157"
"chr22","7041945","7042146","chr6","131563292","131563496","40","124521347"
"chr22","7155807","7156051","chr9","23277005","23277263","54","16121198"
"chr22","7674019","7674339","chr1","85673689","85673996","63","77999670"
"chr22","7675803","7676102","chr7","72155514","72155803","41","64479711"
"chr22","7835945","7836131","chr3","50806237","50806413","47","42970292"
"chr22","7840043","7840340","chr3","52270391","52270690","39","44430348"
"chr22","7852882","7853158","chrX","106485351","106485634","45","98632469"
"chr22","7888504","7888824","chr12","8100508","8100811","52","212004"
"chr22","8036889","8037170","chr2A","74158428","74158704","46","66121539"
"chr22","8273434","8273735","chr16","74872733","74873030","43","66599299"
"chr22","8406219","8406511","chr2A","44952766","44953054","43","36546547"
"chr22","8955969","8956257","chr4","177924260","177924549","59","168968291"
"chr22","8990131","8990333","chr15","72086212","72086428","43","63096081"
"chr22","9077337","9077488","chr21","25360010","25360151","42","16282673"
"chr22","9084500","9084569","chr22","29958739","29958808","15","20874239"
"chr22","9133641","9133761","chr1","195079114","195079244","36","185945473"
"chr22","9173922","9174212","chr17","74840597","74840886","55","65666675"
"chr22","9309521","9309802","chr16","83113783","83114061","42","73804262"
"chr22","9669616","9669872","chr6","96267920","96268191","62","86598304"
"chr22","9669875","9670168","chr12","6343560","6343852","40","3326315"
"chr22","9674716","9675013","chr1","29453324","29453626","45","19778608"
"chr22","9766258","9766484","chr1","179087222","179087443","37","169320964"
"chr22","9942627","9942789","chr22","20106335","20106490","34","10163708"
"chr22","10066543","10066651","chr6","118815427","118815541","21","108748884"
"chr22","10175170","10175433","chr3","50081559","50081841","65","39906389"
"chr22","10250468","10250575","chr3","32078370","32078494","27","21827902"
"chr22","10259223","10259475","chr3","137956330","137956572","41","127697107"
"chr22","10334104","10334407","chr5","45979461","45979763","46","35645357"
"chr22","10378393","10378514","chr3","32078370","32078494","22","21699977"
"chr22","10396865","10397141","chr2B","156771987","156772260","55","146375122"
"chr22","10554867","10555162","chr9","129897810","129898105","53","119342943"
"chr22","10612337","10612387","chrX","258179","258236","12","10354158"
"chr22","10664034","10664268","chr12","112416355","112416598","37","101752321"
"chr22","10836879","10837042","chr6","109013841","109013997","42","98176962"
"chr22","10904439","10904507","chr22","29958739","29958808","13","19054300"
"chr22","11271614","11271663","chr19","13166004","13166052","11","1894390"
"chr22","11415966","11416242","chr1","12807216","12807493","49","1391250"
"chr22","11467096","11467146","chr16","62229481","62229535","13","50762385"
"chr22","11621913","11622037","chr3","32078370","32078494","21","20456457"
"chr22","11883247","11883383","chr1","34789695","34789827","21","22906448"
"chr22","11883384","11883665","chrX","139629908","139630185","41","127746524"
"chr22","11917426","11917740","chr8","99281427","99281735","44","87364001"
"chr22","11958548","11958863","chr6","37891072","37891383","57","25932524"
"chr22","12117679","12117974","chrX","47072474","47072765","43","34954795"
"chr22","12299782","12300080","chrX","119905374","119905665","45","107605592"
"chr22","12540751","12540875","chr2A","43830458","43830588","24","31289707"
"chr22","12891215","12891512","chr9","70132690","70132992","39","57241475"
"chr22","12979073","12979379","chr4","53929597","53929900","41","40950524"
"chr22","13175446","13175728","chr1","180728670","180728958","39","167553224"
"chr22","13262778","13262910","chr17","62787582","62787713","28","49524804"
"chr22","13576259","13576510","chr15","72105209","72105463","47","58528950"
"chr22","13940984","13941206","chr2A","109301963","109302186","66","95360979"
"chr22","13945657","13945946","chr1","210819403","210819695","49","196873746"
"chr22","14308695","14308970","chr13","82012490","82012778","66","67703795"
"chr22","14331286","14331445","chr3","33353665","33353826","34","19022379"
"chr22","14453639","14453941","chrX","97649878","97650177","44","83196239"
"chr22","14492880","14493146","chr3","50081559","50081841","61","35588679"
"chr22","14538796","14539002","chr6","131563292","131563496","34","117024496"
"chr22","14591255","14591545","chr14","92206512","92206803","39","77615257"
"chr22","14784299","14784425","chr3","32078370","32078494","21","17294071"
"chr22","15163797","15164043","chr7","155725579","155725837","85","140561782"
"chr22","15251837","15252028","chr10","125113219","125113408","36","109861382"
"chr22","15263919","15264195","chr16","9051048","9051327","65","6212871"
"chr22","15463416","15463586","chr5","90913999","90914167","30","75450583"
"chr22","15485992","15486208","chr3","126776223","126776438","29","111290231"
"chr22","16215129","16215434","chrX","97649878","97650177","46","81434749"
"chr22","16221734","16222003","chr12","96451100","96451368","43","80229366"
"chr22","16229229","16229384","chr1","6601296","6601459","32","9627933"
"chr22","16332745","16332945","chr17","48000037","48000235","35","31667292"
"chr22","16368182","16368469","chr1","90464356","90464648","43","74096174"
"chr22","16428565","16428855","chr20","3696292","3696588","55","12732273"
"chr22","16580795","16581030","chr7","158596053","158596294","46","142015258"
"chr22","16666134","16666423","chr19","41504865","41505155","42","24838731"
"chr22","16777658","16777968","chrX","40740697","40740999","41","23963039"
"chr22","16948413","16948713","chrX","24031038","24031342","41","7082625"
"chr22","17159194","17159498","chr9","17417473","17417781","68","258279"
"chr22","17183700","17183994","chr10","98717143","98717438","45","81533443"
"chr22","17840736","17840925","chr7","72579677","72579859","39","54738941"
"chr22","18007682","18007987","chr1","208616593","208616900","44","190608911"
"chr22","18130582","18130878","chr6","139450017","139450312","27","121319435"
"chr22","18745743","18746030","chr4","160361532","160361799","56","141615789"
"chr22","18807468","18807767","chr3","126460235","126460535","40","107652767"
"chr22","18916954","18917262","chr14","92206512","92206803","54","73289558"
"chr22","19119289","19119573","chr5","49783511","49783799","57","30664222"
"chr22","19167721","19167847","chr13","113052924","113053040","26","93885203"
"chr22","19550320","19550610","chr5","103449307","103449595","49","83898987"
"chr22","19627470","19627777","chrX","69928922","69929226","29","50301452"
"chr22","19643163","19643427","chr1","12807216","12807493","58","6835947"
"chr22","19753125","19753424","chr1","15898335","15898636","48","3854790"
"chr22","19868268","19868464","chr15","72086212","72086428","54","52217944"
"chr22","19869308","19869514","chr15","72086212","72086428","47","52216904"
"chr22","19943297","19943592","chr1","94943673","94943972","61","75000376"
"chr22","19979124","19979425","chr14","74283874","74284179","63","54304750"
"chr22","20028753","20028956","chr15","72086212","72086428","40","52057459"
"chr22","20173474","20173670","chr15","72086212","72086428","54","51912738"
"chr22","20175614","20175819","chr3","13640114","13640310","54","6535500"
"chr22","20181188","20181306","chr16","46166147","46166273","31","25984959"
"chr22","20316959","20317241","chr8","15168285","15168567","44","5148674"
"chr22","20374785","20375075","chrX","96380638","96380930","43","76005853"
"chr22","20426120","20426295","chr9","37106848","37107021","35","16680728"
"chr22","20432011","20432213","chr9","31630832","31631026","36","11198821"
"chr22","20482835","20482958","chr3","32078370","32078494","20","11595535"
"chr22","21145308","21145442","chr2A","99808200","99808333","27","78662892"
"chr22","21307707","21307996","chr22","37981919","37982206","60","16674212"
"chr22","21389702","21389993","chr7","72155514","72155803","51","50765812"
"chr22","21393887","21393934","chr10","93063371","93063418","13","71669484"
"chr22","21394376","21394450","chr3","52845742","52845801","30","31451366"
"chr22","21564107","21564386","chr15","28850041","28850326","45","7285934"
"chr22","21568099","21568380","chr4","110414976","110415258","57","88846877"
"chr22","21626214","21626492","chr5","38415598","38415886","61","16789384"
"chr22","23542155","23542421","chr19","4715075","4715340","33","18827080"
"chr22","23921362","23921649","chr9","75989435","75989727","40","52068073"
"chr22","23921652","23921953","chr12","45252016","45252318","45","21330364"
"chr22","24226985","24227193","chr3","126776223","126776438","35","102549238"
"chr22","24539076","24539373","chr19","14001764","14002062","44","10537312"
"chr22","24989401","24989696","chr16","28492413","28492722","52","3503012"
"chr22","25299543","25299678","chr1","26508865","26509003","36","1209322"
"chr22","25445613","25445921","chr1","54063919","54064217","48","28618306"
"chr22","26173121","26173286","chr19","47927698","47927861","26","21754577"
"chr22","27085494","27085767","chr1","50761467","50761753","57","23675973"
"chr22","27134853","27135187","chr4","106761519","106761832","85","79626666"
"chr22","27452508","27452812","chr6","20985201","20985506","37","6467307"
"chr22","27458198","27458472","chr7","109300892","109301171","50","81842694"
"chr22","27526879","27527109","chr3","53568365","53568594","44","26041486"
"chr22","27576736","27577027","chr3","17771555","17771852","46","9805181"
"chr22","27872272","27872480","chr5","102439665","102439875","32","74567393"
"chr22","28417220","28417522","chr18","73107429","73107730","39","44690209"
"chr22","28435787","28435946","chr2B","180695555","180695727","42","152259768"
"chr22","28483489","28483767","chr1","12807216","12807493","47","15676273"
"chr22","28506276","28506566","chr1","222916309","222916594","46","194410033"
"chr22","28625612","28625746","chr9","33020192","33020329","30","4394580"
"chr22","28626090","28626278","chr1","134128127","134128309","36","105502037"
"chr22","28673671","28673979","chr19","39539014","39539317","29","10865343"
"chr22","28732698","28732942","chr1","157165222","157165466","39","128432524"
"chr22","28748372","28748494","chr17","36831251","36831365","29","8082879"
"chr22","28824935","28825116","chr7","140992772","140992939","52","112167837"
"chr22","29069752","29070045","chr7","44392726","44393021","51","15322974"
"chr22","29488802","29488917","chr3","159663151","159663265","19","130174349"
"chr22","29587454","29587521","chr1","106968302","106968373","16","77380848"
"chr22","29616623","29616723","chr21","18904416","18904514","16","10712207"
"chr22","29657900","29658193","chr6","32195163","32195460","42","2537263"
"chr22","29687592","29687886","chr7","72155514","72155803","51","42467922"
"chr22","29874499","29874785","chr4","42227408","42227692","40","12352909"
"chr22","29945566","29945847","chr1","180728670","180728958","54","150783104"
"chr22","30070104","30070383","chr14","92206512","92206803","55","62136408"
"chr22","30223405","30223695","chr14","92206512","92206803","36","61983107"
"chr22","30249528","30249656","chr2A","43830458","43830588","22","13580930"
"chr22","30348528","30348650","chr17","37000001","37000121","18","6651473"
"chr22","30405649","30405943","chr12","56466235","56466531","38","26060586"
"chr22","30486144","30486426","chr6","39398582","39398853","67","8912438"
"chr22","30677030","30677340","chr12","50006156","50006458","40","19329126"
"chr22","30729099","30729375","chr18","19225045","19225329","51","11504054"
"chr22","30802617","30802908","chr2A","96734733","96735024","39","65932116"
"chr22","30816718","30816986","chr3","148432007","148432285","53","117615289"
"chr22","31013517","31013805","chr15","32292880","32293169","40","1279363"
"chr22","31044245","31044357","chr19","50278494","50278593","29","19234249"
"chr22","31044620","31044817","chr9","31630832","31631026","34","586212"
"chr22","31275385","31275686","chr2A","47454388","47454687","37","16179003"
"chr22","31636963","31637256","chr11","44623850","44624147","43","12986887"
"chr22","31733432","31733725","chr4","112038512","112038802","41","80305080"
"chr22","31904760","31904910","chr6","10429234","10429373","30","21475526"
"chr22","31941997","31942029","chr1","18921645","18921690","14","13020352"
"chr22","32209300","32209518","chr19","11630445","11630668","79","20578855"
"chr22","32365617","32365904","chr1","227035851","227036134","32","194670234"
"chr22","32621698","32621897","chr22","28784821","28785017","37","3836877"
"chr22","33446609","33446911","chr19","45193562","45193857","42","11746953"
"chr22","33447199","33447489","chr10","121445116","121445403","37","87997917"
"chr22","33726658","33726730","chr17","76386390","76386457","29","42659732"
"chr22","33727553","33727764","chr17","75312652","75312866","43","41585099"
"chr22","33806732","33807003","chr11","34987367","34987645","44","1180635"
"chr22","34164855","34165138","chr6","54467538","54467828","43","20302683"
"chr22","34180821","34181111","chr4","73223213","73223502","50","39042392"
"chr22","34396054","34396363","chrX","69928922","69929226","42","35532868"
"chr22","35296742","35297033","chr19","47403193","47403482","42","12106451"
"chr22","35475451","35475759","chr17","61352347","61352656","38","25876896"
"chr22","35726530","35726812","chr14","92206512","92206803","53","56479982"
"chr22","35850730","35850989","chr4","130063803","130064062","38","94213073"
"chr22","36034618","36034913","chr14","34129106","34129400","58","1905512"
"chr22","37088568","37088783","chr5","140994392","140994613","47","103905824"
"chr22","37269355","37269548","chr4","158655729","158655906","49","121386374"
"chr22","37298445","37298663","chr5","102439665","102439875","25","65141220"
"chr22","37356427","37356716","chr13","98398645","98398941","49","61042218"
"chr22","37470648","37470937","chrX","143119361","143119658","36","105648713"
"chr22","37591185","37591489","chr4","43701220","43701525","47","6110035"
"chr22","37751099","37751260","chr22","20106335","20106490","30","17644764"
"chr22","38207840","38208155","chr1","216020352","216020662","50","177812512"
"chr22","38230778","38231081","chr12","110831621","110831922","41","72600843"
"chr22","38478335","38478623","chr12","71787117","71787412","45","33308782"
"chr22","38528282","38528575","chr7","44392726","44393021","36","5864444"
"chr22","38802031","38802331","chr17","43703810","43704100","44","4901779"
"chr22","39571208","39571437","chr18","66093556","66093779","35","26522348"
"chr22","39935597","39935899","chr17","67267299","67267597","37","27331702"
"chr22","40273768","40273902","chr1","9261593","9261716","46","31012175"
"chr22","40494345","40494648","chr10","58330589","58330897","42","17836244"
"chr22","40694569","40694842","chr18","20916001","20916283","56","19778568"
"chr22","41005131","41005270","chr1","9878297","9878434","23","31126834"
"chr22","41005581","41005633","chrY","21346604","21346648","24","19658977"
"chr22","41036424","41036682","chr6","110254889","110255149","67","69218465"
"chr22","41390320","41390629","chr1","37146816","37147110","49","4243504"
"chr22","41427417","41427725","chr11","131162240","131162541","47","89734823"
"chr22","41737594","41737784","chr6","15351098","15351283","35","26386496"
"chr22","41787597","41787897","chr7","44392726","44393021","41","2605129"
"chr22","41853193","41853406","chr4","112217942","112218153","31","70364749"
"chr22","42060270","42060576","chr1","180340430","180340740","36","138280160"
"chr22","42156924","42157197","chr12","6343560","6343852","52","35813364"
"chr22","42182362","42182670","chr3","47245689","47245995","54","5063327"
"chr22","42447464","42447554","chr10","70456925","70457027","25","28009461"
"chr22","42582421","42582542","chr19","55677260","55677386","20","13094839"
"chr22","43850329","43850611","chr1","29001658","29001946","55","14848671"
"chr22","44019643","44019773","chr10","63825169","63825301","26","19805526"
"chr22","44030670","44030844","chr10","67999828","68000000","52","23969158"
"chr22","44131047","44131220","chr19","58246820","58246993","35","14115773"
"chr22","44237261","44237413","chr22","49302200","49302342","37","5064939"
"chr22","44359242","44359300","chr3","123826661","123826713","14","79467419"
"chr22","44375149","44375341","chr18","1515558","1515740","46","42859591"
"chr22","44736297","44736598","chr16","74872733","74873030","47","30136436"
"chr22","44920213","44920377","chr9","34117341","34117522","46","10802872"
"chr22","45052016","45052275","chr9","70629851","70630123","59","25577835"
"chr22","45167281","45167578","chr9","94096405","94096705","43","48929124"
"chr22","45337767","45337818","chr10","93063371","93063418","12","47725604"
"chr22","45338611","45338702","chr8","64902589","64902670","18","19563978"
"chr22","45354603","45354881","chr14","66534414","66534697","45","21179811"
"chr22","45455034","45455070","chr1","18921645","18921690","14","26533389"
"chr22","45902335","45902564","chr9","114498377","114498623","64","68596042"
"chr22","45969216","45969381","chr1","32649535","32649701","32","13319681"
"chr22","46035694","46036000","chr12","102118093","102118385","45","56082399"
"chr22","46239090","46239348","chr12","33560154","33560407","73","12678936"
"chr22","47298225","47298489","chr6","39398582","39398853","53","7899643"
"chr22","47357460","47357722","chr3","83942367","83942647","64","36584907"
"chr22","47717726","47718011","chr3","50403746","50404011","68","2686020"
"chr22","47730329","47730636","chrX","69928922","69929226","40","22198593"
"chr22","48313310","48313605","chr3","37984920","37985225","61","10328390"
"chr22","48361328","48361505","chr5","90913999","90914167","40","42552671"
"chr22","48406243","48406492","chr9","127655467","127655724","50","79249224"
"chr22","48431936","48432219","chr20","7162578","7162870","43","41269358"
"chr22","48456798","48457038","chr1","29091390","29091635","64","19365408"
"chr22","48594552","48594724","chr3","33353665","33353826","42","15240887"
"chr22","48595850","48595986","chr12","14524573","14524711","39","34071277"
"chr22","48606932","48607211","chr2B","242630921","242631213","63","194023989"
"chr22","48665831","48666059","chr15","61939803","61940033","42","13273972"
"chr22","48756396","48756701","chr8","79332534","79332826","53","30576138"
"chr22","48890157","48890460","chr1","133957960","133958268","44","85067803"
"chr22","48922833","48922942","chr18","7435276","7435389","25","41487557"
"chr22","48968863","48969102","chr7","4279811","4280053","64","44689052"
"chr22","48980963","48981105","chr6","29894367","29894502","43","19086596"
"chrUn_GL286208","88676","88958","chr17","38404702","38404990","59","38316026"
"chrUn_GL286214","33219","33505","chrX","47072474","47072765","61","47039255"
"chrUn_GL286215","42391","42697","chr4","172092029","172092326","55","172049638"
"chrUn_GL286215","87441","87751","chr6","55587523","55587822","49","55500082"
"chrUn_GL286215","100546","100854","chr1","180340430","180340740","35","180239884"
"chrUn_GL286220","27096","27379","chr6","76950288","76950580","49","76923192"
"chrUn_GL286226","69961","70238","chr17","19622889","19623167","44","19552928"
"chrUn_GL286227","52987","53155","chr6","109013841","109013997","46","108960854"
"chrUn_GL286229","106897","107227","chr11","113090500","113090810","84","112983603"
"chrUn_GL286239","50281","50413","chr17","62787582","62787713","24","62737301"
"chrUn_GL286239","51352","51530","chr1","192173844","192174018","35","192122492"
"chrUn_GL286258","43572","43871","chr7","107355215","107355517","54","107311643"
"chrUn_GL286264","216","534","chr20","54317503","54317813","64","54317287"
"chrUn_GL286264","1333","1617","chr15","28850041","28850326","45","28848708"
"chrUn_GL286277","15482","15749","chr17","45439065","45439331","67","45423583"
"chrUn_GL286278","39165","39444","chr6","76950288","76950580","55","76911123"
"chrUn_GL286281","16284","16591","chr19","18615156","18615463","49","18598872"
"chrUn_GL286286","8616","8907","chrX","45140115","45140406","51","45131499"
"chrUn_GL286293","29487","29662","chr6","74245254","74245425","43","74215767"
"chrUn_GL286293","29719","29787","chr7","64981904","64981973","16","64952185"
"chrUn_GL286315","20536","20823","chr1","129985985","129986269","42","129965449"
"chrUn_GL286316","16844","17143","chr1","150093146","150093446","62","150076302"
"chrUn_GL286319","26411","26519","chr1","62157268","62157376","32","62130857"
"chrUn_GL286326","23318","23499","chr6","74245254","74245425","40","74221936"
"chrUn_GL286332","4364","4552","chr7","54030537","54030725","28","54026173"
"chrUn_GL286336","1747","1889","chr17","15421459","15421608","32","15419712"
"chrUn_GL286341","3139","3443","chrX","97649878","97650177","52","97646739"
"chrUn_GL286343","10129","10434","chr11","60860905","60861205","47","60850776"
"chrUn_GL286366","9529","9817","chr5","105387831","105388119","63","105378302"
"chrUn_GL286369","17352","17686","chr12","110791901","110792207","91","110774549"
"chrUn_GL286373","88290","88418","chr22","29798696","29798821","22","29710406"
"chrUn_GL286373","413737","413972","chr12","7976073","7976306","36","7562336"
"chrUn_GL286373","532200","532500","chrX","31351615","31351909","52","30819415"
"chrUn_GL286373","574220","574507","chr1","180728670","180728958","47","180154450"
"chrUn_GL286373","670234","670504","chr3","50819801","50820085","47","50149567"
"chrUn_GL286373","686782","686944","chr1","32649535","32649701","35","31962753"
"chrUn_GL286373","687692","687755","chr1","54893947","54894016","24","54206255"
"chrUn_GL286373","687757","687991","chrX","103498743","103498976","53","102810986"
"chrUn_GL286373","706424","706506","chr11","57318183","57318251","26","56611759"
"chrUn_GL286373","734197","734499","chr1","219997735","219998042","42","219263538"
"chrUn_GL286373","805160","805456","chrX","47072474","47072765","36","46267314"
"chrUn_GL286373","1092736","1092945","chr14","69525822","69526030","28","68433086"
"chrUn_GL286373","1391065","1391367","chr14","92206512","92206803","49","90815447"
"chrUn_GL286373","1573166","1573414","chr4","28105543","28105795","40","26532377"
"chrUn_GL286373","1649743","1650026","chr14","102247758","102248052","37","100598015"
"chrUn_GL286373","1689162","1689465","chr8","52541202","52541509","42","50852040"
"chrUn_GL286373","1760940","1761236","chr19","14001764","14002062","36","12240824"
"chrUn_GL286373","1780972","1781273","chr2B","167404741","167405042","43","165623769"
"chrUn_GL286373","1948942","1949295","chr13","19747376","19747685","87","17798434"
"chrUn_GL286373","2030657","2030821","chr3","33353665","33353826","26","31323008"
"chrUn_GL286373","2038760","2039049","chr13","66947153","66947449","51","64908393"
"chrUn_GL286377","8131","8423","chr1","40333138","40333434","56","40325007"
"chrUn_GL286380","9550","9841","chrX","75523481","75523777","42","75513931"
"chrUn_GL286397","298891","299045","chr1","152471207","152471358","30","152172316"
"chrUn_GL286397","1038422","1038727","chrX","97649878","97650177","43","96611456"
"chrUn_GL286400","575648","575800","chr14","92218636","92218795","38","91642988"
"chrUn_GL286400","951882","952075","chr4","24946761","24946953","27","23994879"
"chrUn_GL286401","14223","14331","chr16","14456149","14456245","40","14441926"
"chrUn_GL286402","13511","13605","chr17","1270775","1270886","31","1257264"
"chrUn_GL286409","97824","98004","chr3","10317925","10318097","27","10220101"
"chrUn_GL286409","746873","746986","chr5","179284198","179284312","23","178537325"
"chrUn_GL286409","921753","922044","chr3","50081559","50081841","57","49159806"
"chrUn_GL286409","1274055","1274284","chr19","52459842","52460065","34","51185787"
"chrUn_GL286420","424769","424929","chr1","6601296","6601459","31","6176527"
"chrUn_GL286420","856574","856862","chr17","43703810","43704100","36","42847236"
"chrUn_GL286431","760","1012","chr5","104243279","104243540","75","104242519"
"chrUn_GL286435","277279","277447","chr5","90913999","90914167","33","90636720"
"chrUn_GL286435","355381","355675","chr3","128402386","128402679","53","128047005"
"chrUn_GL286435","372419","372720","chr13","106929104","106929404","39","106556685"
"chrUn_GL286438","43761","44055","chr19","48820002","48820297","36","48776241"
"chrUn_GL286439","39364","39652","chr14","92206512","92206803","47","92167148"
"chrUn_GL286439","143864","144121","chr7","50101774","50102040","61","49957910"
"chrUn_GL286442","432641","432765","chr14","106105937","106106053","29","105673296"
"chrUn_GL286453","185097","185388","chrX","47072474","47072765","40","46887377"
"chrUn_GL286466","29573","29856","chr4","17361545","17361832","54","17331972"
"chrUn_GL286474","127893","128197","chr4","40075364","40075672","49","39947471"
"chrUn_GL286475","75679","75816","chr11","64626365","64626499","27","64550686"
"chrUn_GL286478","6822","7107","chr1","227035851","227036134","40","227029029"
"chrUn_GL286478","8340","8562","chr5","140994392","140994613","41","140986052"
"chrUn_GL286528","14228","14316","chr19","23651606","23651702","37","23637378"
"chrUn_GL286531","3391","3684","chr1","157163483","157163783","41","157160092"
"chrUn_GL286540","31751","32042","chr5","38415598","38415886","53","38383847"
"chrUn_GL286545","6136","6395","chr3","146391432","146391710","60","146385296"
"chrUn_GL286546","8","160","chr10","105707301","105707470","57","105707293"
"chrUn_GL286552","11992","12269","chr2A","96867370","96867647","51","96855378"
"chrUn_GL286558","29837","29886","chr14","69780075","69780121","18","69750238"
"chrUn_GL286611","816","931","chrY","23799312","23799433","33","23798496"
"chrUn_GL286615","20063","20333","chr17","19869413","19869673","56","19849350"
"chrUn_GL286617","13371","13680","chr2A","28054821","28055127","50","28041450"
"chrUn_GL286633","9492","9677","chr3","10317925","10318097","35","10308433"
"chrUn_GL286656","17800","17924","chr1","195079114","195079244","26","195061314"
"chrUn_GL286657","14454","14746","chr1","90464356","90464648","43","90449902"
"chrUn_GL286660","11495","11781","chr3","137175935","137176224","47","137164440"
"chrUn_GL286660","16550","16835","chr14","92206512","92206803","41","92189962"
"chrUn_GL286674","8588","8874","chr3","137175935","137176224","47","137167347"
"chrUn_GL286685","3433","3690","chr7","139861235","139861476","64","139857802"
"chrUn_GL286788","8434","8745","chr1","150093146","150093446","47","150084712"
"chrUn_GL286799","4004","4269","chr20","32244074","32244342","39","32240070"
"chrUn_GL286817","9439","9720","chr19","52848352","52848634","59","52838913"
"chrUn_GL287299","2656","2815","chr17","14840155","14840301","40","14837499"
"chrUn_GL287480","13497","13785","chr5","105387831","105388119","42","105374334"
"chrUn_GL287566","181","469","chr17","43703810","43704100","38","43703629"
"chrUn_GL287709","5562","5859","chrX","70267582","70267875","38","70262020"
"chrUn_GL287740","39249","39348","chr8","64902589","64902670","43","64863340"
"chrUn_GL287740","40038","40262","chr19","11630445","11630668","90","11590407"
"chrUn_GL287821","32678","32945","chr18","12833752","12834026","46","12801074"
"chrUn_GL287842","68","339","chr12","83909421","83909697","44","83909353"
"chrUn_GL288027","378","542","chr4","35564657","35564807","67","35564279"
"chrUn_GL288030","25268","25556","chr16","69802389","69802675","34","69777121"
"chrUn_GL288036","15707","15944","chr18","22463547","22463781","40","22447840"
"chrUn_GL288039","8045","8329","chr14","97975373","97975663","52","97967328"
"chrUn_GL288174","17536","17795","chr3","146391432","146391710","58","146373896"
"chrUn_GL288277","11751","11843","chr3","142392516","142392595","41","142380765"
"chrUn_GL288277","12198","12297","chr8","100597155","100597251","42","100584957"
"chrUn_GL288317","19756","19963","chr14","69525822","69526030","28","69506066"
"chrUn_GL288327","11635","11930","chr20","14242371","14242670","56","14230736"
"chrUn_GL288402","9024","9321","chrX","70267582","70267875","37","70258558"
"chrUn_GL288450","15785","15999","chr1","203411682","203411893","43","203395897"
"chrUn_GL288485","11312","11593","chr12","35769769","35770060","47","35758457"
"chrUn_GL288500","3944","4233","chr14","92206512","92206803","46","92202568"
"chrUn_GL288500","5231","5486","chr18","60538058","60538299","63","60532827"
"chrUn_GL288608","1221","1516","chr7","65838229","65838526","61","65837008"
"chrUn_GL288748","9811","10114","chr21","11683452","11683750","48","11673641"
"chrUn_GL288797","426","698","chr12","83909421","83909697","42","83908995"
"chrUn_GL288801","11971","12186","chr3","200381246","200381456","61","200369275"
"chrUn_GL288854","7955","8241","chr3","137175935","137176224","48","137167980"
"chrUn_GL288860","6348","6671","chr8","44581582","44581860","77","44575234"
"chrUn_GL288878","4128","4404","chr4","160361532","160361799","42","160357404"
"chrUn_GL288913","8009","8319","chrX","69928922","69929226","45","69920913"
"chrUn_GL288937","1457","1588","chr4","59622645","59622772","35","59621188"
"chrUn_GL288986","3450","3757","chr4","74681715","74682017","48","74678265"
"chrUn_GL288989","6561","6693","chr6","10429234","10429373","24","10422673"
"chrUn_GL289081","4045","4334","chrX","96380638","96380930","43","96376593"
"chrUn_GL289108","14646","14923","chr3","80458508","80458789","44","80443862"
"chrUn_GL289129","7444","7749","chr10","131911447","131911753","36","131904003"
"chrUn_GL289168","6694","6791","chr2A","47581163","47581264","18","47574469"
"chrUn_GL289171","2219","2497","chr22","39790315","39790595","52","39788096"
"chrUn_GL289218","9729","9845","chrX","137612523","137612630","34","137602794"
